date,vaccine,people_vaccinated,people_fully_vaccinated,total_vaccinations
2020-12-27,Pfizer/BioNTech,1271,0,1271
2020-12-28,Pfizer/BioNTech,3574,0,3574
2020-12-29,Pfizer/BioNTech,7031,0,7031
2020-12-30,Pfizer/BioNTech,10535,0,10535
2020-12-31,Pfizer/BioNTech,11843,0,11843
2021-01-01,"Moderna, Pfizer/BioNTech",12110,0,12110
2021-01-02,Pfizer/BioNTech,13383,0,13383
2021-01-03,Pfizer/BioNTech,14304,0,14304
2021-01-04,"Moderna, Pfizer/BioNTech",17903,0,17903
2021-01-05,"Moderna, Pfizer/BioNTech",22413,0,22413
2021-01-06,Pfizer/BioNTech,28253,0,28253
2021-01-07,"Moderna, Pfizer/BioNTech",36231,0,36231
2021-01-08,Pfizer/BioNTech,46227,0,46227
2021-01-09,"Moderna, Pfizer/BioNTech",48248,0,48248
2021-01-10,Pfizer/BioNTech,50007,2,50009
2021-01-11,Pfizer/BioNTech,59833,4,59837
2021-01-12,Pfizer/BioNTech,73242,6,73248
2021-01-13,Pfizer/BioNTech,86755,6,86761
2021-01-14,"Moderna, Pfizer/BioNTech",101954,8,101962
2021-01-15,"Moderna, Pfizer/BioNTech",115934,8,115942
2021-01-16,"Moderna, Pfizer/BioNTech",119313,11,119324
2021-01-17,"Moderna, Pfizer/BioNTech",121917,649,122566
2021-01-18,"Moderna, Pfizer/BioNTech",134392,2471,136863
2021-01-19,"Moderna, Pfizer/BioNTech",146955,5189,152144
2021-01-20,"Moderna, Pfizer/BioNTech",160598,7838,168436
2021-01-21,"Moderna, Pfizer/BioNTech",176216,9575,185791
2021-01-22,"Moderna, Pfizer/BioNTech",191060,10619,201679
2021-01-23,"Moderna, Pfizer/BioNTech",194359,11491,205850
2021-01-24,"Moderna, Pfizer/BioNTech",196607,12361,208968
2021-01-25,"Moderna, Pfizer/BioNTech",206233,15330,221563
2021-01-26,"Moderna, Pfizer/BioNTech",216765,19303,236068
2021-01-27,"Moderna, Pfizer/BioNTech",225783,23824,249607
2021-01-28,"Moderna, Pfizer/BioNTech",232858,29945,262803
2021-01-29,"Moderna, Pfizer/BioNTech",239053,37828,276881
2021-01-30,"Moderna, Pfizer/BioNTech",239783,38916,278699
2021-01-31,"Moderna, Pfizer/BioNTech",240492,40096,280588
2021-02-01,"Moderna, Pfizer/BioNTech",244456,48022,292478
2021-02-02,"Moderna, Pfizer/BioNTech",248583,58244,306827
2021-02-03,"Moderna, Pfizer/BioNTech",252993,69231,322224
2021-02-04,"Moderna, Pfizer/BioNTech",257883,82185,340068
2021-02-05,"Moderna, Pfizer/BioNTech",263332,92833,356165
2021-02-06,"Moderna, Pfizer/BioNTech",264173,95181,359354
2021-02-07,"Moderna, Pfizer/BioNTech",265020,97668,362688
2021-02-08,"Moderna, Oxford/AstraZeneca, Pfizer/BioNTech",269085,109051,378136
2021-02-09,"Moderna, Oxford/AstraZeneca, Pfizer/BioNTech",274168,120967,395135
2021-02-10,"Moderna, Pfizer/BioNTech",279659,134177,413836
2021-02-11,"Moderna, Oxford/AstraZeneca, Pfizer/BioNTech",285962,150356,436318
2021-02-12,"Moderna, Oxford/AstraZeneca, Pfizer/BioNTech",292705,165046,457751
2021-02-13,"Moderna, Oxford/AstraZeneca, Pfizer/BioNTech",294295,168027,462322
2021-02-14,"Moderna, Oxford/AstraZeneca, Pfizer/BioNTech",295286,169405,464691
2021-02-15,"Moderna, Oxford/AstraZeneca, Pfizer/BioNTech",301678,178739,480417
2021-02-16,"Moderna, Oxford/AstraZeneca, Pfizer/BioNTech",310383,187791,498174
2021-02-17,"Moderna, Oxford/AstraZeneca, Pfizer/BioNTech",320065,196080,516145
2021-02-18,"Moderna, Oxford/AstraZeneca, Pfizer/BioNTech",332367,204121,536488
2021-02-19,"Moderna, Oxford/AstraZeneca, Pfizer/BioNTech",344211,211440,555651
2021-02-20,"Moderna, Oxford/AstraZeneca, Pfizer/BioNTech",346192,212616,558808
2021-02-21,"Moderna, Oxford/AstraZeneca, Pfizer/BioNTech",347304,213631,560935
2021-02-22,"Moderna, Oxford/AstraZeneca, Pfizer/BioNTech",357421,219636,577057
2021-02-23,"Moderna, Oxford/AstraZeneca, Pfizer/BioNTech",370351,226596,596947
2021-02-24,"Moderna, Oxford/AstraZeneca, Pfizer/BioNTech",384211,232615,616826
2021-02-25,"Moderna, Oxford/AstraZeneca, Pfizer/BioNTech",402163,238147,640310
2021-02-26,"Moderna, Oxford/AstraZeneca, Pfizer/BioNTech",418317,243474,661791
2021-02-27,"Moderna, Oxford/AstraZeneca, Pfizer/BioNTech",421318,244024,665342
2021-02-28,"Moderna, Oxford/AstraZeneca, Pfizer/BioNTech",423657,244568,668225
2021-03-01,"Moderna, Oxford/AstraZeneca, Pfizer/BioNTech",443193,247994,691187
2021-03-02,"Moderna, Oxford/AstraZeneca, Pfizer/BioNTech",470393,251529,721922
2021-03-03,"Moderna, Oxford/AstraZeneca, Pfizer/BioNTech",501222,256017,757239
2021-03-04,"Moderna, Oxford/AstraZeneca, Pfizer/BioNTech",534427,260681,795108
2021-03-05,"Johnson&Johnson, Moderna, Oxford/AstraZeneca, Pfizer/BioNTech",563214,266079,829293
2021-03-06,"Johnson&Johnson, Moderna, Oxford/AstraZeneca, Pfizer/BioNTech",575341,266926,842267
2021-03-07,"Johnson&Johnson, Moderna, Oxford/AstraZeneca, Pfizer/BioNTech",586858,267759,854617
2021-03-08,"Johnson&Johnson, Moderna, Oxford/AstraZeneca, Pfizer/BioNTech",616539,272588,889127
2021-03-09,"Johnson&Johnson, Moderna, Oxford/AstraZeneca, Pfizer/BioNTech",652796,278947,931743
2021-03-10,"Moderna, Oxford/AstraZeneca, Pfizer/BioNTech",694051,285877,979928
2021-03-11,"Johnson&Johnson, Moderna, Oxford/AstraZeneca, Pfizer/BioNTech",738836,294226,1033062
2021-03-12,"Johnson&Johnson, Moderna, Oxford/AstraZeneca, Pfizer/BioNTech",777601,302672,1080273
2021-03-13,"Moderna, Oxford/AstraZeneca, Pfizer/BioNTech",794649,303961,1098610
2021-03-14,"Moderna, Oxford/AstraZeneca, Pfizer/BioNTech",806742,305096,1111838
2021-03-15,"Moderna, Oxford/AstraZeneca, Pfizer/BioNTech",835095,313864,1148959
2021-03-16,"Johnson&Johnson, Moderna, Oxford/AstraZeneca, Pfizer/BioNTech",873932,324381,1198313
2021-03-17,"Moderna, Oxford/AstraZeneca, Pfizer/BioNTech",911370,334865,1246235
2021-03-18,"Johnson&Johnson, Moderna, Oxford/AstraZeneca, Pfizer/BioNTech",949305,347258,1296563
2021-03-19,"Moderna, Oxford/AstraZeneca, Pfizer/BioNTech",983742,360844,1344586
2021-03-20,"Johnson&Johnson, Moderna, Oxford/AstraZeneca, Pfizer/BioNTech",998856,362854,1361710
2021-03-21,"Johnson&Johnson, Moderna, Oxford/AstraZeneca, Pfizer/BioNTech",1006247,364395,1370642
2021-03-22,"Johnson&Johnson, Moderna, Oxford/AstraZeneca, Pfizer/BioNTech",1030758,376881,1407639
2021-03-23,"Johnson&Johnson, Moderna, Oxford/AstraZeneca, Pfizer/BioNTech",1057356,390209,1447565
2021-03-24,"Johnson&Johnson, Moderna, Oxford/AstraZeneca, Pfizer/BioNTech",1084177,405914,1490091
2021-03-25,"Moderna, Oxford/AstraZeneca, Pfizer/BioNTech",1110467,423740,1534207
2021-03-26,"Moderna, Oxford/AstraZeneca, Pfizer/BioNTech",1135235,441217,1576452
2021-03-27,"Johnson&Johnson, Moderna, Oxford/AstraZeneca, Pfizer/BioNTech",1143650,446048,1589698
2021-03-28,"Moderna, Oxford/AstraZeneca, Pfizer/BioNTech",1149178,450179,1599357
2021-03-29,"Johnson&Johnson, Moderna, Oxford/AstraZeneca, Pfizer/BioNTech",1168264,470869,1639133
2021-03-30,"Johnson&Johnson, Moderna, Oxford/AstraZeneca, Pfizer/BioNTech",1192930,493027,1685957
2021-03-31,"Johnson&Johnson, Moderna, Oxford/AstraZeneca, Pfizer/BioNTech",1215990,520060,1736050
2021-04-01,"Johnson&Johnson, Moderna, Oxford/AstraZeneca, Pfizer/BioNTech",1241558,552081,1793639
2021-04-02,"Johnson&Johnson, Moderna, Oxford/AstraZeneca, Pfizer/BioNTech",1248447,564859,1813306
2021-04-03,"Johnson&Johnson, Moderna, Oxford/AstraZeneca, Pfizer/BioNTech",1252042,575762,1827804
2021-04-04,"Johnson&Johnson, Moderna, Oxford/AstraZeneca, Pfizer/BioNTech",1254531,584657,1839188
2021-04-05,"Johnson&Johnson, Moderna, Oxford/AstraZeneca, Pfizer/BioNTech",1256900,591827,1848727
2021-04-06,"Johnson&Johnson, Moderna, Oxford/AstraZeneca, Pfizer/BioNTech",1272987,621041,1894028
2021-04-07,"Johnson&Johnson, Moderna, Oxford/AstraZeneca, Pfizer/BioNTech",1296351,643231,1939582
2021-04-08,"Johnson&Johnson, Moderna, Oxford/AstraZeneca, Pfizer/BioNTech",1334981,674220,2009201
2021-04-09,"Johnson&Johnson, Moderna, Oxford/AstraZeneca, Pfizer/BioNTech",1374453,704379,2078832
2021-04-10,"Johnson&Johnson, Moderna, Oxford/AstraZeneca, Pfizer/BioNTech",1389895,719652,2109547
2021-04-11,"Johnson&Johnson, Moderna, Oxford/AstraZeneca, Pfizer/BioNTech",1399639,729667,2129306
2021-04-12,"Johnson&Johnson, Moderna, Oxford/AstraZeneca, Pfizer/BioNTech",1437852,754753,2192605
2021-04-13,"Moderna, Oxford/AstraZeneca, Pfizer/BioNTech",1474048,780747,2254795
2021-04-14,"Moderna, Oxford/AstraZeneca, Pfizer/BioNTech",1512812,808078,2320890
2021-04-15,"Moderna, Oxford/AstraZeneca, Pfizer/BioNTech",1560556,833766,2394322
2021-04-16,"Moderna, Oxford/AstraZeneca, Pfizer/BioNTech",1605157,859365,2464522
2021-04-17,"Moderna, Oxford/AstraZeneca, Pfizer/BioNTech",1621813,868377,2490190
2021-04-18,"Moderna, Oxford/AstraZeneca, Pfizer/BioNTech",1634773,873352,2508125
2021-04-19,"Moderna, Oxford/AstraZeneca, Pfizer/BioNTech",1678739,888784,2567523
2021-04-20,"Johnson&Johnson, Moderna, Oxford/AstraZeneca, Pfizer/BioNTech",1721253,904627,2625880
2021-04-21,"Moderna, Oxford/AstraZeneca, Pfizer/BioNTech",1768947,918926,2687873
2021-04-22,"Johnson&Johnson, Moderna, Oxford/AstraZeneca, Pfizer/BioNTech",1823398,936284,2759682
2021-04-23,"Johnson&Johnson, Moderna, Oxford/AstraZeneca, Pfizer/BioNTech",1873313,948313,2821626
2021-04-24,"Johnson&Johnson, Moderna, Oxford/AstraZeneca, Pfizer/BioNTech",1891121,953542,2844663
2021-04-25,"Johnson&Johnson, Moderna, Oxford/AstraZeneca, Pfizer/BioNTech",1905789,957524,2863313
2021-04-26,"Johnson&Johnson, Moderna, Oxford/AstraZeneca, Pfizer/BioNTech",1955352,965062,2920414
2021-04-27,"Johnson&Johnson, Moderna, Oxford/AstraZeneca, Pfizer/BioNTech",2004303,977255,2981558
2021-04-28,"Johnson&Johnson, Moderna, Oxford/AstraZeneca, Pfizer/BioNTech",2063022,991216,3054238
2021-04-29,"Johnson&Johnson, Moderna, Oxford/AstraZeneca, Pfizer/BioNTech",2128557,1007058,3135615
2021-04-30,"Johnson&Johnson, Moderna, Oxford/AstraZeneca, Pfizer/BioNTech",2190739,1016978,3207717
2021-05-01,"Johnson&Johnson, Moderna, Oxford/AstraZeneca, Pfizer/BioNTech",2210029,1020393,3230422
2021-05-02,"Johnson&Johnson, Moderna, Oxford/AstraZeneca, Pfizer/BioNTech",2228921,1022642,3251563
2021-05-03,"Johnson&Johnson, Moderna, Oxford/AstraZeneca, Pfizer/BioNTech",2296141,1027687,3323828
2021-05-04,"Johnson&Johnson, Moderna, Oxford/AstraZeneca, Pfizer/BioNTech",2362608,1035982,3398590
2021-05-05,"Johnson&Johnson, Moderna, Oxford/AstraZeneca, Pfizer/BioNTech",2435728,1045342,3481070
2021-05-06,"Johnson&Johnson, Moderna, Oxford/AstraZeneca, Pfizer/BioNTech",2516090,1056010,3572100
2021-05-07,"Johnson&Johnson, Moderna, Oxford/AstraZeneca, Pfizer/BioNTech",2593353,1066061,3659414
2021-05-08,"Johnson&Johnson, Moderna, Oxford/AstraZeneca, Pfizer/BioNTech",2622750,1067794,3690544
2021-05-09,"Johnson&Johnson, Moderna, Oxford/AstraZeneca, Pfizer/BioNTech",2646918,1068981,3715899
2021-05-10,"Johnson&Johnson, Moderna, Oxford/AstraZeneca, Pfizer/BioNTech",2719648,1076156,3795804
2021-05-11,"Johnson&Johnson, Moderna, Oxford/AstraZeneca, Pfizer/BioNTech",2795714,1084921,3880635
2021-05-12,"Johnson&Johnson, Moderna, Oxford/AstraZeneca, Pfizer/BioNTech",2875529,1093961,3969490
2021-05-13,"Johnson&Johnson, Moderna, Oxford/AstraZeneca, Pfizer/BioNTech",2959517,1103087,4062604
2021-05-14,"Johnson&Johnson, Moderna, Oxford/AstraZeneca, Pfizer/BioNTech",3038911,1110810,4149721
2021-05-15,"Johnson&Johnson, Moderna, Oxford/AstraZeneca, Pfizer/BioNTech",3070745,1112998,4183743
2021-05-16,"Johnson&Johnson, Moderna, Oxford/AstraZeneca, Pfizer/BioNTech",3096489,1114236,4210725
2021-05-17,"Johnson&Johnson, Moderna, Oxford/AstraZeneca, Pfizer/BioNTech",3168966,1120915,4289881
2021-05-18,"Johnson&Johnson, Moderna, Oxford/AstraZeneca, Pfizer/BioNTech",3240866,1133899,4374765
2021-05-19,"Johnson&Johnson, Moderna, Oxford/AstraZeneca, Pfizer/BioNTech",3318302,1148986,4467288
2021-05-20,"Johnson&Johnson, Moderna, Oxford/AstraZeneca, Pfizer/BioNTech",3393707,1175946,4569653
2021-05-21,"Johnson&Johnson, Moderna, Oxford/AstraZeneca, Pfizer/BioNTech",3462451,1203620,4666071
2021-05-22,"Johnson&Johnson, Moderna, Oxford/AstraZeneca, Pfizer/BioNTech",3494780,1214751,4709531
2021-05-23,"Johnson&Johnson, Moderna, Oxford/AstraZeneca, Pfizer/BioNTech",3517083,1223752,4740835
2021-05-24,"Johnson&Johnson, Moderna, Oxford/AstraZeneca, Pfizer/BioNTech",3564158,1257348,4821506
2021-05-25,"Johnson&Johnson, Moderna, Oxford/AstraZeneca, Pfizer/BioNTech",3615991,1293085,4909076
2021-05-26,"Johnson&Johnson, Moderna, Oxford/AstraZeneca, Pfizer/BioNTech",3683715,1330555,5014270
2021-05-27,"Johnson&Johnson, Moderna, Oxford/AstraZeneca, Pfizer/BioNTech",3745066,1377815,5122881
2021-05-28,"Johnson&Johnson, Moderna, Oxford/AstraZeneca, Pfizer/BioNTech",3806725,1424295,5231020
2021-05-29,"Johnson&Johnson, Moderna, Oxford/AstraZeneca, Pfizer/BioNTech",3835869,1441361,5277230
2021-05-30,"Johnson&Johnson, Moderna, Oxford/AstraZeneca, Pfizer/BioNTech",3858206,1455765,5313971
2021-05-31,"Johnson&Johnson, Moderna, Oxford/AstraZeneca, Pfizer/BioNTech",3913917,1503260,5417177
2021-06-01,"Johnson&Johnson, Moderna, Oxford/AstraZeneca, Pfizer/BioNTech",3972926,1552020,5524946
2021-06-02,"Johnson&Johnson, Moderna, Oxford/AstraZeneca, Pfizer/BioNTech",4035792,1605909,5641701
2021-06-03,"Johnson&Johnson, Moderna, Oxford/AstraZeneca, Pfizer/BioNTech",4094009,1666048,5760057
2021-06-04,"Johnson&Johnson, Moderna, Oxford/AstraZeneca, Pfizer/BioNTech",4157080,1723352,5880432
2021-06-05,"Johnson&Johnson, Moderna, Oxford/AstraZeneca, Pfizer/BioNTech",4191206,1742120,5933326
2021-06-06,"Johnson&Johnson, Moderna, Oxford/AstraZeneca, Pfizer/BioNTech",4218106,1757209,5975315
2021-06-07,"Johnson&Johnson, Moderna, Oxford/AstraZeneca, Pfizer/BioNTech",4281775,1812766,6094541
2021-06-08,"Johnson&Johnson, Moderna, Oxford/AstraZeneca, Pfizer/BioNTech",4345736,1867661,6213397
2021-06-09,"Johnson&Johnson, Moderna, Oxford/AstraZeneca, Pfizer/BioNTech",4404910,1931991,6336901
2021-06-10,"Johnson&Johnson, Moderna, Oxford/AstraZeneca, Pfizer/BioNTech",4458785,2002985,6461770
2021-06-11,"Johnson&Johnson, Moderna, Oxford/AstraZeneca, Pfizer/BioNTech",4510870,2072594,6583464
2021-06-12,"Johnson&Johnson, Moderna, Oxford/AstraZeneca, Pfizer/BioNTech",4542848,2093319,6636167
2021-06-13,"Johnson&Johnson, Moderna, Oxford/AstraZeneca, Pfizer/BioNTech",4566853,2111668,6678521
2021-06-14,"Johnson&Johnson, Moderna, Oxford/AstraZeneca, Pfizer/BioNTech",4609877,2185954,6795831
2021-06-15,"Johnson&Johnson, Moderna, Oxford/AstraZeneca, Pfizer/BioNTech",4654508,2258190,6912698
2021-06-16,"Johnson&Johnson, Moderna, Oxford/AstraZeneca, Pfizer/BioNTech",4697234,2336296,7033530
2021-06-17,"Johnson&Johnson, Moderna, Oxford/AstraZeneca, Pfizer/BioNTech",4736601,2419244,7155845
2021-06-18,"Johnson&Johnson, Moderna, Oxford/AstraZeneca, Pfizer/BioNTech",4778976,2499618,7278594
2021-06-19,"Johnson&Johnson, Moderna, Oxford/AstraZeneca, Pfizer/BioNTech",4800711,2528828,7329539
2021-06-20,"Johnson&Johnson, Moderna, Oxford/AstraZeneca, Pfizer/BioNTech",4818069,2552584,7370653
2021-06-21,"Johnson&Johnson, Moderna, Oxford/AstraZeneca, Pfizer/BioNTech",4850573,2631051,7481624
2021-06-22,"Johnson&Johnson, Moderna, Oxford/AstraZeneca, Pfizer/BioNTech",4883529,2713196,7596725
2021-06-23,"Johnson&Johnson, Moderna, Oxford/AstraZeneca, Pfizer/BioNTech",4915173,2798311,7713484
2021-06-24,"Johnson&Johnson, Moderna, Oxford/AstraZeneca, Pfizer/BioNTech",4945009,2888238,7833247
2021-06-25,"Johnson&Johnson, Moderna, Oxford/AstraZeneca, Pfizer/BioNTech",4976043,2974247,7950290
2021-06-26,"Johnson&Johnson, Moderna, Oxford/AstraZeneca, Pfizer/BioNTech",4991891,3008977,8000868
2021-06-27,"Johnson&Johnson, Moderna, Oxford/AstraZeneca, Pfizer/BioNTech",5005830,3035562,8041392
2021-06-28,"Johnson&Johnson, Moderna, Oxford/AstraZeneca, Pfizer/BioNTech",5034249,3120643,8154892
2021-06-29,"Johnson&Johnson, Moderna, Oxford/AstraZeneca, Pfizer/BioNTech",5063499,3207017,8270516
2021-06-30,"Johnson&Johnson, Moderna, Oxford/AstraZeneca, Pfizer/BioNTech",5090997,3297859,8388856
2021-07-01,"Johnson&Johnson, Moderna, Oxford/AstraZeneca, Pfizer/BioNTech",5114940,3387770,8502710
2021-07-02,"Johnson&Johnson, Moderna, Oxford/AstraZeneca, Pfizer/BioNTech",5141659,3473465,8615124
2021-07-03,"Johnson&Johnson, Moderna, Oxford/AstraZeneca, Pfizer/BioNTech",5148728,3504909,8653637
2021-07-04,"Johnson&Johnson, Moderna, Oxford/AstraZeneca, Pfizer/BioNTech",5156270,3526664,8682934
2021-07-05,"Johnson&Johnson, Moderna, Oxford/AstraZeneca, Pfizer/BioNTech",5163614,3551973,8715587
2021-07-06,"Johnson&Johnson, Moderna, Oxford/AstraZeneca, Pfizer/BioNTech",5169004,3579539,8748543
2021-07-07,"Johnson&Johnson, Moderna, Oxford/AstraZeneca, Pfizer/BioNTech",5194787,3658398,8853185
2021-07-08,"Johnson&Johnson, Moderna, Oxford/AstraZeneca, Pfizer/BioNTech",5221367,3728610,8949977
2021-07-09,"Johnson&Johnson, Moderna, Oxford/AstraZeneca, Pfizer/BioNTech",5249264,3797760,9047024
2021-07-10,"Johnson&Johnson, Moderna, Oxford/AstraZeneca, Pfizer/BioNTech",5258599,3826317,9084916
2021-07-11,"Johnson&Johnson, Moderna, Oxford/AstraZeneca, Pfizer/BioNTech",5267115,3849158,9116273
2021-07-12,"Johnson&Johnson, Moderna, Oxford/AstraZeneca, Pfizer/BioNTech",5294639,3918156,9212795
2021-07-13,"Johnson&Johnson, Moderna, Oxford/AstraZeneca, Pfizer/BioNTech",5320832,3987931,9308763
2021-07-14,"Johnson&Johnson, Moderna, Oxford/AstraZeneca, Pfizer/BioNTech",5346666,4059816,9406482
2021-07-15,"Johnson&Johnson, Moderna, Oxford/AstraZeneca, Pfizer/BioNTech",5375864,4125723,9501587
2021-07-16,"Johnson&Johnson, Moderna, Oxford/AstraZeneca, Pfizer/BioNTech",5403794,4198320,9602114
2021-07-17,"Johnson&Johnson, Moderna, Oxford/AstraZeneca, Pfizer/BioNTech",5412543,4229695,9642238
2021-07-18,"Johnson&Johnson, Moderna, Oxford/AstraZeneca, Pfizer/BioNTech",5420977,4255655,9676632
2021-07-19,"Johnson&Johnson, Moderna, Oxford/AstraZeneca, Pfizer/BioNTech",5444312,4322588,9766900
2021-07-20,"Johnson&Johnson, Moderna, Oxford/AstraZeneca, Pfizer/BioNTech",5465689,4389535,9855224
2021-07-21,"Johnson&Johnson, Moderna, Oxford/AstraZeneca, Pfizer/BioNTech",5489125,4452882,9942007
2021-07-22,"Johnson&Johnson, Moderna, Oxford/AstraZeneca, Pfizer/BioNTech",5511458,4511399,10022857
2021-07-23,"Johnson&Johnson, Moderna, Oxford/AstraZeneca, Pfizer/BioNTech",5534626,4566028,10100654
2021-07-24,"Johnson&Johnson, Moderna, Oxford/AstraZeneca, Pfizer/BioNTech",5541922,4593626,10135548
2021-07-25,"Johnson&Johnson, Moderna, Oxford/AstraZeneca, Pfizer/BioNTech",5548520,4615619,10164139
2021-07-26,"Johnson&Johnson, Moderna, Oxford/AstraZeneca, Pfizer/BioNTech",5572019,4664171,10236190
2021-07-27,"Johnson&Johnson, Moderna, Oxford/AstraZeneca, Pfizer/BioNTech",5594714,4710694,10305408
2021-07-28,"Johnson&Johnson, Moderna, Oxford/AstraZeneca, Pfizer/BioNTech",5615932,4756566,10372498
2021-07-29,"Johnson&Johnson, Moderna, Oxford/AstraZeneca, Pfizer/BioNTech",5637209,4798400,10435609
2021-07-30,"Johnson&Johnson, Moderna, Oxford/AstraZeneca, Pfizer/BioNTech",5660464,4840847,10501311
2021-07-31,"Johnson&Johnson, Moderna, Oxford/AstraZeneca, Pfizer/BioNTech",5669379,4860334,10529713
2021-08-01,"Johnson&Johnson, Moderna, Oxford/AstraZeneca, Pfizer/BioNTech",5676087,4876459,10552546
2021-08-02,"Johnson&Johnson, Moderna, Oxford/AstraZeneca, Pfizer/BioNTech",5694680,4913922,10608602
2021-08-03,"Johnson&Johnson, Moderna, Oxford/AstraZeneca, Pfizer/BioNTech",5712285,4951938,10664223
2021-08-04,"Johnson&Johnson, Moderna, Oxford/AstraZeneca, Pfizer/BioNTech",5728344,4988578,10716922
2021-08-05,"Johnson&Johnson, Moderna, Oxford/AstraZeneca, Pfizer/BioNTech",5744335,5028950,10773285
2021-08-06,"Johnson&Johnson, Moderna, Oxford/AstraZeneca, Pfizer/BioNTech",5761089,5072118,10833207
2021-08-07,"Johnson&Johnson, Moderna, Oxford/AstraZeneca, Pfizer/BioNTech",5766659,5090232,10856891
2021-08-08,"Johnson&Johnson, Moderna, Oxford/AstraZeneca, Pfizer/BioNTech",5771005,5105949,10876954
2021-08-09,"Johnson&Johnson, Moderna, Oxford/AstraZeneca, Pfizer/BioNTech",5783625,5150930,10934555
2021-08-10,"Johnson&Johnson, Moderna, Oxford/AstraZeneca, Pfizer/BioNTech",5795425,5190417,10985842
2021-08-11,"Johnson&Johnson, Moderna, Oxford/AstraZeneca, Pfizer/BioNTech",5806763,5233473,11040236
2021-08-12,"Johnson&Johnson, Moderna, Oxford/AstraZeneca, Pfizer/BioNTech",5818147,5270467,11088614
2021-08-13,"Johnson&Johnson, Moderna, Oxford/AstraZeneca, Pfizer/BioNTech",5828813,5310703,11139516
2021-08-14,"Johnson&Johnson, Moderna, Oxford/AstraZeneca, Pfizer/BioNTech",5832148,5321365,11153513
2021-08-15,"Johnson&Johnson, Moderna, Oxford/AstraZeneca, Pfizer/BioNTech",5834724,5331714,11166438
2021-08-16,"Johnson&Johnson, Moderna, Oxford/AstraZeneca, Pfizer/BioNTech",5844490,5365701,11210191
2021-08-17,"Johnson&Johnson, Moderna, Oxford/AstraZeneca, Pfizer/BioNTech",5854048,5392730,11246778
2021-08-18,"Johnson&Johnson, Moderna, Oxford/AstraZeneca, Pfizer/BioNTech",5863397,5431526,11294923
2021-08-19,"Johnson&Johnson, Moderna, Oxford/AstraZeneca, Pfizer/BioNTech",5873017,5469804,11342821
2021-08-20,"Johnson&Johnson, Moderna, Oxford/AstraZeneca, Pfizer/BioNTech",5884338,5509919,11394257
2021-08-21,"Johnson&Johnson, Moderna, Oxford/AstraZeneca, Pfizer/BioNTech",5887040,5522647,11409687
2021-08-22,"Johnson&Johnson, Moderna, Oxford/AstraZeneca, Pfizer/BioNTech",5889378,5534588,11423966
2021-08-23,"Johnson&Johnson, Moderna, Oxford/AstraZeneca, Pfizer/BioNTech",5899870,5573758,11473628
2021-08-24,"Johnson&Johnson, Moderna, Oxford/AstraZeneca, Pfizer/BioNTech",5909709,5606940,11516649
2021-08-25,"Johnson&Johnson, Moderna, Oxford/AstraZeneca, Pfizer/BioNTech",5918534,5635234,11553768
2021-08-26,"Johnson&Johnson, Moderna, Oxford/AstraZeneca, Pfizer/BioNTech",5926943,5661284,11588227
2021-08-27,"Johnson&Johnson, Moderna, Oxford/AstraZeneca, Pfizer/BioNTech",5937231,5687167,11624398
2021-08-28,"Johnson&Johnson, Moderna, Oxford/AstraZeneca, Pfizer/BioNTech",5939943,5694178,11634121
2021-08-29,"Johnson&Johnson, Moderna, Oxford/AstraZeneca, Pfizer/BioNTech",5942344,5700787,11643131
2021-08-30,"Johnson&Johnson, Moderna, Oxford/AstraZeneca, Pfizer/BioNTech",5950834,5722594,11673428
2021-08-31,"Johnson&Johnson, Moderna, Oxford/AstraZeneca, Pfizer/BioNTech",5958463,5740616,11699079
2021-09-01,"Johnson&Johnson, Moderna, Oxford/AstraZeneca, Pfizer/BioNTech",5964309,5754547,11718856
2021-09-02,"Johnson&Johnson, Moderna, Oxford/AstraZeneca, Pfizer/BioNTech",5971042,5768875,11739917
2021-09-03,"Johnson&Johnson, Moderna, Oxford/AstraZeneca, Pfizer/BioNTech",5980464,5784499,11764963
2021-09-04,"Johnson&Johnson, Moderna, Oxford/AstraZeneca, Pfizer/BioNTech",5982508,5788027,11770535
2021-09-05,"Johnson&Johnson, Moderna, Oxford/AstraZeneca, Pfizer/BioNTech",5984533,5790851,11775384
2021-09-06,"Johnson&Johnson, Moderna, Oxford/AstraZeneca, Pfizer/BioNTech",5990650,5803321,11793971
2021-09-07,"Johnson&Johnson, Moderna, Oxford/AstraZeneca, Pfizer/BioNTech",5994983,5814364,11809347
2021-09-08,"Johnson&Johnson, Moderna, Oxford/AstraZeneca, Pfizer/BioNTech",6000553,5824164,11824717
2021-09-09,"Johnson&Johnson, Moderna, Oxford/AstraZeneca, Pfizer/BioNTech",6007162,5834194,11841356
2021-09-10,"Johnson&Johnson, Moderna, Oxford/AstraZeneca, Pfizer/BioNTech",6014736,5846322,11861058
2021-09-11,"Johnson&Johnson, Moderna, Pfizer/BioNTech",6016589,5848784,11865373
2021-09-12,"Johnson&Johnson, Moderna, Oxford/AstraZeneca, Pfizer/BioNTech",6017693,5850397,11868090
2021-09-13,"Johnson&Johnson, Moderna, Oxford/AstraZeneca, Pfizer/BioNTech",6023053,5860634,11883687
2021-09-14,"Johnson&Johnson, Moderna, Oxford/AstraZeneca, Pfizer/BioNTech",6028317,5869564,11897881
2021-09-15,"Johnson&Johnson, Moderna, Oxford/AstraZeneca, Pfizer/BioNTech",6033401,5878011,11911412
2021-09-16,"Johnson&Johnson, Moderna, Oxford/AstraZeneca, Pfizer/BioNTech",6038569,5886224,11924793
2021-09-17,"Johnson&Johnson, Moderna, Oxford/AstraZeneca, Pfizer/BioNTech",6044935,5896303,11941238
2021-09-18,"Johnson&Johnson, Moderna, Pfizer/BioNTech",6046634,5898635,11945269
2021-09-19,"Johnson&Johnson, Moderna, Oxford/AstraZeneca, Pfizer/BioNTech",6047565,5900194,11947759
2021-09-20,"Johnson&Johnson, Moderna, Oxford/AstraZeneca, Pfizer/BioNTech",6051399,5908271,11959670
2021-09-21,"Johnson&Johnson, Moderna, Oxford/AstraZeneca, Pfizer/BioNTech",6055394,5915744,11971138
2021-09-22,"Johnson&Johnson, Moderna, Oxford/AstraZeneca, Pfizer/BioNTech",6059425,5921179,11980604
2021-09-23,"Johnson&Johnson, Moderna, Oxford/AstraZeneca, Pfizer/BioNTech",6064309,5927524,11991833
2021-09-24,"Johnson&Johnson, Moderna, Oxford/AstraZeneca, Pfizer/BioNTech",6069868,5936983,12006851
2021-09-25,"Johnson&Johnson, Moderna, Oxford/AstraZeneca, Pfizer/BioNTech",6071319,5938930,12010249
2021-09-26,"Johnson&Johnson, Moderna, Pfizer/BioNTech",6072055,5940544,12012599
2021-09-27,"Johnson&Johnson, Moderna, Oxford/AstraZeneca, Pfizer/BioNTech",6075815,5946948,12022763
2021-09-28,"Johnson&Johnson, Moderna, Pfizer/BioNTech",6076132,5947532,12023664
2021-09-29,"Johnson&Johnson, Moderna, Oxford/AstraZeneca, Pfizer/BioNTech",6079786,5954844,12034630
2021-09-30,"Johnson&Johnson, Moderna, Oxford/AstraZeneca, Pfizer/BioNTech",6084074,5962412,12046486
2021-10-01,"Johnson&Johnson, Moderna, Oxford/AstraZeneca, Pfizer/BioNTech",6088055,5970173,12058228
2021-10-02,"Johnson&Johnson, Moderna, Pfizer/BioNTech",6089094,5971698,12060792
2021-10-03,"Johnson&Johnson, Moderna, Pfizer/BioNTech",6089789,5972554,12062343
2021-10-04,"Johnson&Johnson, Moderna, Oxford/AstraZeneca, Pfizer/BioNTech",6092686,5977941,12070627
2021-10-05,"Johnson&Johnson, Moderna, Oxford/AstraZeneca, Pfizer/BioNTech",6095511,5982763,12078274
2021-10-06,"Johnson&Johnson, Moderna, Oxford/AstraZeneca, Pfizer/BioNTech",6098766,5987652,12086418
2021-10-07,"Johnson&Johnson, Moderna, Oxford/AstraZeneca, Pfizer/BioNTech",6101524,5992248,12093772
