date,vaccine,people_vaccinated,people_fully_vaccinated,total_vaccinations
2020-12-27,Pfizer/BioNTech,1250,0,1250
2020-12-28,Pfizer/BioNTech,3544,0,3544
2020-12-29,Pfizer/BioNTech,6988,0,6988
2020-12-30,Pfizer/BioNTech,10458,0,10458
2020-12-31,Pfizer/BioNTech,11762,0,11762
2021-01-01,Pfizer/BioNTech,12022,0,12022
2021-01-02,Pfizer/BioNTech,13271,0,13271
2021-01-03,Pfizer/BioNTech,14184,0,14184
2021-01-04,Pfizer/BioNTech,17750,0,17750
2021-01-05,Pfizer/BioNTech,22243,0,22243
2021-01-06,Pfizer/BioNTech,28056,0,28056
2021-01-07,Pfizer/BioNTech,36009,0,36009
2021-01-08,Pfizer/BioNTech,45931,0,45931
2021-01-09,Pfizer/BioNTech,47940,0,47940
2021-01-10,Pfizer/BioNTech,49663,0,49663
2021-01-11,Pfizer/BioNTech,59442,0,59442
2021-01-12,Pfizer/BioNTech,72791,0,72791
2021-01-13,Pfizer/BioNTech,86256,0,86256
2021-01-14,"Moderna, Pfizer/BioNTech",101415,0,101415
2021-01-15,"Moderna, Pfizer/BioNTech",115334,0,115334
2021-01-16,"Moderna, Pfizer/BioNTech",118705,2,118707
2021-01-17,"Moderna, Pfizer/BioNTech",121298,634,121932
2021-01-18,"Moderna, Pfizer/BioNTech",133751,2359,136110
2021-01-19,"Moderna, Pfizer/BioNTech",146253,5056,151309
2021-01-20,"Moderna, Pfizer/BioNTech",159793,7672,167465
2021-01-21,"Moderna, Pfizer/BioNTech",175329,9390,184719
2021-01-22,"Moderna, Pfizer/BioNTech",190056,10423,200479
2021-01-23,"Moderna, Pfizer/BioNTech",193324,11288,204612
2021-01-24,"Moderna, Pfizer/BioNTech",195563,12149,207712
2021-01-25,"Moderna, Pfizer/BioNTech",205162,15087,220249
2021-01-26,"Moderna, Pfizer/BioNTech",215646,19037,234683
2021-01-27,"Moderna, Pfizer/BioNTech",224619,23518,248137
2021-01-28,"Moderna, Pfizer/BioNTech",231648,29595,261243
2021-01-29,"Moderna, Pfizer/BioNTech",237822,37381,275203
2021-01-30,"Moderna, Pfizer/BioNTech",238539,38460,276999
2021-01-31,Pfizer/BioNTech,239240,39600,278840
2021-02-01,"Moderna, Pfizer/BioNTech",243177,47463,290640
2021-02-02,"Moderna, Pfizer/BioNTech",247291,57614,304905
2021-02-03,"Moderna, Pfizer/BioNTech",251672,68552,320224
2021-02-04,"Moderna, Pfizer/BioNTech",256539,81447,337986
2021-02-05,"Moderna, Pfizer/BioNTech",261966,92038,354004
2021-02-06,"Moderna, Pfizer/BioNTech",262801,94366,357167
2021-02-07,"Moderna, Pfizer/BioNTech",263644,96835,360479
2021-02-08,"Moderna, Pfizer/BioNTech",267650,108155,375805
2021-02-09,"Moderna, Pfizer/BioNTech",272682,119988,392670
2021-02-10,"Moderna, Pfizer/BioNTech",278199,133064,411263
2021-02-11,"Moderna, Oxford/AstraZeneca, Pfizer/BioNTech",284472,149111,433583
2021-02-12,"Moderna, Oxford/AstraZeneca, Pfizer/BioNTech",291171,163705,454876
2021-02-13,"Moderna, Oxford/AstraZeneca, Pfizer/BioNTech",292739,166657,459396
2021-02-14,"Moderna, Oxford/AstraZeneca, Pfizer/BioNTech",293727,168022,461749
2021-02-15,"Moderna, Oxford/AstraZeneca, Pfizer/BioNTech",300098,177311,477409
2021-02-16,"Moderna, Oxford/AstraZeneca, Pfizer/BioNTech",308722,186293,495015
2021-02-17,"Moderna, Oxford/AstraZeneca, Pfizer/BioNTech",318358,194461,512819
2021-02-18,"Moderna, Oxford/AstraZeneca, Pfizer/BioNTech",330591,202429,533020
2021-02-19,"Moderna, Oxford/AstraZeneca, Pfizer/BioNTech",342319,209640,551959
2021-02-20,"Moderna, Oxford/AstraZeneca, Pfizer/BioNTech",344233,210802,555035
2021-02-21,"Moderna, Oxford/AstraZeneca, Pfizer/BioNTech",345252,211804,557056
2021-02-22,"Moderna, Oxford/AstraZeneca, Pfizer/BioNTech",355304,217778,573082
2021-02-23,"Moderna, Oxford/AstraZeneca, Pfizer/BioNTech",368095,224663,592758
2021-02-24,"Moderna, Oxford/AstraZeneca, Pfizer/BioNTech",381851,230638,612489
2021-02-25,"Moderna, Oxford/AstraZeneca, Pfizer/BioNTech",399694,236136,635830
2021-02-26,"Moderna, Oxford/AstraZeneca, Pfizer/BioNTech",415684,241389,657073
2021-02-27,"Moderna, Oxford/AstraZeneca, Pfizer/BioNTech",418610,241937,660547
2021-02-28,"Moderna, Oxford/AstraZeneca, Pfizer/BioNTech",420938,242476,663414
2021-03-01,"Moderna, Oxford/AstraZeneca, Pfizer/BioNTech",440207,245899,686106
2021-03-02,"Moderna, Oxford/AstraZeneca, Pfizer/BioNTech",466977,249405,716382
2021-03-03,"Moderna, Oxford/AstraZeneca, Pfizer/BioNTech",497287,253866,751153
2021-03-04,"Moderna, Oxford/AstraZeneca, Pfizer/BioNTech",529899,258476,788375
2021-03-05,"Moderna, Oxford/AstraZeneca, Pfizer/BioNTech",558323,263799,822122
2021-03-06,"Moderna, Oxford/AstraZeneca, Pfizer/BioNTech",570274,264619,834893
2021-03-07,"Moderna, Oxford/AstraZeneca, Pfizer/BioNTech",581616,265442,847058
2021-03-08,"Moderna, Oxford/AstraZeneca, Pfizer/BioNTech",611047,270225,881272
2021-03-09,"Moderna, Oxford/AstraZeneca, Pfizer/BioNTech",646872,276536,923408
2021-03-10,"Moderna, Oxford/AstraZeneca, Pfizer/BioNTech",687682,283423,971105
2021-03-11,"Moderna, Oxford/AstraZeneca, Pfizer/BioNTech",732004,291711,1023715
2021-03-12,"Moderna, Oxford/AstraZeneca, Pfizer/BioNTech",770299,300048,1070347
2021-03-13,"Moderna, Oxford/AstraZeneca, Pfizer/BioNTech",787227,301314,1088541
2021-03-14,"Moderna, Oxford/AstraZeneca, Pfizer/BioNTech",799247,302435,1101682
2021-03-15,"Moderna, Oxford/AstraZeneca, Pfizer/BioNTech",827238,311126,1138364
2021-03-16,"Moderna, Oxford/AstraZeneca, Pfizer/BioNTech",865677,321537,1187214
2021-03-17,"Moderna, Oxford/AstraZeneca, Pfizer/BioNTech",902766,331959,1234725
2021-03-18,"Moderna, Oxford/AstraZeneca, Pfizer/BioNTech",940219,344279,1284498
2021-03-19,"Moderna, Oxford/AstraZeneca, Pfizer/BioNTech",974149,357762,1331911
2021-03-20,"Moderna, Oxford/AstraZeneca, Pfizer/BioNTech",989095,359759,1348854
2021-03-21,"Moderna, Oxford/AstraZeneca, Pfizer/BioNTech",996428,361278,1357706
2021-03-22,"Moderna, Oxford/AstraZeneca, Pfizer/BioNTech",1020451,373607,1394058
2021-03-23,"Moderna, Oxford/AstraZeneca, Pfizer/BioNTech",1046622,386818,1433440
2021-03-24,"Moderna, Oxford/AstraZeneca, Pfizer/BioNTech",1073079,402366,1475445
2021-03-25,"Moderna, Oxford/AstraZeneca, Pfizer/BioNTech",1099035,420118,1519153
2021-03-26,"Moderna, Oxford/AstraZeneca, Pfizer/BioNTech",1123412,437449,1560861
2021-03-27,"Moderna, Oxford/AstraZeneca, Pfizer/BioNTech",1131729,442193,1573922
2021-03-28,"Moderna, Oxford/AstraZeneca, Pfizer/BioNTech",1137196,446274,1583470
2021-03-29,"Moderna, Oxford/AstraZeneca, Pfizer/BioNTech",1155985,466746,1622731
2021-03-30,"Moderna, Oxford/AstraZeneca, Pfizer/BioNTech",1180286,488714,1669000
2021-03-31,"Moderna, Oxford/AstraZeneca, Pfizer/BioNTech",1202982,515416,1718398
2021-04-01,"Moderna, Oxford/AstraZeneca, Pfizer/BioNTech",1227944,547105,1775049
2021-04-02,"Moderna, Oxford/AstraZeneca, Pfizer/BioNTech",1234618,559774,1794392
2021-04-03,"Moderna, Oxford/AstraZeneca, Pfizer/BioNTech",1238058,570623,1808681
2021-04-04,"Moderna, Oxford/AstraZeneca, Pfizer/BioNTech",1240509,579330,1819839
2021-04-05,"Moderna, Oxford/AstraZeneca, Pfizer/BioNTech",1242781,586447,1829228
2021-04-06,"Moderna, Oxford/AstraZeneca, Pfizer/BioNTech",1258555,615418,1873973
2021-04-07,"Moderna, Oxford/AstraZeneca, Pfizer/BioNTech",1281498,637260,1918758
2021-04-08,"Moderna, Oxford/AstraZeneca, Pfizer/BioNTech",1318793,667855,1986648
2021-04-09,"Moderna, Oxford/AstraZeneca, Pfizer/BioNTech",1356681,697501,2054182
2021-04-10,"Moderna, Oxford/AstraZeneca, Pfizer/BioNTech",1371672,712606,2084278
2021-04-11,"Moderna, Oxford/AstraZeneca, Pfizer/BioNTech",1381155,722565,2103720
2021-04-12,"Moderna, Oxford/AstraZeneca, Pfizer/BioNTech",1418244,747113,2165357
2021-04-13,"Moderna, Oxford/AstraZeneca, Pfizer/BioNTech",1453313,772703,2226016
2021-04-14,"Moderna, Oxford/AstraZeneca, Pfizer/BioNTech",1491120,799770,2290890
2021-04-15,"Moderna, Oxford/AstraZeneca, Pfizer/BioNTech",1537693,824980,2362673
2021-04-16,"Moderna, Oxford/AstraZeneca, Pfizer/BioNTech",1581037,849810,2430847
2021-04-17,"Moderna, Oxford/AstraZeneca, Pfizer/BioNTech",1597292,858741,2456033
2021-04-18,"Moderna, Oxford/AstraZeneca, Pfizer/BioNTech",1609965,863658,2473623
2021-04-19,"Moderna, Oxford/AstraZeneca, Pfizer/BioNTech",1651883,878671,2530554
2021-04-20,"Moderna, Oxford/AstraZeneca, Pfizer/BioNTech",1688552,893201,2581753
