date,vaccine,people_vaccinated,people_fully_vaccinated,total_vaccinations
2020-12-27,Pfizer/BioNTech,1250,0,1250
2020-12-28,Pfizer/BioNTech,3548,0,3548
2020-12-29,Pfizer/BioNTech,6992,0,6992
2020-12-30,Pfizer/BioNTech,10466,0,10466
2020-12-31,Pfizer/BioNTech,11772,0,11772
2021-01-01,Pfizer/BioNTech,12033,0,12033
2021-01-02,Pfizer/BioNTech,13299,0,13299
2021-01-03,Pfizer/BioNTech,14213,0,14213
2021-01-04,Pfizer/BioNTech,17780,0,17780
2021-01-05,Pfizer/BioNTech,22275,0,22275
2021-01-06,Pfizer/BioNTech,28090,0,28090
2021-01-07,Pfizer/BioNTech,36027,0,36027
2021-01-08,Pfizer/BioNTech,45955,0,45955
2021-01-09,Pfizer/BioNTech,47967,0,47967
2021-01-10,Pfizer/BioNTech,49716,0,49716
2021-01-11,Pfizer/BioNTech,59502,0,59502
2021-01-12,Pfizer/BioNTech,72852,0,72852
2021-01-13,Pfizer/BioNTech,86321,0,86321
2021-01-14,"Moderna, Pfizer/BioNTech",101480,0,101480
2021-01-15,"Moderna, Pfizer/BioNTech",115402,0,115402
2021-01-16,"Moderna, Pfizer/BioNTech",118775,2,118777
2021-01-17,"Moderna, Pfizer/BioNTech",121369,635,122004
2021-01-18,"Moderna, Pfizer/BioNTech",133819,2364,136183
2021-01-19,"Moderna, Pfizer/BioNTech",146321,5061,151382
2021-01-20,"Moderna, Pfizer/BioNTech",159863,7680,167543
2021-01-21,"Moderna, Pfizer/BioNTech",175399,9399,184798
2021-01-22,"Moderna, Pfizer/BioNTech",190137,10433,200570
2021-01-23,"Moderna, Pfizer/BioNTech",193411,11298,204709
2021-01-24,"Moderna, Pfizer/BioNTech",195655,12159,207814
2021-01-25,"Moderna, Pfizer/BioNTech",205252,15100,220352
2021-01-26,"Moderna, Pfizer/BioNTech",215746,19055,234801
2021-01-27,"Moderna, Pfizer/BioNTech",224728,23542,248270
2021-01-28,"Moderna, Pfizer/BioNTech",231758,29620,261378
2021-01-29,"Moderna, Pfizer/BioNTech",237932,37418,275350
2021-01-30,"Moderna, Pfizer/BioNTech",238650,38499,277149
2021-01-31,Pfizer/BioNTech,239351,39668,279019
2021-02-01,"Moderna, Pfizer/BioNTech",243289,47538,290827
2021-02-02,"Moderna, Pfizer/BioNTech",247404,57696,305100
2021-02-03,"Moderna, Pfizer/BioNTech",251785,68637,320422
2021-02-04,"Moderna, Pfizer/BioNTech",256655,81534,338189
2021-02-05,"Moderna, Pfizer/BioNTech",262086,92138,354224
2021-02-06,"Moderna, Pfizer/BioNTech",262922,94471,357393
2021-02-07,"Moderna, Pfizer/BioNTech",263766,96941,360707
2021-02-08,"Moderna, Pfizer/BioNTech",267775,108263,376038
2021-02-09,"Moderna, Pfizer/BioNTech",272812,120100,392912
2021-02-10,"Moderna, Pfizer/BioNTech",278331,133184,411515
2021-02-11,"Moderna, Oxford/AstraZeneca, Pfizer/BioNTech",284609,149243,433852
2021-02-12,"Moderna, Oxford/AstraZeneca, Pfizer/BioNTech",291318,163845,455163
2021-02-13,"Moderna, Oxford/AstraZeneca, Pfizer/BioNTech",292886,166802,459688
2021-02-14,"Moderna, Oxford/AstraZeneca, Pfizer/BioNTech",293874,168167,462041
2021-02-15,"Moderna, Oxford/AstraZeneca, Pfizer/BioNTech",300211,177461,477672
2021-02-16,"Moderna, Oxford/AstraZeneca, Pfizer/BioNTech",308817,186443,495260
2021-02-17,"Moderna, Oxford/AstraZeneca, Pfizer/BioNTech",318464,194617,513081
2021-02-18,"Moderna, Oxford/AstraZeneca, Pfizer/BioNTech",330704,202590,533294
2021-02-19,"Moderna, Oxford/AstraZeneca, Pfizer/BioNTech",342449,209814,552263
2021-02-20,"Moderna, Oxford/AstraZeneca, Pfizer/BioNTech",344367,210976,555343
2021-02-21,"Moderna, Oxford/AstraZeneca, Pfizer/BioNTech",345390,211982,557372
2021-02-22,"Moderna, Oxford/AstraZeneca, Pfizer/BioNTech",355450,217958,573408
2021-02-23,"Moderna, Oxford/AstraZeneca, Pfizer/BioNTech",368252,224879,593131
2021-02-24,"Moderna, Oxford/AstraZeneca, Pfizer/BioNTech",382015,230866,612881
2021-02-25,"Moderna, Oxford/AstraZeneca, Pfizer/BioNTech",399872,236369,636241
2021-02-26,"Moderna, Oxford/AstraZeneca, Pfizer/BioNTech",415889,241675,657564
2021-02-27,"Moderna, Oxford/AstraZeneca, Pfizer/BioNTech",418816,242223,661039
2021-02-28,"Moderna, Oxford/AstraZeneca, Pfizer/BioNTech",421143,242762,663905
2021-03-01,"Moderna, Oxford/AstraZeneca, Pfizer/BioNTech",440413,246140,686553
2021-03-02,"Moderna, Oxford/AstraZeneca, Pfizer/BioNTech",467209,249652,716861
2021-03-03,"Moderna, Oxford/AstraZeneca, Pfizer/BioNTech",497546,254118,751664
2021-03-04,"Moderna, Oxford/AstraZeneca, Pfizer/BioNTech",530362,258732,789094
2021-03-05,"Moderna, Oxford/AstraZeneca, Pfizer/BioNTech",558832,264062,822894
2021-03-06,"Moderna, Oxford/AstraZeneca, Pfizer/BioNTech",570792,264884,835676
2021-03-07,"Moderna, Oxford/AstraZeneca, Pfizer/BioNTech",582144,265707,847851
2021-03-08,"Moderna, Oxford/AstraZeneca, Pfizer/BioNTech",611605,270499,882104
2021-03-09,"Moderna, Oxford/AstraZeneca, Pfizer/BioNTech",647502,276813,924315
2021-03-10,"Moderna, Oxford/AstraZeneca, Pfizer/BioNTech",688354,283704,972058
2021-03-11,"Moderna, Oxford/AstraZeneca, Pfizer/BioNTech",732710,291996,1024706
2021-03-12,"Moderna, Oxford/AstraZeneca, Pfizer/BioNTech",771038,300339,1071377
2021-03-13,"Moderna, Oxford/AstraZeneca, Pfizer/BioNTech",787990,301611,1089601
2021-03-14,"Moderna, Oxford/AstraZeneca, Pfizer/BioNTech",800015,302736,1102751
2021-03-15,"Moderna, Oxford/AstraZeneca, Pfizer/BioNTech",828053,311438,1139491
2021-03-16,"Moderna, Oxford/AstraZeneca, Pfizer/BioNTech",866589,321858,1188447
2021-03-17,"Moderna, Oxford/AstraZeneca, Pfizer/BioNTech",903724,332286,1236010
2021-03-18,"Moderna, Oxford/AstraZeneca, Pfizer/BioNTech",941222,344616,1285838
2021-03-19,"Moderna, Oxford/AstraZeneca, Pfizer/BioNTech",975173,358113,1333286
2021-03-20,"Moderna, Oxford/AstraZeneca, Pfizer/BioNTech",990136,360112,1350248
2021-03-21,"Moderna, Oxford/AstraZeneca, Pfizer/BioNTech",997469,361638,1359107
2021-03-22,"Moderna, Oxford/AstraZeneca, Pfizer/BioNTech",1021531,373979,1395510
2021-03-23,"Moderna, Oxford/AstraZeneca, Pfizer/BioNTech",1047764,387196,1434960
2021-03-24,"Moderna, Oxford/AstraZeneca, Pfizer/BioNTech",1074252,402761,1477013
2021-03-25,"Moderna, Oxford/AstraZeneca, Pfizer/BioNTech",1100285,420528,1520813
2021-03-26,"Moderna, Oxford/AstraZeneca, Pfizer/BioNTech",1124743,437909,1562652
2021-03-27,"Moderna, Oxford/AstraZeneca, Pfizer/BioNTech",1133075,442664,1575739
2021-03-28,"Moderna, Oxford/AstraZeneca, Pfizer/BioNTech",1138549,446756,1585305
2021-03-29,"Moderna, Oxford/AstraZeneca, Pfizer/BioNTech",1157337,467246,1624583
2021-03-30,"Moderna, Oxford/AstraZeneca, Pfizer/BioNTech",1181718,489245,1670963
2021-03-31,"Moderna, Oxford/AstraZeneca, Pfizer/BioNTech",1204492,516036,1720528
2021-04-01,"Moderna, Oxford/AstraZeneca, Pfizer/BioNTech",1229705,547772,1777477
2021-04-02,"Moderna, Oxford/AstraZeneca, Pfizer/BioNTech",1236399,560451,1796850
2021-04-03,"Moderna, Oxford/AstraZeneca, Pfizer/BioNTech",1239861,571314,1811175
2021-04-04,"Moderna, Oxford/AstraZeneca, Pfizer/BioNTech",1242312,580038,1822350
2021-04-05,"Moderna, Oxford/AstraZeneca, Pfizer/BioNTech",1244595,587160,1831755
2021-04-06,"Moderna, Oxford/AstraZeneca, Pfizer/BioNTech",1260475,616165,1876640
2021-04-07,"Moderna, Oxford/AstraZeneca, Pfizer/BioNTech",1283494,638116,1921610
2021-04-08,"Moderna, Oxford/AstraZeneca, Pfizer/BioNTech",1321237,668833,1990070
2021-04-09,"Moderna, Oxford/AstraZeneca, Pfizer/BioNTech",1359510,698618,2058128
2021-04-10,"Moderna, Oxford/AstraZeneca, Pfizer/BioNTech",1374745,713761,2088506
2021-04-11,"Moderna, Oxford/AstraZeneca, Pfizer/BioNTech",1384390,723734,2108124
2021-04-12,"Moderna, Oxford/AstraZeneca, Pfizer/BioNTech",1421754,748340,2170094
2021-04-13,"Moderna, Oxford/AstraZeneca, Pfizer/BioNTech",1457136,774070,2231206
2021-04-14,"Moderna, Oxford/AstraZeneca, Pfizer/BioNTech",1495265,801220,2296485
2021-04-15,"Moderna, Oxford/AstraZeneca, Pfizer/BioNTech",1542375,826680,2369055
2021-04-16,"Moderna, Oxford/AstraZeneca, Pfizer/BioNTech",1586378,852137,2438515
2021-04-17,"Moderna, Oxford/AstraZeneca, Pfizer/BioNTech",1602812,861089,2463901
2021-04-18,"Moderna, Oxford/AstraZeneca, Pfizer/BioNTech",1615687,866022,2481709
2021-04-19,"Moderna, Oxford/AstraZeneca, Pfizer/BioNTech",1659082,881281,2540363
2021-04-20,"Moderna, Oxford/AstraZeneca, Pfizer/BioNTech",1700790,896959,2597749
2021-04-21,"Moderna, Oxford/AstraZeneca, Pfizer/BioNTech",1747836,910997,2658833
2021-04-22,"Johnson&Johnson, Moderna, Oxford/AstraZeneca, Pfizer/BioNTech",1801597,928195,2729792
2021-04-23,"Johnson&Johnson, Moderna, Oxford/AstraZeneca, Pfizer/BioNTech",1850616,940083,2790699
2021-04-24,"Johnson&Johnson, Moderna, Oxford/AstraZeneca, Pfizer/BioNTech",1868154,945252,2813406
2021-04-25,"Johnson&Johnson, Moderna, Oxford/AstraZeneca, Pfizer/BioNTech",1882616,949209,2831825
2021-04-26,"Johnson&Johnson, Moderna, Oxford/AstraZeneca, Pfizer/BioNTech",1931437,956633,2888070
2021-04-27,"Johnson&Johnson, Moderna, Oxford/AstraZeneca, Pfizer/BioNTech",1979551,968660,2948211
2021-04-28,"Johnson&Johnson, Moderna, Oxford/AstraZeneca, Pfizer/BioNTech",2037450,982406,3019856
2021-04-29,"Johnson&Johnson, Moderna, Oxford/AstraZeneca, Pfizer/BioNTech",2101420,997911,3099331
2021-04-30,"Johnson&Johnson, Moderna, Oxford/AstraZeneca, Pfizer/BioNTech",2162419,1007584,3170003
2021-05-01,"Johnson&Johnson, Moderna, Oxford/AstraZeneca, Pfizer/BioNTech",2181492,1010896,3192388
2021-05-02,"Johnson&Johnson, Moderna, Oxford/AstraZeneca, Pfizer/BioNTech",2200137,1013102,3213239
2021-05-03,"Johnson&Johnson, Moderna, Oxford/AstraZeneca, Pfizer/BioNTech",2265973,1017960,3283933
2021-05-04,"Johnson&Johnson, Moderna, Oxford/AstraZeneca, Pfizer/BioNTech",2330483,1026073,3356556
2021-05-05,"Johnson&Johnson, Moderna, Oxford/AstraZeneca, Pfizer/BioNTech",2399576,1034976,3434552
