date,vaccine,people_vaccinated,people_fully_vaccinated,total_vaccinations
2020-12-27,Pfizer/BioNTech,1251,0,1251
2020-12-28,Pfizer/BioNTech,3545,0,3545
2020-12-29,Pfizer/BioNTech,6989,0,6989
2020-12-30,Pfizer/BioNTech,10463,0,10463
2020-12-31,Pfizer/BioNTech,11769,0,11769
2021-01-01,Pfizer/BioNTech,12029,0,12029
2021-01-02,Pfizer/BioNTech,13295,0,13295
2021-01-03,Pfizer/BioNTech,14209,0,14209
2021-01-04,Pfizer/BioNTech,17775,0,17775
2021-01-05,Pfizer/BioNTech,22268,0,22268
2021-01-06,Pfizer/BioNTech,28081,0,28081
2021-01-07,Pfizer/BioNTech,36020,0,36020
2021-01-08,Pfizer/BioNTech,45944,0,45944
2021-01-09,Pfizer/BioNTech,47954,0,47954
2021-01-10,Pfizer/BioNTech,49677,0,49677
2021-01-11,Pfizer/BioNTech,59458,0,59458
2021-01-12,Pfizer/BioNTech,72808,0,72808
2021-01-13,Pfizer/BioNTech,86275,0,86275
2021-01-14,"Moderna, Pfizer/BioNTech",101432,0,101432
2021-01-15,"Moderna, Pfizer/BioNTech",115351,0,115351
2021-01-16,"Moderna, Pfizer/BioNTech",118722,2,118724
2021-01-17,"Moderna, Pfizer/BioNTech",121316,634,121950
2021-01-18,"Moderna, Pfizer/BioNTech",133769,2359,136128
2021-01-19,"Moderna, Pfizer/BioNTech",146271,5056,151327
2021-01-20,"Moderna, Pfizer/BioNTech",159811,7675,167486
2021-01-21,"Moderna, Pfizer/BioNTech",175347,9393,184740
2021-01-22,"Moderna, Pfizer/BioNTech",190075,10425,200500
2021-01-23,"Moderna, Pfizer/BioNTech",193343,11290,204633
2021-01-24,"Moderna, Pfizer/BioNTech",195582,12151,207733
2021-01-25,"Moderna, Pfizer/BioNTech",205182,15089,220271
2021-01-26,"Moderna, Pfizer/BioNTech",215675,19040,234715
2021-01-27,"Moderna, Pfizer/BioNTech",224653,23521,248174
2021-01-28,"Moderna, Pfizer/BioNTech",231682,29598,261280
2021-01-29,"Moderna, Pfizer/BioNTech",237856,37387,275243
2021-01-30,"Moderna, Pfizer/BioNTech",238573,38467,277040
2021-01-31,Pfizer/BioNTech,239274,39608,278882
2021-02-01,"Moderna, Pfizer/BioNTech",243213,47472,290685
2021-02-02,"Moderna, Pfizer/BioNTech",247327,57626,304953
2021-02-03,"Moderna, Pfizer/BioNTech",251708,68564,320272
2021-02-04,"Moderna, Pfizer/BioNTech",256576,81457,338033
2021-02-05,"Moderna, Pfizer/BioNTech",262003,92051,354054
2021-02-06,"Moderna, Pfizer/BioNTech",262839,94380,357219
2021-02-07,"Moderna, Pfizer/BioNTech",263682,96850,360532
2021-02-08,"Moderna, Pfizer/BioNTech",267689,108170,375859
2021-02-09,"Moderna, Pfizer/BioNTech",272721,120005,392726
2021-02-10,"Moderna, Pfizer/BioNTech",278238,133082,411320
2021-02-11,"Moderna, Oxford/AstraZeneca, Pfizer/BioNTech",284512,149133,433645
2021-02-12,"Moderna, Oxford/AstraZeneca, Pfizer/BioNTech",291216,163730,454946
2021-02-13,"Moderna, Oxford/AstraZeneca, Pfizer/BioNTech",292784,166682,459466
2021-02-14,"Moderna, Oxford/AstraZeneca, Pfizer/BioNTech",293772,168047,461819
2021-02-15,"Moderna, Oxford/AstraZeneca, Pfizer/BioNTech",300146,177338,477484
2021-02-16,"Moderna, Oxford/AstraZeneca, Pfizer/BioNTech",308770,186321,495091
2021-02-17,"Moderna, Oxford/AstraZeneca, Pfizer/BioNTech",318413,194490,512903
2021-02-18,"Moderna, Oxford/AstraZeneca, Pfizer/BioNTech",330649,202461,533110
2021-02-19,"Moderna, Oxford/AstraZeneca, Pfizer/BioNTech",342382,209674,552056
2021-02-20,"Moderna, Oxford/AstraZeneca, Pfizer/BioNTech",344296,210836,555132
2021-02-21,"Moderna, Oxford/AstraZeneca, Pfizer/BioNTech",345315,211840,557155
2021-02-22,"Moderna, Oxford/AstraZeneca, Pfizer/BioNTech",355369,217814,573183
2021-02-23,"Moderna, Oxford/AstraZeneca, Pfizer/BioNTech",368162,224710,592872
2021-02-24,"Moderna, Oxford/AstraZeneca, Pfizer/BioNTech",381921,230691,612612
2021-02-25,"Moderna, Oxford/AstraZeneca, Pfizer/BioNTech",399774,236190,635964
2021-02-26,"Moderna, Oxford/AstraZeneca, Pfizer/BioNTech",415767,241443,657210
2021-02-27,"Moderna, Oxford/AstraZeneca, Pfizer/BioNTech",418693,241991,660684
2021-02-28,"Moderna, Oxford/AstraZeneca, Pfizer/BioNTech",421021,242530,663551
2021-03-01,"Moderna, Oxford/AstraZeneca, Pfizer/BioNTech",440288,245953,686241
2021-03-02,"Moderna, Oxford/AstraZeneca, Pfizer/BioNTech",467065,249460,716525
2021-03-03,"Moderna, Oxford/AstraZeneca, Pfizer/BioNTech",497383,253922,751305
2021-03-04,"Moderna, Oxford/AstraZeneca, Pfizer/BioNTech",530126,258532,788658
2021-03-05,"Moderna, Oxford/AstraZeneca, Pfizer/BioNTech",558554,263858,822412
2021-03-06,"Moderna, Oxford/AstraZeneca, Pfizer/BioNTech",570510,264679,835189
2021-03-07,"Moderna, Oxford/AstraZeneca, Pfizer/BioNTech",581852,265502,847354
2021-03-08,"Moderna, Oxford/AstraZeneca, Pfizer/BioNTech",611285,270287,881572
2021-03-09,"Moderna, Oxford/AstraZeneca, Pfizer/BioNTech",647113,276597,923710
2021-03-10,"Moderna, Oxford/AstraZeneca, Pfizer/BioNTech",687946,283485,971431
2021-03-11,"Moderna, Oxford/AstraZeneca, Pfizer/BioNTech",732289,291774,1024063
2021-03-12,"Moderna, Oxford/AstraZeneca, Pfizer/BioNTech",770602,300111,1070713
2021-03-13,"Moderna, Oxford/AstraZeneca, Pfizer/BioNTech",787531,301377,1088908
2021-03-14,"Moderna, Oxford/AstraZeneca, Pfizer/BioNTech",799554,302500,1102054
2021-03-15,"Moderna, Oxford/AstraZeneca, Pfizer/BioNTech",827563,311195,1138758
2021-03-16,"Moderna, Oxford/AstraZeneca, Pfizer/BioNTech",866022,321609,1187631
2021-03-17,"Moderna, Oxford/AstraZeneca, Pfizer/BioNTech",903135,332031,1235166
2021-03-18,"Moderna, Oxford/AstraZeneca, Pfizer/BioNTech",940604,344353,1284957
2021-03-19,"Moderna, Oxford/AstraZeneca, Pfizer/BioNTech",974543,357837,1332380
2021-03-20,"Moderna, Oxford/AstraZeneca, Pfizer/BioNTech",989489,359834,1349323
2021-03-21,"Moderna, Oxford/AstraZeneca, Pfizer/BioNTech",996823,361354,1358177
2021-03-22,"Moderna, Oxford/AstraZeneca, Pfizer/BioNTech",1020868,373685,1394553
2021-03-23,"Moderna, Oxford/AstraZeneca, Pfizer/BioNTech",1047051,386897,1433948
2021-03-24,"Moderna, Oxford/AstraZeneca, Pfizer/BioNTech",1073518,402448,1475966
2021-03-25,"Moderna, Oxford/AstraZeneca, Pfizer/BioNTech",1099496,420200,1519696
2021-03-26,"Moderna, Oxford/AstraZeneca, Pfizer/BioNTech",1123896,437550,1561446
2021-03-27,"Moderna, Oxford/AstraZeneca, Pfizer/BioNTech",1132216,442297,1574513
2021-03-28,"Moderna, Oxford/AstraZeneca, Pfizer/BioNTech",1137687,446378,1584065
2021-03-29,"Moderna, Oxford/AstraZeneca, Pfizer/BioNTech",1156419,466853,1623272
2021-03-30,"Moderna, Oxford/AstraZeneca, Pfizer/BioNTech",1180710,488832,1669542
2021-03-31,"Moderna, Oxford/AstraZeneca, Pfizer/BioNTech",1203414,515543,1718957
2021-04-01,"Moderna, Oxford/AstraZeneca, Pfizer/BioNTech",1228428,547239,1775667
2021-04-02,"Moderna, Oxford/AstraZeneca, Pfizer/BioNTech",1235104,559910,1795014
2021-04-03,"Moderna, Oxford/AstraZeneca, Pfizer/BioNTech",1238544,570760,1809304
2021-04-04,"Moderna, Oxford/AstraZeneca, Pfizer/BioNTech",1240999,579473,1820472
2021-04-05,"Moderna, Oxford/AstraZeneca, Pfizer/BioNTech",1243272,586590,1829862
2021-04-06,"Moderna, Oxford/AstraZeneca, Pfizer/BioNTech",1259060,615570,1874630
2021-04-07,"Moderna, Oxford/AstraZeneca, Pfizer/BioNTech",1282031,637417,1919448
2021-04-08,"Moderna, Oxford/AstraZeneca, Pfizer/BioNTech",1319541,668048,1987589
2021-04-09,"Moderna, Oxford/AstraZeneca, Pfizer/BioNTech",1357600,697769,2055369
2021-04-10,"Moderna, Oxford/AstraZeneca, Pfizer/BioNTech",1372802,712877,2085679
2021-04-11,"Moderna, Oxford/AstraZeneca, Pfizer/BioNTech",1382434,722843,2105277
2021-04-12,"Moderna, Oxford/AstraZeneca, Pfizer/BioNTech",1419650,747403,2167053
2021-04-13,"Moderna, Oxford/AstraZeneca, Pfizer/BioNTech",1454858,773053,2227911
2021-04-14,"Moderna, Oxford/AstraZeneca, Pfizer/BioNTech",1492841,800163,2293004
2021-04-15,"Moderna, Oxford/AstraZeneca, Pfizer/BioNTech",1539715,825529,2365244
2021-04-16,"Moderna, Oxford/AstraZeneca, Pfizer/BioNTech",1583521,850710,2434231
2021-04-17,"Moderna, Oxford/AstraZeneca, Pfizer/BioNTech",1599920,859648,2459568
2021-04-18,"Moderna, Oxford/AstraZeneca, Pfizer/BioNTech",1612789,864570,2477359
2021-04-19,"Moderna, Oxford/AstraZeneca, Pfizer/BioNTech",1655914,879777,2535691
2021-04-20,"Moderna, Oxford/AstraZeneca, Pfizer/BioNTech",1697084,895335,2592419
2021-04-21,"Moderna, Oxford/AstraZeneca, Pfizer/BioNTech",1743576,908988,2652564
2021-04-22,"Johnson&Johnson, Moderna, Oxford/AstraZeneca, Pfizer/BioNTech",1794701,924935,2719636
