date,vaccine,people_vaccinated,people_fully_vaccinated,total_vaccinations
2020-12-27,Pfizer/BioNTech,1261,0,1261
2020-12-28,Pfizer/BioNTech,3560,0,3560
2020-12-29,Pfizer/BioNTech,7017,0,7017
2020-12-30,Pfizer/BioNTech,10496,0,10496
2020-12-31,Pfizer/BioNTech,11813,0,11813
2021-01-01,Pfizer/BioNTech,12077,0,12077
2021-01-02,Pfizer/BioNTech,13335,0,13335
2021-01-03,Pfizer/BioNTech,14254,0,14254
2021-01-04,Pfizer/BioNTech,17834,0,17834
2021-01-05,Pfizer/BioNTech,22356,0,22356
2021-01-06,Pfizer/BioNTech,28187,0,28187
2021-01-07,Pfizer/BioNTech,36160,0,36160
2021-01-08,Pfizer/BioNTech,46129,0,46129
2021-01-09,Pfizer/BioNTech,48141,0,48141
2021-01-10,Pfizer/BioNTech,49867,0,49867
2021-01-11,Pfizer/BioNTech,59670,0,59670
2021-01-12,Pfizer/BioNTech,73077,0,73077
2021-01-13,Pfizer/BioNTech,86579,0,86579
2021-01-14,"Moderna, Pfizer/BioNTech",101778,0,101778
2021-01-15,"Moderna, Pfizer/BioNTech",115715,0,115715
2021-01-16,"Moderna, Pfizer/BioNTech",119092,0,119092
2021-01-17,"Moderna, Pfizer/BioNTech",121687,634,122321
2021-01-18,"Moderna, Pfizer/BioNTech",134144,2433,136577
2021-01-19,"Moderna, Pfizer/BioNTech",146545,5131,151676
2021-01-20,"Moderna, Pfizer/BioNTech",160068,7753,167821
2021-01-21,"Moderna, Pfizer/BioNTech",175542,9476,185018
2021-01-22,"Moderna, Pfizer/BioNTech",190249,10511,200760
2021-01-23,"Moderna, Pfizer/BioNTech",193511,11375,204886
2021-01-24,"Moderna, Pfizer/BioNTech",195751,12236,207987
2021-01-25,"Moderna, Pfizer/BioNTech",205353,15173,220526
2021-01-26,"Moderna, Pfizer/BioNTech",215831,19129,234960
2021-01-27,"Moderna, Pfizer/BioNTech",224778,23614,248392
2021-01-28,"Moderna, Pfizer/BioNTech",231807,29693,261500
2021-01-29,"Moderna, Pfizer/BioNTech",237983,37466,275449
2021-01-30,"Moderna, Pfizer/BioNTech",238699,38547,277246
2021-01-31,Pfizer/BioNTech,239398,39685,279083
2021-02-01,"Moderna, Pfizer/BioNTech",243218,47524,290742
2021-02-02,"Moderna, Pfizer/BioNTech",247323,57665,304988
2021-02-03,"Moderna, Pfizer/BioNTech",251705,68602,320307
2021-02-04,"Moderna, Pfizer/BioNTech",256574,81488,338062
2021-02-05,"Moderna, Pfizer/BioNTech",261969,92061,354030
2021-02-06,"Moderna, Pfizer/BioNTech",262801,94378,357179
2021-02-07,"Moderna, Pfizer/BioNTech",263644,96839,360483
2021-02-08,"Moderna, Pfizer/BioNTech",267642,108144,375786
2021-02-09,"Moderna, Pfizer/BioNTech",272663,119967,392630
2021-02-10,"Moderna, Pfizer/BioNTech",278159,133030,411189
2021-02-11,"Moderna, Oxford/AstraZeneca, Pfizer/BioNTech",284346,148966,433312
2021-02-12,"Moderna, Oxford/AstraZeneca, Pfizer/BioNTech",290982,163524,454506
2021-02-13,"Moderna, Oxford/AstraZeneca, Pfizer/BioNTech",292552,166472,459024
2021-02-14,"Moderna, Oxford/AstraZeneca, Pfizer/BioNTech",293535,167837,461372
2021-02-15,"Moderna, Oxford/AstraZeneca, Pfizer/BioNTech",299810,177114,476924
2021-02-16,"Moderna, Oxford/AstraZeneca, Pfizer/BioNTech",308275,185974,494249
2021-02-17,"Moderna, Oxford/AstraZeneca, Pfizer/BioNTech",317778,194147,511925
2021-02-18,"Moderna, Oxford/AstraZeneca, Pfizer/BioNTech",329886,202028,531914
2021-02-19,"Moderna, Oxford/AstraZeneca, Pfizer/BioNTech",341422,209219,550641
2021-02-20,"Moderna, Oxford/AstraZeneca, Pfizer/BioNTech",343288,210382,553670
2021-02-21,"Moderna, Oxford/AstraZeneca, Pfizer/BioNTech",344290,211385,555675
2021-02-22,"Moderna, Oxford/AstraZeneca, Pfizer/BioNTech",354188,217346,571534
2021-02-23,"Moderna, Oxford/AstraZeneca, Pfizer/BioNTech",366770,224221,590991
2021-02-24,"Moderna, Oxford/AstraZeneca, Pfizer/BioNTech",380412,230161,610573
2021-02-25,"Moderna, Oxford/AstraZeneca, Pfizer/BioNTech",397911,235649,633560
2021-02-26,"Moderna, Oxford/AstraZeneca, Pfizer/BioNTech",413571,240877,654448
2021-02-27,"Moderna, Oxford/AstraZeneca, Pfizer/BioNTech",416448,241421,657869
2021-02-28,"Moderna, Oxford/AstraZeneca, Pfizer/BioNTech",418764,241959,660723
2021-03-01,"Moderna, Oxford/AstraZeneca, Pfizer/BioNTech",437737,245263,683000
2021-03-02,"Moderna, Oxford/AstraZeneca, Pfizer/BioNTech",464255,248745,713000
2021-03-03,"Moderna, Oxford/AstraZeneca, Pfizer/BioNTech",493931,253127,747058
2021-03-04,"Moderna, Oxford/AstraZeneca, Pfizer/BioNTech",525899,257658,783557
2021-03-05,"Moderna, Oxford/AstraZeneca, Pfizer/BioNTech",553428,262917,816345
2021-03-06,"Moderna, Oxford/AstraZeneca, Pfizer/BioNTech",564604,263742,828346
2021-03-07,"Moderna, Oxford/AstraZeneca, Pfizer/BioNTech",575023,264561,839584
2021-03-08,"Moderna, Oxford/AstraZeneca, Pfizer/BioNTech",603408,269221,872629
2021-03-09,"Moderna, Oxford/AstraZeneca, Pfizer/BioNTech",638301,275277,913578
2021-03-10,"Moderna, Oxford/AstraZeneca, Pfizer/BioNTech",677859,281967,959826
2021-03-11,"Moderna, Oxford/AstraZeneca, Pfizer/BioNTech",720076,289677,1009753
2021-03-12,"Moderna, Oxford/AstraZeneca, Pfizer/BioNTech",755347,296927,1052274
2021-03-13,"Moderna, Oxford/AstraZeneca, Pfizer/BioNTech",770507,298176,1068683
