date,vaccine,people_vaccinated,people_fully_vaccinated,total_vaccinations
2020-12-27,Pfizer/BioNTech,1272,0,1272
2020-12-28,Pfizer/BioNTech,3573,0,3573
2020-12-29,Pfizer/BioNTech,7028,0,7028
2020-12-30,Pfizer/BioNTech,10519,0,10519
2020-12-31,Pfizer/BioNTech,11821,0,11821
2021-01-01,"Moderna, Pfizer/BioNTech",12087,0,12087
2021-01-02,Pfizer/BioNTech,13361,0,13361
2021-01-03,Pfizer/BioNTech,14281,0,14281
2021-01-04,"Moderna, Pfizer/BioNTech",17878,0,17878
2021-01-05,"Moderna, Pfizer/BioNTech",22384,0,22384
2021-01-06,Pfizer/BioNTech,28231,0,28231
2021-01-07,"Moderna, Pfizer/BioNTech",36207,0,36207
2021-01-08,Pfizer/BioNTech,46203,0,46203
2021-01-09,"Moderna, Pfizer/BioNTech",48223,0,48223
2021-01-10,Pfizer/BioNTech,49980,2,49982
2021-01-11,Pfizer/BioNTech,59803,4,59807
2021-01-12,Pfizer/BioNTech,73211,6,73217
2021-01-13,Pfizer/BioNTech,86723,6,86729
2021-01-14,"Moderna, Pfizer/BioNTech",101916,8,101924
2021-01-15,"Moderna, Pfizer/BioNTech",115894,8,115902
2021-01-16,"Moderna, Pfizer/BioNTech",119271,10,119281
2021-01-17,"Moderna, Pfizer/BioNTech",121874,651,122525
2021-01-18,"Moderna, Pfizer/BioNTech",134349,2472,136821
2021-01-19,"Moderna, Pfizer/BioNTech",146909,5184,152093
2021-01-20,"Moderna, Pfizer/BioNTech",160552,7830,168382
2021-01-21,"Moderna, Pfizer/BioNTech",176168,9566,185734
2021-01-22,"Moderna, Pfizer/BioNTech",191011,10609,201620
2021-01-23,"Moderna, Pfizer/BioNTech",194310,11480,205790
2021-01-24,"Moderna, Pfizer/BioNTech",196558,12348,208906
2021-01-25,"Moderna, Pfizer/BioNTech",206183,15319,221502
2021-01-26,"Moderna, Pfizer/BioNTech",216714,19289,236003
2021-01-27,"Moderna, Pfizer/BioNTech",225733,23808,249541
2021-01-28,"Moderna, Pfizer/BioNTech",232808,29927,262735
2021-01-29,"Moderna, Pfizer/BioNTech",239005,37807,276812
2021-01-30,"Moderna, Pfizer/BioNTech",239737,38894,278631
2021-01-31,"Moderna, Pfizer/BioNTech",240446,40074,280520
2021-02-01,"Moderna, Pfizer/BioNTech",244410,47998,292408
2021-02-02,"Moderna, Pfizer/BioNTech",248537,58213,306750
2021-02-03,"Moderna, Pfizer/BioNTech",252946,69196,322142
2021-02-04,"Moderna, Pfizer/BioNTech",257836,82144,339980
2021-02-05,"Moderna, Pfizer/BioNTech",263285,92790,356075
2021-02-06,"Moderna, Pfizer/BioNTech",264126,95137,359263
2021-02-07,"Moderna, Pfizer/BioNTech",264974,97623,362597
2021-02-08,"Moderna, Oxford/AstraZeneca, Pfizer/BioNTech",269037,109006,378043
2021-02-09,"Moderna, Oxford/AstraZeneca, Pfizer/BioNTech",274120,120922,395042
2021-02-10,"Moderna, Pfizer/BioNTech",279610,134132,413742
2021-02-11,"Moderna, Oxford/AstraZeneca, Pfizer/BioNTech",285912,150306,436218
2021-02-12,"Moderna, Oxford/AstraZeneca, Pfizer/BioNTech",292657,164994,457651
2021-02-13,"Moderna, Oxford/AstraZeneca, Pfizer/BioNTech",294246,167974,462220
2021-02-14,"Moderna, Oxford/AstraZeneca, Pfizer/BioNTech",295237,169352,464589
2021-02-15,"Moderna, Oxford/AstraZeneca, Pfizer/BioNTech",301629,178684,480313
2021-02-16,"Moderna, Oxford/AstraZeneca, Pfizer/BioNTech",310334,187736,498070
2021-02-17,"Moderna, Oxford/AstraZeneca, Pfizer/BioNTech",320016,196025,516041
2021-02-18,"Moderna, Oxford/AstraZeneca, Pfizer/BioNTech",332317,204066,536383
2021-02-19,"Moderna, Oxford/AstraZeneca, Pfizer/BioNTech",344159,211386,555545
2021-02-20,"Moderna, Oxford/AstraZeneca, Pfizer/BioNTech",346140,212562,558702
2021-02-21,"Moderna, Oxford/AstraZeneca, Pfizer/BioNTech",347252,213579,560831
2021-02-22,"Moderna, Oxford/AstraZeneca, Pfizer/BioNTech",357367,219585,576952
2021-02-23,"Moderna, Oxford/AstraZeneca, Pfizer/BioNTech",370291,226545,596836
2021-02-24,"Moderna, Oxford/AstraZeneca, Pfizer/BioNTech",384148,232564,616712
2021-02-25,"Moderna, Oxford/AstraZeneca, Pfizer/BioNTech",402099,238096,640195
2021-02-26,"Moderna, Oxford/AstraZeneca, Pfizer/BioNTech",418251,243422,661673
2021-02-27,"Moderna, Oxford/AstraZeneca, Pfizer/BioNTech",421257,243972,665229
2021-02-28,"Moderna, Oxford/AstraZeneca, Pfizer/BioNTech",423600,244517,668117
2021-03-01,"Moderna, Oxford/AstraZeneca, Pfizer/BioNTech",443132,247941,691073
2021-03-02,"Moderna, Oxford/AstraZeneca, Pfizer/BioNTech",470330,251476,721806
2021-03-03,"Moderna, Oxford/AstraZeneca, Pfizer/BioNTech",501157,255963,757120
2021-03-04,"Moderna, Oxford/AstraZeneca, Pfizer/BioNTech",534356,260626,794982
2021-03-05,"Johnson&Johnson, Moderna, Oxford/AstraZeneca, Pfizer/BioNTech",563138,266024,829162
2021-03-06,"Johnson&Johnson, Moderna, Oxford/AstraZeneca, Pfizer/BioNTech",575264,266870,842134
2021-03-07,"Johnson&Johnson, Moderna, Oxford/AstraZeneca, Pfizer/BioNTech",586781,267703,854484
2021-03-08,"Johnson&Johnson, Moderna, Oxford/AstraZeneca, Pfizer/BioNTech",616460,272530,888990
2021-03-09,"Johnson&Johnson, Moderna, Oxford/AstraZeneca, Pfizer/BioNTech",652714,278889,931603
2021-03-10,"Moderna, Oxford/AstraZeneca, Pfizer/BioNTech",693964,285819,979783
2021-03-11,"Johnson&Johnson, Moderna, Oxford/AstraZeneca, Pfizer/BioNTech",738747,294168,1032915
2021-03-12,"Johnson&Johnson, Moderna, Oxford/AstraZeneca, Pfizer/BioNTech",777510,302613,1080123
2021-03-13,"Moderna, Oxford/AstraZeneca, Pfizer/BioNTech",794557,303901,1098458
2021-03-14,"Moderna, Oxford/AstraZeneca, Pfizer/BioNTech",806648,305036,1111684
2021-03-15,"Moderna, Oxford/AstraZeneca, Pfizer/BioNTech",835002,313802,1148804
2021-03-16,"Johnson&Johnson, Moderna, Oxford/AstraZeneca, Pfizer/BioNTech",873838,324314,1198152
2021-03-17,"Moderna, Oxford/AstraZeneca, Pfizer/BioNTech",911277,334795,1246072
2021-03-18,"Johnson&Johnson, Moderna, Oxford/AstraZeneca, Pfizer/BioNTech",949213,347187,1296400
2021-03-19,"Moderna, Oxford/AstraZeneca, Pfizer/BioNTech",983649,360773,1344422
2021-03-20,"Johnson&Johnson, Moderna, Oxford/AstraZeneca, Pfizer/BioNTech",998758,362788,1361546
2021-03-21,"Johnson&Johnson, Moderna, Oxford/AstraZeneca, Pfizer/BioNTech",1006148,364332,1370480
2021-03-22,"Johnson&Johnson, Moderna, Oxford/AstraZeneca, Pfizer/BioNTech",1030656,376815,1407471
2021-03-23,"Johnson&Johnson, Moderna, Oxford/AstraZeneca, Pfizer/BioNTech",1057251,390145,1447396
2021-03-24,"Johnson&Johnson, Moderna, Oxford/AstraZeneca, Pfizer/BioNTech",1084070,405850,1489920
2021-03-25,"Moderna, Oxford/AstraZeneca, Pfizer/BioNTech",1110359,423675,1534034
2021-03-26,"Moderna, Oxford/AstraZeneca, Pfizer/BioNTech",1135125,441150,1576275
2021-03-27,"Johnson&Johnson, Moderna, Oxford/AstraZeneca, Pfizer/BioNTech",1143540,445981,1589521
2021-03-28,"Moderna, Oxford/AstraZeneca, Pfizer/BioNTech",1149066,450112,1599178
2021-03-29,"Johnson&Johnson, Moderna, Oxford/AstraZeneca, Pfizer/BioNTech",1168135,470800,1638935
2021-03-30,"Johnson&Johnson, Moderna, Oxford/AstraZeneca, Pfizer/BioNTech",1192789,492956,1685745
2021-03-31,"Johnson&Johnson, Moderna, Oxford/AstraZeneca, Pfizer/BioNTech",1215836,519987,1735823
2021-04-01,"Johnson&Johnson, Moderna, Oxford/AstraZeneca, Pfizer/BioNTech",1241398,552003,1793401
2021-04-02,"Johnson&Johnson, Moderna, Oxford/AstraZeneca, Pfizer/BioNTech",1248276,564781,1813057
2021-04-03,"Johnson&Johnson, Moderna, Oxford/AstraZeneca, Pfizer/BioNTech",1251870,575685,1827555
2021-04-04,"Johnson&Johnson, Moderna, Oxford/AstraZeneca, Pfizer/BioNTech",1254351,584567,1838918
2021-04-05,"Johnson&Johnson, Moderna, Oxford/AstraZeneca, Pfizer/BioNTech",1256719,591736,1848455
2021-04-06,"Johnson&Johnson, Moderna, Oxford/AstraZeneca, Pfizer/BioNTech",1272803,620950,1893753
2021-04-07,"Johnson&Johnson, Moderna, Oxford/AstraZeneca, Pfizer/BioNTech",1296163,643137,1939300
2021-04-08,"Johnson&Johnson, Moderna, Oxford/AstraZeneca, Pfizer/BioNTech",1334787,674122,2008909
2021-04-09,"Johnson&Johnson, Moderna, Oxford/AstraZeneca, Pfizer/BioNTech",1374254,704280,2078534
2021-04-10,"Johnson&Johnson, Moderna, Oxford/AstraZeneca, Pfizer/BioNTech",1389694,719551,2109245
2021-04-11,"Johnson&Johnson, Moderna, Oxford/AstraZeneca, Pfizer/BioNTech",1399437,729565,2129002
2021-04-12,"Johnson&Johnson, Moderna, Oxford/AstraZeneca, Pfizer/BioNTech",1437646,754652,2192298
2021-04-13,"Moderna, Oxford/AstraZeneca, Pfizer/BioNTech",1473842,780643,2254485
2021-04-14,"Moderna, Oxford/AstraZeneca, Pfizer/BioNTech",1512602,807971,2320573
2021-04-15,"Moderna, Oxford/AstraZeneca, Pfizer/BioNTech",1560314,833656,2393970
2021-04-16,"Moderna, Oxford/AstraZeneca, Pfizer/BioNTech",1604888,859252,2464140
2021-04-17,"Moderna, Oxford/AstraZeneca, Pfizer/BioNTech",1621533,868261,2489794
2021-04-18,"Moderna, Oxford/AstraZeneca, Pfizer/BioNTech",1634490,873235,2507725
2021-04-19,"Moderna, Oxford/AstraZeneca, Pfizer/BioNTech",1678450,888666,2567116
2021-04-20,"Johnson&Johnson, Moderna, Oxford/AstraZeneca, Pfizer/BioNTech",1720958,904508,2625466
2021-04-21,"Moderna, Oxford/AstraZeneca, Pfizer/BioNTech",1768646,918777,2687423
2021-04-22,"Johnson&Johnson, Moderna, Oxford/AstraZeneca, Pfizer/BioNTech",1823095,936133,2759228
2021-04-23,"Johnson&Johnson, Moderna, Oxford/AstraZeneca, Pfizer/BioNTech",1873009,948152,2821161
2021-04-24,"Johnson&Johnson, Moderna, Oxford/AstraZeneca, Pfizer/BioNTech",1890814,953381,2844195
2021-04-25,"Johnson&Johnson, Moderna, Oxford/AstraZeneca, Pfizer/BioNTech",1905482,957362,2862844
2021-04-26,"Johnson&Johnson, Moderna, Oxford/AstraZeneca, Pfizer/BioNTech",1955043,964898,2919941
2021-04-27,"Johnson&Johnson, Moderna, Oxford/AstraZeneca, Pfizer/BioNTech",2003991,977088,2981079
2021-04-28,"Johnson&Johnson, Moderna, Oxford/AstraZeneca, Pfizer/BioNTech",2062707,991047,3053754
2021-04-29,"Johnson&Johnson, Moderna, Oxford/AstraZeneca, Pfizer/BioNTech",2128237,1006886,3135123
2021-04-30,"Johnson&Johnson, Moderna, Oxford/AstraZeneca, Pfizer/BioNTech",2190416,1016801,3207217
2021-05-01,"Johnson&Johnson, Moderna, Oxford/AstraZeneca, Pfizer/BioNTech",2209706,1020216,3229922
2021-05-02,"Johnson&Johnson, Moderna, Oxford/AstraZeneca, Pfizer/BioNTech",2228596,1022464,3251060
2021-05-03,"Johnson&Johnson, Moderna, Oxford/AstraZeneca, Pfizer/BioNTech",2295812,1027507,3323319
2021-05-04,"Johnson&Johnson, Moderna, Oxford/AstraZeneca, Pfizer/BioNTech",2362271,1035797,3398068
2021-05-05,"Johnson&Johnson, Moderna, Oxford/AstraZeneca, Pfizer/BioNTech",2435386,1045154,3480540
2021-05-06,"Johnson&Johnson, Moderna, Oxford/AstraZeneca, Pfizer/BioNTech",2515740,1055783,3571523
2021-05-07,"Johnson&Johnson, Moderna, Oxford/AstraZeneca, Pfizer/BioNTech",2592997,1065812,3658809
2021-05-08,"Johnson&Johnson, Moderna, Oxford/AstraZeneca, Pfizer/BioNTech",2622394,1067536,3689930
2021-05-09,"Johnson&Johnson, Moderna, Oxford/AstraZeneca, Pfizer/BioNTech",2646560,1068722,3715282
2021-05-10,"Johnson&Johnson, Moderna, Oxford/AstraZeneca, Pfizer/BioNTech",2719283,1075895,3795178
2021-05-11,"Johnson&Johnson, Moderna, Oxford/AstraZeneca, Pfizer/BioNTech",2795347,1084659,3880006
2021-05-12,"Johnson&Johnson, Moderna, Oxford/AstraZeneca, Pfizer/BioNTech",2875161,1093691,3968852
2021-05-13,"Johnson&Johnson, Moderna, Oxford/AstraZeneca, Pfizer/BioNTech",2959150,1102815,4061965
2021-05-14,"Johnson&Johnson, Moderna, Oxford/AstraZeneca, Pfizer/BioNTech",3038540,1110537,4149077
2021-05-15,"Johnson&Johnson, Moderna, Oxford/AstraZeneca, Pfizer/BioNTech",3070372,1112724,4183096
2021-05-16,"Johnson&Johnson, Moderna, Oxford/AstraZeneca, Pfizer/BioNTech",3096114,1113952,4210066
2021-05-17,"Johnson&Johnson, Moderna, Oxford/AstraZeneca, Pfizer/BioNTech",3168591,1120629,4289220
2021-05-18,"Johnson&Johnson, Moderna, Oxford/AstraZeneca, Pfizer/BioNTech",3240492,1133611,4374103
2021-05-19,"Johnson&Johnson, Moderna, Oxford/AstraZeneca, Pfizer/BioNTech",3317924,1148695,4466619
2021-05-20,"Johnson&Johnson, Moderna, Oxford/AstraZeneca, Pfizer/BioNTech",3393327,1175652,4568979
2021-05-21,"Johnson&Johnson, Moderna, Oxford/AstraZeneca, Pfizer/BioNTech",3462071,1203324,4665395
2021-05-22,"Johnson&Johnson, Moderna, Oxford/AstraZeneca, Pfizer/BioNTech",3494397,1214454,4708851
2021-05-23,"Johnson&Johnson, Moderna, Oxford/AstraZeneca, Pfizer/BioNTech",3516699,1223453,4740152
2021-05-24,"Johnson&Johnson, Moderna, Oxford/AstraZeneca, Pfizer/BioNTech",3563767,1257042,4820809
2021-05-25,"Johnson&Johnson, Moderna, Oxford/AstraZeneca, Pfizer/BioNTech",3615595,1292776,4908371
2021-05-26,"Johnson&Johnson, Moderna, Oxford/AstraZeneca, Pfizer/BioNTech",3683313,1330245,5013558
2021-05-27,"Johnson&Johnson, Moderna, Oxford/AstraZeneca, Pfizer/BioNTech",3744654,1377502,5122156
2021-05-28,"Johnson&Johnson, Moderna, Oxford/AstraZeneca, Pfizer/BioNTech",3806310,1423979,5230289
2021-05-29,"Johnson&Johnson, Moderna, Oxford/AstraZeneca, Pfizer/BioNTech",3835451,1441045,5276496
2021-05-30,"Johnson&Johnson, Moderna, Oxford/AstraZeneca, Pfizer/BioNTech",3857789,1455446,5313235
2021-05-31,"Johnson&Johnson, Moderna, Oxford/AstraZeneca, Pfizer/BioNTech",3913497,1502932,5416429
2021-06-01,"Johnson&Johnson, Moderna, Oxford/AstraZeneca, Pfizer/BioNTech",3972502,1551681,5524183
2021-06-02,"Johnson&Johnson, Moderna, Oxford/AstraZeneca, Pfizer/BioNTech",4035359,1605564,5640923
2021-06-03,"Johnson&Johnson, Moderna, Oxford/AstraZeneca, Pfizer/BioNTech",4093575,1665698,5759273
2021-06-04,"Johnson&Johnson, Moderna, Oxford/AstraZeneca, Pfizer/BioNTech",4156640,1722999,5879639
2021-06-05,"Johnson&Johnson, Moderna, Oxford/AstraZeneca, Pfizer/BioNTech",4190768,1741761,5932529
2021-06-06,"Johnson&Johnson, Moderna, Oxford/AstraZeneca, Pfizer/BioNTech",4217665,1756848,5974513
2021-06-07,"Johnson&Johnson, Moderna, Oxford/AstraZeneca, Pfizer/BioNTech",4281329,1812401,6093730
2021-06-08,"Johnson&Johnson, Moderna, Oxford/AstraZeneca, Pfizer/BioNTech",4345281,1867291,6212572
2021-06-09,"Johnson&Johnson, Moderna, Oxford/AstraZeneca, Pfizer/BioNTech",4404449,1931613,6336062
2021-06-10,"Johnson&Johnson, Moderna, Oxford/AstraZeneca, Pfizer/BioNTech",4458321,2002598,6460919
2021-06-11,"Johnson&Johnson, Moderna, Oxford/AstraZeneca, Pfizer/BioNTech",4510399,2072196,6582595
2021-06-12,"Johnson&Johnson, Moderna, Oxford/AstraZeneca, Pfizer/BioNTech",4542373,2092916,6635289
2021-06-13,"Johnson&Johnson, Moderna, Oxford/AstraZeneca, Pfizer/BioNTech",4566377,2111265,6677642
2021-06-14,"Johnson&Johnson, Moderna, Oxford/AstraZeneca, Pfizer/BioNTech",4609392,2185543,6794935
2021-06-15,"Johnson&Johnson, Moderna, Oxford/AstraZeneca, Pfizer/BioNTech",4654018,2257778,6911796
2021-06-16,"Johnson&Johnson, Moderna, Oxford/AstraZeneca, Pfizer/BioNTech",4696744,2335867,7032611
2021-06-17,"Johnson&Johnson, Moderna, Oxford/AstraZeneca, Pfizer/BioNTech",4736109,2418804,7154913
2021-06-18,"Johnson&Johnson, Moderna, Oxford/AstraZeneca, Pfizer/BioNTech",4778479,2499171,7277650
2021-06-19,"Johnson&Johnson, Moderna, Oxford/AstraZeneca, Pfizer/BioNTech",4800208,2528378,7328586
2021-06-20,"Johnson&Johnson, Moderna, Oxford/AstraZeneca, Pfizer/BioNTech",4817566,2552133,7369699
2021-06-21,"Johnson&Johnson, Moderna, Oxford/AstraZeneca, Pfizer/BioNTech",4850070,2630593,7480663
2021-06-22,"Johnson&Johnson, Moderna, Oxford/AstraZeneca, Pfizer/BioNTech",4883017,2712733,7595750
2021-06-23,"Johnson&Johnson, Moderna, Oxford/AstraZeneca, Pfizer/BioNTech",4914660,2797843,7712503
2021-06-24,"Johnson&Johnson, Moderna, Oxford/AstraZeneca, Pfizer/BioNTech",4944491,2887764,7832255
2021-06-25,"Johnson&Johnson, Moderna, Oxford/AstraZeneca, Pfizer/BioNTech",4975522,2973769,7949291
2021-06-26,"Johnson&Johnson, Moderna, Oxford/AstraZeneca, Pfizer/BioNTech",4991372,3008498,7999870
2021-06-27,"Johnson&Johnson, Moderna, Oxford/AstraZeneca, Pfizer/BioNTech",5005309,3035077,8040386
2021-06-28,"Johnson&Johnson, Moderna, Oxford/AstraZeneca, Pfizer/BioNTech",5033725,3120150,8153875
2021-06-29,"Johnson&Johnson, Moderna, Oxford/AstraZeneca, Pfizer/BioNTech",5062969,3206519,8269488
2021-06-30,"Johnson&Johnson, Moderna, Oxford/AstraZeneca, Pfizer/BioNTech",5090463,3297360,8387823
2021-07-01,"Johnson&Johnson, Moderna, Oxford/AstraZeneca, Pfizer/BioNTech",5114404,3387268,8501672
2021-07-02,"Johnson&Johnson, Moderna, Oxford/AstraZeneca, Pfizer/BioNTech",5141117,3472954,8614071
2021-07-03,"Johnson&Johnson, Moderna, Oxford/AstraZeneca, Pfizer/BioNTech",5148185,3504395,8652580
2021-07-04,"Johnson&Johnson, Moderna, Oxford/AstraZeneca, Pfizer/BioNTech",5155726,3526147,8681873
2021-07-05,"Johnson&Johnson, Moderna, Oxford/AstraZeneca, Pfizer/BioNTech",5163071,3551452,8714523
2021-07-06,"Johnson&Johnson, Moderna, Oxford/AstraZeneca, Pfizer/BioNTech",5168459,3579007,8747466
2021-07-07,"Johnson&Johnson, Moderna, Oxford/AstraZeneca, Pfizer/BioNTech",5194240,3657859,8852099
2021-07-08,"Johnson&Johnson, Moderna, Oxford/AstraZeneca, Pfizer/BioNTech",5220817,3728063,8948880
2021-07-09,"Johnson&Johnson, Moderna, Oxford/AstraZeneca, Pfizer/BioNTech",5248712,3797207,9045919
2021-07-10,"Johnson&Johnson, Moderna, Oxford/AstraZeneca, Pfizer/BioNTech",5258044,3825760,9083804
2021-07-11,"Johnson&Johnson, Moderna, Oxford/AstraZeneca, Pfizer/BioNTech",5266556,3848598,9115154
2021-07-12,"Johnson&Johnson, Moderna, Oxford/AstraZeneca, Pfizer/BioNTech",5294078,3917591,9211669
2021-07-13,"Johnson&Johnson, Moderna, Oxford/AstraZeneca, Pfizer/BioNTech",5320272,3987358,9307630
2021-07-14,"Johnson&Johnson, Moderna, Oxford/AstraZeneca, Pfizer/BioNTech",5346101,4059238,9405339
2021-07-15,"Johnson&Johnson, Moderna, Oxford/AstraZeneca, Pfizer/BioNTech",5375298,4125134,9500432
2021-07-16,"Johnson&Johnson, Moderna, Oxford/AstraZeneca, Pfizer/BioNTech",5403217,4197726,9600943
2021-07-17,"Johnson&Johnson, Moderna, Oxford/AstraZeneca, Pfizer/BioNTech",5411964,4229099,9641063
2021-07-18,"Johnson&Johnson, Moderna, Oxford/AstraZeneca, Pfizer/BioNTech",5420395,4255055,9675450
2021-07-19,"Johnson&Johnson, Moderna, Oxford/AstraZeneca, Pfizer/BioNTech",5443724,4321981,9765705
2021-07-20,"Johnson&Johnson, Moderna, Oxford/AstraZeneca, Pfizer/BioNTech",5465093,4388921,9854014
2021-07-21,"Johnson&Johnson, Moderna, Oxford/AstraZeneca, Pfizer/BioNTech",5488521,4452260,9940781
2021-07-22,"Johnson&Johnson, Moderna, Oxford/AstraZeneca, Pfizer/BioNTech",5510854,4510771,10021625
2021-07-23,"Johnson&Johnson, Moderna, Oxford/AstraZeneca, Pfizer/BioNTech",5534020,4565388,10099408
2021-07-24,"Johnson&Johnson, Moderna, Oxford/AstraZeneca, Pfizer/BioNTech",5541313,4592975,10134288
2021-07-25,"Johnson&Johnson, Moderna, Oxford/AstraZeneca, Pfizer/BioNTech",5547908,4614966,10162874
2021-07-26,"Johnson&Johnson, Moderna, Oxford/AstraZeneca, Pfizer/BioNTech",5571403,4663504,10234907
2021-07-27,"Johnson&Johnson, Moderna, Oxford/AstraZeneca, Pfizer/BioNTech",5594079,4710017,10304096
2021-07-28,"Johnson&Johnson, Moderna, Oxford/AstraZeneca, Pfizer/BioNTech",5615284,4755878,10371162
2021-07-29,"Johnson&Johnson, Moderna, Oxford/AstraZeneca, Pfizer/BioNTech",5636523,4797703,10434226
2021-07-30,"Johnson&Johnson, Moderna, Oxford/AstraZeneca, Pfizer/BioNTech",5659777,4840145,10499922
2021-07-31,"Johnson&Johnson, Moderna, Oxford/AstraZeneca, Pfizer/BioNTech",5668692,4859629,10528321
2021-08-01,"Johnson&Johnson, Moderna, Oxford/AstraZeneca, Pfizer/BioNTech",5675399,4875753,10551152
2021-08-02,"Johnson&Johnson, Moderna, Oxford/AstraZeneca, Pfizer/BioNTech",5693984,4913209,10607193
2021-08-03,"Johnson&Johnson, Moderna, Oxford/AstraZeneca, Pfizer/BioNTech",5711577,4951219,10662796
2021-08-04,"Johnson&Johnson, Moderna, Oxford/AstraZeneca, Pfizer/BioNTech",5727617,4987853,10715470
2021-08-05,"Johnson&Johnson, Moderna, Oxford/AstraZeneca, Pfizer/BioNTech",5743598,5028221,10771819
2021-08-06,"Johnson&Johnson, Moderna, Oxford/AstraZeneca, Pfizer/BioNTech",5760346,5071379,10831725
2021-08-07,"Johnson&Johnson, Moderna, Oxford/AstraZeneca, Pfizer/BioNTech",5765915,5089491,10855406
2021-08-08,"Johnson&Johnson, Moderna, Oxford/AstraZeneca, Pfizer/BioNTech",5770262,5105201,10875463
2021-08-09,"Johnson&Johnson, Moderna, Oxford/AstraZeneca, Pfizer/BioNTech",5782873,5150176,10933049
2021-08-10,"Johnson&Johnson, Moderna, Oxford/AstraZeneca, Pfizer/BioNTech",5794672,5189649,10984321
2021-08-11,"Johnson&Johnson, Moderna, Oxford/AstraZeneca, Pfizer/BioNTech",5805999,5232701,11038700
2021-08-12,"Johnson&Johnson, Moderna, Oxford/AstraZeneca, Pfizer/BioNTech",5817379,5269689,11087068
2021-08-13,"Johnson&Johnson, Moderna, Oxford/AstraZeneca, Pfizer/BioNTech",5828030,5309911,11137941
2021-08-14,"Johnson&Johnson, Moderna, Oxford/AstraZeneca, Pfizer/BioNTech",5831363,5320570,11151933
2021-08-15,"Johnson&Johnson, Moderna, Oxford/AstraZeneca, Pfizer/BioNTech",5833932,5330915,11164847
2021-08-16,"Johnson&Johnson, Moderna, Oxford/AstraZeneca, Pfizer/BioNTech",5843687,5364899,11208586
2021-08-17,"Johnson&Johnson, Moderna, Oxford/AstraZeneca, Pfizer/BioNTech",5853239,5391924,11245163
2021-08-18,"Johnson&Johnson, Moderna, Oxford/AstraZeneca, Pfizer/BioNTech",5862584,5430707,11293291
2021-08-19,"Johnson&Johnson, Moderna, Oxford/AstraZeneca, Pfizer/BioNTech",5872178,5468974,11341152
2021-08-20,"Johnson&Johnson, Moderna, Oxford/AstraZeneca, Pfizer/BioNTech",5883490,5509078,11392568
2021-08-21,"Johnson&Johnson, Moderna, Oxford/AstraZeneca, Pfizer/BioNTech",5886189,5521805,11407994
2021-08-22,"Johnson&Johnson, Moderna, Oxford/AstraZeneca, Pfizer/BioNTech",5888524,5533745,11422269
2021-08-23,"Johnson&Johnson, Moderna, Oxford/AstraZeneca, Pfizer/BioNTech",5899013,5572905,11471918
2021-08-24,"Johnson&Johnson, Moderna, Oxford/AstraZeneca, Pfizer/BioNTech",5908837,5606081,11514918
2021-08-25,"Johnson&Johnson, Moderna, Oxford/AstraZeneca, Pfizer/BioNTech",5917651,5634366,11552017
2021-08-26,"Johnson&Johnson, Moderna, Oxford/AstraZeneca, Pfizer/BioNTech",5926039,5660407,11586446
2021-08-27,"Johnson&Johnson, Moderna, Oxford/AstraZeneca, Pfizer/BioNTech",5936303,5686279,11622582
2021-08-28,"Johnson&Johnson, Moderna, Oxford/AstraZeneca, Pfizer/BioNTech",5939013,5693288,11632301
2021-08-29,"Johnson&Johnson, Moderna, Oxford/AstraZeneca, Pfizer/BioNTech",5941409,5699895,11641304
2021-08-30,"Johnson&Johnson, Moderna, Oxford/AstraZeneca, Pfizer/BioNTech",5949873,5721690,11671563
2021-08-31,"Johnson&Johnson, Moderna, Oxford/AstraZeneca, Pfizer/BioNTech",5957478,5739700,11697178
2021-09-01,"Johnson&Johnson, Moderna, Oxford/AstraZeneca, Pfizer/BioNTech",5963274,5753609,11716883
2021-09-02,"Johnson&Johnson, Moderna, Oxford/AstraZeneca, Pfizer/BioNTech",5969951,5767914,11737865
2021-09-03,"Johnson&Johnson, Moderna, Oxford/AstraZeneca, Pfizer/BioNTech",5979338,5783523,11762861
2021-09-04,"Johnson&Johnson, Moderna, Oxford/AstraZeneca, Pfizer/BioNTech",5981370,5787045,11768415
2021-09-05,"Johnson&Johnson, Moderna, Pfizer/BioNTech",5983391,5789866,11773257
2021-09-06,"Johnson&Johnson, Moderna, Oxford/AstraZeneca, Pfizer/BioNTech",5989416,5802277,11791693
2021-09-07,"Johnson&Johnson, Moderna, Oxford/AstraZeneca, Pfizer/BioNTech",5993688,5813254,11806942
2021-09-08,"Johnson&Johnson, Moderna, Oxford/AstraZeneca, Pfizer/BioNTech",5999228,5823039,11822267
2021-09-09,"Johnson&Johnson, Moderna, Oxford/AstraZeneca, Pfizer/BioNTech",6005766,5833028,11838794
2021-09-10,"Johnson&Johnson, Moderna, Oxford/AstraZeneca, Pfizer/BioNTech",6013255,5845064,11858319
2021-09-11,"Johnson&Johnson, Moderna, Pfizer/BioNTech",6015099,5847523,11862622
2021-09-12,"Johnson&Johnson, Moderna, Oxford/AstraZeneca, Pfizer/BioNTech",6016200,5849134,11865334
2021-09-13,"Johnson&Johnson, Moderna, Oxford/AstraZeneca, Pfizer/BioNTech",6021504,5859320,11880824
2021-09-14,"Johnson&Johnson, Moderna, Oxford/AstraZeneca, Pfizer/BioNTech",6026768,5868231,11894999
2021-09-15,"Johnson&Johnson, Moderna, Oxford/AstraZeneca, Pfizer/BioNTech",6031848,5876653,11908501
2021-09-16,"Johnson&Johnson, Moderna, Oxford/AstraZeneca, Pfizer/BioNTech",6036986,5884831,11921817
2021-09-17,"Johnson&Johnson, Moderna, Oxford/AstraZeneca, Pfizer/BioNTech",6043320,5894872,11938192
2021-09-18,"Johnson&Johnson, Moderna, Pfizer/BioNTech",6045013,5897195,11942208
2021-09-19,"Johnson&Johnson, Moderna, Pfizer/BioNTech",6045943,5898746,11944689
2021-09-20,"Johnson&Johnson, Moderna, Oxford/AstraZeneca, Pfizer/BioNTech",6049753,5906781,11956534
2021-09-21,"Johnson&Johnson, Moderna, Oxford/AstraZeneca, Pfizer/BioNTech",6053723,5914202,11967925
2021-09-22,"Johnson&Johnson, Moderna, Oxford/AstraZeneca, Pfizer/BioNTech",6057700,5919571,11977271
2021-09-23,"Johnson&Johnson, Moderna, Oxford/AstraZeneca, Pfizer/BioNTech",6062516,5925830,11988346
2021-09-24,"Johnson&Johnson, Moderna, Oxford/AstraZeneca, Pfizer/BioNTech",6067908,5935111,12003019
2021-09-25,"Johnson&Johnson, Moderna, Oxford/AstraZeneca, Pfizer/BioNTech",6069264,5936967,12006231
2021-09-26,"Johnson&Johnson, Moderna, Pfizer/BioNTech",6069823,5938389,12008212
