date,vaccine,people_vaccinated,people_fully_vaccinated,total_vaccinations
2020-12-27,Pfizer/BioNTech,1257,0,1257
2020-12-28,Pfizer/BioNTech,3556,0,3556
2020-12-29,Pfizer/BioNTech,7009,0,7009
2020-12-30,Pfizer/BioNTech,10490,0,10490
2020-12-31,Pfizer/BioNTech,11795,0,11795
2021-01-01,Pfizer/BioNTech,12056,0,12056
2021-01-02,Pfizer/BioNTech,13325,0,13325
2021-01-03,Pfizer/BioNTech,14240,0,14240
2021-01-04,Pfizer/BioNTech,17825,0,17825
2021-01-05,Pfizer/BioNTech,22323,0,22323
2021-01-06,Pfizer/BioNTech,28149,0,28149
2021-01-07,Pfizer/BioNTech,36102,0,36102
2021-01-08,Pfizer/BioNTech,46058,0,46058
2021-01-09,Pfizer/BioNTech,48071,0,48071
2021-01-10,Pfizer/BioNTech,49826,0,49826
2021-01-11,Pfizer/BioNTech,59635,0,59635
2021-01-12,Pfizer/BioNTech,73022,0,73022
2021-01-13,Pfizer/BioNTech,86513,0,86513
2021-01-14,"Moderna, Pfizer/BioNTech",101691,0,101691
2021-01-15,"Moderna, Pfizer/BioNTech",115641,0,115641
2021-01-16,"Moderna, Pfizer/BioNTech",119015,2,119017
2021-01-17,"Moderna, Pfizer/BioNTech",121611,637,122248
2021-01-18,"Moderna, Pfizer/BioNTech",134074,2454,136528
2021-01-19,"Moderna, Pfizer/BioNTech",146585,5159,151744
2021-01-20,"Moderna, Pfizer/BioNTech",160206,7795,168001
2021-01-21,"Moderna, Pfizer/BioNTech",175796,9524,185320
2021-01-22,"Moderna, Pfizer/BioNTech",190604,10564,201168
2021-01-23,"Moderna, Pfizer/BioNTech",193895,11434,205329
2021-01-24,"Moderna, Pfizer/BioNTech",196139,12300,208439
2021-01-25,"Moderna, Pfizer/BioNTech",205742,15261,221003
2021-01-26,"Moderna, Pfizer/BioNTech",216245,19225,235470
2021-01-27,"Moderna, Pfizer/BioNTech",225240,23729,248969
2021-01-28,"Moderna, Pfizer/BioNTech",232282,29827,262109
2021-01-29,"Moderna, Pfizer/BioNTech",238467,37666,276133
2021-01-30,"Moderna, Pfizer/BioNTech",239190,38751,277941
2021-01-31,"Moderna, Pfizer/BioNTech",239893,39925,279818
2021-02-01,"Moderna, Pfizer/BioNTech",243847,47821,291668
2021-02-02,"Moderna, Pfizer/BioNTech",247967,58016,305983
2021-02-03,"Moderna, Pfizer/BioNTech",252358,68982,321340
2021-02-04,"Moderna, Pfizer/BioNTech",257239,81924,339163
2021-02-05,"Moderna, Pfizer/BioNTech",262676,92554,355230
2021-02-06,"Moderna, Pfizer/BioNTech",263512,94895,358407
2021-02-07,"Moderna, Pfizer/BioNTech",264358,97371,361729
2021-02-08,"Moderna, Pfizer/BioNTech",268389,108735,377124
2021-02-09,"Moderna, Oxford/AstraZeneca, Pfizer/BioNTech",273461,120636,394097
2021-02-10,"Moderna, Pfizer/BioNTech",278932,133822,412754
2021-02-11,"Moderna, Oxford/AstraZeneca, Pfizer/BioNTech",285220,149966,435186
2021-02-12,"Moderna, Oxford/AstraZeneca, Pfizer/BioNTech",291935,164627,456562
2021-02-13,"Moderna, Oxford/AstraZeneca, Pfizer/BioNTech",293520,167600,461120
2021-02-14,"Moderna, Oxford/AstraZeneca, Pfizer/BioNTech",294510,168972,463482
2021-02-15,"Moderna, Oxford/AstraZeneca, Pfizer/BioNTech",300885,178286,479171
2021-02-16,"Moderna, Oxford/AstraZeneca, Pfizer/BioNTech",309572,187311,496883
2021-02-17,"Moderna, Oxford/AstraZeneca, Pfizer/BioNTech",319241,195567,514808
2021-02-18,"Moderna, Oxford/AstraZeneca, Pfizer/BioNTech",331518,203564,535082
2021-02-19,"Moderna, Oxford/AstraZeneca, Pfizer/BioNTech",343341,210857,554198
2021-02-20,"Moderna, Oxford/AstraZeneca, Pfizer/BioNTech",345308,212021,557329
2021-02-21,"Moderna, Oxford/AstraZeneca, Pfizer/BioNTech",346409,213030,559439
2021-02-22,"Moderna, Oxford/AstraZeneca, Pfizer/BioNTech",356500,219023,575523
2021-02-23,"Moderna, Oxford/AstraZeneca, Pfizer/BioNTech",369381,225960,595341
2021-02-24,"Moderna, Oxford/AstraZeneca, Pfizer/BioNTech",383205,231959,615164
2021-02-25,"Moderna, Oxford/AstraZeneca, Pfizer/BioNTech",401143,237479,638622
2021-02-26,"Moderna, Oxford/AstraZeneca, Pfizer/BioNTech",417266,242792,660058
2021-02-27,"Moderna, Oxford/AstraZeneca, Pfizer/BioNTech",420260,243340,663600
2021-02-28,"Moderna, Oxford/AstraZeneca, Pfizer/BioNTech",422600,243882,666482
2021-03-01,"Moderna, Oxford/AstraZeneca, Pfizer/BioNTech",442082,247285,689367
2021-03-02,"Moderna, Oxford/AstraZeneca, Pfizer/BioNTech",469227,250811,720038
2021-03-03,"Moderna, Oxford/AstraZeneca, Pfizer/BioNTech",499970,255286,755256
2021-03-04,"Moderna, Oxford/AstraZeneca, Pfizer/BioNTech",533087,259938,793025
2021-03-05,"Moderna, Oxford/AstraZeneca, Pfizer/BioNTech",561783,265313,827096
2021-03-06,"Moderna, Oxford/AstraZeneca, Pfizer/BioNTech",573874,266151,840025
2021-03-07,"Moderna, Oxford/AstraZeneca, Pfizer/BioNTech",585247,266979,852226
2021-03-08,"Moderna, Oxford/AstraZeneca, Pfizer/BioNTech",614833,271789,886622
2021-03-09,"Moderna, Oxford/AstraZeneca, Pfizer/BioNTech",650986,278137,929123
2021-03-10,"Moderna, Oxford/AstraZeneca, Pfizer/BioNTech",692092,285056,977148
2021-03-11,"Moderna, Oxford/AstraZeneca, Pfizer/BioNTech",736729,293387,1030116
2021-03-12,"Moderna, Oxford/AstraZeneca, Pfizer/BioNTech",775336,301815,1077151
2021-03-13,"Moderna, Oxford/AstraZeneca, Pfizer/BioNTech",792349,303100,1095449
2021-03-14,"Moderna, Oxford/AstraZeneca, Pfizer/BioNTech",804412,304230,1108642
2021-03-15,"Moderna, Oxford/AstraZeneca, Pfizer/BioNTech",832668,312983,1145651
2021-03-16,"Moderna, Oxford/AstraZeneca, Pfizer/BioNTech",871429,323464,1194893
2021-03-17,"Moderna, Oxford/AstraZeneca, Pfizer/BioNTech",908787,333926,1242713
2021-03-18,"Moderna, Oxford/AstraZeneca, Pfizer/BioNTech",946596,346292,1292888
2021-03-19,"Moderna, Oxford/AstraZeneca, Pfizer/BioNTech",980840,359858,1340698
2021-03-20,"Moderna, Oxford/AstraZeneca, Pfizer/BioNTech",995864,361867,1357731
2021-03-21,"Moderna, Oxford/AstraZeneca, Pfizer/BioNTech",1003232,363402,1366634
2021-03-22,"Moderna, Oxford/AstraZeneca, Pfizer/BioNTech",1027506,375834,1403340
2021-03-23,"Moderna, Oxford/AstraZeneca, Pfizer/BioNTech",1053923,389132,1443055
2021-03-24,"Moderna, Oxford/AstraZeneca, Pfizer/BioNTech",1080673,404785,1485458
2021-03-25,"Moderna, Oxford/AstraZeneca, Pfizer/BioNTech",1106845,422587,1529432
2021-03-26,"Moderna, Oxford/AstraZeneca, Pfizer/BioNTech",1131546,440025,1571571
2021-03-27,"Moderna, Oxford/AstraZeneca, Pfizer/BioNTech",1139932,444844,1584776
2021-03-28,"Moderna, Oxford/AstraZeneca, Pfizer/BioNTech",1145452,448965,1594417
2021-03-29,"Moderna, Oxford/AstraZeneca, Pfizer/BioNTech",1164334,469579,1633913
2021-03-30,"Moderna, Oxford/AstraZeneca, Pfizer/BioNTech",1188900,491668,1680568
2021-03-31,"Moderna, Oxford/AstraZeneca, Pfizer/BioNTech",1211863,518648,1730511
2021-04-01,"Moderna, Oxford/AstraZeneca, Pfizer/BioNTech",1237336,550545,1787881
2021-04-02,"Moderna, Oxford/AstraZeneca, Pfizer/BioNTech",1244163,563279,1807442
2021-04-03,"Moderna, Oxford/AstraZeneca, Pfizer/BioNTech",1247722,574165,1821887
2021-04-04,"Moderna, Oxford/AstraZeneca, Pfizer/BioNTech",1250182,582935,1833117
2021-04-05,"Moderna, Oxford/AstraZeneca, Pfizer/BioNTech",1252501,590079,1842580
2021-04-06,"Moderna, Oxford/AstraZeneca, Pfizer/BioNTech",1268520,619233,1887753
2021-04-07,"Moderna, Oxford/AstraZeneca, Pfizer/BioNTech",1291796,641307,1933103
2021-04-08,"Moderna, Oxford/AstraZeneca, Pfizer/BioNTech",1330191,672123,2002314
2021-04-09,"Moderna, Oxford/AstraZeneca, Pfizer/BioNTech",1369367,702047,2071414
2021-04-10,"Moderna, Oxford/AstraZeneca, Pfizer/BioNTech",1384686,717243,2101929
2021-04-11,"Moderna, Oxford/AstraZeneca, Pfizer/BioNTech",1394386,727234,2121620
2021-04-12,"Moderna, Oxford/AstraZeneca, Pfizer/BioNTech",1432370,752088,2184458
2021-04-13,"Moderna, Oxford/AstraZeneca, Pfizer/BioNTech",1468394,777918,2246312
2021-04-14,"Moderna, Oxford/AstraZeneca, Pfizer/BioNTech",1507011,805187,2312198
2021-04-15,"Moderna, Oxford/AstraZeneca, Pfizer/BioNTech",1554627,830771,2385398
2021-04-16,"Moderna, Oxford/AstraZeneca, Pfizer/BioNTech",1599066,856324,2455390
2021-04-17,"Moderna, Oxford/AstraZeneca, Pfizer/BioNTech",1615628,865312,2480940
2021-04-18,"Moderna, Oxford/AstraZeneca, Pfizer/BioNTech",1628539,870260,2498799
2021-04-19,"Moderna, Oxford/AstraZeneca, Pfizer/BioNTech",1672324,885612,2557936
2021-04-20,"Moderna, Oxford/AstraZeneca, Pfizer/BioNTech",1714291,901393,2615684
2021-04-21,"Moderna, Oxford/AstraZeneca, Pfizer/BioNTech",1761894,915616,2677510
2021-04-22,"Johnson&Johnson, Moderna, Oxford/AstraZeneca, Pfizer/BioNTech",1816253,932902,2749155
2021-04-23,"Johnson&Johnson, Moderna, Oxford/AstraZeneca, Pfizer/BioNTech",1866090,944858,2810948
2021-04-24,"Johnson&Johnson, Moderna, Oxford/AstraZeneca, Pfizer/BioNTech",1883852,950052,2833904
2021-04-25,"Johnson&Johnson, Moderna, Oxford/AstraZeneca, Pfizer/BioNTech",1898489,954031,2852520
2021-04-26,"Johnson&Johnson, Moderna, Oxford/AstraZeneca, Pfizer/BioNTech",1947938,961423,2909361
2021-04-27,"Johnson&Johnson, Moderna, Oxford/AstraZeneca, Pfizer/BioNTech",1996786,973540,2970326
2021-04-28,"Johnson&Johnson, Moderna, Oxford/AstraZeneca, Pfizer/BioNTech",2055404,987447,3042851
2021-04-29,"Johnson&Johnson, Moderna, Oxford/AstraZeneca, Pfizer/BioNTech",2120781,1003192,3123973
2021-04-30,"Johnson&Johnson, Moderna, Oxford/AstraZeneca, Pfizer/BioNTech",2182852,1013055,3195907
2021-05-01,"Johnson&Johnson, Moderna, Oxford/AstraZeneca, Pfizer/BioNTech",2202105,1016437,3218542
2021-05-02,"Johnson&Johnson, Moderna, Oxford/AstraZeneca, Pfizer/BioNTech",2220964,1018666,3239630
2021-05-03,"Johnson&Johnson, Moderna, Oxford/AstraZeneca, Pfizer/BioNTech",2288035,1023660,3311695
2021-05-04,"Johnson&Johnson, Moderna, Oxford/AstraZeneca, Pfizer/BioNTech",2354288,1031897,3386185
2021-05-05,"Johnson&Johnson, Moderna, Oxford/AstraZeneca, Pfizer/BioNTech",2427281,1041198,3468479
2021-05-06,"Johnson&Johnson, Moderna, Oxford/AstraZeneca, Pfizer/BioNTech",2507473,1051773,3559246
2021-05-07,"Johnson&Johnson, Moderna, Oxford/AstraZeneca, Pfizer/BioNTech",2584608,1061711,3646319
2021-05-08,"Johnson&Johnson, Moderna, Oxford/AstraZeneca, Pfizer/BioNTech",2613967,1063409,3677376
2021-05-09,"Johnson&Johnson, Moderna, Oxford/AstraZeneca, Pfizer/BioNTech",2638106,1064574,3702680
2021-05-10,"Johnson&Johnson, Moderna, Oxford/AstraZeneca, Pfizer/BioNTech",2710678,1071671,3782349
2021-05-11,"Johnson&Johnson, Moderna, Oxford/AstraZeneca, Pfizer/BioNTech",2786601,1080400,3867001
2021-05-12,"Johnson&Johnson, Moderna, Oxford/AstraZeneca, Pfizer/BioNTech",2866247,1089369,3955616
2021-05-13,"Johnson&Johnson, Moderna, Oxford/AstraZeneca, Pfizer/BioNTech",2950097,1098429,4048526
2021-05-14,"Johnson&Johnson, Moderna, Oxford/AstraZeneca, Pfizer/BioNTech",3029337,1106098,4135435
2021-05-15,"Johnson&Johnson, Moderna, Oxford/AstraZeneca, Pfizer/BioNTech",3061137,1108243,4169380
2021-05-16,"Johnson&Johnson, Moderna, Oxford/AstraZeneca, Pfizer/BioNTech",3086850,1109413,4196263
2021-05-17,"Johnson&Johnson, Moderna, Oxford/AstraZeneca, Pfizer/BioNTech",3159226,1116044,4275270
2021-05-18,"Johnson&Johnson, Moderna, Oxford/AstraZeneca, Pfizer/BioNTech",3230993,1128947,4359940
2021-05-19,"Johnson&Johnson, Moderna, Oxford/AstraZeneca, Pfizer/BioNTech",3308283,1143948,4452231
2021-05-20,"Johnson&Johnson, Moderna, Oxford/AstraZeneca, Pfizer/BioNTech",3383454,1170807,4554261
2021-05-21,"Johnson&Johnson, Moderna, Oxford/AstraZeneca, Pfizer/BioNTech",3452074,1198396,4650470
2021-05-22,"Johnson&Johnson, Moderna, Oxford/AstraZeneca, Pfizer/BioNTech",3484317,1209439,4693756
2021-05-23,"Johnson&Johnson, Moderna, Oxford/AstraZeneca, Pfizer/BioNTech",3506561,1218387,4724948
2021-05-24,"Johnson&Johnson, Moderna, Oxford/AstraZeneca, Pfizer/BioNTech",3553475,1251820,4805295
2021-05-25,"Johnson&Johnson, Moderna, Oxford/AstraZeneca, Pfizer/BioNTech",3605171,1287422,4892593
2021-05-26,"Johnson&Johnson, Moderna, Oxford/AstraZeneca, Pfizer/BioNTech",3672754,1324788,4997542
2021-05-27,"Johnson&Johnson, Moderna, Oxford/AstraZeneca, Pfizer/BioNTech",3733954,1371968,5105922
2021-05-28,"Johnson&Johnson, Moderna, Oxford/AstraZeneca, Pfizer/BioNTech",3795491,1418317,5213808
2021-05-29,"Johnson&Johnson, Moderna, Oxford/AstraZeneca, Pfizer/BioNTech",3824562,1435338,5259900
2021-05-30,"Johnson&Johnson, Moderna, Oxford/AstraZeneca, Pfizer/BioNTech",3846845,1449697,5296542
2021-05-31,"Johnson&Johnson, Moderna, Oxford/AstraZeneca, Pfizer/BioNTech",3902416,1497008,5399424
2021-06-01,"Johnson&Johnson, Moderna, Oxford/AstraZeneca, Pfizer/BioNTech",3961132,1545201,5506333
2021-06-02,"Johnson&Johnson, Moderna, Oxford/AstraZeneca, Pfizer/BioNTech",4023836,1599028,5622864
2021-06-03,"Johnson&Johnson, Moderna, Oxford/AstraZeneca, Pfizer/BioNTech",4081860,1659037,5740897
2021-06-04,"Johnson&Johnson, Moderna, Oxford/AstraZeneca, Pfizer/BioNTech",4144478,1716261,5860739
2021-06-05,"Johnson&Johnson, Moderna, Oxford/AstraZeneca, Pfizer/BioNTech",4178370,1734972,5913342
2021-06-06,"Johnson&Johnson, Moderna, Oxford/AstraZeneca, Pfizer/BioNTech",4205149,1750011,5955160
2021-06-07,"Johnson&Johnson, Moderna, Oxford/AstraZeneca, Pfizer/BioNTech",4268317,1805464,6073781
2021-06-08,"Johnson&Johnson, Moderna, Oxford/AstraZeneca, Pfizer/BioNTech",4331831,1860230,6192061
2021-06-09,"Johnson&Johnson, Moderna, Oxford/AstraZeneca, Pfizer/BioNTech",4390007,1924325,6314332
2021-06-10,"Johnson&Johnson, Moderna, Oxford/AstraZeneca, Pfizer/BioNTech",4442770,1995103,6437873
2021-06-11,"Johnson&Johnson, Moderna, Oxford/AstraZeneca, Pfizer/BioNTech",4494100,2064543,6558643
2021-06-12,"Johnson&Johnson, Moderna, Oxford/AstraZeneca, Pfizer/BioNTech",4525803,2085220,6611023
2021-06-13,"Johnson&Johnson, Moderna, Oxford/AstraZeneca, Pfizer/BioNTech",4549619,2103529,6653148
2021-06-14,"Johnson&Johnson, Moderna, Oxford/AstraZeneca, Pfizer/BioNTech",4592137,2177663,6769800
2021-06-15,"Johnson&Johnson, Moderna, Oxford/AstraZeneca, Pfizer/BioNTech",4636372,2249729,6886101
2021-06-16,"Johnson&Johnson, Moderna, Oxford/AstraZeneca, Pfizer/BioNTech",4678659,2327707,7006366
2021-06-17,"Johnson&Johnson, Moderna, Oxford/AstraZeneca, Pfizer/BioNTech",4717536,2410521,7128057
2021-06-18,"Johnson&Johnson, Moderna, Oxford/AstraZeneca, Pfizer/BioNTech",4758724,2490751,7249475
2021-06-19,"Johnson&Johnson, Moderna, Oxford/AstraZeneca, Pfizer/BioNTech",4780233,2519901,7300134
2021-06-20,"Johnson&Johnson, Moderna, Oxford/AstraZeneca, Pfizer/BioNTech",4797458,2543610,7341068
2021-06-21,"Johnson&Johnson, Moderna, Oxford/AstraZeneca, Pfizer/BioNTech",4829641,2621916,7451557
2021-06-22,"Johnson&Johnson, Moderna, Oxford/AstraZeneca, Pfizer/BioNTech",4861641,2703916,7565557
2021-06-23,"Johnson&Johnson, Moderna, Oxford/AstraZeneca, Pfizer/BioNTech",4892398,2788867,7681265
2021-06-24,"Johnson&Johnson, Moderna, Oxford/AstraZeneca, Pfizer/BioNTech",4921884,2878661,7800545
2021-06-25,"Johnson&Johnson, Moderna, Oxford/AstraZeneca, Pfizer/BioNTech",4952501,2964481,7916982
2021-06-26,"Johnson&Johnson, Moderna, Oxford/AstraZeneca, Pfizer/BioNTech",4968117,2999112,7967229
2021-06-27,"Johnson&Johnson, Moderna, Oxford/AstraZeneca, Pfizer/BioNTech",4981907,3025639,8007546
2021-06-28,"Johnson&Johnson, Moderna, Oxford/AstraZeneca, Pfizer/BioNTech",5010001,3110497,8120498
2021-06-29,"Johnson&Johnson, Moderna, Oxford/AstraZeneca, Pfizer/BioNTech",5038876,3196699,8235575
2021-06-30,"Johnson&Johnson, Moderna, Oxford/AstraZeneca, Pfizer/BioNTech",5065951,3287254,8353205
2021-07-01,"Johnson&Johnson, Moderna, Oxford/AstraZeneca, Pfizer/BioNTech",5089492,3376666,8466158
2021-07-02,"Johnson&Johnson, Moderna, Oxford/AstraZeneca, Pfizer/BioNTech",5115815,3461825,8577640
2021-07-03,"Johnson&Johnson, Moderna, Oxford/AstraZeneca, Pfizer/BioNTech",5122779,3493153,8615932
2021-07-04,"Johnson&Johnson, Moderna, Oxford/AstraZeneca, Pfizer/BioNTech",5130231,3514824,8645055
2021-07-05,"Johnson&Johnson, Moderna, Oxford/AstraZeneca, Pfizer/BioNTech",5137492,3540047,8677539
2021-07-06,"Johnson&Johnson, Moderna, Oxford/AstraZeneca, Pfizer/BioNTech",5142726,3567517,8710243
2021-07-07,"Johnson&Johnson, Moderna, Oxford/AstraZeneca, Pfizer/BioNTech",5168129,3645959,8814088
2021-07-08,"Johnson&Johnson, Moderna, Oxford/AstraZeneca, Pfizer/BioNTech",5194348,3715792,8910140
2021-07-09,"Johnson&Johnson, Moderna, Oxford/AstraZeneca, Pfizer/BioNTech",5221871,3784545,9006416
2021-07-10,"Johnson&Johnson, Moderna, Oxford/AstraZeneca, Pfizer/BioNTech",5231081,3812981,9044062
2021-07-11,"Johnson&Johnson, Moderna, Oxford/AstraZeneca, Pfizer/BioNTech",5239524,3835739,9075263
2021-07-12,"Johnson&Johnson, Moderna, Oxford/AstraZeneca, Pfizer/BioNTech",5266387,3903904,9170291
2021-07-13,"Johnson&Johnson, Moderna, Oxford/AstraZeneca, Pfizer/BioNTech",5291742,3972656,9264398
2021-07-14,"Johnson&Johnson, Moderna, Oxford/AstraZeneca, Pfizer/BioNTech",5316813,4043380,9360193
2021-07-15,"Johnson&Johnson, Moderna, Oxford/AstraZeneca, Pfizer/BioNTech",5344200,4106181,9450381
