date,vaccine,people_vaccinated,people_fully_vaccinated,total_vaccinations
2020-12-27,Pfizer/BioNTech,1273,0,1273
2020-12-28,Pfizer/BioNTech,3573,0,3573
2020-12-29,Pfizer/BioNTech,7029,0,7029
2020-12-30,Pfizer/BioNTech,10523,0,10523
2020-12-31,Pfizer/BioNTech,11828,0,11828
2021-01-01,"Moderna, Pfizer/BioNTech",12093,0,12093
2021-01-02,Pfizer/BioNTech,13366,0,13366
2021-01-03,Pfizer/BioNTech,14287,0,14287
2021-01-04,"Moderna, Pfizer/BioNTech",17882,0,17882
2021-01-05,"Moderna, Pfizer/BioNTech",22386,0,22386
2021-01-06,Pfizer/BioNTech,28224,0,28224
2021-01-07,Pfizer/BioNTech,36188,0,36188
2021-01-08,Pfizer/BioNTech,46162,0,46162
2021-01-09,Pfizer/BioNTech,48180,0,48180
2021-01-10,Pfizer/BioNTech,49938,2,49940
2021-01-11,Pfizer/BioNTech,59755,4,59759
2021-01-12,Pfizer/BioNTech,73155,6,73161
2021-01-13,Pfizer/BioNTech,86652,6,86658
2021-01-14,"Moderna, Pfizer/BioNTech",101843,8,101851
2021-01-15,"Moderna, Pfizer/BioNTech",115807,8,115815
2021-01-16,"Moderna, Pfizer/BioNTech",119185,10,119195
2021-01-17,"Moderna, Pfizer/BioNTech",121788,651,122439
2021-01-18,"Moderna, Pfizer/BioNTech",134256,2473,136729
2021-01-19,"Moderna, Pfizer/BioNTech",146807,5185,151992
2021-01-20,"Moderna, Pfizer/BioNTech",160435,7829,168264
2021-01-21,"Moderna, Pfizer/BioNTech",176035,9560,185595
2021-01-22,"Moderna, Pfizer/BioNTech",190853,10603,201456
2021-01-23,"Moderna, Pfizer/BioNTech",194147,11474,205621
2021-01-24,"Moderna, Pfizer/BioNTech",196391,12343,208734
2021-01-25,"Moderna, Pfizer/BioNTech",206005,15314,221319
2021-01-26,"Moderna, Pfizer/BioNTech",216517,19284,235801
2021-01-27,"Moderna, Pfizer/BioNTech",225525,23797,249322
2021-01-28,"Moderna, Pfizer/BioNTech",232586,29906,262492
2021-01-29,"Moderna, Pfizer/BioNTech",238781,37779,276560
2021-01-30,"Moderna, Pfizer/BioNTech",239512,38866,278378
2021-01-31,"Moderna, Pfizer/BioNTech",240219,40044,280263
2021-02-01,"Moderna, Pfizer/BioNTech",244177,47964,292141
2021-02-02,"Moderna, Pfizer/BioNTech",248303,58174,306477
2021-02-03,"Moderna, Pfizer/BioNTech",252704,69150,321854
2021-02-04,"Moderna, Pfizer/BioNTech",257593,82101,339694
2021-02-05,"Moderna, Pfizer/BioNTech",263036,92741,355777
2021-02-06,"Moderna, Pfizer/BioNTech",263877,95088,358965
2021-02-07,"Moderna, Pfizer/BioNTech",264725,97574,362299
2021-02-08,"Moderna, Oxford/AstraZeneca, Pfizer/BioNTech",268771,108949,377720
2021-02-09,"Moderna, Oxford/AstraZeneca, Pfizer/BioNTech",273844,120859,394703
2021-02-10,"Moderna, Pfizer/BioNTech",279326,134055,413381
2021-02-11,"Moderna, Oxford/AstraZeneca, Pfizer/BioNTech",285619,150219,435838
2021-02-12,"Moderna, Oxford/AstraZeneca, Pfizer/BioNTech",292348,164893,457241
2021-02-13,"Moderna, Oxford/AstraZeneca, Pfizer/BioNTech",293934,167871,461805
2021-02-14,"Moderna, Oxford/AstraZeneca, Pfizer/BioNTech",294925,169246,464171
2021-02-15,"Moderna, Oxford/AstraZeneca, Pfizer/BioNTech",301310,178574,479884
2021-02-16,"Moderna, Oxford/AstraZeneca, Pfizer/BioNTech",310008,187618,497626
2021-02-17,"Moderna, Oxford/AstraZeneca, Pfizer/BioNTech",319688,195892,515580
2021-02-18,"Moderna, Oxford/AstraZeneca, Pfizer/BioNTech",331976,203923,535899
2021-02-19,"Moderna, Oxford/AstraZeneca, Pfizer/BioNTech",343809,211233,555042
2021-02-20,"Moderna, Oxford/AstraZeneca, Pfizer/BioNTech",345783,212404,558187
2021-02-21,"Moderna, Oxford/AstraZeneca, Pfizer/BioNTech",346890,213418,560308
2021-02-22,"Moderna, Oxford/AstraZeneca, Pfizer/BioNTech",356987,219418,576405
2021-02-23,"Moderna, Oxford/AstraZeneca, Pfizer/BioNTech",369891,226365,596256
2021-02-24,"Moderna, Oxford/AstraZeneca, Pfizer/BioNTech",383735,232372,616107
2021-02-25,"Moderna, Oxford/AstraZeneca, Pfizer/BioNTech",401680,237901,639581
2021-02-26,"Moderna, Oxford/AstraZeneca, Pfizer/BioNTech",417814,243224,661038
2021-02-27,"Moderna, Oxford/AstraZeneca, Pfizer/BioNTech",420817,243774,664591
2021-02-28,"Moderna, Oxford/AstraZeneca, Pfizer/BioNTech",423159,244319,667478
2021-03-01,"Moderna, Oxford/AstraZeneca, Pfizer/BioNTech",442660,247733,690393
2021-03-02,"Moderna, Oxford/AstraZeneca, Pfizer/BioNTech",469832,251265,721097
2021-03-03,"Moderna, Oxford/AstraZeneca, Pfizer/BioNTech",500607,255749,756356
2021-03-04,"Moderna, Oxford/AstraZeneca, Pfizer/BioNTech",533760,260409,794169
2021-03-05,"Johnson&Johnson, Moderna, Oxford/AstraZeneca, Pfizer/BioNTech",562491,265795,828286
2021-03-06,"Johnson&Johnson, Moderna, Oxford/AstraZeneca, Pfizer/BioNTech",574603,266637,841240
2021-03-07,"Johnson&Johnson, Moderna, Oxford/AstraZeneca, Pfizer/BioNTech",586003,267469,853472
2021-03-08,"Johnson&Johnson, Moderna, Oxford/AstraZeneca, Pfizer/BioNTech",615616,272287,887903
2021-03-09,"Johnson&Johnson, Moderna, Oxford/AstraZeneca, Pfizer/BioNTech",651797,278640,930437
2021-03-10,"Moderna, Oxford/AstraZeneca, Pfizer/BioNTech",692942,285576,978518
2021-03-11,"Johnson&Johnson, Moderna, Oxford/AstraZeneca, Pfizer/BioNTech",737619,293922,1031541
2021-03-12,"Moderna, Oxford/AstraZeneca, Pfizer/BioNTech",776258,302365,1078623
2021-03-13,"Moderna, Oxford/AstraZeneca, Pfizer/BioNTech",793294,303650,1096944
2021-03-14,"Moderna, Oxford/AstraZeneca, Pfizer/BioNTech",805375,304784,1110159
2021-03-15,"Moderna, Oxford/AstraZeneca, Pfizer/BioNTech",833660,313544,1147204
2021-03-16,"Johnson&Johnson, Moderna, Oxford/AstraZeneca, Pfizer/BioNTech",872467,324045,1196512
2021-03-17,"Moderna, Oxford/AstraZeneca, Pfizer/BioNTech",909875,334516,1244391
2021-03-18,"Johnson&Johnson, Moderna, Oxford/AstraZeneca, Pfizer/BioNTech",947731,346898,1294629
2021-03-19,"Moderna, Oxford/AstraZeneca, Pfizer/BioNTech",982078,360477,1342555
2021-03-20,"Johnson&Johnson, Moderna, Oxford/AstraZeneca, Pfizer/BioNTech",997179,362492,1359671
2021-03-21,"Johnson&Johnson, Moderna, Oxford/AstraZeneca, Pfizer/BioNTech",1004565,364036,1368601
2021-03-22,"Johnson&Johnson, Moderna, Oxford/AstraZeneca, Pfizer/BioNTech",1028975,376494,1405469
2021-03-23,"Johnson&Johnson, Moderna, Oxford/AstraZeneca, Pfizer/BioNTech",1055492,389811,1445303
2021-03-24,"Johnson&Johnson, Moderna, Oxford/AstraZeneca, Pfizer/BioNTech",1082296,405507,1487803
2021-03-25,"Moderna, Oxford/AstraZeneca, Pfizer/BioNTech",1108566,423323,1531889
2021-03-26,"Moderna, Oxford/AstraZeneca, Pfizer/BioNTech",1133304,440780,1574084
2021-03-27,"Johnson&Johnson, Moderna, Oxford/AstraZeneca, Pfizer/BioNTech",1141712,445608,1587320
2021-03-28,"Moderna, Oxford/AstraZeneca, Pfizer/BioNTech",1147245,449738,1596983
2021-03-29,"Johnson&Johnson, Moderna, Oxford/AstraZeneca, Pfizer/BioNTech",1166267,470386,1636653
2021-03-30,"Moderna, Oxford/AstraZeneca, Pfizer/BioNTech",1190880,492499,1683379
2021-03-31,"Johnson&Johnson, Moderna, Oxford/AstraZeneca, Pfizer/BioNTech",1213890,519506,1733396
2021-04-01,"Johnson&Johnson, Moderna, Oxford/AstraZeneca, Pfizer/BioNTech",1239422,551438,1790860
2021-04-02,"Johnson&Johnson, Moderna, Oxford/AstraZeneca, Pfizer/BioNTech",1246281,564210,1810491
2021-04-03,"Johnson&Johnson, Moderna, Oxford/AstraZeneca, Pfizer/BioNTech",1249864,575111,1824975
2021-04-04,"Johnson&Johnson, Moderna, Oxford/AstraZeneca, Pfizer/BioNTech",1252335,583906,1836241
2021-04-05,"Johnson&Johnson, Moderna, Oxford/AstraZeneca, Pfizer/BioNTech",1254685,591069,1845754
2021-04-06,"Johnson&Johnson, Moderna, Oxford/AstraZeneca, Pfizer/BioNTech",1270743,620255,1890998
2021-04-07,"Johnson&Johnson, Moderna, Oxford/AstraZeneca, Pfizer/BioNTech",1294071,642374,1936445
2021-04-08,"Johnson&Johnson, Moderna, Oxford/AstraZeneca, Pfizer/BioNTech",1332556,673240,2005796
2021-04-09,"Johnson&Johnson, Moderna, Oxford/AstraZeneca, Pfizer/BioNTech",1371788,703246,2075034
2021-04-10,"Johnson&Johnson, Moderna, Oxford/AstraZeneca, Pfizer/BioNTech",1387167,718518,2105685
2021-04-11,"Johnson&Johnson, Moderna, Oxford/AstraZeneca, Pfizer/BioNTech",1396890,728528,2125418
2021-04-12,"Johnson&Johnson, Moderna, Oxford/AstraZeneca, Pfizer/BioNTech",1434954,753502,2188456
2021-04-13,"Moderna, Oxford/AstraZeneca, Pfizer/BioNTech",1471041,779413,2250454
2021-04-14,"Moderna, Oxford/AstraZeneca, Pfizer/BioNTech",1509736,806724,2316460
2021-04-15,"Moderna, Oxford/AstraZeneca, Pfizer/BioNTech",1557420,832393,2389813
2021-04-16,"Moderna, Oxford/AstraZeneca, Pfizer/BioNTech",1601950,857975,2459925
2021-04-17,"Moderna, Oxford/AstraZeneca, Pfizer/BioNTech",1618562,866979,2485541
2021-04-18,"Moderna, Oxford/AstraZeneca, Pfizer/BioNTech",1631493,871946,2503439
2021-04-19,"Moderna, Oxford/AstraZeneca, Pfizer/BioNTech",1675373,887329,2562702
2021-04-20,"Johnson&Johnson, Moderna, Oxford/AstraZeneca, Pfizer/BioNTech",1717474,903135,2620609
2021-04-21,"Moderna, Oxford/AstraZeneca, Pfizer/BioNTech",1765149,917388,2682537
2021-04-22,"Johnson&Johnson, Moderna, Oxford/AstraZeneca, Pfizer/BioNTech",1819574,934725,2754299
2021-04-23,"Johnson&Johnson, Moderna, Oxford/AstraZeneca, Pfizer/BioNTech",1869486,946702,2816188
2021-04-24,"Johnson&Johnson, Moderna, Oxford/AstraZeneca, Pfizer/BioNTech",1887282,951921,2839203
2021-04-25,"Johnson&Johnson, Moderna, Oxford/AstraZeneca, Pfizer/BioNTech",1901940,955910,2857850
2021-04-26,"Johnson&Johnson, Moderna, Oxford/AstraZeneca, Pfizer/BioNTech",1951494,963432,2914926
2021-04-27,"Johnson&Johnson, Moderna, Oxford/AstraZeneca, Pfizer/BioNTech",2000416,975588,2976004
2021-04-28,"Johnson&Johnson, Moderna, Oxford/AstraZeneca, Pfizer/BioNTech",2059125,989527,3048652
2021-04-29,"Johnson&Johnson, Moderna, Oxford/AstraZeneca, Pfizer/BioNTech",2124624,1005336,3129960
2021-04-30,"Johnson&Johnson, Moderna, Oxford/AstraZeneca, Pfizer/BioNTech",2186781,1015235,3202016
2021-05-01,"Johnson&Johnson, Moderna, Oxford/AstraZeneca, Pfizer/BioNTech",2206064,1018644,3224708
2021-05-02,"Johnson&Johnson, Moderna, Oxford/AstraZeneca, Pfizer/BioNTech",2224946,1020888,3245834
2021-05-03,"Johnson&Johnson, Moderna, Oxford/AstraZeneca, Pfizer/BioNTech",2292145,1025920,3318065
2021-05-04,"Johnson&Johnson, Moderna, Oxford/AstraZeneca, Pfizer/BioNTech",2358559,1034187,3392746
2021-05-05,"Johnson&Johnson, Moderna, Oxford/AstraZeneca, Pfizer/BioNTech",2431660,1043525,3475185
2021-05-06,"Johnson&Johnson, Moderna, Oxford/AstraZeneca, Pfizer/BioNTech",2511999,1054133,3566132
2021-05-07,"Johnson&Johnson, Moderna, Oxford/AstraZeneca, Pfizer/BioNTech",2589234,1064125,3653359
2021-05-08,"Johnson&Johnson, Moderna, Oxford/AstraZeneca, Pfizer/BioNTech",2618625,1065843,3684468
2021-05-09,"Johnson&Johnson, Moderna, Oxford/AstraZeneca, Pfizer/BioNTech",2642784,1067031,3709815
2021-05-10,"Johnson&Johnson, Moderna, Oxford/AstraZeneca, Pfizer/BioNTech",2715484,1074163,3789647
2021-05-11,"Johnson&Johnson, Moderna, Oxford/AstraZeneca, Pfizer/BioNTech",2791536,1082915,3874451
2021-05-12,"Johnson&Johnson, Moderna, Oxford/AstraZeneca, Pfizer/BioNTech",2871335,1091935,3963270
2021-05-13,"Johnson&Johnson, Moderna, Oxford/AstraZeneca, Pfizer/BioNTech",2955305,1101040,4056345
2021-05-14,"Johnson&Johnson, Moderna, Oxford/AstraZeneca, Pfizer/BioNTech",3034663,1108763,4143426
2021-05-15,"Johnson&Johnson, Moderna, Oxford/AstraZeneca, Pfizer/BioNTech",3066488,1110938,4177426
2021-05-16,"Johnson&Johnson, Moderna, Oxford/AstraZeneca, Pfizer/BioNTech",3092226,1112148,4204374
2021-05-17,"Johnson&Johnson, Moderna, Oxford/AstraZeneca, Pfizer/BioNTech",3164695,1118815,4283510
2021-05-18,"Johnson&Johnson, Moderna, Oxford/AstraZeneca, Pfizer/BioNTech",3236591,1131774,4368365
2021-05-19,"Johnson&Johnson, Moderna, Oxford/AstraZeneca, Pfizer/BioNTech",3314004,1146829,4460833
2021-05-20,"Johnson&Johnson, Moderna, Oxford/AstraZeneca, Pfizer/BioNTech",3389393,1173735,4563128
2021-05-21,"Johnson&Johnson, Moderna, Oxford/AstraZeneca, Pfizer/BioNTech",3458128,1201359,4659487
2021-05-22,"Johnson&Johnson, Moderna, Oxford/AstraZeneca, Pfizer/BioNTech",3490445,1212430,4702875
2021-05-23,"Johnson&Johnson, Moderna, Oxford/AstraZeneca, Pfizer/BioNTech",3512742,1221391,4734133
2021-05-24,"Johnson&Johnson, Moderna, Oxford/AstraZeneca, Pfizer/BioNTech",3559801,1254879,4814680
2021-05-25,"Johnson&Johnson, Moderna, Oxford/AstraZeneca, Pfizer/BioNTech",3611602,1290531,4902133
2021-05-26,"Johnson&Johnson, Moderna, Oxford/AstraZeneca, Pfizer/BioNTech",3679289,1327928,5007217
2021-05-27,"Johnson&Johnson, Moderna, Oxford/AstraZeneca, Pfizer/BioNTech",3740620,1375161,5115781
2021-05-28,"Johnson&Johnson, Moderna, Oxford/AstraZeneca, Pfizer/BioNTech",3802267,1421574,5223841
2021-05-29,"Johnson&Johnson, Moderna, Oxford/AstraZeneca, Pfizer/BioNTech",3831405,1438620,5270025
2021-05-30,"Johnson&Johnson, Moderna, Oxford/AstraZeneca, Pfizer/BioNTech",3853734,1453002,5306736
2021-05-31,"Johnson&Johnson, Moderna, Oxford/AstraZeneca, Pfizer/BioNTech",3909424,1500371,5409795
2021-06-01,"Johnson&Johnson, Moderna, Oxford/AstraZeneca, Pfizer/BioNTech",3968417,1548700,5517117
2021-06-02,"Johnson&Johnson, Moderna, Oxford/AstraZeneca, Pfizer/BioNTech",4031251,1602581,5633832
2021-06-03,"Johnson&Johnson, Moderna, Oxford/AstraZeneca, Pfizer/BioNTech",4089450,1662688,5752138
2021-06-04,"Johnson&Johnson, Moderna, Oxford/AstraZeneca, Pfizer/BioNTech",4152505,1719980,5872485
2021-06-05,"Johnson&Johnson, Moderna, Oxford/AstraZeneca, Pfizer/BioNTech",4186630,1738741,5925371
2021-06-06,"Johnson&Johnson, Moderna, Oxford/AstraZeneca, Pfizer/BioNTech",4213526,1753818,5967344
2021-06-07,"Johnson&Johnson, Moderna, Oxford/AstraZeneca, Pfizer/BioNTech",4277180,1809358,6086538
2021-06-08,"Johnson&Johnson, Moderna, Oxford/AstraZeneca, Pfizer/BioNTech",4341124,1864238,6205362
2021-06-09,"Johnson&Johnson, Moderna, Oxford/AstraZeneca, Pfizer/BioNTech",4400247,1928555,6328802
2021-06-10,"Johnson&Johnson, Moderna, Oxford/AstraZeneca, Pfizer/BioNTech",4454053,1999525,6453578
2021-06-11,"Johnson&Johnson, Moderna, Oxford/AstraZeneca, Pfizer/BioNTech",4506114,2069112,6575226
2021-06-12,"Johnson&Johnson, Moderna, Oxford/AstraZeneca, Pfizer/BioNTech",4538083,2089828,6627911
2021-06-13,"Johnson&Johnson, Moderna, Oxford/AstraZeneca, Pfizer/BioNTech",4562076,2108168,6670244
2021-06-14,"Johnson&Johnson, Moderna, Oxford/AstraZeneca, Pfizer/BioNTech",4605037,2182415,6787452
2021-06-15,"Johnson&Johnson, Moderna, Oxford/AstraZeneca, Pfizer/BioNTech",4649641,2254610,6904251
2021-06-16,"Johnson&Johnson, Moderna, Oxford/AstraZeneca, Pfizer/BioNTech",4692345,2332683,7025028
2021-06-17,"Johnson&Johnson, Moderna, Oxford/AstraZeneca, Pfizer/BioNTech",4731697,2415615,7147312
2021-06-18,"Johnson&Johnson, Moderna, Oxford/AstraZeneca, Pfizer/BioNTech",4774044,2495969,7270013
2021-06-19,"Johnson&Johnson, Moderna, Oxford/AstraZeneca, Pfizer/BioNTech",4795761,2525174,7320935
2021-06-20,"Johnson&Johnson, Moderna, Oxford/AstraZeneca, Pfizer/BioNTech",4813117,2548917,7362034
2021-06-21,"Johnson&Johnson, Moderna, Oxford/AstraZeneca, Pfizer/BioNTech",4845600,2627343,7472943
2021-06-22,"Johnson&Johnson, Moderna, Oxford/AstraZeneca, Pfizer/BioNTech",4878532,2709455,7587987
2021-06-23,"Johnson&Johnson, Moderna, Oxford/AstraZeneca, Pfizer/BioNTech",4910155,2794550,7704705
2021-06-24,"Johnson&Johnson, Moderna, Oxford/AstraZeneca, Pfizer/BioNTech",4939965,2884462,7824427
2021-06-25,"Johnson&Johnson, Moderna, Oxford/AstraZeneca, Pfizer/BioNTech",4970976,2970436,7941412
2021-06-26,"Johnson&Johnson, Moderna, Oxford/AstraZeneca, Pfizer/BioNTech",4986811,3005154,7991965
2021-06-27,"Johnson&Johnson, Moderna, Oxford/AstraZeneca, Pfizer/BioNTech",5000750,3031718,8032468
2021-06-28,"Johnson&Johnson, Moderna, Oxford/AstraZeneca, Pfizer/BioNTech",5029140,3116779,8145919
2021-06-29,"Johnson&Johnson, Moderna, Oxford/AstraZeneca, Pfizer/BioNTech",5058368,3203146,8261514
2021-06-30,"Johnson&Johnson, Moderna, Oxford/AstraZeneca, Pfizer/BioNTech",5085853,3293968,8379821
2021-07-01,"Johnson&Johnson, Moderna, Oxford/AstraZeneca, Pfizer/BioNTech",5109775,3383846,8493621
2021-07-02,"Johnson&Johnson, Moderna, Oxford/AstraZeneca, Pfizer/BioNTech",5136460,3469513,8605973
2021-07-03,"Johnson&Johnson, Moderna, Oxford/AstraZeneca, Pfizer/BioNTech",5143526,3500945,8644471
2021-07-04,"Johnson&Johnson, Moderna, Oxford/AstraZeneca, Pfizer/BioNTech",5151055,3522693,8673748
2021-07-05,"Johnson&Johnson, Moderna, Oxford/AstraZeneca, Pfizer/BioNTech",5158391,3547987,8706378
2021-07-06,"Johnson&Johnson, Moderna, Oxford/AstraZeneca, Pfizer/BioNTech",5163771,3575529,8739300
2021-07-07,"Johnson&Johnson, Moderna, Oxford/AstraZeneca, Pfizer/BioNTech",5189529,3654356,8843885
2021-07-08,"Johnson&Johnson, Moderna, Oxford/AstraZeneca, Pfizer/BioNTech",5216064,3724548,8940612
2021-07-09,"Johnson&Johnson, Moderna, Oxford/AstraZeneca, Pfizer/BioNTech",5243887,3793685,9037572
2021-07-10,"Johnson&Johnson, Moderna, Oxford/AstraZeneca, Pfizer/BioNTech",5253201,3822229,9075430
2021-07-11,"Johnson&Johnson, Moderna, Oxford/AstraZeneca, Pfizer/BioNTech",5261706,3845058,9106764
2021-07-12,"Johnson&Johnson, Moderna, Oxford/AstraZeneca, Pfizer/BioNTech",5289206,3914050,9203256
2021-07-13,"Johnson&Johnson, Moderna, Oxford/AstraZeneca, Pfizer/BioNTech",5315365,3983814,9299179
2021-07-14,"Johnson&Johnson, Moderna, Oxford/AstraZeneca, Pfizer/BioNTech",5341180,4055713,9396893
2021-07-15,"Johnson&Johnson, Moderna, Oxford/AstraZeneca, Pfizer/BioNTech",5370366,4121595,9491961
2021-07-16,"Johnson&Johnson, Moderna, Oxford/AstraZeneca, Pfizer/BioNTech",5398244,4194172,9592416
2021-07-17,"Johnson&Johnson, Moderna, Oxford/AstraZeneca, Pfizer/BioNTech",5406982,4225541,9632523
2021-07-18,"Johnson&Johnson, Moderna, Oxford/AstraZeneca, Pfizer/BioNTech",5415404,4251495,9666899
2021-07-19,"Johnson&Johnson, Moderna, Oxford/AstraZeneca, Pfizer/BioNTech",5438704,4318419,9757123
2021-07-20,"Johnson&Johnson, Moderna, Oxford/AstraZeneca, Pfizer/BioNTech",5460037,4385355,9845392
2021-07-21,"Johnson&Johnson, Moderna, Oxford/AstraZeneca, Pfizer/BioNTech",5483400,4448684,9932084
2021-07-22,"Johnson&Johnson, Moderna, Oxford/AstraZeneca, Pfizer/BioNTech",5505676,4507175,10012851
2021-07-23,"Johnson&Johnson, Moderna, Oxford/AstraZeneca, Pfizer/BioNTech",5528794,4561781,10090575
2021-07-24,"Johnson&Johnson, Moderna, Oxford/AstraZeneca, Pfizer/BioNTech",5536079,4589355,10125434
2021-07-25,"Johnson&Johnson, Moderna, Oxford/AstraZeneca, Pfizer/BioNTech",5542666,4611334,10154000
2021-07-26,"Johnson&Johnson, Moderna, Oxford/AstraZeneca, Pfizer/BioNTech",5566139,4659779,10225918
2021-07-27,"Johnson&Johnson, Moderna, Oxford/AstraZeneca, Pfizer/BioNTech",5588759,4706282,10295041
2021-07-28,"Johnson&Johnson, Moderna, Oxford/AstraZeneca, Pfizer/BioNTech",5609913,4752133,10362046
2021-07-29,"Johnson&Johnson, Moderna, Oxford/AstraZeneca, Pfizer/BioNTech",5631093,4793949,10425042
2021-07-30,"Johnson&Johnson, Moderna, Oxford/AstraZeneca, Pfizer/BioNTech",5654292,4836379,10490671
2021-07-31,"Johnson&Johnson, Moderna, Oxford/AstraZeneca, Pfizer/BioNTech",5663191,4855847,10519038
2021-08-01,"Johnson&Johnson, Moderna, Oxford/AstraZeneca, Pfizer/BioNTech",5669881,4871964,10541845
2021-08-02,"Johnson&Johnson, Moderna, Oxford/AstraZeneca, Pfizer/BioNTech",5688429,4909409,10597838
2021-08-03,"Johnson&Johnson, Moderna, Oxford/AstraZeneca, Pfizer/BioNTech",5705985,4947411,10653396
2021-08-04,"Johnson&Johnson, Moderna, Oxford/AstraZeneca, Pfizer/BioNTech",5721988,4984029,10706017
2021-08-05,"Johnson&Johnson, Moderna, Oxford/AstraZeneca, Pfizer/BioNTech",5737794,5024385,10762179
2021-08-06,"Johnson&Johnson, Moderna, Oxford/AstraZeneca, Pfizer/BioNTech",5754400,5067533,10821933
2021-08-07,"Johnson&Johnson, Moderna, Oxford/AstraZeneca, Pfizer/BioNTech",5759920,5085634,10845554
2021-08-08,"Johnson&Johnson, Moderna, Oxford/AstraZeneca, Pfizer/BioNTech",5764104,5101328,10865432
2021-08-09,"Johnson&Johnson, Moderna, Oxford/AstraZeneca, Pfizer/BioNTech",5776535,5146291,10922826
2021-08-10,"Johnson&Johnson, Moderna, Oxford/AstraZeneca, Pfizer/BioNTech",5788240,5185752,10973992
2021-08-11,"Johnson&Johnson, Moderna, Oxford/AstraZeneca, Pfizer/BioNTech",5799480,5228787,11028267
2021-08-12,"Johnson&Johnson, Moderna, Oxford/AstraZeneca, Pfizer/BioNTech",5810761,5265766,11076527
2021-08-13,"Johnson&Johnson, Moderna, Oxford/AstraZeneca, Pfizer/BioNTech",5821336,5305962,11127298
2021-08-14,"Johnson&Johnson, Moderna, Oxford/AstraZeneca, Pfizer/BioNTech",5824658,5316616,11141274
2021-08-15,"Johnson&Johnson, Moderna, Oxford/AstraZeneca, Pfizer/BioNTech",5827222,5326958,11154180
2021-08-16,"Johnson&Johnson, Moderna, Oxford/AstraZeneca, Pfizer/BioNTech",5836943,5360928,11197871
2021-08-17,"Johnson&Johnson, Moderna, Oxford/AstraZeneca, Pfizer/BioNTech",5846385,5387922,11234307
2021-08-18,"Johnson&Johnson, Moderna, Oxford/AstraZeneca, Pfizer/BioNTech",5855620,5426654,11282274
2021-08-19,"Johnson&Johnson, Moderna, Oxford/AstraZeneca, Pfizer/BioNTech",5865178,5464896,11330074
2021-08-20,"Johnson&Johnson, Moderna, Oxford/AstraZeneca, Pfizer/BioNTech",5876368,5504968,11381336
2021-08-21,"Johnson&Johnson, Moderna, Oxford/AstraZeneca, Pfizer/BioNTech",5879045,5517686,11396731
2021-08-22,"Johnson&Johnson, Moderna, Oxford/AstraZeneca, Pfizer/BioNTech",5881359,5529623,11410982
2021-08-23,"Johnson&Johnson, Moderna, Oxford/AstraZeneca, Pfizer/BioNTech",5891733,5568705,11460438
2021-08-24,"Johnson&Johnson, Moderna, Oxford/AstraZeneca, Pfizer/BioNTech",5901465,5601837,11503302
2021-08-25,"Johnson&Johnson, Moderna, Oxford/AstraZeneca, Pfizer/BioNTech",5910096,5629902,11539998
2021-08-26,"Johnson&Johnson, Moderna, Oxford/AstraZeneca, Pfizer/BioNTech",5918360,5655735,11574095
2021-08-27,"Johnson&Johnson, Moderna, Oxford/AstraZeneca, Pfizer/BioNTech",5928468,5681406,11609874
2021-08-28,"Johnson&Johnson, Moderna, Oxford/AstraZeneca, Pfizer/BioNTech",5931117,5688349,11619466
2021-08-29,"Johnson&Johnson, Moderna, Oxford/AstraZeneca, Pfizer/BioNTech",5933412,5694731,11628143
2021-08-30,"Johnson&Johnson, Moderna, Oxford/AstraZeneca, Pfizer/BioNTech",5941732,5716266,11657998
2021-08-31,"Johnson&Johnson, Moderna, Oxford/AstraZeneca, Pfizer/BioNTech",5949194,5734093,11683287
2021-09-01,"Johnson&Johnson, Moderna, Oxford/AstraZeneca, Pfizer/BioNTech",5954874,5747849,11702723
2021-09-02,"Johnson&Johnson, Moderna, Oxford/AstraZeneca, Pfizer/BioNTech",5961461,5761843,11723304
2021-09-03,"Johnson&Johnson, Moderna, Oxford/AstraZeneca, Pfizer/BioNTech",5970695,5777278,11747973
2021-09-04,"Johnson&Johnson, Moderna, Oxford/AstraZeneca, Pfizer/BioNTech",5972614,5780721,11753335
2021-09-05,"Johnson&Johnson, Moderna, Pfizer/BioNTech",5974460,5783438,11757898
2021-09-06,"Johnson&Johnson, Moderna, Oxford/AstraZeneca, Pfizer/BioNTech",5980284,5795677,11775961
2021-09-07,"Johnson&Johnson, Moderna, Oxford/AstraZeneca, Pfizer/BioNTech",5984461,5806551,11791012
2021-09-08,"Johnson&Johnson, Moderna, Oxford/AstraZeneca, Pfizer/BioNTech",5989906,5816248,11806154
2021-09-09,"Johnson&Johnson, Moderna, Oxford/AstraZeneca, Pfizer/BioNTech",5995821,5825547,11821368
