date,vaccine,people_vaccinated,people_fully_vaccinated,total_vaccinations
2020-12-27,Pfizer/BioNTech,1288,0,1288
2020-12-28,Pfizer/BioNTech,3591,0,3591
2020-12-29,Pfizer/BioNTech,7063,1,7064
2020-12-30,Pfizer/BioNTech,10580,1,10581
2020-12-31,Pfizer/BioNTech,11891,1,11892
2021-01-01,"Moderna, Pfizer/BioNTech",12160,1,12161
2021-01-02,"Moderna, Pfizer/BioNTech",13443,2,13445
2021-01-03,"Moderna, Pfizer/BioNTech",14370,2,14372
2021-01-04,"Moderna, Pfizer/BioNTech",17981,2,17983
2021-01-05,"Moderna, Pfizer/BioNTech",22507,3,22510
2021-01-06,"Moderna, Pfizer/BioNTech",28354,4,28358
2021-01-07,"Moderna, Pfizer/BioNTech",36352,4,36356
2021-01-08,"Moderna, Pfizer/BioNTech",46405,5,46410
2021-01-09,"Moderna, Pfizer/BioNTech",48433,7,48440
2021-01-10,Pfizer/BioNTech,50204,9,50213
2021-01-11,"Moderna, Pfizer/BioNTech",60061,11,60072
2021-01-12,"Moderna, Pfizer/BioNTech",73517,13,73530
2021-01-13,"Moderna, Pfizer/BioNTech",87063,13,87076
2021-01-14,"Moderna, Pfizer/BioNTech",102316,17,102333
2021-01-15,"Moderna, Pfizer/BioNTech",116338,18,116356
2021-01-16,"Moderna, Pfizer/BioNTech",119742,22,119764
2021-01-17,"Moderna, Pfizer/BioNTech",122363,658,123021
2021-01-18,"Moderna, Pfizer/BioNTech",134857,2485,137342
2021-01-19,"Moderna, Pfizer/BioNTech",147470,5214,152684
2021-01-20,"Moderna, Pfizer/BioNTech",161168,7878,169046
2021-01-21,"Moderna, Pfizer/BioNTech",176823,9620,186443
2021-01-22,"Moderna, Pfizer/BioNTech",191717,10664,202381
2021-01-23,"Moderna, Pfizer/BioNTech",195036,11542,206578
2021-01-24,"Moderna, Pfizer/BioNTech",197292,12413,209705
2021-01-25,"Moderna, Pfizer/BioNTech",206947,15385,222332
2021-01-26,"Moderna, Pfizer/BioNTech",217494,19377,236871
2021-01-27,"Moderna, Pfizer/BioNTech",226526,23912,250438
2021-01-28,"Moderna, Pfizer/BioNTech",233632,30044,263676
2021-01-29,"Moderna, Pfizer/BioNTech",239847,37953,277800
2021-01-30,"Moderna, Pfizer/BioNTech",240588,39041,279629
2021-01-31,"Moderna, Pfizer/BioNTech",241306,40223,281529
2021-02-01,"Moderna, Pfizer/BioNTech",245289,48193,293482
2021-02-02,"Moderna, Pfizer/BioNTech",249442,58433,307875
2021-02-03,"Moderna, Pfizer/BioNTech",253869,69454,323323
2021-02-04,"Moderna, Pfizer/BioNTech",258777,82448,341225
2021-02-05,"Moderna, Pfizer/BioNTech",264253,93124,357377
2021-02-06,"Moderna, Oxford/AstraZeneca, Pfizer/BioNTech",265112,95490,360602
2021-02-07,"Moderna, Oxford/AstraZeneca, Pfizer/BioNTech",265963,97990,363953
2021-02-08,"Moderna, Oxford/AstraZeneca, Pfizer/BioNTech",270058,109420,379478
2021-02-09,"Moderna, Oxford/AstraZeneca, Pfizer/BioNTech",275166,121336,396502
2021-02-10,"Moderna, Oxford/AstraZeneca, Pfizer/BioNTech",280685,134597,415282
2021-02-11,"Moderna, Oxford/AstraZeneca, Pfizer/BioNTech",287028,150817,437845
2021-02-12,"Moderna, Oxford/AstraZeneca, Pfizer/BioNTech",293858,165566,459424
2021-02-13,"Moderna, Oxford/AstraZeneca, Pfizer/BioNTech",295476,168554,464030
2021-02-14,"Moderna, Oxford/AstraZeneca, Pfizer/BioNTech",296482,169940,466422
2021-02-15,"Moderna, Oxford/AstraZeneca, Pfizer/BioNTech",302881,179311,482192
2021-02-16,"Moderna, Oxford/AstraZeneca, Pfizer/BioNTech",311602,188392,499994
2021-02-17,"Moderna, Oxford/AstraZeneca, Pfizer/BioNTech",321305,196703,518008
2021-02-18,"Moderna, Oxford/AstraZeneca, Pfizer/BioNTech",333635,204788,538423
2021-02-19,"Moderna, Oxford/AstraZeneca, Pfizer/BioNTech",345501,212164,557665
2021-02-20,"Moderna, Oxford/AstraZeneca, Pfizer/BioNTech",347511,213350,560861
2021-02-21,"Moderna, Oxford/AstraZeneca, Pfizer/BioNTech",348648,214376,563024
2021-02-22,"Moderna, Oxford/AstraZeneca, Pfizer/BioNTech",358775,220414,579189
2021-02-23,"Moderna, Oxford/AstraZeneca, Pfizer/BioNTech",371740,227405,599145
2021-02-24,"Moderna, Oxford/AstraZeneca, Pfizer/BioNTech",385625,233447,619072
2021-02-25,"Moderna, Oxford/AstraZeneca, Pfizer/BioNTech",403609,238999,642608
2021-02-26,"Moderna, Oxford/AstraZeneca, Pfizer/BioNTech",419792,244359,664151
2021-02-27,"Moderna, Oxford/AstraZeneca, Pfizer/BioNTech",422801,244919,667720
2021-02-28,"Moderna, Oxford/AstraZeneca, Pfizer/BioNTech",425159,245470,670629
2021-03-01,"Moderna, Oxford/AstraZeneca, Pfizer/BioNTech",444760,248920,693680
2021-03-02,"Moderna, Oxford/AstraZeneca, Pfizer/BioNTech",471988,252470,724458
2021-03-03,"Moderna, Oxford/AstraZeneca, Pfizer/BioNTech",502945,256981,759926
2021-03-04,"Moderna, Oxford/AstraZeneca, Pfizer/BioNTech",536235,261672,797907
2021-03-05,"Johnson&Johnson, Moderna, Oxford/AstraZeneca, Pfizer/BioNTech",565079,267101,832180
2021-03-06,"Johnson&Johnson, Moderna, Oxford/AstraZeneca, Pfizer/BioNTech",577239,267967,845206
2021-03-07,"Johnson&Johnson, Moderna, Oxford/AstraZeneca, Pfizer/BioNTech",588788,268810,857598
2021-03-08,"Johnson&Johnson, Moderna, Oxford/AstraZeneca, Pfizer/BioNTech",618539,273673,892212
2021-03-09,"Johnson&Johnson, Moderna, Oxford/AstraZeneca, Pfizer/BioNTech",654912,280061,934973
2021-03-10,"Johnson&Johnson, Moderna, Oxford/AstraZeneca, Pfizer/BioNTech",696247,287022,983269
2021-03-11,"Johnson&Johnson, Moderna, Oxford/AstraZeneca, Pfizer/BioNTech",741107,295398,1036505
2021-03-12,"Johnson&Johnson, Moderna, Oxford/AstraZeneca, Pfizer/BioNTech",779872,303898,1083770
2021-03-13,"Johnson&Johnson, Moderna, Oxford/AstraZeneca, Pfizer/BioNTech",796983,305213,1102196
2021-03-14,"Johnson&Johnson, Moderna, Oxford/AstraZeneca, Pfizer/BioNTech",809102,306369,1115471
2021-03-15,"Johnson&Johnson, Moderna, Oxford/AstraZeneca, Pfizer/BioNTech",837500,315151,1152651
2021-03-16,"Johnson&Johnson, Moderna, Oxford/AstraZeneca, Pfizer/BioNTech",876398,325688,1202086
2021-03-17,"Moderna, Oxford/AstraZeneca, Pfizer/BioNTech",913887,336203,1250090
2021-03-18,"Johnson&Johnson, Moderna, Oxford/AstraZeneca, Pfizer/BioNTech",951895,348629,1300524
2021-03-19,"Johnson&Johnson, Moderna, Oxford/AstraZeneca, Pfizer/BioNTech",986416,362244,1348660
2021-03-20,"Johnson&Johnson, Moderna, Oxford/AstraZeneca, Pfizer/BioNTech",1001600,364274,1365874
2021-03-21,"Johnson&Johnson, Moderna, Oxford/AstraZeneca, Pfizer/BioNTech",1009047,365834,1374881
2021-03-22,"Johnson&Johnson, Moderna, Oxford/AstraZeneca, Pfizer/BioNTech",1033626,378338,1411964
2021-03-23,"Johnson&Johnson, Moderna, Oxford/AstraZeneca, Pfizer/BioNTech",1060302,391704,1452006
2021-03-24,"Johnson&Johnson, Moderna, Oxford/AstraZeneca, Pfizer/BioNTech",1087197,407449,1494646
2021-03-25,"Johnson&Johnson, Moderna, Oxford/AstraZeneca, Pfizer/BioNTech",1113557,425305,1538862
2021-03-26,"Johnson&Johnson, Moderna, Oxford/AstraZeneca, Pfizer/BioNTech",1138401,442819,1581220
2021-03-27,"Johnson&Johnson, Moderna, Oxford/AstraZeneca, Pfizer/BioNTech",1146863,447665,1594528
2021-03-28,"Moderna, Oxford/AstraZeneca, Pfizer/BioNTech",1152411,451813,1604224
2021-03-29,"Johnson&Johnson, Moderna, Oxford/AstraZeneca, Pfizer/BioNTech",1171571,472551,1644122
2021-03-30,"Johnson&Johnson, Moderna, Oxford/AstraZeneca, Pfizer/BioNTech",1196282,494739,1691021
2021-03-31,"Johnson&Johnson, Moderna, Oxford/AstraZeneca, Pfizer/BioNTech",1219438,521808,1741246
2021-04-01,"Johnson&Johnson, Moderna, Oxford/AstraZeneca, Pfizer/BioNTech",1245125,553867,1798992
2021-04-02,"Johnson&Johnson, Moderna, Oxford/AstraZeneca, Pfizer/BioNTech",1252109,566665,1818774
2021-04-03,"Johnson&Johnson, Moderna, Oxford/AstraZeneca, Pfizer/BioNTech",1255761,577597,1833358
2021-04-04,"Johnson&Johnson, Moderna, Oxford/AstraZeneca, Pfizer/BioNTech",1258305,586521,1844826
2021-04-05,"Johnson&Johnson, Moderna, Oxford/AstraZeneca, Pfizer/BioNTech",1260738,593727,1854465
2021-04-06,"Johnson&Johnson, Moderna, Oxford/AstraZeneca, Pfizer/BioNTech",1276955,623002,1899957
2021-04-07,"Johnson&Johnson, Moderna, Oxford/AstraZeneca, Pfizer/BioNTech",1300461,645246,1945707
2021-04-08,"Johnson&Johnson, Moderna, Oxford/AstraZeneca, Pfizer/BioNTech",1339278,676295,2015573
2021-04-09,"Johnson&Johnson, Moderna, Oxford/AstraZeneca, Pfizer/BioNTech",1378878,706497,2085375
2021-04-10,"Johnson&Johnson, Moderna, Oxford/AstraZeneca, Pfizer/BioNTech",1394446,721810,2116256
2021-04-11,"Johnson&Johnson, Moderna, Oxford/AstraZeneca, Pfizer/BioNTech",1404241,731866,2136107
2021-04-12,"Johnson&Johnson, Moderna, Oxford/AstraZeneca, Pfizer/BioNTech",1442564,757012,2199576
2021-04-13,"Moderna, Oxford/AstraZeneca, Pfizer/BioNTech",1478871,783055,2261926
2021-04-14,"Moderna, Oxford/AstraZeneca, Pfizer/BioNTech",1517760,810432,2328192
2021-04-15,"Moderna, Oxford/AstraZeneca, Pfizer/BioNTech",1565597,836213,2401810
2021-04-16,"Moderna, Oxford/AstraZeneca, Pfizer/BioNTech",1610313,861896,2472209
2021-04-17,"Moderna, Oxford/AstraZeneca, Pfizer/BioNTech",1627040,870923,2497963
2021-04-18,"Moderna, Oxford/AstraZeneca, Pfizer/BioNTech",1640040,875909,2515949
2021-04-19,"Johnson&Johnson, Moderna, Oxford/AstraZeneca, Pfizer/BioNTech",1684014,891353,2575367
2021-04-20,"Johnson&Johnson, Moderna, Oxford/AstraZeneca, Pfizer/BioNTech",1726602,907242,2633844
2021-04-21,"Moderna, Oxford/AstraZeneca, Pfizer/BioNTech",1774373,921611,2695984
2021-04-22,"Johnson&Johnson, Moderna, Oxford/AstraZeneca, Pfizer/BioNTech",1828904,939011,2767915
2021-04-23,"Johnson&Johnson, Moderna, Oxford/AstraZeneca, Pfizer/BioNTech",1878919,951078,2829997
2021-04-24,"Johnson&Johnson, Moderna, Oxford/AstraZeneca, Pfizer/BioNTech",1896797,956345,2853142
2021-04-25,"Johnson&Johnson, Moderna, Oxford/AstraZeneca, Pfizer/BioNTech",1911511,960349,2871860
2021-04-26,"Johnson&Johnson, Moderna, Oxford/AstraZeneca, Pfizer/BioNTech",1961125,967920,2929045
2021-04-27,"Johnson&Johnson, Moderna, Oxford/AstraZeneca, Pfizer/BioNTech",2010117,980175,2990292
2021-04-28,"Johnson&Johnson, Moderna, Oxford/AstraZeneca, Pfizer/BioNTech",2068901,994202,3063103
2021-04-29,"Johnson&Johnson, Moderna, Oxford/AstraZeneca, Pfizer/BioNTech",2134524,1010123,3144647
2021-04-30,"Johnson&Johnson, Moderna, Oxford/AstraZeneca, Pfizer/BioNTech",2196819,1020121,3216940
2021-05-01,"Johnson&Johnson, Moderna, Oxford/AstraZeneca, Pfizer/BioNTech",2216210,1023587,3239797
2021-05-02,"Johnson&Johnson, Moderna, Oxford/AstraZeneca, Pfizer/BioNTech",2235164,1025878,3261042
2021-05-03,"Johnson&Johnson, Moderna, Oxford/AstraZeneca, Pfizer/BioNTech",2302446,1030963,3333409
2021-05-04,"Johnson&Johnson, Moderna, Oxford/AstraZeneca, Pfizer/BioNTech",2369010,1039335,3408345
2021-05-05,"Johnson&Johnson, Moderna, Oxford/AstraZeneca, Pfizer/BioNTech",2442224,1048784,3491008
2021-05-06,"Johnson&Johnson, Moderna, Oxford/AstraZeneca, Pfizer/BioNTech",2522673,1059536,3582209
2021-05-07,"Johnson&Johnson, Moderna, Oxford/AstraZeneca, Pfizer/BioNTech",2600006,1069683,3669689
2021-05-08,"Johnson&Johnson, Moderna, Oxford/AstraZeneca, Pfizer/BioNTech",2629548,1071477,3701025
2021-05-09,"Johnson&Johnson, Moderna, Oxford/AstraZeneca, Pfizer/BioNTech",2653789,1072702,3726491
2021-05-10,"Johnson&Johnson, Moderna, Oxford/AstraZeneca, Pfizer/BioNTech",2726594,1079950,3806544
2021-05-11,"Johnson&Johnson, Moderna, Oxford/AstraZeneca, Pfizer/BioNTech",2802751,1088784,3891535
2021-05-12,"Johnson&Johnson, Moderna, Oxford/AstraZeneca, Pfizer/BioNTech",2882703,1097932,3980635
2021-05-13,"Johnson&Johnson, Moderna, Oxford/AstraZeneca, Pfizer/BioNTech",2966762,1107128,4073890
2021-05-14,"Johnson&Johnson, Moderna, Oxford/AstraZeneca, Pfizer/BioNTech",3046317,1114959,4161276
2021-05-15,"Johnson&Johnson, Moderna, Oxford/AstraZeneca, Pfizer/BioNTech",3078289,1117246,4195535
2021-05-16,"Johnson&Johnson, Moderna, Oxford/AstraZeneca, Pfizer/BioNTech",3104104,1118533,4222637
2021-05-17,"Johnson&Johnson, Moderna, Oxford/AstraZeneca, Pfizer/BioNTech",3176646,1125292,4301938
2021-05-18,"Johnson&Johnson, Moderna, Oxford/AstraZeneca, Pfizer/BioNTech",3248643,1138416,4387059
2021-05-19,"Johnson&Johnson, Moderna, Oxford/AstraZeneca, Pfizer/BioNTech",3326143,1153591,4479734
2021-05-20,"Johnson&Johnson, Moderna, Oxford/AstraZeneca, Pfizer/BioNTech",3401643,1180666,4582309
2021-05-21,"Johnson&Johnson, Moderna, Oxford/AstraZeneca, Pfizer/BioNTech",3470501,1208475,4678976
2021-05-22,"Johnson&Johnson, Moderna, Oxford/AstraZeneca, Pfizer/BioNTech",3502973,1219718,4722691
2021-05-23,"Johnson&Johnson, Moderna, Oxford/AstraZeneca, Pfizer/BioNTech",3525425,1228761,4754186
2021-05-24,"Johnson&Johnson, Moderna, Oxford/AstraZeneca, Pfizer/BioNTech",3572647,1262444,4835091
2021-05-25,"Johnson&Johnson, Moderna, Oxford/AstraZeneca, Pfizer/BioNTech",3624569,1298295,4922864
2021-05-26,"Johnson&Johnson, Moderna, Oxford/AstraZeneca, Pfizer/BioNTech",3692338,1335861,5028199
2021-05-27,"Johnson&Johnson, Moderna, Oxford/AstraZeneca, Pfizer/BioNTech",3753774,1383230,5137004
2021-05-28,"Johnson&Johnson, Moderna, Oxford/AstraZeneca, Pfizer/BioNTech",3815532,1429848,5245380
2021-05-29,"Johnson&Johnson, Moderna, Oxford/AstraZeneca, Pfizer/BioNTech",3844806,1446996,5291802
2021-05-30,"Johnson&Johnson, Moderna, Oxford/AstraZeneca, Pfizer/BioNTech",3867222,1461469,5328691
2021-05-31,"Johnson&Johnson, Moderna, Oxford/AstraZeneca, Pfizer/BioNTech",3922969,1509004,5431973
2021-06-01,"Johnson&Johnson, Moderna, Oxford/AstraZeneca, Pfizer/BioNTech",3982089,1557899,5539988
2021-06-02,"Johnson&Johnson, Moderna, Oxford/AstraZeneca, Pfizer/BioNTech",4045075,1611944,5657019
2021-06-03,"Johnson&Johnson, Moderna, Oxford/AstraZeneca, Pfizer/BioNTech",4103340,1672198,5775538
2021-06-04,"Johnson&Johnson, Moderna, Oxford/AstraZeneca, Pfizer/BioNTech",4166490,1729636,5896126
2021-06-05,"Johnson&Johnson, Moderna, Oxford/AstraZeneca, Pfizer/BioNTech",4200681,1748570,5949251
2021-06-06,"Johnson&Johnson, Moderna, Oxford/AstraZeneca, Pfizer/BioNTech",4227644,1763751,5991395
2021-06-07,"Johnson&Johnson, Moderna, Oxford/AstraZeneca, Pfizer/BioNTech",4291345,1819408,6110753
2021-06-08,"Johnson&Johnson, Moderna, Oxford/AstraZeneca, Pfizer/BioNTech",4355363,1874444,6229807
2021-06-09,"Johnson&Johnson, Moderna, Oxford/AstraZeneca, Pfizer/BioNTech",4414592,1939151,6353743
2021-06-10,"Johnson&Johnson, Moderna, Oxford/AstraZeneca, Pfizer/BioNTech",4468467,2010495,6478962
2021-06-11,"Johnson&Johnson, Moderna, Oxford/AstraZeneca, Pfizer/BioNTech",4520606,2080356,6600962
2021-06-12,"Johnson&Johnson, Moderna, Oxford/AstraZeneca, Pfizer/BioNTech",4552634,2101221,6653855
2021-06-13,"Johnson&Johnson, Moderna, Oxford/AstraZeneca, Pfizer/BioNTech",4576680,2119665,6696345
2021-06-14,"Johnson&Johnson, Moderna, Oxford/AstraZeneca, Pfizer/BioNTech",4619782,2194087,6813869
2021-06-15,"Johnson&Johnson, Moderna, Oxford/AstraZeneca, Pfizer/BioNTech",4664466,2266507,6930973
2021-06-16,"Johnson&Johnson, Moderna, Oxford/AstraZeneca, Pfizer/BioNTech",4707299,2344773,7052072
2021-06-17,"Johnson&Johnson, Moderna, Oxford/AstraZeneca, Pfizer/BioNTech",4746744,2427898,7174642
2021-06-18,"Johnson&Johnson, Moderna, Oxford/AstraZeneca, Pfizer/BioNTech",4789194,2508511,7297705
2021-06-19,"Johnson&Johnson, Moderna, Oxford/AstraZeneca, Pfizer/BioNTech",4810994,2537864,7348858
2021-06-20,"Johnson&Johnson, Moderna, Oxford/AstraZeneca, Pfizer/BioNTech",4828408,2561748,7390156
2021-06-21,"Johnson&Johnson, Moderna, Oxford/AstraZeneca, Pfizer/BioNTech",4860925,2640391,7501316
2021-06-22,"Johnson&Johnson, Moderna, Oxford/AstraZeneca, Pfizer/BioNTech",4893908,2722743,7616651
2021-06-23,"Johnson&Johnson, Moderna, Oxford/AstraZeneca, Pfizer/BioNTech",4925636,2808015,7733651
2021-06-24,"Johnson&Johnson, Moderna, Oxford/AstraZeneca, Pfizer/BioNTech",4955515,2898101,7853616
2021-06-25,"Johnson&Johnson, Moderna, Oxford/AstraZeneca, Pfizer/BioNTech",4986616,2984362,7970978
2021-06-26,"Johnson&Johnson, Moderna, Oxford/AstraZeneca, Pfizer/BioNTech",5002520,3019261,8021781
2021-06-27,"Johnson&Johnson, Moderna, Oxford/AstraZeneca, Pfizer/BioNTech",5016481,3045986,8062467
2021-06-28,"Johnson&Johnson, Moderna, Oxford/AstraZeneca, Pfizer/BioNTech",5044908,3131228,8176136
2021-06-29,"Johnson&Johnson, Moderna, Oxford/AstraZeneca, Pfizer/BioNTech",5074208,3217800,8292008
2021-06-30,"Johnson&Johnson, Moderna, Oxford/AstraZeneca, Pfizer/BioNTech",5101721,3308866,8410587
2021-07-01,"Johnson&Johnson, Moderna, Oxford/AstraZeneca, Pfizer/BioNTech",5125733,3398988,8524721
2021-07-02,"Johnson&Johnson, Moderna, Oxford/AstraZeneca, Pfizer/BioNTech",5152491,3484945,8637436
2021-07-03,"Johnson&Johnson, Moderna, Oxford/AstraZeneca, Pfizer/BioNTech",5159599,3516527,8676126
2021-07-04,"Johnson&Johnson, Moderna, Oxford/AstraZeneca, Pfizer/BioNTech",5167195,3538357,8705552
2021-07-05,"Johnson&Johnson, Moderna, Oxford/AstraZeneca, Pfizer/BioNTech",5174622,3563775,8738397
2021-07-06,"Johnson&Johnson, Moderna, Oxford/AstraZeneca, Pfizer/BioNTech",5180107,3591518,8771625
2021-07-07,"Johnson&Johnson, Moderna, Oxford/AstraZeneca, Pfizer/BioNTech",5205945,3670531,8876476
2021-07-08,"Johnson&Johnson, Moderna, Oxford/AstraZeneca, Pfizer/BioNTech",5232570,3740898,8973468
2021-07-09,"Johnson&Johnson, Moderna, Oxford/AstraZeneca, Pfizer/BioNTech",5260531,3810251,9070782
2021-07-10,"Johnson&Johnson, Moderna, Oxford/AstraZeneca, Pfizer/BioNTech",5269920,3838931,9108851
2021-07-11,"Johnson&Johnson, Moderna, Oxford/AstraZeneca, Pfizer/BioNTech",5278480,3861826,9140306
2021-07-12,"Johnson&Johnson, Moderna, Oxford/AstraZeneca, Pfizer/BioNTech",5306030,3930923,9236953
2021-07-13,"Johnson&Johnson, Moderna, Oxford/AstraZeneca, Pfizer/BioNTech",5332246,4000832,9333078
2021-07-14,"Johnson&Johnson, Moderna, Oxford/AstraZeneca, Pfizer/BioNTech",5358093,4072851,9430944
2021-07-15,"Johnson&Johnson, Moderna, Oxford/AstraZeneca, Pfizer/BioNTech",5387287,4138900,9526187
2021-07-16,"Johnson&Johnson, Moderna, Oxford/AstraZeneca, Pfizer/BioNTech",5415229,4211667,9626896
2021-07-17,"Johnson&Johnson, Moderna, Oxford/AstraZeneca, Pfizer/BioNTech",5424034,4243150,9667184
2021-07-18,"Johnson&Johnson, Moderna, Oxford/AstraZeneca, Pfizer/BioNTech",5432480,4269170,9701650
2021-07-19,"Johnson&Johnson, Moderna, Oxford/AstraZeneca, Pfizer/BioNTech",5455856,4336218,9792074
2021-07-20,"Johnson&Johnson, Moderna, Oxford/AstraZeneca, Pfizer/BioNTech",5477271,4403307,9880578
2021-07-21,"Johnson&Johnson, Moderna, Oxford/AstraZeneca, Pfizer/BioNTech",5500738,4466794,9967532
2021-07-22,"Johnson&Johnson, Moderna, Oxford/AstraZeneca, Pfizer/BioNTech",5523113,4525456,10048569
2021-07-23,"Johnson&Johnson, Moderna, Oxford/AstraZeneca, Pfizer/BioNTech",5546357,4580242,10126599
2021-07-24,"Johnson&Johnson, Moderna, Oxford/AstraZeneca, Pfizer/BioNTech",5553711,4607931,10161642
2021-07-25,"Johnson&Johnson, Moderna, Oxford/AstraZeneca, Pfizer/BioNTech",5560353,4630076,10190429
2021-07-26,"Johnson&Johnson, Moderna, Oxford/AstraZeneca, Pfizer/BioNTech",5583914,4678788,10262702
2021-07-27,"Johnson&Johnson, Moderna, Oxford/AstraZeneca, Pfizer/BioNTech",5606677,4725467,10332144
2021-07-28,"Johnson&Johnson, Moderna, Oxford/AstraZeneca, Pfizer/BioNTech",5627965,4771512,10399477
2021-07-29,"Johnson&Johnson, Moderna, Oxford/AstraZeneca, Pfizer/BioNTech",5649311,4813520,10462831
2021-07-30,"Johnson&Johnson, Moderna, Oxford/AstraZeneca, Pfizer/BioNTech",5672601,4856120,10528721
2021-07-31,"Johnson&Johnson, Moderna, Oxford/AstraZeneca, Pfizer/BioNTech",5681563,4875678,10557241
2021-08-01,"Johnson&Johnson, Moderna, Oxford/AstraZeneca, Pfizer/BioNTech",5688297,4891863,10580160
2021-08-02,"Johnson&Johnson, Moderna, Oxford/AstraZeneca, Pfizer/BioNTech",5706948,4929453,10636401
2021-08-03,"Johnson&Johnson, Moderna, Oxford/AstraZeneca, Pfizer/BioNTech",5724605,4967596,10692201
2021-08-04,"Johnson&Johnson, Moderna, Oxford/AstraZeneca, Pfizer/BioNTech",5740743,5004396,10745139
2021-08-05,"Johnson&Johnson, Moderna, Oxford/AstraZeneca, Pfizer/BioNTech",5756792,5044910,10801702
2021-08-06,"Johnson&Johnson, Moderna, Oxford/AstraZeneca, Pfizer/BioNTech",5773606,5088245,10861851
2021-08-07,"Johnson&Johnson, Moderna, Oxford/AstraZeneca, Pfizer/BioNTech",5779218,5106434,10885652
2021-08-08,"Johnson&Johnson, Moderna, Oxford/AstraZeneca, Pfizer/BioNTech",5783591,5122207,10905798
2021-08-09,"Johnson&Johnson, Moderna, Oxford/AstraZeneca, Pfizer/BioNTech",5796234,5167292,10963526
2021-08-10,"Johnson&Johnson, Moderna, Oxford/AstraZeneca, Pfizer/BioNTech",5808083,5206891,11014974
2021-08-11,"Johnson&Johnson, Moderna, Oxford/AstraZeneca, Pfizer/BioNTech",5819457,5250048,11069505
2021-08-12,"Johnson&Johnson, Moderna, Oxford/AstraZeneca, Pfizer/BioNTech",5830883,5287211,11118094
2021-08-13,"Johnson&Johnson, Moderna, Oxford/AstraZeneca, Pfizer/BioNTech",5841617,5327583,11169200
2021-08-14,"Johnson&Johnson, Moderna, Oxford/AstraZeneca, Pfizer/BioNTech",5844959,5338301,11183260
2021-08-15,"Johnson&Johnson, Moderna, Oxford/AstraZeneca, Pfizer/BioNTech",5847551,5348694,11196245
2021-08-16,"Johnson&Johnson, Moderna, Oxford/AstraZeneca, Pfizer/BioNTech",5857349,5382792,11240141
2021-08-17,"Johnson&Johnson, Moderna, Oxford/AstraZeneca, Pfizer/BioNTech",5866952,5409915,11276867
2021-08-18,"Johnson&Johnson, Moderna, Oxford/AstraZeneca, Pfizer/BioNTech",5876329,5448830,11325159
2021-08-19,"Johnson&Johnson, Moderna, Oxford/AstraZeneca, Pfizer/BioNTech",5886015,5487202,11373217
2021-08-20,"Johnson&Johnson, Moderna, Oxford/AstraZeneca, Pfizer/BioNTech",5897413,5527406,11424819
2021-08-21,"Johnson&Johnson, Moderna, Oxford/AstraZeneca, Pfizer/BioNTech",5900139,5540185,11440324
2021-08-22,"Johnson&Johnson, Moderna, Oxford/AstraZeneca, Pfizer/BioNTech",5902486,5552164,11454650
2021-08-23,"Johnson&Johnson, Moderna, Oxford/AstraZeneca, Pfizer/BioNTech",5913021,5591451,11504472
2021-08-24,"Johnson&Johnson, Moderna, Oxford/AstraZeneca, Pfizer/BioNTech",5922903,5624720,11547623
2021-08-25,"Johnson&Johnson, Moderna, Oxford/AstraZeneca, Pfizer/BioNTech",5931776,5653103,11584879
2021-08-26,"Johnson&Johnson, Moderna, Oxford/AstraZeneca, Pfizer/BioNTech",5940235,5679237,11619472
2021-08-27,"Johnson&Johnson, Moderna, Oxford/AstraZeneca, Pfizer/BioNTech",5950563,5705234,11655797
2021-08-28,"Johnson&Johnson, Moderna, Oxford/AstraZeneca, Pfizer/BioNTech",5953305,5712308,11665613
2021-08-29,"Johnson&Johnson, Moderna, Oxford/AstraZeneca, Pfizer/BioNTech",5955720,5718935,11674655
2021-08-30,"Johnson&Johnson, Moderna, Oxford/AstraZeneca, Pfizer/BioNTech",5964252,5740823,11705075
2021-08-31,"Johnson&Johnson, Moderna, Oxford/AstraZeneca, Pfizer/BioNTech",5971943,5758943,11730886
2021-09-01,"Johnson&Johnson, Moderna, Oxford/AstraZeneca, Pfizer/BioNTech",5977858,5772967,11750825
2021-09-02,"Johnson&Johnson, Moderna, Oxford/AstraZeneca, Pfizer/BioNTech",5984700,5787363,11772063
2021-09-03,"Johnson&Johnson, Moderna, Oxford/AstraZeneca, Pfizer/BioNTech",5994264,5803103,11797367
2021-09-04,"Johnson&Johnson, Moderna, Oxford/AstraZeneca, Pfizer/BioNTech",5996338,5806667,11803005
2021-09-05,"Johnson&Johnson, Moderna, Oxford/AstraZeneca, Pfizer/BioNTech",5998381,5809517,11807898
2021-09-06,"Johnson&Johnson, Moderna, Oxford/AstraZeneca, Pfizer/BioNTech",6004621,5822069,11826690
2021-09-07,"Johnson&Johnson, Moderna, Oxford/AstraZeneca, Pfizer/BioNTech",6009018,5833165,11842183
2021-09-08,"Johnson&Johnson, Moderna, Oxford/AstraZeneca, Pfizer/BioNTech",6014696,5843033,11857729
2021-09-09,"Johnson&Johnson, Moderna, Oxford/AstraZeneca, Pfizer/BioNTech",6021402,5853111,11874513
2021-09-10,"Johnson&Johnson, Moderna, Oxford/AstraZeneca, Pfizer/BioNTech",6029104,5865299,11894403
2021-09-11,"Johnson&Johnson, Moderna, Oxford/AstraZeneca, Pfizer/BioNTech",6030975,5867790,11898765
2021-09-12,"Johnson&Johnson, Moderna, Oxford/AstraZeneca, Pfizer/BioNTech",6032096,5869426,11901522
2021-09-13,"Johnson&Johnson, Moderna, Oxford/AstraZeneca, Pfizer/BioNTech",6037541,5879739,11917280
2021-09-14,"Johnson&Johnson, Moderna, Oxford/AstraZeneca, Pfizer/BioNTech",6042941,5888759,11931700
2021-09-15,"Johnson&Johnson, Moderna, Oxford/AstraZeneca, Pfizer/BioNTech",6048152,5897292,11945444
2021-09-16,"Johnson&Johnson, Moderna, Oxford/AstraZeneca, Pfizer/BioNTech",6053514,5905577,11959091
2021-09-17,"Johnson&Johnson, Moderna, Oxford/AstraZeneca, Pfizer/BioNTech",6060086,5915817,11975903
2021-09-18,"Johnson&Johnson, Moderna, Oxford/AstraZeneca, Pfizer/BioNTech",6061817,5918182,11979999
2021-09-19,"Johnson&Johnson, Moderna, Oxford/AstraZeneca, Pfizer/BioNTech",6062763,5919754,11982517
2021-09-20,"Johnson&Johnson, Moderna, Oxford/AstraZeneca, Pfizer/BioNTech",6066788,5927960,11994748
2021-09-21,"Johnson&Johnson, Moderna, Oxford/AstraZeneca, Pfizer/BioNTech",6071030,5935503,12006533
2021-09-22,"Johnson&Johnson, Moderna, Oxford/AstraZeneca, Pfizer/BioNTech",6075225,5941032,12016257
2021-09-23,"Johnson&Johnson, Moderna, Oxford/AstraZeneca, Pfizer/BioNTech",6080199,5947450,12027649
2021-09-24,"Johnson&Johnson, Moderna, Oxford/AstraZeneca, Pfizer/BioNTech",6085960,5957069,12043029
2021-09-25,"Johnson&Johnson, Moderna, Oxford/AstraZeneca, Pfizer/BioNTech",6087460,5959072,12046532
2021-09-26,"Johnson&Johnson, Moderna, Oxford/AstraZeneca, Pfizer/BioNTech",6088205,5960714,12048919
2021-09-27,"Johnson&Johnson, Moderna, Oxford/AstraZeneca, Pfizer/BioNTech",6092091,5967232,12059323
2021-09-28,"Johnson&Johnson, Moderna, Oxford/AstraZeneca, Pfizer/BioNTech",6092465,5967868,12060333
2021-09-29,"Johnson&Johnson, Moderna, Oxford/AstraZeneca, Pfizer/BioNTech",6096243,5975335,12071578
2021-09-30,"Johnson&Johnson, Moderna, Oxford/AstraZeneca, Pfizer/BioNTech",6100762,5983040,12083802
2021-10-01,"Johnson&Johnson, Moderna, Oxford/AstraZeneca, Pfizer/BioNTech",6105073,5991027,12096100
2021-10-02,"Johnson&Johnson, Moderna, Oxford/AstraZeneca, Pfizer/BioNTech",6106136,5992573,12098709
2021-10-03,"Johnson&Johnson, Moderna, Oxford/AstraZeneca, Pfizer/BioNTech",6106861,5993445,12100306
2021-10-04,"Johnson&Johnson, Moderna, Oxford/AstraZeneca, Pfizer/BioNTech",6109942,5999025,12108967
2021-10-05,"Johnson&Johnson, Moderna, Oxford/AstraZeneca, Pfizer/BioNTech",6113105,6004112,12117217
2021-10-06,"Johnson&Johnson, Moderna, Oxford/AstraZeneca, Pfizer/BioNTech",6116626,6009289,12125915
2021-10-07,"Johnson&Johnson, Moderna, Oxford/AstraZeneca, Pfizer/BioNTech",6119910,6014552,12134462
2021-10-08,"Johnson&Johnson, Moderna, Oxford/AstraZeneca, Pfizer/BioNTech",6124704,6021197,12145901
2021-10-09,"Johnson&Johnson, Moderna, Oxford/AstraZeneca, Pfizer/BioNTech",6125948,6022864,12148812
2021-10-10,"Johnson&Johnson, Moderna, Oxford/AstraZeneca, Pfizer/BioNTech",6126892,6023696,12150588
2021-10-11,"Johnson&Johnson, Moderna, Oxford/AstraZeneca, Pfizer/BioNTech",6129823,6028115,12157938
2021-10-12,"Johnson&Johnson, Moderna, Oxford/AstraZeneca, Pfizer/BioNTech",6132757,6032117,12164874
2021-10-13,"Johnson&Johnson, Moderna, Oxford/AstraZeneca, Pfizer/BioNTech",6136289,6036305,12172594
2021-10-14,"Johnson&Johnson, Moderna, Oxford/AstraZeneca, Pfizer/BioNTech",6139963,6041257,12181220
2021-10-15,"Johnson&Johnson, Moderna, Oxford/AstraZeneca, Pfizer/BioNTech",6145192,6047406,12192598
2021-10-16,"Johnson&Johnson, Moderna, Oxford/AstraZeneca, Pfizer/BioNTech",6146605,6048932,12195537
2021-10-17,"Johnson&Johnson, Moderna, Pfizer/BioNTech",6147932,6049987,12197919
2021-10-18,"Johnson&Johnson, Moderna, Oxford/AstraZeneca, Pfizer/BioNTech",6152045,6054093,12206138
2021-10-19,"Johnson&Johnson, Moderna, Oxford/AstraZeneca, Pfizer/BioNTech",6155626,6056199,12211825
2021-10-20,"Johnson&Johnson, Moderna, Oxford/AstraZeneca, Pfizer/BioNTech",6160511,6060659,12221170
2021-10-21,"Johnson&Johnson, Moderna, Oxford/AstraZeneca, Pfizer/BioNTech",6168280,6066267,12234547
2021-10-22,"Johnson&Johnson, Moderna, Oxford/AstraZeneca, Pfizer/BioNTech",6178737,6072772,12251509
2021-10-23,"Johnson&Johnson, Moderna, Oxford/AstraZeneca, Pfizer/BioNTech",6182414,6074982,12257396
2021-10-24,"Johnson&Johnson, Moderna, Oxford/AstraZeneca, Pfizer/BioNTech",6185099,6076763,12261862
2021-10-25,"Johnson&Johnson, Moderna, Oxford/AstraZeneca, Pfizer/BioNTech",6195599,6082574,12278173
2021-10-26,"Johnson&Johnson, Moderna, Oxford/AstraZeneca, Pfizer/BioNTech",6207589,6089125,12296714
2021-10-27,"Johnson&Johnson, Moderna, Oxford/AstraZeneca, Pfizer/BioNTech",6222197,6096540,12318737
2021-10-28,"Johnson&Johnson, Moderna, Oxford/AstraZeneca, Pfizer/BioNTech",6225622,6098225,12323847
2021-10-29,"Johnson&Johnson, Moderna, Oxford/AstraZeneca, Pfizer/BioNTech",6240060,6106213,12346273
2021-10-30,"Johnson&Johnson, Moderna, Oxford/AstraZeneca, Pfizer/BioNTech",6244590,6109141,12353731
2021-10-31,"Johnson&Johnson, Moderna, Oxford/AstraZeneca, Pfizer/BioNTech",6248353,6111616,12359969
2021-11-01,"Johnson&Johnson, Moderna, Oxford/AstraZeneca, Pfizer/BioNTech",6263552,6119302,12382854
2021-11-02,"Johnson&Johnson, Moderna, Oxford/AstraZeneca, Pfizer/BioNTech",6279005,6126859,12405864
2021-11-03,"Johnson&Johnson, Moderna, Oxford/AstraZeneca, Pfizer/BioNTech",6296184,6134151,12430335
2021-11-04,"Johnson&Johnson, Moderna, Oxford/AstraZeneca, Pfizer/BioNTech",6314534,6142325,12456859
2021-11-05,"Johnson&Johnson, Moderna, Oxford/AstraZeneca, Pfizer/BioNTech",6337337,6153612,12490949
2021-11-06,"Johnson&Johnson, Moderna, Oxford/AstraZeneca, Pfizer/BioNTech",6343853,6156669,12500522
2021-11-07,"Johnson&Johnson, Moderna, Oxford/AstraZeneca, Pfizer/BioNTech",6347877,6159105,12506982
2021-11-08,"Johnson&Johnson, Moderna, Oxford/AstraZeneca, Pfizer/BioNTech",6364143,6166732,12530875
2021-11-09,"Johnson&Johnson, Moderna, Oxford/AstraZeneca, Pfizer/BioNTech",6378954,6174029,12552983
2021-11-10,"Johnson&Johnson, Moderna, Oxford/AstraZeneca, Pfizer/BioNTech",6394694,6181416,12576110
2021-11-11,"Johnson&Johnson, Moderna, Oxford/AstraZeneca, Pfizer/BioNTech",6410164,6190524,12600688
2021-11-12,"Johnson&Johnson, Moderna, Oxford/AstraZeneca, Pfizer/BioNTech",6429967,6203328,12633295
2021-11-13,"Johnson&Johnson, Moderna, Oxford/AstraZeneca, Pfizer/BioNTech",6435361,6207204,12642565
2021-11-14,"Johnson&Johnson, Moderna, Oxford/AstraZeneca, Pfizer/BioNTech",6439256,6210211,12649467
2021-11-15,"Johnson&Johnson, Moderna, Oxford/AstraZeneca, Pfizer/BioNTech",6454335,6220906,12675241
2021-11-16,"Johnson&Johnson, Moderna, Oxford/AstraZeneca, Pfizer/BioNTech",6471871,6232882,12704753
2021-11-17,"Johnson&Johnson, Moderna, Oxford/AstraZeneca, Pfizer/BioNTech",6476112,6236448,12712560
2021-11-18,"Johnson&Johnson, Moderna, Oxford/AstraZeneca, Pfizer/BioNTech",6495530,6248144,12743674
2021-11-19,"Johnson&Johnson, Moderna, Oxford/AstraZeneca, Pfizer/BioNTech",6520140,6265118,12785258
2021-11-20,"Johnson&Johnson, Moderna, Oxford/AstraZeneca, Pfizer/BioNTech",6528718,6270101,12798819
2021-11-21,"Johnson&Johnson, Moderna, Pfizer/BioNTech",6535487,6273874,12809361
2021-11-22,"Johnson&Johnson, Moderna, Oxford/AstraZeneca, Pfizer/BioNTech",6553998,6287991,12841989
2021-11-23,"Johnson&Johnson, Moderna, Oxford/AstraZeneca, Pfizer/BioNTech",6573063,6301252,12874315
2021-11-24,"Johnson&Johnson, Moderna, Oxford/AstraZeneca, Pfizer/BioNTech",6592078,6317101,12909179
2021-11-25,"Johnson&Johnson, Moderna, Oxford/AstraZeneca, Pfizer/BioNTech",6611222,6332137,12943359
2021-11-26,"Johnson&Johnson, Moderna, Oxford/AstraZeneca, Pfizer/BioNTech",6632878,6351275,12984153
2021-11-27,"Johnson&Johnson, Moderna, Oxford/AstraZeneca, Pfizer/BioNTech",6640348,6356830,12997178
2021-11-28,"Johnson&Johnson, Moderna, Oxford/AstraZeneca, Pfizer/BioNTech",6643681,6359965,13003646
2021-11-29,"Johnson&Johnson, Moderna, Oxford/AstraZeneca, Pfizer/BioNTech",6658890,6373626,13032516
2021-11-30,"Johnson&Johnson, Moderna, Oxford/AstraZeneca, Pfizer/BioNTech",6672092,6384855,13056947
2021-12-01,"Johnson&Johnson, Moderna, Oxford/AstraZeneca, Pfizer/BioNTech",6686125,6397310,13083435
2021-12-02,"Johnson&Johnson, Moderna, Oxford/AstraZeneca, Pfizer/BioNTech",6696766,6409801,13106567
2021-12-03,"Johnson&Johnson, Moderna, Oxford/AstraZeneca, Pfizer/BioNTech",6706406,6425380,13131786
2021-12-04,"Johnson&Johnson, Moderna, Pfizer/BioNTech",6708963,6429330,13138293
2021-12-05,"Johnson&Johnson, Moderna, Oxford/AstraZeneca, Pfizer/BioNTech",6710324,6431670,13141994
2021-12-06,"Johnson&Johnson, Moderna, Oxford/AstraZeneca, Pfizer/BioNTech",6718472,6443199,13161671
2021-12-07,"Johnson&Johnson, Moderna, Oxford/AstraZeneca, Pfizer/BioNTech",6726364,6455210,13181574
2021-12-08,"Johnson&Johnson, Moderna, Oxford/AstraZeneca, Pfizer/BioNTech",6734608,6461138,13195746
2021-12-09,"Johnson&Johnson, Moderna, Oxford/AstraZeneca, Pfizer/BioNTech",6741729,6473957,13215686
2021-12-10,"Johnson&Johnson, Moderna, Oxford/AstraZeneca, Pfizer/BioNTech",6748662,6491761,13240423
2021-12-11,"Johnson&Johnson, Moderna, Oxford/AstraZeneca, Pfizer/BioNTech",6750321,6497033,13247354
2021-12-12,"Johnson&Johnson, Moderna, Oxford/AstraZeneca, Pfizer/BioNTech",6751632,6501466,13253098
2021-12-13,"Johnson&Johnson, Moderna, Oxford/AstraZeneca, Pfizer/BioNTech",6757987,6514779,13272766
2021-12-14,"Johnson&Johnson, Moderna, Oxford/AstraZeneca, Pfizer/BioNTech",6764197,6528448,13292645
2021-12-15,"Johnson&Johnson, Moderna, Oxford/AstraZeneca, Pfizer/BioNTech",6770405,6542049,13312454
2021-12-16,"Johnson&Johnson, Moderna, Oxford/AstraZeneca, Pfizer/BioNTech",6777346,6556883,13334229
2021-12-17,"Johnson&Johnson, Moderna, Oxford/AstraZeneca, Pfizer/BioNTech",6785712,6574148,13359860
2021-12-18,"Johnson&Johnson, Moderna, Oxford/AstraZeneca, Pfizer/BioNTech",6788323,6579600,13367923
2021-12-19,"Johnson&Johnson, Moderna, Pfizer/BioNTech",6790094,6582104,13372198
2021-12-20,"Johnson&Johnson, Moderna, Oxford/AstraZeneca, Pfizer/BioNTech",6795950,6596166,13392116
2021-12-21,"Johnson&Johnson, Moderna, Oxford/AstraZeneca, Pfizer/BioNTech",6802612,6608161,13410773
2021-12-22,"Johnson&Johnson, Moderna, Oxford/AstraZeneca, Pfizer/BioNTech",6807661,6621220,13428881
2021-12-23,"Johnson&Johnson, Moderna, Oxford/AstraZeneca, Pfizer/BioNTech",6810535,6626821,13437356
2021-12-24,"Johnson&Johnson, Moderna, Oxford/AstraZeneca, Pfizer/BioNTech",6810581,6626923,13437504
2021-12-25,"Moderna, Pfizer/BioNTech",6810582,6626931,13437513
2021-12-26,"Moderna, Pfizer/BioNTech",6810684,6627134,13437818
2021-12-27,"Johnson&Johnson, Moderna, Pfizer/BioNTech",6814551,6636877,13451428
2021-12-28,"Johnson&Johnson, Moderna, Oxford/AstraZeneca, Pfizer/BioNTech",6819791,6644874,13464665
2021-12-29,"Johnson&Johnson, Moderna, Oxford/AstraZeneca, Pfizer/BioNTech",6824071,6652593,13476664
2021-12-30,"Johnson&Johnson, Moderna, Pfizer/BioNTech",6828371,6658026,13486397
2021-12-31,"Johnson&Johnson, Moderna, Pfizer/BioNTech",6828881,6659450,13488331
2022-01-01,"Johnson&Johnson, Moderna, Pfizer/BioNTech",6828887,6659468,13488355
2022-01-02,"Johnson&Johnson, Moderna, Pfizer/BioNTech",6829744,6660845,13490589
2022-01-03,"Johnson&Johnson, Moderna, Oxford/AstraZeneca, Pfizer/BioNTech",6833881,6669753,13503634
2022-01-04,"Johnson&Johnson, Moderna, Oxford/AstraZeneca, Pfizer/BioNTech",6838965,6677508,13516473
2022-01-05,"Johnson&Johnson, Moderna, Oxford/AstraZeneca, Pfizer/BioNTech",6844785,6685479,13530264
2022-01-06,"Johnson&Johnson, Moderna, Oxford/AstraZeneca, Pfizer/BioNTech",6851371,6693881,13545252
2022-01-07,"Johnson&Johnson, Moderna, Oxford/AstraZeneca, Pfizer/BioNTech",6859247,6704236,13563483
2022-01-08,"Johnson&Johnson, Moderna, Oxford/AstraZeneca, Pfizer/BioNTech",6861727,6707019,13568746
2022-01-09,"Johnson&Johnson, Moderna, Pfizer/BioNTech",6862809,6708713,13571522
2022-01-10,"Johnson&Johnson, Moderna, Oxford/AstraZeneca, Pfizer/BioNTech",6867307,6714901,13582208
2022-01-11,"Johnson&Johnson, Moderna, Oxford/AstraZeneca, Pfizer/BioNTech",6872745,6721654,13594399
2022-01-12,"Johnson&Johnson, Moderna, Oxford/AstraZeneca, Pfizer/BioNTech",6878701,6727297,13605998
2022-01-13,"Johnson&Johnson, Moderna, Oxford/AstraZeneca, Pfizer/BioNTech",6884586,6732074,13616660
2022-01-14,"Johnson&Johnson, Moderna, Oxford/AstraZeneca, Pfizer/BioNTech",6890887,6735706,13626593
2022-01-15,"Johnson&Johnson, Moderna, Oxford/AstraZeneca, Pfizer/BioNTech",6892163,6736361,13628524
2022-01-16,"Johnson&Johnson, Moderna, Oxford/AstraZeneca, Pfizer/BioNTech",6892851,6736798,13629649
2022-01-17,"Johnson&Johnson, Moderna, Oxford/AstraZeneca, Pfizer/BioNTech",6896406,6740754,13637160
2022-01-18,"Johnson&Johnson, Moderna, Oxford/AstraZeneca, Pfizer/BioNTech",6900256,6745703,13645959
2022-01-19,"Johnson&Johnson, Moderna, Oxford/AstraZeneca, Pfizer/BioNTech",6904326,6749634,13653960
2022-01-20,"Johnson&Johnson, Moderna, Oxford/AstraZeneca, Pfizer/BioNTech",6907918,6754090,13662008
2022-01-21,"Johnson&Johnson, Moderna, Oxford/AstraZeneca, Pfizer/BioNTech",6911913,6756618,13668531
2022-01-22,"Johnson&Johnson, Moderna, Pfizer/BioNTech",6912692,6757057,13669749
2022-01-23,"Johnson&Johnson, Moderna, Pfizer/BioNTech",6913253,6757691,13670944
2022-01-24,"Johnson&Johnson, Moderna, Oxford/AstraZeneca, Pfizer/BioNTech",6915523,6761126,13676649
2022-01-25,"Johnson&Johnson, Moderna, Oxford/AstraZeneca, Pfizer/BioNTech",6917878,6765121,13682999
2022-01-26,"Johnson&Johnson, Moderna, Oxford/AstraZeneca, Pfizer/BioNTech",6920263,6769687,13689950
2022-01-27,"Johnson&Johnson, Moderna, Oxford/AstraZeneca, Pfizer/BioNTech",6922583,6774499,13697082
2022-01-28,"Johnson&Johnson, Moderna, Oxford/AstraZeneca, Pfizer/BioNTech",6925494,6780661,13706155
2022-01-29,"Johnson&Johnson, Moderna, Oxford/AstraZeneca, Pfizer/BioNTech",6926094,6782312,13708406
2022-01-30,"Johnson&Johnson, Moderna, Pfizer/BioNTech",6926321,6783090,13709411
2022-01-31,"Johnson&Johnson, Moderna, Pfizer/BioNTech",6927863,6787008,13714871
2022-02-01,"Johnson&Johnson, Moderna, Pfizer/BioNTech",6929459,6791039,13720498
2022-02-02,"Johnson&Johnson, Moderna, Oxford/AstraZeneca, Pfizer/BioNTech",6931026,6795546,13726572
2022-02-03,"Johnson&Johnson, Moderna, Pfizer/BioNTech",6932399,6800024,13732423
2022-02-04,"Johnson&Johnson, Moderna, Pfizer/BioNTech",6934000,6805140,13739140
2022-02-05,"Johnson&Johnson, Moderna, Pfizer/BioNTech",6934173,6805749,13739922
2022-02-06,"Johnson&Johnson, Moderna, Pfizer/BioNTech",6934269,6806068,13740337
2022-02-07,"Johnson&Johnson, Moderna, Pfizer/BioNTech",6934970,6809277,13744247
2022-02-08,"Johnson&Johnson, Moderna, Pfizer/BioNTech",6935765,6812465,13748230
2022-02-09,"Johnson&Johnson, Moderna, Pfizer/BioNTech",6936591,6815836,13752427
2022-02-10,"Johnson&Johnson, Moderna, Pfizer/BioNTech",6937388,6818960,13756348
2022-02-11,"Johnson&Johnson, Moderna, Pfizer/BioNTech",6938342,6822874,13761216
2022-02-12,"Johnson&Johnson, Moderna, Pfizer/BioNTech",6938452,6823292,13761744
2022-02-13,"Johnson&Johnson, Moderna, Pfizer/BioNTech",6938487,6823729,13762216
2022-02-14,"Johnson&Johnson, Moderna, Pfizer/BioNTech",6938944,6825841,13764785
2022-02-15,"Johnson&Johnson, Moderna, Pfizer/BioNTech",6939496,6828048,13767544
2022-02-16,"Johnson&Johnson, Moderna, Pfizer/BioNTech",6940087,6830147,13770234
2022-02-17,"Johnson&Johnson, Moderna, Pfizer/BioNTech",6940682,6832486,13773168
2022-02-18,"Johnson&Johnson, Moderna, Oxford/AstraZeneca, Pfizer/BioNTech",6941323,6835538,13776861
2022-02-19,"Johnson&Johnson, Moderna, Pfizer/BioNTech",6941402,6835819,13777221
2022-02-20,"Johnson&Johnson, Moderna, Pfizer/BioNTech",6941436,6835968,13777404
2022-02-21,"Johnson&Johnson, Moderna, Pfizer/BioNTech",6941798,6837665,13779463
2022-02-22,"Johnson&Johnson, Moderna, Oxford/AstraZeneca, Pfizer/BioNTech",6942192,6839344,13781536
2022-02-23,"Johnson&Johnson, Moderna, Pfizer/BioNTech",6942646,6840986,13783632
2022-02-24,"Johnson&Johnson, Moderna, Pfizer/BioNTech",6943055,6842616,13785671
2022-02-25,"Johnson&Johnson, Moderna, Pfizer/BioNTech",6943638,6844698,13788336
2022-02-26,"Johnson&Johnson, Moderna, Pfizer/BioNTech",6943700,6844858,13788558
2022-02-27,"Johnson&Johnson, Moderna, Pfizer/BioNTech",6943730,6844934,13788664
2022-02-28,"Johnson&Johnson, Moderna, Pfizer/BioNTech",6943977,6845904,13789881
2022-03-01,"Johnson&Johnson, Moderna, Pfizer/BioNTech",6944239,6846688,13790927
2022-03-02,"Johnson&Johnson, Moderna, Novavax, Pfizer/BioNTech",6944608,6847595,13792203
2022-03-03,"Johnson&Johnson, Moderna, Novavax, Pfizer/BioNTech",6944942,6848538,13793480
2022-03-04,"Johnson&Johnson, Moderna, Novavax, Pfizer/BioNTech",6945568,6849758,13795326
2022-03-05,"Johnson&Johnson, Moderna, Novavax, Pfizer/BioNTech",6945648,6849849,13795497
2022-03-06,"Moderna, Novavax, Pfizer/BioNTech",6945659,6849867,13795526
2022-03-07,"Johnson&Johnson, Moderna, Novavax, Pfizer/BioNTech",6945994,6850424,13796418
2022-03-08,"Johnson&Johnson, Moderna, Novavax, Pfizer/BioNTech",6946329,6850966,13797295
2022-03-09,"Johnson&Johnson, Moderna, Novavax, Pfizer/BioNTech",6946716,6851553,13798269
2022-03-10,"Johnson&Johnson, Moderna, Novavax, Pfizer/BioNTech",6947127,6852224,13799351
2022-03-11,"Johnson&Johnson, Moderna, Novavax, Pfizer/BioNTech",6947867,6853132,13800999
2022-03-12,"Johnson&Johnson, Moderna, Novavax, Pfizer/BioNTech",6947935,6853237,13801172
2022-03-13,"Johnson&Johnson, Moderna, Novavax, Pfizer/BioNTech",6947948,6853255,13801203
2022-03-14,"Johnson&Johnson, Moderna, Novavax, Pfizer/BioNTech",6948213,6853634,13801847
2022-03-15,"Johnson&Johnson, Moderna, Novavax, Pfizer/BioNTech",6948493,6854070,13802563
2022-03-16,"Johnson&Johnson, Moderna, Novavax, Pfizer/BioNTech",6948808,6854612,13803420
2022-03-17,"Johnson&Johnson, Moderna, Novavax, Oxford/AstraZeneca, Pfizer/BioNTech",6949101,6855043,13804144
2022-03-18,"Johnson&Johnson, Moderna, Novavax, Pfizer/BioNTech",6949789,6855835,13805624
2022-03-19,"Moderna, Novavax, Pfizer/BioNTech",6949844,6855880,13805724
2022-03-20,"Moderna, Novavax, Pfizer/BioNTech",6949861,6855892,13805753
2022-03-21,"Johnson&Johnson, Moderna, Novavax, Pfizer/BioNTech",6950046,6856219,13806265
2022-03-22,"Johnson&Johnson, Moderna, Novavax, Pfizer/BioNTech",6950284,6856615,13806899
2022-03-23,"Johnson&Johnson, Moderna, Novavax, Pfizer/BioNTech",6950617,6857050,13807667
2022-03-24,"Johnson&Johnson, Moderna, Novavax, Pfizer/BioNTech",6950924,6857522,13808446
2022-03-25,"Johnson&Johnson, Moderna, Novavax, Pfizer/BioNTech",6951400,6858323,13809723
2022-03-26,"Johnson&Johnson, Moderna, Novavax, Pfizer/BioNTech",6951452,6858400,13809852
2022-03-27,"Moderna, Novavax, Pfizer/BioNTech",6951468,6858416,13809884
2022-03-28,"Johnson&Johnson, Moderna, Novavax, Pfizer/BioNTech",6951621,6858794,13810415
2022-03-29,"Johnson&Johnson, Moderna, Novavax, Pfizer/BioNTech",6951882,6859199,13811081
2022-03-30,"Johnson&Johnson, Moderna, Novavax, Pfizer/BioNTech",6952185,6859690,13811875
2022-03-31,"Johnson&Johnson, Moderna, Novavax, Pfizer/BioNTech",6952475,6860181,13812656
2022-04-01,"Johnson&Johnson, Moderna, Novavax, Pfizer/BioNTech",6953033,6860935,13813968
2022-04-02,"Moderna, Novavax, Pfizer/BioNTech",6953086,6861019,13814105
2022-04-03,"Moderna, Novavax, Pfizer/BioNTech",6953098,6861048,13814146
2022-04-04,"Johnson&Johnson, Moderna, Novavax, Pfizer/BioNTech",6953265,6861326,13814591
2022-04-05,"Johnson&Johnson, Moderna, Novavax, Pfizer/BioNTech",6953456,6861561,13815017
2022-04-06,"Johnson&Johnson, Moderna, Novavax, Pfizer/BioNTech",6953678,6861906,13815584
2022-04-07,"Johnson&Johnson, Moderna, Novavax, Pfizer/BioNTech",6953900,6862280,13816180
2022-04-08,"Johnson&Johnson, Moderna, Novavax, Pfizer/BioNTech",6954350,6862998,13817348
2022-04-09,"Johnson&Johnson, Moderna, Novavax, Pfizer/BioNTech",6954408,6863070,13817478
2022-04-10,"Moderna, Novavax, Pfizer/BioNTech",6954420,6863079,13817499
2022-04-11,"Johnson&Johnson, Moderna, Novavax, Pfizer/BioNTech",6954576,6863307,13817883
2022-04-12,"Johnson&Johnson, Moderna, Novavax, Pfizer/BioNTech",6954813,6863598,13818411
2022-04-13,"Johnson&Johnson, Moderna, Novavax, Pfizer/BioNTech",6955048,6863942,13818990
2022-04-14,"Johnson&Johnson, Moderna, Novavax, Pfizer/BioNTech",6955310,6864319,13819629
2022-04-15,"Moderna, Novavax, Pfizer/BioNTech",6955328,6864335,13819663
2022-04-16,"Moderna, Novavax, Pfizer/BioNTech",6955346,6864367,13819713
2022-04-17,"Moderna, Novavax, Pfizer/BioNTech",6955347,6864368,13819715
2022-04-18,"Moderna, Novavax, Pfizer/BioNTech",6955349,6864378,13819727
2022-04-19,"Johnson&Johnson, Moderna, Novavax, Pfizer/BioNTech",6955477,6864711,13820188
2022-04-20,"Johnson&Johnson, Moderna, Novavax, Pfizer/BioNTech",6955688,6865085,13820773
