date,vaccine,people_vaccinated,people_fully_vaccinated,total_vaccinations
2020-12-27,Pfizer/BioNTech,1279,0,1279
2020-12-28,Pfizer/BioNTech,3583,0,3583
2020-12-29,Pfizer/BioNTech,7045,0,7045
2020-12-30,Pfizer/BioNTech,10552,0,10552
2020-12-31,Pfizer/BioNTech,11854,0,11854
2021-01-01,"Moderna, Pfizer/BioNTech",12122,0,12122
2021-01-02,Pfizer/BioNTech,13401,0,13401
2021-01-03,Pfizer/BioNTech,14322,0,14322
2021-01-04,"Moderna, Pfizer/BioNTech",17926,0,17926
2021-01-05,"Moderna, Pfizer/BioNTech",22431,0,22431
2021-01-06,Pfizer/BioNTech,28264,1,28265
2021-01-07,"Moderna, Pfizer/BioNTech",36239,1,36240
2021-01-08,Pfizer/BioNTech,46273,1,46274
2021-01-09,"Moderna, Pfizer/BioNTech",48296,2,48298
2021-01-10,Pfizer/BioNTech,50060,4,50064
2021-01-11,Pfizer/BioNTech,59901,6,59907
2021-01-12,"Moderna, Pfizer/BioNTech",73294,8,73302
2021-01-13,Pfizer/BioNTech,86811,8,86819
2021-01-14,"Moderna, Pfizer/BioNTech",102020,10,102030
2021-01-15,"Moderna, Pfizer/BioNTech",116012,10,116022
2021-01-16,"Moderna, Pfizer/BioNTech",119396,13,119409
2021-01-17,"Moderna, Pfizer/BioNTech",122002,651,122653
2021-01-18,"Moderna, Pfizer/BioNTech",134478,2473,136951
2021-01-19,"Moderna, Pfizer/BioNTech",147051,5194,152245
2021-01-20,"Moderna, Pfizer/BioNTech",160702,7843,168545
2021-01-21,"Moderna, Pfizer/BioNTech",176328,9577,185905
2021-01-22,"Moderna, Pfizer/BioNTech",191175,10621,201796
2021-01-23,"Moderna, Pfizer/BioNTech",194487,11499,205986
2021-01-24,"Moderna, Pfizer/BioNTech",196739,12369,209108
2021-01-25,"Moderna, Pfizer/BioNTech",206371,15340,221711
2021-01-26,"Moderna, Pfizer/BioNTech",216903,19318,236221
2021-01-27,"Moderna, Pfizer/BioNTech",225928,23841,249769
2021-01-28,"Moderna, Pfizer/BioNTech",233008,29964,262972
2021-01-29,"Moderna, Pfizer/BioNTech",239205,37858,277063
2021-01-30,"Moderna, Pfizer/BioNTech",239935,38946,278881
2021-01-31,"Moderna, Pfizer/BioNTech",240646,40127,280773
2021-02-01,"Moderna, Pfizer/BioNTech",244615,48068,292683
2021-02-02,"Moderna, Pfizer/BioNTech",248742,58294,307036
2021-02-03,"Moderna, Pfizer/BioNTech",253152,69286,322438
2021-02-04,"Moderna, Pfizer/BioNTech",258043,82243,340286
2021-02-05,"Moderna, Pfizer/BioNTech",263494,92899,356393
2021-02-06,"Moderna, Oxford/AstraZeneca, Pfizer/BioNTech",264337,95250,359587
2021-02-07,"Moderna, Pfizer/BioNTech",265184,97737,362921
2021-02-08,"Moderna, Oxford/AstraZeneca, Pfizer/BioNTech",269250,109123,378373
2021-02-09,"Moderna, Oxford/AstraZeneca, Pfizer/BioNTech",274334,121048,395382
2021-02-10,"Moderna, Pfizer/BioNTech",279828,134270,414098
2021-02-11,"Moderna, Oxford/AstraZeneca, Pfizer/BioNTech",286134,150461,436595
2021-02-12,"Moderna, Oxford/AstraZeneca, Pfizer/BioNTech",292881,165158,458039
2021-02-13,"Moderna, Oxford/AstraZeneca, Pfizer/BioNTech",294476,168137,462613
2021-02-14,"Moderna, Oxford/AstraZeneca, Pfizer/BioNTech",295474,169515,464989
2021-02-15,"Moderna, Oxford/AstraZeneca, Pfizer/BioNTech",301867,178854,480721
2021-02-16,"Moderna, Oxford/AstraZeneca, Pfizer/BioNTech",310577,187908,498485
2021-02-17,"Moderna, Oxford/AstraZeneca, Pfizer/BioNTech",320265,196201,516466
2021-02-18,"Moderna, Oxford/AstraZeneca, Pfizer/BioNTech",332571,204249,536820
2021-02-19,"Moderna, Oxford/AstraZeneca, Pfizer/BioNTech",344417,211576,555993
2021-02-20,"Moderna, Oxford/AstraZeneca, Pfizer/BioNTech",346400,212752,559152
2021-02-21,"Moderna, Oxford/AstraZeneca, Pfizer/BioNTech",347516,213769,561285
2021-02-22,"Moderna, Oxford/AstraZeneca, Pfizer/BioNTech",357634,219781,577415
2021-02-23,"Moderna, Oxford/AstraZeneca, Pfizer/BioNTech",370565,226742,597307
2021-02-24,"Moderna, Oxford/AstraZeneca, Pfizer/BioNTech",384429,232765,617194
2021-02-25,"Moderna, Oxford/AstraZeneca, Pfizer/BioNTech",402382,238301,640683
2021-02-26,"Moderna, Oxford/AstraZeneca, Pfizer/BioNTech",418535,243631,662166
2021-02-27,"Moderna, Oxford/AstraZeneca, Pfizer/BioNTech",421537,244181,665718
2021-02-28,"Moderna, Oxford/AstraZeneca, Pfizer/BioNTech",423876,244726,668602
2021-03-01,"Moderna, Oxford/AstraZeneca, Pfizer/BioNTech",443429,248154,691583
2021-03-02,"Moderna, Oxford/AstraZeneca, Pfizer/BioNTech",470633,251690,722323
2021-03-03,"Moderna, Oxford/AstraZeneca, Pfizer/BioNTech",501472,256180,757652
2021-03-04,"Moderna, Oxford/AstraZeneca, Pfizer/BioNTech",534690,260844,795534
2021-03-05,"Johnson&Johnson, Moderna, Oxford/AstraZeneca, Pfizer/BioNTech",563488,266241,829729
2021-03-06,"Johnson&Johnson, Moderna, Oxford/AstraZeneca, Pfizer/BioNTech",575616,267092,842708
2021-03-07,"Johnson&Johnson, Moderna, Oxford/AstraZeneca, Pfizer/BioNTech",587136,267928,855064
2021-03-08,"Johnson&Johnson, Moderna, Oxford/AstraZeneca, Pfizer/BioNTech",616829,272761,889590
2021-03-09,"Johnson&Johnson, Moderna, Oxford/AstraZeneca, Pfizer/BioNTech",653109,279125,932234
2021-03-10,"Moderna, Oxford/AstraZeneca, Pfizer/BioNTech",694375,286063,980438
2021-03-11,"Johnson&Johnson, Moderna, Oxford/AstraZeneca, Pfizer/BioNTech",739165,294416,1033581
2021-03-12,"Johnson&Johnson, Moderna, Oxford/AstraZeneca, Pfizer/BioNTech",777938,302864,1080802
2021-03-13,"Moderna, Oxford/AstraZeneca, Pfizer/BioNTech",794988,304157,1099145
2021-03-14,"Moderna, Oxford/AstraZeneca, Pfizer/BioNTech",807083,305296,1112379
2021-03-15,"Moderna, Oxford/AstraZeneca, Pfizer/BioNTech",835438,314064,1149502
2021-03-16,"Johnson&Johnson, Moderna, Oxford/AstraZeneca, Pfizer/BioNTech",874301,324585,1198886
2021-03-17,"Moderna, Oxford/AstraZeneca, Pfizer/BioNTech",911751,335074,1246825
2021-03-18,"Johnson&Johnson, Moderna, Oxford/AstraZeneca, Pfizer/BioNTech",949688,347472,1297160
2021-03-19,"Moderna, Oxford/AstraZeneca, Pfizer/BioNTech",984129,361063,1345192
2021-03-20,"Johnson&Johnson, Moderna, Oxford/AstraZeneca, Pfizer/BioNTech",999245,363073,1362318
2021-03-21,"Johnson&Johnson, Moderna, Oxford/AstraZeneca, Pfizer/BioNTech",1006636,364615,1371251
2021-03-22,"Johnson&Johnson, Moderna, Oxford/AstraZeneca, Pfizer/BioNTech",1031152,377106,1408258
2021-03-23,"Johnson&Johnson, Moderna, Oxford/AstraZeneca, Pfizer/BioNTech",1057751,390438,1448189
2021-03-24,"Johnson&Johnson, Moderna, Oxford/AstraZeneca, Pfizer/BioNTech",1084575,406147,1490722
2021-03-25,"Moderna, Oxford/AstraZeneca, Pfizer/BioNTech",1110868,423977,1534845
2021-03-26,"Moderna, Oxford/AstraZeneca, Pfizer/BioNTech",1135644,441459,1577103
2021-03-27,"Johnson&Johnson, Moderna, Oxford/AstraZeneca, Pfizer/BioNTech",1144060,446292,1590352
2021-03-28,"Moderna, Oxford/AstraZeneca, Pfizer/BioNTech",1149588,450425,1600013
2021-03-29,"Johnson&Johnson, Moderna, Oxford/AstraZeneca, Pfizer/BioNTech",1168683,471122,1639805
2021-03-30,"Johnson&Johnson, Moderna, Oxford/AstraZeneca, Pfizer/BioNTech",1193360,493282,1686642
2021-03-31,"Johnson&Johnson, Moderna, Oxford/AstraZeneca, Pfizer/BioNTech",1216430,520317,1736747
2021-04-01,"Johnson&Johnson, Moderna, Oxford/AstraZeneca, Pfizer/BioNTech",1242002,552346,1794348
2021-04-02,"Johnson&Johnson, Moderna, Oxford/AstraZeneca, Pfizer/BioNTech",1248894,565126,1814020
2021-04-03,"Johnson&Johnson, Moderna, Oxford/AstraZeneca, Pfizer/BioNTech",1252492,576030,1828522
2021-04-04,"Johnson&Johnson, Moderna, Oxford/AstraZeneca, Pfizer/BioNTech",1254982,584928,1839910
2021-04-05,"Johnson&Johnson, Moderna, Oxford/AstraZeneca, Pfizer/BioNTech",1257356,592099,1849455
2021-04-06,"Johnson&Johnson, Moderna, Oxford/AstraZeneca, Pfizer/BioNTech",1273448,621318,1894766
2021-04-07,"Johnson&Johnson, Moderna, Oxford/AstraZeneca, Pfizer/BioNTech",1296816,643516,1940332
2021-04-08,"Johnson&Johnson, Moderna, Oxford/AstraZeneca, Pfizer/BioNTech",1335457,674506,2009963
2021-04-09,"Johnson&Johnson, Moderna, Oxford/AstraZeneca, Pfizer/BioNTech",1374936,704668,2079604
2021-04-10,"Johnson&Johnson, Moderna, Oxford/AstraZeneca, Pfizer/BioNTech",1390383,719942,2110325
2021-04-11,"Johnson&Johnson, Moderna, Oxford/AstraZeneca, Pfizer/BioNTech",1400134,729956,2130090
2021-04-12,"Johnson&Johnson, Moderna, Oxford/AstraZeneca, Pfizer/BioNTech",1438352,755054,2193406
2021-04-13,"Moderna, Oxford/AstraZeneca, Pfizer/BioNTech",1474557,781070,2255627
2021-04-14,"Moderna, Oxford/AstraZeneca, Pfizer/BioNTech",1513323,808398,2321721
2021-04-15,"Moderna, Oxford/AstraZeneca, Pfizer/BioNTech",1561072,834087,2395159
2021-04-16,"Moderna, Oxford/AstraZeneca, Pfizer/BioNTech",1605684,859699,2465383
2021-04-17,"Moderna, Oxford/AstraZeneca, Pfizer/BioNTech",1622343,868710,2491053
2021-04-18,"Moderna, Oxford/AstraZeneca, Pfizer/BioNTech",1635306,873687,2508993
2021-04-19,"Moderna, Oxford/AstraZeneca, Pfizer/BioNTech",1679277,889127,2568404
2021-04-20,"Johnson&Johnson, Moderna, Oxford/AstraZeneca, Pfizer/BioNTech",1721796,904972,2626768
2021-04-21,"Moderna, Oxford/AstraZeneca, Pfizer/BioNTech",1769490,919296,2688786
2021-04-22,"Johnson&Johnson, Moderna, Oxford/AstraZeneca, Pfizer/BioNTech",1823949,936653,2760602
2021-04-23,"Johnson&Johnson, Moderna, Oxford/AstraZeneca, Pfizer/BioNTech",1873869,948683,2822552
2021-04-24,"Johnson&Johnson, Moderna, Oxford/AstraZeneca, Pfizer/BioNTech",1891678,953913,2845591
2021-04-25,"Johnson&Johnson, Moderna, Oxford/AstraZeneca, Pfizer/BioNTech",1906348,957895,2864243
2021-04-26,"Johnson&Johnson, Moderna, Oxford/AstraZeneca, Pfizer/BioNTech",1955914,965435,2921349
2021-04-27,"Johnson&Johnson, Moderna, Oxford/AstraZeneca, Pfizer/BioNTech",2004871,977632,2982503
2021-04-28,"Johnson&Johnson, Moderna, Oxford/AstraZeneca, Pfizer/BioNTech",2063600,991595,3055195
2021-04-29,"Johnson&Johnson, Moderna, Oxford/AstraZeneca, Pfizer/BioNTech",2129137,1007442,3136579
2021-04-30,"Johnson&Johnson, Moderna, Oxford/AstraZeneca, Pfizer/BioNTech",2191325,1017370,3208695
2021-05-01,"Johnson&Johnson, Moderna, Oxford/AstraZeneca, Pfizer/BioNTech",2210617,1020787,3231404
2021-05-02,"Johnson&Johnson, Moderna, Oxford/AstraZeneca, Pfizer/BioNTech",2229510,1023037,3252547
2021-05-03,"Johnson&Johnson, Moderna, Oxford/AstraZeneca, Pfizer/BioNTech",2296730,1028082,3324812
2021-05-04,"Johnson&Johnson, Moderna, Oxford/AstraZeneca, Pfizer/BioNTech",2363206,1036386,3399592
2021-05-05,"Johnson&Johnson, Moderna, Oxford/AstraZeneca, Pfizer/BioNTech",2436334,1045749,3482083
2021-05-06,"Johnson&Johnson, Moderna, Oxford/AstraZeneca, Pfizer/BioNTech",2516697,1056422,3573119
2021-05-07,"Johnson&Johnson, Moderna, Oxford/AstraZeneca, Pfizer/BioNTech",2593962,1066480,3660442
2021-05-08,"Johnson&Johnson, Moderna, Oxford/AstraZeneca, Pfizer/BioNTech",2623363,1068217,3691580
2021-05-09,"Johnson&Johnson, Moderna, Oxford/AstraZeneca, Pfizer/BioNTech",2647531,1069404,3716935
2021-05-10,"Johnson&Johnson, Moderna, Oxford/AstraZeneca, Pfizer/BioNTech",2720264,1076595,3796859
2021-05-11,"Johnson&Johnson, Moderna, Oxford/AstraZeneca, Pfizer/BioNTech",2796331,1085365,3881696
2021-05-12,"Johnson&Johnson, Moderna, Oxford/AstraZeneca, Pfizer/BioNTech",2876155,1094406,3970561
2021-05-13,"Johnson&Johnson, Moderna, Oxford/AstraZeneca, Pfizer/BioNTech",2960144,1103535,4063679
2021-05-14,"Johnson&Johnson, Moderna, Oxford/AstraZeneca, Pfizer/BioNTech",3039543,1111262,4150805
2021-05-15,"Johnson&Johnson, Moderna, Oxford/AstraZeneca, Pfizer/BioNTech",3071382,1113450,4184832
2021-05-16,"Johnson&Johnson, Moderna, Oxford/AstraZeneca, Pfizer/BioNTech",3097126,1114689,4211815
2021-05-17,"Johnson&Johnson, Moderna, Oxford/AstraZeneca, Pfizer/BioNTech",3169604,1121370,4290974
2021-05-18,"Johnson&Johnson, Moderna, Oxford/AstraZeneca, Pfizer/BioNTech",3241509,1134357,4375866
2021-05-19,"Johnson&Johnson, Moderna, Oxford/AstraZeneca, Pfizer/BioNTech",3318944,1149448,4468392
2021-05-20,"Johnson&Johnson, Moderna, Oxford/AstraZeneca, Pfizer/BioNTech",3394343,1176409,4570752
2021-05-21,"Johnson&Johnson, Moderna, Oxford/AstraZeneca, Pfizer/BioNTech",3463076,1204091,4667167
2021-05-22,"Johnson&Johnson, Moderna, Oxford/AstraZeneca, Pfizer/BioNTech",3495410,1215226,4710636
2021-05-23,"Johnson&Johnson, Moderna, Oxford/AstraZeneca, Pfizer/BioNTech",3517714,1224231,4741945
2021-05-24,"Johnson&Johnson, Moderna, Oxford/AstraZeneca, Pfizer/BioNTech",3564790,1257831,4822621
2021-05-25,"Johnson&Johnson, Moderna, Oxford/AstraZeneca, Pfizer/BioNTech",3616625,1293574,4910199
2021-05-26,"Johnson&Johnson, Moderna, Oxford/AstraZeneca, Pfizer/BioNTech",3684354,1331045,5015399
2021-05-27,"Johnson&Johnson, Moderna, Oxford/AstraZeneca, Pfizer/BioNTech",3745703,1378307,5124010
2021-05-28,"Johnson&Johnson, Moderna, Oxford/AstraZeneca, Pfizer/BioNTech",3807364,1424799,5232163
2021-05-29,"Johnson&Johnson, Moderna, Oxford/AstraZeneca, Pfizer/BioNTech",3836513,1441867,5278380
2021-05-30,"Johnson&Johnson, Moderna, Oxford/AstraZeneca, Pfizer/BioNTech",3858853,1456273,5315126
2021-05-31,"Johnson&Johnson, Moderna, Oxford/AstraZeneca, Pfizer/BioNTech",3914570,1503776,5418346
2021-06-01,"Johnson&Johnson, Moderna, Oxford/AstraZeneca, Pfizer/BioNTech",3973586,1552542,5526128
2021-06-02,"Johnson&Johnson, Moderna, Oxford/AstraZeneca, Pfizer/BioNTech",4036454,1606438,5642892
2021-06-03,"Johnson&Johnson, Moderna, Oxford/AstraZeneca, Pfizer/BioNTech",4094668,1666583,5761251
2021-06-04,"Johnson&Johnson, Moderna, Oxford/AstraZeneca, Pfizer/BioNTech",4157742,1723891,5881633
2021-06-05,"Johnson&Johnson, Moderna, Oxford/AstraZeneca, Pfizer/BioNTech",4191869,1742662,5934531
2021-06-06,"Johnson&Johnson, Moderna, Oxford/AstraZeneca, Pfizer/BioNTech",4218767,1757754,5976521
2021-06-07,"Johnson&Johnson, Moderna, Oxford/AstraZeneca, Pfizer/BioNTech",4282428,1813321,6095749
2021-06-08,"Johnson&Johnson, Moderna, Oxford/AstraZeneca, Pfizer/BioNTech",4346389,1868223,6214612
2021-06-09,"Johnson&Johnson, Moderna, Oxford/AstraZeneca, Pfizer/BioNTech",4405568,1932571,6338139
2021-06-10,"Johnson&Johnson, Moderna, Oxford/AstraZeneca, Pfizer/BioNTech",4459444,2003578,6463022
2021-06-11,"Johnson&Johnson, Moderna, Oxford/AstraZeneca, Pfizer/BioNTech",4511521,2073207,6584728
2021-06-12,"Johnson&Johnson, Moderna, Oxford/AstraZeneca, Pfizer/BioNTech",4543500,2093933,6637433
2021-06-13,"Johnson&Johnson, Moderna, Oxford/AstraZeneca, Pfizer/BioNTech",4567501,2112287,6679788
2021-06-14,"Johnson&Johnson, Moderna, Oxford/AstraZeneca, Pfizer/BioNTech",4610563,2186576,6797139
2021-06-15,"Johnson&Johnson, Moderna, Oxford/AstraZeneca, Pfizer/BioNTech",4655191,2258818,6914009
2021-06-16,"Johnson&Johnson, Moderna, Oxford/AstraZeneca, Pfizer/BioNTech",4697912,2336941,7034853
2021-06-17,"Johnson&Johnson, Moderna, Oxford/AstraZeneca, Pfizer/BioNTech",4737274,2419902,7157176
2021-06-18,"Johnson&Johnson, Moderna, Oxford/AstraZeneca, Pfizer/BioNTech",4779654,2500297,7279951
2021-06-19,"Johnson&Johnson, Moderna, Oxford/AstraZeneca, Pfizer/BioNTech",4801385,2529510,7330895
2021-06-20,"Johnson&Johnson, Moderna, Oxford/AstraZeneca, Pfizer/BioNTech",4818739,2553267,7372006
2021-06-21,"Johnson&Johnson, Moderna, Oxford/AstraZeneca, Pfizer/BioNTech",4851237,2631734,7482971
2021-06-22,"Johnson&Johnson, Moderna, Oxford/AstraZeneca, Pfizer/BioNTech",4884190,2713890,7598080
2021-06-23,"Johnson&Johnson, Moderna, Oxford/AstraZeneca, Pfizer/BioNTech",4915831,2799008,7714839
2021-06-24,"Johnson&Johnson, Moderna, Oxford/AstraZeneca, Pfizer/BioNTech",4945658,2888938,7834596
2021-06-25,"Johnson&Johnson, Moderna, Oxford/AstraZeneca, Pfizer/BioNTech",4976698,2974952,7951650
2021-06-26,"Johnson&Johnson, Moderna, Oxford/AstraZeneca, Pfizer/BioNTech",4992551,3009686,8002237
2021-06-27,"Johnson&Johnson, Moderna, Oxford/AstraZeneca, Pfizer/BioNTech",5006490,3036273,8042763
2021-06-28,"Johnson&Johnson, Moderna, Oxford/AstraZeneca, Pfizer/BioNTech",5034904,3121355,8156259
2021-06-29,"Johnson&Johnson, Moderna, Oxford/AstraZeneca, Pfizer/BioNTech",5064158,3207729,8271887
2021-06-30,"Johnson&Johnson, Moderna, Oxford/AstraZeneca, Pfizer/BioNTech",5091656,3298570,8390226
2021-07-01,"Johnson&Johnson, Moderna, Oxford/AstraZeneca, Pfizer/BioNTech",5115597,3388474,8504071
2021-07-02,"Johnson&Johnson, Moderna, Oxford/AstraZeneca, Pfizer/BioNTech",5142313,3474179,8616492
2021-07-03,"Johnson&Johnson, Moderna, Oxford/AstraZeneca, Pfizer/BioNTech",5149381,3505626,8655007
2021-07-04,"Johnson&Johnson, Moderna, Oxford/AstraZeneca, Pfizer/BioNTech",5156922,3527386,8684308
2021-07-05,"Johnson&Johnson, Moderna, Oxford/AstraZeneca, Pfizer/BioNTech",5164267,3552702,8716969
2021-07-06,"Johnson&Johnson, Moderna, Oxford/AstraZeneca, Pfizer/BioNTech",5169658,3580269,8749927
2021-07-07,"Johnson&Johnson, Moderna, Oxford/AstraZeneca, Pfizer/BioNTech",5195434,3659133,8854567
2021-07-08,"Johnson&Johnson, Moderna, Oxford/AstraZeneca, Pfizer/BioNTech",5222010,3729348,8951358
2021-07-09,"Johnson&Johnson, Moderna, Oxford/AstraZeneca, Pfizer/BioNTech",5249907,3798509,9048416
2021-07-10,"Johnson&Johnson, Moderna, Oxford/AstraZeneca, Pfizer/BioNTech",5259239,3827070,9086309
2021-07-11,"Johnson&Johnson, Moderna, Oxford/AstraZeneca, Pfizer/BioNTech",5267754,3849918,9117672
2021-07-12,"Johnson&Johnson, Moderna, Oxford/AstraZeneca, Pfizer/BioNTech",5295280,3918930,9214210
2021-07-13,"Johnson&Johnson, Moderna, Oxford/AstraZeneca, Pfizer/BioNTech",5321467,3988709,9310176
2021-07-14,"Johnson&Johnson, Moderna, Oxford/AstraZeneca, Pfizer/BioNTech",5347300,4060597,9407897
2021-07-15,"Johnson&Johnson, Moderna, Oxford/AstraZeneca, Pfizer/BioNTech",5376488,4126507,9502995
2021-07-16,"Johnson&Johnson, Moderna, Oxford/AstraZeneca, Pfizer/BioNTech",5404415,4199114,9603529
2021-07-17,"Johnson&Johnson, Moderna, Oxford/AstraZeneca, Pfizer/BioNTech",5413165,4230494,9643659
2021-07-18,"Johnson&Johnson, Moderna, Oxford/AstraZeneca, Pfizer/BioNTech",5421597,4256452,9678049
2021-07-19,"Johnson&Johnson, Moderna, Oxford/AstraZeneca, Pfizer/BioNTech",5444928,4323387,9768315
2021-07-20,"Johnson&Johnson, Moderna, Oxford/AstraZeneca, Pfizer/BioNTech",5466309,4390333,9856642
2021-07-21,"Johnson&Johnson, Moderna, Oxford/AstraZeneca, Pfizer/BioNTech",5489750,4453681,9943431
2021-07-22,"Johnson&Johnson, Moderna, Oxford/AstraZeneca, Pfizer/BioNTech",5512088,4512208,10024296
2021-07-23,"Johnson&Johnson, Moderna, Oxford/AstraZeneca, Pfizer/BioNTech",5535252,4566831,10102083
2021-07-24,"Johnson&Johnson, Moderna, Oxford/AstraZeneca, Pfizer/BioNTech",5542550,4594432,10136982
2021-07-25,"Johnson&Johnson, Moderna, Oxford/AstraZeneca, Pfizer/BioNTech",5549147,4616508,10165655
2021-07-26,"Johnson&Johnson, Moderna, Oxford/AstraZeneca, Pfizer/BioNTech",5572643,4665062,10237705
2021-07-27,"Johnson&Johnson, Moderna, Oxford/AstraZeneca, Pfizer/BioNTech",5595347,4711590,10306937
2021-07-28,"Johnson&Johnson, Moderna, Oxford/AstraZeneca, Pfizer/BioNTech",5616564,4757461,10374025
2021-07-29,"Johnson&Johnson, Moderna, Oxford/AstraZeneca, Pfizer/BioNTech",5637849,4799307,10437156
2021-07-30,"Johnson&Johnson, Moderna, Oxford/AstraZeneca, Pfizer/BioNTech",5661104,4841759,10502863
2021-07-31,"Johnson&Johnson, Moderna, Oxford/AstraZeneca, Pfizer/BioNTech",5670018,4861245,10531263
2021-08-01,"Johnson&Johnson, Moderna, Oxford/AstraZeneca, Pfizer/BioNTech",5676724,4877370,10554094
2021-08-02,"Johnson&Johnson, Moderna, Oxford/AstraZeneca, Pfizer/BioNTech",5695321,4914837,10610158
2021-08-03,"Johnson&Johnson, Moderna, Oxford/AstraZeneca, Pfizer/BioNTech",5712931,4952856,10665787
2021-08-04,"Johnson&Johnson, Moderna, Oxford/AstraZeneca, Pfizer/BioNTech",5728995,4989501,10718496
2021-08-05,"Johnson&Johnson, Moderna, Oxford/AstraZeneca, Pfizer/BioNTech",5744994,5029876,10774870
2021-08-06,"Johnson&Johnson, Moderna, Oxford/AstraZeneca, Pfizer/BioNTech",5761758,5073065,10834823
2021-08-07,"Johnson&Johnson, Moderna, Oxford/AstraZeneca, Pfizer/BioNTech",5767329,5091185,10858514
2021-08-08,"Johnson&Johnson, Moderna, Oxford/AstraZeneca, Pfizer/BioNTech",5771676,5106905,10878581
2021-08-09,"Johnson&Johnson, Moderna, Oxford/AstraZeneca, Pfizer/BioNTech",5784302,5151883,10936185
2021-08-10,"Johnson&Johnson, Moderna, Oxford/AstraZeneca, Pfizer/BioNTech",5796109,5191375,10987484
2021-08-11,"Johnson&Johnson, Moderna, Oxford/AstraZeneca, Pfizer/BioNTech",5807448,5234445,11041893
2021-08-12,"Johnson&Johnson, Moderna, Oxford/AstraZeneca, Pfizer/BioNTech",5818839,5271445,11090284
2021-08-13,"Johnson&Johnson, Moderna, Oxford/AstraZeneca, Pfizer/BioNTech",5829511,5311683,11141194
2021-08-14,"Johnson&Johnson, Moderna, Oxford/AstraZeneca, Pfizer/BioNTech",5832842,5322350,11155192
2021-08-15,"Johnson&Johnson, Moderna, Oxford/AstraZeneca, Pfizer/BioNTech",5835416,5332700,11168116
2021-08-16,"Johnson&Johnson, Moderna, Oxford/AstraZeneca, Pfizer/BioNTech",5845179,5366695,11211874
2021-08-17,"Johnson&Johnson, Moderna, Oxford/AstraZeneca, Pfizer/BioNTech",5854746,5393732,11248478
2021-08-18,"Johnson&Johnson, Moderna, Oxford/AstraZeneca, Pfizer/BioNTech",5864105,5432534,11296639
2021-08-19,"Johnson&Johnson, Moderna, Oxford/AstraZeneca, Pfizer/BioNTech",5873757,5470827,11344584
2021-08-20,"Johnson&Johnson, Moderna, Oxford/AstraZeneca, Pfizer/BioNTech",5885087,5510950,11396037
2021-08-21,"Johnson&Johnson, Moderna, Oxford/AstraZeneca, Pfizer/BioNTech",5887791,5523678,11411469
2021-08-22,"Johnson&Johnson, Moderna, Oxford/AstraZeneca, Pfizer/BioNTech",5890122,5535623,11425745
2021-08-23,"Johnson&Johnson, Moderna, Oxford/AstraZeneca, Pfizer/BioNTech",5900632,5574805,11475437
2021-08-24,"Johnson&Johnson, Moderna, Oxford/AstraZeneca, Pfizer/BioNTech",5910482,5607991,11518473
2021-08-25,"Johnson&Johnson, Moderna, Oxford/AstraZeneca, Pfizer/BioNTech",5919317,5636290,11555607
2021-08-26,"Johnson&Johnson, Moderna, Oxford/AstraZeneca, Pfizer/BioNTech",5927734,5662344,11590078
2021-08-27,"Johnson&Johnson, Moderna, Oxford/AstraZeneca, Pfizer/BioNTech",5938036,5688235,11626271
2021-08-28,"Johnson&Johnson, Moderna, Oxford/AstraZeneca, Pfizer/BioNTech",5940747,5695244,11635991
2021-08-29,"Johnson&Johnson, Moderna, Oxford/AstraZeneca, Pfizer/BioNTech",5943148,5701852,11645000
2021-08-30,"Johnson&Johnson, Moderna, Oxford/AstraZeneca, Pfizer/BioNTech",5951649,5723661,11675310
2021-08-31,"Johnson&Johnson, Moderna, Oxford/AstraZeneca, Pfizer/BioNTech",5959291,5741691,11700982
2021-09-01,"Johnson&Johnson, Moderna, Oxford/AstraZeneca, Pfizer/BioNTech",5965156,5755636,11720792
2021-09-02,"Johnson&Johnson, Moderna, Oxford/AstraZeneca, Pfizer/BioNTech",5971936,5769967,11741903
2021-09-03,"Johnson&Johnson, Moderna, Oxford/AstraZeneca, Pfizer/BioNTech",5981412,5785599,11767011
2021-09-04,"Johnson&Johnson, Moderna, Oxford/AstraZeneca, Pfizer/BioNTech",5983461,5789129,11772590
2021-09-05,"Johnson&Johnson, Moderna, Oxford/AstraZeneca, Pfizer/BioNTech",5985485,5791955,11777440
2021-09-06,"Johnson&Johnson, Moderna, Oxford/AstraZeneca, Pfizer/BioNTech",5991648,5804431,11796079
2021-09-07,"Johnson&Johnson, Moderna, Oxford/AstraZeneca, Pfizer/BioNTech",5995993,5815486,11811479
2021-09-08,"Johnson&Johnson, Moderna, Oxford/AstraZeneca, Pfizer/BioNTech",6001619,5825295,11826914
2021-09-09,"Johnson&Johnson, Moderna, Oxford/AstraZeneca, Pfizer/BioNTech",6008251,5835332,11843583
2021-09-10,"Johnson&Johnson, Moderna, Oxford/AstraZeneca, Pfizer/BioNTech",6015881,5847475,11863356
2021-09-11,"Johnson&Johnson, Moderna, Pfizer/BioNTech",6017733,5849935,11867668
2021-09-12,"Johnson&Johnson, Moderna, Oxford/AstraZeneca, Pfizer/BioNTech",6018839,5851552,11870391
2021-09-13,"Johnson&Johnson, Moderna, Oxford/AstraZeneca, Pfizer/BioNTech",6024229,5861791,11886020
2021-09-14,"Johnson&Johnson, Moderna, Oxford/AstraZeneca, Pfizer/BioNTech",6029564,5870771,11900335
2021-09-15,"Johnson&Johnson, Moderna, Oxford/AstraZeneca, Pfizer/BioNTech",6034708,5879268,11913976
2021-09-16,"Johnson&Johnson, Moderna, Oxford/AstraZeneca, Pfizer/BioNTech",6039945,5887511,11927456
2021-09-17,"Johnson&Johnson, Moderna, Oxford/AstraZeneca, Pfizer/BioNTech",6046443,5897692,11944135
2021-09-18,"Johnson&Johnson, Moderna, Pfizer/BioNTech",6048161,5900027,11948188
2021-09-19,"Johnson&Johnson, Moderna, Oxford/AstraZeneca, Pfizer/BioNTech",6049097,5901587,11950684
2021-09-20,"Johnson&Johnson, Moderna, Oxford/AstraZeneca, Pfizer/BioNTech",6053029,5909746,11962775
2021-09-21,"Johnson&Johnson, Moderna, Oxford/AstraZeneca, Pfizer/BioNTech",6057069,5917243,11974312
2021-09-22,"Johnson&Johnson, Moderna, Oxford/AstraZeneca, Pfizer/BioNTech",6061156,5922736,11983892
2021-09-23,"Johnson&Johnson, Moderna, Oxford/AstraZeneca, Pfizer/BioNTech",6066079,5929121,11995200
2021-09-24,"Johnson&Johnson, Moderna, Oxford/AstraZeneca, Pfizer/BioNTech",6071767,5938701,12010468
2021-09-25,"Johnson&Johnson, Moderna, Pfizer/BioNTech",6073241,5940671,12013912
2021-09-26,"Johnson&Johnson, Moderna, Pfizer/BioNTech",6073974,5942288,12016262
2021-09-27,"Johnson&Johnson, Moderna, Oxford/AstraZeneca, Pfizer/BioNTech",6077752,5948737,12026489
2021-09-28,"Johnson&Johnson, Moderna, Pfizer/BioNTech",6078078,5949330,12027408
2021-09-29,"Johnson&Johnson, Moderna, Oxford/AstraZeneca, Pfizer/BioNTech",6081777,5956727,12038504
2021-09-30,"Johnson&Johnson, Moderna, Oxford/AstraZeneca, Pfizer/BioNTech",6086139,5964369,12050508
2021-10-01,"Johnson&Johnson, Moderna, Oxford/AstraZeneca, Pfizer/BioNTech",6090197,5972199,12062396
2021-10-02,"Johnson&Johnson, Moderna, Pfizer/BioNTech",6091232,5973722,12064954
2021-10-03,"Johnson&Johnson, Moderna, Pfizer/BioNTech",6091936,5974582,12066518
2021-10-04,"Johnson&Johnson, Moderna, Oxford/AstraZeneca, Pfizer/BioNTech",6094864,5980079,12074943
2021-10-05,"Johnson&Johnson, Moderna, Oxford/AstraZeneca, Pfizer/BioNTech",6097739,5984970,12082709
2021-10-06,"Johnson&Johnson, Moderna, Oxford/AstraZeneca, Pfizer/BioNTech",6101098,5990011,12091109
2021-10-07,"Johnson&Johnson, Moderna, Oxford/AstraZeneca, Pfizer/BioNTech",6104211,5995155,12099366
2021-10-08,"Johnson&Johnson, Moderna, Oxford/AstraZeneca, Pfizer/BioNTech",6108917,6001711,12110628
2021-10-09,"Johnson&Johnson, Moderna, Pfizer/BioNTech",6110135,6003346,12113481
2021-10-10,"Johnson&Johnson, Moderna, Pfizer/BioNTech",6111047,6004172,12115219
2021-10-11,"Johnson&Johnson, Moderna, Oxford/AstraZeneca, Pfizer/BioNTech",6113886,6008509,12122395
2021-10-12,"Johnson&Johnson, Moderna, Oxford/AstraZeneca, Pfizer/BioNTech",6116490,6012296,12128786
2021-10-13,"Johnson&Johnson, Moderna, Oxford/AstraZeneca, Pfizer/BioNTech",6119784,6016303,12136087
2021-10-14,"Johnson&Johnson, Moderna, Oxford/AstraZeneca, Pfizer/BioNTech",6123279,6021164,12144443
2021-10-15,"Johnson&Johnson, Moderna, Oxford/AstraZeneca, Pfizer/BioNTech",6128232,6027143,12155375
2021-10-16,"Johnson&Johnson, Moderna, Pfizer/BioNTech",6129588,6028647,12158235
2021-10-17,"Johnson&Johnson, Moderna, Pfizer/BioNTech",6130894,6029691,12160585
2021-10-18,"Johnson&Johnson, Moderna, Oxford/AstraZeneca, Pfizer/BioNTech",6134762,6033606,12168368
2021-10-19,"Johnson&Johnson, Moderna, Oxford/AstraZeneca, Pfizer/BioNTech",6138138,6035579,12173717
2021-10-20,"Johnson&Johnson, Moderna, Oxford/AstraZeneca, Pfizer/BioNTech",6142761,6039795,12182556
2021-10-21,"Johnson&Johnson, Moderna, Oxford/AstraZeneca, Pfizer/BioNTech",6150174,6045111,12195285
2021-10-22,"Johnson&Johnson, Moderna, Oxford/AstraZeneca, Pfizer/BioNTech",6159667,6050907,12210574
2021-10-23,"Johnson&Johnson, Moderna, Pfizer/BioNTech",6162754,6052605,12215359
2021-10-24,"Johnson&Johnson, Moderna, Pfizer/BioNTech",6164861,6053901,12218762
