date,vaccine,people_vaccinated,people_fully_vaccinated,total_vaccinations
2020-12-27,Pfizer/BioNTech,1285,0,1285
2020-12-28,Pfizer/BioNTech,3592,0,3592
2020-12-29,Pfizer/BioNTech,7062,1,7063
2020-12-30,Pfizer/BioNTech,10582,1,10583
2020-12-31,Pfizer/BioNTech,11894,1,11895
2021-01-01,"Moderna, Pfizer/BioNTech",12164,1,12165
2021-01-02,Pfizer/BioNTech,13445,1,13446
2021-01-03,"Moderna, Pfizer/BioNTech",14369,1,14370
2021-01-04,"Moderna, Pfizer/BioNTech",17983,1,17984
2021-01-05,"Moderna, Pfizer/BioNTech",22509,3,22512
2021-01-06,"Moderna, Pfizer/BioNTech",28360,4,28364
2021-01-07,"Moderna, Pfizer/BioNTech",36360,4,36364
2021-01-08,"Moderna, Pfizer/BioNTech",46413,5,46418
2021-01-09,"Moderna, Pfizer/BioNTech",48442,6,48448
2021-01-10,Pfizer/BioNTech,50212,7,50219
2021-01-11,"Moderna, Pfizer/BioNTech",60069,9,60078
2021-01-12,"Moderna, Pfizer/BioNTech",73529,11,73540
2021-01-13,"Moderna, Pfizer/BioNTech",87076,11,87087
2021-01-14,"Moderna, Pfizer/BioNTech",102327,15,102342
2021-01-15,"Moderna, Pfizer/BioNTech",116350,16,116366
2021-01-16,"Moderna, Pfizer/BioNTech",119753,20,119773
2021-01-17,"Moderna, Pfizer/BioNTech",122376,656,123032
2021-01-18,"Moderna, Pfizer/BioNTech",134868,2483,137351
2021-01-19,"Moderna, Pfizer/BioNTech",147478,5210,152688
2021-01-20,"Moderna, Pfizer/BioNTech",161168,7873,169041
2021-01-21,"Moderna, Pfizer/BioNTech",176822,9619,186441
2021-01-22,"Moderna, Pfizer/BioNTech",191715,10665,202380
2021-01-23,"Moderna, Pfizer/BioNTech",195036,11546,206582
2021-01-24,"Moderna, Pfizer/BioNTech",197291,12415,209706
2021-01-25,"Moderna, Pfizer/BioNTech",206942,15389,222331
2021-01-26,"Moderna, Pfizer/BioNTech",217490,19384,236874
2021-01-27,"Moderna, Pfizer/BioNTech",226520,23922,250442
2021-01-28,"Moderna, Pfizer/BioNTech",233623,30058,263681
2021-01-29,"Moderna, Pfizer/BioNTech",239840,37970,277810
2021-01-30,"Moderna, Pfizer/BioNTech",240581,39058,279639
2021-01-31,"Moderna, Pfizer/BioNTech",241296,40240,281536
2021-02-01,"Moderna, Pfizer/BioNTech",245277,48207,293484
2021-02-02,"Moderna, Pfizer/BioNTech",249426,58448,307874
2021-02-03,"Moderna, Pfizer/BioNTech",253851,69468,323319
2021-02-04,"Moderna, Pfizer/BioNTech",258756,82461,341217
2021-02-05,"Moderna, Pfizer/BioNTech",264225,93135,357360
2021-02-06,"Moderna, Oxford/AstraZeneca, Pfizer/BioNTech",265077,95503,360580
2021-02-07,"Moderna, Oxford/AstraZeneca, Pfizer/BioNTech",265929,98003,363932
2021-02-08,"Moderna, Oxford/AstraZeneca, Pfizer/BioNTech",270017,109437,379454
2021-02-09,"Moderna, Oxford/AstraZeneca, Pfizer/BioNTech",275120,121352,396472
2021-02-10,"Moderna, Oxford/AstraZeneca, Pfizer/BioNTech",280633,134613,415246
2021-02-11,"Moderna, Oxford/AstraZeneca, Pfizer/BioNTech",286972,150835,437807
2021-02-12,"Moderna, Oxford/AstraZeneca, Pfizer/BioNTech",293799,165580,459379
2021-02-13,"Moderna, Oxford/AstraZeneca, Pfizer/BioNTech",295412,168569,463981
2021-02-14,"Moderna, Oxford/AstraZeneca, Pfizer/BioNTech",296416,169955,466371
2021-02-15,"Moderna, Oxford/AstraZeneca, Pfizer/BioNTech",302815,179325,482140
2021-02-16,"Moderna, Oxford/AstraZeneca, Pfizer/BioNTech",311536,188410,499946
2021-02-17,"Moderna, Oxford/AstraZeneca, Pfizer/BioNTech",321237,196717,517954
2021-02-18,"Moderna, Oxford/AstraZeneca, Pfizer/BioNTech",333567,204801,538368
2021-02-19,"Moderna, Oxford/AstraZeneca, Pfizer/BioNTech",345429,212179,557608
2021-02-20,"Moderna, Oxford/AstraZeneca, Pfizer/BioNTech",347432,213365,560797
2021-02-21,"Moderna, Oxford/AstraZeneca, Pfizer/BioNTech",348567,214389,562956
2021-02-22,"Moderna, Oxford/AstraZeneca, Pfizer/BioNTech",358694,220424,579118
2021-02-23,"Moderna, Oxford/AstraZeneca, Pfizer/BioNTech",371655,227416,599071
2021-02-24,"Moderna, Oxford/AstraZeneca, Pfizer/BioNTech",385531,233455,618986
2021-02-25,"Moderna, Oxford/AstraZeneca, Pfizer/BioNTech",403507,239007,642514
2021-02-26,"Moderna, Oxford/AstraZeneca, Pfizer/BioNTech",419684,244362,664046
2021-02-27,"Moderna, Oxford/AstraZeneca, Pfizer/BioNTech",422693,244921,667614
2021-02-28,"Moderna, Oxford/AstraZeneca, Pfizer/BioNTech",425048,245473,670521
2021-03-01,"Moderna, Oxford/AstraZeneca, Pfizer/BioNTech",444644,248925,693569
2021-03-02,"Moderna, Oxford/AstraZeneca, Pfizer/BioNTech",471874,252473,724347
2021-03-03,"Moderna, Oxford/AstraZeneca, Pfizer/BioNTech",502825,256978,759803
2021-03-04,"Moderna, Oxford/AstraZeneca, Pfizer/BioNTech",536112,261667,797779
2021-03-05,"Johnson&Johnson, Moderna, Oxford/AstraZeneca, Pfizer/BioNTech",564957,267092,832049
2021-03-06,"Johnson&Johnson, Moderna, Oxford/AstraZeneca, Pfizer/BioNTech",577110,267953,845063
2021-03-07,"Johnson&Johnson, Moderna, Oxford/AstraZeneca, Pfizer/BioNTech",588655,268795,857450
2021-03-08,"Johnson&Johnson, Moderna, Oxford/AstraZeneca, Pfizer/BioNTech",618408,273652,892060
2021-03-09,"Johnson&Johnson, Moderna, Oxford/AstraZeneca, Pfizer/BioNTech",654772,280038,934810
2021-03-10,"Johnson&Johnson, Moderna, Oxford/AstraZeneca, Pfizer/BioNTech",696096,286997,983093
2021-03-11,"Johnson&Johnson, Moderna, Oxford/AstraZeneca, Pfizer/BioNTech",740941,295370,1036311
2021-03-12,"Johnson&Johnson, Moderna, Oxford/AstraZeneca, Pfizer/BioNTech",779714,303866,1083580
2021-03-13,"Johnson&Johnson, Moderna, Oxford/AstraZeneca, Pfizer/BioNTech",796811,305178,1101989
2021-03-14,"Johnson&Johnson, Moderna, Oxford/AstraZeneca, Pfizer/BioNTech",808930,306333,1115263
2021-03-15,"Johnson&Johnson, Moderna, Oxford/AstraZeneca, Pfizer/BioNTech",837319,315114,1152433
2021-03-16,"Johnson&Johnson, Moderna, Oxford/AstraZeneca, Pfizer/BioNTech",876212,325653,1201865
2021-03-17,"Moderna, Oxford/AstraZeneca, Pfizer/BioNTech",913704,336163,1249867
2021-03-18,"Johnson&Johnson, Moderna, Oxford/AstraZeneca, Pfizer/BioNTech",951711,348582,1300293
2021-03-19,"Moderna, Oxford/AstraZeneca, Pfizer/BioNTech",986218,362194,1348412
2021-03-20,"Johnson&Johnson, Moderna, Oxford/AstraZeneca, Pfizer/BioNTech",1001386,364225,1365611
2021-03-21,"Johnson&Johnson, Moderna, Oxford/AstraZeneca, Pfizer/BioNTech",1008820,365785,1374605
2021-03-22,"Johnson&Johnson, Moderna, Oxford/AstraZeneca, Pfizer/BioNTech",1033404,378289,1411693
2021-03-23,"Johnson&Johnson, Moderna, Oxford/AstraZeneca, Pfizer/BioNTech",1060073,391650,1451723
2021-03-24,"Johnson&Johnson, Moderna, Oxford/AstraZeneca, Pfizer/BioNTech",1086952,407395,1494347
2021-03-25,"Moderna, Oxford/AstraZeneca, Pfizer/BioNTech",1113305,425248,1538553
2021-03-26,"Johnson&Johnson, Moderna, Oxford/AstraZeneca, Pfizer/BioNTech",1138141,442754,1580895
2021-03-27,"Johnson&Johnson, Moderna, Oxford/AstraZeneca, Pfizer/BioNTech",1146592,447602,1594194
2021-03-28,"Moderna, Oxford/AstraZeneca, Pfizer/BioNTech",1152138,451749,1603887
2021-03-29,"Johnson&Johnson, Moderna, Oxford/AstraZeneca, Pfizer/BioNTech",1171282,472487,1643769
2021-03-30,"Johnson&Johnson, Moderna, Oxford/AstraZeneca, Pfizer/BioNTech",1195980,494672,1690652
2021-03-31,"Johnson&Johnson, Moderna, Oxford/AstraZeneca, Pfizer/BioNTech",1219122,521741,1740863
2021-04-01,"Johnson&Johnson, Moderna, Oxford/AstraZeneca, Pfizer/BioNTech",1244790,553802,1798592
2021-04-02,"Johnson&Johnson, Moderna, Oxford/AstraZeneca, Pfizer/BioNTech",1251742,566596,1818338
2021-04-03,"Johnson&Johnson, Moderna, Oxford/AstraZeneca, Pfizer/BioNTech",1255381,577525,1832906
2021-04-04,"Johnson&Johnson, Moderna, Oxford/AstraZeneca, Pfizer/BioNTech",1257911,586448,1844359
2021-04-05,"Johnson&Johnson, Moderna, Oxford/AstraZeneca, Pfizer/BioNTech",1260329,593643,1853972
2021-04-06,"Johnson&Johnson, Moderna, Oxford/AstraZeneca, Pfizer/BioNTech",1276521,622909,1899430
2021-04-07,"Johnson&Johnson, Moderna, Oxford/AstraZeneca, Pfizer/BioNTech",1299991,645146,1945137
2021-04-08,"Johnson&Johnson, Moderna, Oxford/AstraZeneca, Pfizer/BioNTech",1338773,676183,2014956
2021-04-09,"Johnson&Johnson, Moderna, Oxford/AstraZeneca, Pfizer/BioNTech",1378357,706374,2084731
2021-04-10,"Johnson&Johnson, Moderna, Oxford/AstraZeneca, Pfizer/BioNTech",1393900,721676,2115576
2021-04-11,"Johnson&Johnson, Moderna, Oxford/AstraZeneca, Pfizer/BioNTech",1403698,731730,2135428
2021-04-12,"Johnson&Johnson, Moderna, Oxford/AstraZeneca, Pfizer/BioNTech",1442012,756875,2198887
2021-04-13,"Moderna, Oxford/AstraZeneca, Pfizer/BioNTech",1478300,782918,2261218
2021-04-14,"Moderna, Oxford/AstraZeneca, Pfizer/BioNTech",1517167,810288,2327455
2021-04-15,"Moderna, Oxford/AstraZeneca, Pfizer/BioNTech",1564988,836059,2401047
2021-04-16,"Moderna, Oxford/AstraZeneca, Pfizer/BioNTech",1609683,861732,2471415
2021-04-17,"Moderna, Oxford/AstraZeneca, Pfizer/BioNTech",1626390,870760,2497150
2021-04-18,"Moderna, Oxford/AstraZeneca, Pfizer/BioNTech",1639385,875746,2515131
2021-04-19,"Moderna, Oxford/AstraZeneca, Pfizer/BioNTech",1683354,891189,2574543
2021-04-20,"Johnson&Johnson, Moderna, Oxford/AstraZeneca, Pfizer/BioNTech",1725944,907063,2633007
2021-04-21,"Moderna, Oxford/AstraZeneca, Pfizer/BioNTech",1773709,921422,2695131
2021-04-22,"Johnson&Johnson, Moderna, Oxford/AstraZeneca, Pfizer/BioNTech",1828225,938817,2767042
2021-04-23,"Johnson&Johnson, Moderna, Oxford/AstraZeneca, Pfizer/BioNTech",1878225,950878,2829103
2021-04-24,"Johnson&Johnson, Moderna, Oxford/AstraZeneca, Pfizer/BioNTech",1896088,956135,2852223
2021-04-25,"Johnson&Johnson, Moderna, Oxford/AstraZeneca, Pfizer/BioNTech",1910793,960134,2870927
2021-04-26,"Johnson&Johnson, Moderna, Oxford/AstraZeneca, Pfizer/BioNTech",1960403,967689,2928092
2021-04-27,"Johnson&Johnson, Moderna, Oxford/AstraZeneca, Pfizer/BioNTech",2009396,979932,2989328
2021-04-28,"Johnson&Johnson, Moderna, Oxford/AstraZeneca, Pfizer/BioNTech",2068183,993947,3062130
2021-04-29,"Johnson&Johnson, Moderna, Oxford/AstraZeneca, Pfizer/BioNTech",2133788,1009856,3143644
2021-04-30,"Johnson&Johnson, Moderna, Oxford/AstraZeneca, Pfizer/BioNTech",2196069,1019843,3215912
2021-05-01,"Johnson&Johnson, Moderna, Oxford/AstraZeneca, Pfizer/BioNTech",2215435,1023299,3238734
2021-05-02,"Johnson&Johnson, Moderna, Oxford/AstraZeneca, Pfizer/BioNTech",2234379,1025581,3259960
2021-05-03,"Johnson&Johnson, Moderna, Oxford/AstraZeneca, Pfizer/BioNTech",2301659,1030655,3332314
2021-05-04,"Johnson&Johnson, Moderna, Oxford/AstraZeneca, Pfizer/BioNTech",2368207,1039013,3407220
2021-05-05,"Johnson&Johnson, Moderna, Oxford/AstraZeneca, Pfizer/BioNTech",2441416,1048439,3489855
2021-05-06,"Johnson&Johnson, Moderna, Oxford/AstraZeneca, Pfizer/BioNTech",2521854,1059179,3581033
2021-05-07,"Johnson&Johnson, Moderna, Oxford/AstraZeneca, Pfizer/BioNTech",2599183,1069308,3668491
2021-05-08,"Johnson&Johnson, Moderna, Oxford/AstraZeneca, Pfizer/BioNTech",2628683,1071089,3699772
2021-05-09,"Johnson&Johnson, Moderna, Oxford/AstraZeneca, Pfizer/BioNTech",2652921,1072306,3725227
2021-05-10,"Johnson&Johnson, Moderna, Oxford/AstraZeneca, Pfizer/BioNTech",2725728,1079541,3805269
2021-05-11,"Johnson&Johnson, Moderna, Oxford/AstraZeneca, Pfizer/BioNTech",2801869,1088368,3890237
2021-05-12,"Johnson&Johnson, Moderna, Oxford/AstraZeneca, Pfizer/BioNTech",2881801,1097496,3979297
2021-05-13,"Johnson&Johnson, Moderna, Oxford/AstraZeneca, Pfizer/BioNTech",2965848,1106670,4072518
2021-05-14,"Johnson&Johnson, Moderna, Oxford/AstraZeneca, Pfizer/BioNTech",3045365,1114477,4159842
2021-05-15,"Johnson&Johnson, Moderna, Oxford/AstraZeneca, Pfizer/BioNTech",3077311,1116744,4194055
2021-05-16,"Johnson&Johnson, Moderna, Oxford/AstraZeneca, Pfizer/BioNTech",3103122,1118020,4221142
2021-05-17,"Johnson&Johnson, Moderna, Oxford/AstraZeneca, Pfizer/BioNTech",3175672,1124762,4300434
2021-05-18,"Johnson&Johnson, Moderna, Oxford/AstraZeneca, Pfizer/BioNTech",3247646,1137866,4385512
2021-05-19,"Johnson&Johnson, Moderna, Oxford/AstraZeneca, Pfizer/BioNTech",3325134,1153029,4478163
2021-05-20,"Johnson&Johnson, Moderna, Oxford/AstraZeneca, Pfizer/BioNTech",3400631,1180084,4580715
2021-05-21,"Johnson&Johnson, Moderna, Oxford/AstraZeneca, Pfizer/BioNTech",3469461,1207873,4677334
2021-05-22,"Johnson&Johnson, Moderna, Oxford/AstraZeneca, Pfizer/BioNTech",3501900,1219096,4720996
2021-05-23,"Johnson&Johnson, Moderna, Oxford/AstraZeneca, Pfizer/BioNTech",3524322,1228140,4752462
2021-05-24,"Johnson&Johnson, Moderna, Oxford/AstraZeneca, Pfizer/BioNTech",3571492,1261814,4833306
2021-05-25,"Johnson&Johnson, Moderna, Oxford/AstraZeneca, Pfizer/BioNTech",3623391,1297647,4921038
2021-05-26,"Johnson&Johnson, Moderna, Oxford/AstraZeneca, Pfizer/BioNTech",3691181,1335197,5026378
2021-05-27,"Johnson&Johnson, Moderna, Oxford/AstraZeneca, Pfizer/BioNTech",3752615,1382556,5135171
2021-05-28,"Johnson&Johnson, Moderna, Oxford/AstraZeneca, Pfizer/BioNTech",3814358,1429150,5243508
2021-05-29,"Johnson&Johnson, Moderna, Oxford/AstraZeneca, Pfizer/BioNTech",3843599,1446270,5289869
2021-05-30,"Johnson&Johnson, Moderna, Oxford/AstraZeneca, Pfizer/BioNTech",3866008,1460727,5326735
2021-05-31,"Johnson&Johnson, Moderna, Oxford/AstraZeneca, Pfizer/BioNTech",3921766,1508258,5430024
2021-06-01,"Johnson&Johnson, Moderna, Oxford/AstraZeneca, Pfizer/BioNTech",3980847,1557136,5537983
2021-06-02,"Johnson&Johnson, Moderna, Oxford/AstraZeneca, Pfizer/BioNTech",4043804,1611149,5654953
2021-06-03,"Johnson&Johnson, Moderna, Oxford/AstraZeneca, Pfizer/BioNTech",4102076,1671381,5773457
2021-06-04,"Johnson&Johnson, Moderna, Oxford/AstraZeneca, Pfizer/BioNTech",4165201,1728814,5894015
2021-06-05,"Johnson&Johnson, Moderna, Oxford/AstraZeneca, Pfizer/BioNTech",4199376,1747710,5947086
2021-06-06,"Johnson&Johnson, Moderna, Oxford/AstraZeneca, Pfizer/BioNTech",4226318,1762872,5989190
2021-06-07,"Johnson&Johnson, Moderna, Oxford/AstraZeneca, Pfizer/BioNTech",4290010,1818527,6108537
2021-06-08,"Johnson&Johnson, Moderna, Oxford/AstraZeneca, Pfizer/BioNTech",4354002,1873538,6227540
2021-06-09,"Johnson&Johnson, Moderna, Oxford/AstraZeneca, Pfizer/BioNTech",4413207,1938219,6351426
2021-06-10,"Johnson&Johnson, Moderna, Oxford/AstraZeneca, Pfizer/BioNTech",4467066,2009516,6476582
2021-06-11,"Johnson&Johnson, Moderna, Oxford/AstraZeneca, Pfizer/BioNTech",4519185,2079341,6598526
2021-06-12,"Johnson&Johnson, Moderna, Oxford/AstraZeneca, Pfizer/BioNTech",4551209,2100160,6651369
2021-06-13,"Johnson&Johnson, Moderna, Oxford/AstraZeneca, Pfizer/BioNTech",4575245,2118586,6693831
2021-06-14,"Johnson&Johnson, Moderna, Oxford/AstraZeneca, Pfizer/BioNTech",4618334,2192993,6811327
2021-06-15,"Johnson&Johnson, Moderna, Oxford/AstraZeneca, Pfizer/BioNTech",4663004,2265390,6928394
2021-06-16,"Johnson&Johnson, Moderna, Oxford/AstraZeneca, Pfizer/BioNTech",4705789,2343645,7049434
2021-06-17,"Johnson&Johnson, Moderna, Oxford/AstraZeneca, Pfizer/BioNTech",4745202,2426760,7171962
2021-06-18,"Johnson&Johnson, Moderna, Oxford/AstraZeneca, Pfizer/BioNTech",4787636,2507334,7294970
2021-06-19,"Johnson&Johnson, Moderna, Oxford/AstraZeneca, Pfizer/BioNTech",4809413,2536659,7346072
2021-06-20,"Johnson&Johnson, Moderna, Oxford/AstraZeneca, Pfizer/BioNTech",4826802,2560520,7387322
2021-06-21,"Johnson&Johnson, Moderna, Oxford/AstraZeneca, Pfizer/BioNTech",4859306,2639144,7498450
2021-06-22,"Johnson&Johnson, Moderna, Oxford/AstraZeneca, Pfizer/BioNTech",4892256,2721465,7613721
2021-06-23,"Johnson&Johnson, Moderna, Oxford/AstraZeneca, Pfizer/BioNTech",4923929,2806712,7730641
2021-06-24,"Johnson&Johnson, Moderna, Oxford/AstraZeneca, Pfizer/BioNTech",4953781,2896763,7850544
2021-06-25,"Johnson&Johnson, Moderna, Oxford/AstraZeneca, Pfizer/BioNTech",4984852,2982986,7967838
2021-06-26,"Johnson&Johnson, Moderna, Oxford/AstraZeneca, Pfizer/BioNTech",5000745,3017847,8018592
2021-06-27,"Johnson&Johnson, Moderna, Oxford/AstraZeneca, Pfizer/BioNTech",5014699,3044538,8059237
2021-06-28,"Johnson&Johnson, Moderna, Oxford/AstraZeneca, Pfizer/BioNTech",5043113,3129766,8172879
2021-06-29,"Johnson&Johnson, Moderna, Oxford/AstraZeneca, Pfizer/BioNTech",5072392,3216286,8288678
2021-06-30,"Johnson&Johnson, Moderna, Oxford/AstraZeneca, Pfizer/BioNTech",5099893,3307317,8407210
2021-07-01,"Johnson&Johnson, Moderna, Oxford/AstraZeneca, Pfizer/BioNTech",5123869,3397412,8521281
2021-07-02,"Johnson&Johnson, Moderna, Oxford/AstraZeneca, Pfizer/BioNTech",5150585,3483312,8633897
2021-07-03,"Johnson&Johnson, Moderna, Oxford/AstraZeneca, Pfizer/BioNTech",5157674,3514844,8672518
2021-07-04,"Johnson&Johnson, Moderna, Oxford/AstraZeneca, Pfizer/BioNTech",5165239,3536653,8701892
2021-07-05,"Johnson&Johnson, Moderna, Oxford/AstraZeneca, Pfizer/BioNTech",5172628,3562039,8734667
2021-07-06,"Johnson&Johnson, Moderna, Oxford/AstraZeneca, Pfizer/BioNTech",5178068,3589730,8767798
2021-07-07,"Johnson&Johnson, Moderna, Oxford/AstraZeneca, Pfizer/BioNTech",5203883,3668746,8872629
2021-07-08,"Johnson&Johnson, Moderna, Oxford/AstraZeneca, Pfizer/BioNTech",5230489,3739083,8969572
2021-07-09,"Johnson&Johnson, Moderna, Oxford/AstraZeneca, Pfizer/BioNTech",5258418,3808408,9066826
2021-07-10,"Johnson&Johnson, Moderna, Oxford/AstraZeneca, Pfizer/BioNTech",5267781,3837069,9104850
2021-07-11,"Johnson&Johnson, Moderna, Oxford/AstraZeneca, Pfizer/BioNTech",5276318,3859960,9136278
2021-07-12,"Johnson&Johnson, Moderna, Oxford/AstraZeneca, Pfizer/BioNTech",5303832,3929060,9232892
2021-07-13,"Johnson&Johnson, Moderna, Oxford/AstraZeneca, Pfizer/BioNTech",5330022,3998940,9328962
2021-07-14,"Johnson&Johnson, Moderna, Oxford/AstraZeneca, Pfizer/BioNTech",5355836,4070940,9426776
2021-07-15,"Johnson&Johnson, Moderna, Oxford/AstraZeneca, Pfizer/BioNTech",5384999,4136966,9521965
2021-07-16,"Johnson&Johnson, Moderna, Oxford/AstraZeneca, Pfizer/BioNTech",5412920,4209702,9622622
2021-07-17,"Johnson&Johnson, Moderna, Oxford/AstraZeneca, Pfizer/BioNTech",5421702,4241159,9662861
2021-07-18,"Johnson&Johnson, Moderna, Oxford/AstraZeneca, Pfizer/BioNTech",5430142,4267164,9697306
2021-07-19,"Johnson&Johnson, Moderna, Oxford/AstraZeneca, Pfizer/BioNTech",5453490,4334194,9787684
2021-07-20,"Johnson&Johnson, Moderna, Oxford/AstraZeneca, Pfizer/BioNTech",5474877,4401257,9876134
2021-07-21,"Johnson&Johnson, Moderna, Oxford/AstraZeneca, Pfizer/BioNTech",5498329,4464717,9963046
2021-07-22,"Johnson&Johnson, Moderna, Oxford/AstraZeneca, Pfizer/BioNTech",5520688,4523346,10044034
2021-07-23,"Johnson&Johnson, Moderna, Oxford/AstraZeneca, Pfizer/BioNTech",5543895,4578088,10121983
2021-07-24,"Johnson&Johnson, Moderna, Oxford/AstraZeneca, Pfizer/BioNTech",5551220,4605761,10156981
2021-07-25,"Johnson&Johnson, Moderna, Oxford/AstraZeneca, Pfizer/BioNTech",5557843,4627891,10185734
2021-07-26,"Johnson&Johnson, Moderna, Oxford/AstraZeneca, Pfizer/BioNTech",5581387,4676569,10257956
2021-07-27,"Johnson&Johnson, Moderna, Oxford/AstraZeneca, Pfizer/BioNTech",5604116,4723199,10327315
2021-07-28,"Johnson&Johnson, Moderna, Oxford/AstraZeneca, Pfizer/BioNTech",5625363,4769187,10394550
2021-07-29,"Johnson&Johnson, Moderna, Oxford/AstraZeneca, Pfizer/BioNTech",5646682,4811141,10457823
2021-07-30,"Johnson&Johnson, Moderna, Oxford/AstraZeneca, Pfizer/BioNTech",5669953,4853695,10523648
2021-07-31,"Johnson&Johnson, Moderna, Oxford/AstraZeneca, Pfizer/BioNTech",5678874,4873224,10552098
2021-08-01,"Johnson&Johnson, Moderna, Oxford/AstraZeneca, Pfizer/BioNTech",5685597,4889393,10574990
2021-08-02,"Johnson&Johnson, Moderna, Oxford/AstraZeneca, Pfizer/BioNTech",5704228,4926934,10631162
2021-08-03,"Johnson&Johnson, Moderna, Oxford/AstraZeneca, Pfizer/BioNTech",5721858,4965024,10686882
2021-08-04,"Johnson&Johnson, Moderna, Oxford/AstraZeneca, Pfizer/BioNTech",5737957,5001747,10739704
2021-08-05,"Johnson&Johnson, Moderna, Oxford/AstraZeneca, Pfizer/BioNTech",5753994,5042211,10796205
2021-08-06,"Johnson&Johnson, Moderna, Oxford/AstraZeneca, Pfizer/BioNTech",5770776,5085483,10856259
2021-08-07,"Johnson&Johnson, Moderna, Oxford/AstraZeneca, Pfizer/BioNTech",5776373,5103647,10880020
2021-08-08,"Johnson&Johnson, Moderna, Oxford/AstraZeneca, Pfizer/BioNTech",5780729,5119394,10900123
2021-08-09,"Johnson&Johnson, Moderna, Oxford/AstraZeneca, Pfizer/BioNTech",5793367,5164436,10957803
2021-08-10,"Johnson&Johnson, Moderna, Oxford/AstraZeneca, Pfizer/BioNTech",5805206,5203987,11009193
2021-08-11,"Johnson&Johnson, Moderna, Oxford/AstraZeneca, Pfizer/BioNTech",5816563,5247112,11063675
2021-08-12,"Johnson&Johnson, Moderna, Oxford/AstraZeneca, Pfizer/BioNTech",5827981,5284216,11112197
2021-08-13,"Johnson&Johnson, Moderna, Oxford/AstraZeneca, Pfizer/BioNTech",5838698,5324543,11163241
2021-08-14,"Johnson&Johnson, Moderna, Oxford/AstraZeneca, Pfizer/BioNTech",5842030,5335235,11177265
2021-08-15,"Johnson&Johnson, Moderna, Oxford/AstraZeneca, Pfizer/BioNTech",5844613,5345606,11190219
2021-08-16,"Johnson&Johnson, Moderna, Oxford/AstraZeneca, Pfizer/BioNTech",5854402,5379663,11234065
2021-08-17,"Johnson&Johnson, Moderna, Oxford/AstraZeneca, Pfizer/BioNTech",5863998,5406750,11270748
2021-08-18,"Johnson&Johnson, Moderna, Oxford/AstraZeneca, Pfizer/BioNTech",5873370,5445608,11318978
2021-08-19,"Johnson&Johnson, Moderna, Oxford/AstraZeneca, Pfizer/BioNTech",5883037,5483944,11366981
2021-08-20,"Johnson&Johnson, Moderna, Oxford/AstraZeneca, Pfizer/BioNTech",5894423,5524123,11418546
2021-08-21,"Johnson&Johnson, Moderna, Oxford/AstraZeneca, Pfizer/BioNTech",5897143,5536876,11434019
2021-08-22,"Johnson&Johnson, Moderna, Oxford/AstraZeneca, Pfizer/BioNTech",5899482,5548833,11448315
2021-08-23,"Johnson&Johnson, Moderna, Oxford/AstraZeneca, Pfizer/BioNTech",5910011,5588084,11498095
2021-08-24,"Johnson&Johnson, Moderna, Oxford/AstraZeneca, Pfizer/BioNTech",5919879,5621316,11541195
2021-08-25,"Johnson&Johnson, Moderna, Oxford/AstraZeneca, Pfizer/BioNTech",5928745,5649674,11578419
2021-08-26,"Johnson&Johnson, Moderna, Oxford/AstraZeneca, Pfizer/BioNTech",5937193,5675786,11612979
2021-08-27,"Johnson&Johnson, Moderna, Oxford/AstraZeneca, Pfizer/BioNTech",5947513,5701735,11649248
2021-08-28,"Johnson&Johnson, Moderna, Oxford/AstraZeneca, Pfizer/BioNTech",5950240,5708774,11659014
2021-08-29,"Johnson&Johnson, Moderna, Oxford/AstraZeneca, Pfizer/BioNTech",5952647,5715394,11668041
2021-08-30,"Johnson&Johnson, Moderna, Oxford/AstraZeneca, Pfizer/BioNTech",5961174,5737260,11698434
2021-08-31,"Johnson&Johnson, Moderna, Oxford/AstraZeneca, Pfizer/BioNTech",5968849,5755339,11724188
2021-09-01,"Johnson&Johnson, Moderna, Oxford/AstraZeneca, Pfizer/BioNTech",5974740,5769326,11744066
2021-09-02,"Johnson&Johnson, Moderna, Oxford/AstraZeneca, Pfizer/BioNTech",5981577,5783708,11765285
2021-09-03,"Johnson&Johnson, Moderna, Oxford/AstraZeneca, Pfizer/BioNTech",5991133,5799409,11790542
2021-09-04,"Johnson&Johnson, Moderna, Oxford/AstraZeneca, Pfizer/BioNTech",5993201,5802959,11796160
2021-09-05,"Johnson&Johnson, Moderna, Oxford/AstraZeneca, Pfizer/BioNTech",5995239,5805800,11801039
2021-09-06,"Johnson&Johnson, Moderna, Oxford/AstraZeneca, Pfizer/BioNTech",6001476,5818322,11819798
2021-09-07,"Johnson&Johnson, Moderna, Oxford/AstraZeneca, Pfizer/BioNTech",6005867,5829411,11835278
2021-09-08,"Johnson&Johnson, Moderna, Oxford/AstraZeneca, Pfizer/BioNTech",6011535,5839250,11850785
2021-09-09,"Johnson&Johnson, Moderna, Oxford/AstraZeneca, Pfizer/BioNTech",6018221,5849305,11867526
2021-09-10,"Johnson&Johnson, Moderna, Oxford/AstraZeneca, Pfizer/BioNTech",6025908,5861474,11887382
2021-09-11,"Johnson&Johnson, Moderna, Oxford/AstraZeneca, Pfizer/BioNTech",6027771,5863954,11891725
2021-09-12,"Johnson&Johnson, Moderna, Oxford/AstraZeneca, Pfizer/BioNTech",6028884,5865581,11894465
2021-09-13,"Johnson&Johnson, Moderna, Oxford/AstraZeneca, Pfizer/BioNTech",6034316,5875871,11910187
2021-09-14,"Johnson&Johnson, Moderna, Oxford/AstraZeneca, Pfizer/BioNTech",6039703,5884880,11924583
2021-09-15,"Johnson&Johnson, Moderna, Oxford/AstraZeneca, Pfizer/BioNTech",6044899,5893396,11938295
2021-09-16,"Johnson&Johnson, Moderna, Oxford/AstraZeneca, Pfizer/BioNTech",6050241,5901664,11951905
2021-09-17,"Johnson&Johnson, Moderna, Oxford/AstraZeneca, Pfizer/BioNTech",6056811,5911889,11968700
2021-09-18,"Johnson&Johnson, Moderna, Oxford/AstraZeneca, Pfizer/BioNTech",6058535,5914246,11972781
2021-09-19,"Johnson&Johnson, Moderna, Oxford/AstraZeneca, Pfizer/BioNTech",6059476,5915811,11975287
2021-09-20,"Johnson&Johnson, Moderna, Oxford/AstraZeneca, Pfizer/BioNTech",6063490,5924005,11987495
2021-09-21,"Johnson&Johnson, Moderna, Oxford/AstraZeneca, Pfizer/BioNTech",6067718,5931530,11999248
2021-09-22,"Johnson&Johnson, Moderna, Oxford/AstraZeneca, Pfizer/BioNTech",6071899,5937041,12008940
2021-09-23,"Johnson&Johnson, Moderna, Oxford/AstraZeneca, Pfizer/BioNTech",6076871,5943440,12020311
2021-09-24,"Johnson&Johnson, Moderna, Oxford/AstraZeneca, Pfizer/BioNTech",6082631,5953060,12035691
2021-09-25,"Johnson&Johnson, Moderna, Oxford/AstraZeneca, Pfizer/BioNTech",6084126,5955056,12039182
2021-09-26,"Johnson&Johnson, Moderna, Pfizer/BioNTech",6084867,5956693,12041560
2021-09-27,"Johnson&Johnson, Moderna, Oxford/AstraZeneca, Pfizer/BioNTech",6088747,5963198,12051945
2021-09-28,"Johnson&Johnson, Moderna, Pfizer/BioNTech",6089109,5963818,12052927
2021-09-29,"Johnson&Johnson, Moderna, Oxford/AstraZeneca, Pfizer/BioNTech",6092884,5971277,12064161
2021-09-30,"Johnson&Johnson, Moderna, Oxford/AstraZeneca, Pfizer/BioNTech",6097385,5978970,12076355
2021-10-01,"Johnson&Johnson, Moderna, Oxford/AstraZeneca, Pfizer/BioNTech",6101680,5986939,12088619
2021-10-02,"Johnson&Johnson, Moderna, Oxford/AstraZeneca, Pfizer/BioNTech",6102741,5988475,12091216
2021-10-03,"Johnson&Johnson, Moderna, Pfizer/BioNTech",6103463,5989341,12092804
2021-10-04,"Johnson&Johnson, Moderna, Oxford/AstraZeneca, Pfizer/BioNTech",6106537,5994907,12101444
2021-10-05,"Johnson&Johnson, Moderna, Oxford/AstraZeneca, Pfizer/BioNTech",6109699,5999983,12109682
2021-10-06,"Johnson&Johnson, Moderna, Oxford/AstraZeneca, Pfizer/BioNTech",6113211,6005149,12118360
2021-10-07,"Johnson&Johnson, Moderna, Oxford/AstraZeneca, Pfizer/BioNTech",6116482,6010400,12126882
2021-10-08,"Johnson&Johnson, Moderna, Oxford/AstraZeneca, Pfizer/BioNTech",6121274,6017034,12138308
2021-10-09,"Johnson&Johnson, Moderna, Oxford/AstraZeneca, Pfizer/BioNTech",6122517,6018686,12141203
2021-10-10,"Johnson&Johnson, Moderna, Oxford/AstraZeneca, Pfizer/BioNTech",6123457,6019515,12142972
2021-10-11,"Johnson&Johnson, Moderna, Oxford/AstraZeneca, Pfizer/BioNTech",6126387,6023925,12150312
2021-10-12,"Johnson&Johnson, Moderna, Oxford/AstraZeneca, Pfizer/BioNTech",6129313,6027925,12157238
2021-10-13,"Johnson&Johnson, Moderna, Oxford/AstraZeneca, Pfizer/BioNTech",6132845,6032105,12164950
2021-10-14,"Johnson&Johnson, Moderna, Oxford/AstraZeneca, Pfizer/BioNTech",6136520,6037051,12173571
2021-10-15,"Johnson&Johnson, Moderna, Oxford/AstraZeneca, Pfizer/BioNTech",6141747,6043191,12184938
2021-10-16,"Johnson&Johnson, Moderna, Oxford/AstraZeneca, Pfizer/BioNTech",6143160,6044712,12187872
2021-10-17,"Johnson&Johnson, Moderna, Pfizer/BioNTech",6144484,6045765,12190249
2021-10-18,"Johnson&Johnson, Moderna, Oxford/AstraZeneca, Pfizer/BioNTech",6148595,6049856,12198451
2021-10-19,"Johnson&Johnson, Moderna, Oxford/AstraZeneca, Pfizer/BioNTech",6152172,6051950,12204122
2021-10-20,"Johnson&Johnson, Moderna, Oxford/AstraZeneca, Pfizer/BioNTech",6157048,6056394,12213442
2021-10-21,"Johnson&Johnson, Moderna, Oxford/AstraZeneca, Pfizer/BioNTech",6164815,6061992,12226807
2021-10-22,"Johnson&Johnson, Moderna, Oxford/AstraZeneca, Pfizer/BioNTech",6175261,6068492,12243753
2021-10-23,"Johnson&Johnson, Moderna, Oxford/AstraZeneca, Pfizer/BioNTech",6178937,6070699,12249636
2021-10-24,"Johnson&Johnson, Moderna, Pfizer/BioNTech",6181619,6072477,12254096
2021-10-25,"Johnson&Johnson, Moderna, Oxford/AstraZeneca, Pfizer/BioNTech",6192111,6078280,12270391
2021-10-26,"Johnson&Johnson, Moderna, Oxford/AstraZeneca, Pfizer/BioNTech",6204096,6084823,12288919
2021-10-27,"Johnson&Johnson, Moderna, Oxford/AstraZeneca, Pfizer/BioNTech",6218698,6092220,12310918
2021-10-28,"Johnson&Johnson, Moderna, Oxford/AstraZeneca, Pfizer/BioNTech",6222114,6093894,12316008
2021-10-29,"Johnson&Johnson, Moderna, Oxford/AstraZeneca, Pfizer/BioNTech",6236535,6101864,12338399
2021-10-30,"Johnson&Johnson, Moderna, Pfizer/BioNTech",6241065,6104784,12345849
2021-10-31,"Johnson&Johnson, Moderna, Oxford/AstraZeneca, Pfizer/BioNTech",6244825,6107253,12352078
2021-11-01,"Johnson&Johnson, Moderna, Oxford/AstraZeneca, Pfizer/BioNTech",6260024,6114936,12374960
2021-11-02,"Johnson&Johnson, Moderna, Oxford/AstraZeneca, Pfizer/BioNTech",6275473,6122484,12397957
2021-11-03,"Johnson&Johnson, Moderna, Oxford/AstraZeneca, Pfizer/BioNTech",6292650,6129773,12422423
2021-11-04,"Johnson&Johnson, Moderna, Oxford/AstraZeneca, Pfizer/BioNTech",6311002,6137943,12448945
2021-11-05,"Johnson&Johnson, Moderna, Oxford/AstraZeneca, Pfizer/BioNTech",6333801,6149210,12483011
2021-11-06,"Johnson&Johnson, Moderna, Pfizer/BioNTech",6340312,6152259,12492571
2021-11-07,"Johnson&Johnson, Moderna, Pfizer/BioNTech",6344333,6154694,12499027
2021-11-08,"Johnson&Johnson, Moderna, Oxford/AstraZeneca, Pfizer/BioNTech",6360603,6162322,12522925
2021-11-09,"Johnson&Johnson, Moderna, Oxford/AstraZeneca, Pfizer/BioNTech",6375413,6169614,12545027
2021-11-10,"Johnson&Johnson, Moderna, Oxford/AstraZeneca, Pfizer/BioNTech",6391154,6176985,12568139
2021-11-11,"Johnson&Johnson, Moderna, Oxford/AstraZeneca, Pfizer/BioNTech",6406615,6186086,12592701
2021-11-12,"Johnson&Johnson, Moderna, Oxford/AstraZeneca, Pfizer/BioNTech",6426416,6198870,12625286
2021-11-13,"Johnson&Johnson, Moderna, Oxford/AstraZeneca, Pfizer/BioNTech",6431802,6202732,12634534
2021-11-14,"Johnson&Johnson, Moderna, Oxford/AstraZeneca, Pfizer/BioNTech",6435694,6205734,12641428
2021-11-15,"Johnson&Johnson, Moderna, Oxford/AstraZeneca, Pfizer/BioNTech",6450771,6216419,12667190
2021-11-16,"Johnson&Johnson, Moderna, Oxford/AstraZeneca, Pfizer/BioNTech",6468313,6228399,12696712
2021-11-17,"Johnson&Johnson, Moderna, Oxford/AstraZeneca, Pfizer/BioNTech",6472554,6231961,12704515
2021-11-18,"Johnson&Johnson, Moderna, Oxford/AstraZeneca, Pfizer/BioNTech",6491962,6243640,12735602
2021-11-19,"Johnson&Johnson, Moderna, Oxford/AstraZeneca, Pfizer/BioNTech",6516570,6260608,12777178
2021-11-20,"Johnson&Johnson, Moderna, Pfizer/BioNTech",6525141,6265584,12790725
2021-11-21,"Johnson&Johnson, Moderna, Pfizer/BioNTech",6531914,6269355,12801269
2021-11-22,"Johnson&Johnson, Moderna, Oxford/AstraZeneca, Pfizer/BioNTech",6550422,6283462,12833884
2021-11-23,"Johnson&Johnson, Moderna, Oxford/AstraZeneca, Pfizer/BioNTech",6569482,6296719,12866201
2021-11-24,"Johnson&Johnson, Moderna, Oxford/AstraZeneca, Pfizer/BioNTech",6588473,6312555,12901028
2021-11-25,"Johnson&Johnson, Moderna, Oxford/AstraZeneca, Pfizer/BioNTech",6607623,6327577,12935200
2021-11-26,"Johnson&Johnson, Moderna, Oxford/AstraZeneca, Pfizer/BioNTech",6629277,6346709,12975986
2021-11-27,"Johnson&Johnson, Moderna, Pfizer/BioNTech",6636746,6352263,12989009
2021-11-28,"Johnson&Johnson, Moderna, Oxford/AstraZeneca, Pfizer/BioNTech",6640082,6355396,12995478
2021-11-29,"Johnson&Johnson, Moderna, Oxford/AstraZeneca, Pfizer/BioNTech",6655287,6369047,13024334
2021-11-30,"Johnson&Johnson, Moderna, Oxford/AstraZeneca, Pfizer/BioNTech",6668482,6380281,13048763
2021-12-01,"Johnson&Johnson, Moderna, Oxford/AstraZeneca, Pfizer/BioNTech",6682509,6392729,13075238
2021-12-02,"Johnson&Johnson, Moderna, Oxford/AstraZeneca, Pfizer/BioNTech",6693136,6405215,13098351
2021-12-03,"Johnson&Johnson, Moderna, Oxford/AstraZeneca, Pfizer/BioNTech",6702769,6420781,13123550
2021-12-04,"Johnson&Johnson, Moderna, Pfizer/BioNTech",6705328,6424727,13130055
2021-12-05,"Johnson&Johnson, Moderna, Pfizer/BioNTech",6706684,6427066,13133750
2021-12-06,"Johnson&Johnson, Moderna, Oxford/AstraZeneca, Pfizer/BioNTech",6714845,6438585,13153430
2021-12-07,"Johnson&Johnson, Moderna, Oxford/AstraZeneca, Pfizer/BioNTech",6722726,6450578,13173304
2021-12-08,"Johnson&Johnson, Moderna, Oxford/AstraZeneca, Pfizer/BioNTech",6730972,6456497,13187469
2021-12-09,"Johnson&Johnson, Moderna, Oxford/AstraZeneca, Pfizer/BioNTech",6738089,6469306,13207395
2021-12-10,"Johnson&Johnson, Moderna, Oxford/AstraZeneca, Pfizer/BioNTech",6744985,6487104,13232089
2021-12-11,"Johnson&Johnson, Moderna, Pfizer/BioNTech",6746645,6492373,13239018
2021-12-12,"Johnson&Johnson, Moderna, Pfizer/BioNTech",6747952,6496802,13244754
2021-12-13,"Johnson&Johnson, Moderna, Oxford/AstraZeneca, Pfizer/BioNTech",6754296,6510107,13264403
2021-12-14,"Johnson&Johnson, Moderna, Oxford/AstraZeneca, Pfizer/BioNTech",6760506,6523769,13284275
2021-12-15,"Johnson&Johnson, Moderna, Oxford/AstraZeneca, Pfizer/BioNTech",6766692,6537369,13304061
2021-12-16,"Johnson&Johnson, Moderna, Oxford/AstraZeneca, Pfizer/BioNTech",6773611,6552200,13325811
2021-12-17,"Johnson&Johnson, Moderna, Oxford/AstraZeneca, Pfizer/BioNTech",6781957,6569453,13351410
2021-12-18,"Johnson&Johnson, Moderna, Oxford/AstraZeneca, Pfizer/BioNTech",6784556,6574899,13359455
2021-12-19,"Johnson&Johnson, Moderna, Pfizer/BioNTech",6786326,6577401,13363727
2021-12-20,"Johnson&Johnson, Moderna, Oxford/AstraZeneca, Pfizer/BioNTech",6792107,6591431,13383538
2021-12-21,"Johnson&Johnson, Moderna, Oxford/AstraZeneca, Pfizer/BioNTech",6798746,6603413,13402159
2021-12-22,"Johnson&Johnson, Moderna, Oxford/AstraZeneca, Pfizer/BioNTech",6803786,6616449,13420235
2021-12-23,"Johnson&Johnson, Moderna, Oxford/AstraZeneca, Pfizer/BioNTech",6806645,6622046,13428691
2021-12-24,"Johnson&Johnson, Moderna, Pfizer/BioNTech",6806688,6622145,13428833
2021-12-25,"Moderna, Pfizer/BioNTech",6806688,6622152,13428840
2021-12-26,"Moderna, Pfizer/BioNTech",6806786,6622350,13429136
2021-12-27,"Johnson&Johnson, Moderna, Pfizer/BioNTech",6810614,6632074,13442688
2021-12-28,"Johnson&Johnson, Moderna, Pfizer/BioNTech",6815841,6640025,13455866
2021-12-29,"Johnson&Johnson, Moderna, Oxford/AstraZeneca, Pfizer/BioNTech",6820111,6647727,13467838
2021-12-30,"Johnson&Johnson, Moderna, Pfizer/BioNTech",6824401,6653150,13477551
2021-12-31,"Johnson&Johnson, Moderna, Pfizer/BioNTech",6824906,6654563,13479469
2022-01-01,"Johnson&Johnson, Moderna, Pfizer/BioNTech",6824908,6654581,13479489
2022-01-02,"Johnson&Johnson, Moderna, Pfizer/BioNTech",6825757,6655959,13481716
2022-01-03,"Johnson&Johnson, Moderna, Oxford/AstraZeneca, Pfizer/BioNTech",6829726,6664840,13494566
2022-01-04,"Johnson&Johnson, Moderna, Oxford/AstraZeneca, Pfizer/BioNTech",6834809,6672599,13507408
2022-01-05,"Johnson&Johnson, Moderna, Oxford/AstraZeneca, Pfizer/BioNTech",6840594,6680528,13521122
2022-01-06,"Johnson&Johnson, Moderna, Oxford/AstraZeneca, Pfizer/BioNTech",6847178,6688927,13536105
2022-01-07,"Johnson&Johnson, Moderna, Oxford/AstraZeneca, Pfizer/BioNTech",6855025,6699230,13554255
2022-01-08,"Johnson&Johnson, Moderna, Oxford/AstraZeneca, Pfizer/BioNTech",6857500,6702005,13559505
2022-01-09,"Johnson&Johnson, Moderna, Pfizer/BioNTech",6858585,6703706,13562291
2022-01-10,"Johnson&Johnson, Moderna, Oxford/AstraZeneca, Pfizer/BioNTech",6863013,6709806,13572819
2022-01-11,"Johnson&Johnson, Moderna, Oxford/AstraZeneca, Pfizer/BioNTech",6868363,6716518,13584881
2022-01-12,"Johnson&Johnson, Moderna, Oxford/AstraZeneca, Pfizer/BioNTech",6874272,6722104,13596376
2022-01-13,"Johnson&Johnson, Moderna, Oxford/AstraZeneca, Pfizer/BioNTech",6880088,6726826,13606914
2022-01-14,"Johnson&Johnson, Moderna, Oxford/AstraZeneca, Pfizer/BioNTech",6886265,6730384,13616649
2022-01-15,"Johnson&Johnson, Moderna, Oxford/AstraZeneca, Pfizer/BioNTech",6887537,6731031,13618568
2022-01-16,"Johnson&Johnson, Moderna, Oxford/AstraZeneca, Pfizer/BioNTech",6888222,6731461,13619683
2022-01-17,"Johnson&Johnson, Moderna, Oxford/AstraZeneca, Pfizer/BioNTech",6891652,6735328,13626980
2022-01-18,"Johnson&Johnson, Moderna, Oxford/AstraZeneca, Pfizer/BioNTech",6895328,6739854,13635182
