date,vaccine,people_vaccinated,people_fully_vaccinated,total_vaccinations
2020-12-27,Pfizer/BioNTech,1273,0,1273
2020-12-28,Pfizer/BioNTech,3573,0,3573
2020-12-29,Pfizer/BioNTech,7029,0,7029
2020-12-30,Pfizer/BioNTech,10522,0,10522
2020-12-31,Pfizer/BioNTech,11828,0,11828
2021-01-01,"Moderna, Pfizer/BioNTech",12093,0,12093
2021-01-02,Pfizer/BioNTech,13366,0,13366
2021-01-03,Pfizer/BioNTech,14286,0,14286
2021-01-04,"Moderna, Pfizer/BioNTech",17881,0,17881
2021-01-05,"Moderna, Pfizer/BioNTech",22385,0,22385
2021-01-06,Pfizer/BioNTech,28224,0,28224
2021-01-07,"Moderna, Pfizer/BioNTech",36189,0,36189
2021-01-08,Pfizer/BioNTech,46164,0,46164
2021-01-09,"Moderna, Pfizer/BioNTech",48184,0,48184
2021-01-10,Pfizer/BioNTech,49942,2,49944
2021-01-11,Pfizer/BioNTech,59759,4,59763
2021-01-12,Pfizer/BioNTech,73160,6,73166
2021-01-13,Pfizer/BioNTech,86657,6,86663
2021-01-14,"Moderna, Pfizer/BioNTech",101851,8,101859
2021-01-15,"Moderna, Pfizer/BioNTech",115818,8,115826
2021-01-16,"Moderna, Pfizer/BioNTech",119196,10,119206
2021-01-17,"Moderna, Pfizer/BioNTech",121799,651,122450
2021-01-18,"Moderna, Pfizer/BioNTech",134273,2473,136746
2021-01-19,"Moderna, Pfizer/BioNTech",146829,5185,152014
2021-01-20,"Moderna, Pfizer/BioNTech",160458,7829,168287
2021-01-21,"Moderna, Pfizer/BioNTech",176059,9560,185619
2021-01-22,"Moderna, Pfizer/BioNTech",190878,10603,201481
2021-01-23,"Moderna, Pfizer/BioNTech",194172,11474,205646
2021-01-24,"Moderna, Pfizer/BioNTech",196416,12343,208759
2021-01-25,"Moderna, Pfizer/BioNTech",206031,15314,221345
2021-01-26,"Moderna, Pfizer/BioNTech",216544,19284,235828
2021-01-27,"Moderna, Pfizer/BioNTech",225552,23798,249350
2021-01-28,"Moderna, Pfizer/BioNTech",232613,29907,262520
2021-01-29,"Moderna, Pfizer/BioNTech",238807,37781,276588
2021-01-30,"Moderna, Pfizer/BioNTech",239538,38868,278406
2021-01-31,"Moderna, Pfizer/BioNTech",240245,40046,280291
2021-02-01,"Moderna, Pfizer/BioNTech",244204,47966,292170
2021-02-02,"Moderna, Pfizer/BioNTech",248330,58176,306506
2021-02-03,"Moderna, Pfizer/BioNTech",252732,69153,321885
2021-02-04,"Moderna, Pfizer/BioNTech",257622,82107,339729
2021-02-05,"Moderna, Pfizer/BioNTech",263065,92749,355814
2021-02-06,"Moderna, Pfizer/BioNTech",263906,95096,359002
2021-02-07,"Moderna, Pfizer/BioNTech",264754,97582,362336
2021-02-08,"Moderna, Oxford/AstraZeneca, Pfizer/BioNTech",268803,108963,377766
2021-02-09,"Moderna, Oxford/AstraZeneca, Pfizer/BioNTech",273876,120877,394753
2021-02-10,"Moderna, Pfizer/BioNTech",279358,134074,413432
2021-02-11,"Moderna, Oxford/AstraZeneca, Pfizer/BioNTech",285651,150238,435889
2021-02-12,"Moderna, Oxford/AstraZeneca, Pfizer/BioNTech",292381,164913,457294
2021-02-13,"Moderna, Oxford/AstraZeneca, Pfizer/BioNTech",293967,167891,461858
2021-02-14,"Moderna, Oxford/AstraZeneca, Pfizer/BioNTech",294958,169266,464224
2021-02-15,"Moderna, Oxford/AstraZeneca, Pfizer/BioNTech",301343,178595,479938
2021-02-16,"Moderna, Oxford/AstraZeneca, Pfizer/BioNTech",310041,187641,497682
2021-02-17,"Moderna, Oxford/AstraZeneca, Pfizer/BioNTech",319721,195915,515636
2021-02-18,"Moderna, Oxford/AstraZeneca, Pfizer/BioNTech",332011,203946,535957
2021-02-19,"Moderna, Oxford/AstraZeneca, Pfizer/BioNTech",343844,211256,555100
2021-02-20,"Moderna, Oxford/AstraZeneca, Pfizer/BioNTech",345819,212427,558246
2021-02-21,"Moderna, Oxford/AstraZeneca, Pfizer/BioNTech",346927,213441,560368
2021-02-22,"Moderna, Oxford/AstraZeneca, Pfizer/BioNTech",357025,219441,576466
2021-02-23,"Moderna, Oxford/AstraZeneca, Pfizer/BioNTech",369930,226388,596318
2021-02-24,"Moderna, Oxford/AstraZeneca, Pfizer/BioNTech",383774,232397,616171
2021-02-25,"Moderna, Oxford/AstraZeneca, Pfizer/BioNTech",401720,237926,639646
2021-02-26,"Moderna, Oxford/AstraZeneca, Pfizer/BioNTech",417855,243249,661104
2021-02-27,"Moderna, Oxford/AstraZeneca, Pfizer/BioNTech",420858,243799,664657
2021-02-28,"Moderna, Oxford/AstraZeneca, Pfizer/BioNTech",423200,244344,667544
2021-03-01,"Moderna, Oxford/AstraZeneca, Pfizer/BioNTech",442701,247760,690461
2021-03-02,"Moderna, Oxford/AstraZeneca, Pfizer/BioNTech",469876,251292,721168
2021-03-03,"Moderna, Oxford/AstraZeneca, Pfizer/BioNTech",500656,255776,756432
2021-03-04,"Moderna, Oxford/AstraZeneca, Pfizer/BioNTech",533814,260437,794251
2021-03-05,"Johnson&Johnson, Moderna, Oxford/AstraZeneca, Pfizer/BioNTech",562562,265823,828385
2021-03-06,"Johnson&Johnson, Moderna, Oxford/AstraZeneca, Pfizer/BioNTech",574679,266666,841345
2021-03-07,"Johnson&Johnson, Moderna, Oxford/AstraZeneca, Pfizer/BioNTech",586081,267498,853579
2021-03-08,"Johnson&Johnson, Moderna, Oxford/AstraZeneca, Pfizer/BioNTech",615695,272318,888013
2021-03-09,"Johnson&Johnson, Moderna, Oxford/AstraZeneca, Pfizer/BioNTech",651883,278671,930554
2021-03-10,"Moderna, Oxford/AstraZeneca, Pfizer/BioNTech",693028,285607,978635
2021-03-11,"Johnson&Johnson, Moderna, Oxford/AstraZeneca, Pfizer/BioNTech",737709,293953,1031662
2021-03-12,"Johnson&Johnson, Moderna, Oxford/AstraZeneca, Pfizer/BioNTech",776359,302397,1078756
2021-03-13,"Moderna, Oxford/AstraZeneca, Pfizer/BioNTech",793397,303683,1097080
2021-03-14,"Moderna, Oxford/AstraZeneca, Pfizer/BioNTech",805478,304817,1110295
2021-03-15,"Moderna, Oxford/AstraZeneca, Pfizer/BioNTech",833767,313577,1147344
2021-03-16,"Johnson&Johnson, Moderna, Oxford/AstraZeneca, Pfizer/BioNTech",872575,324079,1196654
2021-03-17,"Moderna, Oxford/AstraZeneca, Pfizer/BioNTech",909985,334550,1244535
2021-03-18,"Johnson&Johnson, Moderna, Oxford/AstraZeneca, Pfizer/BioNTech",947844,346934,1294778
2021-03-19,"Moderna, Oxford/AstraZeneca, Pfizer/BioNTech",982196,360514,1342710
2021-03-20,"Johnson&Johnson, Moderna, Oxford/AstraZeneca, Pfizer/BioNTech",997298,362529,1359827
2021-03-21,"Johnson&Johnson, Moderna, Oxford/AstraZeneca, Pfizer/BioNTech",1004684,364073,1368757
2021-03-22,"Johnson&Johnson, Moderna, Oxford/AstraZeneca, Pfizer/BioNTech",1029098,376532,1405630
2021-03-23,"Johnson&Johnson, Moderna, Oxford/AstraZeneca, Pfizer/BioNTech",1055619,389849,1445468
2021-03-24,"Johnson&Johnson, Moderna, Oxford/AstraZeneca, Pfizer/BioNTech",1082432,405546,1487978
2021-03-25,"Moderna, Oxford/AstraZeneca, Pfizer/BioNTech",1108704,423362,1532066
2021-03-26,"Moderna, Oxford/AstraZeneca, Pfizer/BioNTech",1133444,440821,1574265
2021-03-27,"Johnson&Johnson, Moderna, Oxford/AstraZeneca, Pfizer/BioNTech",1141858,445649,1587507
2021-03-28,"Moderna, Oxford/AstraZeneca, Pfizer/BioNTech",1147391,449779,1597170
2021-03-29,"Johnson&Johnson, Moderna, Oxford/AstraZeneca, Pfizer/BioNTech",1166415,470428,1636843
2021-03-30,"Moderna, Oxford/AstraZeneca, Pfizer/BioNTech",1191030,492542,1683572
2021-03-31,"Johnson&Johnson, Moderna, Oxford/AstraZeneca, Pfizer/BioNTech",1214044,519553,1733597
2021-04-01,"Johnson&Johnson, Moderna, Oxford/AstraZeneca, Pfizer/BioNTech",1239580,551503,1791083
2021-04-02,"Johnson&Johnson, Moderna, Oxford/AstraZeneca, Pfizer/BioNTech",1246444,564276,1810720
2021-04-03,"Johnson&Johnson, Moderna, Oxford/AstraZeneca, Pfizer/BioNTech",1250028,575178,1825206
2021-04-04,"Johnson&Johnson, Moderna, Oxford/AstraZeneca, Pfizer/BioNTech",1252501,583973,1836474
2021-04-05,"Johnson&Johnson, Moderna, Oxford/AstraZeneca, Pfizer/BioNTech",1254852,591137,1845989
2021-04-06,"Johnson&Johnson, Moderna, Oxford/AstraZeneca, Pfizer/BioNTech",1270914,620327,1891241
2021-04-07,"Johnson&Johnson, Moderna, Oxford/AstraZeneca, Pfizer/BioNTech",1294252,642449,1936701
2021-04-08,"Johnson&Johnson, Moderna, Oxford/AstraZeneca, Pfizer/BioNTech",1332751,673320,2006071
2021-04-09,"Johnson&Johnson, Moderna, Oxford/AstraZeneca, Pfizer/BioNTech",1372006,703339,2075345
2021-04-10,"Johnson&Johnson, Moderna, Oxford/AstraZeneca, Pfizer/BioNTech",1387387,718610,2105997
2021-04-11,"Johnson&Johnson, Moderna, Oxford/AstraZeneca, Pfizer/BioNTech",1397112,728620,2125732
2021-04-12,"Johnson&Johnson, Moderna, Oxford/AstraZeneca, Pfizer/BioNTech",1435181,753602,2188783
2021-04-13,"Moderna, Oxford/AstraZeneca, Pfizer/BioNTech",1471283,779515,2250798
2021-04-14,"Moderna, Oxford/AstraZeneca, Pfizer/BioNTech",1509984,806833,2316817
2021-04-15,"Moderna, Oxford/AstraZeneca, Pfizer/BioNTech",1557672,832504,2390176
2021-04-16,"Moderna, Oxford/AstraZeneca, Pfizer/BioNTech",1602205,858088,2460293
2021-04-17,"Moderna, Oxford/AstraZeneca, Pfizer/BioNTech",1618818,867094,2485912
2021-04-18,"Moderna, Oxford/AstraZeneca, Pfizer/BioNTech",1631751,872063,2503814
2021-04-19,"Moderna, Oxford/AstraZeneca, Pfizer/BioNTech",1675635,887448,2563083
2021-04-20,"Johnson&Johnson, Moderna, Oxford/AstraZeneca, Pfizer/BioNTech",1717736,903259,2620995
2021-04-21,"Moderna, Oxford/AstraZeneca, Pfizer/BioNTech",1765413,917515,2682928
2021-04-22,"Johnson&Johnson, Moderna, Oxford/AstraZeneca, Pfizer/BioNTech",1819838,934854,2754692
2021-04-23,"Johnson&Johnson, Moderna, Oxford/AstraZeneca, Pfizer/BioNTech",1869749,946831,2816580
2021-04-24,"Johnson&Johnson, Moderna, Oxford/AstraZeneca, Pfizer/BioNTech",1887548,952053,2839601
2021-04-25,"Johnson&Johnson, Moderna, Oxford/AstraZeneca, Pfizer/BioNTech",1902206,956043,2858249
2021-04-26,"Johnson&Johnson, Moderna, Oxford/AstraZeneca, Pfizer/BioNTech",1951762,963568,2915330
2021-04-27,"Johnson&Johnson, Moderna, Oxford/AstraZeneca, Pfizer/BioNTech",2000686,975727,2976413
2021-04-28,"Johnson&Johnson, Moderna, Oxford/AstraZeneca, Pfizer/BioNTech",2059399,989670,3049069
2021-04-29,"Johnson&Johnson, Moderna, Oxford/AstraZeneca, Pfizer/BioNTech",2124898,1005484,3130382
2021-04-30,"Johnson&Johnson, Moderna, Oxford/AstraZeneca, Pfizer/BioNTech",2187056,1015389,3202445
2021-05-01,"Johnson&Johnson, Moderna, Oxford/AstraZeneca, Pfizer/BioNTech",2206339,1018799,3225138
2021-05-02,"Johnson&Johnson, Moderna, Oxford/AstraZeneca, Pfizer/BioNTech",2225221,1021046,3246267
2021-05-03,"Johnson&Johnson, Moderna, Oxford/AstraZeneca, Pfizer/BioNTech",2292421,1026079,3318500
2021-05-04,"Johnson&Johnson, Moderna, Oxford/AstraZeneca, Pfizer/BioNTech",2358835,1034348,3393183
2021-05-05,"Johnson&Johnson, Moderna, Oxford/AstraZeneca, Pfizer/BioNTech",2431936,1043690,3475626
2021-05-06,"Johnson&Johnson, Moderna, Oxford/AstraZeneca, Pfizer/BioNTech",2512281,1054301,3566582
2021-05-07,"Johnson&Johnson, Moderna, Oxford/AstraZeneca, Pfizer/BioNTech",2589519,1064300,3653819
2021-05-08,"Johnson&Johnson, Moderna, Oxford/AstraZeneca, Pfizer/BioNTech",2618911,1066018,3684929
2021-05-09,"Johnson&Johnson, Moderna, Oxford/AstraZeneca, Pfizer/BioNTech",2643071,1067206,3710277
2021-05-10,"Johnson&Johnson, Moderna, Oxford/AstraZeneca, Pfizer/BioNTech",2715776,1074343,3790119
2021-05-11,"Johnson&Johnson, Moderna, Oxford/AstraZeneca, Pfizer/BioNTech",2791829,1083096,3874925
2021-05-12,"Johnson&Johnson, Moderna, Oxford/AstraZeneca, Pfizer/BioNTech",2871629,1092118,3963747
2021-05-13,"Johnson&Johnson, Moderna, Oxford/AstraZeneca, Pfizer/BioNTech",2955598,1101225,4056823
2021-05-14,"Johnson&Johnson, Moderna, Oxford/AstraZeneca, Pfizer/BioNTech",3034957,1108949,4143906
2021-05-15,"Johnson&Johnson, Moderna, Oxford/AstraZeneca, Pfizer/BioNTech",3066783,1111125,4177908
2021-05-16,"Johnson&Johnson, Moderna, Oxford/AstraZeneca, Pfizer/BioNTech",3092522,1112335,4204857
2021-05-17,"Johnson&Johnson, Moderna, Oxford/AstraZeneca, Pfizer/BioNTech",3164993,1119003,4283996
2021-05-18,"Johnson&Johnson, Moderna, Oxford/AstraZeneca, Pfizer/BioNTech",3236889,1131967,4368856
2021-05-19,"Johnson&Johnson, Moderna, Oxford/AstraZeneca, Pfizer/BioNTech",3314303,1147026,4461329
2021-05-20,"Johnson&Johnson, Moderna, Oxford/AstraZeneca, Pfizer/BioNTech",3389694,1173936,4563630
2021-05-21,"Johnson&Johnson, Moderna, Oxford/AstraZeneca, Pfizer/BioNTech",3458429,1201563,4659992
2021-05-22,"Johnson&Johnson, Moderna, Oxford/AstraZeneca, Pfizer/BioNTech",3490749,1212638,4703387
2021-05-23,"Johnson&Johnson, Moderna, Oxford/AstraZeneca, Pfizer/BioNTech",3513047,1221600,4734647
2021-05-24,"Johnson&Johnson, Moderna, Oxford/AstraZeneca, Pfizer/BioNTech",3560106,1255093,4815199
2021-05-25,"Johnson&Johnson, Moderna, Oxford/AstraZeneca, Pfizer/BioNTech",3611912,1290748,4902660
2021-05-26,"Johnson&Johnson, Moderna, Oxford/AstraZeneca, Pfizer/BioNTech",3679604,1328148,5007752
2021-05-27,"Johnson&Johnson, Moderna, Oxford/AstraZeneca, Pfizer/BioNTech",3740938,1375389,5116327
2021-05-28,"Johnson&Johnson, Moderna, Oxford/AstraZeneca, Pfizer/BioNTech",3802588,1421809,5224397
2021-05-29,"Johnson&Johnson, Moderna, Oxford/AstraZeneca, Pfizer/BioNTech",3831726,1438856,5270582
2021-05-30,"Johnson&Johnson, Moderna, Oxford/AstraZeneca, Pfizer/BioNTech",3854058,1453240,5307298
2021-05-31,"Johnson&Johnson, Moderna, Oxford/AstraZeneca, Pfizer/BioNTech",3909751,1500613,5410364
2021-06-01,"Johnson&Johnson, Moderna, Oxford/AstraZeneca, Pfizer/BioNTech",3968744,1548946,5517690
2021-06-02,"Johnson&Johnson, Moderna, Oxford/AstraZeneca, Pfizer/BioNTech",4031578,1602828,5634406
2021-06-03,"Johnson&Johnson, Moderna, Oxford/AstraZeneca, Pfizer/BioNTech",4089780,1662938,5752718
2021-06-04,"Johnson&Johnson, Moderna, Oxford/AstraZeneca, Pfizer/BioNTech",4152837,1720232,5873069
2021-06-05,"Johnson&Johnson, Moderna, Oxford/AstraZeneca, Pfizer/BioNTech",4186963,1738993,5925956
2021-06-06,"Johnson&Johnson, Moderna, Oxford/AstraZeneca, Pfizer/BioNTech",4213860,1754071,5967931
2021-06-07,"Johnson&Johnson, Moderna, Oxford/AstraZeneca, Pfizer/BioNTech",4277518,1809615,6087133
2021-06-08,"Johnson&Johnson, Moderna, Oxford/AstraZeneca, Pfizer/BioNTech",4341464,1864495,6205959
2021-06-09,"Johnson&Johnson, Moderna, Oxford/AstraZeneca, Pfizer/BioNTech",4400586,1928818,6329404
2021-06-10,"Johnson&Johnson, Moderna, Oxford/AstraZeneca, Pfizer/BioNTech",4454396,1999792,6454188
2021-06-11,"Johnson&Johnson, Moderna, Oxford/AstraZeneca, Pfizer/BioNTech",4506457,2069380,6575837
2021-06-12,"Johnson&Johnson, Moderna, Oxford/AstraZeneca, Pfizer/BioNTech",4538428,2090096,6628524
2021-06-13,"Johnson&Johnson, Moderna, Oxford/AstraZeneca, Pfizer/BioNTech",4562424,2108436,6670860
2021-06-14,"Johnson&Johnson, Moderna, Oxford/AstraZeneca, Pfizer/BioNTech",4605391,2182688,6788079
2021-06-15,"Johnson&Johnson, Moderna, Oxford/AstraZeneca, Pfizer/BioNTech",4649995,2254886,6904881
2021-06-16,"Johnson&Johnson, Moderna, Oxford/AstraZeneca, Pfizer/BioNTech",4692701,2332966,7025667
2021-06-17,"Johnson&Johnson, Moderna, Oxford/AstraZeneca, Pfizer/BioNTech",4732056,2415902,7147958
2021-06-18,"Johnson&Johnson, Moderna, Oxford/AstraZeneca, Pfizer/BioNTech",4774404,2496256,7270660
2021-06-19,"Johnson&Johnson, Moderna, Oxford/AstraZeneca, Pfizer/BioNTech",4796122,2525460,7321582
2021-06-20,"Johnson&Johnson, Moderna, Oxford/AstraZeneca, Pfizer/BioNTech",4813480,2549205,7362685
2021-06-21,"Johnson&Johnson, Moderna, Oxford/AstraZeneca, Pfizer/BioNTech",4845963,2627634,7473597
2021-06-22,"Johnson&Johnson, Moderna, Oxford/AstraZeneca, Pfizer/BioNTech",4878895,2709747,7588642
2021-06-23,"Johnson&Johnson, Moderna, Oxford/AstraZeneca, Pfizer/BioNTech",4910528,2794844,7705372
2021-06-24,"Johnson&Johnson, Moderna, Oxford/AstraZeneca, Pfizer/BioNTech",4940346,2884757,7825103
2021-06-25,"Johnson&Johnson, Moderna, Oxford/AstraZeneca, Pfizer/BioNTech",4971357,2970737,7942094
2021-06-26,"Johnson&Johnson, Moderna, Oxford/AstraZeneca, Pfizer/BioNTech",4987192,3005456,7992648
2021-06-27,"Johnson&Johnson, Moderna, Oxford/AstraZeneca, Pfizer/BioNTech",5001131,3032021,8033152
2021-06-28,"Johnson&Johnson, Moderna, Oxford/AstraZeneca, Pfizer/BioNTech",5029523,3117087,8146610
2021-06-29,"Johnson&Johnson, Moderna, Oxford/AstraZeneca, Pfizer/BioNTech",5058752,3203455,8262207
2021-06-30,"Johnson&Johnson, Moderna, Oxford/AstraZeneca, Pfizer/BioNTech",5086235,3294279,8380514
2021-07-01,"Johnson&Johnson, Moderna, Oxford/AstraZeneca, Pfizer/BioNTech",5110156,3384165,8494321
2021-07-02,"Johnson&Johnson, Moderna, Oxford/AstraZeneca, Pfizer/BioNTech",5136843,3469838,8606681
2021-07-03,"Johnson&Johnson, Moderna, Oxford/AstraZeneca, Pfizer/BioNTech",5143912,3501270,8645182
2021-07-04,"Johnson&Johnson, Moderna, Oxford/AstraZeneca, Pfizer/BioNTech",5151442,3523019,8674461
2021-07-05,"Johnson&Johnson, Moderna, Oxford/AstraZeneca, Pfizer/BioNTech",5158779,3548315,8707094
2021-07-06,"Johnson&Johnson, Moderna, Oxford/AstraZeneca, Pfizer/BioNTech",5164163,3575861,8740024
2021-07-07,"Johnson&Johnson, Moderna, Oxford/AstraZeneca, Pfizer/BioNTech",5189921,3654690,8844611
2021-07-08,"Johnson&Johnson, Moderna, Oxford/AstraZeneca, Pfizer/BioNTech",5216458,3724884,8941342
2021-07-09,"Johnson&Johnson, Moderna, Oxford/AstraZeneca, Pfizer/BioNTech",5244286,3794023,9038309
2021-07-10,"Johnson&Johnson, Moderna, Oxford/AstraZeneca, Pfizer/BioNTech",5253602,3822569,9076171
2021-07-11,"Johnson&Johnson, Moderna, Oxford/AstraZeneca, Pfizer/BioNTech",5262107,3845400,9107507
2021-07-12,"Johnson&Johnson, Moderna, Oxford/AstraZeneca, Pfizer/BioNTech",5289608,3914397,9204005
2021-07-13,"Johnson&Johnson, Moderna, Oxford/AstraZeneca, Pfizer/BioNTech",5315770,3984165,9299935
2021-07-14,"Johnson&Johnson, Moderna, Oxford/AstraZeneca, Pfizer/BioNTech",5341584,4056065,9397649
2021-07-15,"Johnson&Johnson, Moderna, Oxford/AstraZeneca, Pfizer/BioNTech",5370770,4121949,9492719
2021-07-16,"Johnson&Johnson, Moderna, Oxford/AstraZeneca, Pfizer/BioNTech",5398653,4194530,9593183
2021-07-17,"Johnson&Johnson, Moderna, Oxford/AstraZeneca, Pfizer/BioNTech",5407393,4225901,9633294
2021-07-18,"Johnson&Johnson, Moderna, Oxford/AstraZeneca, Pfizer/BioNTech",5415818,4251857,9667675
2021-07-19,"Johnson&Johnson, Moderna, Oxford/AstraZeneca, Pfizer/BioNTech",5439120,4318783,9757903
2021-07-20,"Johnson&Johnson, Moderna, Oxford/AstraZeneca, Pfizer/BioNTech",5460455,4385722,9846177
2021-07-21,"Johnson&Johnson, Moderna, Oxford/AstraZeneca, Pfizer/BioNTech",5483820,4449059,9932879
2021-07-22,"Johnson&Johnson, Moderna, Oxford/AstraZeneca, Pfizer/BioNTech",5506097,4507559,10013656
2021-07-23,"Johnson&Johnson, Moderna, Oxford/AstraZeneca, Pfizer/BioNTech",5529221,4562165,10091386
2021-07-24,"Johnson&Johnson, Moderna, Oxford/AstraZeneca, Pfizer/BioNTech",5536505,4589743,10126248
2021-07-25,"Johnson&Johnson, Moderna, Oxford/AstraZeneca, Pfizer/BioNTech",5543092,4611723,10154815
2021-07-26,"Johnson&Johnson, Moderna, Oxford/AstraZeneca, Pfizer/BioNTech",5566565,4660170,10226735
2021-07-27,"Johnson&Johnson, Moderna, Oxford/AstraZeneca, Pfizer/BioNTech",5589185,4706677,10295862
2021-07-28,"Johnson&Johnson, Moderna, Oxford/AstraZeneca, Pfizer/BioNTech",5610339,4752530,10362869
2021-07-29,"Johnson&Johnson, Moderna, Oxford/AstraZeneca, Pfizer/BioNTech",5631523,4794348,10425871
2021-07-30,"Johnson&Johnson, Moderna, Oxford/AstraZeneca, Pfizer/BioNTech",5654724,4836781,10491505
2021-07-31,"Johnson&Johnson, Moderna, Oxford/AstraZeneca, Pfizer/BioNTech",5663624,4856253,10519877
2021-08-01,"Johnson&Johnson, Moderna, Oxford/AstraZeneca, Pfizer/BioNTech",5670318,4872376,10542694
2021-08-02,"Johnson&Johnson, Moderna, Oxford/AstraZeneca, Pfizer/BioNTech",5688872,4909826,10598698
2021-08-03,"Johnson&Johnson, Moderna, Oxford/AstraZeneca, Pfizer/BioNTech",5706431,4947830,10654261
2021-08-04,"Johnson&Johnson, Moderna, Oxford/AstraZeneca, Pfizer/BioNTech",5722437,4984452,10706889
2021-08-05,"Johnson&Johnson, Moderna, Oxford/AstraZeneca, Pfizer/BioNTech",5738259,5024809,10763068
2021-08-06,"Johnson&Johnson, Moderna, Oxford/AstraZeneca, Pfizer/BioNTech",5754878,5067960,10822838
2021-08-07,"Johnson&Johnson, Moderna, Oxford/AstraZeneca, Pfizer/BioNTech",5760398,5086063,10846461
2021-08-08,"Johnson&Johnson, Moderna, Oxford/AstraZeneca, Pfizer/BioNTech",5764587,5101762,10866349
2021-08-09,"Johnson&Johnson, Moderna, Oxford/AstraZeneca, Pfizer/BioNTech",5777026,5146730,10923756
2021-08-10,"Johnson&Johnson, Moderna, Oxford/AstraZeneca, Pfizer/BioNTech",5788740,5186193,10974933
2021-08-11,"Johnson&Johnson, Moderna, Oxford/AstraZeneca, Pfizer/BioNTech",5799983,5229230,11029213
2021-08-12,"Johnson&Johnson, Moderna, Oxford/AstraZeneca, Pfizer/BioNTech",5811273,5266219,11077492
2021-08-13,"Johnson&Johnson, Moderna, Oxford/AstraZeneca, Pfizer/BioNTech",5821869,5306422,11128291
2021-08-14,"Johnson&Johnson, Moderna, Oxford/AstraZeneca, Pfizer/BioNTech",5825192,5317079,11142271
2021-08-15,"Johnson&Johnson, Moderna, Oxford/AstraZeneca, Pfizer/BioNTech",5827756,5327421,11155177
2021-08-16,"Johnson&Johnson, Moderna, Oxford/AstraZeneca, Pfizer/BioNTech",5837486,5361395,11198881
2021-08-17,"Johnson&Johnson, Moderna, Oxford/AstraZeneca, Pfizer/BioNTech",5846939,5388399,11235338
2021-08-18,"Johnson&Johnson, Moderna, Oxford/AstraZeneca, Pfizer/BioNTech",5856194,5427153,11283347
2021-08-19,"Johnson&Johnson, Moderna, Oxford/AstraZeneca, Pfizer/BioNTech",5865757,5465408,11331165
2021-08-20,"Johnson&Johnson, Moderna, Oxford/AstraZeneca, Pfizer/BioNTech",5877005,5505494,11382499
2021-08-21,"Johnson&Johnson, Moderna, Oxford/AstraZeneca, Pfizer/BioNTech",5879687,5518214,11397901
2021-08-22,"Johnson&Johnson, Moderna, Oxford/AstraZeneca, Pfizer/BioNTech",5881960,5530147,11412107
2021-08-23,"Johnson&Johnson, Moderna, Oxford/AstraZeneca, Pfizer/BioNTech",5892293,5569236,11461529
2021-08-24,"Johnson&Johnson, Moderna, Oxford/AstraZeneca, Pfizer/BioNTech",5902027,5602374,11504401
2021-08-25,"Johnson&Johnson, Moderna, Oxford/AstraZeneca, Pfizer/BioNTech",5910668,5630448,11541116
2021-08-26,"Johnson&Johnson, Moderna, Oxford/AstraZeneca, Pfizer/BioNTech",5918941,5656284,11575225
2021-08-27,"Johnson&Johnson, Moderna, Oxford/AstraZeneca, Pfizer/BioNTech",5929066,5681976,11611042
2021-08-28,"Johnson&Johnson, Moderna, Oxford/AstraZeneca, Pfizer/BioNTech",5931715,5688922,11620637
2021-08-29,"Johnson&Johnson, Moderna, Oxford/AstraZeneca, Pfizer/BioNTech",5934010,5695306,11629316
2021-08-30,"Johnson&Johnson, Moderna, Oxford/AstraZeneca, Pfizer/BioNTech",5942341,5716851,11659192
2021-08-31,"Johnson&Johnson, Moderna, Oxford/AstraZeneca, Pfizer/BioNTech",5949811,5734689,11684500
2021-09-01,"Johnson&Johnson, Moderna, Oxford/AstraZeneca, Pfizer/BioNTech",5955513,5748465,11703978
2021-09-02,"Johnson&Johnson, Moderna, Oxford/AstraZeneca, Pfizer/BioNTech",5962130,5762492,11724622
2021-09-03,"Johnson&Johnson, Moderna, Oxford/AstraZeneca, Pfizer/BioNTech",5971371,5777961,11749332
2021-09-04,"Johnson&Johnson, Moderna, Oxford/AstraZeneca, Pfizer/BioNTech",5973310,5781414,11754724
2021-09-05,"Johnson&Johnson, Moderna, Pfizer/BioNTech",5975161,5784136,11759297
2021-09-06,"Johnson&Johnson, Moderna, Oxford/AstraZeneca, Pfizer/BioNTech",5981040,5796428,11777468
2021-09-07,"Johnson&Johnson, Moderna, Oxford/AstraZeneca, Pfizer/BioNTech",5985266,5807355,11792621
2021-09-08,"Johnson&Johnson, Moderna, Oxford/AstraZeneca, Pfizer/BioNTech",5990767,5817111,11807878
2021-09-09,"Johnson&Johnson, Moderna, Oxford/AstraZeneca, Pfizer/BioNTech",5997191,5826914,11824105
2021-09-10,"Johnson&Johnson, Moderna, Oxford/AstraZeneca, Pfizer/BioNTech",6004561,5838845,11843406
2021-09-11,"Johnson&Johnson, Moderna, Pfizer/BioNTech",6006215,5841211,11847426
2021-09-12,"Johnson&Johnson, Moderna, Oxford/AstraZeneca, Pfizer/BioNTech",6007233,5842708,11849941
2021-09-13,"Johnson&Johnson, Moderna, Oxford/AstraZeneca, Pfizer/BioNTech",6011893,5852176,11864069
