date,vaccine,people_vaccinated,people_fully_vaccinated,total_vaccinations
2020-12-27,Pfizer/BioNTech,1280,0,1280
2020-12-28,Pfizer/BioNTech,3585,0,3585
2020-12-29,Pfizer/BioNTech,7050,0,7050
2020-12-30,Pfizer/BioNTech,10563,0,10563
2020-12-31,Pfizer/BioNTech,11867,0,11867
2021-01-01,"Moderna, Pfizer/BioNTech",12136,0,12136
2021-01-02,Pfizer/BioNTech,13412,0,13412
2021-01-03,Pfizer/BioNTech,14334,0,14334
2021-01-04,"Moderna, Pfizer/BioNTech",17941,0,17941
2021-01-05,"Moderna, Pfizer/BioNTech",22451,0,22451
2021-01-06,"Moderna, Pfizer/BioNTech",28288,1,28289
2021-01-07,"Moderna, Pfizer/BioNTech",36276,1,36277
2021-01-08,"Moderna, Pfizer/BioNTech",46318,1,46319
2021-01-09,"Moderna, Pfizer/BioNTech",48343,2,48345
2021-01-10,Pfizer/BioNTech,50108,4,50112
2021-01-11,Pfizer/BioNTech,59955,6,59961
2021-01-12,"Moderna, Pfizer/BioNTech",73398,8,73406
2021-01-13,Pfizer/BioNTech,86928,8,86936
2021-01-14,"Moderna, Pfizer/BioNTech",102142,12,102154
2021-01-15,"Moderna, Pfizer/BioNTech",116145,12,116157
2021-01-16,"Moderna, Pfizer/BioNTech",119537,15,119552
2021-01-17,"Moderna, Pfizer/BioNTech",122150,652,122802
2021-01-18,"Moderna, Pfizer/BioNTech",134623,2477,137100
2021-01-19,"Moderna, Pfizer/BioNTech",147217,5199,152416
2021-01-20,"Moderna, Pfizer/BioNTech",160885,7854,168739
2021-01-21,"Moderna, Pfizer/BioNTech",176527,9593,186120
2021-01-22,"Moderna, Pfizer/BioNTech",191390,10637,202027
2021-01-23,"Moderna, Pfizer/BioNTech",194705,11515,206220
2021-01-24,"Moderna, Pfizer/BioNTech",196958,12383,209341
2021-01-25,"Moderna, Pfizer/BioNTech",206594,15357,221951
2021-01-26,"Moderna, Pfizer/BioNTech",217129,19341,236470
2021-01-27,"Moderna, Pfizer/BioNTech",226155,23876,250031
2021-01-28,"Moderna, Pfizer/BioNTech",233249,30000,263249
2021-01-29,"Moderna, Pfizer/BioNTech",239455,37901,277356
2021-01-30,"Moderna, Pfizer/BioNTech",240189,38989,279178
2021-01-31,"Moderna, Pfizer/BioNTech",240900,40170,281070
2021-02-01,"Moderna, Pfizer/BioNTech",244876,48121,292997
2021-02-02,"Moderna, Pfizer/BioNTech",249010,58350,307360
2021-02-03,"Moderna, Pfizer/BioNTech",253424,69349,322773
2021-02-04,"Moderna, Pfizer/BioNTech",258315,82328,340643
2021-02-05,"Moderna, Pfizer/BioNTech",263774,92995,356769
2021-02-06,"Moderna, Oxford/AstraZeneca, Pfizer/BioNTech",264621,95355,359976
2021-02-07,"Moderna, Pfizer/BioNTech",265466,97852,363318
2021-02-08,"Moderna, Oxford/AstraZeneca, Pfizer/BioNTech",269537,109276,378813
2021-02-09,"Moderna, Oxford/AstraZeneca, Pfizer/BioNTech",274627,121180,395807
2021-02-10,"Moderna, Oxford/AstraZeneca, Pfizer/BioNTech",280128,134416,414544
2021-02-11,"Moderna, Oxford/AstraZeneca, Pfizer/BioNTech",286447,150619,437066
2021-02-12,"Moderna, Oxford/AstraZeneca, Pfizer/BioNTech",293208,165337,458545
2021-02-13,"Moderna, Oxford/AstraZeneca, Pfizer/BioNTech",294814,168321,463135
2021-02-14,"Moderna, Oxford/AstraZeneca, Pfizer/BioNTech",295814,169706,465520
2021-02-15,"Moderna, Oxford/AstraZeneca, Pfizer/BioNTech",302210,179056,481266
2021-02-16,"Moderna, Oxford/AstraZeneca, Pfizer/BioNTech",310925,188129,499054
2021-02-17,"Moderna, Oxford/AstraZeneca, Pfizer/BioNTech",320619,196429,517048
2021-02-18,"Moderna, Oxford/AstraZeneca, Pfizer/BioNTech",332930,204495,537425
2021-02-19,"Moderna, Oxford/AstraZeneca, Pfizer/BioNTech",344776,211842,556618
2021-02-20,"Moderna, Oxford/AstraZeneca, Pfizer/BioNTech",346768,213022,559790
2021-02-21,"Moderna, Oxford/AstraZeneca, Pfizer/BioNTech",347894,214041,561935
2021-02-22,"Moderna, Oxford/AstraZeneca, Pfizer/BioNTech",358010,220064,578074
2021-02-23,"Moderna, Oxford/AstraZeneca, Pfizer/BioNTech",370948,227030,597978
2021-02-24,"Moderna, Oxford/AstraZeneca, Pfizer/BioNTech",384817,233062,617879
2021-02-25,"Moderna, Oxford/AstraZeneca, Pfizer/BioNTech",402782,238605,641387
2021-02-26,"Moderna, Oxford/AstraZeneca, Pfizer/BioNTech",418939,243943,662882
2021-02-27,"Moderna, Oxford/AstraZeneca, Pfizer/BioNTech",421945,244498,666443
2021-02-28,"Moderna, Oxford/AstraZeneca, Pfizer/BioNTech",424288,245045,669333
2021-03-01,"Moderna, Oxford/AstraZeneca, Pfizer/BioNTech",443858,248485,692343
2021-03-02,"Moderna, Oxford/AstraZeneca, Pfizer/BioNTech",471067,252023,723090
2021-03-03,"Moderna, Oxford/AstraZeneca, Pfizer/BioNTech",501917,256522,758439
2021-03-04,"Moderna, Oxford/AstraZeneca, Pfizer/BioNTech",535155,261198,796353
2021-03-05,"Johnson&Johnson, Moderna, Oxford/AstraZeneca, Pfizer/BioNTech",563950,266606,830556
2021-03-06,"Johnson&Johnson, Moderna, Oxford/AstraZeneca, Pfizer/BioNTech",576086,267458,843544
2021-03-07,"Johnson&Johnson, Moderna, Oxford/AstraZeneca, Pfizer/BioNTech",587616,268296,855912
2021-03-08,"Johnson&Johnson, Moderna, Oxford/AstraZeneca, Pfizer/BioNTech",617321,273140,890461
2021-03-09,"Johnson&Johnson, Moderna, Oxford/AstraZeneca, Pfizer/BioNTech",653654,279516,933170
2021-03-10,"Moderna, Oxford/AstraZeneca, Pfizer/BioNTech",694932,286457,981389
2021-03-11,"Johnson&Johnson, Moderna, Oxford/AstraZeneca, Pfizer/BioNTech",739724,294821,1034545
2021-03-12,"Johnson&Johnson, Moderna, Oxford/AstraZeneca, Pfizer/BioNTech",778496,303278,1081774
2021-03-13,"Johnson&Johnson, Moderna, Oxford/AstraZeneca, Pfizer/BioNTech",795561,304580,1100141
2021-03-14,"Moderna, Oxford/AstraZeneca, Pfizer/BioNTech",807661,305726,1113387
2021-03-15,"Moderna, Oxford/AstraZeneca, Pfizer/BioNTech",836028,314494,1150522
2021-03-16,"Johnson&Johnson, Moderna, Oxford/AstraZeneca, Pfizer/BioNTech",874900,325018,1199918
2021-03-17,"Moderna, Oxford/AstraZeneca, Pfizer/BioNTech",912350,335517,1247867
2021-03-18,"Johnson&Johnson, Moderna, Oxford/AstraZeneca, Pfizer/BioNTech",950294,347919,1298213
2021-03-19,"Moderna, Oxford/AstraZeneca, Pfizer/BioNTech",984747,361517,1346264
2021-03-20,"Johnson&Johnson, Moderna, Oxford/AstraZeneca, Pfizer/BioNTech",999872,363533,1363405
2021-03-21,"Johnson&Johnson, Moderna, Oxford/AstraZeneca, Pfizer/BioNTech",1007277,365083,1372360
2021-03-22,"Johnson&Johnson, Moderna, Oxford/AstraZeneca, Pfizer/BioNTech",1031798,377580,1409378
2021-03-23,"Johnson&Johnson, Moderna, Oxford/AstraZeneca, Pfizer/BioNTech",1058412,390926,1449338
2021-03-24,"Johnson&Johnson, Moderna, Oxford/AstraZeneca, Pfizer/BioNTech",1085241,406650,1491891
2021-03-25,"Moderna, Oxford/AstraZeneca, Pfizer/BioNTech",1111546,424485,1536031
2021-03-26,"Johnson&Johnson, Moderna, Oxford/AstraZeneca, Pfizer/BioNTech",1136335,441970,1578305
2021-03-27,"Johnson&Johnson, Moderna, Oxford/AstraZeneca, Pfizer/BioNTech",1144753,446813,1591566
2021-03-28,"Moderna, Oxford/AstraZeneca, Pfizer/BioNTech",1150285,450951,1601236
2021-03-29,"Johnson&Johnson, Moderna, Oxford/AstraZeneca, Pfizer/BioNTech",1169393,471666,1641059
2021-03-30,"Johnson&Johnson, Moderna, Oxford/AstraZeneca, Pfizer/BioNTech",1194071,493832,1687903
2021-03-31,"Johnson&Johnson, Moderna, Oxford/AstraZeneca, Pfizer/BioNTech",1217151,520874,1738025
2021-04-01,"Johnson&Johnson, Moderna, Oxford/AstraZeneca, Pfizer/BioNTech",1242744,552908,1795652
2021-04-02,"Johnson&Johnson, Moderna, Oxford/AstraZeneca, Pfizer/BioNTech",1249648,565690,1815338
2021-04-03,"Johnson&Johnson, Moderna, Oxford/AstraZeneca, Pfizer/BioNTech",1253251,576604,1829855
2021-04-04,"Johnson&Johnson, Moderna, Oxford/AstraZeneca, Pfizer/BioNTech",1255747,585514,1841261
2021-04-05,"Johnson&Johnson, Moderna, Oxford/AstraZeneca, Pfizer/BioNTech",1258129,592689,1850818
2021-04-06,"Johnson&Johnson, Moderna, Oxford/AstraZeneca, Pfizer/BioNTech",1274233,621920,1896153
2021-04-07,"Johnson&Johnson, Moderna, Oxford/AstraZeneca, Pfizer/BioNTech",1297620,644137,1941757
2021-04-08,"Johnson&Johnson, Moderna, Oxford/AstraZeneca, Pfizer/BioNTech",1336288,675140,2011428
2021-04-09,"Johnson&Johnson, Moderna, Oxford/AstraZeneca, Pfizer/BioNTech",1375800,705308,2081108
2021-04-10,"Johnson&Johnson, Moderna, Oxford/AstraZeneca, Pfizer/BioNTech",1391263,720595,2111858
2021-04-11,"Johnson&Johnson, Moderna, Oxford/AstraZeneca, Pfizer/BioNTech",1401024,730626,2131650
2021-04-12,"Johnson&Johnson, Moderna, Oxford/AstraZeneca, Pfizer/BioNTech",1439247,755744,2194991
2021-04-13,"Moderna, Oxford/AstraZeneca, Pfizer/BioNTech",1475470,781772,2257242
2021-04-14,"Moderna, Oxford/AstraZeneca, Pfizer/BioNTech",1514254,809114,2323368
2021-04-15,"Moderna, Oxford/AstraZeneca, Pfizer/BioNTech",1562013,834816,2396829
2021-04-16,"Moderna, Oxford/AstraZeneca, Pfizer/BioNTech",1606640,860437,2467077
2021-04-17,"Moderna, Oxford/AstraZeneca, Pfizer/BioNTech",1623310,869457,2492767
2021-04-18,"Moderna, Oxford/AstraZeneca, Pfizer/BioNTech",1636282,874438,2510720
2021-04-19,"Moderna, Oxford/AstraZeneca, Pfizer/BioNTech",1680259,889889,2570148
2021-04-20,"Johnson&Johnson, Moderna, Oxford/AstraZeneca, Pfizer/BioNTech",1722783,905741,2628524
2021-04-21,"Moderna, Oxford/AstraZeneca, Pfizer/BioNTech",1770487,920074,2690561
2021-04-22,"Johnson&Johnson, Moderna, Oxford/AstraZeneca, Pfizer/BioNTech",1824955,937444,2762399
2021-04-23,"Johnson&Johnson, Moderna, Oxford/AstraZeneca, Pfizer/BioNTech",1874886,949483,2824369
2021-04-24,"Johnson&Johnson, Moderna, Oxford/AstraZeneca, Pfizer/BioNTech",1892704,954718,2847422
2021-04-25,"Johnson&Johnson, Moderna, Oxford/AstraZeneca, Pfizer/BioNTech",1907376,958704,2866080
2021-04-26,"Johnson&Johnson, Moderna, Oxford/AstraZeneca, Pfizer/BioNTech",1956932,966240,2923172
2021-04-27,"Johnson&Johnson, Moderna, Oxford/AstraZeneca, Pfizer/BioNTech",2005888,978447,2984335
2021-04-28,"Johnson&Johnson, Moderna, Oxford/AstraZeneca, Pfizer/BioNTech",2064617,992424,3057041
2021-04-29,"Johnson&Johnson, Moderna, Oxford/AstraZeneca, Pfizer/BioNTech",2130154,1008287,3138441
2021-04-30,"Johnson&Johnson, Moderna, Oxford/AstraZeneca, Pfizer/BioNTech",2192347,1018230,3210577
2021-05-01,"Johnson&Johnson, Moderna, Oxford/AstraZeneca, Pfizer/BioNTech",2211647,1021658,3233305
2021-05-02,"Johnson&Johnson, Moderna, Oxford/AstraZeneca, Pfizer/BioNTech",2230547,1023917,3254464
2021-05-03,"Johnson&Johnson, Moderna, Oxford/AstraZeneca, Pfizer/BioNTech",2297766,1028964,3326730
2021-05-04,"Johnson&Johnson, Moderna, Oxford/AstraZeneca, Pfizer/BioNTech",2364233,1037271,3401504
2021-05-05,"Johnson&Johnson, Moderna, Oxford/AstraZeneca, Pfizer/BioNTech",2437364,1046651,3484015
2021-05-06,"Johnson&Johnson, Moderna, Oxford/AstraZeneca, Pfizer/BioNTech",2517729,1057336,3575065
2021-05-07,"Johnson&Johnson, Moderna, Oxford/AstraZeneca, Pfizer/BioNTech",2594945,1067366,3662311
2021-05-08,"Johnson&Johnson, Moderna, Oxford/AstraZeneca, Pfizer/BioNTech",2624351,1069110,3693461
2021-05-09,"Johnson&Johnson, Moderna, Oxford/AstraZeneca, Pfizer/BioNTech",2648523,1070302,3718825
2021-05-10,"Johnson&Johnson, Moderna, Oxford/AstraZeneca, Pfizer/BioNTech",2721252,1077504,3798756
2021-05-11,"Johnson&Johnson, Moderna, Oxford/AstraZeneca, Pfizer/BioNTech",2797328,1086282,3883610
2021-05-12,"Johnson&Johnson, Moderna, Oxford/AstraZeneca, Pfizer/BioNTech",2877151,1095349,3972500
2021-05-13,"Johnson&Johnson, Moderna, Oxford/AstraZeneca, Pfizer/BioNTech",2961141,1104483,4065624
2021-05-14,"Johnson&Johnson, Moderna, Oxford/AstraZeneca, Pfizer/BioNTech",3040539,1112228,4152767
2021-05-15,"Johnson&Johnson, Moderna, Oxford/AstraZeneca, Pfizer/BioNTech",3072386,1114438,4186824
2021-05-16,"Johnson&Johnson, Moderna, Oxford/AstraZeneca, Pfizer/BioNTech",3098129,1115684,4213813
2021-05-17,"Johnson&Johnson, Moderna, Oxford/AstraZeneca, Pfizer/BioNTech",3170609,1122372,4292981
2021-05-18,"Johnson&Johnson, Moderna, Oxford/AstraZeneca, Pfizer/BioNTech",3242510,1135379,4377889
2021-05-19,"Johnson&Johnson, Moderna, Oxford/AstraZeneca, Pfizer/BioNTech",3319943,1150476,4470419
2021-05-20,"Johnson&Johnson, Moderna, Oxford/AstraZeneca, Pfizer/BioNTech",3395344,1177459,4572803
2021-05-21,"Johnson&Johnson, Moderna, Oxford/AstraZeneca, Pfizer/BioNTech",3464075,1205151,4669226
2021-05-22,"Johnson&Johnson, Moderna, Oxford/AstraZeneca, Pfizer/BioNTech",3496415,1216292,4712707
2021-05-23,"Johnson&Johnson, Moderna, Oxford/AstraZeneca, Pfizer/BioNTech",3518731,1225301,4744032
2021-05-24,"Johnson&Johnson, Moderna, Oxford/AstraZeneca, Pfizer/BioNTech",3565847,1258906,4824753
2021-05-25,"Johnson&Johnson, Moderna, Oxford/AstraZeneca, Pfizer/BioNTech",3617680,1294660,4912340
2021-05-26,"Johnson&Johnson, Moderna, Oxford/AstraZeneca, Pfizer/BioNTech",3685408,1332140,5017548
2021-05-27,"Johnson&Johnson, Moderna, Oxford/AstraZeneca, Pfizer/BioNTech",3746777,1379414,5126191
2021-05-28,"Johnson&Johnson, Moderna, Oxford/AstraZeneca, Pfizer/BioNTech",3808444,1425910,5234354
2021-05-29,"Johnson&Johnson, Moderna, Oxford/AstraZeneca, Pfizer/BioNTech",3837598,1442984,5280582
2021-05-30,"Johnson&Johnson, Moderna, Oxford/AstraZeneca, Pfizer/BioNTech",3859940,1457392,5317332
2021-05-31,"Johnson&Johnson, Moderna, Oxford/AstraZeneca, Pfizer/BioNTech",3915655,1504904,5420559
2021-06-01,"Johnson&Johnson, Moderna, Oxford/AstraZeneca, Pfizer/BioNTech",3974663,1553692,5528355
2021-06-02,"Johnson&Johnson, Moderna, Oxford/AstraZeneca, Pfizer/BioNTech",4037532,1607608,5645140
2021-06-03,"Johnson&Johnson, Moderna, Oxford/AstraZeneca, Pfizer/BioNTech",4095743,1667765,5763508
2021-06-04,"Johnson&Johnson, Moderna, Oxford/AstraZeneca, Pfizer/BioNTech",4158812,1725087,5883899
2021-06-05,"Johnson&Johnson, Moderna, Oxford/AstraZeneca, Pfizer/BioNTech",4192936,1743868,5936804
2021-06-06,"Johnson&Johnson, Moderna, Oxford/AstraZeneca, Pfizer/BioNTech",4219837,1758964,5978801
2021-06-07,"Johnson&Johnson, Moderna, Oxford/AstraZeneca, Pfizer/BioNTech",4283505,1814544,6098049
2021-06-08,"Johnson&Johnson, Moderna, Oxford/AstraZeneca, Pfizer/BioNTech",4347475,1869462,6216937
2021-06-09,"Johnson&Johnson, Moderna, Oxford/AstraZeneca, Pfizer/BioNTech",4406659,1933864,6340523
2021-06-10,"Johnson&Johnson, Moderna, Oxford/AstraZeneca, Pfizer/BioNTech",4460539,2004917,6465456
2021-06-11,"Johnson&Johnson, Moderna, Oxford/AstraZeneca, Pfizer/BioNTech",4512631,2074582,6587213
2021-06-12,"Johnson&Johnson, Moderna, Oxford/AstraZeneca, Pfizer/BioNTech",4544616,2095311,6639927
2021-06-13,"Johnson&Johnson, Moderna, Oxford/AstraZeneca, Pfizer/BioNTech",4568617,2113673,6682290
2021-06-14,"Johnson&Johnson, Moderna, Oxford/AstraZeneca, Pfizer/BioNTech",4611677,2187977,6799654
2021-06-15,"Johnson&Johnson, Moderna, Oxford/AstraZeneca, Pfizer/BioNTech",4656316,2260243,6916559
2021-06-16,"Johnson&Johnson, Moderna, Oxford/AstraZeneca, Pfizer/BioNTech",4699039,2338380,7037419
2021-06-17,"Johnson&Johnson, Moderna, Oxford/AstraZeneca, Pfizer/BioNTech",4738409,2421360,7159769
2021-06-18,"Johnson&Johnson, Moderna, Oxford/AstraZeneca, Pfizer/BioNTech",4780788,2501776,7282564
2021-06-19,"Johnson&Johnson, Moderna, Oxford/AstraZeneca, Pfizer/BioNTech",4802528,2530996,7333524
2021-06-20,"Johnson&Johnson, Moderna, Oxford/AstraZeneca, Pfizer/BioNTech",4819883,2554767,7374650
2021-06-21,"Johnson&Johnson, Moderna, Oxford/AstraZeneca, Pfizer/BioNTech",4852383,2633251,7485634
2021-06-22,"Johnson&Johnson, Moderna, Oxford/AstraZeneca, Pfizer/BioNTech",4885336,2715419,7600755
2021-06-23,"Johnson&Johnson, Moderna, Oxford/AstraZeneca, Pfizer/BioNTech",4916980,2800553,7717533
2021-06-24,"Johnson&Johnson, Moderna, Oxford/AstraZeneca, Pfizer/BioNTech",4946814,2890492,7837306
2021-06-25,"Johnson&Johnson, Moderna, Oxford/AstraZeneca, Pfizer/BioNTech",4977859,2976537,7954396
2021-06-26,"Johnson&Johnson, Moderna, Oxford/AstraZeneca, Pfizer/BioNTech",4993712,3011283,8004995
2021-06-27,"Johnson&Johnson, Moderna, Oxford/AstraZeneca, Pfizer/BioNTech",5007648,3037876,8045524
2021-06-28,"Johnson&Johnson, Moderna, Oxford/AstraZeneca, Pfizer/BioNTech",5036057,3122964,8159021
2021-06-29,"Johnson&Johnson, Moderna, Oxford/AstraZeneca, Pfizer/BioNTech",5065318,3209341,8274659
2021-06-30,"Johnson&Johnson, Moderna, Oxford/AstraZeneca, Pfizer/BioNTech",5092802,3300203,8393005
2021-07-01,"Johnson&Johnson, Moderna, Oxford/AstraZeneca, Pfizer/BioNTech",5116769,3390148,8506917
2021-07-02,"Johnson&Johnson, Moderna, Oxford/AstraZeneca, Pfizer/BioNTech",5143480,3475882,8619362
2021-07-03,"Johnson&Johnson, Moderna, Oxford/AstraZeneca, Pfizer/BioNTech",5150552,3507341,8657893
2021-07-04,"Johnson&Johnson, Moderna, Oxford/AstraZeneca, Pfizer/BioNTech",5158098,3529104,8687202
2021-07-05,"Johnson&Johnson, Moderna, Oxford/AstraZeneca, Pfizer/BioNTech",5165449,3554422,8719871
2021-07-06,"Johnson&Johnson, Moderna, Oxford/AstraZeneca, Pfizer/BioNTech",5170846,3582003,8752849
2021-07-07,"Johnson&Johnson, Moderna, Oxford/AstraZeneca, Pfizer/BioNTech",5196621,3660886,8857507
2021-07-08,"Johnson&Johnson, Moderna, Oxford/AstraZeneca, Pfizer/BioNTech",5223208,3731117,8954325
2021-07-09,"Johnson&Johnson, Moderna, Oxford/AstraZeneca, Pfizer/BioNTech",5251104,3800295,9051399
2021-07-10,"Johnson&Johnson, Moderna, Oxford/AstraZeneca, Pfizer/BioNTech",5260441,3828864,9089305
2021-07-11,"Johnson&Johnson, Moderna, Oxford/AstraZeneca, Pfizer/BioNTech",5268957,3851715,9120672
2021-07-12,"Johnson&Johnson, Moderna, Oxford/AstraZeneca, Pfizer/BioNTech",5296474,3920739,9217213
2021-07-13,"Johnson&Johnson, Moderna, Oxford/AstraZeneca, Pfizer/BioNTech",5322639,3990529,9313168
2021-07-14,"Johnson&Johnson, Moderna, Oxford/AstraZeneca, Pfizer/BioNTech",5348439,4062436,9410875
2021-07-15,"Johnson&Johnson, Moderna, Oxford/AstraZeneca, Pfizer/BioNTech",5377603,4128356,9505959
2021-07-16,"Johnson&Johnson, Moderna, Oxford/AstraZeneca, Pfizer/BioNTech",5405498,4200972,9606470
2021-07-17,"Johnson&Johnson, Moderna, Oxford/AstraZeneca, Pfizer/BioNTech",5414255,4232356,9646611
2021-07-18,"Johnson&Johnson, Moderna, Oxford/AstraZeneca, Pfizer/BioNTech",5422689,4258318,9681007
2021-07-19,"Johnson&Johnson, Moderna, Oxford/AstraZeneca, Pfizer/BioNTech",5446024,4325269,9771293
2021-07-20,"Johnson&Johnson, Moderna, Oxford/AstraZeneca, Pfizer/BioNTech",5467401,4392234,9859635
2021-07-21,"Johnson&Johnson, Moderna, Oxford/AstraZeneca, Pfizer/BioNTech",5490845,4455611,9946456
2021-07-22,"Johnson&Johnson, Moderna, Oxford/AstraZeneca, Pfizer/BioNTech",5513187,4514154,10027341
2021-07-23,"Johnson&Johnson, Moderna, Oxford/AstraZeneca, Pfizer/BioNTech",5536364,4568808,10105172
2021-07-24,"Johnson&Johnson, Moderna, Oxford/AstraZeneca, Pfizer/BioNTech",5543669,4596417,10140086
2021-07-25,"Johnson&Johnson, Moderna, Oxford/AstraZeneca, Pfizer/BioNTech",5550269,4618504,10168773
2021-07-26,"Johnson&Johnson, Moderna, Oxford/AstraZeneca, Pfizer/BioNTech",5573784,4667084,10240868
2021-07-27,"Johnson&Johnson, Moderna, Oxford/AstraZeneca, Pfizer/BioNTech",5596501,4713634,10310135
2021-07-28,"Johnson&Johnson, Moderna, Oxford/AstraZeneca, Pfizer/BioNTech",5617729,4759523,10377252
2021-07-29,"Johnson&Johnson, Moderna, Oxford/AstraZeneca, Pfizer/BioNTech",5639029,4801384,10440413
2021-07-30,"Johnson&Johnson, Moderna, Oxford/AstraZeneca, Pfizer/BioNTech",5662286,4843850,10506136
2021-07-31,"Johnson&Johnson, Moderna, Oxford/AstraZeneca, Pfizer/BioNTech",5671199,4863345,10534544
2021-08-01,"Johnson&Johnson, Moderna, Oxford/AstraZeneca, Pfizer/BioNTech",5677911,4879476,10557387
2021-08-02,"Johnson&Johnson, Moderna, Oxford/AstraZeneca, Pfizer/BioNTech",5696522,4916956,10613478
2021-08-03,"Johnson&Johnson, Moderna, Oxford/AstraZeneca, Pfizer/BioNTech",5714142,4954983,10669125
2021-08-04,"Johnson&Johnson, Moderna, Oxford/AstraZeneca, Pfizer/BioNTech",5730215,4991638,10721853
2021-08-05,"Johnson&Johnson, Moderna, Oxford/AstraZeneca, Pfizer/BioNTech",5746220,5032028,10778248
2021-08-06,"Johnson&Johnson, Moderna, Oxford/AstraZeneca, Pfizer/BioNTech",5762987,5075231,10838218
2021-08-07,"Johnson&Johnson, Moderna, Oxford/AstraZeneca, Pfizer/BioNTech",5768568,5093359,10861927
2021-08-08,"Johnson&Johnson, Moderna, Oxford/AstraZeneca, Pfizer/BioNTech",5772915,5109082,10881997
2021-08-09,"Johnson&Johnson, Moderna, Oxford/AstraZeneca, Pfizer/BioNTech",5785543,5154075,10939618
2021-08-10,"Johnson&Johnson, Moderna, Oxford/AstraZeneca, Pfizer/BioNTech",5797363,5193585,10990948
2021-08-11,"Johnson&Johnson, Moderna, Oxford/AstraZeneca, Pfizer/BioNTech",5808709,5236659,11045368
2021-08-12,"Johnson&Johnson, Moderna, Oxford/AstraZeneca, Pfizer/BioNTech",5820109,5273725,11093834
2021-08-13,"Johnson&Johnson, Moderna, Oxford/AstraZeneca, Pfizer/BioNTech",5830800,5313989,11144789
2021-08-14,"Johnson&Johnson, Moderna, Oxford/AstraZeneca, Pfizer/BioNTech",5834134,5324664,11158798
2021-08-15,"Johnson&Johnson, Moderna, Oxford/AstraZeneca, Pfizer/BioNTech",5836707,5335016,11171723
2021-08-16,"Johnson&Johnson, Moderna, Oxford/AstraZeneca, Pfizer/BioNTech",5846475,5369032,11215507
2021-08-17,"Johnson&Johnson, Moderna, Oxford/AstraZeneca, Pfizer/BioNTech",5856060,5396080,11252140
2021-08-18,"Johnson&Johnson, Moderna, Oxford/AstraZeneca, Pfizer/BioNTech",5865424,5434900,11300324
2021-08-19,"Johnson&Johnson, Moderna, Oxford/AstraZeneca, Pfizer/BioNTech",5875082,5473207,11348289
2021-08-20,"Johnson&Johnson, Moderna, Oxford/AstraZeneca, Pfizer/BioNTech",5886420,5513352,11399772
2021-08-21,"Johnson&Johnson, Moderna, Oxford/AstraZeneca, Pfizer/BioNTech",5889130,5526082,11415212
2021-08-22,"Johnson&Johnson, Moderna, Oxford/AstraZeneca, Pfizer/BioNTech",5891467,5538031,11429498
2021-08-23,"Johnson&Johnson, Moderna, Oxford/AstraZeneca, Pfizer/BioNTech",5901990,5577239,11479229
2021-08-24,"Johnson&Johnson, Moderna, Oxford/AstraZeneca, Pfizer/BioNTech",5911846,5610443,11522289
2021-08-25,"Johnson&Johnson, Moderna, Oxford/AstraZeneca, Pfizer/BioNTech",5920697,5638765,11559462
2021-08-26,"Johnson&Johnson, Moderna, Oxford/AstraZeneca, Pfizer/BioNTech",5929134,5664853,11593987
2021-08-27,"Johnson&Johnson, Moderna, Oxford/AstraZeneca, Pfizer/BioNTech",5939439,5690760,11630199
2021-08-28,"Johnson&Johnson, Moderna, Oxford/AstraZeneca, Pfizer/BioNTech",5942154,5697782,11639936
2021-08-29,"Johnson&Johnson, Moderna, Oxford/AstraZeneca, Pfizer/BioNTech",5944555,5704388,11648943
2021-08-30,"Johnson&Johnson, Moderna, Oxford/AstraZeneca, Pfizer/BioNTech",5953067,5726220,11679287
2021-08-31,"Johnson&Johnson, Moderna, Oxford/AstraZeneca, Pfizer/BioNTech",5960716,5744268,11704984
2021-09-01,"Johnson&Johnson, Moderna, Oxford/AstraZeneca, Pfizer/BioNTech",5966592,5758236,11724828
2021-09-02,"Johnson&Johnson, Moderna, Oxford/AstraZeneca, Pfizer/BioNTech",5973400,5772589,11745989
2021-09-03,"Johnson&Johnson, Moderna, Oxford/AstraZeneca, Pfizer/BioNTech",5982942,5788255,11771197
2021-09-04,"Johnson&Johnson, Moderna, Oxford/AstraZeneca, Pfizer/BioNTech",5984998,5791797,11776795
2021-09-05,"Johnson&Johnson, Moderna, Oxford/AstraZeneca, Pfizer/BioNTech",5987029,5794626,11781655
2021-09-06,"Johnson&Johnson, Moderna, Oxford/AstraZeneca, Pfizer/BioNTech",5993222,5807116,11800338
2021-09-07,"Johnson&Johnson, Moderna, Oxford/AstraZeneca, Pfizer/BioNTech",5997577,5818190,11815767
2021-09-08,"Johnson&Johnson, Moderna, Oxford/AstraZeneca, Pfizer/BioNTech",6003224,5828012,11831236
2021-09-09,"Johnson&Johnson, Moderna, Oxford/AstraZeneca, Pfizer/BioNTech",6009868,5838056,11847924
2021-09-10,"Johnson&Johnson, Moderna, Oxford/AstraZeneca, Pfizer/BioNTech",6017514,5850207,11867721
2021-09-11,"Johnson&Johnson, Moderna, Oxford/AstraZeneca, Pfizer/BioNTech",6019371,5852675,11872046
2021-09-12,"Johnson&Johnson, Moderna, Oxford/AstraZeneca, Pfizer/BioNTech",6020483,5854294,11874777
2021-09-13,"Johnson&Johnson, Moderna, Oxford/AstraZeneca, Pfizer/BioNTech",6025897,5864543,11890440
2021-09-14,"Johnson&Johnson, Moderna, Oxford/AstraZeneca, Pfizer/BioNTech",6031265,5873535,11904800
2021-09-15,"Johnson&Johnson, Moderna, Oxford/AstraZeneca, Pfizer/BioNTech",6036447,5882042,11918489
2021-09-16,"Johnson&Johnson, Moderna, Oxford/AstraZeneca, Pfizer/BioNTech",6041729,5890292,11932021
2021-09-17,"Johnson&Johnson, Moderna, Oxford/AstraZeneca, Pfizer/BioNTech",6048271,5900487,11948758
2021-09-18,"Johnson&Johnson, Moderna, Oxford/AstraZeneca, Pfizer/BioNTech",6049993,5902832,11952825
2021-09-19,"Johnson&Johnson, Moderna, Oxford/AstraZeneca, Pfizer/BioNTech",6050932,5904394,11955326
2021-09-20,"Johnson&Johnson, Moderna, Oxford/AstraZeneca, Pfizer/BioNTech",6054923,5912575,11967498
2021-09-21,"Johnson&Johnson, Moderna, Oxford/AstraZeneca, Pfizer/BioNTech",6059069,5920095,11979164
2021-09-22,"Johnson&Johnson, Moderna, Oxford/AstraZeneca, Pfizer/BioNTech",6063230,5925600,11988830
2021-09-23,"Johnson&Johnson, Moderna, Oxford/AstraZeneca, Pfizer/BioNTech",6068195,5931997,12000192
2021-09-24,"Johnson&Johnson, Moderna, Oxford/AstraZeneca, Pfizer/BioNTech",6073935,5941600,12015535
2021-09-25,"Johnson&Johnson, Moderna, Pfizer/BioNTech",6075424,5943583,12019007
2021-09-26,"Johnson&Johnson, Moderna, Pfizer/BioNTech",6076162,5945206,12021368
2021-09-27,"Johnson&Johnson, Moderna, Oxford/AstraZeneca, Pfizer/BioNTech",6080020,5951681,12031701
2021-09-28,"Johnson&Johnson, Moderna, Pfizer/BioNTech",6080376,5952280,12032656
2021-09-29,"Johnson&Johnson, Moderna, Oxford/AstraZeneca, Pfizer/BioNTech",6084141,5959713,12043854
2021-09-30,"Johnson&Johnson, Moderna, Oxford/AstraZeneca, Pfizer/BioNTech",6088628,5967375,12056003
2021-10-01,"Johnson&Johnson, Moderna, Oxford/AstraZeneca, Pfizer/BioNTech",6092879,5975316,12068195
2021-10-02,"Johnson&Johnson, Moderna, Pfizer/BioNTech",6093921,5976844,12070765
2021-10-03,"Johnson&Johnson, Moderna, Pfizer/BioNTech",6094625,5977705,12072330
2021-10-04,"Johnson&Johnson, Moderna, Oxford/AstraZeneca, Pfizer/BioNTech",6097671,5983263,12080934
2021-10-05,"Johnson&Johnson, Moderna, Oxford/AstraZeneca, Pfizer/BioNTech",6100756,5988317,12089073
2021-10-06,"Johnson&Johnson, Moderna, Oxford/AstraZeneca, Pfizer/BioNTech",6104240,5993465,12097705
2021-10-07,"Johnson&Johnson, Moderna, Oxford/AstraZeneca, Pfizer/BioNTech",6107480,5998654,12106134
2021-10-08,"Johnson&Johnson, Moderna, Oxford/AstraZeneca, Pfizer/BioNTech",6112240,6005265,12117505
2021-10-09,"Johnson&Johnson, Moderna, Pfizer/BioNTech",6113472,6006910,12120382
2021-10-10,"Johnson&Johnson, Moderna, Pfizer/BioNTech",6114409,6007737,12122146
2021-10-11,"Johnson&Johnson, Moderna, Oxford/AstraZeneca, Pfizer/BioNTech",6117310,6012120,12129430
2021-10-12,"Johnson&Johnson, Moderna, Oxford/AstraZeneca, Pfizer/BioNTech",6120076,6016061,12136137
2021-10-13,"Johnson&Johnson, Moderna, Oxford/AstraZeneca, Pfizer/BioNTech",6123502,6020189,12143691
2021-10-14,"Johnson&Johnson, Moderna, Oxford/AstraZeneca, Pfizer/BioNTech",6127092,6025123,12152215
2021-10-15,"Johnson&Johnson, Moderna, Oxford/AstraZeneca, Pfizer/BioNTech",6132201,6031250,12163451
2021-10-16,"Johnson&Johnson, Moderna, Oxford/AstraZeneca, Pfizer/BioNTech",6133569,6032762,12166331
2021-10-17,"Johnson&Johnson, Moderna, Pfizer/BioNTech",6134887,6033813,12168700
2021-10-18,"Johnson&Johnson, Moderna, Oxford/AstraZeneca, Pfizer/BioNTech",6138878,6037897,12176775
2021-10-19,"Johnson&Johnson, Moderna, Oxford/AstraZeneca, Pfizer/BioNTech",6142335,6039973,12182308
2021-10-20,"Johnson&Johnson, Moderna, Oxford/AstraZeneca, Pfizer/BioNTech",6147103,6044401,12191504
2021-10-21,"Johnson&Johnson, Moderna, Oxford/AstraZeneca, Pfizer/BioNTech",6154703,6049984,12204687
2021-10-22,"Johnson&Johnson, Moderna, Oxford/AstraZeneca, Pfizer/BioNTech",6165034,6056470,12221504
2021-10-23,"Johnson&Johnson, Moderna, Pfizer/BioNTech",6168681,6058668,12227349
2021-10-24,"Johnson&Johnson, Moderna, Pfizer/BioNTech",6171360,6060439,12231799
2021-10-25,"Johnson&Johnson, Moderna, Oxford/AstraZeneca, Pfizer/BioNTech",6181697,6066226,12247923
2021-10-26,"Johnson&Johnson, Moderna, Oxford/AstraZeneca, Pfizer/BioNTech",6193421,6072720,12266141
2021-10-27,"Johnson&Johnson, Moderna, Oxford/AstraZeneca, Pfizer/BioNTech",6207825,6080101,12287926
2021-10-28,"Johnson&Johnson, Moderna, Pfizer/BioNTech",6211166,6081764,12292930
2021-10-29,"Johnson&Johnson, Moderna, Oxford/AstraZeneca, Pfizer/BioNTech",6225432,6089707,12315139
2021-10-30,"Johnson&Johnson, Moderna, Pfizer/BioNTech",6229921,6092610,12322531
2021-10-31,"Johnson&Johnson, Moderna, Oxford/AstraZeneca, Pfizer/BioNTech",6233645,6095071,12328716
2021-11-01,"Johnson&Johnson, Moderna, Oxford/AstraZeneca, Pfizer/BioNTech",6248583,6102705,12351288
2021-11-02,"Johnson&Johnson, Moderna, Oxford/AstraZeneca, Pfizer/BioNTech",6263790,6110155,12373945
2021-11-03,"Johnson&Johnson, Moderna, Oxford/AstraZeneca, Pfizer/BioNTech",6280779,6117407,12398186
2021-11-04,"Johnson&Johnson, Moderna, Oxford/AstraZeneca, Pfizer/BioNTech",6298896,6125514,12424410
2021-11-05,"Johnson&Johnson, Moderna, Oxford/AstraZeneca, Pfizer/BioNTech",6321512,6136708,12458220
2021-11-06,"Johnson&Johnson, Moderna, Oxford/AstraZeneca, Pfizer/BioNTech",6327929,6139721,12467650
2021-11-07,"Johnson&Johnson, Moderna, Oxford/AstraZeneca, Pfizer/BioNTech",6331916,6142147,12474063
2021-11-08,"Johnson&Johnson, Moderna, Oxford/AstraZeneca, Pfizer/BioNTech",6347992,6149722,12497714
2021-11-09,"Johnson&Johnson, Moderna, Oxford/AstraZeneca, Pfizer/BioNTech",6362295,6156625,12518920
2021-11-10,"Johnson&Johnson, Moderna, Oxford/AstraZeneca, Pfizer/BioNTech",6377645,6163716,12541361
2021-11-11,"Johnson&Johnson, Moderna, Oxford/AstraZeneca, Pfizer/BioNTech",6392685,6172478,12565163
2021-11-12,"Johnson&Johnson, Moderna, Oxford/AstraZeneca, Pfizer/BioNTech",6411947,6184857,12596804
2021-11-13,"Johnson&Johnson, Moderna, Oxford/AstraZeneca, Pfizer/BioNTech",6417082,6188493,12605575
2021-11-14,"Johnson&Johnson, Moderna, Oxford/AstraZeneca, Pfizer/BioNTech",6420661,6191201,12611862
2021-11-15,"Johnson&Johnson, Moderna, Oxford/AstraZeneca, Pfizer/BioNTech",6434942,6201076,12636018
2021-11-16,"Johnson&Johnson, Moderna, Oxford/AstraZeneca, Pfizer/BioNTech",6451696,6212328,12664024
2021-11-17,"Johnson&Johnson, Moderna, Oxford/AstraZeneca, Pfizer/BioNTech",6455200,6215358,12670558
2021-11-18,"Johnson&Johnson, Moderna, Oxford/AstraZeneca, Pfizer/BioNTech",6472754,6225627,12698381
