date,vaccine,people_vaccinated,people_fully_vaccinated,total_vaccinations
2020-12-27,Pfizer/BioNTech,1283,0,1283
2020-12-28,Pfizer/BioNTech,3589,0,3589
2020-12-29,Pfizer/BioNTech,7057,0,7057
2020-12-30,Pfizer/BioNTech,10575,0,10575
2020-12-31,Pfizer/BioNTech,11885,0,11885
2021-01-01,"Moderna, Pfizer/BioNTech",12154,0,12154
2021-01-02,Pfizer/BioNTech,13433,0,13433
2021-01-03,Pfizer/BioNTech,14356,0,14356
2021-01-04,"Moderna, Pfizer/BioNTech",17969,0,17969
2021-01-05,"Moderna, Pfizer/BioNTech",22490,0,22490
2021-01-06,"Moderna, Pfizer/BioNTech",28335,1,28336
2021-01-07,"Moderna, Pfizer/BioNTech",36332,1,36333
2021-01-08,"Moderna, Pfizer/BioNTech",46383,2,46385
2021-01-09,"Moderna, Pfizer/BioNTech",48410,3,48413
2021-01-10,Pfizer/BioNTech,50177,4,50181
2021-01-11,Pfizer/BioNTech,60033,6,60039
2021-01-12,"Moderna, Pfizer/BioNTech",73481,8,73489
2021-01-13,Pfizer/BioNTech,87019,8,87027
2021-01-14,"Moderna, Pfizer/BioNTech",102263,12,102275
2021-01-15,"Moderna, Pfizer/BioNTech",116276,13,116289
2021-01-16,"Moderna, Pfizer/BioNTech",119677,17,119694
2021-01-17,"Moderna, Pfizer/BioNTech",122295,653,122948
2021-01-18,"Moderna, Pfizer/BioNTech",134783,2479,137262
2021-01-19,"Moderna, Pfizer/BioNTech",147384,5204,152588
2021-01-20,"Moderna, Pfizer/BioNTech",161067,7865,168932
2021-01-21,"Moderna, Pfizer/BioNTech",176713,9609,186322
2021-01-22,"Moderna, Pfizer/BioNTech",191593,10655,202248
2021-01-23,"Moderna, Pfizer/BioNTech",194914,11535,206449
2021-01-24,"Moderna, Pfizer/BioNTech",197169,12404,209573
2021-01-25,"Moderna, Pfizer/BioNTech",206811,15378,222189
2021-01-26,"Moderna, Pfizer/BioNTech",217350,19371,236721
2021-01-27,"Moderna, Pfizer/BioNTech",226379,23908,250287
2021-01-28,"Moderna, Pfizer/BioNTech",233479,30039,263518
2021-01-29,"Moderna, Pfizer/BioNTech",239693,37951,277644
2021-01-30,"Moderna, Pfizer/BioNTech",240431,39039,279470
2021-01-31,"Moderna, Pfizer/BioNTech",241145,40220,281365
2021-02-01,"Moderna, Pfizer/BioNTech",245125,48183,293308
2021-02-02,"Moderna, Pfizer/BioNTech",249272,58415,307687
2021-02-03,"Moderna, Pfizer/BioNTech",253694,69428,323122
2021-02-04,"Moderna, Pfizer/BioNTech",258592,82416,341008
2021-02-05,"Moderna, Pfizer/BioNTech",264059,93091,357150
2021-02-06,"Moderna, Oxford/AstraZeneca, Pfizer/BioNTech",264908,95459,360367
2021-02-07,"Moderna, Pfizer/BioNTech",265758,97960,363718
2021-02-08,"Moderna, Oxford/AstraZeneca, Pfizer/BioNTech",269840,109389,379229
2021-02-09,"Moderna, Oxford/AstraZeneca, Pfizer/BioNTech",274937,121300,396237
2021-02-10,"Moderna, Oxford/AstraZeneca, Pfizer/BioNTech",280446,134554,415000
2021-02-11,"Moderna, Oxford/AstraZeneca, Pfizer/BioNTech",286781,150766,437547
2021-02-12,"Moderna, Oxford/AstraZeneca, Pfizer/BioNTech",293601,165500,459101
2021-02-13,"Moderna, Oxford/AstraZeneca, Pfizer/BioNTech",295213,168489,463702
2021-02-14,"Moderna, Oxford/AstraZeneca, Pfizer/BioNTech",296215,169873,466088
2021-02-15,"Moderna, Oxford/AstraZeneca, Pfizer/BioNTech",302613,179237,481850
2021-02-16,"Moderna, Oxford/AstraZeneca, Pfizer/BioNTech",311330,188316,499646
2021-02-17,"Moderna, Oxford/AstraZeneca, Pfizer/BioNTech",321028,196619,517647
2021-02-18,"Moderna, Oxford/AstraZeneca, Pfizer/BioNTech",333344,204701,538045
2021-02-19,"Moderna, Oxford/AstraZeneca, Pfizer/BioNTech",345202,212066,557268
2021-02-20,"Moderna, Oxford/AstraZeneca, Pfizer/BioNTech",347202,213249,560451
2021-02-21,"Moderna, Oxford/AstraZeneca, Pfizer/BioNTech",348334,214272,562606
2021-02-22,"Moderna, Oxford/AstraZeneca, Pfizer/BioNTech",358454,220302,578756
2021-02-23,"Moderna, Oxford/AstraZeneca, Pfizer/BioNTech",371403,227283,598686
2021-02-24,"Moderna, Oxford/AstraZeneca, Pfizer/BioNTech",385272,233320,618592
2021-02-25,"Moderna, Oxford/AstraZeneca, Pfizer/BioNTech",403240,238870,642110
2021-02-26,"Moderna, Oxford/AstraZeneca, Pfizer/BioNTech",419406,244221,663627
2021-02-27,"Moderna, Oxford/AstraZeneca, Pfizer/BioNTech",422414,244777,667191
2021-02-28,"Moderna, Oxford/AstraZeneca, Pfizer/BioNTech",424764,245328,670092
2021-03-01,"Moderna, Oxford/AstraZeneca, Pfizer/BioNTech",444351,248776,693127
2021-03-02,"Moderna, Oxford/AstraZeneca, Pfizer/BioNTech",471572,252323,723895
2021-03-03,"Moderna, Oxford/AstraZeneca, Pfizer/BioNTech",502488,256827,759315
2021-03-04,"Moderna, Oxford/AstraZeneca, Pfizer/BioNTech",535764,261510,797274
2021-03-05,"Johnson&Johnson, Moderna, Oxford/AstraZeneca, Pfizer/BioNTech",564585,266930,831515
2021-03-06,"Johnson&Johnson, Moderna, Oxford/AstraZeneca, Pfizer/BioNTech",576730,267792,844522
2021-03-07,"Johnson&Johnson, Moderna, Oxford/AstraZeneca, Pfizer/BioNTech",588267,268633,856900
2021-03-08,"Johnson&Johnson, Moderna, Oxford/AstraZeneca, Pfizer/BioNTech",618007,273487,891494
2021-03-09,"Johnson&Johnson, Moderna, Oxford/AstraZeneca, Pfizer/BioNTech",654363,279867,934230
2021-03-10,"Moderna, Oxford/AstraZeneca, Pfizer/BioNTech",695670,286821,982491
2021-03-11,"Johnson&Johnson, Moderna, Oxford/AstraZeneca, Pfizer/BioNTech",740499,295190,1035689
2021-03-12,"Johnson&Johnson, Moderna, Oxford/AstraZeneca, Pfizer/BioNTech",779262,303684,1082946
2021-03-13,"Johnson&Johnson, Moderna, Oxford/AstraZeneca, Pfizer/BioNTech",796346,304992,1101338
2021-03-14,"Johnson&Johnson, Moderna, Oxford/AstraZeneca, Pfizer/BioNTech",808459,306144,1114603
2021-03-15,"Moderna, Oxford/AstraZeneca, Pfizer/BioNTech",836835,314918,1151753
2021-03-16,"Johnson&Johnson, Moderna, Oxford/AstraZeneca, Pfizer/BioNTech",875713,325455,1201168
2021-03-17,"Moderna, Oxford/AstraZeneca, Pfizer/BioNTech",913177,335959,1249136
2021-03-18,"Johnson&Johnson, Moderna, Oxford/AstraZeneca, Pfizer/BioNTech",951157,348371,1299528
2021-03-19,"Moderna, Oxford/AstraZeneca, Pfizer/BioNTech",985638,361980,1347618
2021-03-20,"Johnson&Johnson, Moderna, Oxford/AstraZeneca, Pfizer/BioNTech",1000782,364009,1364791
2021-03-21,"Johnson&Johnson, Moderna, Oxford/AstraZeneca, Pfizer/BioNTech",1008204,365567,1373771
2021-03-22,"Johnson&Johnson, Moderna, Oxford/AstraZeneca, Pfizer/BioNTech",1032767,378066,1410833
2021-03-23,"Johnson&Johnson, Moderna, Oxford/AstraZeneca, Pfizer/BioNTech",1059409,391418,1450827
2021-03-24,"Johnson&Johnson, Moderna, Oxford/AstraZeneca, Pfizer/BioNTech",1086268,407154,1493422
2021-03-25,"Moderna, Oxford/AstraZeneca, Pfizer/BioNTech",1112606,425004,1537610
2021-03-26,"Johnson&Johnson, Moderna, Oxford/AstraZeneca, Pfizer/BioNTech",1137406,442506,1579912
2021-03-27,"Johnson&Johnson, Moderna, Oxford/AstraZeneca, Pfizer/BioNTech",1145843,447352,1593195
2021-03-28,"Moderna, Oxford/AstraZeneca, Pfizer/BioNTech",1151382,451494,1602876
2021-03-29,"Johnson&Johnson, Moderna, Oxford/AstraZeneca, Pfizer/BioNTech",1170509,472228,1642737
2021-03-30,"Johnson&Johnson, Moderna, Oxford/AstraZeneca, Pfizer/BioNTech",1195192,494403,1689595
2021-03-31,"Johnson&Johnson, Moderna, Oxford/AstraZeneca, Pfizer/BioNTech",1218306,521460,1739766
2021-04-01,"Johnson&Johnson, Moderna, Oxford/AstraZeneca, Pfizer/BioNTech",1243946,553506,1797452
2021-04-02,"Johnson&Johnson, Moderna, Oxford/AstraZeneca, Pfizer/BioNTech",1250869,566292,1817161
2021-04-03,"Johnson&Johnson, Moderna, Oxford/AstraZeneca, Pfizer/BioNTech",1254494,577217,1831711
2021-04-04,"Johnson&Johnson, Moderna, Oxford/AstraZeneca, Pfizer/BioNTech",1257005,586137,1843142
2021-04-05,"Johnson&Johnson, Moderna, Oxford/AstraZeneca, Pfizer/BioNTech",1259413,593321,1852734
2021-04-06,"Johnson&Johnson, Moderna, Oxford/AstraZeneca, Pfizer/BioNTech",1275561,622576,1898137
2021-04-07,"Johnson&Johnson, Moderna, Oxford/AstraZeneca, Pfizer/BioNTech",1298988,644804,1943792
2021-04-08,"Johnson&Johnson, Moderna, Oxford/AstraZeneca, Pfizer/BioNTech",1337714,675820,2013534
2021-04-09,"Johnson&Johnson, Moderna, Oxford/AstraZeneca, Pfizer/BioNTech",1377256,705999,2083255
2021-04-10,"Johnson&Johnson, Moderna, Oxford/AstraZeneca, Pfizer/BioNTech",1392760,721289,2114049
2021-04-11,"Johnson&Johnson, Moderna, Oxford/AstraZeneca, Pfizer/BioNTech",1402542,731334,2133876
2021-04-12,"Johnson&Johnson, Moderna, Oxford/AstraZeneca, Pfizer/BioNTech",1440819,756468,2197287
2021-04-13,"Moderna, Oxford/AstraZeneca, Pfizer/BioNTech",1477077,782499,2259576
2021-04-14,"Moderna, Oxford/AstraZeneca, Pfizer/BioNTech",1515904,809858,2325762
2021-04-15,"Moderna, Oxford/AstraZeneca, Pfizer/BioNTech",1563702,835607,2399309
2021-04-16,"Moderna, Oxford/AstraZeneca, Pfizer/BioNTech",1608362,861258,2469620
2021-04-17,"Moderna, Oxford/AstraZeneca, Pfizer/BioNTech",1625046,870282,2495328
2021-04-18,"Moderna, Oxford/AstraZeneca, Pfizer/BioNTech",1638035,875262,2513297
2021-04-19,"Moderna, Oxford/AstraZeneca, Pfizer/BioNTech",1682006,890690,2572696
2021-04-20,"Johnson&Johnson, Moderna, Oxford/AstraZeneca, Pfizer/BioNTech",1724566,906547,2631113
2021-04-21,"Moderna, Oxford/AstraZeneca, Pfizer/BioNTech",1772297,920894,2693191
2021-04-22,"Johnson&Johnson, Moderna, Oxford/AstraZeneca, Pfizer/BioNTech",1826791,938271,2765062
2021-04-23,"Johnson&Johnson, Moderna, Oxford/AstraZeneca, Pfizer/BioNTech",1876763,950325,2827088
2021-04-24,"Johnson&Johnson, Moderna, Oxford/AstraZeneca, Pfizer/BioNTech",1894599,955573,2850172
2021-04-25,"Johnson&Johnson, Moderna, Oxford/AstraZeneca, Pfizer/BioNTech",1909296,959570,2868866
2021-04-26,"Johnson&Johnson, Moderna, Oxford/AstraZeneca, Pfizer/BioNTech",1958873,967118,2925991
2021-04-27,"Johnson&Johnson, Moderna, Oxford/AstraZeneca, Pfizer/BioNTech",2007832,979341,2987173
2021-04-28,"Johnson&Johnson, Moderna, Oxford/AstraZeneca, Pfizer/BioNTech",2066583,993335,3059918
2021-04-29,"Johnson&Johnson, Moderna, Oxford/AstraZeneca, Pfizer/BioNTech",2132137,1009225,3141362
2021-04-30,"Johnson&Johnson, Moderna, Oxford/AstraZeneca, Pfizer/BioNTech",2194372,1019194,3213566
2021-05-01,"Johnson&Johnson, Moderna, Oxford/AstraZeneca, Pfizer/BioNTech",2213708,1022646,3236354
2021-05-02,"Johnson&Johnson, Moderna, Oxford/AstraZeneca, Pfizer/BioNTech",2232624,1024911,3257535
2021-05-03,"Johnson&Johnson, Moderna, Oxford/AstraZeneca, Pfizer/BioNTech",2299866,1029966,3329832
2021-05-04,"Johnson&Johnson, Moderna, Oxford/AstraZeneca, Pfizer/BioNTech",2366364,1038301,3404665
2021-05-05,"Johnson&Johnson, Moderna, Oxford/AstraZeneca, Pfizer/BioNTech",2439520,1047705,3487225
2021-05-06,"Johnson&Johnson, Moderna, Oxford/AstraZeneca, Pfizer/BioNTech",2519894,1058430,3578324
2021-05-07,"Johnson&Johnson, Moderna, Oxford/AstraZeneca, Pfizer/BioNTech",2597136,1068497,3665633
2021-05-08,"Johnson&Johnson, Moderna, Oxford/AstraZeneca, Pfizer/BioNTech",2626580,1070264,3696844
2021-05-09,"Johnson&Johnson, Moderna, Oxford/AstraZeneca, Pfizer/BioNTech",2650780,1071471,3722251
2021-05-10,"Johnson&Johnson, Moderna, Oxford/AstraZeneca, Pfizer/BioNTech",2723541,1078688,3802229
2021-05-11,"Johnson&Johnson, Moderna, Oxford/AstraZeneca, Pfizer/BioNTech",2799624,1087487,3887111
2021-05-12,"Johnson&Johnson, Moderna, Oxford/AstraZeneca, Pfizer/BioNTech",2879486,1096587,3976073
2021-05-13,"Johnson&Johnson, Moderna, Oxford/AstraZeneca, Pfizer/BioNTech",2963488,1105743,4069231
2021-05-14,"Johnson&Johnson, Moderna, Oxford/AstraZeneca, Pfizer/BioNTech",3042929,1113531,4156460
2021-05-15,"Johnson&Johnson, Moderna, Oxford/AstraZeneca, Pfizer/BioNTech",3074812,1115776,4190588
2021-05-16,"Johnson&Johnson, Moderna, Oxford/AstraZeneca, Pfizer/BioNTech",3100568,1117039,4217607
2021-05-17,"Johnson&Johnson, Moderna, Oxford/AstraZeneca, Pfizer/BioNTech",3173063,1123764,4296827
2021-05-18,"Johnson&Johnson, Moderna, Oxford/AstraZeneca, Pfizer/BioNTech",3244979,1136833,4381812
2021-05-19,"Johnson&Johnson, Moderna, Oxford/AstraZeneca, Pfizer/BioNTech",3322425,1151966,4474391
2021-05-20,"Johnson&Johnson, Moderna, Oxford/AstraZeneca, Pfizer/BioNTech",3397859,1178990,4576849
2021-05-21,"Johnson&Johnson, Moderna, Oxford/AstraZeneca, Pfizer/BioNTech",3466613,1206740,4673353
2021-05-22,"Johnson&Johnson, Moderna, Oxford/AstraZeneca, Pfizer/BioNTech",3498976,1217918,4716894
2021-05-23,"Johnson&Johnson, Moderna, Oxford/AstraZeneca, Pfizer/BioNTech",3521331,1226951,4748282
2021-05-24,"Johnson&Johnson, Moderna, Oxford/AstraZeneca, Pfizer/BioNTech",3568457,1260603,4829060
2021-05-25,"Johnson&Johnson, Moderna, Oxford/AstraZeneca, Pfizer/BioNTech",3620282,1296395,4916677
2021-05-26,"Johnson&Johnson, Moderna, Oxford/AstraZeneca, Pfizer/BioNTech",3688022,1333906,5021928
2021-05-27,"Johnson&Johnson, Moderna, Oxford/AstraZeneca, Pfizer/BioNTech",3749396,1381224,5130620
2021-05-28,"Johnson&Johnson, Moderna, Oxford/AstraZeneca, Pfizer/BioNTech",3811072,1427775,5238847
2021-05-29,"Johnson&Johnson, Moderna, Oxford/AstraZeneca, Pfizer/BioNTech",3840240,1444870,5285110
2021-05-30,"Johnson&Johnson, Moderna, Oxford/AstraZeneca, Pfizer/BioNTech",3862597,1459302,5321899
2021-05-31,"Johnson&Johnson, Moderna, Oxford/AstraZeneca, Pfizer/BioNTech",3918322,1506824,5425146
2021-06-01,"Johnson&Johnson, Moderna, Oxford/AstraZeneca, Pfizer/BioNTech",3977325,1555654,5532979
2021-06-02,"Johnson&Johnson, Moderna, Oxford/AstraZeneca, Pfizer/BioNTech",4040199,1609616,5649815
2021-06-03,"Johnson&Johnson, Moderna, Oxford/AstraZeneca, Pfizer/BioNTech",4098397,1669801,5768198
2021-06-04,"Johnson&Johnson, Moderna, Oxford/AstraZeneca, Pfizer/BioNTech",4161465,1727193,5888658
2021-06-05,"Johnson&Johnson, Moderna, Oxford/AstraZeneca, Pfizer/BioNTech",4195596,1746024,5941620
2021-06-06,"Johnson&Johnson, Moderna, Oxford/AstraZeneca, Pfizer/BioNTech",4222504,1761157,5983661
2021-06-07,"Johnson&Johnson, Moderna, Oxford/AstraZeneca, Pfizer/BioNTech",4286174,1816758,6102932
2021-06-08,"Johnson&Johnson, Moderna, Oxford/AstraZeneca, Pfizer/BioNTech",4350137,1871716,6221853
2021-06-09,"Johnson&Johnson, Moderna, Oxford/AstraZeneca, Pfizer/BioNTech",4409283,1936264,6345547
2021-06-10,"Johnson&Johnson, Moderna, Oxford/AstraZeneca, Pfizer/BioNTech",4463119,2007451,6470570
2021-06-11,"Johnson&Johnson, Moderna, Oxford/AstraZeneca, Pfizer/BioNTech",4515203,2077174,6592377
2021-06-12,"Johnson&Johnson, Moderna, Oxford/AstraZeneca, Pfizer/BioNTech",4547204,2097952,6645156
2021-06-13,"Johnson&Johnson, Moderna, Oxford/AstraZeneca, Pfizer/BioNTech",4571212,2116343,6687555
2021-06-14,"Johnson&Johnson, Moderna, Oxford/AstraZeneca, Pfizer/BioNTech",4614273,2190691,6804964
2021-06-15,"Johnson&Johnson, Moderna, Oxford/AstraZeneca, Pfizer/BioNTech",4658909,2263006,6921915
2021-06-16,"Johnson&Johnson, Moderna, Oxford/AstraZeneca, Pfizer/BioNTech",4701632,2341188,7042820
2021-06-17,"Johnson&Johnson, Moderna, Oxford/AstraZeneca, Pfizer/BioNTech",4740995,2424210,7165205
2021-06-18,"Johnson&Johnson, Moderna, Oxford/AstraZeneca, Pfizer/BioNTech",4783381,2504686,7288067
2021-06-19,"Johnson&Johnson, Moderna, Oxford/AstraZeneca, Pfizer/BioNTech",4805130,2533941,7339071
2021-06-20,"Johnson&Johnson, Moderna, Oxford/AstraZeneca, Pfizer/BioNTech",4822491,2557741,7380232
2021-06-21,"Johnson&Johnson, Moderna, Oxford/AstraZeneca, Pfizer/BioNTech",4854980,2636266,7491246
2021-06-22,"Johnson&Johnson, Moderna, Oxford/AstraZeneca, Pfizer/BioNTech",4887935,2718465,7606400
2021-06-23,"Johnson&Johnson, Moderna, Oxford/AstraZeneca, Pfizer/BioNTech",4919571,2803633,7723204
2021-06-24,"Johnson&Johnson, Moderna, Oxford/AstraZeneca, Pfizer/BioNTech",4949392,2893594,7842986
2021-06-25,"Johnson&Johnson, Moderna, Oxford/AstraZeneca, Pfizer/BioNTech",4980440,2979674,7960114
2021-06-26,"Johnson&Johnson, Moderna, Oxford/AstraZeneca, Pfizer/BioNTech",4996299,3014451,8010750
2021-06-27,"Johnson&Johnson, Moderna, Oxford/AstraZeneca, Pfizer/BioNTech",5010240,3041070,8051310
2021-06-28,"Johnson&Johnson, Moderna, Oxford/AstraZeneca, Pfizer/BioNTech",5038637,3126200,8164837
2021-06-29,"Johnson&Johnson, Moderna, Oxford/AstraZeneca, Pfizer/BioNTech",5067896,3212615,8280511
2021-06-30,"Johnson&Johnson, Moderna, Oxford/AstraZeneca, Pfizer/BioNTech",5095367,3303540,8398907
2021-07-01,"Johnson&Johnson, Moderna, Oxford/AstraZeneca, Pfizer/BioNTech",5119327,3393540,8512867
2021-07-02,"Johnson&Johnson, Moderna, Oxford/AstraZeneca, Pfizer/BioNTech",5146025,3479334,8625359
2021-07-03,"Johnson&Johnson, Moderna, Oxford/AstraZeneca, Pfizer/BioNTech",5153097,3510814,8663911
2021-07-04,"Johnson&Johnson, Moderna, Oxford/AstraZeneca, Pfizer/BioNTech",5160649,3532591,8693240
2021-07-05,"Johnson&Johnson, Moderna, Oxford/AstraZeneca, Pfizer/BioNTech",5168011,3557939,8725950
2021-07-06,"Johnson&Johnson, Moderna, Oxford/AstraZeneca, Pfizer/BioNTech",5173421,3585558,8758979
2021-07-07,"Johnson&Johnson, Moderna, Oxford/AstraZeneca, Pfizer/BioNTech",5199198,3664482,8863680
2021-07-08,"Johnson&Johnson, Moderna, Oxford/AstraZeneca, Pfizer/BioNTech",5225787,3734747,8960534
2021-07-09,"Johnson&Johnson, Moderna, Oxford/AstraZeneca, Pfizer/BioNTech",5253696,3803963,9057659
2021-07-10,"Johnson&Johnson, Moderna, Oxford/AstraZeneca, Pfizer/BioNTech",5263038,3832556,9095594
2021-07-11,"Johnson&Johnson, Moderna, Oxford/AstraZeneca, Pfizer/BioNTech",5271560,3855408,9126968
2021-07-12,"Johnson&Johnson, Moderna, Oxford/AstraZeneca, Pfizer/BioNTech",5299072,3924443,9223515
2021-07-13,"Johnson&Johnson, Moderna, Oxford/AstraZeneca, Pfizer/BioNTech",5325243,3994256,9319499
2021-07-14,"Johnson&Johnson, Moderna, Oxford/AstraZeneca, Pfizer/BioNTech",5351047,4066174,9417221
2021-07-15,"Johnson&Johnson, Moderna, Oxford/AstraZeneca, Pfizer/BioNTech",5380207,4132112,9512319
2021-07-16,"Johnson&Johnson, Moderna, Oxford/AstraZeneca, Pfizer/BioNTech",5408117,4204760,9612877
2021-07-17,"Johnson&Johnson, Moderna, Oxford/AstraZeneca, Pfizer/BioNTech",5416880,4236158,9653038
2021-07-18,"Johnson&Johnson, Moderna, Oxford/AstraZeneca, Pfizer/BioNTech",5425318,4262125,9687443
2021-07-19,"Johnson&Johnson, Moderna, Oxford/AstraZeneca, Pfizer/BioNTech",5448660,4329100,9777760
2021-07-20,"Johnson&Johnson, Moderna, Oxford/AstraZeneca, Pfizer/BioNTech",5470031,4396080,9866111
2021-07-21,"Johnson&Johnson, Moderna, Oxford/AstraZeneca, Pfizer/BioNTech",5493472,4459482,9952954
2021-07-22,"Johnson&Johnson, Moderna, Oxford/AstraZeneca, Pfizer/BioNTech",5515823,4518043,10033866
2021-07-23,"Johnson&Johnson, Moderna, Oxford/AstraZeneca, Pfizer/BioNTech",5539009,4572724,10111733
2021-07-24,"Johnson&Johnson, Moderna, Oxford/AstraZeneca, Pfizer/BioNTech",5546318,4600349,10146667
2021-07-25,"Johnson&Johnson, Moderna, Oxford/AstraZeneca, Pfizer/BioNTech",5552930,4622446,10175376
2021-07-26,"Johnson&Johnson, Moderna, Oxford/AstraZeneca, Pfizer/BioNTech",5576457,4671065,10247522
2021-07-27,"Johnson&Johnson, Moderna, Oxford/AstraZeneca, Pfizer/BioNTech",5599178,4717629,10316807
2021-07-28,"Johnson&Johnson, Moderna, Oxford/AstraZeneca, Pfizer/BioNTech",5620419,4763544,10383963
2021-07-29,"Johnson&Johnson, Moderna, Oxford/AstraZeneca, Pfizer/BioNTech",5641730,4805430,10447160
2021-07-30,"Johnson&Johnson, Moderna, Oxford/AstraZeneca, Pfizer/BioNTech",5664995,4847919,10512914
2021-07-31,"Johnson&Johnson, Moderna, Oxford/AstraZeneca, Pfizer/BioNTech",5673912,4867419,10541331
2021-08-01,"Johnson&Johnson, Moderna, Oxford/AstraZeneca, Pfizer/BioNTech",5680625,4883565,10564190
2021-08-02,"Johnson&Johnson, Moderna, Oxford/AstraZeneca, Pfizer/BioNTech",5699243,4921060,10620303
2021-08-03,"Johnson&Johnson, Moderna, Oxford/AstraZeneca, Pfizer/BioNTech",5716864,4959105,10675969
2021-08-04,"Johnson&Johnson, Moderna, Oxford/AstraZeneca, Pfizer/BioNTech",5732949,4995787,10728736
2021-08-05,"Johnson&Johnson, Moderna, Oxford/AstraZeneca, Pfizer/BioNTech",5748972,5036208,10785180
2021-08-06,"Johnson&Johnson, Moderna, Oxford/AstraZeneca, Pfizer/BioNTech",5765748,5079435,10845183
2021-08-07,"Johnson&Johnson, Moderna, Oxford/AstraZeneca, Pfizer/BioNTech",5771338,5097573,10868911
2021-08-08,"Johnson&Johnson, Moderna, Oxford/AstraZeneca, Pfizer/BioNTech",5775691,5113306,10888997
2021-08-09,"Johnson&Johnson, Moderna, Oxford/AstraZeneca, Pfizer/BioNTech",5788324,5158310,10946634
2021-08-10,"Johnson&Johnson, Moderna, Oxford/AstraZeneca, Pfizer/BioNTech",5800151,5197831,10997982
2021-08-11,"Johnson&Johnson, Moderna, Oxford/AstraZeneca, Pfizer/BioNTech",5811506,5240913,11052419
2021-08-12,"Johnson&Johnson, Moderna, Oxford/AstraZeneca, Pfizer/BioNTech",5822920,5277990,11100910
2021-08-13,"Johnson&Johnson, Moderna, Oxford/AstraZeneca, Pfizer/BioNTech",5833639,5318286,11151925
2021-08-14,"Johnson&Johnson, Moderna, Oxford/AstraZeneca, Pfizer/BioNTech",5836974,5328963,11165937
2021-08-15,"Johnson&Johnson, Moderna, Oxford/AstraZeneca, Pfizer/BioNTech",5839557,5339318,11178875
2021-08-16,"Johnson&Johnson, Moderna, Oxford/AstraZeneca, Pfizer/BioNTech",5849340,5373352,11222692
2021-08-17,"Johnson&Johnson, Moderna, Oxford/AstraZeneca, Pfizer/BioNTech",5858928,5400416,11259344
2021-08-18,"Johnson&Johnson, Moderna, Oxford/AstraZeneca, Pfizer/BioNTech",5868294,5439256,11307550
2021-08-19,"Johnson&Johnson, Moderna, Oxford/AstraZeneca, Pfizer/BioNTech",5877954,5477574,11355528
2021-08-20,"Johnson&Johnson, Moderna, Oxford/AstraZeneca, Pfizer/BioNTech",5889332,5517735,11407067
2021-08-21,"Johnson&Johnson, Moderna, Oxford/AstraZeneca, Pfizer/BioNTech",5892047,5530473,11422520
2021-08-22,"Johnson&Johnson, Moderna, Oxford/AstraZeneca, Pfizer/BioNTech",5894386,5542426,11436812
2021-08-23,"Johnson&Johnson, Moderna, Oxford/AstraZeneca, Pfizer/BioNTech",5904913,5581662,11486575
2021-08-24,"Johnson&Johnson, Moderna, Oxford/AstraZeneca, Pfizer/BioNTech",5914777,5614883,11529660
2021-08-25,"Johnson&Johnson, Moderna, Oxford/AstraZeneca, Pfizer/BioNTech",5923639,5643229,11566868
2021-08-26,"Johnson&Johnson, Moderna, Oxford/AstraZeneca, Pfizer/BioNTech",5932079,5669333,11601412
2021-08-27,"Johnson&Johnson, Moderna, Oxford/AstraZeneca, Pfizer/BioNTech",5942392,5695256,11637648
2021-08-28,"Johnson&Johnson, Moderna, Oxford/AstraZeneca, Pfizer/BioNTech",5945113,5702285,11647398
2021-08-29,"Johnson&Johnson, Moderna, Oxford/AstraZeneca, Pfizer/BioNTech",5947516,5708897,11656413
2021-08-30,"Johnson&Johnson, Moderna, Oxford/AstraZeneca, Pfizer/BioNTech",5956034,5730746,11686780
2021-08-31,"Johnson&Johnson, Moderna, Oxford/AstraZeneca, Pfizer/BioNTech",5963700,5748804,11712504
2021-09-01,"Johnson&Johnson, Moderna, Oxford/AstraZeneca, Pfizer/BioNTech",5969580,5762777,11732357
2021-09-02,"Johnson&Johnson, Moderna, Oxford/AstraZeneca, Pfizer/BioNTech",5976407,5777144,11753551
2021-09-03,"Johnson&Johnson, Moderna, Oxford/AstraZeneca, Pfizer/BioNTech",5985960,5792832,11778792
2021-09-04,"Johnson&Johnson, Moderna, Oxford/AstraZeneca, Pfizer/BioNTech",5988023,5796379,11784402
2021-09-05,"Johnson&Johnson, Moderna, Oxford/AstraZeneca, Pfizer/BioNTech",5990056,5799220,11789276
2021-09-06,"Johnson&Johnson, Moderna, Oxford/AstraZeneca, Pfizer/BioNTech",5996281,5811729,11808010
2021-09-07,"Johnson&Johnson, Moderna, Oxford/AstraZeneca, Pfizer/BioNTech",6000660,5822816,11823476
2021-09-08,"Johnson&Johnson, Moderna, Oxford/AstraZeneca, Pfizer/BioNTech",6006320,5832646,11838966
2021-09-09,"Johnson&Johnson, Moderna, Oxford/AstraZeneca, Pfizer/BioNTech",6012998,5842698,11855696
2021-09-10,"Johnson&Johnson, Moderna, Oxford/AstraZeneca, Pfizer/BioNTech",6020679,5854863,11875542
2021-09-11,"Johnson&Johnson, Moderna, Oxford/AstraZeneca, Pfizer/BioNTech",6022540,5857335,11879875
2021-09-12,"Johnson&Johnson, Moderna, Oxford/AstraZeneca, Pfizer/BioNTech",6023654,5858958,11882612
2021-09-13,"Johnson&Johnson, Moderna, Oxford/AstraZeneca, Pfizer/BioNTech",6029076,5869240,11898316
2021-09-14,"Johnson&Johnson, Moderna, Oxford/AstraZeneca, Pfizer/BioNTech",6034460,5878242,11912702
2021-09-15,"Johnson&Johnson, Moderna, Oxford/AstraZeneca, Pfizer/BioNTech",6039649,5886757,11926406
2021-09-16,"Johnson&Johnson, Moderna, Oxford/AstraZeneca, Pfizer/BioNTech",6044992,5895018,11940010
2021-09-17,"Johnson&Johnson, Moderna, Oxford/AstraZeneca, Pfizer/BioNTech",6051558,5905230,11956788
2021-09-18,"Johnson&Johnson, Moderna, Oxford/AstraZeneca, Pfizer/BioNTech",6053281,5907580,11960861
2021-09-19,"Johnson&Johnson, Moderna, Oxford/AstraZeneca, Pfizer/BioNTech",6054221,5909144,11963365
2021-09-20,"Johnson&Johnson, Moderna, Oxford/AstraZeneca, Pfizer/BioNTech",6058229,5917329,11975558
2021-09-21,"Johnson&Johnson, Moderna, Oxford/AstraZeneca, Pfizer/BioNTech",6062455,5924857,11987312
2021-09-22,"Johnson&Johnson, Moderna, Oxford/AstraZeneca, Pfizer/BioNTech",6066631,5930364,11996995
2021-09-23,"Johnson&Johnson, Moderna, Oxford/AstraZeneca, Pfizer/BioNTech",6071605,5936764,12008369
2021-09-24,"Johnson&Johnson, Moderna, Oxford/AstraZeneca, Pfizer/BioNTech",6077355,5946369,12023724
2021-09-25,"Johnson&Johnson, Moderna, Oxford/AstraZeneca, Pfizer/BioNTech",6078845,5948355,12027200
2021-09-26,"Johnson&Johnson, Moderna, Pfizer/BioNTech",6079585,5949985,12029570
2021-09-27,"Johnson&Johnson, Moderna, Oxford/AstraZeneca, Pfizer/BioNTech",6083460,5956474,12039934
2021-09-28,"Johnson&Johnson, Moderna, Pfizer/BioNTech",6083818,5957079,12040897
2021-09-29,"Johnson&Johnson, Moderna, Oxford/AstraZeneca, Pfizer/BioNTech",6087589,5964524,12052113
2021-09-30,"Johnson&Johnson, Moderna, Oxford/AstraZeneca, Pfizer/BioNTech",6092085,5972213,12064298
2021-10-01,"Johnson&Johnson, Moderna, Oxford/AstraZeneca, Pfizer/BioNTech",6096374,5980166,12076540
2021-10-02,"Johnson&Johnson, Moderna, Oxford/AstraZeneca, Pfizer/BioNTech",6097434,5981702,12079136
2021-10-03,"Johnson&Johnson, Moderna, Pfizer/BioNTech",6098149,5982563,12080712
2021-10-04,"Johnson&Johnson, Moderna, Oxford/AstraZeneca, Pfizer/BioNTech",6101218,5988125,12089343
2021-10-05,"Johnson&Johnson, Moderna, Oxford/AstraZeneca, Pfizer/BioNTech",6104373,5993187,12097560
2021-10-06,"Johnson&Johnson, Moderna, Oxford/AstraZeneca, Pfizer/BioNTech",6107883,5998343,12106226
2021-10-07,"Johnson&Johnson, Moderna, Oxford/AstraZeneca, Pfizer/BioNTech",6111155,6003587,12114742
2021-10-08,"Johnson&Johnson, Moderna, Oxford/AstraZeneca, Pfizer/BioNTech",6115937,6010205,12126142
2021-10-09,"Johnson&Johnson, Moderna, Oxford/AstraZeneca, Pfizer/BioNTech",6117178,6011856,12129034
2021-10-10,"Johnson&Johnson, Moderna, Oxford/AstraZeneca, Pfizer/BioNTech",6118118,6012685,12130803
2021-10-11,"Johnson&Johnson, Moderna, Oxford/AstraZeneca, Pfizer/BioNTech",6121047,6017092,12138139
2021-10-12,"Johnson&Johnson, Moderna, Oxford/AstraZeneca, Pfizer/BioNTech",6123966,6021084,12145050
2021-10-13,"Johnson&Johnson, Moderna, Oxford/AstraZeneca, Pfizer/BioNTech",6127499,6025263,12152762
2021-10-14,"Johnson&Johnson, Moderna, Oxford/AstraZeneca, Pfizer/BioNTech",6131172,6030204,12161376
2021-10-15,"Johnson&Johnson, Moderna, Oxford/AstraZeneca, Pfizer/BioNTech",6136400,6036333,12172733
2021-10-16,"Johnson&Johnson, Moderna, Oxford/AstraZeneca, Pfizer/BioNTech",6137796,6037848,12175644
2021-10-17,"Johnson&Johnson, Moderna, Pfizer/BioNTech",6139115,6038901,12178016
2021-10-18,"Johnson&Johnson, Moderna, Oxford/AstraZeneca, Pfizer/BioNTech",6143224,6042991,12186215
2021-10-19,"Johnson&Johnson, Moderna, Oxford/AstraZeneca, Pfizer/BioNTech",6146796,6045075,12191871
2021-10-20,"Johnson&Johnson, Moderna, Oxford/AstraZeneca, Pfizer/BioNTech",6151659,6049518,12201177
2021-10-21,"Johnson&Johnson, Moderna, Oxford/AstraZeneca, Pfizer/BioNTech",6159413,6055106,12214519
2021-10-22,"Johnson&Johnson, Moderna, Oxford/AstraZeneca, Pfizer/BioNTech",6169856,6061602,12231458
2021-10-23,"Johnson&Johnson, Moderna, Pfizer/BioNTech",6173528,6063805,12237333
2021-10-24,"Johnson&Johnson, Moderna, Pfizer/BioNTech",6176212,6065577,12241789
2021-10-25,"Johnson&Johnson, Moderna, Oxford/AstraZeneca, Pfizer/BioNTech",6186694,6071371,12258065
2021-10-26,"Johnson&Johnson, Moderna, Oxford/AstraZeneca, Pfizer/BioNTech",6198672,6077909,12276581
2021-10-27,"Johnson&Johnson, Moderna, Oxford/AstraZeneca, Pfizer/BioNTech",6213268,6085302,12298570
2021-10-28,"Johnson&Johnson, Moderna, Oxford/AstraZeneca, Pfizer/BioNTech",6216677,6086971,12303648
2021-10-29,"Johnson&Johnson, Moderna, Oxford/AstraZeneca, Pfizer/BioNTech",6231094,6094932,12326026
2021-10-30,"Johnson&Johnson, Moderna, Pfizer/BioNTech",6235623,6097846,12333469
2021-10-31,"Johnson&Johnson, Moderna, Oxford/AstraZeneca, Pfizer/BioNTech",6239385,6100316,12339701
2021-11-01,"Johnson&Johnson, Moderna, Oxford/AstraZeneca, Pfizer/BioNTech",6254573,6107999,12362572
2021-11-02,"Johnson&Johnson, Moderna, Oxford/AstraZeneca, Pfizer/BioNTech",6270015,6115547,12385562
2021-11-03,"Johnson&Johnson, Moderna, Oxford/AstraZeneca, Pfizer/BioNTech",6287186,6122833,12410019
2021-11-04,"Johnson&Johnson, Moderna, Oxford/AstraZeneca, Pfizer/BioNTech",6305516,6130997,12436513
2021-11-05,"Johnson&Johnson, Moderna, Oxford/AstraZeneca, Pfizer/BioNTech",6328292,6142260,12470552
2021-11-06,"Johnson&Johnson, Moderna, Oxford/AstraZeneca, Pfizer/BioNTech",6334795,6145308,12480103
2021-11-07,"Johnson&Johnson, Moderna, Oxford/AstraZeneca, Pfizer/BioNTech",6338810,6147739,12486549
2021-11-08,"Johnson&Johnson, Moderna, Oxford/AstraZeneca, Pfizer/BioNTech",6355069,6155363,12510432
2021-11-09,"Johnson&Johnson, Moderna, Oxford/AstraZeneca, Pfizer/BioNTech",6369839,6162649,12532488
2021-11-10,"Johnson&Johnson, Moderna, Oxford/AstraZeneca, Pfizer/BioNTech",6385540,6170014,12555554
2021-11-11,"Johnson&Johnson, Moderna, Oxford/AstraZeneca, Pfizer/BioNTech",6400929,6179108,12580037
2021-11-12,"Johnson&Johnson, Moderna, Oxford/AstraZeneca, Pfizer/BioNTech",6420691,6191875,12612566
2021-11-13,"Johnson&Johnson, Moderna, Oxford/AstraZeneca, Pfizer/BioNTech",6426071,6195735,12621806
2021-11-14,"Johnson&Johnson, Moderna, Oxford/AstraZeneca, Pfizer/BioNTech",6429952,6198736,12628688
2021-11-15,"Johnson&Johnson, Moderna, Oxford/AstraZeneca, Pfizer/BioNTech",6444999,6209417,12654416
2021-11-16,"Johnson&Johnson, Moderna, Oxford/AstraZeneca, Pfizer/BioNTech",6462495,6221387,12683882
2021-11-17,"Johnson&Johnson, Moderna, Oxford/AstraZeneca, Pfizer/BioNTech",6466713,6224944,12691657
2021-11-18,"Johnson&Johnson, Moderna, Oxford/AstraZeneca, Pfizer/BioNTech",6486080,6236610,12722690
2021-11-19,"Johnson&Johnson, Moderna, Oxford/AstraZeneca, Pfizer/BioNTech",6510628,6253571,12764199
2021-11-20,"Johnson&Johnson, Moderna, Oxford/AstraZeneca, Pfizer/BioNTech",6519182,6258541,12777723
2021-11-21,"Johnson&Johnson, Moderna, Oxford/AstraZeneca, Pfizer/BioNTech",6525936,6262308,12788244
2021-11-22,"Johnson&Johnson, Moderna, Oxford/AstraZeneca, Pfizer/BioNTech",6544299,6276394,12820693
2021-11-23,"Johnson&Johnson, Moderna, Oxford/AstraZeneca, Pfizer/BioNTech",6563198,6289634,12852832
2021-11-24,"Johnson&Johnson, Moderna, Oxford/AstraZeneca, Pfizer/BioNTech",6582058,6305451,12887509
2021-11-25,"Johnson&Johnson, Moderna, Oxford/AstraZeneca, Pfizer/BioNTech",6601087,6320455,12921542
2021-11-26,"Johnson&Johnson, Moderna, Oxford/AstraZeneca, Pfizer/BioNTech",6622578,6339533,12962111
2021-11-27,"Johnson&Johnson, Moderna, Oxford/AstraZeneca, Pfizer/BioNTech",6629982,6345061,12975043
2021-11-28,"Johnson&Johnson, Moderna, Pfizer/BioNTech",6633298,6348192,12981490
2021-11-29,"Johnson&Johnson, Moderna, Oxford/AstraZeneca, Pfizer/BioNTech",6648429,6361814,13010243
2021-11-30,"Johnson&Johnson, Moderna, Oxford/AstraZeneca, Pfizer/BioNTech",6661570,6373003,13034573
2021-12-01,"Johnson&Johnson, Moderna, Oxford/AstraZeneca, Pfizer/BioNTech",6675467,6385404,13060871
2021-12-02,"Johnson&Johnson, Moderna, Oxford/AstraZeneca, Pfizer/BioNTech",6686030,6397823,13083853
2021-12-03,"Johnson&Johnson, Moderna, Oxford/AstraZeneca, Pfizer/BioNTech",6695572,6413316,13108888
2021-12-04,"Johnson&Johnson, Moderna, Oxford/AstraZeneca, Pfizer/BioNTech",6698096,6417243,13115339
2021-12-05,"Johnson&Johnson, Moderna, Oxford/AstraZeneca, Pfizer/BioNTech",6699434,6419560,13118994
2021-12-06,"Johnson&Johnson, Moderna, Oxford/AstraZeneca, Pfizer/BioNTech",6707534,6431034,13138568
2021-12-07,"Johnson&Johnson, Moderna, Oxford/AstraZeneca, Pfizer/BioNTech",6715329,6442955,13158284
2021-12-08,"Johnson&Johnson, Moderna, Oxford/AstraZeneca, Pfizer/BioNTech",6723521,6448825,13172346
2021-12-09,"Johnson&Johnson, Moderna, Oxford/AstraZeneca, Pfizer/BioNTech",6730567,6461551,13192118
2021-12-10,"Johnson&Johnson, Moderna, Oxford/AstraZeneca, Pfizer/BioNTech",6737400,6479228,13216628
2021-12-11,"Johnson&Johnson, Moderna, Oxford/AstraZeneca, Pfizer/BioNTech",6739046,6484461,13223507
2021-12-12,"Johnson&Johnson, Moderna, Oxford/AstraZeneca, Pfizer/BioNTech",6740348,6488884,13229232
2021-12-13,"Johnson&Johnson, Moderna, Oxford/AstraZeneca, Pfizer/BioNTech",6746675,6502099,13248774
2021-12-14,"Johnson&Johnson, Moderna, Oxford/AstraZeneca, Pfizer/BioNTech",6752810,6515567,13268377
2021-12-15,"Johnson&Johnson, Moderna, Oxford/AstraZeneca, Pfizer/BioNTech",6758820,6528999,13287819
2021-12-16,"Johnson&Johnson, Moderna, Oxford/AstraZeneca, Pfizer/BioNTech",6764791,6543003,13307794
