date,vaccine,people_vaccinated,people_fully_vaccinated,total_vaccinations
2020-12-27,Pfizer/BioNTech,1275,0,1275
2020-12-28,Pfizer/BioNTech,3575,0,3575
2020-12-29,Pfizer/BioNTech,7031,0,7031
2020-12-30,Pfizer/BioNTech,10525,0,10525
2020-12-31,Pfizer/BioNTech,11830,0,11830
2021-01-01,"Moderna, Pfizer/BioNTech",12095,0,12095
2021-01-02,Pfizer/BioNTech,13368,0,13368
2021-01-03,Pfizer/BioNTech,14288,0,14288
2021-01-04,"Moderna, Pfizer/BioNTech",17883,0,17883
2021-01-05,"Moderna, Pfizer/BioNTech",22387,0,22387
2021-01-06,Pfizer/BioNTech,28225,0,28225
2021-01-07,Pfizer/BioNTech,36189,0,36189
2021-01-08,Pfizer/BioNTech,46163,0,46163
2021-01-09,Pfizer/BioNTech,48181,0,48181
2021-01-10,Pfizer/BioNTech,49939,2,49941
2021-01-11,Pfizer/BioNTech,59756,4,59760
2021-01-12,Pfizer/BioNTech,73156,6,73162
2021-01-13,Pfizer/BioNTech,86653,6,86659
2021-01-14,"Moderna, Pfizer/BioNTech",101844,8,101852
2021-01-15,"Moderna, Pfizer/BioNTech",115807,8,115815
2021-01-16,"Moderna, Pfizer/BioNTech",119185,10,119195
2021-01-17,"Moderna, Pfizer/BioNTech",121788,651,122439
2021-01-18,"Moderna, Pfizer/BioNTech",134255,2473,136728
2021-01-19,"Moderna, Pfizer/BioNTech",146806,5185,151991
2021-01-20,"Moderna, Pfizer/BioNTech",160434,7829,168263
2021-01-21,"Moderna, Pfizer/BioNTech",176034,9560,185594
2021-01-22,"Moderna, Pfizer/BioNTech",190850,10603,201453
2021-01-23,"Moderna, Pfizer/BioNTech",194144,11474,205618
2021-01-24,"Moderna, Pfizer/BioNTech",196387,12343,208730
2021-01-25,"Moderna, Pfizer/BioNTech",206002,15314,221316
2021-01-26,"Moderna, Pfizer/BioNTech",216513,19284,235797
2021-01-27,"Moderna, Pfizer/BioNTech",225519,23797,249316
2021-01-28,"Moderna, Pfizer/BioNTech",232580,29906,262486
2021-01-29,"Moderna, Pfizer/BioNTech",238775,37779,276554
2021-01-30,"Moderna, Pfizer/BioNTech",239506,38866,278372
2021-01-31,"Moderna, Pfizer/BioNTech",240212,40044,280256
2021-02-01,"Moderna, Pfizer/BioNTech",244170,47964,292134
2021-02-02,"Moderna, Pfizer/BioNTech",248296,58174,306470
2021-02-03,"Moderna, Pfizer/BioNTech",252696,69150,321846
2021-02-04,"Moderna, Pfizer/BioNTech",257585,82101,339686
2021-02-05,"Moderna, Pfizer/BioNTech",263027,92741,355768
2021-02-06,"Moderna, Pfizer/BioNTech",263868,95088,358956
2021-02-07,"Moderna, Pfizer/BioNTech",264716,97574,362290
2021-02-08,"Moderna, Oxford/AstraZeneca, Pfizer/BioNTech",268762,108949,377711
2021-02-09,"Moderna, Oxford/AstraZeneca, Pfizer/BioNTech",273835,120859,394694
2021-02-10,"Moderna, Pfizer/BioNTech",279317,134055,413372
2021-02-11,"Moderna, Oxford/AstraZeneca, Pfizer/BioNTech",285610,150219,435829
2021-02-12,"Moderna, Oxford/AstraZeneca, Pfizer/BioNTech",292339,164892,457231
2021-02-13,"Moderna, Oxford/AstraZeneca, Pfizer/BioNTech",293925,167870,461795
2021-02-14,"Moderna, Oxford/AstraZeneca, Pfizer/BioNTech",294916,169244,464160
2021-02-15,"Moderna, Oxford/AstraZeneca, Pfizer/BioNTech",301301,178571,479872
2021-02-16,"Moderna, Oxford/AstraZeneca, Pfizer/BioNTech",309999,187614,497613
2021-02-17,"Moderna, Oxford/AstraZeneca, Pfizer/BioNTech",319677,195887,515564
2021-02-18,"Moderna, Oxford/AstraZeneca, Pfizer/BioNTech",331965,203918,535883
2021-02-19,"Moderna, Oxford/AstraZeneca, Pfizer/BioNTech",343798,211228,555026
2021-02-20,"Moderna, Oxford/AstraZeneca, Pfizer/BioNTech",345772,212399,558171
2021-02-21,"Moderna, Oxford/AstraZeneca, Pfizer/BioNTech",346879,213412,560291
2021-02-22,"Moderna, Oxford/AstraZeneca, Pfizer/BioNTech",356976,219412,576388
2021-02-23,"Moderna, Oxford/AstraZeneca, Pfizer/BioNTech",369880,226359,596239
2021-02-24,"Moderna, Oxford/AstraZeneca, Pfizer/BioNTech",383722,232365,616087
2021-02-25,"Moderna, Oxford/AstraZeneca, Pfizer/BioNTech",401668,237894,639562
2021-02-26,"Moderna, Oxford/AstraZeneca, Pfizer/BioNTech",417802,243215,661017
2021-02-27,"Moderna, Oxford/AstraZeneca, Pfizer/BioNTech",420804,243765,664569
2021-02-28,"Moderna, Oxford/AstraZeneca, Pfizer/BioNTech",423146,244310,667456
2021-03-01,"Moderna, Oxford/AstraZeneca, Pfizer/BioNTech",442647,247724,690371
2021-03-02,"Moderna, Oxford/AstraZeneca, Pfizer/BioNTech",469819,251255,721074
2021-03-03,"Moderna, Oxford/AstraZeneca, Pfizer/BioNTech",500589,255739,756328
2021-03-04,"Moderna, Oxford/AstraZeneca, Pfizer/BioNTech",533741,260399,794140
2021-03-05,"Johnson&Johnson, Moderna, Oxford/AstraZeneca, Pfizer/BioNTech",562469,265785,828254
2021-03-06,"Johnson&Johnson, Moderna, Oxford/AstraZeneca, Pfizer/BioNTech",574572,266627,841199
2021-03-07,"Johnson&Johnson, Moderna, Oxford/AstraZeneca, Pfizer/BioNTech",585972,267459,853431
2021-03-08,"Johnson&Johnson, Moderna, Oxford/AstraZeneca, Pfizer/BioNTech",615585,272277,887862
2021-03-09,"Johnson&Johnson, Moderna, Oxford/AstraZeneca, Pfizer/BioNTech",651767,278630,930397
2021-03-10,"Moderna, Oxford/AstraZeneca, Pfizer/BioNTech",692912,285564,978476
2021-03-11,"Johnson&Johnson, Moderna, Oxford/AstraZeneca, Pfizer/BioNTech",737589,293909,1031498
2021-03-12,"Moderna, Oxford/AstraZeneca, Pfizer/BioNTech",776227,302351,1078578
2021-03-13,"Moderna, Oxford/AstraZeneca, Pfizer/BioNTech",793263,303636,1096899
2021-03-14,"Moderna, Oxford/AstraZeneca, Pfizer/BioNTech",805342,304770,1110112
2021-03-15,"Moderna, Oxford/AstraZeneca, Pfizer/BioNTech",833627,313530,1147157
2021-03-16,"Johnson&Johnson, Moderna, Oxford/AstraZeneca, Pfizer/BioNTech",872433,324031,1196464
2021-03-17,"Moderna, Oxford/AstraZeneca, Pfizer/BioNTech",909840,334501,1244341
2021-03-18,"Johnson&Johnson, Moderna, Oxford/AstraZeneca, Pfizer/BioNTech",947694,346883,1294577
2021-03-19,"Moderna, Oxford/AstraZeneca, Pfizer/BioNTech",982038,360462,1342500
2021-03-20,"Johnson&Johnson, Moderna, Oxford/AstraZeneca, Pfizer/BioNTech",997137,362476,1359613
2021-03-21,"Johnson&Johnson, Moderna, Oxford/AstraZeneca, Pfizer/BioNTech",1004522,364019,1368541
2021-03-22,"Johnson&Johnson, Moderna, Oxford/AstraZeneca, Pfizer/BioNTech",1028932,376477,1405409
2021-03-23,"Johnson&Johnson, Moderna, Oxford/AstraZeneca, Pfizer/BioNTech",1055448,389793,1445241
2021-03-24,"Johnson&Johnson, Moderna, Oxford/AstraZeneca, Pfizer/BioNTech",1082251,405486,1487737
2021-03-25,"Moderna, Oxford/AstraZeneca, Pfizer/BioNTech",1108520,423301,1531821
2021-03-26,"Moderna, Oxford/AstraZeneca, Pfizer/BioNTech",1133258,440758,1574016
2021-03-27,"Johnson&Johnson, Moderna, Oxford/AstraZeneca, Pfizer/BioNTech",1141666,445586,1587252
2021-03-28,"Moderna, Oxford/AstraZeneca, Pfizer/BioNTech",1147198,449716,1596914
2021-03-29,"Johnson&Johnson, Moderna, Oxford/AstraZeneca, Pfizer/BioNTech",1166220,470364,1636584
2021-03-30,"Moderna, Oxford/AstraZeneca, Pfizer/BioNTech",1190831,492477,1683308
2021-03-31,"Johnson&Johnson, Moderna, Oxford/AstraZeneca, Pfizer/BioNTech",1213841,519483,1733324
2021-04-01,"Johnson&Johnson, Moderna, Oxford/AstraZeneca, Pfizer/BioNTech",1239371,551414,1790785
2021-04-02,"Johnson&Johnson, Moderna, Oxford/AstraZeneca, Pfizer/BioNTech",1246228,564184,1810412
2021-04-03,"Johnson&Johnson, Moderna, Oxford/AstraZeneca, Pfizer/BioNTech",1249810,575085,1824895
2021-04-04,"Johnson&Johnson, Moderna, Oxford/AstraZeneca, Pfizer/BioNTech",1252280,583879,1836159
2021-04-05,"Johnson&Johnson, Moderna, Oxford/AstraZeneca, Pfizer/BioNTech",1254630,591042,1845672
2021-04-06,"Johnson&Johnson, Moderna, Oxford/AstraZeneca, Pfizer/BioNTech",1270686,620227,1890913
2021-04-07,"Johnson&Johnson, Moderna, Oxford/AstraZeneca, Pfizer/BioNTech",1294012,642345,1936357
2021-04-08,"Johnson&Johnson, Moderna, Oxford/AstraZeneca, Pfizer/BioNTech",1332495,673210,2005705
2021-04-09,"Johnson&Johnson, Moderna, Oxford/AstraZeneca, Pfizer/BioNTech",1371727,703216,2074943
2021-04-10,"Johnson&Johnson, Moderna, Oxford/AstraZeneca, Pfizer/BioNTech",1387103,718486,2105589
2021-04-11,"Johnson&Johnson, Moderna, Oxford/AstraZeneca, Pfizer/BioNTech",1396824,728495,2125319
2021-04-12,"Johnson&Johnson, Moderna, Oxford/AstraZeneca, Pfizer/BioNTech",1434881,753468,2188349
2021-04-13,"Moderna, Oxford/AstraZeneca, Pfizer/BioNTech",1470965,779378,2250343
2021-04-14,"Moderna, Oxford/AstraZeneca, Pfizer/BioNTech",1509658,806686,2316344
2021-04-15,"Moderna, Oxford/AstraZeneca, Pfizer/BioNTech",1557341,832355,2389696
2021-04-16,"Moderna, Oxford/AstraZeneca, Pfizer/BioNTech",1601870,857938,2459808
2021-04-17,"Moderna, Oxford/AstraZeneca, Pfizer/BioNTech",1618481,866940,2485421
2021-04-18,"Moderna, Oxford/AstraZeneca, Pfizer/BioNTech",1631412,871907,2503319
2021-04-19,"Moderna, Oxford/AstraZeneca, Pfizer/BioNTech",1675292,887290,2562582
2021-04-20,"Johnson&Johnson, Moderna, Oxford/AstraZeneca, Pfizer/BioNTech",1717387,903095,2620482
2021-04-21,"Moderna, Oxford/AstraZeneca, Pfizer/BioNTech",1765060,917347,2682407
2021-04-22,"Johnson&Johnson, Moderna, Oxford/AstraZeneca, Pfizer/BioNTech",1819483,934683,2754166
2021-04-23,"Johnson&Johnson, Moderna, Oxford/AstraZeneca, Pfizer/BioNTech",1869394,946659,2816053
2021-04-24,"Johnson&Johnson, Moderna, Oxford/AstraZeneca, Pfizer/BioNTech",1887189,951877,2839066
2021-04-25,"Johnson&Johnson, Moderna, Oxford/AstraZeneca, Pfizer/BioNTech",1901847,955866,2857713
2021-04-26,"Johnson&Johnson, Moderna, Oxford/AstraZeneca, Pfizer/BioNTech",1951396,963387,2914783
2021-04-27,"Johnson&Johnson, Moderna, Oxford/AstraZeneca, Pfizer/BioNTech",2000317,975542,2975859
2021-04-28,"Johnson&Johnson, Moderna, Oxford/AstraZeneca, Pfizer/BioNTech",2059024,989480,3048504
2021-04-29,"Johnson&Johnson, Moderna, Oxford/AstraZeneca, Pfizer/BioNTech",2124522,1005287,3129809
2021-04-30,"Johnson&Johnson, Moderna, Oxford/AstraZeneca, Pfizer/BioNTech",2186677,1015186,3201863
2021-05-01,"Johnson&Johnson, Moderna, Oxford/AstraZeneca, Pfizer/BioNTech",2205960,1018594,3224554
2021-05-02,"Johnson&Johnson, Moderna, Oxford/AstraZeneca, Pfizer/BioNTech",2224842,1020836,3245678
2021-05-03,"Johnson&Johnson, Moderna, Oxford/AstraZeneca, Pfizer/BioNTech",2292041,1025867,3317908
2021-05-04,"Johnson&Johnson, Moderna, Oxford/AstraZeneca, Pfizer/BioNTech",2358454,1034132,3392586
2021-05-05,"Johnson&Johnson, Moderna, Oxford/AstraZeneca, Pfizer/BioNTech",2431555,1043467,3475022
2021-05-06,"Johnson&Johnson, Moderna, Oxford/AstraZeneca, Pfizer/BioNTech",2511892,1054075,3565967
2021-05-07,"Johnson&Johnson, Moderna, Oxford/AstraZeneca, Pfizer/BioNTech",2589124,1064066,3653190
2021-05-08,"Johnson&Johnson, Moderna, Oxford/AstraZeneca, Pfizer/BioNTech",2618514,1065784,3684298
2021-05-09,"Johnson&Johnson, Moderna, Oxford/AstraZeneca, Pfizer/BioNTech",2642671,1066972,3709643
2021-05-10,"Johnson&Johnson, Moderna, Oxford/AstraZeneca, Pfizer/BioNTech",2715368,1074103,3789471
2021-05-11,"Johnson&Johnson, Moderna, Oxford/AstraZeneca, Pfizer/BioNTech",2791418,1082855,3874273
2021-05-12,"Johnson&Johnson, Moderna, Oxford/AstraZeneca, Pfizer/BioNTech",2871216,1091872,3963088
2021-05-13,"Johnson&Johnson, Moderna, Oxford/AstraZeneca, Pfizer/BioNTech",2955185,1100975,4056160
2021-05-14,"Johnson&Johnson, Moderna, Oxford/AstraZeneca, Pfizer/BioNTech",3034540,1108697,4143237
2021-05-15,"Johnson&Johnson, Moderna, Oxford/AstraZeneca, Pfizer/BioNTech",3066365,1110872,4177237
2021-05-16,"Johnson&Johnson, Moderna, Oxford/AstraZeneca, Pfizer/BioNTech",3092103,1112082,4204185
2021-05-17,"Johnson&Johnson, Moderna, Oxford/AstraZeneca, Pfizer/BioNTech",3164571,1118749,4283320
2021-05-18,"Johnson&Johnson, Moderna, Oxford/AstraZeneca, Pfizer/BioNTech",3236465,1131708,4368173
2021-05-19,"Johnson&Johnson, Moderna, Oxford/AstraZeneca, Pfizer/BioNTech",3313875,1146759,4460634
2021-05-20,"Johnson&Johnson, Moderna, Oxford/AstraZeneca, Pfizer/BioNTech",3389265,1173664,4562929
2021-05-21,"Johnson&Johnson, Moderna, Oxford/AstraZeneca, Pfizer/BioNTech",3458001,1201288,4659289
2021-05-22,"Johnson&Johnson, Moderna, Oxford/AstraZeneca, Pfizer/BioNTech",3490317,1212358,4702675
2021-05-23,"Johnson&Johnson, Moderna, Oxford/AstraZeneca, Pfizer/BioNTech",3512613,1221319,4733932
2021-05-24,"Johnson&Johnson, Moderna, Oxford/AstraZeneca, Pfizer/BioNTech",3559672,1254805,4814477
2021-05-25,"Johnson&Johnson, Moderna, Oxford/AstraZeneca, Pfizer/BioNTech",3611471,1290457,4901928
2021-05-26,"Johnson&Johnson, Moderna, Oxford/AstraZeneca, Pfizer/BioNTech",3679157,1327855,5007012
2021-05-27,"Johnson&Johnson, Moderna, Oxford/AstraZeneca, Pfizer/BioNTech",3740486,1375087,5115573
2021-05-28,"Johnson&Johnson, Moderna, Oxford/AstraZeneca, Pfizer/BioNTech",3802132,1421499,5223631
2021-05-29,"Johnson&Johnson, Moderna, Oxford/AstraZeneca, Pfizer/BioNTech",3831269,1438544,5269813
2021-05-30,"Johnson&Johnson, Moderna, Oxford/AstraZeneca, Pfizer/BioNTech",3853598,1452926,5306524
2021-05-31,"Johnson&Johnson, Moderna, Oxford/AstraZeneca, Pfizer/BioNTech",3909285,1500293,5409578
2021-06-01,"Johnson&Johnson, Moderna, Oxford/AstraZeneca, Pfizer/BioNTech",3968278,1548613,5516891
2021-06-02,"Johnson&Johnson, Moderna, Oxford/AstraZeneca, Pfizer/BioNTech",4031113,1602492,5633605
2021-06-03,"Johnson&Johnson, Moderna, Oxford/AstraZeneca, Pfizer/BioNTech",4089313,1662597,5751910
2021-06-04,"Johnson&Johnson, Moderna, Oxford/AstraZeneca, Pfizer/BioNTech",4152367,1719889,5872256
2021-06-05,"Johnson&Johnson, Moderna, Oxford/AstraZeneca, Pfizer/BioNTech",4186491,1738648,5925139
2021-06-06,"Johnson&Johnson, Moderna, Oxford/AstraZeneca, Pfizer/BioNTech",4213388,1753712,5967100
2021-06-07,"Johnson&Johnson, Moderna, Oxford/AstraZeneca, Pfizer/BioNTech",4277036,1809251,6086287
2021-06-08,"Johnson&Johnson, Moderna, Oxford/AstraZeneca, Pfizer/BioNTech",4340979,1864131,6205110
2021-06-09,"Johnson&Johnson, Moderna, Oxford/AstraZeneca, Pfizer/BioNTech",4400101,1928445,6328546
2021-06-10,"Johnson&Johnson, Moderna, Oxford/AstraZeneca, Pfizer/BioNTech",4453906,1999413,6453319
2021-06-11,"Johnson&Johnson, Moderna, Oxford/AstraZeneca, Pfizer/BioNTech",4505970,2068998,6574968
2021-06-12,"Johnson&Johnson, Moderna, Oxford/AstraZeneca, Pfizer/BioNTech",4537938,2089714,6627652
2021-06-13,"Johnson&Johnson, Moderna, Oxford/AstraZeneca, Pfizer/BioNTech",4561931,2108052,6669983
2021-06-14,"Johnson&Johnson, Moderna, Oxford/AstraZeneca, Pfizer/BioNTech",4604888,2182293,6787181
2021-06-15,"Johnson&Johnson, Moderna, Oxford/AstraZeneca, Pfizer/BioNTech",4649490,2254487,6903977
2021-06-16,"Johnson&Johnson, Moderna, Oxford/AstraZeneca, Pfizer/BioNTech",4692191,2332557,7024748
2021-06-17,"Johnson&Johnson, Moderna, Oxford/AstraZeneca, Pfizer/BioNTech",4731543,2415489,7147032
2021-06-18,"Johnson&Johnson, Moderna, Oxford/AstraZeneca, Pfizer/BioNTech",4773890,2495836,7269726
2021-06-19,"Johnson&Johnson, Moderna, Oxford/AstraZeneca, Pfizer/BioNTech",4795607,2525040,7320647
2021-06-20,"Johnson&Johnson, Moderna, Oxford/AstraZeneca, Pfizer/BioNTech",4812960,2548783,7361743
2021-06-21,"Johnson&Johnson, Moderna, Oxford/AstraZeneca, Pfizer/BioNTech",4845441,2627206,7472647
2021-06-22,"Johnson&Johnson, Moderna, Oxford/AstraZeneca, Pfizer/BioNTech",4878372,2709313,7587685
2021-06-23,"Johnson&Johnson, Moderna, Oxford/AstraZeneca, Pfizer/BioNTech",4909992,2794402,7704394
2021-06-24,"Johnson&Johnson, Moderna, Oxford/AstraZeneca, Pfizer/BioNTech",4939802,2884311,7824113
2021-06-25,"Johnson&Johnson, Moderna, Oxford/AstraZeneca, Pfizer/BioNTech",4970812,2970280,7941092
2021-06-26,"Johnson&Johnson, Moderna, Oxford/AstraZeneca, Pfizer/BioNTech",4986648,3004998,7991646
2021-06-27,"Johnson&Johnson, Moderna, Oxford/AstraZeneca, Pfizer/BioNTech",5000584,3031561,8032145
2021-06-28,"Johnson&Johnson, Moderna, Oxford/AstraZeneca, Pfizer/BioNTech",5028974,3116619,8145593
2021-06-29,"Johnson&Johnson, Moderna, Oxford/AstraZeneca, Pfizer/BioNTech",5058198,3202971,8261169
2021-06-30,"Johnson&Johnson, Moderna, Oxford/AstraZeneca, Pfizer/BioNTech",5085680,3293788,8379468
2021-07-01,"Johnson&Johnson, Moderna, Oxford/AstraZeneca, Pfizer/BioNTech",5109602,3383661,8493263
2021-07-02,"Johnson&Johnson, Moderna, Oxford/AstraZeneca, Pfizer/BioNTech",5136284,3469324,8605608
2021-07-03,"Johnson&Johnson, Moderna, Oxford/AstraZeneca, Pfizer/BioNTech",5143348,3500755,8644103
2021-07-04,"Johnson&Johnson, Moderna, Oxford/AstraZeneca, Pfizer/BioNTech",5150876,3522500,8673376
2021-07-05,"Johnson&Johnson, Moderna, Oxford/AstraZeneca, Pfizer/BioNTech",5158210,3547791,8706001
2021-07-06,"Johnson&Johnson, Moderna, Oxford/AstraZeneca, Pfizer/BioNTech",5163589,3575332,8738921
2021-07-07,"Johnson&Johnson, Moderna, Oxford/AstraZeneca, Pfizer/BioNTech",5189344,3654159,8843503
2021-07-08,"Johnson&Johnson, Moderna, Oxford/AstraZeneca, Pfizer/BioNTech",5215880,3724350,8940230
2021-07-09,"Johnson&Johnson, Moderna, Oxford/AstraZeneca, Pfizer/BioNTech",5243701,3793482,9037183
2021-07-10,"Johnson&Johnson, Moderna, Oxford/AstraZeneca, Pfizer/BioNTech",5253015,3822025,9075040
2021-07-11,"Johnson&Johnson, Moderna, Oxford/AstraZeneca, Pfizer/BioNTech",5261517,3844849,9106366
2021-07-12,"Johnson&Johnson, Moderna, Oxford/AstraZeneca, Pfizer/BioNTech",5289011,3913839,9202850
2021-07-13,"Johnson&Johnson, Moderna, Oxford/AstraZeneca, Pfizer/BioNTech",5315170,3983598,9298768
2021-07-14,"Johnson&Johnson, Moderna, Oxford/AstraZeneca, Pfizer/BioNTech",5340981,4055494,9396475
2021-07-15,"Johnson&Johnson, Moderna, Oxford/AstraZeneca, Pfizer/BioNTech",5370165,4121376,9491541
2021-07-16,"Johnson&Johnson, Moderna, Oxford/AstraZeneca, Pfizer/BioNTech",5398043,4193948,9591991
2021-07-17,"Johnson&Johnson, Moderna, Oxford/AstraZeneca, Pfizer/BioNTech",5406777,4225317,9632094
2021-07-18,"Johnson&Johnson, Moderna, Oxford/AstraZeneca, Pfizer/BioNTech",5415191,4251268,9666459
2021-07-19,"Johnson&Johnson, Moderna, Oxford/AstraZeneca, Pfizer/BioNTech",5438492,4318186,9756678
2021-07-20,"Johnson&Johnson, Moderna, Oxford/AstraZeneca, Pfizer/BioNTech",5459823,4385117,9844940
2021-07-21,"Johnson&Johnson, Moderna, Oxford/AstraZeneca, Pfizer/BioNTech",5483184,4448445,9931629
2021-07-22,"Johnson&Johnson, Moderna, Oxford/AstraZeneca, Pfizer/BioNTech",5505457,4506934,10012391
2021-07-23,"Johnson&Johnson, Moderna, Oxford/AstraZeneca, Pfizer/BioNTech",5528568,4561534,10090102
2021-07-24,"Johnson&Johnson, Moderna, Oxford/AstraZeneca, Pfizer/BioNTech",5535852,4589105,10124957
2021-07-25,"Johnson&Johnson, Moderna, Oxford/AstraZeneca, Pfizer/BioNTech",5542436,4611081,10153517
2021-07-26,"Johnson&Johnson, Moderna, Oxford/AstraZeneca, Pfizer/BioNTech",5565904,4659525,10225429
2021-07-27,"Johnson&Johnson, Moderna, Oxford/AstraZeneca, Pfizer/BioNTech",5588523,4706028,10294551
2021-07-28,"Johnson&Johnson, Moderna, Oxford/AstraZeneca, Pfizer/BioNTech",5609662,4751876,10361538
2021-07-29,"Johnson&Johnson, Moderna, Oxford/AstraZeneca, Pfizer/BioNTech",5630832,4793693,10424525
2021-07-30,"Johnson&Johnson, Moderna, Oxford/AstraZeneca, Pfizer/BioNTech",5654026,4836121,10490147
2021-07-31,"Johnson&Johnson, Moderna, Oxford/AstraZeneca, Pfizer/BioNTech",5662924,4855588,10518512
2021-08-01,"Johnson&Johnson, Moderna, Oxford/AstraZeneca, Pfizer/BioNTech",5669608,4871703,10541311
2021-08-02,"Johnson&Johnson, Moderna, Oxford/AstraZeneca, Pfizer/BioNTech",5688150,4909142,10597292
2021-08-03,"Johnson&Johnson, Moderna, Oxford/AstraZeneca, Pfizer/BioNTech",5705701,4947140,10652841
2021-08-04,"Johnson&Johnson, Moderna, Oxford/AstraZeneca, Pfizer/BioNTech",5721696,4983756,10705452
2021-08-05,"Johnson&Johnson, Moderna, Oxford/AstraZeneca, Pfizer/BioNTech",5737498,5024108,10761606
2021-08-06,"Johnson&Johnson, Moderna, Oxford/AstraZeneca, Pfizer/BioNTech",5754101,5067250,10821351
2021-08-07,"Johnson&Johnson, Moderna, Oxford/AstraZeneca, Pfizer/BioNTech",5759622,5085345,10844967
2021-08-08,"Johnson&Johnson, Moderna, Oxford/AstraZeneca, Pfizer/BioNTech",5763803,5101031,10864834
2021-08-09,"Johnson&Johnson, Moderna, Oxford/AstraZeneca, Pfizer/BioNTech",5776222,5145987,10922209
2021-08-10,"Johnson&Johnson, Moderna, Oxford/AstraZeneca, Pfizer/BioNTech",5787907,5185431,10973338
2021-08-11,"Johnson&Johnson, Moderna, Oxford/AstraZeneca, Pfizer/BioNTech",5799126,5228446,11027572
2021-08-12,"Johnson&Johnson, Moderna, Oxford/AstraZeneca, Pfizer/BioNTech",5810396,5265425,11075821
2021-08-13,"Johnson&Johnson, Moderna, Oxford/AstraZeneca, Pfizer/BioNTech",5820969,5305607,11126576
2021-08-14,"Johnson&Johnson, Moderna, Oxford/AstraZeneca, Pfizer/BioNTech",5824287,5316257,11140544
2021-08-15,"Johnson&Johnson, Moderna, Oxford/AstraZeneca, Pfizer/BioNTech",5826845,5326597,11153442
2021-08-16,"Johnson&Johnson, Moderna, Oxford/AstraZeneca, Pfizer/BioNTech",5836559,5360557,11197116
2021-08-17,"Johnson&Johnson, Moderna, Oxford/AstraZeneca, Pfizer/BioNTech",5846012,5387507,11233519
2021-08-18,"Johnson&Johnson, Moderna, Oxford/AstraZeneca, Pfizer/BioNTech",5855287,5426208,11281495
2021-08-19,"Johnson&Johnson, Moderna, Oxford/AstraZeneca, Pfizer/BioNTech",5864835,5464441,11329276
2021-08-20,"Johnson&Johnson, Moderna, Oxford/AstraZeneca, Pfizer/BioNTech",5876017,5504503,11380520
2021-08-21,"Johnson&Johnson, Moderna, Oxford/AstraZeneca, Pfizer/BioNTech",5878693,5517219,11395912
2021-08-22,"Johnson&Johnson, Moderna, Oxford/AstraZeneca, Pfizer/BioNTech",5881007,5529151,11410158
2021-08-23,"Johnson&Johnson, Moderna, Oxford/AstraZeneca, Pfizer/BioNTech",5891378,5568225,11459603
2021-08-24,"Johnson&Johnson, Moderna, Oxford/AstraZeneca, Pfizer/BioNTech",5901107,5601334,11502441
2021-08-25,"Johnson&Johnson, Moderna, Oxford/AstraZeneca, Pfizer/BioNTech",5909742,5629386,11539128
2021-08-26,"Johnson&Johnson, Moderna, Oxford/AstraZeneca, Pfizer/BioNTech",5918004,5655205,11573209
2021-08-27,"Johnson&Johnson, Moderna, Oxford/AstraZeneca, Pfizer/BioNTech",5928109,5680871,11608980
2021-08-28,"Johnson&Johnson, Moderna, Oxford/AstraZeneca, Pfizer/BioNTech",5930754,5687809,11618563
2021-08-29,"Johnson&Johnson, Moderna, Oxford/AstraZeneca, Pfizer/BioNTech",5933044,5694182,11627226
2021-08-30,"Johnson&Johnson, Moderna, Oxford/AstraZeneca, Pfizer/BioNTech",5941356,5715690,11657046
2021-08-31,"Johnson&Johnson, Moderna, Oxford/AstraZeneca, Pfizer/BioNTech",5948806,5733507,11682313
2021-09-01,"Johnson&Johnson, Moderna, Oxford/AstraZeneca, Pfizer/BioNTech",5954467,5747242,11701709
2021-09-02,"Johnson&Johnson, Moderna, Oxford/AstraZeneca, Pfizer/BioNTech",5961025,5761183,11722208
2021-09-03,"Johnson&Johnson, Moderna, Oxford/AstraZeneca, Pfizer/BioNTech",5970194,5776595,11746789
2021-09-04,"Johnson&Johnson, Moderna, Oxford/AstraZeneca, Pfizer/BioNTech",5972109,5780036,11752145
2021-09-05,"Johnson&Johnson, Moderna, Pfizer/BioNTech",5973941,5782738,11756679
2021-09-06,"Johnson&Johnson, Moderna, Oxford/AstraZeneca, Pfizer/BioNTech",5979639,5794848,11774487
2021-09-07,"Johnson&Johnson, Moderna, Oxford/AstraZeneca, Pfizer/BioNTech",5983330,5805034,11788364
