date,vaccine,people_vaccinated,people_fully_vaccinated,total_vaccinations
2020-12-27,Pfizer/BioNTech,1286,0,1286
2020-12-28,Pfizer/BioNTech,3589,0,3589
2020-12-29,Pfizer/BioNTech,7060,1,7061
2020-12-30,Pfizer/BioNTech,10576,1,10577
2020-12-31,Pfizer/BioNTech,11889,1,11890
2021-01-01,"Moderna, Pfizer/BioNTech",12160,1,12161
2021-01-02,"Moderna, Pfizer/BioNTech",13446,2,13448
2021-01-03,"Moderna, Pfizer/BioNTech",14373,2,14375
2021-01-04,"Moderna, Pfizer/BioNTech",17982,3,17985
2021-01-05,"Moderna, Pfizer/BioNTech",22507,4,22511
2021-01-06,"Moderna, Pfizer/BioNTech",28353,5,28358
2021-01-07,"Moderna, Pfizer/BioNTech",36352,5,36357
2021-01-08,"Moderna, Pfizer/BioNTech",46405,6,46411
2021-01-09,"Moderna, Pfizer/BioNTech",48431,8,48439
2021-01-10,Pfizer/BioNTech,50203,10,50213
2021-01-11,"Moderna, Pfizer/BioNTech",60060,12,60072
2021-01-12,"Moderna, Pfizer/BioNTech",73515,14,73529
2021-01-13,"Moderna, Pfizer/BioNTech",87061,15,87076
2021-01-14,"Moderna, Pfizer/BioNTech",102312,19,102331
2021-01-15,"Moderna, Pfizer/BioNTech",116332,20,116352
2021-01-16,"Moderna, Pfizer/BioNTech",119736,24,119760
2021-01-17,"Moderna, Pfizer/BioNTech",122356,660,123016
2021-01-18,"Moderna, Pfizer/BioNTech",134848,2486,137334
2021-01-19,"Moderna, Pfizer/BioNTech",147459,5215,152674
2021-01-20,"Moderna, Pfizer/BioNTech",161156,7880,169036
2021-01-21,"Moderna, Pfizer/BioNTech",176809,9623,186432
2021-01-22,"Moderna, Pfizer/BioNTech",191700,10668,202368
2021-01-23,"Moderna, Pfizer/BioNTech",195018,11548,206566
2021-01-24,"Moderna, Pfizer/BioNTech",197274,12419,209693
2021-01-25,"Moderna, Pfizer/BioNTech",206929,15388,222317
2021-01-26,"Moderna, Pfizer/BioNTech",217477,19379,236856
2021-01-27,"Moderna, Pfizer/BioNTech",226509,23914,250423
2021-01-28,"Moderna, Pfizer/BioNTech",233615,30048,263663
2021-01-29,"Indie/AstraZeneca, Moderna, Pfizer/BioNTech",239832,37958,277790
2021-01-30,"Moderna, Pfizer/BioNTech",240573,39046,279619
2021-01-31,"Moderna, Pfizer/BioNTech",241292,40228,281520
2021-02-01,"Moderna, Pfizer/BioNTech",245275,48197,293472
2021-02-02,"Moderna, Pfizer/BioNTech",249431,58437,307868
2021-02-03,"Moderna, Pfizer/BioNTech",253858,69457,323315
2021-02-04,"Moderna, Pfizer/BioNTech",258765,82448,341213
2021-02-05,"Moderna, Pfizer/BioNTech",264239,93122,357361
2021-02-06,"Moderna, Oxford/AstraZeneca, Pfizer/BioNTech",265096,95488,360584
2021-02-07,"Moderna, Oxford/AstraZeneca, Pfizer/BioNTech",265947,97988,363935
2021-02-08,"Moderna, Oxford/AstraZeneca, Pfizer/BioNTech",270040,109416,379456
2021-02-09,"Moderna, Oxford/AstraZeneca, Pfizer/BioNTech",275152,121329,396481
2021-02-10,"Moderna, Oxford/AstraZeneca, Pfizer/BioNTech",280671,134589,415260
2021-02-11,"Moderna, Oxford/AstraZeneca, Pfizer/BioNTech",287013,150809,437822
2021-02-12,"Moderna, Oxford/AstraZeneca, Pfizer/BioNTech",293841,165557,459398
2021-02-13,"Moderna, Oxford/AstraZeneca, Pfizer/BioNTech",295459,168544,464003
2021-02-14,"Moderna, Oxford/AstraZeneca, Pfizer/BioNTech",296465,169931,466396
2021-02-15,"Moderna, Oxford/AstraZeneca, Pfizer/BioNTech",302865,179302,482167
2021-02-16,"Moderna, Oxford/AstraZeneca, Pfizer/BioNTech",311586,188383,499969
2021-02-17,"Moderna, Oxford/AstraZeneca, Pfizer/BioNTech",321288,196695,517983
2021-02-18,"Moderna, Oxford/AstraZeneca, Pfizer/BioNTech",333617,204778,538395
2021-02-19,"Moderna, Oxford/AstraZeneca, Pfizer/BioNTech",345484,212155,557639
2021-02-20,"Moderna, Oxford/AstraZeneca, Pfizer/BioNTech",347494,213341,560835
2021-02-21,"Moderna, Oxford/AstraZeneca, Pfizer/BioNTech",348631,214367,562998
2021-02-22,"Moderna, Oxford/AstraZeneca, Pfizer/BioNTech",358755,220404,579159
2021-02-23,"Moderna, Oxford/AstraZeneca, Pfizer/BioNTech",371720,227396,599116
2021-02-24,"Moderna, Oxford/AstraZeneca, Pfizer/BioNTech",385603,233438,619041
2021-02-25,"Moderna, Oxford/AstraZeneca, Pfizer/BioNTech",403587,238989,642576
2021-02-26,"Moderna, Oxford/AstraZeneca, Pfizer/BioNTech",419767,244349,664116
2021-02-27,"Moderna, Oxford/AstraZeneca, Pfizer/BioNTech",422776,244908,667684
2021-02-28,"Moderna, Oxford/AstraZeneca, Pfizer/BioNTech",425134,245459,670593
2021-03-01,"Moderna, Oxford/AstraZeneca, Pfizer/BioNTech",444734,248908,693642
2021-03-02,"Indie/AstraZeneca, Moderna, Oxford/AstraZeneca, Pfizer/BioNTech",471963,252463,724426
2021-03-03,"Moderna, Oxford/AstraZeneca, Pfizer/BioNTech",502919,256975,759894
2021-03-04,"Moderna, Oxford/AstraZeneca, Pfizer/BioNTech",536204,261666,797870
2021-03-05,"Johnson&Johnson, Moderna, Oxford/AstraZeneca, Pfizer/BioNTech",565050,267095,832145
2021-03-06,"Johnson&Johnson, Moderna, Oxford/AstraZeneca, Pfizer/BioNTech",577210,267961,845171
2021-03-07,"Johnson&Johnson, Moderna, Oxford/AstraZeneca, Pfizer/BioNTech",588760,268804,857564
2021-03-08,"Johnson&Johnson, Moderna, Oxford/AstraZeneca, Pfizer/BioNTech",618509,273667,892176
2021-03-09,"Johnson&Johnson, Moderna, Oxford/AstraZeneca, Pfizer/BioNTech",654882,280055,934937
2021-03-10,"Johnson&Johnson, Moderna, Oxford/AstraZeneca, Pfizer/BioNTech",696215,287015,983230
2021-03-11,"Johnson&Johnson, Moderna, Oxford/AstraZeneca, Pfizer/BioNTech",741072,295390,1036462
2021-03-12,"Johnson&Johnson, Moderna, Oxford/AstraZeneca, Pfizer/BioNTech, Čína",779834,303891,1083725
2021-03-13,"Johnson&Johnson, Moderna, Oxford/AstraZeneca, Pfizer/BioNTech",796947,305207,1102154
2021-03-14,"Johnson&Johnson, Moderna, Oxford/AstraZeneca, Pfizer/BioNTech",809065,306364,1115429
2021-03-15,"Johnson&Johnson, Moderna, Oxford/AstraZeneca, Pfizer/BioNTech",837460,315144,1152604
2021-03-16,"Johnson&Johnson, Moderna, Oxford/AstraZeneca, Pfizer/BioNTech",876358,325681,1202039
2021-03-17,"Moderna, Oxford/AstraZeneca, Pfizer/BioNTech",913843,336196,1250039
2021-03-18,"Johnson&Johnson, Moderna, Oxford/AstraZeneca, Pfizer/BioNTech",951850,348622,1300472
2021-03-19,"Johnson&Johnson, Moderna, Oxford/AstraZeneca, Pfizer/BioNTech",986372,362236,1348608
2021-03-20,"Johnson&Johnson, Moderna, Oxford/AstraZeneca, Pfizer/BioNTech",1001556,364266,1365822
2021-03-21,"Johnson&Johnson, Moderna, Oxford/AstraZeneca, Pfizer/BioNTech",1009004,365826,1374830
2021-03-22,"Indie/AstraZeneca, Johnson&Johnson, Moderna, Oxford/AstraZeneca, Pfizer/BioNTech",1033580,378327,1411907
2021-03-23,"Johnson&Johnson, Moderna, Oxford/AstraZeneca, Pfizer/BioNTech",1060257,391694,1451951
2021-03-24,"Johnson&Johnson, Moderna, Oxford/AstraZeneca, Pfizer/BioNTech",1087154,407439,1494593
2021-03-25,"Indie/AstraZeneca, Johnson&Johnson, Moderna, Oxford/AstraZeneca, Pfizer/BioNTech",1113515,425294,1538809
2021-03-26,"Johnson&Johnson, Moderna, Oxford/AstraZeneca, Pfizer/BioNTech",1138357,442807,1581164
2021-03-27,"Johnson&Johnson, Moderna, Oxford/AstraZeneca, Pfizer/BioNTech, Čína",1146820,447654,1594474
2021-03-28,"Moderna, Oxford/AstraZeneca, Pfizer/BioNTech",1152368,451802,1604170
2021-03-29,"Johnson&Johnson, Moderna, Oxford/AstraZeneca, Pfizer/BioNTech",1171529,472536,1644065
2021-03-30,"Johnson&Johnson, Moderna, Oxford/AstraZeneca, Pfizer/BioNTech",1196238,494724,1690962
2021-03-31,"Johnson&Johnson, Moderna, Oxford/AstraZeneca, Pfizer/BioNTech",1219398,521793,1741191
2021-04-01,"Indie/AstraZeneca, Johnson&Johnson, Moderna, Oxford/AstraZeneca, Pfizer/BioNTech",1245089,553849,1798938
2021-04-02,"Indie/AstraZeneca, Johnson&Johnson, Moderna, Oxford/AstraZeneca, Pfizer/BioNTech",1252074,566645,1818719
2021-04-03,"Johnson&Johnson, Moderna, Oxford/AstraZeneca, Pfizer/BioNTech",1255729,577578,1833307
2021-04-04,"Johnson&Johnson, Moderna, Oxford/AstraZeneca, Pfizer/BioNTech",1258275,586503,1844778
2021-04-05,"Johnson&Johnson, Moderna, Oxford/AstraZeneca, Pfizer/BioNTech",1260708,593708,1854416
2021-04-06,"Indie/AstraZeneca, Johnson&Johnson, Moderna, Oxford/AstraZeneca, Pfizer/BioNTech, Čína",1276928,622984,1899912
2021-04-07,"Johnson&Johnson, Moderna, Oxford/AstraZeneca, Pfizer/BioNTech",1300430,645223,1945653
2021-04-08,"Johnson&Johnson, Moderna, Oxford/AstraZeneca, Pfizer/BioNTech",1339251,676271,2015522
2021-04-09,"Indie/AstraZeneca, Johnson&Johnson, Moderna, Oxford/AstraZeneca, Pfizer/BioNTech",1378851,706473,2085324
2021-04-10,"Johnson&Johnson, Moderna, Oxford/AstraZeneca, Pfizer/BioNTech",1394420,721787,2116207
2021-04-11,"Johnson&Johnson, Moderna, Oxford/AstraZeneca, Pfizer/BioNTech",1404215,731844,2136059
2021-04-12,"Johnson&Johnson, Moderna, Oxford/AstraZeneca, Pfizer/BioNTech",1442538,756989,2199527
2021-04-13,"Moderna, Oxford/AstraZeneca, Pfizer/BioNTech",1478846,783032,2261878
2021-04-14,"Moderna, Oxford/AstraZeneca, Pfizer/BioNTech",1517737,810411,2328148
2021-04-15,"Moderna, Oxford/AstraZeneca, Pfizer/BioNTech",1565573,836192,2401765
2021-04-16,"Moderna, Oxford/AstraZeneca, Pfizer/BioNTech",1610295,861873,2472168
2021-04-17,"Indie/AstraZeneca, Moderna, Oxford/AstraZeneca, Pfizer/BioNTech",1627023,870899,2497922
2021-04-18,"Moderna, Oxford/AstraZeneca, Pfizer/BioNTech",1640024,875885,2515909
2021-04-19,"Johnson&Johnson, Moderna, Oxford/AstraZeneca, Pfizer/BioNTech",1684000,891326,2575326
2021-04-20,"Johnson&Johnson, Moderna, Oxford/AstraZeneca, Pfizer/BioNTech",1726591,907216,2633807
2021-04-21,"Moderna, Oxford/AstraZeneca, Pfizer/BioNTech",1774357,921587,2695944
2021-04-22,"Johnson&Johnson, Moderna, Oxford/AstraZeneca, Pfizer/BioNTech",1828890,938986,2767876
2021-04-23,"Johnson&Johnson, Moderna, Oxford/AstraZeneca, Pfizer/BioNTech",1878901,951053,2829954
2021-04-24,"Johnson&Johnson, Moderna, Oxford/AstraZeneca, Pfizer/BioNTech, Čína",1896778,956323,2853101
2021-04-25,"Johnson&Johnson, Moderna, Oxford/AstraZeneca, Pfizer/BioNTech",1911491,960328,2871819
2021-04-26,"Johnson&Johnson, Moderna, Oxford/AstraZeneca, Pfizer/BioNTech",1961106,967898,2929004
2021-04-27,"Johnson&Johnson, Moderna, Oxford/AstraZeneca, Pfizer/BioNTech",2010097,980152,2990249
2021-04-28,"Johnson&Johnson, Moderna, Oxford/AstraZeneca, Pfizer/BioNTech",2068881,994175,3063056
2021-04-29,"Johnson&Johnson, Moderna, Oxford/AstraZeneca, Pfizer/BioNTech",2134502,1010097,3144599
2021-04-30,"Johnson&Johnson, Moderna, Oxford/AstraZeneca, Pfizer/BioNTech",2196794,1020093,3216887
2021-05-01,"Johnson&Johnson, Moderna, Oxford/AstraZeneca, Pfizer/BioNTech",2216188,1023559,3239747
2021-05-02,"Johnson&Johnson, Moderna, Oxford/AstraZeneca, Pfizer/BioNTech",2235140,1025850,3260990
2021-05-03,"Johnson&Johnson, Moderna, Oxford/AstraZeneca, Pfizer/BioNTech",2302417,1030935,3333352
2021-05-04,"Johnson&Johnson, Moderna, Oxford/AstraZeneca, Pfizer/BioNTech",2368978,1039310,3408288
2021-05-05,"Johnson&Johnson, Moderna, Oxford/AstraZeneca, Pfizer/BioNTech",2442190,1048758,3490948
2021-05-06,"Johnson&Johnson, Moderna, Oxford/AstraZeneca, Pfizer/BioNTech",2522630,1059512,3582142
2021-05-07,"Indie/AstraZeneca, Johnson&Johnson, Moderna, Oxford/AstraZeneca, Pfizer/BioNTech",2599970,1069658,3669628
2021-05-08,"Johnson&Johnson, Moderna, Oxford/AstraZeneca, Pfizer/BioNTech",2629515,1071452,3700967
2021-05-09,"Johnson&Johnson, Moderna, Oxford/AstraZeneca, Pfizer/BioNTech",2653759,1072675,3726434
2021-05-10,"Johnson&Johnson, Moderna, Oxford/AstraZeneca, Pfizer/BioNTech",2726560,1079922,3806482
2021-05-11,"Johnson&Johnson, Moderna, Oxford/AstraZeneca, Pfizer/BioNTech",2802715,1088758,3891473
2021-05-12,"Johnson&Johnson, Moderna, Oxford/AstraZeneca, Pfizer/BioNTech",2882659,1097905,3980564
2021-05-13,"Johnson&Johnson, Moderna, Oxford/AstraZeneca, Pfizer/BioNTech",2966716,1107096,4073812
2021-05-14,"Johnson&Johnson, Moderna, Oxford/AstraZeneca, Pfizer/BioNTech",3046273,1114924,4161197
2021-05-15,"Johnson&Johnson, Moderna, Oxford/AstraZeneca, Pfizer/BioNTech",3078238,1117211,4195449
2021-05-16,"Johnson&Johnson, Moderna, Oxford/AstraZeneca, Pfizer/BioNTech",3104054,1118498,4222552
2021-05-17,"Indie/AstraZeneca, Johnson&Johnson, Moderna, Oxford/AstraZeneca, Pfizer/BioNTech",3176596,1125257,4301853
2021-05-18,"Indie/AstraZeneca, Johnson&Johnson, Moderna, Oxford/AstraZeneca, Pfizer/BioNTech",3248590,1138384,4386974
2021-05-19,"Johnson&Johnson, Moderna, Oxford/AstraZeneca, Pfizer/BioNTech",3326093,1153559,4479652
2021-05-20,"Johnson&Johnson, Moderna, Oxford/AstraZeneca, Pfizer/BioNTech",3401594,1180631,4582225
2021-05-21,"Johnson&Johnson, Moderna, Oxford/AstraZeneca, Pfizer/BioNTech",3470458,1208443,4678901
2021-05-22,"Johnson&Johnson, Moderna, Oxford/AstraZeneca, Pfizer/BioNTech",3502933,1219688,4722621
2021-05-23,"Johnson&Johnson, Moderna, Oxford/AstraZeneca, Pfizer/BioNTech",3525384,1228730,4754114
2021-05-24,"Johnson&Johnson, Moderna, Oxford/AstraZeneca, Pfizer/BioNTech",3572605,1262412,4835017
2021-05-25,"Indie/AstraZeneca, Johnson&Johnson, Moderna, Oxford/AstraZeneca, Pfizer/BioNTech",3624531,1298259,4922790
2021-05-26,"Johnson&Johnson, Moderna, Oxford/AstraZeneca, Pfizer/BioNTech",3692303,1335824,5028127
2021-05-27,"Indie/AstraZeneca, Johnson&Johnson, Moderna, Oxford/AstraZeneca, Pfizer/BioNTech",3753744,1383192,5136936
2021-05-28,"Johnson&Johnson, Moderna, Oxford/AstraZeneca, Pfizer/BioNTech",3815496,1429810,5245306
2021-05-29,"Indie/AstraZeneca, Johnson&Johnson, Moderna, Oxford/AstraZeneca, Pfizer/BioNTech",3844774,1446959,5291733
2021-05-30,"Johnson&Johnson, Moderna, Oxford/AstraZeneca, Pfizer/BioNTech, Čína",3867196,1461432,5328628
2021-05-31,"Indie/AstraZeneca, Johnson&Johnson, Moderna, Oxford/AstraZeneca, Pfizer/BioNTech",3922945,1508972,5431917
2021-06-01,"Johnson&Johnson, Moderna, Oxford/AstraZeneca, Pfizer/BioNTech",3982070,1557867,5539937
2021-06-02,"Johnson&Johnson, Moderna, Oxford/AstraZeneca, Pfizer/BioNTech",4045053,1611903,5656956
2021-06-03,"Johnson&Johnson, Moderna, Oxford/AstraZeneca, Pfizer/BioNTech",4103321,1672154,5775475
2021-06-04,"Johnson&Johnson, Moderna, Oxford/AstraZeneca, Pfizer/BioNTech",4166471,1729588,5896059
2021-06-05,"Indie/AstraZeneca, Johnson&Johnson, Moderna, Oxford/AstraZeneca, Pfizer/BioNTech",4200668,1748523,5949191
2021-06-06,"Johnson&Johnson, Moderna, Oxford/AstraZeneca, Pfizer/BioNTech",4227631,1763703,5991334
2021-06-07,"Johnson&Johnson, Moderna, Oxford/AstraZeneca, Pfizer/BioNTech",4291328,1819357,6110685
2021-06-08,"Indie/AstraZeneca, Johnson&Johnson, Moderna, Oxford/AstraZeneca, Pfizer/BioNTech",4355348,1874386,6229734
2021-06-09,"Indie/AstraZeneca, Johnson&Johnson, Moderna, Oxford/AstraZeneca, Pfizer/BioNTech",4414575,1939088,6353663
2021-06-10,"Johnson&Johnson, Moderna, Oxford/AstraZeneca, Pfizer/BioNTech",4468442,2010414,6478856
2021-06-11,"Johnson&Johnson, Moderna, Oxford/AstraZeneca, Pfizer/BioNTech",4520572,2080278,6600850
2021-06-12,"Indie/AstraZeneca, Johnson&Johnson, Moderna, Oxford/AstraZeneca, Pfizer/BioNTech",4552608,2101142,6653750
2021-06-13,"Johnson&Johnson, Moderna, Oxford/AstraZeneca, Pfizer/BioNTech",4576652,2119589,6696241
2021-06-14,"Johnson&Johnson, Moderna, Oxford/AstraZeneca, Pfizer/BioNTech, Čína",4619755,2194007,6813762
2021-06-15,"Johnson&Johnson, Moderna, Oxford/AstraZeneca, Pfizer/BioNTech",4664449,2266425,6930874
2021-06-16,"Johnson&Johnson, Moderna, Oxford/AstraZeneca, Pfizer/BioNTech",4707282,2344681,7051963
2021-06-17,"Johnson&Johnson, Moderna, Oxford/AstraZeneca, Pfizer/BioNTech",4746722,2427808,7174530
2021-06-18,"Johnson&Johnson, Moderna, Oxford/AstraZeneca, Pfizer/BioNTech",4789176,2508419,7297595
2021-06-19,"Johnson&Johnson, Moderna, Oxford/AstraZeneca, Pfizer/BioNTech, Čína",4810982,2537775,7348757
2021-06-20,"Johnson&Johnson, Moderna, Oxford/AstraZeneca, Pfizer/BioNTech, Čína",4828398,2561663,7390061
2021-06-21,"Johnson&Johnson, Moderna, Oxford/AstraZeneca, Pfizer/BioNTech, Čína",4860917,2640302,7501219
2021-06-22,"Johnson&Johnson, Moderna, Oxford/AstraZeneca, Pfizer/BioNTech",4893905,2722653,7616558
2021-06-23,"Johnson&Johnson, Moderna, Oxford/AstraZeneca, Pfizer/BioNTech",4925637,2807927,7733564
2021-06-24,"Johnson&Johnson, Moderna, Oxford/AstraZeneca, Pfizer/BioNTech, Čína",4955518,2898018,7853536
2021-06-25,"Johnson&Johnson, Moderna, Oxford/AstraZeneca, Pfizer/BioNTech",4986619,2984283,7970902
2021-06-26,"Johnson&Johnson, Moderna, Oxford/AstraZeneca, Pfizer/BioNTech",5002527,3019181,8021708
2021-06-27,"Johnson&Johnson, Moderna, Oxford/AstraZeneca, Pfizer/BioNTech",5016492,3045910,8062402
2021-06-28,"Johnson&Johnson, Moderna, Oxford/AstraZeneca, Pfizer/BioNTech",5044924,3131155,8176079
2021-06-29,"Johnson&Johnson, Moderna, Oxford/AstraZeneca, Pfizer/BioNTech",5074223,3217730,8291953
2021-06-30,"Johnson&Johnson, Moderna, Oxford/AstraZeneca, Pfizer/BioNTech",5101739,3308806,8410545
2021-07-01,"Johnson&Johnson, Moderna, Oxford/AstraZeneca, Pfizer/BioNTech",5125760,3398934,8524694
2021-07-02,"Johnson&Johnson, Moderna, Oxford/AstraZeneca, Pfizer/BioNTech",5152519,3484897,8637416
2021-07-03,"Indie/AstraZeneca, Johnson&Johnson, Moderna, Oxford/AstraZeneca, Pfizer/BioNTech",5159634,3516478,8676112
2021-07-04,"Johnson&Johnson, Moderna, Oxford/AstraZeneca, Pfizer/BioNTech",5167233,3538310,8705543
2021-07-05,"Johnson&Johnson, Moderna, Oxford/AstraZeneca, Pfizer/BioNTech",5174664,3563732,8738396
2021-07-06,"Johnson&Johnson, Moderna, Oxford/AstraZeneca, Pfizer/BioNTech, Čína",5180160,3591483,8771643
2021-07-07,"Johnson&Johnson, Moderna, Oxford/AstraZeneca, Pfizer/BioNTech",5206011,3670502,8876513
2021-07-08,"Johnson&Johnson, Moderna, Oxford/AstraZeneca, Pfizer/BioNTech",5232639,3740878,8973517
2021-07-09,"Johnson&Johnson, Moderna, Oxford/AstraZeneca, Pfizer/BioNTech",5260607,3810235,9070842
2021-07-10,"Indie/AstraZeneca, Johnson&Johnson, Moderna, Oxford/AstraZeneca, Pfizer/BioNTech",5269998,3838917,9108915
2021-07-11,"Johnson&Johnson, Moderna, Oxford/AstraZeneca, Pfizer/BioNTech",5278561,3861813,9140374
2021-07-12,"Johnson&Johnson, Moderna, Oxford/AstraZeneca, Pfizer/BioNTech, Čína",5306128,3930912,9237040
2021-07-13,"Johnson&Johnson, Moderna, Oxford/AstraZeneca, Pfizer/BioNTech",5332354,4000827,9333181
2021-07-14,"Johnson&Johnson, Moderna, Oxford/AstraZeneca, Pfizer/BioNTech",5358208,4072850,9431058
2021-07-15,"Indie/AstraZeneca, Johnson&Johnson, Moderna, Oxford/AstraZeneca, Pfizer/BioNTech",5387407,4138895,9526302
2021-07-16,"Johnson&Johnson, Moderna, Oxford/AstraZeneca, Pfizer/BioNTech",5415363,4211662,9627025
2021-07-17,"Johnson&Johnson, Moderna, Oxford/AstraZeneca, Pfizer/BioNTech, Čína",5424177,4243152,9667329
2021-07-18,"Johnson&Johnson, Moderna, Oxford/AstraZeneca, Pfizer/BioNTech, Čína",5432627,4269176,9701803
2021-07-19,"Johnson&Johnson, Moderna, Oxford/AstraZeneca, Pfizer/BioNTech",5456005,4336218,9792223
2021-07-20,"Johnson&Johnson, Moderna, Oxford/AstraZeneca, Pfizer/BioNTech",5477439,4403307,9880746
2021-07-21,"Indie/AstraZeneca, Johnson&Johnson, Moderna, Oxford/AstraZeneca, Pfizer/BioNTech",5500913,4466798,9967711
2021-07-22,"Johnson&Johnson, Moderna, Oxford/AstraZeneca, Pfizer/BioNTech",5523303,4525471,10048774
2021-07-23,"Johnson&Johnson, Moderna, Oxford/AstraZeneca, Pfizer/BioNTech",5546558,4580261,10126819
2021-07-24,"Johnson&Johnson, Moderna, Oxford/AstraZeneca, Pfizer/BioNTech",5553926,4607953,10161879
2021-07-25,"Johnson&Johnson, Moderna, Oxford/AstraZeneca, Pfizer/BioNTech",5560580,4630099,10190679
2021-07-26,"Johnson&Johnson, Moderna, Oxford/AstraZeneca, Pfizer/BioNTech",5584150,4678812,10262962
2021-07-27,"Johnson&Johnson, Moderna, Oxford/AstraZeneca, Pfizer/BioNTech, Čína",5606916,4725497,10332413
2021-07-28,"Johnson&Johnson, Moderna, Oxford/AstraZeneca, Pfizer/BioNTech",5628213,4771550,10399763
2021-07-29,"Johnson&Johnson, Moderna, Oxford/AstraZeneca, Pfizer/BioNTech",5649569,4813557,10463126
2021-07-30,"Johnson&Johnson, Moderna, Oxford/AstraZeneca, Pfizer/BioNTech",5672865,4856167,10529032
2021-07-31,"Indie/AstraZeneca, Johnson&Johnson, Moderna, Oxford/AstraZeneca, Pfizer/BioNTech",5681835,4875732,10557567
2021-08-01,"Johnson&Johnson, Moderna, Oxford/AstraZeneca, Pfizer/BioNTech, Čína",5688578,4891917,10580495
2021-08-02,"Johnson&Johnson, Moderna, Oxford/AstraZeneca, Pfizer/BioNTech",5707238,4929512,10636750
2021-08-03,"Johnson&Johnson, Moderna, Oxford/AstraZeneca, Pfizer/BioNTech",5724912,4967667,10692579
2021-08-04,"Johnson&Johnson, Moderna, Oxford/AstraZeneca, Pfizer/BioNTech",5741055,5004475,10745530
2021-08-05,"Johnson&Johnson, Moderna, Oxford/AstraZeneca, Pfizer/BioNTech",5757119,5045003,10802122
2021-08-06,"Johnson&Johnson, Moderna, Oxford/AstraZeneca, Pfizer/BioNTech",5773952,5088357,10862309
2021-08-07,"Johnson&Johnson, Moderna, Oxford/AstraZeneca, Pfizer/BioNTech",5779572,5106555,10886127
2021-08-08,"Johnson&Johnson, Moderna, Oxford/AstraZeneca, Pfizer/BioNTech",5783949,5122333,10906282
2021-08-09,"Indie/AstraZeneca, Johnson&Johnson, Moderna, Oxford/AstraZeneca, Pfizer/BioNTech",5796599,5167428,10964027
2021-08-10,"Johnson&Johnson, Moderna, Oxford/AstraZeneca, Pfizer/BioNTech",5808460,5207036,11015496
2021-08-11,"Indie/AstraZeneca, Johnson&Johnson, Moderna, Oxford/AstraZeneca, Pfizer/BioNTech",5819844,5250205,11070049
2021-08-12,"Johnson&Johnson, Moderna, Oxford/AstraZeneca, Pfizer/BioNTech",5831277,5287376,11118653
2021-08-13,"Johnson&Johnson, Moderna, Oxford/AstraZeneca, Pfizer/BioNTech",5842026,5327754,11169780
2021-08-14,"Johnson&Johnson, Moderna, Oxford/AstraZeneca, Pfizer/BioNTech",5845378,5338485,11183863
2021-08-15,"Johnson&Johnson, Moderna, Oxford/AstraZeneca, Pfizer/BioNTech",5847974,5348883,11196857
2021-08-16,"Indie/AstraZeneca, Johnson&Johnson, Moderna, Oxford/AstraZeneca, Pfizer/BioNTech, Čína",5857779,5382991,11240770
2021-08-17,"Johnson&Johnson, Moderna, Oxford/AstraZeneca, Pfizer/BioNTech",5867383,5410125,11277508
2021-08-18,"Johnson&Johnson, Moderna, Oxford/AstraZeneca, Pfizer/BioNTech",5876762,5449063,11325825
2021-08-19,"Johnson&Johnson, Moderna, Oxford/AstraZeneca, Pfizer/BioNTech",5886449,5487440,11373889
2021-08-20,"Johnson&Johnson, Moderna, Oxford/AstraZeneca, Pfizer/BioNTech",5897853,5527661,11425514
2021-08-21,"Indie/AstraZeneca, Johnson&Johnson, Moderna, Oxford/AstraZeneca, Pfizer/BioNTech",5900587,5540453,11441040
2021-08-22,"Johnson&Johnson, Moderna, Oxford/AstraZeneca, Pfizer/BioNTech",5902933,5552435,11455368
2021-08-23,"Indie/AstraZeneca, Johnson&Johnson, Moderna, Oxford/AstraZeneca, Pfizer/BioNTech",5913475,5591741,11505216
2021-08-24,"Johnson&Johnson, Moderna, Oxford/AstraZeneca, Pfizer/BioNTech",5923360,5625009,11548369
2021-08-25,"Indie/AstraZeneca, Johnson&Johnson, Moderna, Oxford/AstraZeneca, Pfizer/BioNTech",5932240,5653410,11585650
2021-08-26,"Johnson&Johnson, Moderna, Oxford/AstraZeneca, Pfizer/BioNTech",5940701,5679568,11620269
2021-08-27,"Johnson&Johnson, Moderna, Oxford/AstraZeneca, Pfizer/BioNTech",5951034,5705576,11656610
2021-08-28,"Johnson&Johnson, Moderna, Oxford/AstraZeneca, Pfizer/BioNTech",5953780,5712662,11666442
2021-08-29,"Johnson&Johnson, Moderna, Oxford/AstraZeneca, Pfizer/BioNTech",5956199,5719296,11675495
2021-08-30,"Johnson&Johnson, Moderna, Oxford/AstraZeneca, Pfizer/BioNTech",5964730,5741198,11705928
2021-08-31,"Indie/AstraZeneca, Johnson&Johnson, Moderna, Oxford/AstraZeneca, Pfizer/BioNTech",5972424,5759334,11731758
2021-09-01,"Johnson&Johnson, Moderna, Oxford/AstraZeneca, Pfizer/BioNTech",5978342,5773365,11751707
2021-09-02,"Johnson&Johnson, Moderna, Oxford/AstraZeneca, Pfizer/BioNTech",5985190,5787775,11772965
2021-09-03,"Johnson&Johnson, Moderna, Oxford/AstraZeneca, Pfizer/BioNTech",5994755,5803529,11798284
2021-09-04,"Indie/AstraZeneca, Johnson&Johnson, Moderna, Oxford/AstraZeneca, Pfizer/BioNTech",5996835,5807104,11803939
2021-09-05,"Johnson&Johnson, Moderna, Oxford/AstraZeneca, Pfizer/BioNTech",5998884,5809957,11808841
2021-09-06,"Indie/AstraZeneca, Johnson&Johnson, Moderna, Oxford/AstraZeneca, Pfizer/BioNTech",6005127,5822514,11827641
2021-09-07,"Johnson&Johnson, Moderna, Oxford/AstraZeneca, Pfizer/BioNTech",6009524,5833618,11843142
2021-09-08,"Johnson&Johnson, Moderna, Oxford/AstraZeneca, Pfizer/BioNTech, Čína",6015207,5843494,11858701
2021-09-09,"Johnson&Johnson, Moderna, Oxford/AstraZeneca, Pfizer/BioNTech",6021911,5853576,11875487
2021-09-10,"Johnson&Johnson, Moderna, Oxford/AstraZeneca, Pfizer/BioNTech",6029618,5865776,11895394
2021-09-11,"Indie/AstraZeneca, Johnson&Johnson, Moderna, Oxford/AstraZeneca, Pfizer/BioNTech",6031496,5868280,11899776
2021-09-12,"Johnson&Johnson, Moderna, Oxford/AstraZeneca, Pfizer/BioNTech",6032616,5869919,11902535
2021-09-13,"Johnson&Johnson, Moderna, Oxford/AstraZeneca, Pfizer/BioNTech",6038062,5880243,11918305
2021-09-14,"Johnson&Johnson, Moderna, Oxford/AstraZeneca, Pfizer/BioNTech",6043468,5889266,11932734
2021-09-15,"Johnson&Johnson, Moderna, Oxford/AstraZeneca, Pfizer/BioNTech",6048685,5897805,11946490
2021-09-16,"Johnson&Johnson, Moderna, Oxford/AstraZeneca, Pfizer/BioNTech",6054057,5906087,11960144
2021-09-17,"Johnson&Johnson, Moderna, Oxford/AstraZeneca, Pfizer/BioNTech",6060634,5916334,11976968
2021-09-18,"Johnson&Johnson, Moderna, Oxford/AstraZeneca, Pfizer/BioNTech",6062367,5918703,11981070
2021-09-19,"Johnson&Johnson, Moderna, Oxford/AstraZeneca, Pfizer/BioNTech",6063315,5920277,11983592
2021-09-20,"Johnson&Johnson, Moderna, Oxford/AstraZeneca, Pfizer/BioNTech",6067347,5928483,11995830
2021-09-21,"Johnson&Johnson, Moderna, Oxford/AstraZeneca, Pfizer/BioNTech",6071594,5936025,12007619
2021-09-22,"Johnson&Johnson, Moderna, Oxford/AstraZeneca, Pfizer/BioNTech, Čína",6075794,5941560,12017354
2021-09-23,"Johnson&Johnson, Moderna, Oxford/AstraZeneca, Pfizer/BioNTech",6080756,5947983,12028739
2021-09-24,"Johnson&Johnson, Moderna, Oxford/AstraZeneca, Pfizer/BioNTech",6086521,5957607,12044128
2021-09-25,"Johnson&Johnson, Moderna, Oxford/AstraZeneca, Pfizer/BioNTech",6088024,5959609,12047633
2021-09-26,"Johnson&Johnson, Moderna, Oxford/AstraZeneca, Pfizer/BioNTech",6088772,5961254,12050026
2021-09-27,"Indie/AstraZeneca, Johnson&Johnson, Moderna, Oxford/AstraZeneca, Pfizer/BioNTech, Čína",6092662,5967779,12060441
2021-09-28,"Johnson&Johnson, Moderna, Oxford/AstraZeneca, Pfizer/BioNTech",6093041,5968420,12061461
2021-09-29,"Johnson&Johnson, Moderna, Oxford/AstraZeneca, Pfizer/BioNTech",6096820,5975885,12072705
2021-09-30,"Johnson&Johnson, Moderna, Oxford/AstraZeneca, Pfizer/BioNTech",6101344,5983603,12084947
2021-10-01,"Johnson&Johnson, Moderna, Oxford/AstraZeneca, Pfizer/BioNTech, Čína",6105662,5991596,12097258
2021-10-02,"Johnson&Johnson, Moderna, Oxford/AstraZeneca, Pfizer/BioNTech, Čína",6106729,5993146,12099875
2021-10-03,"Johnson&Johnson, Moderna, Oxford/AstraZeneca, Pfizer/BioNTech",6107454,5994021,12101475
2021-10-04,"Johnson&Johnson, Moderna, Oxford/AstraZeneca, Pfizer/BioNTech",6110536,5999603,12110139
2021-10-05,"Johnson&Johnson, Moderna, Oxford/AstraZeneca, Pfizer/BioNTech",6113700,6004693,12118393
2021-10-06,"Johnson&Johnson, Moderna, Oxford/AstraZeneca, Pfizer/BioNTech",6117223,6009873,12127096
2021-10-07,"Johnson&Johnson, Moderna, Oxford/AstraZeneca, Pfizer/BioNTech",6120510,6015136,12135646
2021-10-08,"Johnson&Johnson, Moderna, Oxford/AstraZeneca, Pfizer/BioNTech",6125308,6021787,12147095
2021-10-09,"Indie/AstraZeneca, Johnson&Johnson, Moderna, Oxford/AstraZeneca, Pfizer/BioNTech",6126554,6023458,12150012
2021-10-10,"Johnson&Johnson, Moderna, Oxford/AstraZeneca, Pfizer/BioNTech",6127502,6024296,12151798
2021-10-11,"Johnson&Johnson, Moderna, Oxford/AstraZeneca, Pfizer/BioNTech",6130432,6028724,12159156
2021-10-12,"Johnson&Johnson, Moderna, Oxford/AstraZeneca, Pfizer/BioNTech",6133375,6032729,12166104
2021-10-13,"Johnson&Johnson, Moderna, Oxford/AstraZeneca, Pfizer/BioNTech",6136911,6036928,12173839
2021-10-14,"Johnson&Johnson, Moderna, Oxford/AstraZeneca, Pfizer/BioNTech",6140586,6041881,12182467
2021-10-15,"Johnson&Johnson, Moderna, Oxford/AstraZeneca, Pfizer/BioNTech",6145821,6048034,12193855
2021-10-16,"Johnson&Johnson, Moderna, Oxford/AstraZeneca, Pfizer/BioNTech",6147238,6049567,12196805
2021-10-17,"Johnson&Johnson, Moderna, Pfizer/BioNTech, Čína",6148564,6050626,12199190
2021-10-18,"Johnson&Johnson, Moderna, Oxford/AstraZeneca, Pfizer/BioNTech",6152678,6054736,12207414
2021-10-19,"Johnson&Johnson, Moderna, Oxford/AstraZeneca, Pfizer/BioNTech",6156262,6056840,12213102
2021-10-20,"Johnson&Johnson, Moderna, Oxford/AstraZeneca, Pfizer/BioNTech",6161155,6061305,12222460
2021-10-21,"Johnson&Johnson, Moderna, Oxford/AstraZeneca, Pfizer/BioNTech",6168926,6066918,12235844
2021-10-22,"Johnson&Johnson, Moderna, Oxford/AstraZeneca, Pfizer/BioNTech",6179390,6073423,12252813
2021-10-23,"Johnson&Johnson, Moderna, Oxford/AstraZeneca, Pfizer/BioNTech",6183074,6075636,12258710
2021-10-24,"Johnson&Johnson, Moderna, Oxford/AstraZeneca, Pfizer/BioNTech",6185761,6077415,12263176
2021-10-25,"Johnson&Johnson, Moderna, Oxford/AstraZeneca, Pfizer/BioNTech",6196274,6083237,12279511
2021-10-26,"Johnson&Johnson, Moderna, Oxford/AstraZeneca, Pfizer/BioNTech",6208271,6089790,12298061
2021-10-27,"Johnson&Johnson, Moderna, Oxford/AstraZeneca, Pfizer/BioNTech, Čína",6222881,6097208,12320089
2021-10-28,"Johnson&Johnson, Moderna, Oxford/AstraZeneca, Pfizer/BioNTech",6226314,6098899,12325213
2021-10-29,"Johnson&Johnson, Moderna, Oxford/AstraZeneca, Pfizer/BioNTech",6240760,6106890,12347650
2021-10-30,"Johnson&Johnson, Moderna, Oxford/AstraZeneca, Pfizer/BioNTech",6245291,6109822,12355113
2021-10-31,"Johnson&Johnson, Moderna, Oxford/AstraZeneca, Pfizer/BioNTech",6249053,6112299,12361352
2021-11-01,"Johnson&Johnson, Moderna, Oxford/AstraZeneca, Pfizer/BioNTech",6264251,6119981,12384232
2021-11-02,"Johnson&Johnson, Moderna, Oxford/AstraZeneca, Pfizer/BioNTech",6279702,6127541,12407243
2021-11-03,"Johnson&Johnson, Moderna, Oxford/AstraZeneca, Pfizer/BioNTech, Čína",6296887,6134835,12431722
2021-11-04,"Johnson&Johnson, Moderna, Oxford/AstraZeneca, Pfizer/BioNTech",6315234,6143015,12458249
2021-11-05,"Johnson&Johnson, Moderna, Oxford/AstraZeneca, Pfizer/BioNTech",6338038,6154307,12492345
2021-11-06,"Johnson&Johnson, Moderna, Oxford/AstraZeneca, Pfizer/BioNTech",6344556,6157367,12501923
2021-11-07,"Johnson&Johnson, Moderna, Oxford/AstraZeneca, Pfizer/BioNTech",6348585,6159805,12508390
2021-11-08,"Johnson&Johnson, Moderna, Oxford/AstraZeneca, Pfizer/BioNTech",6364851,6167435,12532286
2021-11-09,"Johnson&Johnson, Moderna, Oxford/AstraZeneca, Pfizer/BioNTech",6379665,6174740,12554405
2021-11-10,"Johnson&Johnson, Moderna, Oxford/AstraZeneca, Pfizer/BioNTech",6395403,6182128,12577531
2021-11-11,"Johnson&Johnson, Moderna, Oxford/AstraZeneca, Pfizer/BioNTech, Čína",6410880,6191238,12602118
2021-11-12,"Johnson&Johnson, Moderna, Oxford/AstraZeneca, Pfizer/BioNTech",6430683,6204038,12634721
2021-11-13,"Johnson&Johnson, Moderna, Oxford/AstraZeneca, Pfizer/BioNTech",6436080,6207919,12643999
2021-11-14,"Johnson&Johnson, Moderna, Oxford/AstraZeneca, Pfizer/BioNTech",6439979,6210929,12650908
2021-11-15,"Johnson&Johnson, Moderna, Oxford/AstraZeneca, Pfizer/BioNTech",6455067,6221637,12676704
2021-11-16,"Johnson&Johnson, Moderna, Oxford/AstraZeneca, Pfizer/BioNTech",6472598,6233617,12706215
2021-11-17,"Johnson&Johnson, Moderna, Oxford/AstraZeneca, Pfizer/BioNTech",6476843,6237188,12714031
2021-11-18,"Johnson&Johnson, Moderna, Oxford/AstraZeneca, Pfizer/BioNTech",6496257,6248882,12745139
2021-11-19,"Johnson&Johnson, Moderna, Oxford/AstraZeneca, Pfizer/BioNTech",6520868,6265862,12786730
2021-11-20,"Johnson&Johnson, Moderna, Oxford/AstraZeneca, Pfizer/BioNTech",6529445,6270849,12800294
2021-11-21,"Johnson&Johnson, Moderna, Oxford/AstraZeneca, Pfizer/BioNTech",6536213,6274626,12810839
2021-11-22,"Johnson&Johnson, Moderna, Oxford/AstraZeneca, Pfizer/BioNTech",6554723,6288741,12843464
2021-11-23,"Johnson&Johnson, Moderna, Oxford/AstraZeneca, Pfizer/BioNTech",6573789,6302007,12875796
2021-11-24,"Johnson&Johnson, Moderna, Oxford/AstraZeneca, Pfizer/BioNTech",6592800,6317859,12910659
2021-11-25,"Johnson&Johnson, Moderna, Oxford/AstraZeneca, Pfizer/BioNTech",6611945,6332906,12944851
2021-11-26,"Johnson&Johnson, Moderna, Oxford/AstraZeneca, Pfizer/BioNTech",6633603,6352048,12985651
2021-11-27,"Johnson&Johnson, Moderna, Oxford/AstraZeneca, Pfizer/BioNTech",6641075,6357605,12998680
2021-11-28,"Johnson&Johnson, Moderna, Oxford/AstraZeneca, Pfizer/BioNTech",6644408,6360745,13005153
2021-11-29,"Johnson&Johnson, Moderna, Oxford/AstraZeneca, Pfizer/BioNTech",6659615,6374409,13034024
2021-11-30,"Johnson&Johnson, Moderna, Oxford/AstraZeneca, Pfizer/BioNTech",6672818,6385642,13058460
2021-12-01,"Johnson&Johnson, Moderna, Oxford/AstraZeneca, Pfizer/BioNTech",6686858,6398103,13084961
2021-12-02,"Johnson&Johnson, Moderna, Oxford/AstraZeneca, Pfizer/BioNTech",6697501,6410599,13108100
2021-12-03,"Johnson&Johnson, Moderna, Oxford/AstraZeneca, Pfizer/BioNTech",6707140,6426179,13133319
2021-12-04,"Johnson&Johnson, Moderna, Pfizer/BioNTech",6709697,6430137,13139834
2021-12-05,"Johnson&Johnson, Moderna, Oxford/AstraZeneca, Pfizer/BioNTech",6711058,6432482,13143540
2021-12-06,"Johnson&Johnson, Moderna, Oxford/AstraZeneca, Pfizer/BioNTech",6719207,6444011,13163218
2021-12-07,"Johnson&Johnson, Moderna, Oxford/AstraZeneca, Pfizer/BioNTech",6727097,6456024,13183121
2021-12-08,"Johnson&Johnson, Moderna, Oxford/AstraZeneca, Pfizer/BioNTech",6735343,6461954,13197297
2021-12-09,"Johnson&Johnson, Moderna, Oxford/AstraZeneca, Pfizer/BioNTech",6742463,6474777,13217240
2021-12-10,"Johnson&Johnson, Moderna, Oxford/AstraZeneca, Pfizer/BioNTech",6749393,6492585,13241978
2021-12-11,"Johnson&Johnson, Moderna, Oxford/AstraZeneca, Pfizer/BioNTech",6751049,6497852,13248901
2021-12-12,"Johnson&Johnson, Moderna, Oxford/AstraZeneca, Pfizer/BioNTech",6752360,6502289,13254649
2021-12-13,"Johnson&Johnson, Moderna, Oxford/AstraZeneca, Pfizer/BioNTech",6758716,6515601,13274317
2021-12-14,"Johnson&Johnson, Moderna, Oxford/AstraZeneca, Pfizer/BioNTech",6764926,6529272,13294198
2021-12-15,"Johnson&Johnson, Moderna, Oxford/AstraZeneca, Pfizer/BioNTech",6771133,6542869,13314002
2021-12-16,"Johnson&Johnson, Moderna, Oxford/AstraZeneca, Pfizer/BioNTech",6778077,6557705,13335782
2021-12-17,"Johnson&Johnson, Moderna, Oxford/AstraZeneca, Pfizer/BioNTech",6786443,6574975,13361418
2021-12-18,"Johnson&Johnson, Moderna, Oxford/AstraZeneca, Pfizer/BioNTech",6789054,6580432,13369486
2021-12-19,"Johnson&Johnson, Moderna, Pfizer/BioNTech",6790826,6582936,13373762
2021-12-20,"Johnson&Johnson, Moderna, Oxford/AstraZeneca, Pfizer/BioNTech",6796677,6596999,13393676
2021-12-21,"Johnson&Johnson, Moderna, Oxford/AstraZeneca, Pfizer/BioNTech",6803339,6609004,13412343
2021-12-22,"Johnson&Johnson, Moderna, Oxford/AstraZeneca, Pfizer/BioNTech",6808386,6622064,13430450
2021-12-23,"Johnson&Johnson, Moderna, Oxford/AstraZeneca, Pfizer/BioNTech",6811261,6627668,13438929
2021-12-24,"Johnson&Johnson, Moderna, Oxford/AstraZeneca, Pfizer/BioNTech",6811307,6627772,13439079
2021-12-25,"Moderna, Pfizer/BioNTech",6811309,6627780,13439089
2021-12-26,"Moderna, Pfizer/BioNTech",6811411,6627983,13439394
2021-12-27,"Johnson&Johnson, Moderna, Pfizer/BioNTech",6815278,6637729,13453007
2021-12-28,"Johnson&Johnson, Moderna, Oxford/AstraZeneca, Pfizer/BioNTech",6820518,6645727,13466245
2021-12-29,"Johnson&Johnson, Moderna, Oxford/AstraZeneca, Pfizer/BioNTech",6824800,6653448,13478248
2021-12-30,"Johnson&Johnson, Moderna, Pfizer/BioNTech",6829101,6658882,13487983
2021-12-31,"Johnson&Johnson, Moderna, Pfizer/BioNTech",6829612,6660307,13489919
2022-01-01,"Moderna, Pfizer/BioNTech",6829618,6660325,13489943
2022-01-02,"Johnson&Johnson, Moderna, Pfizer/BioNTech",6830474,6661702,13492176
2022-01-03,"Johnson&Johnson, Moderna, Oxford/AstraZeneca, Pfizer/BioNTech",6834610,6670611,13505221
2022-01-04,"Johnson&Johnson, Moderna, Oxford/AstraZeneca, Pfizer/BioNTech",6839693,6678367,13518060
2022-01-05,"Johnson&Johnson, Moderna, Oxford/AstraZeneca, Pfizer/BioNTech",6845515,6686341,13531856
2022-01-06,"Johnson&Johnson, Moderna, Oxford/AstraZeneca, Pfizer/BioNTech",6852101,6694742,13546843
2022-01-07,"Johnson&Johnson, Moderna, Oxford/AstraZeneca, Pfizer/BioNTech",6859977,6705098,13565075
2022-01-08,"Johnson&Johnson, Moderna, Oxford/AstraZeneca, Pfizer/BioNTech",6862455,6707876,13570331
2022-01-09,"Johnson&Johnson, Moderna, Pfizer/BioNTech",6863538,6709572,13573110
2022-01-10,"Johnson&Johnson, Moderna, Oxford/AstraZeneca, Pfizer/BioNTech",6868045,6715765,13583810
2022-01-11,"Johnson&Johnson, Moderna, Oxford/AstraZeneca, Pfizer/BioNTech",6873494,6722522,13596016
2022-01-12,"Johnson&Johnson, Moderna, Oxford/AstraZeneca, Pfizer/BioNTech",6879451,6728165,13607616
2022-01-13,"Johnson&Johnson, Moderna, Oxford/AstraZeneca, Pfizer/BioNTech",6885340,6732941,13618281
2022-01-14,"Johnson&Johnson, Moderna, Oxford/AstraZeneca, Pfizer/BioNTech",6891642,6736572,13628214
2022-01-15,"Johnson&Johnson, Moderna, Oxford/AstraZeneca, Pfizer/BioNTech",6892918,6737228,13630146
2022-01-16,"Johnson&Johnson, Moderna, Oxford/AstraZeneca, Pfizer/BioNTech",6893608,6737665,13631273
2022-01-17,"Johnson&Johnson, Moderna, Oxford/AstraZeneca, Pfizer/BioNTech",6897163,6741621,13638784
2022-01-18,"Johnson&Johnson, Moderna, Oxford/AstraZeneca, Pfizer/BioNTech",6901012,6746572,13647584
2022-01-19,"Johnson&Johnson, Moderna, Oxford/AstraZeneca, Pfizer/BioNTech",6905081,6750504,13655585
2022-01-20,"Johnson&Johnson, Moderna, Oxford/AstraZeneca, Pfizer/BioNTech",6908679,6754959,13663638
2022-01-21,"Johnson&Johnson, Moderna, Oxford/AstraZeneca, Pfizer/BioNTech",6912677,6757487,13670164
2022-01-22,"Johnson&Johnson, Moderna, Pfizer/BioNTech",6913456,6757928,13671384
2022-01-23,"Johnson&Johnson, Moderna, Pfizer/BioNTech",6914017,6758562,13672579
2022-01-24,"Johnson&Johnson, Moderna, Oxford/AstraZeneca, Pfizer/BioNTech",6916289,6761998,13678287
2022-01-25,"Johnson&Johnson, Moderna, Oxford/AstraZeneca, Pfizer/BioNTech",6918647,6765992,13684639
2022-01-26,"Johnson&Johnson, Moderna, Oxford/AstraZeneca, Pfizer/BioNTech",6921032,6770561,13691593
2022-01-27,"Johnson&Johnson, Moderna, Oxford/AstraZeneca, Pfizer/BioNTech",6923354,6775373,13698727
2022-01-28,"Johnson&Johnson, Moderna, Oxford/AstraZeneca, Pfizer/BioNTech",6926272,6781536,13707808
2022-01-29,"Johnson&Johnson, Moderna, Oxford/AstraZeneca, Pfizer/BioNTech",6926874,6783187,13710061
2022-01-30,"Johnson&Johnson, Moderna, Pfizer/BioNTech",6927101,6783969,13711070
2022-01-31,"Johnson&Johnson, Moderna, Pfizer/BioNTech",6928642,6787896,13716538
2022-02-01,"Johnson&Johnson, Moderna, Pfizer/BioNTech",6930236,6791928,13722164
2022-02-02,"Johnson&Johnson, Moderna, Oxford/AstraZeneca, Pfizer/BioNTech",6931801,6796440,13728241
2022-02-03,"Johnson&Johnson, Moderna, Pfizer/BioNTech",6933181,6800925,13734106
2022-02-04,"Johnson&Johnson, Moderna, Pfizer/BioNTech",6934782,6806040,13740822
2022-02-05,"Johnson&Johnson, Moderna, Pfizer/BioNTech",6934955,6806650,13741605
2022-02-06,"Johnson&Johnson, Moderna, Pfizer/BioNTech",6935051,6806969,13742020
2022-02-07,"Johnson&Johnson, Moderna, Pfizer/BioNTech",6935754,6810178,13745932
2022-02-08,"Johnson&Johnson, Moderna, Pfizer/BioNTech",6936549,6813367,13749916
2022-02-09,"Johnson&Johnson, Moderna, Pfizer/BioNTech",6937371,6816741,13754112
2022-02-10,"Johnson&Johnson, Moderna, Pfizer/BioNTech",6938173,6819872,13758045
2022-02-11,"Johnson&Johnson, Moderna, Pfizer/BioNTech",6939127,6823787,13762914
2022-02-12,"Johnson&Johnson, Moderna, Pfizer/BioNTech",6939237,6824206,13763443
2022-02-13,"Johnson&Johnson, Moderna, Pfizer/BioNTech",6939274,6824644,13763918
2022-02-14,"Johnson&Johnson, Moderna, Pfizer/BioNTech",6939732,6826756,13766488
2022-02-15,"Johnson&Johnson, Moderna, Pfizer/BioNTech",6940285,6828966,13769251
2022-02-16,"Johnson&Johnson, Moderna, Pfizer/BioNTech",6940876,6831065,13771941
2022-02-17,"Johnson&Johnson, Moderna, Pfizer/BioNTech",6941471,6833407,13774878
2022-02-18,"Johnson&Johnson, Moderna, Oxford/AstraZeneca, Pfizer/BioNTech",6942113,6836460,13778573
2022-02-19,"Johnson&Johnson, Moderna, Pfizer/BioNTech",6942193,6836741,13778934
2022-02-20,"Johnson&Johnson, Moderna, Oxford/AstraZeneca, Pfizer/BioNTech",6942231,6836890,13779121
2022-02-21,"Johnson&Johnson, Moderna, Pfizer/BioNTech",6942595,6838589,13781184
2022-02-22,"Johnson&Johnson, Moderna, Oxford/AstraZeneca, Pfizer/BioNTech",6942988,6840287,13783275
2022-02-23,"Johnson&Johnson, Moderna, Pfizer/BioNTech",6943445,6841930,13785375
2022-02-24,"Johnson&Johnson, Moderna, Pfizer/BioNTech",6943853,6843561,13787414
2022-02-25,"Johnson&Johnson, Moderna, Pfizer/BioNTech",6944436,6845646,13790082
2022-02-26,"Johnson&Johnson, Moderna, Pfizer/BioNTech",6944497,6845807,13790304
2022-02-27,"Johnson&Johnson, Moderna, Pfizer/BioNTech",6944527,6845883,13790410
2022-02-28,"Johnson&Johnson, Moderna, Pfizer/BioNTech",6944773,6846859,13791632
2022-03-01,"Johnson&Johnson, Moderna, Pfizer/BioNTech",6945080,6847643,13792723
2022-03-02,"Johnson&Johnson, Moderna, Novavax, Pfizer/BioNTech",6945453,6848551,13794004
2022-03-03,"Johnson&Johnson, Moderna, Novavax, Pfizer/BioNTech",6945790,6849494,13795284
2022-03-04,"Johnson&Johnson, Moderna, Novavax, Pfizer/BioNTech",6946422,6850715,13797137
2022-03-05,"Johnson&Johnson, Moderna, Novavax, Pfizer/BioNTech",6946503,6850808,13797311
2022-03-06,"Moderna, Novavax, Pfizer/BioNTech",6946516,6850826,13797342
2022-03-07,"Johnson&Johnson, Moderna, Novavax, Pfizer/BioNTech",6946851,6851384,13798235
2022-03-08,"Johnson&Johnson, Moderna, Novavax, Pfizer/BioNTech",6947186,6851926,13799112
2022-03-09,"Johnson&Johnson, Moderna, Novavax, Pfizer/BioNTech",6947575,6852515,13800090
2022-03-10,"Johnson&Johnson, Moderna, Novavax, Pfizer/BioNTech",6947987,6853186,13801173
2022-03-11,"Johnson&Johnson, Moderna, Novavax, Pfizer/BioNTech",6948736,6854096,13802832
2022-03-12,"Johnson&Johnson, Moderna, Novavax, Pfizer/BioNTech",6948807,6854201,13803008
2022-03-13,"Johnson&Johnson, Moderna, Novavax, Pfizer/BioNTech",6948820,6854220,13803040
2022-03-14,"Johnson&Johnson, Moderna, Novavax, Pfizer/BioNTech",6949087,6854603,13803690
2022-03-15,"Johnson&Johnson, Moderna, Novavax, Pfizer/BioNTech",6949371,6855039,13804410
2022-03-16,"Johnson&Johnson, Moderna, Novavax, Pfizer/BioNTech",6949690,6855582,13805272
2022-03-17,"Johnson&Johnson, Moderna, Novavax, Oxford/AstraZeneca, Pfizer/BioNTech",6949986,6856014,13806000
2022-03-18,"Johnson&Johnson, Moderna, Novavax, Pfizer/BioNTech",6950684,6856809,13807493
2022-03-19,"Moderna, Novavax, Pfizer/BioNTech",6950740,6856854,13807594
2022-03-20,"Moderna, Novavax, Pfizer/BioNTech",6950758,6856866,13807624
2022-03-21,"Johnson&Johnson, Moderna, Novavax, Pfizer/BioNTech",6950946,6857193,13808139
2022-03-22,"Johnson&Johnson, Moderna, Novavax, Pfizer/BioNTech",6951187,6857592,13808779
2022-03-23,"Johnson&Johnson, Moderna, Novavax, Pfizer/BioNTech",6951524,6858031,13809555
2022-03-24,"Johnson&Johnson, Moderna, Novavax, Pfizer/BioNTech",6951835,6858504,13810339
2022-03-25,"Johnson&Johnson, Moderna, Novavax, Pfizer/BioNTech",6952330,6859313,13811643
2022-03-26,"Johnson&Johnson, Moderna, Novavax, Pfizer/BioNTech",6952382,6859391,13811773
2022-03-27,"Moderna, Novavax, Pfizer/BioNTech",6952398,6859408,13811806
2022-03-28,"Johnson&Johnson, Moderna, Novavax, Pfizer/BioNTech",6952553,6859786,13812339
2022-03-29,"Johnson&Johnson, Moderna, Novavax, Pfizer/BioNTech",6952815,6860192,13813007
2022-03-30,"Johnson&Johnson, Moderna, Novavax, Pfizer/BioNTech",6953120,6860685,13813805
2022-03-31,"Johnson&Johnson, Moderna, Novavax, Pfizer/BioNTech",6953418,6861177,13814595
2022-04-01,"Johnson&Johnson, Moderna, Novavax, Pfizer/BioNTech",6954029,6861937,13815966
2022-04-02,"Moderna, Novavax, Pfizer/BioNTech",6954086,6862022,13816108
2022-04-03,"Moderna, Novavax, Pfizer/BioNTech",6954099,6862051,13816150
2022-04-04,"Johnson&Johnson, Moderna, Novavax, Pfizer/BioNTech",6954276,6862333,13816609
2022-04-05,"Johnson&Johnson, Moderna, Novavax, Pfizer/BioNTech",6954467,6862569,13817036
2022-04-06,"Johnson&Johnson, Moderna, Novavax, Pfizer/BioNTech",6954684,6862915,13817599
2022-04-07,"Johnson&Johnson, Moderna, Novavax, Pfizer/BioNTech",6954908,6863333,13818241
2022-04-08,"Johnson&Johnson, Moderna, Novavax, Pfizer/BioNTech",6955362,6864056,13819418
2022-04-09,"Johnson&Johnson, Moderna, Novavax, Pfizer/BioNTech",6955422,6864128,13819550
2022-04-10,"Moderna, Novavax, Pfizer/BioNTech",6955435,6864137,13819572
2022-04-11,"Johnson&Johnson, Moderna, Novavax, Pfizer/BioNTech",6955597,6864368,13819965
2022-04-12,"Johnson&Johnson, Moderna, Novavax, Pfizer/BioNTech",6955844,6864666,13820510
2022-04-13,"Johnson&Johnson, Moderna, Novavax, Pfizer/BioNTech",6956085,6865020,13821105
2022-04-14,"Johnson&Johnson, Moderna, Novavax, Pfizer/BioNTech",6956347,6865405,13821752
2022-04-15,"Moderna, Novavax, Pfizer/BioNTech",6956363,6865436,13821799
2022-04-16,"Johnson&Johnson, Moderna, Novavax, Pfizer/BioNTech",6956383,6865470,13821853
2022-04-17,"Moderna, Novavax, Pfizer/BioNTech",6956384,6865471,13821855
2022-04-18,"Moderna, Novavax, Pfizer/BioNTech",6956398,6865488,13821886
2022-04-19,"Johnson&Johnson, Moderna, Novavax, Pfizer/BioNTech",6956537,6865826,13822363
2022-04-20,"Johnson&Johnson, Moderna, Novavax, Pfizer/BioNTech",6956760,6866216,13822976
2022-04-21,"Johnson&Johnson, Moderna, Novavax, Pfizer/BioNTech",6956977,6866640,13823617
2022-04-22,"Johnson&Johnson, Moderna, Novavax, Pfizer/BioNTech",6957442,6867467,13824909
2022-04-23,"Moderna, Novavax, Pfizer/BioNTech",6957473,6867546,13825019
2022-04-24,"Moderna, Novavax, Pfizer/BioNTech",6957478,6867557,13825035
2022-04-25,"Johnson&Johnson, Moderna, Novavax, Pfizer/BioNTech",6957634,6867765,13825399
2022-04-26,"Johnson&Johnson, Moderna, Novavax, Pfizer/BioNTech",6957774,6868029,13825803
2022-04-27,"Johnson&Johnson, Moderna, Novavax, Pfizer/BioNTech",6958041,6868359,13826400
2022-04-28,"Johnson&Johnson, Moderna, Novavax, Pfizer/BioNTech",6958236,6868649,13826885
2022-04-29,"Johnson&Johnson, Moderna, Novavax, Pfizer/BioNTech",6958671,6869238,13827909
2022-04-30,"Moderna, Novavax, Pfizer/BioNTech",6958711,6869305,13828016
2022-05-01,"Moderna, Novavax, Oxford/AstraZeneca, Pfizer/BioNTech",6958716,6869315,13828031
2022-05-02,"Johnson&Johnson, Moderna, Novavax, Pfizer/BioNTech",6958846,6869497,13828343
2022-05-03,"Johnson&Johnson, Moderna, Novavax, Pfizer/BioNTech",6959003,6869753,13828756
2022-05-04,"Johnson&Johnson, Moderna, Novavax, Pfizer/BioNTech",6959209,6870028,13829237
2022-05-05,"Johnson&Johnson, Moderna, Novavax, Pfizer/BioNTech",6959416,6870318,13829734
2022-05-06,"Johnson&Johnson, Moderna, Novavax, Pfizer/BioNTech",6959792,6870660,13830452
2022-05-07,"Moderna, Novavax, Pfizer/BioNTech",6959819,6870686,13830505
2022-05-08,"Moderna, Pfizer/BioNTech",6959820,6870694,13830514
2022-05-09,"Johnson&Johnson, Moderna, Novavax, Pfizer/BioNTech",6959928,6870784,13830712
2022-05-10,"Johnson&Johnson, Moderna, Novavax, Pfizer/BioNTech",6960083,6871021,13831104
2022-05-11,"Johnson&Johnson, Moderna, Novavax, Oxford/AstraZeneca, Pfizer/BioNTech",6960303,6871288,13831591
2022-05-12,"Johnson&Johnson, Moderna, Novavax, Pfizer/BioNTech",6960503,6871565,13832068
2022-05-13,"Johnson&Johnson, Moderna, Novavax, Pfizer/BioNTech",6960849,6872064,13832913
2022-05-14,"Johnson&Johnson, Moderna, Novavax, Pfizer/BioNTech",6960890,6872104,13832994
2022-05-15,"Johnson&Johnson, Moderna, Novavax, Pfizer/BioNTech",6960903,6872115,13833018
2022-05-16,"Johnson&Johnson, Moderna, Novavax, Pfizer/BioNTech",6961013,6872235,13833248
2022-05-17,"Johnson&Johnson, Moderna, Novavax, Pfizer/BioNTech",6961155,6872390,13833545
2022-05-18,"Johnson&Johnson, Moderna, Novavax, Pfizer/BioNTech",6961391,6872721,13834112
2022-05-19,"Johnson&Johnson, Moderna, Novavax, Pfizer/BioNTech",6961584,6872972,13834556
2022-05-20,"Johnson&Johnson, Moderna, Novavax, Pfizer/BioNTech",6961884,6873524,13835408
2022-05-21,"Johnson&Johnson, Moderna, Novavax, Pfizer/BioNTech",6961923,6873553,13835476
2022-05-22,"Moderna, Pfizer/BioNTech",6961931,6873560,13835491
2022-05-23,"Johnson&Johnson, Moderna, Novavax, Pfizer/BioNTech",6962053,6873715,13835768
2022-05-24,"Johnson&Johnson, Moderna, Novavax, Pfizer/BioNTech",6962185,6873888,13836073
2022-05-25,"Johnson&Johnson, Moderna, Novavax, Oxford/AstraZeneca, Pfizer/BioNTech",6962360,6874137,13836497
2022-05-26,"Johnson&Johnson, Moderna, Novavax, Pfizer/BioNTech",6962512,6874362,13836874
2022-05-27,"Johnson&Johnson, Moderna, Novavax, Pfizer/BioNTech",6962779,6874828,13837607
2022-05-28,"Moderna, Novavax, Pfizer/BioNTech",6962816,6874877,13837693
2022-05-29,"Moderna, Novavax, Pfizer/BioNTech",6962825,6874881,13837706
2022-05-30,"Johnson&Johnson, Moderna, Novavax, Pfizer/BioNTech",6962907,6875038,13837945
2022-05-31,"Johnson&Johnson, Moderna, Novavax, Pfizer/BioNTech",6963056,6875234,13838290
2022-06-01,"Johnson&Johnson, Moderna, Novavax, Pfizer/BioNTech",6963184,6875464,13838648
2022-06-02,"Moderna, Novavax, Pfizer/BioNTech",6963309,6875695,13839004
2022-06-03,"Johnson&Johnson, Moderna, Novavax, Pfizer/BioNTech",6963566,6876154,13839720
2022-06-04,"Johnson&Johnson, Moderna, Novavax, Pfizer/BioNTech",6963599,6876194,13839793
2022-06-05,"Moderna, Novavax, Pfizer/BioNTech",6963606,6876200,13839806
2022-06-06,"Johnson&Johnson, Moderna, Novavax, Pfizer/BioNTech",6963691,6876342,13840033
2022-06-07,"Johnson&Johnson, Moderna, Novavax, Pfizer/BioNTech",6963775,6876498,13840273
2022-06-08,"Johnson&Johnson, Moderna, Novavax, Pfizer/BioNTech",6963909,6876746,13840655
2022-06-09,"Johnson&Johnson, Moderna, Novavax, Pfizer/BioNTech",6964003,6876947,13840950
2022-06-10,"Johnson&Johnson, Moderna, Novavax, Pfizer/BioNTech",6964179,6877279,13841458
2022-06-11,"Moderna, Novavax, Pfizer/BioNTech",6964193,6877318,13841511
2022-06-12,"Moderna, Novavax, Pfizer/BioNTech",6964199,6877341,13841540
2022-06-13,"Johnson&Johnson, Moderna, Novavax, Oxford/AstraZeneca, Pfizer/BioNTech",6964249,6877464,13841713
2022-06-14,"Johnson&Johnson, Moderna, Novavax, Pfizer/BioNTech",6964329,6877612,13841941
2022-06-15,"Johnson&Johnson, Moderna, Novavax, Pfizer/BioNTech",6964408,6877801,13842209
2022-06-16,"Johnson&Johnson, Moderna, Novavax, Pfizer/BioNTech",6964478,6877977,13842455
2022-06-17,"Johnson&Johnson, Moderna, Novavax, Pfizer/BioNTech",6964630,6878263,13842893
2022-06-18,"Moderna, Novavax, Pfizer/BioNTech",6964643,6878302,13842945
2022-06-19,"Moderna, Pfizer/BioNTech",6964646,6878310,13842956
2022-06-20,"Johnson&Johnson, Moderna, Novavax, Pfizer/BioNTech",6964706,6878427,13843133
2022-06-21,"Johnson&Johnson, Moderna, Novavax, Pfizer/BioNTech",6964768,6878553,13843321
2022-06-22,"Johnson&Johnson, Moderna, Novavax, Pfizer/BioNTech",6964862,6878728,13843590
2022-06-23,"Johnson&Johnson, Moderna, Novavax, Pfizer/BioNTech",6964923,6878887,13843810
2022-06-24,"Johnson&Johnson, Moderna, Novavax, Pfizer/BioNTech",6965073,6879230,13844303
2022-06-25,"Moderna, Novavax, Pfizer/BioNTech",6965092,6879281,13844373
2022-06-26,"Moderna, Pfizer/BioNTech",6965093,6879291,13844384
2022-06-27,"Johnson&Johnson, Moderna, Novavax, Pfizer/BioNTech",6965149,6879400,13844549
