date,vaccine,people_vaccinated,people_fully_vaccinated,total_vaccinations
2020-12-27,Pfizer/BioNTech,1272,0,1272
2020-12-28,Pfizer/BioNTech,3573,0,3573
2020-12-29,Pfizer/BioNTech,7030,0,7030
2020-12-30,Pfizer/BioNTech,10534,0,10534
2020-12-31,Pfizer/BioNTech,11840,0,11840
2021-01-01,"Moderna, Pfizer/BioNTech",12106,0,12106
2021-01-02,Pfizer/BioNTech,13380,0,13380
2021-01-03,Pfizer/BioNTech,14300,0,14300
2021-01-04,"Moderna, Pfizer/BioNTech",17898,0,17898
2021-01-05,"Moderna, Pfizer/BioNTech",22409,0,22409
2021-01-06,Pfizer/BioNTech,28246,0,28246
2021-01-07,"Moderna, Pfizer/BioNTech",36223,0,36223
2021-01-08,Pfizer/BioNTech,46221,0,46221
2021-01-09,"Moderna, Pfizer/BioNTech",48242,0,48242
2021-01-10,Pfizer/BioNTech,50001,2,50003
2021-01-11,Pfizer/BioNTech,59827,4,59831
2021-01-12,Pfizer/BioNTech,73235,6,73241
2021-01-13,Pfizer/BioNTech,86748,6,86754
2021-01-14,"Moderna, Pfizer/BioNTech",101947,8,101955
2021-01-15,"Moderna, Pfizer/BioNTech",115928,8,115936
2021-01-16,"Moderna, Pfizer/BioNTech",119308,11,119319
2021-01-17,"Moderna, Pfizer/BioNTech",121913,649,122562
2021-01-18,"Moderna, Pfizer/BioNTech",134389,2471,136860
2021-01-19,"Moderna, Pfizer/BioNTech",146952,5189,152141
2021-01-20,"Moderna, Pfizer/BioNTech",160595,7837,168432
2021-01-21,"Moderna, Pfizer/BioNTech",176213,9570,185783
2021-01-22,"Moderna, Pfizer/BioNTech",191057,10613,201670
2021-01-23,"Moderna, Pfizer/BioNTech",194356,11487,205843
2021-01-24,"Moderna, Pfizer/BioNTech",196604,12356,208960
2021-01-25,"Moderna, Pfizer/BioNTech",206231,15324,221555
2021-01-26,"Moderna, Pfizer/BioNTech",216763,19298,236061
2021-01-27,"Moderna, Pfizer/BioNTech",225781,23819,249600
2021-01-28,"Moderna, Pfizer/BioNTech",232856,29937,262793
2021-01-29,"Moderna, Pfizer/BioNTech",239051,37822,276873
2021-01-30,"Moderna, Pfizer/BioNTech",239781,38910,278691
2021-01-31,"Moderna, Pfizer/BioNTech",240490,40090,280580
2021-02-01,"Moderna, Pfizer/BioNTech",244454,48017,292471
2021-02-02,"Moderna, Pfizer/BioNTech",248581,58240,306821
2021-02-03,"Moderna, Pfizer/BioNTech",252991,69228,322219
2021-02-04,"Moderna, Pfizer/BioNTech",257881,82182,340063
2021-02-05,"Moderna, Pfizer/BioNTech",263330,92830,356160
2021-02-06,"Moderna, Pfizer/BioNTech",264171,95178,359349
2021-02-07,"Moderna, Pfizer/BioNTech",265018,97665,362683
2021-02-08,"Moderna, Oxford/AstraZeneca, Pfizer/BioNTech",269083,109051,378134
2021-02-09,"Moderna, Oxford/AstraZeneca, Pfizer/BioNTech",274167,120969,395136
2021-02-10,"Moderna, Pfizer/BioNTech",279658,134176,413834
2021-02-11,"Moderna, Oxford/AstraZeneca, Pfizer/BioNTech",285961,150357,436318
2021-02-12,"Moderna, Oxford/AstraZeneca, Pfizer/BioNTech",292705,165047,457752
2021-02-13,"Moderna, Oxford/AstraZeneca, Pfizer/BioNTech",294296,168027,462323
2021-02-14,"Moderna, Oxford/AstraZeneca, Pfizer/BioNTech",295287,169405,464692
2021-02-15,"Moderna, Oxford/AstraZeneca, Pfizer/BioNTech",301679,178740,480419
2021-02-16,"Moderna, Oxford/AstraZeneca, Pfizer/BioNTech",310384,187792,498176
2021-02-17,"Moderna, Oxford/AstraZeneca, Pfizer/BioNTech",320066,196081,516147
2021-02-18,"Moderna, Oxford/AstraZeneca, Pfizer/BioNTech",332368,204122,536490
2021-02-19,"Moderna, Oxford/AstraZeneca, Pfizer/BioNTech",344212,211441,555653
2021-02-20,"Moderna, Oxford/AstraZeneca, Pfizer/BioNTech",346193,212617,558810
2021-02-21,"Moderna, Oxford/AstraZeneca, Pfizer/BioNTech",347305,213632,560937
2021-02-22,"Moderna, Oxford/AstraZeneca, Pfizer/BioNTech",357423,219637,577060
2021-02-23,"Moderna, Oxford/AstraZeneca, Pfizer/BioNTech",370352,226597,596949
2021-02-24,"Moderna, Oxford/AstraZeneca, Pfizer/BioNTech",384212,232616,616828
2021-02-25,"Moderna, Oxford/AstraZeneca, Pfizer/BioNTech",402165,238148,640313
2021-02-26,"Moderna, Oxford/AstraZeneca, Pfizer/BioNTech",418321,243475,661796
2021-02-27,"Moderna, Oxford/AstraZeneca, Pfizer/BioNTech",421322,244025,665347
2021-02-28,"Moderna, Oxford/AstraZeneca, Pfizer/BioNTech",423661,244569,668230
2021-03-01,"Moderna, Oxford/AstraZeneca, Pfizer/BioNTech",443198,247996,691194
2021-03-02,"Moderna, Oxford/AstraZeneca, Pfizer/BioNTech",470398,251531,721929
2021-03-03,"Moderna, Oxford/AstraZeneca, Pfizer/BioNTech",501228,256019,757247
2021-03-04,"Moderna, Oxford/AstraZeneca, Pfizer/BioNTech",534434,260683,795117
2021-03-05,"Johnson&Johnson, Moderna, Oxford/AstraZeneca, Pfizer/BioNTech",563223,266081,829304
2021-03-06,"Johnson&Johnson, Moderna, Oxford/AstraZeneca, Pfizer/BioNTech",575349,266929,842278
2021-03-07,"Johnson&Johnson, Moderna, Oxford/AstraZeneca, Pfizer/BioNTech",586866,267762,854628
2021-03-08,"Johnson&Johnson, Moderna, Oxford/AstraZeneca, Pfizer/BioNTech",616549,272591,889140
2021-03-09,"Johnson&Johnson, Moderna, Oxford/AstraZeneca, Pfizer/BioNTech",652805,278950,931755
2021-03-10,"Moderna, Oxford/AstraZeneca, Pfizer/BioNTech",694062,285880,979942
2021-03-11,"Johnson&Johnson, Moderna, Oxford/AstraZeneca, Pfizer/BioNTech",738848,294229,1033077
2021-03-12,"Johnson&Johnson, Moderna, Oxford/AstraZeneca, Pfizer/BioNTech",777613,302675,1080288
2021-03-13,"Moderna, Oxford/AstraZeneca, Pfizer/BioNTech",794661,303964,1098625
2021-03-14,"Moderna, Oxford/AstraZeneca, Pfizer/BioNTech",806754,305099,1111853
2021-03-15,"Moderna, Oxford/AstraZeneca, Pfizer/BioNTech",835107,313867,1148974
2021-03-16,"Johnson&Johnson, Moderna, Oxford/AstraZeneca, Pfizer/BioNTech",873945,324384,1198329
2021-03-17,"Moderna, Oxford/AstraZeneca, Pfizer/BioNTech",911384,334869,1246253
2021-03-18,"Johnson&Johnson, Moderna, Oxford/AstraZeneca, Pfizer/BioNTech",949318,347262,1296580
2021-03-19,"Moderna, Oxford/AstraZeneca, Pfizer/BioNTech",983755,360848,1344603
2021-03-20,"Johnson&Johnson, Moderna, Oxford/AstraZeneca, Pfizer/BioNTech",998870,362858,1361728
2021-03-21,"Johnson&Johnson, Moderna, Oxford/AstraZeneca, Pfizer/BioNTech",1006261,364399,1370660
2021-03-22,"Johnson&Johnson, Moderna, Oxford/AstraZeneca, Pfizer/BioNTech",1030770,376886,1407656
2021-03-23,"Johnson&Johnson, Moderna, Oxford/AstraZeneca, Pfizer/BioNTech",1057368,390214,1447582
2021-03-24,"Johnson&Johnson, Moderna, Oxford/AstraZeneca, Pfizer/BioNTech",1084190,405919,1490109
2021-03-25,"Moderna, Oxford/AstraZeneca, Pfizer/BioNTech",1110481,423746,1534227
2021-03-26,"Moderna, Oxford/AstraZeneca, Pfizer/BioNTech",1135250,441225,1576475
2021-03-27,"Johnson&Johnson, Moderna, Oxford/AstraZeneca, Pfizer/BioNTech",1143665,446056,1589721
2021-03-28,"Moderna, Oxford/AstraZeneca, Pfizer/BioNTech",1149192,450188,1599380
2021-03-29,"Johnson&Johnson, Moderna, Oxford/AstraZeneca, Pfizer/BioNTech",1168284,470879,1639163
2021-03-30,"Johnson&Johnson, Moderna, Oxford/AstraZeneca, Pfizer/BioNTech",1192958,493036,1685994
2021-03-31,"Johnson&Johnson, Moderna, Oxford/AstraZeneca, Pfizer/BioNTech",1216024,520070,1736094
2021-04-01,"Johnson&Johnson, Moderna, Oxford/AstraZeneca, Pfizer/BioNTech",1241592,552092,1793684
2021-04-02,"Johnson&Johnson, Moderna, Oxford/AstraZeneca, Pfizer/BioNTech",1248481,564870,1813351
2021-04-03,"Johnson&Johnson, Moderna, Oxford/AstraZeneca, Pfizer/BioNTech",1252076,575773,1827849
2021-04-04,"Johnson&Johnson, Moderna, Oxford/AstraZeneca, Pfizer/BioNTech",1254565,584668,1839233
2021-04-05,"Johnson&Johnson, Moderna, Oxford/AstraZeneca, Pfizer/BioNTech",1256934,591838,1848772
2021-04-06,"Johnson&Johnson, Moderna, Oxford/AstraZeneca, Pfizer/BioNTech",1273022,621051,1894073
2021-04-07,"Johnson&Johnson, Moderna, Oxford/AstraZeneca, Pfizer/BioNTech",1296386,643241,1939627
2021-04-08,"Johnson&Johnson, Moderna, Oxford/AstraZeneca, Pfizer/BioNTech",1335019,674230,2009249
2021-04-09,"Johnson&Johnson, Moderna, Oxford/AstraZeneca, Pfizer/BioNTech",1374490,704389,2078879
2021-04-10,"Johnson&Johnson, Moderna, Oxford/AstraZeneca, Pfizer/BioNTech",1389932,719662,2109594
2021-04-11,"Johnson&Johnson, Moderna, Oxford/AstraZeneca, Pfizer/BioNTech",1399678,729677,2129355
2021-04-12,"Johnson&Johnson, Moderna, Oxford/AstraZeneca, Pfizer/BioNTech",1437891,754763,2192654
2021-04-13,"Moderna, Oxford/AstraZeneca, Pfizer/BioNTech",1474088,780757,2254845
2021-04-14,"Moderna, Oxford/AstraZeneca, Pfizer/BioNTech",1512851,808089,2320940
2021-04-15,"Moderna, Oxford/AstraZeneca, Pfizer/BioNTech",1560597,833777,2394374
2021-04-16,"Moderna, Oxford/AstraZeneca, Pfizer/BioNTech",1605199,859376,2464575
2021-04-17,"Moderna, Oxford/AstraZeneca, Pfizer/BioNTech",1621855,868388,2490243
2021-04-18,"Moderna, Oxford/AstraZeneca, Pfizer/BioNTech",1634817,873363,2508180
2021-04-19,"Moderna, Oxford/AstraZeneca, Pfizer/BioNTech",1678788,888795,2567583
2021-04-20,"Johnson&Johnson, Moderna, Oxford/AstraZeneca, Pfizer/BioNTech",1721303,904638,2625941
2021-04-21,"Moderna, Oxford/AstraZeneca, Pfizer/BioNTech",1768995,918957,2687952
2021-04-22,"Johnson&Johnson, Moderna, Oxford/AstraZeneca, Pfizer/BioNTech",1823447,936314,2759761
2021-04-23,"Johnson&Johnson, Moderna, Oxford/AstraZeneca, Pfizer/BioNTech",1873362,948343,2821705
2021-04-24,"Johnson&Johnson, Moderna, Oxford/AstraZeneca, Pfizer/BioNTech",1891170,953572,2844742
2021-04-25,"Johnson&Johnson, Moderna, Oxford/AstraZeneca, Pfizer/BioNTech",1905838,957554,2863392
2021-04-26,"Johnson&Johnson, Moderna, Oxford/AstraZeneca, Pfizer/BioNTech",1955401,965092,2920493
2021-04-27,"Johnson&Johnson, Moderna, Oxford/AstraZeneca, Pfizer/BioNTech",2004352,977285,2981637
2021-04-28,"Johnson&Johnson, Moderna, Oxford/AstraZeneca, Pfizer/BioNTech",2063070,991246,3054316
2021-04-29,"Johnson&Johnson, Moderna, Oxford/AstraZeneca, Pfizer/BioNTech",2128606,1007087,3135693
2021-04-30,"Johnson&Johnson, Moderna, Oxford/AstraZeneca, Pfizer/BioNTech",2190791,1017009,3207800
2021-05-01,"Johnson&Johnson, Moderna, Oxford/AstraZeneca, Pfizer/BioNTech",2210081,1020424,3230505
2021-05-02,"Johnson&Johnson, Moderna, Oxford/AstraZeneca, Pfizer/BioNTech",2228974,1022673,3251647
2021-05-03,"Johnson&Johnson, Moderna, Oxford/AstraZeneca, Pfizer/BioNTech",2296194,1027718,3323912
2021-05-04,"Johnson&Johnson, Moderna, Oxford/AstraZeneca, Pfizer/BioNTech",2362660,1036014,3398674
2021-05-05,"Johnson&Johnson, Moderna, Oxford/AstraZeneca, Pfizer/BioNTech",2435780,1045374,3481154
2021-05-06,"Johnson&Johnson, Moderna, Oxford/AstraZeneca, Pfizer/BioNTech",2516142,1056043,3572185
2021-05-07,"Johnson&Johnson, Moderna, Oxford/AstraZeneca, Pfizer/BioNTech",2593405,1066095,3659500
2021-05-08,"Johnson&Johnson, Moderna, Oxford/AstraZeneca, Pfizer/BioNTech",2622802,1067830,3690632
2021-05-09,"Johnson&Johnson, Moderna, Oxford/AstraZeneca, Pfizer/BioNTech",2646970,1069017,3715987
2021-05-10,"Johnson&Johnson, Moderna, Oxford/AstraZeneca, Pfizer/BioNTech",2719701,1076192,3795893
2021-05-11,"Johnson&Johnson, Moderna, Oxford/AstraZeneca, Pfizer/BioNTech",2795767,1084957,3880724
2021-05-12,"Johnson&Johnson, Moderna, Oxford/AstraZeneca, Pfizer/BioNTech",2875582,1093997,3969579
2021-05-13,"Johnson&Johnson, Moderna, Oxford/AstraZeneca, Pfizer/BioNTech",2959570,1103124,4062694
2021-05-14,"Johnson&Johnson, Moderna, Oxford/AstraZeneca, Pfizer/BioNTech",3038965,1110847,4149812
2021-05-15,"Johnson&Johnson, Moderna, Oxford/AstraZeneca, Pfizer/BioNTech",3070802,1113034,4183836
2021-05-16,"Johnson&Johnson, Moderna, Oxford/AstraZeneca, Pfizer/BioNTech",3096546,1114273,4210819
2021-05-17,"Johnson&Johnson, Moderna, Oxford/AstraZeneca, Pfizer/BioNTech",3169024,1120952,4289976
2021-05-18,"Johnson&Johnson, Moderna, Oxford/AstraZeneca, Pfizer/BioNTech",3240924,1133936,4374860
2021-05-19,"Johnson&Johnson, Moderna, Oxford/AstraZeneca, Pfizer/BioNTech",3318361,1149024,4467385
2021-05-20,"Johnson&Johnson, Moderna, Oxford/AstraZeneca, Pfizer/BioNTech",3393767,1175986,4569753
2021-05-21,"Johnson&Johnson, Moderna, Oxford/AstraZeneca, Pfizer/BioNTech",3462510,1203665,4666175
2021-05-22,"Johnson&Johnson, Moderna, Oxford/AstraZeneca, Pfizer/BioNTech",3494839,1214796,4709635
2021-05-23,"Johnson&Johnson, Moderna, Oxford/AstraZeneca, Pfizer/BioNTech",3517145,1223799,4740944
2021-05-24,"Johnson&Johnson, Moderna, Oxford/AstraZeneca, Pfizer/BioNTech",3564221,1257395,4821616
2021-05-25,"Johnson&Johnson, Moderna, Oxford/AstraZeneca, Pfizer/BioNTech",3616054,1293132,4909186
2021-05-26,"Johnson&Johnson, Moderna, Oxford/AstraZeneca, Pfizer/BioNTech",3683779,1330602,5014381
2021-05-27,"Johnson&Johnson, Moderna, Oxford/AstraZeneca, Pfizer/BioNTech",3745130,1377862,5122992
2021-05-28,"Johnson&Johnson, Moderna, Oxford/AstraZeneca, Pfizer/BioNTech",3806789,1424345,5231134
2021-05-29,"Johnson&Johnson, Moderna, Oxford/AstraZeneca, Pfizer/BioNTech",3835934,1441411,5277345
2021-05-30,"Johnson&Johnson, Moderna, Oxford/AstraZeneca, Pfizer/BioNTech",3858271,1455816,5314087
2021-05-31,"Johnson&Johnson, Moderna, Oxford/AstraZeneca, Pfizer/BioNTech",3913981,1503315,5417296
2021-06-01,"Johnson&Johnson, Moderna, Oxford/AstraZeneca, Pfizer/BioNTech",3972990,1552076,5525066
2021-06-02,"Johnson&Johnson, Moderna, Oxford/AstraZeneca, Pfizer/BioNTech",4035855,1605966,5641821
2021-06-03,"Johnson&Johnson, Moderna, Oxford/AstraZeneca, Pfizer/BioNTech",4094072,1666106,5760178
2021-06-04,"Johnson&Johnson, Moderna, Oxford/AstraZeneca, Pfizer/BioNTech",4157143,1723410,5880553
2021-06-05,"Johnson&Johnson, Moderna, Oxford/AstraZeneca, Pfizer/BioNTech",4191269,1742178,5933447
2021-06-06,"Johnson&Johnson, Moderna, Oxford/AstraZeneca, Pfizer/BioNTech",4218169,1757267,5975436
2021-06-07,"Johnson&Johnson, Moderna, Oxford/AstraZeneca, Pfizer/BioNTech",4281838,1812826,6094664
2021-06-08,"Johnson&Johnson, Moderna, Oxford/AstraZeneca, Pfizer/BioNTech",4345799,1867721,6213520
2021-06-09,"Johnson&Johnson, Moderna, Oxford/AstraZeneca, Pfizer/BioNTech",4404974,1932051,6337025
2021-06-10,"Johnson&Johnson, Moderna, Oxford/AstraZeneca, Pfizer/BioNTech",4458852,2003046,6461898
2021-06-11,"Johnson&Johnson, Moderna, Oxford/AstraZeneca, Pfizer/BioNTech",4510937,2072656,6583593
2021-06-12,"Johnson&Johnson, Moderna, Oxford/AstraZeneca, Pfizer/BioNTech",4542915,2093381,6636296
2021-06-13,"Johnson&Johnson, Moderna, Oxford/AstraZeneca, Pfizer/BioNTech",4566921,2111731,6678652
2021-06-14,"Johnson&Johnson, Moderna, Oxford/AstraZeneca, Pfizer/BioNTech",4609969,2186018,6795987
2021-06-15,"Johnson&Johnson, Moderna, Oxford/AstraZeneca, Pfizer/BioNTech",4654601,2258255,6912856
2021-06-16,"Johnson&Johnson, Moderna, Oxford/AstraZeneca, Pfizer/BioNTech",4697327,2336365,7033692
2021-06-17,"Johnson&Johnson, Moderna, Oxford/AstraZeneca, Pfizer/BioNTech",4736694,2419313,7156007
2021-06-18,"Johnson&Johnson, Moderna, Oxford/AstraZeneca, Pfizer/BioNTech",4779068,2499688,7278756
2021-06-19,"Johnson&Johnson, Moderna, Oxford/AstraZeneca, Pfizer/BioNTech",4800801,2528898,7329699
2021-06-20,"Johnson&Johnson, Moderna, Oxford/AstraZeneca, Pfizer/BioNTech",4818157,2552654,7370811
2021-06-21,"Johnson&Johnson, Moderna, Oxford/AstraZeneca, Pfizer/BioNTech",4850662,2631121,7481783
2021-06-22,"Johnson&Johnson, Moderna, Oxford/AstraZeneca, Pfizer/BioNTech",4883615,2713268,7596883
2021-06-23,"Johnson&Johnson, Moderna, Oxford/AstraZeneca, Pfizer/BioNTech",4915257,2798384,7713641
2021-06-24,"Johnson&Johnson, Moderna, Oxford/AstraZeneca, Pfizer/BioNTech",4945092,2888311,7833403
2021-06-25,"Johnson&Johnson, Moderna, Oxford/AstraZeneca, Pfizer/BioNTech",4976127,2974320,7950447
2021-06-26,"Johnson&Johnson, Moderna, Oxford/AstraZeneca, Pfizer/BioNTech",4991977,3009050,8001027
2021-06-27,"Johnson&Johnson, Moderna, Oxford/AstraZeneca, Pfizer/BioNTech",5005916,3035635,8041551
2021-06-28,"Johnson&Johnson, Moderna, Oxford/AstraZeneca, Pfizer/BioNTech",5034334,3120718,8155052
2021-06-29,"Johnson&Johnson, Moderna, Oxford/AstraZeneca, Pfizer/BioNTech",5063583,3207092,8270675
2021-06-30,"Johnson&Johnson, Moderna, Oxford/AstraZeneca, Pfizer/BioNTech",5091082,3297934,8389016
2021-07-01,"Johnson&Johnson, Moderna, Oxford/AstraZeneca, Pfizer/BioNTech",5115025,3387845,8502870
2021-07-02,"Johnson&Johnson, Moderna, Oxford/AstraZeneca, Pfizer/BioNTech",5141745,3473542,8615287
2021-07-03,"Johnson&Johnson, Moderna, Oxford/AstraZeneca, Pfizer/BioNTech",5148814,3504986,8653800
2021-07-04,"Johnson&Johnson, Moderna, Oxford/AstraZeneca, Pfizer/BioNTech",5156356,3526741,8683097
2021-07-05,"Johnson&Johnson, Moderna, Oxford/AstraZeneca, Pfizer/BioNTech",5163700,3552050,8715750
2021-07-06,"Johnson&Johnson, Moderna, Oxford/AstraZeneca, Pfizer/BioNTech",5169091,3579616,8748707
2021-07-07,"Johnson&Johnson, Moderna, Oxford/AstraZeneca, Pfizer/BioNTech",5194873,3658474,8853347
2021-07-08,"Johnson&Johnson, Moderna, Oxford/AstraZeneca, Pfizer/BioNTech",5221454,3728686,8950140
2021-07-09,"Johnson&Johnson, Moderna, Oxford/AstraZeneca, Pfizer/BioNTech",5249353,3797836,9047189
2021-07-10,"Johnson&Johnson, Moderna, Oxford/AstraZeneca, Pfizer/BioNTech",5258687,3826392,9085079
2021-07-11,"Johnson&Johnson, Moderna, Oxford/AstraZeneca, Pfizer/BioNTech",5267203,3849234,9116437
2021-07-12,"Johnson&Johnson, Moderna, Oxford/AstraZeneca, Pfizer/BioNTech",5294731,3918234,9212965
2021-07-13,"Johnson&Johnson, Moderna, Oxford/AstraZeneca, Pfizer/BioNTech",5320923,3988009,9308932
2021-07-14,"Johnson&Johnson, Moderna, Oxford/AstraZeneca, Pfizer/BioNTech",5346759,4059894,9406653
2021-07-15,"Johnson&Johnson, Moderna, Oxford/AstraZeneca, Pfizer/BioNTech",5375956,4125802,9501758
2021-07-16,"Johnson&Johnson, Moderna, Oxford/AstraZeneca, Pfizer/BioNTech",5403883,4198401,9602284
2021-07-17,"Johnson&Johnson, Moderna, Oxford/AstraZeneca, Pfizer/BioNTech",5412632,4229777,9642409
2021-07-18,"Johnson&Johnson, Moderna, Oxford/AstraZeneca, Pfizer/BioNTech",5421066,4255737,9676803
2021-07-19,"Johnson&Johnson, Moderna, Oxford/AstraZeneca, Pfizer/BioNTech",5444402,4322670,9767072
2021-07-20,"Johnson&Johnson, Moderna, Oxford/AstraZeneca, Pfizer/BioNTech",5465779,4389617,9855396
2021-07-21,"Johnson&Johnson, Moderna, Oxford/AstraZeneca, Pfizer/BioNTech",5489217,4452964,9942181
2021-07-22,"Johnson&Johnson, Moderna, Oxford/AstraZeneca, Pfizer/BioNTech",5511550,4511483,10023033
2021-07-23,"Johnson&Johnson, Moderna, Oxford/AstraZeneca, Pfizer/BioNTech",5534716,4566110,10100826
2021-07-24,"Johnson&Johnson, Moderna, Oxford/AstraZeneca, Pfizer/BioNTech",5542012,4593708,10135720
2021-07-25,"Johnson&Johnson, Moderna, Oxford/AstraZeneca, Pfizer/BioNTech",5548610,4615741,10164351
2021-07-26,"Johnson&Johnson, Moderna, Oxford/AstraZeneca, Pfizer/BioNTech",5572106,4664294,10236400
2021-07-27,"Johnson&Johnson, Moderna, Oxford/AstraZeneca, Pfizer/BioNTech",5594802,4710819,10305621
2021-07-28,"Johnson&Johnson, Moderna, Oxford/AstraZeneca, Pfizer/BioNTech",5616021,4756691,10372712
2021-07-29,"Johnson&Johnson, Moderna, Oxford/AstraZeneca, Pfizer/BioNTech",5637299,4798526,10435825
2021-07-30,"Johnson&Johnson, Moderna, Oxford/AstraZeneca, Pfizer/BioNTech",5660556,4840972,10501528
2021-07-31,"Johnson&Johnson, Moderna, Oxford/AstraZeneca, Pfizer/BioNTech",5669471,4860458,10529929
2021-08-01,"Johnson&Johnson, Moderna, Oxford/AstraZeneca, Pfizer/BioNTech",5676179,4876582,10552761
2021-08-02,"Johnson&Johnson, Moderna, Oxford/AstraZeneca, Pfizer/BioNTech",5694774,4914046,10608820
2021-08-03,"Johnson&Johnson, Moderna, Oxford/AstraZeneca, Pfizer/BioNTech",5712379,4952063,10664442
2021-08-04,"Johnson&Johnson, Moderna, Oxford/AstraZeneca, Pfizer/BioNTech",5728439,4988704,10717143
2021-08-05,"Johnson&Johnson, Moderna, Oxford/AstraZeneca, Pfizer/BioNTech",5744429,5029076,10773505
2021-08-06,"Johnson&Johnson, Moderna, Oxford/AstraZeneca, Pfizer/BioNTech",5761178,5072243,10833421
2021-08-07,"Johnson&Johnson, Moderna, Oxford/AstraZeneca, Pfizer/BioNTech",5766748,5090358,10857106
2021-08-08,"Johnson&Johnson, Moderna, Oxford/AstraZeneca, Pfizer/BioNTech",5771094,5106075,10877169
2021-08-09,"Johnson&Johnson, Moderna, Oxford/AstraZeneca, Pfizer/BioNTech",5783712,5151057,10934769
2021-08-10,"Johnson&Johnson, Moderna, Oxford/AstraZeneca, Pfizer/BioNTech",5795513,5190544,10986057
2021-08-11,"Johnson&Johnson, Moderna, Oxford/AstraZeneca, Pfizer/BioNTech",5806848,5233605,11040453
2021-08-12,"Johnson&Johnson, Moderna, Oxford/AstraZeneca, Pfizer/BioNTech",5818231,5270599,11088830
2021-08-13,"Johnson&Johnson, Moderna, Oxford/AstraZeneca, Pfizer/BioNTech",5828899,5310833,11139732
2021-08-14,"Johnson&Johnson, Moderna, Oxford/AstraZeneca, Pfizer/BioNTech",5832235,5321495,11153730
2021-08-15,"Johnson&Johnson, Moderna, Oxford/AstraZeneca, Pfizer/BioNTech",5834809,5331845,11166654
2021-08-16,"Johnson&Johnson, Moderna, Oxford/AstraZeneca, Pfizer/BioNTech",5844574,5365833,11210407
2021-08-17,"Johnson&Johnson, Moderna, Oxford/AstraZeneca, Pfizer/BioNTech",5854132,5392862,11246994
2021-08-18,"Johnson&Johnson, Moderna, Oxford/AstraZeneca, Pfizer/BioNTech",5863482,5431657,11295139
2021-08-19,"Johnson&Johnson, Moderna, Oxford/AstraZeneca, Pfizer/BioNTech",5873102,5469935,11343037
2021-08-20,"Johnson&Johnson, Moderna, Oxford/AstraZeneca, Pfizer/BioNTech",5884421,5510053,11394474
2021-08-21,"Johnson&Johnson, Moderna, Oxford/AstraZeneca, Pfizer/BioNTech",5887123,5522781,11409904
2021-08-22,"Johnson&Johnson, Moderna, Oxford/AstraZeneca, Pfizer/BioNTech",5889461,5534723,11424184
2021-08-23,"Johnson&Johnson, Moderna, Oxford/AstraZeneca, Pfizer/BioNTech",5899952,5573895,11473847
2021-08-24,"Johnson&Johnson, Moderna, Oxford/AstraZeneca, Pfizer/BioNTech",5909792,5607077,11516869
2021-08-25,"Johnson&Johnson, Moderna, Oxford/AstraZeneca, Pfizer/BioNTech",5918620,5635372,11553992
2021-08-26,"Johnson&Johnson, Moderna, Oxford/AstraZeneca, Pfizer/BioNTech",5927032,5661423,11588455
2021-08-27,"Johnson&Johnson, Moderna, Oxford/AstraZeneca, Pfizer/BioNTech",5937325,5687303,11624628
2021-08-28,"Johnson&Johnson, Moderna, Oxford/AstraZeneca, Pfizer/BioNTech",5940037,5694314,11634351
2021-08-29,"Johnson&Johnson, Moderna, Oxford/AstraZeneca, Pfizer/BioNTech",5942438,5700923,11643361
2021-08-30,"Johnson&Johnson, Moderna, Oxford/AstraZeneca, Pfizer/BioNTech",5950929,5722729,11673658
2021-08-31,"Johnson&Johnson, Moderna, Oxford/AstraZeneca, Pfizer/BioNTech",5958557,5740752,11699309
2021-09-01,"Johnson&Johnson, Moderna, Oxford/AstraZeneca, Pfizer/BioNTech",5964403,5754683,11719086
2021-09-02,"Johnson&Johnson, Moderna, Oxford/AstraZeneca, Pfizer/BioNTech",5971136,5769010,11740146
2021-09-03,"Johnson&Johnson, Moderna, Oxford/AstraZeneca, Pfizer/BioNTech",5980562,5784634,11765196
2021-09-04,"Johnson&Johnson, Moderna, Oxford/AstraZeneca, Pfizer/BioNTech",5982608,5788162,11770770
2021-09-05,"Johnson&Johnson, Moderna, Oxford/AstraZeneca, Pfizer/BioNTech",5984632,5790987,11775619
2021-09-06,"Johnson&Johnson, Moderna, Oxford/AstraZeneca, Pfizer/BioNTech",5990752,5803457,11794209
2021-09-07,"Johnson&Johnson, Moderna, Oxford/AstraZeneca, Pfizer/BioNTech",5995085,5814499,11809584
2021-09-08,"Johnson&Johnson, Moderna, Oxford/AstraZeneca, Pfizer/BioNTech",6000664,5824299,11824963
2021-09-09,"Johnson&Johnson, Moderna, Oxford/AstraZeneca, Pfizer/BioNTech",6007275,5834329,11841604
2021-09-10,"Johnson&Johnson, Moderna, Oxford/AstraZeneca, Pfizer/BioNTech",6014866,5846457,11861323
2021-09-11,"Johnson&Johnson, Moderna, Pfizer/BioNTech",6016721,5848919,11865640
2021-09-12,"Johnson&Johnson, Moderna, Oxford/AstraZeneca, Pfizer/BioNTech",6017825,5850533,11868358
2021-09-13,"Johnson&Johnson, Moderna, Oxford/AstraZeneca, Pfizer/BioNTech",6023185,5860772,11883957
2021-09-14,"Johnson&Johnson, Moderna, Oxford/AstraZeneca, Pfizer/BioNTech",6028451,5869704,11898155
2021-09-15,"Johnson&Johnson, Moderna, Oxford/AstraZeneca, Pfizer/BioNTech",6033544,5878151,11911695
2021-09-16,"Johnson&Johnson, Moderna, Oxford/AstraZeneca, Pfizer/BioNTech",6038715,5886367,11925082
2021-09-17,"Johnson&Johnson, Moderna, Oxford/AstraZeneca, Pfizer/BioNTech",6045105,5896449,11941554
2021-09-18,"Johnson&Johnson, Moderna, Pfizer/BioNTech",6046811,5898780,11945591
2021-09-19,"Johnson&Johnson, Moderna, Oxford/AstraZeneca, Pfizer/BioNTech",6047743,5900339,11948082
2021-09-20,"Johnson&Johnson, Moderna, Oxford/AstraZeneca, Pfizer/BioNTech",6051579,5908420,11959999
2021-09-21,"Johnson&Johnson, Moderna, Oxford/AstraZeneca, Pfizer/BioNTech",6055574,5915893,11971467
2021-09-22,"Johnson&Johnson, Moderna, Oxford/AstraZeneca, Pfizer/BioNTech",6059605,5921333,11980938
2021-09-23,"Johnson&Johnson, Moderna, Oxford/AstraZeneca, Pfizer/BioNTech",6064490,5927683,11992173
2021-09-24,"Johnson&Johnson, Moderna, Oxford/AstraZeneca, Pfizer/BioNTech",6070052,5937148,12007200
2021-09-25,"Johnson&Johnson, Moderna, Oxford/AstraZeneca, Pfizer/BioNTech",6071503,5939095,12010598
2021-09-26,"Johnson&Johnson, Moderna, Pfizer/BioNTech",6072239,5940708,12012947
2021-09-27,"Johnson&Johnson, Moderna, Oxford/AstraZeneca, Pfizer/BioNTech",6075998,5947115,12023113
2021-09-28,"Johnson&Johnson, Moderna, Pfizer/BioNTech",6076315,5947699,12024014
2021-09-29,"Johnson&Johnson, Moderna, Oxford/AstraZeneca, Pfizer/BioNTech",6079968,5955013,12034981
2021-09-30,"Johnson&Johnson, Moderna, Oxford/AstraZeneca, Pfizer/BioNTech",6084256,5962581,12046837
2021-10-01,"Johnson&Johnson, Moderna, Oxford/AstraZeneca, Pfizer/BioNTech",6088245,5970353,12058598
2021-10-02,"Johnson&Johnson, Moderna, Pfizer/BioNTech",6089284,5971878,12061162
2021-10-03,"Johnson&Johnson, Moderna, Pfizer/BioNTech",6089979,5972734,12062713
2021-10-04,"Johnson&Johnson, Moderna, Oxford/AstraZeneca, Pfizer/BioNTech",6092886,5978135,12071021
2021-10-05,"Johnson&Johnson, Moderna, Oxford/AstraZeneca, Pfizer/BioNTech",6095736,5982983,12078719
2021-10-06,"Johnson&Johnson, Moderna, Oxford/AstraZeneca, Pfizer/BioNTech",6099052,5987958,12087010
2021-10-07,"Johnson&Johnson, Moderna, Oxford/AstraZeneca, Pfizer/BioNTech",6102017,5992941,12094958
2021-10-08,"Johnson&Johnson, Moderna, Oxford/AstraZeneca, Pfizer/BioNTech",6106283,5999125,12105408
2021-10-09,"Johnson&Johnson, Moderna, Pfizer/BioNTech",6107220,6000460,12107680
