date,vaccine,people_vaccinated,people_fully_vaccinated,total_vaccinations
2020-12-27,Pfizer/BioNTech,1285,0,1285
2020-12-28,Pfizer/BioNTech,3591,0,3591
2020-12-29,Pfizer/BioNTech,7061,1,7062
2020-12-30,Pfizer/BioNTech,10581,1,10582
2020-12-31,Pfizer/BioNTech,11893,1,11894
2021-01-01,"Moderna, Pfizer/BioNTech",12163,1,12164
2021-01-02,Pfizer/BioNTech,13444,1,13445
2021-01-03,"Moderna, Pfizer/BioNTech",14368,1,14369
2021-01-04,"Moderna, Pfizer/BioNTech",17982,1,17983
2021-01-05,"Moderna, Pfizer/BioNTech",22508,3,22511
2021-01-06,"Moderna, Pfizer/BioNTech",28359,4,28363
2021-01-07,"Moderna, Pfizer/BioNTech",36358,4,36362
2021-01-08,"Moderna, Pfizer/BioNTech",46410,5,46415
2021-01-09,"Moderna, Pfizer/BioNTech",48439,6,48445
2021-01-10,Pfizer/BioNTech,50209,7,50216
2021-01-11,Pfizer/BioNTech,60065,9,60074
2021-01-12,"Moderna, Pfizer/BioNTech",73525,11,73536
2021-01-13,"Moderna, Pfizer/BioNTech",87072,11,87083
2021-01-14,"Moderna, Pfizer/BioNTech",102322,15,102337
2021-01-15,"Moderna, Pfizer/BioNTech",116345,16,116361
2021-01-16,"Moderna, Pfizer/BioNTech",119748,20,119768
2021-01-17,"Moderna, Pfizer/BioNTech",122369,656,123025
2021-01-18,"Moderna, Pfizer/BioNTech",134861,2483,137344
2021-01-19,"Moderna, Pfizer/BioNTech",147470,5209,152679
2021-01-20,"Moderna, Pfizer/BioNTech",161161,7872,169033
2021-01-21,"Moderna, Pfizer/BioNTech",176813,9618,186431
2021-01-22,"Moderna, Pfizer/BioNTech",191706,10664,202370
2021-01-23,"Moderna, Pfizer/BioNTech",195027,11545,206572
2021-01-24,"Moderna, Pfizer/BioNTech",197282,12414,209696
2021-01-25,"Moderna, Pfizer/BioNTech",206933,15388,222321
2021-01-26,"Moderna, Pfizer/BioNTech",217481,19383,236864
2021-01-27,"Moderna, Pfizer/BioNTech",226510,23921,250431
2021-01-28,"Moderna, Pfizer/BioNTech",233613,30057,263670
2021-01-29,"Moderna, Pfizer/BioNTech",239830,37969,277799
2021-01-30,"Moderna, Pfizer/BioNTech",240571,39057,279628
2021-01-31,"Moderna, Pfizer/BioNTech",241286,40239,281525
2021-02-01,"Moderna, Pfizer/BioNTech",245266,48206,293472
2021-02-02,"Moderna, Pfizer/BioNTech",249414,58447,307861
2021-02-03,"Moderna, Pfizer/BioNTech",253839,69468,323307
2021-02-04,"Moderna, Pfizer/BioNTech",258744,82461,341205
2021-02-05,"Moderna, Pfizer/BioNTech",264213,93135,357348
2021-02-06,"Moderna, Oxford/AstraZeneca, Pfizer/BioNTech",265065,95503,360568
2021-02-07,"Moderna, Oxford/AstraZeneca, Pfizer/BioNTech",265917,98003,363920
2021-02-08,"Moderna, Oxford/AstraZeneca, Pfizer/BioNTech",270005,109437,379442
2021-02-09,"Moderna, Oxford/AstraZeneca, Pfizer/BioNTech",275108,121351,396459
2021-02-10,"Moderna, Oxford/AstraZeneca, Pfizer/BioNTech",280622,134611,415233
2021-02-11,"Moderna, Oxford/AstraZeneca, Pfizer/BioNTech",286961,150831,437792
2021-02-12,"Moderna, Oxford/AstraZeneca, Pfizer/BioNTech",293788,165575,459363
2021-02-13,"Moderna, Oxford/AstraZeneca, Pfizer/BioNTech",295400,168564,463964
2021-02-14,"Moderna, Oxford/AstraZeneca, Pfizer/BioNTech",296404,169950,466354
2021-02-15,"Moderna, Oxford/AstraZeneca, Pfizer/BioNTech",302803,179320,482123
2021-02-16,"Moderna, Oxford/AstraZeneca, Pfizer/BioNTech",311524,188405,499929
2021-02-17,"Moderna, Oxford/AstraZeneca, Pfizer/BioNTech",321224,196712,517936
2021-02-18,"Moderna, Oxford/AstraZeneca, Pfizer/BioNTech",333553,204796,538349
2021-02-19,"Moderna, Oxford/AstraZeneca, Pfizer/BioNTech",345414,212174,557588
2021-02-20,"Moderna, Oxford/AstraZeneca, Pfizer/BioNTech",347417,213360,560777
2021-02-21,"Moderna, Oxford/AstraZeneca, Pfizer/BioNTech",348552,214384,562936
2021-02-22,"Moderna, Oxford/AstraZeneca, Pfizer/BioNTech",358678,220419,579097
2021-02-23,"Moderna, Oxford/AstraZeneca, Pfizer/BioNTech",371639,227410,599049
2021-02-24,"Moderna, Oxford/AstraZeneca, Pfizer/BioNTech",385515,233449,618964
2021-02-25,"Moderna, Oxford/AstraZeneca, Pfizer/BioNTech",403491,239001,642492
2021-02-26,"Moderna, Oxford/AstraZeneca, Pfizer/BioNTech",419668,244356,664024
2021-02-27,"Moderna, Oxford/AstraZeneca, Pfizer/BioNTech",422677,244915,667592
2021-02-28,"Moderna, Oxford/AstraZeneca, Pfizer/BioNTech",425032,245467,670499
2021-03-01,"Moderna, Oxford/AstraZeneca, Pfizer/BioNTech",444628,248918,693546
2021-03-02,"Moderna, Oxford/AstraZeneca, Pfizer/BioNTech",471858,252466,724324
2021-03-03,"Moderna, Oxford/AstraZeneca, Pfizer/BioNTech",502810,256971,759781
2021-03-04,"Moderna, Oxford/AstraZeneca, Pfizer/BioNTech",536097,261660,797757
2021-03-05,"Johnson&Johnson, Moderna, Oxford/AstraZeneca, Pfizer/BioNTech",564942,267085,832027
2021-03-06,"Johnson&Johnson, Moderna, Oxford/AstraZeneca, Pfizer/BioNTech",577094,267946,845040
2021-03-07,"Johnson&Johnson, Moderna, Oxford/AstraZeneca, Pfizer/BioNTech",588639,268788,857427
2021-03-08,"Johnson&Johnson, Moderna, Oxford/AstraZeneca, Pfizer/BioNTech",618390,273645,892035
2021-03-09,"Johnson&Johnson, Moderna, Oxford/AstraZeneca, Pfizer/BioNTech",654751,280031,934782
2021-03-10,"Johnson&Johnson, Moderna, Oxford/AstraZeneca, Pfizer/BioNTech",696073,286991,983064
2021-03-11,"Johnson&Johnson, Moderna, Oxford/AstraZeneca, Pfizer/BioNTech",740916,295364,1036280
2021-03-12,"Johnson&Johnson, Moderna, Oxford/AstraZeneca, Pfizer/BioNTech",779688,303860,1083548
2021-03-13,"Johnson&Johnson, Moderna, Oxford/AstraZeneca, Pfizer/BioNTech",796784,305172,1101956
2021-03-14,"Johnson&Johnson, Moderna, Oxford/AstraZeneca, Pfizer/BioNTech",808903,306327,1115230
2021-03-15,"Johnson&Johnson, Moderna, Oxford/AstraZeneca, Pfizer/BioNTech",837292,315108,1152400
2021-03-16,"Johnson&Johnson, Moderna, Oxford/AstraZeneca, Pfizer/BioNTech",876184,325647,1201831
2021-03-17,"Moderna, Oxford/AstraZeneca, Pfizer/BioNTech",913673,336157,1249830
2021-03-18,"Johnson&Johnson, Moderna, Oxford/AstraZeneca, Pfizer/BioNTech",951676,348575,1300251
2021-03-19,"Moderna, Oxford/AstraZeneca, Pfizer/BioNTech",986183,362186,1348369
2021-03-20,"Johnson&Johnson, Moderna, Oxford/AstraZeneca, Pfizer/BioNTech",1001349,364217,1365566
2021-03-21,"Johnson&Johnson, Moderna, Oxford/AstraZeneca, Pfizer/BioNTech",1008782,365777,1374559
2021-03-22,"Johnson&Johnson, Moderna, Oxford/AstraZeneca, Pfizer/BioNTech",1033363,378281,1411644
2021-03-23,"Johnson&Johnson, Moderna, Oxford/AstraZeneca, Pfizer/BioNTech",1060033,391642,1451675
2021-03-24,"Johnson&Johnson, Moderna, Oxford/AstraZeneca, Pfizer/BioNTech",1086911,407387,1494298
2021-03-25,"Moderna, Oxford/AstraZeneca, Pfizer/BioNTech",1113263,425240,1538503
2021-03-26,"Johnson&Johnson, Moderna, Oxford/AstraZeneca, Pfizer/BioNTech",1138098,442746,1580844
2021-03-27,"Johnson&Johnson, Moderna, Oxford/AstraZeneca, Pfizer/BioNTech",1146548,447592,1594140
2021-03-28,"Moderna, Oxford/AstraZeneca, Pfizer/BioNTech",1152092,451739,1603831
2021-03-29,"Johnson&Johnson, Moderna, Oxford/AstraZeneca, Pfizer/BioNTech",1171233,472478,1643711
2021-03-30,"Johnson&Johnson, Moderna, Oxford/AstraZeneca, Pfizer/BioNTech",1195930,494662,1690592
2021-03-31,"Johnson&Johnson, Moderna, Oxford/AstraZeneca, Pfizer/BioNTech",1219071,521731,1740802
2021-04-01,"Johnson&Johnson, Moderna, Oxford/AstraZeneca, Pfizer/BioNTech",1244736,553791,1798527
2021-04-02,"Johnson&Johnson, Moderna, Oxford/AstraZeneca, Pfizer/BioNTech",1251685,566584,1818269
2021-04-03,"Johnson&Johnson, Moderna, Oxford/AstraZeneca, Pfizer/BioNTech",1255324,577513,1832837
2021-04-04,"Johnson&Johnson, Moderna, Oxford/AstraZeneca, Pfizer/BioNTech",1257853,586435,1844288
2021-04-05,"Johnson&Johnson, Moderna, Oxford/AstraZeneca, Pfizer/BioNTech",1260271,593630,1853901
2021-04-06,"Johnson&Johnson, Moderna, Oxford/AstraZeneca, Pfizer/BioNTech",1276461,622896,1899357
2021-04-07,"Johnson&Johnson, Moderna, Oxford/AstraZeneca, Pfizer/BioNTech",1299927,645131,1945058
2021-04-08,"Johnson&Johnson, Moderna, Oxford/AstraZeneca, Pfizer/BioNTech",1338705,676165,2014870
2021-04-09,"Johnson&Johnson, Moderna, Oxford/AstraZeneca, Pfizer/BioNTech",1378287,706356,2084643
2021-04-10,"Johnson&Johnson, Moderna, Oxford/AstraZeneca, Pfizer/BioNTech",1393828,721658,2115486
2021-04-11,"Johnson&Johnson, Moderna, Oxford/AstraZeneca, Pfizer/BioNTech",1403626,731710,2135336
2021-04-12,"Johnson&Johnson, Moderna, Oxford/AstraZeneca, Pfizer/BioNTech",1441935,756855,2198790
2021-04-13,"Moderna, Oxford/AstraZeneca, Pfizer/BioNTech",1478223,782898,2261121
2021-04-14,"Moderna, Oxford/AstraZeneca, Pfizer/BioNTech",1517088,810268,2327356
2021-04-15,"Moderna, Oxford/AstraZeneca, Pfizer/BioNTech",1564909,836037,2400946
2021-04-16,"Moderna, Oxford/AstraZeneca, Pfizer/BioNTech",1609601,861708,2471309
2021-04-17,"Moderna, Oxford/AstraZeneca, Pfizer/BioNTech",1626306,870736,2497042
2021-04-18,"Moderna, Oxford/AstraZeneca, Pfizer/BioNTech",1639301,875722,2515023
2021-04-19,"Moderna, Oxford/AstraZeneca, Pfizer/BioNTech",1683268,891162,2574430
2021-04-20,"Johnson&Johnson, Moderna, Oxford/AstraZeneca, Pfizer/BioNTech",1725858,907035,2632893
2021-04-21,"Moderna, Oxford/AstraZeneca, Pfizer/BioNTech",1773622,921393,2695015
2021-04-22,"Johnson&Johnson, Moderna, Oxford/AstraZeneca, Pfizer/BioNTech",1828135,938788,2766923
2021-04-23,"Johnson&Johnson, Moderna, Oxford/AstraZeneca, Pfizer/BioNTech",1878136,950847,2828983
2021-04-24,"Johnson&Johnson, Moderna, Oxford/AstraZeneca, Pfizer/BioNTech",1895998,956104,2852102
2021-04-25,"Johnson&Johnson, Moderna, Oxford/AstraZeneca, Pfizer/BioNTech",1910703,960102,2870805
2021-04-26,"Johnson&Johnson, Moderna, Oxford/AstraZeneca, Pfizer/BioNTech",1960308,967657,2927965
2021-04-27,"Johnson&Johnson, Moderna, Oxford/AstraZeneca, Pfizer/BioNTech",2009298,979899,2989197
2021-04-28,"Johnson&Johnson, Moderna, Oxford/AstraZeneca, Pfizer/BioNTech",2068081,993911,3061992
2021-04-29,"Johnson&Johnson, Moderna, Oxford/AstraZeneca, Pfizer/BioNTech",2133687,1009819,3143506
2021-04-30,"Johnson&Johnson, Moderna, Oxford/AstraZeneca, Pfizer/BioNTech",2195965,1019804,3215769
2021-05-01,"Johnson&Johnson, Moderna, Oxford/AstraZeneca, Pfizer/BioNTech",2215331,1023260,3238591
2021-05-02,"Johnson&Johnson, Moderna, Oxford/AstraZeneca, Pfizer/BioNTech",2234274,1025542,3259816
2021-05-03,"Johnson&Johnson, Moderna, Oxford/AstraZeneca, Pfizer/BioNTech",2301554,1030614,3332168
2021-05-04,"Johnson&Johnson, Moderna, Oxford/AstraZeneca, Pfizer/BioNTech",2368101,1038971,3407072
2021-05-05,"Johnson&Johnson, Moderna, Oxford/AstraZeneca, Pfizer/BioNTech",2441308,1048395,3489703
2021-05-06,"Johnson&Johnson, Moderna, Oxford/AstraZeneca, Pfizer/BioNTech",2521743,1059135,3580878
2021-05-07,"Johnson&Johnson, Moderna, Oxford/AstraZeneca, Pfizer/BioNTech",2599071,1069264,3668335
2021-05-08,"Johnson&Johnson, Moderna, Oxford/AstraZeneca, Pfizer/BioNTech",2628568,1071044,3699612
2021-05-09,"Johnson&Johnson, Moderna, Oxford/AstraZeneca, Pfizer/BioNTech",2652804,1072260,3725064
2021-05-10,"Johnson&Johnson, Moderna, Oxford/AstraZeneca, Pfizer/BioNTech",2725610,1079493,3805103
2021-05-11,"Johnson&Johnson, Moderna, Oxford/AstraZeneca, Pfizer/BioNTech",2801751,1088320,3890071
2021-05-12,"Johnson&Johnson, Moderna, Oxford/AstraZeneca, Pfizer/BioNTech",2881681,1097445,3979126
2021-05-13,"Johnson&Johnson, Moderna, Oxford/AstraZeneca, Pfizer/BioNTech",2965725,1106617,4072342
2021-05-14,"Johnson&Johnson, Moderna, Oxford/AstraZeneca, Pfizer/BioNTech",3045239,1114422,4159661
2021-05-15,"Johnson&Johnson, Moderna, Oxford/AstraZeneca, Pfizer/BioNTech",3077182,1116689,4193871
2021-05-16,"Johnson&Johnson, Moderna, Oxford/AstraZeneca, Pfizer/BioNTech",3102993,1117964,4220957
2021-05-17,"Johnson&Johnson, Moderna, Oxford/AstraZeneca, Pfizer/BioNTech",3175543,1124704,4300247
2021-05-18,"Johnson&Johnson, Moderna, Oxford/AstraZeneca, Pfizer/BioNTech",3247516,1137808,4385324
2021-05-19,"Johnson&Johnson, Moderna, Oxford/AstraZeneca, Pfizer/BioNTech",3325000,1152969,4477969
2021-05-20,"Johnson&Johnson, Moderna, Oxford/AstraZeneca, Pfizer/BioNTech",3400493,1180023,4580516
2021-05-21,"Johnson&Johnson, Moderna, Oxford/AstraZeneca, Pfizer/BioNTech",3469323,1207810,4677133
2021-05-22,"Johnson&Johnson, Moderna, Oxford/AstraZeneca, Pfizer/BioNTech",3501759,1219030,4720789
2021-05-23,"Johnson&Johnson, Moderna, Oxford/AstraZeneca, Pfizer/BioNTech",3524182,1228074,4752256
2021-05-24,"Johnson&Johnson, Moderna, Oxford/AstraZeneca, Pfizer/BioNTech",3571348,1261747,4833095
2021-05-25,"Johnson&Johnson, Moderna, Oxford/AstraZeneca, Pfizer/BioNTech",3623245,1297577,4920822
2021-05-26,"Johnson&Johnson, Moderna, Oxford/AstraZeneca, Pfizer/BioNTech",3691033,1335127,5026160
2021-05-27,"Johnson&Johnson, Moderna, Oxford/AstraZeneca, Pfizer/BioNTech",3752467,1382481,5134948
2021-05-28,"Johnson&Johnson, Moderna, Oxford/AstraZeneca, Pfizer/BioNTech",3814204,1429071,5243275
2021-05-29,"Johnson&Johnson, Moderna, Oxford/AstraZeneca, Pfizer/BioNTech",3843444,1446191,5289635
2021-05-30,"Johnson&Johnson, Moderna, Oxford/AstraZeneca, Pfizer/BioNTech",3865850,1460648,5326498
2021-05-31,"Johnson&Johnson, Moderna, Oxford/AstraZeneca, Pfizer/BioNTech",3921609,1508179,5429788
2021-06-01,"Johnson&Johnson, Moderna, Oxford/AstraZeneca, Pfizer/BioNTech",3980687,1557054,5537741
2021-06-02,"Johnson&Johnson, Moderna, Oxford/AstraZeneca, Pfizer/BioNTech",4043640,1611064,5654704
2021-06-03,"Johnson&Johnson, Moderna, Oxford/AstraZeneca, Pfizer/BioNTech",4101909,1671295,5773204
2021-06-04,"Johnson&Johnson, Moderna, Oxford/AstraZeneca, Pfizer/BioNTech",4165032,1728728,5893760
2021-06-05,"Johnson&Johnson, Moderna, Oxford/AstraZeneca, Pfizer/BioNTech",4199206,1747622,5946828
2021-06-06,"Johnson&Johnson, Moderna, Oxford/AstraZeneca, Pfizer/BioNTech",4226149,1762783,5988932
2021-06-07,"Johnson&Johnson, Moderna, Oxford/AstraZeneca, Pfizer/BioNTech",4289841,1818436,6108277
2021-06-08,"Johnson&Johnson, Moderna, Oxford/AstraZeneca, Pfizer/BioNTech",4353829,1873443,6227272
2021-06-09,"Johnson&Johnson, Moderna, Oxford/AstraZeneca, Pfizer/BioNTech",4413035,1938118,6351153
2021-06-10,"Johnson&Johnson, Moderna, Oxford/AstraZeneca, Pfizer/BioNTech",4466894,2009410,6476304
2021-06-11,"Johnson&Johnson, Moderna, Oxford/AstraZeneca, Pfizer/BioNTech",4519008,2079230,6598238
2021-06-12,"Johnson&Johnson, Moderna, Oxford/AstraZeneca, Pfizer/BioNTech",4551032,2100049,6651081
2021-06-13,"Johnson&Johnson, Moderna, Oxford/AstraZeneca, Pfizer/BioNTech",4575068,2118474,6693542
2021-06-14,"Johnson&Johnson, Moderna, Oxford/AstraZeneca, Pfizer/BioNTech",4618157,2192880,6811037
2021-06-15,"Johnson&Johnson, Moderna, Oxford/AstraZeneca, Pfizer/BioNTech",4662828,2265274,6928102
2021-06-16,"Johnson&Johnson, Moderna, Oxford/AstraZeneca, Pfizer/BioNTech",4705613,2343528,7049141
2021-06-17,"Johnson&Johnson, Moderna, Oxford/AstraZeneca, Pfizer/BioNTech",4745029,2426639,7171668
2021-06-18,"Johnson&Johnson, Moderna, Oxford/AstraZeneca, Pfizer/BioNTech",4787463,2507211,7294674
2021-06-19,"Johnson&Johnson, Moderna, Oxford/AstraZeneca, Pfizer/BioNTech",4809239,2536532,7345771
2021-06-20,"Johnson&Johnson, Moderna, Oxford/AstraZeneca, Pfizer/BioNTech",4826628,2560393,7387021
2021-06-21,"Johnson&Johnson, Moderna, Oxford/AstraZeneca, Pfizer/BioNTech",4859131,2639015,7498146
2021-06-22,"Johnson&Johnson, Moderna, Oxford/AstraZeneca, Pfizer/BioNTech",4892084,2721332,7613416
2021-06-23,"Johnson&Johnson, Moderna, Oxford/AstraZeneca, Pfizer/BioNTech",4923756,2806575,7730331
2021-06-24,"Johnson&Johnson, Moderna, Oxford/AstraZeneca, Pfizer/BioNTech",4953603,2896624,7850227
2021-06-25,"Johnson&Johnson, Moderna, Oxford/AstraZeneca, Pfizer/BioNTech",4984673,2982843,7967516
2021-06-26,"Johnson&Johnson, Moderna, Oxford/AstraZeneca, Pfizer/BioNTech",5000565,3017702,8018267
2021-06-27,"Johnson&Johnson, Moderna, Oxford/AstraZeneca, Pfizer/BioNTech",5014519,3044392,8058911
2021-06-28,"Johnson&Johnson, Moderna, Oxford/AstraZeneca, Pfizer/BioNTech",5042933,3129613,8172546
2021-06-29,"Johnson&Johnson, Moderna, Oxford/AstraZeneca, Pfizer/BioNTech",5072210,3216127,8288337
2021-06-30,"Johnson&Johnson, Moderna, Oxford/AstraZeneca, Pfizer/BioNTech",5099707,3307154,8406861
2021-07-01,"Johnson&Johnson, Moderna, Oxford/AstraZeneca, Pfizer/BioNTech",5123684,3397249,8520933
2021-07-02,"Johnson&Johnson, Moderna, Oxford/AstraZeneca, Pfizer/BioNTech",5150401,3483144,8633545
2021-07-03,"Johnson&Johnson, Moderna, Oxford/AstraZeneca, Pfizer/BioNTech",5157492,3514676,8672168
2021-07-04,"Johnson&Johnson, Moderna, Oxford/AstraZeneca, Pfizer/BioNTech",5165055,3536484,8701539
2021-07-05,"Johnson&Johnson, Moderna, Oxford/AstraZeneca, Pfizer/BioNTech",5172441,3561869,8734310
2021-07-06,"Johnson&Johnson, Moderna, Oxford/AstraZeneca, Pfizer/BioNTech",5177878,3589556,8767434
2021-07-07,"Johnson&Johnson, Moderna, Oxford/AstraZeneca, Pfizer/BioNTech",5203686,3668566,8872252
2021-07-08,"Johnson&Johnson, Moderna, Oxford/AstraZeneca, Pfizer/BioNTech",5230289,3738901,8969190
2021-07-09,"Johnson&Johnson, Moderna, Oxford/AstraZeneca, Pfizer/BioNTech",5258217,3808219,9066436
2021-07-10,"Johnson&Johnson, Moderna, Oxford/AstraZeneca, Pfizer/BioNTech",5267578,3836879,9104457
2021-07-11,"Johnson&Johnson, Moderna, Oxford/AstraZeneca, Pfizer/BioNTech",5276114,3859768,9135882
2021-07-12,"Johnson&Johnson, Moderna, Oxford/AstraZeneca, Pfizer/BioNTech",5303625,3928866,9232491
2021-07-13,"Johnson&Johnson, Moderna, Oxford/AstraZeneca, Pfizer/BioNTech",5329814,3998745,9328559
2021-07-14,"Johnson&Johnson, Moderna, Oxford/AstraZeneca, Pfizer/BioNTech",5355628,4070742,9426370
2021-07-15,"Johnson&Johnson, Moderna, Oxford/AstraZeneca, Pfizer/BioNTech",5384791,4136765,9521556
2021-07-16,"Johnson&Johnson, Moderna, Oxford/AstraZeneca, Pfizer/BioNTech",5412711,4209497,9622208
2021-07-17,"Johnson&Johnson, Moderna, Oxford/AstraZeneca, Pfizer/BioNTech",5421492,4240953,9662445
2021-07-18,"Johnson&Johnson, Moderna, Oxford/AstraZeneca, Pfizer/BioNTech",5429932,4266958,9696890
2021-07-19,"Johnson&Johnson, Moderna, Oxford/AstraZeneca, Pfizer/BioNTech",5453281,4333986,9787267
2021-07-20,"Johnson&Johnson, Moderna, Oxford/AstraZeneca, Pfizer/BioNTech",5474664,4401046,9875710
2021-07-21,"Johnson&Johnson, Moderna, Oxford/AstraZeneca, Pfizer/BioNTech",5498115,4464506,9962621
2021-07-22,"Johnson&Johnson, Moderna, Oxford/AstraZeneca, Pfizer/BioNTech",5520472,4523136,10043608
2021-07-23,"Johnson&Johnson, Moderna, Oxford/AstraZeneca, Pfizer/BioNTech",5543680,4577876,10121556
2021-07-24,"Johnson&Johnson, Moderna, Oxford/AstraZeneca, Pfizer/BioNTech",5551005,4605548,10156553
2021-07-25,"Johnson&Johnson, Moderna, Oxford/AstraZeneca, Pfizer/BioNTech",5557627,4627676,10185303
2021-07-26,"Johnson&Johnson, Moderna, Oxford/AstraZeneca, Pfizer/BioNTech",5581172,4676352,10257524
2021-07-27,"Johnson&Johnson, Moderna, Oxford/AstraZeneca, Pfizer/BioNTech",5603898,4722978,10326876
2021-07-28,"Johnson&Johnson, Moderna, Oxford/AstraZeneca, Pfizer/BioNTech",5625145,4768957,10394102
2021-07-29,"Johnson&Johnson, Moderna, Oxford/AstraZeneca, Pfizer/BioNTech",5646465,4810907,10457372
2021-07-30,"Johnson&Johnson, Moderna, Oxford/AstraZeneca, Pfizer/BioNTech",5669736,4853459,10523195
2021-07-31,"Johnson&Johnson, Moderna, Oxford/AstraZeneca, Pfizer/BioNTech",5678657,4872985,10551642
2021-08-01,"Johnson&Johnson, Moderna, Oxford/AstraZeneca, Pfizer/BioNTech",5685380,4889151,10574531
2021-08-02,"Johnson&Johnson, Moderna, Oxford/AstraZeneca, Pfizer/BioNTech",5704011,4926691,10630702
2021-08-03,"Johnson&Johnson, Moderna, Oxford/AstraZeneca, Pfizer/BioNTech",5721639,4964779,10686418
2021-08-04,"Johnson&Johnson, Moderna, Oxford/AstraZeneca, Pfizer/BioNTech",5737737,5001502,10739239
2021-08-05,"Johnson&Johnson, Moderna, Oxford/AstraZeneca, Pfizer/BioNTech",5753773,5041966,10795739
2021-08-06,"Johnson&Johnson, Moderna, Oxford/AstraZeneca, Pfizer/BioNTech",5770553,5085232,10855785
2021-08-07,"Johnson&Johnson, Moderna, Oxford/AstraZeneca, Pfizer/BioNTech",5776150,5103394,10879544
2021-08-08,"Johnson&Johnson, Moderna, Oxford/AstraZeneca, Pfizer/BioNTech",5780506,5119141,10899647
2021-08-09,"Johnson&Johnson, Moderna, Oxford/AstraZeneca, Pfizer/BioNTech",5793143,5164180,10957323
2021-08-10,"Johnson&Johnson, Moderna, Oxford/AstraZeneca, Pfizer/BioNTech",5804982,5203725,11008707
2021-08-11,"Johnson&Johnson, Moderna, Oxford/AstraZeneca, Pfizer/BioNTech",5816339,5246849,11063188
2021-08-12,"Johnson&Johnson, Moderna, Oxford/AstraZeneca, Pfizer/BioNTech",5827757,5283949,11111706
2021-08-13,"Johnson&Johnson, Moderna, Oxford/AstraZeneca, Pfizer/BioNTech",5838474,5324274,11162748
2021-08-14,"Johnson&Johnson, Moderna, Oxford/AstraZeneca, Pfizer/BioNTech",5841806,5334966,11176772
2021-08-15,"Johnson&Johnson, Moderna, Oxford/AstraZeneca, Pfizer/BioNTech",5844389,5345333,11189722
2021-08-16,"Johnson&Johnson, Moderna, Oxford/AstraZeneca, Pfizer/BioNTech",5854177,5379388,11233565
2021-08-17,"Johnson&Johnson, Moderna, Oxford/AstraZeneca, Pfizer/BioNTech",5863772,5406471,11270243
2021-08-18,"Johnson&Johnson, Moderna, Oxford/AstraZeneca, Pfizer/BioNTech",5873143,5445327,11318470
2021-08-19,"Johnson&Johnson, Moderna, Oxford/AstraZeneca, Pfizer/BioNTech",5882809,5483661,11366470
2021-08-20,"Johnson&Johnson, Moderna, Oxford/AstraZeneca, Pfizer/BioNTech",5894194,5523837,11418031
2021-08-21,"Johnson&Johnson, Moderna, Oxford/AstraZeneca, Pfizer/BioNTech",5896914,5536589,11433503
2021-08-22,"Johnson&Johnson, Moderna, Oxford/AstraZeneca, Pfizer/BioNTech",5899253,5548546,11447799
2021-08-23,"Johnson&Johnson, Moderna, Oxford/AstraZeneca, Pfizer/BioNTech",5909782,5587797,11497579
2021-08-24,"Johnson&Johnson, Moderna, Oxford/AstraZeneca, Pfizer/BioNTech",5919650,5621029,11540679
2021-08-25,"Johnson&Johnson, Moderna, Oxford/AstraZeneca, Pfizer/BioNTech",5928516,5649387,11577903
2021-08-26,"Johnson&Johnson, Moderna, Oxford/AstraZeneca, Pfizer/BioNTech",5936963,5675497,11612460
2021-08-27,"Johnson&Johnson, Moderna, Oxford/AstraZeneca, Pfizer/BioNTech",5947283,5701444,11648727
2021-08-28,"Johnson&Johnson, Moderna, Oxford/AstraZeneca, Pfizer/BioNTech",5950009,5708483,11658492
2021-08-29,"Johnson&Johnson, Moderna, Oxford/AstraZeneca, Pfizer/BioNTech",5952416,5715102,11667518
2021-08-30,"Johnson&Johnson, Moderna, Oxford/AstraZeneca, Pfizer/BioNTech",5960945,5736967,11697912
2021-08-31,"Johnson&Johnson, Moderna, Oxford/AstraZeneca, Pfizer/BioNTech",5968620,5755045,11723665
2021-09-01,"Johnson&Johnson, Moderna, Oxford/AstraZeneca, Pfizer/BioNTech",5974510,5769032,11743542
2021-09-02,"Johnson&Johnson, Moderna, Oxford/AstraZeneca, Pfizer/BioNTech",5981347,5783414,11764761
2021-09-03,"Johnson&Johnson, Moderna, Oxford/AstraZeneca, Pfizer/BioNTech",5990903,5799115,11790018
2021-09-04,"Johnson&Johnson, Moderna, Oxford/AstraZeneca, Pfizer/BioNTech",5992971,5802664,11795635
2021-09-05,"Johnson&Johnson, Moderna, Oxford/AstraZeneca, Pfizer/BioNTech",5995009,5805505,11800514
2021-09-06,"Johnson&Johnson, Moderna, Oxford/AstraZeneca, Pfizer/BioNTech",6001246,5818027,11819273
2021-09-07,"Johnson&Johnson, Moderna, Oxford/AstraZeneca, Pfizer/BioNTech",6005637,5829116,11834753
2021-09-08,"Johnson&Johnson, Moderna, Oxford/AstraZeneca, Pfizer/BioNTech",6011305,5838953,11850258
2021-09-09,"Johnson&Johnson, Moderna, Oxford/AstraZeneca, Pfizer/BioNTech",6017990,5849007,11866997
2021-09-10,"Johnson&Johnson, Moderna, Oxford/AstraZeneca, Pfizer/BioNTech",6025676,5861175,11886851
2021-09-11,"Johnson&Johnson, Moderna, Oxford/AstraZeneca, Pfizer/BioNTech",6027539,5863653,11891192
2021-09-12,"Johnson&Johnson, Moderna, Oxford/AstraZeneca, Pfizer/BioNTech",6028652,5865280,11893932
2021-09-13,"Johnson&Johnson, Moderna, Oxford/AstraZeneca, Pfizer/BioNTech",6034083,5875570,11909653
2021-09-14,"Johnson&Johnson, Moderna, Oxford/AstraZeneca, Pfizer/BioNTech",6039470,5884579,11924049
2021-09-15,"Johnson&Johnson, Moderna, Oxford/AstraZeneca, Pfizer/BioNTech",6044666,5893095,11937761
2021-09-16,"Johnson&Johnson, Moderna, Oxford/AstraZeneca, Pfizer/BioNTech",6050009,5901363,11951372
2021-09-17,"Johnson&Johnson, Moderna, Oxford/AstraZeneca, Pfizer/BioNTech",6056579,5911588,11968167
2021-09-18,"Johnson&Johnson, Moderna, Oxford/AstraZeneca, Pfizer/BioNTech",6058303,5913944,11972247
2021-09-19,"Johnson&Johnson, Moderna, Oxford/AstraZeneca, Pfizer/BioNTech",6059244,5915509,11974753
2021-09-20,"Johnson&Johnson, Moderna, Oxford/AstraZeneca, Pfizer/BioNTech",6063258,5923704,11986962
2021-09-21,"Johnson&Johnson, Moderna, Oxford/AstraZeneca, Pfizer/BioNTech",6067486,5931230,11998716
2021-09-22,"Johnson&Johnson, Moderna, Oxford/AstraZeneca, Pfizer/BioNTech",6071667,5936741,12008408
2021-09-23,"Johnson&Johnson, Moderna, Oxford/AstraZeneca, Pfizer/BioNTech",6076639,5943139,12019778
2021-09-24,"Johnson&Johnson, Moderna, Oxford/AstraZeneca, Pfizer/BioNTech",6082399,5952759,12035158
2021-09-25,"Johnson&Johnson, Moderna, Oxford/AstraZeneca, Pfizer/BioNTech",6083894,5954755,12038649
2021-09-26,"Johnson&Johnson, Moderna, Pfizer/BioNTech",6084635,5956392,12041027
2021-09-27,"Johnson&Johnson, Moderna, Oxford/AstraZeneca, Pfizer/BioNTech",6088515,5962897,12051412
2021-09-28,"Johnson&Johnson, Moderna, Pfizer/BioNTech",6088877,5963517,12052394
2021-09-29,"Johnson&Johnson, Moderna, Oxford/AstraZeneca, Pfizer/BioNTech",6092652,5970976,12063628
2021-09-30,"Johnson&Johnson, Moderna, Oxford/AstraZeneca, Pfizer/BioNTech",6097153,5978670,12075823
2021-10-01,"Johnson&Johnson, Moderna, Oxford/AstraZeneca, Pfizer/BioNTech",6101448,5986639,12088087
2021-10-02,"Johnson&Johnson, Moderna, Oxford/AstraZeneca, Pfizer/BioNTech",6102509,5988175,12090684
2021-10-03,"Johnson&Johnson, Moderna, Pfizer/BioNTech",6103231,5989041,12092272
2021-10-04,"Johnson&Johnson, Moderna, Oxford/AstraZeneca, Pfizer/BioNTech",6106306,5994606,12100912
2021-10-05,"Johnson&Johnson, Moderna, Oxford/AstraZeneca, Pfizer/BioNTech",6109466,5999679,12109145
2021-10-06,"Johnson&Johnson, Moderna, Oxford/AstraZeneca, Pfizer/BioNTech",6112978,6004845,12117823
2021-10-07,"Johnson&Johnson, Moderna, Oxford/AstraZeneca, Pfizer/BioNTech",6116248,6010095,12126343
2021-10-08,"Johnson&Johnson, Moderna, Oxford/AstraZeneca, Pfizer/BioNTech",6121040,6016729,12137769
2021-10-09,"Johnson&Johnson, Moderna, Oxford/AstraZeneca, Pfizer/BioNTech",6122283,6018381,12140664
2021-10-10,"Johnson&Johnson, Moderna, Oxford/AstraZeneca, Pfizer/BioNTech",6123223,6019210,12142433
2021-10-11,"Johnson&Johnson, Moderna, Oxford/AstraZeneca, Pfizer/BioNTech",6126153,6023620,12149773
2021-10-12,"Johnson&Johnson, Moderna, Oxford/AstraZeneca, Pfizer/BioNTech",6129078,6027619,12156697
2021-10-13,"Johnson&Johnson, Moderna, Oxford/AstraZeneca, Pfizer/BioNTech",6132610,6031799,12164409
2021-10-14,"Johnson&Johnson, Moderna, Oxford/AstraZeneca, Pfizer/BioNTech",6136285,6036744,12173029
2021-10-15,"Johnson&Johnson, Moderna, Oxford/AstraZeneca, Pfizer/BioNTech",6141512,6042884,12184396
2021-10-16,"Johnson&Johnson, Moderna, Oxford/AstraZeneca, Pfizer/BioNTech",6142925,6044405,12187330
2021-10-17,"Johnson&Johnson, Moderna, Pfizer/BioNTech",6144248,6045458,12189706
2021-10-18,"Johnson&Johnson, Moderna, Oxford/AstraZeneca, Pfizer/BioNTech",6148360,6049549,12197909
2021-10-19,"Johnson&Johnson, Moderna, Oxford/AstraZeneca, Pfizer/BioNTech",6151937,6051642,12203579
2021-10-20,"Johnson&Johnson, Moderna, Oxford/AstraZeneca, Pfizer/BioNTech",6156812,6056085,12212897
2021-10-21,"Johnson&Johnson, Moderna, Oxford/AstraZeneca, Pfizer/BioNTech",6164579,6061683,12226262
2021-10-22,"Johnson&Johnson, Moderna, Oxford/AstraZeneca, Pfizer/BioNTech",6175025,6068183,12243208
2021-10-23,"Johnson&Johnson, Moderna, Oxford/AstraZeneca, Pfizer/BioNTech",6178701,6070391,12249092
2021-10-24,"Johnson&Johnson, Moderna, Pfizer/BioNTech",6181384,6072170,12253554
2021-10-25,"Johnson&Johnson, Moderna, Oxford/AstraZeneca, Pfizer/BioNTech",6191875,6077972,12269847
2021-10-26,"Johnson&Johnson, Moderna, Oxford/AstraZeneca, Pfizer/BioNTech",6203859,6084515,12288374
2021-10-27,"Johnson&Johnson, Moderna, Oxford/AstraZeneca, Pfizer/BioNTech",6218461,6091912,12310373
2021-10-28,"Johnson&Johnson, Moderna, Oxford/AstraZeneca, Pfizer/BioNTech",6221878,6093587,12315465
2021-10-29,"Johnson&Johnson, Moderna, Oxford/AstraZeneca, Pfizer/BioNTech",6236298,6101556,12337854
2021-10-30,"Johnson&Johnson, Moderna, Pfizer/BioNTech",6240828,6104476,12345304
2021-10-31,"Johnson&Johnson, Moderna, Oxford/AstraZeneca, Pfizer/BioNTech",6244590,6106947,12351537
2021-11-01,"Johnson&Johnson, Moderna, Oxford/AstraZeneca, Pfizer/BioNTech",6259789,6114631,12374420
2021-11-02,"Johnson&Johnson, Moderna, Oxford/AstraZeneca, Pfizer/BioNTech",6275237,6122179,12397416
2021-11-03,"Johnson&Johnson, Moderna, Oxford/AstraZeneca, Pfizer/BioNTech",6292413,6129468,12421881
2021-11-04,"Johnson&Johnson, Moderna, Oxford/AstraZeneca, Pfizer/BioNTech",6310763,6137638,12448401
2021-11-05,"Johnson&Johnson, Moderna, Oxford/AstraZeneca, Pfizer/BioNTech",6333562,6148905,12482467
2021-11-06,"Johnson&Johnson, Moderna, Pfizer/BioNTech",6340074,6151955,12492029
2021-11-07,"Johnson&Johnson, Moderna, Pfizer/BioNTech",6344095,6154390,12498485
2021-11-08,"Johnson&Johnson, Moderna, Oxford/AstraZeneca, Pfizer/BioNTech",6360367,6162019,12522386
2021-11-09,"Johnson&Johnson, Moderna, Oxford/AstraZeneca, Pfizer/BioNTech",6375178,6169310,12544488
2021-11-10,"Johnson&Johnson, Moderna, Oxford/AstraZeneca, Pfizer/BioNTech",6390918,6176681,12567599
2021-11-11,"Johnson&Johnson, Moderna, Oxford/AstraZeneca, Pfizer/BioNTech",6406380,6185781,12592161
2021-11-12,"Johnson&Johnson, Moderna, Oxford/AstraZeneca, Pfizer/BioNTech",6426181,6198565,12624746
2021-11-13,"Johnson&Johnson, Moderna, Oxford/AstraZeneca, Pfizer/BioNTech",6431569,6202429,12633998
2021-11-14,"Johnson&Johnson, Moderna, Oxford/AstraZeneca, Pfizer/BioNTech",6435461,6205431,12640892
2021-11-15,"Johnson&Johnson, Moderna, Oxford/AstraZeneca, Pfizer/BioNTech",6450534,6216115,12666649
2021-11-16,"Johnson&Johnson, Moderna, Oxford/AstraZeneca, Pfizer/BioNTech",6468072,6228091,12696163
2021-11-17,"Johnson&Johnson, Moderna, Oxford/AstraZeneca, Pfizer/BioNTech",6472313,6231653,12703966
2021-11-18,"Johnson&Johnson, Moderna, Oxford/AstraZeneca, Pfizer/BioNTech",6491722,6243332,12735054
2021-11-19,"Johnson&Johnson, Moderna, Oxford/AstraZeneca, Pfizer/BioNTech",6516328,6260300,12776628
2021-11-20,"Johnson&Johnson, Moderna, Pfizer/BioNTech",6524898,6265276,12790174
2021-11-21,"Johnson&Johnson, Moderna, Pfizer/BioNTech",6531671,6269047,12800718
2021-11-22,"Johnson&Johnson, Moderna, Oxford/AstraZeneca, Pfizer/BioNTech",6550179,6283154,12833333
2021-11-23,"Johnson&Johnson, Moderna, Oxford/AstraZeneca, Pfizer/BioNTech",6569237,6296409,12865646
2021-11-24,"Johnson&Johnson, Moderna, Oxford/AstraZeneca, Pfizer/BioNTech",6588229,6312245,12900474
2021-11-25,"Johnson&Johnson, Moderna, Oxford/AstraZeneca, Pfizer/BioNTech",6607379,6327265,12934644
2021-11-26,"Johnson&Johnson, Moderna, Oxford/AstraZeneca, Pfizer/BioNTech",6629032,6346398,12975430
2021-11-27,"Johnson&Johnson, Moderna, Pfizer/BioNTech",6636499,6351951,12988450
2021-11-28,"Johnson&Johnson, Moderna, Oxford/AstraZeneca, Pfizer/BioNTech",6639837,6355084,12994921
2021-11-29,"Johnson&Johnson, Moderna, Oxford/AstraZeneca, Pfizer/BioNTech",6655042,6368736,13023778
2021-11-30,"Johnson&Johnson, Moderna, Oxford/AstraZeneca, Pfizer/BioNTech",6668237,6379970,13048207
2021-12-01,"Johnson&Johnson, Moderna, Oxford/AstraZeneca, Pfizer/BioNTech",6682262,6392418,13074680
2021-12-02,"Johnson&Johnson, Moderna, Oxford/AstraZeneca, Pfizer/BioNTech",6692888,6404905,13097793
2021-12-03,"Johnson&Johnson, Moderna, Oxford/AstraZeneca, Pfizer/BioNTech",6702521,6420471,13122992
2021-12-04,"Johnson&Johnson, Moderna, Pfizer/BioNTech",6705080,6424417,13129497
2021-12-05,"Johnson&Johnson, Moderna, Pfizer/BioNTech",6706437,6426756,13133193
2021-12-06,"Johnson&Johnson, Moderna, Oxford/AstraZeneca, Pfizer/BioNTech",6714598,6438274,13152872
2021-12-07,"Johnson&Johnson, Moderna, Oxford/AstraZeneca, Pfizer/BioNTech",6722470,6450267,13172737
2021-12-08,"Johnson&Johnson, Moderna, Oxford/AstraZeneca, Pfizer/BioNTech",6730701,6456187,13186888
2021-12-09,"Johnson&Johnson, Moderna, Oxford/AstraZeneca, Pfizer/BioNTech",6737801,6468995,13206796
2021-12-10,"Johnson&Johnson, Moderna, Oxford/AstraZeneca, Pfizer/BioNTech",6744696,6486792,13231488
2021-12-11,"Johnson&Johnson, Moderna, Pfizer/BioNTech",6746356,6492060,13238416
2021-12-12,"Johnson&Johnson, Moderna, Pfizer/BioNTech",6747663,6496489,13244152
2021-12-13,"Johnson&Johnson, Moderna, Oxford/AstraZeneca, Pfizer/BioNTech",6754011,6509793,13263804
2021-12-14,"Johnson&Johnson, Moderna, Oxford/AstraZeneca, Pfizer/BioNTech",6760221,6523456,13283677
2021-12-15,"Johnson&Johnson, Moderna, Oxford/AstraZeneca, Pfizer/BioNTech",6766403,6537056,13303459
2021-12-16,"Johnson&Johnson, Moderna, Oxford/AstraZeneca, Pfizer/BioNTech",6773318,6551887,13325205
2021-12-17,"Johnson&Johnson, Moderna, Oxford/AstraZeneca, Pfizer/BioNTech",6781658,6569139,13350797
2021-12-18,"Johnson&Johnson, Moderna, Oxford/AstraZeneca, Pfizer/BioNTech",6784257,6574585,13358842
2021-12-19,"Johnson&Johnson, Moderna, Pfizer/BioNTech",6786027,6577087,13363114
2021-12-20,"Johnson&Johnson, Moderna, Oxford/AstraZeneca, Pfizer/BioNTech",6791807,6591116,13382923
2021-12-21,"Johnson&Johnson, Moderna, Oxford/AstraZeneca, Pfizer/BioNTech",6798436,6603099,13401535
2021-12-22,"Johnson&Johnson, Moderna, Oxford/AstraZeneca, Pfizer/BioNTech",6803475,6616135,13419610
2021-12-23,"Johnson&Johnson, Moderna, Oxford/AstraZeneca, Pfizer/BioNTech",6806332,6621732,13428064
2021-12-24,"Johnson&Johnson, Moderna, Pfizer/BioNTech",6806375,6621831,13428206
2021-12-25,"Moderna, Pfizer/BioNTech",6806375,6621838,13428213
2021-12-26,"Moderna, Pfizer/BioNTech",6806473,6622036,13428509
2021-12-27,"Johnson&Johnson, Moderna, Pfizer/BioNTech",6810311,6631760,13442071
2021-12-28,"Johnson&Johnson, Moderna, Pfizer/BioNTech",6815527,6639712,13455239
2021-12-29,"Johnson&Johnson, Moderna, Oxford/AstraZeneca, Pfizer/BioNTech",6819798,6647414,13467212
2021-12-30,"Johnson&Johnson, Moderna, Pfizer/BioNTech",6824089,6652830,13476919
2021-12-31,"Johnson&Johnson, Moderna, Pfizer/BioNTech",6824594,6654243,13478837
2022-01-01,"Johnson&Johnson, Moderna, Pfizer/BioNTech",6824596,6654261,13478857
2022-01-02,"Johnson&Johnson, Moderna, Pfizer/BioNTech",6825445,6655639,13481084
2022-01-03,"Johnson&Johnson, Moderna, Oxford/AstraZeneca, Pfizer/BioNTech",6829413,6664513,13493926
2022-01-04,"Johnson&Johnson, Moderna, Oxford/AstraZeneca, Pfizer/BioNTech",6834499,6672268,13506767
2022-01-05,"Johnson&Johnson, Moderna, Oxford/AstraZeneca, Pfizer/BioNTech",6840279,6680184,13520463
2022-01-06,"Johnson&Johnson, Moderna, Oxford/AstraZeneca, Pfizer/BioNTech",6846860,6688567,13535427
2022-01-07,"Johnson&Johnson, Moderna, Oxford/AstraZeneca, Pfizer/BioNTech",6854698,6698834,13553532
2022-01-08,"Johnson&Johnson, Moderna, Oxford/AstraZeneca, Pfizer/BioNTech",6857170,6701608,13558778
2022-01-09,"Johnson&Johnson, Moderna, Pfizer/BioNTech",6858254,6703307,13561561
2022-01-10,"Johnson&Johnson, Moderna, Oxford/AstraZeneca, Pfizer/BioNTech",6862680,6709408,13572088
2022-01-11,"Johnson&Johnson, Moderna, Oxford/AstraZeneca, Pfizer/BioNTech",6867966,6716110,13584076
2022-01-12,"Johnson&Johnson, Moderna, Oxford/AstraZeneca, Pfizer/BioNTech",6873869,6721691,13595560
2022-01-13,"Johnson&Johnson, Moderna, Oxford/AstraZeneca, Pfizer/BioNTech",6879650,6726403,13606053
2022-01-14,"Johnson&Johnson, Moderna, Oxford/AstraZeneca, Pfizer/BioNTech",6885777,6729899,13615676
2022-01-15,"Johnson&Johnson, Moderna, Oxford/AstraZeneca, Pfizer/BioNTech",6887037,6730543,13617580
2022-01-16,"Johnson&Johnson, Moderna, Oxford/AstraZeneca, Pfizer/BioNTech",6887690,6730971,13618661
2022-01-17,"Johnson&Johnson, Moderna, Oxford/AstraZeneca, Pfizer/BioNTech",6890990,6734693,13625683
