date,vaccine,people_vaccinated,people_fully_vaccinated,total_vaccinations
2020-12-27,Pfizer/BioNTech,1272,0,1272
2020-12-28,Pfizer/BioNTech,3573,0,3573
2020-12-29,Pfizer/BioNTech,7030,0,7030
2020-12-30,Pfizer/BioNTech,10534,0,10534
2020-12-31,Pfizer/BioNTech,11840,0,11840
2021-01-01,"Moderna, Pfizer/BioNTech",12106,0,12106
2021-01-02,Pfizer/BioNTech,13380,0,13380
2021-01-03,Pfizer/BioNTech,14300,0,14300
2021-01-04,"Moderna, Pfizer/BioNTech",17898,0,17898
2021-01-05,"Moderna, Pfizer/BioNTech",22409,0,22409
2021-01-06,Pfizer/BioNTech,28247,0,28247
2021-01-07,"Moderna, Pfizer/BioNTech",36224,0,36224
2021-01-08,Pfizer/BioNTech,46221,0,46221
2021-01-09,"Moderna, Pfizer/BioNTech",48242,0,48242
2021-01-10,Pfizer/BioNTech,50001,2,50003
2021-01-11,Pfizer/BioNTech,59827,4,59831
2021-01-12,Pfizer/BioNTech,73235,6,73241
2021-01-13,Pfizer/BioNTech,86748,6,86754
2021-01-14,"Moderna, Pfizer/BioNTech",101947,8,101955
2021-01-15,"Moderna, Pfizer/BioNTech",115928,8,115936
2021-01-16,"Moderna, Pfizer/BioNTech",119308,11,119319
2021-01-17,"Moderna, Pfizer/BioNTech",121913,649,122562
2021-01-18,"Moderna, Pfizer/BioNTech",134388,2471,136859
2021-01-19,"Moderna, Pfizer/BioNTech",146951,5189,152140
2021-01-20,"Moderna, Pfizer/BioNTech",160594,7837,168431
2021-01-21,"Moderna, Pfizer/BioNTech",176212,9570,185782
2021-01-22,"Moderna, Pfizer/BioNTech",191056,10613,201669
2021-01-23,"Moderna, Pfizer/BioNTech",194355,11487,205842
2021-01-24,"Moderna, Pfizer/BioNTech",196603,12356,208959
2021-01-25,"Moderna, Pfizer/BioNTech",206230,15324,221554
2021-01-26,"Moderna, Pfizer/BioNTech",216762,19298,236060
2021-01-27,"Moderna, Pfizer/BioNTech",225780,23819,249599
2021-01-28,"Moderna, Pfizer/BioNTech",232855,29937,262792
2021-01-29,"Moderna, Pfizer/BioNTech",239050,37822,276872
2021-01-30,"Moderna, Pfizer/BioNTech",239780,38910,278690
2021-01-31,"Moderna, Pfizer/BioNTech",240489,40090,280579
2021-02-01,"Moderna, Pfizer/BioNTech",244453,48016,292469
2021-02-02,"Moderna, Pfizer/BioNTech",248580,58239,306819
2021-02-03,"Moderna, Pfizer/BioNTech",252990,69227,322217
2021-02-04,"Moderna, Pfizer/BioNTech",257880,82182,340062
2021-02-05,"Moderna, Pfizer/BioNTech",263329,92830,356159
2021-02-06,"Moderna, Pfizer/BioNTech",264170,95178,359348
2021-02-07,"Moderna, Pfizer/BioNTech",265017,97665,362682
2021-02-08,"Moderna, Oxford/AstraZeneca, Pfizer/BioNTech",269082,109051,378133
2021-02-09,"Moderna, Oxford/AstraZeneca, Pfizer/BioNTech",274166,120968,395134
2021-02-10,"Moderna, Pfizer/BioNTech",279657,134175,413832
2021-02-11,"Moderna, Oxford/AstraZeneca, Pfizer/BioNTech",285960,150356,436316
2021-02-12,"Moderna, Oxford/AstraZeneca, Pfizer/BioNTech",292703,165046,457749
2021-02-13,"Moderna, Oxford/AstraZeneca, Pfizer/BioNTech",294294,168026,462320
2021-02-14,"Moderna, Oxford/AstraZeneca, Pfizer/BioNTech",295285,169404,464689
2021-02-15,"Moderna, Oxford/AstraZeneca, Pfizer/BioNTech",301677,178739,480416
2021-02-16,"Moderna, Oxford/AstraZeneca, Pfizer/BioNTech",310382,187791,498173
2021-02-17,"Moderna, Oxford/AstraZeneca, Pfizer/BioNTech",320064,196080,516144
2021-02-18,"Moderna, Oxford/AstraZeneca, Pfizer/BioNTech",332366,204121,536487
2021-02-19,"Moderna, Oxford/AstraZeneca, Pfizer/BioNTech",344210,211440,555650
2021-02-20,"Moderna, Oxford/AstraZeneca, Pfizer/BioNTech",346191,212616,558807
2021-02-21,"Moderna, Oxford/AstraZeneca, Pfizer/BioNTech",347303,213631,560934
2021-02-22,"Moderna, Oxford/AstraZeneca, Pfizer/BioNTech",357421,219636,577057
2021-02-23,"Moderna, Oxford/AstraZeneca, Pfizer/BioNTech",370350,226596,596946
2021-02-24,"Moderna, Oxford/AstraZeneca, Pfizer/BioNTech",384210,232615,616825
2021-02-25,"Moderna, Oxford/AstraZeneca, Pfizer/BioNTech",402162,238147,640309
2021-02-26,"Moderna, Oxford/AstraZeneca, Pfizer/BioNTech",418318,243474,661792
2021-02-27,"Moderna, Oxford/AstraZeneca, Pfizer/BioNTech",421319,244024,665343
2021-02-28,"Moderna, Oxford/AstraZeneca, Pfizer/BioNTech",423658,244568,668226
2021-03-01,"Moderna, Oxford/AstraZeneca, Pfizer/BioNTech",443195,247995,691190
2021-03-02,"Moderna, Oxford/AstraZeneca, Pfizer/BioNTech",470395,251530,721925
2021-03-03,"Moderna, Oxford/AstraZeneca, Pfizer/BioNTech",501224,256018,757242
2021-03-04,"Moderna, Oxford/AstraZeneca, Pfizer/BioNTech",534430,260682,795112
2021-03-05,"Johnson&Johnson, Moderna, Oxford/AstraZeneca, Pfizer/BioNTech",563219,266080,829299
2021-03-06,"Johnson&Johnson, Moderna, Oxford/AstraZeneca, Pfizer/BioNTech",575345,266928,842273
2021-03-07,"Johnson&Johnson, Moderna, Oxford/AstraZeneca, Pfizer/BioNTech",586862,267761,854623
2021-03-08,"Johnson&Johnson, Moderna, Oxford/AstraZeneca, Pfizer/BioNTech",616545,272590,889135
2021-03-09,"Johnson&Johnson, Moderna, Oxford/AstraZeneca, Pfizer/BioNTech",652801,278949,931750
2021-03-10,"Moderna, Oxford/AstraZeneca, Pfizer/BioNTech",694058,285879,979937
2021-03-11,"Johnson&Johnson, Moderna, Oxford/AstraZeneca, Pfizer/BioNTech",738844,294228,1033072
2021-03-12,"Johnson&Johnson, Moderna, Oxford/AstraZeneca, Pfizer/BioNTech",777609,302674,1080283
2021-03-13,"Moderna, Oxford/AstraZeneca, Pfizer/BioNTech",794657,303963,1098620
2021-03-14,"Moderna, Oxford/AstraZeneca, Pfizer/BioNTech",806750,305098,1111848
2021-03-15,"Moderna, Oxford/AstraZeneca, Pfizer/BioNTech",835103,313866,1148969
2021-03-16,"Johnson&Johnson, Moderna, Oxford/AstraZeneca, Pfizer/BioNTech",873941,324383,1198324
2021-03-17,"Moderna, Oxford/AstraZeneca, Pfizer/BioNTech",911380,334868,1246248
2021-03-18,"Johnson&Johnson, Moderna, Oxford/AstraZeneca, Pfizer/BioNTech",949314,347261,1296575
2021-03-19,"Moderna, Oxford/AstraZeneca, Pfizer/BioNTech",983751,360847,1344598
2021-03-20,"Johnson&Johnson, Moderna, Oxford/AstraZeneca, Pfizer/BioNTech",998866,362857,1361723
2021-03-21,"Johnson&Johnson, Moderna, Oxford/AstraZeneca, Pfizer/BioNTech",1006257,364398,1370655
2021-03-22,"Johnson&Johnson, Moderna, Oxford/AstraZeneca, Pfizer/BioNTech",1030766,376885,1407651
2021-03-23,"Johnson&Johnson, Moderna, Oxford/AstraZeneca, Pfizer/BioNTech",1057364,390213,1447577
2021-03-24,"Johnson&Johnson, Moderna, Oxford/AstraZeneca, Pfizer/BioNTech",1084186,405918,1490104
2021-03-25,"Moderna, Oxford/AstraZeneca, Pfizer/BioNTech",1110477,423745,1534222
2021-03-26,"Moderna, Oxford/AstraZeneca, Pfizer/BioNTech",1135246,441224,1576470
2021-03-27,"Johnson&Johnson, Moderna, Oxford/AstraZeneca, Pfizer/BioNTech",1143661,446055,1589716
2021-03-28,"Moderna, Oxford/AstraZeneca, Pfizer/BioNTech",1149188,450187,1599375
2021-03-29,"Johnson&Johnson, Moderna, Oxford/AstraZeneca, Pfizer/BioNTech",1168280,470878,1639158
2021-03-30,"Johnson&Johnson, Moderna, Oxford/AstraZeneca, Pfizer/BioNTech",1192954,493035,1685989
2021-03-31,"Johnson&Johnson, Moderna, Oxford/AstraZeneca, Pfizer/BioNTech",1216020,520069,1736089
2021-04-01,"Johnson&Johnson, Moderna, Oxford/AstraZeneca, Pfizer/BioNTech",1241588,552091,1793679
2021-04-02,"Johnson&Johnson, Moderna, Oxford/AstraZeneca, Pfizer/BioNTech",1248477,564869,1813346
2021-04-03,"Johnson&Johnson, Moderna, Oxford/AstraZeneca, Pfizer/BioNTech",1252072,575772,1827844
2021-04-04,"Johnson&Johnson, Moderna, Oxford/AstraZeneca, Pfizer/BioNTech",1254561,584667,1839228
2021-04-05,"Johnson&Johnson, Moderna, Oxford/AstraZeneca, Pfizer/BioNTech",1256930,591837,1848767
2021-04-06,"Johnson&Johnson, Moderna, Oxford/AstraZeneca, Pfizer/BioNTech",1273017,621051,1894068
2021-04-07,"Johnson&Johnson, Moderna, Oxford/AstraZeneca, Pfizer/BioNTech",1296381,643241,1939622
2021-04-08,"Johnson&Johnson, Moderna, Oxford/AstraZeneca, Pfizer/BioNTech",1335014,674230,2009244
2021-04-09,"Johnson&Johnson, Moderna, Oxford/AstraZeneca, Pfizer/BioNTech",1374485,704389,2078874
2021-04-10,"Johnson&Johnson, Moderna, Oxford/AstraZeneca, Pfizer/BioNTech",1389927,719662,2109589
2021-04-11,"Johnson&Johnson, Moderna, Oxford/AstraZeneca, Pfizer/BioNTech",1399672,729677,2129349
2021-04-12,"Johnson&Johnson, Moderna, Oxford/AstraZeneca, Pfizer/BioNTech",1437885,754763,2192648
2021-04-13,"Moderna, Oxford/AstraZeneca, Pfizer/BioNTech",1474081,780757,2254838
2021-04-14,"Moderna, Oxford/AstraZeneca, Pfizer/BioNTech",1512845,808089,2320934
2021-04-15,"Moderna, Oxford/AstraZeneca, Pfizer/BioNTech",1560591,833777,2394368
2021-04-16,"Moderna, Oxford/AstraZeneca, Pfizer/BioNTech",1605193,859376,2464569
2021-04-17,"Moderna, Oxford/AstraZeneca, Pfizer/BioNTech",1621849,868388,2490237
2021-04-18,"Moderna, Oxford/AstraZeneca, Pfizer/BioNTech",1634810,873363,2508173
2021-04-19,"Moderna, Oxford/AstraZeneca, Pfizer/BioNTech",1678781,888795,2567576
2021-04-20,"Johnson&Johnson, Moderna, Oxford/AstraZeneca, Pfizer/BioNTech",1721295,904638,2625933
2021-04-21,"Moderna, Oxford/AstraZeneca, Pfizer/BioNTech",1768987,918957,2687944
2021-04-22,"Johnson&Johnson, Moderna, Oxford/AstraZeneca, Pfizer/BioNTech",1823438,936315,2759753
2021-04-23,"Johnson&Johnson, Moderna, Oxford/AstraZeneca, Pfizer/BioNTech",1873353,948344,2821697
2021-04-24,"Johnson&Johnson, Moderna, Oxford/AstraZeneca, Pfizer/BioNTech",1891161,953573,2844734
2021-04-25,"Johnson&Johnson, Moderna, Oxford/AstraZeneca, Pfizer/BioNTech",1905829,957555,2863384
2021-04-26,"Johnson&Johnson, Moderna, Oxford/AstraZeneca, Pfizer/BioNTech",1955392,965093,2920485
2021-04-27,"Johnson&Johnson, Moderna, Oxford/AstraZeneca, Pfizer/BioNTech",2004343,977286,2981629
2021-04-28,"Johnson&Johnson, Moderna, Oxford/AstraZeneca, Pfizer/BioNTech",2063061,991247,3054308
2021-04-29,"Johnson&Johnson, Moderna, Oxford/AstraZeneca, Pfizer/BioNTech",2128597,1007088,3135685
2021-04-30,"Johnson&Johnson, Moderna, Oxford/AstraZeneca, Pfizer/BioNTech",2190782,1017010,3207792
2021-05-01,"Johnson&Johnson, Moderna, Oxford/AstraZeneca, Pfizer/BioNTech",2210072,1020425,3230497
2021-05-02,"Johnson&Johnson, Moderna, Oxford/AstraZeneca, Pfizer/BioNTech",2228964,1022674,3251638
2021-05-03,"Johnson&Johnson, Moderna, Oxford/AstraZeneca, Pfizer/BioNTech",2296184,1027719,3323903
2021-05-04,"Johnson&Johnson, Moderna, Oxford/AstraZeneca, Pfizer/BioNTech",2362651,1036014,3398665
2021-05-05,"Johnson&Johnson, Moderna, Oxford/AstraZeneca, Pfizer/BioNTech",2435771,1045374,3481145
2021-05-06,"Johnson&Johnson, Moderna, Oxford/AstraZeneca, Pfizer/BioNTech",2516133,1056043,3572176
2021-05-07,"Johnson&Johnson, Moderna, Oxford/AstraZeneca, Pfizer/BioNTech",2593397,1066095,3659492
2021-05-08,"Johnson&Johnson, Moderna, Oxford/AstraZeneca, Pfizer/BioNTech",2622794,1067830,3690624
2021-05-09,"Johnson&Johnson, Moderna, Oxford/AstraZeneca, Pfizer/BioNTech",2646962,1069017,3715979
2021-05-10,"Johnson&Johnson, Moderna, Oxford/AstraZeneca, Pfizer/BioNTech",2719693,1076192,3795885
2021-05-11,"Johnson&Johnson, Moderna, Oxford/AstraZeneca, Pfizer/BioNTech",2795759,1084957,3880716
2021-05-12,"Johnson&Johnson, Moderna, Oxford/AstraZeneca, Pfizer/BioNTech",2875574,1093997,3969571
2021-05-13,"Johnson&Johnson, Moderna, Oxford/AstraZeneca, Pfizer/BioNTech",2959562,1103123,4062685
2021-05-14,"Johnson&Johnson, Moderna, Oxford/AstraZeneca, Pfizer/BioNTech",3038957,1110846,4149803
2021-05-15,"Johnson&Johnson, Moderna, Oxford/AstraZeneca, Pfizer/BioNTech",3070793,1113033,4183826
2021-05-16,"Johnson&Johnson, Moderna, Oxford/AstraZeneca, Pfizer/BioNTech",3096537,1114272,4210809
2021-05-17,"Johnson&Johnson, Moderna, Oxford/AstraZeneca, Pfizer/BioNTech",3169015,1120951,4289966
2021-05-18,"Johnson&Johnson, Moderna, Oxford/AstraZeneca, Pfizer/BioNTech",3240915,1133935,4374850
2021-05-19,"Johnson&Johnson, Moderna, Oxford/AstraZeneca, Pfizer/BioNTech",3318352,1149022,4467374
2021-05-20,"Johnson&Johnson, Moderna, Oxford/AstraZeneca, Pfizer/BioNTech",3393758,1175984,4569742
2021-05-21,"Johnson&Johnson, Moderna, Oxford/AstraZeneca, Pfizer/BioNTech",3462501,1203663,4666164
2021-05-22,"Johnson&Johnson, Moderna, Oxford/AstraZeneca, Pfizer/BioNTech",3494830,1214794,4709624
2021-05-23,"Johnson&Johnson, Moderna, Oxford/AstraZeneca, Pfizer/BioNTech",3517134,1223795,4740929
2021-05-24,"Johnson&Johnson, Moderna, Oxford/AstraZeneca, Pfizer/BioNTech",3564209,1257391,4821600
2021-05-25,"Johnson&Johnson, Moderna, Oxford/AstraZeneca, Pfizer/BioNTech",3616042,1293128,4909170
2021-05-26,"Johnson&Johnson, Moderna, Oxford/AstraZeneca, Pfizer/BioNTech",3683767,1330598,5014365
2021-05-27,"Johnson&Johnson, Moderna, Oxford/AstraZeneca, Pfizer/BioNTech",3745118,1377858,5122976
2021-05-28,"Johnson&Johnson, Moderna, Oxford/AstraZeneca, Pfizer/BioNTech",3806777,1424341,5231118
2021-05-29,"Johnson&Johnson, Moderna, Oxford/AstraZeneca, Pfizer/BioNTech",3835922,1441407,5277329
2021-05-30,"Johnson&Johnson, Moderna, Oxford/AstraZeneca, Pfizer/BioNTech",3858259,1455812,5314071
2021-05-31,"Johnson&Johnson, Moderna, Oxford/AstraZeneca, Pfizer/BioNTech",3913969,1503311,5417280
2021-06-01,"Johnson&Johnson, Moderna, Oxford/AstraZeneca, Pfizer/BioNTech",3972978,1552071,5525049
2021-06-02,"Johnson&Johnson, Moderna, Oxford/AstraZeneca, Pfizer/BioNTech",4035843,1605961,5641804
2021-06-03,"Johnson&Johnson, Moderna, Oxford/AstraZeneca, Pfizer/BioNTech",4094060,1666100,5760160
2021-06-04,"Johnson&Johnson, Moderna, Oxford/AstraZeneca, Pfizer/BioNTech",4157131,1723404,5880535
2021-06-05,"Johnson&Johnson, Moderna, Oxford/AstraZeneca, Pfizer/BioNTech",4191257,1742172,5933429
2021-06-06,"Johnson&Johnson, Moderna, Oxford/AstraZeneca, Pfizer/BioNTech",4218157,1757261,5975418
2021-06-07,"Johnson&Johnson, Moderna, Oxford/AstraZeneca, Pfizer/BioNTech",4281826,1812819,6094645
2021-06-08,"Johnson&Johnson, Moderna, Oxford/AstraZeneca, Pfizer/BioNTech",4345787,1867714,6213501
2021-06-09,"Johnson&Johnson, Moderna, Oxford/AstraZeneca, Pfizer/BioNTech",4404962,1932044,6337006
2021-06-10,"Johnson&Johnson, Moderna, Oxford/AstraZeneca, Pfizer/BioNTech",4458838,2003039,6461877
2021-06-11,"Johnson&Johnson, Moderna, Oxford/AstraZeneca, Pfizer/BioNTech",4510923,2072649,6583572
2021-06-12,"Johnson&Johnson, Moderna, Oxford/AstraZeneca, Pfizer/BioNTech",4542901,2093374,6636275
2021-06-13,"Johnson&Johnson, Moderna, Oxford/AstraZeneca, Pfizer/BioNTech",4566907,2111724,6678631
2021-06-14,"Johnson&Johnson, Moderna, Oxford/AstraZeneca, Pfizer/BioNTech",4609955,2186011,6795966
2021-06-15,"Johnson&Johnson, Moderna, Oxford/AstraZeneca, Pfizer/BioNTech",4654587,2258248,6912835
2021-06-16,"Johnson&Johnson, Moderna, Oxford/AstraZeneca, Pfizer/BioNTech",4697313,2336357,7033670
2021-06-17,"Johnson&Johnson, Moderna, Oxford/AstraZeneca, Pfizer/BioNTech",4736680,2419305,7155985
2021-06-18,"Johnson&Johnson, Moderna, Oxford/AstraZeneca, Pfizer/BioNTech",4779054,2499680,7278734
2021-06-19,"Johnson&Johnson, Moderna, Oxford/AstraZeneca, Pfizer/BioNTech",4800787,2528890,7329677
2021-06-20,"Johnson&Johnson, Moderna, Oxford/AstraZeneca, Pfizer/BioNTech",4818143,2552646,7370789
2021-06-21,"Johnson&Johnson, Moderna, Oxford/AstraZeneca, Pfizer/BioNTech",4850648,2631113,7481761
2021-06-22,"Johnson&Johnson, Moderna, Oxford/AstraZeneca, Pfizer/BioNTech",4883603,2713260,7596863
2021-06-23,"Johnson&Johnson, Moderna, Oxford/AstraZeneca, Pfizer/BioNTech",4915245,2798376,7713621
2021-06-24,"Johnson&Johnson, Moderna, Oxford/AstraZeneca, Pfizer/BioNTech",4945080,2888303,7833383
2021-06-25,"Johnson&Johnson, Moderna, Oxford/AstraZeneca, Pfizer/BioNTech",4976114,2974312,7950426
2021-06-26,"Johnson&Johnson, Moderna, Oxford/AstraZeneca, Pfizer/BioNTech",4991963,3009041,8001004
2021-06-27,"Johnson&Johnson, Moderna, Oxford/AstraZeneca, Pfizer/BioNTech",5005902,3035626,8041528
2021-06-28,"Johnson&Johnson, Moderna, Oxford/AstraZeneca, Pfizer/BioNTech",5034320,3120708,8155028
2021-06-29,"Johnson&Johnson, Moderna, Oxford/AstraZeneca, Pfizer/BioNTech",5063570,3207082,8270652
2021-06-30,"Johnson&Johnson, Moderna, Oxford/AstraZeneca, Pfizer/BioNTech",5091069,3297924,8388993
2021-07-01,"Johnson&Johnson, Moderna, Oxford/AstraZeneca, Pfizer/BioNTech",5115012,3387835,8502847
2021-07-02,"Johnson&Johnson, Moderna, Oxford/AstraZeneca, Pfizer/BioNTech",5141731,3473531,8615262
2021-07-03,"Johnson&Johnson, Moderna, Oxford/AstraZeneca, Pfizer/BioNTech",5148800,3504975,8653775
2021-07-04,"Johnson&Johnson, Moderna, Oxford/AstraZeneca, Pfizer/BioNTech",5156342,3526730,8683072
2021-07-05,"Johnson&Johnson, Moderna, Oxford/AstraZeneca, Pfizer/BioNTech",5163686,3552039,8715725
2021-07-06,"Johnson&Johnson, Moderna, Oxford/AstraZeneca, Pfizer/BioNTech",5169077,3579605,8748682
2021-07-07,"Johnson&Johnson, Moderna, Oxford/AstraZeneca, Pfizer/BioNTech",5194859,3658463,8853322
2021-07-08,"Johnson&Johnson, Moderna, Oxford/AstraZeneca, Pfizer/BioNTech",5221440,3728675,8950115
2021-07-09,"Johnson&Johnson, Moderna, Oxford/AstraZeneca, Pfizer/BioNTech",5249338,3797825,9047163
2021-07-10,"Johnson&Johnson, Moderna, Oxford/AstraZeneca, Pfizer/BioNTech",5258672,3826381,9085053
2021-07-11,"Johnson&Johnson, Moderna, Oxford/AstraZeneca, Pfizer/BioNTech",5267188,3849223,9116411
2021-07-12,"Johnson&Johnson, Moderna, Oxford/AstraZeneca, Pfizer/BioNTech",5294716,3918223,9212939
2021-07-13,"Johnson&Johnson, Moderna, Oxford/AstraZeneca, Pfizer/BioNTech",5320908,3987998,9308906
2021-07-14,"Johnson&Johnson, Moderna, Oxford/AstraZeneca, Pfizer/BioNTech",5346744,4059883,9406627
2021-07-15,"Johnson&Johnson, Moderna, Oxford/AstraZeneca, Pfizer/BioNTech",5375941,4125791,9501732
2021-07-16,"Johnson&Johnson, Moderna, Oxford/AstraZeneca, Pfizer/BioNTech",5403868,4198389,9602257
2021-07-17,"Johnson&Johnson, Moderna, Oxford/AstraZeneca, Pfizer/BioNTech",5412617,4229764,9642381
2021-07-18,"Johnson&Johnson, Moderna, Oxford/AstraZeneca, Pfizer/BioNTech",5421051,4255724,9676775
2021-07-19,"Johnson&Johnson, Moderna, Oxford/AstraZeneca, Pfizer/BioNTech",5444387,4322657,9767044
2021-07-20,"Johnson&Johnson, Moderna, Oxford/AstraZeneca, Pfizer/BioNTech",5465764,4389604,9855368
2021-07-21,"Johnson&Johnson, Moderna, Oxford/AstraZeneca, Pfizer/BioNTech",5489201,4452951,9942152
2021-07-22,"Johnson&Johnson, Moderna, Oxford/AstraZeneca, Pfizer/BioNTech",5511534,4511469,10023003
2021-07-23,"Johnson&Johnson, Moderna, Oxford/AstraZeneca, Pfizer/BioNTech",5534699,4566096,10100795
2021-07-24,"Johnson&Johnson, Moderna, Oxford/AstraZeneca, Pfizer/BioNTech",5541995,4593694,10135689
2021-07-25,"Johnson&Johnson, Moderna, Oxford/AstraZeneca, Pfizer/BioNTech",5548593,4615727,10164320
2021-07-26,"Johnson&Johnson, Moderna, Oxford/AstraZeneca, Pfizer/BioNTech",5572089,4664279,10236368
2021-07-27,"Johnson&Johnson, Moderna, Oxford/AstraZeneca, Pfizer/BioNTech",5594785,4710804,10305589
2021-07-28,"Johnson&Johnson, Moderna, Oxford/AstraZeneca, Pfizer/BioNTech",5616003,4756676,10372679
2021-07-29,"Johnson&Johnson, Moderna, Oxford/AstraZeneca, Pfizer/BioNTech",5637281,4798511,10435792
2021-07-30,"Johnson&Johnson, Moderna, Oxford/AstraZeneca, Pfizer/BioNTech",5660537,4840956,10501493
2021-07-31,"Johnson&Johnson, Moderna, Oxford/AstraZeneca, Pfizer/BioNTech",5669452,4860442,10529894
2021-08-01,"Johnson&Johnson, Moderna, Oxford/AstraZeneca, Pfizer/BioNTech",5676159,4876566,10552725
2021-08-02,"Johnson&Johnson, Moderna, Oxford/AstraZeneca, Pfizer/BioNTech",5694753,4914029,10608782
2021-08-03,"Johnson&Johnson, Moderna, Oxford/AstraZeneca, Pfizer/BioNTech",5712358,4952046,10664404
2021-08-04,"Johnson&Johnson, Moderna, Oxford/AstraZeneca, Pfizer/BioNTech",5728418,4988687,10717105
2021-08-05,"Johnson&Johnson, Moderna, Oxford/AstraZeneca, Pfizer/BioNTech",5744408,5029059,10773467
2021-08-06,"Johnson&Johnson, Moderna, Oxford/AstraZeneca, Pfizer/BioNTech",5761157,5072226,10833383
2021-08-07,"Johnson&Johnson, Moderna, Oxford/AstraZeneca, Pfizer/BioNTech",5766727,5090341,10857068
2021-08-08,"Johnson&Johnson, Moderna, Oxford/AstraZeneca, Pfizer/BioNTech",5771073,5106058,10877131
2021-08-09,"Johnson&Johnson, Moderna, Oxford/AstraZeneca, Pfizer/BioNTech",5783691,5151040,10934731
2021-08-10,"Johnson&Johnson, Moderna, Oxford/AstraZeneca, Pfizer/BioNTech",5795492,5190528,10986020
2021-08-11,"Johnson&Johnson, Moderna, Oxford/AstraZeneca, Pfizer/BioNTech",5806827,5233588,11040415
2021-08-12,"Johnson&Johnson, Moderna, Oxford/AstraZeneca, Pfizer/BioNTech",5818209,5270582,11088791
2021-08-13,"Johnson&Johnson, Moderna, Oxford/AstraZeneca, Pfizer/BioNTech",5828875,5310816,11139691
2021-08-14,"Johnson&Johnson, Moderna, Oxford/AstraZeneca, Pfizer/BioNTech",5832211,5321478,11153689
2021-08-15,"Johnson&Johnson, Moderna, Oxford/AstraZeneca, Pfizer/BioNTech",5834785,5331828,11166613
2021-08-16,"Johnson&Johnson, Moderna, Oxford/AstraZeneca, Pfizer/BioNTech",5844550,5365816,11210366
2021-08-17,"Johnson&Johnson, Moderna, Oxford/AstraZeneca, Pfizer/BioNTech",5854108,5392844,11246952
2021-08-18,"Johnson&Johnson, Moderna, Oxford/AstraZeneca, Pfizer/BioNTech",5863457,5431639,11295096
2021-08-19,"Johnson&Johnson, Moderna, Oxford/AstraZeneca, Pfizer/BioNTech",5873077,5469917,11342994
2021-08-20,"Johnson&Johnson, Moderna, Oxford/AstraZeneca, Pfizer/BioNTech",5884396,5510035,11394431
2021-08-21,"Johnson&Johnson, Moderna, Oxford/AstraZeneca, Pfizer/BioNTech",5887098,5522763,11409861
2021-08-22,"Johnson&Johnson, Moderna, Oxford/AstraZeneca, Pfizer/BioNTech",5889436,5534704,11424140
2021-08-23,"Johnson&Johnson, Moderna, Oxford/AstraZeneca, Pfizer/BioNTech",5899927,5573876,11473803
2021-08-24,"Johnson&Johnson, Moderna, Oxford/AstraZeneca, Pfizer/BioNTech",5909767,5607058,11516825
2021-08-25,"Johnson&Johnson, Moderna, Oxford/AstraZeneca, Pfizer/BioNTech",5918595,5635353,11553948
2021-08-26,"Johnson&Johnson, Moderna, Oxford/AstraZeneca, Pfizer/BioNTech",5927006,5661403,11588409
2021-08-27,"Johnson&Johnson, Moderna, Oxford/AstraZeneca, Pfizer/BioNTech",5937298,5687283,11624581
2021-08-28,"Johnson&Johnson, Moderna, Oxford/AstraZeneca, Pfizer/BioNTech",5940010,5694294,11634304
2021-08-29,"Johnson&Johnson, Moderna, Oxford/AstraZeneca, Pfizer/BioNTech",5942411,5700903,11643314
2021-08-30,"Johnson&Johnson, Moderna, Oxford/AstraZeneca, Pfizer/BioNTech",5950902,5722709,11673611
2021-08-31,"Johnson&Johnson, Moderna, Oxford/AstraZeneca, Pfizer/BioNTech",5958530,5740732,11699262
2021-09-01,"Johnson&Johnson, Moderna, Oxford/AstraZeneca, Pfizer/BioNTech",5964376,5754663,11719039
2021-09-02,"Johnson&Johnson, Moderna, Oxford/AstraZeneca, Pfizer/BioNTech",5971107,5768989,11740096
2021-09-03,"Johnson&Johnson, Moderna, Oxford/AstraZeneca, Pfizer/BioNTech",5980532,5784613,11765145
2021-09-04,"Johnson&Johnson, Moderna, Oxford/AstraZeneca, Pfizer/BioNTech",5982577,5788141,11770718
2021-09-05,"Johnson&Johnson, Moderna, Oxford/AstraZeneca, Pfizer/BioNTech",5984601,5790966,11775567
2021-09-06,"Johnson&Johnson, Moderna, Oxford/AstraZeneca, Pfizer/BioNTech",5990719,5803436,11794155
2021-09-07,"Johnson&Johnson, Moderna, Oxford/AstraZeneca, Pfizer/BioNTech",5995052,5814478,11809530
2021-09-08,"Johnson&Johnson, Moderna, Oxford/AstraZeneca, Pfizer/BioNTech",6000631,5824278,11824909
2021-09-09,"Johnson&Johnson, Moderna, Oxford/AstraZeneca, Pfizer/BioNTech",6007241,5834308,11841549
2021-09-10,"Johnson&Johnson, Moderna, Oxford/AstraZeneca, Pfizer/BioNTech",6014832,5846436,11861268
2021-09-11,"Johnson&Johnson, Moderna, Pfizer/BioNTech",6016685,5848898,11865583
2021-09-12,"Johnson&Johnson, Moderna, Oxford/AstraZeneca, Pfizer/BioNTech",6017789,5850512,11868301
2021-09-13,"Johnson&Johnson, Moderna, Oxford/AstraZeneca, Pfizer/BioNTech",6023149,5860750,11883899
2021-09-14,"Johnson&Johnson, Moderna, Oxford/AstraZeneca, Pfizer/BioNTech",6028413,5869682,11898095
2021-09-15,"Johnson&Johnson, Moderna, Oxford/AstraZeneca, Pfizer/BioNTech",6033506,5878129,11911635
2021-09-16,"Johnson&Johnson, Moderna, Oxford/AstraZeneca, Pfizer/BioNTech",6038676,5886345,11925021
2021-09-17,"Johnson&Johnson, Moderna, Oxford/AstraZeneca, Pfizer/BioNTech",6045065,5896426,11941491
2021-09-18,"Johnson&Johnson, Moderna, Pfizer/BioNTech",6046766,5898760,11945526
2021-09-19,"Johnson&Johnson, Moderna, Oxford/AstraZeneca, Pfizer/BioNTech",6047697,5900319,11948016
2021-09-20,"Johnson&Johnson, Moderna, Oxford/AstraZeneca, Pfizer/BioNTech",6051531,5908398,11959929
2021-09-21,"Johnson&Johnson, Moderna, Oxford/AstraZeneca, Pfizer/BioNTech",6055526,5915871,11971397
2021-09-22,"Johnson&Johnson, Moderna, Oxford/AstraZeneca, Pfizer/BioNTech",6059557,5921311,11980868
2021-09-23,"Johnson&Johnson, Moderna, Oxford/AstraZeneca, Pfizer/BioNTech",6064442,5927661,11992103
2021-09-24,"Johnson&Johnson, Moderna, Oxford/AstraZeneca, Pfizer/BioNTech",6070001,5937123,12007124
2021-09-25,"Johnson&Johnson, Moderna, Oxford/AstraZeneca, Pfizer/BioNTech",6071452,5939070,12010522
2021-09-26,"Johnson&Johnson, Moderna, Pfizer/BioNTech",6072188,5940683,12012871
2021-09-27,"Johnson&Johnson, Moderna, Oxford/AstraZeneca, Pfizer/BioNTech",6075947,5947090,12023037
2021-09-28,"Johnson&Johnson, Moderna, Pfizer/BioNTech",6076264,5947674,12023938
2021-09-29,"Johnson&Johnson, Moderna, Oxford/AstraZeneca, Pfizer/BioNTech",6079917,5954986,12034903
2021-09-30,"Johnson&Johnson, Moderna, Oxford/AstraZeneca, Pfizer/BioNTech",6084205,5962554,12046759
2021-10-01,"Johnson&Johnson, Moderna, Oxford/AstraZeneca, Pfizer/BioNTech",6088194,5970325,12058519
2021-10-02,"Johnson&Johnson, Moderna, Pfizer/BioNTech",6089233,5971850,12061083
2021-10-03,"Johnson&Johnson, Moderna, Pfizer/BioNTech",6089928,5972706,12062634
2021-10-04,"Johnson&Johnson, Moderna, Oxford/AstraZeneca, Pfizer/BioNTech",6092833,5978103,12070936
2021-10-05,"Johnson&Johnson, Moderna, Oxford/AstraZeneca, Pfizer/BioNTech",6095683,5982949,12078632
2021-10-06,"Johnson&Johnson, Moderna, Oxford/AstraZeneca, Pfizer/BioNTech",6098999,5987924,12086923
2021-10-07,"Johnson&Johnson, Moderna, Oxford/AstraZeneca, Pfizer/BioNTech",6101944,5992885,12094829
2021-10-08,"Johnson&Johnson, Moderna, Oxford/AstraZeneca, Pfizer/BioNTech",6106060,5998857,12104917
