date,vaccine,people_vaccinated,people_fully_vaccinated,total_vaccinations
2020-12-27,Pfizer/BioNTech,1279,0,1279
2020-12-28,Pfizer/BioNTech,3584,0,3584
2020-12-29,Pfizer/BioNTech,7050,0,7050
2020-12-30,Pfizer/BioNTech,10563,0,10563
2020-12-31,Pfizer/BioNTech,11868,0,11868
2021-01-01,"Moderna, Pfizer/BioNTech",12137,0,12137
2021-01-02,Pfizer/BioNTech,13413,0,13413
2021-01-03,Pfizer/BioNTech,14335,0,14335
2021-01-04,"Moderna, Pfizer/BioNTech",17942,0,17942
2021-01-05,"Moderna, Pfizer/BioNTech",22452,0,22452
2021-01-06,"Moderna, Pfizer/BioNTech",28290,1,28291
2021-01-07,"Moderna, Pfizer/BioNTech",36282,1,36283
2021-01-08,"Moderna, Pfizer/BioNTech",46330,1,46331
2021-01-09,"Moderna, Pfizer/BioNTech",48355,2,48357
2021-01-10,Pfizer/BioNTech,50120,4,50124
2021-01-11,Pfizer/BioNTech,59970,6,59976
2021-01-12,"Moderna, Pfizer/BioNTech",73412,8,73420
2021-01-13,Pfizer/BioNTech,86944,8,86952
2021-01-14,"Moderna, Pfizer/BioNTech",102165,12,102177
2021-01-15,"Moderna, Pfizer/BioNTech",116165,12,116177
2021-01-16,"Moderna, Pfizer/BioNTech",119557,15,119572
2021-01-17,"Moderna, Pfizer/BioNTech",122170,651,122821
2021-01-18,"Moderna, Pfizer/BioNTech",134646,2477,137123
2021-01-19,"Moderna, Pfizer/BioNTech",147241,5199,152440
2021-01-20,"Moderna, Pfizer/BioNTech",160910,7854,168764
2021-01-21,"Moderna, Pfizer/BioNTech",176555,9594,186149
2021-01-22,"Moderna, Pfizer/BioNTech",191421,10638,202059
2021-01-23,"Moderna, Pfizer/BioNTech",194736,11516,206252
2021-01-24,"Moderna, Pfizer/BioNTech",196989,12384,209373
2021-01-25,"Moderna, Pfizer/BioNTech",206628,15358,221986
2021-01-26,"Moderna, Pfizer/BioNTech",217165,19343,236508
2021-01-27,"Moderna, Pfizer/BioNTech",226191,23879,250070
2021-01-28,"Moderna, Pfizer/BioNTech",233286,30004,263290
2021-01-29,"Moderna, Pfizer/BioNTech",239494,37909,277403
2021-01-30,"Moderna, Pfizer/BioNTech",240229,38997,279226
2021-01-31,"Moderna, Pfizer/BioNTech",240941,40178,281119
2021-02-01,"Moderna, Pfizer/BioNTech",244919,48131,293050
2021-02-02,"Moderna, Pfizer/BioNTech",249055,58360,307415
2021-02-03,"Moderna, Pfizer/BioNTech",253469,69361,322830
2021-02-04,"Moderna, Pfizer/BioNTech",258364,82341,340705
2021-02-05,"Moderna, Pfizer/BioNTech",263824,93006,356830
2021-02-06,"Moderna, Oxford/AstraZeneca, Pfizer/BioNTech",264671,95367,360038
2021-02-07,"Moderna, Pfizer/BioNTech",265518,97864,363382
2021-02-08,"Moderna, Oxford/AstraZeneca, Pfizer/BioNTech",269590,109294,378884
2021-02-09,"Moderna, Oxford/AstraZeneca, Pfizer/BioNTech",274680,121197,395877
2021-02-10,"Moderna, Oxford/AstraZeneca, Pfizer/BioNTech",280182,134435,414617
2021-02-11,"Moderna, Oxford/AstraZeneca, Pfizer/BioNTech",286501,150640,437141
2021-02-12,"Moderna, Oxford/AstraZeneca, Pfizer/BioNTech",293263,165362,458625
2021-02-13,"Moderna, Oxford/AstraZeneca, Pfizer/BioNTech",294870,168347,463217
2021-02-14,"Moderna, Oxford/AstraZeneca, Pfizer/BioNTech",295871,169732,465603
2021-02-15,"Moderna, Oxford/AstraZeneca, Pfizer/BioNTech",302269,179083,481352
2021-02-16,"Moderna, Oxford/AstraZeneca, Pfizer/BioNTech",310984,188155,499139
2021-02-17,"Moderna, Oxford/AstraZeneca, Pfizer/BioNTech",320678,196456,517134
2021-02-18,"Moderna, Oxford/AstraZeneca, Pfizer/BioNTech",332992,204525,537517
2021-02-19,"Moderna, Oxford/AstraZeneca, Pfizer/BioNTech",344841,211875,556716
2021-02-20,"Moderna, Oxford/AstraZeneca, Pfizer/BioNTech",346833,213054,559887
2021-02-21,"Moderna, Oxford/AstraZeneca, Pfizer/BioNTech",347959,214075,562034
2021-02-22,"Moderna, Oxford/AstraZeneca, Pfizer/BioNTech",358074,220100,578174
2021-02-23,"Moderna, Oxford/AstraZeneca, Pfizer/BioNTech",371014,227070,598084
2021-02-24,"Moderna, Oxford/AstraZeneca, Pfizer/BioNTech",384882,233102,617984
2021-02-25,"Moderna, Oxford/AstraZeneca, Pfizer/BioNTech",402847,238649,641496
2021-02-26,"Moderna, Oxford/AstraZeneca, Pfizer/BioNTech",419007,243988,662995
2021-02-27,"Moderna, Oxford/AstraZeneca, Pfizer/BioNTech",422014,244543,666557
2021-02-28,"Moderna, Oxford/AstraZeneca, Pfizer/BioNTech",424357,245090,669447
2021-03-01,"Moderna, Oxford/AstraZeneca, Pfizer/BioNTech",443929,248532,692461
2021-03-02,"Moderna, Oxford/AstraZeneca, Pfizer/BioNTech",471138,252070,723208
2021-03-03,"Moderna, Oxford/AstraZeneca, Pfizer/BioNTech",501991,256570,758561
2021-03-04,"Moderna, Oxford/AstraZeneca, Pfizer/BioNTech",535253,261248,796501
2021-03-05,"Johnson&Johnson, Moderna, Oxford/AstraZeneca, Pfizer/BioNTech",564054,266656,830710
2021-03-06,"Johnson&Johnson, Moderna, Oxford/AstraZeneca, Pfizer/BioNTech",576189,267511,843700
2021-03-07,"Johnson&Johnson, Moderna, Oxford/AstraZeneca, Pfizer/BioNTech",587720,268350,856070
2021-03-08,"Johnson&Johnson, Moderna, Oxford/AstraZeneca, Pfizer/BioNTech",617426,273194,890620
2021-03-09,"Johnson&Johnson, Moderna, Oxford/AstraZeneca, Pfizer/BioNTech",653761,279572,933333
2021-03-10,"Moderna, Oxford/AstraZeneca, Pfizer/BioNTech",695042,286515,981557
2021-03-11,"Johnson&Johnson, Moderna, Oxford/AstraZeneca, Pfizer/BioNTech",739836,294885,1034721
2021-03-12,"Johnson&Johnson, Moderna, Oxford/AstraZeneca, Pfizer/BioNTech",778609,303344,1081953
2021-03-13,"Johnson&Johnson, Moderna, Oxford/AstraZeneca, Pfizer/BioNTech",795675,304647,1100322
2021-03-14,"Moderna, Oxford/AstraZeneca, Pfizer/BioNTech",807778,305794,1113572
2021-03-15,"Moderna, Oxford/AstraZeneca, Pfizer/BioNTech",836150,314565,1150715
2021-03-16,"Johnson&Johnson, Moderna, Oxford/AstraZeneca, Pfizer/BioNTech",875024,325090,1200114
2021-03-17,"Moderna, Oxford/AstraZeneca, Pfizer/BioNTech",912471,335591,1248062
2021-03-18,"Johnson&Johnson, Moderna, Oxford/AstraZeneca, Pfizer/BioNTech",950421,347995,1298416
2021-03-19,"Moderna, Oxford/AstraZeneca, Pfizer/BioNTech",984877,361594,1346471
2021-03-20,"Johnson&Johnson, Moderna, Oxford/AstraZeneca, Pfizer/BioNTech",1000004,363614,1363618
2021-03-21,"Johnson&Johnson, Moderna, Oxford/AstraZeneca, Pfizer/BioNTech",1007410,365164,1372574
2021-03-22,"Johnson&Johnson, Moderna, Oxford/AstraZeneca, Pfizer/BioNTech",1031930,377660,1409590
2021-03-23,"Johnson&Johnson, Moderna, Oxford/AstraZeneca, Pfizer/BioNTech",1058548,391007,1449555
2021-03-24,"Johnson&Johnson, Moderna, Oxford/AstraZeneca, Pfizer/BioNTech",1085381,406733,1492114
2021-03-25,"Moderna, Oxford/AstraZeneca, Pfizer/BioNTech",1111688,424570,1536258
2021-03-26,"Johnson&Johnson, Moderna, Oxford/AstraZeneca, Pfizer/BioNTech",1136479,442058,1578537
2021-03-27,"Johnson&Johnson, Moderna, Oxford/AstraZeneca, Pfizer/BioNTech",1144905,446902,1591807
2021-03-28,"Moderna, Oxford/AstraZeneca, Pfizer/BioNTech",1150439,451040,1601479
2021-03-29,"Johnson&Johnson, Moderna, Oxford/AstraZeneca, Pfizer/BioNTech",1169550,471755,1641305
2021-03-30,"Johnson&Johnson, Moderna, Oxford/AstraZeneca, Pfizer/BioNTech",1194230,493921,1688151
2021-03-31,"Johnson&Johnson, Moderna, Oxford/AstraZeneca, Pfizer/BioNTech",1217311,520969,1738280
2021-04-01,"Johnson&Johnson, Moderna, Oxford/AstraZeneca, Pfizer/BioNTech",1242907,553006,1795913
2021-04-02,"Johnson&Johnson, Moderna, Oxford/AstraZeneca, Pfizer/BioNTech",1249816,565790,1815606
2021-04-03,"Johnson&Johnson, Moderna, Oxford/AstraZeneca, Pfizer/BioNTech",1253422,576705,1830127
2021-04-04,"Johnson&Johnson, Moderna, Oxford/AstraZeneca, Pfizer/BioNTech",1255924,585618,1841542
2021-04-05,"Johnson&Johnson, Moderna, Oxford/AstraZeneca, Pfizer/BioNTech",1258311,592796,1851107
2021-04-06,"Johnson&Johnson, Moderna, Oxford/AstraZeneca, Pfizer/BioNTech",1274424,622032,1896456
2021-04-07,"Johnson&Johnson, Moderna, Oxford/AstraZeneca, Pfizer/BioNTech",1297818,644249,1942067
2021-04-08,"Johnson&Johnson, Moderna, Oxford/AstraZeneca, Pfizer/BioNTech",1336491,675255,2011746
2021-04-09,"Johnson&Johnson, Moderna, Oxford/AstraZeneca, Pfizer/BioNTech",1376004,705425,2081429
2021-04-10,"Johnson&Johnson, Moderna, Oxford/AstraZeneca, Pfizer/BioNTech",1391474,720714,2112188
2021-04-11,"Johnson&Johnson, Moderna, Oxford/AstraZeneca, Pfizer/BioNTech",1401238,730745,2131983
2021-04-12,"Johnson&Johnson, Moderna, Oxford/AstraZeneca, Pfizer/BioNTech",1439464,755865,2195329
2021-04-13,"Moderna, Oxford/AstraZeneca, Pfizer/BioNTech",1475692,781898,2257590
2021-04-14,"Moderna, Oxford/AstraZeneca, Pfizer/BioNTech",1514476,809243,2323719
2021-04-15,"Moderna, Oxford/AstraZeneca, Pfizer/BioNTech",1562236,834949,2397185
2021-04-16,"Moderna, Oxford/AstraZeneca, Pfizer/BioNTech",1606860,860574,2467434
2021-04-17,"Moderna, Oxford/AstraZeneca, Pfizer/BioNTech",1623536,869597,2493133
2021-04-18,"Moderna, Oxford/AstraZeneca, Pfizer/BioNTech",1636511,874578,2511089
2021-04-19,"Moderna, Oxford/AstraZeneca, Pfizer/BioNTech",1680488,890032,2570520
2021-04-20,"Johnson&Johnson, Moderna, Oxford/AstraZeneca, Pfizer/BioNTech",1723014,905886,2628900
2021-04-21,"Moderna, Oxford/AstraZeneca, Pfizer/BioNTech",1770722,920224,2690946
2021-04-22,"Johnson&Johnson, Moderna, Oxford/AstraZeneca, Pfizer/BioNTech",1825192,937594,2762786
2021-04-23,"Johnson&Johnson, Moderna, Oxford/AstraZeneca, Pfizer/BioNTech",1875127,949636,2824763
2021-04-24,"Johnson&Johnson, Moderna, Oxford/AstraZeneca, Pfizer/BioNTech",1892946,954875,2847821
2021-04-25,"Johnson&Johnson, Moderna, Oxford/AstraZeneca, Pfizer/BioNTech",1907624,958864,2866488
2021-04-26,"Johnson&Johnson, Moderna, Oxford/AstraZeneca, Pfizer/BioNTech",1957184,966403,2923587
2021-04-27,"Johnson&Johnson, Moderna, Oxford/AstraZeneca, Pfizer/BioNTech",2006136,978618,2984754
2021-04-28,"Johnson&Johnson, Moderna, Oxford/AstraZeneca, Pfizer/BioNTech",2064869,992596,3057465
2021-04-29,"Johnson&Johnson, Moderna, Oxford/AstraZeneca, Pfizer/BioNTech",2130403,1008461,3138864
2021-04-30,"Johnson&Johnson, Moderna, Oxford/AstraZeneca, Pfizer/BioNTech",2192600,1018408,3211008
2021-05-01,"Johnson&Johnson, Moderna, Oxford/AstraZeneca, Pfizer/BioNTech",2211904,1021841,3233745
2021-05-02,"Johnson&Johnson, Moderna, Oxford/AstraZeneca, Pfizer/BioNTech",2230807,1024103,3254910
2021-05-03,"Johnson&Johnson, Moderna, Oxford/AstraZeneca, Pfizer/BioNTech",2298026,1029148,3327174
2021-05-04,"Johnson&Johnson, Moderna, Oxford/AstraZeneca, Pfizer/BioNTech",2364493,1037457,3401950
2021-05-05,"Johnson&Johnson, Moderna, Oxford/AstraZeneca, Pfizer/BioNTech",2437626,1046840,3484466
2021-05-06,"Johnson&Johnson, Moderna, Oxford/AstraZeneca, Pfizer/BioNTech",2517991,1057530,3575521
2021-05-07,"Johnson&Johnson, Moderna, Oxford/AstraZeneca, Pfizer/BioNTech",2595202,1067564,3662766
2021-05-08,"Johnson&Johnson, Moderna, Oxford/AstraZeneca, Pfizer/BioNTech",2624610,1069312,3693922
2021-05-09,"Johnson&Johnson, Moderna, Oxford/AstraZeneca, Pfizer/BioNTech",2648785,1070505,3719290
2021-05-10,"Johnson&Johnson, Moderna, Oxford/AstraZeneca, Pfizer/BioNTech",2721512,1077704,3799216
2021-05-11,"Johnson&Johnson, Moderna, Oxford/AstraZeneca, Pfizer/BioNTech",2797586,1086490,3884076
2021-05-12,"Johnson&Johnson, Moderna, Oxford/AstraZeneca, Pfizer/BioNTech",2877411,1095561,3972972
2021-05-13,"Johnson&Johnson, Moderna, Oxford/AstraZeneca, Pfizer/BioNTech",2961399,1104700,4066099
2021-05-14,"Johnson&Johnson, Moderna, Oxford/AstraZeneca, Pfizer/BioNTech",3040801,1112451,4153252
2021-05-15,"Johnson&Johnson, Moderna, Oxford/AstraZeneca, Pfizer/BioNTech",3072647,1114662,4187309
2021-05-16,"Johnson&Johnson, Moderna, Oxford/AstraZeneca, Pfizer/BioNTech",3098391,1115912,4214303
2021-05-17,"Johnson&Johnson, Moderna, Oxford/AstraZeneca, Pfizer/BioNTech",3170873,1122604,4293477
2021-05-18,"Johnson&Johnson, Moderna, Oxford/AstraZeneca, Pfizer/BioNTech",3242778,1135617,4378395
2021-05-19,"Johnson&Johnson, Moderna, Oxford/AstraZeneca, Pfizer/BioNTech",3320213,1150721,4470934
2021-05-20,"Johnson&Johnson, Moderna, Oxford/AstraZeneca, Pfizer/BioNTech",3395617,1177709,4573326
2021-05-21,"Johnson&Johnson, Moderna, Oxford/AstraZeneca, Pfizer/BioNTech",3464346,1205410,4669756
2021-05-22,"Johnson&Johnson, Moderna, Oxford/AstraZeneca, Pfizer/BioNTech",3496691,1216558,4713249
2021-05-23,"Johnson&Johnson, Moderna, Oxford/AstraZeneca, Pfizer/BioNTech",3519010,1225570,4744580
2021-05-24,"Johnson&Johnson, Moderna, Oxford/AstraZeneca, Pfizer/BioNTech",3566126,1259179,4825305
2021-05-25,"Johnson&Johnson, Moderna, Oxford/AstraZeneca, Pfizer/BioNTech",3617962,1294934,4912896
2021-05-26,"Johnson&Johnson, Moderna, Oxford/AstraZeneca, Pfizer/BioNTech",3685689,1332415,5018104
2021-05-27,"Johnson&Johnson, Moderna, Oxford/AstraZeneca, Pfizer/BioNTech",3747061,1379688,5126749
2021-05-28,"Johnson&Johnson, Moderna, Oxford/AstraZeneca, Pfizer/BioNTech",3808727,1426183,5234910
2021-05-29,"Johnson&Johnson, Moderna, Oxford/AstraZeneca, Pfizer/BioNTech",3837880,1443259,5281139
2021-05-30,"Johnson&Johnson, Moderna, Oxford/AstraZeneca, Pfizer/BioNTech",3860221,1457668,5317889
2021-05-31,"Johnson&Johnson, Moderna, Oxford/AstraZeneca, Pfizer/BioNTech",3915936,1505181,5421117
2021-06-01,"Johnson&Johnson, Moderna, Oxford/AstraZeneca, Pfizer/BioNTech",3974941,1553973,5528914
2021-06-02,"Johnson&Johnson, Moderna, Oxford/AstraZeneca, Pfizer/BioNTech",4037810,1607895,5645705
2021-06-03,"Johnson&Johnson, Moderna, Oxford/AstraZeneca, Pfizer/BioNTech",4096021,1668050,5764071
2021-06-04,"Johnson&Johnson, Moderna, Oxford/AstraZeneca, Pfizer/BioNTech",4159091,1725378,5884469
2021-06-05,"Johnson&Johnson, Moderna, Oxford/AstraZeneca, Pfizer/BioNTech",4193216,1744163,5937379
2021-06-06,"Johnson&Johnson, Moderna, Oxford/AstraZeneca, Pfizer/BioNTech",4220118,1759262,5979380
2021-06-07,"Johnson&Johnson, Moderna, Oxford/AstraZeneca, Pfizer/BioNTech",4283790,1814845,6098635
2021-06-08,"Johnson&Johnson, Moderna, Oxford/AstraZeneca, Pfizer/BioNTech",4347758,1869770,6217528
2021-06-09,"Johnson&Johnson, Moderna, Oxford/AstraZeneca, Pfizer/BioNTech",4406940,1934190,6341130
2021-06-10,"Johnson&Johnson, Moderna, Oxford/AstraZeneca, Pfizer/BioNTech",4460823,2005252,6466075
2021-06-11,"Johnson&Johnson, Moderna, Oxford/AstraZeneca, Pfizer/BioNTech",4512914,2074924,6587838
2021-06-12,"Johnson&Johnson, Moderna, Oxford/AstraZeneca, Pfizer/BioNTech",4544903,2095660,6640563
2021-06-13,"Johnson&Johnson, Moderna, Oxford/AstraZeneca, Pfizer/BioNTech",4568907,2114022,6682929
2021-06-14,"Johnson&Johnson, Moderna, Oxford/AstraZeneca, Pfizer/BioNTech",4611969,2188333,6800302
2021-06-15,"Johnson&Johnson, Moderna, Oxford/AstraZeneca, Pfizer/BioNTech",4656607,2260603,6917210
2021-06-16,"Johnson&Johnson, Moderna, Oxford/AstraZeneca, Pfizer/BioNTech",4699333,2338746,7038079
2021-06-17,"Johnson&Johnson, Moderna, Oxford/AstraZeneca, Pfizer/BioNTech",4738701,2421731,7160432
2021-06-18,"Johnson&Johnson, Moderna, Oxford/AstraZeneca, Pfizer/BioNTech",4781080,2502153,7283233
2021-06-19,"Johnson&Johnson, Moderna, Oxford/AstraZeneca, Pfizer/BioNTech",4802821,2531374,7334195
2021-06-20,"Johnson&Johnson, Moderna, Oxford/AstraZeneca, Pfizer/BioNTech",4820178,2555147,7375325
2021-06-21,"Johnson&Johnson, Moderna, Oxford/AstraZeneca, Pfizer/BioNTech",4852678,2633635,7486313
2021-06-22,"Johnson&Johnson, Moderna, Oxford/AstraZeneca, Pfizer/BioNTech",4885635,2715804,7601439
2021-06-23,"Johnson&Johnson, Moderna, Oxford/AstraZeneca, Pfizer/BioNTech",4917287,2800940,7718227
2021-06-24,"Johnson&Johnson, Moderna, Oxford/AstraZeneca, Pfizer/BioNTech",4947123,2890889,7838012
2021-06-25,"Johnson&Johnson, Moderna, Oxford/AstraZeneca, Pfizer/BioNTech",4978168,2976939,7955107
2021-06-26,"Johnson&Johnson, Moderna, Oxford/AstraZeneca, Pfizer/BioNTech",4994022,3011685,8005707
2021-06-27,"Johnson&Johnson, Moderna, Oxford/AstraZeneca, Pfizer/BioNTech",5007957,3038281,8046238
2021-06-28,"Johnson&Johnson, Moderna, Oxford/AstraZeneca, Pfizer/BioNTech",5036366,3123376,8159742
2021-06-29,"Johnson&Johnson, Moderna, Oxford/AstraZeneca, Pfizer/BioNTech",5065629,3209760,8275389
2021-06-30,"Johnson&Johnson, Moderna, Oxford/AstraZeneca, Pfizer/BioNTech",5093116,3300627,8393743
2021-07-01,"Johnson&Johnson, Moderna, Oxford/AstraZeneca, Pfizer/BioNTech",5117084,3390579,8507663
2021-07-02,"Johnson&Johnson, Moderna, Oxford/AstraZeneca, Pfizer/BioNTech",5143795,3476317,8620112
2021-07-03,"Johnson&Johnson, Moderna, Oxford/AstraZeneca, Pfizer/BioNTech",5150867,3507778,8658645
2021-07-04,"Johnson&Johnson, Moderna, Oxford/AstraZeneca, Pfizer/BioNTech",5158413,3529543,8687956
2021-07-05,"Johnson&Johnson, Moderna, Oxford/AstraZeneca, Pfizer/BioNTech",5165765,3554865,8720630
2021-07-06,"Johnson&Johnson, Moderna, Oxford/AstraZeneca, Pfizer/BioNTech",5171165,3582448,8753613
2021-07-07,"Johnson&Johnson, Moderna, Oxford/AstraZeneca, Pfizer/BioNTech",5196941,3661335,8858276
2021-07-08,"Johnson&Johnson, Moderna, Oxford/AstraZeneca, Pfizer/BioNTech",5223528,3731566,8955094
2021-07-09,"Johnson&Johnson, Moderna, Oxford/AstraZeneca, Pfizer/BioNTech",5251428,3800749,9052177
2021-07-10,"Johnson&Johnson, Moderna, Oxford/AstraZeneca, Pfizer/BioNTech",5260768,3829324,9090092
2021-07-11,"Johnson&Johnson, Moderna, Oxford/AstraZeneca, Pfizer/BioNTech",5269284,3852175,9121459
2021-07-12,"Johnson&Johnson, Moderna, Oxford/AstraZeneca, Pfizer/BioNTech",5296802,3921199,9218001
2021-07-13,"Johnson&Johnson, Moderna, Oxford/AstraZeneca, Pfizer/BioNTech",5322972,3990994,9313966
2021-07-14,"Johnson&Johnson, Moderna, Oxford/AstraZeneca, Pfizer/BioNTech",5348772,4062902,9411674
2021-07-15,"Johnson&Johnson, Moderna, Oxford/AstraZeneca, Pfizer/BioNTech",5377939,4128830,9506769
2021-07-16,"Johnson&Johnson, Moderna, Oxford/AstraZeneca, Pfizer/BioNTech",5405834,4201451,9607285
2021-07-17,"Johnson&Johnson, Moderna, Oxford/AstraZeneca, Pfizer/BioNTech",5414592,4232839,9647431
2021-07-18,"Johnson&Johnson, Moderna, Oxford/AstraZeneca, Pfizer/BioNTech",5423026,4258801,9681827
2021-07-19,"Johnson&Johnson, Moderna, Oxford/AstraZeneca, Pfizer/BioNTech",5446361,4325756,9772117
2021-07-20,"Johnson&Johnson, Moderna, Oxford/AstraZeneca, Pfizer/BioNTech",5467737,4392726,9860463
2021-07-21,"Johnson&Johnson, Moderna, Oxford/AstraZeneca, Pfizer/BioNTech",5491180,4456104,9947284
2021-07-22,"Johnson&Johnson, Moderna, Oxford/AstraZeneca, Pfizer/BioNTech",5513527,4514651,10028178
2021-07-23,"Johnson&Johnson, Moderna, Oxford/AstraZeneca, Pfizer/BioNTech",5536706,4569311,10106017
2021-07-24,"Johnson&Johnson, Moderna, Oxford/AstraZeneca, Pfizer/BioNTech",5544010,4596922,10140932
2021-07-25,"Johnson&Johnson, Moderna, Oxford/AstraZeneca, Pfizer/BioNTech",5550612,4619013,10169625
2021-07-26,"Johnson&Johnson, Moderna, Oxford/AstraZeneca, Pfizer/BioNTech",5574126,4667600,10241726
2021-07-27,"Johnson&Johnson, Moderna, Oxford/AstraZeneca, Pfizer/BioNTech",5596845,4714154,10310999
2021-07-28,"Johnson&Johnson, Moderna, Oxford/AstraZeneca, Pfizer/BioNTech",5618074,4760045,10378119
2021-07-29,"Johnson&Johnson, Moderna, Oxford/AstraZeneca, Pfizer/BioNTech",5639377,4801910,10441287
2021-07-30,"Johnson&Johnson, Moderna, Oxford/AstraZeneca, Pfizer/BioNTech",5662638,4844380,10507018
2021-07-31,"Johnson&Johnson, Moderna, Oxford/AstraZeneca, Pfizer/BioNTech",5671552,4863874,10535426
2021-08-01,"Johnson&Johnson, Moderna, Oxford/AstraZeneca, Pfizer/BioNTech",5678265,4880009,10558274
2021-08-02,"Johnson&Johnson, Moderna, Oxford/AstraZeneca, Pfizer/BioNTech",5696876,4917495,10614371
2021-08-03,"Johnson&Johnson, Moderna, Oxford/AstraZeneca, Pfizer/BioNTech",5714496,4955526,10670022
2021-08-04,"Johnson&Johnson, Moderna, Oxford/AstraZeneca, Pfizer/BioNTech",5730571,4992186,10722757
2021-08-05,"Johnson&Johnson, Moderna, Oxford/AstraZeneca, Pfizer/BioNTech",5746578,5032586,10779164
2021-08-06,"Johnson&Johnson, Moderna, Oxford/AstraZeneca, Pfizer/BioNTech",5763348,5075796,10839144
2021-08-07,"Johnson&Johnson, Moderna, Oxford/AstraZeneca, Pfizer/BioNTech",5768930,5093927,10862857
2021-08-08,"Johnson&Johnson, Moderna, Oxford/AstraZeneca, Pfizer/BioNTech",5773277,5109650,10882927
2021-08-09,"Johnson&Johnson, Moderna, Oxford/AstraZeneca, Pfizer/BioNTech",5785909,5154645,10940554
2021-08-10,"Johnson&Johnson, Moderna, Oxford/AstraZeneca, Pfizer/BioNTech",5797733,5194160,10991893
2021-08-11,"Johnson&Johnson, Moderna, Oxford/AstraZeneca, Pfizer/BioNTech",5809080,5237236,11046316
2021-08-12,"Johnson&Johnson, Moderna, Oxford/AstraZeneca, Pfizer/BioNTech",5820484,5274306,11094790
2021-08-13,"Johnson&Johnson, Moderna, Oxford/AstraZeneca, Pfizer/BioNTech",5831189,5314577,11145766
2021-08-14,"Johnson&Johnson, Moderna, Oxford/AstraZeneca, Pfizer/BioNTech",5834523,5325253,11159776
2021-08-15,"Johnson&Johnson, Moderna, Oxford/AstraZeneca, Pfizer/BioNTech",5837097,5335605,11172702
2021-08-16,"Johnson&Johnson, Moderna, Oxford/AstraZeneca, Pfizer/BioNTech",5846867,5369626,11216493
2021-08-17,"Johnson&Johnson, Moderna, Oxford/AstraZeneca, Pfizer/BioNTech",5856452,5396678,11253130
2021-08-18,"Johnson&Johnson, Moderna, Oxford/AstraZeneca, Pfizer/BioNTech",5865815,5435504,11301319
2021-08-19,"Johnson&Johnson, Moderna, Oxford/AstraZeneca, Pfizer/BioNTech",5875473,5473813,11349286
2021-08-20,"Johnson&Johnson, Moderna, Oxford/AstraZeneca, Pfizer/BioNTech",5886842,5513958,11400800
2021-08-21,"Johnson&Johnson, Moderna, Oxford/AstraZeneca, Pfizer/BioNTech",5889553,5526691,11416244
2021-08-22,"Johnson&Johnson, Moderna, Oxford/AstraZeneca, Pfizer/BioNTech",5891890,5538640,11430530
2021-08-23,"Johnson&Johnson, Moderna, Oxford/AstraZeneca, Pfizer/BioNTech",5902418,5577858,11480276
2021-08-24,"Johnson&Johnson, Moderna, Oxford/AstraZeneca, Pfizer/BioNTech",5912276,5611070,11523346
2021-08-25,"Johnson&Johnson, Moderna, Oxford/AstraZeneca, Pfizer/BioNTech",5921129,5639396,11560525
2021-08-26,"Johnson&Johnson, Moderna, Oxford/AstraZeneca, Pfizer/BioNTech",5929568,5665487,11595055
2021-08-27,"Johnson&Johnson, Moderna, Oxford/AstraZeneca, Pfizer/BioNTech",5939875,5691396,11631271
2021-08-28,"Johnson&Johnson, Moderna, Oxford/AstraZeneca, Pfizer/BioNTech",5942593,5698419,11641012
2021-08-29,"Johnson&Johnson, Moderna, Oxford/AstraZeneca, Pfizer/BioNTech",5944994,5705026,11650020
2021-08-30,"Johnson&Johnson, Moderna, Oxford/AstraZeneca, Pfizer/BioNTech",5953510,5726860,11680370
2021-08-31,"Johnson&Johnson, Moderna, Oxford/AstraZeneca, Pfizer/BioNTech",5961163,5744909,11706072
2021-09-01,"Johnson&Johnson, Moderna, Oxford/AstraZeneca, Pfizer/BioNTech",5967043,5758878,11725921
2021-09-02,"Johnson&Johnson, Moderna, Oxford/AstraZeneca, Pfizer/BioNTech",5973859,5773237,11747096
2021-09-03,"Johnson&Johnson, Moderna, Oxford/AstraZeneca, Pfizer/BioNTech",5983400,5788915,11772315
2021-09-04,"Johnson&Johnson, Moderna, Oxford/AstraZeneca, Pfizer/BioNTech",5985460,5792459,11777919
2021-09-05,"Johnson&Johnson, Moderna, Oxford/AstraZeneca, Pfizer/BioNTech",5987492,5795292,11782784
2021-09-06,"Johnson&Johnson, Moderna, Oxford/AstraZeneca, Pfizer/BioNTech",5993698,5807789,11801487
2021-09-07,"Johnson&Johnson, Moderna, Oxford/AstraZeneca, Pfizer/BioNTech",5998054,5818866,11816920
2021-09-08,"Johnson&Johnson, Moderna, Oxford/AstraZeneca, Pfizer/BioNTech",6003705,5828691,11832396
2021-09-09,"Johnson&Johnson, Moderna, Oxford/AstraZeneca, Pfizer/BioNTech",6010358,5838735,11849093
2021-09-10,"Johnson&Johnson, Moderna, Oxford/AstraZeneca, Pfizer/BioNTech",6018020,5850889,11868909
2021-09-11,"Johnson&Johnson, Moderna, Oxford/AstraZeneca, Pfizer/BioNTech",6019879,5853359,11873238
2021-09-12,"Johnson&Johnson, Moderna, Oxford/AstraZeneca, Pfizer/BioNTech",6020992,5854979,11875971
2021-09-13,"Johnson&Johnson, Moderna, Oxford/AstraZeneca, Pfizer/BioNTech",6026406,5865260,11891666
2021-09-14,"Johnson&Johnson, Moderna, Oxford/AstraZeneca, Pfizer/BioNTech",6031774,5874253,11906027
2021-09-15,"Johnson&Johnson, Moderna, Oxford/AstraZeneca, Pfizer/BioNTech",6036948,5882761,11919709
2021-09-16,"Johnson&Johnson, Moderna, Oxford/AstraZeneca, Pfizer/BioNTech",6042275,5891011,11933286
2021-09-17,"Johnson&Johnson, Moderna, Oxford/AstraZeneca, Pfizer/BioNTech",6048820,5901207,11950027
2021-09-18,"Johnson&Johnson, Moderna, Oxford/AstraZeneca, Pfizer/BioNTech",6050542,5903554,11954096
2021-09-19,"Johnson&Johnson, Moderna, Oxford/AstraZeneca, Pfizer/BioNTech",6051481,5905117,11956598
2021-09-20,"Johnson&Johnson, Moderna, Oxford/AstraZeneca, Pfizer/BioNTech",6055473,5913300,11968773
2021-09-21,"Johnson&Johnson, Moderna, Oxford/AstraZeneca, Pfizer/BioNTech",6059678,5920821,11980499
2021-09-22,"Johnson&Johnson, Moderna, Oxford/AstraZeneca, Pfizer/BioNTech",6063842,5926327,11990169
2021-09-23,"Johnson&Johnson, Moderna, Oxford/AstraZeneca, Pfizer/BioNTech",6068807,5932727,12001534
2021-09-24,"Johnson&Johnson, Moderna, Oxford/AstraZeneca, Pfizer/BioNTech",6074550,5942331,12016881
2021-09-25,"Johnson&Johnson, Moderna, Oxford/AstraZeneca, Pfizer/BioNTech",6076040,5944315,12020355
2021-09-26,"Johnson&Johnson, Moderna, Pfizer/BioNTech",6076778,5945940,12022718
2021-09-27,"Johnson&Johnson, Moderna, Oxford/AstraZeneca, Pfizer/BioNTech",6080639,5952423,12033062
2021-09-28,"Johnson&Johnson, Moderna, Pfizer/BioNTech",6080995,5953024,12034019
2021-09-29,"Johnson&Johnson, Moderna, Oxford/AstraZeneca, Pfizer/BioNTech",6084763,5960463,12045226
2021-09-30,"Johnson&Johnson, Moderna, Oxford/AstraZeneca, Pfizer/BioNTech",6089252,5968129,12057381
2021-10-01,"Johnson&Johnson, Moderna, Oxford/AstraZeneca, Pfizer/BioNTech",6093512,5976072,12069584
2021-10-02,"Johnson&Johnson, Moderna, Pfizer/BioNTech",6094555,5977601,12072156
2021-10-03,"Johnson&Johnson, Moderna, Pfizer/BioNTech",6095259,5978462,12073721
2021-10-04,"Johnson&Johnson, Moderna, Oxford/AstraZeneca, Pfizer/BioNTech",6098311,5984022,12082333
2021-10-05,"Johnson&Johnson, Moderna, Oxford/AstraZeneca, Pfizer/BioNTech",6101433,5989079,12090512
2021-10-06,"Johnson&Johnson, Moderna, Oxford/AstraZeneca, Pfizer/BioNTech",6104923,5994230,12099153
2021-10-07,"Johnson&Johnson, Moderna, Oxford/AstraZeneca, Pfizer/BioNTech",6108173,5999471,12107644
2021-10-08,"Johnson&Johnson, Moderna, Oxford/AstraZeneca, Pfizer/BioNTech",6112943,6006083,12119026
2021-10-09,"Johnson&Johnson, Moderna, Pfizer/BioNTech",6114180,6007729,12121909
2021-10-10,"Johnson&Johnson, Moderna, Oxford/AstraZeneca, Pfizer/BioNTech",6115120,6008557,12123677
2021-10-11,"Johnson&Johnson, Moderna, Oxford/AstraZeneca, Pfizer/BioNTech",6118029,6012949,12130978
2021-10-12,"Johnson&Johnson, Moderna, Oxford/AstraZeneca, Pfizer/BioNTech",6120876,6016930,12137806
2021-10-13,"Johnson&Johnson, Moderna, Oxford/AstraZeneca, Pfizer/BioNTech",6124360,6021100,12145460
2021-10-14,"Johnson&Johnson, Moderna, Oxford/AstraZeneca, Pfizer/BioNTech",6128010,6026036,12154046
2021-10-15,"Johnson&Johnson, Moderna, Oxford/AstraZeneca, Pfizer/BioNTech",6133149,6032163,12165312
2021-10-16,"Johnson&Johnson, Moderna, Oxford/AstraZeneca, Pfizer/BioNTech",6134518,6033676,12168194
2021-10-17,"Johnson&Johnson, Moderna, Pfizer/BioNTech",6135837,6034727,12170564
2021-10-18,"Johnson&Johnson, Moderna, Oxford/AstraZeneca, Pfizer/BioNTech",6139871,6038813,12178684
2021-10-19,"Johnson&Johnson, Moderna, Oxford/AstraZeneca, Pfizer/BioNTech",6143356,6040891,12184247
2021-10-20,"Johnson&Johnson, Moderna, Oxford/AstraZeneca, Pfizer/BioNTech",6148142,6045325,12193467
2021-10-21,"Johnson&Johnson, Moderna, Oxford/AstraZeneca, Pfizer/BioNTech",6155753,6050911,12206664
2021-10-22,"Johnson&Johnson, Moderna, Oxford/AstraZeneca, Pfizer/BioNTech",6166112,6057404,12223516
2021-10-23,"Johnson&Johnson, Moderna, Pfizer/BioNTech",6169765,6059602,12229367
2021-10-24,"Johnson&Johnson, Moderna, Pfizer/BioNTech",6172444,6061371,12233815
2021-10-25,"Johnson&Johnson, Moderna, Oxford/AstraZeneca, Pfizer/BioNTech",6182822,6067160,12249982
2021-10-26,"Johnson&Johnson, Moderna, Oxford/AstraZeneca, Pfizer/BioNTech",6194578,6073680,12268258
2021-10-27,"Johnson&Johnson, Moderna, Oxford/AstraZeneca, Pfizer/BioNTech",6209027,6081063,12290090
2021-10-28,"Johnson&Johnson, Moderna, Pfizer/BioNTech",6212369,6082726,12295095
2021-10-29,"Johnson&Johnson, Moderna, Oxford/AstraZeneca, Pfizer/BioNTech",6226687,6090674,12317361
2021-10-30,"Johnson&Johnson, Moderna, Pfizer/BioNTech",6231204,6093580,12324784
2021-10-31,"Johnson&Johnson, Moderna, Oxford/AstraZeneca, Pfizer/BioNTech",6234949,6096040,12330989
2021-11-01,"Johnson&Johnson, Moderna, Oxford/AstraZeneca, Pfizer/BioNTech",6249937,6103710,12353647
2021-11-02,"Johnson&Johnson, Moderna, Oxford/AstraZeneca, Pfizer/BioNTech",6265172,6111174,12376346
2021-11-03,"Johnson&Johnson, Moderna, Oxford/AstraZeneca, Pfizer/BioNTech",6282180,6118437,12400617
2021-11-04,"Johnson&Johnson, Moderna, Oxford/AstraZeneca, Pfizer/BioNTech",6300321,6126571,12426892
2021-11-05,"Johnson&Johnson, Moderna, Oxford/AstraZeneca, Pfizer/BioNTech",6322956,6137801,12460757
2021-11-06,"Johnson&Johnson, Moderna, Oxford/AstraZeneca, Pfizer/BioNTech",6329378,6140823,12470201
2021-11-07,"Johnson&Johnson, Moderna, Oxford/AstraZeneca, Pfizer/BioNTech",6333365,6143253,12476618
2021-11-08,"Johnson&Johnson, Moderna, Oxford/AstraZeneca, Pfizer/BioNTech",6349478,6150861,12500339
2021-11-09,"Johnson&Johnson, Moderna, Oxford/AstraZeneca, Pfizer/BioNTech",6364090,6158080,12522170
2021-11-10,"Johnson&Johnson, Moderna, Oxford/AstraZeneca, Pfizer/BioNTech",6379636,6165365,12545001
2021-11-11,"Johnson&Johnson, Moderna, Oxford/AstraZeneca, Pfizer/BioNTech",6394862,6174326,12569188
2021-11-12,"Johnson&Johnson, Moderna, Oxford/AstraZeneca, Pfizer/BioNTech",6414286,6186904,12601190
2021-11-13,"Johnson&Johnson, Moderna, Oxford/AstraZeneca, Pfizer/BioNTech",6419622,6190745,12610367
2021-11-14,"Johnson&Johnson, Moderna, Oxford/AstraZeneca, Pfizer/BioNTech",6423444,6193698,12617142
2021-11-15,"Johnson&Johnson, Moderna, Oxford/AstraZeneca, Pfizer/BioNTech",6438264,6204038,12642302
2021-11-16,"Johnson&Johnson, Moderna, Oxford/AstraZeneca, Pfizer/BioNTech",6455520,6215640,12671160
2021-11-17,"Johnson&Johnson, Moderna, Oxford/AstraZeneca, Pfizer/BioNTech",6459536,6219003,12678539
2021-11-18,"Johnson&Johnson, Moderna, Oxford/AstraZeneca, Pfizer/BioNTech",6478621,6230396,12709017
2021-11-19,"Johnson&Johnson, Moderna, Oxford/AstraZeneca, Pfizer/BioNTech",6502766,6246968,12749734
2021-11-20,"Johnson&Johnson, Moderna, Oxford/AstraZeneca, Pfizer/BioNTech",6511163,6251795,12762958
2021-11-21,"Johnson&Johnson, Moderna, Oxford/AstraZeneca, Pfizer/BioNTech",6517787,6255434,12773221
2021-11-22,"Johnson&Johnson, Moderna, Oxford/AstraZeneca, Pfizer/BioNTech",6535237,6268716,12803953
2021-11-23,"Johnson&Johnson, Moderna, Oxford/AstraZeneca, Pfizer/BioNTech",6552378,6280304,12832682
