date,vaccine,people_vaccinated,people_fully_vaccinated,total_vaccinations
2020-12-27,Pfizer/BioNTech,1272,0,1272
2020-12-28,Pfizer/BioNTech,3573,0,3573
2020-12-29,Pfizer/BioNTech,7028,0,7028
2020-12-30,Pfizer/BioNTech,10520,0,10520
2020-12-31,Pfizer/BioNTech,11822,0,11822
2021-01-01,"Moderna, Pfizer/BioNTech",12089,0,12089
2021-01-02,Pfizer/BioNTech,13364,0,13364
2021-01-03,Pfizer/BioNTech,14284,0,14284
2021-01-04,"Moderna, Pfizer/BioNTech",17881,0,17881
2021-01-05,"Moderna, Pfizer/BioNTech",22385,0,22385
2021-01-06,Pfizer/BioNTech,28232,0,28232
2021-01-07,"Moderna, Pfizer/BioNTech",36208,0,36208
2021-01-08,Pfizer/BioNTech,46201,0,46201
2021-01-09,"Moderna, Pfizer/BioNTech",48221,0,48221
2021-01-10,Pfizer/BioNTech,49978,2,49980
2021-01-11,Pfizer/BioNTech,59801,4,59805
2021-01-12,Pfizer/BioNTech,73209,6,73215
2021-01-13,Pfizer/BioNTech,86719,6,86725
2021-01-14,"Moderna, Pfizer/BioNTech",101915,8,101923
2021-01-15,"Moderna, Pfizer/BioNTech",115892,8,115900
2021-01-16,"Moderna, Pfizer/BioNTech",119269,10,119279
2021-01-17,"Moderna, Pfizer/BioNTech",121872,651,122523
2021-01-18,"Moderna, Pfizer/BioNTech",134347,2472,136819
2021-01-19,"Moderna, Pfizer/BioNTech",146907,5184,152091
2021-01-20,"Moderna, Pfizer/BioNTech",160550,7830,168380
2021-01-21,"Moderna, Pfizer/BioNTech",176165,9564,185729
2021-01-22,"Moderna, Pfizer/BioNTech",191007,10607,201614
2021-01-23,"Moderna, Pfizer/BioNTech",194306,11478,205784
2021-01-24,"Moderna, Pfizer/BioNTech",196552,12347,208899
2021-01-25,"Moderna, Pfizer/BioNTech",206175,15318,221493
2021-01-26,"Moderna, Pfizer/BioNTech",216706,19288,235994
2021-01-27,"Moderna, Pfizer/BioNTech",225725,23806,249531
2021-01-28,"Moderna, Pfizer/BioNTech",232800,29923,262723
2021-01-29,"Moderna, Pfizer/BioNTech",238997,37802,276799
2021-01-30,"Moderna, Pfizer/BioNTech",239729,38889,278618
2021-01-31,"Moderna, Pfizer/BioNTech",240437,40069,280506
2021-02-01,"Moderna, Pfizer/BioNTech",244401,47993,292394
2021-02-02,"Moderna, Pfizer/BioNTech",248528,58208,306736
2021-02-03,"Moderna, Pfizer/BioNTech",252935,69190,322125
2021-02-04,"Moderna, Pfizer/BioNTech",257825,82139,339964
2021-02-05,"Moderna, Pfizer/BioNTech",263274,92784,356058
2021-02-06,"Moderna, Pfizer/BioNTech",264115,95131,359246
2021-02-07,"Moderna, Pfizer/BioNTech",264963,97617,362580
2021-02-08,"Moderna, Oxford/AstraZeneca, Pfizer/BioNTech",269025,108999,378024
2021-02-09,"Moderna, Oxford/AstraZeneca, Pfizer/BioNTech",274106,120916,395022
2021-02-10,"Moderna, Pfizer/BioNTech",279596,134126,413722
2021-02-11,"Moderna, Oxford/AstraZeneca, Pfizer/BioNTech",285897,150299,436196
2021-02-12,"Moderna, Oxford/AstraZeneca, Pfizer/BioNTech",292642,164986,457628
2021-02-13,"Moderna, Oxford/AstraZeneca, Pfizer/BioNTech",294231,167965,462196
2021-02-14,"Moderna, Oxford/AstraZeneca, Pfizer/BioNTech",295222,169341,464563
2021-02-15,"Moderna, Oxford/AstraZeneca, Pfizer/BioNTech",301613,178672,480285
2021-02-16,"Moderna, Oxford/AstraZeneca, Pfizer/BioNTech",310318,187724,498042
2021-02-17,"Moderna, Oxford/AstraZeneca, Pfizer/BioNTech",319999,196013,516012
2021-02-18,"Moderna, Oxford/AstraZeneca, Pfizer/BioNTech",332297,204053,536350
2021-02-19,"Moderna, Oxford/AstraZeneca, Pfizer/BioNTech",344139,211373,555512
2021-02-20,"Moderna, Oxford/AstraZeneca, Pfizer/BioNTech",346120,212549,558669
2021-02-21,"Moderna, Oxford/AstraZeneca, Pfizer/BioNTech",347209,213564,560773
2021-02-22,"Moderna, Oxford/AstraZeneca, Pfizer/BioNTech",357315,219569,576884
2021-02-23,"Moderna, Oxford/AstraZeneca, Pfizer/BioNTech",370232,226529,596761
2021-02-24,"Moderna, Oxford/AstraZeneca, Pfizer/BioNTech",384086,232546,616632
2021-02-25,"Moderna, Oxford/AstraZeneca, Pfizer/BioNTech",402037,238078,640115
2021-02-26,"Moderna, Oxford/AstraZeneca, Pfizer/BioNTech",418187,243404,661591
2021-02-27,"Moderna, Oxford/AstraZeneca, Pfizer/BioNTech",421193,243954,665147
2021-02-28,"Moderna, Oxford/AstraZeneca, Pfizer/BioNTech",423535,244499,668034
2021-03-01,"Moderna, Oxford/AstraZeneca, Pfizer/BioNTech",443059,247922,690981
2021-03-02,"Moderna, Oxford/AstraZeneca, Pfizer/BioNTech",470249,251456,721705
2021-03-03,"Moderna, Oxford/AstraZeneca, Pfizer/BioNTech",501075,255943,757018
2021-03-04,"Moderna, Oxford/AstraZeneca, Pfizer/BioNTech",534260,260605,794865
2021-03-05,"Johnson&Johnson, Moderna, Oxford/AstraZeneca, Pfizer/BioNTech",563040,266002,829042
2021-03-06,"Johnson&Johnson, Moderna, Oxford/AstraZeneca, Pfizer/BioNTech",575166,266848,842014
2021-03-07,"Johnson&Johnson, Moderna, Oxford/AstraZeneca, Pfizer/BioNTech",586615,267681,854296
2021-03-08,"Johnson&Johnson, Moderna, Oxford/AstraZeneca, Pfizer/BioNTech",616282,272508,888790
2021-03-09,"Johnson&Johnson, Moderna, Oxford/AstraZeneca, Pfizer/BioNTech",652532,278867,931399
2021-03-10,"Moderna, Oxford/AstraZeneca, Pfizer/BioNTech",693758,285797,979555
2021-03-11,"Johnson&Johnson, Moderna, Oxford/AstraZeneca, Pfizer/BioNTech",738538,294146,1032684
2021-03-12,"Johnson&Johnson, Moderna, Oxford/AstraZeneca, Pfizer/BioNTech",777297,302591,1079888
2021-03-13,"Moderna, Oxford/AstraZeneca, Pfizer/BioNTech",794344,303879,1098223
2021-03-14,"Moderna, Oxford/AstraZeneca, Pfizer/BioNTech",806431,305014,1111445
2021-03-15,"Moderna, Oxford/AstraZeneca, Pfizer/BioNTech",834786,313778,1148564
2021-03-16,"Johnson&Johnson, Moderna, Oxford/AstraZeneca, Pfizer/BioNTech",873621,324286,1197907
2021-03-17,"Moderna, Oxford/AstraZeneca, Pfizer/BioNTech",911057,334764,1245821
2021-03-18,"Johnson&Johnson, Moderna, Oxford/AstraZeneca, Pfizer/BioNTech",948990,347154,1296144
2021-03-19,"Moderna, Oxford/AstraZeneca, Pfizer/BioNTech",983425,360739,1344164
2021-03-20,"Johnson&Johnson, Moderna, Oxford/AstraZeneca, Pfizer/BioNTech",998534,362754,1361288
2021-03-21,"Johnson&Johnson, Moderna, Oxford/AstraZeneca, Pfizer/BioNTech",1005923,364297,1370220
2021-03-22,"Johnson&Johnson, Moderna, Oxford/AstraZeneca, Pfizer/BioNTech",1030427,376773,1407200
2021-03-23,"Johnson&Johnson, Moderna, Oxford/AstraZeneca, Pfizer/BioNTech",1057005,390097,1447102
2021-03-24,"Johnson&Johnson, Moderna, Oxford/AstraZeneca, Pfizer/BioNTech",1083824,405801,1489625
2021-03-25,"Moderna, Oxford/AstraZeneca, Pfizer/BioNTech",1110112,423625,1533737
2021-03-26,"Moderna, Oxford/AstraZeneca, Pfizer/BioNTech",1134876,441099,1575975
2021-03-27,"Johnson&Johnson, Moderna, Oxford/AstraZeneca, Pfizer/BioNTech",1143291,445929,1589220
2021-03-28,"Moderna, Oxford/AstraZeneca, Pfizer/BioNTech",1148815,450059,1598874
2021-03-29,"Johnson&Johnson, Moderna, Oxford/AstraZeneca, Pfizer/BioNTech",1167865,470727,1638592
2021-03-30,"Johnson&Johnson, Moderna, Oxford/AstraZeneca, Pfizer/BioNTech",1192516,492873,1685389
2021-03-31,"Johnson&Johnson, Moderna, Oxford/AstraZeneca, Pfizer/BioNTech",1215561,519904,1735465
2021-04-01,"Johnson&Johnson, Moderna, Oxford/AstraZeneca, Pfizer/BioNTech",1241119,551907,1793026
2021-04-02,"Johnson&Johnson, Moderna, Oxford/AstraZeneca, Pfizer/BioNTech",1247994,564683,1812677
2021-04-03,"Johnson&Johnson, Moderna, Oxford/AstraZeneca, Pfizer/BioNTech",1251586,575587,1827173
2021-04-04,"Johnson&Johnson, Moderna, Oxford/AstraZeneca, Pfizer/BioNTech",1254062,584397,1838459
2021-04-05,"Johnson&Johnson, Moderna, Oxford/AstraZeneca, Pfizer/BioNTech",1256428,591564,1847992
2021-04-06,"Johnson&Johnson, Moderna, Oxford/AstraZeneca, Pfizer/BioNTech",1272512,620776,1893288
2021-04-07,"Johnson&Johnson, Moderna, Oxford/AstraZeneca, Pfizer/BioNTech",1295872,642935,1938807
2021-04-08,"Johnson&Johnson, Moderna, Oxford/AstraZeneca, Pfizer/BioNTech",1334487,673918,2008405
2021-04-09,"Johnson&Johnson, Moderna, Oxford/AstraZeneca, Pfizer/BioNTech",1373947,704074,2078021
2021-04-10,"Johnson&Johnson, Moderna, Oxford/AstraZeneca, Pfizer/BioNTech",1389385,719346,2108731
2021-04-11,"Johnson&Johnson, Moderna, Oxford/AstraZeneca, Pfizer/BioNTech",1399128,729358,2128486
2021-04-12,"Johnson&Johnson, Moderna, Oxford/AstraZeneca, Pfizer/BioNTech",1437335,754443,2191778
2021-04-13,"Moderna, Oxford/AstraZeneca, Pfizer/BioNTech",1473531,780419,2253950
2021-04-14,"Moderna, Oxford/AstraZeneca, Pfizer/BioNTech",1512282,807747,2320029
2021-04-15,"Moderna, Oxford/AstraZeneca, Pfizer/BioNTech",1559992,833432,2393424
2021-04-16,"Moderna, Oxford/AstraZeneca, Pfizer/BioNTech",1604560,859027,2463587
2021-04-17,"Moderna, Oxford/AstraZeneca, Pfizer/BioNTech",1621203,868036,2489239
2021-04-18,"Moderna, Oxford/AstraZeneca, Pfizer/BioNTech",1634156,873009,2507165
2021-04-19,"Moderna, Oxford/AstraZeneca, Pfizer/BioNTech",1678105,888422,2566527
2021-04-20,"Johnson&Johnson, Moderna, Oxford/AstraZeneca, Pfizer/BioNTech",1720612,904261,2624873
2021-04-21,"Moderna, Oxford/AstraZeneca, Pfizer/BioNTech",1768300,918527,2686827
2021-04-22,"Johnson&Johnson, Moderna, Oxford/AstraZeneca, Pfizer/BioNTech",1822746,935883,2758629
2021-04-23,"Johnson&Johnson, Moderna, Oxford/AstraZeneca, Pfizer/BioNTech",1872660,947901,2820561
2021-04-24,"Johnson&Johnson, Moderna, Oxford/AstraZeneca, Pfizer/BioNTech",1890465,953129,2843594
2021-04-25,"Johnson&Johnson, Moderna, Oxford/AstraZeneca, Pfizer/BioNTech",1905133,957107,2862240
2021-04-26,"Johnson&Johnson, Moderna, Oxford/AstraZeneca, Pfizer/BioNTech",1954691,964642,2919333
2021-04-27,"Johnson&Johnson, Moderna, Oxford/AstraZeneca, Pfizer/BioNTech",2003639,976831,2980470
2021-04-28,"Johnson&Johnson, Moderna, Oxford/AstraZeneca, Pfizer/BioNTech",2062353,990790,3053143
2021-04-29,"Johnson&Johnson, Moderna, Oxford/AstraZeneca, Pfizer/BioNTech",2127881,1006616,3134497
2021-04-30,"Johnson&Johnson, Moderna, Oxford/AstraZeneca, Pfizer/BioNTech",2190056,1016529,3206585
2021-05-01,"Johnson&Johnson, Moderna, Oxford/AstraZeneca, Pfizer/BioNTech",2209346,1019944,3229290
2021-05-02,"Johnson&Johnson, Moderna, Oxford/AstraZeneca, Pfizer/BioNTech",2228236,1022192,3250428
2021-05-03,"Johnson&Johnson, Moderna, Oxford/AstraZeneca, Pfizer/BioNTech",2295451,1027231,3322682
2021-05-04,"Johnson&Johnson, Moderna, Oxford/AstraZeneca, Pfizer/BioNTech",2361905,1035521,3397426
2021-05-05,"Johnson&Johnson, Moderna, Oxford/AstraZeneca, Pfizer/BioNTech",2435019,1044870,3479889
2021-05-06,"Johnson&Johnson, Moderna, Oxford/AstraZeneca, Pfizer/BioNTech",2515371,1055497,3570868
2021-05-07,"Johnson&Johnson, Moderna, Oxford/AstraZeneca, Pfizer/BioNTech",2592622,1065526,3658148
2021-05-08,"Johnson&Johnson, Moderna, Oxford/AstraZeneca, Pfizer/BioNTech",2622020,1067248,3689268
2021-05-09,"Johnson&Johnson, Moderna, Oxford/AstraZeneca, Pfizer/BioNTech",2646186,1068434,3714620
2021-05-10,"Johnson&Johnson, Moderna, Oxford/AstraZeneca, Pfizer/BioNTech",2718908,1075597,3794505
2021-05-11,"Johnson&Johnson, Moderna, Oxford/AstraZeneca, Pfizer/BioNTech",2794971,1084360,3879331
2021-05-12,"Johnson&Johnson, Moderna, Oxford/AstraZeneca, Pfizer/BioNTech",2874783,1093390,3968173
2021-05-13,"Johnson&Johnson, Moderna, Oxford/AstraZeneca, Pfizer/BioNTech",2958770,1102512,4061282
2021-05-14,"Johnson&Johnson, Moderna, Oxford/AstraZeneca, Pfizer/BioNTech",3038160,1110232,4148392
2021-05-15,"Johnson&Johnson, Moderna, Oxford/AstraZeneca, Pfizer/BioNTech",3069992,1112416,4182408
2021-05-16,"Johnson&Johnson, Moderna, Oxford/AstraZeneca, Pfizer/BioNTech",3095735,1113609,4209344
2021-05-17,"Johnson&Johnson, Moderna, Oxford/AstraZeneca, Pfizer/BioNTech",3168212,1120281,4288493
2021-05-18,"Johnson&Johnson, Moderna, Oxford/AstraZeneca, Pfizer/BioNTech",3240111,1133261,4373372
2021-05-19,"Johnson&Johnson, Moderna, Oxford/AstraZeneca, Pfizer/BioNTech",3317540,1148344,4465884
2021-05-20,"Johnson&Johnson, Moderna, Oxford/AstraZeneca, Pfizer/BioNTech",3392940,1175299,4568239
2021-05-21,"Johnson&Johnson, Moderna, Oxford/AstraZeneca, Pfizer/BioNTech",3461684,1202966,4664650
2021-05-22,"Johnson&Johnson, Moderna, Oxford/AstraZeneca, Pfizer/BioNTech",3494010,1214095,4708105
2021-05-23,"Johnson&Johnson, Moderna, Oxford/AstraZeneca, Pfizer/BioNTech",3516312,1223093,4739405
2021-05-24,"Johnson&Johnson, Moderna, Oxford/AstraZeneca, Pfizer/BioNTech",3563380,1256681,4820061
2021-05-25,"Johnson&Johnson, Moderna, Oxford/AstraZeneca, Pfizer/BioNTech",3615207,1292415,4907622
2021-05-26,"Johnson&Johnson, Moderna, Oxford/AstraZeneca, Pfizer/BioNTech",3682924,1329884,5012808
2021-05-27,"Johnson&Johnson, Moderna, Oxford/AstraZeneca, Pfizer/BioNTech",3744264,1377140,5121404
2021-05-28,"Johnson&Johnson, Moderna, Oxford/AstraZeneca, Pfizer/BioNTech",3805919,1423614,5229533
2021-05-29,"Johnson&Johnson, Moderna, Oxford/AstraZeneca, Pfizer/BioNTech",3835060,1440678,5275738
2021-05-30,"Johnson&Johnson, Moderna, Oxford/AstraZeneca, Pfizer/BioNTech",3857398,1455076,5312474
2021-05-31,"Johnson&Johnson, Moderna, Oxford/AstraZeneca, Pfizer/BioNTech",3913105,1502559,5415664
2021-06-01,"Johnson&Johnson, Moderna, Oxford/AstraZeneca, Pfizer/BioNTech",3972109,1551308,5523417
2021-06-02,"Johnson&Johnson, Moderna, Oxford/AstraZeneca, Pfizer/BioNTech",4034965,1605191,5640156
2021-06-03,"Johnson&Johnson, Moderna, Oxford/AstraZeneca, Pfizer/BioNTech",4093181,1665325,5758506
2021-06-04,"Johnson&Johnson, Moderna, Oxford/AstraZeneca, Pfizer/BioNTech",4156245,1722625,5878870
2021-06-05,"Johnson&Johnson, Moderna, Oxford/AstraZeneca, Pfizer/BioNTech",4190373,1741387,5931760
2021-06-06,"Johnson&Johnson, Moderna, Oxford/AstraZeneca, Pfizer/BioNTech",4217269,1756474,5973743
2021-06-07,"Johnson&Johnson, Moderna, Oxford/AstraZeneca, Pfizer/BioNTech",4280931,1812027,6092958
2021-06-08,"Johnson&Johnson, Moderna, Oxford/AstraZeneca, Pfizer/BioNTech",4344884,1866917,6211801
2021-06-09,"Johnson&Johnson, Moderna, Oxford/AstraZeneca, Pfizer/BioNTech",4404050,1931238,6335288
2021-06-10,"Johnson&Johnson, Moderna, Oxford/AstraZeneca, Pfizer/BioNTech",4457922,2002220,6460142
2021-06-11,"Johnson&Johnson, Moderna, Oxford/AstraZeneca, Pfizer/BioNTech",4510000,2071817,6581817
2021-06-12,"Johnson&Johnson, Moderna, Oxford/AstraZeneca, Pfizer/BioNTech",4541974,2092537,6634511
2021-06-13,"Johnson&Johnson, Moderna, Oxford/AstraZeneca, Pfizer/BioNTech",4565977,2110886,6676863
2021-06-14,"Johnson&Johnson, Moderna, Oxford/AstraZeneca, Pfizer/BioNTech",4608960,2185160,6794120
2021-06-15,"Johnson&Johnson, Moderna, Oxford/AstraZeneca, Pfizer/BioNTech",4653583,2257390,6910973
2021-06-16,"Johnson&Johnson, Moderna, Oxford/AstraZeneca, Pfizer/BioNTech",4696307,2335479,7031786
2021-06-17,"Johnson&Johnson, Moderna, Oxford/AstraZeneca, Pfizer/BioNTech",4735675,2418414,7154089
2021-06-18,"Johnson&Johnson, Moderna, Oxford/AstraZeneca, Pfizer/BioNTech",4778045,2498775,7276820
2021-06-19,"Johnson&Johnson, Moderna, Oxford/AstraZeneca, Pfizer/BioNTech",4799774,2527982,7327756
2021-06-20,"Johnson&Johnson, Moderna, Oxford/AstraZeneca, Pfizer/BioNTech",4817132,2551736,7368868
2021-06-21,"Johnson&Johnson, Moderna, Oxford/AstraZeneca, Pfizer/BioNTech",4849635,2630187,7479822
2021-06-22,"Johnson&Johnson, Moderna, Oxford/AstraZeneca, Pfizer/BioNTech",4882581,2712326,7594907
2021-06-23,"Johnson&Johnson, Moderna, Oxford/AstraZeneca, Pfizer/BioNTech",4914224,2797434,7711658
2021-06-24,"Johnson&Johnson, Moderna, Oxford/AstraZeneca, Pfizer/BioNTech",4944051,2887354,7831405
2021-06-25,"Johnson&Johnson, Moderna, Oxford/AstraZeneca, Pfizer/BioNTech",4975080,2973358,7948438
2021-06-26,"Johnson&Johnson, Moderna, Oxford/AstraZeneca, Pfizer/BioNTech",4990931,3008085,7999016
2021-06-27,"Johnson&Johnson, Moderna, Oxford/AstraZeneca, Pfizer/BioNTech",5004869,3034663,8039532
2021-06-28,"Johnson&Johnson, Moderna, Oxford/AstraZeneca, Pfizer/BioNTech",5033285,3119734,8153019
2021-06-29,"Johnson&Johnson, Moderna, Oxford/AstraZeneca, Pfizer/BioNTech",5062529,3206102,8268631
2021-06-30,"Johnson&Johnson, Moderna, Oxford/AstraZeneca, Pfizer/BioNTech",5090024,3296943,8386967
2021-07-01,"Johnson&Johnson, Moderna, Oxford/AstraZeneca, Pfizer/BioNTech",5113965,3386850,8500815
2021-07-02,"Johnson&Johnson, Moderna, Oxford/AstraZeneca, Pfizer/BioNTech",5140678,3472535,8613213
2021-07-03,"Johnson&Johnson, Moderna, Oxford/AstraZeneca, Pfizer/BioNTech",5147746,3503976,8651722
2021-07-04,"Johnson&Johnson, Moderna, Oxford/AstraZeneca, Pfizer/BioNTech",5155287,3525727,8681014
2021-07-05,"Johnson&Johnson, Moderna, Oxford/AstraZeneca, Pfizer/BioNTech",5162629,3551030,8713659
2021-07-06,"Johnson&Johnson, Moderna, Oxford/AstraZeneca, Pfizer/BioNTech",5168017,3578583,8746600
2021-07-07,"Johnson&Johnson, Moderna, Oxford/AstraZeneca, Pfizer/BioNTech",5193799,3657435,8851234
2021-07-08,"Johnson&Johnson, Moderna, Oxford/AstraZeneca, Pfizer/BioNTech",5220374,3727639,8948013
2021-07-09,"Johnson&Johnson, Moderna, Oxford/AstraZeneca, Pfizer/BioNTech",5248267,3796781,9045048
2021-07-10,"Johnson&Johnson, Moderna, Oxford/AstraZeneca, Pfizer/BioNTech",5257597,3825334,9082931
2021-07-11,"Johnson&Johnson, Moderna, Oxford/AstraZeneca, Pfizer/BioNTech",5266108,3848171,9114279
2021-07-12,"Johnson&Johnson, Moderna, Oxford/AstraZeneca, Pfizer/BioNTech",5293631,3917164,9210795
2021-07-13,"Johnson&Johnson, Moderna, Oxford/AstraZeneca, Pfizer/BioNTech",5319823,3986931,9306754
2021-07-14,"Johnson&Johnson, Moderna, Oxford/AstraZeneca, Pfizer/BioNTech",5345650,4058810,9404460
2021-07-15,"Johnson&Johnson, Moderna, Oxford/AstraZeneca, Pfizer/BioNTech",5374848,4124703,9499551
2021-07-16,"Johnson&Johnson, Moderna, Oxford/AstraZeneca, Pfizer/BioNTech",5402765,4197294,9600059
2021-07-17,"Johnson&Johnson, Moderna, Oxford/AstraZeneca, Pfizer/BioNTech",5411507,4228666,9640173
2021-07-18,"Johnson&Johnson, Moderna, Oxford/AstraZeneca, Pfizer/BioNTech",5419938,4254621,9674559
2021-07-19,"Johnson&Johnson, Moderna, Oxford/AstraZeneca, Pfizer/BioNTech",5443263,4321547,9764810
2021-07-20,"Johnson&Johnson, Moderna, Oxford/AstraZeneca, Pfizer/BioNTech",5464629,4388486,9853115
2021-07-21,"Johnson&Johnson, Moderna, Oxford/AstraZeneca, Pfizer/BioNTech",5488051,4451822,9939873
2021-07-22,"Johnson&Johnson, Moderna, Oxford/AstraZeneca, Pfizer/BioNTech",5510381,4510328,10020709
2021-07-23,"Johnson&Johnson, Moderna, Oxford/AstraZeneca, Pfizer/BioNTech",5533543,4564945,10098488
2021-07-24,"Johnson&Johnson, Moderna, Oxford/AstraZeneca, Pfizer/BioNTech",5540835,4592531,10133366
2021-07-25,"Johnson&Johnson, Moderna, Oxford/AstraZeneca, Pfizer/BioNTech",5547429,4614516,10161945
2021-07-26,"Johnson&Johnson, Moderna, Oxford/AstraZeneca, Pfizer/BioNTech",5570928,4662975,10233903
2021-07-27,"Johnson&Johnson, Moderna, Oxford/AstraZeneca, Pfizer/BioNTech",5593598,4709489,10303087
2021-07-28,"Johnson&Johnson, Moderna, Oxford/AstraZeneca, Pfizer/BioNTech",5614801,4755348,10370149
2021-07-29,"Johnson&Johnson, Moderna, Oxford/AstraZeneca, Pfizer/BioNTech",5636036,4797174,10433210
2021-07-30,"Johnson&Johnson, Moderna, Oxford/AstraZeneca, Pfizer/BioNTech",5659285,4839615,10498900
2021-07-31,"Johnson&Johnson, Moderna, Oxford/AstraZeneca, Pfizer/BioNTech",5668202,4859098,10527300
2021-08-01,"Johnson&Johnson, Moderna, Oxford/AstraZeneca, Pfizer/BioNTech",5674909,4875222,10550131
2021-08-02,"Johnson&Johnson, Moderna, Oxford/AstraZeneca, Pfizer/BioNTech",5693488,4912678,10606166
2021-08-03,"Johnson&Johnson, Moderna, Oxford/AstraZeneca, Pfizer/BioNTech",5711075,4950686,10661761
2021-08-04,"Johnson&Johnson, Moderna, Oxford/AstraZeneca, Pfizer/BioNTech",5727109,4987320,10714429
2021-08-05,"Johnson&Johnson, Moderna, Oxford/AstraZeneca, Pfizer/BioNTech",5743087,5027687,10770774
2021-08-06,"Johnson&Johnson, Moderna, Oxford/AstraZeneca, Pfizer/BioNTech",5759836,5070839,10830675
2021-08-07,"Johnson&Johnson, Moderna, Oxford/AstraZeneca, Pfizer/BioNTech",5765402,5088945,10854347
2021-08-08,"Johnson&Johnson, Moderna, Oxford/AstraZeneca, Pfizer/BioNTech",5769747,5104653,10874400
2021-08-09,"Johnson&Johnson, Moderna, Oxford/AstraZeneca, Pfizer/BioNTech",5782357,5149623,10931980
2021-08-10,"Johnson&Johnson, Moderna, Oxford/AstraZeneca, Pfizer/BioNTech",5794154,5189095,10983249
2021-08-11,"Johnson&Johnson, Moderna, Oxford/AstraZeneca, Pfizer/BioNTech",5805480,5232145,11037625
2021-08-12,"Johnson&Johnson, Moderna, Oxford/AstraZeneca, Pfizer/BioNTech",5816858,5269133,11085991
2021-08-13,"Johnson&Johnson, Moderna, Oxford/AstraZeneca, Pfizer/BioNTech",5827503,5309351,11136854
2021-08-14,"Johnson&Johnson, Moderna, Oxford/AstraZeneca, Pfizer/BioNTech",5830832,5320009,11150841
2021-08-15,"Johnson&Johnson, Moderna, Oxford/AstraZeneca, Pfizer/BioNTech",5833400,5330354,11163754
2021-08-16,"Johnson&Johnson, Moderna, Oxford/AstraZeneca, Pfizer/BioNTech",5843156,5364339,11207495
2021-08-17,"Johnson&Johnson, Moderna, Oxford/AstraZeneca, Pfizer/BioNTech",5852698,5391353,11244051
2021-08-18,"Johnson&Johnson, Moderna, Oxford/AstraZeneca, Pfizer/BioNTech",5862035,5430126,11292161
2021-08-19,"Johnson&Johnson, Moderna, Oxford/AstraZeneca, Pfizer/BioNTech",5871629,5468391,11340020
2021-08-20,"Johnson&Johnson, Moderna, Oxford/AstraZeneca, Pfizer/BioNTech",5882934,5508493,11391427
2021-08-21,"Johnson&Johnson, Moderna, Oxford/AstraZeneca, Pfizer/BioNTech",5885630,5521217,11406847
2021-08-22,"Johnson&Johnson, Moderna, Oxford/AstraZeneca, Pfizer/BioNTech",5887964,5533156,11421120
2021-08-23,"Johnson&Johnson, Moderna, Oxford/AstraZeneca, Pfizer/BioNTech",5898447,5572316,11470763
2021-08-24,"Johnson&Johnson, Moderna, Oxford/AstraZeneca, Pfizer/BioNTech",5908272,5605490,11513762
2021-08-25,"Johnson&Johnson, Moderna, Oxford/AstraZeneca, Pfizer/BioNTech",5917086,5633771,11550857
2021-08-26,"Johnson&Johnson, Moderna, Oxford/AstraZeneca, Pfizer/BioNTech",5925467,5659808,11585275
2021-08-27,"Johnson&Johnson, Moderna, Oxford/AstraZeneca, Pfizer/BioNTech",5935721,5685677,11621398
2021-08-28,"Johnson&Johnson, Moderna, Oxford/AstraZeneca, Pfizer/BioNTech",5938428,5692686,11631114
2021-08-29,"Johnson&Johnson, Moderna, Oxford/AstraZeneca, Pfizer/BioNTech",5940819,5699293,11640112
2021-08-30,"Johnson&Johnson, Moderna, Oxford/AstraZeneca, Pfizer/BioNTech",5949277,5721082,11670359
2021-08-31,"Johnson&Johnson, Moderna, Oxford/AstraZeneca, Pfizer/BioNTech",5956878,5739086,11695964
2021-09-01,"Johnson&Johnson, Moderna, Oxford/AstraZeneca, Pfizer/BioNTech",5962672,5752991,11715663
2021-09-02,"Johnson&Johnson, Moderna, Oxford/AstraZeneca, Pfizer/BioNTech",5969360,5767294,11736654
2021-09-03,"Johnson&Johnson, Moderna, Oxford/AstraZeneca, Pfizer/BioNTech",5978696,5782878,11761574
2021-09-04,"Johnson&Johnson, Moderna, Oxford/AstraZeneca, Pfizer/BioNTech",5980716,5786396,11767112
2021-09-05,"Johnson&Johnson, Moderna, Pfizer/BioNTech",5982730,5789217,11771947
2021-09-06,"Johnson&Johnson, Moderna, Oxford/AstraZeneca, Pfizer/BioNTech",5988745,5801610,11790355
2021-09-07,"Johnson&Johnson, Moderna, Oxford/AstraZeneca, Pfizer/BioNTech",5993015,5812584,11805599
2021-09-08,"Johnson&Johnson, Moderna, Oxford/AstraZeneca, Pfizer/BioNTech",5998550,5822369,11820919
2021-09-09,"Johnson&Johnson, Moderna, Oxford/AstraZeneca, Pfizer/BioNTech",6005089,5832358,11837447
2021-09-10,"Johnson&Johnson, Moderna, Oxford/AstraZeneca, Pfizer/BioNTech",6012578,5844386,11856964
2021-09-11,"Johnson&Johnson, Moderna, Pfizer/BioNTech",6014423,5846846,11861269
2021-09-12,"Johnson&Johnson, Moderna, Oxford/AstraZeneca, Pfizer/BioNTech",6015524,5848457,11863981
2021-09-13,"Johnson&Johnson, Moderna, Oxford/AstraZeneca, Pfizer/BioNTech",6020828,5858642,11879470
2021-09-14,"Johnson&Johnson, Moderna, Oxford/AstraZeneca, Pfizer/BioNTech",6026091,5867548,11893639
2021-09-15,"Johnson&Johnson, Moderna, Oxford/AstraZeneca, Pfizer/BioNTech",6031169,5875969,11907138
2021-09-16,"Johnson&Johnson, Moderna, Oxford/AstraZeneca, Pfizer/BioNTech",6036304,5884134,11920438
2021-09-17,"Johnson&Johnson, Moderna, Oxford/AstraZeneca, Pfizer/BioNTech",6042630,5894169,11936799
2021-09-18,"Johnson&Johnson, Moderna, Pfizer/BioNTech",6044322,5896488,11940810
2021-09-19,"Johnson&Johnson, Moderna, Pfizer/BioNTech",6045252,5898039,11943291
2021-09-20,"Johnson&Johnson, Moderna, Oxford/AstraZeneca, Pfizer/BioNTech",6049056,5906066,11955122
2021-09-21,"Johnson&Johnson, Moderna, Oxford/AstraZeneca, Pfizer/BioNTech",6053022,5913476,11966498
2021-09-22,"Johnson&Johnson, Moderna, Oxford/AstraZeneca, Pfizer/BioNTech",6056961,5918828,11975789
2021-09-23,"Johnson&Johnson, Moderna, Oxford/AstraZeneca, Pfizer/BioNTech",6061353,5924704,11986057
