date,vaccine,people_vaccinated,people_fully_vaccinated,total_vaccinations
2020-12-27,Pfizer/BioNTech,1284,0,1284
2020-12-28,Pfizer/BioNTech,3590,0,3590
2020-12-29,Pfizer/BioNTech,7058,1,7059
2020-12-30,Pfizer/BioNTech,10577,1,10578
2020-12-31,Pfizer/BioNTech,11889,1,11890
2021-01-01,"Moderna, Pfizer/BioNTech",12158,1,12159
2021-01-02,Pfizer/BioNTech,13438,1,13439
2021-01-03,"Moderna, Pfizer/BioNTech",14362,1,14363
2021-01-04,"Moderna, Pfizer/BioNTech",17974,1,17975
2021-01-05,"Moderna, Pfizer/BioNTech",22498,2,22500
2021-01-06,"Moderna, Pfizer/BioNTech",28345,3,28348
2021-01-07,"Moderna, Pfizer/BioNTech",36343,3,36346
2021-01-08,"Moderna, Pfizer/BioNTech",46394,4,46398
2021-01-09,"Moderna, Pfizer/BioNTech",48421,5,48426
2021-01-10,Pfizer/BioNTech,50189,6,50195
2021-01-11,Pfizer/BioNTech,60043,8,60051
2021-01-12,"Moderna, Pfizer/BioNTech",73498,10,73508
2021-01-13,Pfizer/BioNTech,87040,10,87050
2021-01-14,"Moderna, Pfizer/BioNTech",102288,14,102302
2021-01-15,"Moderna, Pfizer/BioNTech",116305,15,116320
2021-01-16,"Moderna, Pfizer/BioNTech",119708,19,119727
2021-01-17,"Moderna, Pfizer/BioNTech",122325,655,122980
2021-01-18,"Moderna, Pfizer/BioNTech",134815,2481,137296
2021-01-19,"Moderna, Pfizer/BioNTech",147420,5207,152627
2021-01-20,"Moderna, Pfizer/BioNTech",161109,7869,168978
2021-01-21,"Moderna, Pfizer/BioNTech",176761,9614,186375
2021-01-22,"Moderna, Pfizer/BioNTech",191645,10660,202305
2021-01-23,"Moderna, Pfizer/BioNTech",194966,11540,206506
2021-01-24,"Moderna, Pfizer/BioNTech",197221,12409,209630
2021-01-25,"Moderna, Pfizer/BioNTech",206867,15383,222250
2021-01-26,"Moderna, Pfizer/BioNTech",217409,19378,236787
2021-01-27,"Moderna, Pfizer/BioNTech",226437,23915,250352
2021-01-28,"Moderna, Pfizer/BioNTech",233538,30050,263588
2021-01-29,"Moderna, Pfizer/BioNTech",239753,37961,277714
2021-01-30,"Moderna, Pfizer/BioNTech",240492,39049,279541
2021-01-31,"Moderna, Pfizer/BioNTech",241207,40231,281438
2021-02-01,"Moderna, Pfizer/BioNTech",245187,48193,293380
2021-02-02,"Moderna, Pfizer/BioNTech",249334,58429,307763
2021-02-03,"Moderna, Pfizer/BioNTech",253757,69447,323204
2021-02-04,"Moderna, Pfizer/BioNTech",258656,82437,341093
2021-02-05,"Moderna, Pfizer/BioNTech",264124,93111,357235
2021-02-06,"Moderna, Oxford/AstraZeneca, Pfizer/BioNTech",264976,95479,360455
2021-02-07,"Moderna, Pfizer/BioNTech",265826,97980,363806
2021-02-08,"Moderna, Oxford/AstraZeneca, Pfizer/BioNTech",269912,109410,379322
2021-02-09,"Moderna, Oxford/AstraZeneca, Pfizer/BioNTech",275011,121322,396333
2021-02-10,"Moderna, Oxford/AstraZeneca, Pfizer/BioNTech",280520,134581,415101
2021-02-11,"Moderna, Oxford/AstraZeneca, Pfizer/BioNTech",286856,150796,437652
2021-02-12,"Moderna, Oxford/AstraZeneca, Pfizer/BioNTech",293680,165536,459216
2021-02-13,"Moderna, Oxford/AstraZeneca, Pfizer/BioNTech",295291,168525,463816
2021-02-14,"Moderna, Oxford/AstraZeneca, Pfizer/BioNTech",296293,169909,466202
2021-02-15,"Moderna, Oxford/AstraZeneca, Pfizer/BioNTech",302691,179275,481966
2021-02-16,"Moderna, Oxford/AstraZeneca, Pfizer/BioNTech",311409,188359,499768
2021-02-17,"Moderna, Oxford/AstraZeneca, Pfizer/BioNTech",321107,196665,517772
2021-02-18,"Moderna, Oxford/AstraZeneca, Pfizer/BioNTech",333423,204748,538171
2021-02-19,"Moderna, Oxford/AstraZeneca, Pfizer/BioNTech",345282,212120,557402
2021-02-20,"Moderna, Oxford/AstraZeneca, Pfizer/BioNTech",347283,213305,560588
2021-02-21,"Moderna, Oxford/AstraZeneca, Pfizer/BioNTech",348416,214329,562745
2021-02-22,"Moderna, Oxford/AstraZeneca, Pfizer/BioNTech",358539,220361,578900
2021-02-23,"Moderna, Oxford/AstraZeneca, Pfizer/BioNTech",371494,227344,598838
2021-02-24,"Moderna, Oxford/AstraZeneca, Pfizer/BioNTech",385368,233380,618748
2021-02-25,"Moderna, Oxford/AstraZeneca, Pfizer/BioNTech",403338,238931,642269
2021-02-26,"Moderna, Oxford/AstraZeneca, Pfizer/BioNTech",419508,244283,663791
2021-02-27,"Moderna, Oxford/AstraZeneca, Pfizer/BioNTech",422517,244840,667357
2021-02-28,"Moderna, Oxford/AstraZeneca, Pfizer/BioNTech",424867,245391,670258
2021-03-01,"Moderna, Oxford/AstraZeneca, Pfizer/BioNTech",444458,248840,693298
2021-03-02,"Moderna, Oxford/AstraZeneca, Pfizer/BioNTech",471685,252389,724074
2021-03-03,"Moderna, Oxford/AstraZeneca, Pfizer/BioNTech",502632,256894,759526
2021-03-04,"Moderna, Oxford/AstraZeneca, Pfizer/BioNTech",535918,261578,797496
2021-03-05,"Johnson&Johnson, Moderna, Oxford/AstraZeneca, Pfizer/BioNTech",564758,266999,831757
2021-03-06,"Johnson&Johnson, Moderna, Oxford/AstraZeneca, Pfizer/BioNTech",576905,267860,844765
2021-03-07,"Johnson&Johnson, Moderna, Oxford/AstraZeneca, Pfizer/BioNTech",588447,268701,857148
2021-03-08,"Johnson&Johnson, Moderna, Oxford/AstraZeneca, Pfizer/BioNTech",618192,273555,891747
2021-03-09,"Johnson&Johnson, Moderna, Oxford/AstraZeneca, Pfizer/BioNTech",654549,279937,934486
2021-03-10,"Johnson&Johnson, Moderna, Oxford/AstraZeneca, Pfizer/BioNTech",695863,286893,982756
2021-03-11,"Johnson&Johnson, Moderna, Oxford/AstraZeneca, Pfizer/BioNTech",740693,295264,1035957
2021-03-12,"Johnson&Johnson, Moderna, Oxford/AstraZeneca, Pfizer/BioNTech",779462,303757,1083219
2021-03-13,"Johnson&Johnson, Moderna, Oxford/AstraZeneca, Pfizer/BioNTech",796550,305066,1101616
2021-03-14,"Johnson&Johnson, Moderna, Oxford/AstraZeneca, Pfizer/BioNTech",808667,306219,1114886
2021-03-15,"Johnson&Johnson, Moderna, Oxford/AstraZeneca, Pfizer/BioNTech",837050,314995,1152045
2021-03-16,"Johnson&Johnson, Moderna, Oxford/AstraZeneca, Pfizer/BioNTech",875941,325532,1201473
2021-03-17,"Moderna, Oxford/AstraZeneca, Pfizer/BioNTech",913412,336039,1249451
2021-03-18,"Johnson&Johnson, Moderna, Oxford/AstraZeneca, Pfizer/BioNTech",951397,348451,1299848
2021-03-19,"Moderna, Oxford/AstraZeneca, Pfizer/BioNTech",985888,362062,1347950
2021-03-20,"Johnson&Johnson, Moderna, Oxford/AstraZeneca, Pfizer/BioNTech",1001041,364092,1365133
2021-03-21,"Johnson&Johnson, Moderna, Oxford/AstraZeneca, Pfizer/BioNTech",1008466,365650,1374116
2021-03-22,"Johnson&Johnson, Moderna, Oxford/AstraZeneca, Pfizer/BioNTech",1033041,378153,1411194
2021-03-23,"Johnson&Johnson, Moderna, Oxford/AstraZeneca, Pfizer/BioNTech",1059703,391509,1451212
2021-03-24,"Johnson&Johnson, Moderna, Oxford/AstraZeneca, Pfizer/BioNTech",1086574,407249,1493823
2021-03-25,"Moderna, Oxford/AstraZeneca, Pfizer/BioNTech",1112916,425101,1538017
2021-03-26,"Johnson&Johnson, Moderna, Oxford/AstraZeneca, Pfizer/BioNTech",1137734,442604,1580338
2021-03-27,"Johnson&Johnson, Moderna, Oxford/AstraZeneca, Pfizer/BioNTech",1146176,447449,1593625
2021-03-28,"Moderna, Oxford/AstraZeneca, Pfizer/BioNTech",1151718,451594,1603312
2021-03-29,"Johnson&Johnson, Moderna, Oxford/AstraZeneca, Pfizer/BioNTech",1170850,472329,1643179
2021-03-30,"Johnson&Johnson, Moderna, Oxford/AstraZeneca, Pfizer/BioNTech",1195539,494510,1690049
2021-03-31,"Johnson&Johnson, Moderna, Oxford/AstraZeneca, Pfizer/BioNTech",1218662,521574,1740236
2021-04-01,"Johnson&Johnson, Moderna, Oxford/AstraZeneca, Pfizer/BioNTech",1244310,553628,1797938
2021-04-02,"Johnson&Johnson, Moderna, Oxford/AstraZeneca, Pfizer/BioNTech",1251238,566418,1817656
2021-04-03,"Johnson&Johnson, Moderna, Oxford/AstraZeneca, Pfizer/BioNTech",1254863,577345,1832208
2021-04-04,"Johnson&Johnson, Moderna, Oxford/AstraZeneca, Pfizer/BioNTech",1257380,586266,1843646
2021-04-05,"Johnson&Johnson, Moderna, Oxford/AstraZeneca, Pfizer/BioNTech",1259791,593456,1853247
2021-04-06,"Johnson&Johnson, Moderna, Oxford/AstraZeneca, Pfizer/BioNTech",1275958,622714,1898672
2021-04-07,"Johnson&Johnson, Moderna, Oxford/AstraZeneca, Pfizer/BioNTech",1299396,644945,1944341
2021-04-08,"Johnson&Johnson, Moderna, Oxford/AstraZeneca, Pfizer/BioNTech",1338149,675968,2014117
2021-04-09,"Johnson&Johnson, Moderna, Oxford/AstraZeneca, Pfizer/BioNTech",1377713,706152,2083865
2021-04-10,"Johnson&Johnson, Moderna, Oxford/AstraZeneca, Pfizer/BioNTech",1393234,721444,2114678
2021-04-11,"Johnson&Johnson, Moderna, Oxford/AstraZeneca, Pfizer/BioNTech",1403021,731489,2134510
2021-04-12,"Johnson&Johnson, Moderna, Oxford/AstraZeneca, Pfizer/BioNTech",1441312,756631,2197943
2021-04-13,"Moderna, Oxford/AstraZeneca, Pfizer/BioNTech",1477581,782667,2260248
2021-04-14,"Moderna, Oxford/AstraZeneca, Pfizer/BioNTech",1516418,810030,2326448
2021-04-15,"Moderna, Oxford/AstraZeneca, Pfizer/BioNTech",1564229,835789,2400018
2021-04-16,"Moderna, Oxford/AstraZeneca, Pfizer/BioNTech",1608905,861447,2470352
2021-04-17,"Moderna, Oxford/AstraZeneca, Pfizer/BioNTech",1625601,870473,2496074
2021-04-18,"Moderna, Oxford/AstraZeneca, Pfizer/BioNTech",1638590,875454,2514044
2021-04-19,"Moderna, Oxford/AstraZeneca, Pfizer/BioNTech",1682552,890889,2573441
2021-04-20,"Johnson&Johnson, Moderna, Oxford/AstraZeneca, Pfizer/BioNTech",1725128,906753,2631881
2021-04-21,"Moderna, Oxford/AstraZeneca, Pfizer/BioNTech",1772868,921104,2693972
2021-04-22,"Johnson&Johnson, Moderna, Oxford/AstraZeneca, Pfizer/BioNTech",1827372,938492,2765864
2021-04-23,"Johnson&Johnson, Moderna, Oxford/AstraZeneca, Pfizer/BioNTech",1877363,950544,2827907
2021-04-24,"Johnson&Johnson, Moderna, Oxford/AstraZeneca, Pfizer/BioNTech",1895214,955795,2851009
2021-04-25,"Johnson&Johnson, Moderna, Oxford/AstraZeneca, Pfizer/BioNTech",1909912,959792,2869704
2021-04-26,"Johnson&Johnson, Moderna, Oxford/AstraZeneca, Pfizer/BioNTech",1959501,967344,2926845
2021-04-27,"Johnson&Johnson, Moderna, Oxford/AstraZeneca, Pfizer/BioNTech",2008479,979576,2988055
2021-04-28,"Johnson&Johnson, Moderna, Oxford/AstraZeneca, Pfizer/BioNTech",2067248,993580,3060828
2021-04-29,"Johnson&Johnson, Moderna, Oxford/AstraZeneca, Pfizer/BioNTech",2132822,1009478,3142300
2021-04-30,"Johnson&Johnson, Moderna, Oxford/AstraZeneca, Pfizer/BioNTech",2195069,1019455,3214524
2021-05-01,"Johnson&Johnson, Moderna, Oxford/AstraZeneca, Pfizer/BioNTech",2214419,1022908,3237327
2021-05-02,"Johnson&Johnson, Moderna, Oxford/AstraZeneca, Pfizer/BioNTech",2233348,1025179,3258527
2021-05-03,"Johnson&Johnson, Moderna, Oxford/AstraZeneca, Pfizer/BioNTech",2300600,1030241,3330841
2021-05-04,"Johnson&Johnson, Moderna, Oxford/AstraZeneca, Pfizer/BioNTech",2367115,1038582,3405697
2021-05-05,"Johnson&Johnson, Moderna, Oxford/AstraZeneca, Pfizer/BioNTech",2440290,1047993,3488283
2021-05-06,"Johnson&Johnson, Moderna, Oxford/AstraZeneca, Pfizer/BioNTech",2520701,1058724,3579425
2021-05-07,"Johnson&Johnson, Moderna, Oxford/AstraZeneca, Pfizer/BioNTech",2597977,1068802,3666779
2021-05-08,"Johnson&Johnson, Moderna, Oxford/AstraZeneca, Pfizer/BioNTech",2627443,1070575,3698018
2021-05-09,"Johnson&Johnson, Moderna, Oxford/AstraZeneca, Pfizer/BioNTech",2651658,1071788,3723446
2021-05-10,"Johnson&Johnson, Moderna, Oxford/AstraZeneca, Pfizer/BioNTech",2724440,1079014,3803454
2021-05-11,"Johnson&Johnson, Moderna, Oxford/AstraZeneca, Pfizer/BioNTech",2800546,1087827,3888373
2021-05-12,"Johnson&Johnson, Moderna, Oxford/AstraZeneca, Pfizer/BioNTech",2880425,1096938,3977363
2021-05-13,"Johnson&Johnson, Moderna, Oxford/AstraZeneca, Pfizer/BioNTech",2964443,1106098,4070541
2021-05-14,"Johnson&Johnson, Moderna, Oxford/AstraZeneca, Pfizer/BioNTech",3043915,1113896,4157811
2021-05-15,"Johnson&Johnson, Moderna, Oxford/AstraZeneca, Pfizer/BioNTech",3075828,1116150,4191978
2021-05-16,"Johnson&Johnson, Moderna, Oxford/AstraZeneca, Pfizer/BioNTech",3101608,1117421,4219029
2021-05-17,"Johnson&Johnson, Moderna, Oxford/AstraZeneca, Pfizer/BioNTech",3174128,1124154,4298282
2021-05-18,"Johnson&Johnson, Moderna, Oxford/AstraZeneca, Pfizer/BioNTech",3246075,1137234,4383309
2021-05-19,"Johnson&Johnson, Moderna, Oxford/AstraZeneca, Pfizer/BioNTech",3323537,1152372,4475909
2021-05-20,"Johnson&Johnson, Moderna, Oxford/AstraZeneca, Pfizer/BioNTech",3398996,1179407,4578403
2021-05-21,"Johnson&Johnson, Moderna, Oxford/AstraZeneca, Pfizer/BioNTech",3467779,1207176,4674955
2021-05-22,"Johnson&Johnson, Moderna, Oxford/AstraZeneca, Pfizer/BioNTech",3500172,1218370,4718542
2021-05-23,"Johnson&Johnson, Moderna, Oxford/AstraZeneca, Pfizer/BioNTech",3522549,1227405,4749954
2021-05-24,"Johnson&Johnson, Moderna, Oxford/AstraZeneca, Pfizer/BioNTech",3569687,1261064,4830751
2021-05-25,"Johnson&Johnson, Moderna, Oxford/AstraZeneca, Pfizer/BioNTech",3621548,1296875,4918423
2021-05-26,"Johnson&Johnson, Moderna, Oxford/AstraZeneca, Pfizer/BioNTech",3689306,1334404,5023710
2021-05-27,"Johnson&Johnson, Moderna, Oxford/AstraZeneca, Pfizer/BioNTech",3750697,1381737,5132434
2021-05-28,"Johnson&Johnson, Moderna, Oxford/AstraZeneca, Pfizer/BioNTech",3812396,1428317,5240713
2021-05-29,"Johnson&Johnson, Moderna, Oxford/AstraZeneca, Pfizer/BioNTech",3841586,1445421,5287007
2021-05-30,"Johnson&Johnson, Moderna, Oxford/AstraZeneca, Pfizer/BioNTech",3863957,1459864,5323821
2021-05-31,"Johnson&Johnson, Moderna, Oxford/AstraZeneca, Pfizer/BioNTech",3919689,1507380,5427069
2021-06-01,"Johnson&Johnson, Moderna, Oxford/AstraZeneca, Pfizer/BioNTech",3978717,1556224,5534941
2021-06-02,"Johnson&Johnson, Moderna, Oxford/AstraZeneca, Pfizer/BioNTech",4041623,1610212,5651835
2021-06-03,"Johnson&Johnson, Moderna, Oxford/AstraZeneca, Pfizer/BioNTech",4099841,1670419,5770260
2021-06-04,"Johnson&Johnson, Moderna, Oxford/AstraZeneca, Pfizer/BioNTech",4162933,1727832,5890765
2021-06-05,"Johnson&Johnson, Moderna, Oxford/AstraZeneca, Pfizer/BioNTech",4197077,1746684,5943761
2021-06-06,"Johnson&Johnson, Moderna, Oxford/AstraZeneca, Pfizer/BioNTech",4223990,1761832,5985822
2021-06-07,"Johnson&Johnson, Moderna, Oxford/AstraZeneca, Pfizer/BioNTech",4287665,1817454,6105119
2021-06-08,"Johnson&Johnson, Moderna, Oxford/AstraZeneca, Pfizer/BioNTech",4351635,1872439,6224074
2021-06-09,"Johnson&Johnson, Moderna, Oxford/AstraZeneca, Pfizer/BioNTech",4410806,1937047,6347853
2021-06-10,"Johnson&Johnson, Moderna, Oxford/AstraZeneca, Pfizer/BioNTech",4464641,2008276,6472917
2021-06-11,"Johnson&Johnson, Moderna, Oxford/AstraZeneca, Pfizer/BioNTech",4516731,2078024,6594755
2021-06-12,"Johnson&Johnson, Moderna, Oxford/AstraZeneca, Pfizer/BioNTech",4548739,2098820,6647559
2021-06-13,"Johnson&Johnson, Moderna, Oxford/AstraZeneca, Pfizer/BioNTech",4572753,2117219,6689972
2021-06-14,"Johnson&Johnson, Moderna, Oxford/AstraZeneca, Pfizer/BioNTech",4615819,2191598,6807417
2021-06-15,"Johnson&Johnson, Moderna, Oxford/AstraZeneca, Pfizer/BioNTech",4660465,2263945,6924410
2021-06-16,"Johnson&Johnson, Moderna, Oxford/AstraZeneca, Pfizer/BioNTech",4703210,2342161,7045371
2021-06-17,"Johnson&Johnson, Moderna, Oxford/AstraZeneca, Pfizer/BioNTech",4742586,2425231,7167817
2021-06-18,"Johnson&Johnson, Moderna, Oxford/AstraZeneca, Pfizer/BioNTech",4784980,2505752,7290732
2021-06-19,"Johnson&Johnson, Moderna, Oxford/AstraZeneca, Pfizer/BioNTech",4806735,2535030,7341765
2021-06-20,"Johnson&Johnson, Moderna, Oxford/AstraZeneca, Pfizer/BioNTech",4824102,2558856,7382958
2021-06-21,"Johnson&Johnson, Moderna, Oxford/AstraZeneca, Pfizer/BioNTech",4856596,2637430,7494026
2021-06-22,"Johnson&Johnson, Moderna, Oxford/AstraZeneca, Pfizer/BioNTech",4889545,2719668,7609213
2021-06-23,"Johnson&Johnson, Moderna, Oxford/AstraZeneca, Pfizer/BioNTech",4921188,2804860,7726048
2021-06-24,"Johnson&Johnson, Moderna, Oxford/AstraZeneca, Pfizer/BioNTech",4951020,2894855,7845875
2021-06-25,"Johnson&Johnson, Moderna, Oxford/AstraZeneca, Pfizer/BioNTech",4982072,2980977,7963049
2021-06-26,"Johnson&Johnson, Moderna, Oxford/AstraZeneca, Pfizer/BioNTech",4997935,3015789,8013724
2021-06-27,"Johnson&Johnson, Moderna, Oxford/AstraZeneca, Pfizer/BioNTech",5011876,3042439,8054315
2021-06-28,"Johnson&Johnson, Moderna, Oxford/AstraZeneca, Pfizer/BioNTech",5040282,3127595,8167877
2021-06-29,"Johnson&Johnson, Moderna, Oxford/AstraZeneca, Pfizer/BioNTech",5069545,3214050,8283595
2021-06-30,"Johnson&Johnson, Moderna, Oxford/AstraZeneca, Pfizer/BioNTech",5097024,3305014,8402038
2021-07-01,"Johnson&Johnson, Moderna, Oxford/AstraZeneca, Pfizer/BioNTech",5120985,3395042,8516027
2021-07-02,"Johnson&Johnson, Moderna, Oxford/AstraZeneca, Pfizer/BioNTech",5147686,3480875,8628561
2021-07-03,"Johnson&Johnson, Moderna, Oxford/AstraZeneca, Pfizer/BioNTech",5154762,3512373,8667135
2021-07-04,"Johnson&Johnson, Moderna, Oxford/AstraZeneca, Pfizer/BioNTech",5162317,3534162,8696479
2021-07-05,"Johnson&Johnson, Moderna, Oxford/AstraZeneca, Pfizer/BioNTech",5169690,3559524,8729214
2021-07-06,"Johnson&Johnson, Moderna, Oxford/AstraZeneca, Pfizer/BioNTech",5175104,3587161,8762265
2021-07-07,"Johnson&Johnson, Moderna, Oxford/AstraZeneca, Pfizer/BioNTech",5200887,3666113,8867000
2021-07-08,"Johnson&Johnson, Moderna, Oxford/AstraZeneca, Pfizer/BioNTech",5227482,3736408,8963890
2021-07-09,"Johnson&Johnson, Moderna, Oxford/AstraZeneca, Pfizer/BioNTech",5255395,3805661,9061056
2021-07-10,"Johnson&Johnson, Moderna, Oxford/AstraZeneca, Pfizer/BioNTech",5264743,3834280,9099023
2021-07-11,"Johnson&Johnson, Moderna, Oxford/AstraZeneca, Pfizer/BioNTech",5273267,3857141,9130408
2021-07-12,"Johnson&Johnson, Moderna, Oxford/AstraZeneca, Pfizer/BioNTech",5300779,3926204,9226983
2021-07-13,"Johnson&Johnson, Moderna, Oxford/AstraZeneca, Pfizer/BioNTech",5326956,3996035,9322991
2021-07-14,"Johnson&Johnson, Moderna, Oxford/AstraZeneca, Pfizer/BioNTech",5352751,4067977,9420728
2021-07-15,"Johnson&Johnson, Moderna, Oxford/AstraZeneca, Pfizer/BioNTech",5381909,4133936,9515845
2021-07-16,"Johnson&Johnson, Moderna, Oxford/AstraZeneca, Pfizer/BioNTech",5409822,4206615,9616437
2021-07-17,"Johnson&Johnson, Moderna, Oxford/AstraZeneca, Pfizer/BioNTech",5418588,4238031,9656619
2021-07-18,"Johnson&Johnson, Moderna, Oxford/AstraZeneca, Pfizer/BioNTech",5427027,4264006,9691033
2021-07-19,"Johnson&Johnson, Moderna, Oxford/AstraZeneca, Pfizer/BioNTech",5450369,4331004,9781373
2021-07-20,"Johnson&Johnson, Moderna, Oxford/AstraZeneca, Pfizer/BioNTech",5471746,4398008,9869754
2021-07-21,"Johnson&Johnson, Moderna, Oxford/AstraZeneca, Pfizer/BioNTech",5495188,4461428,9956616
2021-07-22,"Johnson&Johnson, Moderna, Oxford/AstraZeneca, Pfizer/BioNTech",5517543,4520002,10037545
2021-07-23,"Johnson&Johnson, Moderna, Oxford/AstraZeneca, Pfizer/BioNTech",5540731,4574705,10115436
2021-07-24,"Johnson&Johnson, Moderna, Oxford/AstraZeneca, Pfizer/BioNTech",5548041,4602344,10150385
2021-07-25,"Johnson&Johnson, Moderna, Oxford/AstraZeneca, Pfizer/BioNTech",5554651,4624445,10179096
2021-07-26,"Johnson&Johnson, Moderna, Oxford/AstraZeneca, Pfizer/BioNTech",5578185,4673082,10251267
2021-07-27,"Johnson&Johnson, Moderna, Oxford/AstraZeneca, Pfizer/BioNTech",5600905,4719668,10320573
2021-07-28,"Johnson&Johnson, Moderna, Oxford/AstraZeneca, Pfizer/BioNTech",5622148,4765600,10387748
2021-07-29,"Johnson&Johnson, Moderna, Oxford/AstraZeneca, Pfizer/BioNTech",5643460,4807501,10450961
2021-07-30,"Johnson&Johnson, Moderna, Oxford/AstraZeneca, Pfizer/BioNTech",5666729,4849995,10516724
2021-07-31,"Johnson&Johnson, Moderna, Oxford/AstraZeneca, Pfizer/BioNTech",5675648,4869499,10545147
2021-08-01,"Johnson&Johnson, Moderna, Oxford/AstraZeneca, Pfizer/BioNTech",5682362,4885652,10568014
2021-08-02,"Johnson&Johnson, Moderna, Oxford/AstraZeneca, Pfizer/BioNTech",5700982,4923156,10624138
2021-08-03,"Johnson&Johnson, Moderna, Oxford/AstraZeneca, Pfizer/BioNTech",5718606,4961211,10679817
2021-08-04,"Johnson&Johnson, Moderna, Oxford/AstraZeneca, Pfizer/BioNTech",5734692,4997899,10732591
2021-08-05,"Johnson&Johnson, Moderna, Oxford/AstraZeneca, Pfizer/BioNTech",5750720,5038324,10789044
2021-08-06,"Johnson&Johnson, Moderna, Oxford/AstraZeneca, Pfizer/BioNTech",5767497,5081558,10849055
2021-08-07,"Johnson&Johnson, Moderna, Oxford/AstraZeneca, Pfizer/BioNTech",5773088,5099699,10872787
2021-08-08,"Johnson&Johnson, Moderna, Oxford/AstraZeneca, Pfizer/BioNTech",5777443,5115433,10892876
2021-08-09,"Johnson&Johnson, Moderna, Oxford/AstraZeneca, Pfizer/BioNTech",5790077,5160444,10950521
2021-08-10,"Johnson&Johnson, Moderna, Oxford/AstraZeneca, Pfizer/BioNTech",5801909,5199967,11001876
2021-08-11,"Johnson&Johnson, Moderna, Oxford/AstraZeneca, Pfizer/BioNTech",5813265,5243056,11056321
2021-08-12,"Johnson&Johnson, Moderna, Oxford/AstraZeneca, Pfizer/BioNTech",5824681,5280138,11104819
2021-08-13,"Johnson&Johnson, Moderna, Oxford/AstraZeneca, Pfizer/BioNTech",5835403,5320436,11155839
2021-08-14,"Johnson&Johnson, Moderna, Oxford/AstraZeneca, Pfizer/BioNTech",5838736,5331117,11169853
2021-08-15,"Johnson&Johnson, Moderna, Oxford/AstraZeneca, Pfizer/BioNTech",5841317,5341474,11182791
2021-08-16,"Johnson&Johnson, Moderna, Oxford/AstraZeneca, Pfizer/BioNTech",5851103,5375517,11226620
2021-08-17,"Johnson&Johnson, Moderna, Oxford/AstraZeneca, Pfizer/BioNTech",5860695,5402589,11263284
2021-08-18,"Johnson&Johnson, Moderna, Oxford/AstraZeneca, Pfizer/BioNTech",5870063,5441433,11311496
2021-08-19,"Johnson&Johnson, Moderna, Oxford/AstraZeneca, Pfizer/BioNTech",5879725,5479753,11359478
2021-08-20,"Johnson&Johnson, Moderna, Oxford/AstraZeneca, Pfizer/BioNTech",5891107,5519917,11411024
2021-08-21,"Johnson&Johnson, Moderna, Oxford/AstraZeneca, Pfizer/BioNTech",5893823,5532658,11426481
2021-08-22,"Johnson&Johnson, Moderna, Oxford/AstraZeneca, Pfizer/BioNTech",5896162,5544612,11440774
2021-08-23,"Johnson&Johnson, Moderna, Oxford/AstraZeneca, Pfizer/BioNTech",5906691,5583850,11490541
2021-08-24,"Johnson&Johnson, Moderna, Oxford/AstraZeneca, Pfizer/BioNTech",5916555,5617071,11533626
2021-08-25,"Johnson&Johnson, Moderna, Oxford/AstraZeneca, Pfizer/BioNTech",5925417,5645419,11570836
2021-08-26,"Johnson&Johnson, Moderna, Oxford/AstraZeneca, Pfizer/BioNTech",5933861,5671529,11605390
2021-08-27,"Johnson&Johnson, Moderna, Oxford/AstraZeneca, Pfizer/BioNTech",5944179,5697460,11641639
2021-08-28,"Johnson&Johnson, Moderna, Oxford/AstraZeneca, Pfizer/BioNTech",5946901,5704490,11651391
2021-08-29,"Johnson&Johnson, Moderna, Oxford/AstraZeneca, Pfizer/BioNTech",5949308,5711106,11660414
2021-08-30,"Johnson&Johnson, Moderna, Oxford/AstraZeneca, Pfizer/BioNTech",5957830,5732957,11690787
2021-08-31,"Johnson&Johnson, Moderna, Oxford/AstraZeneca, Pfizer/BioNTech",5965500,5751017,11716517
2021-09-01,"Johnson&Johnson, Moderna, Oxford/AstraZeneca, Pfizer/BioNTech",5971382,5764997,11736379
2021-09-02,"Johnson&Johnson, Moderna, Oxford/AstraZeneca, Pfizer/BioNTech",5978214,5779372,11757586
2021-09-03,"Johnson&Johnson, Moderna, Oxford/AstraZeneca, Pfizer/BioNTech",5987767,5795062,11782829
2021-09-04,"Johnson&Johnson, Moderna, Oxford/AstraZeneca, Pfizer/BioNTech",5989836,5798611,11788447
2021-09-05,"Johnson&Johnson, Moderna, Oxford/AstraZeneca, Pfizer/BioNTech",5991874,5801451,11793325
2021-09-06,"Johnson&Johnson, Moderna, Oxford/AstraZeneca, Pfizer/BioNTech",5998107,5813964,11812071
2021-09-07,"Johnson&Johnson, Moderna, Oxford/AstraZeneca, Pfizer/BioNTech",6002497,5825052,11827549
2021-09-08,"Johnson&Johnson, Moderna, Oxford/AstraZeneca, Pfizer/BioNTech",6008161,5834886,11843047
2021-09-09,"Johnson&Johnson, Moderna, Oxford/AstraZeneca, Pfizer/BioNTech",6014841,5844938,11859779
2021-09-10,"Johnson&Johnson, Moderna, Oxford/AstraZeneca, Pfizer/BioNTech",6022525,5857106,11879631
2021-09-11,"Johnson&Johnson, Moderna, Oxford/AstraZeneca, Pfizer/BioNTech",6024387,5859581,11883968
2021-09-12,"Johnson&Johnson, Moderna, Oxford/AstraZeneca, Pfizer/BioNTech",6025501,5861205,11886706
2021-09-13,"Johnson&Johnson, Moderna, Oxford/AstraZeneca, Pfizer/BioNTech",6030926,5871489,11902415
2021-09-14,"Johnson&Johnson, Moderna, Oxford/AstraZeneca, Pfizer/BioNTech",6036309,5880494,11916803
2021-09-15,"Johnson&Johnson, Moderna, Oxford/AstraZeneca, Pfizer/BioNTech",6041501,5889009,11930510
2021-09-16,"Johnson&Johnson, Moderna, Oxford/AstraZeneca, Pfizer/BioNTech",6046841,5897270,11944111
2021-09-17,"Johnson&Johnson, Moderna, Oxford/AstraZeneca, Pfizer/BioNTech",6053410,5907491,11960901
2021-09-18,"Johnson&Johnson, Moderna, Oxford/AstraZeneca, Pfizer/BioNTech",6055132,5909843,11964975
2021-09-19,"Johnson&Johnson, Moderna, Oxford/AstraZeneca, Pfizer/BioNTech",6056072,5911407,11967479
2021-09-20,"Johnson&Johnson, Moderna, Oxford/AstraZeneca, Pfizer/BioNTech",6060082,5919596,11979678
2021-09-21,"Johnson&Johnson, Moderna, Oxford/AstraZeneca, Pfizer/BioNTech",6064306,5927123,11991429
2021-09-22,"Johnson&Johnson, Moderna, Oxford/AstraZeneca, Pfizer/BioNTech",6068482,5932633,12001115
2021-09-23,"Johnson&Johnson, Moderna, Oxford/AstraZeneca, Pfizer/BioNTech",6073458,5939032,12012490
2021-09-24,"Johnson&Johnson, Moderna, Oxford/AstraZeneca, Pfizer/BioNTech",6079216,5948644,12027860
2021-09-25,"Johnson&Johnson, Moderna, Oxford/AstraZeneca, Pfizer/BioNTech",6080709,5950638,12031347
2021-09-26,"Johnson&Johnson, Moderna, Pfizer/BioNTech",6081449,5952275,12033724
2021-09-27,"Johnson&Johnson, Moderna, Oxford/AstraZeneca, Pfizer/BioNTech",6085325,5958774,12044099
2021-09-28,"Johnson&Johnson, Moderna, Pfizer/BioNTech",6085683,5959388,12045071
2021-09-29,"Johnson&Johnson, Moderna, Oxford/AstraZeneca, Pfizer/BioNTech",6089455,5966837,12056292
2021-09-30,"Johnson&Johnson, Moderna, Oxford/AstraZeneca, Pfizer/BioNTech",6093953,5974526,12068479
2021-10-01,"Johnson&Johnson, Moderna, Oxford/AstraZeneca, Pfizer/BioNTech",6098243,5982485,12080728
2021-10-02,"Johnson&Johnson, Moderna, Oxford/AstraZeneca, Pfizer/BioNTech",6099303,5984021,12083324
2021-10-03,"Johnson&Johnson, Moderna, Pfizer/BioNTech",6100023,5984885,12084908
2021-10-04,"Johnson&Johnson, Moderna, Oxford/AstraZeneca, Pfizer/BioNTech",6103093,5990448,12093541
2021-10-05,"Johnson&Johnson, Moderna, Oxford/AstraZeneca, Pfizer/BioNTech",6106249,5995511,12101760
2021-10-06,"Johnson&Johnson, Moderna, Oxford/AstraZeneca, Pfizer/BioNTech",6109757,6000669,12110426
2021-10-07,"Johnson&Johnson, Moderna, Oxford/AstraZeneca, Pfizer/BioNTech",6113027,6005913,12118940
2021-10-08,"Johnson&Johnson, Moderna, Oxford/AstraZeneca, Pfizer/BioNTech",6117811,6012539,12130350
2021-10-09,"Johnson&Johnson, Moderna, Oxford/AstraZeneca, Pfizer/BioNTech",6119052,6014191,12133243
2021-10-10,"Johnson&Johnson, Moderna, Oxford/AstraZeneca, Pfizer/BioNTech",6119992,6015020,12135012
2021-10-11,"Johnson&Johnson, Moderna, Oxford/AstraZeneca, Pfizer/BioNTech",6122921,6019428,12142349
2021-10-12,"Johnson&Johnson, Moderna, Oxford/AstraZeneca, Pfizer/BioNTech",6125844,6023422,12149266
2021-10-13,"Johnson&Johnson, Moderna, Oxford/AstraZeneca, Pfizer/BioNTech",6129377,6027601,12156978
2021-10-14,"Johnson&Johnson, Moderna, Oxford/AstraZeneca, Pfizer/BioNTech",6133052,6032543,12165595
2021-10-15,"Johnson&Johnson, Moderna, Oxford/AstraZeneca, Pfizer/BioNTech",6138279,6038676,12176955
2021-10-16,"Johnson&Johnson, Moderna, Oxford/AstraZeneca, Pfizer/BioNTech",6139688,6040194,12179882
2021-10-17,"Johnson&Johnson, Moderna, Pfizer/BioNTech",6141008,6041247,12182255
2021-10-18,"Johnson&Johnson, Moderna, Oxford/AstraZeneca, Pfizer/BioNTech",6145121,6045340,12190461
2021-10-19,"Johnson&Johnson, Moderna, Oxford/AstraZeneca, Pfizer/BioNTech",6148698,6047428,12196126
2021-10-20,"Johnson&Johnson, Moderna, Oxford/AstraZeneca, Pfizer/BioNTech",6153568,6051875,12205443
2021-10-21,"Johnson&Johnson, Moderna, Oxford/AstraZeneca, Pfizer/BioNTech",6161328,6057469,12218797
2021-10-22,"Johnson&Johnson, Moderna, Oxford/AstraZeneca, Pfizer/BioNTech",6171770,6063966,12235736
2021-10-23,"Johnson&Johnson, Moderna, Pfizer/BioNTech",6175445,6066172,12241617
2021-10-24,"Johnson&Johnson, Moderna, Pfizer/BioNTech",6178130,6067949,12246079
2021-10-25,"Johnson&Johnson, Moderna, Oxford/AstraZeneca, Pfizer/BioNTech",6188613,6073743,12262356
2021-10-26,"Johnson&Johnson, Moderna, Oxford/AstraZeneca, Pfizer/BioNTech",6200597,6080283,12280880
2021-10-27,"Johnson&Johnson, Moderna, Oxford/AstraZeneca, Pfizer/BioNTech",6215200,6087681,12302881
2021-10-28,"Johnson&Johnson, Moderna, Oxford/AstraZeneca, Pfizer/BioNTech",6218614,6089352,12307966
2021-10-29,"Johnson&Johnson, Moderna, Oxford/AstraZeneca, Pfizer/BioNTech",6233031,6097314,12330345
2021-10-30,"Johnson&Johnson, Moderna, Pfizer/BioNTech",6237562,6100228,12337790
2021-10-31,"Johnson&Johnson, Moderna, Oxford/AstraZeneca, Pfizer/BioNTech",6241325,6102700,12344025
2021-11-01,"Johnson&Johnson, Moderna, Oxford/AstraZeneca, Pfizer/BioNTech",6256517,6110379,12366896
2021-11-02,"Johnson&Johnson, Moderna, Oxford/AstraZeneca, Pfizer/BioNTech",6271962,6117927,12389889
2021-11-03,"Johnson&Johnson, Moderna, Oxford/AstraZeneca, Pfizer/BioNTech",6289139,6125216,12414355
2021-11-04,"Johnson&Johnson, Moderna, Oxford/AstraZeneca, Pfizer/BioNTech",6307490,6133382,12440872
2021-11-05,"Johnson&Johnson, Moderna, Oxford/AstraZeneca, Pfizer/BioNTech",6330294,6144643,12474937
2021-11-06,"Johnson&Johnson, Moderna, Oxford/AstraZeneca, Pfizer/BioNTech",6336801,6147694,12484495
2021-11-07,"Johnson&Johnson, Moderna, Oxford/AstraZeneca, Pfizer/BioNTech",6340816,6150124,12490940
2021-11-08,"Johnson&Johnson, Moderna, Oxford/AstraZeneca, Pfizer/BioNTech",6357123,6157751,12514874
2021-11-09,"Johnson&Johnson, Moderna, Oxford/AstraZeneca, Pfizer/BioNTech",6371929,6165042,12536971
2021-11-10,"Johnson&Johnson, Moderna, Oxford/AstraZeneca, Pfizer/BioNTech",6387659,6172413,12560072
2021-11-11,"Johnson&Johnson, Moderna, Oxford/AstraZeneca, Pfizer/BioNTech",6403122,6181513,12584635
2021-11-12,"Johnson&Johnson, Moderna, Oxford/AstraZeneca, Pfizer/BioNTech",6422917,6194289,12617206
2021-11-13,"Johnson&Johnson, Moderna, Oxford/AstraZeneca, Pfizer/BioNTech",6428304,6198153,12626457
2021-11-14,"Johnson&Johnson, Moderna, Oxford/AstraZeneca, Pfizer/BioNTech",6432190,6201155,12633345
2021-11-15,"Johnson&Johnson, Moderna, Oxford/AstraZeneca, Pfizer/BioNTech",6447264,6211837,12659101
2021-11-16,"Johnson&Johnson, Moderna, Oxford/AstraZeneca, Pfizer/BioNTech",6464788,6223807,12688595
2021-11-17,"Johnson&Johnson, Moderna, Oxford/AstraZeneca, Pfizer/BioNTech",6469015,6227366,12696381
2021-11-18,"Johnson&Johnson, Moderna, Oxford/AstraZeneca, Pfizer/BioNTech",6488413,6239039,12727452
2021-11-19,"Johnson&Johnson, Moderna, Oxford/AstraZeneca, Pfizer/BioNTech",6513017,6256007,12769024
2021-11-20,"Johnson&Johnson, Moderna, Oxford/AstraZeneca, Pfizer/BioNTech",6521584,6260980,12782564
2021-11-21,"Johnson&Johnson, Moderna, Oxford/AstraZeneca, Pfizer/BioNTech",6528353,6264751,12793104
2021-11-22,"Johnson&Johnson, Moderna, Oxford/AstraZeneca, Pfizer/BioNTech",6546853,6278848,12825701
2021-11-23,"Johnson&Johnson, Moderna, Oxford/AstraZeneca, Pfizer/BioNTech",6565897,6292097,12857994
2021-11-24,"Johnson&Johnson, Moderna, Oxford/AstraZeneca, Pfizer/BioNTech",6584859,6307928,12892787
2021-11-25,"Johnson&Johnson, Moderna, Oxford/AstraZeneca, Pfizer/BioNTech",6603979,6322944,12926923
2021-11-26,"Johnson&Johnson, Moderna, Oxford/AstraZeneca, Pfizer/BioNTech",6625538,6342064,12967602
2021-11-27,"Johnson&Johnson, Moderna, Oxford/AstraZeneca, Pfizer/BioNTech",6632989,6347608,12980597
2021-11-28,"Johnson&Johnson, Moderna, Oxford/AstraZeneca, Pfizer/BioNTech",6636317,6350739,12987056
2021-11-29,"Johnson&Johnson, Moderna, Oxford/AstraZeneca, Pfizer/BioNTech",6651455,6364388,13015843
2021-11-30,"Johnson&Johnson, Moderna, Oxford/AstraZeneca, Pfizer/BioNTech",6664557,6375601,13040158
2021-12-01,"Johnson&Johnson, Moderna, Oxford/AstraZeneca, Pfizer/BioNTech",6678501,6388030,13066531
2021-12-02,"Johnson&Johnson, Moderna, Oxford/AstraZeneca, Pfizer/BioNTech",6689042,6400509,13089551
2021-12-03,"Johnson&Johnson, Moderna, Pfizer/BioNTech",6698618,6416061,13114679
2021-12-04,"Johnson&Johnson, Moderna, Pfizer/BioNTech",6701164,6420002,13121166
2021-12-05,"Johnson&Johnson, Moderna, Pfizer/BioNTech",6702507,6422334,13124841
2021-12-06,"Johnson&Johnson, Moderna, Oxford/AstraZeneca, Pfizer/BioNTech",6710615,6433842,13144457
2021-12-07,"Johnson&Johnson, Moderna, Oxford/AstraZeneca, Pfizer/BioNTech",6718416,6445826,13164242
2021-12-08,"Johnson&Johnson, Moderna, Oxford/AstraZeneca, Pfizer/BioNTech",6726615,6451726,13178341
2021-12-09,"Johnson&Johnson, Moderna, Oxford/AstraZeneca, Pfizer/BioNTech",6733677,6464527,13198204
2021-12-10,"Johnson&Johnson, Moderna, Oxford/AstraZeneca, Pfizer/BioNTech",6740553,6482305,13222858
2021-12-11,"Johnson&Johnson, Moderna, Pfizer/BioNTech",6742208,6487570,13229778
2021-12-12,"Johnson&Johnson, Moderna, Pfizer/BioNTech",6743509,6491999,13235508
2021-12-13,"Johnson&Johnson, Moderna, Oxford/AstraZeneca, Pfizer/BioNTech",6749861,6505280,13255141
2021-12-14,"Johnson&Johnson, Moderna, Oxford/AstraZeneca, Pfizer/BioNTech",6756046,6518916,13274962
2021-12-15,"Johnson&Johnson, Moderna, Oxford/AstraZeneca, Pfizer/BioNTech",6762206,6532492,13294698
2021-12-16,"Johnson&Johnson, Moderna, Oxford/AstraZeneca, Pfizer/BioNTech",6769056,6547255,13316311
2021-12-17,"Johnson&Johnson, Moderna, Oxford/AstraZeneca, Pfizer/BioNTech",6777305,6564451,13341756
2021-12-18,"Johnson&Johnson, Moderna, Pfizer/BioNTech",6779893,6569880,13349773
2021-12-19,"Johnson&Johnson, Moderna, Pfizer/BioNTech",6781657,6572372,13354029
2021-12-20,"Johnson&Johnson, Moderna, Oxford/AstraZeneca, Pfizer/BioNTech",6787409,6586336,13373745
2021-12-21,"Johnson&Johnson, Moderna, Oxford/AstraZeneca, Pfizer/BioNTech",6794023,6598231,13392254
2021-12-22,"Johnson&Johnson, Moderna, Pfizer/BioNTech",6799050,6611194,13410244
2021-12-23,"Johnson&Johnson, Moderna, Oxford/AstraZeneca, Pfizer/BioNTech",6801868,6616694,13418562
2021-12-24,"Johnson&Johnson, Moderna, Pfizer/BioNTech",6801913,6616789,13418702
2021-12-25,"Moderna, Pfizer/BioNTech",6801913,6616794,13418707
2021-12-26,"Moderna, Pfizer/BioNTech",6802010,6616988,13418998
2021-12-27,"Johnson&Johnson, Moderna, Pfizer/BioNTech",6805811,6626629,13432440
2021-12-28,"Johnson&Johnson, Moderna, Oxford/AstraZeneca, Pfizer/BioNTech",6810991,6634495,13445486
2021-12-29,"Johnson&Johnson, Moderna, Oxford/AstraZeneca, Pfizer/BioNTech",6815016,6641833,13456849
