date,vaccine,people_vaccinated,people_fully_vaccinated,total_vaccinations
2020-12-27,Pfizer/BioNTech,1283,0,1283
2020-12-28,Pfizer/BioNTech,3589,0,3589
2020-12-29,Pfizer/BioNTech,7057,0,7057
2020-12-30,Pfizer/BioNTech,10575,0,10575
2020-12-31,Pfizer/BioNTech,11887,0,11887
2021-01-01,"Moderna, Pfizer/BioNTech",12156,0,12156
2021-01-02,Pfizer/BioNTech,13435,0,13435
2021-01-03,Pfizer/BioNTech,14358,0,14358
2021-01-04,"Moderna, Pfizer/BioNTech",17971,0,17971
2021-01-05,"Moderna, Pfizer/BioNTech",22493,1,22494
2021-01-06,"Moderna, Pfizer/BioNTech",28338,2,28340
2021-01-07,"Moderna, Pfizer/BioNTech",36335,2,36337
2021-01-08,"Moderna, Pfizer/BioNTech",46387,3,46390
2021-01-09,"Moderna, Pfizer/BioNTech",48414,4,48418
2021-01-10,Pfizer/BioNTech,50181,5,50186
2021-01-11,Pfizer/BioNTech,60036,7,60043
2021-01-12,"Moderna, Pfizer/BioNTech",73485,9,73494
2021-01-13,Pfizer/BioNTech,87022,9,87031
2021-01-14,"Moderna, Pfizer/BioNTech",102268,13,102281
2021-01-15,"Moderna, Pfizer/BioNTech",116281,14,116295
2021-01-16,"Moderna, Pfizer/BioNTech",119683,18,119701
2021-01-17,"Moderna, Pfizer/BioNTech",122301,654,122955
2021-01-18,"Moderna, Pfizer/BioNTech",134789,2480,137269
2021-01-19,"Moderna, Pfizer/BioNTech",147391,5205,152596
2021-01-20,"Moderna, Pfizer/BioNTech",161078,7866,168944
2021-01-21,"Moderna, Pfizer/BioNTech",176724,9611,186335
2021-01-22,"Moderna, Pfizer/BioNTech",191606,10657,202263
2021-01-23,"Moderna, Pfizer/BioNTech",194927,11537,206464
2021-01-24,"Moderna, Pfizer/BioNTech",197182,12406,209588
2021-01-25,"Moderna, Pfizer/BioNTech",206824,15380,222204
2021-01-26,"Moderna, Pfizer/BioNTech",217364,19375,236739
2021-01-27,"Moderna, Pfizer/BioNTech",226392,23912,250304
2021-01-28,"Moderna, Pfizer/BioNTech",233492,30043,263535
2021-01-29,"Moderna, Pfizer/BioNTech",239706,37955,277661
2021-01-30,"Moderna, Pfizer/BioNTech",240444,39043,279487
2021-01-31,"Moderna, Pfizer/BioNTech",241159,40224,281383
2021-02-01,"Moderna, Pfizer/BioNTech",245140,48186,293326
2021-02-02,"Moderna, Pfizer/BioNTech",249287,58419,307706
2021-02-03,"Moderna, Pfizer/BioNTech",253709,69432,323141
2021-02-04,"Moderna, Pfizer/BioNTech",258607,82420,341027
2021-02-05,"Moderna, Pfizer/BioNTech",264074,93094,357168
2021-02-06,"Moderna, Oxford/AstraZeneca, Pfizer/BioNTech",264923,95462,360385
2021-02-07,"Moderna, Pfizer/BioNTech",265773,97963,363736
2021-02-08,"Moderna, Oxford/AstraZeneca, Pfizer/BioNTech",269855,109392,379247
2021-02-09,"Moderna, Oxford/AstraZeneca, Pfizer/BioNTech",274953,121303,396256
2021-02-10,"Moderna, Oxford/AstraZeneca, Pfizer/BioNTech",280462,134558,415020
2021-02-11,"Moderna, Oxford/AstraZeneca, Pfizer/BioNTech",286797,150772,437569
2021-02-12,"Moderna, Oxford/AstraZeneca, Pfizer/BioNTech",293618,165507,459125
2021-02-13,"Moderna, Oxford/AstraZeneca, Pfizer/BioNTech",295230,168496,463726
2021-02-14,"Moderna, Oxford/AstraZeneca, Pfizer/BioNTech",296232,169880,466112
2021-02-15,"Moderna, Oxford/AstraZeneca, Pfizer/BioNTech",302630,179244,481874
2021-02-16,"Moderna, Oxford/AstraZeneca, Pfizer/BioNTech",311348,188324,499672
2021-02-17,"Moderna, Oxford/AstraZeneca, Pfizer/BioNTech",321048,196629,517677
2021-02-18,"Moderna, Oxford/AstraZeneca, Pfizer/BioNTech",333364,204712,538076
2021-02-19,"Moderna, Oxford/AstraZeneca, Pfizer/BioNTech",345223,212080,557303
2021-02-20,"Moderna, Oxford/AstraZeneca, Pfizer/BioNTech",347223,213263,560486
2021-02-21,"Moderna, Oxford/AstraZeneca, Pfizer/BioNTech",348356,214287,562643
2021-02-22,"Moderna, Oxford/AstraZeneca, Pfizer/BioNTech",358477,220317,578794
2021-02-23,"Moderna, Oxford/AstraZeneca, Pfizer/BioNTech",371426,227298,598724
2021-02-24,"Moderna, Oxford/AstraZeneca, Pfizer/BioNTech",385296,233334,618630
2021-02-25,"Moderna, Oxford/AstraZeneca, Pfizer/BioNTech",403265,238884,642149
2021-02-26,"Moderna, Oxford/AstraZeneca, Pfizer/BioNTech",419431,244236,663667
2021-02-27,"Moderna, Oxford/AstraZeneca, Pfizer/BioNTech",422440,244792,667232
2021-02-28,"Moderna, Oxford/AstraZeneca, Pfizer/BioNTech",424790,245343,670133
2021-03-01,"Moderna, Oxford/AstraZeneca, Pfizer/BioNTech",444377,248791,693168
2021-03-02,"Moderna, Oxford/AstraZeneca, Pfizer/BioNTech",471598,252338,723936
2021-03-03,"Moderna, Oxford/AstraZeneca, Pfizer/BioNTech",502517,256842,759359
2021-03-04,"Moderna, Oxford/AstraZeneca, Pfizer/BioNTech",535796,261525,797321
2021-03-05,"Johnson&Johnson, Moderna, Oxford/AstraZeneca, Pfizer/BioNTech",564627,266945,831572
2021-03-06,"Johnson&Johnson, Moderna, Oxford/AstraZeneca, Pfizer/BioNTech",576773,267807,844580
2021-03-07,"Johnson&Johnson, Moderna, Oxford/AstraZeneca, Pfizer/BioNTech",588312,268648,856960
2021-03-08,"Johnson&Johnson, Moderna, Oxford/AstraZeneca, Pfizer/BioNTech",618054,273501,891555
2021-03-09,"Johnson&Johnson, Moderna, Oxford/AstraZeneca, Pfizer/BioNTech",654411,279882,934293
2021-03-10,"Johnson&Johnson, Moderna, Oxford/AstraZeneca, Pfizer/BioNTech",695720,286838,982558
2021-03-11,"Johnson&Johnson, Moderna, Oxford/AstraZeneca, Pfizer/BioNTech",740553,295207,1035760
2021-03-12,"Johnson&Johnson, Moderna, Oxford/AstraZeneca, Pfizer/BioNTech",779316,303701,1083017
2021-03-13,"Johnson&Johnson, Moderna, Oxford/AstraZeneca, Pfizer/BioNTech",796401,305009,1101410
2021-03-14,"Johnson&Johnson, Moderna, Oxford/AstraZeneca, Pfizer/BioNTech",808517,306162,1114679
2021-03-15,"Moderna, Oxford/AstraZeneca, Pfizer/BioNTech",836897,314936,1151833
2021-03-16,"Johnson&Johnson, Moderna, Oxford/AstraZeneca, Pfizer/BioNTech",875782,325473,1201255
2021-03-17,"Moderna, Oxford/AstraZeneca, Pfizer/BioNTech",913245,335978,1249223
2021-03-18,"Johnson&Johnson, Moderna, Oxford/AstraZeneca, Pfizer/BioNTech",951229,348390,1299619
2021-03-19,"Moderna, Oxford/AstraZeneca, Pfizer/BioNTech",985712,362000,1347712
2021-03-20,"Johnson&Johnson, Moderna, Oxford/AstraZeneca, Pfizer/BioNTech",1000859,364030,1364889
2021-03-21,"Johnson&Johnson, Moderna, Oxford/AstraZeneca, Pfizer/BioNTech",1008280,365588,1373868
2021-03-22,"Johnson&Johnson, Moderna, Oxford/AstraZeneca, Pfizer/BioNTech",1032846,378089,1410935
2021-03-23,"Johnson&Johnson, Moderna, Oxford/AstraZeneca, Pfizer/BioNTech",1059492,391441,1450933
2021-03-24,"Johnson&Johnson, Moderna, Oxford/AstraZeneca, Pfizer/BioNTech",1086353,407177,1493530
2021-03-25,"Moderna, Oxford/AstraZeneca, Pfizer/BioNTech",1112693,425028,1537721
2021-03-26,"Johnson&Johnson, Moderna, Oxford/AstraZeneca, Pfizer/BioNTech",1137494,442530,1580024
2021-03-27,"Johnson&Johnson, Moderna, Oxford/AstraZeneca, Pfizer/BioNTech",1145932,447375,1593307
2021-03-28,"Moderna, Oxford/AstraZeneca, Pfizer/BioNTech",1151472,451518,1602990
2021-03-29,"Johnson&Johnson, Moderna, Oxford/AstraZeneca, Pfizer/BioNTech",1170601,472253,1642854
2021-03-30,"Johnson&Johnson, Moderna, Oxford/AstraZeneca, Pfizer/BioNTech",1195286,494429,1689715
2021-03-31,"Johnson&Johnson, Moderna, Oxford/AstraZeneca, Pfizer/BioNTech",1218401,521488,1739889
2021-04-01,"Johnson&Johnson, Moderna, Oxford/AstraZeneca, Pfizer/BioNTech",1244043,553536,1797579
2021-04-02,"Johnson&Johnson, Moderna, Oxford/AstraZeneca, Pfizer/BioNTech",1250967,566322,1817289
2021-04-03,"Johnson&Johnson, Moderna, Oxford/AstraZeneca, Pfizer/BioNTech",1254592,577249,1831841
2021-04-04,"Johnson&Johnson, Moderna, Oxford/AstraZeneca, Pfizer/BioNTech",1257105,586169,1843274
2021-04-05,"Johnson&Johnson, Moderna, Oxford/AstraZeneca, Pfizer/BioNTech",1259513,593354,1852867
2021-04-06,"Johnson&Johnson, Moderna, Oxford/AstraZeneca, Pfizer/BioNTech",1275666,622613,1898279
2021-04-07,"Johnson&Johnson, Moderna, Oxford/AstraZeneca, Pfizer/BioNTech",1299095,644840,1943935
2021-04-08,"Johnson&Johnson, Moderna, Oxford/AstraZeneca, Pfizer/BioNTech",1337830,675859,2013689
2021-04-09,"Johnson&Johnson, Moderna, Oxford/AstraZeneca, Pfizer/BioNTech",1377377,706041,2083418
2021-04-10,"Johnson&Johnson, Moderna, Oxford/AstraZeneca, Pfizer/BioNTech",1392883,721331,2114214
2021-04-11,"Johnson&Johnson, Moderna, Oxford/AstraZeneca, Pfizer/BioNTech",1402665,731376,2134041
2021-04-12,"Johnson&Johnson, Moderna, Oxford/AstraZeneca, Pfizer/BioNTech",1440947,756513,2197460
2021-04-13,"Moderna, Oxford/AstraZeneca, Pfizer/BioNTech",1477208,782545,2259753
2021-04-14,"Moderna, Oxford/AstraZeneca, Pfizer/BioNTech",1516037,809903,2325940
2021-04-15,"Moderna, Oxford/AstraZeneca, Pfizer/BioNTech",1563835,835654,2399489
2021-04-16,"Moderna, Oxford/AstraZeneca, Pfizer/BioNTech",1608501,861307,2469808
2021-04-17,"Moderna, Oxford/AstraZeneca, Pfizer/BioNTech",1625190,870332,2495522
2021-04-18,"Moderna, Oxford/AstraZeneca, Pfizer/BioNTech",1638179,875312,2513491
2021-04-19,"Moderna, Oxford/AstraZeneca, Pfizer/BioNTech",1682146,890741,2572887
2021-04-20,"Johnson&Johnson, Moderna, Oxford/AstraZeneca, Pfizer/BioNTech",1724708,906599,2631307
2021-04-21,"Moderna, Oxford/AstraZeneca, Pfizer/BioNTech",1772443,920948,2693391
2021-04-22,"Johnson&Johnson, Moderna, Oxford/AstraZeneca, Pfizer/BioNTech",1826939,938327,2765266
2021-04-23,"Johnson&Johnson, Moderna, Oxford/AstraZeneca, Pfizer/BioNTech",1876913,950381,2827294
2021-04-24,"Johnson&Johnson, Moderna, Oxford/AstraZeneca, Pfizer/BioNTech",1894751,955630,2850381
2021-04-25,"Johnson&Johnson, Moderna, Oxford/AstraZeneca, Pfizer/BioNTech",1909450,959627,2869077
2021-04-26,"Johnson&Johnson, Moderna, Oxford/AstraZeneca, Pfizer/BioNTech",1959035,967177,2926212
2021-04-27,"Johnson&Johnson, Moderna, Oxford/AstraZeneca, Pfizer/BioNTech",2008000,979400,2987400
2021-04-28,"Johnson&Johnson, Moderna, Oxford/AstraZeneca, Pfizer/BioNTech",2066758,993400,3060158
2021-04-29,"Johnson&Johnson, Moderna, Oxford/AstraZeneca, Pfizer/BioNTech",2132315,1009290,3141605
2021-04-30,"Johnson&Johnson, Moderna, Oxford/AstraZeneca, Pfizer/BioNTech",2194551,1019260,3213811
2021-05-01,"Johnson&Johnson, Moderna, Oxford/AstraZeneca, Pfizer/BioNTech",2213889,1022712,3236601
2021-05-02,"Johnson&Johnson, Moderna, Oxford/AstraZeneca, Pfizer/BioNTech",2232810,1024978,3257788
2021-05-03,"Johnson&Johnson, Moderna, Oxford/AstraZeneca, Pfizer/BioNTech",2300056,1030035,3330091
2021-05-04,"Johnson&Johnson, Moderna, Oxford/AstraZeneca, Pfizer/BioNTech",2366557,1038371,3404928
2021-05-05,"Johnson&Johnson, Moderna, Oxford/AstraZeneca, Pfizer/BioNTech",2439720,1047776,3487496
2021-05-06,"Johnson&Johnson, Moderna, Oxford/AstraZeneca, Pfizer/BioNTech",2520103,1058503,3578606
2021-05-07,"Johnson&Johnson, Moderna, Oxford/AstraZeneca, Pfizer/BioNTech",2597354,1068574,3665928
2021-05-08,"Johnson&Johnson, Moderna, Oxford/AstraZeneca, Pfizer/BioNTech",2626808,1070342,3697150
2021-05-09,"Johnson&Johnson, Moderna, Oxford/AstraZeneca, Pfizer/BioNTech",2651018,1071552,3722570
2021-05-10,"Johnson&Johnson, Moderna, Oxford/AstraZeneca, Pfizer/BioNTech",2723786,1078772,3802558
2021-05-11,"Johnson&Johnson, Moderna, Oxford/AstraZeneca, Pfizer/BioNTech",2799878,1087572,3887450
2021-05-12,"Johnson&Johnson, Moderna, Oxford/AstraZeneca, Pfizer/BioNTech",2879746,1096674,3976420
2021-05-13,"Johnson&Johnson, Moderna, Oxford/AstraZeneca, Pfizer/BioNTech",2963755,1105830,4069585
2021-05-14,"Johnson&Johnson, Moderna, Oxford/AstraZeneca, Pfizer/BioNTech",3043204,1113619,4156823
2021-05-15,"Johnson&Johnson, Moderna, Oxford/AstraZeneca, Pfizer/BioNTech",3075095,1115865,4190960
2021-05-16,"Johnson&Johnson, Moderna, Oxford/AstraZeneca, Pfizer/BioNTech",3100860,1117134,4217994
2021-05-17,"Johnson&Johnson, Moderna, Oxford/AstraZeneca, Pfizer/BioNTech",3173363,1123861,4297224
2021-05-18,"Johnson&Johnson, Moderna, Oxford/AstraZeneca, Pfizer/BioNTech",3245290,1136933,4382223
2021-05-19,"Johnson&Johnson, Moderna, Oxford/AstraZeneca, Pfizer/BioNTech",3322744,1152066,4474810
2021-05-20,"Johnson&Johnson, Moderna, Oxford/AstraZeneca, Pfizer/BioNTech",3398186,1179091,4577277
2021-05-21,"Johnson&Johnson, Moderna, Oxford/AstraZeneca, Pfizer/BioNTech",3466947,1206843,4673790
2021-05-22,"Johnson&Johnson, Moderna, Oxford/AstraZeneca, Pfizer/BioNTech",3499318,1218024,4717342
2021-05-23,"Johnson&Johnson, Moderna, Oxford/AstraZeneca, Pfizer/BioNTech",3521677,1227058,4748735
2021-05-24,"Johnson&Johnson, Moderna, Oxford/AstraZeneca, Pfizer/BioNTech",3568805,1260714,4829519
2021-05-25,"Johnson&Johnson, Moderna, Oxford/AstraZeneca, Pfizer/BioNTech",3620639,1296513,4917152
2021-05-26,"Johnson&Johnson, Moderna, Oxford/AstraZeneca, Pfizer/BioNTech",3688383,1334028,5022411
2021-05-27,"Johnson&Johnson, Moderna, Oxford/AstraZeneca, Pfizer/BioNTech",3749760,1381351,5131111
2021-05-28,"Johnson&Johnson, Moderna, Oxford/AstraZeneca, Pfizer/BioNTech",3811440,1427908,5239348
2021-05-29,"Johnson&Johnson, Moderna, Oxford/AstraZeneca, Pfizer/BioNTech",3840610,1445008,5285618
2021-05-30,"Johnson&Johnson, Moderna, Oxford/AstraZeneca, Pfizer/BioNTech",3862971,1459442,5322413
2021-05-31,"Johnson&Johnson, Moderna, Oxford/AstraZeneca, Pfizer/BioNTech",3918698,1506961,5425659
2021-06-01,"Johnson&Johnson, Moderna, Oxford/AstraZeneca, Pfizer/BioNTech",3977703,1555792,5533495
2021-06-02,"Johnson&Johnson, Moderna, Oxford/AstraZeneca, Pfizer/BioNTech",4040580,1609760,5650340
2021-06-03,"Johnson&Johnson, Moderna, Oxford/AstraZeneca, Pfizer/BioNTech",4098780,1669954,5768734
2021-06-04,"Johnson&Johnson, Moderna, Oxford/AstraZeneca, Pfizer/BioNTech",4161853,1727354,5889207
2021-06-05,"Johnson&Johnson, Moderna, Oxford/AstraZeneca, Pfizer/BioNTech",4195986,1746191,5942177
2021-06-06,"Johnson&Johnson, Moderna, Oxford/AstraZeneca, Pfizer/BioNTech",4222896,1761331,5984227
2021-06-07,"Johnson&Johnson, Moderna, Oxford/AstraZeneca, Pfizer/BioNTech",4286566,1816940,6103506
2021-06-08,"Johnson&Johnson, Moderna, Oxford/AstraZeneca, Pfizer/BioNTech",4350526,1871906,6222432
2021-06-09,"Johnson&Johnson, Moderna, Oxford/AstraZeneca, Pfizer/BioNTech",4409681,1936473,6346154
2021-06-10,"Johnson&Johnson, Moderna, Oxford/AstraZeneca, Pfizer/BioNTech",4463520,2007673,6471193
2021-06-11,"Johnson&Johnson, Moderna, Oxford/AstraZeneca, Pfizer/BioNTech",4515607,2077408,6593015
2021-06-12,"Johnson&Johnson, Moderna, Oxford/AstraZeneca, Pfizer/BioNTech",4547608,2098188,6645796
2021-06-13,"Johnson&Johnson, Moderna, Oxford/AstraZeneca, Pfizer/BioNTech",4571616,2116579,6688195
2021-06-14,"Johnson&Johnson, Moderna, Oxford/AstraZeneca, Pfizer/BioNTech",4614678,2190931,6805609
2021-06-15,"Johnson&Johnson, Moderna, Oxford/AstraZeneca, Pfizer/BioNTech",4659314,2263252,6922566
2021-06-16,"Johnson&Johnson, Moderna, Oxford/AstraZeneca, Pfizer/BioNTech",4702036,2341440,7043476
2021-06-17,"Johnson&Johnson, Moderna, Oxford/AstraZeneca, Pfizer/BioNTech",4741399,2424481,7165880
2021-06-18,"Johnson&Johnson, Moderna, Oxford/AstraZeneca, Pfizer/BioNTech",4783785,2504968,7288753
2021-06-19,"Johnson&Johnson, Moderna, Oxford/AstraZeneca, Pfizer/BioNTech",4805535,2534228,7339763
2021-06-20,"Johnson&Johnson, Moderna, Oxford/AstraZeneca, Pfizer/BioNTech",4822896,2558037,7380933
2021-06-21,"Johnson&Johnson, Moderna, Oxford/AstraZeneca, Pfizer/BioNTech",4855384,2636572,7491956
2021-06-22,"Johnson&Johnson, Moderna, Oxford/AstraZeneca, Pfizer/BioNTech",4888338,2718784,7607122
2021-06-23,"Johnson&Johnson, Moderna, Oxford/AstraZeneca, Pfizer/BioNTech",4919975,2803961,7723936
2021-06-24,"Johnson&Johnson, Moderna, Oxford/AstraZeneca, Pfizer/BioNTech",4949798,2893933,7843731
2021-06-25,"Johnson&Johnson, Moderna, Oxford/AstraZeneca, Pfizer/BioNTech",4980844,2980020,7960864
2021-06-26,"Johnson&Johnson, Moderna, Oxford/AstraZeneca, Pfizer/BioNTech",4996702,3014805,8011507
2021-06-27,"Johnson&Johnson, Moderna, Oxford/AstraZeneca, Pfizer/BioNTech",5010644,3041434,8052078
2021-06-28,"Johnson&Johnson, Moderna, Oxford/AstraZeneca, Pfizer/BioNTech",5039040,3126573,8165613
2021-06-29,"Johnson&Johnson, Moderna, Oxford/AstraZeneca, Pfizer/BioNTech",5068299,3212997,8281296
2021-06-30,"Johnson&Johnson, Moderna, Oxford/AstraZeneca, Pfizer/BioNTech",5095771,3303932,8399703
2021-07-01,"Johnson&Johnson, Moderna, Oxford/AstraZeneca, Pfizer/BioNTech",5119731,3393938,8513669
2021-07-02,"Johnson&Johnson, Moderna, Oxford/AstraZeneca, Pfizer/BioNTech",5146427,3479736,8626163
2021-07-03,"Johnson&Johnson, Moderna, Oxford/AstraZeneca, Pfizer/BioNTech",5153500,3511220,8664720
2021-07-04,"Johnson&Johnson, Moderna, Oxford/AstraZeneca, Pfizer/BioNTech",5161052,3532999,8694051
2021-07-05,"Johnson&Johnson, Moderna, Oxford/AstraZeneca, Pfizer/BioNTech",5168416,3558350,8726766
2021-07-06,"Johnson&Johnson, Moderna, Oxford/AstraZeneca, Pfizer/BioNTech",5173825,3585972,8759797
2021-07-07,"Johnson&Johnson, Moderna, Oxford/AstraZeneca, Pfizer/BioNTech",5199606,3664903,8864509
2021-07-08,"Johnson&Johnson, Moderna, Oxford/AstraZeneca, Pfizer/BioNTech",5226193,3735173,8961366
2021-07-09,"Johnson&Johnson, Moderna, Oxford/AstraZeneca, Pfizer/BioNTech",5254102,3804396,9058498
2021-07-10,"Johnson&Johnson, Moderna, Oxford/AstraZeneca, Pfizer/BioNTech",5263445,3832996,9096441
2021-07-11,"Johnson&Johnson, Moderna, Oxford/AstraZeneca, Pfizer/BioNTech",5271967,3855848,9127815
2021-07-12,"Johnson&Johnson, Moderna, Oxford/AstraZeneca, Pfizer/BioNTech",5299478,3924887,9224365
2021-07-13,"Johnson&Johnson, Moderna, Oxford/AstraZeneca, Pfizer/BioNTech",5325651,3994702,9320353
2021-07-14,"Johnson&Johnson, Moderna, Oxford/AstraZeneca, Pfizer/BioNTech",5351450,4066624,9418074
2021-07-15,"Johnson&Johnson, Moderna, Oxford/AstraZeneca, Pfizer/BioNTech",5380610,4132569,9513179
2021-07-16,"Johnson&Johnson, Moderna, Oxford/AstraZeneca, Pfizer/BioNTech",5408522,4205225,9613747
2021-07-17,"Johnson&Johnson, Moderna, Oxford/AstraZeneca, Pfizer/BioNTech",5417285,4236626,9653911
2021-07-18,"Johnson&Johnson, Moderna, Oxford/AstraZeneca, Pfizer/BioNTech",5425723,4262596,9688319
2021-07-19,"Johnson&Johnson, Moderna, Oxford/AstraZeneca, Pfizer/BioNTech",5449065,4329573,9778638
2021-07-20,"Johnson&Johnson, Moderna, Oxford/AstraZeneca, Pfizer/BioNTech",5470437,4396556,9866993
2021-07-21,"Johnson&Johnson, Moderna, Oxford/AstraZeneca, Pfizer/BioNTech",5493877,4459966,9953843
2021-07-22,"Johnson&Johnson, Moderna, Oxford/AstraZeneca, Pfizer/BioNTech",5516228,4518527,10034755
2021-07-23,"Johnson&Johnson, Moderna, Oxford/AstraZeneca, Pfizer/BioNTech",5539416,4573209,10112625
2021-07-24,"Johnson&Johnson, Moderna, Oxford/AstraZeneca, Pfizer/BioNTech",5546724,4600836,10147560
2021-07-25,"Johnson&Johnson, Moderna, Oxford/AstraZeneca, Pfizer/BioNTech",5553336,4622933,10176269
2021-07-26,"Johnson&Johnson, Moderna, Oxford/AstraZeneca, Pfizer/BioNTech",5576865,4671555,10248420
2021-07-27,"Johnson&Johnson, Moderna, Oxford/AstraZeneca, Pfizer/BioNTech",5599583,4718120,10317703
2021-07-28,"Johnson&Johnson, Moderna, Oxford/AstraZeneca, Pfizer/BioNTech",5620825,4764036,10384861
2021-07-29,"Johnson&Johnson, Moderna, Oxford/AstraZeneca, Pfizer/BioNTech",5642139,4805922,10448061
2021-07-30,"Johnson&Johnson, Moderna, Oxford/AstraZeneca, Pfizer/BioNTech",5665405,4848412,10513817
2021-07-31,"Johnson&Johnson, Moderna, Oxford/AstraZeneca, Pfizer/BioNTech",5674324,4867915,10542239
2021-08-01,"Johnson&Johnson, Moderna, Oxford/AstraZeneca, Pfizer/BioNTech",5681037,4884061,10565098
2021-08-02,"Johnson&Johnson, Moderna, Oxford/AstraZeneca, Pfizer/BioNTech",5699654,4921556,10621210
2021-08-03,"Johnson&Johnson, Moderna, Oxford/AstraZeneca, Pfizer/BioNTech",5717276,4959605,10676881
2021-08-04,"Johnson&Johnson, Moderna, Oxford/AstraZeneca, Pfizer/BioNTech",5733359,4996287,10729646
2021-08-05,"Johnson&Johnson, Moderna, Oxford/AstraZeneca, Pfizer/BioNTech",5749382,5036709,10786091
2021-08-06,"Johnson&Johnson, Moderna, Oxford/AstraZeneca, Pfizer/BioNTech",5766158,5079938,10846096
2021-08-07,"Johnson&Johnson, Moderna, Oxford/AstraZeneca, Pfizer/BioNTech",5771748,5098076,10869824
2021-08-08,"Johnson&Johnson, Moderna, Oxford/AstraZeneca, Pfizer/BioNTech",5776101,5113809,10889910
2021-08-09,"Johnson&Johnson, Moderna, Oxford/AstraZeneca, Pfizer/BioNTech",5788734,5158816,10947550
2021-08-10,"Johnson&Johnson, Moderna, Oxford/AstraZeneca, Pfizer/BioNTech",5800561,5198335,10998896
2021-08-11,"Johnson&Johnson, Moderna, Oxford/AstraZeneca, Pfizer/BioNTech",5811916,5241418,11053334
2021-08-12,"Johnson&Johnson, Moderna, Oxford/AstraZeneca, Pfizer/BioNTech",5823330,5278496,11101826
2021-08-13,"Johnson&Johnson, Moderna, Oxford/AstraZeneca, Pfizer/BioNTech",5834049,5318792,11152841
2021-08-14,"Johnson&Johnson, Moderna, Oxford/AstraZeneca, Pfizer/BioNTech",5837384,5329470,11166854
2021-08-15,"Johnson&Johnson, Moderna, Oxford/AstraZeneca, Pfizer/BioNTech",5839967,5339826,11179793
2021-08-16,"Johnson&Johnson, Moderna, Oxford/AstraZeneca, Pfizer/BioNTech",5849750,5373863,11223613
2021-08-17,"Johnson&Johnson, Moderna, Oxford/AstraZeneca, Pfizer/BioNTech",5859337,5400926,11260263
2021-08-18,"Johnson&Johnson, Moderna, Oxford/AstraZeneca, Pfizer/BioNTech",5868704,5439766,11308470
2021-08-19,"Johnson&Johnson, Moderna, Oxford/AstraZeneca, Pfizer/BioNTech",5878363,5478085,11356448
2021-08-20,"Johnson&Johnson, Moderna, Oxford/AstraZeneca, Pfizer/BioNTech",5889745,5518248,11407993
2021-08-21,"Johnson&Johnson, Moderna, Oxford/AstraZeneca, Pfizer/BioNTech",5892461,5530986,11423447
2021-08-22,"Johnson&Johnson, Moderna, Oxford/AstraZeneca, Pfizer/BioNTech",5894800,5542939,11437739
2021-08-23,"Johnson&Johnson, Moderna, Oxford/AstraZeneca, Pfizer/BioNTech",5905328,5582175,11487503
2021-08-24,"Johnson&Johnson, Moderna, Oxford/AstraZeneca, Pfizer/BioNTech",5915193,5615397,11530590
2021-08-25,"Johnson&Johnson, Moderna, Oxford/AstraZeneca, Pfizer/BioNTech",5924056,5643743,11567799
2021-08-26,"Johnson&Johnson, Moderna, Oxford/AstraZeneca, Pfizer/BioNTech",5932495,5669848,11602343
2021-08-27,"Johnson&Johnson, Moderna, Oxford/AstraZeneca, Pfizer/BioNTech",5942808,5695771,11638579
2021-08-28,"Johnson&Johnson, Moderna, Oxford/AstraZeneca, Pfizer/BioNTech",5945530,5702802,11648332
2021-08-29,"Johnson&Johnson, Moderna, Oxford/AstraZeneca, Pfizer/BioNTech",5947933,5709414,11657347
2021-08-30,"Johnson&Johnson, Moderna, Oxford/AstraZeneca, Pfizer/BioNTech",5956451,5731263,11687714
2021-08-31,"Johnson&Johnson, Moderna, Oxford/AstraZeneca, Pfizer/BioNTech",5964117,5749322,11713439
2021-09-01,"Johnson&Johnson, Moderna, Oxford/AstraZeneca, Pfizer/BioNTech",5969997,5763295,11733292
2021-09-02,"Johnson&Johnson, Moderna, Oxford/AstraZeneca, Pfizer/BioNTech",5976826,5777665,11754491
2021-09-03,"Johnson&Johnson, Moderna, Oxford/AstraZeneca, Pfizer/BioNTech",5986380,5793354,11779734
2021-09-04,"Johnson&Johnson, Moderna, Oxford/AstraZeneca, Pfizer/BioNTech",5988443,5796901,11785344
2021-09-05,"Johnson&Johnson, Moderna, Oxford/AstraZeneca, Pfizer/BioNTech",5990476,5799742,11790218
2021-09-06,"Johnson&Johnson, Moderna, Oxford/AstraZeneca, Pfizer/BioNTech",5996703,5812254,11808957
2021-09-07,"Johnson&Johnson, Moderna, Oxford/AstraZeneca, Pfizer/BioNTech",6001083,5823342,11824425
2021-09-08,"Johnson&Johnson, Moderna, Oxford/AstraZeneca, Pfizer/BioNTech",6006743,5833173,11839916
2021-09-09,"Johnson&Johnson, Moderna, Oxford/AstraZeneca, Pfizer/BioNTech",6013421,5843224,11856645
2021-09-10,"Johnson&Johnson, Moderna, Oxford/AstraZeneca, Pfizer/BioNTech",6021104,5855390,11876494
2021-09-11,"Johnson&Johnson, Moderna, Oxford/AstraZeneca, Pfizer/BioNTech",6022965,5857864,11880829
2021-09-12,"Johnson&Johnson, Moderna, Oxford/AstraZeneca, Pfizer/BioNTech",6024079,5859487,11883566
2021-09-13,"Johnson&Johnson, Moderna, Oxford/AstraZeneca, Pfizer/BioNTech",6029501,5869769,11899270
2021-09-14,"Johnson&Johnson, Moderna, Oxford/AstraZeneca, Pfizer/BioNTech",6034882,5878771,11913653
2021-09-15,"Johnson&Johnson, Moderna, Oxford/AstraZeneca, Pfizer/BioNTech",6040071,5887286,11927357
2021-09-16,"Johnson&Johnson, Moderna, Oxford/AstraZeneca, Pfizer/BioNTech",6045412,5895546,11940958
2021-09-17,"Johnson&Johnson, Moderna, Oxford/AstraZeneca, Pfizer/BioNTech",6051978,5905762,11957740
2021-09-18,"Johnson&Johnson, Moderna, Oxford/AstraZeneca, Pfizer/BioNTech",6053700,5908112,11961812
2021-09-19,"Johnson&Johnson, Moderna, Oxford/AstraZeneca, Pfizer/BioNTech",6054641,5909676,11964317
2021-09-20,"Johnson&Johnson, Moderna, Oxford/AstraZeneca, Pfizer/BioNTech",6058650,5917862,11976512
2021-09-21,"Johnson&Johnson, Moderna, Oxford/AstraZeneca, Pfizer/BioNTech",6062873,5925387,11988260
2021-09-22,"Johnson&Johnson, Moderna, Oxford/AstraZeneca, Pfizer/BioNTech",6067049,5930894,11997943
2021-09-23,"Johnson&Johnson, Moderna, Oxford/AstraZeneca, Pfizer/BioNTech",6072022,5937293,12009315
2021-09-24,"Johnson&Johnson, Moderna, Oxford/AstraZeneca, Pfizer/BioNTech",6077774,5946900,12024674
2021-09-25,"Johnson&Johnson, Moderna, Oxford/AstraZeneca, Pfizer/BioNTech",6079265,5948886,12028151
2021-09-26,"Johnson&Johnson, Moderna, Pfizer/BioNTech",6080005,5950516,12030521
2021-09-27,"Johnson&Johnson, Moderna, Oxford/AstraZeneca, Pfizer/BioNTech",6083880,5957009,12040889
2021-09-28,"Johnson&Johnson, Moderna, Pfizer/BioNTech",6084238,5957614,12041852
2021-09-29,"Johnson&Johnson, Moderna, Oxford/AstraZeneca, Pfizer/BioNTech",6088009,5965059,12053068
2021-09-30,"Johnson&Johnson, Moderna, Oxford/AstraZeneca, Pfizer/BioNTech",6092505,5972748,12065253
2021-10-01,"Johnson&Johnson, Moderna, Oxford/AstraZeneca, Pfizer/BioNTech",6096793,5980705,12077498
2021-10-02,"Johnson&Johnson, Moderna, Oxford/AstraZeneca, Pfizer/BioNTech",6097853,5982241,12080094
2021-10-03,"Johnson&Johnson, Moderna, Pfizer/BioNTech",6098570,5983104,12081674
2021-10-04,"Johnson&Johnson, Moderna, Oxford/AstraZeneca, Pfizer/BioNTech",6101640,5988667,12090307
2021-10-05,"Johnson&Johnson, Moderna, Oxford/AstraZeneca, Pfizer/BioNTech",6104795,5993729,12098524
2021-10-06,"Johnson&Johnson, Moderna, Oxford/AstraZeneca, Pfizer/BioNTech",6108303,5998885,12107188
2021-10-07,"Johnson&Johnson, Moderna, Oxford/AstraZeneca, Pfizer/BioNTech",6111573,6004129,12115702
2021-10-08,"Johnson&Johnson, Moderna, Oxford/AstraZeneca, Pfizer/BioNTech",6116355,6010748,12127103
2021-10-09,"Johnson&Johnson, Moderna, Oxford/AstraZeneca, Pfizer/BioNTech",6117596,6012398,12129994
2021-10-10,"Johnson&Johnson, Moderna, Oxford/AstraZeneca, Pfizer/BioNTech",6118536,6013227,12131763
2021-10-11,"Johnson&Johnson, Moderna, Oxford/AstraZeneca, Pfizer/BioNTech",6121465,6017634,12139099
2021-10-12,"Johnson&Johnson, Moderna, Oxford/AstraZeneca, Pfizer/BioNTech",6124384,6021626,12146010
2021-10-13,"Johnson&Johnson, Moderna, Oxford/AstraZeneca, Pfizer/BioNTech",6127917,6025806,12153723
2021-10-14,"Johnson&Johnson, Moderna, Oxford/AstraZeneca, Pfizer/BioNTech",6131590,6030744,12162334
2021-10-15,"Johnson&Johnson, Moderna, Oxford/AstraZeneca, Pfizer/BioNTech",6136817,6036873,12173690
2021-10-16,"Johnson&Johnson, Moderna, Oxford/AstraZeneca, Pfizer/BioNTech",6138225,6038389,12176614
2021-10-17,"Johnson&Johnson, Moderna, Pfizer/BioNTech",6139544,6039442,12178986
2021-10-18,"Johnson&Johnson, Moderna, Oxford/AstraZeneca, Pfizer/BioNTech",6143655,6043533,12187188
2021-10-19,"Johnson&Johnson, Moderna, Oxford/AstraZeneca, Pfizer/BioNTech",6147230,6045617,12192847
2021-10-20,"Johnson&Johnson, Moderna, Oxford/AstraZeneca, Pfizer/BioNTech",6152096,6050062,12202158
2021-10-21,"Johnson&Johnson, Moderna, Oxford/AstraZeneca, Pfizer/BioNTech",6159853,6055651,12215504
2021-10-22,"Johnson&Johnson, Moderna, Oxford/AstraZeneca, Pfizer/BioNTech",6170296,6062147,12232443
2021-10-23,"Johnson&Johnson, Moderna, Pfizer/BioNTech",6173968,6064350,12238318
2021-10-24,"Johnson&Johnson, Moderna, Pfizer/BioNTech",6176652,6066122,12242774
2021-10-25,"Johnson&Johnson, Moderna, Oxford/AstraZeneca, Pfizer/BioNTech",6187133,6071915,12259048
2021-10-26,"Johnson&Johnson, Moderna, Oxford/AstraZeneca, Pfizer/BioNTech",6199112,6078453,12277565
2021-10-27,"Johnson&Johnson, Moderna, Oxford/AstraZeneca, Pfizer/BioNTech",6213710,6085846,12299556
2021-10-28,"Johnson&Johnson, Moderna, Oxford/AstraZeneca, Pfizer/BioNTech",6217121,6087516,12304637
2021-10-29,"Johnson&Johnson, Moderna, Oxford/AstraZeneca, Pfizer/BioNTech",6231537,6095477,12327014
2021-10-30,"Johnson&Johnson, Moderna, Pfizer/BioNTech",6236066,6098391,12334457
2021-10-31,"Johnson&Johnson, Moderna, Oxford/AstraZeneca, Pfizer/BioNTech",6239828,6100861,12340689
2021-11-01,"Johnson&Johnson, Moderna, Oxford/AstraZeneca, Pfizer/BioNTech",6255012,6108541,12363553
2021-11-02,"Johnson&Johnson, Moderna, Oxford/AstraZeneca, Pfizer/BioNTech",6270458,6116090,12386548
2021-11-03,"Johnson&Johnson, Moderna, Oxford/AstraZeneca, Pfizer/BioNTech",6287630,6123376,12411006
2021-11-04,"Johnson&Johnson, Moderna, Oxford/AstraZeneca, Pfizer/BioNTech",6305969,6131540,12437509
2021-11-05,"Johnson&Johnson, Moderna, Oxford/AstraZeneca, Pfizer/BioNTech",6328778,6142803,12471581
2021-11-06,"Johnson&Johnson, Moderna, Oxford/AstraZeneca, Pfizer/BioNTech",6335283,6145852,12481135
2021-11-07,"Johnson&Johnson, Moderna, Oxford/AstraZeneca, Pfizer/BioNTech",6339299,6148283,12487582
2021-11-08,"Johnson&Johnson, Moderna, Oxford/AstraZeneca, Pfizer/BioNTech",6355566,6155908,12511474
2021-11-09,"Johnson&Johnson, Moderna, Oxford/AstraZeneca, Pfizer/BioNTech",6370357,6163194,12533551
2021-11-10,"Johnson&Johnson, Moderna, Oxford/AstraZeneca, Pfizer/BioNTech",6386059,6170560,12556619
2021-11-11,"Johnson&Johnson, Moderna, Oxford/AstraZeneca, Pfizer/BioNTech",6401471,6179656,12581127
2021-11-12,"Johnson&Johnson, Moderna, Oxford/AstraZeneca, Pfizer/BioNTech",6421241,6192423,12613664
2021-11-13,"Johnson&Johnson, Moderna, Oxford/AstraZeneca, Pfizer/BioNTech",6426622,6196283,12622905
2021-11-14,"Johnson&Johnson, Moderna, Oxford/AstraZeneca, Pfizer/BioNTech",6430503,6199284,12629787
2021-11-15,"Johnson&Johnson, Moderna, Oxford/AstraZeneca, Pfizer/BioNTech",6445561,6209966,12655527
2021-11-16,"Johnson&Johnson, Moderna, Oxford/AstraZeneca, Pfizer/BioNTech",6463062,6221938,12685000
2021-11-17,"Johnson&Johnson, Moderna, Oxford/AstraZeneca, Pfizer/BioNTech",6467286,6225495,12692781
2021-11-18,"Johnson&Johnson, Moderna, Oxford/AstraZeneca, Pfizer/BioNTech",6486661,6237161,12723822
2021-11-19,"Johnson&Johnson, Moderna, Oxford/AstraZeneca, Pfizer/BioNTech",6511250,6254124,12765374
2021-11-20,"Johnson&Johnson, Moderna, Oxford/AstraZeneca, Pfizer/BioNTech",6519809,6259093,12778902
2021-11-21,"Johnson&Johnson, Moderna, Oxford/AstraZeneca, Pfizer/BioNTech",6526568,6262861,12789429
2021-11-22,"Johnson&Johnson, Moderna, Oxford/AstraZeneca, Pfizer/BioNTech",6545017,6276950,12821967
2021-11-23,"Johnson&Johnson, Moderna, Oxford/AstraZeneca, Pfizer/BioNTech",6563934,6290192,12854126
2021-11-24,"Johnson&Johnson, Moderna, Oxford/AstraZeneca, Pfizer/BioNTech",6582798,6306012,12888810
2021-11-25,"Johnson&Johnson, Moderna, Oxford/AstraZeneca, Pfizer/BioNTech",6601817,6321019,12922836
2021-11-26,"Johnson&Johnson, Moderna, Oxford/AstraZeneca, Pfizer/BioNTech",6623313,6340124,12963437
2021-11-27,"Johnson&Johnson, Moderna, Oxford/AstraZeneca, Pfizer/BioNTech",6630756,6345665,12976421
2021-11-28,"Johnson&Johnson, Moderna, Oxford/AstraZeneca, Pfizer/BioNTech",6634082,6348796,12982878
2021-11-29,"Johnson&Johnson, Moderna, Oxford/AstraZeneca, Pfizer/BioNTech",6649214,6362434,13011648
2021-11-30,"Johnson&Johnson, Moderna, Oxford/AstraZeneca, Pfizer/BioNTech",6662356,6373633,13035989
2021-12-01,"Johnson&Johnson, Moderna, Oxford/AstraZeneca, Pfizer/BioNTech",6676260,6386040,13062300
2021-12-02,"Johnson&Johnson, Moderna, Oxford/AstraZeneca, Pfizer/BioNTech",6686815,6398484,13085299
2021-12-03,"Johnson&Johnson, Moderna, Oxford/AstraZeneca, Pfizer/BioNTech",6696356,6413987,13110343
2021-12-04,"Johnson&Johnson, Moderna, Oxford/AstraZeneca, Pfizer/BioNTech",6698884,6417920,13116804
2021-12-05,"Johnson&Johnson, Moderna, Oxford/AstraZeneca, Pfizer/BioNTech",6700223,6420239,13120462
2021-12-06,"Johnson&Johnson, Moderna, Oxford/AstraZeneca, Pfizer/BioNTech",6708338,6431717,13140055
2021-12-07,"Johnson&Johnson, Moderna, Oxford/AstraZeneca, Pfizer/BioNTech",6716155,6443673,13159828
2021-12-08,"Johnson&Johnson, Moderna, Oxford/AstraZeneca, Pfizer/BioNTech",6724357,6449556,13173913
2021-12-09,"Johnson&Johnson, Moderna, Oxford/AstraZeneca, Pfizer/BioNTech",6731418,6462302,13193720
2021-12-10,"Johnson&Johnson, Moderna, Oxford/AstraZeneca, Pfizer/BioNTech",6738264,6480000,13218264
2021-12-11,"Johnson&Johnson, Moderna, Oxford/AstraZeneca, Pfizer/BioNTech",6739918,6485234,13225152
2021-12-12,"Johnson&Johnson, Moderna, Oxford/AstraZeneca, Pfizer/BioNTech",6741221,6489658,13230879
2021-12-13,"Johnson&Johnson, Moderna, Oxford/AstraZeneca, Pfizer/BioNTech",6747561,6502889,13250450
2021-12-14,"Johnson&Johnson, Moderna, Oxford/AstraZeneca, Pfizer/BioNTech",6753724,6516466,13270190
2021-12-15,"Johnson&Johnson, Moderna, Oxford/AstraZeneca, Pfizer/BioNTech",6759867,6529966,13289833
2021-12-16,"Johnson&Johnson, Moderna, Oxford/AstraZeneca, Pfizer/BioNTech",6766349,6544609,13310958
2021-12-17,"Johnson&Johnson, Moderna, Oxford/AstraZeneca, Pfizer/BioNTech",6774254,6561573,13335827
2021-12-18,"Johnson&Johnson, Moderna, Oxford/AstraZeneca, Pfizer/BioNTech",6776805,6566944,13343749
2021-12-19,"Johnson&Johnson, Moderna, Pfizer/BioNTech",6778506,6569310,13347816
