date,vaccine,people_vaccinated,people_fully_vaccinated,total_vaccinations
2020-12-27,Pfizer/BioNTech,1272,0,1272
2020-12-28,Pfizer/BioNTech,3573,0,3573
2020-12-29,Pfizer/BioNTech,7028,0,7028
2020-12-30,Pfizer/BioNTech,10519,0,10519
2020-12-31,Pfizer/BioNTech,11821,0,11821
2021-01-01,"Moderna, Pfizer/BioNTech",12088,0,12088
2021-01-02,Pfizer/BioNTech,13362,0,13362
2021-01-03,Pfizer/BioNTech,14282,0,14282
2021-01-04,"Moderna, Pfizer/BioNTech",17879,0,17879
2021-01-05,"Moderna, Pfizer/BioNTech",22385,0,22385
2021-01-06,Pfizer/BioNTech,28232,0,28232
2021-01-07,"Moderna, Pfizer/BioNTech",36208,0,36208
2021-01-08,Pfizer/BioNTech,46204,0,46204
2021-01-09,"Moderna, Pfizer/BioNTech",48224,0,48224
2021-01-10,Pfizer/BioNTech,49981,2,49983
2021-01-11,Pfizer/BioNTech,59804,4,59808
2021-01-12,Pfizer/BioNTech,73212,6,73218
2021-01-13,Pfizer/BioNTech,86724,6,86730
2021-01-14,"Moderna, Pfizer/BioNTech",101917,8,101925
2021-01-15,"Moderna, Pfizer/BioNTech",115895,8,115903
2021-01-16,"Moderna, Pfizer/BioNTech",119272,10,119282
2021-01-17,"Moderna, Pfizer/BioNTech",121875,651,122526
2021-01-18,"Moderna, Pfizer/BioNTech",134350,2472,136822
2021-01-19,"Moderna, Pfizer/BioNTech",146910,5184,152094
2021-01-20,"Moderna, Pfizer/BioNTech",160553,7830,168383
2021-01-21,"Moderna, Pfizer/BioNTech",176169,9566,185735
2021-01-22,"Moderna, Pfizer/BioNTech",191012,10609,201621
2021-01-23,"Moderna, Pfizer/BioNTech",194311,11480,205791
2021-01-24,"Moderna, Pfizer/BioNTech",196559,12348,208907
2021-01-25,"Moderna, Pfizer/BioNTech",206184,15319,221503
2021-01-26,"Moderna, Pfizer/BioNTech",216715,19289,236004
2021-01-27,"Moderna, Pfizer/BioNTech",225734,23808,249542
2021-01-28,"Moderna, Pfizer/BioNTech",232809,29927,262736
2021-01-29,"Moderna, Pfizer/BioNTech",239006,37807,276813
2021-01-30,"Moderna, Pfizer/BioNTech",239738,38894,278632
2021-01-31,"Moderna, Pfizer/BioNTech",240447,40074,280521
2021-02-01,"Moderna, Pfizer/BioNTech",244411,47998,292409
2021-02-02,"Moderna, Pfizer/BioNTech",248538,58213,306751
2021-02-03,"Moderna, Pfizer/BioNTech",252947,69196,322143
2021-02-04,"Moderna, Pfizer/BioNTech",257837,82144,339981
2021-02-05,"Moderna, Pfizer/BioNTech",263286,92790,356076
2021-02-06,"Moderna, Pfizer/BioNTech",264127,95137,359264
2021-02-07,"Moderna, Pfizer/BioNTech",264975,97623,362598
2021-02-08,"Moderna, Oxford/AstraZeneca, Pfizer/BioNTech",269038,109006,378044
2021-02-09,"Moderna, Oxford/AstraZeneca, Pfizer/BioNTech",274121,120922,395043
2021-02-10,"Moderna, Pfizer/BioNTech",279611,134132,413743
2021-02-11,"Moderna, Oxford/AstraZeneca, Pfizer/BioNTech",285913,150306,436219
2021-02-12,"Moderna, Oxford/AstraZeneca, Pfizer/BioNTech",292658,164994,457652
2021-02-13,"Moderna, Oxford/AstraZeneca, Pfizer/BioNTech",294247,167974,462221
2021-02-14,"Moderna, Oxford/AstraZeneca, Pfizer/BioNTech",295238,169352,464590
2021-02-15,"Moderna, Oxford/AstraZeneca, Pfizer/BioNTech",301630,178684,480314
2021-02-16,"Moderna, Oxford/AstraZeneca, Pfizer/BioNTech",310335,187736,498071
2021-02-17,"Moderna, Oxford/AstraZeneca, Pfizer/BioNTech",320017,196025,516042
2021-02-18,"Moderna, Oxford/AstraZeneca, Pfizer/BioNTech",332318,204066,536384
2021-02-19,"Moderna, Oxford/AstraZeneca, Pfizer/BioNTech",344160,211386,555546
2021-02-20,"Moderna, Oxford/AstraZeneca, Pfizer/BioNTech",346141,212562,558703
2021-02-21,"Moderna, Oxford/AstraZeneca, Pfizer/BioNTech",347253,213579,560832
2021-02-22,"Moderna, Oxford/AstraZeneca, Pfizer/BioNTech",357368,219585,576953
2021-02-23,"Moderna, Oxford/AstraZeneca, Pfizer/BioNTech",370292,226545,596837
2021-02-24,"Moderna, Oxford/AstraZeneca, Pfizer/BioNTech",384149,232564,616713
2021-02-25,"Moderna, Oxford/AstraZeneca, Pfizer/BioNTech",402100,238096,640196
2021-02-26,"Moderna, Oxford/AstraZeneca, Pfizer/BioNTech",418252,243422,661674
2021-02-27,"Moderna, Oxford/AstraZeneca, Pfizer/BioNTech",421258,243972,665230
2021-02-28,"Moderna, Oxford/AstraZeneca, Pfizer/BioNTech",423601,244517,668118
2021-03-01,"Moderna, Oxford/AstraZeneca, Pfizer/BioNTech",443133,247941,691074
2021-03-02,"Moderna, Oxford/AstraZeneca, Pfizer/BioNTech",470331,251476,721807
2021-03-03,"Moderna, Oxford/AstraZeneca, Pfizer/BioNTech",501158,255963,757121
2021-03-04,"Moderna, Oxford/AstraZeneca, Pfizer/BioNTech",534357,260626,794983
2021-03-05,"Johnson&Johnson, Moderna, Oxford/AstraZeneca, Pfizer/BioNTech",563139,266024,829163
2021-03-06,"Johnson&Johnson, Moderna, Oxford/AstraZeneca, Pfizer/BioNTech",575265,266870,842135
2021-03-07,"Johnson&Johnson, Moderna, Oxford/AstraZeneca, Pfizer/BioNTech",586782,267703,854485
2021-03-08,"Johnson&Johnson, Moderna, Oxford/AstraZeneca, Pfizer/BioNTech",616461,272530,888991
2021-03-09,"Johnson&Johnson, Moderna, Oxford/AstraZeneca, Pfizer/BioNTech",652715,278889,931604
2021-03-10,"Moderna, Oxford/AstraZeneca, Pfizer/BioNTech",693965,285819,979784
2021-03-11,"Johnson&Johnson, Moderna, Oxford/AstraZeneca, Pfizer/BioNTech",738748,294168,1032916
2021-03-12,"Johnson&Johnson, Moderna, Oxford/AstraZeneca, Pfizer/BioNTech",777511,302613,1080124
2021-03-13,"Moderna, Oxford/AstraZeneca, Pfizer/BioNTech",794558,303901,1098459
2021-03-14,"Moderna, Oxford/AstraZeneca, Pfizer/BioNTech",806648,305036,1111684
2021-03-15,"Moderna, Oxford/AstraZeneca, Pfizer/BioNTech",835002,313802,1148804
2021-03-16,"Johnson&Johnson, Moderna, Oxford/AstraZeneca, Pfizer/BioNTech",873838,324314,1198152
2021-03-17,"Moderna, Oxford/AstraZeneca, Pfizer/BioNTech",911277,334795,1246072
2021-03-18,"Johnson&Johnson, Moderna, Oxford/AstraZeneca, Pfizer/BioNTech",949213,347187,1296400
2021-03-19,"Moderna, Oxford/AstraZeneca, Pfizer/BioNTech",983649,360773,1344422
2021-03-20,"Johnson&Johnson, Moderna, Oxford/AstraZeneca, Pfizer/BioNTech",998758,362788,1361546
2021-03-21,"Johnson&Johnson, Moderna, Oxford/AstraZeneca, Pfizer/BioNTech",1006148,364332,1370480
2021-03-22,"Johnson&Johnson, Moderna, Oxford/AstraZeneca, Pfizer/BioNTech",1030656,376815,1407471
2021-03-23,"Johnson&Johnson, Moderna, Oxford/AstraZeneca, Pfizer/BioNTech",1057251,390145,1447396
2021-03-24,"Johnson&Johnson, Moderna, Oxford/AstraZeneca, Pfizer/BioNTech",1084070,405850,1489920
2021-03-25,"Moderna, Oxford/AstraZeneca, Pfizer/BioNTech",1110359,423675,1534034
2021-03-26,"Moderna, Oxford/AstraZeneca, Pfizer/BioNTech",1135125,441150,1576275
2021-03-27,"Johnson&Johnson, Moderna, Oxford/AstraZeneca, Pfizer/BioNTech",1143540,445981,1589521
2021-03-28,"Moderna, Oxford/AstraZeneca, Pfizer/BioNTech",1149066,450112,1599178
2021-03-29,"Johnson&Johnson, Moderna, Oxford/AstraZeneca, Pfizer/BioNTech",1168135,470800,1638935
2021-03-30,"Johnson&Johnson, Moderna, Oxford/AstraZeneca, Pfizer/BioNTech",1192789,492956,1685745
2021-03-31,"Johnson&Johnson, Moderna, Oxford/AstraZeneca, Pfizer/BioNTech",1215836,519987,1735823
2021-04-01,"Johnson&Johnson, Moderna, Oxford/AstraZeneca, Pfizer/BioNTech",1241398,552003,1793401
2021-04-02,"Johnson&Johnson, Moderna, Oxford/AstraZeneca, Pfizer/BioNTech",1248276,564781,1813057
2021-04-03,"Johnson&Johnson, Moderna, Oxford/AstraZeneca, Pfizer/BioNTech",1251870,575685,1827555
2021-04-04,"Johnson&Johnson, Moderna, Oxford/AstraZeneca, Pfizer/BioNTech",1254349,584565,1838914
2021-04-05,"Johnson&Johnson, Moderna, Oxford/AstraZeneca, Pfizer/BioNTech",1256717,591734,1848451
2021-04-06,"Johnson&Johnson, Moderna, Oxford/AstraZeneca, Pfizer/BioNTech",1272801,620948,1893749
2021-04-07,"Johnson&Johnson, Moderna, Oxford/AstraZeneca, Pfizer/BioNTech",1296161,643135,1939296
2021-04-08,"Johnson&Johnson, Moderna, Oxford/AstraZeneca, Pfizer/BioNTech",1334785,674120,2008905
2021-04-09,"Johnson&Johnson, Moderna, Oxford/AstraZeneca, Pfizer/BioNTech",1374252,704278,2078530
2021-04-10,"Johnson&Johnson, Moderna, Oxford/AstraZeneca, Pfizer/BioNTech",1389692,719549,2109241
2021-04-11,"Johnson&Johnson, Moderna, Oxford/AstraZeneca, Pfizer/BioNTech",1399435,729563,2128998
2021-04-12,"Johnson&Johnson, Moderna, Oxford/AstraZeneca, Pfizer/BioNTech",1437644,754650,2192294
2021-04-13,"Moderna, Oxford/AstraZeneca, Pfizer/BioNTech",1473840,780641,2254481
2021-04-14,"Moderna, Oxford/AstraZeneca, Pfizer/BioNTech",1512600,807969,2320569
2021-04-15,"Moderna, Oxford/AstraZeneca, Pfizer/BioNTech",1560312,833654,2393966
2021-04-16,"Moderna, Oxford/AstraZeneca, Pfizer/BioNTech",1604886,859250,2464136
2021-04-17,"Moderna, Oxford/AstraZeneca, Pfizer/BioNTech",1621531,868259,2489790
2021-04-18,"Moderna, Oxford/AstraZeneca, Pfizer/BioNTech",1634488,873233,2507721
2021-04-19,"Moderna, Oxford/AstraZeneca, Pfizer/BioNTech",1678448,888664,2567112
2021-04-20,"Johnson&Johnson, Moderna, Oxford/AstraZeneca, Pfizer/BioNTech",1720956,904506,2625462
2021-04-21,"Moderna, Oxford/AstraZeneca, Pfizer/BioNTech",1768644,918775,2687419
2021-04-22,"Johnson&Johnson, Moderna, Oxford/AstraZeneca, Pfizer/BioNTech",1823093,936131,2759224
2021-04-23,"Johnson&Johnson, Moderna, Oxford/AstraZeneca, Pfizer/BioNTech",1873007,948150,2821157
2021-04-24,"Johnson&Johnson, Moderna, Oxford/AstraZeneca, Pfizer/BioNTech",1890812,953379,2844191
2021-04-25,"Johnson&Johnson, Moderna, Oxford/AstraZeneca, Pfizer/BioNTech",1905480,957359,2862839
2021-04-26,"Johnson&Johnson, Moderna, Oxford/AstraZeneca, Pfizer/BioNTech",1955041,964895,2919936
2021-04-27,"Johnson&Johnson, Moderna, Oxford/AstraZeneca, Pfizer/BioNTech",2003989,977085,2981074
2021-04-28,"Johnson&Johnson, Moderna, Oxford/AstraZeneca, Pfizer/BioNTech",2062705,991044,3053749
2021-04-29,"Johnson&Johnson, Moderna, Oxford/AstraZeneca, Pfizer/BioNTech",2128235,1006883,3135118
2021-04-30,"Johnson&Johnson, Moderna, Oxford/AstraZeneca, Pfizer/BioNTech",2190414,1016798,3207212
2021-05-01,"Johnson&Johnson, Moderna, Oxford/AstraZeneca, Pfizer/BioNTech",2209704,1020213,3229917
2021-05-02,"Johnson&Johnson, Moderna, Oxford/AstraZeneca, Pfizer/BioNTech",2228594,1022461,3251055
2021-05-03,"Johnson&Johnson, Moderna, Oxford/AstraZeneca, Pfizer/BioNTech",2295810,1027504,3323314
2021-05-04,"Johnson&Johnson, Moderna, Oxford/AstraZeneca, Pfizer/BioNTech",2362269,1035794,3398063
2021-05-05,"Johnson&Johnson, Moderna, Oxford/AstraZeneca, Pfizer/BioNTech",2435384,1045151,3480535
2021-05-06,"Johnson&Johnson, Moderna, Oxford/AstraZeneca, Pfizer/BioNTech",2515738,1055780,3571518
2021-05-07,"Johnson&Johnson, Moderna, Oxford/AstraZeneca, Pfizer/BioNTech",2592995,1065809,3658804
2021-05-08,"Johnson&Johnson, Moderna, Oxford/AstraZeneca, Pfizer/BioNTech",2622392,1067533,3689925
2021-05-09,"Johnson&Johnson, Moderna, Oxford/AstraZeneca, Pfizer/BioNTech",2646558,1068719,3715277
2021-05-10,"Johnson&Johnson, Moderna, Oxford/AstraZeneca, Pfizer/BioNTech",2719281,1075892,3795173
2021-05-11,"Johnson&Johnson, Moderna, Oxford/AstraZeneca, Pfizer/BioNTech",2795345,1084656,3880001
2021-05-12,"Johnson&Johnson, Moderna, Oxford/AstraZeneca, Pfizer/BioNTech",2875159,1093688,3968847
2021-05-13,"Johnson&Johnson, Moderna, Oxford/AstraZeneca, Pfizer/BioNTech",2959148,1102812,4061960
2021-05-14,"Johnson&Johnson, Moderna, Oxford/AstraZeneca, Pfizer/BioNTech",3038538,1110534,4149072
2021-05-15,"Johnson&Johnson, Moderna, Oxford/AstraZeneca, Pfizer/BioNTech",3070370,1112721,4183091
2021-05-16,"Johnson&Johnson, Moderna, Oxford/AstraZeneca, Pfizer/BioNTech",3096112,1113949,4210061
2021-05-17,"Johnson&Johnson, Moderna, Oxford/AstraZeneca, Pfizer/BioNTech",3168589,1120626,4289215
2021-05-18,"Johnson&Johnson, Moderna, Oxford/AstraZeneca, Pfizer/BioNTech",3240490,1133608,4374098
2021-05-19,"Johnson&Johnson, Moderna, Oxford/AstraZeneca, Pfizer/BioNTech",3317921,1148692,4466613
2021-05-20,"Johnson&Johnson, Moderna, Oxford/AstraZeneca, Pfizer/BioNTech",3393324,1175649,4568973
2021-05-21,"Johnson&Johnson, Moderna, Oxford/AstraZeneca, Pfizer/BioNTech",3462068,1203321,4665389
2021-05-22,"Johnson&Johnson, Moderna, Oxford/AstraZeneca, Pfizer/BioNTech",3494394,1214451,4708845
2021-05-23,"Johnson&Johnson, Moderna, Oxford/AstraZeneca, Pfizer/BioNTech",3516696,1223450,4740146
2021-05-24,"Johnson&Johnson, Moderna, Oxford/AstraZeneca, Pfizer/BioNTech",3563764,1257039,4820803
2021-05-25,"Johnson&Johnson, Moderna, Oxford/AstraZeneca, Pfizer/BioNTech",3615592,1292773,4908365
2021-05-26,"Johnson&Johnson, Moderna, Oxford/AstraZeneca, Pfizer/BioNTech",3683310,1330242,5013552
2021-05-27,"Johnson&Johnson, Moderna, Oxford/AstraZeneca, Pfizer/BioNTech",3744651,1377499,5122150
2021-05-28,"Johnson&Johnson, Moderna, Oxford/AstraZeneca, Pfizer/BioNTech",3806307,1423976,5230283
2021-05-29,"Johnson&Johnson, Moderna, Oxford/AstraZeneca, Pfizer/BioNTech",3835448,1441042,5276490
2021-05-30,"Johnson&Johnson, Moderna, Oxford/AstraZeneca, Pfizer/BioNTech",3857786,1455443,5313229
2021-05-31,"Johnson&Johnson, Moderna, Oxford/AstraZeneca, Pfizer/BioNTech",3913494,1502929,5416423
2021-06-01,"Johnson&Johnson, Moderna, Oxford/AstraZeneca, Pfizer/BioNTech",3972499,1551678,5524177
2021-06-02,"Johnson&Johnson, Moderna, Oxford/AstraZeneca, Pfizer/BioNTech",4035356,1605561,5640917
2021-06-03,"Johnson&Johnson, Moderna, Oxford/AstraZeneca, Pfizer/BioNTech",4093572,1665695,5759267
2021-06-04,"Johnson&Johnson, Moderna, Oxford/AstraZeneca, Pfizer/BioNTech",4156637,1722996,5879633
2021-06-05,"Johnson&Johnson, Moderna, Oxford/AstraZeneca, Pfizer/BioNTech",4190765,1741758,5932523
2021-06-06,"Johnson&Johnson, Moderna, Oxford/AstraZeneca, Pfizer/BioNTech",4217662,1756845,5974507
2021-06-07,"Johnson&Johnson, Moderna, Oxford/AstraZeneca, Pfizer/BioNTech",4281326,1812398,6093724
2021-06-08,"Johnson&Johnson, Moderna, Oxford/AstraZeneca, Pfizer/BioNTech",4345278,1867288,6212566
2021-06-09,"Johnson&Johnson, Moderna, Oxford/AstraZeneca, Pfizer/BioNTech",4404446,1931610,6336056
2021-06-10,"Johnson&Johnson, Moderna, Oxford/AstraZeneca, Pfizer/BioNTech",4458318,2002595,6460913
2021-06-11,"Johnson&Johnson, Moderna, Oxford/AstraZeneca, Pfizer/BioNTech",4510396,2072193,6582589
2021-06-12,"Johnson&Johnson, Moderna, Oxford/AstraZeneca, Pfizer/BioNTech",4542370,2092913,6635283
2021-06-13,"Johnson&Johnson, Moderna, Oxford/AstraZeneca, Pfizer/BioNTech",4566374,2111262,6677636
2021-06-14,"Johnson&Johnson, Moderna, Oxford/AstraZeneca, Pfizer/BioNTech",4609389,2185540,6794929
2021-06-15,"Johnson&Johnson, Moderna, Oxford/AstraZeneca, Pfizer/BioNTech",4654015,2257775,6911790
2021-06-16,"Johnson&Johnson, Moderna, Oxford/AstraZeneca, Pfizer/BioNTech",4696741,2335864,7032605
2021-06-17,"Johnson&Johnson, Moderna, Oxford/AstraZeneca, Pfizer/BioNTech",4736107,2418801,7154908
2021-06-18,"Johnson&Johnson, Moderna, Oxford/AstraZeneca, Pfizer/BioNTech",4778476,2499168,7277644
2021-06-19,"Johnson&Johnson, Moderna, Oxford/AstraZeneca, Pfizer/BioNTech",4800205,2528375,7328580
2021-06-20,"Johnson&Johnson, Moderna, Oxford/AstraZeneca, Pfizer/BioNTech",4817563,2552130,7369693
2021-06-21,"Johnson&Johnson, Moderna, Oxford/AstraZeneca, Pfizer/BioNTech",4850067,2630590,7480657
2021-06-22,"Johnson&Johnson, Moderna, Oxford/AstraZeneca, Pfizer/BioNTech",4883013,2712730,7595743
2021-06-23,"Johnson&Johnson, Moderna, Oxford/AstraZeneca, Pfizer/BioNTech",4914655,2797839,7712494
2021-06-24,"Johnson&Johnson, Moderna, Oxford/AstraZeneca, Pfizer/BioNTech",4944481,2887760,7832241
2021-06-25,"Johnson&Johnson, Moderna, Oxford/AstraZeneca, Pfizer/BioNTech",4975511,2973765,7949276
2021-06-26,"Johnson&Johnson, Moderna, Oxford/AstraZeneca, Pfizer/BioNTech",4991361,3008494,7999855
2021-06-27,"Johnson&Johnson, Moderna, Oxford/AstraZeneca, Pfizer/BioNTech",5005299,3035073,8040372
2021-06-28,"Johnson&Johnson, Moderna, Oxford/AstraZeneca, Pfizer/BioNTech",5033715,3120146,8153861
2021-06-29,"Johnson&Johnson, Moderna, Oxford/AstraZeneca, Pfizer/BioNTech",5062959,3206515,8269474
2021-06-30,"Johnson&Johnson, Moderna, Oxford/AstraZeneca, Pfizer/BioNTech",5090453,3297356,8387809
2021-07-01,"Johnson&Johnson, Moderna, Oxford/AstraZeneca, Pfizer/BioNTech",5114394,3387264,8501658
2021-07-02,"Johnson&Johnson, Moderna, Oxford/AstraZeneca, Pfizer/BioNTech",5141107,3472950,8614057
2021-07-03,"Johnson&Johnson, Moderna, Oxford/AstraZeneca, Pfizer/BioNTech",5148175,3504391,8652566
2021-07-04,"Johnson&Johnson, Moderna, Oxford/AstraZeneca, Pfizer/BioNTech",5155716,3526143,8681859
2021-07-05,"Johnson&Johnson, Moderna, Oxford/AstraZeneca, Pfizer/BioNTech",5163061,3551448,8714509
2021-07-06,"Johnson&Johnson, Moderna, Oxford/AstraZeneca, Pfizer/BioNTech",5168449,3579003,8747452
2021-07-07,"Johnson&Johnson, Moderna, Oxford/AstraZeneca, Pfizer/BioNTech",5194231,3657855,8852086
2021-07-08,"Johnson&Johnson, Moderna, Oxford/AstraZeneca, Pfizer/BioNTech",5220808,3728059,8948867
2021-07-09,"Johnson&Johnson, Moderna, Oxford/AstraZeneca, Pfizer/BioNTech",5248703,3797203,9045906
2021-07-10,"Johnson&Johnson, Moderna, Oxford/AstraZeneca, Pfizer/BioNTech",5258035,3825756,9083791
2021-07-11,"Johnson&Johnson, Moderna, Oxford/AstraZeneca, Pfizer/BioNTech",5266547,3848594,9115141
2021-07-12,"Johnson&Johnson, Moderna, Oxford/AstraZeneca, Pfizer/BioNTech",5294069,3917587,9211656
2021-07-13,"Johnson&Johnson, Moderna, Oxford/AstraZeneca, Pfizer/BioNTech",5320263,3987354,9307617
2021-07-14,"Johnson&Johnson, Moderna, Oxford/AstraZeneca, Pfizer/BioNTech",5346092,4059234,9405326
2021-07-15,"Johnson&Johnson, Moderna, Oxford/AstraZeneca, Pfizer/BioNTech",5375289,4125130,9500419
2021-07-16,"Johnson&Johnson, Moderna, Oxford/AstraZeneca, Pfizer/BioNTech",5403208,4197722,9600930
2021-07-17,"Johnson&Johnson, Moderna, Oxford/AstraZeneca, Pfizer/BioNTech",5411955,4229095,9641050
2021-07-18,"Johnson&Johnson, Moderna, Oxford/AstraZeneca, Pfizer/BioNTech",5420386,4255051,9675437
2021-07-19,"Johnson&Johnson, Moderna, Oxford/AstraZeneca, Pfizer/BioNTech",5443715,4321977,9765692
2021-07-20,"Johnson&Johnson, Moderna, Oxford/AstraZeneca, Pfizer/BioNTech",5465084,4388917,9854001
2021-07-21,"Johnson&Johnson, Moderna, Oxford/AstraZeneca, Pfizer/BioNTech",5488512,4452256,9940768
2021-07-22,"Johnson&Johnson, Moderna, Oxford/AstraZeneca, Pfizer/BioNTech",5510845,4510762,10021607
2021-07-23,"Johnson&Johnson, Moderna, Oxford/AstraZeneca, Pfizer/BioNTech",5534011,4565379,10099390
2021-07-24,"Johnson&Johnson, Moderna, Oxford/AstraZeneca, Pfizer/BioNTech",5541303,4592965,10134268
2021-07-25,"Johnson&Johnson, Moderna, Oxford/AstraZeneca, Pfizer/BioNTech",5547898,4614956,10162854
2021-07-26,"Johnson&Johnson, Moderna, Oxford/AstraZeneca, Pfizer/BioNTech",5571397,4663494,10234891
2021-07-27,"Johnson&Johnson, Moderna, Oxford/AstraZeneca, Pfizer/BioNTech",5594073,4710007,10304080
2021-07-28,"Johnson&Johnson, Moderna, Oxford/AstraZeneca, Pfizer/BioNTech",5615279,4755868,10371147
2021-07-29,"Johnson&Johnson, Moderna, Oxford/AstraZeneca, Pfizer/BioNTech",5636518,4797694,10434212
2021-07-30,"Johnson&Johnson, Moderna, Oxford/AstraZeneca, Pfizer/BioNTech",5659773,4840135,10499908
2021-07-31,"Johnson&Johnson, Moderna, Oxford/AstraZeneca, Pfizer/BioNTech",5668688,4859619,10528307
2021-08-01,"Johnson&Johnson, Moderna, Oxford/AstraZeneca, Pfizer/BioNTech",5675395,4875743,10551138
2021-08-02,"Johnson&Johnson, Moderna, Oxford/AstraZeneca, Pfizer/BioNTech",5693980,4913199,10607179
2021-08-03,"Johnson&Johnson, Moderna, Oxford/AstraZeneca, Pfizer/BioNTech",5711573,4951209,10662782
2021-08-04,"Johnson&Johnson, Moderna, Oxford/AstraZeneca, Pfizer/BioNTech",5727613,4987844,10715457
2021-08-05,"Johnson&Johnson, Moderna, Oxford/AstraZeneca, Pfizer/BioNTech",5743593,5028212,10771805
2021-08-06,"Johnson&Johnson, Moderna, Oxford/AstraZeneca, Pfizer/BioNTech",5760341,5071369,10831710
2021-08-07,"Johnson&Johnson, Moderna, Oxford/AstraZeneca, Pfizer/BioNTech",5765910,5089481,10855391
2021-08-08,"Johnson&Johnson, Moderna, Oxford/AstraZeneca, Pfizer/BioNTech",5770257,5105190,10875447
2021-08-09,"Johnson&Johnson, Moderna, Oxford/AstraZeneca, Pfizer/BioNTech",5782868,5150165,10933033
2021-08-10,"Johnson&Johnson, Moderna, Oxford/AstraZeneca, Pfizer/BioNTech",5794667,5189638,10984305
2021-08-11,"Johnson&Johnson, Moderna, Oxford/AstraZeneca, Pfizer/BioNTech",5805994,5232690,11038684
2021-08-12,"Johnson&Johnson, Moderna, Oxford/AstraZeneca, Pfizer/BioNTech",5817373,5269679,11087052
2021-08-13,"Johnson&Johnson, Moderna, Oxford/AstraZeneca, Pfizer/BioNTech",5828024,5309901,11137925
2021-08-14,"Johnson&Johnson, Moderna, Oxford/AstraZeneca, Pfizer/BioNTech",5831355,5320560,11151915
2021-08-15,"Johnson&Johnson, Moderna, Oxford/AstraZeneca, Pfizer/BioNTech",5833924,5330905,11164829
2021-08-16,"Johnson&Johnson, Moderna, Oxford/AstraZeneca, Pfizer/BioNTech",5843684,5364892,11208576
2021-08-17,"Johnson&Johnson, Moderna, Oxford/AstraZeneca, Pfizer/BioNTech",5853236,5391917,11245153
2021-08-18,"Johnson&Johnson, Moderna, Oxford/AstraZeneca, Pfizer/BioNTech",5862581,5430700,11293281
2021-08-19,"Johnson&Johnson, Moderna, Oxford/AstraZeneca, Pfizer/BioNTech",5872176,5468966,11341142
2021-08-20,"Johnson&Johnson, Moderna, Oxford/AstraZeneca, Pfizer/BioNTech",5883488,5509070,11392558
2021-08-21,"Johnson&Johnson, Moderna, Oxford/AstraZeneca, Pfizer/BioNTech",5886186,5521796,11407982
2021-08-22,"Johnson&Johnson, Moderna, Oxford/AstraZeneca, Pfizer/BioNTech",5888521,5533735,11422256
2021-08-23,"Johnson&Johnson, Moderna, Oxford/AstraZeneca, Pfizer/BioNTech",5899010,5572895,11471905
2021-08-24,"Johnson&Johnson, Moderna, Oxford/AstraZeneca, Pfizer/BioNTech",5908834,5606071,11514905
2021-08-25,"Johnson&Johnson, Moderna, Oxford/AstraZeneca, Pfizer/BioNTech",5917648,5634356,11552004
2021-08-26,"Johnson&Johnson, Moderna, Oxford/AstraZeneca, Pfizer/BioNTech",5926036,5660397,11586433
2021-08-27,"Johnson&Johnson, Moderna, Oxford/AstraZeneca, Pfizer/BioNTech",5936300,5686269,11622569
2021-08-28,"Johnson&Johnson, Moderna, Oxford/AstraZeneca, Pfizer/BioNTech",5939008,5693278,11632286
2021-08-29,"Johnson&Johnson, Moderna, Oxford/AstraZeneca, Pfizer/BioNTech",5941402,5699886,11641288
2021-08-30,"Johnson&Johnson, Moderna, Oxford/AstraZeneca, Pfizer/BioNTech",5949866,5721681,11671547
2021-08-31,"Johnson&Johnson, Moderna, Oxford/AstraZeneca, Pfizer/BioNTech",5957470,5739691,11697161
2021-09-01,"Johnson&Johnson, Moderna, Oxford/AstraZeneca, Pfizer/BioNTech",5963265,5753600,11716865
2021-09-02,"Johnson&Johnson, Moderna, Oxford/AstraZeneca, Pfizer/BioNTech",5969940,5767905,11737845
2021-09-03,"Johnson&Johnson, Moderna, Oxford/AstraZeneca, Pfizer/BioNTech",5979323,5783513,11762836
2021-09-04,"Johnson&Johnson, Moderna, Oxford/AstraZeneca, Pfizer/BioNTech",5981354,5787034,11768388
2021-09-05,"Johnson&Johnson, Moderna, Pfizer/BioNTech",5983368,5789855,11773223
2021-09-06,"Johnson&Johnson, Moderna, Oxford/AstraZeneca, Pfizer/BioNTech",5989392,5802266,11791658
2021-09-07,"Johnson&Johnson, Moderna, Oxford/AstraZeneca, Pfizer/BioNTech",5993664,5813243,11806907
2021-09-08,"Johnson&Johnson, Moderna, Oxford/AstraZeneca, Pfizer/BioNTech",5999202,5823028,11822230
2021-09-09,"Johnson&Johnson, Moderna, Oxford/AstraZeneca, Pfizer/BioNTech",6005740,5833018,11838758
2021-09-10,"Johnson&Johnson, Moderna, Oxford/AstraZeneca, Pfizer/BioNTech",6013229,5845054,11858283
2021-09-11,"Johnson&Johnson, Moderna, Pfizer/BioNTech",6015073,5847513,11862586
2021-09-12,"Johnson&Johnson, Moderna, Oxford/AstraZeneca, Pfizer/BioNTech",6016174,5849124,11865298
2021-09-13,"Johnson&Johnson, Moderna, Oxford/AstraZeneca, Pfizer/BioNTech",6021478,5859309,11880787
2021-09-14,"Johnson&Johnson, Moderna, Oxford/AstraZeneca, Pfizer/BioNTech",6026742,5868219,11894961
2021-09-15,"Johnson&Johnson, Moderna, Oxford/AstraZeneca, Pfizer/BioNTech",6031822,5876641,11908463
2021-09-16,"Johnson&Johnson, Moderna, Oxford/AstraZeneca, Pfizer/BioNTech",6036959,5884818,11921777
2021-09-17,"Johnson&Johnson, Moderna, Oxford/AstraZeneca, Pfizer/BioNTech",6043293,5894859,11938152
2021-09-18,"Johnson&Johnson, Moderna, Pfizer/BioNTech",6044986,5897182,11942168
2021-09-19,"Johnson&Johnson, Moderna, Pfizer/BioNTech",6045916,5898734,11944650
2021-09-20,"Johnson&Johnson, Moderna, Oxford/AstraZeneca, Pfizer/BioNTech",6049726,5906769,11956495
2021-09-21,"Johnson&Johnson, Moderna, Oxford/AstraZeneca, Pfizer/BioNTech",6053695,5914189,11967884
2021-09-22,"Johnson&Johnson, Moderna, Oxford/AstraZeneca, Pfizer/BioNTech",6057666,5919553,11977219
2021-09-23,"Johnson&Johnson, Moderna, Oxford/AstraZeneca, Pfizer/BioNTech",6062460,5925800,11988260
2021-09-24,"Johnson&Johnson, Moderna, Oxford/AstraZeneca, Pfizer/BioNTech",6067778,5934999,12002777
2021-09-25,"Johnson&Johnson, Moderna, Oxford/AstraZeneca, Pfizer/BioNTech",6069024,5936673,12005697
