date,vaccine,people_vaccinated,people_fully_vaccinated,total_vaccinations
2020-12-27,Pfizer/BioNTech,1285,0,1285
2020-12-28,Pfizer/BioNTech,3584,0,3584
2020-12-29,Pfizer/BioNTech,7046,1,7047
2020-12-30,Pfizer/BioNTech,10559,1,10560
2020-12-31,Pfizer/BioNTech,11866,1,11867
2021-01-01,"Moderna, Pfizer/BioNTech",12136,1,12137
2021-01-02,"Moderna, Pfizer/BioNTech",13418,1,13419
2021-01-03,"Moderna, Pfizer/BioNTech",14343,1,14344
2021-01-04,"Moderna, Pfizer/BioNTech",17957,1,17958
2021-01-05,"Moderna, Pfizer/BioNTech",22483,3,22486
2021-01-06,"Moderna, Pfizer/BioNTech",28329,4,28333
2021-01-07,"Moderna, Pfizer/BioNTech",36318,4,36322
2021-01-08,"Moderna, Pfizer/BioNTech",46362,5,46367
2021-01-09,"Moderna, Pfizer/BioNTech",48390,7,48397
2021-01-10,Pfizer/BioNTech,50162,9,50171
2021-01-11,"Moderna, Pfizer/BioNTech",60018,11,60029
2021-01-12,"Moderna, Pfizer/BioNTech",73456,13,73469
2021-01-13,"Moderna, Pfizer/BioNTech",86984,13,86997
2021-01-14,"Moderna, Pfizer/BioNTech",102220,17,102237
2021-01-15,"Moderna, Pfizer/BioNTech",116232,18,116250
2021-01-16,"Moderna, Pfizer/BioNTech",119636,22,119658
2021-01-17,"Moderna, Pfizer/BioNTech",122257,656,122913
2021-01-18,"Moderna, Pfizer/BioNTech",134687,2479,137166
2021-01-19,"Moderna, Pfizer/BioNTech",147223,5200,152423
2021-01-20,"Moderna, Pfizer/BioNTech",160827,7862,168689
2021-01-21,"Moderna, Pfizer/BioNTech",176453,9592,186045
2021-01-22,"Moderna, Pfizer/BioNTech",191340,10634,201974
2021-01-23,"Moderna, Pfizer/BioNTech",194660,11513,206173
2021-01-24,"Moderna, Pfizer/BioNTech",196916,12383,209299
2021-01-25,"Moderna, Pfizer/BioNTech",206567,15358,221925
2021-01-26,"Moderna, Pfizer/BioNTech",217111,19350,236461
2021-01-27,"Moderna, Pfizer/BioNTech",226141,23883,250024
2021-01-28,"Moderna, Pfizer/BioNTech",233239,30007,263246
2021-01-29,"Moderna, Pfizer/BioNTech",239458,37908,277366
2021-01-30,"Moderna, Pfizer/BioNTech",240199,38996,279195
2021-01-31,"Moderna, Pfizer/BioNTech",240917,40178,281095
2021-02-01,"Moderna, Pfizer/BioNTech",244897,48142,293039
2021-02-02,"Moderna, Pfizer/BioNTech",249050,58373,307423
2021-02-03,"Moderna, Pfizer/BioNTech",253474,69384,322858
2021-02-04,"Moderna, Pfizer/BioNTech",258382,82353,340735
2021-02-05,"Moderna, Pfizer/BioNTech",263853,93016,356869
2021-02-06,"Moderna, Oxford/AstraZeneca, Pfizer/BioNTech",264710,95383,360093
2021-02-07,"Moderna, Oxford/AstraZeneca, Pfizer/BioNTech",265561,97882,363443
2021-02-08,"Moderna, Oxford/AstraZeneca, Pfizer/BioNTech",269657,109256,378913
2021-02-09,"Moderna, Oxford/AstraZeneca, Pfizer/BioNTech",274761,121099,395860
2021-02-10,"Moderna, Oxford/AstraZeneca, Pfizer/BioNTech",280277,134281,414558
2021-02-11,"Moderna, Oxford/AstraZeneca, Pfizer/BioNTech",286606,150477,437083
2021-02-12,"Moderna, Oxford/AstraZeneca, Pfizer/BioNTech",293434,165220,458654
2021-02-13,"Moderna, Oxford/AstraZeneca, Pfizer/BioNTech",295048,168209,463257
2021-02-14,"Moderna, Oxford/AstraZeneca, Pfizer/BioNTech",296052,169595,465647
2021-02-15,"Moderna, Oxford/AstraZeneca, Pfizer/BioNTech",302447,178960,481407
2021-02-16,"Moderna, Oxford/AstraZeneca, Pfizer/BioNTech",311167,188040,499207
2021-02-17,"Moderna, Oxford/AstraZeneca, Pfizer/BioNTech",320864,196349,517213
2021-02-18,"Moderna, Oxford/AstraZeneca, Pfizer/BioNTech",333184,204427,537611
2021-02-19,"Moderna, Oxford/AstraZeneca, Pfizer/BioNTech",345038,211802,556840
2021-02-20,"Moderna, Oxford/AstraZeneca, Pfizer/BioNTech",347047,212988,560035
2021-02-21,"Moderna, Oxford/AstraZeneca, Pfizer/BioNTech",348183,214014,562197
2021-02-22,"Moderna, Oxford/AstraZeneca, Pfizer/BioNTech",358300,220045,578345
2021-02-23,"Moderna, Oxford/AstraZeneca, Pfizer/BioNTech",371258,227037,598295
2021-02-24,"Moderna, Oxford/AstraZeneca, Pfizer/BioNTech",385138,233078,618216
2021-02-25,"Moderna, Oxford/AstraZeneca, Pfizer/BioNTech",403118,238627,641745
2021-02-26,"Moderna, Oxford/AstraZeneca, Pfizer/BioNTech",419282,243989,663271
2021-02-27,"Moderna, Oxford/AstraZeneca, Pfizer/BioNTech",422292,244549,666841
2021-02-28,"Moderna, Oxford/AstraZeneca, Pfizer/BioNTech",424650,245101,669751
2021-03-01,"Moderna, Oxford/AstraZeneca, Pfizer/BioNTech",444231,248548,692779
2021-03-02,"Moderna, Oxford/AstraZeneca, Pfizer/BioNTech",471450,252095,723545
2021-03-03,"Moderna, Oxford/AstraZeneca, Pfizer/BioNTech",502406,256605,759011
2021-03-04,"Moderna, Oxford/AstraZeneca, Pfizer/BioNTech",535696,261295,796991
2021-03-05,"Johnson&Johnson, Moderna, Oxford/AstraZeneca, Pfizer/BioNTech",564529,266721,831250
2021-03-06,"Johnson&Johnson, Moderna, Oxford/AstraZeneca, Pfizer/BioNTech",576684,267586,844270
2021-03-07,"Johnson&Johnson, Moderna, Oxford/AstraZeneca, Pfizer/BioNTech",588233,268427,856660
2021-03-08,"Johnson&Johnson, Moderna, Oxford/AstraZeneca, Pfizer/BioNTech",617978,273288,891266
2021-03-09,"Johnson&Johnson, Moderna, Oxford/AstraZeneca, Pfizer/BioNTech",654332,279673,934005
2021-03-10,"Johnson&Johnson, Moderna, Oxford/AstraZeneca, Pfizer/BioNTech",695665,286632,982297
2021-03-11,"Johnson&Johnson, Moderna, Oxford/AstraZeneca, Pfizer/BioNTech",740510,294994,1035504
2021-03-12,"Johnson&Johnson, Moderna, Oxford/AstraZeneca, Pfizer/BioNTech",779274,303487,1082761
2021-03-13,"Johnson&Johnson, Moderna, Oxford/AstraZeneca, Pfizer/BioNTech",796381,304801,1101182
2021-03-14,"Johnson&Johnson, Moderna, Oxford/AstraZeneca, Pfizer/BioNTech",808498,305957,1114455
2021-03-15,"Johnson&Johnson, Moderna, Oxford/AstraZeneca, Pfizer/BioNTech",836883,314735,1151618
2021-03-16,"Johnson&Johnson, Moderna, Oxford/AstraZeneca, Pfizer/BioNTech",875766,325272,1201038
2021-03-17,"Moderna, Oxford/AstraZeneca, Pfizer/BioNTech",913247,335780,1249027
2021-03-18,"Johnson&Johnson, Moderna, Oxford/AstraZeneca, Pfizer/BioNTech",951241,348192,1299433
2021-03-19,"Moderna, Oxford/AstraZeneca, Pfizer/BioNTech",985749,361794,1347543
2021-03-20,"Johnson&Johnson, Moderna, Oxford/AstraZeneca, Pfizer/BioNTech",1000931,363826,1364757
2021-03-21,"Johnson&Johnson, Moderna, Oxford/AstraZeneca, Pfizer/BioNTech",1008372,365386,1373758
2021-03-22,"Johnson&Johnson, Moderna, Oxford/AstraZeneca, Pfizer/BioNTech",1032943,377859,1410802
2021-03-23,"Johnson&Johnson, Moderna, Oxford/AstraZeneca, Pfizer/BioNTech",1059616,391216,1450832
2021-03-24,"Johnson&Johnson, Moderna, Oxford/AstraZeneca, Pfizer/BioNTech",1086498,406960,1493458
2021-03-25,"Johnson&Johnson, Moderna, Oxford/AstraZeneca, Pfizer/BioNTech",1112845,424814,1537659
2021-03-26,"Johnson&Johnson, Moderna, Oxford/AstraZeneca, Pfizer/BioNTech",1137684,442299,1579983
2021-03-27,"Johnson&Johnson, Moderna, Oxford/AstraZeneca, Pfizer/BioNTech",1146139,447144,1593283
2021-03-28,"Moderna, Oxford/AstraZeneca, Pfizer/BioNTech",1151687,451292,1602979
2021-03-29,"Johnson&Johnson, Moderna, Oxford/AstraZeneca, Pfizer/BioNTech",1170836,472026,1642862
2021-03-30,"Johnson&Johnson, Moderna, Oxford/AstraZeneca, Pfizer/BioNTech",1195539,494202,1689741
2021-03-31,"Johnson&Johnson, Moderna, Oxford/AstraZeneca, Pfizer/BioNTech",1218692,521272,1739964
2021-04-01,"Johnson&Johnson, Moderna, Oxford/AstraZeneca, Pfizer/BioNTech",1244370,553327,1797697
2021-04-02,"Johnson&Johnson, Moderna, Oxford/AstraZeneca, Pfizer/BioNTech",1251341,566127,1817468
2021-04-03,"Johnson&Johnson, Moderna, Oxford/AstraZeneca, Pfizer/BioNTech",1254991,577058,1832049
2021-04-04,"Johnson&Johnson, Moderna, Oxford/AstraZeneca, Pfizer/BioNTech",1257531,585982,1843513
2021-04-05,"Johnson&Johnson, Moderna, Oxford/AstraZeneca, Pfizer/BioNTech",1259960,593183,1853143
2021-04-06,"Johnson&Johnson, Moderna, Oxford/AstraZeneca, Pfizer/BioNTech",1276174,622453,1898627
2021-04-07,"Johnson&Johnson, Moderna, Oxford/AstraZeneca, Pfizer/BioNTech",1299665,644690,1944355
2021-04-08,"Johnson&Johnson, Moderna, Oxford/AstraZeneca, Pfizer/BioNTech",1338461,675733,2014194
2021-04-09,"Johnson&Johnson, Moderna, Oxford/AstraZeneca, Pfizer/BioNTech",1378057,705922,2083979
2021-04-10,"Johnson&Johnson, Moderna, Oxford/AstraZeneca, Pfizer/BioNTech",1393620,721232,2114852
2021-04-11,"Johnson&Johnson, Moderna, Oxford/AstraZeneca, Pfizer/BioNTech",1403413,731286,2134699
2021-04-12,"Johnson&Johnson, Moderna, Oxford/AstraZeneca, Pfizer/BioNTech",1441733,756416,2198149
2021-04-13,"Moderna, Oxford/AstraZeneca, Pfizer/BioNTech",1478027,782449,2260476
2021-04-14,"Moderna, Oxford/AstraZeneca, Pfizer/BioNTech",1516904,809817,2326721
2021-04-15,"Moderna, Oxford/AstraZeneca, Pfizer/BioNTech",1564733,835587,2400320
2021-04-16,"Moderna, Oxford/AstraZeneca, Pfizer/BioNTech",1609429,861267,2470696
2021-04-17,"Moderna, Oxford/AstraZeneca, Pfizer/BioNTech",1626151,870293,2496444
2021-04-18,"Moderna, Oxford/AstraZeneca, Pfizer/BioNTech",1639146,875279,2514425
2021-04-19,"Moderna, Oxford/AstraZeneca, Pfizer/BioNTech",1683111,890715,2573826
2021-04-20,"Johnson&Johnson, Moderna, Oxford/AstraZeneca, Pfizer/BioNTech",1725694,906600,2632294
2021-04-21,"Moderna, Oxford/AstraZeneca, Pfizer/BioNTech",1773460,920967,2694427
2021-04-22,"Johnson&Johnson, Moderna, Oxford/AstraZeneca, Pfizer/BioNTech",1827982,938363,2766345
2021-04-23,"Johnson&Johnson, Moderna, Oxford/AstraZeneca, Pfizer/BioNTech",1877989,950428,2828417
2021-04-24,"Johnson&Johnson, Moderna, Oxford/AstraZeneca, Pfizer/BioNTech",1895861,955693,2851554
2021-04-25,"Johnson&Johnson, Moderna, Oxford/AstraZeneca, Pfizer/BioNTech",1910570,959692,2870262
2021-04-26,"Johnson&Johnson, Moderna, Oxford/AstraZeneca, Pfizer/BioNTech",1960167,967257,2927424
2021-04-27,"Johnson&Johnson, Moderna, Oxford/AstraZeneca, Pfizer/BioNTech",2009149,979506,2988655
2021-04-28,"Johnson&Johnson, Moderna, Oxford/AstraZeneca, Pfizer/BioNTech",2067902,993532,3061434
2021-04-29,"Johnson&Johnson, Moderna, Oxford/AstraZeneca, Pfizer/BioNTech",2133500,1009445,3142945
2021-04-30,"Johnson&Johnson, Moderna, Oxford/AstraZeneca, Pfizer/BioNTech",2195787,1019438,3215225
2021-05-01,"Johnson&Johnson, Moderna, Oxford/AstraZeneca, Pfizer/BioNTech",2215172,1022901,3238073
2021-05-02,"Johnson&Johnson, Moderna, Oxford/AstraZeneca, Pfizer/BioNTech",2234118,1025190,3259308
2021-05-03,"Johnson&Johnson, Moderna, Oxford/AstraZeneca, Pfizer/BioNTech",2301386,1030271,3331657
2021-05-04,"Johnson&Johnson, Moderna, Oxford/AstraZeneca, Pfizer/BioNTech",2367926,1038646,3406572
2021-05-05,"Johnson&Johnson, Moderna, Oxford/AstraZeneca, Pfizer/BioNTech",2441125,1048091,3489216
2021-05-06,"Johnson&Johnson, Moderna, Oxford/AstraZeneca, Pfizer/BioNTech",2521552,1058846,3580398
2021-05-07,"Johnson&Johnson, Moderna, Oxford/AstraZeneca, Pfizer/BioNTech",2598864,1068987,3667851
2021-05-08,"Johnson&Johnson, Moderna, Oxford/AstraZeneca, Pfizer/BioNTech",2628387,1070775,3699162
2021-05-09,"Johnson&Johnson, Moderna, Oxford/AstraZeneca, Pfizer/BioNTech",2652619,1071994,3724613
2021-05-10,"Johnson&Johnson, Moderna, Oxford/AstraZeneca, Pfizer/BioNTech",2725401,1079241,3804642
2021-05-11,"Johnson&Johnson, Moderna, Oxford/AstraZeneca, Pfizer/BioNTech",2801527,1088074,3889601
2021-05-12,"Johnson&Johnson, Moderna, Oxford/AstraZeneca, Pfizer/BioNTech",2881454,1097218,3978672
2021-05-13,"Johnson&Johnson, Moderna, Oxford/AstraZeneca, Pfizer/BioNTech",2965484,1106408,4071892
2021-05-14,"Johnson&Johnson, Moderna, Oxford/AstraZeneca, Pfizer/BioNTech",3044981,1114236,4159217
2021-05-15,"Johnson&Johnson, Moderna, Oxford/AstraZeneca, Pfizer/BioNTech",3076935,1116518,4193453
2021-05-16,"Johnson&Johnson, Moderna, Oxford/AstraZeneca, Pfizer/BioNTech",3102738,1117802,4220540
2021-05-17,"Johnson&Johnson, Moderna, Oxford/AstraZeneca, Pfizer/BioNTech",3175264,1124556,4299820
2021-05-18,"Johnson&Johnson, Moderna, Oxford/AstraZeneca, Pfizer/BioNTech",3247234,1137677,4384911
2021-05-19,"Johnson&Johnson, Moderna, Oxford/AstraZeneca, Pfizer/BioNTech",3324712,1152839,4477551
2021-05-20,"Johnson&Johnson, Moderna, Oxford/AstraZeneca, Pfizer/BioNTech",3400172,1179899,4580071
2021-05-21,"Johnson&Johnson, Moderna, Oxford/AstraZeneca, Pfizer/BioNTech",3468981,1207707,4676688
2021-05-22,"Johnson&Johnson, Moderna, Oxford/AstraZeneca, Pfizer/BioNTech",3501429,1218941,4720370
2021-05-23,"Johnson&Johnson, Moderna, Oxford/AstraZeneca, Pfizer/BioNTech",3523874,1227982,4751856
2021-05-24,"Johnson&Johnson, Moderna, Oxford/AstraZeneca, Pfizer/BioNTech",3571059,1261662,4832721
2021-05-25,"Johnson&Johnson, Moderna, Oxford/AstraZeneca, Pfizer/BioNTech",3622933,1297504,4920437
2021-05-26,"Johnson&Johnson, Moderna, Oxford/AstraZeneca, Pfizer/BioNTech",3690676,1335055,5025731
2021-05-27,"Johnson&Johnson, Moderna, Oxford/AstraZeneca, Pfizer/BioNTech",3752074,1382421,5134495
2021-05-28,"Johnson&Johnson, Moderna, Oxford/AstraZeneca, Pfizer/BioNTech",3813807,1429021,5242828
2021-05-29,"Johnson&Johnson, Moderna, Oxford/AstraZeneca, Pfizer/BioNTech",3843061,1446162,5289223
2021-05-30,"Johnson&Johnson, Moderna, Oxford/AstraZeneca, Pfizer/BioNTech",3865463,1460621,5326084
2021-05-31,"Johnson&Johnson, Moderna, Oxford/AstraZeneca, Pfizer/BioNTech",3921189,1508150,5429339
2021-06-01,"Johnson&Johnson, Moderna, Oxford/AstraZeneca, Pfizer/BioNTech",3980259,1557026,5537285
2021-06-02,"Johnson&Johnson, Moderna, Oxford/AstraZeneca, Pfizer/BioNTech",4043200,1611054,5654254
2021-06-03,"Johnson&Johnson, Moderna, Oxford/AstraZeneca, Pfizer/BioNTech",4101421,1671297,5772718
2021-06-04,"Johnson&Johnson, Moderna, Oxford/AstraZeneca, Pfizer/BioNTech",4164521,1728729,5893250
2021-06-05,"Johnson&Johnson, Moderna, Oxford/AstraZeneca, Pfizer/BioNTech",4198703,1747648,5946351
2021-06-06,"Johnson&Johnson, Moderna, Oxford/AstraZeneca, Pfizer/BioNTech",4225657,1762822,5988479
2021-06-07,"Johnson&Johnson, Moderna, Oxford/AstraZeneca, Pfizer/BioNTech",4289339,1818462,6107801
2021-06-08,"Johnson&Johnson, Moderna, Oxford/AstraZeneca, Pfizer/BioNTech",4353334,1873483,6226817
2021-06-09,"Johnson&Johnson, Moderna, Oxford/AstraZeneca, Pfizer/BioNTech",4412538,1938163,6350701
2021-06-10,"Johnson&Johnson, Moderna, Oxford/AstraZeneca, Pfizer/BioNTech",4466377,2009466,6475843
2021-06-11,"Johnson&Johnson, Moderna, Oxford/AstraZeneca, Pfizer/BioNTech",4518483,2079312,6597795
2021-06-12,"Johnson&Johnson, Moderna, Oxford/AstraZeneca, Pfizer/BioNTech",4550491,2100161,6650652
2021-06-13,"Johnson&Johnson, Moderna, Oxford/AstraZeneca, Pfizer/BioNTech",4574532,2118604,6693136
2021-06-14,"Johnson&Johnson, Moderna, Oxford/AstraZeneca, Pfizer/BioNTech",4617603,2193007,6810610
2021-06-15,"Johnson&Johnson, Moderna, Oxford/AstraZeneca, Pfizer/BioNTech",4662269,2265406,6927675
2021-06-16,"Johnson&Johnson, Moderna, Oxford/AstraZeneca, Pfizer/BioNTech",4705071,2343659,7048730
2021-06-17,"Johnson&Johnson, Moderna, Oxford/AstraZeneca, Pfizer/BioNTech",4744493,2426762,7171255
2021-06-18,"Johnson&Johnson, Moderna, Oxford/AstraZeneca, Pfizer/BioNTech",4786925,2507346,7294271
2021-06-19,"Johnson&Johnson, Moderna, Oxford/AstraZeneca, Pfizer/BioNTech",4808711,2536680,7345391
2021-06-20,"Johnson&Johnson, Moderna, Oxford/AstraZeneca, Pfizer/BioNTech",4826113,2560547,7386660
2021-06-21,"Johnson&Johnson, Moderna, Oxford/AstraZeneca, Pfizer/BioNTech",4858607,2639161,7497768
2021-06-22,"Johnson&Johnson, Moderna, Oxford/AstraZeneca, Pfizer/BioNTech",4891566,2721470,7613036
2021-06-23,"Johnson&Johnson, Moderna, Oxford/AstraZeneca, Pfizer/BioNTech",4923279,2806717,7729996
2021-06-24,"Johnson&Johnson, Moderna, Oxford/AstraZeneca, Pfizer/BioNTech",4953131,2896749,7849880
2021-06-25,"Johnson&Johnson, Moderna, Oxford/AstraZeneca, Pfizer/BioNTech",4984210,2982930,7967140
2021-06-26,"Johnson&Johnson, Moderna, Oxford/AstraZeneca, Pfizer/BioNTech",5000107,3017812,8017919
2021-06-27,"Johnson&Johnson, Moderna, Oxford/AstraZeneca, Pfizer/BioNTech",5014068,3044522,8058590
2021-06-28,"Johnson&Johnson, Moderna, Oxford/AstraZeneca, Pfizer/BioNTech",5042477,3129707,8172184
2021-06-29,"Johnson&Johnson, Moderna, Oxford/AstraZeneca, Pfizer/BioNTech",5071751,3216204,8287955
2021-06-30,"Johnson&Johnson, Moderna, Oxford/AstraZeneca, Pfizer/BioNTech",5099247,3307230,8406477
2021-07-01,"Johnson&Johnson, Moderna, Oxford/AstraZeneca, Pfizer/BioNTech",5123221,3397300,8520521
2021-07-02,"Johnson&Johnson, Moderna, Oxford/AstraZeneca, Pfizer/BioNTech",5149959,3483211,8633170
2021-07-03,"Johnson&Johnson, Moderna, Oxford/AstraZeneca, Pfizer/BioNTech",5157061,3514774,8671835
2021-07-04,"Johnson&Johnson, Moderna, Oxford/AstraZeneca, Pfizer/BioNTech",5164646,3536592,8701238
2021-07-05,"Johnson&Johnson, Moderna, Oxford/AstraZeneca, Pfizer/BioNTech",5172056,3562002,8734058
2021-07-06,"Johnson&Johnson, Moderna, Oxford/AstraZeneca, Pfizer/BioNTech",5177519,3589715,8767234
2021-07-07,"Johnson&Johnson, Moderna, Oxford/AstraZeneca, Pfizer/BioNTech",5203332,3668687,8872019
2021-07-08,"Johnson&Johnson, Moderna, Oxford/AstraZeneca, Pfizer/BioNTech",5229936,3739019,8968955
2021-07-09,"Johnson&Johnson, Moderna, Oxford/AstraZeneca, Pfizer/BioNTech",5257871,3808334,9066205
2021-07-10,"Johnson&Johnson, Moderna, Oxford/AstraZeneca, Pfizer/BioNTech",5267244,3837002,9104246
2021-07-11,"Johnson&Johnson, Moderna, Oxford/AstraZeneca, Pfizer/BioNTech",5275791,3859887,9135678
2021-07-12,"Johnson&Johnson, Moderna, Oxford/AstraZeneca, Pfizer/BioNTech",5303314,3928941,9232255
2021-07-13,"Johnson&Johnson, Moderna, Oxford/AstraZeneca, Pfizer/BioNTech",5329514,3998801,9328315
2021-07-14,"Johnson&Johnson, Moderna, Oxford/AstraZeneca, Pfizer/BioNTech",5355335,4070797,9426132
2021-07-15,"Johnson&Johnson, Moderna, Oxford/AstraZeneca, Pfizer/BioNTech",5384517,4136792,9521309
2021-07-16,"Johnson&Johnson, Moderna, Oxford/AstraZeneca, Pfizer/BioNTech",5412432,4209516,9621948
2021-07-17,"Johnson&Johnson, Moderna, Oxford/AstraZeneca, Pfizer/BioNTech",5421229,4240991,9662220
2021-07-18,"Johnson&Johnson, Moderna, Oxford/AstraZeneca, Pfizer/BioNTech",5429672,4266996,9696668
2021-07-19,"Johnson&Johnson, Moderna, Oxford/AstraZeneca, Pfizer/BioNTech",5453040,4334018,9787058
2021-07-20,"Johnson&Johnson, Moderna, Oxford/AstraZeneca, Pfizer/BioNTech",5474437,4401073,9875510
2021-07-21,"Johnson&Johnson, Moderna, Oxford/AstraZeneca, Pfizer/BioNTech",5497883,4464503,9962386
2021-07-22,"Johnson&Johnson, Moderna, Oxford/AstraZeneca, Pfizer/BioNTech",5520249,4523113,10043362
2021-07-23,"Johnson&Johnson, Moderna, Oxford/AstraZeneca, Pfizer/BioNTech",5543463,4577848,10121311
2021-07-24,"Johnson&Johnson, Moderna, Oxford/AstraZeneca, Pfizer/BioNTech",5550807,4605521,10156328
2021-07-25,"Johnson&Johnson, Moderna, Oxford/AstraZeneca, Pfizer/BioNTech",5557438,4627658,10185096
2021-07-26,"Johnson&Johnson, Moderna, Oxford/AstraZeneca, Pfizer/BioNTech",5580980,4676334,10257314
2021-07-27,"Johnson&Johnson, Moderna, Oxford/AstraZeneca, Pfizer/BioNTech",5603719,4722977,10326696
2021-07-28,"Johnson&Johnson, Moderna, Oxford/AstraZeneca, Pfizer/BioNTech",5624990,4768980,10393970
2021-07-29,"Johnson&Johnson, Moderna, Oxford/AstraZeneca, Pfizer/BioNTech",5646314,4810953,10457267
2021-07-30,"Johnson&Johnson, Moderna, Oxford/AstraZeneca, Pfizer/BioNTech",5669590,4853523,10523113
2021-07-31,"Johnson&Johnson, Moderna, Oxford/AstraZeneca, Pfizer/BioNTech",5678531,4873060,10551591
2021-08-01,"Johnson&Johnson, Moderna, Oxford/AstraZeneca, Pfizer/BioNTech",5685259,4889241,10574500
2021-08-02,"Johnson&Johnson, Moderna, Oxford/AstraZeneca, Pfizer/BioNTech",5703896,4926790,10630686
2021-08-03,"Johnson&Johnson, Moderna, Oxford/AstraZeneca, Pfizer/BioNTech",5721542,4964895,10686437
2021-08-04,"Johnson&Johnson, Moderna, Oxford/AstraZeneca, Pfizer/BioNTech",5737659,5001666,10739325
2021-08-05,"Johnson&Johnson, Moderna, Oxford/AstraZeneca, Pfizer/BioNTech",5753694,5042154,10795848
2021-08-06,"Johnson&Johnson, Moderna, Oxford/AstraZeneca, Pfizer/BioNTech",5770485,5085440,10855925
2021-08-07,"Johnson&Johnson, Moderna, Oxford/AstraZeneca, Pfizer/BioNTech",5776086,5103620,10879706
2021-08-08,"Johnson&Johnson, Moderna, Oxford/AstraZeneca, Pfizer/BioNTech",5780451,5119380,10899831
2021-08-09,"Johnson&Johnson, Moderna, Oxford/AstraZeneca, Pfizer/BioNTech",5793089,5164441,10957530
2021-08-10,"Johnson&Johnson, Moderna, Oxford/AstraZeneca, Pfizer/BioNTech",5804932,5204010,11008942
2021-08-11,"Johnson&Johnson, Moderna, Oxford/AstraZeneca, Pfizer/BioNTech",5816285,5247134,11063419
2021-08-12,"Johnson&Johnson, Moderna, Oxford/AstraZeneca, Pfizer/BioNTech",5827709,5284270,11111979
2021-08-13,"Johnson&Johnson, Moderna, Oxford/AstraZeneca, Pfizer/BioNTech",5838431,5324606,11163037
2021-08-14,"Johnson&Johnson, Moderna, Oxford/AstraZeneca, Pfizer/BioNTech",5841767,5335319,11177086
2021-08-15,"Johnson&Johnson, Moderna, Oxford/AstraZeneca, Pfizer/BioNTech",5844352,5345705,11190057
2021-08-16,"Johnson&Johnson, Moderna, Oxford/AstraZeneca, Pfizer/BioNTech",5854137,5379768,11233905
2021-08-17,"Johnson&Johnson, Moderna, Oxford/AstraZeneca, Pfizer/BioNTech",5863730,5406862,11270592
2021-08-18,"Johnson&Johnson, Moderna, Oxford/AstraZeneca, Pfizer/BioNTech",5873107,5445735,11318842
2021-08-19,"Johnson&Johnson, Moderna, Oxford/AstraZeneca, Pfizer/BioNTech",5882780,5484080,11366860
2021-08-20,"Johnson&Johnson, Moderna, Oxford/AstraZeneca, Pfizer/BioNTech",5894164,5524252,11418416
2021-08-21,"Johnson&Johnson, Moderna, Oxford/AstraZeneca, Pfizer/BioNTech",5896887,5537017,11433904
2021-08-22,"Johnson&Johnson, Moderna, Oxford/AstraZeneca, Pfizer/BioNTech",5899233,5548984,11448217
2021-08-23,"Johnson&Johnson, Moderna, Oxford/AstraZeneca, Pfizer/BioNTech",5909760,5588247,11498007
2021-08-24,"Johnson&Johnson, Moderna, Oxford/AstraZeneca, Pfizer/BioNTech",5919634,5621493,11541127
2021-08-25,"Johnson&Johnson, Moderna, Oxford/AstraZeneca, Pfizer/BioNTech",5928500,5649866,11578366
2021-08-26,"Johnson&Johnson, Moderna, Oxford/AstraZeneca, Pfizer/BioNTech",5936950,5675991,11612941
2021-08-27,"Johnson&Johnson, Moderna, Oxford/AstraZeneca, Pfizer/BioNTech",5947277,5701960,11649237
2021-08-28,"Johnson&Johnson, Moderna, Oxford/AstraZeneca, Pfizer/BioNTech",5950009,5709014,11659023
2021-08-29,"Johnson&Johnson, Moderna, Oxford/AstraZeneca, Pfizer/BioNTech",5952422,5715632,11668054
2021-08-30,"Johnson&Johnson, Moderna, Oxford/AstraZeneca, Pfizer/BioNTech",5960949,5737503,11698452
2021-08-31,"Johnson&Johnson, Moderna, Oxford/AstraZeneca, Pfizer/BioNTech",5968628,5755603,11724231
2021-09-01,"Johnson&Johnson, Moderna, Oxford/AstraZeneca, Pfizer/BioNTech",5974524,5769612,11744136
2021-09-02,"Johnson&Johnson, Moderna, Oxford/AstraZeneca, Pfizer/BioNTech",5981361,5783993,11765354
2021-09-03,"Johnson&Johnson, Moderna, Oxford/AstraZeneca, Pfizer/BioNTech",5990922,5799713,11790635
2021-09-04,"Johnson&Johnson, Moderna, Oxford/AstraZeneca, Pfizer/BioNTech",5992990,5803268,11796258
2021-09-05,"Johnson&Johnson, Moderna, Oxford/AstraZeneca, Pfizer/BioNTech",5995029,5806114,11801143
2021-09-06,"Johnson&Johnson, Moderna, Oxford/AstraZeneca, Pfizer/BioNTech",6001265,5818645,11819910
2021-09-07,"Johnson&Johnson, Moderna, Oxford/AstraZeneca, Pfizer/BioNTech",6005659,5829722,11835381
2021-09-08,"Johnson&Johnson, Moderna, Oxford/AstraZeneca, Pfizer/BioNTech",6011335,5839579,11850914
2021-09-09,"Johnson&Johnson, Moderna, Oxford/AstraZeneca, Pfizer/BioNTech",6018032,5849645,11867677
2021-09-10,"Johnson&Johnson, Moderna, Oxford/AstraZeneca, Pfizer/BioNTech",6025724,5861815,11887539
2021-09-11,"Johnson&Johnson, Moderna, Oxford/AstraZeneca, Pfizer/BioNTech",6027588,5864296,11891884
2021-09-12,"Johnson&Johnson, Moderna, Oxford/AstraZeneca, Pfizer/BioNTech",6028706,5865928,11894634
2021-09-13,"Johnson&Johnson, Moderna, Oxford/AstraZeneca, Pfizer/BioNTech",6034135,5876227,11910362
2021-09-14,"Johnson&Johnson, Moderna, Oxford/AstraZeneca, Pfizer/BioNTech",6039532,5885244,11924776
2021-09-15,"Johnson&Johnson, Moderna, Oxford/AstraZeneca, Pfizer/BioNTech",6044732,5893770,11938502
2021-09-16,"Johnson&Johnson, Moderna, Oxford/AstraZeneca, Pfizer/BioNTech",6050079,5902044,11952123
2021-09-17,"Johnson&Johnson, Moderna, Oxford/AstraZeneca, Pfizer/BioNTech",6056646,5912274,11968920
2021-09-18,"Johnson&Johnson, Moderna, Oxford/AstraZeneca, Pfizer/BioNTech",6058373,5914632,11973005
2021-09-19,"Johnson&Johnson, Moderna, Oxford/AstraZeneca, Pfizer/BioNTech",6059320,5916200,11975520
2021-09-20,"Johnson&Johnson, Moderna, Oxford/AstraZeneca, Pfizer/BioNTech",6063336,5924396,11987732
2021-09-21,"Johnson&Johnson, Moderna, Oxford/AstraZeneca, Pfizer/BioNTech",6067570,5931927,11999497
2021-09-22,"Johnson&Johnson, Moderna, Oxford/AstraZeneca, Pfizer/BioNTech",6071759,5937438,12009197
2021-09-23,"Johnson&Johnson, Moderna, Oxford/AstraZeneca, Pfizer/BioNTech",6076731,5943841,12020572
2021-09-24,"Johnson&Johnson, Moderna, Oxford/AstraZeneca, Pfizer/BioNTech",6082490,5953460,12035950
2021-09-25,"Johnson&Johnson, Moderna, Oxford/AstraZeneca, Pfizer/BioNTech",6083985,5955459,12039444
2021-09-26,"Johnson&Johnson, Moderna, Oxford/AstraZeneca, Pfizer/BioNTech",6084729,5957096,12041825
2021-09-27,"Johnson&Johnson, Moderna, Oxford/AstraZeneca, Pfizer/BioNTech",6088608,5963605,12052213
2021-09-28,"Johnson&Johnson, Moderna, Pfizer/BioNTech",6088974,5964229,12053203
2021-09-29,"Johnson&Johnson, Moderna, Oxford/AstraZeneca, Pfizer/BioNTech",6092751,5971688,12064439
2021-09-30,"Johnson&Johnson, Moderna, Oxford/AstraZeneca, Pfizer/BioNTech",6097257,5979383,12076640
2021-10-01,"Johnson&Johnson, Moderna, Oxford/AstraZeneca, Pfizer/BioNTech",6101561,5987361,12088922
2021-10-02,"Johnson&Johnson, Moderna, Oxford/AstraZeneca, Pfizer/BioNTech",6102624,5988901,12091525
2021-10-03,"Johnson&Johnson, Moderna, Oxford/AstraZeneca, Pfizer/BioNTech",6103349,5989770,12093119
2021-10-04,"Johnson&Johnson, Moderna, Oxford/AstraZeneca, Pfizer/BioNTech",6106426,5995337,12101763
2021-10-05,"Johnson&Johnson, Moderna, Oxford/AstraZeneca, Pfizer/BioNTech",6109588,6000421,12110009
2021-10-06,"Johnson&Johnson, Moderna, Oxford/AstraZeneca, Pfizer/BioNTech",6113106,6005590,12118696
2021-10-07,"Johnson&Johnson, Moderna, Oxford/AstraZeneca, Pfizer/BioNTech",6116387,6010848,12127235
2021-10-08,"Johnson&Johnson, Moderna, Oxford/AstraZeneca, Pfizer/BioNTech",6121181,6017485,12138666
2021-10-09,"Johnson&Johnson, Moderna, Oxford/AstraZeneca, Pfizer/BioNTech",6122425,6019143,12141568
2021-10-10,"Johnson&Johnson, Moderna, Oxford/AstraZeneca, Pfizer/BioNTech",6123368,6019974,12143342
2021-10-11,"Johnson&Johnson, Moderna, Oxford/AstraZeneca, Pfizer/BioNTech",6126299,6024387,12150686
2021-10-12,"Johnson&Johnson, Moderna, Oxford/AstraZeneca, Pfizer/BioNTech",6129229,6028390,12157619
2021-10-13,"Johnson&Johnson, Moderna, Oxford/AstraZeneca, Pfizer/BioNTech",6132760,6032574,12165334
2021-10-14,"Johnson&Johnson, Moderna, Oxford/AstraZeneca, Pfizer/BioNTech",6136434,6037522,12173956
2021-10-15,"Johnson&Johnson, Moderna, Oxford/AstraZeneca, Pfizer/BioNTech",6141664,6043666,12185330
2021-10-16,"Johnson&Johnson, Moderna, Oxford/AstraZeneca, Pfizer/BioNTech",6143079,6045192,12188271
2021-10-17,"Johnson&Johnson, Moderna, Pfizer/BioNTech",6144406,6046245,12190651
2021-10-18,"Johnson&Johnson, Moderna, Oxford/AstraZeneca, Pfizer/BioNTech",6148523,6050340,12198863
2021-10-19,"Johnson&Johnson, Moderna, Oxford/AstraZeneca, Pfizer/BioNTech",6152101,6052436,12204537
2021-10-20,"Johnson&Johnson, Moderna, Oxford/AstraZeneca, Pfizer/BioNTech",6156980,6056882,12213862
2021-10-21,"Johnson&Johnson, Moderna, Oxford/AstraZeneca, Pfizer/BioNTech",6164747,6062482,12227229
2021-10-22,"Johnson&Johnson, Moderna, Oxford/AstraZeneca, Pfizer/BioNTech",6175201,6068984,12244185
2021-10-23,"Johnson&Johnson, Moderna, Oxford/AstraZeneca, Pfizer/BioNTech",6178876,6071190,12250066
2021-10-24,"Johnson&Johnson, Moderna, Oxford/AstraZeneca, Pfizer/BioNTech",6181557,6072968,12254525
2021-10-25,"Johnson&Johnson, Moderna, Oxford/AstraZeneca, Pfizer/BioNTech",6192053,6078772,12270825
2021-10-26,"Johnson&Johnson, Moderna, Oxford/AstraZeneca, Pfizer/BioNTech",6204046,6085319,12289365
2021-10-27,"Johnson&Johnson, Moderna, Oxford/AstraZeneca, Pfizer/BioNTech",6218655,6092720,12311375
2021-10-28,"Johnson&Johnson, Moderna, Oxford/AstraZeneca, Pfizer/BioNTech",6222077,6094403,12316480
2021-10-29,"Johnson&Johnson, Moderna, Oxford/AstraZeneca, Pfizer/BioNTech",6236513,6102385,12338898
2021-10-30,"Johnson&Johnson, Moderna, Oxford/AstraZeneca, Pfizer/BioNTech",6241042,6105309,12346351
2021-10-31,"Johnson&Johnson, Moderna, Oxford/AstraZeneca, Pfizer/BioNTech",6244804,6107780,12352584
2021-11-01,"Johnson&Johnson, Moderna, Oxford/AstraZeneca, Pfizer/BioNTech",6260003,6115471,12375474
2021-11-02,"Johnson&Johnson, Moderna, Oxford/AstraZeneca, Pfizer/BioNTech",6275453,6123027,12398480
2021-11-03,"Johnson&Johnson, Moderna, Oxford/AstraZeneca, Pfizer/BioNTech",6292634,6130322,12422956
2021-11-04,"Johnson&Johnson, Moderna, Oxford/AstraZeneca, Pfizer/BioNTech",6310988,6138489,12449477
2021-11-05,"Johnson&Johnson, Moderna, Oxford/AstraZeneca, Pfizer/BioNTech",6333782,6149765,12483547
2021-11-06,"Johnson&Johnson, Moderna, Oxford/AstraZeneca, Pfizer/BioNTech",6340293,6152817,12493110
2021-11-07,"Johnson&Johnson, Moderna, Oxford/AstraZeneca, Pfizer/BioNTech",6344314,6155253,12499567
2021-11-08,"Johnson&Johnson, Moderna, Oxford/AstraZeneca, Pfizer/BioNTech",6360584,6162885,12523469
2021-11-09,"Johnson&Johnson, Moderna, Oxford/AstraZeneca, Pfizer/BioNTech",6375392,6170178,12545570
2021-11-10,"Johnson&Johnson, Moderna, Oxford/AstraZeneca, Pfizer/BioNTech",6391135,6177556,12568691
2021-11-11,"Johnson&Johnson, Moderna, Oxford/AstraZeneca, Pfizer/BioNTech",6406605,6186658,12593263
2021-11-12,"Johnson&Johnson, Moderna, Oxford/AstraZeneca, Pfizer/BioNTech",6426416,6199457,12625873
2021-11-13,"Johnson&Johnson, Moderna, Oxford/AstraZeneca, Pfizer/BioNTech",6431808,6203328,12635136
2021-11-14,"Johnson&Johnson, Moderna, Oxford/AstraZeneca, Pfizer/BioNTech",6435699,6206330,12642029
2021-11-15,"Johnson&Johnson, Moderna, Oxford/AstraZeneca, Pfizer/BioNTech",6450773,6217021,12667794
2021-11-16,"Johnson&Johnson, Moderna, Oxford/AstraZeneca, Pfizer/BioNTech",6468313,6229001,12697314
2021-11-17,"Johnson&Johnson, Moderna, Oxford/AstraZeneca, Pfizer/BioNTech",6472555,6232564,12705119
2021-11-18,"Johnson&Johnson, Moderna, Oxford/AstraZeneca, Pfizer/BioNTech",6491973,6244249,12736222
2021-11-19,"Johnson&Johnson, Moderna, Oxford/AstraZeneca, Pfizer/BioNTech",6516585,6261226,12777811
2021-11-20,"Johnson&Johnson, Moderna, Oxford/AstraZeneca, Pfizer/BioNTech",6525161,6266205,12791366
2021-11-21,"Johnson&Johnson, Moderna, Pfizer/BioNTech",6531932,6269976,12801908
2021-11-22,"Johnson&Johnson, Moderna, Oxford/AstraZeneca, Pfizer/BioNTech",6550446,6284086,12834532
2021-11-23,"Johnson&Johnson, Moderna, Oxford/AstraZeneca, Pfizer/BioNTech",6569507,6297344,12866851
2021-11-24,"Johnson&Johnson, Moderna, Oxford/AstraZeneca, Pfizer/BioNTech",6588521,6313190,12901711
2021-11-25,"Johnson&Johnson, Moderna, Oxford/AstraZeneca, Pfizer/BioNTech",6607669,6328219,12935888
2021-11-26,"Johnson&Johnson, Moderna, Oxford/AstraZeneca, Pfizer/BioNTech",6629324,6347360,12976684
2021-11-27,"Johnson&Johnson, Moderna, Oxford/AstraZeneca, Pfizer/BioNTech",6636797,6352915,12989712
2021-11-28,"Johnson&Johnson, Moderna, Oxford/AstraZeneca, Pfizer/BioNTech",6640133,6356049,12996182
2021-11-29,"Johnson&Johnson, Moderna, Oxford/AstraZeneca, Pfizer/BioNTech",6655339,6369704,13025043
2021-11-30,"Johnson&Johnson, Moderna, Oxford/AstraZeneca, Pfizer/BioNTech",6668538,6380935,13049473
2021-12-01,"Johnson&Johnson, Moderna, Oxford/AstraZeneca, Pfizer/BioNTech",6682564,6393390,13075954
2021-12-02,"Johnson&Johnson, Moderna, Oxford/AstraZeneca, Pfizer/BioNTech",6693199,6405881,13099080
2021-12-03,"Johnson&Johnson, Moderna, Oxford/AstraZeneca, Pfizer/BioNTech",6702840,6421454,13124294
2021-12-04,"Johnson&Johnson, Moderna, Pfizer/BioNTech",6705399,6425403,13130802
2021-12-05,"Johnson&Johnson, Moderna, Oxford/AstraZeneca, Pfizer/BioNTech",6706759,6427743,13134502
2021-12-06,"Johnson&Johnson, Moderna, Oxford/AstraZeneca, Pfizer/BioNTech",6714905,6439266,13154171
2021-12-07,"Johnson&Johnson, Moderna, Oxford/AstraZeneca, Pfizer/BioNTech",6722795,6451278,13174073
2021-12-08,"Johnson&Johnson, Moderna, Oxford/AstraZeneca, Pfizer/BioNTech",6731032,6457208,13188240
2021-12-09,"Johnson&Johnson, Moderna, Oxford/AstraZeneca, Pfizer/BioNTech",6738150,6470028,13208178
2021-12-10,"Johnson&Johnson, Moderna, Oxford/AstraZeneca, Pfizer/BioNTech",6745083,6487831,13232914
2021-12-11,"Johnson&Johnson, Moderna, Pfizer/BioNTech",6746740,6493102,13239842
2021-12-12,"Johnson&Johnson, Moderna, Oxford/AstraZeneca, Pfizer/BioNTech",6748049,6497535,13245584
2021-12-13,"Johnson&Johnson, Moderna, Oxford/AstraZeneca, Pfizer/BioNTech",6754398,6510844,13265242
2021-12-14,"Johnson&Johnson, Moderna, Oxford/AstraZeneca, Pfizer/BioNTech",6760609,6524511,13285120
2021-12-15,"Johnson&Johnson, Moderna, Oxford/AstraZeneca, Pfizer/BioNTech",6766810,6538112,13304922
2021-12-16,"Johnson&Johnson, Moderna, Oxford/AstraZeneca, Pfizer/BioNTech",6773746,6552945,13326691
2021-12-17,"Johnson&Johnson, Moderna, Oxford/AstraZeneca, Pfizer/BioNTech",6782112,6570205,13352317
2021-12-18,"Johnson&Johnson, Moderna, Oxford/AstraZeneca, Pfizer/BioNTech",6784721,6575655,13360376
2021-12-19,"Johnson&Johnson, Moderna, Pfizer/BioNTech",6786492,6578158,13364650
2021-12-20,"Johnson&Johnson, Moderna, Oxford/AstraZeneca, Pfizer/BioNTech",6792333,6592224,13384557
2021-12-21,"Johnson&Johnson, Moderna, Oxford/AstraZeneca, Pfizer/BioNTech",6798993,6604212,13403205
2021-12-22,"Johnson&Johnson, Moderna, Oxford/AstraZeneca, Pfizer/BioNTech",6804035,6617266,13421301
2021-12-23,"Johnson&Johnson, Moderna, Oxford/AstraZeneca, Pfizer/BioNTech",6806903,6622868,13429771
2021-12-24,"Johnson&Johnson, Moderna, Oxford/AstraZeneca, Pfizer/BioNTech",6806949,6622968,13429917
2021-12-25,"Moderna, Pfizer/BioNTech",6806950,6622976,13429926
2021-12-26,"Moderna, Pfizer/BioNTech",6807051,6623177,13430228
2021-12-27,"Johnson&Johnson, Moderna, Pfizer/BioNTech",6810912,6632919,13443831
2021-12-28,"Johnson&Johnson, Moderna, Oxford/AstraZeneca, Pfizer/BioNTech",6816150,6640910,13457060
2021-12-29,"Johnson&Johnson, Moderna, Oxford/AstraZeneca, Pfizer/BioNTech",6820430,6648622,13469052
2021-12-30,"Johnson&Johnson, Moderna, Pfizer/BioNTech",6824730,6654053,13478783
2021-12-31,"Johnson&Johnson, Moderna, Pfizer/BioNTech",6825236,6655476,13480712
2022-01-01,"Johnson&Johnson, Moderna, Pfizer/BioNTech",6825241,6655494,13480735
2022-01-02,"Johnson&Johnson, Moderna, Pfizer/BioNTech",6826095,6656872,13482967
2022-01-03,"Johnson&Johnson, Moderna, Oxford/AstraZeneca, Pfizer/BioNTech",6830229,6665768,13495997
2022-01-04,"Johnson&Johnson, Moderna, Oxford/AstraZeneca, Pfizer/BioNTech",6835319,6673518,13508837
2022-01-05,"Johnson&Johnson, Moderna, Oxford/AstraZeneca, Pfizer/BioNTech",6841127,6681475,13522602
2022-01-06,"Johnson&Johnson, Moderna, Oxford/AstraZeneca, Pfizer/BioNTech",6847709,6689878,13537587
2022-01-07,"Johnson&Johnson, Moderna, Oxford/AstraZeneca, Pfizer/BioNTech",6855577,6700223,13555800
2022-01-08,"Johnson&Johnson, Moderna, Oxford/AstraZeneca, Pfizer/BioNTech",6858057,6703004,13561061
2022-01-09,"Johnson&Johnson, Moderna, Pfizer/BioNTech",6859136,6704695,13563831
2022-01-10,"Johnson&Johnson, Moderna, Oxford/AstraZeneca, Pfizer/BioNTech",6863630,6710880,13574510
2022-01-11,"Johnson&Johnson, Moderna, Oxford/AstraZeneca, Pfizer/BioNTech",6869066,6717631,13586697
2022-01-12,"Johnson&Johnson, Moderna, Oxford/AstraZeneca, Pfizer/BioNTech",6875020,6723271,13598291
2022-01-13,"Johnson&Johnson, Moderna, Oxford/AstraZeneca, Pfizer/BioNTech",6880914,6728040,13608954
2022-01-14,"Johnson&Johnson, Moderna, Oxford/AstraZeneca, Pfizer/BioNTech",6887212,6731670,13618882
2022-01-15,"Johnson&Johnson, Moderna, Oxford/AstraZeneca, Pfizer/BioNTech",6888489,6732324,13620813
2022-01-16,"Johnson&Johnson, Moderna, Oxford/AstraZeneca, Pfizer/BioNTech",6889177,6732762,13621939
2022-01-17,"Johnson&Johnson, Moderna, Oxford/AstraZeneca, Pfizer/BioNTech",6892716,6736712,13629428
2022-01-18,"Johnson&Johnson, Moderna, Oxford/AstraZeneca, Pfizer/BioNTech",6896570,6741662,13638232
2022-01-19,"Johnson&Johnson, Moderna, Oxford/AstraZeneca, Pfizer/BioNTech",6900636,6745599,13646235
2022-01-20,"Johnson&Johnson, Moderna, Oxford/AstraZeneca, Pfizer/BioNTech",6904223,6750037,13654260
2022-01-21,"Johnson&Johnson, Moderna, Oxford/AstraZeneca, Pfizer/BioNTech",6908217,6752564,13660781
2022-01-22,"Johnson&Johnson, Moderna, Pfizer/BioNTech",6908996,6753001,13661997
2022-01-23,"Johnson&Johnson, Moderna, Pfizer/BioNTech",6909557,6753636,13663193
2022-01-24,"Johnson&Johnson, Moderna, Oxford/AstraZeneca, Pfizer/BioNTech",6911810,6757071,13668881
2022-01-25,"Johnson&Johnson, Moderna, Oxford/AstraZeneca, Pfizer/BioNTech",6914166,6761057,13675223
2022-01-26,"Johnson&Johnson, Moderna, Oxford/AstraZeneca, Pfizer/BioNTech",6916547,6765619,13682166
2022-01-27,"Johnson&Johnson, Moderna, Oxford/AstraZeneca, Pfizer/BioNTech",6918876,6770425,13689301
2022-01-28,"Johnson&Johnson, Moderna, Oxford/AstraZeneca, Pfizer/BioNTech",6921788,6776568,13698356
2022-01-29,"Johnson&Johnson, Moderna, Pfizer/BioNTech",6922389,6778214,13700603
2022-01-30,"Johnson&Johnson, Moderna, Pfizer/BioNTech",6922616,6778988,13701604
2022-01-31,"Johnson&Johnson, Moderna, Pfizer/BioNTech",6924141,6782904,13707045
2022-02-01,"Johnson&Johnson, Moderna, Pfizer/BioNTech",6925721,6786924,13712645
2022-02-02,"Johnson&Johnson, Moderna, Pfizer/BioNTech",6927289,6791417,13718706
2022-02-03,"Johnson&Johnson, Moderna, Pfizer/BioNTech",6928665,6795900,13724565
2022-02-04,"Johnson&Johnson, Moderna, Pfizer/BioNTech",6930268,6801004,13731272
2022-02-05,"Johnson&Johnson, Moderna, Pfizer/BioNTech",6930450,6801613,13732063
2022-02-06,"Johnson&Johnson, Moderna, Pfizer/BioNTech",6930544,6801932,13732476
2022-02-07,"Johnson&Johnson, Moderna, Pfizer/BioNTech",6931240,6805127,13736367
2022-02-08,"Johnson&Johnson, Moderna, Pfizer/BioNTech",6932017,6808302,13740319
2022-02-09,"Johnson&Johnson, Moderna, Pfizer/BioNTech",6932828,6811663,13744491
2022-02-10,"Johnson&Johnson, Moderna, Pfizer/BioNTech",6933607,6814762,13748369
2022-02-11,"Johnson&Johnson, Moderna, Pfizer/BioNTech",6934532,6818660,13753192
2022-02-12,"Johnson&Johnson, Moderna, Pfizer/BioNTech",6934642,6819076,13753718
2022-02-13,"Johnson&Johnson, Moderna, Pfizer/BioNTech",6934680,6819513,13754193
2022-02-14,"Johnson&Johnson, Moderna, Pfizer/BioNTech",6935121,6821598,13756719
2022-02-15,"Johnson&Johnson, Moderna, Pfizer/BioNTech",6935663,6823777,13759440
2022-02-16,"Johnson&Johnson, Moderna, Pfizer/BioNTech",6936237,6825834,13762071
2022-02-17,"Johnson&Johnson, Moderna, Pfizer/BioNTech",6936803,6828067,13764870
