date,vaccine,people_vaccinated,people_fully_vaccinated,total_vaccinations
2020-12-27,Pfizer/BioNTech,1272,0,1272
2020-12-28,Pfizer/BioNTech,3572,0,3572
2020-12-29,Pfizer/BioNTech,7027,0,7027
2020-12-30,Pfizer/BioNTech,10520,0,10520
2020-12-31,Pfizer/BioNTech,11821,0,11821
2021-01-01,"Moderna, Pfizer/BioNTech",12087,0,12087
2021-01-02,Pfizer/BioNTech,13360,0,13360
2021-01-03,Pfizer/BioNTech,14281,0,14281
2021-01-04,"Moderna, Pfizer/BioNTech",17879,0,17879
2021-01-05,"Moderna, Pfizer/BioNTech",22386,0,22386
2021-01-06,Pfizer/BioNTech,28233,0,28233
2021-01-07,"Moderna, Pfizer/BioNTech",36209,0,36209
2021-01-08,Pfizer/BioNTech,46205,0,46205
2021-01-09,"Moderna, Pfizer/BioNTech",48225,0,48225
2021-01-10,Pfizer/BioNTech,49982,2,49984
2021-01-11,Pfizer/BioNTech,59805,4,59809
2021-01-12,Pfizer/BioNTech,73213,6,73219
2021-01-13,Pfizer/BioNTech,86724,6,86730
2021-01-14,"Moderna, Pfizer/BioNTech",101917,8,101925
2021-01-15,"Moderna, Pfizer/BioNTech",115895,8,115903
2021-01-16,"Moderna, Pfizer/BioNTech",119272,10,119282
2021-01-17,"Moderna, Pfizer/BioNTech",121876,651,122527
2021-01-18,"Moderna, Pfizer/BioNTech",134351,2472,136823
2021-01-19,"Moderna, Pfizer/BioNTech",146910,5186,152096
2021-01-20,"Moderna, Pfizer/BioNTech",160553,7832,168385
2021-01-21,"Moderna, Pfizer/BioNTech",176169,9568,185737
2021-01-22,"Moderna, Pfizer/BioNTech",191012,10611,201623
2021-01-23,"Moderna, Pfizer/BioNTech",194311,11482,205793
2021-01-24,"Moderna, Pfizer/BioNTech",196559,12351,208910
2021-01-25,"Moderna, Pfizer/BioNTech",206184,15322,221506
2021-01-26,"Moderna, Pfizer/BioNTech",216715,19293,236008
2021-01-27,"Moderna, Pfizer/BioNTech",225732,23812,249544
2021-01-28,"Moderna, Pfizer/BioNTech",232807,29931,262738
2021-01-29,"Moderna, Pfizer/BioNTech",239002,37811,276813
2021-01-30,"Moderna, Pfizer/BioNTech",239734,38898,278632
2021-01-31,"Moderna, Pfizer/BioNTech",240443,40078,280521
2021-02-01,"Moderna, Pfizer/BioNTech",244407,48002,292409
2021-02-02,"Moderna, Pfizer/BioNTech",248534,58217,306751
2021-02-03,"Moderna, Pfizer/BioNTech",252943,69200,322143
2021-02-04,"Moderna, Pfizer/BioNTech",257833,82148,339981
2021-02-05,"Moderna, Pfizer/BioNTech",263282,92794,356076
2021-02-06,"Moderna, Pfizer/BioNTech",264123,95141,359264
2021-02-07,"Moderna, Pfizer/BioNTech",264971,97628,362599
2021-02-08,"Moderna, Oxford/AstraZeneca, Pfizer/BioNTech",269034,109011,378045
2021-02-09,"Moderna, Oxford/AstraZeneca, Pfizer/BioNTech",274117,120927,395044
2021-02-10,"Moderna, Pfizer/BioNTech",279607,134137,413744
2021-02-11,"Moderna, Oxford/AstraZeneca, Pfizer/BioNTech",285909,150311,436220
2021-02-12,"Moderna, Oxford/AstraZeneca, Pfizer/BioNTech",292653,164999,457652
2021-02-13,"Moderna, Oxford/AstraZeneca, Pfizer/BioNTech",294242,167979,462221
2021-02-14,"Moderna, Oxford/AstraZeneca, Pfizer/BioNTech",295233,169357,464590
2021-02-15,"Moderna, Oxford/AstraZeneca, Pfizer/BioNTech",301625,178689,480314
2021-02-16,"Moderna, Oxford/AstraZeneca, Pfizer/BioNTech",310330,187741,498071
2021-02-17,"Moderna, Oxford/AstraZeneca, Pfizer/BioNTech",320012,196029,516041
2021-02-18,"Moderna, Oxford/AstraZeneca, Pfizer/BioNTech",332314,204070,536384
2021-02-19,"Moderna, Oxford/AstraZeneca, Pfizer/BioNTech",344157,211388,555545
2021-02-20,"Moderna, Oxford/AstraZeneca, Pfizer/BioNTech",346138,212564,558702
2021-02-21,"Moderna, Oxford/AstraZeneca, Pfizer/BioNTech",347250,213581,560831
2021-02-22,"Moderna, Oxford/AstraZeneca, Pfizer/BioNTech",357365,219586,576951
2021-02-23,"Moderna, Oxford/AstraZeneca, Pfizer/BioNTech",370289,226546,596835
2021-02-24,"Moderna, Oxford/AstraZeneca, Pfizer/BioNTech",384146,232564,616710
2021-02-25,"Moderna, Oxford/AstraZeneca, Pfizer/BioNTech",402097,238096,640193
2021-02-26,"Moderna, Oxford/AstraZeneca, Pfizer/BioNTech",418249,243422,661671
2021-02-27,"Moderna, Oxford/AstraZeneca, Pfizer/BioNTech",421255,243972,665227
2021-02-28,"Moderna, Oxford/AstraZeneca, Pfizer/BioNTech",423598,244517,668115
2021-03-01,"Moderna, Oxford/AstraZeneca, Pfizer/BioNTech",443130,247941,691071
2021-03-02,"Moderna, Oxford/AstraZeneca, Pfizer/BioNTech",470328,251476,721804
2021-03-03,"Moderna, Oxford/AstraZeneca, Pfizer/BioNTech",501155,255963,757118
2021-03-04,"Moderna, Oxford/AstraZeneca, Pfizer/BioNTech",534356,260626,794982
2021-03-05,"Johnson&Johnson, Moderna, Oxford/AstraZeneca, Pfizer/BioNTech",563139,266024,829163
2021-03-06,"Johnson&Johnson, Moderna, Oxford/AstraZeneca, Pfizer/BioNTech",575265,266870,842135
2021-03-07,"Johnson&Johnson, Moderna, Oxford/AstraZeneca, Pfizer/BioNTech",586782,267703,854485
2021-03-08,"Johnson&Johnson, Moderna, Oxford/AstraZeneca, Pfizer/BioNTech",616461,272530,888991
2021-03-09,"Johnson&Johnson, Moderna, Oxford/AstraZeneca, Pfizer/BioNTech",652714,278889,931603
2021-03-10,"Moderna, Oxford/AstraZeneca, Pfizer/BioNTech",693964,285819,979783
2021-03-11,"Johnson&Johnson, Moderna, Oxford/AstraZeneca, Pfizer/BioNTech",738747,294169,1032916
2021-03-12,"Johnson&Johnson, Moderna, Oxford/AstraZeneca, Pfizer/BioNTech",777511,302614,1080125
2021-03-13,"Moderna, Oxford/AstraZeneca, Pfizer/BioNTech",794558,303902,1098460
2021-03-14,"Moderna, Oxford/AstraZeneca, Pfizer/BioNTech",806649,305037,1111686
2021-03-15,"Moderna, Oxford/AstraZeneca, Pfizer/BioNTech",835003,313803,1148806
2021-03-16,"Johnson&Johnson, Moderna, Oxford/AstraZeneca, Pfizer/BioNTech",873840,324315,1198155
2021-03-17,"Moderna, Oxford/AstraZeneca, Pfizer/BioNTech",911278,334796,1246074
2021-03-18,"Johnson&Johnson, Moderna, Oxford/AstraZeneca, Pfizer/BioNTech",949214,347188,1296402
2021-03-19,"Moderna, Oxford/AstraZeneca, Pfizer/BioNTech",983652,360774,1344426
2021-03-20,"Johnson&Johnson, Moderna, Oxford/AstraZeneca, Pfizer/BioNTech",998761,362789,1361550
2021-03-21,"Johnson&Johnson, Moderna, Oxford/AstraZeneca, Pfizer/BioNTech",1006151,364333,1370484
2021-03-22,"Johnson&Johnson, Moderna, Oxford/AstraZeneca, Pfizer/BioNTech",1030660,376816,1407476
2021-03-23,"Johnson&Johnson, Moderna, Oxford/AstraZeneca, Pfizer/BioNTech",1057255,390146,1447401
2021-03-24,"Johnson&Johnson, Moderna, Oxford/AstraZeneca, Pfizer/BioNTech",1084074,405851,1489925
2021-03-25,"Moderna, Oxford/AstraZeneca, Pfizer/BioNTech",1110363,423676,1534039
2021-03-26,"Moderna, Oxford/AstraZeneca, Pfizer/BioNTech",1135130,441152,1576282
2021-03-27,"Johnson&Johnson, Moderna, Oxford/AstraZeneca, Pfizer/BioNTech",1143545,445983,1589528
2021-03-28,"Moderna, Oxford/AstraZeneca, Pfizer/BioNTech",1149071,450114,1599185
2021-03-29,"Johnson&Johnson, Moderna, Oxford/AstraZeneca, Pfizer/BioNTech",1168140,470802,1638942
2021-03-30,"Johnson&Johnson, Moderna, Oxford/AstraZeneca, Pfizer/BioNTech",1192794,492958,1685752
2021-03-31,"Johnson&Johnson, Moderna, Oxford/AstraZeneca, Pfizer/BioNTech",1215841,519989,1735830
2021-04-01,"Johnson&Johnson, Moderna, Oxford/AstraZeneca, Pfizer/BioNTech",1241403,552006,1793409
2021-04-02,"Johnson&Johnson, Moderna, Oxford/AstraZeneca, Pfizer/BioNTech",1248282,564784,1813066
2021-04-03,"Johnson&Johnson, Moderna, Oxford/AstraZeneca, Pfizer/BioNTech",1251876,575688,1827564
2021-04-04,"Johnson&Johnson, Moderna, Oxford/AstraZeneca, Pfizer/BioNTech",1254357,584570,1838927
2021-04-05,"Johnson&Johnson, Moderna, Oxford/AstraZeneca, Pfizer/BioNTech",1256725,591739,1848464
2021-04-06,"Johnson&Johnson, Moderna, Oxford/AstraZeneca, Pfizer/BioNTech",1272809,620953,1893762
2021-04-07,"Johnson&Johnson, Moderna, Oxford/AstraZeneca, Pfizer/BioNTech",1296169,643140,1939309
2021-04-08,"Johnson&Johnson, Moderna, Oxford/AstraZeneca, Pfizer/BioNTech",1334793,674127,2008920
2021-04-09,"Johnson&Johnson, Moderna, Oxford/AstraZeneca, Pfizer/BioNTech",1374260,704285,2078545
2021-04-10,"Johnson&Johnson, Moderna, Oxford/AstraZeneca, Pfizer/BioNTech",1389701,719556,2109257
2021-04-11,"Johnson&Johnson, Moderna, Oxford/AstraZeneca, Pfizer/BioNTech",1399444,729570,2129014
2021-04-12,"Johnson&Johnson, Moderna, Oxford/AstraZeneca, Pfizer/BioNTech",1437654,754657,2192311
2021-04-13,"Moderna, Oxford/AstraZeneca, Pfizer/BioNTech",1473850,780649,2254499
2021-04-14,"Moderna, Oxford/AstraZeneca, Pfizer/BioNTech",1512611,807977,2320588
2021-04-15,"Moderna, Oxford/AstraZeneca, Pfizer/BioNTech",1560325,833662,2393987
2021-04-16,"Moderna, Oxford/AstraZeneca, Pfizer/BioNTech",1604899,859260,2464159
2021-04-17,"Moderna, Oxford/AstraZeneca, Pfizer/BioNTech",1621545,868269,2489814
2021-04-18,"Moderna, Oxford/AstraZeneca, Pfizer/BioNTech",1634502,873243,2507745
2021-04-19,"Moderna, Oxford/AstraZeneca, Pfizer/BioNTech",1678462,888674,2567136
2021-04-20,"Johnson&Johnson, Moderna, Oxford/AstraZeneca, Pfizer/BioNTech",1720970,904516,2625486
2021-04-21,"Moderna, Oxford/AstraZeneca, Pfizer/BioNTech",1768660,918785,2687445
2021-04-22,"Johnson&Johnson, Moderna, Oxford/AstraZeneca, Pfizer/BioNTech",1823109,936141,2759250
2021-04-23,"Johnson&Johnson, Moderna, Oxford/AstraZeneca, Pfizer/BioNTech",1873024,948161,2821185
2021-04-24,"Johnson&Johnson, Moderna, Oxford/AstraZeneca, Pfizer/BioNTech",1890829,953390,2844219
2021-04-25,"Johnson&Johnson, Moderna, Oxford/AstraZeneca, Pfizer/BioNTech",1905497,957371,2862868
2021-04-26,"Johnson&Johnson, Moderna, Oxford/AstraZeneca, Pfizer/BioNTech",1955057,964907,2919964
2021-04-27,"Johnson&Johnson, Moderna, Oxford/AstraZeneca, Pfizer/BioNTech",2004005,977097,2981102
2021-04-28,"Johnson&Johnson, Moderna, Oxford/AstraZeneca, Pfizer/BioNTech",2062721,991057,3053778
2021-04-29,"Johnson&Johnson, Moderna, Oxford/AstraZeneca, Pfizer/BioNTech",2128252,1006896,3135148
2021-04-30,"Johnson&Johnson, Moderna, Oxford/AstraZeneca, Pfizer/BioNTech",2190431,1016811,3207242
2021-05-01,"Johnson&Johnson, Moderna, Oxford/AstraZeneca, Pfizer/BioNTech",2209721,1020226,3229947
2021-05-02,"Johnson&Johnson, Moderna, Oxford/AstraZeneca, Pfizer/BioNTech",2228611,1022474,3251085
2021-05-03,"Johnson&Johnson, Moderna, Oxford/AstraZeneca, Pfizer/BioNTech",2295827,1027518,3323345
2021-05-04,"Johnson&Johnson, Moderna, Oxford/AstraZeneca, Pfizer/BioNTech",2362285,1035808,3398093
2021-05-05,"Johnson&Johnson, Moderna, Oxford/AstraZeneca, Pfizer/BioNTech",2435400,1045165,3480565
2021-05-06,"Johnson&Johnson, Moderna, Oxford/AstraZeneca, Pfizer/BioNTech",2515753,1055795,3571548
2021-05-07,"Johnson&Johnson, Moderna, Oxford/AstraZeneca, Pfizer/BioNTech",2593010,1065824,3658834
2021-05-08,"Johnson&Johnson, Moderna, Oxford/AstraZeneca, Pfizer/BioNTech",2622407,1067548,3689955
2021-05-09,"Johnson&Johnson, Moderna, Oxford/AstraZeneca, Pfizer/BioNTech",2646573,1068734,3715307
2021-05-10,"Johnson&Johnson, Moderna, Oxford/AstraZeneca, Pfizer/BioNTech",2719296,1075907,3795203
2021-05-11,"Johnson&Johnson, Moderna, Oxford/AstraZeneca, Pfizer/BioNTech",2795360,1084671,3880031
2021-05-12,"Johnson&Johnson, Moderna, Oxford/AstraZeneca, Pfizer/BioNTech",2875175,1093703,3968878
2021-05-13,"Johnson&Johnson, Moderna, Oxford/AstraZeneca, Pfizer/BioNTech",2959164,1102827,4061991
2021-05-14,"Johnson&Johnson, Moderna, Oxford/AstraZeneca, Pfizer/BioNTech",3038556,1110549,4149105
2021-05-15,"Johnson&Johnson, Moderna, Oxford/AstraZeneca, Pfizer/BioNTech",3070389,1112736,4183125
2021-05-16,"Johnson&Johnson, Moderna, Oxford/AstraZeneca, Pfizer/BioNTech",3096131,1113964,4210095
2021-05-17,"Johnson&Johnson, Moderna, Oxford/AstraZeneca, Pfizer/BioNTech",3168608,1120641,4289249
2021-05-18,"Johnson&Johnson, Moderna, Oxford/AstraZeneca, Pfizer/BioNTech",3240508,1133623,4374131
2021-05-19,"Johnson&Johnson, Moderna, Oxford/AstraZeneca, Pfizer/BioNTech",3317942,1148707,4466649
2021-05-20,"Johnson&Johnson, Moderna, Oxford/AstraZeneca, Pfizer/BioNTech",3393346,1175664,4569010
2021-05-21,"Johnson&Johnson, Moderna, Oxford/AstraZeneca, Pfizer/BioNTech",3462091,1203336,4665427
2021-05-22,"Johnson&Johnson, Moderna, Oxford/AstraZeneca, Pfizer/BioNTech",3494417,1214467,4708884
2021-05-23,"Johnson&Johnson, Moderna, Oxford/AstraZeneca, Pfizer/BioNTech",3516719,1223466,4740185
2021-05-24,"Johnson&Johnson, Moderna, Oxford/AstraZeneca, Pfizer/BioNTech",3563789,1257055,4820844
2021-05-25,"Johnson&Johnson, Moderna, Oxford/AstraZeneca, Pfizer/BioNTech",3615618,1292790,4908408
2021-05-26,"Johnson&Johnson, Moderna, Oxford/AstraZeneca, Pfizer/BioNTech",3683336,1330260,5013596
2021-05-27,"Johnson&Johnson, Moderna, Oxford/AstraZeneca, Pfizer/BioNTech",3744677,1377517,5122194
2021-05-28,"Johnson&Johnson, Moderna, Oxford/AstraZeneca, Pfizer/BioNTech",3806334,1423994,5230328
2021-05-29,"Johnson&Johnson, Moderna, Oxford/AstraZeneca, Pfizer/BioNTech",3835474,1441060,5276534
2021-05-30,"Johnson&Johnson, Moderna, Oxford/AstraZeneca, Pfizer/BioNTech",3857812,1455461,5313273
2021-05-31,"Johnson&Johnson, Moderna, Oxford/AstraZeneca, Pfizer/BioNTech",3913520,1502948,5416468
2021-06-01,"Johnson&Johnson, Moderna, Oxford/AstraZeneca, Pfizer/BioNTech",3972525,1551697,5524222
2021-06-02,"Johnson&Johnson, Moderna, Oxford/AstraZeneca, Pfizer/BioNTech",4035382,1605581,5640963
2021-06-03,"Johnson&Johnson, Moderna, Oxford/AstraZeneca, Pfizer/BioNTech",4093598,1665715,5759313
2021-06-04,"Johnson&Johnson, Moderna, Oxford/AstraZeneca, Pfizer/BioNTech",4156663,1723017,5879680
2021-06-05,"Johnson&Johnson, Moderna, Oxford/AstraZeneca, Pfizer/BioNTech",4190791,1741780,5932571
2021-06-06,"Johnson&Johnson, Moderna, Oxford/AstraZeneca, Pfizer/BioNTech",4217689,1756867,5974556
2021-06-07,"Johnson&Johnson, Moderna, Oxford/AstraZeneca, Pfizer/BioNTech",4281354,1812420,6093774
2021-06-08,"Johnson&Johnson, Moderna, Oxford/AstraZeneca, Pfizer/BioNTech",4345308,1867310,6212618
2021-06-09,"Johnson&Johnson, Moderna, Oxford/AstraZeneca, Pfizer/BioNTech",4404476,1931632,6336108
2021-06-10,"Johnson&Johnson, Moderna, Oxford/AstraZeneca, Pfizer/BioNTech",4458347,2002618,6460965
2021-06-11,"Johnson&Johnson, Moderna, Oxford/AstraZeneca, Pfizer/BioNTech",4510424,2072216,6582640
2021-06-12,"Johnson&Johnson, Moderna, Oxford/AstraZeneca, Pfizer/BioNTech",4542398,2092936,6635334
2021-06-13,"Johnson&Johnson, Moderna, Oxford/AstraZeneca, Pfizer/BioNTech",4566402,2111285,6677687
2021-06-14,"Johnson&Johnson, Moderna, Oxford/AstraZeneca, Pfizer/BioNTech",4609416,2185563,6794979
2021-06-15,"Johnson&Johnson, Moderna, Oxford/AstraZeneca, Pfizer/BioNTech",4654042,2257797,6911839
2021-06-16,"Johnson&Johnson, Moderna, Oxford/AstraZeneca, Pfizer/BioNTech",4696768,2335886,7032654
2021-06-17,"Johnson&Johnson, Moderna, Oxford/AstraZeneca, Pfizer/BioNTech",4736133,2418822,7154955
2021-06-18,"Johnson&Johnson, Moderna, Oxford/AstraZeneca, Pfizer/BioNTech",4778503,2499190,7277693
2021-06-19,"Johnson&Johnson, Moderna, Oxford/AstraZeneca, Pfizer/BioNTech",4800232,2528397,7328629
2021-06-20,"Johnson&Johnson, Moderna, Oxford/AstraZeneca, Pfizer/BioNTech",4817590,2552152,7369742
2021-06-21,"Johnson&Johnson, Moderna, Oxford/AstraZeneca, Pfizer/BioNTech",4850094,2630612,7480706
2021-06-22,"Johnson&Johnson, Moderna, Oxford/AstraZeneca, Pfizer/BioNTech",4883041,2712753,7595794
2021-06-23,"Johnson&Johnson, Moderna, Oxford/AstraZeneca, Pfizer/BioNTech",4914683,2797864,7712547
2021-06-24,"Johnson&Johnson, Moderna, Oxford/AstraZeneca, Pfizer/BioNTech",4944514,2887785,7832299
2021-06-25,"Johnson&Johnson, Moderna, Oxford/AstraZeneca, Pfizer/BioNTech",4975545,2973792,7949337
2021-06-26,"Johnson&Johnson, Moderna, Oxford/AstraZeneca, Pfizer/BioNTech",4991394,3008521,7999915
2021-06-27,"Johnson&Johnson, Moderna, Oxford/AstraZeneca, Pfizer/BioNTech",5005331,3035100,8040431
2021-06-28,"Johnson&Johnson, Moderna, Oxford/AstraZeneca, Pfizer/BioNTech",5033746,3120173,8153919
2021-06-29,"Johnson&Johnson, Moderna, Oxford/AstraZeneca, Pfizer/BioNTech",5062989,3206542,8269531
2021-06-30,"Johnson&Johnson, Moderna, Oxford/AstraZeneca, Pfizer/BioNTech",5090481,3297385,8387866
2021-07-01,"Johnson&Johnson, Moderna, Oxford/AstraZeneca, Pfizer/BioNTech",5114422,3387295,8501717
2021-07-02,"Johnson&Johnson, Moderna, Oxford/AstraZeneca, Pfizer/BioNTech",5141134,3472981,8614115
2021-07-03,"Johnson&Johnson, Moderna, Oxford/AstraZeneca, Pfizer/BioNTech",5148202,3504423,8652625
2021-07-04,"Johnson&Johnson, Moderna, Oxford/AstraZeneca, Pfizer/BioNTech",5155743,3526176,8681919
2021-07-05,"Johnson&Johnson, Moderna, Oxford/AstraZeneca, Pfizer/BioNTech",5163087,3551483,8714570
2021-07-06,"Johnson&Johnson, Moderna, Oxford/AstraZeneca, Pfizer/BioNTech",5168475,3579038,8747513
2021-07-07,"Johnson&Johnson, Moderna, Oxford/AstraZeneca, Pfizer/BioNTech",5194258,3657891,8852149
2021-07-08,"Johnson&Johnson, Moderna, Oxford/AstraZeneca, Pfizer/BioNTech",5220834,3728095,8948929
2021-07-09,"Johnson&Johnson, Moderna, Oxford/AstraZeneca, Pfizer/BioNTech",5248730,3797239,9045969
2021-07-10,"Johnson&Johnson, Moderna, Oxford/AstraZeneca, Pfizer/BioNTech",5258061,3825792,9083853
2021-07-11,"Johnson&Johnson, Moderna, Oxford/AstraZeneca, Pfizer/BioNTech",5266573,3848630,9115203
2021-07-12,"Johnson&Johnson, Moderna, Oxford/AstraZeneca, Pfizer/BioNTech",5294093,3917623,9211716
2021-07-13,"Johnson&Johnson, Moderna, Oxford/AstraZeneca, Pfizer/BioNTech",5320287,3987391,9307678
2021-07-14,"Johnson&Johnson, Moderna, Oxford/AstraZeneca, Pfizer/BioNTech",5346116,4059271,9405387
2021-07-15,"Johnson&Johnson, Moderna, Oxford/AstraZeneca, Pfizer/BioNTech",5375314,4125168,9500482
2021-07-16,"Johnson&Johnson, Moderna, Oxford/AstraZeneca, Pfizer/BioNTech",5403234,4197760,9600994
2021-07-17,"Johnson&Johnson, Moderna, Oxford/AstraZeneca, Pfizer/BioNTech",5411981,4229133,9641114
2021-07-18,"Johnson&Johnson, Moderna, Oxford/AstraZeneca, Pfizer/BioNTech",5420412,4255089,9675501
2021-07-19,"Johnson&Johnson, Moderna, Oxford/AstraZeneca, Pfizer/BioNTech",5443743,4322017,9765760
2021-07-20,"Johnson&Johnson, Moderna, Oxford/AstraZeneca, Pfizer/BioNTech",5465114,4388957,9854071
2021-07-21,"Johnson&Johnson, Moderna, Oxford/AstraZeneca, Pfizer/BioNTech",5488542,4452295,9940837
2021-07-22,"Johnson&Johnson, Moderna, Oxford/AstraZeneca, Pfizer/BioNTech",5510876,4510806,10021682
2021-07-23,"Johnson&Johnson, Moderna, Oxford/AstraZeneca, Pfizer/BioNTech",5534042,4565422,10099464
2021-07-24,"Johnson&Johnson, Moderna, Oxford/AstraZeneca, Pfizer/BioNTech",5541335,4593009,10134344
2021-07-25,"Johnson&Johnson, Moderna, Oxford/AstraZeneca, Pfizer/BioNTech",5547930,4615000,10162930
2021-07-26,"Johnson&Johnson, Moderna, Oxford/AstraZeneca, Pfizer/BioNTech",5571425,4663540,10234965
2021-07-27,"Johnson&Johnson, Moderna, Oxford/AstraZeneca, Pfizer/BioNTech",5594101,4710053,10304154
2021-07-28,"Johnson&Johnson, Moderna, Oxford/AstraZeneca, Pfizer/BioNTech",5615314,4755914,10371228
2021-07-29,"Johnson&Johnson, Moderna, Oxford/AstraZeneca, Pfizer/BioNTech",5636578,4797739,10434317
2021-07-30,"Johnson&Johnson, Moderna, Oxford/AstraZeneca, Pfizer/BioNTech",5659832,4840182,10500014
2021-07-31,"Johnson&Johnson, Moderna, Oxford/AstraZeneca, Pfizer/BioNTech",5668747,4859666,10528413
2021-08-01,"Johnson&Johnson, Moderna, Oxford/AstraZeneca, Pfizer/BioNTech",5675454,4875790,10551244
2021-08-02,"Johnson&Johnson, Moderna, Oxford/AstraZeneca, Pfizer/BioNTech",5694039,4913246,10607285
2021-08-03,"Johnson&Johnson, Moderna, Oxford/AstraZeneca, Pfizer/BioNTech",5711632,4951256,10662888
2021-08-04,"Johnson&Johnson, Moderna, Oxford/AstraZeneca, Pfizer/BioNTech",5727673,4987892,10715565
2021-08-05,"Johnson&Johnson, Moderna, Oxford/AstraZeneca, Pfizer/BioNTech",5743655,5028259,10771914
2021-08-06,"Johnson&Johnson, Moderna, Oxford/AstraZeneca, Pfizer/BioNTech",5760404,5071418,10831822
2021-08-07,"Johnson&Johnson, Moderna, Oxford/AstraZeneca, Pfizer/BioNTech",5765973,5089530,10855503
2021-08-08,"Johnson&Johnson, Moderna, Oxford/AstraZeneca, Pfizer/BioNTech",5770320,5105240,10875560
2021-08-09,"Johnson&Johnson, Moderna, Oxford/AstraZeneca, Pfizer/BioNTech",5782931,5150215,10933146
2021-08-10,"Johnson&Johnson, Moderna, Oxford/AstraZeneca, Pfizer/BioNTech",5794731,5189688,10984419
2021-08-11,"Johnson&Johnson, Moderna, Oxford/AstraZeneca, Pfizer/BioNTech",5806060,5232740,11038800
2021-08-12,"Johnson&Johnson, Moderna, Oxford/AstraZeneca, Pfizer/BioNTech",5817440,5269728,11087168
2021-08-13,"Johnson&Johnson, Moderna, Oxford/AstraZeneca, Pfizer/BioNTech",5828093,5309951,11138044
2021-08-14,"Johnson&Johnson, Moderna, Oxford/AstraZeneca, Pfizer/BioNTech",5831426,5320610,11152036
2021-08-15,"Johnson&Johnson, Moderna, Oxford/AstraZeneca, Pfizer/BioNTech",5833996,5330955,11164951
2021-08-16,"Johnson&Johnson, Moderna, Oxford/AstraZeneca, Pfizer/BioNTech",5843755,5364939,11208694
2021-08-17,"Johnson&Johnson, Moderna, Oxford/AstraZeneca, Pfizer/BioNTech",5853309,5391965,11245274
2021-08-18,"Johnson&Johnson, Moderna, Oxford/AstraZeneca, Pfizer/BioNTech",5862656,5430750,11293406
2021-08-19,"Johnson&Johnson, Moderna, Oxford/AstraZeneca, Pfizer/BioNTech",5872250,5469017,11341267
2021-08-20,"Johnson&Johnson, Moderna, Oxford/AstraZeneca, Pfizer/BioNTech",5883562,5509121,11392683
2021-08-21,"Johnson&Johnson, Moderna, Oxford/AstraZeneca, Pfizer/BioNTech",5886261,5521848,11408109
2021-08-22,"Johnson&Johnson, Moderna, Oxford/AstraZeneca, Pfizer/BioNTech",5888596,5533788,11422384
2021-08-23,"Johnson&Johnson, Moderna, Oxford/AstraZeneca, Pfizer/BioNTech",5899086,5572948,11472034
2021-08-24,"Johnson&Johnson, Moderna, Oxford/AstraZeneca, Pfizer/BioNTech",5908912,5606123,11515035
2021-08-25,"Johnson&Johnson, Moderna, Oxford/AstraZeneca, Pfizer/BioNTech",5917727,5634409,11552136
2021-08-26,"Johnson&Johnson, Moderna, Oxford/AstraZeneca, Pfizer/BioNTech",5926115,5660451,11586566
2021-08-27,"Johnson&Johnson, Moderna, Oxford/AstraZeneca, Pfizer/BioNTech",5936384,5686323,11622707
2021-08-28,"Johnson&Johnson, Moderna, Oxford/AstraZeneca, Pfizer/BioNTech",5939095,5693332,11632427
2021-08-29,"Johnson&Johnson, Moderna, Oxford/AstraZeneca, Pfizer/BioNTech",5941492,5699939,11641431
2021-08-30,"Johnson&Johnson, Moderna, Oxford/AstraZeneca, Pfizer/BioNTech",5949963,5721735,11671698
2021-08-31,"Johnson&Johnson, Moderna, Oxford/AstraZeneca, Pfizer/BioNTech",5957571,5739745,11697316
2021-09-01,"Johnson&Johnson, Moderna, Oxford/AstraZeneca, Pfizer/BioNTech",5963369,5753658,11717027
2021-09-02,"Johnson&Johnson, Moderna, Oxford/AstraZeneca, Pfizer/BioNTech",5970055,5767968,11738023
2021-09-03,"Johnson&Johnson, Moderna, Oxford/AstraZeneca, Pfizer/BioNTech",5979447,5783580,11763027
2021-09-04,"Johnson&Johnson, Moderna, Oxford/AstraZeneca, Pfizer/BioNTech",5981482,5787103,11768585
2021-09-05,"Johnson&Johnson, Moderna, Pfizer/BioNTech",5983508,5789924,11773432
2021-09-06,"Johnson&Johnson, Moderna, Oxford/AstraZeneca, Pfizer/BioNTech",5989529,5802332,11791861
2021-09-07,"Johnson&Johnson, Moderna, Oxford/AstraZeneca, Pfizer/BioNTech",5993805,5813315,11807120
2021-09-08,"Johnson&Johnson, Moderna, Oxford/AstraZeneca, Pfizer/BioNTech",5999347,5823102,11822449
2021-09-09,"Johnson&Johnson, Moderna, Oxford/AstraZeneca, Pfizer/BioNTech",6005885,5833091,11838976
2021-09-10,"Johnson&Johnson, Moderna, Oxford/AstraZeneca, Pfizer/BioNTech",6013373,5845130,11858503
2021-09-11,"Johnson&Johnson, Moderna, Pfizer/BioNTech",6015217,5847589,11862806
2021-09-12,"Johnson&Johnson, Moderna, Oxford/AstraZeneca, Pfizer/BioNTech",6016318,5849200,11865518
2021-09-13,"Johnson&Johnson, Moderna, Oxford/AstraZeneca, Pfizer/BioNTech",6021624,5859391,11881015
2021-09-14,"Johnson&Johnson, Moderna, Oxford/AstraZeneca, Pfizer/BioNTech",6026888,5868303,11895191
2021-09-15,"Johnson&Johnson, Moderna, Oxford/AstraZeneca, Pfizer/BioNTech",6031974,5876728,11908702
2021-09-16,"Johnson&Johnson, Moderna, Oxford/AstraZeneca, Pfizer/BioNTech",6037116,5884910,11922026
2021-09-17,"Johnson&Johnson, Moderna, Oxford/AstraZeneca, Pfizer/BioNTech",6043458,5894957,11938415
2021-09-18,"Johnson&Johnson, Moderna, Pfizer/BioNTech",6045154,5897281,11942435
2021-09-19,"Johnson&Johnson, Moderna, Pfizer/BioNTech",6046084,5898834,11944918
2021-09-20,"Johnson&Johnson, Moderna, Oxford/AstraZeneca, Pfizer/BioNTech",6049898,5906874,11956772
2021-09-21,"Johnson&Johnson, Moderna, Oxford/AstraZeneca, Pfizer/BioNTech",6053869,5914299,11968168
2021-09-22,"Johnson&Johnson, Moderna, Oxford/AstraZeneca, Pfizer/BioNTech",6057875,5919693,11977568
2021-09-23,"Johnson&Johnson, Moderna, Oxford/AstraZeneca, Pfizer/BioNTech",6062724,5925969,11988693
2021-09-24,"Johnson&Johnson, Moderna, Oxford/AstraZeneca, Pfizer/BioNTech",6068236,5935351,12003587
2021-09-25,"Johnson&Johnson, Moderna, Oxford/AstraZeneca, Pfizer/BioNTech",6069668,5937280,12006948
2021-09-26,"Johnson&Johnson, Moderna, Pfizer/BioNTech",6070331,5938801,12009132
2021-09-27,"Johnson&Johnson, Moderna, Oxford/AstraZeneca, Pfizer/BioNTech",6073586,5944614,12018200
