date,vaccine,people_vaccinated,people_fully_vaccinated,total_vaccinations
2020-12-27,Pfizer/BioNTech,1250,0,1250
2020-12-28,Pfizer/BioNTech,3543,0,3543
2020-12-29,Pfizer/BioNTech,6986,0,6986
2020-12-30,Pfizer/BioNTech,10452,0,10452
2020-12-31,Pfizer/BioNTech,11757,0,11757
2021-01-01,Pfizer/BioNTech,12017,0,12017
2021-01-02,Pfizer/BioNTech,13266,0,13266
2021-01-03,Pfizer/BioNTech,14179,0,14179
2021-01-04,Pfizer/BioNTech,17743,0,17743
2021-01-05,Pfizer/BioNTech,22235,0,22235
2021-01-06,Pfizer/BioNTech,28046,0,28046
2021-01-07,Pfizer/BioNTech,35997,0,35997
2021-01-08,Pfizer/BioNTech,45920,0,45920
2021-01-09,Pfizer/BioNTech,47928,0,47928
2021-01-10,Pfizer/BioNTech,49648,0,49648
2021-01-11,Pfizer/BioNTech,59426,0,59426
2021-01-12,Pfizer/BioNTech,72774,0,72774
2021-01-13,Pfizer/BioNTech,86240,0,86240
2021-01-14,"Moderna, Pfizer/BioNTech",101399,0,101399
2021-01-15,"Moderna, Pfizer/BioNTech",115313,0,115313
2021-01-16,"Moderna, Pfizer/BioNTech",118684,2,118686
2021-01-17,"Moderna, Pfizer/BioNTech",121277,633,121910
2021-01-18,"Moderna, Pfizer/BioNTech",133727,2436,136163
2021-01-19,"Moderna, Pfizer/BioNTech",146160,5134,151294
2021-01-20,"Moderna, Pfizer/BioNTech",159696,7753,167449
2021-01-21,"Moderna, Pfizer/BioNTech",175210,9470,184680
2021-01-22,"Moderna, Pfizer/BioNTech",189933,10503,200436
2021-01-23,"Moderna, Pfizer/BioNTech",193198,11368,204566
2021-01-24,"Moderna, Pfizer/BioNTech",195437,12229,207666
2021-01-25,"Moderna, Pfizer/BioNTech",205036,15168,220204
2021-01-26,"Moderna, Pfizer/BioNTech",215519,19117,234636
2021-01-27,"Moderna, Pfizer/BioNTech",224490,23596,248086
2021-01-28,"Moderna, Pfizer/BioNTech",231517,29675,261192
2021-01-29,"Moderna, Pfizer/BioNTech",237691,37458,275149
2021-01-30,"Moderna, Pfizer/BioNTech",238408,38537,276945
2021-01-31,Pfizer/BioNTech,239109,39674,278783
2021-02-01,"Moderna, Pfizer/BioNTech",243042,47533,290575
2021-02-02,"Moderna, Pfizer/BioNTech",247156,57684,304840
2021-02-03,"Moderna, Pfizer/BioNTech",251536,68622,320158
2021-02-04,"Moderna, Pfizer/BioNTech",256400,81517,337917
2021-02-05,"Moderna, Pfizer/BioNTech",261823,92107,353930
2021-02-06,"Moderna, Pfizer/BioNTech",262657,94435,357092
2021-02-07,"Moderna, Pfizer/BioNTech",263500,96903,360403
2021-02-08,"Moderna, Pfizer/BioNTech",267504,108221,375725
2021-02-09,"Moderna, Pfizer/BioNTech",272533,120056,392589
2021-02-10,"Moderna, Pfizer/BioNTech",278045,133131,411176
2021-02-11,"Moderna, Oxford/AstraZeneca, Pfizer/BioNTech",284303,149179,433482
2021-02-12,"Moderna, Oxford/AstraZeneca, Pfizer/BioNTech",290991,163778,454769
2021-02-13,"Moderna, Oxford/AstraZeneca, Pfizer/BioNTech",292559,166732,459291
2021-02-14,"Moderna, Oxford/AstraZeneca, Pfizer/BioNTech",293547,168098,461645
2021-02-15,"Moderna, Oxford/AstraZeneca, Pfizer/BioNTech",299918,177390,477308
2021-02-16,"Moderna, Oxford/AstraZeneca, Pfizer/BioNTech",308533,186305,494838
2021-02-17,"Moderna, Oxford/AstraZeneca, Pfizer/BioNTech",318162,194517,512679
2021-02-18,"Moderna, Oxford/AstraZeneca, Pfizer/BioNTech",330390,202479,532869
2021-02-19,"Moderna, Oxford/AstraZeneca, Pfizer/BioNTech",342100,209687,551787
2021-02-20,"Moderna, Oxford/AstraZeneca, Pfizer/BioNTech",344012,210849,554861
2021-02-21,"Moderna, Oxford/AstraZeneca, Pfizer/BioNTech",345030,211851,556881
2021-02-22,"Moderna, Oxford/AstraZeneca, Pfizer/BioNTech",355075,217824,572899
2021-02-23,"Moderna, Oxford/AstraZeneca, Pfizer/BioNTech",367857,224713,592570
2021-02-24,"Moderna, Oxford/AstraZeneca, Pfizer/BioNTech",381604,230688,612292
2021-02-25,"Moderna, Oxford/AstraZeneca, Pfizer/BioNTech",399435,236186,635621
2021-02-26,"Moderna, Oxford/AstraZeneca, Pfizer/BioNTech",415426,241438,656864
2021-02-27,"Moderna, Oxford/AstraZeneca, Pfizer/BioNTech",418352,241986,660338
2021-02-28,"Moderna, Oxford/AstraZeneca, Pfizer/BioNTech",420677,242525,663202
2021-03-01,"Moderna, Oxford/AstraZeneca, Pfizer/BioNTech",439938,245948,685886
2021-03-02,"Moderna, Oxford/AstraZeneca, Pfizer/BioNTech",466634,249451,716085
2021-03-03,"Moderna, Oxford/AstraZeneca, Pfizer/BioNTech",496929,253906,750835
2021-03-04,"Moderna, Oxford/AstraZeneca, Pfizer/BioNTech",529529,258504,788033
2021-03-05,"Moderna, Oxford/AstraZeneca, Pfizer/BioNTech",557932,263828,821760
2021-03-06,"Moderna, Oxford/AstraZeneca, Pfizer/BioNTech",569876,264661,834537
2021-03-07,"Moderna, Oxford/AstraZeneca, Pfizer/BioNTech",581188,265484,846672
2021-03-08,"Moderna, Oxford/AstraZeneca, Pfizer/BioNTech",610563,270272,880835
2021-03-09,"Moderna, Oxford/AstraZeneca, Pfizer/BioNTech",646330,276579,922909
2021-03-10,"Moderna, Oxford/AstraZeneca, Pfizer/BioNTech",687078,283454,970532
2021-03-11,"Moderna, Oxford/AstraZeneca, Pfizer/BioNTech",731350,291736,1023086
2021-03-12,"Moderna, Oxford/AstraZeneca, Pfizer/BioNTech",769586,300070,1069656
2021-03-13,"Moderna, Oxford/AstraZeneca, Pfizer/BioNTech",786480,301339,1087819
2021-03-14,"Moderna, Oxford/AstraZeneca, Pfizer/BioNTech",798475,302459,1100934
2021-03-15,"Moderna, Oxford/AstraZeneca, Pfizer/BioNTech",826298,311152,1137450
2021-03-16,"Moderna, Oxford/AstraZeneca, Pfizer/BioNTech",864590,321564,1186154
2021-03-17,"Moderna, Oxford/AstraZeneca, Pfizer/BioNTech",901552,331981,1233533
2021-03-18,"Moderna, Oxford/AstraZeneca, Pfizer/BioNTech",938705,344296,1283001
2021-03-19,"Moderna, Oxford/AstraZeneca, Pfizer/BioNTech",972460,357775,1330235
2021-03-20,"Moderna, Oxford/AstraZeneca, Pfizer/BioNTech",987301,359771,1347072
2021-03-21,"Moderna, Oxford/AstraZeneca, Pfizer/BioNTech",994615,361292,1355907
2021-03-22,"Moderna, Oxford/AstraZeneca, Pfizer/BioNTech",1018427,373625,1392052
2021-03-23,"Moderna, Oxford/AstraZeneca, Pfizer/BioNTech",1044353,386840,1431193
2021-03-24,"Moderna, Oxford/AstraZeneca, Pfizer/BioNTech",1070678,402414,1473092
2021-03-25,"Moderna, Oxford/AstraZeneca, Pfizer/BioNTech",1096542,420121,1516663
2021-03-26,"Moderna, Oxford/AstraZeneca, Pfizer/BioNTech",1120763,437444,1558207
2021-03-27,"Moderna, Oxford/AstraZeneca, Pfizer/BioNTech",1128974,442187,1571161
2021-03-28,"Moderna, Oxford/AstraZeneca, Pfizer/BioNTech",1134412,446276,1580688
2021-03-29,"Moderna, Oxford/AstraZeneca, Pfizer/BioNTech",1153182,466725,1619907
2021-03-30,"Moderna, Oxford/AstraZeneca, Pfizer/BioNTech",1177498,488675,1666173
2021-03-31,"Moderna, Oxford/AstraZeneca, Pfizer/BioNTech",1200045,515250,1715295
2021-04-01,"Moderna, Oxford/AstraZeneca, Pfizer/BioNTech",1224811,546875,1771686
2021-04-02,"Moderna, Oxford/AstraZeneca, Pfizer/BioNTech",1231433,559507,1790940
2021-04-03,"Moderna, Oxford/AstraZeneca, Pfizer/BioNTech",1234867,570345,1805212
2021-04-04,"Moderna, Oxford/AstraZeneca, Pfizer/BioNTech",1237311,579036,1816347
2021-04-05,"Moderna, Oxford/AstraZeneca, Pfizer/BioNTech",1239583,586151,1825734
2021-04-06,"Moderna, Oxford/AstraZeneca, Pfizer/BioNTech",1255284,615034,1870318
2021-04-07,"Moderna, Oxford/AstraZeneca, Pfizer/BioNTech",1278065,636651,1914716
2021-04-08,"Moderna, Oxford/AstraZeneca, Pfizer/BioNTech",1314131,666652,1980783
2021-04-09,"Moderna, Oxford/AstraZeneca, Pfizer/BioNTech",1350303,695689,2045992
2021-04-10,"Moderna, Oxford/AstraZeneca, Pfizer/BioNTech",1364782,710618,2075400
2021-04-11,"Moderna, Oxford/AstraZeneca, Pfizer/BioNTech",1373966,720245,2094211
2021-04-12,"Moderna, Oxford/AstraZeneca, Pfizer/BioNTech",1405821,742653,2148474
