date,vaccine,people_vaccinated,people_fully_vaccinated,total_vaccinations
2020-12-27,Pfizer/BioNTech,1252,0,1252
2020-12-28,Pfizer/BioNTech,3549,0,3549
2020-12-29,Pfizer/BioNTech,6994,0,6994
2020-12-30,Pfizer/BioNTech,10469,0,10469
2020-12-31,Pfizer/BioNTech,11775,0,11775
2021-01-01,Pfizer/BioNTech,12036,0,12036
2021-01-02,Pfizer/BioNTech,13303,0,13303
2021-01-03,Pfizer/BioNTech,14218,0,14218
2021-01-04,Pfizer/BioNTech,17788,0,17788
2021-01-05,Pfizer/BioNTech,22280,0,22280
2021-01-06,Pfizer/BioNTech,28095,0,28095
2021-01-07,Pfizer/BioNTech,36036,0,36036
2021-01-08,Pfizer/BioNTech,45965,0,45965
2021-01-09,Pfizer/BioNTech,47978,0,47978
2021-01-10,Pfizer/BioNTech,49728,0,49728
2021-01-11,Pfizer/BioNTech,59516,0,59516
2021-01-12,Pfizer/BioNTech,72868,0,72868
2021-01-13,Pfizer/BioNTech,86343,0,86343
2021-01-14,"Moderna, Pfizer/BioNTech",101499,0,101499
2021-01-15,"Moderna, Pfizer/BioNTech",115433,0,115433
2021-01-16,"Moderna, Pfizer/BioNTech",118806,2,118808
2021-01-17,"Moderna, Pfizer/BioNTech",121402,635,122037
2021-01-18,"Moderna, Pfizer/BioNTech",133848,2445,136293
2021-01-19,"Moderna, Pfizer/BioNTech",146349,5143,151492
2021-01-20,"Moderna, Pfizer/BioNTech",159897,7769,167666
2021-01-21,"Moderna, Pfizer/BioNTech",175443,9487,184930
2021-01-22,"Moderna, Pfizer/BioNTech",190179,10522,200701
2021-01-23,"Moderna, Pfizer/BioNTech",193457,11387,204844
2021-01-24,"Moderna, Pfizer/BioNTech",195700,12250,207950
2021-01-25,"Moderna, Pfizer/BioNTech",205295,15198,220493
2021-01-26,"Moderna, Pfizer/BioNTech",215787,19154,234941
2021-01-27,"Moderna, Pfizer/BioNTech",224772,23644,248416
2021-01-28,"Moderna, Pfizer/BioNTech",231801,29726,261527
2021-01-29,"Moderna, Pfizer/BioNTech",237975,37536,275511
2021-01-30,"Moderna, Pfizer/BioNTech",238693,38618,277311
2021-01-31,Pfizer/BioNTech,239394,39787,279181
2021-02-01,"Moderna, Pfizer/BioNTech",243333,47665,290998
2021-02-02,"Moderna, Pfizer/BioNTech",247449,57836,305285
2021-02-03,"Moderna, Pfizer/BioNTech",251831,68782,320613
2021-02-04,"Moderna, Pfizer/BioNTech",256705,81687,338392
2021-02-05,"Moderna, Pfizer/BioNTech",262136,92304,354440
2021-02-06,"Moderna, Pfizer/BioNTech",262972,94638,357610
2021-02-07,"Moderna, Pfizer/BioNTech",263817,97113,360930
2021-02-08,"Moderna, Pfizer/BioNTech",267831,108453,376284
2021-02-09,"Moderna, Pfizer/BioNTech",272890,120346,393236
2021-02-10,"Moderna, Pfizer/BioNTech",278409,133459,411868
2021-02-11,"Moderna, Oxford/AstraZeneca, Pfizer/BioNTech",284689,149558,434247
2021-02-12,"Moderna, Oxford/AstraZeneca, Pfizer/BioNTech",291386,164193,455579
2021-02-13,"Moderna, Oxford/AstraZeneca, Pfizer/BioNTech",292954,167162,460116
2021-02-14,"Moderna, Oxford/AstraZeneca, Pfizer/BioNTech",293942,168528,462470
2021-02-15,"Moderna, Oxford/AstraZeneca, Pfizer/BioNTech",300282,177831,478113
2021-02-16,"Moderna, Oxford/AstraZeneca, Pfizer/BioNTech",308892,186843,495735
2021-02-17,"Moderna, Oxford/AstraZeneca, Pfizer/BioNTech",318550,195084,513634
2021-02-18,"Moderna, Oxford/AstraZeneca, Pfizer/BioNTech",330808,203062,533870
2021-02-19,"Moderna, Oxford/AstraZeneca, Pfizer/BioNTech",342547,210293,552840
2021-02-20,"Moderna, Oxford/AstraZeneca, Pfizer/BioNTech",344469,211455,555924
2021-02-21,"Moderna, Oxford/AstraZeneca, Pfizer/BioNTech",345492,212461,557953
2021-02-22,"Moderna, Oxford/AstraZeneca, Pfizer/BioNTech",355557,218446,574003
2021-02-23,"Moderna, Oxford/AstraZeneca, Pfizer/BioNTech",368394,225376,593770
2021-02-24,"Moderna, Oxford/AstraZeneca, Pfizer/BioNTech",382161,231368,613529
2021-02-25,"Moderna, Oxford/AstraZeneca, Pfizer/BioNTech",400027,236881,636908
2021-02-26,"Moderna, Oxford/AstraZeneca, Pfizer/BioNTech",416062,242192,658254
2021-02-27,"Moderna, Oxford/AstraZeneca, Pfizer/BioNTech",418992,242740,661732
2021-02-28,"Moderna, Oxford/AstraZeneca, Pfizer/BioNTech",421319,243287,664606
2021-03-01,"Moderna, Oxford/AstraZeneca, Pfizer/BioNTech",440585,246668,687253
2021-03-02,"Moderna, Oxford/AstraZeneca, Pfizer/BioNTech",467395,250191,717586
2021-03-03,"Moderna, Oxford/AstraZeneca, Pfizer/BioNTech",497753,254660,752413
2021-03-04,"Moderna, Oxford/AstraZeneca, Pfizer/BioNTech",530577,259301,789878
2021-03-05,"Moderna, Oxford/AstraZeneca, Pfizer/BioNTech",559078,264650,823728
2021-03-06,"Moderna, Oxford/AstraZeneca, Pfizer/BioNTech",571037,265486,836523
2021-03-07,"Moderna, Oxford/AstraZeneca, Pfizer/BioNTech",582389,266315,848704
2021-03-08,"Moderna, Oxford/AstraZeneca, Pfizer/BioNTech",611862,271122,882984
2021-03-09,"Moderna, Oxford/AstraZeneca, Pfizer/BioNTech",647839,277448,925287
2021-03-10,"Moderna, Oxford/AstraZeneca, Pfizer/BioNTech",688722,284354,973076
2021-03-11,"Moderna, Oxford/AstraZeneca, Pfizer/BioNTech",733093,292663,1025756
2021-03-12,"Moderna, Oxford/AstraZeneca, Pfizer/BioNTech",771453,301052,1072505
2021-03-13,"Moderna, Oxford/AstraZeneca, Pfizer/BioNTech",788415,302333,1090748
2021-03-14,"Moderna, Oxford/AstraZeneca, Pfizer/BioNTech",800443,303458,1103901
2021-03-15,"Moderna, Oxford/AstraZeneca, Pfizer/BioNTech",828508,312199,1140707
2021-03-16,"Moderna, Oxford/AstraZeneca, Pfizer/BioNTech",867062,322657,1189719
2021-03-17,"Moderna, Oxford/AstraZeneca, Pfizer/BioNTech",904216,333098,1237314
2021-03-18,"Moderna, Oxford/AstraZeneca, Pfizer/BioNTech",941747,345446,1287193
2021-03-19,"Moderna, Oxford/AstraZeneca, Pfizer/BioNTech",975745,358971,1334716
2021-03-20,"Moderna, Oxford/AstraZeneca, Pfizer/BioNTech",990705,360976,1351681
2021-03-21,"Moderna, Oxford/AstraZeneca, Pfizer/BioNTech",998039,362506,1360545
2021-03-22,"Moderna, Oxford/AstraZeneca, Pfizer/BioNTech",1022116,374868,1396984
2021-03-23,"Moderna, Oxford/AstraZeneca, Pfizer/BioNTech",1048375,388106,1436481
2021-03-24,"Moderna, Oxford/AstraZeneca, Pfizer/BioNTech",1074877,403726,1478603
2021-03-25,"Moderna, Oxford/AstraZeneca, Pfizer/BioNTech",1100922,421506,1522428
2021-03-26,"Moderna, Oxford/AstraZeneca, Pfizer/BioNTech",1125404,438910,1564314
2021-03-27,"Moderna, Oxford/AstraZeneca, Pfizer/BioNTech",1133740,443718,1577458
2021-03-28,"Moderna, Oxford/AstraZeneca, Pfizer/BioNTech",1139214,447826,1587040
2021-03-29,"Moderna, Oxford/AstraZeneca, Pfizer/BioNTech",1158039,468407,1626446
2021-03-30,"Moderna, Oxford/AstraZeneca, Pfizer/BioNTech",1182458,490451,1672909
2021-03-31,"Moderna, Oxford/AstraZeneca, Pfizer/BioNTech",1205270,517388,1722658
2021-04-01,"Moderna, Oxford/AstraZeneca, Pfizer/BioNTech",1230552,549227,1779779
2021-04-02,"Moderna, Oxford/AstraZeneca, Pfizer/BioNTech",1237279,561928,1799207
2021-04-03,"Moderna, Oxford/AstraZeneca, Pfizer/BioNTech",1240740,572802,1813542
2021-04-04,"Moderna, Oxford/AstraZeneca, Pfizer/BioNTech",1243194,581538,1824732
2021-04-05,"Moderna, Oxford/AstraZeneca, Pfizer/BioNTech",1245483,588678,1834161
2021-04-06,"Moderna, Oxford/AstraZeneca, Pfizer/BioNTech",1261390,617814,1879204
2021-04-07,"Moderna, Oxford/AstraZeneca, Pfizer/BioNTech",1284457,639847,1924304
2021-04-08,"Moderna, Oxford/AstraZeneca, Pfizer/BioNTech",1322286,670619,1992905
2021-04-09,"Moderna, Oxford/AstraZeneca, Pfizer/BioNTech",1360683,700465,2061148
2021-04-10,"Moderna, Oxford/AstraZeneca, Pfizer/BioNTech",1375927,715653,2091580
2021-04-11,"Moderna, Oxford/AstraZeneca, Pfizer/BioNTech",1385578,725636,2111214
2021-04-12,"Moderna, Oxford/AstraZeneca, Pfizer/BioNTech",1423001,750370,2173371
2021-04-13,"Moderna, Oxford/AstraZeneca, Pfizer/BioNTech",1458440,776160,2234600
2021-04-14,"Moderna, Oxford/AstraZeneca, Pfizer/BioNTech",1496614,803376,2299990
2021-04-15,"Moderna, Oxford/AstraZeneca, Pfizer/BioNTech",1543744,828898,2372642
2021-04-16,"Moderna, Oxford/AstraZeneca, Pfizer/BioNTech",1587779,854419,2442198
2021-04-17,"Moderna, Oxford/AstraZeneca, Pfizer/BioNTech",1604231,863398,2467629
2021-04-18,"Moderna, Oxford/AstraZeneca, Pfizer/BioNTech",1617106,868338,2485444
2021-04-19,"Moderna, Oxford/AstraZeneca, Pfizer/BioNTech",1660536,883640,2544176
2021-04-20,"Moderna, Oxford/AstraZeneca, Pfizer/BioNTech",1702291,899367,2601658
2021-04-21,"Moderna, Oxford/AstraZeneca, Pfizer/BioNTech",1749371,913453,2662824
2021-04-22,"Johnson&Johnson, Moderna, Oxford/AstraZeneca, Pfizer/BioNTech",1803204,930717,2733921
2021-04-23,"Johnson&Johnson, Moderna, Oxford/AstraZeneca, Pfizer/BioNTech",1852562,942655,2795217
2021-04-24,"Johnson&Johnson, Moderna, Oxford/AstraZeneca, Pfizer/BioNTech",1870115,947838,2817953
2021-04-25,"Johnson&Johnson, Moderna, Oxford/AstraZeneca, Pfizer/BioNTech",1884586,951810,2836396
2021-04-26,"Johnson&Johnson, Moderna, Oxford/AstraZeneca, Pfizer/BioNTech",1933520,959260,2892780
2021-04-27,"Johnson&Johnson, Moderna, Oxford/AstraZeneca, Pfizer/BioNTech",1981826,971363,2953189
2021-04-28,"Johnson&Johnson, Moderna, Oxford/AstraZeneca, Pfizer/BioNTech",2039984,985227,3025211
2021-04-29,"Johnson&Johnson, Moderna, Oxford/AstraZeneca, Pfizer/BioNTech",2104684,1000881,3105565
2021-04-30,"Johnson&Johnson, Moderna, Oxford/AstraZeneca, Pfizer/BioNTech",2166141,1010669,3176810
2021-05-01,"Johnson&Johnson, Moderna, Oxford/AstraZeneca, Pfizer/BioNTech",2185234,1013995,3199229
2021-05-02,"Johnson&Johnson, Moderna, Oxford/AstraZeneca, Pfizer/BioNTech",2203898,1016212,3220110
2021-05-03,"Johnson&Johnson, Moderna, Oxford/AstraZeneca, Pfizer/BioNTech",2270362,1021176,3291538
2021-05-04,"Johnson&Johnson, Moderna, Oxford/AstraZeneca, Pfizer/BioNTech",2335876,1029372,3365248
2021-05-05,"Johnson&Johnson, Moderna, Oxford/AstraZeneca, Pfizer/BioNTech",2408007,1038624,3446631
2021-05-06,"Johnson&Johnson, Moderna, Oxford/AstraZeneca, Pfizer/BioNTech",2487237,1049125,3536362
2021-05-07,"Johnson&Johnson, Moderna, Oxford/AstraZeneca, Pfizer/BioNTech",2563504,1058992,3622496
2021-05-08,"Johnson&Johnson, Moderna, Oxford/AstraZeneca, Pfizer/BioNTech",2592707,1060681,3653388
2021-05-09,"Johnson&Johnson, Moderna, Oxford/AstraZeneca, Pfizer/BioNTech",2616709,1061839,3678548
2021-05-10,"Johnson&Johnson, Moderna, Oxford/AstraZeneca, Pfizer/BioNTech",2688261,1068883,3757144
2021-05-11,"Johnson&Johnson, Moderna, Oxford/AstraZeneca, Pfizer/BioNTech",2762962,1077529,3840491
2021-05-12,"Johnson&Johnson, Moderna, Oxford/AstraZeneca, Pfizer/BioNTech",2841395,1086340,3927735
2021-05-13,"Johnson&Johnson, Moderna, Oxford/AstraZeneca, Pfizer/BioNTech",2923022,1095044,4018066
2021-05-14,"Johnson&Johnson, Moderna, Oxford/AstraZeneca, Pfizer/BioNTech",2996847,1101570,4098417
