date,vaccine,people_vaccinated,people_fully_vaccinated,total_vaccinations
2020-12-27,Pfizer/BioNTech,1272,0,1272
2020-12-28,Pfizer/BioNTech,3571,0,3571
2020-12-29,Pfizer/BioNTech,7025,0,7025
2020-12-30,Pfizer/BioNTech,10516,0,10516
2020-12-31,Pfizer/BioNTech,11819,0,11819
2021-01-01,"Moderna, Pfizer/BioNTech",12084,0,12084
2021-01-02,Pfizer/BioNTech,13356,0,13356
2021-01-03,Pfizer/BioNTech,14276,0,14276
2021-01-04,"Moderna, Pfizer/BioNTech",17869,0,17869
2021-01-05,"Moderna, Pfizer/BioNTech",22370,0,22370
2021-01-06,Pfizer/BioNTech,28214,0,28214
2021-01-07,"Moderna, Pfizer/BioNTech",36185,0,36185
2021-01-08,Pfizer/BioNTech,46165,0,46165
2021-01-09,"Moderna, Pfizer/BioNTech",48185,0,48185
2021-01-10,Pfizer/BioNTech,49943,2,49945
2021-01-11,Pfizer/BioNTech,59761,4,59765
2021-01-12,Pfizer/BioNTech,73166,6,73172
2021-01-13,Pfizer/BioNTech,86667,6,86673
2021-01-14,"Moderna, Pfizer/BioNTech",101863,8,101871
2021-01-15,"Moderna, Pfizer/BioNTech",115839,8,115847
2021-01-16,"Moderna, Pfizer/BioNTech",119216,10,119226
2021-01-17,"Moderna, Pfizer/BioNTech",121819,651,122470
2021-01-18,"Moderna, Pfizer/BioNTech",134294,2471,136765
2021-01-19,"Moderna, Pfizer/BioNTech",146854,5181,152035
2021-01-20,"Moderna, Pfizer/BioNTech",160494,7824,168318
2021-01-21,"Moderna, Pfizer/BioNTech",176104,9552,185656
2021-01-22,"Moderna, Pfizer/BioNTech",190939,10596,201535
2021-01-23,"Moderna, Pfizer/BioNTech",194238,11466,205704
2021-01-24,"Moderna, Pfizer/BioNTech",196483,12335,208818
2021-01-25,"Moderna, Pfizer/BioNTech",206105,15306,221411
2021-01-26,"Moderna, Pfizer/BioNTech",216633,19274,235907
2021-01-27,"Moderna, Pfizer/BioNTech",225648,23792,249440
2021-01-28,"Moderna, Pfizer/BioNTech",232718,29906,262624
2021-01-29,"Moderna, Pfizer/BioNTech",238915,37782,276697
2021-01-30,"Moderna, Pfizer/BioNTech",239646,38869,278515
2021-01-31,"Moderna, Pfizer/BioNTech",240353,40048,280401
2021-02-01,"Moderna, Pfizer/BioNTech",244316,47971,292287
2021-02-02,"Moderna, Pfizer/BioNTech",248443,58185,306628
2021-02-03,"Moderna, Pfizer/BioNTech",252849,69163,322012
2021-02-04,"Moderna, Pfizer/BioNTech",257738,82114,339852
2021-02-05,"Moderna, Pfizer/BioNTech",263187,92759,355946
2021-02-06,"Moderna, Pfizer/BioNTech",264028,95106,359134
2021-02-07,"Moderna, Pfizer/BioNTech",264876,97593,362469
2021-02-08,"Moderna, Oxford/AstraZeneca, Pfizer/BioNTech",268934,108974,377908
2021-02-09,"Moderna, Oxford/AstraZeneca, Pfizer/BioNTech",274013,120893,394906
2021-02-10,"Moderna, Pfizer/BioNTech",279503,134103,413606
2021-02-11,"Moderna, Oxford/AstraZeneca, Pfizer/BioNTech",285804,150276,436080
2021-02-12,"Moderna, Oxford/AstraZeneca, Pfizer/BioNTech",292541,164961,457502
2021-02-13,"Moderna, Oxford/AstraZeneca, Pfizer/BioNTech",294129,167940,462069
2021-02-14,"Moderna, Oxford/AstraZeneca, Pfizer/BioNTech",295120,169315,464435
2021-02-15,"Moderna, Oxford/AstraZeneca, Pfizer/BioNTech",301510,178647,480157
2021-02-16,"Moderna, Oxford/AstraZeneca, Pfizer/BioNTech",310214,187698,497912
2021-02-17,"Moderna, Oxford/AstraZeneca, Pfizer/BioNTech",319894,195982,515876
2021-02-18,"Moderna, Oxford/AstraZeneca, Pfizer/BioNTech",332191,204020,536211
2021-02-19,"Moderna, Oxford/AstraZeneca, Pfizer/BioNTech",344034,211340,555374
2021-02-20,"Moderna, Oxford/AstraZeneca, Pfizer/BioNTech",346014,212515,558529
2021-02-21,"Moderna, Oxford/AstraZeneca, Pfizer/BioNTech",347103,213529,560632
2021-02-22,"Moderna, Oxford/AstraZeneca, Pfizer/BioNTech",357209,219534,576743
2021-02-23,"Moderna, Oxford/AstraZeneca, Pfizer/BioNTech",370124,226494,596618
2021-02-24,"Moderna, Oxford/AstraZeneca, Pfizer/BioNTech",383978,232509,616487
2021-02-25,"Moderna, Oxford/AstraZeneca, Pfizer/BioNTech",401929,238040,639969
2021-02-26,"Moderna, Oxford/AstraZeneca, Pfizer/BioNTech",418077,243366,661443
2021-02-27,"Moderna, Oxford/AstraZeneca, Pfizer/BioNTech",421082,243916,664998
2021-02-28,"Moderna, Oxford/AstraZeneca, Pfizer/BioNTech",423425,244461,667886
2021-03-01,"Moderna, Oxford/AstraZeneca, Pfizer/BioNTech",442944,247883,690827
2021-03-02,"Moderna, Oxford/AstraZeneca, Pfizer/BioNTech",470129,251416,721545
2021-03-03,"Moderna, Oxford/AstraZeneca, Pfizer/BioNTech",500957,255903,756860
2021-03-04,"Moderna, Oxford/AstraZeneca, Pfizer/BioNTech",534138,260565,794703
2021-03-05,"Johnson&Johnson, Moderna, Oxford/AstraZeneca, Pfizer/BioNTech",562914,265960,828874
2021-03-06,"Johnson&Johnson, Moderna, Oxford/AstraZeneca, Pfizer/BioNTech",575040,266805,841845
2021-03-07,"Johnson&Johnson, Moderna, Oxford/AstraZeneca, Pfizer/BioNTech",586474,267638,854112
2021-03-08,"Johnson&Johnson, Moderna, Oxford/AstraZeneca, Pfizer/BioNTech",616136,272462,888598
2021-03-09,"Johnson&Johnson, Moderna, Oxford/AstraZeneca, Pfizer/BioNTech",652387,278821,931208
2021-03-10,"Moderna, Oxford/AstraZeneca, Pfizer/BioNTech",693601,285751,979352
2021-03-11,"Johnson&Johnson, Moderna, Oxford/AstraZeneca, Pfizer/BioNTech",738381,294100,1032481
2021-03-12,"Johnson&Johnson, Moderna, Oxford/AstraZeneca, Pfizer/BioNTech",777137,302543,1079680
2021-03-13,"Moderna, Oxford/AstraZeneca, Pfizer/BioNTech",794181,303830,1098011
2021-03-14,"Moderna, Oxford/AstraZeneca, Pfizer/BioNTech",806266,304965,1111231
2021-03-15,"Moderna, Oxford/AstraZeneca, Pfizer/BioNTech",834618,313729,1148347
2021-03-16,"Johnson&Johnson, Moderna, Oxford/AstraZeneca, Pfizer/BioNTech",873447,324234,1197681
2021-03-17,"Moderna, Oxford/AstraZeneca, Pfizer/BioNTech",910876,334712,1245588
2021-03-18,"Johnson&Johnson, Moderna, Oxford/AstraZeneca, Pfizer/BioNTech",948804,347103,1295907
2021-03-19,"Moderna, Oxford/AstraZeneca, Pfizer/BioNTech",983238,360688,1343926
2021-03-20,"Johnson&Johnson, Moderna, Oxford/AstraZeneca, Pfizer/BioNTech",998346,362703,1361049
2021-03-21,"Johnson&Johnson, Moderna, Oxford/AstraZeneca, Pfizer/BioNTech",1005735,364247,1369982
2021-03-22,"Johnson&Johnson, Moderna, Oxford/AstraZeneca, Pfizer/BioNTech",1030229,376718,1406947
2021-03-23,"Johnson&Johnson, Moderna, Oxford/AstraZeneca, Pfizer/BioNTech",1056797,390041,1446838
2021-03-24,"Johnson&Johnson, Moderna, Oxford/AstraZeneca, Pfizer/BioNTech",1083615,405746,1489361
2021-03-25,"Moderna, Oxford/AstraZeneca, Pfizer/BioNTech",1109899,423569,1533468
2021-03-26,"Moderna, Oxford/AstraZeneca, Pfizer/BioNTech",1134655,441041,1575696
2021-03-27,"Johnson&Johnson, Moderna, Oxford/AstraZeneca, Pfizer/BioNTech",1143070,445870,1588940
2021-03-28,"Moderna, Oxford/AstraZeneca, Pfizer/BioNTech",1148596,450000,1598596
2021-03-29,"Johnson&Johnson, Moderna, Oxford/AstraZeneca, Pfizer/BioNTech",1167637,470660,1638297
2021-03-30,"Johnson&Johnson, Moderna, Oxford/AstraZeneca, Pfizer/BioNTech",1192281,492801,1685082
2021-03-31,"Johnson&Johnson, Moderna, Oxford/AstraZeneca, Pfizer/BioNTech",1215317,519828,1735145
2021-04-01,"Johnson&Johnson, Moderna, Oxford/AstraZeneca, Pfizer/BioNTech",1240870,551824,1792694
2021-04-02,"Johnson&Johnson, Moderna, Oxford/AstraZeneca, Pfizer/BioNTech",1247742,564598,1812340
2021-04-03,"Johnson&Johnson, Moderna, Oxford/AstraZeneca, Pfizer/BioNTech",1251333,575501,1826834
2021-04-04,"Johnson&Johnson, Moderna, Oxford/AstraZeneca, Pfizer/BioNTech",1253809,584297,1838106
2021-04-05,"Johnson&Johnson, Moderna, Oxford/AstraZeneca, Pfizer/BioNTech",1256171,591463,1847634
2021-04-06,"Johnson&Johnson, Moderna, Oxford/AstraZeneca, Pfizer/BioNTech",1272251,620672,1892923
2021-04-07,"Johnson&Johnson, Moderna, Oxford/AstraZeneca, Pfizer/BioNTech",1295607,642821,1938428
2021-04-08,"Johnson&Johnson, Moderna, Oxford/AstraZeneca, Pfizer/BioNTech",1334212,673800,2008012
2021-04-09,"Johnson&Johnson, Moderna, Oxford/AstraZeneca, Pfizer/BioNTech",1373659,703948,2077607
2021-04-10,"Johnson&Johnson, Moderna, Oxford/AstraZeneca, Pfizer/BioNTech",1389092,719219,2108311
2021-04-11,"Johnson&Johnson, Moderna, Oxford/AstraZeneca, Pfizer/BioNTech",1398833,729230,2128063
2021-04-12,"Johnson&Johnson, Moderna, Oxford/AstraZeneca, Pfizer/BioNTech",1437034,754312,2191346
2021-04-13,"Moderna, Oxford/AstraZeneca, Pfizer/BioNTech",1473223,780280,2253503
2021-04-14,"Moderna, Oxford/AstraZeneca, Pfizer/BioNTech",1511970,807606,2319576
2021-04-15,"Moderna, Oxford/AstraZeneca, Pfizer/BioNTech",1559676,833285,2392961
2021-04-16,"Moderna, Oxford/AstraZeneca, Pfizer/BioNTech",1604239,858879,2463118
2021-04-17,"Moderna, Oxford/AstraZeneca, Pfizer/BioNTech",1620878,867887,2488765
2021-04-18,"Moderna, Oxford/AstraZeneca, Pfizer/BioNTech",1633828,872860,2506688
2021-04-19,"Moderna, Oxford/AstraZeneca, Pfizer/BioNTech",1677772,888266,2566038
2021-04-20,"Johnson&Johnson, Moderna, Oxford/AstraZeneca, Pfizer/BioNTech",1720278,904098,2624376
2021-04-21,"Moderna, Oxford/AstraZeneca, Pfizer/BioNTech",1767963,918361,2686324
2021-04-22,"Johnson&Johnson, Moderna, Oxford/AstraZeneca, Pfizer/BioNTech",1822408,935715,2758123
2021-04-23,"Johnson&Johnson, Moderna, Oxford/AstraZeneca, Pfizer/BioNTech",1872317,947731,2820048
2021-04-24,"Johnson&Johnson, Moderna, Oxford/AstraZeneca, Pfizer/BioNTech",1890118,952958,2843076
2021-04-25,"Johnson&Johnson, Moderna, Oxford/AstraZeneca, Pfizer/BioNTech",1904785,956938,2861723
2021-04-26,"Johnson&Johnson, Moderna, Oxford/AstraZeneca, Pfizer/BioNTech",1954341,964470,2918811
2021-04-27,"Johnson&Johnson, Moderna, Oxford/AstraZeneca, Pfizer/BioNTech",2003287,976655,2979942
2021-04-28,"Johnson&Johnson, Moderna, Oxford/AstraZeneca, Pfizer/BioNTech",2062002,990610,3052612
2021-04-29,"Johnson&Johnson, Moderna, Oxford/AstraZeneca, Pfizer/BioNTech",2127533,1006431,3133964
2021-04-30,"Johnson&Johnson, Moderna, Oxford/AstraZeneca, Pfizer/BioNTech",2189700,1016343,3206043
2021-05-01,"Johnson&Johnson, Moderna, Oxford/AstraZeneca, Pfizer/BioNTech",2208989,1019757,3228746
2021-05-02,"Johnson&Johnson, Moderna, Oxford/AstraZeneca, Pfizer/BioNTech",2227876,1022005,3249881
2021-05-03,"Johnson&Johnson, Moderna, Oxford/AstraZeneca, Pfizer/BioNTech",2295086,1027042,3322128
2021-05-04,"Johnson&Johnson, Moderna, Oxford/AstraZeneca, Pfizer/BioNTech",2361534,1035331,3396865
2021-05-05,"Johnson&Johnson, Moderna, Oxford/AstraZeneca, Pfizer/BioNTech",2434647,1044676,3479323
2021-05-06,"Johnson&Johnson, Moderna, Oxford/AstraZeneca, Pfizer/BioNTech",2514992,1055301,3570293
2021-05-07,"Johnson&Johnson, Moderna, Oxford/AstraZeneca, Pfizer/BioNTech",2592243,1065326,3657569
2021-05-08,"Johnson&Johnson, Moderna, Oxford/AstraZeneca, Pfizer/BioNTech",2621639,1067048,3688687
2021-05-09,"Johnson&Johnson, Moderna, Oxford/AstraZeneca, Pfizer/BioNTech",2645804,1068233,3714037
2021-05-10,"Johnson&Johnson, Moderna, Oxford/AstraZeneca, Pfizer/BioNTech",2718524,1075393,3793917
2021-05-11,"Johnson&Johnson, Moderna, Oxford/AstraZeneca, Pfizer/BioNTech",2794585,1084157,3878742
2021-05-12,"Johnson&Johnson, Moderna, Oxford/AstraZeneca, Pfizer/BioNTech",2874395,1093186,3967581
2021-05-13,"Johnson&Johnson, Moderna, Oxford/AstraZeneca, Pfizer/BioNTech",2958379,1102308,4060687
2021-05-14,"Johnson&Johnson, Moderna, Oxford/AstraZeneca, Pfizer/BioNTech",3037765,1110028,4147793
2021-05-15,"Johnson&Johnson, Moderna, Oxford/AstraZeneca, Pfizer/BioNTech",3069596,1112209,4181805
2021-05-16,"Johnson&Johnson, Moderna, Oxford/AstraZeneca, Pfizer/BioNTech",3095338,1113401,4208739
2021-05-17,"Johnson&Johnson, Moderna, Oxford/AstraZeneca, Pfizer/BioNTech",3167815,1120073,4287888
2021-05-18,"Johnson&Johnson, Moderna, Oxford/AstraZeneca, Pfizer/BioNTech",3239713,1133048,4372761
2021-05-19,"Johnson&Johnson, Moderna, Oxford/AstraZeneca, Pfizer/BioNTech",3317138,1148123,4465261
2021-05-20,"Johnson&Johnson, Moderna, Oxford/AstraZeneca, Pfizer/BioNTech",3392536,1175075,4567611
2021-05-21,"Johnson&Johnson, Moderna, Oxford/AstraZeneca, Pfizer/BioNTech",3461279,1202741,4664020
2021-05-22,"Johnson&Johnson, Moderna, Oxford/AstraZeneca, Pfizer/BioNTech",3493605,1213867,4707472
2021-05-23,"Johnson&Johnson, Moderna, Oxford/AstraZeneca, Pfizer/BioNTech",3515906,1222865,4738771
2021-05-24,"Johnson&Johnson, Moderna, Oxford/AstraZeneca, Pfizer/BioNTech",3562969,1256453,4819422
2021-05-25,"Johnson&Johnson, Moderna, Oxford/AstraZeneca, Pfizer/BioNTech",3614792,1292185,4906977
2021-05-26,"Johnson&Johnson, Moderna, Oxford/AstraZeneca, Pfizer/BioNTech",3682507,1329654,5012161
2021-05-27,"Johnson&Johnson, Moderna, Oxford/AstraZeneca, Pfizer/BioNTech",3743852,1376915,5120767
2021-05-28,"Johnson&Johnson, Moderna, Oxford/AstraZeneca, Pfizer/BioNTech",3805502,1423388,5228890
2021-05-29,"Johnson&Johnson, Moderna, Oxford/AstraZeneca, Pfizer/BioNTech",3834640,1440448,5275088
2021-05-30,"Johnson&Johnson, Moderna, Oxford/AstraZeneca, Pfizer/BioNTech",3856976,1454846,5311822
2021-05-31,"Johnson&Johnson, Moderna, Oxford/AstraZeneca, Pfizer/BioNTech",3912677,1502329,5415006
2021-06-01,"Johnson&Johnson, Moderna, Oxford/AstraZeneca, Pfizer/BioNTech",3971678,1551075,5522753
2021-06-02,"Johnson&Johnson, Moderna, Oxford/AstraZeneca, Pfizer/BioNTech",4034528,1604956,5639484
2021-06-03,"Johnson&Johnson, Moderna, Oxford/AstraZeneca, Pfizer/BioNTech",4092743,1665083,5757826
2021-06-04,"Johnson&Johnson, Moderna, Oxford/AstraZeneca, Pfizer/BioNTech",4155804,1722379,5878183
2021-06-05,"Johnson&Johnson, Moderna, Oxford/AstraZeneca, Pfizer/BioNTech",4189931,1741141,5931072
2021-06-06,"Johnson&Johnson, Moderna, Oxford/AstraZeneca, Pfizer/BioNTech",4216826,1756227,5973053
2021-06-07,"Johnson&Johnson, Moderna, Oxford/AstraZeneca, Pfizer/BioNTech",4280489,1811776,6092265
2021-06-08,"Johnson&Johnson, Moderna, Oxford/AstraZeneca, Pfizer/BioNTech",4344442,1866666,6211108
2021-06-09,"Johnson&Johnson, Moderna, Oxford/AstraZeneca, Pfizer/BioNTech",4403610,1930975,6334585
2021-06-10,"Johnson&Johnson, Moderna, Oxford/AstraZeneca, Pfizer/BioNTech",4457474,2001956,6459430
2021-06-11,"Johnson&Johnson, Moderna, Oxford/AstraZeneca, Pfizer/BioNTech",4509548,2071548,6581096
2021-06-12,"Johnson&Johnson, Moderna, Oxford/AstraZeneca, Pfizer/BioNTech",4541516,2092267,6633783
2021-06-13,"Johnson&Johnson, Moderna, Oxford/AstraZeneca, Pfizer/BioNTech",4565515,2110612,6676127
2021-06-14,"Johnson&Johnson, Moderna, Oxford/AstraZeneca, Pfizer/BioNTech",4608493,2184877,6793370
2021-06-15,"Johnson&Johnson, Moderna, Oxford/AstraZeneca, Pfizer/BioNTech",4653110,2257100,6910210
2021-06-16,"Johnson&Johnson, Moderna, Oxford/AstraZeneca, Pfizer/BioNTech",4695833,2335183,7031016
2021-06-17,"Johnson&Johnson, Moderna, Oxford/AstraZeneca, Pfizer/BioNTech",4735193,2418118,7153311
2021-06-18,"Johnson&Johnson, Moderna, Oxford/AstraZeneca, Pfizer/BioNTech",4777549,2498476,7276025
2021-06-19,"Johnson&Johnson, Moderna, Oxford/AstraZeneca, Pfizer/BioNTech",4799270,2527682,7326952
2021-06-20,"Johnson&Johnson, Moderna, Oxford/AstraZeneca, Pfizer/BioNTech",4816626,2551433,7368059
2021-06-21,"Johnson&Johnson, Moderna, Oxford/AstraZeneca, Pfizer/BioNTech",4849124,2629880,7479004
2021-06-22,"Johnson&Johnson, Moderna, Oxford/AstraZeneca, Pfizer/BioNTech",4882063,2712012,7594075
2021-06-23,"Johnson&Johnson, Moderna, Oxford/AstraZeneca, Pfizer/BioNTech",4913704,2797116,7710820
2021-06-24,"Johnson&Johnson, Moderna, Oxford/AstraZeneca, Pfizer/BioNTech",4943527,2887033,7830560
2021-06-25,"Johnson&Johnson, Moderna, Oxford/AstraZeneca, Pfizer/BioNTech",4974545,2973031,7947576
2021-06-26,"Johnson&Johnson, Moderna, Oxford/AstraZeneca, Pfizer/BioNTech",4990392,3007758,7998150
2021-06-27,"Johnson&Johnson, Moderna, Oxford/AstraZeneca, Pfizer/BioNTech",5004331,3034332,8038663
2021-06-28,"Johnson&Johnson, Moderna, Oxford/AstraZeneca, Pfizer/BioNTech",5032745,3119399,8152144
2021-06-29,"Johnson&Johnson, Moderna, Oxford/AstraZeneca, Pfizer/BioNTech",5061986,3205766,8267752
2021-06-30,"Johnson&Johnson, Moderna, Oxford/AstraZeneca, Pfizer/BioNTech",5089481,3296599,8386080
2021-07-01,"Johnson&Johnson, Moderna, Oxford/AstraZeneca, Pfizer/BioNTech",5113415,3386497,8499912
2021-07-02,"Johnson&Johnson, Moderna, Oxford/AstraZeneca, Pfizer/BioNTech",5140123,3472182,8612305
2021-07-03,"Johnson&Johnson, Moderna, Oxford/AstraZeneca, Pfizer/BioNTech",5147193,3503620,8650813
2021-07-04,"Johnson&Johnson, Moderna, Oxford/AstraZeneca, Pfizer/BioNTech",5154726,3525371,8680097
2021-07-05,"Johnson&Johnson, Moderna, Oxford/AstraZeneca, Pfizer/BioNTech",5162066,3550670,8712736
2021-07-06,"Johnson&Johnson, Moderna, Oxford/AstraZeneca, Pfizer/BioNTech",5167453,3578220,8745673
2021-07-07,"Johnson&Johnson, Moderna, Oxford/AstraZeneca, Pfizer/BioNTech",5193224,3657067,8850291
2021-07-08,"Johnson&Johnson, Moderna, Oxford/AstraZeneca, Pfizer/BioNTech",5219786,3727266,8947052
2021-07-09,"Johnson&Johnson, Moderna, Oxford/AstraZeneca, Pfizer/BioNTech",5247656,3796405,9044061
2021-07-10,"Johnson&Johnson, Moderna, Oxford/AstraZeneca, Pfizer/BioNTech",5256980,3824954,9081934
2021-07-11,"Johnson&Johnson, Moderna, Oxford/AstraZeneca, Pfizer/BioNTech",5265489,3847790,9113279
2021-07-12,"Johnson&Johnson, Moderna, Oxford/AstraZeneca, Pfizer/BioNTech",5293004,3916778,9209782
2021-07-13,"Johnson&Johnson, Moderna, Oxford/AstraZeneca, Pfizer/BioNTech",5319181,3986543,9305724
2021-07-14,"Johnson&Johnson, Moderna, Oxford/AstraZeneca, Pfizer/BioNTech",5344996,4058418,9403414
2021-07-15,"Johnson&Johnson, Moderna, Oxford/AstraZeneca, Pfizer/BioNTech",5374184,4124305,9498489
2021-07-16,"Johnson&Johnson, Moderna, Oxford/AstraZeneca, Pfizer/BioNTech",5402075,4196891,9598966
2021-07-17,"Johnson&Johnson, Moderna, Oxford/AstraZeneca, Pfizer/BioNTech",5410816,4228262,9639078
2021-07-18,"Johnson&Johnson, Moderna, Oxford/AstraZeneca, Pfizer/BioNTech",5419242,4254217,9673459
2021-07-19,"Johnson&Johnson, Moderna, Oxford/AstraZeneca, Pfizer/BioNTech",5442559,4321137,9763696
2021-07-20,"Johnson&Johnson, Moderna, Oxford/AstraZeneca, Pfizer/BioNTech",5463915,4388069,9851984
2021-07-21,"Johnson&Johnson, Moderna, Oxford/AstraZeneca, Pfizer/BioNTech",5487317,4451401,9938718
2021-07-22,"Johnson&Johnson, Moderna, Oxford/AstraZeneca, Pfizer/BioNTech",5509626,4509899,10019525
2021-07-23,"Johnson&Johnson, Moderna, Oxford/AstraZeneca, Pfizer/BioNTech",5532765,4564507,10097272
2021-07-24,"Johnson&Johnson, Moderna, Oxford/AstraZeneca, Pfizer/BioNTech",5540052,4592087,10132139
2021-07-25,"Johnson&Johnson, Moderna, Oxford/AstraZeneca, Pfizer/BioNTech",5546644,4614068,10160712
2021-07-26,"Johnson&Johnson, Moderna, Oxford/AstraZeneca, Pfizer/BioNTech",5570138,4662516,10232654
2021-07-27,"Johnson&Johnson, Moderna, Oxford/AstraZeneca, Pfizer/BioNTech",5592790,4709025,10301815
2021-07-28,"Johnson&Johnson, Moderna, Oxford/AstraZeneca, Pfizer/BioNTech",5613982,4754882,10368864
2021-07-29,"Johnson&Johnson, Moderna, Oxford/AstraZeneca, Pfizer/BioNTech",5635205,4796701,10431906
2021-07-30,"Johnson&Johnson, Moderna, Oxford/AstraZeneca, Pfizer/BioNTech",5658442,4839138,10497580
2021-07-31,"Johnson&Johnson, Moderna, Oxford/AstraZeneca, Pfizer/BioNTech",5667349,4858615,10525964
2021-08-01,"Johnson&Johnson, Moderna, Oxford/AstraZeneca, Pfizer/BioNTech",5674047,4874739,10548786
2021-08-02,"Johnson&Johnson, Moderna, Oxford/AstraZeneca, Pfizer/BioNTech",5692619,4912188,10604807
2021-08-03,"Johnson&Johnson, Moderna, Oxford/AstraZeneca, Pfizer/BioNTech",5710196,4950198,10660394
2021-08-04,"Johnson&Johnson, Moderna, Oxford/AstraZeneca, Pfizer/BioNTech",5726219,4986818,10713037
2021-08-05,"Johnson&Johnson, Moderna, Oxford/AstraZeneca, Pfizer/BioNTech",5742174,5027177,10769351
2021-08-06,"Johnson&Johnson, Moderna, Oxford/AstraZeneca, Pfizer/BioNTech",5758908,5070317,10829225
2021-08-07,"Johnson&Johnson, Moderna, Oxford/AstraZeneca, Pfizer/BioNTech",5764470,5088424,10852894
2021-08-08,"Johnson&Johnson, Moderna, Oxford/AstraZeneca, Pfizer/BioNTech",5768813,5104131,10872944
2021-08-09,"Johnson&Johnson, Moderna, Oxford/AstraZeneca, Pfizer/BioNTech",5781412,5149096,10930508
2021-08-10,"Johnson&Johnson, Moderna, Oxford/AstraZeneca, Pfizer/BioNTech",5793192,5188564,10981756
2021-08-11,"Johnson&Johnson, Moderna, Oxford/AstraZeneca, Pfizer/BioNTech",5804507,5231607,11036114
2021-08-12,"Johnson&Johnson, Moderna, Oxford/AstraZeneca, Pfizer/BioNTech",5815856,5268596,11084452
2021-08-13,"Johnson&Johnson, Moderna, Oxford/AstraZeneca, Pfizer/BioNTech",5826485,5308805,11135290
2021-08-14,"Johnson&Johnson, Moderna, Oxford/AstraZeneca, Pfizer/BioNTech",5829810,5319462,11149272
2021-08-15,"Johnson&Johnson, Moderna, Oxford/AstraZeneca, Pfizer/BioNTech",5832376,5329805,11162181
2021-08-16,"Johnson&Johnson, Moderna, Oxford/AstraZeneca, Pfizer/BioNTech",5842120,5363786,11205906
2021-08-17,"Johnson&Johnson, Moderna, Oxford/AstraZeneca, Pfizer/BioNTech",5851645,5390793,11242438
2021-08-18,"Johnson&Johnson, Moderna, Oxford/AstraZeneca, Pfizer/BioNTech",5860955,5429548,11290503
2021-08-19,"Johnson&Johnson, Moderna, Oxford/AstraZeneca, Pfizer/BioNTech",5870538,5467809,11338347
2021-08-20,"Johnson&Johnson, Moderna, Oxford/AstraZeneca, Pfizer/BioNTech",5881820,5507898,11389718
2021-08-21,"Johnson&Johnson, Moderna, Oxford/AstraZeneca, Pfizer/BioNTech",5884509,5520621,11405130
2021-08-22,"Johnson&Johnson, Moderna, Oxford/AstraZeneca, Pfizer/BioNTech",5886838,5532555,11419393
2021-08-23,"Johnson&Johnson, Moderna, Oxford/AstraZeneca, Pfizer/BioNTech",5897295,5571697,11468992
2021-08-24,"Johnson&Johnson, Moderna, Oxford/AstraZeneca, Pfizer/BioNTech",5907103,5604866,11511969
2021-08-25,"Johnson&Johnson, Moderna, Oxford/AstraZeneca, Pfizer/BioNTech",5915902,5633143,11549045
2021-08-26,"Johnson&Johnson, Moderna, Oxford/AstraZeneca, Pfizer/BioNTech",5924251,5659160,11583411
2021-08-27,"Johnson&Johnson, Moderna, Oxford/AstraZeneca, Pfizer/BioNTech",5934443,5685025,11619468
2021-08-28,"Johnson&Johnson, Moderna, Oxford/AstraZeneca, Pfizer/BioNTech",5937124,5692039,11629163
2021-08-29,"Johnson&Johnson, Moderna, Oxford/AstraZeneca, Pfizer/BioNTech",5939506,5698646,11638152
2021-08-30,"Johnson&Johnson, Moderna, Oxford/AstraZeneca, Pfizer/BioNTech",5947901,5720405,11668306
2021-08-31,"Johnson&Johnson, Moderna, Oxford/AstraZeneca, Pfizer/BioNTech",5955458,5738385,11693843
2021-09-01,"Johnson&Johnson, Moderna, Oxford/AstraZeneca, Pfizer/BioNTech",5961241,5752284,11713525
2021-09-02,"Johnson&Johnson, Moderna, Oxford/AstraZeneca, Pfizer/BioNTech",5967894,5766398,11734292
2021-09-03,"Johnson&Johnson, Moderna, Oxford/AstraZeneca, Pfizer/BioNTech",5977223,5781944,11759167
2021-09-04,"Johnson&Johnson, Moderna, Oxford/AstraZeneca, Pfizer/BioNTech",5979241,5785459,11764700
2021-09-05,"Johnson&Johnson, Moderna, Pfizer/BioNTech",5981253,5788276,11769529
2021-09-06,"Johnson&Johnson, Moderna, Oxford/AstraZeneca, Pfizer/BioNTech",5987256,5800652,11787908
2021-09-07,"Johnson&Johnson, Moderna, Oxford/AstraZeneca, Pfizer/BioNTech",5991549,5811632,11803181
2021-09-08,"Johnson&Johnson, Moderna, Oxford/AstraZeneca, Pfizer/BioNTech",5997082,5821410,11818492
2021-09-09,"Johnson&Johnson, Moderna, Oxford/AstraZeneca, Pfizer/BioNTech",6003612,5831375,11834987
2021-09-10,"Johnson&Johnson, Moderna, Oxford/AstraZeneca, Pfizer/BioNTech",6011100,5843403,11854503
2021-09-11,"Johnson&Johnson, Moderna, Pfizer/BioNTech",6012932,5845860,11858792
2021-09-12,"Johnson&Johnson, Moderna, Oxford/AstraZeneca, Pfizer/BioNTech",6014028,5847470,11861498
2021-09-13,"Johnson&Johnson, Moderna, Oxford/AstraZeneca, Pfizer/BioNTech",6019295,5857625,11876920
2021-09-14,"Johnson&Johnson, Moderna, Oxford/AstraZeneca, Pfizer/BioNTech",6024527,5866511,11891038
2021-09-15,"Johnson&Johnson, Moderna, Oxford/AstraZeneca, Pfizer/BioNTech",6029538,5874852,11904390
2021-09-16,"Johnson&Johnson, Moderna, Oxford/AstraZeneca, Pfizer/BioNTech",6034436,5882766,11917202
2021-09-17,"Johnson&Johnson, Moderna, Oxford/AstraZeneca, Pfizer/BioNTech",6040218,5892071,11932289
