date,vaccine,people_vaccinated,people_fully_vaccinated,total_vaccinations
2020-12-27,Pfizer/BioNTech,1285,0,1285
2020-12-28,Pfizer/BioNTech,3591,0,3591
2020-12-29,Pfizer/BioNTech,7061,1,7062
2020-12-30,Pfizer/BioNTech,10581,1,10582
2020-12-31,Pfizer/BioNTech,11893,1,11894
2021-01-01,"Moderna, Pfizer/BioNTech",12163,1,12164
2021-01-02,Pfizer/BioNTech,13444,1,13445
2021-01-03,"Moderna, Pfizer/BioNTech",14367,1,14368
2021-01-04,"Moderna, Pfizer/BioNTech",17981,1,17982
2021-01-05,"Moderna, Pfizer/BioNTech",22506,3,22509
2021-01-06,"Moderna, Pfizer/BioNTech",28357,4,28361
2021-01-07,"Moderna, Pfizer/BioNTech",36357,4,36361
2021-01-08,"Moderna, Pfizer/BioNTech",46409,5,46414
2021-01-09,"Moderna, Pfizer/BioNTech",48438,6,48444
2021-01-10,Pfizer/BioNTech,50208,7,50215
2021-01-11,Pfizer/BioNTech,60064,9,60073
2021-01-12,"Moderna, Pfizer/BioNTech",73523,11,73534
2021-01-13,"Moderna, Pfizer/BioNTech",87070,11,87081
2021-01-14,"Moderna, Pfizer/BioNTech",102320,15,102335
2021-01-15,"Moderna, Pfizer/BioNTech",116343,16,116359
2021-01-16,"Moderna, Pfizer/BioNTech",119746,20,119766
2021-01-17,"Moderna, Pfizer/BioNTech",122363,656,123019
2021-01-18,"Moderna, Pfizer/BioNTech",134854,2483,137337
2021-01-19,"Moderna, Pfizer/BioNTech",147461,5209,152670
2021-01-20,"Moderna, Pfizer/BioNTech",161151,7872,169023
2021-01-21,"Moderna, Pfizer/BioNTech",176803,9618,186421
2021-01-22,"Moderna, Pfizer/BioNTech",191695,10664,202359
2021-01-23,"Moderna, Pfizer/BioNTech",195016,11545,206561
2021-01-24,"Moderna, Pfizer/BioNTech",197271,12413,209684
2021-01-25,"Moderna, Pfizer/BioNTech",206922,15387,222309
2021-01-26,"Moderna, Pfizer/BioNTech",217469,19382,236851
2021-01-27,"Moderna, Pfizer/BioNTech",226498,23920,250418
2021-01-28,"Moderna, Pfizer/BioNTech",233601,30056,263657
2021-01-29,"Moderna, Pfizer/BioNTech",239818,37969,277787
2021-01-30,"Moderna, Pfizer/BioNTech",240559,39057,279616
2021-01-31,"Moderna, Pfizer/BioNTech",241274,40239,281513
2021-02-01,"Moderna, Pfizer/BioNTech",245254,48206,293460
2021-02-02,"Moderna, Pfizer/BioNTech",249402,58446,307848
2021-02-03,"Moderna, Pfizer/BioNTech",253827,69467,323294
2021-02-04,"Moderna, Pfizer/BioNTech",258733,82460,341193
2021-02-05,"Moderna, Pfizer/BioNTech",264201,93133,357334
2021-02-06,"Moderna, Oxford/AstraZeneca, Pfizer/BioNTech",265053,95501,360554
2021-02-07,"Moderna, Oxford/AstraZeneca, Pfizer/BioNTech",265905,98001,363906
2021-02-08,"Moderna, Oxford/AstraZeneca, Pfizer/BioNTech",269993,109434,379427
2021-02-09,"Moderna, Oxford/AstraZeneca, Pfizer/BioNTech",275096,121348,396444
2021-02-10,"Moderna, Oxford/AstraZeneca, Pfizer/BioNTech",280609,134608,415217
2021-02-11,"Moderna, Oxford/AstraZeneca, Pfizer/BioNTech",286948,150828,437776
2021-02-12,"Moderna, Oxford/AstraZeneca, Pfizer/BioNTech",293775,165570,459345
2021-02-13,"Moderna, Oxford/AstraZeneca, Pfizer/BioNTech",295387,168559,463946
2021-02-14,"Moderna, Oxford/AstraZeneca, Pfizer/BioNTech",296390,169945,466335
2021-02-15,"Moderna, Oxford/AstraZeneca, Pfizer/BioNTech",302789,179315,482104
2021-02-16,"Moderna, Oxford/AstraZeneca, Pfizer/BioNTech",311511,188399,499910
2021-02-17,"Moderna, Oxford/AstraZeneca, Pfizer/BioNTech",321210,196706,517916
2021-02-18,"Moderna, Oxford/AstraZeneca, Pfizer/BioNTech",333539,204790,538329
2021-02-19,"Moderna, Oxford/AstraZeneca, Pfizer/BioNTech",345399,212167,557566
2021-02-20,"Moderna, Oxford/AstraZeneca, Pfizer/BioNTech",347402,213353,560755
2021-02-21,"Moderna, Oxford/AstraZeneca, Pfizer/BioNTech",348537,214377,562914
2021-02-22,"Moderna, Oxford/AstraZeneca, Pfizer/BioNTech",358663,220412,579075
2021-02-23,"Moderna, Oxford/AstraZeneca, Pfizer/BioNTech",371624,227401,599025
2021-02-24,"Moderna, Oxford/AstraZeneca, Pfizer/BioNTech",385501,233440,618941
2021-02-25,"Moderna, Oxford/AstraZeneca, Pfizer/BioNTech",403477,238992,642469
2021-02-26,"Moderna, Oxford/AstraZeneca, Pfizer/BioNTech",419653,244346,663999
2021-02-27,"Moderna, Oxford/AstraZeneca, Pfizer/BioNTech",422662,244905,667567
2021-02-28,"Moderna, Oxford/AstraZeneca, Pfizer/BioNTech",425017,245457,670474
2021-03-01,"Moderna, Oxford/AstraZeneca, Pfizer/BioNTech",444613,248908,693521
2021-03-02,"Moderna, Oxford/AstraZeneca, Pfizer/BioNTech",471843,252456,724299
2021-03-03,"Moderna, Oxford/AstraZeneca, Pfizer/BioNTech",502792,256962,759754
2021-03-04,"Moderna, Oxford/AstraZeneca, Pfizer/BioNTech",536079,261651,797730
2021-03-05,"Johnson&Johnson, Moderna, Oxford/AstraZeneca, Pfizer/BioNTech",564923,267076,831999
2021-03-06,"Johnson&Johnson, Moderna, Oxford/AstraZeneca, Pfizer/BioNTech",577075,267937,845012
2021-03-07,"Johnson&Johnson, Moderna, Oxford/AstraZeneca, Pfizer/BioNTech",588619,268779,857398
2021-03-08,"Johnson&Johnson, Moderna, Oxford/AstraZeneca, Pfizer/BioNTech",618370,273636,892006
2021-03-09,"Johnson&Johnson, Moderna, Oxford/AstraZeneca, Pfizer/BioNTech",654728,280021,934749
2021-03-10,"Johnson&Johnson, Moderna, Oxford/AstraZeneca, Pfizer/BioNTech",696051,286981,983032
2021-03-11,"Johnson&Johnson, Moderna, Oxford/AstraZeneca, Pfizer/BioNTech",740896,295354,1036250
2021-03-12,"Johnson&Johnson, Moderna, Oxford/AstraZeneca, Pfizer/BioNTech",779667,303850,1083517
2021-03-13,"Johnson&Johnson, Moderna, Oxford/AstraZeneca, Pfizer/BioNTech",796761,305162,1101923
2021-03-14,"Johnson&Johnson, Moderna, Oxford/AstraZeneca, Pfizer/BioNTech",808879,306316,1115195
2021-03-15,"Johnson&Johnson, Moderna, Oxford/AstraZeneca, Pfizer/BioNTech",837269,315097,1152366
2021-03-16,"Johnson&Johnson, Moderna, Oxford/AstraZeneca, Pfizer/BioNTech",876160,325636,1201796
2021-03-17,"Moderna, Oxford/AstraZeneca, Pfizer/BioNTech",913647,336146,1249793
2021-03-18,"Johnson&Johnson, Moderna, Oxford/AstraZeneca, Pfizer/BioNTech",951650,348564,1300214
2021-03-19,"Moderna, Oxford/AstraZeneca, Pfizer/BioNTech",986157,362175,1348332
2021-03-20,"Johnson&Johnson, Moderna, Oxford/AstraZeneca, Pfizer/BioNTech",1001322,364206,1365528
2021-03-21,"Johnson&Johnson, Moderna, Oxford/AstraZeneca, Pfizer/BioNTech",1008755,365765,1374520
2021-03-22,"Johnson&Johnson, Moderna, Oxford/AstraZeneca, Pfizer/BioNTech",1033337,378270,1411607
2021-03-23,"Johnson&Johnson, Moderna, Oxford/AstraZeneca, Pfizer/BioNTech",1060006,391631,1451637
2021-03-24,"Johnson&Johnson, Moderna, Oxford/AstraZeneca, Pfizer/BioNTech",1086884,407376,1494260
2021-03-25,"Moderna, Oxford/AstraZeneca, Pfizer/BioNTech",1113234,425229,1538463
2021-03-26,"Johnson&Johnson, Moderna, Oxford/AstraZeneca, Pfizer/BioNTech",1138068,442734,1580802
2021-03-27,"Johnson&Johnson, Moderna, Oxford/AstraZeneca, Pfizer/BioNTech",1146516,447580,1594096
2021-03-28,"Moderna, Oxford/AstraZeneca, Pfizer/BioNTech",1152059,451727,1603786
2021-03-29,"Johnson&Johnson, Moderna, Oxford/AstraZeneca, Pfizer/BioNTech",1171199,472466,1643665
2021-03-30,"Johnson&Johnson, Moderna, Oxford/AstraZeneca, Pfizer/BioNTech",1195895,494647,1690542
2021-03-31,"Johnson&Johnson, Moderna, Oxford/AstraZeneca, Pfizer/BioNTech",1219034,521715,1740749
2021-04-01,"Johnson&Johnson, Moderna, Oxford/AstraZeneca, Pfizer/BioNTech",1244698,553777,1798475
2021-04-02,"Johnson&Johnson, Moderna, Oxford/AstraZeneca, Pfizer/BioNTech",1251645,566569,1818214
2021-04-03,"Johnson&Johnson, Moderna, Oxford/AstraZeneca, Pfizer/BioNTech",1255282,577497,1832779
2021-04-04,"Johnson&Johnson, Moderna, Oxford/AstraZeneca, Pfizer/BioNTech",1257811,586419,1844230
2021-04-05,"Johnson&Johnson, Moderna, Oxford/AstraZeneca, Pfizer/BioNTech",1260229,593613,1853842
2021-04-06,"Johnson&Johnson, Moderna, Oxford/AstraZeneca, Pfizer/BioNTech",1276413,622876,1899289
2021-04-07,"Johnson&Johnson, Moderna, Oxford/AstraZeneca, Pfizer/BioNTech",1299876,645110,1944986
2021-04-08,"Johnson&Johnson, Moderna, Oxford/AstraZeneca, Pfizer/BioNTech",1338652,676145,2014797
2021-04-09,"Johnson&Johnson, Moderna, Oxford/AstraZeneca, Pfizer/BioNTech",1378232,706336,2084568
2021-04-10,"Johnson&Johnson, Moderna, Oxford/AstraZeneca, Pfizer/BioNTech",1393771,721637,2115408
2021-04-11,"Johnson&Johnson, Moderna, Oxford/AstraZeneca, Pfizer/BioNTech",1403569,731688,2135257
2021-04-12,"Johnson&Johnson, Moderna, Oxford/AstraZeneca, Pfizer/BioNTech",1441877,756833,2198710
2021-04-13,"Moderna, Oxford/AstraZeneca, Pfizer/BioNTech",1478164,782876,2261040
2021-04-14,"Moderna, Oxford/AstraZeneca, Pfizer/BioNTech",1517028,810244,2327272
2021-04-15,"Moderna, Oxford/AstraZeneca, Pfizer/BioNTech",1564847,836012,2400859
2021-04-16,"Moderna, Oxford/AstraZeneca, Pfizer/BioNTech",1609538,861683,2471221
2021-04-17,"Moderna, Oxford/AstraZeneca, Pfizer/BioNTech",1626242,870711,2496953
2021-04-18,"Moderna, Oxford/AstraZeneca, Pfizer/BioNTech",1639237,875695,2514932
2021-04-19,"Moderna, Oxford/AstraZeneca, Pfizer/BioNTech",1683199,891134,2574333
2021-04-20,"Johnson&Johnson, Moderna, Oxford/AstraZeneca, Pfizer/BioNTech",1725786,907006,2632792
2021-04-21,"Moderna, Oxford/AstraZeneca, Pfizer/BioNTech",1773545,921363,2694908
2021-04-22,"Johnson&Johnson, Moderna, Oxford/AstraZeneca, Pfizer/BioNTech",1828058,938757,2766815
2021-04-23,"Johnson&Johnson, Moderna, Oxford/AstraZeneca, Pfizer/BioNTech",1878056,950816,2828872
2021-04-24,"Johnson&Johnson, Moderna, Oxford/AstraZeneca, Pfizer/BioNTech",1895918,956071,2851989
2021-04-25,"Johnson&Johnson, Moderna, Oxford/AstraZeneca, Pfizer/BioNTech",1910623,960069,2870692
2021-04-26,"Johnson&Johnson, Moderna, Oxford/AstraZeneca, Pfizer/BioNTech",1960223,967624,2927847
2021-04-27,"Johnson&Johnson, Moderna, Oxford/AstraZeneca, Pfizer/BioNTech",2009213,979865,2989078
2021-04-28,"Johnson&Johnson, Moderna, Oxford/AstraZeneca, Pfizer/BioNTech",2067994,993877,3061871
2021-04-29,"Johnson&Johnson, Moderna, Oxford/AstraZeneca, Pfizer/BioNTech",2133596,1009782,3143378
2021-04-30,"Johnson&Johnson, Moderna, Oxford/AstraZeneca, Pfizer/BioNTech",2195873,1019766,3215639
2021-05-01,"Johnson&Johnson, Moderna, Oxford/AstraZeneca, Pfizer/BioNTech",2215236,1023222,3238458
2021-05-02,"Johnson&Johnson, Moderna, Oxford/AstraZeneca, Pfizer/BioNTech",2234174,1025502,3259676
2021-05-03,"Johnson&Johnson, Moderna, Oxford/AstraZeneca, Pfizer/BioNTech",2301453,1030571,3332024
2021-05-04,"Johnson&Johnson, Moderna, Oxford/AstraZeneca, Pfizer/BioNTech",2368001,1038927,3406928
2021-05-05,"Johnson&Johnson, Moderna, Oxford/AstraZeneca, Pfizer/BioNTech",2441203,1048348,3489551
2021-05-06,"Johnson&Johnson, Moderna, Oxford/AstraZeneca, Pfizer/BioNTech",2521636,1059088,3580724
2021-05-07,"Johnson&Johnson, Moderna, Oxford/AstraZeneca, Pfizer/BioNTech",2598961,1069215,3668176
2021-05-08,"Johnson&Johnson, Moderna, Oxford/AstraZeneca, Pfizer/BioNTech",2628456,1070995,3699451
2021-05-09,"Johnson&Johnson, Moderna, Oxford/AstraZeneca, Pfizer/BioNTech",2652690,1072210,3724900
2021-05-10,"Johnson&Johnson, Moderna, Oxford/AstraZeneca, Pfizer/BioNTech",2725496,1079443,3804939
2021-05-11,"Johnson&Johnson, Moderna, Oxford/AstraZeneca, Pfizer/BioNTech",2801634,1088267,3889901
2021-05-12,"Johnson&Johnson, Moderna, Oxford/AstraZeneca, Pfizer/BioNTech",2881560,1097392,3978952
2021-05-13,"Johnson&Johnson, Moderna, Oxford/AstraZeneca, Pfizer/BioNTech",2965602,1106565,4072167
2021-05-14,"Johnson&Johnson, Moderna, Oxford/AstraZeneca, Pfizer/BioNTech",3045113,1114368,4159481
2021-05-15,"Johnson&Johnson, Moderna, Oxford/AstraZeneca, Pfizer/BioNTech",3077053,1116634,4193687
2021-05-16,"Johnson&Johnson, Moderna, Oxford/AstraZeneca, Pfizer/BioNTech",3102860,1117909,4220769
2021-05-17,"Johnson&Johnson, Moderna, Oxford/AstraZeneca, Pfizer/BioNTech",3175408,1124648,4300056
2021-05-18,"Johnson&Johnson, Moderna, Oxford/AstraZeneca, Pfizer/BioNTech",3247374,1137749,4385123
2021-05-19,"Johnson&Johnson, Moderna, Oxford/AstraZeneca, Pfizer/BioNTech",3324858,1152907,4477765
2021-05-20,"Johnson&Johnson, Moderna, Oxford/AstraZeneca, Pfizer/BioNTech",3400347,1179962,4580309
2021-05-21,"Johnson&Johnson, Moderna, Oxford/AstraZeneca, Pfizer/BioNTech",3469170,1207747,4676917
2021-05-22,"Johnson&Johnson, Moderna, Oxford/AstraZeneca, Pfizer/BioNTech",3501603,1218964,4720567
2021-05-23,"Johnson&Johnson, Moderna, Oxford/AstraZeneca, Pfizer/BioNTech",3524020,1228005,4752025
2021-05-24,"Johnson&Johnson, Moderna, Oxford/AstraZeneca, Pfizer/BioNTech",3571180,1261676,4832856
2021-05-25,"Johnson&Johnson, Moderna, Oxford/AstraZeneca, Pfizer/BioNTech",3623069,1297505,4920574
2021-05-26,"Johnson&Johnson, Moderna, Oxford/AstraZeneca, Pfizer/BioNTech",3690856,1335053,5025909
2021-05-27,"Johnson&Johnson, Moderna, Oxford/AstraZeneca, Pfizer/BioNTech",3752285,1382405,5134690
2021-05-28,"Johnson&Johnson, Moderna, Oxford/AstraZeneca, Pfizer/BioNTech",3814020,1428994,5243014
2021-05-29,"Johnson&Johnson, Moderna, Oxford/AstraZeneca, Pfizer/BioNTech",3843253,1446110,5289363
2021-05-30,"Johnson&Johnson, Moderna, Oxford/AstraZeneca, Pfizer/BioNTech",3865656,1460563,5326219
2021-05-31,"Johnson&Johnson, Moderna, Oxford/AstraZeneca, Pfizer/BioNTech",3921414,1508089,5429503
2021-06-01,"Johnson&Johnson, Moderna, Oxford/AstraZeneca, Pfizer/BioNTech",3980487,1556964,5537451
2021-06-02,"Johnson&Johnson, Moderna, Oxford/AstraZeneca, Pfizer/BioNTech",4043436,1610970,5654406
2021-06-03,"Johnson&Johnson, Moderna, Oxford/AstraZeneca, Pfizer/BioNTech",4101687,1671199,5772886
2021-06-04,"Johnson&Johnson, Moderna, Oxford/AstraZeneca, Pfizer/BioNTech",4164809,1728629,5893438
2021-06-05,"Johnson&Johnson, Moderna, Oxford/AstraZeneca, Pfizer/BioNTech",4198982,1747519,5946501
2021-06-06,"Johnson&Johnson, Moderna, Oxford/AstraZeneca, Pfizer/BioNTech",4225923,1762677,5988600
2021-06-07,"Johnson&Johnson, Moderna, Oxford/AstraZeneca, Pfizer/BioNTech",4289611,1818327,6107938
2021-06-08,"Johnson&Johnson, Moderna, Oxford/AstraZeneca, Pfizer/BioNTech",4353598,1873335,6226933
2021-06-09,"Johnson&Johnson, Moderna, Oxford/AstraZeneca, Pfizer/BioNTech",4412805,1938002,6350807
2021-06-10,"Johnson&Johnson, Moderna, Oxford/AstraZeneca, Pfizer/BioNTech",4466665,2009291,6475956
2021-06-11,"Johnson&Johnson, Moderna, Oxford/AstraZeneca, Pfizer/BioNTech",4518777,2079107,6597884
2021-06-12,"Johnson&Johnson, Moderna, Oxford/AstraZeneca, Pfizer/BioNTech",4550798,2099923,6650721
2021-06-13,"Johnson&Johnson, Moderna, Oxford/AstraZeneca, Pfizer/BioNTech",4574833,2118348,6693181
2021-06-14,"Johnson&Johnson, Moderna, Oxford/AstraZeneca, Pfizer/BioNTech",4617919,2192753,6810672
2021-06-15,"Johnson&Johnson, Moderna, Oxford/AstraZeneca, Pfizer/BioNTech",4662589,2265145,6927734
2021-06-16,"Johnson&Johnson, Moderna, Oxford/AstraZeneca, Pfizer/BioNTech",4705372,2343397,7048769
2021-06-17,"Johnson&Johnson, Moderna, Oxford/AstraZeneca, Pfizer/BioNTech",4744781,2426501,7171282
2021-06-18,"Johnson&Johnson, Moderna, Oxford/AstraZeneca, Pfizer/BioNTech",4787210,2507065,7294275
2021-06-19,"Johnson&Johnson, Moderna, Oxford/AstraZeneca, Pfizer/BioNTech",4808980,2536382,7345362
2021-06-20,"Johnson&Johnson, Moderna, Oxford/AstraZeneca, Pfizer/BioNTech",4826369,2560238,7386607
2021-06-21,"Johnson&Johnson, Moderna, Oxford/AstraZeneca, Pfizer/BioNTech",4858867,2638853,7497720
2021-06-22,"Johnson&Johnson, Moderna, Oxford/AstraZeneca, Pfizer/BioNTech",4891817,2721159,7612976
2021-06-23,"Johnson&Johnson, Moderna, Oxford/AstraZeneca, Pfizer/BioNTech",4923488,2806397,7729885
2021-06-24,"Johnson&Johnson, Moderna, Oxford/AstraZeneca, Pfizer/BioNTech",4953328,2896436,7849764
2021-06-25,"Johnson&Johnson, Moderna, Oxford/AstraZeneca, Pfizer/BioNTech",4984396,2982649,7967045
2021-06-26,"Johnson&Johnson, Moderna, Oxford/AstraZeneca, Pfizer/BioNTech",5000286,3017505,8017791
2021-06-27,"Johnson&Johnson, Moderna, Oxford/AstraZeneca, Pfizer/BioNTech",5014242,3044191,8058433
2021-06-28,"Johnson&Johnson, Moderna, Oxford/AstraZeneca, Pfizer/BioNTech",5042653,3129408,8172061
2021-06-29,"Johnson&Johnson, Moderna, Oxford/AstraZeneca, Pfizer/BioNTech",5071931,3215910,8287841
2021-06-30,"Johnson&Johnson, Moderna, Oxford/AstraZeneca, Pfizer/BioNTech",5099424,3306932,8406356
2021-07-01,"Johnson&Johnson, Moderna, Oxford/AstraZeneca, Pfizer/BioNTech",5123396,3397020,8520416
2021-07-02,"Johnson&Johnson, Moderna, Oxford/AstraZeneca, Pfizer/BioNTech",5150111,3482905,8633016
2021-07-03,"Johnson&Johnson, Moderna, Oxford/AstraZeneca, Pfizer/BioNTech",5157201,3514435,8671636
2021-07-04,"Johnson&Johnson, Moderna, Oxford/AstraZeneca, Pfizer/BioNTech",5164762,3536240,8701002
2021-07-05,"Johnson&Johnson, Moderna, Oxford/AstraZeneca, Pfizer/BioNTech",5172145,3561620,8733765
2021-07-06,"Johnson&Johnson, Moderna, Oxford/AstraZeneca, Pfizer/BioNTech",5177578,3589299,8766877
2021-07-07,"Johnson&Johnson, Moderna, Oxford/AstraZeneca, Pfizer/BioNTech",5203387,3668301,8871688
2021-07-08,"Johnson&Johnson, Moderna, Oxford/AstraZeneca, Pfizer/BioNTech",5229991,3738634,8968625
2021-07-09,"Johnson&Johnson, Moderna, Oxford/AstraZeneca, Pfizer/BioNTech",5257917,3807950,9065867
2021-07-10,"Johnson&Johnson, Moderna, Oxford/AstraZeneca, Pfizer/BioNTech",5267277,3836607,9103884
2021-07-11,"Johnson&Johnson, Moderna, Oxford/AstraZeneca, Pfizer/BioNTech",5275811,3859493,9135304
2021-07-12,"Johnson&Johnson, Moderna, Oxford/AstraZeneca, Pfizer/BioNTech",5303319,3928589,9231908
2021-07-13,"Johnson&Johnson, Moderna, Oxford/AstraZeneca, Pfizer/BioNTech",5329507,3998459,9327966
2021-07-14,"Johnson&Johnson, Moderna, Oxford/AstraZeneca, Pfizer/BioNTech",5355319,4070451,9425770
2021-07-15,"Johnson&Johnson, Moderna, Oxford/AstraZeneca, Pfizer/BioNTech",5384477,4136459,9520936
2021-07-16,"Johnson&Johnson, Moderna, Oxford/AstraZeneca, Pfizer/BioNTech",5412396,4209186,9621582
2021-07-17,"Johnson&Johnson, Moderna, Oxford/AstraZeneca, Pfizer/BioNTech",5421172,4240635,9661807
2021-07-18,"Johnson&Johnson, Moderna, Oxford/AstraZeneca, Pfizer/BioNTech",5429613,4266638,9696251
2021-07-19,"Johnson&Johnson, Moderna, Oxford/AstraZeneca, Pfizer/BioNTech",5452958,4333666,9786624
2021-07-20,"Johnson&Johnson, Moderna, Oxford/AstraZeneca, Pfizer/BioNTech",5474340,4400723,9875063
2021-07-21,"Johnson&Johnson, Moderna, Oxford/AstraZeneca, Pfizer/BioNTech",5497789,4464180,9961969
2021-07-22,"Johnson&Johnson, Moderna, Oxford/AstraZeneca, Pfizer/BioNTech",5520146,4522805,10042951
2021-07-23,"Johnson&Johnson, Moderna, Oxford/AstraZeneca, Pfizer/BioNTech",5543351,4577541,10120892
2021-07-24,"Johnson&Johnson, Moderna, Oxford/AstraZeneca, Pfizer/BioNTech",5550675,4605209,10155884
2021-07-25,"Johnson&Johnson, Moderna, Oxford/AstraZeneca, Pfizer/BioNTech",5557293,4627333,10184626
2021-07-26,"Johnson&Johnson, Moderna, Oxford/AstraZeneca, Pfizer/BioNTech",5580837,4676004,10256841
2021-07-27,"Johnson&Johnson, Moderna, Oxford/AstraZeneca, Pfizer/BioNTech",5603560,4722625,10326185
2021-07-28,"Johnson&Johnson, Moderna, Oxford/AstraZeneca, Pfizer/BioNTech",5624806,4768598,10393404
2021-07-29,"Johnson&Johnson, Moderna, Oxford/AstraZeneca, Pfizer/BioNTech",5646125,4810541,10456666
2021-07-30,"Johnson&Johnson, Moderna, Oxford/AstraZeneca, Pfizer/BioNTech",5669396,4853086,10522482
2021-07-31,"Johnson&Johnson, Moderna, Oxford/AstraZeneca, Pfizer/BioNTech",5678317,4872607,10550924
2021-08-01,"Johnson&Johnson, Moderna, Oxford/AstraZeneca, Pfizer/BioNTech",5685039,4888771,10573810
2021-08-02,"Johnson&Johnson, Moderna, Oxford/AstraZeneca, Pfizer/BioNTech",5703670,4926305,10629975
2021-08-03,"Johnson&Johnson, Moderna, Oxford/AstraZeneca, Pfizer/BioNTech",5721295,4964389,10685684
2021-08-04,"Johnson&Johnson, Moderna, Oxford/AstraZeneca, Pfizer/BioNTech",5737392,5001111,10738503
2021-08-05,"Johnson&Johnson, Moderna, Oxford/AstraZeneca, Pfizer/BioNTech",5753429,5041571,10795000
2021-08-06,"Johnson&Johnson, Moderna, Oxford/AstraZeneca, Pfizer/BioNTech",5770207,5084835,10855042
2021-08-07,"Johnson&Johnson, Moderna, Oxford/AstraZeneca, Pfizer/BioNTech",5775803,5102997,10878800
2021-08-08,"Johnson&Johnson, Moderna, Oxford/AstraZeneca, Pfizer/BioNTech",5780160,5118741,10898901
2021-08-09,"Johnson&Johnson, Moderna, Oxford/AstraZeneca, Pfizer/BioNTech",5792794,5163773,10956567
2021-08-10,"Johnson&Johnson, Moderna, Oxford/AstraZeneca, Pfizer/BioNTech",5804632,5203312,11007944
2021-08-11,"Johnson&Johnson, Moderna, Oxford/AstraZeneca, Pfizer/BioNTech",5815989,5246433,11062422
2021-08-12,"Johnson&Johnson, Moderna, Oxford/AstraZeneca, Pfizer/BioNTech",5827406,5283528,11110934
2021-08-13,"Johnson&Johnson, Moderna, Oxford/AstraZeneca, Pfizer/BioNTech",5838125,5323848,11161973
2021-08-14,"Johnson&Johnson, Moderna, Oxford/AstraZeneca, Pfizer/BioNTech",5841459,5334539,11175998
2021-08-15,"Johnson&Johnson, Moderna, Oxford/AstraZeneca, Pfizer/BioNTech",5844042,5344903,11188945
2021-08-16,"Johnson&Johnson, Moderna, Oxford/AstraZeneca, Pfizer/BioNTech",5853831,5378953,11232784
2021-08-17,"Johnson&Johnson, Moderna, Oxford/AstraZeneca, Pfizer/BioNTech",5863425,5406035,11269460
2021-08-18,"Johnson&Johnson, Moderna, Oxford/AstraZeneca, Pfizer/BioNTech",5872795,5444888,11317683
2021-08-19,"Johnson&Johnson, Moderna, Oxford/AstraZeneca, Pfizer/BioNTech",5882460,5483220,11365680
2021-08-20,"Johnson&Johnson, Moderna, Oxford/AstraZeneca, Pfizer/BioNTech",5893845,5523395,11417240
2021-08-21,"Johnson&Johnson, Moderna, Oxford/AstraZeneca, Pfizer/BioNTech",5896565,5536146,11432711
2021-08-22,"Johnson&Johnson, Moderna, Oxford/AstraZeneca, Pfizer/BioNTech",5898904,5548103,11447007
2021-08-23,"Johnson&Johnson, Moderna, Oxford/AstraZeneca, Pfizer/BioNTech",5909432,5587351,11496783
2021-08-24,"Johnson&Johnson, Moderna, Oxford/AstraZeneca, Pfizer/BioNTech",5919299,5620579,11539878
2021-08-25,"Johnson&Johnson, Moderna, Oxford/AstraZeneca, Pfizer/BioNTech",5928165,5648936,11577101
2021-08-26,"Johnson&Johnson, Moderna, Oxford/AstraZeneca, Pfizer/BioNTech",5936611,5675046,11611657
2021-08-27,"Johnson&Johnson, Moderna, Oxford/AstraZeneca, Pfizer/BioNTech",5946931,5700992,11647923
2021-08-28,"Johnson&Johnson, Moderna, Oxford/AstraZeneca, Pfizer/BioNTech",5949657,5708031,11657688
2021-08-29,"Johnson&Johnson, Moderna, Oxford/AstraZeneca, Pfizer/BioNTech",5952064,5714650,11666714
2021-08-30,"Johnson&Johnson, Moderna, Oxford/AstraZeneca, Pfizer/BioNTech",5960591,5736511,11697102
2021-08-31,"Johnson&Johnson, Moderna, Oxford/AstraZeneca, Pfizer/BioNTech",5968265,5754586,11722851
2021-09-01,"Johnson&Johnson, Moderna, Oxford/AstraZeneca, Pfizer/BioNTech",5974155,5768572,11742727
2021-09-02,"Johnson&Johnson, Moderna, Oxford/AstraZeneca, Pfizer/BioNTech",5980993,5782951,11763944
2021-09-03,"Johnson&Johnson, Moderna, Oxford/AstraZeneca, Pfizer/BioNTech",5990551,5798651,11789202
2021-09-04,"Johnson&Johnson, Moderna, Oxford/AstraZeneca, Pfizer/BioNTech",5992619,5802201,11794820
2021-09-05,"Johnson&Johnson, Moderna, Oxford/AstraZeneca, Pfizer/BioNTech",5994657,5805042,11799699
2021-09-06,"Johnson&Johnson, Moderna, Oxford/AstraZeneca, Pfizer/BioNTech",6000893,5817563,11818456
2021-09-07,"Johnson&Johnson, Moderna, Oxford/AstraZeneca, Pfizer/BioNTech",6005284,5828652,11833936
2021-09-08,"Johnson&Johnson, Moderna, Oxford/AstraZeneca, Pfizer/BioNTech",6010952,5838489,11849441
2021-09-09,"Johnson&Johnson, Moderna, Oxford/AstraZeneca, Pfizer/BioNTech",6017636,5848544,11866180
2021-09-10,"Johnson&Johnson, Moderna, Oxford/AstraZeneca, Pfizer/BioNTech",6025322,5860711,11886033
2021-09-11,"Johnson&Johnson, Moderna, Oxford/AstraZeneca, Pfizer/BioNTech",6027185,5863189,11890374
2021-09-12,"Johnson&Johnson, Moderna, Oxford/AstraZeneca, Pfizer/BioNTech",6028298,5864816,11893114
2021-09-13,"Johnson&Johnson, Moderna, Oxford/AstraZeneca, Pfizer/BioNTech",6033729,5875105,11908834
2021-09-14,"Johnson&Johnson, Moderna, Oxford/AstraZeneca, Pfizer/BioNTech",6039116,5884114,11923230
2021-09-15,"Johnson&Johnson, Moderna, Oxford/AstraZeneca, Pfizer/BioNTech",6044312,5892630,11936942
2021-09-16,"Johnson&Johnson, Moderna, Oxford/AstraZeneca, Pfizer/BioNTech",6049654,5900897,11950551
2021-09-17,"Johnson&Johnson, Moderna, Oxford/AstraZeneca, Pfizer/BioNTech",6056223,5911122,11967345
2021-09-18,"Johnson&Johnson, Moderna, Oxford/AstraZeneca, Pfizer/BioNTech",6057947,5913478,11971425
2021-09-19,"Johnson&Johnson, Moderna, Oxford/AstraZeneca, Pfizer/BioNTech",6058888,5915043,11973931
2021-09-20,"Johnson&Johnson, Moderna, Oxford/AstraZeneca, Pfizer/BioNTech",6062903,5923238,11986141
2021-09-21,"Johnson&Johnson, Moderna, Oxford/AstraZeneca, Pfizer/BioNTech",6067130,5930764,11997894
2021-09-22,"Johnson&Johnson, Moderna, Oxford/AstraZeneca, Pfizer/BioNTech",6071310,5936274,12007584
2021-09-23,"Johnson&Johnson, Moderna, Oxford/AstraZeneca, Pfizer/BioNTech",6076283,5942674,12018957
2021-09-24,"Johnson&Johnson, Moderna, Oxford/AstraZeneca, Pfizer/BioNTech",6082043,5952292,12034335
2021-09-25,"Johnson&Johnson, Moderna, Oxford/AstraZeneca, Pfizer/BioNTech",6083537,5954288,12037825
2021-09-26,"Johnson&Johnson, Moderna, Pfizer/BioNTech",6084278,5955925,12040203
2021-09-27,"Johnson&Johnson, Moderna, Oxford/AstraZeneca, Pfizer/BioNTech",6088156,5962430,12050586
2021-09-28,"Johnson&Johnson, Moderna, Pfizer/BioNTech",6088518,5963050,12051568
2021-09-29,"Johnson&Johnson, Moderna, Oxford/AstraZeneca, Pfizer/BioNTech",6092293,5970509,12062802
2021-09-30,"Johnson&Johnson, Moderna, Oxford/AstraZeneca, Pfizer/BioNTech",6096793,5978203,12074996
2021-10-01,"Johnson&Johnson, Moderna, Oxford/AstraZeneca, Pfizer/BioNTech",6101087,5986171,12087258
2021-10-02,"Johnson&Johnson, Moderna, Oxford/AstraZeneca, Pfizer/BioNTech",6102148,5987707,12089855
2021-10-03,"Johnson&Johnson, Moderna, Pfizer/BioNTech",6102870,5988573,12091443
2021-10-04,"Johnson&Johnson, Moderna, Oxford/AstraZeneca, Pfizer/BioNTech",6105945,5994138,12100083
2021-10-05,"Johnson&Johnson, Moderna, Oxford/AstraZeneca, Pfizer/BioNTech",6109104,5999208,12108312
2021-10-06,"Johnson&Johnson, Moderna, Oxford/AstraZeneca, Pfizer/BioNTech",6112616,6004373,12116989
2021-10-07,"Johnson&Johnson, Moderna, Oxford/AstraZeneca, Pfizer/BioNTech",6115886,6009623,12125509
2021-10-08,"Johnson&Johnson, Moderna, Oxford/AstraZeneca, Pfizer/BioNTech",6120677,6016255,12136932
2021-10-09,"Johnson&Johnson, Moderna, Oxford/AstraZeneca, Pfizer/BioNTech",6121920,6017907,12139827
2021-10-10,"Johnson&Johnson, Moderna, Oxford/AstraZeneca, Pfizer/BioNTech",6122860,6018736,12141596
2021-10-11,"Johnson&Johnson, Moderna, Oxford/AstraZeneca, Pfizer/BioNTech",6125790,6023146,12148936
2021-10-12,"Johnson&Johnson, Moderna, Oxford/AstraZeneca, Pfizer/BioNTech",6128715,6027144,12155859
2021-10-13,"Johnson&Johnson, Moderna, Oxford/AstraZeneca, Pfizer/BioNTech",6132247,6031324,12163571
2021-10-14,"Johnson&Johnson, Moderna, Oxford/AstraZeneca, Pfizer/BioNTech",6135922,6036269,12172191
2021-10-15,"Johnson&Johnson, Moderna, Oxford/AstraZeneca, Pfizer/BioNTech",6141148,6042408,12183556
2021-10-16,"Johnson&Johnson, Moderna, Oxford/AstraZeneca, Pfizer/BioNTech",6142561,6043929,12186490
2021-10-17,"Johnson&Johnson, Moderna, Pfizer/BioNTech",6143884,6044982,12188866
2021-10-18,"Johnson&Johnson, Moderna, Oxford/AstraZeneca, Pfizer/BioNTech",6147997,6049073,12197070
2021-10-19,"Johnson&Johnson, Moderna, Oxford/AstraZeneca, Pfizer/BioNTech",6151574,6051166,12202740
2021-10-20,"Johnson&Johnson, Moderna, Oxford/AstraZeneca, Pfizer/BioNTech",6156449,6055611,12212060
2021-10-21,"Johnson&Johnson, Moderna, Oxford/AstraZeneca, Pfizer/BioNTech",6164216,6061208,12225424
2021-10-22,"Johnson&Johnson, Moderna, Oxford/AstraZeneca, Pfizer/BioNTech",6174660,6067707,12242367
2021-10-23,"Johnson&Johnson, Moderna, Oxford/AstraZeneca, Pfizer/BioNTech",6178336,6069915,12248251
2021-10-24,"Johnson&Johnson, Moderna, Pfizer/BioNTech",6181019,6071694,12252713
2021-10-25,"Johnson&Johnson, Moderna, Oxford/AstraZeneca, Pfizer/BioNTech",6191510,6077495,12269005
2021-10-26,"Johnson&Johnson, Moderna, Oxford/AstraZeneca, Pfizer/BioNTech",6203494,6084037,12287531
2021-10-27,"Johnson&Johnson, Moderna, Oxford/AstraZeneca, Pfizer/BioNTech",6218097,6091434,12309531
2021-10-28,"Johnson&Johnson, Moderna, Oxford/AstraZeneca, Pfizer/BioNTech",6221514,6093109,12314623
2021-10-29,"Johnson&Johnson, Moderna, Oxford/AstraZeneca, Pfizer/BioNTech",6235933,6101078,12337011
2021-10-30,"Johnson&Johnson, Moderna, Pfizer/BioNTech",6240463,6103997,12344460
2021-10-31,"Johnson&Johnson, Moderna, Oxford/AstraZeneca, Pfizer/BioNTech",6244225,6106467,12350692
2021-11-01,"Johnson&Johnson, Moderna, Oxford/AstraZeneca, Pfizer/BioNTech",6259423,6114151,12373574
2021-11-02,"Johnson&Johnson, Moderna, Oxford/AstraZeneca, Pfizer/BioNTech",6274871,6121699,12396570
2021-11-03,"Johnson&Johnson, Moderna, Oxford/AstraZeneca, Pfizer/BioNTech",6292047,6128987,12421034
2021-11-04,"Johnson&Johnson, Moderna, Oxford/AstraZeneca, Pfizer/BioNTech",6310396,6137157,12447553
2021-11-05,"Johnson&Johnson, Moderna, Oxford/AstraZeneca, Pfizer/BioNTech",6333197,6148424,12481621
2021-11-06,"Johnson&Johnson, Moderna, Pfizer/BioNTech",6339709,6151474,12491183
2021-11-07,"Johnson&Johnson, Moderna, Pfizer/BioNTech",6343730,6153909,12497639
2021-11-08,"Johnson&Johnson, Moderna, Oxford/AstraZeneca, Pfizer/BioNTech",6360003,6161538,12521541
2021-11-09,"Johnson&Johnson, Moderna, Oxford/AstraZeneca, Pfizer/BioNTech",6374814,6168828,12543642
2021-11-10,"Johnson&Johnson, Moderna, Oxford/AstraZeneca, Pfizer/BioNTech",6390553,6176199,12566752
2021-11-11,"Johnson&Johnson, Moderna, Oxford/AstraZeneca, Pfizer/BioNTech",6406015,6185299,12591314
2021-11-12,"Johnson&Johnson, Moderna, Oxford/AstraZeneca, Pfizer/BioNTech",6425817,6198081,12623898
2021-11-13,"Johnson&Johnson, Moderna, Oxford/AstraZeneca, Pfizer/BioNTech",6431205,6201945,12633150
2021-11-14,"Johnson&Johnson, Moderna, Oxford/AstraZeneca, Pfizer/BioNTech",6435096,6204946,12640042
2021-11-15,"Johnson&Johnson, Moderna, Oxford/AstraZeneca, Pfizer/BioNTech",6450169,6215629,12665798
2021-11-16,"Johnson&Johnson, Moderna, Oxford/AstraZeneca, Pfizer/BioNTech",6467705,6227605,12695310
2021-11-17,"Johnson&Johnson, Moderna, Oxford/AstraZeneca, Pfizer/BioNTech",6471946,6231168,12703114
2021-11-18,"Johnson&Johnson, Moderna, Oxford/AstraZeneca, Pfizer/BioNTech",6491353,6242847,12734200
2021-11-19,"Johnson&Johnson, Moderna, Oxford/AstraZeneca, Pfizer/BioNTech",6515958,6259815,12775773
2021-11-20,"Johnson&Johnson, Moderna, Pfizer/BioNTech",6524530,6264791,12789321
2021-11-21,"Johnson&Johnson, Moderna, Pfizer/BioNTech",6531303,6268562,12799865
2021-11-22,"Johnson&Johnson, Moderna, Oxford/AstraZeneca, Pfizer/BioNTech",6549810,6282669,12832479
2021-11-23,"Johnson&Johnson, Moderna, Oxford/AstraZeneca, Pfizer/BioNTech",6568865,6295923,12864788
2021-11-24,"Johnson&Johnson, Moderna, Oxford/AstraZeneca, Pfizer/BioNTech",6587855,6311758,12899613
2021-11-25,"Johnson&Johnson, Moderna, Oxford/AstraZeneca, Pfizer/BioNTech",6607004,6326778,12933782
2021-11-26,"Johnson&Johnson, Moderna, Oxford/AstraZeneca, Pfizer/BioNTech",6628656,6345906,12974562
2021-11-27,"Johnson&Johnson, Moderna, Pfizer/BioNTech",6636121,6351457,12987578
2021-11-28,"Johnson&Johnson, Moderna, Oxford/AstraZeneca, Pfizer/BioNTech",6639457,6354590,12994047
2021-11-29,"Johnson&Johnson, Moderna, Oxford/AstraZeneca, Pfizer/BioNTech",6654661,6368242,13022903
2021-11-30,"Johnson&Johnson, Moderna, Oxford/AstraZeneca, Pfizer/BioNTech",6667854,6379475,13047329
2021-12-01,"Johnson&Johnson, Moderna, Oxford/AstraZeneca, Pfizer/BioNTech",6681878,6391923,13073801
2021-12-02,"Johnson&Johnson, Moderna, Oxford/AstraZeneca, Pfizer/BioNTech",6692501,6404410,13096911
2021-12-03,"Johnson&Johnson, Moderna, Oxford/AstraZeneca, Pfizer/BioNTech",6702131,6419975,13122106
2021-12-04,"Johnson&Johnson, Moderna, Pfizer/BioNTech",6704690,6423921,13128611
2021-12-05,"Johnson&Johnson, Moderna, Pfizer/BioNTech",6706047,6426260,13132307
2021-12-06,"Johnson&Johnson, Moderna, Oxford/AstraZeneca, Pfizer/BioNTech",6714205,6437778,13151983
2021-12-07,"Johnson&Johnson, Moderna, Oxford/AstraZeneca, Pfizer/BioNTech",6722076,6449771,13171847
2021-12-08,"Johnson&Johnson, Moderna, Oxford/AstraZeneca, Pfizer/BioNTech",6730307,6455689,13185996
2021-12-09,"Johnson&Johnson, Moderna, Oxford/AstraZeneca, Pfizer/BioNTech",6737406,6468493,13205899
2021-12-10,"Johnson&Johnson, Moderna, Oxford/AstraZeneca, Pfizer/BioNTech",6744301,6486287,13230588
2021-12-11,"Johnson&Johnson, Moderna, Pfizer/BioNTech",6745960,6491557,13237517
2021-12-12,"Johnson&Johnson, Moderna, Pfizer/BioNTech",6747267,6495986,13243253
2021-12-13,"Johnson&Johnson, Moderna, Oxford/AstraZeneca, Pfizer/BioNTech",6753613,6509289,13262902
2021-12-14,"Johnson&Johnson, Moderna, Oxford/AstraZeneca, Pfizer/BioNTech",6759819,6522951,13282770
2021-12-15,"Johnson&Johnson, Moderna, Oxford/AstraZeneca, Pfizer/BioNTech",6766001,6536548,13302549
2021-12-16,"Johnson&Johnson, Moderna, Oxford/AstraZeneca, Pfizer/BioNTech",6772917,6551380,13324297
2021-12-17,"Johnson&Johnson, Moderna, Oxford/AstraZeneca, Pfizer/BioNTech",6781250,6568628,13349878
2021-12-18,"Johnson&Johnson, Moderna, Oxford/AstraZeneca, Pfizer/BioNTech",6783846,6574072,13357918
2021-12-19,"Johnson&Johnson, Moderna, Pfizer/BioNTech",6785616,6576573,13362189
2021-12-20,"Johnson&Johnson, Moderna, Oxford/AstraZeneca, Pfizer/BioNTech",6791393,6590601,13381994
2021-12-21,"Johnson&Johnson, Moderna, Oxford/AstraZeneca, Pfizer/BioNTech",6798019,6602583,13400602
2021-12-22,"Johnson&Johnson, Moderna, Oxford/AstraZeneca, Pfizer/BioNTech",6803052,6615615,13418667
2021-12-23,"Johnson&Johnson, Moderna, Oxford/AstraZeneca, Pfizer/BioNTech",6805907,6621211,13427118
2021-12-24,"Johnson&Johnson, Moderna, Pfizer/BioNTech",6805949,6621310,13427259
2021-12-25,"Moderna, Pfizer/BioNTech",6805949,6621317,13427266
2021-12-26,"Moderna, Pfizer/BioNTech",6806047,6621515,13427562
2021-12-27,"Johnson&Johnson, Moderna, Pfizer/BioNTech",6809873,6631235,13441108
2021-12-28,"Johnson&Johnson, Moderna, Pfizer/BioNTech",6815089,6639186,13454275
2021-12-29,"Johnson&Johnson, Moderna, Oxford/AstraZeneca, Pfizer/BioNTech",6819360,6646885,13466245
2021-12-30,"Johnson&Johnson, Moderna, Pfizer/BioNTech",6823651,6652297,13475948
2021-12-31,"Johnson&Johnson, Moderna, Pfizer/BioNTech",6824154,6653709,13477863
2022-01-01,"Johnson&Johnson, Moderna, Pfizer/BioNTech",6824155,6653727,13477882
2022-01-02,"Johnson&Johnson, Moderna, Pfizer/BioNTech",6825004,6655106,13480110
2022-01-03,"Johnson&Johnson, Moderna, Oxford/AstraZeneca, Pfizer/BioNTech",6828961,6663971,13492932
2022-01-04,"Johnson&Johnson, Moderna, Oxford/AstraZeneca, Pfizer/BioNTech",6834046,6671724,13505770
2022-01-05,"Johnson&Johnson, Moderna, Oxford/AstraZeneca, Pfizer/BioNTech",6839823,6679634,13519457
2022-01-06,"Johnson&Johnson, Moderna, Oxford/AstraZeneca, Pfizer/BioNTech",6846401,6688004,13534405
2022-01-07,"Johnson&Johnson, Moderna, Oxford/AstraZeneca, Pfizer/BioNTech",6854232,6698262,13552494
2022-01-08,"Johnson&Johnson, Moderna, Oxford/AstraZeneca, Pfizer/BioNTech",6856702,6701035,13557737
2022-01-09,"Johnson&Johnson, Moderna, Pfizer/BioNTech",6857786,6702734,13560520
2022-01-10,"Johnson&Johnson, Moderna, Oxford/AstraZeneca, Pfizer/BioNTech",6862197,6708822,13571019
2022-01-11,"Johnson&Johnson, Moderna, Oxford/AstraZeneca, Pfizer/BioNTech",6867449,6715509,13582958
2022-01-12,"Johnson&Johnson, Moderna, Oxford/AstraZeneca, Pfizer/BioNTech",6873329,6721060,13594389
2022-01-13,"Johnson&Johnson, Moderna, Oxford/AstraZeneca, Pfizer/BioNTech",6879015,6725612,13604627
2022-01-14,"Johnson&Johnson, Moderna, Oxford/AstraZeneca, Pfizer/BioNTech",6884842,6728899,13613741
