date,vaccine,people_vaccinated,people_fully_vaccinated,total_vaccinations
2020-12-27,Pfizer/BioNTech,1287,0,1287
2020-12-28,Pfizer/BioNTech,3591,0,3591
2020-12-29,Pfizer/BioNTech,7062,1,7063
2020-12-30,Pfizer/BioNTech,10580,1,10581
2020-12-31,Pfizer/BioNTech,11891,1,11892
2021-01-01,"Moderna, Pfizer/BioNTech",12161,1,12162
2021-01-02,"Moderna, Pfizer/BioNTech",13445,1,13446
2021-01-03,"Moderna, Pfizer/BioNTech",14371,1,14372
2021-01-04,"Moderna, Pfizer/BioNTech",17985,1,17986
2021-01-05,"Moderna, Pfizer/BioNTech",22511,2,22513
2021-01-06,"Moderna, Pfizer/BioNTech",28358,3,28361
2021-01-07,"Moderna, Pfizer/BioNTech",36359,3,36362
2021-01-08,"Moderna, Pfizer/BioNTech",46413,4,46417
2021-01-09,"Moderna, Pfizer/BioNTech",48441,6,48447
2021-01-10,Pfizer/BioNTech,50212,8,50220
2021-01-11,"Moderna, Pfizer/BioNTech",60070,10,60080
2021-01-12,"Moderna, Pfizer/BioNTech",73527,12,73539
2021-01-13,"Moderna, Pfizer/BioNTech",87077,12,87089
2021-01-14,"Moderna, Pfizer/BioNTech",102334,16,102350
2021-01-15,"Moderna, Pfizer/BioNTech",116357,17,116374
2021-01-16,"Moderna, Pfizer/BioNTech",119761,21,119782
2021-01-17,"Moderna, Pfizer/BioNTech",122382,657,123039
2021-01-18,"Moderna, Pfizer/BioNTech",134876,2484,137360
2021-01-19,"Moderna, Pfizer/BioNTech",147490,5213,152703
2021-01-20,"Moderna, Pfizer/BioNTech",161189,7877,169066
2021-01-21,"Moderna, Pfizer/BioNTech",176846,9619,186465
2021-01-22,"Moderna, Pfizer/BioNTech",191740,10665,202405
2021-01-23,"Moderna, Pfizer/BioNTech",195059,11544,206603
2021-01-24,"Moderna, Pfizer/BioNTech",197315,12414,209729
2021-01-25,"Moderna, Pfizer/BioNTech",206970,15389,222359
2021-01-26,"Moderna, Pfizer/BioNTech",217519,19381,236900
2021-01-27,"Moderna, Pfizer/BioNTech",226552,23916,250468
2021-01-28,"Moderna, Pfizer/BioNTech",233657,30051,263708
2021-01-29,"Moderna, Pfizer/BioNTech",239875,37961,277836
2021-01-30,"Moderna, Pfizer/BioNTech",240616,39049,279665
2021-01-31,"Moderna, Pfizer/BioNTech",241334,40231,281565
2021-02-01,"Moderna, Pfizer/BioNTech",245316,48201,293517
2021-02-02,"Moderna, Pfizer/BioNTech",249470,58441,307911
2021-02-03,"Moderna, Pfizer/BioNTech",253896,69465,323361
2021-02-04,"Moderna, Pfizer/BioNTech",258804,82461,341265
2021-02-05,"Moderna, Pfizer/BioNTech",264279,93137,357416
2021-02-06,"Moderna, Oxford/AstraZeneca, Pfizer/BioNTech",265137,95503,360640
2021-02-07,"Moderna, Oxford/AstraZeneca, Pfizer/BioNTech",265989,98003,363992
2021-02-08,"Moderna, Oxford/AstraZeneca, Pfizer/BioNTech",270084,109434,379518
2021-02-09,"Moderna, Oxford/AstraZeneca, Pfizer/BioNTech",275192,121351,396543
2021-02-10,"Moderna, Oxford/AstraZeneca, Pfizer/BioNTech",280711,134614,415325
2021-02-11,"Moderna, Oxford/AstraZeneca, Pfizer/BioNTech",287054,150837,437891
2021-02-12,"Moderna, Oxford/AstraZeneca, Pfizer/BioNTech",293884,165586,459470
2021-02-13,"Moderna, Oxford/AstraZeneca, Pfizer/BioNTech",295501,168574,464075
2021-02-14,"Moderna, Oxford/AstraZeneca, Pfizer/BioNTech",296507,169960,466467
2021-02-15,"Moderna, Oxford/AstraZeneca, Pfizer/BioNTech",302906,179331,482237
2021-02-16,"Moderna, Oxford/AstraZeneca, Pfizer/BioNTech",311630,188415,500045
2021-02-17,"Moderna, Oxford/AstraZeneca, Pfizer/BioNTech",321333,196726,518059
2021-02-18,"Moderna, Oxford/AstraZeneca, Pfizer/BioNTech",333663,204810,538473
2021-02-19,"Moderna, Oxford/AstraZeneca, Pfizer/BioNTech",345529,212187,557716
2021-02-20,"Moderna, Oxford/AstraZeneca, Pfizer/BioNTech",347539,213373,560912
2021-02-21,"Moderna, Oxford/AstraZeneca, Pfizer/BioNTech",348676,214399,563075
2021-02-22,"Moderna, Oxford/AstraZeneca, Pfizer/BioNTech",358804,220437,579241
2021-02-23,"Moderna, Oxford/AstraZeneca, Pfizer/BioNTech",371768,227429,599197
2021-02-24,"Moderna, Oxford/AstraZeneca, Pfizer/BioNTech",385653,233472,619125
2021-02-25,"Moderna, Oxford/AstraZeneca, Pfizer/BioNTech",403637,239024,642661
2021-02-26,"Moderna, Oxford/AstraZeneca, Pfizer/BioNTech",419818,244386,664204
2021-02-27,"Moderna, Oxford/AstraZeneca, Pfizer/BioNTech",422828,244946,667774
2021-02-28,"Moderna, Oxford/AstraZeneca, Pfizer/BioNTech",425186,245498,670684
2021-03-01,"Moderna, Oxford/AstraZeneca, Pfizer/BioNTech",444788,248949,693737
2021-03-02,"Moderna, Oxford/AstraZeneca, Pfizer/BioNTech",472017,252499,724516
2021-03-03,"Moderna, Oxford/AstraZeneca, Pfizer/BioNTech",502978,257010,759988
2021-03-04,"Moderna, Oxford/AstraZeneca, Pfizer/BioNTech",536270,261701,797971
2021-03-05,"Johnson&Johnson, Moderna, Oxford/AstraZeneca, Pfizer/BioNTech",565117,267129,832246
2021-03-06,"Johnson&Johnson, Moderna, Oxford/AstraZeneca, Pfizer/BioNTech",577276,267995,845271
2021-03-07,"Johnson&Johnson, Moderna, Oxford/AstraZeneca, Pfizer/BioNTech",588825,268838,857663
2021-03-08,"Johnson&Johnson, Moderna, Oxford/AstraZeneca, Pfizer/BioNTech",618574,273701,892275
2021-03-09,"Johnson&Johnson, Moderna, Oxford/AstraZeneca, Pfizer/BioNTech",654944,280089,935033
2021-03-10,"Johnson&Johnson, Moderna, Oxford/AstraZeneca, Pfizer/BioNTech",696283,287050,983333
2021-03-11,"Johnson&Johnson, Moderna, Oxford/AstraZeneca, Pfizer/BioNTech",741140,295427,1036567
2021-03-12,"Johnson&Johnson, Moderna, Oxford/AstraZeneca, Pfizer/BioNTech",779907,303925,1083832
2021-03-13,"Johnson&Johnson, Moderna, Oxford/AstraZeneca, Pfizer/BioNTech",797017,305240,1102257
2021-03-14,"Johnson&Johnson, Moderna, Oxford/AstraZeneca, Pfizer/BioNTech",809136,306396,1115532
2021-03-15,"Johnson&Johnson, Moderna, Oxford/AstraZeneca, Pfizer/BioNTech",837534,315179,1152713
2021-03-16,"Johnson&Johnson, Moderna, Oxford/AstraZeneca, Pfizer/BioNTech",876430,325717,1202147
2021-03-17,"Moderna, Oxford/AstraZeneca, Pfizer/BioNTech",913921,336232,1250153
2021-03-18,"Johnson&Johnson, Moderna, Oxford/AstraZeneca, Pfizer/BioNTech",951926,348657,1300583
2021-03-19,"Johnson&Johnson, Moderna, Oxford/AstraZeneca, Pfizer/BioNTech",986443,362272,1348715
2021-03-20,"Johnson&Johnson, Moderna, Oxford/AstraZeneca, Pfizer/BioNTech",1001627,364303,1365930
2021-03-21,"Johnson&Johnson, Moderna, Oxford/AstraZeneca, Pfizer/BioNTech",1009072,365863,1374935
2021-03-22,"Johnson&Johnson, Moderna, Oxford/AstraZeneca, Pfizer/BioNTech",1033651,378368,1412019
2021-03-23,"Johnson&Johnson, Moderna, Oxford/AstraZeneca, Pfizer/BioNTech",1060326,391734,1452060
2021-03-24,"Johnson&Johnson, Moderna, Oxford/AstraZeneca, Pfizer/BioNTech",1087216,407483,1494699
2021-03-25,"Johnson&Johnson, Moderna, Oxford/AstraZeneca, Pfizer/BioNTech",1113574,425339,1538913
2021-03-26,"Johnson&Johnson, Moderna, Oxford/AstraZeneca, Pfizer/BioNTech",1138416,442853,1581269
2021-03-27,"Johnson&Johnson, Moderna, Oxford/AstraZeneca, Pfizer/BioNTech",1146876,447699,1594575
2021-03-28,"Moderna, Oxford/AstraZeneca, Pfizer/BioNTech",1152424,451847,1604271
2021-03-29,"Johnson&Johnson, Moderna, Oxford/AstraZeneca, Pfizer/BioNTech",1171583,472584,1644167
2021-03-30,"Johnson&Johnson, Moderna, Oxford/AstraZeneca, Pfizer/BioNTech",1196294,494772,1691066
2021-03-31,"Johnson&Johnson, Moderna, Oxford/AstraZeneca, Pfizer/BioNTech",1219452,521842,1741294
2021-04-01,"Johnson&Johnson, Moderna, Oxford/AstraZeneca, Pfizer/BioNTech",1245138,553903,1799041
2021-04-02,"Johnson&Johnson, Moderna, Oxford/AstraZeneca, Pfizer/BioNTech",1252118,566702,1818820
2021-04-03,"Johnson&Johnson, Moderna, Oxford/AstraZeneca, Pfizer/BioNTech",1255769,577634,1833403
2021-04-04,"Johnson&Johnson, Moderna, Oxford/AstraZeneca, Pfizer/BioNTech",1258311,586559,1844870
2021-04-05,"Johnson&Johnson, Moderna, Oxford/AstraZeneca, Pfizer/BioNTech",1260742,593763,1854505
2021-04-06,"Johnson&Johnson, Moderna, Oxford/AstraZeneca, Pfizer/BioNTech",1276958,623039,1899997
2021-04-07,"Johnson&Johnson, Moderna, Oxford/AstraZeneca, Pfizer/BioNTech",1300462,645285,1945747
2021-04-08,"Johnson&Johnson, Moderna, Oxford/AstraZeneca, Pfizer/BioNTech",1339275,676332,2015607
2021-04-09,"Johnson&Johnson, Moderna, Oxford/AstraZeneca, Pfizer/BioNTech",1378873,706531,2085404
2021-04-10,"Johnson&Johnson, Moderna, Oxford/AstraZeneca, Pfizer/BioNTech",1394442,721844,2116286
2021-04-11,"Johnson&Johnson, Moderna, Oxford/AstraZeneca, Pfizer/BioNTech",1404237,731900,2136137
2021-04-12,"Johnson&Johnson, Moderna, Oxford/AstraZeneca, Pfizer/BioNTech",1442559,757047,2199606
2021-04-13,"Moderna, Oxford/AstraZeneca, Pfizer/BioNTech",1478866,783088,2261954
2021-04-14,"Moderna, Oxford/AstraZeneca, Pfizer/BioNTech",1517751,810464,2328215
2021-04-15,"Moderna, Oxford/AstraZeneca, Pfizer/BioNTech",1565583,836244,2401827
2021-04-16,"Moderna, Oxford/AstraZeneca, Pfizer/BioNTech",1610296,861929,2472225
2021-04-17,"Moderna, Oxford/AstraZeneca, Pfizer/BioNTech",1627023,870956,2497979
2021-04-18,"Moderna, Oxford/AstraZeneca, Pfizer/BioNTech",1640022,875942,2515964
2021-04-19,"Johnson&Johnson, Moderna, Oxford/AstraZeneca, Pfizer/BioNTech",1683996,891386,2575382
2021-04-20,"Johnson&Johnson, Moderna, Oxford/AstraZeneca, Pfizer/BioNTech",1726584,907275,2633859
2021-04-21,"Moderna, Oxford/AstraZeneca, Pfizer/BioNTech",1774357,921643,2696000
2021-04-22,"Johnson&Johnson, Moderna, Oxford/AstraZeneca, Pfizer/BioNTech",1828885,939042,2767927
2021-04-23,"Johnson&Johnson, Moderna, Oxford/AstraZeneca, Pfizer/BioNTech",1878903,951109,2830012
2021-04-24,"Johnson&Johnson, Moderna, Oxford/AstraZeneca, Pfizer/BioNTech",1896780,956376,2853156
2021-04-25,"Johnson&Johnson, Moderna, Oxford/AstraZeneca, Pfizer/BioNTech",1911493,960379,2871872
2021-04-26,"Johnson&Johnson, Moderna, Oxford/AstraZeneca, Pfizer/BioNTech",1961105,967949,2929054
2021-04-27,"Johnson&Johnson, Moderna, Oxford/AstraZeneca, Pfizer/BioNTech",2010096,980201,2990297
2021-04-28,"Johnson&Johnson, Moderna, Oxford/AstraZeneca, Pfizer/BioNTech",2068877,994231,3063108
2021-04-29,"Johnson&Johnson, Moderna, Oxford/AstraZeneca, Pfizer/BioNTech",2134496,1010150,3144646
2021-04-30,"Johnson&Johnson, Moderna, Oxford/AstraZeneca, Pfizer/BioNTech",2196792,1020146,3216938
2021-05-01,"Johnson&Johnson, Moderna, Oxford/AstraZeneca, Pfizer/BioNTech",2216180,1023611,3239791
2021-05-02,"Johnson&Johnson, Moderna, Oxford/AstraZeneca, Pfizer/BioNTech",2235135,1025902,3261037
2021-05-03,"Johnson&Johnson, Moderna, Oxford/AstraZeneca, Pfizer/BioNTech",2302416,1030984,3333400
2021-05-04,"Johnson&Johnson, Moderna, Oxford/AstraZeneca, Pfizer/BioNTech",2368974,1039360,3408334
2021-05-05,"Johnson&Johnson, Moderna, Oxford/AstraZeneca, Pfizer/BioNTech",2442187,1048808,3490995
2021-05-06,"Johnson&Johnson, Moderna, Oxford/AstraZeneca, Pfizer/BioNTech",2522636,1059564,3582200
2021-05-07,"Johnson&Johnson, Moderna, Oxford/AstraZeneca, Pfizer/BioNTech",2599969,1069708,3669677
2021-05-08,"Johnson&Johnson, Moderna, Oxford/AstraZeneca, Pfizer/BioNTech",2629507,1071502,3701009
2021-05-09,"Johnson&Johnson, Moderna, Oxford/AstraZeneca, Pfizer/BioNTech",2653743,1072722,3726465
2021-05-10,"Johnson&Johnson, Moderna, Oxford/AstraZeneca, Pfizer/BioNTech",2726552,1079972,3806524
2021-05-11,"Johnson&Johnson, Moderna, Oxford/AstraZeneca, Pfizer/BioNTech",2802711,1088808,3891519
2021-05-12,"Johnson&Johnson, Moderna, Oxford/AstraZeneca, Pfizer/BioNTech",2882664,1097955,3980619
2021-05-13,"Johnson&Johnson, Moderna, Oxford/AstraZeneca, Pfizer/BioNTech",2966719,1107150,4073869
2021-05-14,"Johnson&Johnson, Moderna, Oxford/AstraZeneca, Pfizer/BioNTech",3046271,1114982,4161253
2021-05-15,"Johnson&Johnson, Moderna, Oxford/AstraZeneca, Pfizer/BioNTech",3078241,1117268,4195509
2021-05-16,"Johnson&Johnson, Moderna, Oxford/AstraZeneca, Pfizer/BioNTech",3104054,1118554,4222608
2021-05-17,"Johnson&Johnson, Moderna, Oxford/AstraZeneca, Pfizer/BioNTech",3176598,1125311,4301909
2021-05-18,"Johnson&Johnson, Moderna, Oxford/AstraZeneca, Pfizer/BioNTech",3248588,1138433,4387021
2021-05-19,"Johnson&Johnson, Moderna, Oxford/AstraZeneca, Pfizer/BioNTech",3326090,1153607,4479697
2021-05-20,"Johnson&Johnson, Moderna, Oxford/AstraZeneca, Pfizer/BioNTech",3401584,1180678,4582262
2021-05-21,"Johnson&Johnson, Moderna, Oxford/AstraZeneca, Pfizer/BioNTech",3470439,1208491,4678930
2021-05-22,"Johnson&Johnson, Moderna, Oxford/AstraZeneca, Pfizer/BioNTech",3502901,1219734,4722635
2021-05-23,"Johnson&Johnson, Moderna, Oxford/AstraZeneca, Pfizer/BioNTech",3525350,1228777,4754127
2021-05-24,"Johnson&Johnson, Moderna, Oxford/AstraZeneca, Pfizer/BioNTech",3572569,1262459,4835028
2021-05-25,"Johnson&Johnson, Moderna, Oxford/AstraZeneca, Pfizer/BioNTech",3624488,1298307,4922795
2021-05-26,"Johnson&Johnson, Moderna, Oxford/AstraZeneca, Pfizer/BioNTech",3692255,1335872,5028127
2021-05-27,"Johnson&Johnson, Moderna, Oxford/AstraZeneca, Pfizer/BioNTech",3753687,1383239,5136926
2021-05-28,"Johnson&Johnson, Moderna, Oxford/AstraZeneca, Pfizer/BioNTech",3815440,1429855,5245295
2021-05-29,"Johnson&Johnson, Moderna, Oxford/AstraZeneca, Pfizer/BioNTech",3844707,1447001,5291708
2021-05-30,"Johnson&Johnson, Moderna, Oxford/AstraZeneca, Pfizer/BioNTech",3867119,1461473,5328592
2021-05-31,"Johnson&Johnson, Moderna, Oxford/AstraZeneca, Pfizer/BioNTech",3922867,1509011,5431878
2021-06-01,"Johnson&Johnson, Moderna, Oxford/AstraZeneca, Pfizer/BioNTech",3981973,1557903,5539876
2021-06-02,"Johnson&Johnson, Moderna, Oxford/AstraZeneca, Pfizer/BioNTech",4044952,1611946,5656898
2021-06-03,"Johnson&Johnson, Moderna, Oxford/AstraZeneca, Pfizer/BioNTech",4103208,1672195,5775403
2021-06-04,"Johnson&Johnson, Moderna, Oxford/AstraZeneca, Pfizer/BioNTech",4166347,1729635,5895982
2021-06-05,"Johnson&Johnson, Moderna, Oxford/AstraZeneca, Pfizer/BioNTech",4200534,1748566,5949100
2021-06-06,"Johnson&Johnson, Moderna, Oxford/AstraZeneca, Pfizer/BioNTech",4227494,1763744,5991238
2021-06-07,"Johnson&Johnson, Moderna, Oxford/AstraZeneca, Pfizer/BioNTech",4291197,1819401,6110598
2021-06-08,"Johnson&Johnson, Moderna, Oxford/AstraZeneca, Pfizer/BioNTech",4355218,1874440,6229658
2021-06-09,"Johnson&Johnson, Moderna, Oxford/AstraZeneca, Pfizer/BioNTech",4414440,1939143,6353583
2021-06-10,"Johnson&Johnson, Moderna, Oxford/AstraZeneca, Pfizer/BioNTech",4468305,2010478,6478783
2021-06-11,"Johnson&Johnson, Moderna, Oxford/AstraZeneca, Pfizer/BioNTech",4520440,2080338,6600778
2021-06-12,"Johnson&Johnson, Moderna, Oxford/AstraZeneca, Pfizer/BioNTech",4552463,2101200,6653663
2021-06-13,"Johnson&Johnson, Moderna, Oxford/AstraZeneca, Pfizer/BioNTech",4576508,2119647,6696155
2021-06-14,"Johnson&Johnson, Moderna, Oxford/AstraZeneca, Pfizer/BioNTech",4619600,2194067,6813667
2021-06-15,"Johnson&Johnson, Moderna, Oxford/AstraZeneca, Pfizer/BioNTech",4664280,2266482,6930762
2021-06-16,"Johnson&Johnson, Moderna, Oxford/AstraZeneca, Pfizer/BioNTech",4707107,2344751,7051858
2021-06-17,"Johnson&Johnson, Moderna, Oxford/AstraZeneca, Pfizer/BioNTech",4746547,2427875,7174422
2021-06-18,"Johnson&Johnson, Moderna, Oxford/AstraZeneca, Pfizer/BioNTech",4788994,2508482,7297476
2021-06-19,"Johnson&Johnson, Moderna, Oxford/AstraZeneca, Pfizer/BioNTech",4810785,2537830,7348615
2021-06-20,"Johnson&Johnson, Moderna, Oxford/AstraZeneca, Pfizer/BioNTech",4828198,2561708,7389906
2021-06-21,"Johnson&Johnson, Moderna, Oxford/AstraZeneca, Pfizer/BioNTech",4860710,2640347,7501057
2021-06-22,"Johnson&Johnson, Moderna, Oxford/AstraZeneca, Pfizer/BioNTech",4893689,2722701,7616390
2021-06-23,"Johnson&Johnson, Moderna, Oxford/AstraZeneca, Pfizer/BioNTech",4925408,2807971,7733379
2021-06-24,"Johnson&Johnson, Moderna, Oxford/AstraZeneca, Pfizer/BioNTech",4955278,2898049,7853327
2021-06-25,"Johnson&Johnson, Moderna, Oxford/AstraZeneca, Pfizer/BioNTech",4986372,2984300,7970672
2021-06-26,"Johnson&Johnson, Moderna, Oxford/AstraZeneca, Pfizer/BioNTech",5002278,3019193,8021471
2021-06-27,"Johnson&Johnson, Moderna, Oxford/AstraZeneca, Pfizer/BioNTech",5016237,3045914,8062151
2021-06-28,"Johnson&Johnson, Moderna, Oxford/AstraZeneca, Pfizer/BioNTech",5044660,3131152,8175812
2021-06-29,"Johnson&Johnson, Moderna, Oxford/AstraZeneca, Pfizer/BioNTech",5073950,3217718,8291668
2021-06-30,"Johnson&Johnson, Moderna, Oxford/AstraZeneca, Pfizer/BioNTech",5101460,3308772,8410232
2021-07-01,"Johnson&Johnson, Moderna, Oxford/AstraZeneca, Pfizer/BioNTech",5125454,3398883,8524337
2021-07-02,"Johnson&Johnson, Moderna, Oxford/AstraZeneca, Pfizer/BioNTech",5152209,3484824,8637033
2021-07-03,"Johnson&Johnson, Moderna, Oxford/AstraZeneca, Pfizer/BioNTech",5159314,3516402,8675716
2021-07-04,"Johnson&Johnson, Moderna, Oxford/AstraZeneca, Pfizer/BioNTech",5166903,3538231,8705134
2021-07-05,"Johnson&Johnson, Moderna, Oxford/AstraZeneca, Pfizer/BioNTech",5174323,3563647,8737970
2021-07-06,"Johnson&Johnson, Moderna, Oxford/AstraZeneca, Pfizer/BioNTech",5179794,3591381,8771175
2021-07-07,"Johnson&Johnson, Moderna, Oxford/AstraZeneca, Pfizer/BioNTech",5205629,3670385,8876014
2021-07-08,"Johnson&Johnson, Moderna, Oxford/AstraZeneca, Pfizer/BioNTech",5232247,3740733,8972980
2021-07-09,"Johnson&Johnson, Moderna, Oxford/AstraZeneca, Pfizer/BioNTech",5260199,3810077,9070276
2021-07-10,"Johnson&Johnson, Moderna, Oxford/AstraZeneca, Pfizer/BioNTech",5269583,3838754,9108337
2021-07-11,"Johnson&Johnson, Moderna, Oxford/AstraZeneca, Pfizer/BioNTech",5278140,3861647,9139787
2021-07-12,"Johnson&Johnson, Moderna, Oxford/AstraZeneca, Pfizer/BioNTech",5305681,3930746,9236427
2021-07-13,"Johnson&Johnson, Moderna, Oxford/AstraZeneca, Pfizer/BioNTech",5331886,4000649,9332535
2021-07-14,"Johnson&Johnson, Moderna, Oxford/AstraZeneca, Pfizer/BioNTech",5357727,4072668,9430395
2021-07-15,"Johnson&Johnson, Moderna, Oxford/AstraZeneca, Pfizer/BioNTech",5386922,4138715,9525637
2021-07-16,"Johnson&Johnson, Moderna, Oxford/AstraZeneca, Pfizer/BioNTech",5414859,4211479,9626338
2021-07-17,"Johnson&Johnson, Moderna, Oxford/AstraZeneca, Pfizer/BioNTech",5423666,4242958,9666624
2021-07-18,"Johnson&Johnson, Moderna, Oxford/AstraZeneca, Pfizer/BioNTech",5432112,4268975,9701087
2021-07-19,"Johnson&Johnson, Moderna, Oxford/AstraZeneca, Pfizer/BioNTech",5455485,4336023,9791508
2021-07-20,"Johnson&Johnson, Moderna, Oxford/AstraZeneca, Pfizer/BioNTech",5476897,4403105,9880002
2021-07-21,"Johnson&Johnson, Moderna, Oxford/AstraZeneca, Pfizer/BioNTech",5500357,4466583,9966940
2021-07-22,"Johnson&Johnson, Moderna, Oxford/AstraZeneca, Pfizer/BioNTech",5522727,4525237,10047964
2021-07-23,"Johnson&Johnson, Moderna, Oxford/AstraZeneca, Pfizer/BioNTech",5545958,4580008,10125966
2021-07-24,"Johnson&Johnson, Moderna, Oxford/AstraZeneca, Pfizer/BioNTech",5553308,4607691,10160999
2021-07-25,"Johnson&Johnson, Moderna, Oxford/AstraZeneca, Pfizer/BioNTech",5559944,4629834,10189778
2021-07-26,"Johnson&Johnson, Moderna, Oxford/AstraZeneca, Pfizer/BioNTech",5583502,4678538,10262040
2021-07-27,"Johnson&Johnson, Moderna, Oxford/AstraZeneca, Pfizer/BioNTech",5606254,4725210,10331464
2021-07-28,"Johnson&Johnson, Moderna, Oxford/AstraZeneca, Pfizer/BioNTech",5627534,4771244,10398778
2021-07-29,"Johnson&Johnson, Moderna, Oxford/AstraZeneca, Pfizer/BioNTech",5648873,4813241,10462114
2021-07-30,"Johnson&Johnson, Moderna, Oxford/AstraZeneca, Pfizer/BioNTech",5672155,4855832,10527987
2021-07-31,"Johnson&Johnson, Moderna, Oxford/AstraZeneca, Pfizer/BioNTech",5681106,4875378,10556484
2021-08-01,"Johnson&Johnson, Moderna, Oxford/AstraZeneca, Pfizer/BioNTech",5687840,4891563,10579403
2021-08-02,"Johnson&Johnson, Moderna, Oxford/AstraZeneca, Pfizer/BioNTech",5706489,4929137,10635626
2021-08-03,"Johnson&Johnson, Moderna, Oxford/AstraZeneca, Pfizer/BioNTech",5724142,4967265,10691407
2021-08-04,"Johnson&Johnson, Moderna, Oxford/AstraZeneca, Pfizer/BioNTech",5740269,5004048,10744317
2021-08-05,"Johnson&Johnson, Moderna, Oxford/AstraZeneca, Pfizer/BioNTech",5756313,5044556,10800869
2021-08-06,"Johnson&Johnson, Moderna, Oxford/AstraZeneca, Pfizer/BioNTech",5773115,5087876,10860991
2021-08-07,"Johnson&Johnson, Moderna, Oxford/AstraZeneca, Pfizer/BioNTech",5778724,5106063,10884787
2021-08-08,"Johnson&Johnson, Moderna, Oxford/AstraZeneca, Pfizer/BioNTech",5783091,5121832,10904923
2021-08-09,"Johnson&Johnson, Moderna, Oxford/AstraZeneca, Pfizer/BioNTech",5795735,5166910,10962645
2021-08-10,"Johnson&Johnson, Moderna, Oxford/AstraZeneca, Pfizer/BioNTech",5807582,5206503,11014085
2021-08-11,"Johnson&Johnson, Moderna, Oxford/AstraZeneca, Pfizer/BioNTech",5818954,5249651,11068605
2021-08-12,"Johnson&Johnson, Moderna, Oxford/AstraZeneca, Pfizer/BioNTech",5830380,5286806,11117186
2021-08-13,"Johnson&Johnson, Moderna, Oxford/AstraZeneca, Pfizer/BioNTech",5841111,5327171,11168282
2021-08-14,"Johnson&Johnson, Moderna, Oxford/AstraZeneca, Pfizer/BioNTech",5844451,5337888,11182339
2021-08-15,"Johnson&Johnson, Moderna, Oxford/AstraZeneca, Pfizer/BioNTech",5847037,5348277,11195314
2021-08-16,"Johnson&Johnson, Moderna, Oxford/AstraZeneca, Pfizer/BioNTech",5856830,5382367,11239197
2021-08-17,"Johnson&Johnson, Moderna, Oxford/AstraZeneca, Pfizer/BioNTech",5866428,5409470,11275898
2021-08-18,"Johnson&Johnson, Moderna, Oxford/AstraZeneca, Pfizer/BioNTech",5875806,5448380,11324186
2021-08-19,"Johnson&Johnson, Moderna, Oxford/AstraZeneca, Pfizer/BioNTech",5885486,5486744,11372230
2021-08-20,"Johnson&Johnson, Moderna, Oxford/AstraZeneca, Pfizer/BioNTech",5896884,5526939,11423823
2021-08-21,"Johnson&Johnson, Moderna, Oxford/AstraZeneca, Pfizer/BioNTech",5899608,5539712,11439320
2021-08-22,"Johnson&Johnson, Moderna, Oxford/AstraZeneca, Pfizer/BioNTech",5901954,5551685,11453639
2021-08-23,"Johnson&Johnson, Moderna, Oxford/AstraZeneca, Pfizer/BioNTech",5912487,5590972,11503459
2021-08-24,"Johnson&Johnson, Moderna, Oxford/AstraZeneca, Pfizer/BioNTech",5922368,5624237,11546605
2021-08-25,"Johnson&Johnson, Moderna, Oxford/AstraZeneca, Pfizer/BioNTech",5931233,5652613,11583846
2021-08-26,"Johnson&Johnson, Moderna, Oxford/AstraZeneca, Pfizer/BioNTech",5939689,5678740,11618429
2021-08-27,"Johnson&Johnson, Moderna, Oxford/AstraZeneca, Pfizer/BioNTech",5950019,5704726,11654745
2021-08-28,"Johnson&Johnson, Moderna, Oxford/AstraZeneca, Pfizer/BioNTech",5952755,5711792,11664547
2021-08-29,"Johnson&Johnson, Moderna, Oxford/AstraZeneca, Pfizer/BioNTech",5955167,5718416,11673583
2021-08-30,"Johnson&Johnson, Moderna, Oxford/AstraZeneca, Pfizer/BioNTech",5963695,5740298,11703993
2021-08-31,"Johnson&Johnson, Moderna, Oxford/AstraZeneca, Pfizer/BioNTech",5971378,5758407,11729785
2021-09-01,"Johnson&Johnson, Moderna, Oxford/AstraZeneca, Pfizer/BioNTech",5977289,5772430,11749719
2021-09-02,"Johnson&Johnson, Moderna, Oxford/AstraZeneca, Pfizer/BioNTech",5984140,5786825,11770965
2021-09-03,"Johnson&Johnson, Moderna, Oxford/AstraZeneca, Pfizer/BioNTech",5993701,5802560,11796261
2021-09-04,"Johnson&Johnson, Moderna, Oxford/AstraZeneca, Pfizer/BioNTech",5995771,5806119,11801890
2021-09-05,"Johnson&Johnson, Moderna, Oxford/AstraZeneca, Pfizer/BioNTech",5997811,5808968,11806779
2021-09-06,"Johnson&Johnson, Moderna, Oxford/AstraZeneca, Pfizer/BioNTech",6004050,5821514,11825564
2021-09-07,"Johnson&Johnson, Moderna, Oxford/AstraZeneca, Pfizer/BioNTech",6008444,5832600,11841044
2021-09-08,"Johnson&Johnson, Moderna, Oxford/AstraZeneca, Pfizer/BioNTech",6014121,5842463,11856584
2021-09-09,"Johnson&Johnson, Moderna, Oxford/AstraZeneca, Pfizer/BioNTech",6020823,5852534,11873357
2021-09-10,"Johnson&Johnson, Moderna, Oxford/AstraZeneca, Pfizer/BioNTech",6028520,5864717,11893237
2021-09-11,"Johnson&Johnson, Moderna, Oxford/AstraZeneca, Pfizer/BioNTech",6030390,5867202,11897592
2021-09-12,"Johnson&Johnson, Moderna, Oxford/AstraZeneca, Pfizer/BioNTech",6031508,5868835,11900343
2021-09-13,"Johnson&Johnson, Moderna, Oxford/AstraZeneca, Pfizer/BioNTech",6036948,5879142,11916090
2021-09-14,"Johnson&Johnson, Moderna, Oxford/AstraZeneca, Pfizer/BioNTech",6042347,5888160,11930507
2021-09-15,"Johnson&Johnson, Moderna, Oxford/AstraZeneca, Pfizer/BioNTech",6047550,5896688,11944238
2021-09-16,"Johnson&Johnson, Moderna, Oxford/AstraZeneca, Pfizer/BioNTech",6052905,5904969,11957874
2021-09-17,"Johnson&Johnson, Moderna, Oxford/AstraZeneca, Pfizer/BioNTech",6059476,5915208,11974684
2021-09-18,"Johnson&Johnson, Moderna, Oxford/AstraZeneca, Pfizer/BioNTech",6061204,5917570,11978774
2021-09-19,"Johnson&Johnson, Moderna, Oxford/AstraZeneca, Pfizer/BioNTech",6062150,5919139,11981289
2021-09-20,"Johnson&Johnson, Moderna, Oxford/AstraZeneca, Pfizer/BioNTech",6066166,5927340,11993506
2021-09-21,"Johnson&Johnson, Moderna, Oxford/AstraZeneca, Pfizer/BioNTech",6070404,5934877,12005281
2021-09-22,"Johnson&Johnson, Moderna, Oxford/AstraZeneca, Pfizer/BioNTech",6074598,5940404,12015002
2021-09-23,"Johnson&Johnson, Moderna, Oxford/AstraZeneca, Pfizer/BioNTech",6079575,5946819,12026394
2021-09-24,"Johnson&Johnson, Moderna, Oxford/AstraZeneca, Pfizer/BioNTech",6085335,5956438,12041773
2021-09-25,"Johnson&Johnson, Moderna, Oxford/AstraZeneca, Pfizer/BioNTech",6086832,5958438,12045270
2021-09-26,"Johnson&Johnson, Moderna, Oxford/AstraZeneca, Pfizer/BioNTech",6087577,5960078,12047655
2021-09-27,"Johnson&Johnson, Moderna, Oxford/AstraZeneca, Pfizer/BioNTech",6091461,5966593,12058054
2021-09-28,"Johnson&Johnson, Moderna, Oxford/AstraZeneca, Pfizer/BioNTech",6091830,5967221,12059051
2021-09-29,"Johnson&Johnson, Moderna, Oxford/AstraZeneca, Pfizer/BioNTech",6095607,5974685,12070292
2021-09-30,"Johnson&Johnson, Moderna, Oxford/AstraZeneca, Pfizer/BioNTech",6100117,5982386,12082503
2021-10-01,"Johnson&Johnson, Moderna, Oxford/AstraZeneca, Pfizer/BioNTech",6104421,5990368,12094789
2021-10-02,"Johnson&Johnson, Moderna, Oxford/AstraZeneca, Pfizer/BioNTech",6105484,5991915,12097399
2021-10-03,"Johnson&Johnson, Moderna, Oxford/AstraZeneca, Pfizer/BioNTech",6106209,5992786,12098995
2021-10-04,"Johnson&Johnson, Moderna, Oxford/AstraZeneca, Pfizer/BioNTech",6109284,5998359,12107643
2021-10-05,"Johnson&Johnson, Moderna, Oxford/AstraZeneca, Pfizer/BioNTech",6112448,6003446,12115894
2021-10-06,"Johnson&Johnson, Moderna, Oxford/AstraZeneca, Pfizer/BioNTech",6115967,6008620,12124587
2021-10-07,"Johnson&Johnson, Moderna, Oxford/AstraZeneca, Pfizer/BioNTech",6119251,6013881,12133132
2021-10-08,"Johnson&Johnson, Moderna, Oxford/AstraZeneca, Pfizer/BioNTech",6124045,6020523,12144568
2021-10-09,"Johnson&Johnson, Moderna, Oxford/AstraZeneca, Pfizer/BioNTech",6125290,6022186,12147476
2021-10-10,"Johnson&Johnson, Moderna, Oxford/AstraZeneca, Pfizer/BioNTech",6126234,6023018,12149252
2021-10-11,"Johnson&Johnson, Moderna, Oxford/AstraZeneca, Pfizer/BioNTech",6129164,6027433,12156597
2021-10-12,"Johnson&Johnson, Moderna, Oxford/AstraZeneca, Pfizer/BioNTech",6132097,6031437,12163534
2021-10-13,"Johnson&Johnson, Moderna, Oxford/AstraZeneca, Pfizer/BioNTech",6135628,6035621,12171249
2021-10-14,"Johnson&Johnson, Moderna, Oxford/AstraZeneca, Pfizer/BioNTech",6139301,6040570,12179871
2021-10-15,"Johnson&Johnson, Moderna, Oxford/AstraZeneca, Pfizer/BioNTech",6144530,6046716,12191246
2021-10-16,"Johnson&Johnson, Moderna, Oxford/AstraZeneca, Pfizer/BioNTech",6145945,6048244,12194189
2021-10-17,"Johnson&Johnson, Moderna, Pfizer/BioNTech",6147272,6049299,12196571
2021-10-18,"Johnson&Johnson, Moderna, Oxford/AstraZeneca, Pfizer/BioNTech",6151386,6053399,12204785
2021-10-19,"Johnson&Johnson, Moderna, Oxford/AstraZeneca, Pfizer/BioNTech",6154966,6055498,12210464
2021-10-20,"Johnson&Johnson, Moderna, Oxford/AstraZeneca, Pfizer/BioNTech",6159848,6059947,12219795
2021-10-21,"Johnson&Johnson, Moderna, Oxford/AstraZeneca, Pfizer/BioNTech",6167613,6065550,12233163
2021-10-22,"Johnson&Johnson, Moderna, Oxford/AstraZeneca, Pfizer/BioNTech",6178067,6072054,12250121
2021-10-23,"Johnson&Johnson, Moderna, Oxford/AstraZeneca, Pfizer/BioNTech",6181741,6074260,12256001
2021-10-24,"Johnson&Johnson, Moderna, Oxford/AstraZeneca, Pfizer/BioNTech",6184426,6076041,12260467
2021-10-25,"Johnson&Johnson, Moderna, Oxford/AstraZeneca, Pfizer/BioNTech",6194925,6081849,12276774
2021-10-26,"Johnson&Johnson, Moderna, Oxford/AstraZeneca, Pfizer/BioNTech",6206915,6088399,12295314
2021-10-27,"Johnson&Johnson, Moderna, Oxford/AstraZeneca, Pfizer/BioNTech",6221524,6095805,12317329
2021-10-28,"Johnson&Johnson, Moderna, Oxford/AstraZeneca, Pfizer/BioNTech",6224948,6097489,12322437
2021-10-29,"Johnson&Johnson, Moderna, Oxford/AstraZeneca, Pfizer/BioNTech",6239386,6105477,12344863
2021-10-30,"Johnson&Johnson, Moderna, Oxford/AstraZeneca, Pfizer/BioNTech",6243915,6108401,12352316
2021-10-31,"Johnson&Johnson, Moderna, Oxford/AstraZeneca, Pfizer/BioNTech",6247678,6110875,12358553
2021-11-01,"Johnson&Johnson, Moderna, Oxford/AstraZeneca, Pfizer/BioNTech",6262872,6118560,12381432
2021-11-02,"Johnson&Johnson, Moderna, Oxford/AstraZeneca, Pfizer/BioNTech",6278325,6126117,12404442
2021-11-03,"Johnson&Johnson, Moderna, Oxford/AstraZeneca, Pfizer/BioNTech",6295506,6133413,12428919
2021-11-04,"Johnson&Johnson, Moderna, Oxford/AstraZeneca, Pfizer/BioNTech",6313857,6141583,12455440
2021-11-05,"Johnson&Johnson, Moderna, Oxford/AstraZeneca, Pfizer/BioNTech",6336655,6152864,12489519
2021-11-06,"Johnson&Johnson, Moderna, Oxford/AstraZeneca, Pfizer/BioNTech",6343172,6155920,12499092
2021-11-07,"Johnson&Johnson, Moderna, Oxford/AstraZeneca, Pfizer/BioNTech",6347193,6158356,12505549
2021-11-08,"Johnson&Johnson, Moderna, Oxford/AstraZeneca, Pfizer/BioNTech",6363462,6165986,12529448
2021-11-09,"Johnson&Johnson, Moderna, Oxford/AstraZeneca, Pfizer/BioNTech",6378270,6173284,12551554
2021-11-10,"Johnson&Johnson, Moderna, Oxford/AstraZeneca, Pfizer/BioNTech",6394007,6180667,12574674
2021-11-11,"Johnson&Johnson, Moderna, Oxford/AstraZeneca, Pfizer/BioNTech",6409476,6189771,12599247
2021-11-12,"Johnson&Johnson, Moderna, Oxford/AstraZeneca, Pfizer/BioNTech",6429279,6202572,12631851
2021-11-13,"Johnson&Johnson, Moderna, Oxford/AstraZeneca, Pfizer/BioNTech",6434672,6206444,12641116
2021-11-14,"Johnson&Johnson, Moderna, Oxford/AstraZeneca, Pfizer/BioNTech",6438565,6209448,12648013
2021-11-15,"Johnson&Johnson, Moderna, Oxford/AstraZeneca, Pfizer/BioNTech",6453646,6220141,12673787
2021-11-16,"Johnson&Johnson, Moderna, Oxford/AstraZeneca, Pfizer/BioNTech",6471188,6232122,12703310
2021-11-17,"Johnson&Johnson, Moderna, Oxford/AstraZeneca, Pfizer/BioNTech",6475429,6235687,12711116
2021-11-18,"Johnson&Johnson, Moderna, Oxford/AstraZeneca, Pfizer/BioNTech",6494850,6247380,12742230
2021-11-19,"Johnson&Johnson, Moderna, Oxford/AstraZeneca, Pfizer/BioNTech",6519458,6264351,12783809
2021-11-20,"Johnson&Johnson, Moderna, Oxford/AstraZeneca, Pfizer/BioNTech",6528037,6269333,12797370
2021-11-21,"Johnson&Johnson, Moderna, Pfizer/BioNTech",6534808,6273106,12807914
2021-11-22,"Johnson&Johnson, Moderna, Oxford/AstraZeneca, Pfizer/BioNTech",6553319,6287218,12840537
2021-11-23,"Johnson&Johnson, Moderna, Oxford/AstraZeneca, Pfizer/BioNTech",6572385,6300477,12872862
2021-11-24,"Johnson&Johnson, Moderna, Oxford/AstraZeneca, Pfizer/BioNTech",6591401,6316324,12907725
2021-11-25,"Johnson&Johnson, Moderna, Oxford/AstraZeneca, Pfizer/BioNTech",6610547,6331358,12941905
2021-11-26,"Johnson&Johnson, Moderna, Oxford/AstraZeneca, Pfizer/BioNTech",6632199,6350493,12982692
2021-11-27,"Johnson&Johnson, Moderna, Oxford/AstraZeneca, Pfizer/BioNTech",6639668,6356048,12995716
2021-11-28,"Johnson&Johnson, Moderna, Oxford/AstraZeneca, Pfizer/BioNTech",6643001,6359183,13002184
2021-11-29,"Johnson&Johnson, Moderna, Oxford/AstraZeneca, Pfizer/BioNTech",6658209,6372839,13031048
2021-11-30,"Johnson&Johnson, Moderna, Oxford/AstraZeneca, Pfizer/BioNTech",6671410,6384070,13055480
2021-12-01,"Johnson&Johnson, Moderna, Oxford/AstraZeneca, Pfizer/BioNTech",6685446,6396524,13081970
2021-12-02,"Johnson&Johnson, Moderna, Oxford/AstraZeneca, Pfizer/BioNTech",6696082,6409014,13105096
2021-12-03,"Johnson&Johnson, Moderna, Oxford/AstraZeneca, Pfizer/BioNTech",6705722,6424587,13130309
2021-12-04,"Johnson&Johnson, Moderna, Pfizer/BioNTech",6708279,6428537,13136816
2021-12-05,"Johnson&Johnson, Moderna, Oxford/AstraZeneca, Pfizer/BioNTech",6709638,6430875,13140513
2021-12-06,"Johnson&Johnson, Moderna, Oxford/AstraZeneca, Pfizer/BioNTech",6717785,6442404,13160189
2021-12-07,"Johnson&Johnson, Moderna, Oxford/AstraZeneca, Pfizer/BioNTech",6725673,6454413,13180086
2021-12-08,"Johnson&Johnson, Moderna, Oxford/AstraZeneca, Pfizer/BioNTech",6733915,6460341,13194256
2021-12-09,"Johnson&Johnson, Moderna, Oxford/AstraZeneca, Pfizer/BioNTech",6741036,6473159,13214195
2021-12-10,"Johnson&Johnson, Moderna, Oxford/AstraZeneca, Pfizer/BioNTech",6747968,6490965,13238933
2021-12-11,"Johnson&Johnson, Moderna, Pfizer/BioNTech",6749626,6496237,13245863
2021-12-12,"Johnson&Johnson, Moderna, Oxford/AstraZeneca, Pfizer/BioNTech",6750937,6500671,13251608
2021-12-13,"Johnson&Johnson, Moderna, Oxford/AstraZeneca, Pfizer/BioNTech",6757285,6513981,13271266
2021-12-14,"Johnson&Johnson, Moderna, Oxford/AstraZeneca, Pfizer/BioNTech",6763495,6527648,13291143
2021-12-15,"Johnson&Johnson, Moderna, Oxford/AstraZeneca, Pfizer/BioNTech",6769701,6541247,13310948
2021-12-16,"Johnson&Johnson, Moderna, Oxford/AstraZeneca, Pfizer/BioNTech",6776641,6556081,13332722
2021-12-17,"Johnson&Johnson, Moderna, Oxford/AstraZeneca, Pfizer/BioNTech",6785007,6573344,13358351
2021-12-18,"Johnson&Johnson, Moderna, Oxford/AstraZeneca, Pfizer/BioNTech",6787618,6578795,13366413
2021-12-19,"Johnson&Johnson, Moderna, Pfizer/BioNTech",6789389,6581299,13370688
2021-12-20,"Johnson&Johnson, Moderna, Oxford/AstraZeneca, Pfizer/BioNTech",6795238,6595363,13390601
2021-12-21,"Johnson&Johnson, Moderna, Oxford/AstraZeneca, Pfizer/BioNTech",6801899,6607353,13409252
2021-12-22,"Johnson&Johnson, Moderna, Oxford/AstraZeneca, Pfizer/BioNTech",6806946,6620408,13427354
2021-12-23,"Johnson&Johnson, Moderna, Oxford/AstraZeneca, Pfizer/BioNTech",6809819,6626009,13435828
2021-12-24,"Johnson&Johnson, Moderna, Oxford/AstraZeneca, Pfizer/BioNTech",6809865,6626110,13435975
2021-12-25,"Moderna, Pfizer/BioNTech",6809866,6626118,13435984
2021-12-26,"Moderna, Pfizer/BioNTech",6809968,6626320,13436288
2021-12-27,"Johnson&Johnson, Moderna, Pfizer/BioNTech",6813835,6636057,13449892
2021-12-28,"Johnson&Johnson, Moderna, Oxford/AstraZeneca, Pfizer/BioNTech",6819075,6644049,13463124
2021-12-29,"Johnson&Johnson, Moderna, Oxford/AstraZeneca, Pfizer/BioNTech",6823355,6651768,13475123
2021-12-30,"Johnson&Johnson, Moderna, Pfizer/BioNTech",6827653,6657201,13484854
2021-12-31,"Johnson&Johnson, Moderna, Pfizer/BioNTech",6828163,6658624,13486787
2022-01-01,"Johnson&Johnson, Moderna, Pfizer/BioNTech",6828168,6658642,13486810
2022-01-02,"Johnson&Johnson, Moderna, Pfizer/BioNTech",6829025,6660019,13489044
2022-01-03,"Johnson&Johnson, Moderna, Oxford/AstraZeneca, Pfizer/BioNTech",6833159,6668919,13502078
2022-01-04,"Johnson&Johnson, Moderna, Oxford/AstraZeneca, Pfizer/BioNTech",6838245,6676670,13514915
2022-01-05,"Johnson&Johnson, Moderna, Oxford/AstraZeneca, Pfizer/BioNTech",6844063,6684639,13528702
2022-01-06,"Johnson&Johnson, Moderna, Oxford/AstraZeneca, Pfizer/BioNTech",6850649,6693040,13543689
2022-01-07,"Johnson&Johnson, Moderna, Oxford/AstraZeneca, Pfizer/BioNTech",6858523,6703393,13561916
2022-01-08,"Johnson&Johnson, Moderna, Oxford/AstraZeneca, Pfizer/BioNTech",6861003,6706176,13567179
2022-01-09,"Johnson&Johnson, Moderna, Pfizer/BioNTech",6862085,6707870,13569955
2022-01-10,"Johnson&Johnson, Moderna, Oxford/AstraZeneca, Pfizer/BioNTech",6866581,6714056,13580637
2022-01-11,"Johnson&Johnson, Moderna, Oxford/AstraZeneca, Pfizer/BioNTech",6872021,6720810,13592831
2022-01-12,"Johnson&Johnson, Moderna, Oxford/AstraZeneca, Pfizer/BioNTech",6877971,6726453,13604424
2022-01-13,"Johnson&Johnson, Moderna, Oxford/AstraZeneca, Pfizer/BioNTech",6883853,6731228,13615081
2022-01-14,"Johnson&Johnson, Moderna, Oxford/AstraZeneca, Pfizer/BioNTech",6890152,6734861,13625013
2022-01-15,"Johnson&Johnson, Moderna, Oxford/AstraZeneca, Pfizer/BioNTech",6891429,6735515,13626944
2022-01-16,"Johnson&Johnson, Moderna, Oxford/AstraZeneca, Pfizer/BioNTech",6892116,6735952,13628068
2022-01-17,"Johnson&Johnson, Moderna, Oxford/AstraZeneca, Pfizer/BioNTech",6895668,6739908,13635576
2022-01-18,"Johnson&Johnson, Moderna, Oxford/AstraZeneca, Pfizer/BioNTech",6899519,6744857,13644376
2022-01-19,"Johnson&Johnson, Moderna, Oxford/AstraZeneca, Pfizer/BioNTech",6903587,6748789,13652376
2022-01-20,"Johnson&Johnson, Moderna, Oxford/AstraZeneca, Pfizer/BioNTech",6907183,6753234,13660417
2022-01-21,"Johnson&Johnson, Moderna, Oxford/AstraZeneca, Pfizer/BioNTech",6911177,6755761,13666938
2022-01-22,"Johnson&Johnson, Moderna, Pfizer/BioNTech",6911957,6756199,13668156
2022-01-23,"Johnson&Johnson, Moderna, Pfizer/BioNTech",6912518,6756833,13669351
2022-01-24,"Johnson&Johnson, Moderna, Oxford/AstraZeneca, Pfizer/BioNTech",6914784,6760267,13675051
2022-01-25,"Johnson&Johnson, Moderna, Oxford/AstraZeneca, Pfizer/BioNTech",6917136,6764261,13681397
2022-01-26,"Johnson&Johnson, Moderna, Oxford/AstraZeneca, Pfizer/BioNTech",6919521,6768825,13688346
2022-01-27,"Johnson&Johnson, Moderna, Oxford/AstraZeneca, Pfizer/BioNTech",6921845,6773635,13695480
2022-01-28,"Johnson&Johnson, Moderna, Oxford/AstraZeneca, Pfizer/BioNTech",6924758,6779793,13704551
2022-01-29,"Johnson&Johnson, Moderna, Pfizer/BioNTech",6925358,6781442,13706800
2022-01-30,"Johnson&Johnson, Moderna, Pfizer/BioNTech",6925585,6782219,13707804
2022-01-31,"Johnson&Johnson, Moderna, Pfizer/BioNTech",6927124,6786135,13713259
2022-02-01,"Johnson&Johnson, Moderna, Pfizer/BioNTech",6928718,6790167,13718885
2022-02-02,"Johnson&Johnson, Moderna, Pfizer/BioNTech",6930283,6794669,13724952
2022-02-03,"Johnson&Johnson, Moderna, Pfizer/BioNTech",6931654,6799145,13730799
2022-02-04,"Johnson&Johnson, Moderna, Pfizer/BioNTech",6933253,6804259,13737512
2022-02-05,"Johnson&Johnson, Moderna, Pfizer/BioNTech",6933426,6804868,13738294
2022-02-06,"Johnson&Johnson, Moderna, Pfizer/BioNTech",6933520,6805187,13738707
2022-02-07,"Johnson&Johnson, Moderna, Pfizer/BioNTech",6934217,6808395,13742612
2022-02-08,"Johnson&Johnson, Moderna, Pfizer/BioNTech",6935007,6811579,13746586
2022-02-09,"Johnson&Johnson, Moderna, Pfizer/BioNTech",6935830,6814948,13750778
2022-02-10,"Johnson&Johnson, Moderna, Pfizer/BioNTech",6936612,6818072,13754684
2022-02-11,"Johnson&Johnson, Moderna, Pfizer/BioNTech",6937557,6821981,13759538
2022-02-12,"Johnson&Johnson, Moderna, Pfizer/BioNTech",6937666,6822400,13760066
2022-02-13,"Johnson&Johnson, Moderna, Pfizer/BioNTech",6937699,6822837,13760536
2022-02-14,"Johnson&Johnson, Moderna, Pfizer/BioNTech",6938152,6824946,13763098
2022-02-15,"Johnson&Johnson, Moderna, Pfizer/BioNTech",6938699,6827148,13765847
2022-02-16,"Johnson&Johnson, Moderna, Pfizer/BioNTech",6939278,6829243,13768521
2022-02-17,"Johnson&Johnson, Moderna, Pfizer/BioNTech",6939867,6831577,13771444
2022-02-18,"Johnson&Johnson, Moderna, Pfizer/BioNTech",6940499,6834627,13775126
2022-02-19,"Johnson&Johnson, Moderna, Pfizer/BioNTech",6940577,6834907,13775484
2022-02-20,"Johnson&Johnson, Moderna, Pfizer/BioNTech",6940611,6835056,13775667
2022-02-21,"Johnson&Johnson, Moderna, Pfizer/BioNTech",6940962,6836752,13777714
2022-02-22,"Johnson&Johnson, Moderna, Oxford/AstraZeneca, Pfizer/BioNTech",6941330,6838427,13779757
2022-02-23,"Johnson&Johnson, Moderna, Pfizer/BioNTech",6941775,6840067,13781842
2022-02-24,"Johnson&Johnson, Moderna, Pfizer/BioNTech",6942191,6841695,13783886
2022-02-25,"Johnson&Johnson, Moderna, Pfizer/BioNTech",6942772,6843773,13786545
2022-02-26,"Johnson&Johnson, Moderna, Pfizer/BioNTech",6942833,6843932,13786765
2022-02-27,"Johnson&Johnson, Moderna, Pfizer/BioNTech",6942867,6844007,13786874
2022-02-28,"Johnson&Johnson, Moderna, Pfizer/BioNTech",6943106,6844972,13788078
2022-03-01,"Johnson&Johnson, Moderna, Pfizer/BioNTech",6943345,6845737,13789082
2022-03-02,"Johnson&Johnson, Moderna, Novavax, Pfizer/BioNTech",6943683,6846642,13790325
2022-03-03,"Johnson&Johnson, Moderna, Novavax, Pfizer/BioNTech",6944000,6847556,13791556
2022-03-04,"Johnson&Johnson, Moderna, Novavax, Pfizer/BioNTech",6944617,6848763,13793380
2022-03-05,"Johnson&Johnson, Moderna, Novavax, Pfizer/BioNTech",6944694,6848854,13793548
2022-03-06,"Moderna, Novavax, Pfizer/BioNTech",6944705,6848871,13793576
2022-03-07,"Johnson&Johnson, Moderna, Novavax, Pfizer/BioNTech",6945041,6849423,13794464
2022-03-08,"Johnson&Johnson, Moderna, Novavax, Pfizer/BioNTech",6945374,6849956,13795330
2022-03-09,"Johnson&Johnson, Moderna, Novavax, Pfizer/BioNTech",6945751,6850532,13796283
2022-03-10,"Johnson&Johnson, Moderna, Novavax, Pfizer/BioNTech",6946150,6851196,13797346
2022-03-11,"Johnson&Johnson, Moderna, Novavax, Pfizer/BioNTech",6946871,6852093,13798964
2022-03-12,"Johnson&Johnson, Moderna, Novavax, Pfizer/BioNTech",6946939,6852198,13799137
2022-03-13,"Johnson&Johnson, Moderna, Novavax, Pfizer/BioNTech",6946952,6852215,13799167
2022-03-14,"Johnson&Johnson, Moderna, Novavax, Pfizer/BioNTech",6947191,6852550,13799741
