date,vaccine,people_vaccinated,people_fully_vaccinated,total_vaccinations
2020-12-27,Pfizer/BioNTech,1283,0,1283
2020-12-28,Pfizer/BioNTech,3589,0,3589
2020-12-29,Pfizer/BioNTech,7059,1,7060
2020-12-30,Pfizer/BioNTech,10580,1,10581
2020-12-31,Pfizer/BioNTech,11892,1,11893
2021-01-01,"Moderna, Pfizer/BioNTech",12162,1,12163
2021-01-02,"Moderna, Pfizer/BioNTech",13444,1,13445
2021-01-03,"Moderna, Pfizer/BioNTech",14368,1,14369
2021-01-04,"Moderna, Pfizer/BioNTech",17984,1,17985
2021-01-05,"Moderna, Pfizer/BioNTech",22511,3,22514
2021-01-06,"Moderna, Pfizer/BioNTech",28359,4,28363
2021-01-07,"Moderna, Pfizer/BioNTech",36358,4,36362
2021-01-08,"Moderna, Pfizer/BioNTech",46411,5,46416
2021-01-09,"Moderna, Pfizer/BioNTech",48438,6,48444
2021-01-10,Pfizer/BioNTech,50210,7,50217
2021-01-11,"Moderna, Pfizer/BioNTech",60071,9,60080
2021-01-12,"Moderna, Pfizer/BioNTech",73530,11,73541
2021-01-13,"Moderna, Pfizer/BioNTech",87078,11,87089
2021-01-14,"Moderna, Pfizer/BioNTech",102333,15,102348
2021-01-15,"Moderna, Pfizer/BioNTech",116354,16,116370
2021-01-16,"Moderna, Pfizer/BioNTech",119756,20,119776
2021-01-17,"Moderna, Pfizer/BioNTech",122377,655,123032
2021-01-18,"Moderna, Pfizer/BioNTech",134872,2482,137354
2021-01-19,"Moderna, Pfizer/BioNTech",147483,5210,152693
2021-01-20,"Moderna, Pfizer/BioNTech",161177,7874,169051
2021-01-21,"Moderna, Pfizer/BioNTech",176834,9620,186454
2021-01-22,"Moderna, Pfizer/BioNTech",191728,10666,202394
2021-01-23,"Moderna, Pfizer/BioNTech",195049,11546,206595
2021-01-24,"Moderna, Pfizer/BioNTech",197305,12415,209720
2021-01-25,"Moderna, Pfizer/BioNTech",206959,15390,222349
2021-01-26,"Moderna, Pfizer/BioNTech",217508,19383,236891
2021-01-27,"Moderna, Pfizer/BioNTech",226540,23918,250458
2021-01-28,"Moderna, Pfizer/BioNTech",233644,30052,263696
2021-01-29,"Moderna, Pfizer/BioNTech",239862,37961,277823
2021-01-30,"Moderna, Pfizer/BioNTech",240603,39049,279652
2021-01-31,"Moderna, Pfizer/BioNTech",241319,40231,281550
2021-02-01,"Moderna, Pfizer/BioNTech",245301,48201,293502
2021-02-02,"Moderna, Pfizer/BioNTech",249453,58442,307895
2021-02-03,"Moderna, Pfizer/BioNTech",253879,69463,323342
2021-02-04,"Moderna, Pfizer/BioNTech",258785,82458,341243
2021-02-05,"Moderna, Pfizer/BioNTech",264256,93134,357390
2021-02-06,"Moderna, Oxford/AstraZeneca, Pfizer/BioNTech",265110,95501,360611
2021-02-07,"Moderna, Oxford/AstraZeneca, Pfizer/BioNTech",265962,98001,363963
2021-02-08,"Moderna, Oxford/AstraZeneca, Pfizer/BioNTech",270054,109438,379492
2021-02-09,"Moderna, Oxford/AstraZeneca, Pfizer/BioNTech",275160,121354,396514
2021-02-10,"Moderna, Oxford/AstraZeneca, Pfizer/BioNTech",280674,134615,415289
2021-02-11,"Moderna, Oxford/AstraZeneca, Pfizer/BioNTech",287014,150840,437854
2021-02-12,"Moderna, Oxford/AstraZeneca, Pfizer/BioNTech",293842,165585,459427
2021-02-13,"Moderna, Oxford/AstraZeneca, Pfizer/BioNTech",295455,168574,464029
2021-02-14,"Moderna, Oxford/AstraZeneca, Pfizer/BioNTech",296459,169960,466419
2021-02-15,"Moderna, Oxford/AstraZeneca, Pfizer/BioNTech",302858,179332,482190
2021-02-16,"Moderna, Oxford/AstraZeneca, Pfizer/BioNTech",311580,188417,499997
2021-02-17,"Moderna, Oxford/AstraZeneca, Pfizer/BioNTech",321281,196725,518006
2021-02-18,"Moderna, Oxford/AstraZeneca, Pfizer/BioNTech",333611,204810,538421
2021-02-19,"Moderna, Oxford/AstraZeneca, Pfizer/BioNTech",345476,212190,557666
2021-02-20,"Moderna, Oxford/AstraZeneca, Pfizer/BioNTech",347481,213376,560857
2021-02-21,"Moderna, Oxford/AstraZeneca, Pfizer/BioNTech",348616,214401,563017
2021-02-22,"Moderna, Oxford/AstraZeneca, Pfizer/BioNTech",358744,220437,579181
2021-02-23,"Moderna, Oxford/AstraZeneca, Pfizer/BioNTech",371709,227429,599138
2021-02-24,"Moderna, Oxford/AstraZeneca, Pfizer/BioNTech",385591,233471,619062
2021-02-25,"Moderna, Oxford/AstraZeneca, Pfizer/BioNTech",403572,239022,642594
2021-02-26,"Moderna, Oxford/AstraZeneca, Pfizer/BioNTech",419750,244382,664132
2021-02-27,"Moderna, Oxford/AstraZeneca, Pfizer/BioNTech",422760,244941,667701
2021-02-28,"Moderna, Oxford/AstraZeneca, Pfizer/BioNTech",425115,245493,670608
2021-03-01,"Moderna, Oxford/AstraZeneca, Pfizer/BioNTech",444712,248945,693657
2021-03-02,"Moderna, Oxford/AstraZeneca, Pfizer/BioNTech",471943,252496,724439
2021-03-03,"Moderna, Oxford/AstraZeneca, Pfizer/BioNTech",502898,257003,759901
2021-03-04,"Moderna, Oxford/AstraZeneca, Pfizer/BioNTech",536190,261692,797882
2021-03-05,"Johnson&Johnson, Moderna, Oxford/AstraZeneca, Pfizer/BioNTech",565036,267117,832153
2021-03-06,"Johnson&Johnson, Moderna, Oxford/AstraZeneca, Pfizer/BioNTech",577189,267980,845169
2021-03-07,"Johnson&Johnson, Moderna, Oxford/AstraZeneca, Pfizer/BioNTech",588737,268822,857559
2021-03-08,"Johnson&Johnson, Moderna, Oxford/AstraZeneca, Pfizer/BioNTech",618491,273684,892175
2021-03-09,"Johnson&Johnson, Moderna, Oxford/AstraZeneca, Pfizer/BioNTech",654860,280070,934930
2021-03-10,"Johnson&Johnson, Moderna, Oxford/AstraZeneca, Pfizer/BioNTech",696190,287029,983219
2021-03-11,"Johnson&Johnson, Moderna, Oxford/AstraZeneca, Pfizer/BioNTech",741039,295404,1036443
2021-03-12,"Johnson&Johnson, Moderna, Oxford/AstraZeneca, Pfizer/BioNTech",779812,303900,1083712
2021-03-13,"Johnson&Johnson, Moderna, Oxford/AstraZeneca, Pfizer/BioNTech",796917,305214,1102131
2021-03-14,"Johnson&Johnson, Moderna, Oxford/AstraZeneca, Pfizer/BioNTech",809035,306370,1115405
2021-03-15,"Johnson&Johnson, Moderna, Oxford/AstraZeneca, Pfizer/BioNTech",837432,315150,1152582
2021-03-16,"Johnson&Johnson, Moderna, Oxford/AstraZeneca, Pfizer/BioNTech",876326,325690,1202016
2021-03-17,"Moderna, Oxford/AstraZeneca, Pfizer/BioNTech",913819,336202,1250021
2021-03-18,"Johnson&Johnson, Moderna, Oxford/AstraZeneca, Pfizer/BioNTech",951831,348624,1300455
2021-03-19,"Moderna, Oxford/AstraZeneca, Pfizer/BioNTech",986346,362239,1348585
2021-03-20,"Johnson&Johnson, Moderna, Oxford/AstraZeneca, Pfizer/BioNTech",1001527,364271,1365798
2021-03-21,"Johnson&Johnson, Moderna, Oxford/AstraZeneca, Pfizer/BioNTech",1008963,365831,1374794
2021-03-22,"Johnson&Johnson, Moderna, Oxford/AstraZeneca, Pfizer/BioNTech",1033550,378335,1411885
2021-03-23,"Johnson&Johnson, Moderna, Oxford/AstraZeneca, Pfizer/BioNTech",1060222,391701,1451923
2021-03-24,"Johnson&Johnson, Moderna, Oxford/AstraZeneca, Pfizer/BioNTech",1087107,407447,1494554
2021-03-25,"Moderna, Oxford/AstraZeneca, Pfizer/BioNTech",1113465,425301,1538766
2021-03-26,"Johnson&Johnson, Moderna, Oxford/AstraZeneca, Pfizer/BioNTech",1138304,442811,1581115
2021-03-27,"Johnson&Johnson, Moderna, Oxford/AstraZeneca, Pfizer/BioNTech",1146758,447657,1594415
2021-03-28,"Moderna, Oxford/AstraZeneca, Pfizer/BioNTech",1152306,451806,1604112
2021-03-29,"Johnson&Johnson, Moderna, Oxford/AstraZeneca, Pfizer/BioNTech",1171461,472545,1644006
2021-03-30,"Johnson&Johnson, Moderna, Oxford/AstraZeneca, Pfizer/BioNTech",1196167,494731,1690898
2021-03-31,"Johnson&Johnson, Moderna, Oxford/AstraZeneca, Pfizer/BioNTech",1219321,521801,1741122
2021-04-01,"Johnson&Johnson, Moderna, Oxford/AstraZeneca, Pfizer/BioNTech",1244998,553866,1798864
2021-04-02,"Johnson&Johnson, Moderna, Oxford/AstraZeneca, Pfizer/BioNTech",1251962,566663,1818625
2021-04-03,"Johnson&Johnson, Moderna, Oxford/AstraZeneca, Pfizer/BioNTech",1255607,577596,1833203
2021-04-04,"Johnson&Johnson, Moderna, Oxford/AstraZeneca, Pfizer/BioNTech",1258141,586519,1844660
2021-04-05,"Johnson&Johnson, Moderna, Oxford/AstraZeneca, Pfizer/BioNTech",1260565,593721,1854286
2021-04-06,"Johnson&Johnson, Moderna, Oxford/AstraZeneca, Pfizer/BioNTech",1276770,622995,1899765
2021-04-07,"Johnson&Johnson, Moderna, Oxford/AstraZeneca, Pfizer/BioNTech",1300260,645237,1945497
2021-04-08,"Johnson&Johnson, Moderna, Oxford/AstraZeneca, Pfizer/BioNTech",1339063,676282,2015345
2021-04-09,"Johnson&Johnson, Moderna, Oxford/AstraZeneca, Pfizer/BioNTech",1378656,706478,2085134
2021-04-10,"Johnson&Johnson, Moderna, Oxford/AstraZeneca, Pfizer/BioNTech",1394213,721785,2115998
2021-04-11,"Johnson&Johnson, Moderna, Oxford/AstraZeneca, Pfizer/BioNTech",1404014,731839,2135853
2021-04-12,"Johnson&Johnson, Moderna, Oxford/AstraZeneca, Pfizer/BioNTech",1442341,756987,2199328
2021-04-13,"Moderna, Oxford/AstraZeneca, Pfizer/BioNTech",1478642,783033,2261675
2021-04-14,"Moderna, Oxford/AstraZeneca, Pfizer/BioNTech",1517521,810407,2327928
2021-04-15,"Moderna, Oxford/AstraZeneca, Pfizer/BioNTech",1565354,836184,2401538
2021-04-16,"Moderna, Oxford/AstraZeneca, Pfizer/BioNTech",1610057,861865,2471922
2021-04-17,"Moderna, Oxford/AstraZeneca, Pfizer/BioNTech",1626774,870894,2497668
2021-04-18,"Moderna, Oxford/AstraZeneca, Pfizer/BioNTech",1639775,875881,2515656
2021-04-19,"Moderna, Oxford/AstraZeneca, Pfizer/BioNTech",1683746,891329,2575075
2021-04-20,"Johnson&Johnson, Moderna, Oxford/AstraZeneca, Pfizer/BioNTech",1726340,907209,2633549
2021-04-21,"Moderna, Oxford/AstraZeneca, Pfizer/BioNTech",1774118,921575,2695693
2021-04-22,"Johnson&Johnson, Moderna, Oxford/AstraZeneca, Pfizer/BioNTech",1828651,938974,2767625
2021-04-23,"Johnson&Johnson, Moderna, Oxford/AstraZeneca, Pfizer/BioNTech",1878667,951040,2829707
2021-04-24,"Johnson&Johnson, Moderna, Oxford/AstraZeneca, Pfizer/BioNTech",1896538,956302,2852840
2021-04-25,"Johnson&Johnson, Moderna, Oxford/AstraZeneca, Pfizer/BioNTech",1911251,960302,2871553
2021-04-26,"Johnson&Johnson, Moderna, Oxford/AstraZeneca, Pfizer/BioNTech",1960869,967864,2928733
2021-04-27,"Johnson&Johnson, Moderna, Oxford/AstraZeneca, Pfizer/BioNTech",2009873,980114,2989987
2021-04-28,"Johnson&Johnson, Moderna, Oxford/AstraZeneca, Pfizer/BioNTech",2068662,994141,3062803
2021-04-29,"Johnson&Johnson, Moderna, Oxford/AstraZeneca, Pfizer/BioNTech",2134280,1010061,3144341
2021-04-30,"Johnson&Johnson, Moderna, Oxford/AstraZeneca, Pfizer/BioNTech",2196577,1020053,3216630
2021-05-01,"Johnson&Johnson, Moderna, Oxford/AstraZeneca, Pfizer/BioNTech",2215958,1023515,3239473
2021-05-02,"Johnson&Johnson, Moderna, Oxford/AstraZeneca, Pfizer/BioNTech",2234908,1025801,3260709
2021-05-03,"Johnson&Johnson, Moderna, Oxford/AstraZeneca, Pfizer/BioNTech",2302197,1030879,3333076
2021-05-04,"Johnson&Johnson, Moderna, Oxford/AstraZeneca, Pfizer/BioNTech",2368751,1039248,3407999
2021-05-05,"Johnson&Johnson, Moderna, Oxford/AstraZeneca, Pfizer/BioNTech",2441974,1048683,3490657
2021-05-06,"Johnson&Johnson, Moderna, Oxford/AstraZeneca, Pfizer/BioNTech",2522432,1059436,3581868
2021-05-07,"Johnson&Johnson, Moderna, Oxford/AstraZeneca, Pfizer/BioNTech",2599783,1069574,3669357
2021-05-08,"Johnson&Johnson, Moderna, Oxford/AstraZeneca, Pfizer/BioNTech",2629297,1071359,3700656
2021-05-09,"Johnson&Johnson, Moderna, Oxford/AstraZeneca, Pfizer/BioNTech",2653543,1072578,3726121
2021-05-10,"Johnson&Johnson, Moderna, Oxford/AstraZeneca, Pfizer/BioNTech",2726370,1079818,3806188
2021-05-11,"Johnson&Johnson, Moderna, Oxford/AstraZeneca, Pfizer/BioNTech",2802528,1088648,3891176
2021-05-12,"Johnson&Johnson, Moderna, Oxford/AstraZeneca, Pfizer/BioNTech",2882482,1097785,3980267
2021-05-13,"Johnson&Johnson, Moderna, Oxford/AstraZeneca, Pfizer/BioNTech",2966549,1106967,4073516
2021-05-14,"Johnson&Johnson, Moderna, Oxford/AstraZeneca, Pfizer/BioNTech",3046086,1114789,4160875
2021-05-15,"Johnson&Johnson, Moderna, Oxford/AstraZeneca, Pfizer/BioNTech",3078050,1117062,4195112
2021-05-16,"Johnson&Johnson, Moderna, Oxford/AstraZeneca, Pfizer/BioNTech",3103870,1118342,4222212
2021-05-17,"Johnson&Johnson, Moderna, Oxford/AstraZeneca, Pfizer/BioNTech",3176431,1125094,4301525
2021-05-18,"Johnson&Johnson, Moderna, Oxford/AstraZeneca, Pfizer/BioNTech",3248426,1138211,4386637
2021-05-19,"Johnson&Johnson, Moderna, Oxford/AstraZeneca, Pfizer/BioNTech",3325928,1153381,4479309
2021-05-20,"Johnson&Johnson, Moderna, Oxford/AstraZeneca, Pfizer/BioNTech",3401451,1180447,4581898
2021-05-21,"Johnson&Johnson, Moderna, Oxford/AstraZeneca, Pfizer/BioNTech",3470312,1208245,4678557
2021-05-22,"Johnson&Johnson, Moderna, Oxford/AstraZeneca, Pfizer/BioNTech",3502772,1219477,4722249
2021-05-23,"Johnson&Johnson, Moderna, Oxford/AstraZeneca, Pfizer/BioNTech",3525213,1228524,4753737
2021-05-24,"Johnson&Johnson, Moderna, Oxford/AstraZeneca, Pfizer/BioNTech",3572410,1262204,4834614
2021-05-25,"Johnson&Johnson, Moderna, Oxford/AstraZeneca, Pfizer/BioNTech",3624328,1298049,4922377
2021-05-26,"Johnson&Johnson, Moderna, Oxford/AstraZeneca, Pfizer/BioNTech",3692130,1335605,5027735
2021-05-27,"Johnson&Johnson, Moderna, Oxford/AstraZeneca, Pfizer/BioNTech",3753583,1382980,5136563
2021-05-28,"Johnson&Johnson, Moderna, Oxford/AstraZeneca, Pfizer/BioNTech",3815357,1429586,5244943
2021-05-29,"Johnson&Johnson, Moderna, Oxford/AstraZeneca, Pfizer/BioNTech",3844610,1446716,5291326
2021-05-30,"Johnson&Johnson, Moderna, Oxford/AstraZeneca, Pfizer/BioNTech",3867030,1461182,5328212
2021-05-31,"Johnson&Johnson, Moderna, Oxford/AstraZeneca, Pfizer/BioNTech",3922804,1508721,5431525
2021-06-01,"Johnson&Johnson, Moderna, Oxford/AstraZeneca, Pfizer/BioNTech",3981901,1557605,5539506
2021-06-02,"Johnson&Johnson, Moderna, Oxford/AstraZeneca, Pfizer/BioNTech",4044882,1611630,5656512
2021-06-03,"Johnson&Johnson, Moderna, Oxford/AstraZeneca, Pfizer/BioNTech",4103162,1671874,5775036
2021-06-04,"Johnson&Johnson, Moderna, Oxford/AstraZeneca, Pfizer/BioNTech",4166307,1729318,5895625
2021-06-05,"Johnson&Johnson, Moderna, Oxford/AstraZeneca, Pfizer/BioNTech",4200503,1748230,5948733
2021-06-06,"Johnson&Johnson, Moderna, Oxford/AstraZeneca, Pfizer/BioNTech",4227461,1763398,5990859
2021-06-07,"Johnson&Johnson, Moderna, Oxford/AstraZeneca, Pfizer/BioNTech",4291164,1819065,6110229
2021-06-08,"Johnson&Johnson, Moderna, Oxford/AstraZeneca, Pfizer/BioNTech",4355186,1874098,6229284
2021-06-09,"Johnson&Johnson, Moderna, Oxford/AstraZeneca, Pfizer/BioNTech",4414417,1938801,6353218
2021-06-10,"Johnson&Johnson, Moderna, Oxford/AstraZeneca, Pfizer/BioNTech",4468298,2010130,6478428
2021-06-11,"Johnson&Johnson, Moderna, Oxford/AstraZeneca, Pfizer/BioNTech",4520433,2079980,6600413
2021-06-12,"Johnson&Johnson, Moderna, Oxford/AstraZeneca, Pfizer/BioNTech",4552475,2100817,6653292
2021-06-13,"Johnson&Johnson, Moderna, Oxford/AstraZeneca, Pfizer/BioNTech",4576515,2119254,6695769
2021-06-14,"Johnson&Johnson, Moderna, Oxford/AstraZeneca, Pfizer/BioNTech",4619618,2193678,6813296
2021-06-15,"Johnson&Johnson, Moderna, Oxford/AstraZeneca, Pfizer/BioNTech",4664304,2266086,6930390
2021-06-16,"Johnson&Johnson, Moderna, Oxford/AstraZeneca, Pfizer/BioNTech",4707124,2344366,7051490
2021-06-17,"Johnson&Johnson, Moderna, Oxford/AstraZeneca, Pfizer/BioNTech",4746550,2427497,7174047
2021-06-18,"Johnson&Johnson, Moderna, Oxford/AstraZeneca, Pfizer/BioNTech",4789003,2508097,7297100
2021-06-19,"Johnson&Johnson, Moderna, Oxford/AstraZeneca, Pfizer/BioNTech",4810795,2537429,7348224
2021-06-20,"Johnson&Johnson, Moderna, Oxford/AstraZeneca, Pfizer/BioNTech",4828196,2561314,7389510
2021-06-21,"Johnson&Johnson, Moderna, Oxford/AstraZeneca, Pfizer/BioNTech",4860711,2639963,7500674
2021-06-22,"Johnson&Johnson, Moderna, Oxford/AstraZeneca, Pfizer/BioNTech",4893678,2722313,7615991
2021-06-23,"Johnson&Johnson, Moderna, Oxford/AstraZeneca, Pfizer/BioNTech",4925375,2807583,7732958
2021-06-24,"Johnson&Johnson, Moderna, Oxford/AstraZeneca, Pfizer/BioNTech",4955241,2897649,7852890
2021-06-25,"Johnson&Johnson, Moderna, Oxford/AstraZeneca, Pfizer/BioNTech",4986334,2983895,7970229
2021-06-26,"Johnson&Johnson, Moderna, Oxford/AstraZeneca, Pfizer/BioNTech",5002239,3018785,8021024
2021-06-27,"Johnson&Johnson, Moderna, Oxford/AstraZeneca, Pfizer/BioNTech",5016195,3045493,8061688
2021-06-28,"Johnson&Johnson, Moderna, Oxford/AstraZeneca, Pfizer/BioNTech",5044609,3130745,8175354
2021-06-29,"Johnson&Johnson, Moderna, Oxford/AstraZeneca, Pfizer/BioNTech",5073901,3217298,8291199
2021-06-30,"Johnson&Johnson, Moderna, Oxford/AstraZeneca, Pfizer/BioNTech",5101412,3308363,8409775
2021-07-01,"Johnson&Johnson, Moderna, Oxford/AstraZeneca, Pfizer/BioNTech",5125396,3398492,8523888
2021-07-02,"Johnson&Johnson, Moderna, Oxford/AstraZeneca, Pfizer/BioNTech",5152131,3484434,8636565
2021-07-03,"Johnson&Johnson, Moderna, Oxford/AstraZeneca, Pfizer/BioNTech",5159240,3515995,8675235
2021-07-04,"Johnson&Johnson, Moderna, Oxford/AstraZeneca, Pfizer/BioNTech",5166817,3537816,8704633
2021-07-05,"Johnson&Johnson, Moderna, Oxford/AstraZeneca, Pfizer/BioNTech",5174222,3563223,8737445
2021-07-06,"Johnson&Johnson, Moderna, Oxford/AstraZeneca, Pfizer/BioNTech",5179684,3590944,8770628
2021-07-07,"Johnson&Johnson, Moderna, Oxford/AstraZeneca, Pfizer/BioNTech",5205510,3669988,8875498
2021-07-08,"Johnson&Johnson, Moderna, Oxford/AstraZeneca, Pfizer/BioNTech",5232126,3740358,8972484
2021-07-09,"Johnson&Johnson, Moderna, Oxford/AstraZeneca, Pfizer/BioNTech",5260060,3809714,9069774
2021-07-10,"Johnson&Johnson, Moderna, Oxford/AstraZeneca, Pfizer/BioNTech",5269431,3838393,9107824
2021-07-11,"Johnson&Johnson, Moderna, Oxford/AstraZeneca, Pfizer/BioNTech",5277974,3861294,9139268
2021-07-12,"Johnson&Johnson, Moderna, Oxford/AstraZeneca, Pfizer/BioNTech",5305493,3930413,9235906
2021-07-13,"Johnson&Johnson, Moderna, Oxford/AstraZeneca, Pfizer/BioNTech",5331699,4000319,9332018
2021-07-14,"Johnson&Johnson, Moderna, Oxford/AstraZeneca, Pfizer/BioNTech",5357529,4072351,9429880
2021-07-15,"Johnson&Johnson, Moderna, Oxford/AstraZeneca, Pfizer/BioNTech",5386705,4138407,9525112
2021-07-16,"Johnson&Johnson, Moderna, Oxford/AstraZeneca, Pfizer/BioNTech",5414633,4211185,9625818
2021-07-17,"Johnson&Johnson, Moderna, Oxford/AstraZeneca, Pfizer/BioNTech",5423436,4242670,9666106
2021-07-18,"Johnson&Johnson, Moderna, Oxford/AstraZeneca, Pfizer/BioNTech",5431880,4268689,9700569
2021-07-19,"Johnson&Johnson, Moderna, Oxford/AstraZeneca, Pfizer/BioNTech",5455243,4335743,9790986
2021-07-20,"Johnson&Johnson, Moderna, Oxford/AstraZeneca, Pfizer/BioNTech",5476644,4402839,9879483
2021-07-21,"Johnson&Johnson, Moderna, Oxford/AstraZeneca, Pfizer/BioNTech",5500104,4466333,9966437
2021-07-22,"Johnson&Johnson, Moderna, Oxford/AstraZeneca, Pfizer/BioNTech",5522477,4524982,10047459
2021-07-23,"Johnson&Johnson, Moderna, Oxford/AstraZeneca, Pfizer/BioNTech",5545703,4579759,10125462
2021-07-24,"Johnson&Johnson, Moderna, Oxford/AstraZeneca, Pfizer/BioNTech",5553036,4607451,10160487
2021-07-25,"Johnson&Johnson, Moderna, Oxford/AstraZeneca, Pfizer/BioNTech",5559666,4629594,10189260
2021-07-26,"Johnson&Johnson, Moderna, Oxford/AstraZeneca, Pfizer/BioNTech",5583223,4678299,10261522
2021-07-27,"Johnson&Johnson, Moderna, Oxford/AstraZeneca, Pfizer/BioNTech",5605958,4724952,10330910
2021-07-28,"Johnson&Johnson, Moderna, Oxford/AstraZeneca, Pfizer/BioNTech",5627218,4770965,10398183
2021-07-29,"Johnson&Johnson, Moderna, Oxford/AstraZeneca, Pfizer/BioNTech",5648548,4812942,10461490
2021-07-30,"Johnson&Johnson, Moderna, Oxford/AstraZeneca, Pfizer/BioNTech",5671823,4855530,10527353
2021-07-31,"Johnson&Johnson, Moderna, Oxford/AstraZeneca, Pfizer/BioNTech",5680759,4875073,10555832
2021-08-01,"Johnson&Johnson, Moderna, Oxford/AstraZeneca, Pfizer/BioNTech",5687486,4891253,10578739
2021-08-02,"Johnson&Johnson, Moderna, Oxford/AstraZeneca, Pfizer/BioNTech",5706125,4928817,10634942
2021-08-03,"Johnson&Johnson, Moderna, Oxford/AstraZeneca, Pfizer/BioNTech",5723769,4966931,10690700
2021-08-04,"Johnson&Johnson, Moderna, Oxford/AstraZeneca, Pfizer/BioNTech",5739874,5003685,10743559
2021-08-05,"Johnson&Johnson, Moderna, Oxford/AstraZeneca, Pfizer/BioNTech",5755918,5044183,10800101
2021-08-06,"Johnson&Johnson, Moderna, Oxford/AstraZeneca, Pfizer/BioNTech",5772703,5087476,10860179
2021-08-07,"Johnson&Johnson, Moderna, Oxford/AstraZeneca, Pfizer/BioNTech",5778302,5105659,10883961
2021-08-08,"Johnson&Johnson, Moderna, Oxford/AstraZeneca, Pfizer/BioNTech",5782664,5121415,10904079
2021-08-09,"Johnson&Johnson, Moderna, Oxford/AstraZeneca, Pfizer/BioNTech",5795307,5166473,10961780
2021-08-10,"Johnson&Johnson, Moderna, Oxford/AstraZeneca, Pfizer/BioNTech",5807148,5206046,11013194
2021-08-11,"Johnson&Johnson, Moderna, Oxford/AstraZeneca, Pfizer/BioNTech",5818503,5249181,11067684
2021-08-12,"Johnson&Johnson, Moderna, Oxford/AstraZeneca, Pfizer/BioNTech",5829927,5286311,11116238
2021-08-13,"Johnson&Johnson, Moderna, Oxford/AstraZeneca, Pfizer/BioNTech",5840649,5326661,11167310
2021-08-14,"Johnson&Johnson, Moderna, Oxford/AstraZeneca, Pfizer/BioNTech",5843981,5337368,11181349
2021-08-15,"Johnson&Johnson, Moderna, Oxford/AstraZeneca, Pfizer/BioNTech",5846564,5347744,11194308
2021-08-16,"Johnson&Johnson, Moderna, Oxford/AstraZeneca, Pfizer/BioNTech",5856354,5381822,11238176
2021-08-17,"Johnson&Johnson, Moderna, Oxford/AstraZeneca, Pfizer/BioNTech",5865948,5408915,11274863
2021-08-18,"Johnson&Johnson, Moderna, Oxford/AstraZeneca, Pfizer/BioNTech",5875322,5447792,11323114
2021-08-19,"Johnson&Johnson, Moderna, Oxford/AstraZeneca, Pfizer/BioNTech",5884990,5486138,11371128
2021-08-20,"Johnson&Johnson, Moderna, Oxford/AstraZeneca, Pfizer/BioNTech",5896375,5526325,11422700
2021-08-21,"Johnson&Johnson, Moderna, Oxford/AstraZeneca, Pfizer/BioNTech",5899094,5539091,11438185
2021-08-22,"Johnson&Johnson, Moderna, Oxford/AstraZeneca, Pfizer/BioNTech",5901435,5551053,11452488
2021-08-23,"Johnson&Johnson, Moderna, Oxford/AstraZeneca, Pfizer/BioNTech",5911966,5590320,11502286
2021-08-24,"Johnson&Johnson, Moderna, Oxford/AstraZeneca, Pfizer/BioNTech",5921839,5623565,11545404
2021-08-25,"Johnson&Johnson, Moderna, Oxford/AstraZeneca, Pfizer/BioNTech",5930706,5651942,11582648
2021-08-26,"Johnson&Johnson, Moderna, Oxford/AstraZeneca, Pfizer/BioNTech",5939156,5678065,11617221
2021-08-27,"Johnson&Johnson, Moderna, Oxford/AstraZeneca, Pfizer/BioNTech",5949480,5704033,11653513
2021-08-28,"Johnson&Johnson, Moderna, Oxford/AstraZeneca, Pfizer/BioNTech",5952210,5711082,11663292
2021-08-29,"Johnson&Johnson, Moderna, Oxford/AstraZeneca, Pfizer/BioNTech",5954617,5717704,11672321
2021-08-30,"Johnson&Johnson, Moderna, Oxford/AstraZeneca, Pfizer/BioNTech",5963145,5739576,11702721
2021-08-31,"Johnson&Johnson, Moderna, Oxford/AstraZeneca, Pfizer/BioNTech",5970817,5757666,11728483
2021-09-01,"Johnson&Johnson, Moderna, Oxford/AstraZeneca, Pfizer/BioNTech",5976711,5771660,11748371
2021-09-02,"Johnson&Johnson, Moderna, Oxford/AstraZeneca, Pfizer/BioNTech",5983553,5786051,11769604
2021-09-03,"Johnson&Johnson, Moderna, Oxford/AstraZeneca, Pfizer/BioNTech",5993111,5801763,11794874
2021-09-04,"Johnson&Johnson, Moderna, Oxford/AstraZeneca, Pfizer/BioNTech",5995178,5805314,11800492
2021-09-05,"Johnson&Johnson, Moderna, Oxford/AstraZeneca, Pfizer/BioNTech",5997216,5808157,11805373
2021-09-06,"Johnson&Johnson, Moderna, Oxford/AstraZeneca, Pfizer/BioNTech",6003453,5820687,11824140
2021-09-07,"Johnson&Johnson, Moderna, Oxford/AstraZeneca, Pfizer/BioNTech",6007845,5831779,11839624
2021-09-08,"Johnson&Johnson, Moderna, Oxford/AstraZeneca, Pfizer/BioNTech",6013518,5841621,11855139
2021-09-09,"Johnson&Johnson, Moderna, Oxford/AstraZeneca, Pfizer/BioNTech",6020210,5851684,11871894
2021-09-10,"Johnson&Johnson, Moderna, Oxford/AstraZeneca, Pfizer/BioNTech",6027899,5863857,11891756
2021-09-11,"Johnson&Johnson, Moderna, Oxford/AstraZeneca, Pfizer/BioNTech",6029762,5866339,11896101
2021-09-12,"Johnson&Johnson, Moderna, Oxford/AstraZeneca, Pfizer/BioNTech",6030877,5867968,11898845
2021-09-13,"Johnson&Johnson, Moderna, Oxford/AstraZeneca, Pfizer/BioNTech",6036310,5878269,11914579
2021-09-14,"Johnson&Johnson, Moderna, Oxford/AstraZeneca, Pfizer/BioNTech",6041702,5887282,11928984
2021-09-15,"Johnson&Johnson, Moderna, Oxford/AstraZeneca, Pfizer/BioNTech",6046901,5895803,11942704
2021-09-16,"Johnson&Johnson, Moderna, Oxford/AstraZeneca, Pfizer/BioNTech",6052246,5904074,11956320
2021-09-17,"Johnson&Johnson, Moderna, Oxford/AstraZeneca, Pfizer/BioNTech",6058815,5914304,11973119
2021-09-18,"Johnson&Johnson, Moderna, Oxford/AstraZeneca, Pfizer/BioNTech",6060539,5916661,11977200
2021-09-19,"Johnson&Johnson, Moderna, Oxford/AstraZeneca, Pfizer/BioNTech",6061483,5918227,11979710
2021-09-20,"Johnson&Johnson, Moderna, Oxford/AstraZeneca, Pfizer/BioNTech",6065497,5926426,11991923
2021-09-21,"Johnson&Johnson, Moderna, Oxford/AstraZeneca, Pfizer/BioNTech",6069727,5933954,12003681
2021-09-22,"Johnson&Johnson, Moderna, Oxford/AstraZeneca, Pfizer/BioNTech",6073910,5939466,12013376
2021-09-23,"Johnson&Johnson, Moderna, Oxford/AstraZeneca, Pfizer/BioNTech",6078884,5945868,12024752
2021-09-24,"Johnson&Johnson, Moderna, Oxford/AstraZeneca, Pfizer/BioNTech",6084645,5955491,12040136
2021-09-25,"Johnson&Johnson, Moderna, Oxford/AstraZeneca, Pfizer/BioNTech",6086141,5957488,12043629
2021-09-26,"Johnson&Johnson, Moderna, Oxford/AstraZeneca, Pfizer/BioNTech",6086885,5959125,12046010
2021-09-27,"Johnson&Johnson, Moderna, Oxford/AstraZeneca, Pfizer/BioNTech",6090764,5965633,12056397
2021-09-28,"Johnson&Johnson, Moderna, Pfizer/BioNTech",6091128,5966254,12057382
2021-09-29,"Johnson&Johnson, Moderna, Oxford/AstraZeneca, Pfizer/BioNTech",6094904,5973714,12068618
2021-09-30,"Johnson&Johnson, Moderna, Oxford/AstraZeneca, Pfizer/BioNTech",6099407,5981408,12080815
2021-10-01,"Johnson&Johnson, Moderna, Oxford/AstraZeneca, Pfizer/BioNTech",6103704,5989380,12093084
2021-10-02,"Johnson&Johnson, Moderna, Oxford/AstraZeneca, Pfizer/BioNTech",6104767,5990919,12095686
2021-10-03,"Johnson&Johnson, Moderna, Pfizer/BioNTech",6105490,5991785,12097275
2021-10-04,"Johnson&Johnson, Moderna, Oxford/AstraZeneca, Pfizer/BioNTech",6108565,5997355,12105920
2021-10-05,"Johnson&Johnson, Moderna, Oxford/AstraZeneca, Pfizer/BioNTech",6111730,6002435,12114165
2021-10-06,"Johnson&Johnson, Moderna, Oxford/AstraZeneca, Pfizer/BioNTech",6115247,6007604,12122851
2021-10-07,"Johnson&Johnson, Moderna, Oxford/AstraZeneca, Pfizer/BioNTech",6118524,6012857,12131381
2021-10-08,"Johnson&Johnson, Moderna, Oxford/AstraZeneca, Pfizer/BioNTech",6123316,6019492,12142808
2021-10-09,"Johnson&Johnson, Moderna, Oxford/AstraZeneca, Pfizer/BioNTech",6124559,6021145,12145704
2021-10-10,"Johnson&Johnson, Moderna, Oxford/AstraZeneca, Pfizer/BioNTech",6125500,6021975,12147475
2021-10-11,"Johnson&Johnson, Moderna, Oxford/AstraZeneca, Pfizer/BioNTech",6128430,6026386,12154816
2021-10-12,"Johnson&Johnson, Moderna, Oxford/AstraZeneca, Pfizer/BioNTech",6131360,6030388,12161748
2021-10-13,"Johnson&Johnson, Moderna, Oxford/AstraZeneca, Pfizer/BioNTech",6134891,6034567,12169458
2021-10-14,"Johnson&Johnson, Moderna, Oxford/AstraZeneca, Pfizer/BioNTech",6138564,6039514,12178078
2021-10-15,"Johnson&Johnson, Moderna, Oxford/AstraZeneca, Pfizer/BioNTech",6143792,6045659,12189451
2021-10-16,"Johnson&Johnson, Moderna, Oxford/AstraZeneca, Pfizer/BioNTech",6145206,6047181,12192387
2021-10-17,"Johnson&Johnson, Moderna, Pfizer/BioNTech",6146531,6048234,12194765
2021-10-18,"Johnson&Johnson, Moderna, Oxford/AstraZeneca, Pfizer/BioNTech",6150645,6052325,12202970
2021-10-19,"Johnson&Johnson, Moderna, Oxford/AstraZeneca, Pfizer/BioNTech",6154223,6054422,12208645
2021-10-20,"Johnson&Johnson, Moderna, Oxford/AstraZeneca, Pfizer/BioNTech",6159103,6058866,12217969
2021-10-21,"Johnson&Johnson, Moderna, Oxford/AstraZeneca, Pfizer/BioNTech",6166870,6064466,12231336
2021-10-22,"Johnson&Johnson, Moderna, Oxford/AstraZeneca, Pfizer/BioNTech",6177319,6070969,12248288
2021-10-23,"Johnson&Johnson, Moderna, Oxford/AstraZeneca, Pfizer/BioNTech",6180996,6073176,12254172
2021-10-24,"Johnson&Johnson, Moderna, Pfizer/BioNTech",6183679,6074953,12258632
2021-10-25,"Johnson&Johnson, Moderna, Oxford/AstraZeneca, Pfizer/BioNTech",6194176,6080757,12274933
2021-10-26,"Johnson&Johnson, Moderna, Oxford/AstraZeneca, Pfizer/BioNTech",6206168,6087304,12293472
2021-10-27,"Johnson&Johnson, Moderna, Oxford/AstraZeneca, Pfizer/BioNTech",6220773,6094703,12315476
2021-10-28,"Johnson&Johnson, Moderna, Oxford/AstraZeneca, Pfizer/BioNTech",6224190,6096379,12320569
2021-10-29,"Johnson&Johnson, Moderna, Oxford/AstraZeneca, Pfizer/BioNTech",6238619,6104356,12342975
2021-10-30,"Johnson&Johnson, Moderna, Oxford/AstraZeneca, Pfizer/BioNTech",6243149,6107278,12350427
2021-10-31,"Johnson&Johnson, Moderna, Oxford/AstraZeneca, Pfizer/BioNTech",6246911,6109749,12356660
2021-11-01,"Johnson&Johnson, Moderna, Oxford/AstraZeneca, Pfizer/BioNTech",6262111,6117432,12379543
2021-11-02,"Johnson&Johnson, Moderna, Oxford/AstraZeneca, Pfizer/BioNTech",6277564,6124985,12402549
2021-11-03,"Johnson&Johnson, Moderna, Oxford/AstraZeneca, Pfizer/BioNTech",6294743,6132279,12427022
2021-11-04,"Johnson&Johnson, Moderna, Oxford/AstraZeneca, Pfizer/BioNTech",6313095,6140447,12453542
2021-11-05,"Johnson&Johnson, Moderna, Oxford/AstraZeneca, Pfizer/BioNTech",6335890,6151717,12487607
2021-11-06,"Johnson&Johnson, Moderna, Pfizer/BioNTech",6342403,6154769,12497172
2021-11-07,"Johnson&Johnson, Moderna, Oxford/AstraZeneca, Pfizer/BioNTech",6346425,6157206,12503631
2021-11-08,"Johnson&Johnson, Moderna, Oxford/AstraZeneca, Pfizer/BioNTech",6362695,6164837,12527532
2021-11-09,"Johnson&Johnson, Moderna, Oxford/AstraZeneca, Pfizer/BioNTech",6377504,6172131,12549635
2021-11-10,"Johnson&Johnson, Moderna, Oxford/AstraZeneca, Pfizer/BioNTech",6393244,6179505,12572749
2021-11-11,"Johnson&Johnson, Moderna, Oxford/AstraZeneca, Pfizer/BioNTech",6408712,6188610,12597322
2021-11-12,"Johnson&Johnson, Moderna, Oxford/AstraZeneca, Pfizer/BioNTech",6428516,6201402,12629918
2021-11-13,"Johnson&Johnson, Moderna, Oxford/AstraZeneca, Pfizer/BioNTech",6433906,6205270,12639176
2021-11-14,"Johnson&Johnson, Moderna, Oxford/AstraZeneca, Pfizer/BioNTech",6437798,6208273,12646071
2021-11-15,"Johnson&Johnson, Moderna, Oxford/AstraZeneca, Pfizer/BioNTech",6452877,6218961,12671838
2021-11-16,"Johnson&Johnson, Moderna, Oxford/AstraZeneca, Pfizer/BioNTech",6470420,6230942,12701362
2021-11-17,"Johnson&Johnson, Moderna, Oxford/AstraZeneca, Pfizer/BioNTech",6474662,6234505,12709167
2021-11-18,"Johnson&Johnson, Moderna, Oxford/AstraZeneca, Pfizer/BioNTech",6494077,6246185,12740262
2021-11-19,"Johnson&Johnson, Moderna, Oxford/AstraZeneca, Pfizer/BioNTech",6518682,6263152,12781834
2021-11-20,"Johnson&Johnson, Moderna, Pfizer/BioNTech",6527254,6268130,12795384
2021-11-21,"Johnson&Johnson, Moderna, Pfizer/BioNTech",6534025,6271901,12805926
2021-11-22,"Johnson&Johnson, Moderna, Oxford/AstraZeneca, Pfizer/BioNTech",6552538,6286010,12838548
2021-11-23,"Johnson&Johnson, Moderna, Oxford/AstraZeneca, Pfizer/BioNTech",6571598,6299266,12870864
2021-11-24,"Johnson&Johnson, Moderna, Oxford/AstraZeneca, Pfizer/BioNTech",6590610,6315106,12905716
2021-11-25,"Johnson&Johnson, Moderna, Oxford/AstraZeneca, Pfizer/BioNTech",6609763,6330132,12939895
2021-11-26,"Johnson&Johnson, Moderna, Oxford/AstraZeneca, Pfizer/BioNTech",6631414,6349267,12980681
2021-11-27,"Johnson&Johnson, Moderna, Oxford/AstraZeneca, Pfizer/BioNTech",6638886,6354822,12993708
2021-11-28,"Johnson&Johnson, Moderna, Oxford/AstraZeneca, Pfizer/BioNTech",6642222,6357955,13000177
2021-11-29,"Johnson&Johnson, Moderna, Oxford/AstraZeneca, Pfizer/BioNTech",6657430,6371611,13029041
2021-11-30,"Johnson&Johnson, Moderna, Oxford/AstraZeneca, Pfizer/BioNTech",6670634,6382844,13053478
2021-12-01,"Johnson&Johnson, Moderna, Oxford/AstraZeneca, Pfizer/BioNTech",6684666,6395296,13079962
2021-12-02,"Johnson&Johnson, Moderna, Oxford/AstraZeneca, Pfizer/BioNTech",6695303,6407785,13103088
2021-12-03,"Johnson&Johnson, Moderna, Oxford/AstraZeneca, Pfizer/BioNTech",6704946,6423355,13128301
2021-12-04,"Johnson&Johnson, Moderna, Pfizer/BioNTech",6707507,6427303,13134810
2021-12-05,"Johnson&Johnson, Moderna, Oxford/AstraZeneca, Pfizer/BioNTech",6708868,6429643,13138511
2021-12-06,"Johnson&Johnson, Moderna, Oxford/AstraZeneca, Pfizer/BioNTech",6717029,6441167,13158196
2021-12-07,"Johnson&Johnson, Moderna, Oxford/AstraZeneca, Pfizer/BioNTech",6724915,6453167,13178082
2021-12-08,"Johnson&Johnson, Moderna, Oxford/AstraZeneca, Pfizer/BioNTech",6733165,6459087,13192252
2021-12-09,"Johnson&Johnson, Moderna, Oxford/AstraZeneca, Pfizer/BioNTech",6740286,6471901,13212187
2021-12-10,"Johnson&Johnson, Moderna, Oxford/AstraZeneca, Pfizer/BioNTech",6747210,6489703,13236913
2021-12-11,"Johnson&Johnson, Moderna, Pfizer/BioNTech",6748870,6494974,13243844
2021-12-12,"Johnson&Johnson, Moderna, Oxford/AstraZeneca, Pfizer/BioNTech",6750179,6499406,13249585
2021-12-13,"Johnson&Johnson, Moderna, Oxford/AstraZeneca, Pfizer/BioNTech",6756532,6512715,13269247
2021-12-14,"Johnson&Johnson, Moderna, Oxford/AstraZeneca, Pfizer/BioNTech",6762756,6526379,13289135
2021-12-15,"Johnson&Johnson, Moderna, Oxford/AstraZeneca, Pfizer/BioNTech",6768956,6539979,13308935
2021-12-16,"Johnson&Johnson, Moderna, Oxford/AstraZeneca, Pfizer/BioNTech",6775892,6554813,13330705
2021-12-17,"Johnson&Johnson, Moderna, Oxford/AstraZeneca, Pfizer/BioNTech",6784257,6572070,13356327
2021-12-18,"Johnson&Johnson, Moderna, Oxford/AstraZeneca, Pfizer/BioNTech",6786865,6577517,13364382
2021-12-19,"Johnson&Johnson, Moderna, Pfizer/BioNTech",6788634,6580019,13368653
2021-12-20,"Johnson&Johnson, Moderna, Oxford/AstraZeneca, Pfizer/BioNTech",6794443,6594072,13388515
2021-12-21,"Johnson&Johnson, Moderna, Oxford/AstraZeneca, Pfizer/BioNTech",6801113,6606056,13407169
2021-12-22,"Johnson&Johnson, Moderna, Oxford/AstraZeneca, Pfizer/BioNTech",6806173,6619100,13425273
2021-12-23,"Johnson&Johnson, Moderna, Oxford/AstraZeneca, Pfizer/BioNTech",6809038,6624699,13433737
2021-12-24,"Johnson&Johnson, Moderna, Oxford/AstraZeneca, Pfizer/BioNTech",6809083,6624799,13433882
2021-12-25,"Moderna, Pfizer/BioNTech",6809083,6624806,13433889
2021-12-26,"Moderna, Pfizer/BioNTech",6809181,6625007,13434188
2021-12-27,"Johnson&Johnson, Moderna, Pfizer/BioNTech",6813037,6634742,13447779
2021-12-28,"Johnson&Johnson, Moderna, Oxford/AstraZeneca, Pfizer/BioNTech",6818273,6642719,13460992
2021-12-29,"Johnson&Johnson, Moderna, Oxford/AstraZeneca, Pfizer/BioNTech",6822553,6650427,13472980
2021-12-30,"Johnson&Johnson, Moderna, Pfizer/BioNTech",6826852,6655853,13482705
2021-12-31,"Johnson&Johnson, Moderna, Pfizer/BioNTech",6827358,6657269,13484627
2022-01-01,"Johnson&Johnson, Moderna, Pfizer/BioNTech",6827362,6657287,13484649
2022-01-02,"Johnson&Johnson, Moderna, Pfizer/BioNTech",6828211,6658668,13486879
2022-01-03,"Johnson&Johnson, Moderna, Oxford/AstraZeneca, Pfizer/BioNTech",6832307,6667558,13499865
2022-01-04,"Johnson&Johnson, Moderna, Oxford/AstraZeneca, Pfizer/BioNTech",6837372,6675327,13512699
2022-01-05,"Johnson&Johnson, Moderna, Oxford/AstraZeneca, Pfizer/BioNTech",6843157,6683285,13526442
2022-01-06,"Johnson&Johnson, Moderna, Oxford/AstraZeneca, Pfizer/BioNTech",6849723,6691705,13541428
2022-01-07,"Johnson&Johnson, Moderna, Oxford/AstraZeneca, Pfizer/BioNTech",6857573,6702042,13559615
2022-01-08,"Johnson&Johnson, Moderna, Oxford/AstraZeneca, Pfizer/BioNTech",6860054,6704823,13564877
2022-01-09,"Johnson&Johnson, Moderna, Pfizer/BioNTech",6861136,6706525,13567661
2022-01-10,"Johnson&Johnson, Moderna, Oxford/AstraZeneca, Pfizer/BioNTech",6865604,6712683,13578287
2022-01-11,"Johnson&Johnson, Moderna, Oxford/AstraZeneca, Pfizer/BioNTech",6870977,6719437,13590414
2022-01-12,"Johnson&Johnson, Moderna, Oxford/AstraZeneca, Pfizer/BioNTech",6876907,6725071,13601978
2022-01-13,"Johnson&Johnson, Moderna, Oxford/AstraZeneca, Pfizer/BioNTech",6882779,6729829,13612608
2022-01-14,"Johnson&Johnson, Moderna, Oxford/AstraZeneca, Pfizer/BioNTech",6889039,6733472,13622511
2022-01-15,"Johnson&Johnson, Moderna, Oxford/AstraZeneca, Pfizer/BioNTech",6890316,6734125,13624441
2022-01-16,"Johnson&Johnson, Moderna, Oxford/AstraZeneca, Pfizer/BioNTech",6891002,6734556,13625558
2022-01-17,"Johnson&Johnson, Moderna, Oxford/AstraZeneca, Pfizer/BioNTech",6894495,6738496,13632991
2022-01-18,"Johnson&Johnson, Moderna, Oxford/AstraZeneca, Pfizer/BioNTech",6898369,6743438,13641807
2022-01-19,"Johnson&Johnson, Moderna, Oxford/AstraZeneca, Pfizer/BioNTech",6902418,6747365,13649783
2022-01-20,"Johnson&Johnson, Moderna, Oxford/AstraZeneca, Pfizer/BioNTech",6906003,6751767,13657770
2022-01-21,"Johnson&Johnson, Moderna, Oxford/AstraZeneca, Pfizer/BioNTech",6909995,6754273,13664268
2022-01-22,"Johnson&Johnson, Moderna, Oxford/AstraZeneca, Pfizer/BioNTech",6910777,6754712,13665489
2022-01-23,"Johnson&Johnson, Moderna, Pfizer/BioNTech",6911347,6755346,13666693
2022-01-24,"Johnson&Johnson, Moderna, Oxford/AstraZeneca, Pfizer/BioNTech",6913603,6758747,13672350
2022-01-25,"Johnson&Johnson, Moderna, Oxford/AstraZeneca, Pfizer/BioNTech",6915939,6762715,13678654
2022-01-26,"Johnson&Johnson, Moderna, Oxford/AstraZeneca, Pfizer/BioNTech",6918321,6767254,13685575
2022-01-27,"Johnson&Johnson, Moderna, Oxford/AstraZeneca, Pfizer/BioNTech",6920664,6772036,13692700
2022-01-28,"Johnson&Johnson, Moderna, Oxford/AstraZeneca, Pfizer/BioNTech",6923562,6778105,13701667
2022-01-29,"Johnson&Johnson, Moderna, Pfizer/BioNTech",6924161,6779744,13703905
2022-01-30,"Johnson&Johnson, Moderna, Pfizer/BioNTech",6924383,6780517,13704900
2022-01-31,"Johnson&Johnson, Moderna, Pfizer/BioNTech",6925819,6784188,13710007
