date,vaccine,people_vaccinated,people_fully_vaccinated,total_vaccinations
2020-12-27,Pfizer/BioNTech,1287,0,1287
2020-12-28,Pfizer/BioNTech,3591,0,3591
2020-12-29,Pfizer/BioNTech,7062,1,7063
2020-12-30,Pfizer/BioNTech,10582,1,10583
2020-12-31,Pfizer/BioNTech,11893,1,11894
2021-01-01,"Moderna, Pfizer/BioNTech",12163,1,12164
2021-01-02,"Moderna, Pfizer/BioNTech",13447,1,13448
2021-01-03,"Moderna, Pfizer/BioNTech",14373,1,14374
2021-01-04,"Moderna, Pfizer/BioNTech",17987,1,17988
2021-01-05,"Moderna, Pfizer/BioNTech",22514,2,22516
2021-01-06,"Moderna, Pfizer/BioNTech",28362,3,28365
2021-01-07,"Moderna, Pfizer/BioNTech",36362,3,36365
2021-01-08,"Moderna, Pfizer/BioNTech",46416,4,46420
2021-01-09,"Moderna, Pfizer/BioNTech",48444,6,48450
2021-01-10,Pfizer/BioNTech,50215,8,50223
2021-01-11,"Moderna, Pfizer/BioNTech",60074,10,60084
2021-01-12,"Moderna, Pfizer/BioNTech",73532,12,73544
2021-01-13,"Moderna, Pfizer/BioNTech",87082,12,87094
2021-01-14,"Moderna, Pfizer/BioNTech",102339,16,102355
2021-01-15,"Moderna, Pfizer/BioNTech",116362,17,116379
2021-01-16,"Moderna, Pfizer/BioNTech",119766,21,119787
2021-01-17,"Moderna, Pfizer/BioNTech",122387,657,123044
2021-01-18,"Moderna, Pfizer/BioNTech",134881,2484,137365
2021-01-19,"Moderna, Pfizer/BioNTech",147495,5213,152708
2021-01-20,"Moderna, Pfizer/BioNTech",161194,7877,169071
2021-01-21,"Moderna, Pfizer/BioNTech",176851,9619,186470
2021-01-22,"Moderna, Pfizer/BioNTech",191745,10665,202410
2021-01-23,"Moderna, Pfizer/BioNTech",195064,11544,206608
2021-01-24,"Moderna, Pfizer/BioNTech",197320,12414,209734
2021-01-25,"Moderna, Pfizer/BioNTech",206975,15389,222364
2021-01-26,"Moderna, Pfizer/BioNTech",217524,19381,236905
2021-01-27,"Moderna, Pfizer/BioNTech",226557,23917,250474
2021-01-28,"Moderna, Pfizer/BioNTech",233661,30051,263712
2021-01-29,"Moderna, Pfizer/BioNTech",239879,37961,277840
2021-01-30,"Moderna, Pfizer/BioNTech",240620,39049,279669
2021-01-31,"Moderna, Pfizer/BioNTech",241338,40231,281569
2021-02-01,"Moderna, Pfizer/BioNTech",245320,48201,293521
2021-02-02,"Moderna, Pfizer/BioNTech",249474,58441,307915
2021-02-03,"Moderna, Pfizer/BioNTech",253901,69465,323366
2021-02-04,"Moderna, Pfizer/BioNTech",258809,82461,341270
2021-02-05,"Moderna, Pfizer/BioNTech",264284,93138,357422
2021-02-06,"Moderna, Oxford/AstraZeneca, Pfizer/BioNTech",265141,95504,360645
2021-02-07,"Moderna, Oxford/AstraZeneca, Pfizer/BioNTech",265993,98004,363997
2021-02-08,"Moderna, Oxford/AstraZeneca, Pfizer/BioNTech",270088,109436,379524
2021-02-09,"Moderna, Oxford/AstraZeneca, Pfizer/BioNTech",275196,121353,396549
2021-02-10,"Moderna, Oxford/AstraZeneca, Pfizer/BioNTech",280714,134616,415330
2021-02-11,"Moderna, Oxford/AstraZeneca, Pfizer/BioNTech",287057,150839,437896
2021-02-12,"Moderna, Oxford/AstraZeneca, Pfizer/BioNTech",293887,165588,459475
2021-02-13,"Moderna, Oxford/AstraZeneca, Pfizer/BioNTech",295504,168576,464080
2021-02-14,"Moderna, Oxford/AstraZeneca, Pfizer/BioNTech",296510,169962,466472
2021-02-15,"Moderna, Oxford/AstraZeneca, Pfizer/BioNTech",302909,179333,482242
2021-02-16,"Moderna, Oxford/AstraZeneca, Pfizer/BioNTech",311632,188417,500049
2021-02-17,"Moderna, Oxford/AstraZeneca, Pfizer/BioNTech",321335,196728,518063
2021-02-18,"Moderna, Oxford/AstraZeneca, Pfizer/BioNTech",333665,204812,538477
2021-02-19,"Moderna, Oxford/AstraZeneca, Pfizer/BioNTech",345531,212189,557720
2021-02-20,"Moderna, Oxford/AstraZeneca, Pfizer/BioNTech",347541,213375,560916
2021-02-21,"Moderna, Oxford/AstraZeneca, Pfizer/BioNTech",348678,214401,563079
2021-02-22,"Moderna, Oxford/AstraZeneca, Pfizer/BioNTech",358806,220439,579245
2021-02-23,"Moderna, Oxford/AstraZeneca, Pfizer/BioNTech",371770,227431,599201
2021-02-24,"Moderna, Oxford/AstraZeneca, Pfizer/BioNTech",385655,233474,619129
2021-02-25,"Moderna, Oxford/AstraZeneca, Pfizer/BioNTech",403639,239026,642665
2021-02-26,"Moderna, Oxford/AstraZeneca, Pfizer/BioNTech",419820,244388,664208
2021-02-27,"Moderna, Oxford/AstraZeneca, Pfizer/BioNTech",422830,244948,667778
2021-02-28,"Moderna, Oxford/AstraZeneca, Pfizer/BioNTech",425188,245500,670688
2021-03-01,"Moderna, Oxford/AstraZeneca, Pfizer/BioNTech",444790,248951,693741
2021-03-02,"Moderna, Oxford/AstraZeneca, Pfizer/BioNTech",472019,252501,724520
2021-03-03,"Moderna, Oxford/AstraZeneca, Pfizer/BioNTech",502980,257012,759992
2021-03-04,"Moderna, Oxford/AstraZeneca, Pfizer/BioNTech",536272,261703,797975
2021-03-05,"Johnson&Johnson, Moderna, Oxford/AstraZeneca, Pfizer/BioNTech",565119,267131,832250
2021-03-06,"Johnson&Johnson, Moderna, Oxford/AstraZeneca, Pfizer/BioNTech",577278,267997,845275
2021-03-07,"Johnson&Johnson, Moderna, Oxford/AstraZeneca, Pfizer/BioNTech",588827,268840,857667
2021-03-08,"Johnson&Johnson, Moderna, Oxford/AstraZeneca, Pfizer/BioNTech",618576,273703,892279
2021-03-09,"Johnson&Johnson, Moderna, Oxford/AstraZeneca, Pfizer/BioNTech",654946,280090,935036
2021-03-10,"Johnson&Johnson, Moderna, Oxford/AstraZeneca, Pfizer/BioNTech",696284,287051,983335
2021-03-11,"Johnson&Johnson, Moderna, Oxford/AstraZeneca, Pfizer/BioNTech",741141,295428,1036569
2021-03-12,"Johnson&Johnson, Moderna, Oxford/AstraZeneca, Pfizer/BioNTech",779908,303926,1083834
2021-03-13,"Johnson&Johnson, Moderna, Oxford/AstraZeneca, Pfizer/BioNTech",797018,305241,1102259
2021-03-14,"Johnson&Johnson, Moderna, Oxford/AstraZeneca, Pfizer/BioNTech",809137,306397,1115534
2021-03-15,"Johnson&Johnson, Moderna, Oxford/AstraZeneca, Pfizer/BioNTech",837535,315180,1152715
2021-03-16,"Johnson&Johnson, Moderna, Oxford/AstraZeneca, Pfizer/BioNTech",876432,325718,1202150
2021-03-17,"Moderna, Oxford/AstraZeneca, Pfizer/BioNTech",913923,336233,1250156
2021-03-18,"Johnson&Johnson, Moderna, Oxford/AstraZeneca, Pfizer/BioNTech",951926,348658,1300584
2021-03-19,"Johnson&Johnson, Moderna, Oxford/AstraZeneca, Pfizer/BioNTech",986443,362273,1348716
2021-03-20,"Johnson&Johnson, Moderna, Oxford/AstraZeneca, Pfizer/BioNTech",1001626,364304,1365930
2021-03-21,"Johnson&Johnson, Moderna, Oxford/AstraZeneca, Pfizer/BioNTech",1009069,365864,1374933
2021-03-22,"Johnson&Johnson, Moderna, Oxford/AstraZeneca, Pfizer/BioNTech",1033648,378369,1412017
2021-03-23,"Johnson&Johnson, Moderna, Oxford/AstraZeneca, Pfizer/BioNTech",1060323,391735,1452058
2021-03-24,"Johnson&Johnson, Moderna, Oxford/AstraZeneca, Pfizer/BioNTech",1087213,407484,1494697
2021-03-25,"Johnson&Johnson, Moderna, Oxford/AstraZeneca, Pfizer/BioNTech",1113570,425340,1538910
2021-03-26,"Johnson&Johnson, Moderna, Oxford/AstraZeneca, Pfizer/BioNTech",1138412,442854,1581266
2021-03-27,"Johnson&Johnson, Moderna, Oxford/AstraZeneca, Pfizer/BioNTech",1146872,447700,1594572
2021-03-28,"Moderna, Oxford/AstraZeneca, Pfizer/BioNTech",1152420,451848,1604268
2021-03-29,"Johnson&Johnson, Moderna, Oxford/AstraZeneca, Pfizer/BioNTech",1171579,472585,1644164
2021-03-30,"Johnson&Johnson, Moderna, Oxford/AstraZeneca, Pfizer/BioNTech",1196288,494772,1691060
2021-03-31,"Johnson&Johnson, Moderna, Oxford/AstraZeneca, Pfizer/BioNTech",1219446,521842,1741288
2021-04-01,"Johnson&Johnson, Moderna, Oxford/AstraZeneca, Pfizer/BioNTech",1245133,553903,1799036
2021-04-02,"Johnson&Johnson, Moderna, Oxford/AstraZeneca, Pfizer/BioNTech",1252113,566702,1818815
2021-04-03,"Johnson&Johnson, Moderna, Oxford/AstraZeneca, Pfizer/BioNTech",1255764,577634,1833398
2021-04-04,"Johnson&Johnson, Moderna, Oxford/AstraZeneca, Pfizer/BioNTech",1258305,586559,1844864
2021-04-05,"Johnson&Johnson, Moderna, Oxford/AstraZeneca, Pfizer/BioNTech",1260736,593763,1854499
2021-04-06,"Johnson&Johnson, Moderna, Oxford/AstraZeneca, Pfizer/BioNTech",1276952,623039,1899991
2021-04-07,"Johnson&Johnson, Moderna, Oxford/AstraZeneca, Pfizer/BioNTech",1300458,645284,1945742
2021-04-08,"Johnson&Johnson, Moderna, Oxford/AstraZeneca, Pfizer/BioNTech",1339271,676331,2015602
2021-04-09,"Johnson&Johnson, Moderna, Oxford/AstraZeneca, Pfizer/BioNTech",1378869,706529,2085398
2021-04-10,"Johnson&Johnson, Moderna, Oxford/AstraZeneca, Pfizer/BioNTech",1394438,721842,2116280
2021-04-11,"Johnson&Johnson, Moderna, Oxford/AstraZeneca, Pfizer/BioNTech",1404233,731898,2136131
2021-04-12,"Johnson&Johnson, Moderna, Oxford/AstraZeneca, Pfizer/BioNTech",1442555,757045,2199600
2021-04-13,"Moderna, Oxford/AstraZeneca, Pfizer/BioNTech",1478862,783086,2261948
2021-04-14,"Moderna, Oxford/AstraZeneca, Pfizer/BioNTech",1517747,810461,2328208
2021-04-15,"Moderna, Oxford/AstraZeneca, Pfizer/BioNTech",1565579,836241,2401820
2021-04-16,"Moderna, Oxford/AstraZeneca, Pfizer/BioNTech",1610293,861926,2472219
2021-04-17,"Moderna, Oxford/AstraZeneca, Pfizer/BioNTech",1627018,870953,2497971
2021-04-18,"Moderna, Oxford/AstraZeneca, Pfizer/BioNTech",1640017,875939,2515956
2021-04-19,"Johnson&Johnson, Moderna, Oxford/AstraZeneca, Pfizer/BioNTech",1683991,891383,2575374
2021-04-20,"Johnson&Johnson, Moderna, Oxford/AstraZeneca, Pfizer/BioNTech",1726579,907272,2633851
2021-04-21,"Moderna, Oxford/AstraZeneca, Pfizer/BioNTech",1774351,921640,2695991
2021-04-22,"Johnson&Johnson, Moderna, Oxford/AstraZeneca, Pfizer/BioNTech",1828878,939039,2767917
2021-04-23,"Johnson&Johnson, Moderna, Oxford/AstraZeneca, Pfizer/BioNTech",1878896,951106,2830002
2021-04-24,"Johnson&Johnson, Moderna, Oxford/AstraZeneca, Pfizer/BioNTech",1896773,956373,2853146
2021-04-25,"Johnson&Johnson, Moderna, Oxford/AstraZeneca, Pfizer/BioNTech",1911486,960376,2871862
2021-04-26,"Johnson&Johnson, Moderna, Oxford/AstraZeneca, Pfizer/BioNTech",1961098,967945,2929043
2021-04-27,"Johnson&Johnson, Moderna, Oxford/AstraZeneca, Pfizer/BioNTech",2010090,980196,2990286
2021-04-28,"Johnson&Johnson, Moderna, Oxford/AstraZeneca, Pfizer/BioNTech",2068871,994226,3063097
2021-04-29,"Johnson&Johnson, Moderna, Oxford/AstraZeneca, Pfizer/BioNTech",2134491,1010145,3144636
2021-04-30,"Johnson&Johnson, Moderna, Oxford/AstraZeneca, Pfizer/BioNTech",2196787,1020141,3216928
2021-05-01,"Johnson&Johnson, Moderna, Oxford/AstraZeneca, Pfizer/BioNTech",2216175,1023606,3239781
2021-05-02,"Johnson&Johnson, Moderna, Oxford/AstraZeneca, Pfizer/BioNTech",2235129,1025897,3261026
2021-05-03,"Johnson&Johnson, Moderna, Oxford/AstraZeneca, Pfizer/BioNTech",2302410,1030979,3333389
2021-05-04,"Johnson&Johnson, Moderna, Oxford/AstraZeneca, Pfizer/BioNTech",2368968,1039355,3408323
2021-05-05,"Johnson&Johnson, Moderna, Oxford/AstraZeneca, Pfizer/BioNTech",2442180,1048803,3490983
2021-05-06,"Johnson&Johnson, Moderna, Oxford/AstraZeneca, Pfizer/BioNTech",2522629,1059559,3582188
2021-05-07,"Johnson&Johnson, Moderna, Oxford/AstraZeneca, Pfizer/BioNTech",2599960,1069703,3669663
2021-05-08,"Johnson&Johnson, Moderna, Oxford/AstraZeneca, Pfizer/BioNTech",2629497,1071496,3700993
2021-05-09,"Johnson&Johnson, Moderna, Oxford/AstraZeneca, Pfizer/BioNTech",2653733,1072716,3726449
2021-05-10,"Johnson&Johnson, Moderna, Oxford/AstraZeneca, Pfizer/BioNTech",2726541,1079966,3806507
2021-05-11,"Johnson&Johnson, Moderna, Oxford/AstraZeneca, Pfizer/BioNTech",2802696,1088801,3891497
2021-05-12,"Johnson&Johnson, Moderna, Oxford/AstraZeneca, Pfizer/BioNTech",2882649,1097950,3980599
2021-05-13,"Johnson&Johnson, Moderna, Oxford/AstraZeneca, Pfizer/BioNTech",2966704,1107144,4073848
2021-05-14,"Johnson&Johnson, Moderna, Oxford/AstraZeneca, Pfizer/BioNTech",3046256,1114976,4161232
2021-05-15,"Johnson&Johnson, Moderna, Oxford/AstraZeneca, Pfizer/BioNTech",3078226,1117261,4195487
2021-05-16,"Johnson&Johnson, Moderna, Oxford/AstraZeneca, Pfizer/BioNTech",3104039,1118547,4222586
2021-05-17,"Johnson&Johnson, Moderna, Oxford/AstraZeneca, Pfizer/BioNTech",3176583,1125304,4301887
2021-05-18,"Johnson&Johnson, Moderna, Oxford/AstraZeneca, Pfizer/BioNTech",3248573,1138426,4386999
2021-05-19,"Johnson&Johnson, Moderna, Oxford/AstraZeneca, Pfizer/BioNTech",3326072,1153601,4479673
2021-05-20,"Johnson&Johnson, Moderna, Oxford/AstraZeneca, Pfizer/BioNTech",3401565,1180671,4582236
2021-05-21,"Johnson&Johnson, Moderna, Oxford/AstraZeneca, Pfizer/BioNTech",3470421,1208484,4678905
2021-05-22,"Johnson&Johnson, Moderna, Oxford/AstraZeneca, Pfizer/BioNTech",3502880,1219727,4722607
2021-05-23,"Johnson&Johnson, Moderna, Oxford/AstraZeneca, Pfizer/BioNTech",3525330,1228770,4754100
2021-05-24,"Johnson&Johnson, Moderna, Oxford/AstraZeneca, Pfizer/BioNTech",3572546,1262452,4834998
2021-05-25,"Johnson&Johnson, Moderna, Oxford/AstraZeneca, Pfizer/BioNTech",3624463,1298300,4922763
2021-05-26,"Johnson&Johnson, Moderna, Oxford/AstraZeneca, Pfizer/BioNTech",3692229,1335865,5028094
2021-05-27,"Johnson&Johnson, Moderna, Oxford/AstraZeneca, Pfizer/BioNTech",3753664,1383232,5136896
2021-05-28,"Johnson&Johnson, Moderna, Oxford/AstraZeneca, Pfizer/BioNTech",3815417,1429849,5245266
2021-05-29,"Johnson&Johnson, Moderna, Oxford/AstraZeneca, Pfizer/BioNTech",3844683,1446995,5291678
2021-05-30,"Johnson&Johnson, Moderna, Oxford/AstraZeneca, Pfizer/BioNTech",3867094,1461467,5328561
2021-05-31,"Johnson&Johnson, Moderna, Oxford/AstraZeneca, Pfizer/BioNTech",3922840,1509004,5431844
2021-06-01,"Johnson&Johnson, Moderna, Oxford/AstraZeneca, Pfizer/BioNTech",3981944,1557893,5539837
2021-06-02,"Johnson&Johnson, Moderna, Oxford/AstraZeneca, Pfizer/BioNTech",4044922,1611935,5656857
2021-06-03,"Johnson&Johnson, Moderna, Oxford/AstraZeneca, Pfizer/BioNTech",4103177,1672184,5775361
2021-06-04,"Johnson&Johnson, Moderna, Oxford/AstraZeneca, Pfizer/BioNTech",4166312,1729625,5895937
2021-06-05,"Johnson&Johnson, Moderna, Oxford/AstraZeneca, Pfizer/BioNTech",4200498,1748553,5949051
2021-06-06,"Johnson&Johnson, Moderna, Oxford/AstraZeneca, Pfizer/BioNTech",4227458,1763730,5991188
2021-06-07,"Johnson&Johnson, Moderna, Oxford/AstraZeneca, Pfizer/BioNTech",4291159,1819387,6110546
2021-06-08,"Johnson&Johnson, Moderna, Oxford/AstraZeneca, Pfizer/BioNTech",4355178,1874426,6229604
2021-06-09,"Johnson&Johnson, Moderna, Oxford/AstraZeneca, Pfizer/BioNTech",4414399,1939127,6353526
2021-06-10,"Johnson&Johnson, Moderna, Oxford/AstraZeneca, Pfizer/BioNTech",4468262,2010462,6478724
2021-06-11,"Johnson&Johnson, Moderna, Oxford/AstraZeneca, Pfizer/BioNTech",4520397,2080321,6600718
2021-06-12,"Johnson&Johnson, Moderna, Oxford/AstraZeneca, Pfizer/BioNTech",4552418,2101183,6653601
2021-06-13,"Johnson&Johnson, Moderna, Oxford/AstraZeneca, Pfizer/BioNTech",4576463,2119629,6696092
2021-06-14,"Johnson&Johnson, Moderna, Oxford/AstraZeneca, Pfizer/BioNTech",4619552,2194047,6813599
2021-06-15,"Johnson&Johnson, Moderna, Oxford/AstraZeneca, Pfizer/BioNTech",4664231,2266461,6930692
2021-06-16,"Johnson&Johnson, Moderna, Oxford/AstraZeneca, Pfizer/BioNTech",4707056,2344725,7051781
2021-06-17,"Johnson&Johnson, Moderna, Oxford/AstraZeneca, Pfizer/BioNTech",4746495,2427849,7174344
2021-06-18,"Johnson&Johnson, Moderna, Oxford/AstraZeneca, Pfizer/BioNTech",4788942,2508455,7297397
2021-06-19,"Johnson&Johnson, Moderna, Oxford/AstraZeneca, Pfizer/BioNTech",4810733,2537802,7348535
2021-06-20,"Johnson&Johnson, Moderna, Oxford/AstraZeneca, Pfizer/BioNTech",4828145,2561678,7389823
2021-06-21,"Johnson&Johnson, Moderna, Oxford/AstraZeneca, Pfizer/BioNTech",4860660,2640318,7500978
2021-06-22,"Johnson&Johnson, Moderna, Oxford/AstraZeneca, Pfizer/BioNTech",4893638,2722672,7616310
2021-06-23,"Johnson&Johnson, Moderna, Oxford/AstraZeneca, Pfizer/BioNTech",4925357,2807940,7733297
2021-06-24,"Johnson&Johnson, Moderna, Oxford/AstraZeneca, Pfizer/BioNTech",4955226,2898018,7853244
2021-06-25,"Johnson&Johnson, Moderna, Oxford/AstraZeneca, Pfizer/BioNTech",4986320,2984271,7970591
2021-06-26,"Johnson&Johnson, Moderna, Oxford/AstraZeneca, Pfizer/BioNTech",5002225,3019164,8021389
2021-06-27,"Johnson&Johnson, Moderna, Oxford/AstraZeneca, Pfizer/BioNTech",5016183,3045885,8062068
2021-06-28,"Johnson&Johnson, Moderna, Oxford/AstraZeneca, Pfizer/BioNTech",5044606,3131120,8175726
2021-06-29,"Johnson&Johnson, Moderna, Oxford/AstraZeneca, Pfizer/BioNTech",5073895,3217685,8291580
2021-06-30,"Johnson&Johnson, Moderna, Oxford/AstraZeneca, Pfizer/BioNTech",5101404,3308735,8410139
2021-07-01,"Johnson&Johnson, Moderna, Oxford/AstraZeneca, Pfizer/BioNTech",5125398,3398844,8524242
2021-07-02,"Johnson&Johnson, Moderna, Oxford/AstraZeneca, Pfizer/BioNTech",5152152,3484782,8636934
2021-07-03,"Johnson&Johnson, Moderna, Oxford/AstraZeneca, Pfizer/BioNTech",5159257,3516360,8675617
2021-07-04,"Johnson&Johnson, Moderna, Oxford/AstraZeneca, Pfizer/BioNTech",5166844,3538187,8705031
2021-07-05,"Johnson&Johnson, Moderna, Oxford/AstraZeneca, Pfizer/BioNTech",5174263,3563603,8737866
2021-07-06,"Johnson&Johnson, Moderna, Oxford/AstraZeneca, Pfizer/BioNTech",5179734,3591337,8771071
2021-07-07,"Johnson&Johnson, Moderna, Oxford/AstraZeneca, Pfizer/BioNTech",5205570,3670339,8875909
2021-07-08,"Johnson&Johnson, Moderna, Oxford/AstraZeneca, Pfizer/BioNTech",5232191,3740689,8972880
2021-07-09,"Johnson&Johnson, Moderna, Oxford/AstraZeneca, Pfizer/BioNTech",5260142,3810030,9070172
2021-07-10,"Johnson&Johnson, Moderna, Oxford/AstraZeneca, Pfizer/BioNTech",5269526,3838706,9108232
2021-07-11,"Johnson&Johnson, Moderna, Oxford/AstraZeneca, Pfizer/BioNTech",5278082,3861599,9139681
2021-07-12,"Johnson&Johnson, Moderna, Oxford/AstraZeneca, Pfizer/BioNTech",5305622,3930697,9236319
2021-07-13,"Johnson&Johnson, Moderna, Oxford/AstraZeneca, Pfizer/BioNTech",5331828,4000597,9332425
2021-07-14,"Johnson&Johnson, Moderna, Oxford/AstraZeneca, Pfizer/BioNTech",5357669,4072616,9430285
2021-07-15,"Johnson&Johnson, Moderna, Oxford/AstraZeneca, Pfizer/BioNTech",5386862,4138663,9525525
2021-07-16,"Johnson&Johnson, Moderna, Oxford/AstraZeneca, Pfizer/BioNTech",5414799,4211427,9626226
2021-07-17,"Johnson&Johnson, Moderna, Oxford/AstraZeneca, Pfizer/BioNTech",5423604,4242906,9666510
2021-07-18,"Johnson&Johnson, Moderna, Oxford/AstraZeneca, Pfizer/BioNTech",5432050,4268923,9700973
2021-07-19,"Johnson&Johnson, Moderna, Oxford/AstraZeneca, Pfizer/BioNTech",5455423,4335970,9791393
2021-07-20,"Johnson&Johnson, Moderna, Oxford/AstraZeneca, Pfizer/BioNTech",5476835,4403051,9879886
2021-07-21,"Johnson&Johnson, Moderna, Oxford/AstraZeneca, Pfizer/BioNTech",5500295,4466529,9966824
2021-07-22,"Johnson&Johnson, Moderna, Oxford/AstraZeneca, Pfizer/BioNTech",5522665,4525180,10047845
2021-07-23,"Johnson&Johnson, Moderna, Oxford/AstraZeneca, Pfizer/BioNTech",5545896,4579951,10125847
2021-07-24,"Johnson&Johnson, Moderna, Oxford/AstraZeneca, Pfizer/BioNTech",5553245,4607634,10160879
2021-07-25,"Johnson&Johnson, Moderna, Oxford/AstraZeneca, Pfizer/BioNTech",5559881,4629777,10189658
2021-07-26,"Johnson&Johnson, Moderna, Oxford/AstraZeneca, Pfizer/BioNTech",5583439,4678478,10261917
2021-07-27,"Johnson&Johnson, Moderna, Oxford/AstraZeneca, Pfizer/BioNTech",5606190,4725148,10331338
2021-07-28,"Johnson&Johnson, Moderna, Oxford/AstraZeneca, Pfizer/BioNTech",5627473,4771184,10398657
2021-07-29,"Johnson&Johnson, Moderna, Oxford/AstraZeneca, Pfizer/BioNTech",5648810,4813181,10461991
2021-07-30,"Johnson&Johnson, Moderna, Oxford/AstraZeneca, Pfizer/BioNTech",5672093,4855772,10527865
2021-07-31,"Johnson&Johnson, Moderna, Oxford/AstraZeneca, Pfizer/BioNTech",5681043,4875318,10556361
2021-08-01,"Johnson&Johnson, Moderna, Oxford/AstraZeneca, Pfizer/BioNTech",5687776,4891503,10579279
2021-08-02,"Johnson&Johnson, Moderna, Oxford/AstraZeneca, Pfizer/BioNTech",5706424,4929077,10635501
2021-08-03,"Johnson&Johnson, Moderna, Oxford/AstraZeneca, Pfizer/BioNTech",5724076,4967204,10691280
2021-08-04,"Johnson&Johnson, Moderna, Oxford/AstraZeneca, Pfizer/BioNTech",5740203,5003988,10744191
2021-08-05,"Johnson&Johnson, Moderna, Oxford/AstraZeneca, Pfizer/BioNTech",5756249,5044497,10800746
2021-08-06,"Johnson&Johnson, Moderna, Oxford/AstraZeneca, Pfizer/BioNTech",5773051,5087817,10860868
2021-08-07,"Johnson&Johnson, Moderna, Oxford/AstraZeneca, Pfizer/BioNTech",5778660,5106004,10884664
2021-08-08,"Johnson&Johnson, Moderna, Oxford/AstraZeneca, Pfizer/BioNTech",5783027,5121773,10904800
2021-08-09,"Johnson&Johnson, Moderna, Oxford/AstraZeneca, Pfizer/BioNTech",5795671,5166851,10962522
2021-08-10,"Johnson&Johnson, Moderna, Oxford/AstraZeneca, Pfizer/BioNTech",5807520,5206443,11013963
2021-08-11,"Johnson&Johnson, Moderna, Oxford/AstraZeneca, Pfizer/BioNTech",5818892,5249591,11068483
2021-08-12,"Johnson&Johnson, Moderna, Oxford/AstraZeneca, Pfizer/BioNTech",5830319,5286746,11117065
2021-08-13,"Johnson&Johnson, Moderna, Oxford/AstraZeneca, Pfizer/BioNTech",5841049,5327108,11168157
2021-08-14,"Johnson&Johnson, Moderna, Oxford/AstraZeneca, Pfizer/BioNTech",5844389,5337824,11182213
2021-08-15,"Johnson&Johnson, Moderna, Oxford/AstraZeneca, Pfizer/BioNTech",5846975,5348213,11195188
2021-08-16,"Johnson&Johnson, Moderna, Oxford/AstraZeneca, Pfizer/BioNTech",5856768,5382304,11239072
2021-08-17,"Johnson&Johnson, Moderna, Oxford/AstraZeneca, Pfizer/BioNTech",5866368,5409408,11275776
2021-08-18,"Johnson&Johnson, Moderna, Oxford/AstraZeneca, Pfizer/BioNTech",5875746,5448318,11324064
2021-08-19,"Johnson&Johnson, Moderna, Oxford/AstraZeneca, Pfizer/BioNTech",5885426,5486682,11372108
2021-08-20,"Johnson&Johnson, Moderna, Oxford/AstraZeneca, Pfizer/BioNTech",5896824,5526878,11423702
2021-08-21,"Johnson&Johnson, Moderna, Oxford/AstraZeneca, Pfizer/BioNTech",5899546,5539650,11439196
2021-08-22,"Johnson&Johnson, Moderna, Oxford/AstraZeneca, Pfizer/BioNTech",5901892,5551622,11453514
2021-08-23,"Johnson&Johnson, Moderna, Oxford/AstraZeneca, Pfizer/BioNTech",5912424,5590909,11503333
2021-08-24,"Johnson&Johnson, Moderna, Oxford/AstraZeneca, Pfizer/BioNTech",5922305,5624172,11546477
2021-08-25,"Johnson&Johnson, Moderna, Oxford/AstraZeneca, Pfizer/BioNTech",5931170,5652548,11583718
2021-08-26,"Johnson&Johnson, Moderna, Oxford/AstraZeneca, Pfizer/BioNTech",5939624,5678676,11618300
2021-08-27,"Johnson&Johnson, Moderna, Oxford/AstraZeneca, Pfizer/BioNTech",5949954,5704662,11654616
2021-08-28,"Johnson&Johnson, Moderna, Oxford/AstraZeneca, Pfizer/BioNTech",5952690,5711726,11664416
2021-08-29,"Johnson&Johnson, Moderna, Oxford/AstraZeneca, Pfizer/BioNTech",5955102,5718349,11673451
2021-08-30,"Johnson&Johnson, Moderna, Oxford/AstraZeneca, Pfizer/BioNTech",5963630,5740230,11703860
2021-08-31,"Johnson&Johnson, Moderna, Oxford/AstraZeneca, Pfizer/BioNTech",5971313,5758338,11729651
2021-09-01,"Johnson&Johnson, Moderna, Oxford/AstraZeneca, Pfizer/BioNTech",5977224,5772361,11749585
2021-09-02,"Johnson&Johnson, Moderna, Oxford/AstraZeneca, Pfizer/BioNTech",5984073,5786756,11770829
2021-09-03,"Johnson&Johnson, Moderna, Oxford/AstraZeneca, Pfizer/BioNTech",5993634,5802491,11796125
2021-09-04,"Johnson&Johnson, Moderna, Oxford/AstraZeneca, Pfizer/BioNTech",5995704,5806050,11801754
2021-09-05,"Johnson&Johnson, Moderna, Oxford/AstraZeneca, Pfizer/BioNTech",5997744,5808899,11806643
2021-09-06,"Johnson&Johnson, Moderna, Oxford/AstraZeneca, Pfizer/BioNTech",6003983,5821445,11825428
2021-09-07,"Johnson&Johnson, Moderna, Oxford/AstraZeneca, Pfizer/BioNTech",6008378,5832532,11840910
2021-09-08,"Johnson&Johnson, Moderna, Oxford/AstraZeneca, Pfizer/BioNTech",6014055,5842395,11856450
2021-09-09,"Johnson&Johnson, Moderna, Oxford/AstraZeneca, Pfizer/BioNTech",6020756,5852464,11873220
2021-09-10,"Johnson&Johnson, Moderna, Oxford/AstraZeneca, Pfizer/BioNTech",6028453,5864646,11893099
2021-09-11,"Johnson&Johnson, Moderna, Oxford/AstraZeneca, Pfizer/BioNTech",6030323,5867131,11897454
2021-09-12,"Johnson&Johnson, Moderna, Oxford/AstraZeneca, Pfizer/BioNTech",6031441,5868764,11900205
2021-09-13,"Johnson&Johnson, Moderna, Oxford/AstraZeneca, Pfizer/BioNTech",6036881,5879069,11915950
2021-09-14,"Johnson&Johnson, Moderna, Oxford/AstraZeneca, Pfizer/BioNTech",6042280,5888087,11930367
2021-09-15,"Johnson&Johnson, Moderna, Oxford/AstraZeneca, Pfizer/BioNTech",6047483,5896615,11944098
2021-09-16,"Johnson&Johnson, Moderna, Oxford/AstraZeneca, Pfizer/BioNTech",6052838,5904896,11957734
2021-09-17,"Johnson&Johnson, Moderna, Oxford/AstraZeneca, Pfizer/BioNTech",6059409,5915133,11974542
2021-09-18,"Johnson&Johnson, Moderna, Oxford/AstraZeneca, Pfizer/BioNTech",6061138,5917495,11978633
2021-09-19,"Johnson&Johnson, Moderna, Oxford/AstraZeneca, Pfizer/BioNTech",6062084,5919064,11981148
2021-09-20,"Johnson&Johnson, Moderna, Oxford/AstraZeneca, Pfizer/BioNTech",6066099,5927264,11993363
2021-09-21,"Johnson&Johnson, Moderna, Oxford/AstraZeneca, Pfizer/BioNTech",6070337,5934801,12005138
2021-09-22,"Johnson&Johnson, Moderna, Oxford/AstraZeneca, Pfizer/BioNTech",6074530,5940328,12014858
2021-09-23,"Johnson&Johnson, Moderna, Oxford/AstraZeneca, Pfizer/BioNTech",6079507,5946740,12026247
2021-09-24,"Johnson&Johnson, Moderna, Oxford/AstraZeneca, Pfizer/BioNTech",6085268,5956360,12041628
2021-09-25,"Johnson&Johnson, Moderna, Oxford/AstraZeneca, Pfizer/BioNTech",6086765,5958360,12045125
2021-09-26,"Johnson&Johnson, Moderna, Oxford/AstraZeneca, Pfizer/BioNTech",6087510,5960000,12047510
2021-09-27,"Johnson&Johnson, Moderna, Oxford/AstraZeneca, Pfizer/BioNTech",6091394,5966515,12057909
2021-09-28,"Johnson&Johnson, Moderna, Oxford/AstraZeneca, Pfizer/BioNTech",6091763,5967143,12058906
2021-09-29,"Johnson&Johnson, Moderna, Oxford/AstraZeneca, Pfizer/BioNTech",6095540,5974607,12070147
2021-09-30,"Johnson&Johnson, Moderna, Oxford/AstraZeneca, Pfizer/BioNTech",6100050,5982308,12082358
2021-10-01,"Johnson&Johnson, Moderna, Oxford/AstraZeneca, Pfizer/BioNTech",6104355,5990291,12094646
2021-10-02,"Johnson&Johnson, Moderna, Oxford/AstraZeneca, Pfizer/BioNTech",6105417,5991837,12097254
2021-10-03,"Johnson&Johnson, Moderna, Oxford/AstraZeneca, Pfizer/BioNTech",6106142,5992708,12098850
2021-10-04,"Johnson&Johnson, Moderna, Oxford/AstraZeneca, Pfizer/BioNTech",6109217,5998281,12107498
2021-10-05,"Johnson&Johnson, Moderna, Oxford/AstraZeneca, Pfizer/BioNTech",6112381,6003368,12115749
2021-10-06,"Johnson&Johnson, Moderna, Oxford/AstraZeneca, Pfizer/BioNTech",6115900,6008541,12124441
2021-10-07,"Johnson&Johnson, Moderna, Oxford/AstraZeneca, Pfizer/BioNTech",6119184,6013802,12132986
2021-10-08,"Johnson&Johnson, Moderna, Oxford/AstraZeneca, Pfizer/BioNTech",6123978,6020444,12144422
2021-10-09,"Johnson&Johnson, Moderna, Oxford/AstraZeneca, Pfizer/BioNTech",6125223,6022107,12147330
2021-10-10,"Johnson&Johnson, Moderna, Oxford/AstraZeneca, Pfizer/BioNTech",6126167,6022939,12149106
2021-10-11,"Johnson&Johnson, Moderna, Oxford/AstraZeneca, Pfizer/BioNTech",6129097,6027354,12156451
2021-10-12,"Johnson&Johnson, Moderna, Oxford/AstraZeneca, Pfizer/BioNTech",6132029,6031358,12163387
2021-10-13,"Johnson&Johnson, Moderna, Oxford/AstraZeneca, Pfizer/BioNTech",6135559,6035542,12171101
2021-10-14,"Johnson&Johnson, Moderna, Oxford/AstraZeneca, Pfizer/BioNTech",6139232,6040491,12179723
2021-10-15,"Johnson&Johnson, Moderna, Oxford/AstraZeneca, Pfizer/BioNTech",6144461,6046637,12191098
2021-10-16,"Johnson&Johnson, Moderna, Oxford/AstraZeneca, Pfizer/BioNTech",6145876,6048165,12194041
2021-10-17,"Johnson&Johnson, Moderna, Pfizer/BioNTech",6147203,6049220,12196423
2021-10-18,"Johnson&Johnson, Moderna, Oxford/AstraZeneca, Pfizer/BioNTech",6151317,6053320,12204637
2021-10-19,"Johnson&Johnson, Moderna, Oxford/AstraZeneca, Pfizer/BioNTech",6154897,6055419,12210316
2021-10-20,"Johnson&Johnson, Moderna, Oxford/AstraZeneca, Pfizer/BioNTech",6159779,6059868,12219647
2021-10-21,"Johnson&Johnson, Moderna, Oxford/AstraZeneca, Pfizer/BioNTech",6167543,6065471,12233014
2021-10-22,"Johnson&Johnson, Moderna, Oxford/AstraZeneca, Pfizer/BioNTech",6177997,6071975,12249972
2021-10-23,"Johnson&Johnson, Moderna, Oxford/AstraZeneca, Pfizer/BioNTech",6181670,6074181,12255851
2021-10-24,"Johnson&Johnson, Moderna, Oxford/AstraZeneca, Pfizer/BioNTech",6184355,6075962,12260317
2021-10-25,"Johnson&Johnson, Moderna, Oxford/AstraZeneca, Pfizer/BioNTech",6194854,6081770,12276624
2021-10-26,"Johnson&Johnson, Moderna, Oxford/AstraZeneca, Pfizer/BioNTech",6206844,6088320,12295164
2021-10-27,"Johnson&Johnson, Moderna, Oxford/AstraZeneca, Pfizer/BioNTech",6221452,6095726,12317178
2021-10-28,"Johnson&Johnson, Moderna, Oxford/AstraZeneca, Pfizer/BioNTech",6224876,6097410,12322286
2021-10-29,"Johnson&Johnson, Moderna, Oxford/AstraZeneca, Pfizer/BioNTech",6239313,6105397,12344710
2021-10-30,"Johnson&Johnson, Moderna, Oxford/AstraZeneca, Pfizer/BioNTech",6243842,6108321,12352163
2021-10-31,"Johnson&Johnson, Moderna, Oxford/AstraZeneca, Pfizer/BioNTech",6247605,6110795,12358400
2021-11-01,"Johnson&Johnson, Moderna, Oxford/AstraZeneca, Pfizer/BioNTech",6262799,6118480,12381279
2021-11-02,"Johnson&Johnson, Moderna, Oxford/AstraZeneca, Pfizer/BioNTech",6278251,6126037,12404288
2021-11-03,"Johnson&Johnson, Moderna, Oxford/AstraZeneca, Pfizer/BioNTech",6295430,6133332,12428762
2021-11-04,"Johnson&Johnson, Moderna, Oxford/AstraZeneca, Pfizer/BioNTech",6313780,6141501,12455281
2021-11-05,"Johnson&Johnson, Moderna, Oxford/AstraZeneca, Pfizer/BioNTech",6336578,6152782,12489360
2021-11-06,"Johnson&Johnson, Moderna, Oxford/AstraZeneca, Pfizer/BioNTech",6343095,6155838,12498933
2021-11-07,"Johnson&Johnson, Moderna, Oxford/AstraZeneca, Pfizer/BioNTech",6347116,6158274,12505390
2021-11-08,"Johnson&Johnson, Moderna, Oxford/AstraZeneca, Pfizer/BioNTech",6363388,6165908,12529296
2021-11-09,"Johnson&Johnson, Moderna, Oxford/AstraZeneca, Pfizer/BioNTech",6378196,6173206,12551402
2021-11-10,"Johnson&Johnson, Moderna, Oxford/AstraZeneca, Pfizer/BioNTech",6393935,6180589,12574524
2021-11-11,"Johnson&Johnson, Moderna, Oxford/AstraZeneca, Pfizer/BioNTech",6409404,6189693,12599097
2021-11-12,"Johnson&Johnson, Moderna, Oxford/AstraZeneca, Pfizer/BioNTech",6429208,6202495,12631703
2021-11-13,"Johnson&Johnson, Moderna, Oxford/AstraZeneca, Pfizer/BioNTech",6434601,6206367,12640968
2021-11-14,"Johnson&Johnson, Moderna, Oxford/AstraZeneca, Pfizer/BioNTech",6438494,6209370,12647864
2021-11-15,"Johnson&Johnson, Moderna, Oxford/AstraZeneca, Pfizer/BioNTech",6453575,6220061,12673636
2021-11-16,"Johnson&Johnson, Moderna, Oxford/AstraZeneca, Pfizer/BioNTech",6471117,6232042,12703159
2021-11-17,"Johnson&Johnson, Moderna, Oxford/AstraZeneca, Pfizer/BioNTech",6475358,6235605,12710963
2021-11-18,"Johnson&Johnson, Moderna, Oxford/AstraZeneca, Pfizer/BioNTech",6494779,6247297,12742076
2021-11-19,"Johnson&Johnson, Moderna, Oxford/AstraZeneca, Pfizer/BioNTech",6519386,6264267,12783653
2021-11-20,"Johnson&Johnson, Moderna, Oxford/AstraZeneca, Pfizer/BioNTech",6527965,6269249,12797214
2021-11-21,"Johnson&Johnson, Moderna, Pfizer/BioNTech",6534737,6273022,12807759
2021-11-22,"Johnson&Johnson, Moderna, Oxford/AstraZeneca, Pfizer/BioNTech",6553248,6287134,12840382
2021-11-23,"Johnson&Johnson, Moderna, Oxford/AstraZeneca, Pfizer/BioNTech",6572314,6300393,12872707
2021-11-24,"Johnson&Johnson, Moderna, Oxford/AstraZeneca, Pfizer/BioNTech",6591331,6316239,12907570
2021-11-25,"Johnson&Johnson, Moderna, Oxford/AstraZeneca, Pfizer/BioNTech",6610478,6331271,12941749
2021-11-26,"Johnson&Johnson, Moderna, Oxford/AstraZeneca, Pfizer/BioNTech",6632129,6350406,12982535
2021-11-27,"Johnson&Johnson, Moderna, Oxford/AstraZeneca, Pfizer/BioNTech",6639598,6355960,12995558
2021-11-28,"Johnson&Johnson, Moderna, Oxford/AstraZeneca, Pfizer/BioNTech",6642931,6359095,13002026
2021-11-29,"Johnson&Johnson, Moderna, Oxford/AstraZeneca, Pfizer/BioNTech",6658139,6372751,13030890
2021-11-30,"Johnson&Johnson, Moderna, Oxford/AstraZeneca, Pfizer/BioNTech",6671340,6383982,13055322
2021-12-01,"Johnson&Johnson, Moderna, Oxford/AstraZeneca, Pfizer/BioNTech",6685377,6396437,13081814
2021-12-02,"Johnson&Johnson, Moderna, Oxford/AstraZeneca, Pfizer/BioNTech",6696013,6408927,13104940
2021-12-03,"Johnson&Johnson, Moderna, Oxford/AstraZeneca, Pfizer/BioNTech",6705652,6424499,13130151
2021-12-04,"Johnson&Johnson, Moderna, Pfizer/BioNTech",6708209,6428449,13136658
2021-12-05,"Johnson&Johnson, Moderna, Oxford/AstraZeneca, Pfizer/BioNTech",6709568,6430787,13140355
2021-12-06,"Johnson&Johnson, Moderna, Oxford/AstraZeneca, Pfizer/BioNTech",6717715,6442316,13160031
2021-12-07,"Johnson&Johnson, Moderna, Oxford/AstraZeneca, Pfizer/BioNTech",6725602,6454325,13179927
2021-12-08,"Johnson&Johnson, Moderna, Oxford/AstraZeneca, Pfizer/BioNTech",6733844,6460252,13194096
2021-12-09,"Johnson&Johnson, Moderna, Oxford/AstraZeneca, Pfizer/BioNTech",6740965,6473070,13214035
2021-12-10,"Johnson&Johnson, Moderna, Oxford/AstraZeneca, Pfizer/BioNTech",6747897,6490876,13238773
2021-12-11,"Johnson&Johnson, Moderna, Pfizer/BioNTech",6749555,6496148,13245703
2021-12-12,"Johnson&Johnson, Moderna, Oxford/AstraZeneca, Pfizer/BioNTech",6750866,6500582,13251448
2021-12-13,"Johnson&Johnson, Moderna, Oxford/AstraZeneca, Pfizer/BioNTech",6757213,6513893,13271106
2021-12-14,"Johnson&Johnson, Moderna, Oxford/AstraZeneca, Pfizer/BioNTech",6763423,6527560,13290983
2021-12-15,"Johnson&Johnson, Moderna, Oxford/AstraZeneca, Pfizer/BioNTech",6769629,6541159,13310788
2021-12-16,"Johnson&Johnson, Moderna, Oxford/AstraZeneca, Pfizer/BioNTech",6776569,6555993,13332562
2021-12-17,"Johnson&Johnson, Moderna, Oxford/AstraZeneca, Pfizer/BioNTech",6784934,6573255,13358189
2021-12-18,"Johnson&Johnson, Moderna, Oxford/AstraZeneca, Pfizer/BioNTech",6787545,6578705,13366250
2021-12-19,"Johnson&Johnson, Moderna, Pfizer/BioNTech",6789316,6581209,13370525
2021-12-20,"Johnson&Johnson, Moderna, Oxford/AstraZeneca, Pfizer/BioNTech",6795161,6595273,13390434
2021-12-21,"Johnson&Johnson, Moderna, Oxford/AstraZeneca, Pfizer/BioNTech",6801822,6607263,13409085
2021-12-22,"Johnson&Johnson, Moderna, Oxford/AstraZeneca, Pfizer/BioNTech",6806869,6620317,13427186
2021-12-23,"Johnson&Johnson, Moderna, Oxford/AstraZeneca, Pfizer/BioNTech",6809741,6625918,13435659
2021-12-24,"Johnson&Johnson, Moderna, Oxford/AstraZeneca, Pfizer/BioNTech",6809787,6626018,13435805
2021-12-25,"Moderna, Pfizer/BioNTech",6809788,6626026,13435814
2021-12-26,"Moderna, Pfizer/BioNTech",6809890,6626228,13436118
2021-12-27,"Johnson&Johnson, Moderna, Pfizer/BioNTech",6813757,6635965,13449722
2021-12-28,"Johnson&Johnson, Moderna, Oxford/AstraZeneca, Pfizer/BioNTech",6818997,6643957,13462954
2021-12-29,"Johnson&Johnson, Moderna, Oxford/AstraZeneca, Pfizer/BioNTech",6823277,6651676,13474953
2021-12-30,"Johnson&Johnson, Moderna, Pfizer/BioNTech",6827575,6657109,13484684
2021-12-31,"Johnson&Johnson, Moderna, Pfizer/BioNTech",6828085,6658532,13486617
2022-01-01,"Johnson&Johnson, Moderna, Pfizer/BioNTech",6828090,6658550,13486640
2022-01-02,"Johnson&Johnson, Moderna, Pfizer/BioNTech",6828946,6659927,13488873
2022-01-03,"Johnson&Johnson, Moderna, Oxford/AstraZeneca, Pfizer/BioNTech",6833082,6668825,13501907
2022-01-04,"Johnson&Johnson, Moderna, Oxford/AstraZeneca, Pfizer/BioNTech",6838168,6676576,13514744
2022-01-05,"Johnson&Johnson, Moderna, Oxford/AstraZeneca, Pfizer/BioNTech",6843986,6684545,13528531
2022-01-06,"Johnson&Johnson, Moderna, Oxford/AstraZeneca, Pfizer/BioNTech",6850572,6692946,13543518
2022-01-07,"Johnson&Johnson, Moderna, Oxford/AstraZeneca, Pfizer/BioNTech",6858445,6703299,13561744
2022-01-08,"Johnson&Johnson, Moderna, Oxford/AstraZeneca, Pfizer/BioNTech",6860925,6706082,13567007
2022-01-09,"Johnson&Johnson, Moderna, Pfizer/BioNTech",6862007,6707776,13569783
2022-01-10,"Johnson&Johnson, Moderna, Oxford/AstraZeneca, Pfizer/BioNTech",6866503,6713961,13580464
2022-01-11,"Johnson&Johnson, Moderna, Oxford/AstraZeneca, Pfizer/BioNTech",6871942,6720715,13592657
2022-01-12,"Johnson&Johnson, Moderna, Oxford/AstraZeneca, Pfizer/BioNTech",6877892,6726358,13604250
2022-01-13,"Johnson&Johnson, Moderna, Oxford/AstraZeneca, Pfizer/BioNTech",6883773,6731132,13614905
2022-01-14,"Johnson&Johnson, Moderna, Oxford/AstraZeneca, Pfizer/BioNTech",6890072,6734765,13624837
2022-01-15,"Johnson&Johnson, Moderna, Oxford/AstraZeneca, Pfizer/BioNTech",6891350,6735419,13626769
2022-01-16,"Johnson&Johnson, Moderna, Oxford/AstraZeneca, Pfizer/BioNTech",6892037,6735856,13627893
2022-01-17,"Johnson&Johnson, Moderna, Oxford/AstraZeneca, Pfizer/BioNTech",6895586,6739812,13635398
2022-01-18,"Johnson&Johnson, Moderna, Oxford/AstraZeneca, Pfizer/BioNTech",6899437,6744760,13644197
2022-01-19,"Johnson&Johnson, Moderna, Oxford/AstraZeneca, Pfizer/BioNTech",6903504,6748692,13652196
2022-01-20,"Johnson&Johnson, Moderna, Oxford/AstraZeneca, Pfizer/BioNTech",6907101,6753134,13660235
2022-01-21,"Johnson&Johnson, Moderna, Oxford/AstraZeneca, Pfizer/BioNTech",6911095,6755662,13666757
2022-01-22,"Johnson&Johnson, Moderna, Pfizer/BioNTech",6911875,6756100,13667975
2022-01-23,"Johnson&Johnson, Moderna, Pfizer/BioNTech",6912436,6756734,13669170
2022-01-24,"Johnson&Johnson, Moderna, Oxford/AstraZeneca, Pfizer/BioNTech",6914701,6760168,13674869
2022-01-25,"Johnson&Johnson, Moderna, Oxford/AstraZeneca, Pfizer/BioNTech",6917052,6764161,13681213
2022-01-26,"Johnson&Johnson, Moderna, Oxford/AstraZeneca, Pfizer/BioNTech",6919437,6768725,13688162
2022-01-27,"Johnson&Johnson, Moderna, Oxford/AstraZeneca, Pfizer/BioNTech",6921761,6773535,13695296
2022-01-28,"Johnson&Johnson, Moderna, Oxford/AstraZeneca, Pfizer/BioNTech",6924674,6779693,13704367
2022-01-29,"Johnson&Johnson, Moderna, Pfizer/BioNTech",6925274,6781341,13706615
2022-01-30,"Johnson&Johnson, Moderna, Pfizer/BioNTech",6925501,6782118,13707619
2022-01-31,"Johnson&Johnson, Moderna, Pfizer/BioNTech",6927038,6786034,13713072
2022-02-01,"Johnson&Johnson, Moderna, Pfizer/BioNTech",6928631,6790066,13718697
2022-02-02,"Johnson&Johnson, Moderna, Pfizer/BioNTech",6930196,6794568,13724764
2022-02-03,"Johnson&Johnson, Moderna, Pfizer/BioNTech",6931567,6799042,13730609
2022-02-04,"Johnson&Johnson, Moderna, Pfizer/BioNTech",6933165,6804156,13737321
2022-02-05,"Johnson&Johnson, Moderna, Pfizer/BioNTech",6933337,6804765,13738102
2022-02-06,"Johnson&Johnson, Moderna, Pfizer/BioNTech",6933431,6805084,13738515
2022-02-07,"Johnson&Johnson, Moderna, Pfizer/BioNTech",6934126,6808292,13742418
2022-02-08,"Johnson&Johnson, Moderna, Pfizer/BioNTech",6934915,6811476,13746391
2022-02-09,"Johnson&Johnson, Moderna, Pfizer/BioNTech",6935738,6814845,13750583
2022-02-10,"Johnson&Johnson, Moderna, Pfizer/BioNTech",6936519,6817969,13754488
2022-02-11,"Johnson&Johnson, Moderna, Pfizer/BioNTech",6937460,6821878,13759338
2022-02-12,"Johnson&Johnson, Moderna, Pfizer/BioNTech",6937569,6822297,13759866
2022-02-13,"Johnson&Johnson, Moderna, Pfizer/BioNTech",6937602,6822734,13760336
2022-02-14,"Johnson&Johnson, Moderna, Pfizer/BioNTech",6938052,6824843,13762895
2022-02-15,"Johnson&Johnson, Moderna, Pfizer/BioNTech",6938596,6827045,13765641
2022-02-16,"Johnson&Johnson, Moderna, Pfizer/BioNTech",6939174,6829140,13768314
2022-02-17,"Johnson&Johnson, Moderna, Pfizer/BioNTech",6939761,6831474,13771235
2022-02-18,"Johnson&Johnson, Moderna, Pfizer/BioNTech",6940394,6834523,13774917
2022-02-19,"Johnson&Johnson, Moderna, Pfizer/BioNTech",6940471,6834803,13775274
2022-02-20,"Johnson&Johnson, Moderna, Pfizer/BioNTech",6940504,6834952,13775456
2022-02-21,"Johnson&Johnson, Moderna, Pfizer/BioNTech",6940856,6836648,13777504
2022-02-22,"Johnson&Johnson, Moderna, Oxford/AstraZeneca, Pfizer/BioNTech",6941222,6838322,13779544
2022-02-23,"Johnson&Johnson, Moderna, Pfizer/BioNTech",6941666,6839962,13781628
2022-02-24,"Johnson&Johnson, Moderna, Pfizer/BioNTech",6942082,6841590,13783672
2022-02-25,"Johnson&Johnson, Moderna, Pfizer/BioNTech",6942666,6843664,13786330
2022-02-26,"Johnson&Johnson, Moderna, Pfizer/BioNTech",6942727,6843822,13786549
2022-02-27,"Johnson&Johnson, Moderna, Pfizer/BioNTech",6942761,6843897,13786658
2022-02-28,"Johnson&Johnson, Moderna, Pfizer/BioNTech",6943001,6844861,13787862
2022-03-01,"Johnson&Johnson, Moderna, Pfizer/BioNTech",6943240,6845624,13788864
2022-03-02,"Johnson&Johnson, Moderna, Novavax, Pfizer/BioNTech",6943578,6846528,13790106
2022-03-03,"Johnson&Johnson, Moderna, Novavax, Pfizer/BioNTech",6943895,6847441,13791336
2022-03-04,"Johnson&Johnson, Moderna, Novavax, Pfizer/BioNTech",6944511,6848646,13793157
2022-03-05,"Johnson&Johnson, Moderna, Novavax, Pfizer/BioNTech",6944588,6848735,13793323
2022-03-06,"Moderna, Novavax, Pfizer/BioNTech",6944599,6848752,13793351
2022-03-07,"Johnson&Johnson, Moderna, Novavax, Pfizer/BioNTech",6944934,6849300,13794234
2022-03-08,"Johnson&Johnson, Moderna, Novavax, Pfizer/BioNTech",6945261,6849831,13795092
2022-03-09,"Johnson&Johnson, Moderna, Novavax, Pfizer/BioNTech",6945637,6850402,13796039
2022-03-10,"Johnson&Johnson, Moderna, Novavax, Pfizer/BioNTech",6946028,6851039,13797067
