date,vaccine,people_vaccinated,people_fully_vaccinated,total_vaccinations
2020-12-27,Pfizer/BioNTech,1287,0,1287
2020-12-28,Pfizer/BioNTech,3590,0,3590
2020-12-29,Pfizer/BioNTech,7062,1,7063
2020-12-30,Pfizer/BioNTech,10579,1,10580
2020-12-31,Pfizer/BioNTech,11890,1,11891
2021-01-01,"Moderna, Pfizer/BioNTech",12159,1,12160
2021-01-02,"Moderna, Pfizer/BioNTech",13442,2,13444
2021-01-03,"Moderna, Pfizer/BioNTech",14369,2,14371
2021-01-04,"Moderna, Pfizer/BioNTech",17980,2,17982
2021-01-05,"Moderna, Pfizer/BioNTech",22506,3,22509
2021-01-06,"Moderna, Pfizer/BioNTech",28353,4,28357
2021-01-07,"Moderna, Pfizer/BioNTech",36352,4,36356
2021-01-08,"Moderna, Pfizer/BioNTech",46404,5,46409
2021-01-09,"Moderna, Pfizer/BioNTech",48432,7,48439
2021-01-10,Pfizer/BioNTech,50203,9,50212
2021-01-11,"Moderna, Pfizer/BioNTech",60059,11,60070
2021-01-12,"Moderna, Pfizer/BioNTech",73515,13,73528
2021-01-13,"Moderna, Pfizer/BioNTech",87062,13,87075
2021-01-14,"Moderna, Pfizer/BioNTech",102315,17,102332
2021-01-15,"Moderna, Pfizer/BioNTech",116337,18,116355
2021-01-16,"Moderna, Pfizer/BioNTech",119741,22,119763
2021-01-17,"Moderna, Pfizer/BioNTech",122362,658,123020
2021-01-18,"Moderna, Pfizer/BioNTech",134856,2485,137341
2021-01-19,"Moderna, Pfizer/BioNTech",147469,5214,152683
2021-01-20,"Moderna, Pfizer/BioNTech",161168,7878,169046
2021-01-21,"Moderna, Pfizer/BioNTech",176823,9620,186443
2021-01-22,"Moderna, Pfizer/BioNTech",191717,10664,202381
2021-01-23,"Moderna, Pfizer/BioNTech",195036,11542,206578
2021-01-24,"Moderna, Pfizer/BioNTech",197292,12413,209705
2021-01-25,"Moderna, Pfizer/BioNTech",206947,15385,222332
2021-01-26,"Moderna, Pfizer/BioNTech",217494,19377,236871
2021-01-27,"Moderna, Pfizer/BioNTech",226526,23912,250438
2021-01-28,"Moderna, Pfizer/BioNTech",233632,30045,263677
2021-01-29,"Moderna, Pfizer/BioNTech",239849,37954,277803
2021-01-30,"Moderna, Pfizer/BioNTech",240590,39042,279632
2021-01-31,"Moderna, Pfizer/BioNTech",241308,40224,281532
2021-02-01,"Moderna, Pfizer/BioNTech",245291,48193,293484
2021-02-02,"Moderna, Pfizer/BioNTech",249444,58433,307877
2021-02-03,"Moderna, Pfizer/BioNTech",253871,69455,323326
2021-02-04,"Moderna, Pfizer/BioNTech",258779,82448,341227
2021-02-05,"Moderna, Pfizer/BioNTech",264255,93123,357378
2021-02-06,"Moderna, Oxford/AstraZeneca, Pfizer/BioNTech",265113,95489,360602
2021-02-07,"Moderna, Oxford/AstraZeneca, Pfizer/BioNTech",265965,97989,363954
2021-02-08,"Moderna, Oxford/AstraZeneca, Pfizer/BioNTech",270060,109419,379479
2021-02-09,"Moderna, Oxford/AstraZeneca, Pfizer/BioNTech",275168,121335,396503
2021-02-10,"Moderna, Oxford/AstraZeneca, Pfizer/BioNTech",280687,134596,415283
2021-02-11,"Moderna, Oxford/AstraZeneca, Pfizer/BioNTech",287030,150816,437846
2021-02-12,"Moderna, Oxford/AstraZeneca, Pfizer/BioNTech",293860,165565,459425
2021-02-13,"Moderna, Oxford/AstraZeneca, Pfizer/BioNTech",295478,168553,464031
2021-02-14,"Moderna, Oxford/AstraZeneca, Pfizer/BioNTech",296484,169939,466423
2021-02-15,"Moderna, Oxford/AstraZeneca, Pfizer/BioNTech",302884,179310,482194
2021-02-16,"Moderna, Oxford/AstraZeneca, Pfizer/BioNTech",311606,188391,499997
2021-02-17,"Moderna, Oxford/AstraZeneca, Pfizer/BioNTech",321309,196702,518011
2021-02-18,"Moderna, Oxford/AstraZeneca, Pfizer/BioNTech",333641,204787,538428
2021-02-19,"Moderna, Oxford/AstraZeneca, Pfizer/BioNTech",345507,212163,557670
2021-02-20,"Moderna, Oxford/AstraZeneca, Pfizer/BioNTech",347517,213349,560866
2021-02-21,"Moderna, Oxford/AstraZeneca, Pfizer/BioNTech",348654,214375,563029
2021-02-22,"Moderna, Oxford/AstraZeneca, Pfizer/BioNTech",358782,220413,579195
2021-02-23,"Moderna, Oxford/AstraZeneca, Pfizer/BioNTech",371747,227404,599151
2021-02-24,"Moderna, Oxford/AstraZeneca, Pfizer/BioNTech",385632,233446,619078
2021-02-25,"Moderna, Oxford/AstraZeneca, Pfizer/BioNTech",403616,238998,642614
2021-02-26,"Moderna, Oxford/AstraZeneca, Pfizer/BioNTech",419798,244360,664158
2021-02-27,"Moderna, Oxford/AstraZeneca, Pfizer/BioNTech",422807,244920,667727
2021-02-28,"Moderna, Oxford/AstraZeneca, Pfizer/BioNTech",425165,245472,670637
2021-03-01,"Moderna, Oxford/AstraZeneca, Pfizer/BioNTech",444766,248922,693688
2021-03-02,"Moderna, Oxford/AstraZeneca, Pfizer/BioNTech",471994,252472,724466
2021-03-03,"Moderna, Oxford/AstraZeneca, Pfizer/BioNTech",502953,256983,759936
2021-03-04,"Moderna, Oxford/AstraZeneca, Pfizer/BioNTech",536244,261674,797918
2021-03-05,"Johnson&Johnson, Moderna, Oxford/AstraZeneca, Pfizer/BioNTech",565089,267103,832192
2021-03-06,"Johnson&Johnson, Moderna, Oxford/AstraZeneca, Pfizer/BioNTech",577249,267969,845218
2021-03-07,"Johnson&Johnson, Moderna, Oxford/AstraZeneca, Pfizer/BioNTech",588798,268812,857610
2021-03-08,"Johnson&Johnson, Moderna, Oxford/AstraZeneca, Pfizer/BioNTech",618548,273675,892223
2021-03-09,"Johnson&Johnson, Moderna, Oxford/AstraZeneca, Pfizer/BioNTech",654919,280063,934982
2021-03-10,"Johnson&Johnson, Moderna, Oxford/AstraZeneca, Pfizer/BioNTech",696257,287024,983281
2021-03-11,"Johnson&Johnson, Moderna, Oxford/AstraZeneca, Pfizer/BioNTech",741115,295401,1036516
2021-03-12,"Johnson&Johnson, Moderna, Oxford/AstraZeneca, Pfizer/BioNTech",779882,303901,1083783
2021-03-13,"Johnson&Johnson, Moderna, Oxford/AstraZeneca, Pfizer/BioNTech",796992,305216,1102208
2021-03-14,"Johnson&Johnson, Moderna, Oxford/AstraZeneca, Pfizer/BioNTech",809110,306372,1115482
2021-03-15,"Johnson&Johnson, Moderna, Oxford/AstraZeneca, Pfizer/BioNTech",837508,315155,1152663
2021-03-16,"Johnson&Johnson, Moderna, Oxford/AstraZeneca, Pfizer/BioNTech",876406,325693,1202099
2021-03-17,"Moderna, Oxford/AstraZeneca, Pfizer/BioNTech",913896,336208,1250104
2021-03-18,"Johnson&Johnson, Moderna, Oxford/AstraZeneca, Pfizer/BioNTech",951904,348634,1300538
2021-03-19,"Johnson&Johnson, Moderna, Oxford/AstraZeneca, Pfizer/BioNTech",986425,362249,1348674
2021-03-20,"Johnson&Johnson, Moderna, Oxford/AstraZeneca, Pfizer/BioNTech",1001609,364279,1365888
2021-03-21,"Johnson&Johnson, Moderna, Oxford/AstraZeneca, Pfizer/BioNTech",1009054,365839,1374893
2021-03-22,"Johnson&Johnson, Moderna, Oxford/AstraZeneca, Pfizer/BioNTech",1033633,378343,1411976
2021-03-23,"Johnson&Johnson, Moderna, Oxford/AstraZeneca, Pfizer/BioNTech",1060309,391709,1452018
2021-03-24,"Johnson&Johnson, Moderna, Oxford/AstraZeneca, Pfizer/BioNTech",1087201,407457,1494658
2021-03-25,"Johnson&Johnson, Moderna, Oxford/AstraZeneca, Pfizer/BioNTech",1113560,425313,1538873
2021-03-26,"Johnson&Johnson, Moderna, Oxford/AstraZeneca, Pfizer/BioNTech",1138403,442827,1581230
2021-03-27,"Johnson&Johnson, Moderna, Oxford/AstraZeneca, Pfizer/BioNTech",1146865,447673,1594538
2021-03-28,"Moderna, Oxford/AstraZeneca, Pfizer/BioNTech",1152413,451821,1604234
2021-03-29,"Johnson&Johnson, Moderna, Oxford/AstraZeneca, Pfizer/BioNTech",1171573,472558,1644131
2021-03-30,"Johnson&Johnson, Moderna, Oxford/AstraZeneca, Pfizer/BioNTech",1196284,494746,1691030
2021-03-31,"Johnson&Johnson, Moderna, Oxford/AstraZeneca, Pfizer/BioNTech",1219440,521816,1741256
2021-04-01,"Johnson&Johnson, Moderna, Oxford/AstraZeneca, Pfizer/BioNTech",1245127,553876,1799003
2021-04-02,"Johnson&Johnson, Moderna, Oxford/AstraZeneca, Pfizer/BioNTech",1252111,566675,1818786
2021-04-03,"Johnson&Johnson, Moderna, Oxford/AstraZeneca, Pfizer/BioNTech",1255763,577607,1833370
2021-04-04,"Johnson&Johnson, Moderna, Oxford/AstraZeneca, Pfizer/BioNTech",1258306,586531,1844837
2021-04-05,"Johnson&Johnson, Moderna, Oxford/AstraZeneca, Pfizer/BioNTech",1260738,593736,1854474
2021-04-06,"Johnson&Johnson, Moderna, Oxford/AstraZeneca, Pfizer/BioNTech",1276955,623011,1899966
2021-04-07,"Johnson&Johnson, Moderna, Oxford/AstraZeneca, Pfizer/BioNTech",1300461,645257,1945718
2021-04-08,"Johnson&Johnson, Moderna, Oxford/AstraZeneca, Pfizer/BioNTech",1339275,676304,2015579
2021-04-09,"Johnson&Johnson, Moderna, Oxford/AstraZeneca, Pfizer/BioNTech",1378875,706504,2085379
2021-04-10,"Johnson&Johnson, Moderna, Oxford/AstraZeneca, Pfizer/BioNTech",1394443,721817,2116260
2021-04-11,"Johnson&Johnson, Moderna, Oxford/AstraZeneca, Pfizer/BioNTech",1404238,731873,2136111
2021-04-12,"Johnson&Johnson, Moderna, Oxford/AstraZeneca, Pfizer/BioNTech",1442561,757019,2199580
2021-04-13,"Moderna, Oxford/AstraZeneca, Pfizer/BioNTech",1478867,783062,2261929
2021-04-14,"Moderna, Oxford/AstraZeneca, Pfizer/BioNTech",1517755,810439,2328194
2021-04-15,"Moderna, Oxford/AstraZeneca, Pfizer/BioNTech",1565590,836220,2401810
2021-04-16,"Moderna, Oxford/AstraZeneca, Pfizer/BioNTech",1610305,861903,2472208
2021-04-17,"Moderna, Oxford/AstraZeneca, Pfizer/BioNTech",1627032,870930,2497962
2021-04-18,"Moderna, Oxford/AstraZeneca, Pfizer/BioNTech",1640031,875916,2515947
2021-04-19,"Johnson&Johnson, Moderna, Oxford/AstraZeneca, Pfizer/BioNTech",1684004,891360,2575364
2021-04-20,"Johnson&Johnson, Moderna, Oxford/AstraZeneca, Pfizer/BioNTech",1726593,907250,2633843
2021-04-21,"Moderna, Oxford/AstraZeneca, Pfizer/BioNTech",1774364,921619,2695983
2021-04-22,"Johnson&Johnson, Moderna, Oxford/AstraZeneca, Pfizer/BioNTech",1828894,939019,2767913
2021-04-23,"Johnson&Johnson, Moderna, Oxford/AstraZeneca, Pfizer/BioNTech",1878909,951086,2829995
2021-04-24,"Johnson&Johnson, Moderna, Oxford/AstraZeneca, Pfizer/BioNTech",1896787,956353,2853140
2021-04-25,"Johnson&Johnson, Moderna, Oxford/AstraZeneca, Pfizer/BioNTech",1911501,960356,2871857
2021-04-26,"Johnson&Johnson, Moderna, Oxford/AstraZeneca, Pfizer/BioNTech",1961112,967927,2929039
2021-04-27,"Johnson&Johnson, Moderna, Oxford/AstraZeneca, Pfizer/BioNTech",2010102,980180,2990282
2021-04-28,"Johnson&Johnson, Moderna, Oxford/AstraZeneca, Pfizer/BioNTech",2068883,994208,3063091
2021-04-29,"Johnson&Johnson, Moderna, Oxford/AstraZeneca, Pfizer/BioNTech",2134506,1010130,3144636
2021-04-30,"Johnson&Johnson, Moderna, Oxford/AstraZeneca, Pfizer/BioNTech",2196801,1020127,3216928
2021-05-01,"Johnson&Johnson, Moderna, Oxford/AstraZeneca, Pfizer/BioNTech",2216190,1023592,3239782
2021-05-02,"Johnson&Johnson, Moderna, Oxford/AstraZeneca, Pfizer/BioNTech",2235145,1025883,3261028
2021-05-03,"Johnson&Johnson, Moderna, Oxford/AstraZeneca, Pfizer/BioNTech",2302428,1030968,3333396
2021-05-04,"Johnson&Johnson, Moderna, Oxford/AstraZeneca, Pfizer/BioNTech",2368990,1039342,3408332
2021-05-05,"Johnson&Johnson, Moderna, Oxford/AstraZeneca, Pfizer/BioNTech",2442205,1048793,3490998
2021-05-06,"Johnson&Johnson, Moderna, Oxford/AstraZeneca, Pfizer/BioNTech",2522654,1059549,3582203
2021-05-07,"Johnson&Johnson, Moderna, Oxford/AstraZeneca, Pfizer/BioNTech",2599989,1069698,3669687
2021-05-08,"Johnson&Johnson, Moderna, Oxford/AstraZeneca, Pfizer/BioNTech",2629532,1071492,3701024
2021-05-09,"Johnson&Johnson, Moderna, Oxford/AstraZeneca, Pfizer/BioNTech",2653772,1072715,3726487
2021-05-10,"Johnson&Johnson, Moderna, Oxford/AstraZeneca, Pfizer/BioNTech",2726579,1079966,3806545
2021-05-11,"Johnson&Johnson, Moderna, Oxford/AstraZeneca, Pfizer/BioNTech",2802739,1088802,3891541
2021-05-12,"Johnson&Johnson, Moderna, Oxford/AstraZeneca, Pfizer/BioNTech",2882690,1097950,3980640
2021-05-13,"Johnson&Johnson, Moderna, Oxford/AstraZeneca, Pfizer/BioNTech",2966746,1107145,4073891
2021-05-14,"Johnson&Johnson, Moderna, Oxford/AstraZeneca, Pfizer/BioNTech",3046297,1114976,4161273
2021-05-15,"Johnson&Johnson, Moderna, Oxford/AstraZeneca, Pfizer/BioNTech",3078268,1117263,4195531
2021-05-16,"Johnson&Johnson, Moderna, Oxford/AstraZeneca, Pfizer/BioNTech",3104082,1118550,4222632
2021-05-17,"Johnson&Johnson, Moderna, Oxford/AstraZeneca, Pfizer/BioNTech",3176628,1125307,4301935
2021-05-18,"Johnson&Johnson, Moderna, Oxford/AstraZeneca, Pfizer/BioNTech",3248626,1138430,4387056
2021-05-19,"Johnson&Johnson, Moderna, Oxford/AstraZeneca, Pfizer/BioNTech",3326125,1153606,4479731
2021-05-20,"Johnson&Johnson, Moderna, Oxford/AstraZeneca, Pfizer/BioNTech",3401620,1180681,4582301
2021-05-21,"Johnson&Johnson, Moderna, Oxford/AstraZeneca, Pfizer/BioNTech",3470480,1208491,4678971
2021-05-22,"Johnson&Johnson, Moderna, Oxford/AstraZeneca, Pfizer/BioNTech",3502946,1219735,4722681
2021-05-23,"Johnson&Johnson, Moderna, Oxford/AstraZeneca, Pfizer/BioNTech",3525396,1228778,4754174
2021-05-24,"Johnson&Johnson, Moderna, Oxford/AstraZeneca, Pfizer/BioNTech",3572616,1262462,4835078
2021-05-25,"Johnson&Johnson, Moderna, Oxford/AstraZeneca, Pfizer/BioNTech",3624536,1298310,4922846
2021-05-26,"Johnson&Johnson, Moderna, Oxford/AstraZeneca, Pfizer/BioNTech",3692306,1335874,5028180
2021-05-27,"Johnson&Johnson, Moderna, Oxford/AstraZeneca, Pfizer/BioNTech",3753739,1383243,5136982
2021-05-28,"Johnson&Johnson, Moderna, Oxford/AstraZeneca, Pfizer/BioNTech",3815493,1429860,5245353
2021-05-29,"Johnson&Johnson, Moderna, Oxford/AstraZeneca, Pfizer/BioNTech",3844765,1447007,5291772
2021-05-30,"Johnson&Johnson, Moderna, Oxford/AstraZeneca, Pfizer/BioNTech",3867179,1461480,5328659
2021-05-31,"Johnson&Johnson, Moderna, Oxford/AstraZeneca, Pfizer/BioNTech",3922928,1509017,5431945
2021-06-01,"Johnson&Johnson, Moderna, Oxford/AstraZeneca, Pfizer/BioNTech",3982041,1557910,5539951
2021-06-02,"Johnson&Johnson, Moderna, Oxford/AstraZeneca, Pfizer/BioNTech",4045022,1611953,5656975
2021-06-03,"Johnson&Johnson, Moderna, Oxford/AstraZeneca, Pfizer/BioNTech",4103281,1672207,5775488
2021-06-04,"Johnson&Johnson, Moderna, Oxford/AstraZeneca, Pfizer/BioNTech",4166427,1729646,5896073
2021-06-05,"Johnson&Johnson, Moderna, Oxford/AstraZeneca, Pfizer/BioNTech",4200616,1748578,5949194
2021-06-06,"Johnson&Johnson, Moderna, Oxford/AstraZeneca, Pfizer/BioNTech",4227574,1763758,5991332
2021-06-07,"Johnson&Johnson, Moderna, Oxford/AstraZeneca, Pfizer/BioNTech",4291276,1819414,6110690
2021-06-08,"Johnson&Johnson, Moderna, Oxford/AstraZeneca, Pfizer/BioNTech",4355298,1874453,6229751
2021-06-09,"Johnson&Johnson, Moderna, Oxford/AstraZeneca, Pfizer/BioNTech",4414521,1939160,6353681
2021-06-10,"Johnson&Johnson, Moderna, Oxford/AstraZeneca, Pfizer/BioNTech",4468390,2010500,6478890
2021-06-11,"Johnson&Johnson, Moderna, Oxford/AstraZeneca, Pfizer/BioNTech",4520524,2080359,6600883
2021-06-12,"Johnson&Johnson, Moderna, Oxford/AstraZeneca, Pfizer/BioNTech",4552548,2101223,6653771
2021-06-13,"Johnson&Johnson, Moderna, Oxford/AstraZeneca, Pfizer/BioNTech",4576593,2119668,6696261
2021-06-14,"Johnson&Johnson, Moderna, Oxford/AstraZeneca, Pfizer/BioNTech",4619689,2194088,6813777
2021-06-15,"Johnson&Johnson, Moderna, Oxford/AstraZeneca, Pfizer/BioNTech",4664372,2266508,6930880
2021-06-16,"Johnson&Johnson, Moderna, Oxford/AstraZeneca, Pfizer/BioNTech",4707204,2344773,7051977
2021-06-17,"Johnson&Johnson, Moderna, Oxford/AstraZeneca, Pfizer/BioNTech",4746646,2427898,7174544
2021-06-18,"Johnson&Johnson, Moderna, Oxford/AstraZeneca, Pfizer/BioNTech",4789095,2508508,7297603
2021-06-19,"Johnson&Johnson, Moderna, Oxford/AstraZeneca, Pfizer/BioNTech",4810893,2537859,7348752
2021-06-20,"Johnson&Johnson, Moderna, Oxford/AstraZeneca, Pfizer/BioNTech",4828308,2561740,7390048
2021-06-21,"Johnson&Johnson, Moderna, Oxford/AstraZeneca, Pfizer/BioNTech",4860824,2640378,7501202
2021-06-22,"Johnson&Johnson, Moderna, Oxford/AstraZeneca, Pfizer/BioNTech",4893807,2722731,7616538
2021-06-23,"Johnson&Johnson, Moderna, Oxford/AstraZeneca, Pfizer/BioNTech",4925535,2808003,7733538
2021-06-24,"Johnson&Johnson, Moderna, Oxford/AstraZeneca, Pfizer/BioNTech",4955412,2898086,7853498
2021-06-25,"Johnson&Johnson, Moderna, Oxford/AstraZeneca, Pfizer/BioNTech",4986512,2984345,7970857
2021-06-26,"Johnson&Johnson, Moderna, Oxford/AstraZeneca, Pfizer/BioNTech",5002418,3019241,8021659
2021-06-27,"Johnson&Johnson, Moderna, Oxford/AstraZeneca, Pfizer/BioNTech",5016379,3045962,8062341
2021-06-28,"Johnson&Johnson, Moderna, Oxford/AstraZeneca, Pfizer/BioNTech",5044802,3131203,8176005
2021-06-29,"Johnson&Johnson, Moderna, Oxford/AstraZeneca, Pfizer/BioNTech",5074100,3217774,8291874
2021-06-30,"Johnson&Johnson, Moderna, Oxford/AstraZeneca, Pfizer/BioNTech",5101613,3308831,8410444
2021-07-01,"Johnson&Johnson, Moderna, Oxford/AstraZeneca, Pfizer/BioNTech",5125617,3398949,8524566
2021-07-02,"Johnson&Johnson, Moderna, Oxford/AstraZeneca, Pfizer/BioNTech",5152372,3484908,8637280
2021-07-03,"Johnson&Johnson, Moderna, Oxford/AstraZeneca, Pfizer/BioNTech",5159478,3516487,8675965
2021-07-04,"Johnson&Johnson, Moderna, Oxford/AstraZeneca, Pfizer/BioNTech",5167070,3538316,8705386
2021-07-05,"Johnson&Johnson, Moderna, Oxford/AstraZeneca, Pfizer/BioNTech",5174494,3563733,8738227
2021-07-06,"Johnson&Johnson, Moderna, Oxford/AstraZeneca, Pfizer/BioNTech",5179974,3591470,8771444
2021-07-07,"Johnson&Johnson, Moderna, Oxford/AstraZeneca, Pfizer/BioNTech",5205812,3670481,8876293
2021-07-08,"Johnson&Johnson, Moderna, Oxford/AstraZeneca, Pfizer/BioNTech",5232435,3740841,8973276
2021-07-09,"Johnson&Johnson, Moderna, Oxford/AstraZeneca, Pfizer/BioNTech",5260392,3810184,9070576
2021-07-10,"Johnson&Johnson, Moderna, Oxford/AstraZeneca, Pfizer/BioNTech",5269781,3838863,9108644
2021-07-11,"Johnson&Johnson, Moderna, Oxford/AstraZeneca, Pfizer/BioNTech",5278339,3861756,9140095
2021-07-12,"Johnson&Johnson, Moderna, Oxford/AstraZeneca, Pfizer/BioNTech",5305885,3930852,9236737
2021-07-13,"Johnson&Johnson, Moderna, Oxford/AstraZeneca, Pfizer/BioNTech",5332097,4000757,9332854
2021-07-14,"Johnson&Johnson, Moderna, Oxford/AstraZeneca, Pfizer/BioNTech",5357942,4072776,9430718
2021-07-15,"Johnson&Johnson, Moderna, Oxford/AstraZeneca, Pfizer/BioNTech",5387136,4138825,9525961
2021-07-16,"Johnson&Johnson, Moderna, Oxford/AstraZeneca, Pfizer/BioNTech",5415076,4211589,9626665
2021-07-17,"Johnson&Johnson, Moderna, Oxford/AstraZeneca, Pfizer/BioNTech",5423881,4243070,9666951
2021-07-18,"Johnson&Johnson, Moderna, Oxford/AstraZeneca, Pfizer/BioNTech",5432327,4269089,9701416
2021-07-19,"Johnson&Johnson, Moderna, Oxford/AstraZeneca, Pfizer/BioNTech",5455704,4336137,9791841
2021-07-20,"Johnson&Johnson, Moderna, Oxford/AstraZeneca, Pfizer/BioNTech",5477117,4403222,9880339
2021-07-21,"Johnson&Johnson, Moderna, Oxford/AstraZeneca, Pfizer/BioNTech",5500583,4466704,9967287
2021-07-22,"Johnson&Johnson, Moderna, Oxford/AstraZeneca, Pfizer/BioNTech",5522956,4525360,10048316
2021-07-23,"Johnson&Johnson, Moderna, Oxford/AstraZeneca, Pfizer/BioNTech",5546196,4580138,10126334
2021-07-24,"Johnson&Johnson, Moderna, Oxford/AstraZeneca, Pfizer/BioNTech",5553548,4607823,10161371
2021-07-25,"Johnson&Johnson, Moderna, Oxford/AstraZeneca, Pfizer/BioNTech",5560188,4629968,10190156
2021-07-26,"Johnson&Johnson, Moderna, Oxford/AstraZeneca, Pfizer/BioNTech",5583749,4678679,10262428
2021-07-27,"Johnson&Johnson, Moderna, Oxford/AstraZeneca, Pfizer/BioNTech",5606505,4725356,10331861
2021-07-28,"Johnson&Johnson, Moderna, Oxford/AstraZeneca, Pfizer/BioNTech",5627792,4771399,10399191
2021-07-29,"Johnson&Johnson, Moderna, Oxford/AstraZeneca, Pfizer/BioNTech",5649136,4813403,10462539
2021-07-30,"Johnson&Johnson, Moderna, Oxford/AstraZeneca, Pfizer/BioNTech",5672423,4855997,10528420
2021-07-31,"Johnson&Johnson, Moderna, Oxford/AstraZeneca, Pfizer/BioNTech",5681379,4875552,10556931
2021-08-01,"Johnson&Johnson, Moderna, Oxford/AstraZeneca, Pfizer/BioNTech",5688114,4891737,10579851
2021-08-02,"Johnson&Johnson, Moderna, Oxford/AstraZeneca, Pfizer/BioNTech",5706764,4929323,10636087
2021-08-03,"Johnson&Johnson, Moderna, Oxford/AstraZeneca, Pfizer/BioNTech",5724417,4967459,10691876
2021-08-04,"Johnson&Johnson, Moderna, Oxford/AstraZeneca, Pfizer/BioNTech",5740546,5004253,10744799
2021-08-05,"Johnson&Johnson, Moderna, Oxford/AstraZeneca, Pfizer/BioNTech",5756594,5044764,10801358
2021-08-06,"Johnson&Johnson, Moderna, Oxford/AstraZeneca, Pfizer/BioNTech",5773404,5088092,10861496
2021-08-07,"Johnson&Johnson, Moderna, Oxford/AstraZeneca, Pfizer/BioNTech",5779014,5106281,10885295
2021-08-08,"Johnson&Johnson, Moderna, Oxford/AstraZeneca, Pfizer/BioNTech",5783386,5122052,10905438
2021-08-09,"Johnson&Johnson, Moderna, Oxford/AstraZeneca, Pfizer/BioNTech",5796027,5167133,10963160
2021-08-10,"Johnson&Johnson, Moderna, Oxford/AstraZeneca, Pfizer/BioNTech",5807877,5206728,11014605
2021-08-11,"Johnson&Johnson, Moderna, Oxford/AstraZeneca, Pfizer/BioNTech",5819251,5249883,11069134
2021-08-12,"Johnson&Johnson, Moderna, Oxford/AstraZeneca, Pfizer/BioNTech",5830678,5287040,11117718
2021-08-13,"Johnson&Johnson, Moderna, Oxford/AstraZeneca, Pfizer/BioNTech",5841412,5327409,11168821
2021-08-14,"Johnson&Johnson, Moderna, Oxford/AstraZeneca, Pfizer/BioNTech",5844753,5338127,11182880
2021-08-15,"Johnson&Johnson, Moderna, Oxford/AstraZeneca, Pfizer/BioNTech",5847345,5348520,11195865
2021-08-16,"Johnson&Johnson, Moderna, Oxford/AstraZeneca, Pfizer/BioNTech",5857140,5382616,11239756
2021-08-17,"Johnson&Johnson, Moderna, Oxford/AstraZeneca, Pfizer/BioNTech",5866743,5409731,11276474
2021-08-18,"Johnson&Johnson, Moderna, Oxford/AstraZeneca, Pfizer/BioNTech",5876120,5448647,11324767
2021-08-19,"Johnson&Johnson, Moderna, Oxford/AstraZeneca, Pfizer/BioNTech",5885801,5487017,11372818
2021-08-20,"Johnson&Johnson, Moderna, Oxford/AstraZeneca, Pfizer/BioNTech",5897195,5527219,11424414
2021-08-21,"Johnson&Johnson, Moderna, Oxford/AstraZeneca, Pfizer/BioNTech",5899921,5539997,11439918
2021-08-22,"Johnson&Johnson, Moderna, Oxford/AstraZeneca, Pfizer/BioNTech",5902267,5551973,11454240
2021-08-23,"Johnson&Johnson, Moderna, Oxford/AstraZeneca, Pfizer/BioNTech",5912800,5591261,11504061
2021-08-24,"Johnson&Johnson, Moderna, Oxford/AstraZeneca, Pfizer/BioNTech",5922681,5624529,11547210
2021-08-25,"Johnson&Johnson, Moderna, Oxford/AstraZeneca, Pfizer/BioNTech",5931549,5652907,11584456
2021-08-26,"Johnson&Johnson, Moderna, Oxford/AstraZeneca, Pfizer/BioNTech",5940005,5679037,11619042
2021-08-27,"Johnson&Johnson, Moderna, Oxford/AstraZeneca, Pfizer/BioNTech",5950332,5705030,11655362
2021-08-28,"Johnson&Johnson, Moderna, Oxford/AstraZeneca, Pfizer/BioNTech",5953073,5712101,11665174
2021-08-29,"Johnson&Johnson, Moderna, Oxford/AstraZeneca, Pfizer/BioNTech",5955486,5718728,11674214
2021-08-30,"Johnson&Johnson, Moderna, Oxford/AstraZeneca, Pfizer/BioNTech",5964015,5740612,11704627
2021-08-31,"Johnson&Johnson, Moderna, Oxford/AstraZeneca, Pfizer/BioNTech",5971704,5758729,11730433
2021-09-01,"Johnson&Johnson, Moderna, Oxford/AstraZeneca, Pfizer/BioNTech",5977616,5772752,11750368
2021-09-02,"Johnson&Johnson, Moderna, Oxford/AstraZeneca, Pfizer/BioNTech",5984463,5787147,11771610
2021-09-03,"Johnson&Johnson, Moderna, Oxford/AstraZeneca, Pfizer/BioNTech",5994026,5802886,11796912
2021-09-04,"Johnson&Johnson, Moderna, Oxford/AstraZeneca, Pfizer/BioNTech",5996097,5806446,11802543
2021-09-05,"Johnson&Johnson, Moderna, Oxford/AstraZeneca, Pfizer/BioNTech",5998138,5809295,11807433
2021-09-06,"Johnson&Johnson, Moderna, Oxford/AstraZeneca, Pfizer/BioNTech",6004378,5821842,11826220
2021-09-07,"Johnson&Johnson, Moderna, Oxford/AstraZeneca, Pfizer/BioNTech",6008773,5832931,11841704
2021-09-08,"Johnson&Johnson, Moderna, Oxford/AstraZeneca, Pfizer/BioNTech",6014450,5842798,11857248
2021-09-09,"Johnson&Johnson, Moderna, Oxford/AstraZeneca, Pfizer/BioNTech",6021152,5852873,11874025
2021-09-10,"Johnson&Johnson, Moderna, Oxford/AstraZeneca, Pfizer/BioNTech",6028853,5865058,11893911
2021-09-11,"Johnson&Johnson, Moderna, Oxford/AstraZeneca, Pfizer/BioNTech",6030723,5867546,11898269
2021-09-12,"Johnson&Johnson, Moderna, Oxford/AstraZeneca, Pfizer/BioNTech",6031844,5869181,11901025
2021-09-13,"Johnson&Johnson, Moderna, Oxford/AstraZeneca, Pfizer/BioNTech",6037286,5879489,11916775
2021-09-14,"Johnson&Johnson, Moderna, Oxford/AstraZeneca, Pfizer/BioNTech",6042686,5888508,11931194
2021-09-15,"Johnson&Johnson, Moderna, Oxford/AstraZeneca, Pfizer/BioNTech",6047897,5897040,11944937
2021-09-16,"Johnson&Johnson, Moderna, Oxford/AstraZeneca, Pfizer/BioNTech",6053254,5905324,11958578
2021-09-17,"Johnson&Johnson, Moderna, Oxford/AstraZeneca, Pfizer/BioNTech",6059826,5915564,11975390
2021-09-18,"Johnson&Johnson, Moderna, Oxford/AstraZeneca, Pfizer/BioNTech",6061558,5917930,11979488
2021-09-19,"Johnson&Johnson, Moderna, Oxford/AstraZeneca, Pfizer/BioNTech",6062504,5919499,11982003
2021-09-20,"Johnson&Johnson, Moderna, Oxford/AstraZeneca, Pfizer/BioNTech",6066526,5927702,11994228
2021-09-21,"Johnson&Johnson, Moderna, Oxford/AstraZeneca, Pfizer/BioNTech",6070765,5935242,12006007
2021-09-22,"Johnson&Johnson, Moderna, Oxford/AstraZeneca, Pfizer/BioNTech",6074960,5940770,12015730
2021-09-23,"Johnson&Johnson, Moderna, Oxford/AstraZeneca, Pfizer/BioNTech",6079936,5947187,12027123
2021-09-24,"Johnson&Johnson, Moderna, Oxford/AstraZeneca, Pfizer/BioNTech",6085697,5956805,12042502
2021-09-25,"Johnson&Johnson, Moderna, Oxford/AstraZeneca, Pfizer/BioNTech",6087197,5958805,12046002
2021-09-26,"Johnson&Johnson, Moderna, Oxford/AstraZeneca, Pfizer/BioNTech",6087942,5960446,12048388
2021-09-27,"Johnson&Johnson, Moderna, Oxford/AstraZeneca, Pfizer/BioNTech",6091827,5966963,12058790
2021-09-28,"Johnson&Johnson, Moderna, Oxford/AstraZeneca, Pfizer/BioNTech",6092198,5967599,12059797
2021-09-29,"Johnson&Johnson, Moderna, Oxford/AstraZeneca, Pfizer/BioNTech",6095976,5975064,12071040
2021-09-30,"Johnson&Johnson, Moderna, Oxford/AstraZeneca, Pfizer/BioNTech",6100491,5982768,12083259
2021-10-01,"Johnson&Johnson, Moderna, Oxford/AstraZeneca, Pfizer/BioNTech",6104799,5990754,12095553
2021-10-02,"Johnson&Johnson, Moderna, Oxford/AstraZeneca, Pfizer/BioNTech",6105862,5992301,12098163
2021-10-03,"Johnson&Johnson, Moderna, Oxford/AstraZeneca, Pfizer/BioNTech",6106587,5993173,12099760
2021-10-04,"Johnson&Johnson, Moderna, Oxford/AstraZeneca, Pfizer/BioNTech",6109664,5998750,12108414
2021-10-05,"Johnson&Johnson, Moderna, Oxford/AstraZeneca, Pfizer/BioNTech",6112826,6003835,12116661
2021-10-06,"Johnson&Johnson, Moderna, Oxford/AstraZeneca, Pfizer/BioNTech",6116346,6009010,12125356
2021-10-07,"Johnson&Johnson, Moderna, Oxford/AstraZeneca, Pfizer/BioNTech",6119630,6014271,12133901
2021-10-08,"Johnson&Johnson, Moderna, Oxford/AstraZeneca, Pfizer/BioNTech",6124424,6020916,12145340
2021-10-09,"Johnson&Johnson, Moderna, Oxford/AstraZeneca, Pfizer/BioNTech",6125668,6022582,12148250
2021-10-10,"Johnson&Johnson, Moderna, Oxford/AstraZeneca, Pfizer/BioNTech",6126612,6023414,12150026
2021-10-11,"Johnson&Johnson, Moderna, Oxford/AstraZeneca, Pfizer/BioNTech",6129542,6027830,12157372
2021-10-12,"Johnson&Johnson, Moderna, Oxford/AstraZeneca, Pfizer/BioNTech",6132478,6031835,12164313
2021-10-13,"Johnson&Johnson, Moderna, Oxford/AstraZeneca, Pfizer/BioNTech",6136010,6036022,12172032
2021-10-14,"Johnson&Johnson, Moderna, Oxford/AstraZeneca, Pfizer/BioNTech",6139683,6040973,12180656
2021-10-15,"Johnson&Johnson, Moderna, Oxford/AstraZeneca, Pfizer/BioNTech",6144911,6047121,12192032
2021-10-16,"Johnson&Johnson, Moderna, Oxford/AstraZeneca, Pfizer/BioNTech",6146326,6048650,12194976
2021-10-17,"Johnson&Johnson, Moderna, Pfizer/BioNTech",6147653,6049705,12197358
2021-10-18,"Johnson&Johnson, Moderna, Oxford/AstraZeneca, Pfizer/BioNTech",6151766,6053805,12205571
2021-10-19,"Johnson&Johnson, Moderna, Oxford/AstraZeneca, Pfizer/BioNTech",6155346,6055906,12211252
2021-10-20,"Johnson&Johnson, Moderna, Oxford/AstraZeneca, Pfizer/BioNTech",6160230,6060366,12220596
2021-10-21,"Johnson&Johnson, Moderna, Oxford/AstraZeneca, Pfizer/BioNTech",6167997,6065972,12233969
2021-10-22,"Johnson&Johnson, Moderna, Oxford/AstraZeneca, Pfizer/BioNTech",6178451,6072474,12250925
2021-10-23,"Johnson&Johnson, Moderna, Oxford/AstraZeneca, Pfizer/BioNTech",6182124,6074681,12256805
2021-10-24,"Johnson&Johnson, Moderna, Oxford/AstraZeneca, Pfizer/BioNTech",6184809,6076462,12261271
2021-10-25,"Johnson&Johnson, Moderna, Oxford/AstraZeneca, Pfizer/BioNTech",6195308,6082271,12277579
2021-10-26,"Johnson&Johnson, Moderna, Oxford/AstraZeneca, Pfizer/BioNTech",6207298,6088822,12296120
2021-10-27,"Johnson&Johnson, Moderna, Oxford/AstraZeneca, Pfizer/BioNTech",6221907,6096236,12318143
2021-10-28,"Johnson&Johnson, Moderna, Oxford/AstraZeneca, Pfizer/BioNTech",6225332,6097921,12323253
2021-10-29,"Johnson&Johnson, Moderna, Oxford/AstraZeneca, Pfizer/BioNTech",6239769,6105909,12345678
2021-10-30,"Johnson&Johnson, Moderna, Oxford/AstraZeneca, Pfizer/BioNTech",6244298,6108835,12353133
2021-10-31,"Johnson&Johnson, Moderna, Oxford/AstraZeneca, Pfizer/BioNTech",6248061,6111310,12359371
2021-11-01,"Johnson&Johnson, Moderna, Oxford/AstraZeneca, Pfizer/BioNTech",6263258,6118995,12382253
2021-11-02,"Johnson&Johnson, Moderna, Oxford/AstraZeneca, Pfizer/BioNTech",6278710,6126551,12405261
2021-11-03,"Johnson&Johnson, Moderna, Oxford/AstraZeneca, Pfizer/BioNTech",6295889,6133845,12429734
2021-11-04,"Johnson&Johnson, Moderna, Oxford/AstraZeneca, Pfizer/BioNTech",6314239,6142017,12456256
2021-11-05,"Johnson&Johnson, Moderna, Oxford/AstraZeneca, Pfizer/BioNTech",6337038,6153299,12490337
2021-11-06,"Johnson&Johnson, Moderna, Oxford/AstraZeneca, Pfizer/BioNTech",6343555,6156355,12499910
2021-11-07,"Johnson&Johnson, Moderna, Oxford/AstraZeneca, Pfizer/BioNTech",6347577,6158791,12506368
2021-11-08,"Johnson&Johnson, Moderna, Oxford/AstraZeneca, Pfizer/BioNTech",6363845,6166420,12530265
2021-11-09,"Johnson&Johnson, Moderna, Oxford/AstraZeneca, Pfizer/BioNTech",6378654,6173719,12552373
2021-11-10,"Johnson&Johnson, Moderna, Oxford/AstraZeneca, Pfizer/BioNTech",6394392,6181105,12575497
2021-11-11,"Johnson&Johnson, Moderna, Oxford/AstraZeneca, Pfizer/BioNTech",6409863,6190213,12600076
2021-11-12,"Johnson&Johnson, Moderna, Oxford/AstraZeneca, Pfizer/BioNTech",6429666,6203017,12632683
2021-11-13,"Johnson&Johnson, Moderna, Oxford/AstraZeneca, Pfizer/BioNTech",6435060,6206891,12641951
2021-11-14,"Johnson&Johnson, Moderna, Oxford/AstraZeneca, Pfizer/BioNTech",6438954,6209896,12648850
2021-11-15,"Johnson&Johnson, Moderna, Oxford/AstraZeneca, Pfizer/BioNTech",6454034,6220589,12674623
2021-11-16,"Johnson&Johnson, Moderna, Oxford/AstraZeneca, Pfizer/BioNTech",6471575,6232569,12704144
2021-11-17,"Johnson&Johnson, Moderna, Oxford/AstraZeneca, Pfizer/BioNTech",6475816,6236134,12711950
2021-11-18,"Johnson&Johnson, Moderna, Oxford/AstraZeneca, Pfizer/BioNTech",6495235,6247827,12743062
2021-11-19,"Johnson&Johnson, Moderna, Oxford/AstraZeneca, Pfizer/BioNTech",6519842,6264798,12784640
2021-11-20,"Johnson&Johnson, Moderna, Oxford/AstraZeneca, Pfizer/BioNTech",6528421,6269781,12798202
2021-11-21,"Johnson&Johnson, Moderna, Pfizer/BioNTech",6535190,6273554,12808744
2021-11-22,"Johnson&Johnson, Moderna, Oxford/AstraZeneca, Pfizer/BioNTech",6553700,6287669,12841369
2021-11-23,"Johnson&Johnson, Moderna, Oxford/AstraZeneca, Pfizer/BioNTech",6572766,6300929,12873695
2021-11-24,"Johnson&Johnson, Moderna, Oxford/AstraZeneca, Pfizer/BioNTech",6591781,6316776,12908557
2021-11-25,"Johnson&Johnson, Moderna, Oxford/AstraZeneca, Pfizer/BioNTech",6610925,6331810,12942735
2021-11-26,"Johnson&Johnson, Moderna, Oxford/AstraZeneca, Pfizer/BioNTech",6632579,6350946,12983525
2021-11-27,"Johnson&Johnson, Moderna, Oxford/AstraZeneca, Pfizer/BioNTech",6640048,6356501,12996549
2021-11-28,"Johnson&Johnson, Moderna, Oxford/AstraZeneca, Pfizer/BioNTech",6643381,6359636,13003017
2021-11-29,"Johnson&Johnson, Moderna, Oxford/AstraZeneca, Pfizer/BioNTech",6658590,6373293,13031883
2021-11-30,"Johnson&Johnson, Moderna, Oxford/AstraZeneca, Pfizer/BioNTech",6671793,6384524,13056317
2021-12-01,"Johnson&Johnson, Moderna, Oxford/AstraZeneca, Pfizer/BioNTech",6685827,6396979,13082806
2021-12-02,"Johnson&Johnson, Moderna, Oxford/AstraZeneca, Pfizer/BioNTech",6696466,6409469,13105935
2021-12-03,"Johnson&Johnson, Moderna, Oxford/AstraZeneca, Pfizer/BioNTech",6706106,6425046,13131152
2021-12-04,"Johnson&Johnson, Moderna, Pfizer/BioNTech",6708663,6428996,13137659
2021-12-05,"Johnson&Johnson, Moderna, Oxford/AstraZeneca, Pfizer/BioNTech",6710024,6431334,13141358
2021-12-06,"Johnson&Johnson, Moderna, Oxford/AstraZeneca, Pfizer/BioNTech",6718171,6442864,13161035
2021-12-07,"Johnson&Johnson, Moderna, Oxford/AstraZeneca, Pfizer/BioNTech",6726062,6454873,13180935
2021-12-08,"Johnson&Johnson, Moderna, Oxford/AstraZeneca, Pfizer/BioNTech",6734306,6460801,13195107
2021-12-09,"Johnson&Johnson, Moderna, Oxford/AstraZeneca, Pfizer/BioNTech",6741427,6473620,13215047
2021-12-10,"Johnson&Johnson, Moderna, Oxford/AstraZeneca, Pfizer/BioNTech",6748359,6491424,13239783
2021-12-11,"Johnson&Johnson, Moderna, Oxford/AstraZeneca, Pfizer/BioNTech",6750018,6496696,13246714
2021-12-12,"Johnson&Johnson, Moderna, Oxford/AstraZeneca, Pfizer/BioNTech",6751329,6501129,13252458
2021-12-13,"Johnson&Johnson, Moderna, Oxford/AstraZeneca, Pfizer/BioNTech",6757677,6514440,13272117
2021-12-14,"Johnson&Johnson, Moderna, Oxford/AstraZeneca, Pfizer/BioNTech",6763888,6528109,13291997
2021-12-15,"Johnson&Johnson, Moderna, Oxford/AstraZeneca, Pfizer/BioNTech",6770094,6541710,13311804
2021-12-16,"Johnson&Johnson, Moderna, Oxford/AstraZeneca, Pfizer/BioNTech",6777035,6556544,13333579
2021-12-17,"Johnson&Johnson, Moderna, Oxford/AstraZeneca, Pfizer/BioNTech",6785400,6573808,13359208
2021-12-18,"Johnson&Johnson, Moderna, Oxford/AstraZeneca, Pfizer/BioNTech",6788011,6579260,13367271
2021-12-19,"Johnson&Johnson, Moderna, Pfizer/BioNTech",6789782,6581764,13371546
2021-12-20,"Johnson&Johnson, Moderna, Oxford/AstraZeneca, Pfizer/BioNTech",6795637,6595827,13391464
2021-12-21,"Johnson&Johnson, Moderna, Oxford/AstraZeneca, Pfizer/BioNTech",6802298,6607822,13410120
2021-12-22,"Johnson&Johnson, Moderna, Oxford/AstraZeneca, Pfizer/BioNTech",6807346,6620878,13428224
2021-12-23,"Johnson&Johnson, Moderna, Oxford/AstraZeneca, Pfizer/BioNTech",6810220,6626479,13436699
2021-12-24,"Johnson&Johnson, Moderna, Oxford/AstraZeneca, Pfizer/BioNTech",6810266,6626580,13436846
2021-12-25,"Moderna, Pfizer/BioNTech",6810267,6626588,13436855
2021-12-26,"Moderna, Pfizer/BioNTech",6810369,6626791,13437160
2021-12-27,"Johnson&Johnson, Moderna, Pfizer/BioNTech",6814236,6636534,13450770
2021-12-28,"Johnson&Johnson, Moderna, Oxford/AstraZeneca, Pfizer/BioNTech",6819477,6644529,13464006
2021-12-29,"Johnson&Johnson, Moderna, Oxford/AstraZeneca, Pfizer/BioNTech",6823758,6652248,13476006
2021-12-30,"Johnson&Johnson, Moderna, Pfizer/BioNTech",6828058,6657680,13485738
2021-12-31,"Johnson&Johnson, Moderna, Pfizer/BioNTech",6828568,6659103,13487671
2022-01-01,"Johnson&Johnson, Moderna, Pfizer/BioNTech",6828574,6659121,13487695
2022-01-02,"Johnson&Johnson, Moderna, Pfizer/BioNTech",6829431,6660498,13489929
2022-01-03,"Johnson&Johnson, Moderna, Oxford/AstraZeneca, Pfizer/BioNTech",6833566,6669400,13502966
2022-01-04,"Johnson&Johnson, Moderna, Oxford/AstraZeneca, Pfizer/BioNTech",6838652,6677154,13515806
2022-01-05,"Johnson&Johnson, Moderna, Oxford/AstraZeneca, Pfizer/BioNTech",6844472,6685124,13529596
2022-01-06,"Johnson&Johnson, Moderna, Oxford/AstraZeneca, Pfizer/BioNTech",6851058,6693525,13544583
2022-01-07,"Johnson&Johnson, Moderna, Oxford/AstraZeneca, Pfizer/BioNTech",6858934,6703880,13562814
2022-01-08,"Johnson&Johnson, Moderna, Oxford/AstraZeneca, Pfizer/BioNTech",6861414,6706663,13568077
2022-01-09,"Johnson&Johnson, Moderna, Pfizer/BioNTech",6862496,6708357,13570853
2022-01-10,"Johnson&Johnson, Moderna, Oxford/AstraZeneca, Pfizer/BioNTech",6866994,6714543,13581537
2022-01-11,"Johnson&Johnson, Moderna, Oxford/AstraZeneca, Pfizer/BioNTech",6872432,6721297,13593729
2022-01-12,"Johnson&Johnson, Moderna, Oxford/AstraZeneca, Pfizer/BioNTech",6878380,6726939,13605319
2022-01-13,"Johnson&Johnson, Moderna, Oxford/AstraZeneca, Pfizer/BioNTech",6884264,6731716,13615980
2022-01-14,"Johnson&Johnson, Moderna, Oxford/AstraZeneca, Pfizer/BioNTech",6890565,6735348,13625913
2022-01-15,"Johnson&Johnson, Moderna, Oxford/AstraZeneca, Pfizer/BioNTech",6891842,6736002,13627844
2022-01-16,"Johnson&Johnson, Moderna, Oxford/AstraZeneca, Pfizer/BioNTech",6892529,6736439,13628968
2022-01-17,"Johnson&Johnson, Moderna, Oxford/AstraZeneca, Pfizer/BioNTech",6896082,6740395,13636477
2022-01-18,"Johnson&Johnson, Moderna, Oxford/AstraZeneca, Pfizer/BioNTech",6899932,6745344,13645276
2022-01-19,"Johnson&Johnson, Moderna, Oxford/AstraZeneca, Pfizer/BioNTech",6904001,6749275,13653276
2022-01-20,"Johnson&Johnson, Moderna, Oxford/AstraZeneca, Pfizer/BioNTech",6907593,6753728,13661321
2022-01-21,"Johnson&Johnson, Moderna, Oxford/AstraZeneca, Pfizer/BioNTech",6911588,6756256,13667844
2022-01-22,"Johnson&Johnson, Moderna, Pfizer/BioNTech",6912367,6756695,13669062
2022-01-23,"Johnson&Johnson, Moderna, Pfizer/BioNTech",6912928,6757329,13670257
2022-01-24,"Johnson&Johnson, Moderna, Oxford/AstraZeneca, Pfizer/BioNTech",6915197,6760764,13675961
2022-01-25,"Johnson&Johnson, Moderna, Oxford/AstraZeneca, Pfizer/BioNTech",6917551,6764759,13682310
2022-01-26,"Johnson&Johnson, Moderna, Oxford/AstraZeneca, Pfizer/BioNTech",6919935,6769324,13689259
2022-01-27,"Johnson&Johnson, Moderna, Oxford/AstraZeneca, Pfizer/BioNTech",6922258,6774136,13696394
2022-01-28,"Johnson&Johnson, Moderna, Oxford/AstraZeneca, Pfizer/BioNTech",6925169,6780298,13705467
2022-01-29,"Johnson&Johnson, Moderna, Oxford/AstraZeneca, Pfizer/BioNTech",6925769,6781949,13707718
2022-01-30,"Johnson&Johnson, Moderna, Pfizer/BioNTech",6925996,6782727,13708723
2022-01-31,"Johnson&Johnson, Moderna, Pfizer/BioNTech",6927537,6786645,13714182
2022-02-01,"Johnson&Johnson, Moderna, Pfizer/BioNTech",6929133,6790677,13719810
2022-02-02,"Johnson&Johnson, Moderna, Oxford/AstraZeneca, Pfizer/BioNTech",6930698,6795181,13725879
2022-02-03,"Johnson&Johnson, Moderna, Pfizer/BioNTech",6932070,6799658,13731728
2022-02-04,"Johnson&Johnson, Moderna, Pfizer/BioNTech",6933670,6804773,13738443
2022-02-05,"Johnson&Johnson, Moderna, Pfizer/BioNTech",6933843,6805382,13739225
2022-02-06,"Johnson&Johnson, Moderna, Pfizer/BioNTech",6933939,6805701,13739640
2022-02-07,"Johnson&Johnson, Moderna, Pfizer/BioNTech",6934637,6808910,13743547
2022-02-08,"Johnson&Johnson, Moderna, Pfizer/BioNTech",6935430,6812094,13747524
2022-02-09,"Johnson&Johnson, Moderna, Pfizer/BioNTech",6936255,6815464,13751719
2022-02-10,"Johnson&Johnson, Moderna, Pfizer/BioNTech",6937043,6818588,13755631
2022-02-11,"Johnson&Johnson, Moderna, Pfizer/BioNTech",6937993,6822498,13760491
2022-02-12,"Johnson&Johnson, Moderna, Pfizer/BioNTech",6938103,6822916,13761019
2022-02-13,"Johnson&Johnson, Moderna, Pfizer/BioNTech",6938138,6823353,13761491
2022-02-14,"Johnson&Johnson, Moderna, Pfizer/BioNTech",6938595,6825465,13764060
2022-02-15,"Johnson&Johnson, Moderna, Pfizer/BioNTech",6939145,6827668,13766813
2022-02-16,"Johnson&Johnson, Moderna, Pfizer/BioNTech",6939735,6829765,13769500
2022-02-17,"Johnson&Johnson, Moderna, Pfizer/BioNTech",6940329,6832104,13772433
2022-02-18,"Johnson&Johnson, Moderna, Oxford/AstraZeneca, Pfizer/BioNTech",6940969,6835155,13776124
2022-02-19,"Johnson&Johnson, Moderna, Pfizer/BioNTech",6941048,6835436,13776484
2022-02-20,"Johnson&Johnson, Moderna, Pfizer/BioNTech",6941082,6835585,13776667
2022-02-21,"Johnson&Johnson, Moderna, Pfizer/BioNTech",6941443,6837282,13778725
2022-02-22,"Johnson&Johnson, Moderna, Oxford/AstraZeneca, Pfizer/BioNTech",6941828,6838958,13780786
2022-02-23,"Johnson&Johnson, Moderna, Pfizer/BioNTech",6942279,6840599,13782878
2022-02-24,"Johnson&Johnson, Moderna, Pfizer/BioNTech",6942686,6842229,13784915
2022-02-25,"Johnson&Johnson, Moderna, Pfizer/BioNTech",6943270,6844311,13787581
2022-02-26,"Johnson&Johnson, Moderna, Pfizer/BioNTech",6943331,6844470,13787801
2022-02-27,"Johnson&Johnson, Moderna, Pfizer/BioNTech",6943361,6844546,13787907
2022-02-28,"Johnson&Johnson, Moderna, Pfizer/BioNTech",6943607,6845515,13789122
2022-03-01,"Johnson&Johnson, Moderna, Pfizer/BioNTech",6943859,6846292,13790151
2022-03-02,"Johnson&Johnson, Moderna, Novavax, Pfizer/BioNTech",6944194,6847199,13791393
2022-03-03,"Johnson&Johnson, Moderna, Novavax, Pfizer/BioNTech",6944523,6848141,13792664
2022-03-04,"Johnson&Johnson, Moderna, Novavax, Pfizer/BioNTech",6945144,6849359,13794503
2022-03-05,"Johnson&Johnson, Moderna, Novavax, Pfizer/BioNTech",6945223,6849450,13794673
2022-03-06,"Moderna, Novavax, Pfizer/BioNTech",6945234,6849468,13794702
2022-03-07,"Johnson&Johnson, Moderna, Novavax, Pfizer/BioNTech",6945567,6850024,13795591
2022-03-08,"Johnson&Johnson, Moderna, Novavax, Pfizer/BioNTech",6945901,6850566,13796467
2022-03-09,"Johnson&Johnson, Moderna, Novavax, Pfizer/BioNTech",6946283,6851149,13797432
2022-03-10,"Johnson&Johnson, Moderna, Novavax, Pfizer/BioNTech",6946688,6851816,13798504
2022-03-11,"Johnson&Johnson, Moderna, Novavax, Pfizer/BioNTech",6947419,6852724,13800143
2022-03-12,"Johnson&Johnson, Moderna, Novavax, Pfizer/BioNTech",6947487,6852829,13800316
2022-03-13,"Johnson&Johnson, Moderna, Novavax, Pfizer/BioNTech",6947500,6852847,13800347
2022-03-14,"Johnson&Johnson, Moderna, Novavax, Pfizer/BioNTech",6947758,6853220,13800978
2022-03-15,"Johnson&Johnson, Moderna, Novavax, Pfizer/BioNTech",6948036,6853655,13801691
2022-03-16,"Johnson&Johnson, Moderna, Novavax, Pfizer/BioNTech",6948345,6854190,13802535
2022-03-17,"Johnson&Johnson, Moderna, Novavax, Oxford/AstraZeneca, Pfizer/BioNTech",6948636,6854621,13803257
2022-03-18,"Johnson&Johnson, Moderna, Novavax, Pfizer/BioNTech",6949318,6855408,13804726
2022-03-19,"Moderna, Novavax, Pfizer/BioNTech",6949375,6855453,13804828
2022-03-20,"Moderna, Novavax, Pfizer/BioNTech",6949392,6855465,13804857
2022-03-21,"Johnson&Johnson, Moderna, Novavax, Pfizer/BioNTech",6949576,6855792,13805368
2022-03-22,"Johnson&Johnson, Moderna, Novavax, Pfizer/BioNTech",6949809,6856184,13805993
2022-03-23,"Johnson&Johnson, Moderna, Novavax, Pfizer/BioNTech",6950148,6856617,13806765
2022-03-24,"Johnson&Johnson, Moderna, Novavax, Pfizer/BioNTech",6950450,6857082,13807532
2022-03-25,"Johnson&Johnson, Moderna, Novavax, Pfizer/BioNTech",6950929,6857873,13808802
2022-03-26,"Johnson&Johnson, Moderna, Novavax, Pfizer/BioNTech",6950981,6857950,13808931
2022-03-27,"Moderna, Novavax, Pfizer/BioNTech",6950997,6857966,13808963
2022-03-28,"Johnson&Johnson, Moderna, Novavax, Pfizer/BioNTech",6951149,6858341,13809490
2022-03-29,"Johnson&Johnson, Moderna, Novavax, Pfizer/BioNTech",6951407,6858741,13810148
2022-03-30,"Johnson&Johnson, Moderna, Novavax, Pfizer/BioNTech",6951704,6859189,13810893
2022-03-31,"Johnson&Johnson, Moderna, Novavax, Pfizer/BioNTech",6951969,6859648,13811617
