date,vaccine,people_vaccinated,people_fully_vaccinated,total_vaccinations
2020-12-27,Pfizer/BioNTech,1283,0,1283
2020-12-28,Pfizer/BioNTech,3589,0,3589
2020-12-29,Pfizer/BioNTech,7057,0,7057
2020-12-30,Pfizer/BioNTech,10575,0,10575
2020-12-31,Pfizer/BioNTech,11887,0,11887
2021-01-01,"Moderna, Pfizer/BioNTech",12156,0,12156
2021-01-02,Pfizer/BioNTech,13435,0,13435
2021-01-03,Pfizer/BioNTech,14358,0,14358
2021-01-04,"Moderna, Pfizer/BioNTech",17971,0,17971
2021-01-05,"Moderna, Pfizer/BioNTech",22493,1,22494
2021-01-06,"Moderna, Pfizer/BioNTech",28339,2,28341
2021-01-07,"Moderna, Pfizer/BioNTech",36337,2,36339
2021-01-08,"Moderna, Pfizer/BioNTech",46387,3,46390
2021-01-09,"Moderna, Pfizer/BioNTech",48414,4,48418
2021-01-10,Pfizer/BioNTech,50181,5,50186
2021-01-11,Pfizer/BioNTech,60036,7,60043
2021-01-12,"Moderna, Pfizer/BioNTech",73488,9,73497
2021-01-13,Pfizer/BioNTech,87027,9,87036
2021-01-14,"Moderna, Pfizer/BioNTech",102275,13,102288
2021-01-15,"Moderna, Pfizer/BioNTech",116289,14,116303
2021-01-16,"Moderna, Pfizer/BioNTech",119692,18,119710
2021-01-17,"Moderna, Pfizer/BioNTech",122309,654,122963
2021-01-18,"Moderna, Pfizer/BioNTech",134797,2480,137277
2021-01-19,"Moderna, Pfizer/BioNTech",147400,5205,152605
2021-01-20,"Moderna, Pfizer/BioNTech",161088,7866,168954
2021-01-21,"Moderna, Pfizer/BioNTech",176734,9611,186345
2021-01-22,"Moderna, Pfizer/BioNTech",191617,10657,202274
2021-01-23,"Moderna, Pfizer/BioNTech",194938,11537,206475
2021-01-24,"Moderna, Pfizer/BioNTech",197193,12406,209599
2021-01-25,"Moderna, Pfizer/BioNTech",206835,15380,222215
2021-01-26,"Moderna, Pfizer/BioNTech",217377,19375,236752
2021-01-27,"Moderna, Pfizer/BioNTech",226407,23912,250319
2021-01-28,"Moderna, Pfizer/BioNTech",233508,30043,263551
2021-01-29,"Moderna, Pfizer/BioNTech",239723,37954,277677
2021-01-30,"Moderna, Pfizer/BioNTech",240462,39042,279504
2021-01-31,"Moderna, Pfizer/BioNTech",241177,40223,281400
2021-02-01,"Moderna, Pfizer/BioNTech",245157,48185,293342
2021-02-02,"Moderna, Pfizer/BioNTech",249304,58420,307724
2021-02-03,"Moderna, Pfizer/BioNTech",253726,69435,323161
2021-02-04,"Moderna, Pfizer/BioNTech",258625,82424,341049
2021-02-05,"Moderna, Pfizer/BioNTech",264092,93099,357191
2021-02-06,"Moderna, Oxford/AstraZeneca, Pfizer/BioNTech",264941,95467,360408
2021-02-07,"Moderna, Pfizer/BioNTech",265791,97967,363758
2021-02-08,"Moderna, Oxford/AstraZeneca, Pfizer/BioNTech",269873,109397,379270
2021-02-09,"Moderna, Oxford/AstraZeneca, Pfizer/BioNTech",274971,121308,396279
2021-02-10,"Moderna, Oxford/AstraZeneca, Pfizer/BioNTech",280480,134567,415047
2021-02-11,"Moderna, Oxford/AstraZeneca, Pfizer/BioNTech",286815,150781,437596
2021-02-12,"Moderna, Oxford/AstraZeneca, Pfizer/BioNTech",293637,165517,459154
2021-02-13,"Moderna, Oxford/AstraZeneca, Pfizer/BioNTech",295249,168506,463755
2021-02-14,"Moderna, Oxford/AstraZeneca, Pfizer/BioNTech",296251,169890,466141
2021-02-15,"Moderna, Oxford/AstraZeneca, Pfizer/BioNTech",302649,179255,481904
2021-02-16,"Moderna, Oxford/AstraZeneca, Pfizer/BioNTech",311368,188337,499705
2021-02-17,"Moderna, Oxford/AstraZeneca, Pfizer/BioNTech",321067,196644,517711
2021-02-18,"Moderna, Oxford/AstraZeneca, Pfizer/BioNTech",333383,204727,538110
2021-02-19,"Moderna, Oxford/AstraZeneca, Pfizer/BioNTech",345242,212096,557338
2021-02-20,"Moderna, Oxford/AstraZeneca, Pfizer/BioNTech",347242,213281,560523
2021-02-21,"Moderna, Oxford/AstraZeneca, Pfizer/BioNTech",348375,214305,562680
2021-02-22,"Moderna, Oxford/AstraZeneca, Pfizer/BioNTech",358496,220334,578830
2021-02-23,"Moderna, Oxford/AstraZeneca, Pfizer/BioNTech",371448,227317,598765
2021-02-24,"Moderna, Oxford/AstraZeneca, Pfizer/BioNTech",385320,233353,618673
2021-02-25,"Moderna, Oxford/AstraZeneca, Pfizer/BioNTech",403289,238904,642193
2021-02-26,"Moderna, Oxford/AstraZeneca, Pfizer/BioNTech",419458,244256,663714
2021-02-27,"Moderna, Oxford/AstraZeneca, Pfizer/BioNTech",422467,244812,667279
2021-02-28,"Moderna, Oxford/AstraZeneca, Pfizer/BioNTech",424817,245363,670180
2021-03-01,"Moderna, Oxford/AstraZeneca, Pfizer/BioNTech",444407,248811,693218
2021-03-02,"Moderna, Oxford/AstraZeneca, Pfizer/BioNTech",471630,252359,723989
2021-03-03,"Moderna, Oxford/AstraZeneca, Pfizer/BioNTech",502572,256863,759435
2021-03-04,"Moderna, Oxford/AstraZeneca, Pfizer/BioNTech",535857,261547,797404
2021-03-05,"Johnson&Johnson, Moderna, Oxford/AstraZeneca, Pfizer/BioNTech",564692,266967,831659
2021-03-06,"Johnson&Johnson, Moderna, Oxford/AstraZeneca, Pfizer/BioNTech",576839,267829,844668
2021-03-07,"Johnson&Johnson, Moderna, Oxford/AstraZeneca, Pfizer/BioNTech",588379,268670,857049
2021-03-08,"Johnson&Johnson, Moderna, Oxford/AstraZeneca, Pfizer/BioNTech",618121,273523,891644
2021-03-09,"Johnson&Johnson, Moderna, Oxford/AstraZeneca, Pfizer/BioNTech",654475,279904,934379
2021-03-10,"Johnson&Johnson, Moderna, Oxford/AstraZeneca, Pfizer/BioNTech",695785,286860,982645
2021-03-11,"Johnson&Johnson, Moderna, Oxford/AstraZeneca, Pfizer/BioNTech",740617,295230,1035847
2021-03-12,"Johnson&Johnson, Moderna, Oxford/AstraZeneca, Pfizer/BioNTech",779384,303724,1083108
2021-03-13,"Johnson&Johnson, Moderna, Oxford/AstraZeneca, Pfizer/BioNTech",796470,305032,1101502
2021-03-14,"Johnson&Johnson, Moderna, Oxford/AstraZeneca, Pfizer/BioNTech",808587,306185,1114772
2021-03-15,"Moderna, Oxford/AstraZeneca, Pfizer/BioNTech",836966,314960,1151926
2021-03-16,"Johnson&Johnson, Moderna, Oxford/AstraZeneca, Pfizer/BioNTech",875851,325497,1201348
2021-03-17,"Moderna, Oxford/AstraZeneca, Pfizer/BioNTech",913315,336003,1249318
2021-03-18,"Johnson&Johnson, Moderna, Oxford/AstraZeneca, Pfizer/BioNTech",951300,348416,1299716
2021-03-19,"Moderna, Oxford/AstraZeneca, Pfizer/BioNTech",985784,362027,1347811
2021-03-20,"Johnson&Johnson, Moderna, Oxford/AstraZeneca, Pfizer/BioNTech",1000931,364057,1364988
2021-03-21,"Johnson&Johnson, Moderna, Oxford/AstraZeneca, Pfizer/BioNTech",1008354,365615,1373969
2021-03-22,"Johnson&Johnson, Moderna, Oxford/AstraZeneca, Pfizer/BioNTech",1032920,378114,1411034
2021-03-23,"Johnson&Johnson, Moderna, Oxford/AstraZeneca, Pfizer/BioNTech",1059570,391467,1451037
2021-03-24,"Johnson&Johnson, Moderna, Oxford/AstraZeneca, Pfizer/BioNTech",1086433,407204,1493637
2021-03-25,"Moderna, Oxford/AstraZeneca, Pfizer/BioNTech",1112775,425055,1537830
2021-03-26,"Johnson&Johnson, Moderna, Oxford/AstraZeneca, Pfizer/BioNTech",1137579,442557,1580136
2021-03-27,"Johnson&Johnson, Moderna, Oxford/AstraZeneca, Pfizer/BioNTech",1146018,447402,1593420
2021-03-28,"Moderna, Oxford/AstraZeneca, Pfizer/BioNTech",1151559,451546,1603105
2021-03-29,"Johnson&Johnson, Moderna, Oxford/AstraZeneca, Pfizer/BioNTech",1170692,472281,1642973
2021-03-30,"Johnson&Johnson, Moderna, Oxford/AstraZeneca, Pfizer/BioNTech",1195378,494457,1689835
2021-03-31,"Johnson&Johnson, Moderna, Oxford/AstraZeneca, Pfizer/BioNTech",1218497,521519,1740016
2021-04-01,"Johnson&Johnson, Moderna, Oxford/AstraZeneca, Pfizer/BioNTech",1244142,553570,1797712
2021-04-02,"Johnson&Johnson, Moderna, Oxford/AstraZeneca, Pfizer/BioNTech",1251066,566359,1817425
2021-04-03,"Johnson&Johnson, Moderna, Oxford/AstraZeneca, Pfizer/BioNTech",1254691,577286,1831977
2021-04-04,"Johnson&Johnson, Moderna, Oxford/AstraZeneca, Pfizer/BioNTech",1257205,586206,1843411
2021-04-05,"Johnson&Johnson, Moderna, Oxford/AstraZeneca, Pfizer/BioNTech",1259613,593394,1853007
2021-04-06,"Johnson&Johnson, Moderna, Oxford/AstraZeneca, Pfizer/BioNTech",1275771,622652,1898423
2021-04-07,"Johnson&Johnson, Moderna, Oxford/AstraZeneca, Pfizer/BioNTech",1299201,644881,1944082
2021-04-08,"Johnson&Johnson, Moderna, Oxford/AstraZeneca, Pfizer/BioNTech",1337938,675902,2013840
2021-04-09,"Johnson&Johnson, Moderna, Oxford/AstraZeneca, Pfizer/BioNTech",1377491,706084,2083575
2021-04-10,"Johnson&Johnson, Moderna, Oxford/AstraZeneca, Pfizer/BioNTech",1393001,721374,2114375
2021-04-11,"Johnson&Johnson, Moderna, Oxford/AstraZeneca, Pfizer/BioNTech",1402787,731419,2134206
2021-04-12,"Johnson&Johnson, Moderna, Oxford/AstraZeneca, Pfizer/BioNTech",1441078,756558,2197636
2021-04-13,"Moderna, Oxford/AstraZeneca, Pfizer/BioNTech",1477341,782592,2259933
2021-04-14,"Moderna, Oxford/AstraZeneca, Pfizer/BioNTech",1516172,809953,2326125
2021-04-15,"Moderna, Oxford/AstraZeneca, Pfizer/BioNTech",1563975,835706,2399681
2021-04-16,"Moderna, Oxford/AstraZeneca, Pfizer/BioNTech",1608645,861362,2470007
2021-04-17,"Moderna, Oxford/AstraZeneca, Pfizer/BioNTech",1625339,870387,2495726
2021-04-18,"Moderna, Oxford/AstraZeneca, Pfizer/BioNTech",1638328,875367,2513695
2021-04-19,"Moderna, Oxford/AstraZeneca, Pfizer/BioNTech",1682288,890800,2573088
2021-04-20,"Johnson&Johnson, Moderna, Oxford/AstraZeneca, Pfizer/BioNTech",1724852,906662,2631514
2021-04-21,"Moderna, Oxford/AstraZeneca, Pfizer/BioNTech",1772590,921013,2693603
2021-04-22,"Johnson&Johnson, Moderna, Oxford/AstraZeneca, Pfizer/BioNTech",1827092,938395,2765487
2021-04-23,"Johnson&Johnson, Moderna, Oxford/AstraZeneca, Pfizer/BioNTech",1877075,950447,2827522
2021-04-24,"Johnson&Johnson, Moderna, Oxford/AstraZeneca, Pfizer/BioNTech",1894919,955697,2850616
2021-04-25,"Johnson&Johnson, Moderna, Oxford/AstraZeneca, Pfizer/BioNTech",1909617,959694,2869311
2021-04-26,"Johnson&Johnson, Moderna, Oxford/AstraZeneca, Pfizer/BioNTech",1959203,967245,2926448
2021-04-27,"Johnson&Johnson, Moderna, Oxford/AstraZeneca, Pfizer/BioNTech",2008175,979467,2987642
2021-04-28,"Johnson&Johnson, Moderna, Oxford/AstraZeneca, Pfizer/BioNTech",2066940,993467,3060407
2021-04-29,"Johnson&Johnson, Moderna, Oxford/AstraZeneca, Pfizer/BioNTech",2132501,1009361,3141862
2021-04-30,"Johnson&Johnson, Moderna, Oxford/AstraZeneca, Pfizer/BioNTech",2194740,1019333,3214073
2021-05-01,"Johnson&Johnson, Moderna, Oxford/AstraZeneca, Pfizer/BioNTech",2214082,1022785,3236867
2021-05-02,"Johnson&Johnson, Moderna, Oxford/AstraZeneca, Pfizer/BioNTech",2233011,1025053,3258064
2021-05-03,"Johnson&Johnson, Moderna, Oxford/AstraZeneca, Pfizer/BioNTech",2300256,1030111,3330367
2021-05-04,"Johnson&Johnson, Moderna, Oxford/AstraZeneca, Pfizer/BioNTech",2366762,1038447,3405209
2021-05-05,"Johnson&Johnson, Moderna, Oxford/AstraZeneca, Pfizer/BioNTech",2439926,1047854,3487780
2021-05-06,"Johnson&Johnson, Moderna, Oxford/AstraZeneca, Pfizer/BioNTech",2520324,1058581,3578905
2021-05-07,"Johnson&Johnson, Moderna, Oxford/AstraZeneca, Pfizer/BioNTech",2597587,1068655,3666242
2021-05-08,"Johnson&Johnson, Moderna, Oxford/AstraZeneca, Pfizer/BioNTech",2627045,1070424,3697469
2021-05-09,"Johnson&Johnson, Moderna, Oxford/AstraZeneca, Pfizer/BioNTech",2651258,1071635,3722893
2021-05-10,"Johnson&Johnson, Moderna, Oxford/AstraZeneca, Pfizer/BioNTech",2724034,1078860,3802894
2021-05-11,"Johnson&Johnson, Moderna, Oxford/AstraZeneca, Pfizer/BioNTech",2800128,1087663,3887791
2021-05-12,"Johnson&Johnson, Moderna, Oxford/AstraZeneca, Pfizer/BioNTech",2880002,1096769,3976771
2021-05-13,"Johnson&Johnson, Moderna, Oxford/AstraZeneca, Pfizer/BioNTech",2964014,1105926,4069940
2021-05-14,"Johnson&Johnson, Moderna, Oxford/AstraZeneca, Pfizer/BioNTech",3043469,1113717,4157186
2021-05-15,"Johnson&Johnson, Moderna, Oxford/AstraZeneca, Pfizer/BioNTech",3075367,1115965,4191332
2021-05-16,"Johnson&Johnson, Moderna, Oxford/AstraZeneca, Pfizer/BioNTech",3101135,1117235,4218370
2021-05-17,"Johnson&Johnson, Moderna, Oxford/AstraZeneca, Pfizer/BioNTech",3173647,1123964,4297611
2021-05-18,"Johnson&Johnson, Moderna, Oxford/AstraZeneca, Pfizer/BioNTech",3245581,1137037,4382618
2021-05-19,"Johnson&Johnson, Moderna, Oxford/AstraZeneca, Pfizer/BioNTech",3323036,1152172,4475208
2021-05-20,"Johnson&Johnson, Moderna, Oxford/AstraZeneca, Pfizer/BioNTech",3398480,1179203,4577683
2021-05-21,"Johnson&Johnson, Moderna, Oxford/AstraZeneca, Pfizer/BioNTech",3467247,1206958,4674205
2021-05-22,"Johnson&Johnson, Moderna, Oxford/AstraZeneca, Pfizer/BioNTech",3499629,1218142,4717771
2021-05-23,"Johnson&Johnson, Moderna, Oxford/AstraZeneca, Pfizer/BioNTech",3521995,1227177,4749172
2021-05-24,"Johnson&Johnson, Moderna, Oxford/AstraZeneca, Pfizer/BioNTech",3569125,1260835,4829960
2021-05-25,"Johnson&Johnson, Moderna, Oxford/AstraZeneca, Pfizer/BioNTech",3620966,1296638,4917604
2021-05-26,"Johnson&Johnson, Moderna, Oxford/AstraZeneca, Pfizer/BioNTech",3688714,1334159,5022873
2021-05-27,"Johnson&Johnson, Moderna, Oxford/AstraZeneca, Pfizer/BioNTech",3750092,1381483,5131575
2021-05-28,"Johnson&Johnson, Moderna, Oxford/AstraZeneca, Pfizer/BioNTech",3811780,1428049,5239829
2021-05-29,"Johnson&Johnson, Moderna, Oxford/AstraZeneca, Pfizer/BioNTech",3840953,1445151,5286104
2021-05-30,"Johnson&Johnson, Moderna, Oxford/AstraZeneca, Pfizer/BioNTech",3863318,1459590,5322908
2021-05-31,"Johnson&Johnson, Moderna, Oxford/AstraZeneca, Pfizer/BioNTech",3919048,1507101,5426149
2021-06-01,"Johnson&Johnson, Moderna, Oxford/AstraZeneca, Pfizer/BioNTech",3978053,1555928,5533981
2021-06-02,"Johnson&Johnson, Moderna, Oxford/AstraZeneca, Pfizer/BioNTech",4040934,1609901,5650835
2021-06-03,"Johnson&Johnson, Moderna, Oxford/AstraZeneca, Pfizer/BioNTech",4099138,1670098,5769236
2021-06-04,"Johnson&Johnson, Moderna, Oxford/AstraZeneca, Pfizer/BioNTech",4162216,1727505,5889721
2021-06-05,"Johnson&Johnson, Moderna, Oxford/AstraZeneca, Pfizer/BioNTech",4196351,1746347,5942698
2021-06-06,"Johnson&Johnson, Moderna, Oxford/AstraZeneca, Pfizer/BioNTech",4223260,1761488,5984748
2021-06-07,"Johnson&Johnson, Moderna, Oxford/AstraZeneca, Pfizer/BioNTech",4286933,1817104,6104037
2021-06-08,"Johnson&Johnson, Moderna, Oxford/AstraZeneca, Pfizer/BioNTech",4350896,1872076,6222972
2021-06-09,"Johnson&Johnson, Moderna, Oxford/AstraZeneca, Pfizer/BioNTech",4410057,1936657,6346714
2021-06-10,"Johnson&Johnson, Moderna, Oxford/AstraZeneca, Pfizer/BioNTech",4463897,2007868,6471765
2021-06-11,"Johnson&Johnson, Moderna, Oxford/AstraZeneca, Pfizer/BioNTech",4515982,2077606,6593588
2021-06-12,"Johnson&Johnson, Moderna, Oxford/AstraZeneca, Pfizer/BioNTech",4547985,2098391,6646376
2021-06-13,"Johnson&Johnson, Moderna, Oxford/AstraZeneca, Pfizer/BioNTech",4571997,2116786,6688783
2021-06-14,"Johnson&Johnson, Moderna, Oxford/AstraZeneca, Pfizer/BioNTech",4615059,2191144,6806203
2021-06-15,"Johnson&Johnson, Moderna, Oxford/AstraZeneca, Pfizer/BioNTech",4659694,2263476,6923170
2021-06-16,"Johnson&Johnson, Moderna, Oxford/AstraZeneca, Pfizer/BioNTech",4702420,2341668,7044088
2021-06-17,"Johnson&Johnson, Moderna, Oxford/AstraZeneca, Pfizer/BioNTech",4741783,2424720,7166503
2021-06-18,"Johnson&Johnson, Moderna, Oxford/AstraZeneca, Pfizer/BioNTech",4784169,2505220,7289389
2021-06-19,"Johnson&Johnson, Moderna, Oxford/AstraZeneca, Pfizer/BioNTech",4805924,2534487,7340411
2021-06-20,"Johnson&Johnson, Moderna, Oxford/AstraZeneca, Pfizer/BioNTech",4823284,2558308,7381592
2021-06-21,"Johnson&Johnson, Moderna, Oxford/AstraZeneca, Pfizer/BioNTech",4855773,2636860,7492633
2021-06-22,"Johnson&Johnson, Moderna, Oxford/AstraZeneca, Pfizer/BioNTech",4888726,2719082,7607808
2021-06-23,"Johnson&Johnson, Moderna, Oxford/AstraZeneca, Pfizer/BioNTech",4920366,2804259,7724625
2021-06-24,"Johnson&Johnson, Moderna, Oxford/AstraZeneca, Pfizer/BioNTech",4950190,2894237,7844427
2021-06-25,"Johnson&Johnson, Moderna, Oxford/AstraZeneca, Pfizer/BioNTech",4981241,2980334,7961575
2021-06-26,"Johnson&Johnson, Moderna, Oxford/AstraZeneca, Pfizer/BioNTech",4997102,3015132,8012234
2021-06-27,"Johnson&Johnson, Moderna, Oxford/AstraZeneca, Pfizer/BioNTech",5011043,3041768,8052811
2021-06-28,"Johnson&Johnson, Moderna, Oxford/AstraZeneca, Pfizer/BioNTech",5039440,3126912,8166352
2021-06-29,"Johnson&Johnson, Moderna, Oxford/AstraZeneca, Pfizer/BioNTech",5068699,3213347,8282046
2021-06-30,"Johnson&Johnson, Moderna, Oxford/AstraZeneca, Pfizer/BioNTech",5096173,3304291,8400464
2021-07-01,"Johnson&Johnson, Moderna, Oxford/AstraZeneca, Pfizer/BioNTech",5120133,3394302,8514435
2021-07-02,"Johnson&Johnson, Moderna, Oxford/AstraZeneca, Pfizer/BioNTech",5146825,3480113,8626938
2021-07-03,"Johnson&Johnson, Moderna, Oxford/AstraZeneca, Pfizer/BioNTech",5153899,3511603,8665502
2021-07-04,"Johnson&Johnson, Moderna, Oxford/AstraZeneca, Pfizer/BioNTech",5161452,3533385,8694837
2021-07-05,"Johnson&Johnson, Moderna, Oxford/AstraZeneca, Pfizer/BioNTech",5168819,3558739,8727558
2021-07-06,"Johnson&Johnson, Moderna, Oxford/AstraZeneca, Pfizer/BioNTech",5174228,3586365,8760593
2021-07-07,"Johnson&Johnson, Moderna, Oxford/AstraZeneca, Pfizer/BioNTech",5200008,3665299,8865307
2021-07-08,"Johnson&Johnson, Moderna, Oxford/AstraZeneca, Pfizer/BioNTech",5226597,3735577,8962174
2021-07-09,"Johnson&Johnson, Moderna, Oxford/AstraZeneca, Pfizer/BioNTech",5254508,3804811,9059319
2021-07-10,"Johnson&Johnson, Moderna, Oxford/AstraZeneca, Pfizer/BioNTech",5263854,3833418,9097272
2021-07-11,"Johnson&Johnson, Moderna, Oxford/AstraZeneca, Pfizer/BioNTech",5272377,3856272,9128649
2021-07-12,"Johnson&Johnson, Moderna, Oxford/AstraZeneca, Pfizer/BioNTech",5299888,3925318,9225206
2021-07-13,"Johnson&Johnson, Moderna, Oxford/AstraZeneca, Pfizer/BioNTech",5326062,3995141,9321203
2021-07-14,"Johnson&Johnson, Moderna, Oxford/AstraZeneca, Pfizer/BioNTech",5351859,4067067,9418926
2021-07-15,"Johnson&Johnson, Moderna, Oxford/AstraZeneca, Pfizer/BioNTech",5381021,4133015,9514036
2021-07-16,"Johnson&Johnson, Moderna, Oxford/AstraZeneca, Pfizer/BioNTech",5408932,4205678,9614610
2021-07-17,"Johnson&Johnson, Moderna, Oxford/AstraZeneca, Pfizer/BioNTech",5417696,4237083,9654779
2021-07-18,"Johnson&Johnson, Moderna, Oxford/AstraZeneca, Pfizer/BioNTech",5426134,4263054,9689188
2021-07-19,"Johnson&Johnson, Moderna, Oxford/AstraZeneca, Pfizer/BioNTech",5449474,4330036,9779510
2021-07-20,"Johnson&Johnson, Moderna, Oxford/AstraZeneca, Pfizer/BioNTech",5470846,4397026,9867872
2021-07-21,"Johnson&Johnson, Moderna, Oxford/AstraZeneca, Pfizer/BioNTech",5494287,4460440,9954727
2021-07-22,"Johnson&Johnson, Moderna, Oxford/AstraZeneca, Pfizer/BioNTech",5516640,4519000,10035640
2021-07-23,"Johnson&Johnson, Moderna, Oxford/AstraZeneca, Pfizer/BioNTech",5539828,4573686,10113514
2021-07-24,"Johnson&Johnson, Moderna, Oxford/AstraZeneca, Pfizer/BioNTech",5547135,4601316,10148451
2021-07-25,"Johnson&Johnson, Moderna, Oxford/AstraZeneca, Pfizer/BioNTech",5553746,4623413,10177159
2021-07-26,"Johnson&Johnson, Moderna, Oxford/AstraZeneca, Pfizer/BioNTech",5577280,4672039,10249319
2021-07-27,"Johnson&Johnson, Moderna, Oxford/AstraZeneca, Pfizer/BioNTech",5600000,4718612,10318612
2021-07-28,"Johnson&Johnson, Moderna, Oxford/AstraZeneca, Pfizer/BioNTech",5621242,4764537,10385779
2021-07-29,"Johnson&Johnson, Moderna, Oxford/AstraZeneca, Pfizer/BioNTech",5642555,4806426,10448981
2021-07-30,"Johnson&Johnson, Moderna, Oxford/AstraZeneca, Pfizer/BioNTech",5665819,4848916,10514735
2021-07-31,"Johnson&Johnson, Moderna, Oxford/AstraZeneca, Pfizer/BioNTech",5674738,4868419,10543157
2021-08-01,"Johnson&Johnson, Moderna, Oxford/AstraZeneca, Pfizer/BioNTech",5681453,4884567,10566020
2021-08-02,"Johnson&Johnson, Moderna, Oxford/AstraZeneca, Pfizer/BioNTech",5700069,4922065,10622134
2021-08-03,"Johnson&Johnson, Moderna, Oxford/AstraZeneca, Pfizer/BioNTech",5717693,4960114,10677807
2021-08-04,"Johnson&Johnson, Moderna, Oxford/AstraZeneca, Pfizer/BioNTech",5733779,4996799,10730578
2021-08-05,"Johnson&Johnson, Moderna, Oxford/AstraZeneca, Pfizer/BioNTech",5749803,5037221,10787024
2021-08-06,"Johnson&Johnson, Moderna, Oxford/AstraZeneca, Pfizer/BioNTech",5766579,5080451,10847030
2021-08-07,"Johnson&Johnson, Moderna, Oxford/AstraZeneca, Pfizer/BioNTech",5772168,5098591,10870759
2021-08-08,"Johnson&Johnson, Moderna, Oxford/AstraZeneca, Pfizer/BioNTech",5776521,5114324,10890845
2021-08-09,"Johnson&Johnson, Moderna, Oxford/AstraZeneca, Pfizer/BioNTech",5789155,5159333,10948488
2021-08-10,"Johnson&Johnson, Moderna, Oxford/AstraZeneca, Pfizer/BioNTech",5800984,5198854,10999838
2021-08-11,"Johnson&Johnson, Moderna, Oxford/AstraZeneca, Pfizer/BioNTech",5812338,5241939,11054277
2021-08-12,"Johnson&Johnson, Moderna, Oxford/AstraZeneca, Pfizer/BioNTech",5823754,5279020,11102774
2021-08-13,"Johnson&Johnson, Moderna, Oxford/AstraZeneca, Pfizer/BioNTech",5834473,5319316,11153789
2021-08-14,"Johnson&Johnson, Moderna, Oxford/AstraZeneca, Pfizer/BioNTech",5837808,5329995,11167803
2021-08-15,"Johnson&Johnson, Moderna, Oxford/AstraZeneca, Pfizer/BioNTech",5840390,5340350,11180740
2021-08-16,"Johnson&Johnson, Moderna, Oxford/AstraZeneca, Pfizer/BioNTech",5850175,5374386,11224561
2021-08-17,"Johnson&Johnson, Moderna, Oxford/AstraZeneca, Pfizer/BioNTech",5859762,5401450,11261212
2021-08-18,"Johnson&Johnson, Moderna, Oxford/AstraZeneca, Pfizer/BioNTech",5869131,5440291,11309422
2021-08-19,"Johnson&Johnson, Moderna, Oxford/AstraZeneca, Pfizer/BioNTech",5878791,5478610,11357401
2021-08-20,"Johnson&Johnson, Moderna, Oxford/AstraZeneca, Pfizer/BioNTech",5890173,5518773,11408946
2021-08-21,"Johnson&Johnson, Moderna, Oxford/AstraZeneca, Pfizer/BioNTech",5892889,5531511,11424400
2021-08-22,"Johnson&Johnson, Moderna, Oxford/AstraZeneca, Pfizer/BioNTech",5895228,5543465,11438693
2021-08-23,"Johnson&Johnson, Moderna, Oxford/AstraZeneca, Pfizer/BioNTech",5905757,5582701,11488458
2021-08-24,"Johnson&Johnson, Moderna, Oxford/AstraZeneca, Pfizer/BioNTech",5915621,5615923,11531544
2021-08-25,"Johnson&Johnson, Moderna, Oxford/AstraZeneca, Pfizer/BioNTech",5924480,5644267,11568747
2021-08-26,"Johnson&Johnson, Moderna, Oxford/AstraZeneca, Pfizer/BioNTech",5932921,5670374,11603295
2021-08-27,"Johnson&Johnson, Moderna, Oxford/AstraZeneca, Pfizer/BioNTech",5943236,5696301,11639537
2021-08-28,"Johnson&Johnson, Moderna, Oxford/AstraZeneca, Pfizer/BioNTech",5945958,5703332,11649290
2021-08-29,"Johnson&Johnson, Moderna, Oxford/AstraZeneca, Pfizer/BioNTech",5948364,5709947,11658311
2021-08-30,"Johnson&Johnson, Moderna, Oxford/AstraZeneca, Pfizer/BioNTech",5956883,5731796,11688679
2021-08-31,"Johnson&Johnson, Moderna, Oxford/AstraZeneca, Pfizer/BioNTech",5964550,5749856,11714406
2021-09-01,"Johnson&Johnson, Moderna, Oxford/AstraZeneca, Pfizer/BioNTech",5970430,5763831,11734261
2021-09-02,"Johnson&Johnson, Moderna, Oxford/AstraZeneca, Pfizer/BioNTech",5977260,5778203,11755463
2021-09-03,"Johnson&Johnson, Moderna, Oxford/AstraZeneca, Pfizer/BioNTech",5986812,5793892,11780704
2021-09-04,"Johnson&Johnson, Moderna, Oxford/AstraZeneca, Pfizer/BioNTech",5988880,5797440,11786320
2021-09-05,"Johnson&Johnson, Moderna, Oxford/AstraZeneca, Pfizer/BioNTech",5990919,5800281,11791200
2021-09-06,"Johnson&Johnson, Moderna, Oxford/AstraZeneca, Pfizer/BioNTech",5997152,5812794,11809946
2021-09-07,"Johnson&Johnson, Moderna, Oxford/AstraZeneca, Pfizer/BioNTech",6001542,5823882,11825424
2021-09-08,"Johnson&Johnson, Moderna, Oxford/AstraZeneca, Pfizer/BioNTech",6007205,5833715,11840920
2021-09-09,"Johnson&Johnson, Moderna, Oxford/AstraZeneca, Pfizer/BioNTech",6013883,5843765,11857648
2021-09-10,"Johnson&Johnson, Moderna, Oxford/AstraZeneca, Pfizer/BioNTech",6021566,5855931,11877497
2021-09-11,"Johnson&Johnson, Moderna, Oxford/AstraZeneca, Pfizer/BioNTech",6023427,5858405,11881832
2021-09-12,"Johnson&Johnson, Moderna, Oxford/AstraZeneca, Pfizer/BioNTech",6024541,5860028,11884569
2021-09-13,"Johnson&Johnson, Moderna, Oxford/AstraZeneca, Pfizer/BioNTech",6029963,5870312,11900275
2021-09-14,"Johnson&Johnson, Moderna, Oxford/AstraZeneca, Pfizer/BioNTech",6035344,5879314,11914658
2021-09-15,"Johnson&Johnson, Moderna, Oxford/AstraZeneca, Pfizer/BioNTech",6040533,5887829,11928362
2021-09-16,"Johnson&Johnson, Moderna, Oxford/AstraZeneca, Pfizer/BioNTech",6045875,5896093,11941968
2021-09-17,"Johnson&Johnson, Moderna, Oxford/AstraZeneca, Pfizer/BioNTech",6052442,5906312,11958754
2021-09-18,"Johnson&Johnson, Moderna, Oxford/AstraZeneca, Pfizer/BioNTech",6054164,5908662,11962826
2021-09-19,"Johnson&Johnson, Moderna, Oxford/AstraZeneca, Pfizer/BioNTech",6055105,5910226,11965331
2021-09-20,"Johnson&Johnson, Moderna, Oxford/AstraZeneca, Pfizer/BioNTech",6059115,5918413,11977528
2021-09-21,"Johnson&Johnson, Moderna, Oxford/AstraZeneca, Pfizer/BioNTech",6063337,5925938,11989275
2021-09-22,"Johnson&Johnson, Moderna, Oxford/AstraZeneca, Pfizer/BioNTech",6067513,5931445,11998958
2021-09-23,"Johnson&Johnson, Moderna, Oxford/AstraZeneca, Pfizer/BioNTech",6072487,5937844,12010331
2021-09-24,"Johnson&Johnson, Moderna, Oxford/AstraZeneca, Pfizer/BioNTech",6078242,5947452,12025694
2021-09-25,"Johnson&Johnson, Moderna, Oxford/AstraZeneca, Pfizer/BioNTech",6079735,5949444,12029179
2021-09-26,"Johnson&Johnson, Moderna, Pfizer/BioNTech",6080475,5951080,12031555
2021-09-27,"Johnson&Johnson, Moderna, Oxford/AstraZeneca, Pfizer/BioNTech",6084350,5957580,12041930
2021-09-28,"Johnson&Johnson, Moderna, Pfizer/BioNTech",6084708,5958194,12042902
2021-09-29,"Johnson&Johnson, Moderna, Oxford/AstraZeneca, Pfizer/BioNTech",6088479,5965642,12054121
2021-09-30,"Johnson&Johnson, Moderna, Oxford/AstraZeneca, Pfizer/BioNTech",6092977,5973330,12066307
2021-10-01,"Johnson&Johnson, Moderna, Oxford/AstraZeneca, Pfizer/BioNTech",6097266,5981287,12078553
2021-10-02,"Johnson&Johnson, Moderna, Oxford/AstraZeneca, Pfizer/BioNTech",6098326,5982823,12081149
2021-10-03,"Johnson&Johnson, Moderna, Pfizer/BioNTech",6099043,5983686,12082729
2021-10-04,"Johnson&Johnson, Moderna, Oxford/AstraZeneca, Pfizer/BioNTech",6102112,5989249,12091361
2021-10-05,"Johnson&Johnson, Moderna, Oxford/AstraZeneca, Pfizer/BioNTech",6105269,5994312,12099581
2021-10-06,"Johnson&Johnson, Moderna, Oxford/AstraZeneca, Pfizer/BioNTech",6108776,5999467,12108243
2021-10-07,"Johnson&Johnson, Moderna, Oxford/AstraZeneca, Pfizer/BioNTech",6112045,6004711,12116756
2021-10-08,"Johnson&Johnson, Moderna, Oxford/AstraZeneca, Pfizer/BioNTech",6116827,6011332,12128159
2021-10-09,"Johnson&Johnson, Moderna, Oxford/AstraZeneca, Pfizer/BioNTech",6118068,6012983,12131051
2021-10-10,"Johnson&Johnson, Moderna, Oxford/AstraZeneca, Pfizer/BioNTech",6119008,6013812,12132820
2021-10-11,"Johnson&Johnson, Moderna, Oxford/AstraZeneca, Pfizer/BioNTech",6121937,6018219,12140156
2021-10-12,"Johnson&Johnson, Moderna, Oxford/AstraZeneca, Pfizer/BioNTech",6124858,6022213,12147071
2021-10-13,"Johnson&Johnson, Moderna, Oxford/AstraZeneca, Pfizer/BioNTech",6128390,6026392,12154782
2021-10-14,"Johnson&Johnson, Moderna, Oxford/AstraZeneca, Pfizer/BioNTech",6132065,6031330,12163395
2021-10-15,"Johnson&Johnson, Moderna, Oxford/AstraZeneca, Pfizer/BioNTech",6137292,6037459,12174751
2021-10-16,"Johnson&Johnson, Moderna, Oxford/AstraZeneca, Pfizer/BioNTech",6138701,6038976,12177677
2021-10-17,"Johnson&Johnson, Moderna, Pfizer/BioNTech",6140020,6040029,12180049
2021-10-18,"Johnson&Johnson, Moderna, Oxford/AstraZeneca, Pfizer/BioNTech",6144132,6044122,12188254
2021-10-19,"Johnson&Johnson, Moderna, Oxford/AstraZeneca, Pfizer/BioNTech",6147709,6046209,12193918
2021-10-20,"Johnson&Johnson, Moderna, Oxford/AstraZeneca, Pfizer/BioNTech",6152576,6050656,12203232
2021-10-21,"Johnson&Johnson, Moderna, Oxford/AstraZeneca, Pfizer/BioNTech",6160334,6056247,12216581
2021-10-22,"Johnson&Johnson, Moderna, Oxford/AstraZeneca, Pfizer/BioNTech",6170776,6062743,12233519
2021-10-23,"Johnson&Johnson, Moderna, Pfizer/BioNTech",6174449,6064947,12239396
2021-10-24,"Johnson&Johnson, Moderna, Pfizer/BioNTech",6177132,6066720,12243852
2021-10-25,"Johnson&Johnson, Moderna, Oxford/AstraZeneca, Pfizer/BioNTech",6187613,6072512,12260125
2021-10-26,"Johnson&Johnson, Moderna, Oxford/AstraZeneca, Pfizer/BioNTech",6199591,6079049,12278640
2021-10-27,"Johnson&Johnson, Moderna, Oxford/AstraZeneca, Pfizer/BioNTech",6214189,6086443,12300632
2021-10-28,"Johnson&Johnson, Moderna, Oxford/AstraZeneca, Pfizer/BioNTech",6217600,6088113,12305713
2021-10-29,"Johnson&Johnson, Moderna, Oxford/AstraZeneca, Pfizer/BioNTech",6232017,6096074,12328091
2021-10-30,"Johnson&Johnson, Moderna, Pfizer/BioNTech",6236548,6098989,12335537
2021-10-31,"Johnson&Johnson, Moderna, Oxford/AstraZeneca, Pfizer/BioNTech",6240310,6101459,12341769
2021-11-01,"Johnson&Johnson, Moderna, Oxford/AstraZeneca, Pfizer/BioNTech",6255503,6109139,12364642
2021-11-02,"Johnson&Johnson, Moderna, Oxford/AstraZeneca, Pfizer/BioNTech",6270948,6116687,12387635
2021-11-03,"Johnson&Johnson, Moderna, Oxford/AstraZeneca, Pfizer/BioNTech",6288120,6123974,12412094
2021-11-04,"Johnson&Johnson, Moderna, Oxford/AstraZeneca, Pfizer/BioNTech",6306462,6132137,12438599
2021-11-05,"Johnson&Johnson, Moderna, Oxford/AstraZeneca, Pfizer/BioNTech",6329270,6143399,12472669
2021-11-06,"Johnson&Johnson, Moderna, Oxford/AstraZeneca, Pfizer/BioNTech",6335775,6146448,12482223
2021-11-07,"Johnson&Johnson, Moderna, Oxford/AstraZeneca, Pfizer/BioNTech",6339791,6148879,12488670
2021-11-08,"Johnson&Johnson, Moderna, Oxford/AstraZeneca, Pfizer/BioNTech",6356072,6156506,12512578
2021-11-09,"Johnson&Johnson, Moderna, Oxford/AstraZeneca, Pfizer/BioNTech",6370874,6163794,12534668
2021-11-10,"Johnson&Johnson, Moderna, Oxford/AstraZeneca, Pfizer/BioNTech",6386581,6171160,12557741
2021-11-11,"Johnson&Johnson, Moderna, Oxford/AstraZeneca, Pfizer/BioNTech",6402017,6180256,12582273
2021-11-12,"Johnson&Johnson, Moderna, Oxford/AstraZeneca, Pfizer/BioNTech",6421790,6193023,12614813
2021-11-13,"Johnson&Johnson, Moderna, Oxford/AstraZeneca, Pfizer/BioNTech",6427171,6196883,12624054
2021-11-14,"Johnson&Johnson, Moderna, Oxford/AstraZeneca, Pfizer/BioNTech",6431053,6199885,12630938
2021-11-15,"Johnson&Johnson, Moderna, Oxford/AstraZeneca, Pfizer/BioNTech",6446112,6210566,12656678
2021-11-16,"Johnson&Johnson, Moderna, Oxford/AstraZeneca, Pfizer/BioNTech",6463621,6222535,12686156
2021-11-17,"Johnson&Johnson, Moderna, Oxford/AstraZeneca, Pfizer/BioNTech",6467846,6226092,12693938
2021-11-18,"Johnson&Johnson, Moderna, Oxford/AstraZeneca, Pfizer/BioNTech",6487229,6237760,12724989
2021-11-19,"Johnson&Johnson, Moderna, Oxford/AstraZeneca, Pfizer/BioNTech",6511822,6254725,12766547
2021-11-20,"Johnson&Johnson, Moderna, Oxford/AstraZeneca, Pfizer/BioNTech",6520386,6259694,12780080
2021-11-21,"Johnson&Johnson, Moderna, Oxford/AstraZeneca, Pfizer/BioNTech",6527153,6263464,12790617
2021-11-22,"Johnson&Johnson, Moderna, Oxford/AstraZeneca, Pfizer/BioNTech",6545634,6277557,12823191
2021-11-23,"Johnson&Johnson, Moderna, Oxford/AstraZeneca, Pfizer/BioNTech",6564618,6290803,12855421
2021-11-24,"Johnson&Johnson, Moderna, Oxford/AstraZeneca, Pfizer/BioNTech",6583496,6306628,12890124
2021-11-25,"Johnson&Johnson, Moderna, Oxford/AstraZeneca, Pfizer/BioNTech",6602538,6321641,12924179
2021-11-26,"Johnson&Johnson, Moderna, Oxford/AstraZeneca, Pfizer/BioNTech",6624059,6340757,12964816
2021-11-27,"Johnson&Johnson, Moderna, Oxford/AstraZeneca, Pfizer/BioNTech",6631507,6346300,12977807
2021-11-28,"Johnson&Johnson, Moderna, Oxford/AstraZeneca, Pfizer/BioNTech",6634834,6349431,12984265
2021-11-29,"Johnson&Johnson, Moderna, Oxford/AstraZeneca, Pfizer/BioNTech",6649931,6363071,13013002
2021-11-30,"Johnson&Johnson, Moderna, Oxford/AstraZeneca, Pfizer/BioNTech",6663043,6374274,13037317
2021-12-01,"Johnson&Johnson, Moderna, Oxford/AstraZeneca, Pfizer/BioNTech",6676952,6386693,13063645
2021-12-02,"Johnson&Johnson, Moderna, Oxford/AstraZeneca, Pfizer/BioNTech",6687500,6399164,13086664
2021-12-03,"Johnson&Johnson, Moderna, Oxford/AstraZeneca, Pfizer/BioNTech",6697066,6414690,13111756
2021-12-04,"Johnson&Johnson, Moderna, Oxford/AstraZeneca, Pfizer/BioNTech",6699593,6418624,13118217
2021-12-05,"Johnson&Johnson, Moderna, Oxford/AstraZeneca, Pfizer/BioNTech",6700931,6420944,13121875
2021-12-06,"Johnson&Johnson, Moderna, Oxford/AstraZeneca, Pfizer/BioNTech",6709034,6432428,13141462
2021-12-07,"Johnson&Johnson, Moderna, Oxford/AstraZeneca, Pfizer/BioNTech",6716844,6444396,13161240
2021-12-08,"Johnson&Johnson, Moderna, Oxford/AstraZeneca, Pfizer/BioNTech",6725047,6450284,13175331
2021-12-09,"Johnson&Johnson, Moderna, Oxford/AstraZeneca, Pfizer/BioNTech",6732110,6463039,13195149
2021-12-10,"Johnson&Johnson, Moderna, Oxford/AstraZeneca, Pfizer/BioNTech",6738966,6480770,13219736
2021-12-11,"Johnson&Johnson, Moderna, Oxford/AstraZeneca, Pfizer/BioNTech",6740618,6486006,13226624
2021-12-12,"Johnson&Johnson, Moderna, Oxford/AstraZeneca, Pfizer/BioNTech",6741921,6490432,13232353
2021-12-13,"Johnson&Johnson, Moderna, Oxford/AstraZeneca, Pfizer/BioNTech",6748270,6503678,13251948
2021-12-14,"Johnson&Johnson, Moderna, Oxford/AstraZeneca, Pfizer/BioNTech",6754459,6517272,13271731
2021-12-15,"Johnson&Johnson, Moderna, Oxford/AstraZeneca, Pfizer/BioNTech",6760625,6530813,13291438
2021-12-16,"Johnson&Johnson, Moderna, Oxford/AstraZeneca, Pfizer/BioNTech",6767345,6545531,13312876
2021-12-17,"Johnson&Johnson, Moderna, Oxford/AstraZeneca, Pfizer/BioNTech",6775506,6562669,13338175
2021-12-18,"Johnson&Johnson, Moderna, Oxford/AstraZeneca, Pfizer/BioNTech",6778081,6568078,13346159
2021-12-19,"Johnson&Johnson, Moderna, Pfizer/BioNTech",6779838,6570554,13350392
2021-12-20,"Johnson&Johnson, Moderna, Oxford/AstraZeneca, Pfizer/BioNTech",6785498,6584319,13369817
2021-12-21,"Johnson&Johnson, Moderna, Oxford/AstraZeneca, Pfizer/BioNTech",6791575,6595575,13387150
