date,vaccine,people_vaccinated,people_fully_vaccinated,total_vaccinations
2020-12-27,Pfizer/BioNTech,1251,0,1251
2020-12-28,Pfizer/BioNTech,3544,0,3544
2020-12-29,Pfizer/BioNTech,6991,0,6991
2020-12-30,Pfizer/BioNTech,10467,0,10467
2020-12-31,Pfizer/BioNTech,11772,0,11772
2021-01-01,Pfizer/BioNTech,12033,0,12033
2021-01-02,Pfizer/BioNTech,13300,0,13300
2021-01-03,Pfizer/BioNTech,14214,0,14214
2021-01-04,Pfizer/BioNTech,17788,0,17788
2021-01-05,Pfizer/BioNTech,22280,0,22280
2021-01-06,Pfizer/BioNTech,28101,0,28101
2021-01-07,Pfizer/BioNTech,36045,0,36045
2021-01-08,Pfizer/BioNTech,45979,0,45979
2021-01-09,Pfizer/BioNTech,47992,0,47992
2021-01-10,Pfizer/BioNTech,49743,0,49743
2021-01-11,Pfizer/BioNTech,59537,0,59537
2021-01-12,Pfizer/BioNTech,72896,0,72896
2021-01-13,Pfizer/BioNTech,86372,0,86372
2021-01-14,"Moderna, Pfizer/BioNTech",101531,0,101531
2021-01-15,"Moderna, Pfizer/BioNTech",115473,0,115473
2021-01-16,"Moderna, Pfizer/BioNTech",118845,2,118847
2021-01-17,"Moderna, Pfizer/BioNTech",121441,635,122076
2021-01-18,"Moderna, Pfizer/BioNTech",133889,2446,136335
2021-01-19,"Moderna, Pfizer/BioNTech",146395,5145,151540
2021-01-20,"Moderna, Pfizer/BioNTech",160003,7774,167777
2021-01-21,"Moderna, Pfizer/BioNTech",175561,9494,185055
2021-01-22,"Moderna, Pfizer/BioNTech",190356,10529,200885
2021-01-23,"Moderna, Pfizer/BioNTech",193635,11395,205030
2021-01-24,"Moderna, Pfizer/BioNTech",195880,12258,208138
2021-01-25,"Moderna, Pfizer/BioNTech",205477,15212,220689
2021-01-26,"Moderna, Pfizer/BioNTech",215972,19168,235140
2021-01-27,"Moderna, Pfizer/BioNTech",224959,23664,248623
2021-01-28,"Moderna, Pfizer/BioNTech",231988,29752,261740
2021-01-29,"Moderna, Pfizer/BioNTech",238166,37568,275734
2021-01-30,"Moderna, Pfizer/BioNTech",238884,38650,277534
2021-01-31,"Moderna, Pfizer/BioNTech",239587,39822,279409
2021-02-01,"Moderna, Pfizer/BioNTech",243533,47705,291238
2021-02-02,"Moderna, Pfizer/BioNTech",247650,57872,305522
2021-02-03,"Moderna, Pfizer/BioNTech",252036,68823,320859
2021-02-04,"Moderna, Pfizer/BioNTech",256913,81732,338645
2021-02-05,"Moderna, Pfizer/BioNTech",262349,92354,354703
2021-02-06,"Moderna, Pfizer/BioNTech",263185,94691,357876
2021-02-07,"Moderna, Pfizer/BioNTech",264031,97167,361198
2021-02-08,"Moderna, Pfizer/BioNTech",268048,108515,376563
2021-02-09,"Moderna, Oxford/AstraZeneca, Pfizer/BioNTech",273113,120410,393523
2021-02-10,"Moderna, Pfizer/BioNTech",278575,133584,412159
2021-02-11,"Moderna, Oxford/AstraZeneca, Pfizer/BioNTech",284852,149696,434548
2021-02-12,"Moderna, Oxford/AstraZeneca, Pfizer/BioNTech",291554,164334,455888
2021-02-13,"Moderna, Oxford/AstraZeneca, Pfizer/BioNTech",293130,167305,460435
2021-02-14,"Moderna, Oxford/AstraZeneca, Pfizer/BioNTech",294118,168673,462791
2021-02-15,"Moderna, Oxford/AstraZeneca, Pfizer/BioNTech",300460,177979,478439
2021-02-16,"Moderna, Oxford/AstraZeneca, Pfizer/BioNTech",309124,186995,496119
2021-02-17,"Moderna, Oxford/AstraZeneca, Pfizer/BioNTech",318785,195241,514026
2021-02-18,"Moderna, Oxford/AstraZeneca, Pfizer/BioNTech",331050,203224,534274
2021-02-19,"Moderna, Oxford/AstraZeneca, Pfizer/BioNTech",342834,210514,553348
2021-02-20,"Moderna, Oxford/AstraZeneca, Pfizer/BioNTech",344766,211677,556443
2021-02-21,"Moderna, Oxford/AstraZeneca, Pfizer/BioNTech",345788,212683,558471
2021-02-22,"Moderna, Oxford/AstraZeneca, Pfizer/BioNTech",355864,218671,574535
2021-02-23,"Moderna, Oxford/AstraZeneca, Pfizer/BioNTech",368722,225604,594326
2021-02-24,"Moderna, Oxford/AstraZeneca, Pfizer/BioNTech",382521,231596,614117
2021-02-25,"Moderna, Oxford/AstraZeneca, Pfizer/BioNTech",400439,237108,637547
2021-02-26,"Moderna, Oxford/AstraZeneca, Pfizer/BioNTech",416531,242421,658952
2021-02-27,"Moderna, Oxford/AstraZeneca, Pfizer/BioNTech",419465,242969,662434
2021-02-28,"Moderna, Oxford/AstraZeneca, Pfizer/BioNTech",421802,243516,665318
2021-03-01,"Moderna, Oxford/AstraZeneca, Pfizer/BioNTech",441132,246903,688035
2021-03-02,"Moderna, Oxford/AstraZeneca, Pfizer/BioNTech",468215,250426,718641
2021-03-03,"Moderna, Oxford/AstraZeneca, Pfizer/BioNTech",498783,254899,753682
2021-03-04,"Moderna, Oxford/AstraZeneca, Pfizer/BioNTech",531825,259547,791372
2021-03-05,"Moderna, Oxford/AstraZeneca, Pfizer/BioNTech",560411,264907,825318
2021-03-06,"Moderna, Oxford/AstraZeneca, Pfizer/BioNTech",572479,265743,838222
2021-03-07,"Moderna, Oxford/AstraZeneca, Pfizer/BioNTech",583813,266571,850384
2021-03-08,"Moderna, Oxford/AstraZeneca, Pfizer/BioNTech",613346,271381,884727
2021-03-09,"Moderna, Oxford/AstraZeneca, Pfizer/BioNTech",649238,277712,926950
2021-03-10,"Moderna, Oxford/AstraZeneca, Pfizer/BioNTech",690226,284621,974847
2021-03-11,"Moderna, Oxford/AstraZeneca, Pfizer/BioNTech",734616,292933,1027549
2021-03-12,"Moderna, Oxford/AstraZeneca, Pfizer/BioNTech",773045,301331,1074376
2021-03-13,"Moderna, Oxford/AstraZeneca, Pfizer/BioNTech",790015,302614,1092629
2021-03-14,"Moderna, Oxford/AstraZeneca, Pfizer/BioNTech",802039,303740,1105779
2021-03-15,"Moderna, Oxford/AstraZeneca, Pfizer/BioNTech",830171,312482,1142653
2021-03-16,"Moderna, Oxford/AstraZeneca, Pfizer/BioNTech",868777,322944,1191721
2021-03-17,"Moderna, Oxford/AstraZeneca, Pfizer/BioNTech",905993,333391,1239384
2021-03-18,"Moderna, Oxford/AstraZeneca, Pfizer/BioNTech",943640,345745,1289385
2021-03-19,"Moderna, Oxford/AstraZeneca, Pfizer/BioNTech",977717,359281,1336998
2021-03-20,"Moderna, Oxford/AstraZeneca, Pfizer/BioNTech",992687,361287,1353974
2021-03-21,"Moderna, Oxford/AstraZeneca, Pfizer/BioNTech",1000029,362817,1362846
2021-03-22,"Moderna, Oxford/AstraZeneca, Pfizer/BioNTech",1024140,375203,1399343
2021-03-23,"Moderna, Oxford/AstraZeneca, Pfizer/BioNTech",1050420,388448,1438868
2021-03-24,"Moderna, Oxford/AstraZeneca, Pfizer/BioNTech",1076951,404083,1481034
2021-03-25,"Moderna, Oxford/AstraZeneca, Pfizer/BioNTech",1103026,421871,1524897
2021-03-26,"Moderna, Oxford/AstraZeneca, Pfizer/BioNTech",1127594,439283,1566877
2021-03-27,"Moderna, Oxford/AstraZeneca, Pfizer/BioNTech",1135947,444092,1580039
2021-03-28,"Moderna, Oxford/AstraZeneca, Pfizer/BioNTech",1141423,448202,1589625
2021-03-29,"Moderna, Oxford/AstraZeneca, Pfizer/BioNTech",1160156,468786,1628942
2021-03-30,"Moderna, Oxford/AstraZeneca, Pfizer/BioNTech",1184587,490852,1675439
2021-03-31,"Moderna, Oxford/AstraZeneca, Pfizer/BioNTech",1207445,517794,1725239
2021-04-01,"Moderna, Oxford/AstraZeneca, Pfizer/BioNTech",1232780,549649,1782429
2021-04-02,"Moderna, Oxford/AstraZeneca, Pfizer/BioNTech",1239571,562355,1801926
2021-04-03,"Moderna, Oxford/AstraZeneca, Pfizer/BioNTech",1243122,573232,1816354
2021-04-04,"Moderna, Oxford/AstraZeneca, Pfizer/BioNTech",1245584,581964,1827548
2021-04-05,"Moderna, Oxford/AstraZeneca, Pfizer/BioNTech",1247887,589105,1836992
2021-04-06,"Moderna, Oxford/AstraZeneca, Pfizer/BioNTech",1263829,618242,1882071
2021-04-07,"Moderna, Oxford/AstraZeneca, Pfizer/BioNTech",1286980,640285,1927265
2021-04-08,"Moderna, Oxford/AstraZeneca, Pfizer/BioNTech",1325045,671078,1996123
2021-04-09,"Moderna, Oxford/AstraZeneca, Pfizer/BioNTech",1363746,700969,2064715
2021-04-10,"Moderna, Oxford/AstraZeneca, Pfizer/BioNTech",1379011,716157,2095168
2021-04-11,"Moderna, Oxford/AstraZeneca, Pfizer/BioNTech",1388699,726138,2114837
2021-04-12,"Moderna, Oxford/AstraZeneca, Pfizer/BioNTech",1426358,750923,2177281
2021-04-13,"Moderna, Oxford/AstraZeneca, Pfizer/BioNTech",1462105,776725,2238830
2021-04-14,"Moderna, Oxford/AstraZeneca, Pfizer/BioNTech",1500516,803969,2304485
2021-04-15,"Moderna, Oxford/AstraZeneca, Pfizer/BioNTech",1547920,829533,2377453
2021-04-16,"Moderna, Oxford/AstraZeneca, Pfizer/BioNTech",1592167,855066,2447233
2021-04-17,"Moderna, Oxford/AstraZeneca, Pfizer/BioNTech",1608696,864048,2472744
2021-04-18,"Moderna, Oxford/AstraZeneca, Pfizer/BioNTech",1621587,868991,2490578
2021-04-19,"Moderna, Oxford/AstraZeneca, Pfizer/BioNTech",1665122,884308,2549430
2021-04-20,"Moderna, Oxford/AstraZeneca, Pfizer/BioNTech",1706858,900044,2606902
2021-04-21,"Moderna, Oxford/AstraZeneca, Pfizer/BioNTech",1754302,914146,2668448
2021-04-22,"Johnson&Johnson, Moderna, Oxford/AstraZeneca, Pfizer/BioNTech",1808232,931428,2739660
2021-04-23,"Johnson&Johnson, Moderna, Oxford/AstraZeneca, Pfizer/BioNTech",1857692,943376,2801068
2021-04-24,"Johnson&Johnson, Moderna, Oxford/AstraZeneca, Pfizer/BioNTech",1875272,948565,2823837
2021-04-25,"Johnson&Johnson, Moderna, Oxford/AstraZeneca, Pfizer/BioNTech",1889758,952539,2842297
2021-04-26,"Johnson&Johnson, Moderna, Oxford/AstraZeneca, Pfizer/BioNTech",1938778,959888,2898666
2021-04-27,"Johnson&Johnson, Moderna, Oxford/AstraZeneca, Pfizer/BioNTech",1987197,972003,2959200
2021-04-28,"Johnson&Johnson, Moderna, Oxford/AstraZeneca, Pfizer/BioNTech",2045475,985890,3031365
2021-04-29,"Johnson&Johnson, Moderna, Oxford/AstraZeneca, Pfizer/BioNTech",2110292,1001581,3111873
2021-04-30,"Johnson&Johnson, Moderna, Oxford/AstraZeneca, Pfizer/BioNTech",2171841,1011423,3183264
2021-05-01,"Johnson&Johnson, Moderna, Oxford/AstraZeneca, Pfizer/BioNTech",2190976,1014755,3205731
2021-05-02,"Johnson&Johnson, Moderna, Oxford/AstraZeneca, Pfizer/BioNTech",2209742,1016978,3226720
2021-05-03,"Johnson&Johnson, Moderna, Oxford/AstraZeneca, Pfizer/BioNTech",2276367,1021960,3298327
2021-05-04,"Johnson&Johnson, Moderna, Oxford/AstraZeneca, Pfizer/BioNTech",2342062,1030191,3372253
2021-05-05,"Johnson&Johnson, Moderna, Oxford/AstraZeneca, Pfizer/BioNTech",2414528,1039472,3454000
2021-05-06,"Johnson&Johnson, Moderna, Oxford/AstraZeneca, Pfizer/BioNTech",2494033,1050019,3544052
2021-05-07,"Johnson&Johnson, Moderna, Oxford/AstraZeneca, Pfizer/BioNTech",2570631,1059935,3630566
2021-05-08,"Johnson&Johnson, Moderna, Oxford/AstraZeneca, Pfizer/BioNTech",2599835,1061627,3661462
2021-05-09,"Johnson&Johnson, Moderna, Oxford/AstraZeneca, Pfizer/BioNTech",2623848,1062792,3686640
2021-05-10,"Johnson&Johnson, Moderna, Oxford/AstraZeneca, Pfizer/BioNTech",2695812,1069882,3765694
2021-05-11,"Johnson&Johnson, Moderna, Oxford/AstraZeneca, Pfizer/BioNTech",2771111,1078593,3849704
2021-05-12,"Johnson&Johnson, Moderna, Oxford/AstraZeneca, Pfizer/BioNTech",2850195,1087518,3937713
2021-05-13,"Johnson&Johnson, Moderna, Oxford/AstraZeneca, Pfizer/BioNTech",2933430,1096559,4029989
2021-05-14,"Johnson&Johnson, Moderna, Oxford/AstraZeneca, Pfizer/BioNTech",3011971,1104197,4116168
2021-05-15,"Johnson&Johnson, Moderna, Oxford/AstraZeneca, Pfizer/BioNTech",3043554,1106331,4149885
2021-05-16,"Johnson&Johnson, Moderna, Oxford/AstraZeneca, Pfizer/BioNTech",3069168,1107504,4176672
2021-05-17,"Johnson&Johnson, Moderna, Oxford/AstraZeneca, Pfizer/BioNTech",3141051,1114123,4255174
2021-05-18,"Johnson&Johnson, Moderna, Oxford/AstraZeneca, Pfizer/BioNTech",3212357,1126998,4339355
2021-05-19,"Johnson&Johnson, Moderna, Oxford/AstraZeneca, Pfizer/BioNTech",3289036,1142015,4431051
2021-05-20,"Johnson&Johnson, Moderna, Oxford/AstraZeneca, Pfizer/BioNTech",3363626,1168626,4532252
2021-05-21,"Johnson&Johnson, Moderna, Oxford/AstraZeneca, Pfizer/BioNTech",3431640,1196096,4627736
2021-05-22,"Johnson&Johnson, Moderna, Oxford/AstraZeneca, Pfizer/BioNTech",3463578,1207117,4670695
2021-05-23,"Johnson&Johnson, Moderna, Oxford/AstraZeneca, Pfizer/BioNTech",3485698,1216041,4701739
2021-05-24,"Johnson&Johnson, Moderna, Oxford/AstraZeneca, Pfizer/BioNTech",3532265,1249402,4781667
2021-05-25,"Johnson&Johnson, Moderna, Oxford/AstraZeneca, Pfizer/BioNTech",3583494,1284796,4868290
2021-05-26,"Johnson&Johnson, Moderna, Oxford/AstraZeneca, Pfizer/BioNTech",3650494,1322029,4972523
2021-05-27,"Johnson&Johnson, Moderna, Oxford/AstraZeneca, Pfizer/BioNTech",3711078,1368890,5079968
2021-05-28,"Johnson&Johnson, Moderna, Oxford/AstraZeneca, Pfizer/BioNTech",3771905,1414926,5186831
2021-05-29,"Johnson&Johnson, Moderna, Oxford/AstraZeneca, Pfizer/BioNTech",3800631,1431843,5232474
2021-05-30,"Johnson&Johnson, Moderna, Oxford/AstraZeneca, Pfizer/BioNTech",3822437,1445885,5268322
2021-05-31,"Johnson&Johnson, Moderna, Oxford/AstraZeneca, Pfizer/BioNTech",3876169,1492560,5368729
2021-06-01,"Johnson&Johnson, Moderna, Oxford/AstraZeneca, Pfizer/BioNTech",3933010,1539705,5472715
2021-06-02,"Johnson&Johnson, Moderna, Oxford/AstraZeneca, Pfizer/BioNTech",3992737,1592190,5584927
