date,vaccine,people_vaccinated,people_fully_vaccinated,total_vaccinations
2020-12-27,Pfizer/BioNTech,1287,0,1287
2020-12-28,Pfizer/BioNTech,3590,0,3590
2020-12-29,Pfizer/BioNTech,7062,1,7063
2020-12-30,Pfizer/BioNTech,10579,1,10580
2020-12-31,Pfizer/BioNTech,11890,1,11891
2021-01-01,"Moderna, Pfizer/BioNTech",12159,1,12160
2021-01-02,"Moderna, Pfizer/BioNTech",13442,1,13443
2021-01-03,"Moderna, Pfizer/BioNTech",14369,1,14370
2021-01-04,"Moderna, Pfizer/BioNTech",17980,1,17981
2021-01-05,"Moderna, Pfizer/BioNTech",22506,2,22508
2021-01-06,"Moderna, Pfizer/BioNTech",28353,3,28356
2021-01-07,"Moderna, Pfizer/BioNTech",36352,3,36355
2021-01-08,"Moderna, Pfizer/BioNTech",46404,4,46408
2021-01-09,"Moderna, Pfizer/BioNTech",48432,6,48438
2021-01-10,Pfizer/BioNTech,50203,8,50211
2021-01-11,"Moderna, Pfizer/BioNTech",60060,10,60070
2021-01-12,"Moderna, Pfizer/BioNTech",73516,12,73528
2021-01-13,"Moderna, Pfizer/BioNTech",87064,12,87076
2021-01-14,"Moderna, Pfizer/BioNTech",102318,16,102334
2021-01-15,"Moderna, Pfizer/BioNTech",116339,17,116356
2021-01-16,"Moderna, Pfizer/BioNTech",119743,21,119764
2021-01-17,"Moderna, Pfizer/BioNTech",122364,657,123021
2021-01-18,"Moderna, Pfizer/BioNTech",134858,2484,137342
2021-01-19,"Moderna, Pfizer/BioNTech",147470,5213,152683
2021-01-20,"Moderna, Pfizer/BioNTech",161168,7877,169045
2021-01-21,"Moderna, Pfizer/BioNTech",176823,9619,186442
2021-01-22,"Moderna, Pfizer/BioNTech",191717,10663,202380
2021-01-23,"Moderna, Pfizer/BioNTech",195036,11541,206577
2021-01-24,"Moderna, Pfizer/BioNTech",197292,12412,209704
2021-01-25,"Moderna, Pfizer/BioNTech",206947,15384,222331
2021-01-26,"Moderna, Pfizer/BioNTech",217494,19376,236870
2021-01-27,"Moderna, Pfizer/BioNTech",226527,23911,250438
2021-01-28,"Moderna, Pfizer/BioNTech",233633,30044,263677
2021-01-29,"Moderna, Pfizer/BioNTech",239850,37953,277803
2021-01-30,"Moderna, Pfizer/BioNTech",240591,39041,279632
2021-01-31,"Moderna, Pfizer/BioNTech",241309,40223,281532
2021-02-01,"Moderna, Pfizer/BioNTech",245290,48192,293482
2021-02-02,"Moderna, Pfizer/BioNTech",249443,58432,307875
2021-02-03,"Moderna, Pfizer/BioNTech",253869,69454,323323
2021-02-04,"Moderna, Pfizer/BioNTech",258777,82448,341225
2021-02-05,"Moderna, Pfizer/BioNTech",264252,93123,357375
2021-02-06,"Moderna, Oxford/AstraZeneca, Pfizer/BioNTech",265110,95489,360599
2021-02-07,"Moderna, Oxford/AstraZeneca, Pfizer/BioNTech",265962,97989,363951
2021-02-08,"Moderna, Oxford/AstraZeneca, Pfizer/BioNTech",270057,109420,379477
2021-02-09,"Moderna, Oxford/AstraZeneca, Pfizer/BioNTech",275165,121334,396499
2021-02-10,"Moderna, Oxford/AstraZeneca, Pfizer/BioNTech",280684,134595,415279
2021-02-11,"Moderna, Oxford/AstraZeneca, Pfizer/BioNTech",287027,150815,437842
2021-02-12,"Moderna, Oxford/AstraZeneca, Pfizer/BioNTech",293857,165564,459421
2021-02-13,"Moderna, Oxford/AstraZeneca, Pfizer/BioNTech",295474,168552,464026
2021-02-14,"Moderna, Oxford/AstraZeneca, Pfizer/BioNTech",296480,169938,466418
2021-02-15,"Moderna, Oxford/AstraZeneca, Pfizer/BioNTech",302880,179309,482189
2021-02-16,"Moderna, Oxford/AstraZeneca, Pfizer/BioNTech",311604,188390,499994
2021-02-17,"Moderna, Oxford/AstraZeneca, Pfizer/BioNTech",321307,196701,518008
2021-02-18,"Moderna, Oxford/AstraZeneca, Pfizer/BioNTech",333638,204786,538424
2021-02-19,"Moderna, Oxford/AstraZeneca, Pfizer/BioNTech",345504,212161,557665
2021-02-20,"Moderna, Oxford/AstraZeneca, Pfizer/BioNTech",347514,213347,560861
2021-02-21,"Moderna, Oxford/AstraZeneca, Pfizer/BioNTech",348651,214373,563024
2021-02-22,"Moderna, Oxford/AstraZeneca, Pfizer/BioNTech",358779,220411,579190
2021-02-23,"Moderna, Oxford/AstraZeneca, Pfizer/BioNTech",371743,227402,599145
2021-02-24,"Moderna, Oxford/AstraZeneca, Pfizer/BioNTech",385628,233445,619073
2021-02-25,"Moderna, Oxford/AstraZeneca, Pfizer/BioNTech",403612,238997,642609
2021-02-26,"Moderna, Oxford/AstraZeneca, Pfizer/BioNTech",419794,244359,664153
2021-02-27,"Moderna, Oxford/AstraZeneca, Pfizer/BioNTech",422803,244919,667722
2021-02-28,"Moderna, Oxford/AstraZeneca, Pfizer/BioNTech",425161,245471,670632
2021-03-01,"Moderna, Oxford/AstraZeneca, Pfizer/BioNTech",444763,248921,693684
2021-03-02,"Moderna, Oxford/AstraZeneca, Pfizer/BioNTech",471992,252471,724463
2021-03-03,"Moderna, Oxford/AstraZeneca, Pfizer/BioNTech",502952,256982,759934
2021-03-04,"Moderna, Oxford/AstraZeneca, Pfizer/BioNTech",536243,261673,797916
2021-03-05,"Johnson&Johnson, Moderna, Oxford/AstraZeneca, Pfizer/BioNTech",565090,267101,832191
2021-03-06,"Johnson&Johnson, Moderna, Oxford/AstraZeneca, Pfizer/BioNTech",577249,267967,845216
2021-03-07,"Johnson&Johnson, Moderna, Oxford/AstraZeneca, Pfizer/BioNTech",588798,268810,857608
2021-03-08,"Johnson&Johnson, Moderna, Oxford/AstraZeneca, Pfizer/BioNTech",618547,273673,892220
2021-03-09,"Johnson&Johnson, Moderna, Oxford/AstraZeneca, Pfizer/BioNTech",654916,280061,934977
2021-03-10,"Johnson&Johnson, Moderna, Oxford/AstraZeneca, Pfizer/BioNTech",696255,287022,983277
2021-03-11,"Johnson&Johnson, Moderna, Oxford/AstraZeneca, Pfizer/BioNTech",741112,295399,1036511
2021-03-12,"Johnson&Johnson, Moderna, Oxford/AstraZeneca, Pfizer/BioNTech",779879,303898,1083777
2021-03-13,"Johnson&Johnson, Moderna, Oxford/AstraZeneca, Pfizer/BioNTech",796989,305213,1102202
2021-03-14,"Johnson&Johnson, Moderna, Oxford/AstraZeneca, Pfizer/BioNTech",809107,306369,1115476
2021-03-15,"Johnson&Johnson, Moderna, Oxford/AstraZeneca, Pfizer/BioNTech",837505,315152,1152657
2021-03-16,"Johnson&Johnson, Moderna, Oxford/AstraZeneca, Pfizer/BioNTech",876401,325690,1202091
2021-03-17,"Moderna, Oxford/AstraZeneca, Pfizer/BioNTech",913892,336205,1250097
2021-03-18,"Johnson&Johnson, Moderna, Oxford/AstraZeneca, Pfizer/BioNTech",951899,348630,1300529
2021-03-19,"Johnson&Johnson, Moderna, Oxford/AstraZeneca, Pfizer/BioNTech",986418,362245,1348663
2021-03-20,"Johnson&Johnson, Moderna, Oxford/AstraZeneca, Pfizer/BioNTech",1001602,364275,1365877
2021-03-21,"Johnson&Johnson, Moderna, Oxford/AstraZeneca, Pfizer/BioNTech",1009047,365835,1374882
2021-03-22,"Johnson&Johnson, Moderna, Oxford/AstraZeneca, Pfizer/BioNTech",1033626,378340,1411966
2021-03-23,"Johnson&Johnson, Moderna, Oxford/AstraZeneca, Pfizer/BioNTech",1060302,391706,1452008
2021-03-24,"Johnson&Johnson, Moderna, Oxford/AstraZeneca, Pfizer/BioNTech",1087194,407454,1494648
2021-03-25,"Johnson&Johnson, Moderna, Oxford/AstraZeneca, Pfizer/BioNTech",1113553,425310,1538863
2021-03-26,"Johnson&Johnson, Moderna, Oxford/AstraZeneca, Pfizer/BioNTech",1138395,442825,1581220
2021-03-27,"Johnson&Johnson, Moderna, Oxford/AstraZeneca, Pfizer/BioNTech",1146856,447671,1594527
2021-03-28,"Moderna, Oxford/AstraZeneca, Pfizer/BioNTech",1152404,451819,1604223
2021-03-29,"Johnson&Johnson, Moderna, Oxford/AstraZeneca, Pfizer/BioNTech",1171563,472556,1644119
2021-03-30,"Johnson&Johnson, Moderna, Oxford/AstraZeneca, Pfizer/BioNTech",1196273,494743,1691016
2021-03-31,"Johnson&Johnson, Moderna, Oxford/AstraZeneca, Pfizer/BioNTech",1219429,521813,1741242
2021-04-01,"Johnson&Johnson, Moderna, Oxford/AstraZeneca, Pfizer/BioNTech",1245116,553873,1798989
2021-04-02,"Johnson&Johnson, Moderna, Oxford/AstraZeneca, Pfizer/BioNTech",1252100,566672,1818772
2021-04-03,"Johnson&Johnson, Moderna, Oxford/AstraZeneca, Pfizer/BioNTech",1255751,577604,1833355
2021-04-04,"Johnson&Johnson, Moderna, Oxford/AstraZeneca, Pfizer/BioNTech",1258294,586528,1844822
2021-04-05,"Johnson&Johnson, Moderna, Oxford/AstraZeneca, Pfizer/BioNTech",1260725,593733,1854458
2021-04-06,"Johnson&Johnson, Moderna, Oxford/AstraZeneca, Pfizer/BioNTech",1276941,623009,1899950
2021-04-07,"Johnson&Johnson, Moderna, Oxford/AstraZeneca, Pfizer/BioNTech",1300445,645256,1945701
2021-04-08,"Johnson&Johnson, Moderna, Oxford/AstraZeneca, Pfizer/BioNTech",1339258,676302,2015560
2021-04-09,"Johnson&Johnson, Moderna, Oxford/AstraZeneca, Pfizer/BioNTech",1378858,706502,2085360
2021-04-10,"Johnson&Johnson, Moderna, Oxford/AstraZeneca, Pfizer/BioNTech",1394426,721815,2116241
2021-04-11,"Johnson&Johnson, Moderna, Oxford/AstraZeneca, Pfizer/BioNTech",1404221,731871,2136092
2021-04-12,"Johnson&Johnson, Moderna, Oxford/AstraZeneca, Pfizer/BioNTech",1442543,757017,2199560
2021-04-13,"Moderna, Oxford/AstraZeneca, Pfizer/BioNTech",1478850,783059,2261909
2021-04-14,"Moderna, Oxford/AstraZeneca, Pfizer/BioNTech",1517736,810435,2328171
2021-04-15,"Moderna, Oxford/AstraZeneca, Pfizer/BioNTech",1565569,836216,2401785
2021-04-16,"Moderna, Oxford/AstraZeneca, Pfizer/BioNTech",1610283,861901,2472184
2021-04-17,"Moderna, Oxford/AstraZeneca, Pfizer/BioNTech",1627010,870928,2497938
2021-04-18,"Moderna, Oxford/AstraZeneca, Pfizer/BioNTech",1640009,875914,2515923
2021-04-19,"Johnson&Johnson, Moderna, Oxford/AstraZeneca, Pfizer/BioNTech",1683983,891358,2575341
2021-04-20,"Johnson&Johnson, Moderna, Oxford/AstraZeneca, Pfizer/BioNTech",1726571,907248,2633819
2021-04-21,"Moderna, Oxford/AstraZeneca, Pfizer/BioNTech",1774342,921617,2695959
2021-04-22,"Johnson&Johnson, Moderna, Oxford/AstraZeneca, Pfizer/BioNTech",1828870,939016,2767886
2021-04-23,"Johnson&Johnson, Moderna, Oxford/AstraZeneca, Pfizer/BioNTech",1878886,951083,2829969
2021-04-24,"Johnson&Johnson, Moderna, Oxford/AstraZeneca, Pfizer/BioNTech",1896764,956350,2853114
2021-04-25,"Johnson&Johnson, Moderna, Oxford/AstraZeneca, Pfizer/BioNTech",1911478,960353,2871831
2021-04-26,"Johnson&Johnson, Moderna, Oxford/AstraZeneca, Pfizer/BioNTech",1961090,967924,2929014
2021-04-27,"Johnson&Johnson, Moderna, Oxford/AstraZeneca, Pfizer/BioNTech",2010081,980176,2990257
2021-04-28,"Johnson&Johnson, Moderna, Oxford/AstraZeneca, Pfizer/BioNTech",2068864,994205,3063069
2021-04-29,"Johnson&Johnson, Moderna, Oxford/AstraZeneca, Pfizer/BioNTech",2134485,1010126,3144611
2021-04-30,"Johnson&Johnson, Moderna, Oxford/AstraZeneca, Pfizer/BioNTech",2196780,1020122,3216902
2021-05-01,"Johnson&Johnson, Moderna, Oxford/AstraZeneca, Pfizer/BioNTech",2216168,1023587,3239755
2021-05-02,"Johnson&Johnson, Moderna, Oxford/AstraZeneca, Pfizer/BioNTech",2235123,1025878,3261001
2021-05-03,"Johnson&Johnson, Moderna, Oxford/AstraZeneca, Pfizer/BioNTech",2302404,1030960,3333364
2021-05-04,"Johnson&Johnson, Moderna, Oxford/AstraZeneca, Pfizer/BioNTech",2368963,1039335,3408298
2021-05-05,"Johnson&Johnson, Moderna, Oxford/AstraZeneca, Pfizer/BioNTech",2442175,1048784,3490959
2021-05-06,"Johnson&Johnson, Moderna, Oxford/AstraZeneca, Pfizer/BioNTech",2522622,1059540,3582162
2021-05-07,"Johnson&Johnson, Moderna, Oxford/AstraZeneca, Pfizer/BioNTech",2599955,1069685,3669640
2021-05-08,"Johnson&Johnson, Moderna, Oxford/AstraZeneca, Pfizer/BioNTech",2629494,1071479,3700973
2021-05-09,"Johnson&Johnson, Moderna, Oxford/AstraZeneca, Pfizer/BioNTech",2653732,1072701,3726433
2021-05-10,"Johnson&Johnson, Moderna, Oxford/AstraZeneca, Pfizer/BioNTech",2726540,1079951,3806491
2021-05-11,"Johnson&Johnson, Moderna, Oxford/AstraZeneca, Pfizer/BioNTech",2802699,1088787,3891486
2021-05-12,"Johnson&Johnson, Moderna, Oxford/AstraZeneca, Pfizer/BioNTech",2882650,1097935,3980585
2021-05-13,"Johnson&Johnson, Moderna, Oxford/AstraZeneca, Pfizer/BioNTech",2966705,1107130,4073835
2021-05-14,"Johnson&Johnson, Moderna, Oxford/AstraZeneca, Pfizer/BioNTech",3046257,1114961,4161218
2021-05-15,"Johnson&Johnson, Moderna, Oxford/AstraZeneca, Pfizer/BioNTech",3078227,1117248,4195475
2021-05-16,"Johnson&Johnson, Moderna, Oxford/AstraZeneca, Pfizer/BioNTech",3104041,1118535,4222576
2021-05-17,"Johnson&Johnson, Moderna, Oxford/AstraZeneca, Pfizer/BioNTech",3176585,1125292,4301877
2021-05-18,"Johnson&Johnson, Moderna, Oxford/AstraZeneca, Pfizer/BioNTech",3248579,1138414,4386993
2021-05-19,"Johnson&Johnson, Moderna, Oxford/AstraZeneca, Pfizer/BioNTech",3326078,1153590,4479668
2021-05-20,"Johnson&Johnson, Moderna, Oxford/AstraZeneca, Pfizer/BioNTech",3401573,1180662,4582235
2021-05-21,"Johnson&Johnson, Moderna, Oxford/AstraZeneca, Pfizer/BioNTech",3470431,1208472,4678903
2021-05-22,"Johnson&Johnson, Moderna, Oxford/AstraZeneca, Pfizer/BioNTech",3502894,1219715,4722609
2021-05-23,"Johnson&Johnson, Moderna, Oxford/AstraZeneca, Pfizer/BioNTech",3525344,1228758,4754102
2021-05-24,"Johnson&Johnson, Moderna, Oxford/AstraZeneca, Pfizer/BioNTech",3572566,1262441,4835007
2021-05-25,"Johnson&Johnson, Moderna, Oxford/AstraZeneca, Pfizer/BioNTech",3624482,1298289,4922771
2021-05-26,"Johnson&Johnson, Moderna, Oxford/AstraZeneca, Pfizer/BioNTech",3692252,1335853,5028105
2021-05-27,"Johnson&Johnson, Moderna, Oxford/AstraZeneca, Pfizer/BioNTech",3753688,1383221,5136909
2021-05-28,"Johnson&Johnson, Moderna, Oxford/AstraZeneca, Pfizer/BioNTech",3815442,1429837,5245279
2021-05-29,"Johnson&Johnson, Moderna, Oxford/AstraZeneca, Pfizer/BioNTech",3844708,1446983,5291691
2021-05-30,"Johnson&Johnson, Moderna, Oxford/AstraZeneca, Pfizer/BioNTech",3867121,1461456,5328577
2021-05-31,"Johnson&Johnson, Moderna, Oxford/AstraZeneca, Pfizer/BioNTech",3922868,1508993,5431861
2021-06-01,"Johnson&Johnson, Moderna, Oxford/AstraZeneca, Pfizer/BioNTech",3981976,1557885,5539861
2021-06-02,"Johnson&Johnson, Moderna, Oxford/AstraZeneca, Pfizer/BioNTech",4044955,1611927,5656882
2021-06-03,"Johnson&Johnson, Moderna, Oxford/AstraZeneca, Pfizer/BioNTech",4103210,1672179,5775389
2021-06-04,"Johnson&Johnson, Moderna, Oxford/AstraZeneca, Pfizer/BioNTech",4166354,1729618,5895972
2021-06-05,"Johnson&Johnson, Moderna, Oxford/AstraZeneca, Pfizer/BioNTech",4200542,1748549,5949091
2021-06-06,"Johnson&Johnson, Moderna, Oxford/AstraZeneca, Pfizer/BioNTech",4227502,1763729,5991231
2021-06-07,"Johnson&Johnson, Moderna, Oxford/AstraZeneca, Pfizer/BioNTech",4291204,1819384,6110588
2021-06-08,"Johnson&Johnson, Moderna, Oxford/AstraZeneca, Pfizer/BioNTech",4355225,1874423,6229648
2021-06-09,"Johnson&Johnson, Moderna, Oxford/AstraZeneca, Pfizer/BioNTech",4414449,1939129,6353578
2021-06-10,"Johnson&Johnson, Moderna, Oxford/AstraZeneca, Pfizer/BioNTech",4468316,2010467,6478783
2021-06-11,"Johnson&Johnson, Moderna, Oxford/AstraZeneca, Pfizer/BioNTech",4520449,2080327,6600776
2021-06-12,"Johnson&Johnson, Moderna, Oxford/AstraZeneca, Pfizer/BioNTech",4552472,2101189,6653661
2021-06-13,"Johnson&Johnson, Moderna, Oxford/AstraZeneca, Pfizer/BioNTech",4576517,2119635,6696152
2021-06-14,"Johnson&Johnson, Moderna, Oxford/AstraZeneca, Pfizer/BioNTech",4619608,2194054,6813662
2021-06-15,"Johnson&Johnson, Moderna, Oxford/AstraZeneca, Pfizer/BioNTech",4664290,2266471,6930761
2021-06-16,"Johnson&Johnson, Moderna, Oxford/AstraZeneca, Pfizer/BioNTech",4707117,2344737,7051854
2021-06-17,"Johnson&Johnson, Moderna, Oxford/AstraZeneca, Pfizer/BioNTech",4746556,2427860,7174416
2021-06-18,"Johnson&Johnson, Moderna, Oxford/AstraZeneca, Pfizer/BioNTech",4789003,2508468,7297471
2021-06-19,"Johnson&Johnson, Moderna, Oxford/AstraZeneca, Pfizer/BioNTech",4810798,2537818,7348616
2021-06-20,"Johnson&Johnson, Moderna, Oxford/AstraZeneca, Pfizer/BioNTech",4828212,2561699,7389911
2021-06-21,"Johnson&Johnson, Moderna, Oxford/AstraZeneca, Pfizer/BioNTech",4860726,2640338,7501064
2021-06-22,"Johnson&Johnson, Moderna, Oxford/AstraZeneca, Pfizer/BioNTech",4893706,2722692,7616398
2021-06-23,"Johnson&Johnson, Moderna, Oxford/AstraZeneca, Pfizer/BioNTech",4925431,2807963,7733394
2021-06-24,"Johnson&Johnson, Moderna, Oxford/AstraZeneca, Pfizer/BioNTech",4955302,2898043,7853345
2021-06-25,"Johnson&Johnson, Moderna, Oxford/AstraZeneca, Pfizer/BioNTech",4986399,2984300,7970699
2021-06-26,"Johnson&Johnson, Moderna, Oxford/AstraZeneca, Pfizer/BioNTech",5002306,3019194,8021500
2021-06-27,"Johnson&Johnson, Moderna, Oxford/AstraZeneca, Pfizer/BioNTech",5016266,3045914,8062180
2021-06-28,"Johnson&Johnson, Moderna, Oxford/AstraZeneca, Pfizer/BioNTech",5044690,3131151,8175841
2021-06-29,"Johnson&Johnson, Moderna, Oxford/AstraZeneca, Pfizer/BioNTech",5073984,3217717,8291701
2021-06-30,"Johnson&Johnson, Moderna, Oxford/AstraZeneca, Pfizer/BioNTech",5101494,3308771,8410265
2021-07-01,"Johnson&Johnson, Moderna, Oxford/AstraZeneca, Pfizer/BioNTech",5125495,3398884,8524379
2021-07-02,"Johnson&Johnson, Moderna, Oxford/AstraZeneca, Pfizer/BioNTech",5152248,3484832,8637080
2021-07-03,"Johnson&Johnson, Moderna, Oxford/AstraZeneca, Pfizer/BioNTech",5159352,3516410,8675762
2021-07-04,"Johnson&Johnson, Moderna, Oxford/AstraZeneca, Pfizer/BioNTech",5166942,3538239,8705181
2021-07-05,"Johnson&Johnson, Moderna, Oxford/AstraZeneca, Pfizer/BioNTech",5174365,3563656,8738021
2021-07-06,"Johnson&Johnson, Moderna, Oxford/AstraZeneca, Pfizer/BioNTech",5179840,3591390,8771230
2021-07-07,"Johnson&Johnson, Moderna, Oxford/AstraZeneca, Pfizer/BioNTech",5205675,3670393,8876068
2021-07-08,"Johnson&Johnson, Moderna, Oxford/AstraZeneca, Pfizer/BioNTech",5232292,3740741,8973033
2021-07-09,"Johnson&Johnson, Moderna, Oxford/AstraZeneca, Pfizer/BioNTech",5260246,3810083,9070329
2021-07-10,"Johnson&Johnson, Moderna, Oxford/AstraZeneca, Pfizer/BioNTech",5269633,3838761,9108394
2021-07-11,"Johnson&Johnson, Moderna, Oxford/AstraZeneca, Pfizer/BioNTech",5278191,3861654,9139845
2021-07-12,"Johnson&Johnson, Moderna, Oxford/AstraZeneca, Pfizer/BioNTech",5305730,3930751,9236481
2021-07-13,"Johnson&Johnson, Moderna, Oxford/AstraZeneca, Pfizer/BioNTech",5331936,4000653,9332589
2021-07-14,"Johnson&Johnson, Moderna, Oxford/AstraZeneca, Pfizer/BioNTech",5357777,4072672,9430449
2021-07-15,"Johnson&Johnson, Moderna, Oxford/AstraZeneca, Pfizer/BioNTech",5386973,4138719,9525692
2021-07-16,"Johnson&Johnson, Moderna, Oxford/AstraZeneca, Pfizer/BioNTech",5414912,4211483,9626395
2021-07-17,"Johnson&Johnson, Moderna, Oxford/AstraZeneca, Pfizer/BioNTech",5423720,4242964,9666684
2021-07-18,"Johnson&Johnson, Moderna, Oxford/AstraZeneca, Pfizer/BioNTech",5432165,4268981,9701146
2021-07-19,"Johnson&Johnson, Moderna, Oxford/AstraZeneca, Pfizer/BioNTech",5455538,4336029,9791567
2021-07-20,"Johnson&Johnson, Moderna, Oxford/AstraZeneca, Pfizer/BioNTech",5476953,4403113,9880066
2021-07-21,"Johnson&Johnson, Moderna, Oxford/AstraZeneca, Pfizer/BioNTech",5500413,4466592,9967005
2021-07-22,"Johnson&Johnson, Moderna, Oxford/AstraZeneca, Pfizer/BioNTech",5522784,4525248,10048032
2021-07-23,"Johnson&Johnson, Moderna, Oxford/AstraZeneca, Pfizer/BioNTech",5546020,4580025,10126045
2021-07-24,"Johnson&Johnson, Moderna, Oxford/AstraZeneca, Pfizer/BioNTech",5553370,4607710,10161080
2021-07-25,"Johnson&Johnson, Moderna, Oxford/AstraZeneca, Pfizer/BioNTech",5560007,4629855,10189862
2021-07-26,"Johnson&Johnson, Moderna, Oxford/AstraZeneca, Pfizer/BioNTech",5583566,4678563,10262129
2021-07-27,"Johnson&Johnson, Moderna, Oxford/AstraZeneca, Pfizer/BioNTech",5606322,4725239,10331561
2021-07-28,"Johnson&Johnson, Moderna, Oxford/AstraZeneca, Pfizer/BioNTech",5627603,4771278,10398881
2021-07-29,"Johnson&Johnson, Moderna, Oxford/AstraZeneca, Pfizer/BioNTech",5648946,4813276,10462222
2021-07-30,"Johnson&Johnson, Moderna, Oxford/AstraZeneca, Pfizer/BioNTech",5672231,4855868,10528099
2021-07-31,"Johnson&Johnson, Moderna, Oxford/AstraZeneca, Pfizer/BioNTech",5681183,4875421,10556604
2021-08-01,"Johnson&Johnson, Moderna, Oxford/AstraZeneca, Pfizer/BioNTech",5687918,4891606,10579524
2021-08-02,"Johnson&Johnson, Moderna, Oxford/AstraZeneca, Pfizer/BioNTech",5706567,4929186,10635753
2021-08-03,"Johnson&Johnson, Moderna, Oxford/AstraZeneca, Pfizer/BioNTech",5724221,4967317,10691538
2021-08-04,"Johnson&Johnson, Moderna, Oxford/AstraZeneca, Pfizer/BioNTech",5740350,5004103,10744453
2021-08-05,"Johnson&Johnson, Moderna, Oxford/AstraZeneca, Pfizer/BioNTech",5756396,5044612,10801008
2021-08-06,"Johnson&Johnson, Moderna, Oxford/AstraZeneca, Pfizer/BioNTech",5773203,5087935,10861138
2021-08-07,"Johnson&Johnson, Moderna, Oxford/AstraZeneca, Pfizer/BioNTech",5778813,5106121,10884934
2021-08-08,"Johnson&Johnson, Moderna, Oxford/AstraZeneca, Pfizer/BioNTech",5783182,5121892,10905074
2021-08-09,"Johnson&Johnson, Moderna, Oxford/AstraZeneca, Pfizer/BioNTech",5795824,5166971,10962795
2021-08-10,"Johnson&Johnson, Moderna, Oxford/AstraZeneca, Pfizer/BioNTech",5807672,5206566,11014238
2021-08-11,"Johnson&Johnson, Moderna, Oxford/AstraZeneca, Pfizer/BioNTech",5819044,5249717,11068761
2021-08-12,"Johnson&Johnson, Moderna, Oxford/AstraZeneca, Pfizer/BioNTech",5830473,5286873,11117346
2021-08-13,"Johnson&Johnson, Moderna, Oxford/AstraZeneca, Pfizer/BioNTech",5841207,5327239,11168446
2021-08-14,"Johnson&Johnson, Moderna, Oxford/AstraZeneca, Pfizer/BioNTech",5844547,5337955,11182502
2021-08-15,"Johnson&Johnson, Moderna, Oxford/AstraZeneca, Pfizer/BioNTech",5847136,5348346,11195482
2021-08-16,"Johnson&Johnson, Moderna, Oxford/AstraZeneca, Pfizer/BioNTech",5856932,5382437,11239369
2021-08-17,"Johnson&Johnson, Moderna, Oxford/AstraZeneca, Pfizer/BioNTech",5866532,5409545,11276077
2021-08-18,"Johnson&Johnson, Moderna, Oxford/AstraZeneca, Pfizer/BioNTech",5875909,5448455,11324364
2021-08-19,"Johnson&Johnson, Moderna, Oxford/AstraZeneca, Pfizer/BioNTech",5885589,5486822,11372411
2021-08-20,"Johnson&Johnson, Moderna, Oxford/AstraZeneca, Pfizer/BioNTech",5896985,5527020,11424005
2021-08-21,"Johnson&Johnson, Moderna, Oxford/AstraZeneca, Pfizer/BioNTech",5899709,5539793,11439502
2021-08-22,"Johnson&Johnson, Moderna, Oxford/AstraZeneca, Pfizer/BioNTech",5902055,5551766,11453821
2021-08-23,"Johnson&Johnson, Moderna, Oxford/AstraZeneca, Pfizer/BioNTech",5912587,5591053,11503640
2021-08-24,"Johnson&Johnson, Moderna, Oxford/AstraZeneca, Pfizer/BioNTech",5922468,5624319,11546787
2021-08-25,"Johnson&Johnson, Moderna, Oxford/AstraZeneca, Pfizer/BioNTech",5931332,5652697,11584029
2021-08-26,"Johnson&Johnson, Moderna, Oxford/AstraZeneca, Pfizer/BioNTech",5939788,5678827,11618615
2021-08-27,"Johnson&Johnson, Moderna, Oxford/AstraZeneca, Pfizer/BioNTech",5950117,5704817,11654934
2021-08-28,"Johnson&Johnson, Moderna, Oxford/AstraZeneca, Pfizer/BioNTech",5952855,5711886,11664741
2021-08-29,"Johnson&Johnson, Moderna, Oxford/AstraZeneca, Pfizer/BioNTech",5955267,5718510,11673777
2021-08-30,"Johnson&Johnson, Moderna, Oxford/AstraZeneca, Pfizer/BioNTech",5963794,5740392,11704186
2021-08-31,"Johnson&Johnson, Moderna, Oxford/AstraZeneca, Pfizer/BioNTech",5971480,5758506,11729986
2021-09-01,"Johnson&Johnson, Moderna, Oxford/AstraZeneca, Pfizer/BioNTech",5977391,5772528,11749919
2021-09-02,"Johnson&Johnson, Moderna, Oxford/AstraZeneca, Pfizer/BioNTech",5984241,5786922,11771163
2021-09-03,"Johnson&Johnson, Moderna, Oxford/AstraZeneca, Pfizer/BioNTech",5993805,5802659,11796464
2021-09-04,"Johnson&Johnson, Moderna, Oxford/AstraZeneca, Pfizer/BioNTech",5995876,5806218,11802094
2021-09-05,"Johnson&Johnson, Moderna, Oxford/AstraZeneca, Pfizer/BioNTech",5997916,5809068,11806984
2021-09-06,"Johnson&Johnson, Moderna, Oxford/AstraZeneca, Pfizer/BioNTech",6004156,5821615,11825771
2021-09-07,"Johnson&Johnson, Moderna, Oxford/AstraZeneca, Pfizer/BioNTech",6008551,5832703,11841254
2021-09-08,"Johnson&Johnson, Moderna, Oxford/AstraZeneca, Pfizer/BioNTech",6014228,5842567,11856795
2021-09-09,"Johnson&Johnson, Moderna, Oxford/AstraZeneca, Pfizer/BioNTech",6020929,5852640,11873569
2021-09-10,"Johnson&Johnson, Moderna, Oxford/AstraZeneca, Pfizer/BioNTech",6028627,5864824,11893451
2021-09-11,"Johnson&Johnson, Moderna, Oxford/AstraZeneca, Pfizer/BioNTech",6030497,5867311,11897808
2021-09-12,"Johnson&Johnson, Moderna, Oxford/AstraZeneca, Pfizer/BioNTech",6031615,5868944,11900559
2021-09-13,"Johnson&Johnson, Moderna, Oxford/AstraZeneca, Pfizer/BioNTech",6037055,5879252,11916307
2021-09-14,"Johnson&Johnson, Moderna, Oxford/AstraZeneca, Pfizer/BioNTech",6042453,5888270,11930723
2021-09-15,"Johnson&Johnson, Moderna, Oxford/AstraZeneca, Pfizer/BioNTech",6047661,5896798,11944459
2021-09-16,"Johnson&Johnson, Moderna, Oxford/AstraZeneca, Pfizer/BioNTech",6053018,5905080,11958098
2021-09-17,"Johnson&Johnson, Moderna, Oxford/AstraZeneca, Pfizer/BioNTech",6059590,5915319,11974909
2021-09-18,"Johnson&Johnson, Moderna, Oxford/AstraZeneca, Pfizer/BioNTech",6061318,5917684,11979002
2021-09-19,"Johnson&Johnson, Moderna, Oxford/AstraZeneca, Pfizer/BioNTech",6062264,5919253,11981517
2021-09-20,"Johnson&Johnson, Moderna, Oxford/AstraZeneca, Pfizer/BioNTech",6066282,5927454,11993736
2021-09-21,"Johnson&Johnson, Moderna, Oxford/AstraZeneca, Pfizer/BioNTech",6070520,5934993,12005513
2021-09-22,"Johnson&Johnson, Moderna, Oxford/AstraZeneca, Pfizer/BioNTech",6074715,5940518,12015233
2021-09-23,"Johnson&Johnson, Moderna, Oxford/AstraZeneca, Pfizer/BioNTech",6079692,5946936,12026628
2021-09-24,"Johnson&Johnson, Moderna, Oxford/AstraZeneca, Pfizer/BioNTech",6085452,5956556,12042008
2021-09-25,"Johnson&Johnson, Moderna, Oxford/AstraZeneca, Pfizer/BioNTech",6086949,5958556,12045505
2021-09-26,"Johnson&Johnson, Moderna, Oxford/AstraZeneca, Pfizer/BioNTech",6087694,5960196,12047890
2021-09-27,"Johnson&Johnson, Moderna, Oxford/AstraZeneca, Pfizer/BioNTech",6091578,5966712,12058290
2021-09-28,"Johnson&Johnson, Moderna, Oxford/AstraZeneca, Pfizer/BioNTech",6091947,5967342,12059289
2021-09-29,"Johnson&Johnson, Moderna, Oxford/AstraZeneca, Pfizer/BioNTech",6095724,5974807,12070531
2021-09-30,"Johnson&Johnson, Moderna, Oxford/AstraZeneca, Pfizer/BioNTech",6100240,5982509,12082749
2021-10-01,"Johnson&Johnson, Moderna, Oxford/AstraZeneca, Pfizer/BioNTech",6104544,5990493,12095037
2021-10-02,"Johnson&Johnson, Moderna, Oxford/AstraZeneca, Pfizer/BioNTech",6105607,5992040,12097647
2021-10-03,"Johnson&Johnson, Moderna, Oxford/AstraZeneca, Pfizer/BioNTech",6106332,5992911,12099243
2021-10-04,"Johnson&Johnson, Moderna, Oxford/AstraZeneca, Pfizer/BioNTech",6109407,5998486,12107893
2021-10-05,"Johnson&Johnson, Moderna, Oxford/AstraZeneca, Pfizer/BioNTech",6112569,6003570,12116139
2021-10-06,"Johnson&Johnson, Moderna, Oxford/AstraZeneca, Pfizer/BioNTech",6116089,6008744,12124833
2021-10-07,"Johnson&Johnson, Moderna, Oxford/AstraZeneca, Pfizer/BioNTech",6119373,6014005,12133378
2021-10-08,"Johnson&Johnson, Moderna, Oxford/AstraZeneca, Pfizer/BioNTech",6124167,6020649,12144816
2021-10-09,"Johnson&Johnson, Moderna, Oxford/AstraZeneca, Pfizer/BioNTech",6125410,6022314,12147724
2021-10-10,"Johnson&Johnson, Moderna, Oxford/AstraZeneca, Pfizer/BioNTech",6126354,6023146,12149500
2021-10-11,"Johnson&Johnson, Moderna, Oxford/AstraZeneca, Pfizer/BioNTech",6129284,6027561,12156845
2021-10-12,"Johnson&Johnson, Moderna, Oxford/AstraZeneca, Pfizer/BioNTech",6132218,6031566,12163784
2021-10-13,"Johnson&Johnson, Moderna, Oxford/AstraZeneca, Pfizer/BioNTech",6135750,6035751,12171501
2021-10-14,"Johnson&Johnson, Moderna, Oxford/AstraZeneca, Pfizer/BioNTech",6139423,6040700,12180123
2021-10-15,"Johnson&Johnson, Moderna, Oxford/AstraZeneca, Pfizer/BioNTech",6144652,6046848,12191500
2021-10-16,"Johnson&Johnson, Moderna, Oxford/AstraZeneca, Pfizer/BioNTech",6146067,6048376,12194443
2021-10-17,"Johnson&Johnson, Moderna, Pfizer/BioNTech",6147394,6049431,12196825
2021-10-18,"Johnson&Johnson, Moderna, Oxford/AstraZeneca, Pfizer/BioNTech",6151508,6053531,12205039
2021-10-19,"Johnson&Johnson, Moderna, Oxford/AstraZeneca, Pfizer/BioNTech",6155088,6055630,12210718
2021-10-20,"Johnson&Johnson, Moderna, Oxford/AstraZeneca, Pfizer/BioNTech",6159972,6060086,12220058
2021-10-21,"Johnson&Johnson, Moderna, Oxford/AstraZeneca, Pfizer/BioNTech",6167738,6065691,12233429
2021-10-22,"Johnson&Johnson, Moderna, Oxford/AstraZeneca, Pfizer/BioNTech",6178192,6072196,12250388
2021-10-23,"Johnson&Johnson, Moderna, Oxford/AstraZeneca, Pfizer/BioNTech",6181865,6074401,12256266
2021-10-24,"Johnson&Johnson, Moderna, Oxford/AstraZeneca, Pfizer/BioNTech",6184550,6076182,12260732
2021-10-25,"Johnson&Johnson, Moderna, Oxford/AstraZeneca, Pfizer/BioNTech",6195049,6081990,12277039
2021-10-26,"Johnson&Johnson, Moderna, Oxford/AstraZeneca, Pfizer/BioNTech",6207039,6088540,12295579
2021-10-27,"Johnson&Johnson, Moderna, Oxford/AstraZeneca, Pfizer/BioNTech",6221648,6095947,12317595
2021-10-28,"Johnson&Johnson, Moderna, Oxford/AstraZeneca, Pfizer/BioNTech",6225072,6097631,12322703
2021-10-29,"Johnson&Johnson, Moderna, Oxford/AstraZeneca, Pfizer/BioNTech",6239509,6105619,12345128
2021-10-30,"Johnson&Johnson, Moderna, Oxford/AstraZeneca, Pfizer/BioNTech",6244038,6108544,12352582
2021-10-31,"Johnson&Johnson, Moderna, Oxford/AstraZeneca, Pfizer/BioNTech",6247801,6111018,12358819
2021-11-01,"Johnson&Johnson, Moderna, Oxford/AstraZeneca, Pfizer/BioNTech",6262996,6118702,12381698
2021-11-02,"Johnson&Johnson, Moderna, Oxford/AstraZeneca, Pfizer/BioNTech",6278449,6126259,12404708
2021-11-03,"Johnson&Johnson, Moderna, Oxford/AstraZeneca, Pfizer/BioNTech",6295628,6133553,12429181
2021-11-04,"Johnson&Johnson, Moderna, Oxford/AstraZeneca, Pfizer/BioNTech",6313980,6141725,12455705
2021-11-05,"Johnson&Johnson, Moderna, Oxford/AstraZeneca, Pfizer/BioNTech",6336778,6153006,12489784
2021-11-06,"Johnson&Johnson, Moderna, Oxford/AstraZeneca, Pfizer/BioNTech",6343295,6156062,12499357
2021-11-07,"Johnson&Johnson, Moderna, Oxford/AstraZeneca, Pfizer/BioNTech",6347316,6158498,12505814
2021-11-08,"Johnson&Johnson, Moderna, Oxford/AstraZeneca, Pfizer/BioNTech",6363584,6166127,12529711
2021-11-09,"Johnson&Johnson, Moderna, Oxford/AstraZeneca, Pfizer/BioNTech",6378392,6173426,12551818
2021-11-10,"Johnson&Johnson, Moderna, Oxford/AstraZeneca, Pfizer/BioNTech",6394129,6180808,12574937
2021-11-11,"Johnson&Johnson, Moderna, Oxford/AstraZeneca, Pfizer/BioNTech",6409598,6189912,12599510
2021-11-12,"Johnson&Johnson, Moderna, Oxford/AstraZeneca, Pfizer/BioNTech",6429401,6202713,12632114
2021-11-13,"Johnson&Johnson, Moderna, Oxford/AstraZeneca, Pfizer/BioNTech",6434794,6206585,12641379
2021-11-14,"Johnson&Johnson, Moderna, Oxford/AstraZeneca, Pfizer/BioNTech",6438688,6209590,12648278
2021-11-15,"Johnson&Johnson, Moderna, Oxford/AstraZeneca, Pfizer/BioNTech",6453769,6220283,12674052
2021-11-16,"Johnson&Johnson, Moderna, Oxford/AstraZeneca, Pfizer/BioNTech",6471311,6232265,12703576
2021-11-17,"Johnson&Johnson, Moderna, Oxford/AstraZeneca, Pfizer/BioNTech",6475552,6235830,12711382
2021-11-18,"Johnson&Johnson, Moderna, Oxford/AstraZeneca, Pfizer/BioNTech",6494973,6247523,12742496
2021-11-19,"Johnson&Johnson, Moderna, Oxford/AstraZeneca, Pfizer/BioNTech",6519579,6264494,12784073
2021-11-20,"Johnson&Johnson, Moderna, Oxford/AstraZeneca, Pfizer/BioNTech",6528158,6269476,12797634
2021-11-21,"Johnson&Johnson, Moderna, Pfizer/BioNTech",6534927,6273249,12808176
2021-11-22,"Johnson&Johnson, Moderna, Oxford/AstraZeneca, Pfizer/BioNTech",6553437,6287362,12840799
2021-11-23,"Johnson&Johnson, Moderna, Oxford/AstraZeneca, Pfizer/BioNTech",6572502,6300621,12873123
2021-11-24,"Johnson&Johnson, Moderna, Oxford/AstraZeneca, Pfizer/BioNTech",6591517,6316468,12907985
2021-11-25,"Johnson&Johnson, Moderna, Oxford/AstraZeneca, Pfizer/BioNTech",6610661,6331502,12942163
2021-11-26,"Johnson&Johnson, Moderna, Oxford/AstraZeneca, Pfizer/BioNTech",6632315,6350638,12982953
2021-11-27,"Johnson&Johnson, Moderna, Oxford/AstraZeneca, Pfizer/BioNTech",6639784,6356193,12995977
2021-11-28,"Johnson&Johnson, Moderna, Oxford/AstraZeneca, Pfizer/BioNTech",6643117,6359328,13002445
2021-11-29,"Johnson&Johnson, Moderna, Oxford/AstraZeneca, Pfizer/BioNTech",6658326,6372985,13031311
2021-11-30,"Johnson&Johnson, Moderna, Oxford/AstraZeneca, Pfizer/BioNTech",6671529,6384216,13055745
2021-12-01,"Johnson&Johnson, Moderna, Oxford/AstraZeneca, Pfizer/BioNTech",6685566,6396671,13082237
2021-12-02,"Johnson&Johnson, Moderna, Oxford/AstraZeneca, Pfizer/BioNTech",6696202,6409161,13105363
2021-12-03,"Johnson&Johnson, Moderna, Oxford/AstraZeneca, Pfizer/BioNTech",6705843,6424735,13130578
2021-12-04,"Johnson&Johnson, Moderna, Pfizer/BioNTech",6708400,6428685,13137085
2021-12-05,"Johnson&Johnson, Moderna, Oxford/AstraZeneca, Pfizer/BioNTech",6709760,6431023,13140783
2021-12-06,"Johnson&Johnson, Moderna, Oxford/AstraZeneca, Pfizer/BioNTech",6717906,6442552,13160458
2021-12-07,"Johnson&Johnson, Moderna, Oxford/AstraZeneca, Pfizer/BioNTech",6725796,6454561,13180357
2021-12-08,"Johnson&Johnson, Moderna, Oxford/AstraZeneca, Pfizer/BioNTech",6734038,6460489,13194527
2021-12-09,"Johnson&Johnson, Moderna, Oxford/AstraZeneca, Pfizer/BioNTech",6741159,6473307,13214466
2021-12-10,"Johnson&Johnson, Moderna, Oxford/AstraZeneca, Pfizer/BioNTech",6748091,6491111,13239202
2021-12-11,"Johnson&Johnson, Moderna, Pfizer/BioNTech",6749749,6496383,13246132
2021-12-12,"Johnson&Johnson, Moderna, Oxford/AstraZeneca, Pfizer/BioNTech",6751060,6500816,13251876
2021-12-13,"Johnson&Johnson, Moderna, Oxford/AstraZeneca, Pfizer/BioNTech",6757408,6514126,13271534
2021-12-14,"Johnson&Johnson, Moderna, Oxford/AstraZeneca, Pfizer/BioNTech",6763618,6527795,13291413
2021-12-15,"Johnson&Johnson, Moderna, Oxford/AstraZeneca, Pfizer/BioNTech",6769824,6541394,13311218
2021-12-16,"Johnson&Johnson, Moderna, Oxford/AstraZeneca, Pfizer/BioNTech",6776765,6556227,13332992
2021-12-17,"Johnson&Johnson, Moderna, Oxford/AstraZeneca, Pfizer/BioNTech",6785130,6573491,13358621
2021-12-18,"Johnson&Johnson, Moderna, Oxford/AstraZeneca, Pfizer/BioNTech",6787741,6578942,13366683
2021-12-19,"Johnson&Johnson, Moderna, Pfizer/BioNTech",6789512,6581446,13370958
2021-12-20,"Johnson&Johnson, Moderna, Oxford/AstraZeneca, Pfizer/BioNTech",6795365,6595509,13390874
2021-12-21,"Johnson&Johnson, Moderna, Oxford/AstraZeneca, Pfizer/BioNTech",6802026,6607502,13409528
2021-12-22,"Johnson&Johnson, Moderna, Oxford/AstraZeneca, Pfizer/BioNTech",6807075,6620559,13427634
2021-12-23,"Johnson&Johnson, Moderna, Oxford/AstraZeneca, Pfizer/BioNTech",6809948,6626160,13436108
2021-12-24,"Johnson&Johnson, Moderna, Oxford/AstraZeneca, Pfizer/BioNTech",6809994,6626261,13436255
2021-12-25,"Moderna, Pfizer/BioNTech",6809995,6626269,13436264
2021-12-26,"Moderna, Pfizer/BioNTech",6810097,6626472,13436569
2021-12-27,"Johnson&Johnson, Moderna, Pfizer/BioNTech",6813964,6636209,13450173
2021-12-28,"Johnson&Johnson, Moderna, Oxford/AstraZeneca, Pfizer/BioNTech",6819205,6644204,13463409
2021-12-29,"Johnson&Johnson, Moderna, Oxford/AstraZeneca, Pfizer/BioNTech",6823486,6651923,13475409
2021-12-30,"Johnson&Johnson, Moderna, Pfizer/BioNTech",6827784,6657355,13485139
2021-12-31,"Johnson&Johnson, Moderna, Pfizer/BioNTech",6828294,6658778,13487072
2022-01-01,"Johnson&Johnson, Moderna, Pfizer/BioNTech",6828299,6658796,13487095
2022-01-02,"Johnson&Johnson, Moderna, Pfizer/BioNTech",6829156,6660173,13489329
2022-01-03,"Johnson&Johnson, Moderna, Oxford/AstraZeneca, Pfizer/BioNTech",6833290,6669075,13502365
2022-01-04,"Johnson&Johnson, Moderna, Oxford/AstraZeneca, Pfizer/BioNTech",6838376,6676827,13515203
2022-01-05,"Johnson&Johnson, Moderna, Oxford/AstraZeneca, Pfizer/BioNTech",6844196,6684796,13528992
2022-01-06,"Johnson&Johnson, Moderna, Oxford/AstraZeneca, Pfizer/BioNTech",6850782,6693197,13543979
2022-01-07,"Johnson&Johnson, Moderna, Oxford/AstraZeneca, Pfizer/BioNTech",6858657,6703552,13562209
2022-01-08,"Johnson&Johnson, Moderna, Oxford/AstraZeneca, Pfizer/BioNTech",6861137,6706335,13567472
2022-01-09,"Johnson&Johnson, Moderna, Pfizer/BioNTech",6862219,6708029,13570248
2022-01-10,"Johnson&Johnson, Moderna, Oxford/AstraZeneca, Pfizer/BioNTech",6866715,6714215,13580930
2022-01-11,"Johnson&Johnson, Moderna, Oxford/AstraZeneca, Pfizer/BioNTech",6872153,6720969,13593122
2022-01-12,"Johnson&Johnson, Moderna, Oxford/AstraZeneca, Pfizer/BioNTech",6878102,6726612,13604714
2022-01-13,"Johnson&Johnson, Moderna, Oxford/AstraZeneca, Pfizer/BioNTech",6883985,6731388,13615373
2022-01-14,"Johnson&Johnson, Moderna, Oxford/AstraZeneca, Pfizer/BioNTech",6890286,6735020,13625306
2022-01-15,"Johnson&Johnson, Moderna, Oxford/AstraZeneca, Pfizer/BioNTech",6891563,6735674,13627237
2022-01-16,"Johnson&Johnson, Moderna, Oxford/AstraZeneca, Pfizer/BioNTech",6892250,6736111,13628361
2022-01-17,"Johnson&Johnson, Moderna, Oxford/AstraZeneca, Pfizer/BioNTech",6895804,6740067,13635871
2022-01-18,"Johnson&Johnson, Moderna, Oxford/AstraZeneca, Pfizer/BioNTech",6899655,6745016,13644671
2022-01-19,"Johnson&Johnson, Moderna, Oxford/AstraZeneca, Pfizer/BioNTech",6903723,6748948,13652671
2022-01-20,"Johnson&Johnson, Moderna, Oxford/AstraZeneca, Pfizer/BioNTech",6907316,6753397,13660713
2022-01-21,"Johnson&Johnson, Moderna, Oxford/AstraZeneca, Pfizer/BioNTech",6911311,6755923,13667234
2022-01-22,"Johnson&Johnson, Moderna, Pfizer/BioNTech",6912090,6756361,13668451
2022-01-23,"Johnson&Johnson, Moderna, Pfizer/BioNTech",6912651,6756995,13669646
2022-01-24,"Johnson&Johnson, Moderna, Oxford/AstraZeneca, Pfizer/BioNTech",6914917,6760429,13675346
2022-01-25,"Johnson&Johnson, Moderna, Oxford/AstraZeneca, Pfizer/BioNTech",6917270,6764423,13681693
2022-01-26,"Johnson&Johnson, Moderna, Oxford/AstraZeneca, Pfizer/BioNTech",6919655,6768987,13688642
2022-01-27,"Johnson&Johnson, Moderna, Oxford/AstraZeneca, Pfizer/BioNTech",6921979,6773799,13695778
2022-01-28,"Johnson&Johnson, Moderna, Oxford/AstraZeneca, Pfizer/BioNTech",6924890,6779959,13704849
2022-01-29,"Johnson&Johnson, Moderna, Oxford/AstraZeneca, Pfizer/BioNTech",6925490,6781610,13707100
2022-01-30,"Johnson&Johnson, Moderna, Pfizer/BioNTech",6925717,6782387,13708104
2022-01-31,"Johnson&Johnson, Moderna, Pfizer/BioNTech",6927256,6786304,13713560
2022-02-01,"Johnson&Johnson, Moderna, Pfizer/BioNTech",6928852,6790336,13719188
2022-02-02,"Johnson&Johnson, Moderna, Pfizer/BioNTech",6930419,6794838,13725257
2022-02-03,"Johnson&Johnson, Moderna, Pfizer/BioNTech",6931792,6799314,13731106
2022-02-04,"Johnson&Johnson, Moderna, Pfizer/BioNTech",6933392,6804428,13737820
2022-02-05,"Johnson&Johnson, Moderna, Pfizer/BioNTech",6933565,6805037,13738602
2022-02-06,"Johnson&Johnson, Moderna, Pfizer/BioNTech",6933659,6805356,13739015
2022-02-07,"Johnson&Johnson, Moderna, Pfizer/BioNTech",6934357,6808565,13742922
2022-02-08,"Johnson&Johnson, Moderna, Pfizer/BioNTech",6935149,6811749,13746898
2022-02-09,"Johnson&Johnson, Moderna, Pfizer/BioNTech",6935973,6815119,13751092
2022-02-10,"Johnson&Johnson, Moderna, Pfizer/BioNTech",6936755,6818243,13754998
2022-02-11,"Johnson&Johnson, Moderna, Pfizer/BioNTech",6937702,6822151,13759853
2022-02-12,"Johnson&Johnson, Moderna, Pfizer/BioNTech",6937812,6822569,13760381
2022-02-13,"Johnson&Johnson, Moderna, Pfizer/BioNTech",6937846,6823006,13760852
2022-02-14,"Johnson&Johnson, Moderna, Pfizer/BioNTech",6938299,6825117,13763416
2022-02-15,"Johnson&Johnson, Moderna, Pfizer/BioNTech",6938848,6827319,13766167
2022-02-16,"Johnson&Johnson, Moderna, Pfizer/BioNTech",6939431,6829415,13768846
2022-02-17,"Johnson&Johnson, Moderna, Pfizer/BioNTech",6940024,6831752,13771776
2022-02-18,"Johnson&Johnson, Moderna, Oxford/AstraZeneca, Pfizer/BioNTech",6940663,6834802,13775465
2022-02-19,"Johnson&Johnson, Moderna, Pfizer/BioNTech",6940742,6835083,13775825
2022-02-20,"Johnson&Johnson, Moderna, Pfizer/BioNTech",6940776,6835232,13776008
2022-02-21,"Johnson&Johnson, Moderna, Pfizer/BioNTech",6941133,6836929,13778062
2022-02-22,"Johnson&Johnson, Moderna, Oxford/AstraZeneca, Pfizer/BioNTech",6941508,6838605,13780113
2022-02-23,"Johnson&Johnson, Moderna, Pfizer/BioNTech",6941955,6840245,13782200
2022-02-24,"Johnson&Johnson, Moderna, Pfizer/BioNTech",6942360,6841874,13784234
2022-02-25,"Johnson&Johnson, Moderna, Pfizer/BioNTech",6942941,6843955,13786896
2022-02-26,"Johnson&Johnson, Moderna, Pfizer/BioNTech",6943001,6844114,13787115
2022-02-27,"Johnson&Johnson, Moderna, Pfizer/BioNTech",6943031,6844190,13787221
2022-02-28,"Johnson&Johnson, Moderna, Pfizer/BioNTech",6943269,6845159,13788428
2022-03-01,"Johnson&Johnson, Moderna, Pfizer/BioNTech",6943511,6845931,13789442
2022-03-02,"Johnson&Johnson, Moderna, Novavax, Pfizer/BioNTech",6943847,6846837,13790684
2022-03-03,"Johnson&Johnson, Moderna, Novavax, Pfizer/BioNTech",6944170,6847778,13791948
2022-03-04,"Johnson&Johnson, Moderna, Novavax, Pfizer/BioNTech",6944787,6848992,13793779
2022-03-05,"Johnson&Johnson, Moderna, Novavax, Pfizer/BioNTech",6944864,6849083,13793947
2022-03-06,"Moderna, Novavax, Pfizer/BioNTech",6944875,6849101,13793976
2022-03-07,"Johnson&Johnson, Moderna, Novavax, Pfizer/BioNTech",6945208,6849657,13794865
2022-03-08,"Johnson&Johnson, Moderna, Novavax, Pfizer/BioNTech",6945545,6850194,13795739
2022-03-09,"Johnson&Johnson, Moderna, Novavax, Pfizer/BioNTech",6945926,6850775,13796701
2022-03-10,"Johnson&Johnson, Moderna, Novavax, Pfizer/BioNTech",6946326,6851442,13797768
2022-03-11,"Johnson&Johnson, Moderna, Novavax, Pfizer/BioNTech",6947058,6852349,13799407
2022-03-12,"Johnson&Johnson, Moderna, Novavax, Pfizer/BioNTech",6947126,6852454,13799580
2022-03-13,"Johnson&Johnson, Moderna, Novavax, Pfizer/BioNTech",6947139,6852472,13799611
2022-03-14,"Johnson&Johnson, Moderna, Novavax, Pfizer/BioNTech",6947400,6852844,13800244
2022-03-15,"Johnson&Johnson, Moderna, Novavax, Pfizer/BioNTech",6947673,6853279,13800952
2022-03-16,"Johnson&Johnson, Moderna, Novavax, Pfizer/BioNTech",6947981,6853803,13801784
2022-03-17,"Johnson&Johnson, Moderna, Novavax, Oxford/AstraZeneca, Pfizer/BioNTech",6948261,6854222,13802483
2022-03-18,"Johnson&Johnson, Moderna, Novavax, Pfizer/BioNTech",6948935,6854997,13803932
2022-03-19,"Moderna, Novavax, Pfizer/BioNTech",6948992,6855042,13804034
2022-03-20,"Moderna, Novavax, Pfizer/BioNTech",6949009,6855053,13804062
2022-03-21,"Johnson&Johnson, Moderna, Novavax, Pfizer/BioNTech",6949189,6855342,13804531
