date,vaccine,people_vaccinated,people_fully_vaccinated,total_vaccinations
2020-12-27,Pfizer/BioNTech,1278,0,1278
2020-12-28,Pfizer/BioNTech,3582,0,3582
2020-12-29,Pfizer/BioNTech,7044,0,7044
2020-12-30,Pfizer/BioNTech,10552,0,10552
2020-12-31,Pfizer/BioNTech,11855,0,11855
2021-01-01,"Moderna, Pfizer/BioNTech",12122,0,12122
2021-01-02,Pfizer/BioNTech,13399,0,13399
2021-01-03,Pfizer/BioNTech,14320,0,14320
2021-01-04,"Moderna, Pfizer/BioNTech",17921,0,17921
2021-01-05,"Moderna, Pfizer/BioNTech",22426,0,22426
2021-01-06,Pfizer/BioNTech,28260,0,28260
2021-01-07,"Moderna, Pfizer/BioNTech",36234,0,36234
2021-01-08,Pfizer/BioNTech,46268,0,46268
2021-01-09,"Moderna, Pfizer/BioNTech",48291,1,48292
2021-01-10,Pfizer/BioNTech,50052,3,50055
2021-01-11,Pfizer/BioNTech,59894,5,59899
2021-01-12,"Moderna, Pfizer/BioNTech",73286,7,73293
2021-01-13,Pfizer/BioNTech,86802,7,86809
2021-01-14,"Moderna, Pfizer/BioNTech",102009,9,102018
2021-01-15,"Moderna, Pfizer/BioNTech",115998,9,116007
2021-01-16,"Moderna, Pfizer/BioNTech",119382,12,119394
2021-01-17,"Moderna, Pfizer/BioNTech",121988,650,122638
2021-01-18,"Moderna, Pfizer/BioNTech",134463,2472,136935
2021-01-19,"Moderna, Pfizer/BioNTech",147033,5193,152226
2021-01-20,"Moderna, Pfizer/BioNTech",160683,7843,168526
2021-01-21,"Moderna, Pfizer/BioNTech",176309,9577,185886
2021-01-22,"Moderna, Pfizer/BioNTech",191155,10619,201774
2021-01-23,"Moderna, Pfizer/BioNTech",194463,11497,205960
2021-01-24,"Moderna, Pfizer/BioNTech",196714,12367,209081
2021-01-25,"Moderna, Pfizer/BioNTech",206345,15336,221681
2021-01-26,"Moderna, Pfizer/BioNTech",216877,19313,236190
2021-01-27,"Moderna, Pfizer/BioNTech",225901,23837,249738
2021-01-28,"Moderna, Pfizer/BioNTech",232981,29957,262938
2021-01-29,"Moderna, Pfizer/BioNTech",239177,37852,277029
2021-01-30,"Moderna, Pfizer/BioNTech",239908,38940,278848
2021-01-31,"Moderna, Pfizer/BioNTech",240619,40120,280739
2021-02-01,"Moderna, Pfizer/BioNTech",244585,48059,292644
2021-02-02,"Moderna, Pfizer/BioNTech",248712,58283,306995
2021-02-03,"Moderna, Pfizer/BioNTech",253122,69274,322396
2021-02-04,"Moderna, Pfizer/BioNTech",258013,82230,340243
2021-02-05,"Moderna, Pfizer/BioNTech",263461,92883,356344
2021-02-06,"Moderna, Oxford/AstraZeneca, Pfizer/BioNTech",264304,95233,359537
2021-02-07,"Moderna, Pfizer/BioNTech",265151,97719,362870
2021-02-08,"Moderna, Oxford/AstraZeneca, Pfizer/BioNTech",269216,109104,378320
2021-02-09,"Moderna, Oxford/AstraZeneca, Pfizer/BioNTech",274300,121028,395328
2021-02-10,"Moderna, Pfizer/BioNTech",279791,134248,414039
2021-02-11,"Moderna, Oxford/AstraZeneca, Pfizer/BioNTech",286096,150438,436534
2021-02-12,"Moderna, Oxford/AstraZeneca, Pfizer/BioNTech",292841,165133,457974
2021-02-13,"Moderna, Oxford/AstraZeneca, Pfizer/BioNTech",294436,168112,462548
2021-02-14,"Moderna, Oxford/AstraZeneca, Pfizer/BioNTech",295432,169490,464922
2021-02-15,"Moderna, Oxford/AstraZeneca, Pfizer/BioNTech",301824,178828,480652
2021-02-16,"Moderna, Oxford/AstraZeneca, Pfizer/BioNTech",310534,187881,498415
2021-02-17,"Moderna, Oxford/AstraZeneca, Pfizer/BioNTech",320220,196172,516392
2021-02-18,"Moderna, Oxford/AstraZeneca, Pfizer/BioNTech",332525,204219,536744
2021-02-19,"Moderna, Oxford/AstraZeneca, Pfizer/BioNTech",344371,211542,555913
2021-02-20,"Moderna, Oxford/AstraZeneca, Pfizer/BioNTech",346353,212718,559071
2021-02-21,"Moderna, Oxford/AstraZeneca, Pfizer/BioNTech",347466,213734,561200
2021-02-22,"Moderna, Oxford/AstraZeneca, Pfizer/BioNTech",357585,219743,577328
2021-02-23,"Moderna, Oxford/AstraZeneca, Pfizer/BioNTech",370516,226704,597220
2021-02-24,"Moderna, Oxford/AstraZeneca, Pfizer/BioNTech",384379,232727,617106
2021-02-25,"Moderna, Oxford/AstraZeneca, Pfizer/BioNTech",402335,238262,640597
2021-02-26,"Moderna, Oxford/AstraZeneca, Pfizer/BioNTech",418489,243590,662079
2021-02-27,"Moderna, Oxford/AstraZeneca, Pfizer/BioNTech",421491,244140,665631
2021-02-28,"Moderna, Oxford/AstraZeneca, Pfizer/BioNTech",423830,244685,668515
2021-03-01,"Moderna, Oxford/AstraZeneca, Pfizer/BioNTech",443384,248112,691496
2021-03-02,"Moderna, Oxford/AstraZeneca, Pfizer/BioNTech",470590,251648,722238
2021-03-03,"Moderna, Oxford/AstraZeneca, Pfizer/BioNTech",501425,256137,757562
2021-03-04,"Moderna, Oxford/AstraZeneca, Pfizer/BioNTech",534641,260799,795440
2021-03-05,"Johnson&Johnson, Moderna, Oxford/AstraZeneca, Pfizer/BioNTech",563436,266196,829632
2021-03-06,"Johnson&Johnson, Moderna, Oxford/AstraZeneca, Pfizer/BioNTech",575565,267044,842609
2021-03-07,"Johnson&Johnson, Moderna, Oxford/AstraZeneca, Pfizer/BioNTech",587085,267878,854963
2021-03-08,"Johnson&Johnson, Moderna, Oxford/AstraZeneca, Pfizer/BioNTech",616775,272711,889486
2021-03-09,"Johnson&Johnson, Moderna, Oxford/AstraZeneca, Pfizer/BioNTech",653046,279074,932120
2021-03-10,"Moderna, Oxford/AstraZeneca, Pfizer/BioNTech",694311,286012,980323
2021-03-11,"Johnson&Johnson, Moderna, Oxford/AstraZeneca, Pfizer/BioNTech",739100,294362,1033462
2021-03-12,"Johnson&Johnson, Moderna, Oxford/AstraZeneca, Pfizer/BioNTech",777869,302810,1080679
2021-03-13,"Moderna, Oxford/AstraZeneca, Pfizer/BioNTech",794919,304103,1099022
2021-03-14,"Moderna, Oxford/AstraZeneca, Pfizer/BioNTech",807013,305239,1112252
2021-03-15,"Moderna, Oxford/AstraZeneca, Pfizer/BioNTech",835369,314007,1149376
2021-03-16,"Johnson&Johnson, Moderna, Oxford/AstraZeneca, Pfizer/BioNTech",874229,324526,1198755
2021-03-17,"Moderna, Oxford/AstraZeneca, Pfizer/BioNTech",911677,335014,1246691
2021-03-18,"Johnson&Johnson, Moderna, Oxford/AstraZeneca, Pfizer/BioNTech",949615,347410,1297025
2021-03-19,"Moderna, Oxford/AstraZeneca, Pfizer/BioNTech",984055,361002,1345057
2021-03-20,"Johnson&Johnson, Moderna, Oxford/AstraZeneca, Pfizer/BioNTech",999172,363012,1362184
2021-03-21,"Johnson&Johnson, Moderna, Oxford/AstraZeneca, Pfizer/BioNTech",1006563,364553,1371116
2021-03-22,"Johnson&Johnson, Moderna, Oxford/AstraZeneca, Pfizer/BioNTech",1031077,377044,1408121
2021-03-23,"Johnson&Johnson, Moderna, Oxford/AstraZeneca, Pfizer/BioNTech",1057674,390376,1448050
2021-03-24,"Johnson&Johnson, Moderna, Oxford/AstraZeneca, Pfizer/BioNTech",1084500,406080,1490580
2021-03-25,"Moderna, Oxford/AstraZeneca, Pfizer/BioNTech",1110791,423909,1534700
2021-03-26,"Moderna, Oxford/AstraZeneca, Pfizer/BioNTech",1135565,441390,1576955
2021-03-27,"Johnson&Johnson, Moderna, Oxford/AstraZeneca, Pfizer/BioNTech",1143981,446222,1590203
2021-03-28,"Moderna, Oxford/AstraZeneca, Pfizer/BioNTech",1149509,450355,1599864
2021-03-29,"Johnson&Johnson, Moderna, Oxford/AstraZeneca, Pfizer/BioNTech",1168603,471050,1639653
2021-03-30,"Johnson&Johnson, Moderna, Oxford/AstraZeneca, Pfizer/BioNTech",1193279,493209,1686488
2021-03-31,"Johnson&Johnson, Moderna, Oxford/AstraZeneca, Pfizer/BioNTech",1216346,520244,1736590
2021-04-01,"Johnson&Johnson, Moderna, Oxford/AstraZeneca, Pfizer/BioNTech",1241919,552271,1794190
2021-04-02,"Johnson&Johnson, Moderna, Oxford/AstraZeneca, Pfizer/BioNTech",1248810,565050,1813860
2021-04-03,"Johnson&Johnson, Moderna, Oxford/AstraZeneca, Pfizer/BioNTech",1252408,575954,1828362
2021-04-04,"Johnson&Johnson, Moderna, Oxford/AstraZeneca, Pfizer/BioNTech",1254897,584851,1839748
2021-04-05,"Johnson&Johnson, Moderna, Oxford/AstraZeneca, Pfizer/BioNTech",1257270,592021,1849291
2021-04-06,"Johnson&Johnson, Moderna, Oxford/AstraZeneca, Pfizer/BioNTech",1273360,621237,1894597
2021-04-07,"Johnson&Johnson, Moderna, Oxford/AstraZeneca, Pfizer/BioNTech",1296727,643432,1940159
2021-04-08,"Johnson&Johnson, Moderna, Oxford/AstraZeneca, Pfizer/BioNTech",1335367,674421,2009788
2021-04-09,"Johnson&Johnson, Moderna, Oxford/AstraZeneca, Pfizer/BioNTech",1374846,704582,2079428
2021-04-10,"Johnson&Johnson, Moderna, Oxford/AstraZeneca, Pfizer/BioNTech",1390291,719855,2110146
2021-04-11,"Johnson&Johnson, Moderna, Oxford/AstraZeneca, Pfizer/BioNTech",1400042,729871,2129913
2021-04-12,"Johnson&Johnson, Moderna, Oxford/AstraZeneca, Pfizer/BioNTech",1438260,754968,2193228
2021-04-13,"Moderna, Oxford/AstraZeneca, Pfizer/BioNTech",1474464,780982,2255446
2021-04-14,"Moderna, Oxford/AstraZeneca, Pfizer/BioNTech",1513230,808310,2321540
2021-04-15,"Moderna, Oxford/AstraZeneca, Pfizer/BioNTech",1560979,833999,2394978
2021-04-16,"Moderna, Oxford/AstraZeneca, Pfizer/BioNTech",1605590,859609,2465199
2021-04-17,"Moderna, Oxford/AstraZeneca, Pfizer/BioNTech",1622249,868620,2490869
2021-04-18,"Moderna, Oxford/AstraZeneca, Pfizer/BioNTech",1635212,873595,2508807
2021-04-19,"Moderna, Oxford/AstraZeneca, Pfizer/BioNTech",1679182,889034,2568216
2021-04-20,"Johnson&Johnson, Moderna, Oxford/AstraZeneca, Pfizer/BioNTech",1721697,904879,2626576
2021-04-21,"Moderna, Oxford/AstraZeneca, Pfizer/BioNTech",1769391,919199,2688590
2021-04-22,"Johnson&Johnson, Moderna, Oxford/AstraZeneca, Pfizer/BioNTech",1823848,936555,2760403
2021-04-23,"Johnson&Johnson, Moderna, Oxford/AstraZeneca, Pfizer/BioNTech",1873767,948585,2822352
2021-04-24,"Johnson&Johnson, Moderna, Oxford/AstraZeneca, Pfizer/BioNTech",1891576,953815,2845391
2021-04-25,"Johnson&Johnson, Moderna, Oxford/AstraZeneca, Pfizer/BioNTech",1906246,957797,2864043
2021-04-26,"Johnson&Johnson, Moderna, Oxford/AstraZeneca, Pfizer/BioNTech",1955812,965337,2921149
2021-04-27,"Johnson&Johnson, Moderna, Oxford/AstraZeneca, Pfizer/BioNTech",2004767,977532,2982299
2021-04-28,"Johnson&Johnson, Moderna, Oxford/AstraZeneca, Pfizer/BioNTech",2063495,991494,3054989
2021-04-29,"Johnson&Johnson, Moderna, Oxford/AstraZeneca, Pfizer/BioNTech",2129033,1007340,3136373
2021-04-30,"Johnson&Johnson, Moderna, Oxford/AstraZeneca, Pfizer/BioNTech",2191221,1017267,3208488
2021-05-01,"Johnson&Johnson, Moderna, Oxford/AstraZeneca, Pfizer/BioNTech",2210513,1020684,3231197
2021-05-02,"Johnson&Johnson, Moderna, Oxford/AstraZeneca, Pfizer/BioNTech",2229406,1022934,3252340
2021-05-03,"Johnson&Johnson, Moderna, Oxford/AstraZeneca, Pfizer/BioNTech",2296625,1027979,3324604
2021-05-04,"Johnson&Johnson, Moderna, Oxford/AstraZeneca, Pfizer/BioNTech",2363097,1036278,3399375
2021-05-05,"Johnson&Johnson, Moderna, Oxford/AstraZeneca, Pfizer/BioNTech",2436224,1045640,3481864
2021-05-06,"Johnson&Johnson, Moderna, Oxford/AstraZeneca, Pfizer/BioNTech",2516587,1056312,3572899
2021-05-07,"Johnson&Johnson, Moderna, Oxford/AstraZeneca, Pfizer/BioNTech",2593852,1066369,3660221
2021-05-08,"Johnson&Johnson, Moderna, Oxford/AstraZeneca, Pfizer/BioNTech",2623252,1068106,3691358
2021-05-09,"Johnson&Johnson, Moderna, Oxford/AstraZeneca, Pfizer/BioNTech",2647420,1069293,3716713
2021-05-10,"Johnson&Johnson, Moderna, Oxford/AstraZeneca, Pfizer/BioNTech",2720153,1076484,3796637
2021-05-11,"Johnson&Johnson, Moderna, Oxford/AstraZeneca, Pfizer/BioNTech",2796219,1085250,3881469
2021-05-12,"Johnson&Johnson, Moderna, Oxford/AstraZeneca, Pfizer/BioNTech",2876040,1094290,3970330
2021-05-13,"Johnson&Johnson, Moderna, Oxford/AstraZeneca, Pfizer/BioNTech",2960030,1103418,4063448
2021-05-14,"Johnson&Johnson, Moderna, Oxford/AstraZeneca, Pfizer/BioNTech",3039429,1111144,4150573
2021-05-15,"Johnson&Johnson, Moderna, Oxford/AstraZeneca, Pfizer/BioNTech",3071267,1113331,4184598
2021-05-16,"Johnson&Johnson, Moderna, Oxford/AstraZeneca, Pfizer/BioNTech",3097011,1114570,4211581
2021-05-17,"Johnson&Johnson, Moderna, Oxford/AstraZeneca, Pfizer/BioNTech",3169490,1121251,4290741
2021-05-18,"Johnson&Johnson, Moderna, Oxford/AstraZeneca, Pfizer/BioNTech",3241395,1134237,4375632
2021-05-19,"Johnson&Johnson, Moderna, Oxford/AstraZeneca, Pfizer/BioNTech",3318834,1149328,4468162
2021-05-20,"Johnson&Johnson, Moderna, Oxford/AstraZeneca, Pfizer/BioNTech",3394234,1176290,4570524
2021-05-21,"Johnson&Johnson, Moderna, Oxford/AstraZeneca, Pfizer/BioNTech",3462973,1203972,4666945
2021-05-22,"Johnson&Johnson, Moderna, Oxford/AstraZeneca, Pfizer/BioNTech",3495307,1215107,4710414
2021-05-23,"Johnson&Johnson, Moderna, Oxford/AstraZeneca, Pfizer/BioNTech",3517611,1224112,4741723
2021-05-24,"Johnson&Johnson, Moderna, Oxford/AstraZeneca, Pfizer/BioNTech",3564687,1257712,4822399
2021-05-25,"Johnson&Johnson, Moderna, Oxford/AstraZeneca, Pfizer/BioNTech",3616520,1293455,4909975
2021-05-26,"Johnson&Johnson, Moderna, Oxford/AstraZeneca, Pfizer/BioNTech",3684247,1330927,5015174
2021-05-27,"Johnson&Johnson, Moderna, Oxford/AstraZeneca, Pfizer/BioNTech",3745595,1378189,5123784
2021-05-28,"Johnson&Johnson, Moderna, Oxford/AstraZeneca, Pfizer/BioNTech",3807257,1424681,5231938
2021-05-29,"Johnson&Johnson, Moderna, Oxford/AstraZeneca, Pfizer/BioNTech",3836405,1441749,5278154
2021-05-30,"Johnson&Johnson, Moderna, Oxford/AstraZeneca, Pfizer/BioNTech",3858743,1456155,5314898
2021-05-31,"Johnson&Johnson, Moderna, Oxford/AstraZeneca, Pfizer/BioNTech",3914457,1503658,5418115
2021-06-01,"Johnson&Johnson, Moderna, Oxford/AstraZeneca, Pfizer/BioNTech",3973473,1552420,5525893
2021-06-02,"Johnson&Johnson, Moderna, Oxford/AstraZeneca, Pfizer/BioNTech",4036342,1606314,5642656
2021-06-03,"Johnson&Johnson, Moderna, Oxford/AstraZeneca, Pfizer/BioNTech",4094557,1666456,5761013
2021-06-04,"Johnson&Johnson, Moderna, Oxford/AstraZeneca, Pfizer/BioNTech",4157630,1723763,5881393
2021-06-05,"Johnson&Johnson, Moderna, Oxford/AstraZeneca, Pfizer/BioNTech",4191757,1742534,5934291
2021-06-06,"Johnson&Johnson, Moderna, Oxford/AstraZeneca, Pfizer/BioNTech",4218654,1757626,5976280
2021-06-07,"Johnson&Johnson, Moderna, Oxford/AstraZeneca, Pfizer/BioNTech",4282318,1813193,6095511
2021-06-08,"Johnson&Johnson, Moderna, Oxford/AstraZeneca, Pfizer/BioNTech",4346279,1868094,6214373
2021-06-09,"Johnson&Johnson, Moderna, Oxford/AstraZeneca, Pfizer/BioNTech",4405458,1932438,6337896
2021-06-10,"Johnson&Johnson, Moderna, Oxford/AstraZeneca, Pfizer/BioNTech",4459330,2003443,6462773
2021-06-11,"Johnson&Johnson, Moderna, Oxford/AstraZeneca, Pfizer/BioNTech",4511406,2073066,6584472
2021-06-12,"Johnson&Johnson, Moderna, Oxford/AstraZeneca, Pfizer/BioNTech",4543384,2093791,6637175
2021-06-13,"Johnson&Johnson, Moderna, Oxford/AstraZeneca, Pfizer/BioNTech",4567384,2112144,6679528
2021-06-14,"Johnson&Johnson, Moderna, Oxford/AstraZeneca, Pfizer/BioNTech",4610447,2186432,6796879
2021-06-15,"Johnson&Johnson, Moderna, Oxford/AstraZeneca, Pfizer/BioNTech",4655077,2258673,6913750
2021-06-16,"Johnson&Johnson, Moderna, Oxford/AstraZeneca, Pfizer/BioNTech",4697801,2336793,7034594
2021-06-17,"Johnson&Johnson, Moderna, Oxford/AstraZeneca, Pfizer/BioNTech",4737164,2419753,7156917
2021-06-18,"Johnson&Johnson, Moderna, Oxford/AstraZeneca, Pfizer/BioNTech",4779543,2500144,7279687
2021-06-19,"Johnson&Johnson, Moderna, Oxford/AstraZeneca, Pfizer/BioNTech",4801273,2529356,7330629
2021-06-20,"Johnson&Johnson, Moderna, Oxford/AstraZeneca, Pfizer/BioNTech",4818627,2553113,7371740
2021-06-21,"Johnson&Johnson, Moderna, Oxford/AstraZeneca, Pfizer/BioNTech",4851126,2631581,7482707
2021-06-22,"Johnson&Johnson, Moderna, Oxford/AstraZeneca, Pfizer/BioNTech",4884082,2713734,7597816
2021-06-23,"Johnson&Johnson, Moderna, Oxford/AstraZeneca, Pfizer/BioNTech",4915723,2798851,7714574
2021-06-24,"Johnson&Johnson, Moderna, Oxford/AstraZeneca, Pfizer/BioNTech",4945548,2888780,7834328
2021-06-25,"Johnson&Johnson, Moderna, Oxford/AstraZeneca, Pfizer/BioNTech",4976580,2974795,7951375
2021-06-26,"Johnson&Johnson, Moderna, Oxford/AstraZeneca, Pfizer/BioNTech",4992431,3009527,8001958
2021-06-27,"Johnson&Johnson, Moderna, Oxford/AstraZeneca, Pfizer/BioNTech",5006368,3036114,8042482
2021-06-28,"Johnson&Johnson, Moderna, Oxford/AstraZeneca, Pfizer/BioNTech",5034782,3121195,8155977
2021-06-29,"Johnson&Johnson, Moderna, Oxford/AstraZeneca, Pfizer/BioNTech",5064034,3207570,8271604
2021-06-30,"Johnson&Johnson, Moderna, Oxford/AstraZeneca, Pfizer/BioNTech",5091532,3298413,8389945
2021-07-01,"Johnson&Johnson, Moderna, Oxford/AstraZeneca, Pfizer/BioNTech",5115472,3388322,8503794
2021-07-02,"Johnson&Johnson, Moderna, Oxford/AstraZeneca, Pfizer/BioNTech",5142189,3474026,8616215
2021-07-03,"Johnson&Johnson, Moderna, Oxford/AstraZeneca, Pfizer/BioNTech",5149257,3505473,8654730
2021-07-04,"Johnson&Johnson, Moderna, Oxford/AstraZeneca, Pfizer/BioNTech",5156797,3527232,8684029
2021-07-05,"Johnson&Johnson, Moderna, Oxford/AstraZeneca, Pfizer/BioNTech",5164141,3552543,8716684
2021-07-06,"Johnson&Johnson, Moderna, Oxford/AstraZeneca, Pfizer/BioNTech",5169532,3580110,8749642
2021-07-07,"Johnson&Johnson, Moderna, Oxford/AstraZeneca, Pfizer/BioNTech",5195308,3658972,8854280
2021-07-08,"Johnson&Johnson, Moderna, Oxford/AstraZeneca, Pfizer/BioNTech",5221885,3729186,8951071
2021-07-09,"Johnson&Johnson, Moderna, Oxford/AstraZeneca, Pfizer/BioNTech",5249783,3798348,9048131
2021-07-10,"Johnson&Johnson, Moderna, Oxford/AstraZeneca, Pfizer/BioNTech",5259114,3826907,9086021
2021-07-11,"Johnson&Johnson, Moderna, Oxford/AstraZeneca, Pfizer/BioNTech",5267629,3849752,9117381
2021-07-12,"Johnson&Johnson, Moderna, Oxford/AstraZeneca, Pfizer/BioNTech",5295158,3918764,9213922
2021-07-13,"Johnson&Johnson, Moderna, Oxford/AstraZeneca, Pfizer/BioNTech",5321345,3988543,9309888
2021-07-14,"Johnson&Johnson, Moderna, Oxford/AstraZeneca, Pfizer/BioNTech",5347179,4060432,9407611
2021-07-15,"Johnson&Johnson, Moderna, Oxford/AstraZeneca, Pfizer/BioNTech",5376364,4126345,9502709
2021-07-16,"Johnson&Johnson, Moderna, Oxford/AstraZeneca, Pfizer/BioNTech",5404291,4198949,9603240
2021-07-17,"Johnson&Johnson, Moderna, Oxford/AstraZeneca, Pfizer/BioNTech",5413040,4230328,9643368
2021-07-18,"Johnson&Johnson, Moderna, Oxford/AstraZeneca, Pfizer/BioNTech",5421472,4256285,9677757
2021-07-19,"Johnson&Johnson, Moderna, Oxford/AstraZeneca, Pfizer/BioNTech",5444805,4323220,9768025
2021-07-20,"Johnson&Johnson, Moderna, Oxford/AstraZeneca, Pfizer/BioNTech",5466183,4390168,9856351
2021-07-21,"Johnson&Johnson, Moderna, Oxford/AstraZeneca, Pfizer/BioNTech",5489620,4453515,9943135
2021-07-22,"Johnson&Johnson, Moderna, Oxford/AstraZeneca, Pfizer/BioNTech",5511957,4512039,10023996
2021-07-23,"Johnson&Johnson, Moderna, Oxford/AstraZeneca, Pfizer/BioNTech",5535120,4566662,10101782
2021-07-24,"Johnson&Johnson, Moderna, Oxford/AstraZeneca, Pfizer/BioNTech",5542417,4594264,10136681
2021-07-25,"Johnson&Johnson, Moderna, Oxford/AstraZeneca, Pfizer/BioNTech",5549013,4616337,10165350
2021-07-26,"Johnson&Johnson, Moderna, Oxford/AstraZeneca, Pfizer/BioNTech",5572508,4664892,10237400
2021-07-27,"Johnson&Johnson, Moderna, Oxford/AstraZeneca, Pfizer/BioNTech",5595212,4711419,10306631
2021-07-28,"Johnson&Johnson, Moderna, Oxford/AstraZeneca, Pfizer/BioNTech",5616427,4757291,10373718
2021-07-29,"Johnson&Johnson, Moderna, Oxford/AstraZeneca, Pfizer/BioNTech",5637709,4799136,10436845
2021-07-30,"Johnson&Johnson, Moderna, Oxford/AstraZeneca, Pfizer/BioNTech",5660964,4841586,10502550
2021-07-31,"Johnson&Johnson, Moderna, Oxford/AstraZeneca, Pfizer/BioNTech",5669877,4861072,10530949
2021-08-01,"Johnson&Johnson, Moderna, Oxford/AstraZeneca, Pfizer/BioNTech",5676583,4877195,10553778
2021-08-02,"Johnson&Johnson, Moderna, Oxford/AstraZeneca, Pfizer/BioNTech",5695178,4914662,10609840
2021-08-03,"Johnson&Johnson, Moderna, Oxford/AstraZeneca, Pfizer/BioNTech",5712786,4952682,10665468
2021-08-04,"Johnson&Johnson, Moderna, Oxford/AstraZeneca, Pfizer/BioNTech",5728849,4989325,10718174
2021-08-05,"Johnson&Johnson, Moderna, Oxford/AstraZeneca, Pfizer/BioNTech",5744844,5029697,10774541
2021-08-06,"Johnson&Johnson, Moderna, Oxford/AstraZeneca, Pfizer/BioNTech",5761600,5072876,10834476
2021-08-07,"Johnson&Johnson, Moderna, Oxford/AstraZeneca, Pfizer/BioNTech",5767171,5090992,10858163
2021-08-08,"Johnson&Johnson, Moderna, Oxford/AstraZeneca, Pfizer/BioNTech",5771517,5106710,10878227
2021-08-09,"Johnson&Johnson, Moderna, Oxford/AstraZeneca, Pfizer/BioNTech",5784140,5151689,10935829
2021-08-10,"Johnson&Johnson, Moderna, Oxford/AstraZeneca, Pfizer/BioNTech",5795945,5191179,10987124
2021-08-11,"Johnson&Johnson, Moderna, Oxford/AstraZeneca, Pfizer/BioNTech",5807283,5234248,11041531
2021-08-12,"Johnson&Johnson, Moderna, Oxford/AstraZeneca, Pfizer/BioNTech",5818674,5271247,11089921
2021-08-13,"Johnson&Johnson, Moderna, Oxford/AstraZeneca, Pfizer/BioNTech",5829345,5311484,11140829
2021-08-14,"Johnson&Johnson, Moderna, Oxford/AstraZeneca, Pfizer/BioNTech",5832676,5322150,11154826
2021-08-15,"Johnson&Johnson, Moderna, Oxford/AstraZeneca, Pfizer/BioNTech",5835250,5332499,11167749
2021-08-16,"Johnson&Johnson, Moderna, Oxford/AstraZeneca, Pfizer/BioNTech",5845013,5366490,11211503
2021-08-17,"Johnson&Johnson, Moderna, Oxford/AstraZeneca, Pfizer/BioNTech",5854579,5393525,11248104
2021-08-18,"Johnson&Johnson, Moderna, Oxford/AstraZeneca, Pfizer/BioNTech",5863932,5432325,11296257
2021-08-19,"Johnson&Johnson, Moderna, Oxford/AstraZeneca, Pfizer/BioNTech",5873582,5470615,11344197
2021-08-20,"Johnson&Johnson, Moderna, Oxford/AstraZeneca, Pfizer/BioNTech",5884909,5510733,11395642
2021-08-21,"Johnson&Johnson, Moderna, Oxford/AstraZeneca, Pfizer/BioNTech",5887611,5523460,11411071
2021-08-22,"Johnson&Johnson, Moderna, Oxford/AstraZeneca, Pfizer/BioNTech",5889942,5535404,11425346
2021-08-23,"Johnson&Johnson, Moderna, Oxford/AstraZeneca, Pfizer/BioNTech",5900448,5574585,11475033
2021-08-24,"Johnson&Johnson, Moderna, Oxford/AstraZeneca, Pfizer/BioNTech",5910296,5607769,11518065
2021-08-25,"Johnson&Johnson, Moderna, Oxford/AstraZeneca, Pfizer/BioNTech",5919128,5636070,11555198
2021-08-26,"Johnson&Johnson, Moderna, Oxford/AstraZeneca, Pfizer/BioNTech",5927543,5662123,11589666
2021-08-27,"Johnson&Johnson, Moderna, Oxford/AstraZeneca, Pfizer/BioNTech",5937841,5688011,11625852
2021-08-28,"Johnson&Johnson, Moderna, Oxford/AstraZeneca, Pfizer/BioNTech",5940552,5695019,11635571
2021-08-29,"Johnson&Johnson, Moderna, Oxford/AstraZeneca, Pfizer/BioNTech",5942952,5701626,11644578
2021-08-30,"Johnson&Johnson, Moderna, Oxford/AstraZeneca, Pfizer/BioNTech",5951450,5723434,11674884
2021-08-31,"Johnson&Johnson, Moderna, Oxford/AstraZeneca, Pfizer/BioNTech",5959092,5741462,11700554
2021-09-01,"Johnson&Johnson, Moderna, Oxford/AstraZeneca, Pfizer/BioNTech",5964951,5755404,11720355
2021-09-02,"Johnson&Johnson, Moderna, Oxford/AstraZeneca, Pfizer/BioNTech",5971729,5769733,11741462
2021-09-03,"Johnson&Johnson, Moderna, Oxford/AstraZeneca, Pfizer/BioNTech",5981188,5785361,11766549
2021-09-04,"Johnson&Johnson, Moderna, Oxford/AstraZeneca, Pfizer/BioNTech",5983237,5788890,11772127
2021-09-05,"Johnson&Johnson, Moderna, Oxford/AstraZeneca, Pfizer/BioNTech",5985261,5791715,11776976
2021-09-06,"Johnson&Johnson, Moderna, Oxford/AstraZeneca, Pfizer/BioNTech",5991408,5804184,11795592
2021-09-07,"Johnson&Johnson, Moderna, Oxford/AstraZeneca, Pfizer/BioNTech",5995751,5815238,11810989
2021-09-08,"Johnson&Johnson, Moderna, Oxford/AstraZeneca, Pfizer/BioNTech",6001354,5825043,11826397
2021-09-09,"Johnson&Johnson, Moderna, Oxford/AstraZeneca, Pfizer/BioNTech",6007981,5835074,11843055
2021-09-10,"Johnson&Johnson, Moderna, Oxford/AstraZeneca, Pfizer/BioNTech",6015587,5847214,11862801
2021-09-11,"Johnson&Johnson, Moderna, Pfizer/BioNTech",6017438,5849674,11867112
2021-09-12,"Johnson&Johnson, Moderna, Oxford/AstraZeneca, Pfizer/BioNTech",6018542,5851291,11869833
2021-09-13,"Johnson&Johnson, Moderna, Oxford/AstraZeneca, Pfizer/BioNTech",6023929,5861528,11885457
2021-09-14,"Johnson&Johnson, Moderna, Oxford/AstraZeneca, Pfizer/BioNTech",6029260,5870506,11899766
2021-09-15,"Johnson&Johnson, Moderna, Oxford/AstraZeneca, Pfizer/BioNTech",6034405,5878999,11913404
2021-09-16,"Johnson&Johnson, Moderna, Oxford/AstraZeneca, Pfizer/BioNTech",6039614,5887240,11926854
2021-09-17,"Johnson&Johnson, Moderna, Oxford/AstraZeneca, Pfizer/BioNTech",6046108,5897417,11943525
2021-09-18,"Johnson&Johnson, Moderna, Pfizer/BioNTech",6047823,5899747,11947570
2021-09-19,"Johnson&Johnson, Moderna, Oxford/AstraZeneca, Pfizer/BioNTech",6048757,5901306,11950063
2021-09-20,"Johnson&Johnson, Moderna, Oxford/AstraZeneca, Pfizer/BioNTech",6052680,5909454,11962134
2021-09-21,"Johnson&Johnson, Moderna, Oxford/AstraZeneca, Pfizer/BioNTech",6056720,5916951,11973671
2021-09-22,"Johnson&Johnson, Moderna, Oxford/AstraZeneca, Pfizer/BioNTech",6060761,5922407,11983168
2021-09-23,"Johnson&Johnson, Moderna, Oxford/AstraZeneca, Pfizer/BioNTech",6065662,5928776,11994438
2021-09-24,"Johnson&Johnson, Moderna, Oxford/AstraZeneca, Pfizer/BioNTech",6071254,5938259,12009513
2021-09-25,"Johnson&Johnson, Moderna, Pfizer/BioNTech",6072711,5940214,12012925
2021-09-26,"Johnson&Johnson, Moderna, Pfizer/BioNTech",6073444,5941831,12015275
2021-09-27,"Johnson&Johnson, Moderna, Oxford/AstraZeneca, Pfizer/BioNTech",6077216,5948273,12025489
2021-09-28,"Johnson&Johnson, Moderna, Pfizer/BioNTech",6077541,5948864,12026405
2021-09-29,"Johnson&Johnson, Moderna, Oxford/AstraZeneca, Pfizer/BioNTech",6081224,5956223,12037447
2021-09-30,"Johnson&Johnson, Moderna, Oxford/AstraZeneca, Pfizer/BioNTech",6085562,5963848,12049410
2021-10-01,"Johnson&Johnson, Moderna, Oxford/AstraZeneca, Pfizer/BioNTech",6089585,5971663,12061248
2021-10-02,"Johnson&Johnson, Moderna, Pfizer/BioNTech",6090621,5973188,12063809
2021-10-03,"Johnson&Johnson, Moderna, Pfizer/BioNTech",6091320,5974048,12065368
2021-10-04,"Johnson&Johnson, Moderna, Oxford/AstraZeneca, Pfizer/BioNTech",6094246,5979531,12073777
2021-10-05,"Johnson&Johnson, Moderna, Oxford/AstraZeneca, Pfizer/BioNTech",6097118,5984411,12081529
2021-10-06,"Johnson&Johnson, Moderna, Oxford/AstraZeneca, Pfizer/BioNTech",6100475,5989445,12089920
2021-10-07,"Johnson&Johnson, Moderna, Oxford/AstraZeneca, Pfizer/BioNTech",6103587,5994581,12098168
2021-10-08,"Johnson&Johnson, Moderna, Oxford/AstraZeneca, Pfizer/BioNTech",6108260,6001118,12109378
2021-10-09,"Johnson&Johnson, Moderna, Pfizer/BioNTech",6109482,6002751,12112233
2021-10-10,"Johnson&Johnson, Moderna, Pfizer/BioNTech",6110396,6003576,12113972
2021-10-11,"Johnson&Johnson, Moderna, Oxford/AstraZeneca, Pfizer/BioNTech",6113230,6007890,12121120
2021-10-12,"Johnson&Johnson, Moderna, Oxford/AstraZeneca, Pfizer/BioNTech",6115829,6011677,12127506
2021-10-13,"Johnson&Johnson, Moderna, Oxford/AstraZeneca, Pfizer/BioNTech",6119123,6015657,12134780
2021-10-14,"Johnson&Johnson, Moderna, Oxford/AstraZeneca, Pfizer/BioNTech",6122611,6020489,12143100
2021-10-15,"Johnson&Johnson, Moderna, Oxford/AstraZeneca, Pfizer/BioNTech",6127553,6026431,12153984
2021-10-16,"Johnson&Johnson, Moderna, Pfizer/BioNTech",6128826,6027873,12156699
2021-10-17,"Johnson&Johnson, Moderna, Pfizer/BioNTech",6130053,6028839,12158892
2021-10-18,"Johnson&Johnson, Moderna, Oxford/AstraZeneca, Pfizer/BioNTech",6133740,6032559,12166299
2021-10-19,"Johnson&Johnson, Moderna, Oxford/AstraZeneca, Pfizer/BioNTech",6136896,6034329,12171225
2021-10-20,"Johnson&Johnson, Moderna, Oxford/AstraZeneca, Pfizer/BioNTech",6140934,6038062,12178996
