date,vaccine,people_vaccinated,people_fully_vaccinated,total_vaccinations
2020-12-27,Pfizer/BioNTech,1277,0,1277
2020-12-28,Pfizer/BioNTech,3584,0,3584
2020-12-29,Pfizer/BioNTech,7051,0,7051
2020-12-30,Pfizer/BioNTech,10567,0,10567
2020-12-31,Pfizer/BioNTech,11873,0,11873
2021-01-01,"Moderna, Pfizer/BioNTech",12142,0,12142
2021-01-02,Pfizer/BioNTech,13419,0,13419
2021-01-03,Pfizer/BioNTech,14341,0,14341
2021-01-04,"Moderna, Pfizer/BioNTech",17947,0,17947
2021-01-05,"Moderna, Pfizer/BioNTech",22464,0,22464
2021-01-06,"Moderna, Pfizer/BioNTech",28304,1,28305
2021-01-07,"Moderna, Pfizer/BioNTech",36297,1,36298
2021-01-08,"Moderna, Pfizer/BioNTech",46347,1,46348
2021-01-09,"Moderna, Pfizer/BioNTech",48372,2,48374
2021-01-10,Pfizer/BioNTech,50138,4,50142
2021-01-11,Pfizer/BioNTech,59991,6,59997
2021-01-12,"Moderna, Pfizer/BioNTech",73434,8,73442
2021-01-13,Pfizer/BioNTech,86971,8,86979
2021-01-14,"Moderna, Pfizer/BioNTech",102201,12,102213
2021-01-15,"Moderna, Pfizer/BioNTech",116207,13,116220
2021-01-16,"Moderna, Pfizer/BioNTech",119601,16,119617
2021-01-17,"Moderna, Pfizer/BioNTech",122217,652,122869
2021-01-18,"Moderna, Pfizer/BioNTech",134698,2479,137177
2021-01-19,"Moderna, Pfizer/BioNTech",147299,5202,152501
2021-01-20,"Moderna, Pfizer/BioNTech",160975,7861,168836
2021-01-21,"Moderna, Pfizer/BioNTech",176623,9602,186225
2021-01-22,"Moderna, Pfizer/BioNTech",191495,10647,202142
2021-01-23,"Moderna, Pfizer/BioNTech",194814,11526,206340
2021-01-24,"Moderna, Pfizer/BioNTech",197068,12395,209463
2021-01-25,"Moderna, Pfizer/BioNTech",206707,15368,222075
2021-01-26,"Moderna, Pfizer/BioNTech",217243,19357,236600
2021-01-27,"Moderna, Pfizer/BioNTech",226269,23895,250164
2021-01-28,"Moderna, Pfizer/BioNTech",233363,30023,263386
2021-01-29,"Moderna, Pfizer/BioNTech",239572,37932,277504
2021-01-30,"Moderna, Pfizer/BioNTech",240307,39020,279327
2021-01-31,"Moderna, Pfizer/BioNTech",241020,40201,281221
2021-02-01,"Moderna, Pfizer/BioNTech",244998,48158,293156
2021-02-02,"Moderna, Pfizer/BioNTech",249136,58385,307521
2021-02-03,"Moderna, Pfizer/BioNTech",253552,69390,322942
2021-02-04,"Moderna, Pfizer/BioNTech",258447,82372,340819
2021-02-05,"Moderna, Pfizer/BioNTech",263911,93039,356950
2021-02-06,"Moderna, Oxford/AstraZeneca, Pfizer/BioNTech",264759,95403,360162
2021-02-07,"Moderna, Pfizer/BioNTech",265606,97904,363510
2021-02-08,"Moderna, Oxford/AstraZeneca, Pfizer/BioNTech",269685,109336,379021
2021-02-09,"Moderna, Oxford/AstraZeneca, Pfizer/BioNTech",274776,121245,396021
2021-02-10,"Moderna, Oxford/AstraZeneca, Pfizer/BioNTech",280280,134489,414769
2021-02-11,"Moderna, Oxford/AstraZeneca, Pfizer/BioNTech",286611,150696,437307
2021-02-12,"Moderna, Oxford/AstraZeneca, Pfizer/BioNTech",293380,165424,458804
2021-02-13,"Moderna, Oxford/AstraZeneca, Pfizer/BioNTech",294989,168410,463399
2021-02-14,"Moderna, Oxford/AstraZeneca, Pfizer/BioNTech",295992,169794,465786
2021-02-15,"Moderna, Oxford/AstraZeneca, Pfizer/BioNTech",302389,179149,481538
2021-02-16,"Moderna, Oxford/AstraZeneca, Pfizer/BioNTech",311105,188223,499328
2021-02-17,"Moderna, Oxford/AstraZeneca, Pfizer/BioNTech",320798,196527,517325
2021-02-18,"Moderna, Oxford/AstraZeneca, Pfizer/BioNTech",333116,204599,537715
2021-02-19,"Moderna, Oxford/AstraZeneca, Pfizer/BioNTech",344967,211956,556923
2021-02-20,"Moderna, Oxford/AstraZeneca, Pfizer/BioNTech",346960,213137,560097
2021-02-21,"Moderna, Oxford/AstraZeneca, Pfizer/BioNTech",348089,214160,562249
2021-02-22,"Moderna, Oxford/AstraZeneca, Pfizer/BioNTech",358208,220185,578393
2021-02-23,"Moderna, Oxford/AstraZeneca, Pfizer/BioNTech",371152,227156,598308
2021-02-24,"Moderna, Oxford/AstraZeneca, Pfizer/BioNTech",385019,233188,618207
2021-02-25,"Moderna, Oxford/AstraZeneca, Pfizer/BioNTech",402983,238734,641717
2021-02-26,"Moderna, Oxford/AstraZeneca, Pfizer/BioNTech",419148,244077,663225
2021-02-27,"Moderna, Oxford/AstraZeneca, Pfizer/BioNTech",422156,244634,666790
2021-02-28,"Moderna, Oxford/AstraZeneca, Pfizer/BioNTech",424500,245181,669681
2021-03-01,"Moderna, Oxford/AstraZeneca, Pfizer/BioNTech",444077,248624,692701
2021-03-02,"Moderna, Oxford/AstraZeneca, Pfizer/BioNTech",471294,252162,723456
2021-03-03,"Moderna, Oxford/AstraZeneca, Pfizer/BioNTech",502160,256664,758824
2021-03-04,"Moderna, Oxford/AstraZeneca, Pfizer/BioNTech",535428,261346,796774
2021-03-05,"Johnson&Johnson, Moderna, Oxford/AstraZeneca, Pfizer/BioNTech",564234,266761,830995
2021-03-06,"Johnson&Johnson, Moderna, Oxford/AstraZeneca, Pfizer/BioNTech",576373,267618,843991
2021-03-07,"Johnson&Johnson, Moderna, Oxford/AstraZeneca, Pfizer/BioNTech",587906,268458,856364
2021-03-08,"Johnson&Johnson, Moderna, Oxford/AstraZeneca, Pfizer/BioNTech",617624,273307,890931
2021-03-09,"Johnson&Johnson, Moderna, Oxford/AstraZeneca, Pfizer/BioNTech",653970,279686,933656
2021-03-10,"Moderna, Oxford/AstraZeneca, Pfizer/BioNTech",695267,286634,981901
2021-03-11,"Johnson&Johnson, Moderna, Oxford/AstraZeneca, Pfizer/BioNTech",740071,295003,1035074
2021-03-12,"Johnson&Johnson, Moderna, Oxford/AstraZeneca, Pfizer/BioNTech",778842,303468,1082310
2021-03-13,"Johnson&Johnson, Moderna, Oxford/AstraZeneca, Pfizer/BioNTech",795912,304772,1100684
2021-03-14,"Johnson&Johnson, Moderna, Oxford/AstraZeneca, Pfizer/BioNTech",808019,305922,1113941
2021-03-15,"Moderna, Oxford/AstraZeneca, Pfizer/BioNTech",836389,314695,1151084
2021-03-16,"Johnson&Johnson, Moderna, Oxford/AstraZeneca, Pfizer/BioNTech",875263,325227,1200490
2021-03-17,"Moderna, Oxford/AstraZeneca, Pfizer/BioNTech",912713,335730,1248443
2021-03-18,"Johnson&Johnson, Moderna, Oxford/AstraZeneca, Pfizer/BioNTech",950678,348141,1298819
2021-03-19,"Moderna, Oxford/AstraZeneca, Pfizer/BioNTech",985144,361744,1346888
2021-03-20,"Johnson&Johnson, Moderna, Oxford/AstraZeneca, Pfizer/BioNTech",1000275,363766,1364041
2021-03-21,"Johnson&Johnson, Moderna, Oxford/AstraZeneca, Pfizer/BioNTech",1007690,365321,1373011
2021-03-22,"Johnson&Johnson, Moderna, Oxford/AstraZeneca, Pfizer/BioNTech",1032226,377817,1410043
2021-03-23,"Johnson&Johnson, Moderna, Oxford/AstraZeneca, Pfizer/BioNTech",1058851,391165,1450016
2021-03-24,"Johnson&Johnson, Moderna, Oxford/AstraZeneca, Pfizer/BioNTech",1085691,406893,1492584
2021-03-25,"Moderna, Oxford/AstraZeneca, Pfizer/BioNTech",1112001,424735,1536736
2021-03-26,"Johnson&Johnson, Moderna, Oxford/AstraZeneca, Pfizer/BioNTech",1136795,442225,1579020
2021-03-27,"Johnson&Johnson, Moderna, Oxford/AstraZeneca, Pfizer/BioNTech",1145221,447069,1592290
2021-03-28,"Moderna, Oxford/AstraZeneca, Pfizer/BioNTech",1150756,451207,1601963
2021-03-29,"Johnson&Johnson, Moderna, Oxford/AstraZeneca, Pfizer/BioNTech",1169870,471932,1641802
2021-03-30,"Johnson&Johnson, Moderna, Oxford/AstraZeneca, Pfizer/BioNTech",1194555,494103,1688658
2021-03-31,"Johnson&Johnson, Moderna, Oxford/AstraZeneca, Pfizer/BioNTech",1217643,521157,1738800
2021-04-01,"Johnson&Johnson, Moderna, Oxford/AstraZeneca, Pfizer/BioNTech",1243242,553195,1796437
2021-04-02,"Johnson&Johnson, Moderna, Oxford/AstraZeneca, Pfizer/BioNTech",1250157,565976,1816133
2021-04-03,"Johnson&Johnson, Moderna, Oxford/AstraZeneca, Pfizer/BioNTech",1253767,576891,1830658
2021-04-04,"Johnson&Johnson, Moderna, Oxford/AstraZeneca, Pfizer/BioNTech",1256270,585808,1842078
2021-04-05,"Johnson&Johnson, Moderna, Oxford/AstraZeneca, Pfizer/BioNTech",1258665,592988,1851653
2021-04-06,"Johnson&Johnson, Moderna, Oxford/AstraZeneca, Pfizer/BioNTech",1274786,622229,1897015
2021-04-07,"Johnson&Johnson, Moderna, Oxford/AstraZeneca, Pfizer/BioNTech",1298190,644452,1942642
2021-04-08,"Johnson&Johnson, Moderna, Oxford/AstraZeneca, Pfizer/BioNTech",1336873,675461,2012334
2021-04-09,"Johnson&Johnson, Moderna, Oxford/AstraZeneca, Pfizer/BioNTech",1376396,705632,2082028
2021-04-10,"Johnson&Johnson, Moderna, Oxford/AstraZeneca, Pfizer/BioNTech",1391881,720919,2112800
2021-04-11,"Johnson&Johnson, Moderna, Oxford/AstraZeneca, Pfizer/BioNTech",1401652,730950,2132602
2021-04-12,"Johnson&Johnson, Moderna, Oxford/AstraZeneca, Pfizer/BioNTech",1439886,756075,2195961
2021-04-13,"Moderna, Oxford/AstraZeneca, Pfizer/BioNTech",1476124,782105,2258229
2021-04-14,"Moderna, Oxford/AstraZeneca, Pfizer/BioNTech",1514923,809452,2324375
2021-04-15,"Moderna, Oxford/AstraZeneca, Pfizer/BioNTech",1562686,835162,2397848
2021-04-16,"Moderna, Oxford/AstraZeneca, Pfizer/BioNTech",1607324,860790,2468114
2021-04-17,"Moderna, Oxford/AstraZeneca, Pfizer/BioNTech",1624008,869814,2493822
2021-04-18,"Moderna, Oxford/AstraZeneca, Pfizer/BioNTech",1636988,874794,2511782
2021-04-19,"Moderna, Oxford/AstraZeneca, Pfizer/BioNTech",1680977,890252,2571229
2021-04-20,"Johnson&Johnson, Moderna, Oxford/AstraZeneca, Pfizer/BioNTech",1723507,906108,2629615
2021-04-21,"Moderna, Oxford/AstraZeneca, Pfizer/BioNTech",1771221,920449,2691670
2021-04-22,"Johnson&Johnson, Moderna, Oxford/AstraZeneca, Pfizer/BioNTech",1825695,937820,2763515
2021-04-23,"Johnson&Johnson, Moderna, Oxford/AstraZeneca, Pfizer/BioNTech",1875637,949866,2825503
2021-04-24,"Johnson&Johnson, Moderna, Oxford/AstraZeneca, Pfizer/BioNTech",1893462,955104,2848566
2021-04-25,"Johnson&Johnson, Moderna, Oxford/AstraZeneca, Pfizer/BioNTech",1908147,959094,2867241
2021-04-26,"Johnson&Johnson, Moderna, Oxford/AstraZeneca, Pfizer/BioNTech",1957712,966635,2924347
2021-04-27,"Johnson&Johnson, Moderna, Oxford/AstraZeneca, Pfizer/BioNTech",2006668,978851,2985519
2021-04-28,"Johnson&Johnson, Moderna, Oxford/AstraZeneca, Pfizer/BioNTech",2065405,992831,3058236
2021-04-29,"Johnson&Johnson, Moderna, Oxford/AstraZeneca, Pfizer/BioNTech",2130935,1008701,3139636
2021-04-30,"Johnson&Johnson, Moderna, Oxford/AstraZeneca, Pfizer/BioNTech",2193152,1018656,3211808
2021-05-01,"Johnson&Johnson, Moderna, Oxford/AstraZeneca, Pfizer/BioNTech",2212466,1022097,3234563
2021-05-02,"Johnson&Johnson, Moderna, Oxford/AstraZeneca, Pfizer/BioNTech",2231373,1024361,3255734
2021-05-03,"Johnson&Johnson, Moderna, Oxford/AstraZeneca, Pfizer/BioNTech",2298600,1029409,3328009
2021-05-04,"Johnson&Johnson, Moderna, Oxford/AstraZeneca, Pfizer/BioNTech",2365068,1037729,3402797
2021-05-05,"Johnson&Johnson, Moderna, Oxford/AstraZeneca, Pfizer/BioNTech",2438206,1047119,3485325
2021-05-06,"Johnson&Johnson, Moderna, Oxford/AstraZeneca, Pfizer/BioNTech",2518573,1057819,3576392
2021-05-07,"Johnson&Johnson, Moderna, Oxford/AstraZeneca, Pfizer/BioNTech",2595794,1067866,3663660
2021-05-08,"Johnson&Johnson, Moderna, Oxford/AstraZeneca, Pfizer/BioNTech",2625216,1069619,3694835
2021-05-09,"Johnson&Johnson, Moderna, Oxford/AstraZeneca, Pfizer/BioNTech",2649393,1070816,3720209
2021-05-10,"Johnson&Johnson, Moderna, Oxford/AstraZeneca, Pfizer/BioNTech",2722125,1078020,3800145
2021-05-11,"Johnson&Johnson, Moderna, Oxford/AstraZeneca, Pfizer/BioNTech",2798206,1086805,3885011
2021-05-12,"Johnson&Johnson, Moderna, Oxford/AstraZeneca, Pfizer/BioNTech",2878038,1095887,3973925
2021-05-13,"Johnson&Johnson, Moderna, Oxford/AstraZeneca, Pfizer/BioNTech",2962035,1105030,4067065
2021-05-14,"Johnson&Johnson, Moderna, Oxford/AstraZeneca, Pfizer/BioNTech",3041448,1112796,4154244
2021-05-15,"Johnson&Johnson, Moderna, Oxford/AstraZeneca, Pfizer/BioNTech",3073304,1115021,4188325
2021-05-16,"Johnson&Johnson, Moderna, Oxford/AstraZeneca, Pfizer/BioNTech",3099049,1116277,4215326
2021-05-17,"Johnson&Johnson, Moderna, Oxford/AstraZeneca, Pfizer/BioNTech",3171537,1122986,4294523
2021-05-18,"Johnson&Johnson, Moderna, Oxford/AstraZeneca, Pfizer/BioNTech",3243440,1136020,4379460
2021-05-19,"Johnson&Johnson, Moderna, Oxford/AstraZeneca, Pfizer/BioNTech",3320875,1151133,4472008
2021-05-20,"Johnson&Johnson, Moderna, Oxford/AstraZeneca, Pfizer/BioNTech",3396279,1178140,4574419
2021-05-21,"Johnson&Johnson, Moderna, Oxford/AstraZeneca, Pfizer/BioNTech",3465013,1205871,4670884
2021-05-22,"Johnson&Johnson, Moderna, Oxford/AstraZeneca, Pfizer/BioNTech",3497362,1217034,4714396
2021-05-23,"Johnson&Johnson, Moderna, Oxford/AstraZeneca, Pfizer/BioNTech",3519691,1226055,4745746
2021-05-24,"Johnson&Johnson, Moderna, Oxford/AstraZeneca, Pfizer/BioNTech",3566806,1259683,4826489
2021-05-25,"Johnson&Johnson, Moderna, Oxford/AstraZeneca, Pfizer/BioNTech",3618638,1295452,4914090
2021-05-26,"Johnson&Johnson, Moderna, Oxford/AstraZeneca, Pfizer/BioNTech",3686374,1332942,5019316
2021-05-27,"Johnson&Johnson, Moderna, Oxford/AstraZeneca, Pfizer/BioNTech",3747746,1380220,5127966
2021-05-28,"Johnson&Johnson, Moderna, Oxford/AstraZeneca, Pfizer/BioNTech",3809418,1426740,5236158
2021-05-29,"Johnson&Johnson, Moderna, Oxford/AstraZeneca, Pfizer/BioNTech",3838577,1443824,5282401
2021-05-30,"Johnson&Johnson, Moderna, Oxford/AstraZeneca, Pfizer/BioNTech",3860918,1458237,5319155
2021-05-31,"Johnson&Johnson, Moderna, Oxford/AstraZeneca, Pfizer/BioNTech",3916629,1505768,5422397
2021-06-01,"Johnson&Johnson, Moderna, Oxford/AstraZeneca, Pfizer/BioNTech",3975638,1554571,5530209
2021-06-02,"Johnson&Johnson, Moderna, Oxford/AstraZeneca, Pfizer/BioNTech",4038512,1608499,5647011
2021-06-03,"Johnson&Johnson, Moderna, Oxford/AstraZeneca, Pfizer/BioNTech",4096726,1668657,5765383
2021-06-04,"Johnson&Johnson, Moderna, Oxford/AstraZeneca, Pfizer/BioNTech",4159794,1725990,5885784
2021-06-05,"Johnson&Johnson, Moderna, Oxford/AstraZeneca, Pfizer/BioNTech",4193918,1744778,5938696
2021-06-06,"Johnson&Johnson, Moderna, Oxford/AstraZeneca, Pfizer/BioNTech",4220820,1759881,5980701
2021-06-07,"Johnson&Johnson, Moderna, Oxford/AstraZeneca, Pfizer/BioNTech",4284492,1815468,6099960
2021-06-08,"Johnson&Johnson, Moderna, Oxford/AstraZeneca, Pfizer/BioNTech",4348459,1870398,6218857
2021-06-09,"Johnson&Johnson, Moderna, Oxford/AstraZeneca, Pfizer/BioNTech",4407642,1934838,6342480
2021-06-10,"Johnson&Johnson, Moderna, Oxford/AstraZeneca, Pfizer/BioNTech",4461519,2005907,6467426
2021-06-11,"Johnson&Johnson, Moderna, Oxford/AstraZeneca, Pfizer/BioNTech",4513614,2075594,6589208
2021-06-12,"Johnson&Johnson, Moderna, Oxford/AstraZeneca, Pfizer/BioNTech",4545608,2096337,6641945
2021-06-13,"Johnson&Johnson, Moderna, Oxford/AstraZeneca, Pfizer/BioNTech",4569614,2114706,6684320
2021-06-14,"Johnson&Johnson, Moderna, Oxford/AstraZeneca, Pfizer/BioNTech",4612681,2189027,6801708
2021-06-15,"Johnson&Johnson, Moderna, Oxford/AstraZeneca, Pfizer/BioNTech",4657318,2261302,6918620
2021-06-16,"Johnson&Johnson, Moderna, Oxford/AstraZeneca, Pfizer/BioNTech",4700045,2339459,7039504
2021-06-17,"Johnson&Johnson, Moderna, Oxford/AstraZeneca, Pfizer/BioNTech",4739416,2422453,7161869
2021-06-18,"Johnson&Johnson, Moderna, Oxford/AstraZeneca, Pfizer/BioNTech",4781794,2502878,7284672
2021-06-19,"Johnson&Johnson, Moderna, Oxford/AstraZeneca, Pfizer/BioNTech",4803537,2532107,7335644
2021-06-20,"Johnson&Johnson, Moderna, Oxford/AstraZeneca, Pfizer/BioNTech",4820896,2555889,7376785
2021-06-21,"Johnson&Johnson, Moderna, Oxford/AstraZeneca, Pfizer/BioNTech",4853395,2634384,7487779
2021-06-22,"Johnson&Johnson, Moderna, Oxford/AstraZeneca, Pfizer/BioNTech",4886352,2716569,7602921
2021-06-23,"Johnson&Johnson, Moderna, Oxford/AstraZeneca, Pfizer/BioNTech",4918002,2801707,7719709
2021-06-24,"Johnson&Johnson, Moderna, Oxford/AstraZeneca, Pfizer/BioNTech",4947836,2891659,7839495
2021-06-25,"Johnson&Johnson, Moderna, Oxford/AstraZeneca, Pfizer/BioNTech",4978883,2977723,7956606
2021-06-26,"Johnson&Johnson, Moderna, Oxford/AstraZeneca, Pfizer/BioNTech",4994737,3012477,8007214
2021-06-27,"Johnson&Johnson, Moderna, Oxford/AstraZeneca, Pfizer/BioNTech",5008674,3039079,8047753
2021-06-28,"Johnson&Johnson, Moderna, Oxford/AstraZeneca, Pfizer/BioNTech",5037077,3124179,8161256
2021-06-29,"Johnson&Johnson, Moderna, Oxford/AstraZeneca, Pfizer/BioNTech",5066338,3210566,8276904
2021-06-30,"Johnson&Johnson, Moderna, Oxford/AstraZeneca, Pfizer/BioNTech",5093826,3301439,8395265
2021-07-01,"Johnson&Johnson, Moderna, Oxford/AstraZeneca, Pfizer/BioNTech",5117794,3391398,8509192
2021-07-02,"Johnson&Johnson, Moderna, Oxford/AstraZeneca, Pfizer/BioNTech",5144505,3477145,8621650
2021-07-03,"Johnson&Johnson, Moderna, Oxford/AstraZeneca, Pfizer/BioNTech",5151577,3508612,8660189
2021-07-04,"Johnson&Johnson, Moderna, Oxford/AstraZeneca, Pfizer/BioNTech",5159126,3530380,8689506
2021-07-05,"Johnson&Johnson, Moderna, Oxford/AstraZeneca, Pfizer/BioNTech",5166482,3555708,8722190
2021-07-06,"Johnson&Johnson, Moderna, Oxford/AstraZeneca, Pfizer/BioNTech",5171883,3583295,8755178
2021-07-07,"Johnson&Johnson, Moderna, Oxford/AstraZeneca, Pfizer/BioNTech",5197658,3662189,8859847
2021-07-08,"Johnson&Johnson, Moderna, Oxford/AstraZeneca, Pfizer/BioNTech",5224251,3732434,8956685
2021-07-09,"Johnson&Johnson, Moderna, Oxford/AstraZeneca, Pfizer/BioNTech",5252156,3801627,9053783
2021-07-10,"Johnson&Johnson, Moderna, Oxford/AstraZeneca, Pfizer/BioNTech",5261496,3830206,9091702
2021-07-11,"Johnson&Johnson, Moderna, Oxford/AstraZeneca, Pfizer/BioNTech",5270014,3853059,9123073
2021-07-12,"Johnson&Johnson, Moderna, Oxford/AstraZeneca, Pfizer/BioNTech",5297535,3922085,9219620
2021-07-13,"Johnson&Johnson, Moderna, Oxford/AstraZeneca, Pfizer/BioNTech",5323704,3991893,9315597
2021-07-14,"Johnson&Johnson, Moderna, Oxford/AstraZeneca, Pfizer/BioNTech",5349503,4063803,9413306
2021-07-15,"Johnson&Johnson, Moderna, Oxford/AstraZeneca, Pfizer/BioNTech",5378671,4129743,9508414
2021-07-16,"Johnson&Johnson, Moderna, Oxford/AstraZeneca, Pfizer/BioNTech",5406572,4202373,9608945
2021-07-17,"Johnson&Johnson, Moderna, Oxford/AstraZeneca, Pfizer/BioNTech",5415333,4233763,9649096
2021-07-18,"Johnson&Johnson, Moderna, Oxford/AstraZeneca, Pfizer/BioNTech",5423768,4259726,9683494
2021-07-19,"Johnson&Johnson, Moderna, Oxford/AstraZeneca, Pfizer/BioNTech",5447109,4326686,9773795
2021-07-20,"Johnson&Johnson, Moderna, Oxford/AstraZeneca, Pfizer/BioNTech",5468482,4393655,9862137
2021-07-21,"Johnson&Johnson, Moderna, Oxford/AstraZeneca, Pfizer/BioNTech",5491925,4457040,9948965
2021-07-22,"Johnson&Johnson, Moderna, Oxford/AstraZeneca, Pfizer/BioNTech",5514274,4515589,10029863
2021-07-23,"Johnson&Johnson, Moderna, Oxford/AstraZeneca, Pfizer/BioNTech",5537456,4570261,10107717
2021-07-24,"Johnson&Johnson, Moderna, Oxford/AstraZeneca, Pfizer/BioNTech",5544761,4597877,10142638
2021-07-25,"Johnson&Johnson, Moderna, Oxford/AstraZeneca, Pfizer/BioNTech",5551367,4619970,10171337
2021-07-26,"Johnson&Johnson, Moderna, Oxford/AstraZeneca, Pfizer/BioNTech",5574891,4668571,10243462
2021-07-27,"Johnson&Johnson, Moderna, Oxford/AstraZeneca, Pfizer/BioNTech",5597610,4715127,10312737
2021-07-28,"Johnson&Johnson, Moderna, Oxford/AstraZeneca, Pfizer/BioNTech",5618842,4761023,10379865
2021-07-29,"Johnson&Johnson, Moderna, Oxford/AstraZeneca, Pfizer/BioNTech",5640147,4802893,10443040
2021-07-30,"Johnson&Johnson, Moderna, Oxford/AstraZeneca, Pfizer/BioNTech",5663410,4845366,10508776
2021-07-31,"Johnson&Johnson, Moderna, Oxford/AstraZeneca, Pfizer/BioNTech",5672324,4864861,10537185
2021-08-01,"Johnson&Johnson, Moderna, Oxford/AstraZeneca, Pfizer/BioNTech",5679037,4881002,10560039
2021-08-02,"Johnson&Johnson, Moderna, Oxford/AstraZeneca, Pfizer/BioNTech",5697649,4918493,10616142
2021-08-03,"Johnson&Johnson, Moderna, Oxford/AstraZeneca, Pfizer/BioNTech",5715268,4956531,10671799
2021-08-04,"Johnson&Johnson, Moderna, Oxford/AstraZeneca, Pfizer/BioNTech",5731345,4993200,10724545
2021-08-05,"Johnson&Johnson, Moderna, Oxford/AstraZeneca, Pfizer/BioNTech",5747355,5033605,10780960
2021-08-06,"Johnson&Johnson, Moderna, Oxford/AstraZeneca, Pfizer/BioNTech",5764124,5076822,10840946
2021-08-07,"Johnson&Johnson, Moderna, Oxford/AstraZeneca, Pfizer/BioNTech",5769708,5094955,10864663
2021-08-08,"Johnson&Johnson, Moderna, Oxford/AstraZeneca, Pfizer/BioNTech",5774056,5110683,10884739
2021-08-09,"Johnson&Johnson, Moderna, Oxford/AstraZeneca, Pfizer/BioNTech",5786688,5155679,10942367
2021-08-10,"Johnson&Johnson, Moderna, Oxford/AstraZeneca, Pfizer/BioNTech",5798515,5195196,10993711
2021-08-11,"Johnson&Johnson, Moderna, Oxford/AstraZeneca, Pfizer/BioNTech",5809863,5238278,11048141
2021-08-12,"Johnson&Johnson, Moderna, Oxford/AstraZeneca, Pfizer/BioNTech",5821271,5275352,11096623
2021-08-13,"Johnson&Johnson, Moderna, Oxford/AstraZeneca, Pfizer/BioNTech",5831983,5315630,11147613
2021-08-14,"Johnson&Johnson, Moderna, Oxford/AstraZeneca, Pfizer/BioNTech",5835318,5326307,11161625
2021-08-15,"Johnson&Johnson, Moderna, Oxford/AstraZeneca, Pfizer/BioNTech",5837892,5336661,11174553
2021-08-16,"Johnson&Johnson, Moderna, Oxford/AstraZeneca, Pfizer/BioNTech",5847662,5370689,11218351
2021-08-17,"Johnson&Johnson, Moderna, Oxford/AstraZeneca, Pfizer/BioNTech",5857247,5397746,11254993
2021-08-18,"Johnson&Johnson, Moderna, Oxford/AstraZeneca, Pfizer/BioNTech",5866608,5436573,11303181
2021-08-19,"Johnson&Johnson, Moderna, Oxford/AstraZeneca, Pfizer/BioNTech",5876268,5474886,11351154
2021-08-20,"Johnson&Johnson, Moderna, Oxford/AstraZeneca, Pfizer/BioNTech",5887640,5515036,11402676
2021-08-21,"Johnson&Johnson, Moderna, Oxford/AstraZeneca, Pfizer/BioNTech",5890353,5527770,11418123
2021-08-22,"Johnson&Johnson, Moderna, Oxford/AstraZeneca, Pfizer/BioNTech",5892690,5539721,11432411
2021-08-23,"Johnson&Johnson, Moderna, Oxford/AstraZeneca, Pfizer/BioNTech",5903218,5578948,11482166
2021-08-24,"Johnson&Johnson, Moderna, Oxford/AstraZeneca, Pfizer/BioNTech",5913078,5612164,11525242
2021-08-25,"Johnson&Johnson, Moderna, Oxford/AstraZeneca, Pfizer/BioNTech",5921938,5640495,11562433
2021-08-26,"Johnson&Johnson, Moderna, Oxford/AstraZeneca, Pfizer/BioNTech",5930380,5666587,11596967
2021-08-27,"Johnson&Johnson, Moderna, Oxford/AstraZeneca, Pfizer/BioNTech",5940688,5692499,11633187
2021-08-28,"Johnson&Johnson, Moderna, Oxford/AstraZeneca, Pfizer/BioNTech",5943409,5699524,11642933
2021-08-29,"Johnson&Johnson, Moderna, Oxford/AstraZeneca, Pfizer/BioNTech",5945811,5706134,11651945
2021-08-30,"Johnson&Johnson, Moderna, Oxford/AstraZeneca, Pfizer/BioNTech",5954328,5727976,11682304
2021-08-31,"Johnson&Johnson, Moderna, Oxford/AstraZeneca, Pfizer/BioNTech",5961984,5746028,11708012
2021-09-01,"Johnson&Johnson, Moderna, Oxford/AstraZeneca, Pfizer/BioNTech",5967865,5759996,11727861
2021-09-02,"Johnson&Johnson, Moderna, Oxford/AstraZeneca, Pfizer/BioNTech",5974680,5774355,11749035
2021-09-03,"Johnson&Johnson, Moderna, Oxford/AstraZeneca, Pfizer/BioNTech",5984222,5790037,11774259
2021-09-04,"Johnson&Johnson, Moderna, Oxford/AstraZeneca, Pfizer/BioNTech",5986283,5793582,11779865
2021-09-05,"Johnson&Johnson, Moderna, Oxford/AstraZeneca, Pfizer/BioNTech",5988315,5796416,11784731
2021-09-06,"Johnson&Johnson, Moderna, Oxford/AstraZeneca, Pfizer/BioNTech",5994528,5808915,11803443
2021-09-07,"Johnson&Johnson, Moderna, Oxford/AstraZeneca, Pfizer/BioNTech",5998894,5819994,11818888
2021-09-08,"Johnson&Johnson, Moderna, Oxford/AstraZeneca, Pfizer/BioNTech",6004543,5829820,11834363
2021-09-09,"Johnson&Johnson, Moderna, Oxford/AstraZeneca, Pfizer/BioNTech",6011198,5839866,11851064
2021-09-10,"Johnson&Johnson, Moderna, Oxford/AstraZeneca, Pfizer/BioNTech",6018862,5852021,11870883
2021-09-11,"Johnson&Johnson, Moderna, Oxford/AstraZeneca, Pfizer/BioNTech",6020722,5854491,11875213
2021-09-12,"Johnson&Johnson, Moderna, Oxford/AstraZeneca, Pfizer/BioNTech",6021835,5856111,11877946
2021-09-13,"Johnson&Johnson, Moderna, Oxford/AstraZeneca, Pfizer/BioNTech",6027252,5866395,11893647
2021-09-14,"Johnson&Johnson, Moderna, Oxford/AstraZeneca, Pfizer/BioNTech",6032619,5875389,11908008
2021-09-15,"Johnson&Johnson, Moderna, Oxford/AstraZeneca, Pfizer/BioNTech",6037795,5883897,11921692
2021-09-16,"Johnson&Johnson, Moderna, Oxford/AstraZeneca, Pfizer/BioNTech",6043123,5892151,11935274
2021-09-17,"Johnson&Johnson, Moderna, Oxford/AstraZeneca, Pfizer/BioNTech",6049672,5902351,11952023
2021-09-18,"Johnson&Johnson, Moderna, Oxford/AstraZeneca, Pfizer/BioNTech",6051394,5904700,11956094
2021-09-19,"Johnson&Johnson, Moderna, Oxford/AstraZeneca, Pfizer/BioNTech",6052333,5906263,11958596
2021-09-20,"Johnson&Johnson, Moderna, Oxford/AstraZeneca, Pfizer/BioNTech",6056328,5914447,11970775
2021-09-21,"Johnson&Johnson, Moderna, Oxford/AstraZeneca, Pfizer/BioNTech",6060540,5921969,11982509
2021-09-22,"Johnson&Johnson, Moderna, Oxford/AstraZeneca, Pfizer/BioNTech",6064702,5927473,11992175
2021-09-23,"Johnson&Johnson, Moderna, Oxford/AstraZeneca, Pfizer/BioNTech",6069666,5933873,12003539
2021-09-24,"Johnson&Johnson, Moderna, Oxford/AstraZeneca, Pfizer/BioNTech",6075409,5943478,12018887
2021-09-25,"Johnson&Johnson, Moderna, Oxford/AstraZeneca, Pfizer/BioNTech",6076899,5945463,12022362
2021-09-26,"Johnson&Johnson, Moderna, Pfizer/BioNTech",6077639,5947091,12024730
2021-09-27,"Johnson&Johnson, Moderna, Oxford/AstraZeneca, Pfizer/BioNTech",6081499,5953576,12035075
2021-09-28,"Johnson&Johnson, Moderna, Pfizer/BioNTech",6081855,5954177,12036032
2021-09-29,"Johnson&Johnson, Moderna, Oxford/AstraZeneca, Pfizer/BioNTech",6085624,5961616,12047240
2021-09-30,"Johnson&Johnson, Moderna, Oxford/AstraZeneca, Pfizer/BioNTech",6090116,5969289,12059405
2021-10-01,"Johnson&Johnson, Moderna, Oxford/AstraZeneca, Pfizer/BioNTech",6094392,5977234,12071626
2021-10-02,"Johnson&Johnson, Moderna, Oxford/AstraZeneca, Pfizer/BioNTech",6095446,5978766,12074212
2021-10-03,"Johnson&Johnson, Moderna, Pfizer/BioNTech",6096161,5979627,12075788
2021-10-04,"Johnson&Johnson, Moderna, Oxford/AstraZeneca, Pfizer/BioNTech",6099225,5985189,12084414
2021-10-05,"Johnson&Johnson, Moderna, Oxford/AstraZeneca, Pfizer/BioNTech",6102371,5990246,12092617
2021-10-06,"Johnson&Johnson, Moderna, Oxford/AstraZeneca, Pfizer/BioNTech",6105872,5995400,12101272
2021-10-07,"Johnson&Johnson, Moderna, Oxford/AstraZeneca, Pfizer/BioNTech",6109135,6000643,12109778
2021-10-08,"Johnson&Johnson, Moderna, Oxford/AstraZeneca, Pfizer/BioNTech",6113913,6007255,12121168
2021-10-09,"Johnson&Johnson, Moderna, Oxford/AstraZeneca, Pfizer/BioNTech",6115152,6008904,12124056
2021-10-10,"Johnson&Johnson, Moderna, Oxford/AstraZeneca, Pfizer/BioNTech",6116092,6009732,12125824
2021-10-11,"Johnson&Johnson, Moderna, Oxford/AstraZeneca, Pfizer/BioNTech",6119003,6014132,12133135
2021-10-12,"Johnson&Johnson, Moderna, Oxford/AstraZeneca, Pfizer/BioNTech",6121907,6018124,12140031
2021-10-13,"Johnson&Johnson, Moderna, Oxford/AstraZeneca, Pfizer/BioNTech",6125424,6022299,12147723
2021-10-14,"Johnson&Johnson, Moderna, Oxford/AstraZeneca, Pfizer/BioNTech",6129085,6027238,12156323
2021-10-15,"Johnson&Johnson, Moderna, Oxford/AstraZeneca, Pfizer/BioNTech",6134297,6033366,12167663
2021-10-16,"Johnson&Johnson, Moderna, Oxford/AstraZeneca, Pfizer/BioNTech",6135691,6034879,12170570
2021-10-17,"Johnson&Johnson, Moderna, Pfizer/BioNTech",6137010,6035930,12172940
2021-10-18,"Johnson&Johnson, Moderna, Oxford/AstraZeneca, Pfizer/BioNTech",6141101,6040017,12181118
2021-10-19,"Johnson&Johnson, Moderna, Oxford/AstraZeneca, Pfizer/BioNTech",6144643,6042099,12186742
2021-10-20,"Johnson&Johnson, Moderna, Oxford/AstraZeneca, Pfizer/BioNTech",6149490,6046540,12196030
2021-10-21,"Johnson&Johnson, Moderna, Oxford/AstraZeneca, Pfizer/BioNTech",6157212,6052126,12209338
2021-10-22,"Johnson&Johnson, Moderna, Oxford/AstraZeneca, Pfizer/BioNTech",6167638,6058621,12226259
2021-10-23,"Johnson&Johnson, Moderna, Pfizer/BioNTech",6171296,6060820,12232116
2021-10-24,"Johnson&Johnson, Moderna, Pfizer/BioNTech",6173976,6062590,12236566
2021-10-25,"Johnson&Johnson, Moderna, Oxford/AstraZeneca, Pfizer/BioNTech",6184379,6068381,12252760
2021-10-26,"Johnson&Johnson, Moderna, Oxford/AstraZeneca, Pfizer/BioNTech",6196213,6074909,12271122
2021-10-27,"Johnson&Johnson, Moderna, Oxford/AstraZeneca, Pfizer/BioNTech",6210691,6082298,12292989
2021-10-28,"Johnson&Johnson, Moderna, Pfizer/BioNTech",6214040,6083964,12298004
2021-10-29,"Johnson&Johnson, Moderna, Oxford/AstraZeneca, Pfizer/BioNTech",6228395,6091924,12320319
2021-10-30,"Johnson&Johnson, Moderna, Pfizer/BioNTech",6232915,6094833,12327748
2021-10-31,"Johnson&Johnson, Moderna, Oxford/AstraZeneca, Pfizer/BioNTech",6236668,6097298,12333966
2021-11-01,"Johnson&Johnson, Moderna, Oxford/AstraZeneca, Pfizer/BioNTech",6251751,6104974,12356725
2021-11-02,"Johnson&Johnson, Moderna, Oxford/AstraZeneca, Pfizer/BioNTech",6267012,6112503,12379515
2021-11-03,"Johnson&Johnson, Moderna, Oxford/AstraZeneca, Pfizer/BioNTech",6284067,6119780,12403847
2021-11-04,"Johnson&Johnson, Moderna, Oxford/AstraZeneca, Pfizer/BioNTech",6302229,6127933,12430162
2021-11-05,"Johnson&Johnson, Moderna, Oxford/AstraZeneca, Pfizer/BioNTech",6324898,6139183,12464081
2021-11-06,"Johnson&Johnson, Moderna, Oxford/AstraZeneca, Pfizer/BioNTech",6331376,6142229,12473605
2021-11-07,"Johnson&Johnson, Moderna, Oxford/AstraZeneca, Pfizer/BioNTech",6335388,6144658,12480046
2021-11-08,"Johnson&Johnson, Moderna, Oxford/AstraZeneca, Pfizer/BioNTech",6351529,6152276,12503805
2021-11-09,"Johnson&Johnson, Moderna, Oxford/AstraZeneca, Pfizer/BioNTech",6366211,6159552,12525763
2021-11-10,"Johnson&Johnson, Moderna, Oxford/AstraZeneca, Pfizer/BioNTech",6381799,6166905,12548704
2021-11-11,"Johnson&Johnson, Moderna, Oxford/AstraZeneca, Pfizer/BioNTech",6397086,6175970,12573056
2021-11-12,"Johnson&Johnson, Moderna, Oxford/AstraZeneca, Pfizer/BioNTech",6416642,6188687,12605329
2021-11-13,"Johnson&Johnson, Moderna, Oxford/AstraZeneca, Pfizer/BioNTech",6421981,6192535,12614516
2021-11-14,"Johnson&Johnson, Moderna, Oxford/AstraZeneca, Pfizer/BioNTech",6425837,6195526,12621363
2021-11-15,"Johnson&Johnson, Moderna, Oxford/AstraZeneca, Pfizer/BioNTech",6440857,6206172,12647029
2021-11-16,"Johnson&Johnson, Moderna, Oxford/AstraZeneca, Pfizer/BioNTech",6458291,6218002,12676293
2021-11-17,"Johnson&Johnson, Moderna, Oxford/AstraZeneca, Pfizer/BioNTech",6462471,6221542,12684013
2021-11-18,"Johnson&Johnson, Moderna, Oxford/AstraZeneca, Pfizer/BioNTech",6481740,6233149,12714889
2021-11-19,"Johnson&Johnson, Moderna, Oxford/AstraZeneca, Pfizer/BioNTech",6506130,6249994,12756124
2021-11-20,"Johnson&Johnson, Moderna, Oxford/AstraZeneca, Pfizer/BioNTech",6514638,6254931,12769569
2021-11-21,"Johnson&Johnson, Moderna, Oxford/AstraZeneca, Pfizer/BioNTech",6521379,6258683,12780062
2021-11-22,"Johnson&Johnson, Moderna, Oxford/AstraZeneca, Pfizer/BioNTech",6539608,6272579,12812187
2021-11-23,"Johnson&Johnson, Moderna, Oxford/AstraZeneca, Pfizer/BioNTech",6558494,6285619,12844113
2021-11-24,"Johnson&Johnson, Moderna, Oxford/AstraZeneca, Pfizer/BioNTech",6577309,6301300,12878609
2021-11-25,"Johnson&Johnson, Moderna, Oxford/AstraZeneca, Pfizer/BioNTech",6596273,6316140,12912413
2021-11-26,"Johnson&Johnson, Moderna, Oxford/AstraZeneca, Pfizer/BioNTech",6617428,6334830,12952258
2021-11-27,"Johnson&Johnson, Moderna, Oxford/AstraZeneca, Pfizer/BioNTech",6624763,6340271,12965034
2021-11-28,"Johnson&Johnson, Moderna, Pfizer/BioNTech",6628010,6343335,12971345
2021-11-29,"Johnson&Johnson, Moderna, Oxford/AstraZeneca, Pfizer/BioNTech",6642704,6356600,12999304
2021-11-30,"Johnson&Johnson, Moderna, Oxford/AstraZeneca, Pfizer/BioNTech",6654320,6366599,13020919
