date,vaccine,people_vaccinated,people_fully_vaccinated,total_vaccinations
2020-12-27,Pfizer/BioNTech,1287,0,1287
2020-12-28,Pfizer/BioNTech,3591,0,3591
2020-12-29,Pfizer/BioNTech,7062,1,7063
2020-12-30,Pfizer/BioNTech,10582,1,10583
2020-12-31,Pfizer/BioNTech,11893,1,11894
2021-01-01,"Moderna, Pfizer/BioNTech",12163,1,12164
2021-01-02,"Moderna, Pfizer/BioNTech",13445,1,13446
2021-01-03,"Moderna, Pfizer/BioNTech",14371,1,14372
2021-01-04,"Moderna, Pfizer/BioNTech",17985,1,17986
2021-01-05,"Moderna, Pfizer/BioNTech",22512,3,22515
2021-01-06,"Moderna, Pfizer/BioNTech",28360,4,28364
2021-01-07,"Moderna, Pfizer/BioNTech",36361,4,36365
2021-01-08,"Moderna, Pfizer/BioNTech",46416,5,46421
2021-01-09,"Moderna, Pfizer/BioNTech",48444,7,48451
2021-01-10,Pfizer/BioNTech,50215,9,50224
2021-01-11,"Moderna, Pfizer/BioNTech",60076,11,60087
2021-01-12,"Moderna, Pfizer/BioNTech",73534,13,73547
2021-01-13,"Moderna, Pfizer/BioNTech",87084,13,87097
2021-01-14,"Moderna, Pfizer/BioNTech",102342,17,102359
2021-01-15,"Moderna, Pfizer/BioNTech",116365,18,116383
2021-01-16,"Moderna, Pfizer/BioNTech",119769,22,119791
2021-01-17,"Moderna, Pfizer/BioNTech",122390,658,123048
2021-01-18,"Moderna, Pfizer/BioNTech",134885,2485,137370
2021-01-19,"Moderna, Pfizer/BioNTech",147499,5214,152713
2021-01-20,"Moderna, Pfizer/BioNTech",161196,7878,169074
2021-01-21,"Moderna, Pfizer/BioNTech",176853,9620,186473
2021-01-22,"Moderna, Pfizer/BioNTech",191748,10666,202414
2021-01-23,"Moderna, Pfizer/BioNTech",195068,11545,206613
2021-01-24,"Moderna, Pfizer/BioNTech",197324,12415,209739
2021-01-25,"Moderna, Pfizer/BioNTech",206979,15389,222368
2021-01-26,"Moderna, Pfizer/BioNTech",217529,19381,236910
2021-01-27,"Moderna, Pfizer/BioNTech",226562,23917,250479
2021-01-28,"Moderna, Pfizer/BioNTech",233665,30052,263717
2021-01-29,"Moderna, Pfizer/BioNTech",239884,37962,277846
2021-01-30,"Moderna, Pfizer/BioNTech",240625,39050,279675
2021-01-31,"Moderna, Pfizer/BioNTech",241343,40232,281575
2021-02-01,"Moderna, Pfizer/BioNTech",245325,48203,293528
2021-02-02,"Moderna, Pfizer/BioNTech",249479,58443,307922
2021-02-03,"Moderna, Pfizer/BioNTech",253906,69467,323373
2021-02-04,"Moderna, Pfizer/BioNTech",258814,82463,341277
2021-02-05,"Moderna, Pfizer/BioNTech",264288,93140,357428
2021-02-06,"Moderna, Oxford/AstraZeneca, Pfizer/BioNTech",265145,95507,360652
2021-02-07,"Moderna, Oxford/AstraZeneca, Pfizer/BioNTech",265997,98007,364004
2021-02-08,"Moderna, Oxford/AstraZeneca, Pfizer/BioNTech",270092,109441,379533
2021-02-09,"Moderna, Oxford/AstraZeneca, Pfizer/BioNTech",275200,121358,396558
2021-02-10,"Moderna, Oxford/AstraZeneca, Pfizer/BioNTech",280716,134621,415337
2021-02-11,"Moderna, Oxford/AstraZeneca, Pfizer/BioNTech",287057,150844,437901
2021-02-12,"Moderna, Oxford/AstraZeneca, Pfizer/BioNTech",293888,165592,459480
2021-02-13,"Moderna, Oxford/AstraZeneca, Pfizer/BioNTech",295503,168581,464084
2021-02-14,"Moderna, Oxford/AstraZeneca, Pfizer/BioNTech",296508,169967,466475
2021-02-15,"Moderna, Oxford/AstraZeneca, Pfizer/BioNTech",302906,179338,482244
2021-02-16,"Moderna, Oxford/AstraZeneca, Pfizer/BioNTech",311628,188422,500050
2021-02-17,"Moderna, Oxford/AstraZeneca, Pfizer/BioNTech",321331,196732,518063
2021-02-18,"Moderna, Oxford/AstraZeneca, Pfizer/BioNTech",333661,204816,538477
2021-02-19,"Moderna, Oxford/AstraZeneca, Pfizer/BioNTech",345527,212196,557723
2021-02-20,"Moderna, Oxford/AstraZeneca, Pfizer/BioNTech",347537,213382,560919
2021-02-21,"Moderna, Oxford/AstraZeneca, Pfizer/BioNTech",348674,214408,563082
2021-02-22,"Moderna, Oxford/AstraZeneca, Pfizer/BioNTech",358801,220446,579247
2021-02-23,"Moderna, Oxford/AstraZeneca, Pfizer/BioNTech",371766,227438,599204
2021-02-24,"Moderna, Oxford/AstraZeneca, Pfizer/BioNTech",385649,233481,619130
2021-02-25,"Moderna, Oxford/AstraZeneca, Pfizer/BioNTech",403633,239033,642666
2021-02-26,"Moderna, Oxford/AstraZeneca, Pfizer/BioNTech",419813,244395,664208
2021-02-27,"Moderna, Oxford/AstraZeneca, Pfizer/BioNTech",422824,244955,667779
2021-02-28,"Moderna, Oxford/AstraZeneca, Pfizer/BioNTech",425182,245507,670689
2021-03-01,"Moderna, Oxford/AstraZeneca, Pfizer/BioNTech",444784,248958,693742
2021-03-02,"Moderna, Oxford/AstraZeneca, Pfizer/BioNTech",472014,252508,724522
2021-03-03,"Moderna, Oxford/AstraZeneca, Pfizer/BioNTech",502975,257019,759994
2021-03-04,"Moderna, Oxford/AstraZeneca, Pfizer/BioNTech",536268,261709,797977
2021-03-05,"Johnson&Johnson, Moderna, Oxford/AstraZeneca, Pfizer/BioNTech",565116,267136,832252
2021-03-06,"Johnson&Johnson, Moderna, Oxford/AstraZeneca, Pfizer/BioNTech",577273,268001,845274
2021-03-07,"Johnson&Johnson, Moderna, Oxford/AstraZeneca, Pfizer/BioNTech",588822,268844,857666
2021-03-08,"Johnson&Johnson, Moderna, Oxford/AstraZeneca, Pfizer/BioNTech",618572,273707,892279
2021-03-09,"Johnson&Johnson, Moderna, Oxford/AstraZeneca, Pfizer/BioNTech",654943,280093,935036
2021-03-10,"Johnson&Johnson, Moderna, Oxford/AstraZeneca, Pfizer/BioNTech",696280,287054,983334
2021-03-11,"Johnson&Johnson, Moderna, Oxford/AstraZeneca, Pfizer/BioNTech",741136,295429,1036565
2021-03-12,"Johnson&Johnson, Moderna, Oxford/AstraZeneca, Pfizer/BioNTech",779904,303926,1083830
2021-03-13,"Johnson&Johnson, Moderna, Oxford/AstraZeneca, Pfizer/BioNTech",797013,305241,1102254
2021-03-14,"Johnson&Johnson, Moderna, Oxford/AstraZeneca, Pfizer/BioNTech",809132,306397,1115529
2021-03-15,"Johnson&Johnson, Moderna, Oxford/AstraZeneca, Pfizer/BioNTech",837530,315180,1152710
2021-03-16,"Johnson&Johnson, Moderna, Oxford/AstraZeneca, Pfizer/BioNTech",876426,325718,1202144
2021-03-17,"Moderna, Oxford/AstraZeneca, Pfizer/BioNTech",913917,336231,1250148
2021-03-18,"Johnson&Johnson, Moderna, Oxford/AstraZeneca, Pfizer/BioNTech",951921,348656,1300577
2021-03-19,"Moderna, Oxford/AstraZeneca, Pfizer/BioNTech",986438,362270,1348708
2021-03-20,"Johnson&Johnson, Moderna, Oxford/AstraZeneca, Pfizer/BioNTech",1001619,364302,1365921
2021-03-21,"Johnson&Johnson, Moderna, Oxford/AstraZeneca, Pfizer/BioNTech",1009061,365862,1374923
2021-03-22,"Johnson&Johnson, Moderna, Oxford/AstraZeneca, Pfizer/BioNTech",1033639,378366,1412005
2021-03-23,"Johnson&Johnson, Moderna, Oxford/AstraZeneca, Pfizer/BioNTech",1060318,391732,1452050
2021-03-24,"Johnson&Johnson, Moderna, Oxford/AstraZeneca, Pfizer/BioNTech",1087204,407481,1494685
2021-03-25,"Johnson&Johnson, Moderna, Oxford/AstraZeneca, Pfizer/BioNTech",1113559,425337,1538896
2021-03-26,"Johnson&Johnson, Moderna, Oxford/AstraZeneca, Pfizer/BioNTech",1138401,442849,1581250
2021-03-27,"Johnson&Johnson, Moderna, Oxford/AstraZeneca, Pfizer/BioNTech",1146859,447695,1594554
2021-03-28,"Moderna, Oxford/AstraZeneca, Pfizer/BioNTech",1152407,451843,1604250
2021-03-29,"Johnson&Johnson, Moderna, Oxford/AstraZeneca, Pfizer/BioNTech",1171565,472581,1644146
2021-03-30,"Johnson&Johnson, Moderna, Oxford/AstraZeneca, Pfizer/BioNTech",1196276,494768,1691044
2021-03-31,"Johnson&Johnson, Moderna, Oxford/AstraZeneca, Pfizer/BioNTech",1219433,521838,1741271
2021-04-01,"Johnson&Johnson, Moderna, Oxford/AstraZeneca, Pfizer/BioNTech",1245119,553900,1799019
2021-04-02,"Johnson&Johnson, Moderna, Oxford/AstraZeneca, Pfizer/BioNTech",1252095,566702,1818797
2021-04-03,"Johnson&Johnson, Moderna, Oxford/AstraZeneca, Pfizer/BioNTech",1255745,577633,1833378
2021-04-04,"Johnson&Johnson, Moderna, Oxford/AstraZeneca, Pfizer/BioNTech",1258286,586558,1844844
2021-04-05,"Johnson&Johnson, Moderna, Oxford/AstraZeneca, Pfizer/BioNTech",1260715,593762,1854477
2021-04-06,"Johnson&Johnson, Moderna, Oxford/AstraZeneca, Pfizer/BioNTech",1276930,623039,1899969
2021-04-07,"Johnson&Johnson, Moderna, Oxford/AstraZeneca, Pfizer/BioNTech",1300434,645284,1945718
2021-04-08,"Johnson&Johnson, Moderna, Oxford/AstraZeneca, Pfizer/BioNTech",1339244,676331,2015575
2021-04-09,"Johnson&Johnson, Moderna, Oxford/AstraZeneca, Pfizer/BioNTech",1378844,706528,2085372
2021-04-10,"Johnson&Johnson, Moderna, Oxford/AstraZeneca, Pfizer/BioNTech",1394410,721841,2116251
2021-04-11,"Johnson&Johnson, Moderna, Oxford/AstraZeneca, Pfizer/BioNTech",1404205,731897,2136102
2021-04-12,"Johnson&Johnson, Moderna, Oxford/AstraZeneca, Pfizer/BioNTech",1442527,757042,2199569
2021-04-13,"Moderna, Oxford/AstraZeneca, Pfizer/BioNTech",1478832,783085,2261917
2021-04-14,"Moderna, Oxford/AstraZeneca, Pfizer/BioNTech",1517715,810460,2328175
2021-04-15,"Moderna, Oxford/AstraZeneca, Pfizer/BioNTech",1565550,836240,2401790
2021-04-16,"Moderna, Oxford/AstraZeneca, Pfizer/BioNTech",1610262,861926,2472188
2021-04-17,"Moderna, Oxford/AstraZeneca, Pfizer/BioNTech",1626987,870953,2497940
2021-04-18,"Moderna, Oxford/AstraZeneca, Pfizer/BioNTech",1639986,875939,2515925
2021-04-19,"Johnson&Johnson, Moderna, Oxford/AstraZeneca, Pfizer/BioNTech",1683960,891382,2575342
2021-04-20,"Johnson&Johnson, Moderna, Oxford/AstraZeneca, Pfizer/BioNTech",1726548,907273,2633821
2021-04-21,"Moderna, Oxford/AstraZeneca, Pfizer/BioNTech",1774322,921642,2695964
2021-04-22,"Johnson&Johnson, Moderna, Oxford/AstraZeneca, Pfizer/BioNTech",1828850,939040,2767890
2021-04-23,"Johnson&Johnson, Moderna, Oxford/AstraZeneca, Pfizer/BioNTech",1878870,951106,2829976
2021-04-24,"Johnson&Johnson, Moderna, Oxford/AstraZeneca, Pfizer/BioNTech",1896746,956372,2853118
2021-04-25,"Johnson&Johnson, Moderna, Oxford/AstraZeneca, Pfizer/BioNTech",1911458,960374,2871832
2021-04-26,"Johnson&Johnson, Moderna, Oxford/AstraZeneca, Pfizer/BioNTech",1961069,967943,2929012
2021-04-27,"Johnson&Johnson, Moderna, Oxford/AstraZeneca, Pfizer/BioNTech",2010064,980195,2990259
2021-04-28,"Johnson&Johnson, Moderna, Oxford/AstraZeneca, Pfizer/BioNTech",2068847,994223,3063070
2021-04-29,"Johnson&Johnson, Moderna, Oxford/AstraZeneca, Pfizer/BioNTech",2134466,1010141,3144607
2021-04-30,"Johnson&Johnson, Moderna, Oxford/AstraZeneca, Pfizer/BioNTech",2196764,1020137,3216901
2021-05-01,"Johnson&Johnson, Moderna, Oxford/AstraZeneca, Pfizer/BioNTech",2216150,1023600,3239750
2021-05-02,"Johnson&Johnson, Moderna, Oxford/AstraZeneca, Pfizer/BioNTech",2235101,1025889,3260990
2021-05-03,"Johnson&Johnson, Moderna, Oxford/AstraZeneca, Pfizer/BioNTech",2302383,1030971,3333354
2021-05-04,"Johnson&Johnson, Moderna, Oxford/AstraZeneca, Pfizer/BioNTech",2368938,1039347,3408285
2021-05-05,"Johnson&Johnson, Moderna, Oxford/AstraZeneca, Pfizer/BioNTech",2442147,1048794,3490941
2021-05-06,"Johnson&Johnson, Moderna, Oxford/AstraZeneca, Pfizer/BioNTech",2522595,1059550,3582145
2021-05-07,"Johnson&Johnson, Moderna, Oxford/AstraZeneca, Pfizer/BioNTech",2599929,1069692,3669621
2021-05-08,"Johnson&Johnson, Moderna, Oxford/AstraZeneca, Pfizer/BioNTech",2629461,1071482,3700943
2021-05-09,"Johnson&Johnson, Moderna, Oxford/AstraZeneca, Pfizer/BioNTech",2653695,1072702,3726397
2021-05-10,"Johnson&Johnson, Moderna, Oxford/AstraZeneca, Pfizer/BioNTech",2726503,1079952,3806455
2021-05-11,"Johnson&Johnson, Moderna, Oxford/AstraZeneca, Pfizer/BioNTech",2802658,1088787,3891445
2021-05-12,"Johnson&Johnson, Moderna, Oxford/AstraZeneca, Pfizer/BioNTech",2882609,1097933,3980542
2021-05-13,"Johnson&Johnson, Moderna, Oxford/AstraZeneca, Pfizer/BioNTech",2966667,1107124,4073791
2021-05-14,"Johnson&Johnson, Moderna, Oxford/AstraZeneca, Pfizer/BioNTech",3046216,1114955,4161171
2021-05-15,"Johnson&Johnson, Moderna, Oxford/AstraZeneca, Pfizer/BioNTech",3078179,1117239,4195418
2021-05-16,"Johnson&Johnson, Moderna, Oxford/AstraZeneca, Pfizer/BioNTech",3103990,1118524,4222514
2021-05-17,"Johnson&Johnson, Moderna, Oxford/AstraZeneca, Pfizer/BioNTech",3176535,1125282,4301817
2021-05-18,"Johnson&Johnson, Moderna, Oxford/AstraZeneca, Pfizer/BioNTech",3248523,1138404,4386927
2021-05-19,"Johnson&Johnson, Moderna, Oxford/AstraZeneca, Pfizer/BioNTech",3326024,1153579,4479603
2021-05-20,"Johnson&Johnson, Moderna, Oxford/AstraZeneca, Pfizer/BioNTech",3401517,1180650,4582167
2021-05-21,"Johnson&Johnson, Moderna, Oxford/AstraZeneca, Pfizer/BioNTech",3470371,1208465,4678836
2021-05-22,"Johnson&Johnson, Moderna, Oxford/AstraZeneca, Pfizer/BioNTech",3502827,1219706,4722533
2021-05-23,"Johnson&Johnson, Moderna, Oxford/AstraZeneca, Pfizer/BioNTech",3525275,1228748,4754023
2021-05-24,"Johnson&Johnson, Moderna, Oxford/AstraZeneca, Pfizer/BioNTech",3572488,1262427,4834915
2021-05-25,"Johnson&Johnson, Moderna, Oxford/AstraZeneca, Pfizer/BioNTech",3624407,1298275,4922682
2021-05-26,"Johnson&Johnson, Moderna, Oxford/AstraZeneca, Pfizer/BioNTech",3692174,1335838,5028012
2021-05-27,"Johnson&Johnson, Moderna, Oxford/AstraZeneca, Pfizer/BioNTech",3753612,1383207,5136819
2021-05-28,"Johnson&Johnson, Moderna, Oxford/AstraZeneca, Pfizer/BioNTech",3815367,1429821,5245188
2021-05-29,"Johnson&Johnson, Moderna, Oxford/AstraZeneca, Pfizer/BioNTech",3844627,1446966,5291593
2021-05-30,"Johnson&Johnson, Moderna, Oxford/AstraZeneca, Pfizer/BioNTech",3867037,1461435,5328472
2021-05-31,"Johnson&Johnson, Moderna, Oxford/AstraZeneca, Pfizer/BioNTech",3922789,1508971,5431760
2021-06-01,"Johnson&Johnson, Moderna, Oxford/AstraZeneca, Pfizer/BioNTech",3981894,1557861,5539755
2021-06-02,"Johnson&Johnson, Moderna, Oxford/AstraZeneca, Pfizer/BioNTech",4044864,1611899,5656763
2021-06-03,"Johnson&Johnson, Moderna, Oxford/AstraZeneca, Pfizer/BioNTech",4103117,1672149,5775266
2021-06-04,"Johnson&Johnson, Moderna, Oxford/AstraZeneca, Pfizer/BioNTech",4166250,1729592,5895842
2021-06-05,"Johnson&Johnson, Moderna, Oxford/AstraZeneca, Pfizer/BioNTech",4200438,1748517,5948955
2021-06-06,"Johnson&Johnson, Moderna, Oxford/AstraZeneca, Pfizer/BioNTech",4227398,1763692,5991090
2021-06-07,"Johnson&Johnson, Moderna, Oxford/AstraZeneca, Pfizer/BioNTech",4291098,1819347,6110445
2021-06-08,"Johnson&Johnson, Moderna, Oxford/AstraZeneca, Pfizer/BioNTech",4355116,1874383,6229499
2021-06-09,"Johnson&Johnson, Moderna, Oxford/AstraZeneca, Pfizer/BioNTech",4414338,1939087,6353425
2021-06-10,"Johnson&Johnson, Moderna, Oxford/AstraZeneca, Pfizer/BioNTech",4468204,2010413,6478617
2021-06-11,"Johnson&Johnson, Moderna, Oxford/AstraZeneca, Pfizer/BioNTech",4520334,2080273,6600607
2021-06-12,"Johnson&Johnson, Moderna, Oxford/AstraZeneca, Pfizer/BioNTech",4552353,2101127,6653480
2021-06-13,"Johnson&Johnson, Moderna, Oxford/AstraZeneca, Pfizer/BioNTech",4576399,2119571,6695970
2021-06-14,"Johnson&Johnson, Moderna, Oxford/AstraZeneca, Pfizer/BioNTech",4619487,2193991,6813478
2021-06-15,"Johnson&Johnson, Moderna, Oxford/AstraZeneca, Pfizer/BioNTech",4664166,2266404,6930570
2021-06-16,"Johnson&Johnson, Moderna, Oxford/AstraZeneca, Pfizer/BioNTech",4706985,2344666,7051651
2021-06-17,"Johnson&Johnson, Moderna, Oxford/AstraZeneca, Pfizer/BioNTech",4746423,2427790,7174213
2021-06-18,"Johnson&Johnson, Moderna, Oxford/AstraZeneca, Pfizer/BioNTech",4788873,2508400,7297273
2021-06-19,"Johnson&Johnson, Moderna, Oxford/AstraZeneca, Pfizer/BioNTech",4810661,2537745,7348406
2021-06-20,"Johnson&Johnson, Moderna, Oxford/AstraZeneca, Pfizer/BioNTech",4828071,2561619,7389690
2021-06-21,"Johnson&Johnson, Moderna, Oxford/AstraZeneca, Pfizer/BioNTech",4860587,2640260,7500847
2021-06-22,"Johnson&Johnson, Moderna, Oxford/AstraZeneca, Pfizer/BioNTech",4893563,2722605,7616168
2021-06-23,"Johnson&Johnson, Moderna, Oxford/AstraZeneca, Pfizer/BioNTech",4925277,2807874,7733151
2021-06-24,"Johnson&Johnson, Moderna, Oxford/AstraZeneca, Pfizer/BioNTech",4955146,2897951,7853097
2021-06-25,"Johnson&Johnson, Moderna, Oxford/AstraZeneca, Pfizer/BioNTech",4986237,2984200,7970437
2021-06-26,"Johnson&Johnson, Moderna, Oxford/AstraZeneca, Pfizer/BioNTech",5002142,3019087,8021229
2021-06-27,"Johnson&Johnson, Moderna, Oxford/AstraZeneca, Pfizer/BioNTech",5016104,3045806,8061910
2021-06-28,"Johnson&Johnson, Moderna, Oxford/AstraZeneca, Pfizer/BioNTech",5044525,3131041,8175566
2021-06-29,"Johnson&Johnson, Moderna, Oxford/AstraZeneca, Pfizer/BioNTech",5073814,3217604,8291418
2021-06-30,"Johnson&Johnson, Moderna, Oxford/AstraZeneca, Pfizer/BioNTech",5101320,3308658,8409978
2021-07-01,"Johnson&Johnson, Moderna, Oxford/AstraZeneca, Pfizer/BioNTech",5125306,3398768,8524074
2021-07-02,"Johnson&Johnson, Moderna, Oxford/AstraZeneca, Pfizer/BioNTech",5152054,3484704,8636758
2021-07-03,"Johnson&Johnson, Moderna, Oxford/AstraZeneca, Pfizer/BioNTech",5159156,3516279,8675435
2021-07-04,"Johnson&Johnson, Moderna, Oxford/AstraZeneca, Pfizer/BioNTech",5166742,3538105,8704847
2021-07-05,"Johnson&Johnson, Moderna, Oxford/AstraZeneca, Pfizer/BioNTech",5174156,3563521,8737677
2021-07-06,"Johnson&Johnson, Moderna, Oxford/AstraZeneca, Pfizer/BioNTech",5179623,3591251,8770874
2021-07-07,"Johnson&Johnson, Moderna, Oxford/AstraZeneca, Pfizer/BioNTech",5205455,3670250,8875705
2021-07-08,"Johnson&Johnson, Moderna, Oxford/AstraZeneca, Pfizer/BioNTech",5232071,3740601,8972672
2021-07-09,"Johnson&Johnson, Moderna, Oxford/AstraZeneca, Pfizer/BioNTech",5260021,3809943,9069964
2021-07-10,"Johnson&Johnson, Moderna, Oxford/AstraZeneca, Pfizer/BioNTech",5269402,3838619,9108021
2021-07-11,"Johnson&Johnson, Moderna, Oxford/AstraZeneca, Pfizer/BioNTech",5277954,3861512,9139466
2021-07-12,"Johnson&Johnson, Moderna, Oxford/AstraZeneca, Pfizer/BioNTech",5305492,3930608,9236100
2021-07-13,"Johnson&Johnson, Moderna, Oxford/AstraZeneca, Pfizer/BioNTech",5331696,4000509,9332205
2021-07-14,"Johnson&Johnson, Moderna, Oxford/AstraZeneca, Pfizer/BioNTech",5357533,4072527,9430060
2021-07-15,"Johnson&Johnson, Moderna, Oxford/AstraZeneca, Pfizer/BioNTech",5386724,4138566,9525290
2021-07-16,"Johnson&Johnson, Moderna, Oxford/AstraZeneca, Pfizer/BioNTech",5414657,4211324,9625981
2021-07-17,"Johnson&Johnson, Moderna, Oxford/AstraZeneca, Pfizer/BioNTech",5423460,4242807,9666267
2021-07-18,"Johnson&Johnson, Moderna, Oxford/AstraZeneca, Pfizer/BioNTech",5431904,4268820,9700724
2021-07-19,"Johnson&Johnson, Moderna, Oxford/AstraZeneca, Pfizer/BioNTech",5455278,4335869,9791147
2021-07-20,"Johnson&Johnson, Moderna, Oxford/AstraZeneca, Pfizer/BioNTech",5476689,4402950,9879639
2021-07-21,"Johnson&Johnson, Moderna, Oxford/AstraZeneca, Pfizer/BioNTech",5500150,4466426,9966576
2021-07-22,"Johnson&Johnson, Moderna, Oxford/AstraZeneca, Pfizer/BioNTech",5522523,4525073,10047596
2021-07-23,"Johnson&Johnson, Moderna, Oxford/AstraZeneca, Pfizer/BioNTech",5545754,4579846,10125600
2021-07-24,"Johnson&Johnson, Moderna, Oxford/AstraZeneca, Pfizer/BioNTech",5553100,4607526,10160626
2021-07-25,"Johnson&Johnson, Moderna, Oxford/AstraZeneca, Pfizer/BioNTech",5559736,4629667,10189403
2021-07-26,"Johnson&Johnson, Moderna, Oxford/AstraZeneca, Pfizer/BioNTech",5583293,4678366,10261659
2021-07-27,"Johnson&Johnson, Moderna, Oxford/AstraZeneca, Pfizer/BioNTech",5606043,4725034,10331077
2021-07-28,"Johnson&Johnson, Moderna, Oxford/AstraZeneca, Pfizer/BioNTech",5627323,4771066,10398389
2021-07-29,"Johnson&Johnson, Moderna, Oxford/AstraZeneca, Pfizer/BioNTech",5648660,4813057,10461717
2021-07-30,"Johnson&Johnson, Moderna, Oxford/AstraZeneca, Pfizer/BioNTech",5671944,4855650,10527594
2021-07-31,"Johnson&Johnson, Moderna, Oxford/AstraZeneca, Pfizer/BioNTech",5680890,4875191,10556081
2021-08-01,"Johnson&Johnson, Moderna, Oxford/AstraZeneca, Pfizer/BioNTech",5687620,4891375,10578995
2021-08-02,"Johnson&Johnson, Moderna, Oxford/AstraZeneca, Pfizer/BioNTech",5706266,4928948,10635214
2021-08-03,"Johnson&Johnson, Moderna, Oxford/AstraZeneca, Pfizer/BioNTech",5723919,4967069,10690988
2021-08-04,"Johnson&Johnson, Moderna, Oxford/AstraZeneca, Pfizer/BioNTech",5740043,5003848,10743891
2021-08-05,"Johnson&Johnson, Moderna, Oxford/AstraZeneca, Pfizer/BioNTech",5756084,5044353,10800437
2021-08-06,"Johnson&Johnson, Moderna, Oxford/AstraZeneca, Pfizer/BioNTech",5772884,5087668,10860552
2021-08-07,"Johnson&Johnson, Moderna, Oxford/AstraZeneca, Pfizer/BioNTech",5778488,5105851,10884339
2021-08-08,"Johnson&Johnson, Moderna, Oxford/AstraZeneca, Pfizer/BioNTech",5782856,5121616,10904472
2021-08-09,"Johnson&Johnson, Moderna, Oxford/AstraZeneca, Pfizer/BioNTech",5795500,5166693,10962193
2021-08-10,"Johnson&Johnson, Moderna, Oxford/AstraZeneca, Pfizer/BioNTech",5807347,5206282,11013629
2021-08-11,"Johnson&Johnson, Moderna, Oxford/AstraZeneca, Pfizer/BioNTech",5818708,5249429,11068137
2021-08-12,"Johnson&Johnson, Moderna, Oxford/AstraZeneca, Pfizer/BioNTech",5830134,5286582,11116716
2021-08-13,"Johnson&Johnson, Moderna, Oxford/AstraZeneca, Pfizer/BioNTech",5840861,5326940,11167801
2021-08-14,"Johnson&Johnson, Moderna, Oxford/AstraZeneca, Pfizer/BioNTech",5844199,5337656,11181855
2021-08-15,"Johnson&Johnson, Moderna, Oxford/AstraZeneca, Pfizer/BioNTech",5846785,5348045,11194830
2021-08-16,"Johnson&Johnson, Moderna, Oxford/AstraZeneca, Pfizer/BioNTech",5856577,5382133,11238710
2021-08-17,"Johnson&Johnson, Moderna, Oxford/AstraZeneca, Pfizer/BioNTech",5866174,5409239,11275413
2021-08-18,"Johnson&Johnson, Moderna, Oxford/AstraZeneca, Pfizer/BioNTech",5875551,5448139,11323690
2021-08-19,"Johnson&Johnson, Moderna, Oxford/AstraZeneca, Pfizer/BioNTech",5885232,5486503,11371735
2021-08-20,"Johnson&Johnson, Moderna, Oxford/AstraZeneca, Pfizer/BioNTech",5896625,5526697,11423322
2021-08-21,"Johnson&Johnson, Moderna, Oxford/AstraZeneca, Pfizer/BioNTech",5899347,5539467,11438814
2021-08-22,"Johnson&Johnson, Moderna, Oxford/AstraZeneca, Pfizer/BioNTech",5901692,5551437,11453129
2021-08-23,"Johnson&Johnson, Moderna, Oxford/AstraZeneca, Pfizer/BioNTech",5912224,5590717,11502941
2021-08-24,"Johnson&Johnson, Moderna, Oxford/AstraZeneca, Pfizer/BioNTech",5922105,5623980,11546085
2021-08-25,"Johnson&Johnson, Moderna, Oxford/AstraZeneca, Pfizer/BioNTech",5930970,5652358,11583328
2021-08-26,"Johnson&Johnson, Moderna, Oxford/AstraZeneca, Pfizer/BioNTech",5939422,5678487,11617909
2021-08-27,"Johnson&Johnson, Moderna, Oxford/AstraZeneca, Pfizer/BioNTech",5949750,5704467,11654217
2021-08-28,"Johnson&Johnson, Moderna, Oxford/AstraZeneca, Pfizer/BioNTech",5952484,5711524,11664008
2021-08-29,"Johnson&Johnson, Moderna, Oxford/AstraZeneca, Pfizer/BioNTech",5954896,5718145,11673041
2021-08-30,"Johnson&Johnson, Moderna, Oxford/AstraZeneca, Pfizer/BioNTech",5963427,5740026,11703453
2021-08-31,"Johnson&Johnson, Moderna, Oxford/AstraZeneca, Pfizer/BioNTech",5971107,5758131,11729238
2021-09-01,"Johnson&Johnson, Moderna, Oxford/AstraZeneca, Pfizer/BioNTech",5977019,5772149,11749168
2021-09-02,"Johnson&Johnson, Moderna, Oxford/AstraZeneca, Pfizer/BioNTech",5983862,5786541,11770403
2021-09-03,"Johnson&Johnson, Moderna, Oxford/AstraZeneca, Pfizer/BioNTech",5993425,5802270,11795695
2021-09-04,"Johnson&Johnson, Moderna, Oxford/AstraZeneca, Pfizer/BioNTech",5995494,5805827,11801321
2021-09-05,"Johnson&Johnson, Moderna, Oxford/AstraZeneca, Pfizer/BioNTech",5997533,5808674,11806207
2021-09-06,"Johnson&Johnson, Moderna, Oxford/AstraZeneca, Pfizer/BioNTech",6003771,5821216,11824987
2021-09-07,"Johnson&Johnson, Moderna, Oxford/AstraZeneca, Pfizer/BioNTech",6008166,5832301,11840467
2021-09-08,"Johnson&Johnson, Moderna, Oxford/AstraZeneca, Pfizer/BioNTech",6013842,5842162,11856004
2021-09-09,"Johnson&Johnson, Moderna, Oxford/AstraZeneca, Pfizer/BioNTech",6020543,5852229,11872772
2021-09-10,"Johnson&Johnson, Moderna, Oxford/AstraZeneca, Pfizer/BioNTech",6028237,5864408,11892645
2021-09-11,"Johnson&Johnson, Moderna, Oxford/AstraZeneca, Pfizer/BioNTech",6030104,5866891,11896995
2021-09-12,"Johnson&Johnson, Moderna, Oxford/AstraZeneca, Pfizer/BioNTech",6031222,5868523,11899745
2021-09-13,"Johnson&Johnson, Moderna, Oxford/AstraZeneca, Pfizer/BioNTech",6036659,5878828,11915487
2021-09-14,"Johnson&Johnson, Moderna, Oxford/AstraZeneca, Pfizer/BioNTech",6042055,5887847,11929902
2021-09-15,"Johnson&Johnson, Moderna, Oxford/AstraZeneca, Pfizer/BioNTech",6047256,5896376,11943632
2021-09-16,"Johnson&Johnson, Moderna, Oxford/AstraZeneca, Pfizer/BioNTech",6052605,5904655,11957260
2021-09-17,"Johnson&Johnson, Moderna, Oxford/AstraZeneca, Pfizer/BioNTech",6059176,5914891,11974067
2021-09-18,"Johnson&Johnson, Moderna, Oxford/AstraZeneca, Pfizer/BioNTech",6060902,5917252,11978154
2021-09-19,"Johnson&Johnson, Moderna, Oxford/AstraZeneca, Pfizer/BioNTech",6061848,5918821,11980669
2021-09-20,"Johnson&Johnson, Moderna, Oxford/AstraZeneca, Pfizer/BioNTech",6065865,5927021,11992886
2021-09-21,"Johnson&Johnson, Moderna, Oxford/AstraZeneca, Pfizer/BioNTech",6070101,5934554,12004655
2021-09-22,"Johnson&Johnson, Moderna, Oxford/AstraZeneca, Pfizer/BioNTech",6074294,5940081,12014375
2021-09-23,"Johnson&Johnson, Moderna, Oxford/AstraZeneca, Pfizer/BioNTech",6079269,5946491,12025760
2021-09-24,"Johnson&Johnson, Moderna, Oxford/AstraZeneca, Pfizer/BioNTech",6085031,5956113,12041144
2021-09-25,"Johnson&Johnson, Moderna, Oxford/AstraZeneca, Pfizer/BioNTech",6086526,5958112,12044638
2021-09-26,"Johnson&Johnson, Moderna, Oxford/AstraZeneca, Pfizer/BioNTech",6087271,5959751,12047022
2021-09-27,"Johnson&Johnson, Moderna, Oxford/AstraZeneca, Pfizer/BioNTech",6091154,5966265,12057419
2021-09-28,"Johnson&Johnson, Moderna, Oxford/AstraZeneca, Pfizer/BioNTech",6091522,5966889,12058411
2021-09-29,"Johnson&Johnson, Moderna, Oxford/AstraZeneca, Pfizer/BioNTech",6095297,5974348,12069645
2021-09-30,"Johnson&Johnson, Moderna, Oxford/AstraZeneca, Pfizer/BioNTech",6099803,5982048,12081851
2021-10-01,"Johnson&Johnson, Moderna, Oxford/AstraZeneca, Pfizer/BioNTech",6104107,5990028,12094135
2021-10-02,"Johnson&Johnson, Moderna, Oxford/AstraZeneca, Pfizer/BioNTech",6105171,5991570,12096741
2021-10-03,"Johnson&Johnson, Moderna, Oxford/AstraZeneca, Pfizer/BioNTech",6105896,5992440,12098336
2021-10-04,"Johnson&Johnson, Moderna, Oxford/AstraZeneca, Pfizer/BioNTech",6108971,5998012,12106983
2021-10-05,"Johnson&Johnson, Moderna, Oxford/AstraZeneca, Pfizer/BioNTech",6112135,6003098,12115233
2021-10-06,"Johnson&Johnson, Moderna, Oxford/AstraZeneca, Pfizer/BioNTech",6115654,6008269,12123923
2021-10-07,"Johnson&Johnson, Moderna, Oxford/AstraZeneca, Pfizer/BioNTech",6118935,6013528,12132463
2021-10-08,"Johnson&Johnson, Moderna, Oxford/AstraZeneca, Pfizer/BioNTech",6123729,6020169,12143898
2021-10-09,"Johnson&Johnson, Moderna, Oxford/AstraZeneca, Pfizer/BioNTech",6124973,6021827,12146800
2021-10-10,"Johnson&Johnson, Moderna, Oxford/AstraZeneca, Pfizer/BioNTech",6125916,6022658,12148574
2021-10-11,"Johnson&Johnson, Moderna, Oxford/AstraZeneca, Pfizer/BioNTech",6128846,6027072,12155918
2021-10-12,"Johnson&Johnson, Moderna, Oxford/AstraZeneca, Pfizer/BioNTech",6131777,6031076,12162853
2021-10-13,"Johnson&Johnson, Moderna, Oxford/AstraZeneca, Pfizer/BioNTech",6135307,6035259,12170566
2021-10-14,"Johnson&Johnson, Moderna, Oxford/AstraZeneca, Pfizer/BioNTech",6138980,6040208,12179188
2021-10-15,"Johnson&Johnson, Moderna, Oxford/AstraZeneca, Pfizer/BioNTech",6144209,6046354,12190563
2021-10-16,"Johnson&Johnson, Moderna, Oxford/AstraZeneca, Pfizer/BioNTech",6145624,6047881,12193505
2021-10-17,"Johnson&Johnson, Moderna, Pfizer/BioNTech",6146951,6048934,12195885
2021-10-18,"Johnson&Johnson, Moderna, Oxford/AstraZeneca, Pfizer/BioNTech",6151066,6053032,12204098
2021-10-19,"Johnson&Johnson, Moderna, Oxford/AstraZeneca, Pfizer/BioNTech",6154646,6055130,12209776
2021-10-20,"Johnson&Johnson, Moderna, Oxford/AstraZeneca, Pfizer/BioNTech",6159526,6059579,12219105
2021-10-21,"Johnson&Johnson, Moderna, Oxford/AstraZeneca, Pfizer/BioNTech",6167291,6065182,12232473
2021-10-22,"Johnson&Johnson, Moderna, Oxford/AstraZeneca, Pfizer/BioNTech",6177746,6071686,12249432
2021-10-23,"Johnson&Johnson, Moderna, Oxford/AstraZeneca, Pfizer/BioNTech",6181421,6073892,12255313
2021-10-24,"Johnson&Johnson, Moderna, Oxford/AstraZeneca, Pfizer/BioNTech",6184106,6075673,12259779
2021-10-25,"Johnson&Johnson, Moderna, Oxford/AstraZeneca, Pfizer/BioNTech",6194604,6081480,12276084
2021-10-26,"Johnson&Johnson, Moderna, Oxford/AstraZeneca, Pfizer/BioNTech",6206596,6088031,12294627
2021-10-27,"Johnson&Johnson, Moderna, Oxford/AstraZeneca, Pfizer/BioNTech",6221205,6095436,12316641
2021-10-28,"Johnson&Johnson, Moderna, Oxford/AstraZeneca, Pfizer/BioNTech",6224627,6097120,12321747
2021-10-29,"Johnson&Johnson, Moderna, Oxford/AstraZeneca, Pfizer/BioNTech",6239063,6105105,12344168
2021-10-30,"Johnson&Johnson, Moderna, Oxford/AstraZeneca, Pfizer/BioNTech",6243592,6108029,12351621
2021-10-31,"Johnson&Johnson, Moderna, Oxford/AstraZeneca, Pfizer/BioNTech",6247355,6110501,12357856
2021-11-01,"Johnson&Johnson, Moderna, Oxford/AstraZeneca, Pfizer/BioNTech",6262553,6118187,12380740
2021-11-02,"Johnson&Johnson, Moderna, Oxford/AstraZeneca, Pfizer/BioNTech",6278004,6125743,12403747
2021-11-03,"Johnson&Johnson, Moderna, Oxford/AstraZeneca, Pfizer/BioNTech",6295187,6133039,12428226
2021-11-04,"Johnson&Johnson, Moderna, Oxford/AstraZeneca, Pfizer/BioNTech",6313539,6141208,12454747
2021-11-05,"Johnson&Johnson, Moderna, Oxford/AstraZeneca, Pfizer/BioNTech",6336340,6152492,12488832
2021-11-06,"Johnson&Johnson, Moderna, Oxford/AstraZeneca, Pfizer/BioNTech",6342854,6155546,12498400
2021-11-07,"Johnson&Johnson, Moderna, Oxford/AstraZeneca, Pfizer/BioNTech",6346875,6157982,12504857
2021-11-08,"Johnson&Johnson, Moderna, Oxford/AstraZeneca, Pfizer/BioNTech",6363147,6165615,12528762
2021-11-09,"Johnson&Johnson, Moderna, Oxford/AstraZeneca, Pfizer/BioNTech",6377954,6172910,12550864
2021-11-10,"Johnson&Johnson, Moderna, Oxford/AstraZeneca, Pfizer/BioNTech",6393696,6180292,12573988
2021-11-11,"Johnson&Johnson, Moderna, Oxford/AstraZeneca, Pfizer/BioNTech",6409166,6189396,12598562
2021-11-12,"Johnson&Johnson, Moderna, Oxford/AstraZeneca, Pfizer/BioNTech",6428973,6202197,12631170
2021-11-13,"Johnson&Johnson, Moderna, Oxford/AstraZeneca, Pfizer/BioNTech",6434365,6206069,12640434
2021-11-14,"Johnson&Johnson, Moderna, Oxford/AstraZeneca, Pfizer/BioNTech",6438258,6209072,12647330
2021-11-15,"Johnson&Johnson, Moderna, Oxford/AstraZeneca, Pfizer/BioNTech",6453334,6219763,12673097
2021-11-16,"Johnson&Johnson, Moderna, Oxford/AstraZeneca, Pfizer/BioNTech",6470875,6231741,12702616
2021-11-17,"Johnson&Johnson, Moderna, Oxford/AstraZeneca, Pfizer/BioNTech",6475117,6235304,12710421
2021-11-18,"Johnson&Johnson, Moderna, Oxford/AstraZeneca, Pfizer/BioNTech",6494539,6246996,12741535
2021-11-19,"Johnson&Johnson, Moderna, Oxford/AstraZeneca, Pfizer/BioNTech",6519145,6263966,12783111
2021-11-20,"Johnson&Johnson, Moderna, Oxford/AstraZeneca, Pfizer/BioNTech",6527722,6268947,12796669
2021-11-21,"Johnson&Johnson, Moderna, Pfizer/BioNTech",6534494,6272720,12807214
2021-11-22,"Johnson&Johnson, Moderna, Oxford/AstraZeneca, Pfizer/BioNTech",6553008,6286834,12839842
2021-11-23,"Johnson&Johnson, Moderna, Oxford/AstraZeneca, Pfizer/BioNTech",6572070,6300095,12872165
2021-11-24,"Johnson&Johnson, Moderna, Oxford/AstraZeneca, Pfizer/BioNTech",6591084,6315942,12907026
2021-11-25,"Johnson&Johnson, Moderna, Oxford/AstraZeneca, Pfizer/BioNTech",6610232,6330972,12941204
2021-11-26,"Johnson&Johnson, Moderna, Oxford/AstraZeneca, Pfizer/BioNTech",6631885,6350110,12981995
2021-11-27,"Johnson&Johnson, Moderna, Oxford/AstraZeneca, Pfizer/BioNTech",6639357,6355665,12995022
2021-11-28,"Johnson&Johnson, Moderna, Oxford/AstraZeneca, Pfizer/BioNTech",6642691,6358800,13001491
2021-11-29,"Johnson&Johnson, Moderna, Oxford/AstraZeneca, Pfizer/BioNTech",6657899,6372456,13030355
2021-11-30,"Johnson&Johnson, Moderna, Oxford/AstraZeneca, Pfizer/BioNTech",6671101,6383687,13054788
2021-12-01,"Johnson&Johnson, Moderna, Oxford/AstraZeneca, Pfizer/BioNTech",6685136,6396142,13081278
2021-12-02,"Johnson&Johnson, Moderna, Oxford/AstraZeneca, Pfizer/BioNTech",6695775,6408633,13104408
2021-12-03,"Johnson&Johnson, Moderna, Oxford/AstraZeneca, Pfizer/BioNTech",6705413,6424208,13129621
2021-12-04,"Johnson&Johnson, Moderna, Pfizer/BioNTech",6707972,6428157,13136129
2021-12-05,"Johnson&Johnson, Moderna, Oxford/AstraZeneca, Pfizer/BioNTech",6709332,6430497,13139829
2021-12-06,"Johnson&Johnson, Moderna, Oxford/AstraZeneca, Pfizer/BioNTech",6717479,6442023,13159502
2021-12-07,"Johnson&Johnson, Moderna, Oxford/AstraZeneca, Pfizer/BioNTech",6725366,6454031,13179397
2021-12-08,"Johnson&Johnson, Moderna, Oxford/AstraZeneca, Pfizer/BioNTech",6733609,6459958,13193567
2021-12-09,"Johnson&Johnson, Moderna, Oxford/AstraZeneca, Pfizer/BioNTech",6740729,6472776,13213505
2021-12-10,"Johnson&Johnson, Moderna, Oxford/AstraZeneca, Pfizer/BioNTech",6747662,6490580,13238242
2021-12-11,"Johnson&Johnson, Moderna, Pfizer/BioNTech",6749320,6495851,13245171
2021-12-12,"Johnson&Johnson, Moderna, Oxford/AstraZeneca, Pfizer/BioNTech",6750630,6500284,13250914
2021-12-13,"Johnson&Johnson, Moderna, Oxford/AstraZeneca, Pfizer/BioNTech",6756977,6513595,13270572
2021-12-14,"Johnson&Johnson, Moderna, Oxford/AstraZeneca, Pfizer/BioNTech",6763188,6527262,13290450
2021-12-15,"Johnson&Johnson, Moderna, Oxford/AstraZeneca, Pfizer/BioNTech",6769393,6540861,13310254
2021-12-16,"Johnson&Johnson, Moderna, Oxford/AstraZeneca, Pfizer/BioNTech",6776331,6555695,13332026
2021-12-17,"Johnson&Johnson, Moderna, Oxford/AstraZeneca, Pfizer/BioNTech",6784696,6572957,13357653
2021-12-18,"Johnson&Johnson, Moderna, Oxford/AstraZeneca, Pfizer/BioNTech",6787306,6578407,13365713
2021-12-19,"Johnson&Johnson, Moderna, Pfizer/BioNTech",6789078,6580910,13369988
2021-12-20,"Johnson&Johnson, Moderna, Oxford/AstraZeneca, Pfizer/BioNTech",6794920,6594974,13389894
2021-12-21,"Johnson&Johnson, Moderna, Oxford/AstraZeneca, Pfizer/BioNTech",6801582,6606965,13408547
2021-12-22,"Johnson&Johnson, Moderna, Oxford/AstraZeneca, Pfizer/BioNTech",6806628,6620018,13426646
2021-12-23,"Johnson&Johnson, Moderna, Oxford/AstraZeneca, Pfizer/BioNTech",6809495,6625620,13435115
2021-12-24,"Johnson&Johnson, Moderna, Oxford/AstraZeneca, Pfizer/BioNTech",6809541,6625720,13435261
2021-12-25,"Moderna, Pfizer/BioNTech",6809542,6625728,13435270
2021-12-26,"Moderna, Pfizer/BioNTech",6809643,6625929,13435572
2021-12-27,"Johnson&Johnson, Moderna, Pfizer/BioNTech",6813506,6635663,13449169
2021-12-28,"Johnson&Johnson, Moderna, Oxford/AstraZeneca, Pfizer/BioNTech",6818746,6643654,13462400
2021-12-29,"Johnson&Johnson, Moderna, Oxford/AstraZeneca, Pfizer/BioNTech",6823024,6651371,13474395
2021-12-30,"Johnson&Johnson, Moderna, Pfizer/BioNTech",6827322,6656803,13484125
2021-12-31,"Johnson&Johnson, Moderna, Pfizer/BioNTech",6827832,6658226,13486058
2022-01-01,"Johnson&Johnson, Moderna, Pfizer/BioNTech",6827837,6658244,13486081
2022-01-02,"Johnson&Johnson, Moderna, Pfizer/BioNTech",6828693,6659621,13488314
2022-01-03,"Johnson&Johnson, Moderna, Oxford/AstraZeneca, Pfizer/BioNTech",6832828,6668518,13501346
2022-01-04,"Johnson&Johnson, Moderna, Oxford/AstraZeneca, Pfizer/BioNTech",6837914,6676267,13514181
2022-01-05,"Johnson&Johnson, Moderna, Oxford/AstraZeneca, Pfizer/BioNTech",6843725,6684230,13527955
2022-01-06,"Johnson&Johnson, Moderna, Oxford/AstraZeneca, Pfizer/BioNTech",6850310,6692633,13542943
2022-01-07,"Johnson&Johnson, Moderna, Oxford/AstraZeneca, Pfizer/BioNTech",6858178,6702974,13561152
2022-01-08,"Johnson&Johnson, Moderna, Oxford/AstraZeneca, Pfizer/BioNTech",6860659,6705756,13566415
2022-01-09,"Johnson&Johnson, Moderna, Pfizer/BioNTech",6861741,6707449,13569190
2022-01-10,"Johnson&Johnson, Moderna, Oxford/AstraZeneca, Pfizer/BioNTech",6866236,6713633,13579869
2022-01-11,"Johnson&Johnson, Moderna, Oxford/AstraZeneca, Pfizer/BioNTech",6871674,6720387,13592061
2022-01-12,"Johnson&Johnson, Moderna, Oxford/AstraZeneca, Pfizer/BioNTech",6877624,6726029,13603653
2022-01-13,"Johnson&Johnson, Moderna, Oxford/AstraZeneca, Pfizer/BioNTech",6883504,6730800,13614304
2022-01-14,"Johnson&Johnson, Moderna, Oxford/AstraZeneca, Pfizer/BioNTech",6889799,6734429,13624228
2022-01-15,"Johnson&Johnson, Moderna, Oxford/AstraZeneca, Pfizer/BioNTech",6891077,6735083,13626160
2022-01-16,"Johnson&Johnson, Moderna, Oxford/AstraZeneca, Pfizer/BioNTech",6891764,6735520,13627284
2022-01-17,"Johnson&Johnson, Moderna, Oxford/AstraZeneca, Pfizer/BioNTech",6895308,6739470,13634778
2022-01-18,"Johnson&Johnson, Moderna, Oxford/AstraZeneca, Pfizer/BioNTech",6899158,6744418,13643576
2022-01-19,"Johnson&Johnson, Moderna, Oxford/AstraZeneca, Pfizer/BioNTech",6903221,6748350,13651571
2022-01-20,"Johnson&Johnson, Moderna, Oxford/AstraZeneca, Pfizer/BioNTech",6906814,6752787,13659601
2022-01-21,"Johnson&Johnson, Moderna, Oxford/AstraZeneca, Pfizer/BioNTech",6910807,6755313,13666120
2022-01-22,"Johnson&Johnson, Moderna, Pfizer/BioNTech",6911587,6755750,13667337
2022-01-23,"Johnson&Johnson, Moderna, Pfizer/BioNTech",6912149,6756384,13668533
2022-01-24,"Johnson&Johnson, Moderna, Oxford/AstraZeneca, Pfizer/BioNTech",6914404,6759816,13674220
2022-01-25,"Johnson&Johnson, Moderna, Oxford/AstraZeneca, Pfizer/BioNTech",6916756,6763809,13680565
2022-01-26,"Johnson&Johnson, Moderna, Oxford/AstraZeneca, Pfizer/BioNTech",6919138,6768372,13687510
2022-01-27,"Johnson&Johnson, Moderna, Oxford/AstraZeneca, Pfizer/BioNTech",6921464,6773182,13694646
2022-01-28,"Johnson&Johnson, Moderna, Oxford/AstraZeneca, Pfizer/BioNTech",6924372,6779330,13703702
2022-01-29,"Johnson&Johnson, Moderna, Pfizer/BioNTech",6924972,6780977,13705949
2022-01-30,"Johnson&Johnson, Moderna, Pfizer/BioNTech",6925201,6781754,13706955
2022-01-31,"Johnson&Johnson, Moderna, Pfizer/BioNTech",6926736,6785668,13712404
2022-02-01,"Johnson&Johnson, Moderna, Pfizer/BioNTech",6928318,6789698,13718016
2022-02-02,"Johnson&Johnson, Moderna, Pfizer/BioNTech",6929875,6794195,13724070
2022-02-03,"Johnson&Johnson, Moderna, Pfizer/BioNTech",6931237,6798666,13729903
2022-02-04,"Johnson&Johnson, Moderna, Pfizer/BioNTech",6932826,6803772,13736598
2022-02-05,"Johnson&Johnson, Moderna, Pfizer/BioNTech",6932999,6804381,13737380
2022-02-06,"Johnson&Johnson, Moderna, Pfizer/BioNTech",6933093,6804700,13737793
2022-02-07,"Johnson&Johnson, Moderna, Pfizer/BioNTech",6933787,6807904,13741691
2022-02-08,"Johnson&Johnson, Moderna, Pfizer/BioNTech",6934563,6811080,13745643
2022-02-09,"Johnson&Johnson, Moderna, Pfizer/BioNTech",6935377,6814444,13749821
2022-02-10,"Johnson&Johnson, Moderna, Pfizer/BioNTech",6936155,6817558,13753713
2022-02-11,"Johnson&Johnson, Moderna, Pfizer/BioNTech",6937082,6821462,13758544
2022-02-12,"Johnson&Johnson, Moderna, Pfizer/BioNTech",6937191,6821881,13759072
2022-02-13,"Johnson&Johnson, Moderna, Pfizer/BioNTech",6937227,6822317,13759544
2022-02-14,"Johnson&Johnson, Moderna, Pfizer/BioNTech",6937672,6824416,13762088
2022-02-15,"Johnson&Johnson, Moderna, Pfizer/BioNTech",6938216,6826612,13764828
2022-02-16,"Johnson&Johnson, Moderna, Pfizer/BioNTech",6938803,6828700,13767503
2022-02-17,"Johnson&Johnson, Moderna, Pfizer/BioNTech",6939397,6831028,13770425
2022-02-18,"Johnson&Johnson, Moderna, Pfizer/BioNTech",6940032,6834076,13774108
2022-02-19,"Johnson&Johnson, Moderna, Pfizer/BioNTech",6940109,6834358,13774467
2022-02-20,"Johnson&Johnson, Moderna, Pfizer/BioNTech",6940142,6834507,13774649
2022-02-21,"Johnson&Johnson, Moderna, Pfizer/BioNTech",6940491,6836187,13776678
2022-02-22,"Johnson&Johnson, Moderna, Pfizer/BioNTech",6940851,6837852,13778703
2022-02-23,"Johnson&Johnson, Moderna, Pfizer/BioNTech",6941299,6839453,13780752
2022-02-24,"Johnson&Johnson, Moderna, Pfizer/BioNTech",6941707,6841063,13782770
2022-02-25,"Johnson&Johnson, Moderna, Pfizer/BioNTech",6942218,6842883,13785101
2022-02-26,"Johnson&Johnson, Moderna, Pfizer/BioNTech",6942277,6843019,13785296
