date,vaccine,people_vaccinated,people_fully_vaccinated,total_vaccinations
2020-12-27,Pfizer/BioNTech,1273,0,1273
2020-12-28,Pfizer/BioNTech,3573,0,3573
2020-12-29,Pfizer/BioNTech,7029,0,7029
2020-12-30,Pfizer/BioNTech,10523,0,10523
2020-12-31,Pfizer/BioNTech,11828,0,11828
2021-01-01,"Moderna, Pfizer/BioNTech",12093,0,12093
2021-01-02,Pfizer/BioNTech,13366,0,13366
2021-01-03,Pfizer/BioNTech,14286,0,14286
2021-01-04,"Moderna, Pfizer/BioNTech",17881,0,17881
2021-01-05,"Moderna, Pfizer/BioNTech",22385,0,22385
2021-01-06,Pfizer/BioNTech,28223,0,28223
2021-01-07,Pfizer/BioNTech,36187,0,36187
2021-01-08,Pfizer/BioNTech,46161,0,46161
2021-01-09,Pfizer/BioNTech,48179,0,48179
2021-01-10,Pfizer/BioNTech,49937,2,49939
2021-01-11,Pfizer/BioNTech,59754,4,59758
2021-01-12,Pfizer/BioNTech,73154,6,73160
2021-01-13,Pfizer/BioNTech,86651,6,86657
2021-01-14,"Moderna, Pfizer/BioNTech",101842,8,101850
2021-01-15,"Moderna, Pfizer/BioNTech",115805,8,115813
2021-01-16,"Moderna, Pfizer/BioNTech",119183,10,119193
2021-01-17,"Moderna, Pfizer/BioNTech",121786,651,122437
2021-01-18,"Moderna, Pfizer/BioNTech",134253,2473,136726
2021-01-19,"Moderna, Pfizer/BioNTech",146804,5185,151989
2021-01-20,"Moderna, Pfizer/BioNTech",160432,7829,168261
2021-01-21,"Moderna, Pfizer/BioNTech",176032,9560,185592
2021-01-22,"Moderna, Pfizer/BioNTech",190849,10603,201452
2021-01-23,"Moderna, Pfizer/BioNTech",194143,11474,205617
2021-01-24,"Moderna, Pfizer/BioNTech",196387,12343,208730
2021-01-25,"Moderna, Pfizer/BioNTech",206002,15314,221316
2021-01-26,"Moderna, Pfizer/BioNTech",216514,19284,235798
2021-01-27,"Moderna, Pfizer/BioNTech",225521,23797,249318
2021-01-28,"Moderna, Pfizer/BioNTech",232582,29906,262488
2021-01-29,"Moderna, Pfizer/BioNTech",238777,37779,276556
2021-01-30,"Moderna, Pfizer/BioNTech",239508,38866,278374
2021-01-31,"Moderna, Pfizer/BioNTech",240215,40044,280259
2021-02-01,"Moderna, Pfizer/BioNTech",244173,47964,292137
2021-02-02,"Moderna, Pfizer/BioNTech",248299,58174,306473
2021-02-03,"Moderna, Pfizer/BioNTech",252700,69150,321850
2021-02-04,"Moderna, Pfizer/BioNTech",257589,82101,339690
2021-02-05,"Moderna, Pfizer/BioNTech",263032,92741,355773
2021-02-06,"Moderna, Pfizer/BioNTech",263873,95088,358961
2021-02-07,"Moderna, Pfizer/BioNTech",264721,97574,362295
2021-02-08,"Moderna, Oxford/AstraZeneca, Pfizer/BioNTech",268767,108949,377716
2021-02-09,"Moderna, Oxford/AstraZeneca, Pfizer/BioNTech",273840,120859,394699
2021-02-10,"Moderna, Pfizer/BioNTech",279322,134055,413377
2021-02-11,"Moderna, Oxford/AstraZeneca, Pfizer/BioNTech",285615,150219,435834
2021-02-12,"Moderna, Oxford/AstraZeneca, Pfizer/BioNTech",292344,164893,457237
2021-02-13,"Moderna, Oxford/AstraZeneca, Pfizer/BioNTech",293930,167871,461801
2021-02-14,"Moderna, Oxford/AstraZeneca, Pfizer/BioNTech",294921,169246,464167
2021-02-15,"Moderna, Oxford/AstraZeneca, Pfizer/BioNTech",301306,178573,479879
2021-02-16,"Moderna, Oxford/AstraZeneca, Pfizer/BioNTech",310004,187617,497621
2021-02-17,"Moderna, Oxford/AstraZeneca, Pfizer/BioNTech",319684,195890,515574
2021-02-18,"Moderna, Oxford/AstraZeneca, Pfizer/BioNTech",331972,203921,535893
2021-02-19,"Moderna, Oxford/AstraZeneca, Pfizer/BioNTech",343805,211231,555036
2021-02-20,"Moderna, Oxford/AstraZeneca, Pfizer/BioNTech",345779,212402,558181
2021-02-21,"Moderna, Oxford/AstraZeneca, Pfizer/BioNTech",346886,213416,560302
2021-02-22,"Moderna, Oxford/AstraZeneca, Pfizer/BioNTech",356983,219416,576399
2021-02-23,"Moderna, Oxford/AstraZeneca, Pfizer/BioNTech",369887,226363,596250
2021-02-24,"Moderna, Oxford/AstraZeneca, Pfizer/BioNTech",383731,232370,616101
2021-02-25,"Moderna, Oxford/AstraZeneca, Pfizer/BioNTech",401677,237899,639576
2021-02-26,"Moderna, Oxford/AstraZeneca, Pfizer/BioNTech",417811,243222,661033
2021-02-27,"Moderna, Oxford/AstraZeneca, Pfizer/BioNTech",420814,243772,664586
2021-02-28,"Moderna, Oxford/AstraZeneca, Pfizer/BioNTech",423156,244317,667473
2021-03-01,"Moderna, Oxford/AstraZeneca, Pfizer/BioNTech",442657,247731,690388
2021-03-02,"Moderna, Oxford/AstraZeneca, Pfizer/BioNTech",469829,251262,721091
2021-03-03,"Moderna, Oxford/AstraZeneca, Pfizer/BioNTech",500601,255746,756347
2021-03-04,"Moderna, Oxford/AstraZeneca, Pfizer/BioNTech",533753,260406,794159
2021-03-05,"Johnson&Johnson, Moderna, Oxford/AstraZeneca, Pfizer/BioNTech",562483,265792,828275
2021-03-06,"Johnson&Johnson, Moderna, Oxford/AstraZeneca, Pfizer/BioNTech",574586,266634,841220
2021-03-07,"Johnson&Johnson, Moderna, Oxford/AstraZeneca, Pfizer/BioNTech",585986,267466,853452
2021-03-08,"Johnson&Johnson, Moderna, Oxford/AstraZeneca, Pfizer/BioNTech",615599,272284,887883
2021-03-09,"Johnson&Johnson, Moderna, Oxford/AstraZeneca, Pfizer/BioNTech",651780,278637,930417
2021-03-10,"Moderna, Oxford/AstraZeneca, Pfizer/BioNTech",692925,285573,978498
2021-03-11,"Johnson&Johnson, Moderna, Oxford/AstraZeneca, Pfizer/BioNTech",737602,293919,1031521
2021-03-12,"Moderna, Oxford/AstraZeneca, Pfizer/BioNTech",776240,302362,1078602
2021-03-13,"Moderna, Oxford/AstraZeneca, Pfizer/BioNTech",793276,303647,1096923
2021-03-14,"Moderna, Oxford/AstraZeneca, Pfizer/BioNTech",805356,304781,1110137
2021-03-15,"Moderna, Oxford/AstraZeneca, Pfizer/BioNTech",833641,313541,1147182
2021-03-16,"Johnson&Johnson, Moderna, Oxford/AstraZeneca, Pfizer/BioNTech",872448,324042,1196490
2021-03-17,"Moderna, Oxford/AstraZeneca, Pfizer/BioNTech",909856,334513,1244369
2021-03-18,"Johnson&Johnson, Moderna, Oxford/AstraZeneca, Pfizer/BioNTech",947710,346895,1294605
2021-03-19,"Moderna, Oxford/AstraZeneca, Pfizer/BioNTech",982055,360474,1342529
2021-03-20,"Johnson&Johnson, Moderna, Oxford/AstraZeneca, Pfizer/BioNTech",997154,362488,1359642
2021-03-21,"Johnson&Johnson, Moderna, Oxford/AstraZeneca, Pfizer/BioNTech",1004539,364031,1368570
2021-03-22,"Johnson&Johnson, Moderna, Oxford/AstraZeneca, Pfizer/BioNTech",1028949,376489,1405438
2021-03-23,"Johnson&Johnson, Moderna, Oxford/AstraZeneca, Pfizer/BioNTech",1055465,389805,1445270
2021-03-24,"Johnson&Johnson, Moderna, Oxford/AstraZeneca, Pfizer/BioNTech",1082270,405499,1487769
2021-03-25,"Moderna, Oxford/AstraZeneca, Pfizer/BioNTech",1108539,423314,1531853
2021-03-26,"Moderna, Oxford/AstraZeneca, Pfizer/BioNTech",1133277,440771,1574048
2021-03-27,"Johnson&Johnson, Moderna, Oxford/AstraZeneca, Pfizer/BioNTech",1141685,445599,1587284
2021-03-28,"Moderna, Oxford/AstraZeneca, Pfizer/BioNTech",1147217,449729,1596946
2021-03-29,"Johnson&Johnson, Moderna, Oxford/AstraZeneca, Pfizer/BioNTech",1166239,470377,1636616
2021-03-30,"Moderna, Oxford/AstraZeneca, Pfizer/BioNTech",1190851,492490,1683341
2021-03-31,"Johnson&Johnson, Moderna, Oxford/AstraZeneca, Pfizer/BioNTech",1213861,519496,1733357
2021-04-01,"Johnson&Johnson, Moderna, Oxford/AstraZeneca, Pfizer/BioNTech",1239393,551427,1790820
2021-04-02,"Johnson&Johnson, Moderna, Oxford/AstraZeneca, Pfizer/BioNTech",1246252,564198,1810450
2021-04-03,"Johnson&Johnson, Moderna, Oxford/AstraZeneca, Pfizer/BioNTech",1249835,575099,1824934
2021-04-04,"Johnson&Johnson, Moderna, Oxford/AstraZeneca, Pfizer/BioNTech",1252306,583893,1836199
2021-04-05,"Johnson&Johnson, Moderna, Oxford/AstraZeneca, Pfizer/BioNTech",1254656,591056,1845712
2021-04-06,"Johnson&Johnson, Moderna, Oxford/AstraZeneca, Pfizer/BioNTech",1270713,620242,1890955
2021-04-07,"Johnson&Johnson, Moderna, Oxford/AstraZeneca, Pfizer/BioNTech",1294040,642361,1936401
2021-04-08,"Johnson&Johnson, Moderna, Oxford/AstraZeneca, Pfizer/BioNTech",1332524,673226,2005750
2021-04-09,"Johnson&Johnson, Moderna, Oxford/AstraZeneca, Pfizer/BioNTech",1371756,703232,2074988
2021-04-10,"Johnson&Johnson, Moderna, Oxford/AstraZeneca, Pfizer/BioNTech",1387133,718502,2105635
2021-04-11,"Johnson&Johnson, Moderna, Oxford/AstraZeneca, Pfizer/BioNTech",1396855,728511,2125366
2021-04-12,"Johnson&Johnson, Moderna, Oxford/AstraZeneca, Pfizer/BioNTech",1434912,753485,2188397
2021-04-13,"Moderna, Oxford/AstraZeneca, Pfizer/BioNTech",1470997,779396,2250393
2021-04-14,"Moderna, Oxford/AstraZeneca, Pfizer/BioNTech",1509692,806707,2316399
2021-04-15,"Moderna, Oxford/AstraZeneca, Pfizer/BioNTech",1557375,832376,2389751
2021-04-16,"Moderna, Oxford/AstraZeneca, Pfizer/BioNTech",1601904,857958,2459862
2021-04-17,"Moderna, Oxford/AstraZeneca, Pfizer/BioNTech",1618515,866961,2485476
2021-04-18,"Moderna, Oxford/AstraZeneca, Pfizer/BioNTech",1631446,871928,2503374
2021-04-19,"Moderna, Oxford/AstraZeneca, Pfizer/BioNTech",1675326,887311,2562637
2021-04-20,"Johnson&Johnson, Moderna, Oxford/AstraZeneca, Pfizer/BioNTech",1717421,903116,2620537
2021-04-21,"Moderna, Oxford/AstraZeneca, Pfizer/BioNTech",1765094,917369,2682463
2021-04-22,"Johnson&Johnson, Moderna, Oxford/AstraZeneca, Pfizer/BioNTech",1819519,934705,2754224
2021-04-23,"Johnson&Johnson, Moderna, Oxford/AstraZeneca, Pfizer/BioNTech",1869430,946682,2816112
2021-04-24,"Johnson&Johnson, Moderna, Oxford/AstraZeneca, Pfizer/BioNTech",1887225,951901,2839126
2021-04-25,"Johnson&Johnson, Moderna, Oxford/AstraZeneca, Pfizer/BioNTech",1901883,955890,2857773
2021-04-26,"Johnson&Johnson, Moderna, Oxford/AstraZeneca, Pfizer/BioNTech",1951435,963412,2914847
2021-04-27,"Johnson&Johnson, Moderna, Oxford/AstraZeneca, Pfizer/BioNTech",2000356,975567,2975923
2021-04-28,"Johnson&Johnson, Moderna, Oxford/AstraZeneca, Pfizer/BioNTech",2059065,989506,3048571
2021-04-29,"Johnson&Johnson, Moderna, Oxford/AstraZeneca, Pfizer/BioNTech",2124563,1005314,3129877
2021-04-30,"Johnson&Johnson, Moderna, Oxford/AstraZeneca, Pfizer/BioNTech",2186719,1015213,3201932
2021-05-01,"Johnson&Johnson, Moderna, Oxford/AstraZeneca, Pfizer/BioNTech",2206002,1018622,3224624
2021-05-02,"Johnson&Johnson, Moderna, Oxford/AstraZeneca, Pfizer/BioNTech",2224884,1020866,3245750
2021-05-03,"Johnson&Johnson, Moderna, Oxford/AstraZeneca, Pfizer/BioNTech",2292083,1025898,3317981
2021-05-04,"Johnson&Johnson, Moderna, Oxford/AstraZeneca, Pfizer/BioNTech",2358497,1034165,3392662
2021-05-05,"Johnson&Johnson, Moderna, Oxford/AstraZeneca, Pfizer/BioNTech",2431598,1043502,3475100
2021-05-06,"Johnson&Johnson, Moderna, Oxford/AstraZeneca, Pfizer/BioNTech",2511936,1054110,3566046
2021-05-07,"Johnson&Johnson, Moderna, Oxford/AstraZeneca, Pfizer/BioNTech",2589171,1064102,3653273
2021-05-08,"Johnson&Johnson, Moderna, Oxford/AstraZeneca, Pfizer/BioNTech",2618562,1065820,3684382
2021-05-09,"Johnson&Johnson, Moderna, Oxford/AstraZeneca, Pfizer/BioNTech",2642721,1067008,3709729
2021-05-10,"Johnson&Johnson, Moderna, Oxford/AstraZeneca, Pfizer/BioNTech",2715420,1074140,3789560
2021-05-11,"Johnson&Johnson, Moderna, Oxford/AstraZeneca, Pfizer/BioNTech",2791471,1082892,3874363
2021-05-12,"Johnson&Johnson, Moderna, Oxford/AstraZeneca, Pfizer/BioNTech",2871269,1091910,3963179
2021-05-13,"Johnson&Johnson, Moderna, Oxford/AstraZeneca, Pfizer/BioNTech",2955238,1101015,4056253
2021-05-14,"Johnson&Johnson, Moderna, Oxford/AstraZeneca, Pfizer/BioNTech",3034595,1108737,4143332
2021-05-15,"Johnson&Johnson, Moderna, Oxford/AstraZeneca, Pfizer/BioNTech",3066420,1110912,4177332
2021-05-16,"Johnson&Johnson, Moderna, Oxford/AstraZeneca, Pfizer/BioNTech",3092158,1112122,4204280
2021-05-17,"Johnson&Johnson, Moderna, Oxford/AstraZeneca, Pfizer/BioNTech",3164627,1118789,4283416
2021-05-18,"Johnson&Johnson, Moderna, Oxford/AstraZeneca, Pfizer/BioNTech",3236521,1131748,4368269
2021-05-19,"Johnson&Johnson, Moderna, Oxford/AstraZeneca, Pfizer/BioNTech",3313931,1146802,4460733
2021-05-20,"Johnson&Johnson, Moderna, Oxford/AstraZeneca, Pfizer/BioNTech",3389320,1173708,4563028
2021-05-21,"Johnson&Johnson, Moderna, Oxford/AstraZeneca, Pfizer/BioNTech",3458056,1201332,4659388
2021-05-22,"Johnson&Johnson, Moderna, Oxford/AstraZeneca, Pfizer/BioNTech",3490373,1212403,4702776
2021-05-23,"Johnson&Johnson, Moderna, Oxford/AstraZeneca, Pfizer/BioNTech",3512670,1221364,4734034
2021-05-24,"Johnson&Johnson, Moderna, Oxford/AstraZeneca, Pfizer/BioNTech",3559729,1254850,4814579
2021-05-25,"Johnson&Johnson, Moderna, Oxford/AstraZeneca, Pfizer/BioNTech",3611529,1290502,4902031
2021-05-26,"Johnson&Johnson, Moderna, Oxford/AstraZeneca, Pfizer/BioNTech",3679216,1327899,5007115
2021-05-27,"Johnson&Johnson, Moderna, Oxford/AstraZeneca, Pfizer/BioNTech",3740547,1375132,5115679
2021-05-28,"Johnson&Johnson, Moderna, Oxford/AstraZeneca, Pfizer/BioNTech",3802193,1421545,5223738
2021-05-29,"Johnson&Johnson, Moderna, Oxford/AstraZeneca, Pfizer/BioNTech",3831330,1438590,5269920
2021-05-30,"Johnson&Johnson, Moderna, Oxford/AstraZeneca, Pfizer/BioNTech",3853659,1452972,5306631
2021-05-31,"Johnson&Johnson, Moderna, Oxford/AstraZeneca, Pfizer/BioNTech",3909346,1500339,5409685
2021-06-01,"Johnson&Johnson, Moderna, Oxford/AstraZeneca, Pfizer/BioNTech",3968339,1548662,5517001
2021-06-02,"Johnson&Johnson, Moderna, Oxford/AstraZeneca, Pfizer/BioNTech",4031173,1602543,5633716
2021-06-03,"Johnson&Johnson, Moderna, Oxford/AstraZeneca, Pfizer/BioNTech",4089373,1662649,5752022
2021-06-04,"Johnson&Johnson, Moderna, Oxford/AstraZeneca, Pfizer/BioNTech",4152427,1719941,5872368
2021-06-05,"Johnson&Johnson, Moderna, Oxford/AstraZeneca, Pfizer/BioNTech",4186551,1738702,5925253
2021-06-06,"Johnson&Johnson, Moderna, Oxford/AstraZeneca, Pfizer/BioNTech",4213448,1753766,5967214
2021-06-07,"Johnson&Johnson, Moderna, Oxford/AstraZeneca, Pfizer/BioNTech",4277100,1809306,6086406
2021-06-08,"Johnson&Johnson, Moderna, Oxford/AstraZeneca, Pfizer/BioNTech",4341043,1864186,6205229
2021-06-09,"Johnson&Johnson, Moderna, Oxford/AstraZeneca, Pfizer/BioNTech",4400166,1928503,6328669
2021-06-10,"Johnson&Johnson, Moderna, Oxford/AstraZeneca, Pfizer/BioNTech",4453970,1999472,6453442
2021-06-11,"Johnson&Johnson, Moderna, Oxford/AstraZeneca, Pfizer/BioNTech",4506033,2069058,6575091
2021-06-12,"Johnson&Johnson, Moderna, Oxford/AstraZeneca, Pfizer/BioNTech",4538002,2089774,6627776
2021-06-13,"Johnson&Johnson, Moderna, Oxford/AstraZeneca, Pfizer/BioNTech",4561995,2108113,6670108
2021-06-14,"Johnson&Johnson, Moderna, Oxford/AstraZeneca, Pfizer/BioNTech",4604956,2182360,6787316
2021-06-15,"Johnson&Johnson, Moderna, Oxford/AstraZeneca, Pfizer/BioNTech",4649559,2254554,6904113
2021-06-16,"Johnson&Johnson, Moderna, Oxford/AstraZeneca, Pfizer/BioNTech",4692262,2332627,7024889
2021-06-17,"Johnson&Johnson, Moderna, Oxford/AstraZeneca, Pfizer/BioNTech",4731614,2415559,7147173
2021-06-18,"Johnson&Johnson, Moderna, Oxford/AstraZeneca, Pfizer/BioNTech",4773961,2495909,7269870
2021-06-19,"Johnson&Johnson, Moderna, Oxford/AstraZeneca, Pfizer/BioNTech",4795679,2525113,7320792
2021-06-20,"Johnson&Johnson, Moderna, Oxford/AstraZeneca, Pfizer/BioNTech",4813033,2548856,7361889
2021-06-21,"Johnson&Johnson, Moderna, Oxford/AstraZeneca, Pfizer/BioNTech",4845515,2627280,7472795
2021-06-22,"Johnson&Johnson, Moderna, Oxford/AstraZeneca, Pfizer/BioNTech",4878446,2709391,7587837
2021-06-23,"Johnson&Johnson, Moderna, Oxford/AstraZeneca, Pfizer/BioNTech",4910066,2794480,7704546
2021-06-24,"Johnson&Johnson, Moderna, Oxford/AstraZeneca, Pfizer/BioNTech",4939875,2884391,7824266
2021-06-25,"Johnson&Johnson, Moderna, Oxford/AstraZeneca, Pfizer/BioNTech",4970886,2970365,7941251
2021-06-26,"Johnson&Johnson, Moderna, Oxford/AstraZeneca, Pfizer/BioNTech",4986720,3005083,7991803
2021-06-27,"Johnson&Johnson, Moderna, Oxford/AstraZeneca, Pfizer/BioNTech",5000658,3031647,8032305
2021-06-28,"Johnson&Johnson, Moderna, Oxford/AstraZeneca, Pfizer/BioNTech",5029048,3116707,8145755
2021-06-29,"Johnson&Johnson, Moderna, Oxford/AstraZeneca, Pfizer/BioNTech",5058271,3203060,8261331
2021-06-30,"Johnson&Johnson, Moderna, Oxford/AstraZeneca, Pfizer/BioNTech",5085754,3293879,8379633
2021-07-01,"Johnson&Johnson, Moderna, Oxford/AstraZeneca, Pfizer/BioNTech",5109675,3383754,8493429
2021-07-02,"Johnson&Johnson, Moderna, Oxford/AstraZeneca, Pfizer/BioNTech",5136359,3469420,8605779
2021-07-03,"Johnson&Johnson, Moderna, Oxford/AstraZeneca, Pfizer/BioNTech",5143424,3500851,8644275
2021-07-04,"Johnson&Johnson, Moderna, Oxford/AstraZeneca, Pfizer/BioNTech",5150953,3522598,8673551
2021-07-05,"Johnson&Johnson, Moderna, Oxford/AstraZeneca, Pfizer/BioNTech",5158288,3547889,8706177
2021-07-06,"Johnson&Johnson, Moderna, Oxford/AstraZeneca, Pfizer/BioNTech",5163668,3575431,8739099
2021-07-07,"Johnson&Johnson, Moderna, Oxford/AstraZeneca, Pfizer/BioNTech",5189423,3654258,8843681
2021-07-08,"Johnson&Johnson, Moderna, Oxford/AstraZeneca, Pfizer/BioNTech",5215959,3724449,8940408
2021-07-09,"Johnson&Johnson, Moderna, Oxford/AstraZeneca, Pfizer/BioNTech",5243782,3793582,9037364
2021-07-10,"Johnson&Johnson, Moderna, Oxford/AstraZeneca, Pfizer/BioNTech",5253096,3822125,9075221
2021-07-11,"Johnson&Johnson, Moderna, Oxford/AstraZeneca, Pfizer/BioNTech",5261599,3844952,9106551
2021-07-12,"Johnson&Johnson, Moderna, Oxford/AstraZeneca, Pfizer/BioNTech",5289095,3913943,9203038
2021-07-13,"Johnson&Johnson, Moderna, Oxford/AstraZeneca, Pfizer/BioNTech",5315254,3983703,9298957
2021-07-14,"Johnson&Johnson, Moderna, Oxford/AstraZeneca, Pfizer/BioNTech",5341069,4055601,9396670
2021-07-15,"Johnson&Johnson, Moderna, Oxford/AstraZeneca, Pfizer/BioNTech",5370253,4121483,9491736
2021-07-16,"Johnson&Johnson, Moderna, Oxford/AstraZeneca, Pfizer/BioNTech",5398133,4194058,9592191
2021-07-17,"Johnson&Johnson, Moderna, Oxford/AstraZeneca, Pfizer/BioNTech",5406869,4225427,9632296
2021-07-18,"Johnson&Johnson, Moderna, Oxford/AstraZeneca, Pfizer/BioNTech",5415289,4251380,9666669
2021-07-19,"Johnson&Johnson, Moderna, Oxford/AstraZeneca, Pfizer/BioNTech",5438590,4318301,9756891
2021-07-20,"Johnson&Johnson, Moderna, Oxford/AstraZeneca, Pfizer/BioNTech",5459921,4385235,9845156
2021-07-21,"Johnson&Johnson, Moderna, Oxford/AstraZeneca, Pfizer/BioNTech",5483284,4448563,9931847
2021-07-22,"Johnson&Johnson, Moderna, Oxford/AstraZeneca, Pfizer/BioNTech",5505559,4507053,10012612
2021-07-23,"Johnson&Johnson, Moderna, Oxford/AstraZeneca, Pfizer/BioNTech",5528676,4561654,10090330
2021-07-24,"Johnson&Johnson, Moderna, Oxford/AstraZeneca, Pfizer/BioNTech",5535960,4589228,10125188
2021-07-25,"Johnson&Johnson, Moderna, Oxford/AstraZeneca, Pfizer/BioNTech",5542545,4611205,10153750
2021-07-26,"Johnson&Johnson, Moderna, Oxford/AstraZeneca, Pfizer/BioNTech",5566017,4659650,10225667
2021-07-27,"Johnson&Johnson, Moderna, Oxford/AstraZeneca, Pfizer/BioNTech",5588636,4706153,10294789
2021-07-28,"Johnson&Johnson, Moderna, Oxford/AstraZeneca, Pfizer/BioNTech",5609787,4752003,10361790
2021-07-29,"Johnson&Johnson, Moderna, Oxford/AstraZeneca, Pfizer/BioNTech",5630959,4793820,10424779
2021-07-30,"Johnson&Johnson, Moderna, Oxford/AstraZeneca, Pfizer/BioNTech",5654155,4836249,10490404
2021-07-31,"Johnson&Johnson, Moderna, Oxford/AstraZeneca, Pfizer/BioNTech",5663054,4855717,10518771
2021-08-01,"Johnson&Johnson, Moderna, Oxford/AstraZeneca, Pfizer/BioNTech",5669740,4871833,10541573
2021-08-02,"Johnson&Johnson, Moderna, Oxford/AstraZeneca, Pfizer/BioNTech",5688284,4909274,10597558
2021-08-03,"Johnson&Johnson, Moderna, Oxford/AstraZeneca, Pfizer/BioNTech",5705838,4947272,10653110
2021-08-04,"Johnson&Johnson, Moderna, Oxford/AstraZeneca, Pfizer/BioNTech",5721839,4983889,10705728
2021-08-05,"Johnson&Johnson, Moderna, Oxford/AstraZeneca, Pfizer/BioNTech",5737643,5024244,10761887
2021-08-06,"Johnson&Johnson, Moderna, Oxford/AstraZeneca, Pfizer/BioNTech",5754248,5067389,10821637
2021-08-07,"Johnson&Johnson, Moderna, Oxford/AstraZeneca, Pfizer/BioNTech",5759768,5085487,10845255
2021-08-08,"Johnson&Johnson, Moderna, Oxford/AstraZeneca, Pfizer/BioNTech",5763950,5101176,10865126
2021-08-09,"Johnson&Johnson, Moderna, Oxford/AstraZeneca, Pfizer/BioNTech",5776374,5146135,10922509
2021-08-10,"Johnson&Johnson, Moderna, Oxford/AstraZeneca, Pfizer/BioNTech",5788069,5185581,10973650
2021-08-11,"Johnson&Johnson, Moderna, Oxford/AstraZeneca, Pfizer/BioNTech",5799292,5228598,11027890
2021-08-12,"Johnson&Johnson, Moderna, Oxford/AstraZeneca, Pfizer/BioNTech",5810557,5265576,11076133
2021-08-13,"Johnson&Johnson, Moderna, Oxford/AstraZeneca, Pfizer/BioNTech",5821127,5305767,11126894
2021-08-14,"Johnson&Johnson, Moderna, Oxford/AstraZeneca, Pfizer/BioNTech",5824449,5316420,11140869
2021-08-15,"Johnson&Johnson, Moderna, Oxford/AstraZeneca, Pfizer/BioNTech",5827011,5326762,11153773
2021-08-16,"Johnson&Johnson, Moderna, Oxford/AstraZeneca, Pfizer/BioNTech",5836728,5360727,11197455
2021-08-17,"Johnson&Johnson, Moderna, Oxford/AstraZeneca, Pfizer/BioNTech",5846219,5387715,11233934
2021-08-18,"Johnson&Johnson, Moderna, Oxford/AstraZeneca, Pfizer/BioNTech",5855483,5426425,11281908
2021-08-19,"Johnson&Johnson, Moderna, Oxford/AstraZeneca, Pfizer/BioNTech",5865033,5464659,11329692
2021-08-20,"Johnson&Johnson, Moderna, Oxford/AstraZeneca, Pfizer/BioNTech",5876219,5504723,11380942
2021-08-21,"Johnson&Johnson, Moderna, Oxford/AstraZeneca, Pfizer/BioNTech",5878896,5517441,11396337
2021-08-22,"Johnson&Johnson, Moderna, Oxford/AstraZeneca, Pfizer/BioNTech",5881210,5529375,11410585
2021-08-23,"Johnson&Johnson, Moderna, Oxford/AstraZeneca, Pfizer/BioNTech",5891583,5568455,11460038
2021-08-24,"Johnson&Johnson, Moderna, Oxford/AstraZeneca, Pfizer/BioNTech",5901315,5601583,11502898
2021-08-25,"Johnson&Johnson, Moderna, Oxford/AstraZeneca, Pfizer/BioNTech",5909948,5629641,11539589
2021-08-26,"Johnson&Johnson, Moderna, Oxford/AstraZeneca, Pfizer/BioNTech",5918211,5655469,11573680
2021-08-27,"Johnson&Johnson, Moderna, Oxford/AstraZeneca, Pfizer/BioNTech",5928319,5681138,11609457
2021-08-28,"Johnson&Johnson, Moderna, Oxford/AstraZeneca, Pfizer/BioNTech",5930966,5688078,11619044
2021-08-29,"Johnson&Johnson, Moderna, Oxford/AstraZeneca, Pfizer/BioNTech",5933257,5694457,11627714
2021-08-30,"Johnson&Johnson, Moderna, Oxford/AstraZeneca, Pfizer/BioNTech",5941571,5715973,11657544
2021-08-31,"Johnson&Johnson, Moderna, Oxford/AstraZeneca, Pfizer/BioNTech",5949032,5733796,11682828
2021-09-01,"Johnson&Johnson, Moderna, Oxford/AstraZeneca, Pfizer/BioNTech",5954706,5747549,11702255
2021-09-02,"Johnson&Johnson, Moderna, Oxford/AstraZeneca, Pfizer/BioNTech",5961278,5761528,11722806
2021-09-03,"Johnson&Johnson, Moderna, Oxford/AstraZeneca, Pfizer/BioNTech",5970476,5776959,11747435
2021-09-04,"Johnson&Johnson, Moderna, Oxford/AstraZeneca, Pfizer/BioNTech",5972394,5780400,11752794
2021-09-05,"Johnson&Johnson, Moderna, Pfizer/BioNTech",5974228,5783102,11757330
2021-09-06,"Johnson&Johnson, Moderna, Oxford/AstraZeneca, Pfizer/BioNTech",5980028,5795301,11775329
2021-09-07,"Johnson&Johnson, Moderna, Oxford/AstraZeneca, Pfizer/BioNTech",5984150,5806129,11790279
2021-09-08,"Johnson&Johnson, Moderna, Oxford/AstraZeneca, Pfizer/BioNTech",5989031,5815331,11804362
