date,vaccine,people_vaccinated,people_fully_vaccinated,total_vaccinations
2020-12-27,Pfizer/BioNTech,1285,0,1285
2020-12-28,Pfizer/BioNTech,3592,0,3592
2020-12-29,Pfizer/BioNTech,7062,1,7063
2020-12-30,Pfizer/BioNTech,10582,1,10583
2020-12-31,Pfizer/BioNTech,11894,1,11895
2021-01-01,"Moderna, Pfizer/BioNTech",12164,1,12165
2021-01-02,Pfizer/BioNTech,13445,1,13446
2021-01-03,"Moderna, Pfizer/BioNTech",14369,1,14370
2021-01-04,"Moderna, Pfizer/BioNTech",17983,1,17984
2021-01-05,"Moderna, Pfizer/BioNTech",22510,3,22513
2021-01-06,"Moderna, Pfizer/BioNTech",28358,4,28362
2021-01-07,"Moderna, Pfizer/BioNTech",36357,4,36361
2021-01-08,"Moderna, Pfizer/BioNTech",46410,5,46415
2021-01-09,"Moderna, Pfizer/BioNTech",48439,6,48445
2021-01-10,Pfizer/BioNTech,50211,7,50218
2021-01-11,"Moderna, Pfizer/BioNTech",60070,9,60079
2021-01-12,"Moderna, Pfizer/BioNTech",73528,11,73539
2021-01-13,"Moderna, Pfizer/BioNTech",87075,11,87086
2021-01-14,"Moderna, Pfizer/BioNTech",102328,15,102343
2021-01-15,"Moderna, Pfizer/BioNTech",116348,16,116364
2021-01-16,"Moderna, Pfizer/BioNTech",119751,20,119771
2021-01-17,"Moderna, Pfizer/BioNTech",122373,656,123029
2021-01-18,"Moderna, Pfizer/BioNTech",134866,2483,137349
2021-01-19,"Moderna, Pfizer/BioNTech",147476,5210,152686
2021-01-20,"Moderna, Pfizer/BioNTech",161166,7873,169039
2021-01-21,"Moderna, Pfizer/BioNTech",176821,9619,186440
2021-01-22,"Moderna, Pfizer/BioNTech",191715,10665,202380
2021-01-23,"Moderna, Pfizer/BioNTech",195037,11546,206583
2021-01-24,"Moderna, Pfizer/BioNTech",197293,12415,209708
2021-01-25,"Moderna, Pfizer/BioNTech",206946,15389,222335
2021-01-26,"Moderna, Pfizer/BioNTech",217495,19384,236879
2021-01-27,"Moderna, Pfizer/BioNTech",226526,23919,250445
2021-01-28,"Moderna, Pfizer/BioNTech",233630,30054,263684
2021-01-29,"Moderna, Pfizer/BioNTech",239847,37966,277813
2021-01-30,"Moderna, Pfizer/BioNTech",240588,39054,279642
2021-01-31,"Moderna, Pfizer/BioNTech",241304,40236,281540
2021-02-01,"Moderna, Pfizer/BioNTech",245286,48204,293490
2021-02-02,"Moderna, Pfizer/BioNTech",249438,58444,307882
2021-02-03,"Moderna, Pfizer/BioNTech",253863,69464,323327
2021-02-04,"Moderna, Pfizer/BioNTech",258769,82458,341227
2021-02-05,"Moderna, Pfizer/BioNTech",264239,93134,357373
2021-02-06,"Moderna, Oxford/AstraZeneca, Pfizer/BioNTech",265092,95502,360594
2021-02-07,"Moderna, Oxford/AstraZeneca, Pfizer/BioNTech",265944,98002,363946
2021-02-08,"Moderna, Oxford/AstraZeneca, Pfizer/BioNTech",270033,109437,379470
2021-02-09,"Moderna, Oxford/AstraZeneca, Pfizer/BioNTech",275137,121352,396489
2021-02-10,"Moderna, Oxford/AstraZeneca, Pfizer/BioNTech",280651,134612,415263
2021-02-11,"Moderna, Oxford/AstraZeneca, Pfizer/BioNTech",286991,150836,437827
2021-02-12,"Moderna, Oxford/AstraZeneca, Pfizer/BioNTech",293820,165581,459401
2021-02-13,"Moderna, Oxford/AstraZeneca, Pfizer/BioNTech",295433,168570,464003
2021-02-14,"Moderna, Oxford/AstraZeneca, Pfizer/BioNTech",296437,169956,466393
2021-02-15,"Moderna, Oxford/AstraZeneca, Pfizer/BioNTech",302836,179328,482164
2021-02-16,"Moderna, Oxford/AstraZeneca, Pfizer/BioNTech",311557,188413,499970
2021-02-17,"Moderna, Oxford/AstraZeneca, Pfizer/BioNTech",321257,196720,517977
2021-02-18,"Moderna, Oxford/AstraZeneca, Pfizer/BioNTech",333587,204804,538391
2021-02-19,"Moderna, Oxford/AstraZeneca, Pfizer/BioNTech",345450,212183,557633
2021-02-20,"Moderna, Oxford/AstraZeneca, Pfizer/BioNTech",347454,213369,560823
2021-02-21,"Moderna, Oxford/AstraZeneca, Pfizer/BioNTech",348589,214394,562983
2021-02-22,"Moderna, Oxford/AstraZeneca, Pfizer/BioNTech",358716,220430,579146
2021-02-23,"Moderna, Oxford/AstraZeneca, Pfizer/BioNTech",371679,227422,599101
2021-02-24,"Moderna, Oxford/AstraZeneca, Pfizer/BioNTech",385557,233463,619020
2021-02-25,"Moderna, Oxford/AstraZeneca, Pfizer/BioNTech",403536,239015,642551
2021-02-26,"Moderna, Oxford/AstraZeneca, Pfizer/BioNTech",419713,244371,664084
2021-02-27,"Moderna, Oxford/AstraZeneca, Pfizer/BioNTech",422722,244931,667653
2021-02-28,"Moderna, Oxford/AstraZeneca, Pfizer/BioNTech",425077,245483,670560
2021-03-01,"Moderna, Oxford/AstraZeneca, Pfizer/BioNTech",444673,248935,693608
2021-03-02,"Moderna, Oxford/AstraZeneca, Pfizer/BioNTech",471904,252486,724390
2021-03-03,"Moderna, Oxford/AstraZeneca, Pfizer/BioNTech",502859,256993,759852
2021-03-04,"Moderna, Oxford/AstraZeneca, Pfizer/BioNTech",536146,261682,797828
2021-03-05,"Johnson&Johnson, Moderna, Oxford/AstraZeneca, Pfizer/BioNTech",564992,267108,832100
2021-03-06,"Johnson&Johnson, Moderna, Oxford/AstraZeneca, Pfizer/BioNTech",577145,267971,845116
2021-03-07,"Johnson&Johnson, Moderna, Oxford/AstraZeneca, Pfizer/BioNTech",588691,268813,857504
2021-03-08,"Johnson&Johnson, Moderna, Oxford/AstraZeneca, Pfizer/BioNTech",618445,273672,892117
2021-03-09,"Johnson&Johnson, Moderna, Oxford/AstraZeneca, Pfizer/BioNTech",654811,280058,934869
2021-03-10,"Johnson&Johnson, Moderna, Oxford/AstraZeneca, Pfizer/BioNTech",696137,287017,983154
2021-03-11,"Johnson&Johnson, Moderna, Oxford/AstraZeneca, Pfizer/BioNTech",740985,295391,1036376
2021-03-12,"Johnson&Johnson, Moderna, Oxford/AstraZeneca, Pfizer/BioNTech",779758,303886,1083644
2021-03-13,"Johnson&Johnson, Moderna, Oxford/AstraZeneca, Pfizer/BioNTech",796858,305198,1102056
2021-03-14,"Johnson&Johnson, Moderna, Oxford/AstraZeneca, Pfizer/BioNTech",808976,306354,1115330
2021-03-15,"Johnson&Johnson, Moderna, Oxford/AstraZeneca, Pfizer/BioNTech",837371,315135,1152506
2021-03-16,"Johnson&Johnson, Moderna, Oxford/AstraZeneca, Pfizer/BioNTech",876264,325674,1201938
2021-03-17,"Moderna, Oxford/AstraZeneca, Pfizer/BioNTech",913756,336185,1249941
2021-03-18,"Johnson&Johnson, Moderna, Oxford/AstraZeneca, Pfizer/BioNTech",951764,348607,1300371
2021-03-19,"Moderna, Oxford/AstraZeneca, Pfizer/BioNTech",986272,362221,1348493
2021-03-20,"Johnson&Johnson, Moderna, Oxford/AstraZeneca, Pfizer/BioNTech",1001447,364252,1365699
2021-03-21,"Johnson&Johnson, Moderna, Oxford/AstraZeneca, Pfizer/BioNTech",1008882,365812,1374694
2021-03-22,"Johnson&Johnson, Moderna, Oxford/AstraZeneca, Pfizer/BioNTech",1033468,378316,1411784
2021-03-23,"Johnson&Johnson, Moderna, Oxford/AstraZeneca, Pfizer/BioNTech",1060138,391680,1451818
2021-03-24,"Johnson&Johnson, Moderna, Oxford/AstraZeneca, Pfizer/BioNTech",1087021,407426,1494447
2021-03-25,"Moderna, Oxford/AstraZeneca, Pfizer/BioNTech",1113375,425279,1538654
2021-03-26,"Johnson&Johnson, Moderna, Oxford/AstraZeneca, Pfizer/BioNTech",1138210,442789,1580999
2021-03-27,"Johnson&Johnson, Moderna, Oxford/AstraZeneca, Pfizer/BioNTech",1146663,447635,1594298
2021-03-28,"Moderna, Oxford/AstraZeneca, Pfizer/BioNTech",1152210,451783,1603993
2021-03-29,"Johnson&Johnson, Moderna, Oxford/AstraZeneca, Pfizer/BioNTech",1171361,472520,1643881
2021-03-30,"Johnson&Johnson, Moderna, Oxford/AstraZeneca, Pfizer/BioNTech",1196060,494705,1690765
2021-03-31,"Johnson&Johnson, Moderna, Oxford/AstraZeneca, Pfizer/BioNTech",1219210,521773,1740983
2021-04-01,"Johnson&Johnson, Moderna, Oxford/AstraZeneca, Pfizer/BioNTech",1244880,553835,1798715
2021-04-02,"Johnson&Johnson, Moderna, Oxford/AstraZeneca, Pfizer/BioNTech",1251839,566632,1818471
2021-04-03,"Johnson&Johnson, Moderna, Oxford/AstraZeneca, Pfizer/BioNTech",1255481,577562,1833043
2021-04-04,"Johnson&Johnson, Moderna, Oxford/AstraZeneca, Pfizer/BioNTech",1258013,586484,1844497
2021-04-05,"Johnson&Johnson, Moderna, Oxford/AstraZeneca, Pfizer/BioNTech",1260433,593684,1854117
2021-04-06,"Johnson&Johnson, Moderna, Oxford/AstraZeneca, Pfizer/BioNTech",1276632,622954,1899586
2021-04-07,"Johnson&Johnson, Moderna, Oxford/AstraZeneca, Pfizer/BioNTech",1300107,645192,1945299
2021-04-08,"Johnson&Johnson, Moderna, Oxford/AstraZeneca, Pfizer/BioNTech",1338898,676233,2015131
2021-04-09,"Johnson&Johnson, Moderna, Oxford/AstraZeneca, Pfizer/BioNTech",1378488,706426,2084914
2021-04-10,"Johnson&Johnson, Moderna, Oxford/AstraZeneca, Pfizer/BioNTech",1394036,721731,2115767
2021-04-11,"Johnson&Johnson, Moderna, Oxford/AstraZeneca, Pfizer/BioNTech",1403836,731785,2135621
2021-04-12,"Johnson&Johnson, Moderna, Oxford/AstraZeneca, Pfizer/BioNTech",1442158,756932,2199090
2021-04-13,"Moderna, Oxford/AstraZeneca, Pfizer/BioNTech",1478453,782977,2261430
2021-04-14,"Moderna, Oxford/AstraZeneca, Pfizer/BioNTech",1517326,810350,2327676
2021-04-15,"Moderna, Oxford/AstraZeneca, Pfizer/BioNTech",1565152,836124,2401276
2021-04-16,"Moderna, Oxford/AstraZeneca, Pfizer/BioNTech",1609854,861799,2471653
2021-04-17,"Moderna, Oxford/AstraZeneca, Pfizer/BioNTech",1626569,870827,2497396
2021-04-18,"Moderna, Oxford/AstraZeneca, Pfizer/BioNTech",1639566,875814,2515380
2021-04-19,"Moderna, Oxford/AstraZeneca, Pfizer/BioNTech",1683535,891261,2574796
2021-04-20,"Johnson&Johnson, Moderna, Oxford/AstraZeneca, Pfizer/BioNTech",1726126,907137,2633263
2021-04-21,"Moderna, Oxford/AstraZeneca, Pfizer/BioNTech",1773897,921500,2695397
2021-04-22,"Johnson&Johnson, Moderna, Oxford/AstraZeneca, Pfizer/BioNTech",1828421,938899,2767320
2021-04-23,"Johnson&Johnson, Moderna, Oxford/AstraZeneca, Pfizer/BioNTech",1878428,950961,2829389
2021-04-24,"Johnson&Johnson, Moderna, Oxford/AstraZeneca, Pfizer/BioNTech",1896296,956220,2852516
2021-04-25,"Johnson&Johnson, Moderna, Oxford/AstraZeneca, Pfizer/BioNTech",1911004,960219,2871223
2021-04-26,"Johnson&Johnson, Moderna, Oxford/AstraZeneca, Pfizer/BioNTech",1960617,967778,2928395
2021-04-27,"Johnson&Johnson, Moderna, Oxford/AstraZeneca, Pfizer/BioNTech",2009616,980023,2989639
2021-04-28,"Johnson&Johnson, Moderna, Oxford/AstraZeneca, Pfizer/BioNTech",2068402,994044,3062446
2021-04-29,"Johnson&Johnson, Moderna, Oxford/AstraZeneca, Pfizer/BioNTech",2134011,1009960,3143971
2021-04-30,"Johnson&Johnson, Moderna, Oxford/AstraZeneca, Pfizer/BioNTech",2196298,1019949,3216247
2021-05-01,"Johnson&Johnson, Moderna, Oxford/AstraZeneca, Pfizer/BioNTech",2215672,1023407,3239079
2021-05-02,"Johnson&Johnson, Moderna, Oxford/AstraZeneca, Pfizer/BioNTech",2234618,1025690,3260308
2021-05-03,"Johnson&Johnson, Moderna, Oxford/AstraZeneca, Pfizer/BioNTech",2301897,1030766,3332663
2021-05-04,"Johnson&Johnson, Moderna, Oxford/AstraZeneca, Pfizer/BioNTech",2368445,1039130,3407575
2021-05-05,"Johnson&Johnson, Moderna, Oxford/AstraZeneca, Pfizer/BioNTech",2441662,1048558,3490220
2021-05-06,"Johnson&Johnson, Moderna, Oxford/AstraZeneca, Pfizer/BioNTech",2522111,1059304,3581415
2021-05-07,"Johnson&Johnson, Moderna, Oxford/AstraZeneca, Pfizer/BioNTech",2599450,1069436,3668886
2021-05-08,"Johnson&Johnson, Moderna, Oxford/AstraZeneca, Pfizer/BioNTech",2628960,1071221,3700181
2021-05-09,"Johnson&Johnson, Moderna, Oxford/AstraZeneca, Pfizer/BioNTech",2653204,1072440,3725644
2021-05-10,"Johnson&Johnson, Moderna, Oxford/AstraZeneca, Pfizer/BioNTech",2726024,1079678,3805702
2021-05-11,"Johnson&Johnson, Moderna, Oxford/AstraZeneca, Pfizer/BioNTech",2802176,1088504,3890680
2021-05-12,"Johnson&Johnson, Moderna, Oxford/AstraZeneca, Pfizer/BioNTech",2882120,1097636,3979756
2021-05-13,"Johnson&Johnson, Moderna, Oxford/AstraZeneca, Pfizer/BioNTech",2966170,1106812,4072982
2021-05-14,"Johnson&Johnson, Moderna, Oxford/AstraZeneca, Pfizer/BioNTech",3045697,1114627,4160324
2021-05-15,"Johnson&Johnson, Moderna, Oxford/AstraZeneca, Pfizer/BioNTech",3077654,1116896,4194550
2021-05-16,"Johnson&Johnson, Moderna, Oxford/AstraZeneca, Pfizer/BioNTech",3103469,1118172,4221641
2021-05-17,"Johnson&Johnson, Moderna, Oxford/AstraZeneca, Pfizer/BioNTech",3176023,1124921,4300944
2021-05-18,"Johnson&Johnson, Moderna, Oxford/AstraZeneca, Pfizer/BioNTech",3248012,1138029,4386041
2021-05-19,"Johnson&Johnson, Moderna, Oxford/AstraZeneca, Pfizer/BioNTech",3325505,1153194,4478699
2021-05-20,"Johnson&Johnson, Moderna, Oxford/AstraZeneca, Pfizer/BioNTech",3401020,1180257,4581277
2021-05-21,"Johnson&Johnson, Moderna, Oxford/AstraZeneca, Pfizer/BioNTech",3469867,1208050,4677917
2021-05-22,"Johnson&Johnson, Moderna, Oxford/AstraZeneca, Pfizer/BioNTech",3502318,1219275,4721593
2021-05-23,"Johnson&Johnson, Moderna, Oxford/AstraZeneca, Pfizer/BioNTech",3524750,1228321,4753071
2021-05-24,"Johnson&Johnson, Moderna, Oxford/AstraZeneca, Pfizer/BioNTech",3571936,1261997,4833933
2021-05-25,"Johnson&Johnson, Moderna, Oxford/AstraZeneca, Pfizer/BioNTech",3623847,1297836,4921683
2021-05-26,"Johnson&Johnson, Moderna, Oxford/AstraZeneca, Pfizer/BioNTech",3691648,1335388,5027036
2021-05-27,"Johnson&Johnson, Moderna, Oxford/AstraZeneca, Pfizer/BioNTech",3753091,1382750,5135841
2021-05-28,"Johnson&Johnson, Moderna, Oxford/AstraZeneca, Pfizer/BioNTech",3814849,1429350,5244199
2021-05-29,"Johnson&Johnson, Moderna, Oxford/AstraZeneca, Pfizer/BioNTech",3844097,1446475,5290572
2021-05-30,"Johnson&Johnson, Moderna, Oxford/AstraZeneca, Pfizer/BioNTech",3866510,1460938,5327448
2021-05-31,"Johnson&Johnson, Moderna, Oxford/AstraZeneca, Pfizer/BioNTech",3922277,1508472,5430749
2021-06-01,"Johnson&Johnson, Moderna, Oxford/AstraZeneca, Pfizer/BioNTech",3981367,1557352,5538719
2021-06-02,"Johnson&Johnson, Moderna, Oxford/AstraZeneca, Pfizer/BioNTech",4044332,1611373,5655705
2021-06-03,"Johnson&Johnson, Moderna, Oxford/AstraZeneca, Pfizer/BioNTech",4102610,1671610,5774220
2021-06-04,"Johnson&Johnson, Moderna, Oxford/AstraZeneca, Pfizer/BioNTech",4165746,1729050,5894796
2021-06-05,"Johnson&Johnson, Moderna, Oxford/AstraZeneca, Pfizer/BioNTech",4199931,1747955,5947886
2021-06-06,"Johnson&Johnson, Moderna, Oxford/AstraZeneca, Pfizer/BioNTech",4226878,1763119,5989997
2021-06-07,"Johnson&Johnson, Moderna, Oxford/AstraZeneca, Pfizer/BioNTech",4290577,1818779,6109356
2021-06-08,"Johnson&Johnson, Moderna, Oxford/AstraZeneca, Pfizer/BioNTech",4354578,1873801,6228379
2021-06-09,"Johnson&Johnson, Moderna, Oxford/AstraZeneca, Pfizer/BioNTech",4413789,1938487,6352276
2021-06-10,"Johnson&Johnson, Moderna, Oxford/AstraZeneca, Pfizer/BioNTech",4467656,2009803,6477459
2021-06-11,"Johnson&Johnson, Moderna, Oxford/AstraZeneca, Pfizer/BioNTech",4519779,2079639,6599418
2021-06-12,"Johnson&Johnson, Moderna, Oxford/AstraZeneca, Pfizer/BioNTech",4551813,2100465,6652278
2021-06-13,"Johnson&Johnson, Moderna, Oxford/AstraZeneca, Pfizer/BioNTech",4575854,2118896,6694750
2021-06-14,"Johnson&Johnson, Moderna, Oxford/AstraZeneca, Pfizer/BioNTech",4618949,2193314,6812263
2021-06-15,"Johnson&Johnson, Moderna, Oxford/AstraZeneca, Pfizer/BioNTech",4663624,2265715,6929339
2021-06-16,"Johnson&Johnson, Moderna, Oxford/AstraZeneca, Pfizer/BioNTech",4706431,2343983,7050414
2021-06-17,"Johnson&Johnson, Moderna, Oxford/AstraZeneca, Pfizer/BioNTech",4745848,2427106,7172954
2021-06-18,"Johnson&Johnson, Moderna, Oxford/AstraZeneca, Pfizer/BioNTech",4788289,2507697,7295986
2021-06-19,"Johnson&Johnson, Moderna, Oxford/AstraZeneca, Pfizer/BioNTech",4810076,2537026,7347102
2021-06-20,"Johnson&Johnson, Moderna, Oxford/AstraZeneca, Pfizer/BioNTech",4827474,2560900,7388374
2021-06-21,"Johnson&Johnson, Moderna, Oxford/AstraZeneca, Pfizer/BioNTech",4859981,2639537,7499518
2021-06-22,"Johnson&Johnson, Moderna, Oxford/AstraZeneca, Pfizer/BioNTech",4892936,2721874,7614810
2021-06-23,"Johnson&Johnson, Moderna, Oxford/AstraZeneca, Pfizer/BioNTech",4924623,2807135,7731758
2021-06-24,"Johnson&Johnson, Moderna, Oxford/AstraZeneca, Pfizer/BioNTech",4954477,2897193,7851670
2021-06-25,"Johnson&Johnson, Moderna, Oxford/AstraZeneca, Pfizer/BioNTech",4985554,2983430,7968984
2021-06-26,"Johnson&Johnson, Moderna, Oxford/AstraZeneca, Pfizer/BioNTech",5001452,3018306,8019758
2021-06-27,"Johnson&Johnson, Moderna, Oxford/AstraZeneca, Pfizer/BioNTech",5015409,3045003,8060412
2021-06-28,"Johnson&Johnson, Moderna, Oxford/AstraZeneca, Pfizer/BioNTech",5043824,3130240,8174064
2021-06-29,"Johnson&Johnson, Moderna, Oxford/AstraZeneca, Pfizer/BioNTech",5073105,3216775,8289880
2021-06-30,"Johnson&Johnson, Moderna, Oxford/AstraZeneca, Pfizer/BioNTech",5100610,3307825,8408435
2021-07-01,"Johnson&Johnson, Moderna, Oxford/AstraZeneca, Pfizer/BioNTech",5124593,3397940,8522533
2021-07-02,"Johnson&Johnson, Moderna, Oxford/AstraZeneca, Pfizer/BioNTech",5151321,3483861,8635182
2021-07-03,"Johnson&Johnson, Moderna, Oxford/AstraZeneca, Pfizer/BioNTech",5158419,3515405,8673824
2021-07-04,"Johnson&Johnson, Moderna, Oxford/AstraZeneca, Pfizer/BioNTech",5165990,3537218,8703208
2021-07-05,"Johnson&Johnson, Moderna, Oxford/AstraZeneca, Pfizer/BioNTech",5173383,3562617,8736000
2021-07-06,"Johnson&Johnson, Moderna, Oxford/AstraZeneca, Pfizer/BioNTech",5178836,3590321,8769157
2021-07-07,"Johnson&Johnson, Moderna, Oxford/AstraZeneca, Pfizer/BioNTech",5204652,3669353,8874005
2021-07-08,"Johnson&Johnson, Moderna, Oxford/AstraZeneca, Pfizer/BioNTech",5231264,3739705,8970969
2021-07-09,"Johnson&Johnson, Moderna, Oxford/AstraZeneca, Pfizer/BioNTech",5259195,3809045,9068240
2021-07-10,"Johnson&Johnson, Moderna, Oxford/AstraZeneca, Pfizer/BioNTech",5268562,3837716,9106278
2021-07-11,"Johnson&Johnson, Moderna, Oxford/AstraZeneca, Pfizer/BioNTech",5277104,3860607,9137711
2021-07-12,"Johnson&Johnson, Moderna, Oxford/AstraZeneca, Pfizer/BioNTech",5304614,3929723,9234337
2021-07-13,"Johnson&Johnson, Moderna, Oxford/AstraZeneca, Pfizer/BioNTech",5330810,3999615,9330425
2021-07-14,"Johnson&Johnson, Moderna, Oxford/AstraZeneca, Pfizer/BioNTech",5356632,4071626,9428258
2021-07-15,"Johnson&Johnson, Moderna, Oxford/AstraZeneca, Pfizer/BioNTech",5385802,4137665,9523467
2021-07-16,"Johnson&Johnson, Moderna, Oxford/AstraZeneca, Pfizer/BioNTech",5413730,4210418,9624148
2021-07-17,"Johnson&Johnson, Moderna, Oxford/AstraZeneca, Pfizer/BioNTech",5422525,4241893,9664418
2021-07-18,"Johnson&Johnson, Moderna, Oxford/AstraZeneca, Pfizer/BioNTech",5430966,4267907,9698873
2021-07-19,"Johnson&Johnson, Moderna, Oxford/AstraZeneca, Pfizer/BioNTech",5454320,4334957,9789277
2021-07-20,"Johnson&Johnson, Moderna, Oxford/AstraZeneca, Pfizer/BioNTech",5475718,4402039,9877757
2021-07-21,"Johnson&Johnson, Moderna, Oxford/AstraZeneca, Pfizer/BioNTech",5499175,4465518,9964693
2021-07-22,"Johnson&Johnson, Moderna, Oxford/AstraZeneca, Pfizer/BioNTech",5521543,4524158,10045701
2021-07-23,"Johnson&Johnson, Moderna, Oxford/AstraZeneca, Pfizer/BioNTech",5544754,4578905,10123659
2021-07-24,"Johnson&Johnson, Moderna, Oxford/AstraZeneca, Pfizer/BioNTech",5552081,4606587,10158668
2021-07-25,"Johnson&Johnson, Moderna, Oxford/AstraZeneca, Pfizer/BioNTech",5558707,4628725,10187432
2021-07-26,"Johnson&Johnson, Moderna, Oxford/AstraZeneca, Pfizer/BioNTech",5582258,4677418,10259676
2021-07-27,"Johnson&Johnson, Moderna, Oxford/AstraZeneca, Pfizer/BioNTech",5604990,4724055,10329045
2021-07-28,"Johnson&Johnson, Moderna, Oxford/AstraZeneca, Pfizer/BioNTech",5626245,4770062,10396307
2021-07-29,"Johnson&Johnson, Moderna, Oxford/AstraZeneca, Pfizer/BioNTech",5647569,4812025,10459594
2021-07-30,"Johnson&Johnson, Moderna, Oxford/AstraZeneca, Pfizer/BioNTech",5670845,4854595,10525440
2021-07-31,"Johnson&Johnson, Moderna, Oxford/AstraZeneca, Pfizer/BioNTech",5679775,4874131,10553906
2021-08-01,"Johnson&Johnson, Moderna, Oxford/AstraZeneca, Pfizer/BioNTech",5686501,4890309,10576810
2021-08-02,"Johnson&Johnson, Moderna, Oxford/AstraZeneca, Pfizer/BioNTech",5705136,4927864,10633000
2021-08-03,"Johnson&Johnson, Moderna, Oxford/AstraZeneca, Pfizer/BioNTech",5722768,4965959,10688727
2021-08-04,"Johnson&Johnson, Moderna, Oxford/AstraZeneca, Pfizer/BioNTech",5738868,5002699,10741567
2021-08-05,"Johnson&Johnson, Moderna, Oxford/AstraZeneca, Pfizer/BioNTech",5754911,5043179,10798090
2021-08-06,"Johnson&Johnson, Moderna, Oxford/AstraZeneca, Pfizer/BioNTech",5771694,5086458,10858152
2021-08-07,"Johnson&Johnson, Moderna, Oxford/AstraZeneca, Pfizer/BioNTech",5777292,5104632,10881924
2021-08-08,"Johnson&Johnson, Moderna, Oxford/AstraZeneca, Pfizer/BioNTech",5781650,5120387,10902037
2021-08-09,"Johnson&Johnson, Moderna, Oxford/AstraZeneca, Pfizer/BioNTech",5794287,5165438,10959725
2021-08-10,"Johnson&Johnson, Moderna, Oxford/AstraZeneca, Pfizer/BioNTech",5806126,5205003,11011129
2021-08-11,"Johnson&Johnson, Moderna, Oxford/AstraZeneca, Pfizer/BioNTech",5817483,5248128,11065611
2021-08-12,"Johnson&Johnson, Moderna, Oxford/AstraZeneca, Pfizer/BioNTech",5828904,5285246,11114150
2021-08-13,"Johnson&Johnson, Moderna, Oxford/AstraZeneca, Pfizer/BioNTech",5839624,5325577,11165201
2021-08-14,"Johnson&Johnson, Moderna, Oxford/AstraZeneca, Pfizer/BioNTech",5842955,5336274,11179229
2021-08-15,"Johnson&Johnson, Moderna, Oxford/AstraZeneca, Pfizer/BioNTech",5845540,5346646,11192186
2021-08-16,"Johnson&Johnson, Moderna, Oxford/AstraZeneca, Pfizer/BioNTech",5855330,5380709,11236039
2021-08-17,"Johnson&Johnson, Moderna, Oxford/AstraZeneca, Pfizer/BioNTech",5864926,5407799,11272725
2021-08-18,"Johnson&Johnson, Moderna, Oxford/AstraZeneca, Pfizer/BioNTech",5874296,5446668,11320964
2021-08-19,"Johnson&Johnson, Moderna, Oxford/AstraZeneca, Pfizer/BioNTech",5883965,5485008,11368973
2021-08-20,"Johnson&Johnson, Moderna, Oxford/AstraZeneca, Pfizer/BioNTech",5895350,5525190,11420540
2021-08-21,"Johnson&Johnson, Moderna, Oxford/AstraZeneca, Pfizer/BioNTech",5898070,5537949,11436019
2021-08-22,"Johnson&Johnson, Moderna, Oxford/AstraZeneca, Pfizer/BioNTech",5900409,5549910,11450319
2021-08-23,"Johnson&Johnson, Moderna, Oxford/AstraZeneca, Pfizer/BioNTech",5910937,5589167,11500104
2021-08-24,"Johnson&Johnson, Moderna, Oxford/AstraZeneca, Pfizer/BioNTech",5920809,5622402,11543211
2021-08-25,"Johnson&Johnson, Moderna, Oxford/AstraZeneca, Pfizer/BioNTech",5929677,5650765,11580442
2021-08-26,"Johnson&Johnson, Moderna, Oxford/AstraZeneca, Pfizer/BioNTech",5938127,5676883,11615010
2021-08-27,"Johnson&Johnson, Moderna, Oxford/AstraZeneca, Pfizer/BioNTech",5948449,5702841,11651290
2021-08-28,"Johnson&Johnson, Moderna, Oxford/AstraZeneca, Pfizer/BioNTech",5951176,5709883,11661059
2021-08-29,"Johnson&Johnson, Moderna, Oxford/AstraZeneca, Pfizer/BioNTech",5953583,5716504,11670087
2021-08-30,"Johnson&Johnson, Moderna, Oxford/AstraZeneca, Pfizer/BioNTech",5962109,5738371,11700480
2021-08-31,"Johnson&Johnson, Moderna, Oxford/AstraZeneca, Pfizer/BioNTech",5969782,5756449,11726231
2021-09-01,"Johnson&Johnson, Moderna, Oxford/AstraZeneca, Pfizer/BioNTech",5975674,5770436,11746110
2021-09-02,"Johnson&Johnson, Moderna, Oxford/AstraZeneca, Pfizer/BioNTech",5982510,5784819,11767329
2021-09-03,"Johnson&Johnson, Moderna, Oxford/AstraZeneca, Pfizer/BioNTech",5992068,5800527,11792595
2021-09-04,"Johnson&Johnson, Moderna, Oxford/AstraZeneca, Pfizer/BioNTech",5994134,5804076,11798210
2021-09-05,"Johnson&Johnson, Moderna, Oxford/AstraZeneca, Pfizer/BioNTech",5996172,5806918,11803090
2021-09-06,"Johnson&Johnson, Moderna, Oxford/AstraZeneca, Pfizer/BioNTech",6002409,5819440,11821849
2021-09-07,"Johnson&Johnson, Moderna, Oxford/AstraZeneca, Pfizer/BioNTech",6006801,5830529,11837330
2021-09-08,"Johnson&Johnson, Moderna, Oxford/AstraZeneca, Pfizer/BioNTech",6012473,5840369,11852842
2021-09-09,"Johnson&Johnson, Moderna, Oxford/AstraZeneca, Pfizer/BioNTech",6019163,5850426,11869589
2021-09-10,"Johnson&Johnson, Moderna, Oxford/AstraZeneca, Pfizer/BioNTech",6026849,5862595,11889444
2021-09-11,"Johnson&Johnson, Moderna, Oxford/AstraZeneca, Pfizer/BioNTech",6028712,5865076,11893788
2021-09-12,"Johnson&Johnson, Moderna, Oxford/AstraZeneca, Pfizer/BioNTech",6029826,5866704,11896530
2021-09-13,"Johnson&Johnson, Moderna, Oxford/AstraZeneca, Pfizer/BioNTech",6035258,5876999,11912257
2021-09-14,"Johnson&Johnson, Moderna, Oxford/AstraZeneca, Pfizer/BioNTech",6040649,5886009,11926658
2021-09-15,"Johnson&Johnson, Moderna, Oxford/AstraZeneca, Pfizer/BioNTech",6045848,5894527,11940375
2021-09-16,"Johnson&Johnson, Moderna, Oxford/AstraZeneca, Pfizer/BioNTech",6051192,5902796,11953988
2021-09-17,"Johnson&Johnson, Moderna, Oxford/AstraZeneca, Pfizer/BioNTech",6057761,5913025,11970786
2021-09-18,"Johnson&Johnson, Moderna, Oxford/AstraZeneca, Pfizer/BioNTech",6059485,5915382,11974867
2021-09-19,"Johnson&Johnson, Moderna, Oxford/AstraZeneca, Pfizer/BioNTech",6060427,5916948,11977375
2021-09-20,"Johnson&Johnson, Moderna, Oxford/AstraZeneca, Pfizer/BioNTech",6064441,5925143,11989584
2021-09-21,"Johnson&Johnson, Moderna, Oxford/AstraZeneca, Pfizer/BioNTech",6068670,5932669,12001339
2021-09-22,"Johnson&Johnson, Moderna, Oxford/AstraZeneca, Pfizer/BioNTech",6072852,5938181,12011033
2021-09-23,"Johnson&Johnson, Moderna, Oxford/AstraZeneca, Pfizer/BioNTech",6077825,5944581,12022406
2021-09-24,"Johnson&Johnson, Moderna, Oxford/AstraZeneca, Pfizer/BioNTech",6083585,5954202,12037787
2021-09-25,"Johnson&Johnson, Moderna, Oxford/AstraZeneca, Pfizer/BioNTech",6085080,5956199,12041279
2021-09-26,"Johnson&Johnson, Moderna, Oxford/AstraZeneca, Pfizer/BioNTech",6085822,5957836,12043658
2021-09-27,"Johnson&Johnson, Moderna, Oxford/AstraZeneca, Pfizer/BioNTech",6089700,5964343,12054043
2021-09-28,"Johnson&Johnson, Moderna, Pfizer/BioNTech",6090062,5964964,12055026
2021-09-29,"Johnson&Johnson, Moderna, Oxford/AstraZeneca, Pfizer/BioNTech",6093838,5972425,12066263
2021-09-30,"Johnson&Johnson, Moderna, Oxford/AstraZeneca, Pfizer/BioNTech",6098339,5980117,12078456
2021-10-01,"Johnson&Johnson, Moderna, Oxford/AstraZeneca, Pfizer/BioNTech",6102635,5988087,12090722
2021-10-02,"Johnson&Johnson, Moderna, Oxford/AstraZeneca, Pfizer/BioNTech",6103696,5989623,12093319
2021-10-03,"Johnson&Johnson, Moderna, Pfizer/BioNTech",6104419,5990489,12094908
2021-10-04,"Johnson&Johnson, Moderna, Oxford/AstraZeneca, Pfizer/BioNTech",6107494,5996058,12103552
2021-10-05,"Johnson&Johnson, Moderna, Oxford/AstraZeneca, Pfizer/BioNTech",6110659,6001136,12111795
2021-10-06,"Johnson&Johnson, Moderna, Oxford/AstraZeneca, Pfizer/BioNTech",6114173,6006304,12120477
2021-10-07,"Johnson&Johnson, Moderna, Oxford/AstraZeneca, Pfizer/BioNTech",6117449,6011556,12129005
2021-10-08,"Johnson&Johnson, Moderna, Oxford/AstraZeneca, Pfizer/BioNTech",6122241,6018191,12140432
2021-10-09,"Johnson&Johnson, Moderna, Oxford/AstraZeneca, Pfizer/BioNTech",6123484,6019843,12143327
2021-10-10,"Johnson&Johnson, Moderna, Oxford/AstraZeneca, Pfizer/BioNTech",6124424,6020672,12145096
2021-10-11,"Johnson&Johnson, Moderna, Oxford/AstraZeneca, Pfizer/BioNTech",6127354,6025082,12152436
2021-10-12,"Johnson&Johnson, Moderna, Oxford/AstraZeneca, Pfizer/BioNTech",6130281,6029083,12159364
2021-10-13,"Johnson&Johnson, Moderna, Oxford/AstraZeneca, Pfizer/BioNTech",6133813,6033263,12167076
2021-10-14,"Johnson&Johnson, Moderna, Oxford/AstraZeneca, Pfizer/BioNTech",6137489,6038211,12175700
2021-10-15,"Johnson&Johnson, Moderna, Oxford/AstraZeneca, Pfizer/BioNTech",6142717,6044354,12187071
2021-10-16,"Johnson&Johnson, Moderna, Oxford/AstraZeneca, Pfizer/BioNTech",6144130,6045875,12190005
2021-10-17,"Johnson&Johnson, Moderna, Pfizer/BioNTech",6145455,6046928,12192383
2021-10-18,"Johnson&Johnson, Moderna, Oxford/AstraZeneca, Pfizer/BioNTech",6149566,6051019,12200585
2021-10-19,"Johnson&Johnson, Moderna, Oxford/AstraZeneca, Pfizer/BioNTech",6153143,6053113,12206256
2021-10-20,"Johnson&Johnson, Moderna, Oxford/AstraZeneca, Pfizer/BioNTech",6158021,6057557,12215578
2021-10-21,"Johnson&Johnson, Moderna, Oxford/AstraZeneca, Pfizer/BioNTech",6165788,6063155,12228943
2021-10-22,"Johnson&Johnson, Moderna, Oxford/AstraZeneca, Pfizer/BioNTech",6176237,6069657,12245894
2021-10-23,"Johnson&Johnson, Moderna, Oxford/AstraZeneca, Pfizer/BioNTech",6179913,6071864,12251777
2021-10-24,"Johnson&Johnson, Moderna, Pfizer/BioNTech",6182596,6073641,12256237
2021-10-25,"Johnson&Johnson, Moderna, Oxford/AstraZeneca, Pfizer/BioNTech",6193089,6079444,12272533
2021-10-26,"Johnson&Johnson, Moderna, Oxford/AstraZeneca, Pfizer/BioNTech",6205078,6085991,12291069
2021-10-27,"Johnson&Johnson, Moderna, Oxford/AstraZeneca, Pfizer/BioNTech",6219680,6093390,12313070
2021-10-28,"Johnson&Johnson, Moderna, Oxford/AstraZeneca, Pfizer/BioNTech",6223096,6095065,12318161
2021-10-29,"Johnson&Johnson, Moderna, Oxford/AstraZeneca, Pfizer/BioNTech",6237518,6103038,12340556
2021-10-30,"Johnson&Johnson, Moderna, Oxford/AstraZeneca, Pfizer/BioNTech",6242049,6105960,12348009
2021-10-31,"Johnson&Johnson, Moderna, Oxford/AstraZeneca, Pfizer/BioNTech",6245809,6108429,12354238
2021-11-01,"Johnson&Johnson, Moderna, Oxford/AstraZeneca, Pfizer/BioNTech",6261006,6116110,12377116
2021-11-02,"Johnson&Johnson, Moderna, Oxford/AstraZeneca, Pfizer/BioNTech",6276456,6123660,12400116
2021-11-03,"Johnson&Johnson, Moderna, Oxford/AstraZeneca, Pfizer/BioNTech",6293636,6130954,12424590
2021-11-04,"Johnson&Johnson, Moderna, Oxford/AstraZeneca, Pfizer/BioNTech",6311987,6139123,12451110
2021-11-05,"Johnson&Johnson, Moderna, Oxford/AstraZeneca, Pfizer/BioNTech",6334785,6150391,12485176
2021-11-06,"Johnson&Johnson, Moderna, Pfizer/BioNTech",6341298,6153442,12494740
2021-11-07,"Johnson&Johnson, Moderna, Oxford/AstraZeneca, Pfizer/BioNTech",6345319,6155878,12501197
2021-11-08,"Johnson&Johnson, Moderna, Oxford/AstraZeneca, Pfizer/BioNTech",6361589,6163506,12525095
2021-11-09,"Johnson&Johnson, Moderna, Oxford/AstraZeneca, Pfizer/BioNTech",6376397,6170800,12547197
2021-11-10,"Johnson&Johnson, Moderna, Oxford/AstraZeneca, Pfizer/BioNTech",6392137,6178173,12570310
2021-11-11,"Johnson&Johnson, Moderna, Oxford/AstraZeneca, Pfizer/BioNTech",6407603,6187276,12594879
2021-11-12,"Johnson&Johnson, Moderna, Oxford/AstraZeneca, Pfizer/BioNTech",6427404,6200064,12627468
2021-11-13,"Johnson&Johnson, Moderna, Oxford/AstraZeneca, Pfizer/BioNTech",6432793,6203930,12636723
2021-11-14,"Johnson&Johnson, Moderna, Oxford/AstraZeneca, Pfizer/BioNTech",6436685,6206933,12643618
2021-11-15,"Johnson&Johnson, Moderna, Oxford/AstraZeneca, Pfizer/BioNTech",6451765,6217621,12669386
2021-11-16,"Johnson&Johnson, Moderna, Oxford/AstraZeneca, Pfizer/BioNTech",6469311,6229602,12698913
2021-11-17,"Johnson&Johnson, Moderna, Oxford/AstraZeneca, Pfizer/BioNTech",6473554,6233165,12706719
2021-11-18,"Johnson&Johnson, Moderna, Oxford/AstraZeneca, Pfizer/BioNTech",6492968,6244846,12737814
2021-11-19,"Johnson&Johnson, Moderna, Oxford/AstraZeneca, Pfizer/BioNTech",6517574,6261812,12779386
2021-11-20,"Johnson&Johnson, Moderna, Pfizer/BioNTech",6526145,6266788,12792933
2021-11-21,"Johnson&Johnson, Moderna, Pfizer/BioNTech",6532917,6270559,12803476
2021-11-22,"Johnson&Johnson, Moderna, Oxford/AstraZeneca, Pfizer/BioNTech",6551428,6284667,12836095
2021-11-23,"Johnson&Johnson, Moderna, Oxford/AstraZeneca, Pfizer/BioNTech",6570487,6297923,12868410
2021-11-24,"Johnson&Johnson, Moderna, Oxford/AstraZeneca, Pfizer/BioNTech",6589495,6313760,12903255
2021-11-25,"Johnson&Johnson, Moderna, Oxford/AstraZeneca, Pfizer/BioNTech",6608646,6328783,12937429
2021-11-26,"Johnson&Johnson, Moderna, Oxford/AstraZeneca, Pfizer/BioNTech",6630300,6347913,12978213
2021-11-27,"Johnson&Johnson, Moderna, Oxford/AstraZeneca, Pfizer/BioNTech",6637770,6353467,12991237
2021-11-28,"Johnson&Johnson, Moderna, Oxford/AstraZeneca, Pfizer/BioNTech",6641107,6356601,12997708
2021-11-29,"Johnson&Johnson, Moderna, Oxford/AstraZeneca, Pfizer/BioNTech",6656315,6370253,13026568
2021-11-30,"Johnson&Johnson, Moderna, Oxford/AstraZeneca, Pfizer/BioNTech",6669522,6381487,13051009
2021-12-01,"Johnson&Johnson, Moderna, Oxford/AstraZeneca, Pfizer/BioNTech",6683555,6393938,13077493
2021-12-02,"Johnson&Johnson, Moderna, Oxford/AstraZeneca, Pfizer/BioNTech",6694187,6406424,13100611
2021-12-03,"Johnson&Johnson, Moderna, Oxford/AstraZeneca, Pfizer/BioNTech",6703827,6421992,13125819
2021-12-04,"Johnson&Johnson, Moderna, Pfizer/BioNTech",6706386,6425938,13132324
2021-12-05,"Johnson&Johnson, Moderna, Oxford/AstraZeneca, Pfizer/BioNTech",6707743,6428278,13136021
2021-12-06,"Johnson&Johnson, Moderna, Oxford/AstraZeneca, Pfizer/BioNTech",6715904,6439799,13155703
2021-12-07,"Johnson&Johnson, Moderna, Oxford/AstraZeneca, Pfizer/BioNTech",6723788,6451796,13175584
2021-12-08,"Johnson&Johnson, Moderna, Oxford/AstraZeneca, Pfizer/BioNTech",6732035,6457714,13189749
2021-12-09,"Johnson&Johnson, Moderna, Oxford/AstraZeneca, Pfizer/BioNTech",6739151,6470525,13209676
2021-12-10,"Johnson&Johnson, Moderna, Oxford/AstraZeneca, Pfizer/BioNTech",6746053,6488326,13234379
2021-12-11,"Johnson&Johnson, Moderna, Pfizer/BioNTech",6747715,6493596,13241311
2021-12-12,"Johnson&Johnson, Moderna, Oxford/AstraZeneca, Pfizer/BioNTech",6749024,6498026,13247050
2021-12-13,"Johnson&Johnson, Moderna, Oxford/AstraZeneca, Pfizer/BioNTech",6755377,6511333,13266710
2021-12-14,"Johnson&Johnson, Moderna, Oxford/AstraZeneca, Pfizer/BioNTech",6761598,6524995,13286593
2021-12-15,"Johnson&Johnson, Moderna, Oxford/AstraZeneca, Pfizer/BioNTech",6767789,6538596,13306385
2021-12-16,"Johnson&Johnson, Moderna, Oxford/AstraZeneca, Pfizer/BioNTech",6774715,6553428,13328143
2021-12-17,"Johnson&Johnson, Moderna, Oxford/AstraZeneca, Pfizer/BioNTech",6783073,6570680,13353753
2021-12-18,"Johnson&Johnson, Moderna, Oxford/AstraZeneca, Pfizer/BioNTech",6785677,6576126,13361803
2021-12-19,"Johnson&Johnson, Moderna, Pfizer/BioNTech",6787445,6578629,13366074
2021-12-20,"Johnson&Johnson, Moderna, Oxford/AstraZeneca, Pfizer/BioNTech",6793245,6592682,13385927
2021-12-21,"Johnson&Johnson, Moderna, Oxford/AstraZeneca, Pfizer/BioNTech",6799905,6604663,13404568
2021-12-22,"Johnson&Johnson, Moderna, Oxford/AstraZeneca, Pfizer/BioNTech",6804953,6617704,13422657
2021-12-23,"Johnson&Johnson, Moderna, Oxford/AstraZeneca, Pfizer/BioNTech",6807816,6623302,13431118
2021-12-24,"Johnson&Johnson, Moderna, Oxford/AstraZeneca, Pfizer/BioNTech",6807860,6623403,13431263
2021-12-25,"Moderna, Pfizer/BioNTech",6807860,6623410,13431270
2021-12-26,"Moderna, Pfizer/BioNTech",6807958,6623608,13431566
2021-12-27,"Johnson&Johnson, Moderna, Pfizer/BioNTech",6811785,6633341,13445126
2021-12-28,"Johnson&Johnson, Moderna, Oxford/AstraZeneca, Pfizer/BioNTech",6817014,6641299,13458313
2021-12-29,"Johnson&Johnson, Moderna, Oxford/AstraZeneca, Pfizer/BioNTech",6821285,6649006,13470291
2021-12-30,"Johnson&Johnson, Moderna, Pfizer/BioNTech",6825570,6654427,13479997
2021-12-31,"Johnson&Johnson, Moderna, Pfizer/BioNTech",6826076,6655843,13481919
2022-01-01,"Johnson&Johnson, Moderna, Pfizer/BioNTech",6826079,6655861,13481940
2022-01-02,"Johnson&Johnson, Moderna, Pfizer/BioNTech",6826927,6657241,13484168
2022-01-03,"Johnson&Johnson, Moderna, Oxford/AstraZeneca, Pfizer/BioNTech",6831001,6666131,13497132
2022-01-04,"Johnson&Johnson, Moderna, Oxford/AstraZeneca, Pfizer/BioNTech",6836079,6673893,13509972
2022-01-05,"Johnson&Johnson, Moderna, Oxford/AstraZeneca, Pfizer/BioNTech",6841856,6681846,13523702
2022-01-06,"Johnson&Johnson, Moderna, Oxford/AstraZeneca, Pfizer/BioNTech",6848407,6690258,13538665
2022-01-07,"Johnson&Johnson, Moderna, Oxford/AstraZeneca, Pfizer/BioNTech",6856241,6700585,13556826
2022-01-08,"Johnson&Johnson, Moderna, Oxford/AstraZeneca, Pfizer/BioNTech",6858715,6703364,13562079
2022-01-09,"Johnson&Johnson, Moderna, Pfizer/BioNTech",6859800,6705065,13564865
2022-01-10,"Johnson&Johnson, Moderna, Oxford/AstraZeneca, Pfizer/BioNTech",6864226,6711184,13575410
2022-01-11,"Johnson&Johnson, Moderna, Oxford/AstraZeneca, Pfizer/BioNTech",6869577,6717920,13587497
2022-01-12,"Johnson&Johnson, Moderna, Oxford/AstraZeneca, Pfizer/BioNTech",6875504,6723530,13599034
2022-01-13,"Johnson&Johnson, Moderna, Oxford/AstraZeneca, Pfizer/BioNTech",6881367,6728275,13609642
2022-01-14,"Johnson&Johnson, Moderna, Oxford/AstraZeneca, Pfizer/BioNTech",6887598,6731894,13619492
2022-01-15,"Johnson&Johnson, Moderna, Oxford/AstraZeneca, Pfizer/BioNTech",6888872,6732546,13621418
2022-01-16,"Johnson&Johnson, Moderna, Oxford/AstraZeneca, Pfizer/BioNTech",6889556,6732977,13622533
2022-01-17,"Johnson&Johnson, Moderna, Oxford/AstraZeneca, Pfizer/BioNTech",6893037,6736909,13629946
2022-01-18,"Johnson&Johnson, Moderna, Oxford/AstraZeneca, Pfizer/BioNTech",6896896,6741836,13638732
2022-01-19,"Johnson&Johnson, Moderna, Oxford/AstraZeneca, Pfizer/BioNTech",6900906,6745749,13646655
2022-01-20,"Johnson&Johnson, Moderna, Oxford/AstraZeneca, Pfizer/BioNTech",6904452,6750137,13654589
2022-01-21,"Johnson&Johnson, Moderna, Oxford/AstraZeneca, Pfizer/BioNTech",6908387,6752601,13660988
2022-01-22,"Johnson&Johnson, Moderna, Oxford/AstraZeneca, Pfizer/BioNTech",6909172,6753039,13662211
2022-01-23,"Johnson&Johnson, Moderna, Pfizer/BioNTech",6909745,6753672,13663417
2022-01-24,"Johnson&Johnson, Moderna, Oxford/AstraZeneca, Pfizer/BioNTech",6911836,6756953,13668789
