date,vaccine,people_vaccinated,people_fully_vaccinated,total_vaccinations
2020-12-27,Pfizer/BioNTech,1285,0,1285
2020-12-28,Pfizer/BioNTech,3591,0,3591
2020-12-29,Pfizer/BioNTech,7061,1,7062
2020-12-30,Pfizer/BioNTech,10581,1,10582
2020-12-31,Pfizer/BioNTech,11893,1,11894
2021-01-01,"Moderna, Pfizer/BioNTech",12163,1,12164
2021-01-02,Pfizer/BioNTech,13444,1,13445
2021-01-03,"Moderna, Pfizer/BioNTech",14367,1,14368
2021-01-04,"Moderna, Pfizer/BioNTech",17981,1,17982
2021-01-05,"Moderna, Pfizer/BioNTech",22506,3,22509
2021-01-06,"Moderna, Pfizer/BioNTech",28357,4,28361
2021-01-07,"Moderna, Pfizer/BioNTech",36357,4,36361
2021-01-08,"Moderna, Pfizer/BioNTech",46409,5,46414
2021-01-09,"Moderna, Pfizer/BioNTech",48438,6,48444
2021-01-10,Pfizer/BioNTech,50208,7,50215
2021-01-11,Pfizer/BioNTech,60064,9,60073
2021-01-12,"Moderna, Pfizer/BioNTech",73523,11,73534
2021-01-13,"Moderna, Pfizer/BioNTech",87070,11,87081
2021-01-14,"Moderna, Pfizer/BioNTech",102320,15,102335
2021-01-15,"Moderna, Pfizer/BioNTech",116343,16,116359
2021-01-16,"Moderna, Pfizer/BioNTech",119746,20,119766
2021-01-17,"Moderna, Pfizer/BioNTech",122363,656,123019
2021-01-18,"Moderna, Pfizer/BioNTech",134855,2483,137338
2021-01-19,"Moderna, Pfizer/BioNTech",147462,5209,152671
2021-01-20,"Moderna, Pfizer/BioNTech",161152,7872,169024
2021-01-21,"Moderna, Pfizer/BioNTech",176805,9618,186423
2021-01-22,"Moderna, Pfizer/BioNTech",191697,10664,202361
2021-01-23,"Moderna, Pfizer/BioNTech",195018,11545,206563
2021-01-24,"Moderna, Pfizer/BioNTech",197273,12413,209686
2021-01-25,"Moderna, Pfizer/BioNTech",206924,15387,222311
2021-01-26,"Moderna, Pfizer/BioNTech",217471,19382,236853
2021-01-27,"Moderna, Pfizer/BioNTech",226500,23920,250420
2021-01-28,"Moderna, Pfizer/BioNTech",233603,30056,263659
2021-01-29,"Moderna, Pfizer/BioNTech",239820,37969,277789
2021-01-30,"Moderna, Pfizer/BioNTech",240561,39057,279618
2021-01-31,"Moderna, Pfizer/BioNTech",241276,40239,281515
2021-02-01,"Moderna, Pfizer/BioNTech",245256,48206,293462
2021-02-02,"Moderna, Pfizer/BioNTech",249403,58446,307849
2021-02-03,"Moderna, Pfizer/BioNTech",253828,69467,323295
2021-02-04,"Moderna, Pfizer/BioNTech",258734,82460,341194
2021-02-05,"Moderna, Pfizer/BioNTech",264202,93133,357335
2021-02-06,"Moderna, Oxford/AstraZeneca, Pfizer/BioNTech",265054,95501,360555
2021-02-07,"Moderna, Oxford/AstraZeneca, Pfizer/BioNTech",265906,98001,363907
2021-02-08,"Moderna, Oxford/AstraZeneca, Pfizer/BioNTech",269994,109435,379429
2021-02-09,"Moderna, Oxford/AstraZeneca, Pfizer/BioNTech",275097,121349,396446
2021-02-10,"Moderna, Oxford/AstraZeneca, Pfizer/BioNTech",280610,134609,415219
2021-02-11,"Moderna, Oxford/AstraZeneca, Pfizer/BioNTech",286949,150829,437778
2021-02-12,"Moderna, Oxford/AstraZeneca, Pfizer/BioNTech",293776,165571,459347
2021-02-13,"Moderna, Oxford/AstraZeneca, Pfizer/BioNTech",295388,168560,463948
2021-02-14,"Moderna, Oxford/AstraZeneca, Pfizer/BioNTech",296392,169946,466338
2021-02-15,"Moderna, Oxford/AstraZeneca, Pfizer/BioNTech",302791,179316,482107
2021-02-16,"Moderna, Oxford/AstraZeneca, Pfizer/BioNTech",311513,188400,499913
2021-02-17,"Moderna, Oxford/AstraZeneca, Pfizer/BioNTech",321213,196707,517920
2021-02-18,"Moderna, Oxford/AstraZeneca, Pfizer/BioNTech",333542,204791,538333
2021-02-19,"Moderna, Oxford/AstraZeneca, Pfizer/BioNTech",345402,212169,557571
2021-02-20,"Moderna, Oxford/AstraZeneca, Pfizer/BioNTech",347405,213355,560760
2021-02-21,"Moderna, Oxford/AstraZeneca, Pfizer/BioNTech",348540,214379,562919
2021-02-22,"Moderna, Oxford/AstraZeneca, Pfizer/BioNTech",358666,220414,579080
2021-02-23,"Moderna, Oxford/AstraZeneca, Pfizer/BioNTech",371627,227402,599029
2021-02-24,"Moderna, Oxford/AstraZeneca, Pfizer/BioNTech",385504,233441,618945
2021-02-25,"Moderna, Oxford/AstraZeneca, Pfizer/BioNTech",403480,238993,642473
2021-02-26,"Moderna, Oxford/AstraZeneca, Pfizer/BioNTech",419657,244347,664004
2021-02-27,"Moderna, Oxford/AstraZeneca, Pfizer/BioNTech",422666,244906,667572
2021-02-28,"Moderna, Oxford/AstraZeneca, Pfizer/BioNTech",425021,245458,670479
2021-03-01,"Moderna, Oxford/AstraZeneca, Pfizer/BioNTech",444616,248909,693525
2021-03-02,"Moderna, Oxford/AstraZeneca, Pfizer/BioNTech",471846,252457,724303
2021-03-03,"Moderna, Oxford/AstraZeneca, Pfizer/BioNTech",502796,256963,759759
2021-03-04,"Moderna, Oxford/AstraZeneca, Pfizer/BioNTech",536083,261652,797735
2021-03-05,"Johnson&Johnson, Moderna, Oxford/AstraZeneca, Pfizer/BioNTech",564928,267077,832005
2021-03-06,"Johnson&Johnson, Moderna, Oxford/AstraZeneca, Pfizer/BioNTech",577080,267938,845018
2021-03-07,"Johnson&Johnson, Moderna, Oxford/AstraZeneca, Pfizer/BioNTech",588624,268780,857404
2021-03-08,"Johnson&Johnson, Moderna, Oxford/AstraZeneca, Pfizer/BioNTech",618375,273637,892012
2021-03-09,"Johnson&Johnson, Moderna, Oxford/AstraZeneca, Pfizer/BioNTech",654733,280022,934755
2021-03-10,"Johnson&Johnson, Moderna, Oxford/AstraZeneca, Pfizer/BioNTech",696056,286982,983038
2021-03-11,"Johnson&Johnson, Moderna, Oxford/AstraZeneca, Pfizer/BioNTech",740901,295355,1036256
2021-03-12,"Johnson&Johnson, Moderna, Oxford/AstraZeneca, Pfizer/BioNTech",779671,303851,1083522
2021-03-13,"Johnson&Johnson, Moderna, Oxford/AstraZeneca, Pfizer/BioNTech",796765,305163,1101928
2021-03-14,"Johnson&Johnson, Moderna, Oxford/AstraZeneca, Pfizer/BioNTech",808883,306317,1115200
2021-03-15,"Johnson&Johnson, Moderna, Oxford/AstraZeneca, Pfizer/BioNTech",837273,315098,1152371
2021-03-16,"Johnson&Johnson, Moderna, Oxford/AstraZeneca, Pfizer/BioNTech",876164,325637,1201801
2021-03-17,"Moderna, Oxford/AstraZeneca, Pfizer/BioNTech",913651,336147,1249798
2021-03-18,"Johnson&Johnson, Moderna, Oxford/AstraZeneca, Pfizer/BioNTech",951654,348565,1300219
2021-03-19,"Moderna, Oxford/AstraZeneca, Pfizer/BioNTech",986161,362176,1348337
2021-03-20,"Johnson&Johnson, Moderna, Oxford/AstraZeneca, Pfizer/BioNTech",1001326,364207,1365533
2021-03-21,"Johnson&Johnson, Moderna, Oxford/AstraZeneca, Pfizer/BioNTech",1008759,365766,1374525
2021-03-22,"Johnson&Johnson, Moderna, Oxford/AstraZeneca, Pfizer/BioNTech",1033341,378271,1411612
2021-03-23,"Johnson&Johnson, Moderna, Oxford/AstraZeneca, Pfizer/BioNTech",1060011,391632,1451643
2021-03-24,"Johnson&Johnson, Moderna, Oxford/AstraZeneca, Pfizer/BioNTech",1086889,407377,1494266
2021-03-25,"Moderna, Oxford/AstraZeneca, Pfizer/BioNTech",1113239,425230,1538469
2021-03-26,"Johnson&Johnson, Moderna, Oxford/AstraZeneca, Pfizer/BioNTech",1138073,442736,1580809
2021-03-27,"Johnson&Johnson, Moderna, Oxford/AstraZeneca, Pfizer/BioNTech",1146522,447582,1594104
2021-03-28,"Moderna, Oxford/AstraZeneca, Pfizer/BioNTech",1152065,451729,1603794
2021-03-29,"Johnson&Johnson, Moderna, Oxford/AstraZeneca, Pfizer/BioNTech",1171206,472468,1643674
2021-03-30,"Johnson&Johnson, Moderna, Oxford/AstraZeneca, Pfizer/BioNTech",1195902,494650,1690552
2021-03-31,"Johnson&Johnson, Moderna, Oxford/AstraZeneca, Pfizer/BioNTech",1219041,521718,1740759
2021-04-01,"Johnson&Johnson, Moderna, Oxford/AstraZeneca, Pfizer/BioNTech",1244706,553780,1798486
2021-04-02,"Johnson&Johnson, Moderna, Oxford/AstraZeneca, Pfizer/BioNTech",1251653,566572,1818225
2021-04-03,"Johnson&Johnson, Moderna, Oxford/AstraZeneca, Pfizer/BioNTech",1255292,577500,1832792
2021-04-04,"Johnson&Johnson, Moderna, Oxford/AstraZeneca, Pfizer/BioNTech",1257821,586422,1844243
2021-04-05,"Johnson&Johnson, Moderna, Oxford/AstraZeneca, Pfizer/BioNTech",1260239,593617,1853856
2021-04-06,"Johnson&Johnson, Moderna, Oxford/AstraZeneca, Pfizer/BioNTech",1276427,622881,1899308
2021-04-07,"Johnson&Johnson, Moderna, Oxford/AstraZeneca, Pfizer/BioNTech",1299891,645115,1945006
2021-04-08,"Johnson&Johnson, Moderna, Oxford/AstraZeneca, Pfizer/BioNTech",1338668,676150,2014818
2021-04-09,"Johnson&Johnson, Moderna, Oxford/AstraZeneca, Pfizer/BioNTech",1378249,706340,2084589
2021-04-10,"Johnson&Johnson, Moderna, Oxford/AstraZeneca, Pfizer/BioNTech",1393790,721642,2115432
2021-04-11,"Johnson&Johnson, Moderna, Oxford/AstraZeneca, Pfizer/BioNTech",1403588,731693,2135281
2021-04-12,"Johnson&Johnson, Moderna, Oxford/AstraZeneca, Pfizer/BioNTech",1441897,756838,2198735
2021-04-13,"Moderna, Oxford/AstraZeneca, Pfizer/BioNTech",1478184,782881,2261065
2021-04-14,"Moderna, Oxford/AstraZeneca, Pfizer/BioNTech",1517048,810249,2327297
2021-04-15,"Moderna, Oxford/AstraZeneca, Pfizer/BioNTech",1564867,836017,2400884
2021-04-16,"Moderna, Oxford/AstraZeneca, Pfizer/BioNTech",1609559,861688,2471247
2021-04-17,"Moderna, Oxford/AstraZeneca, Pfizer/BioNTech",1626263,870716,2496979
2021-04-18,"Moderna, Oxford/AstraZeneca, Pfizer/BioNTech",1639258,875700,2514958
2021-04-19,"Moderna, Oxford/AstraZeneca, Pfizer/BioNTech",1683223,891139,2574362
2021-04-20,"Johnson&Johnson, Moderna, Oxford/AstraZeneca, Pfizer/BioNTech",1725812,907012,2632824
2021-04-21,"Moderna, Oxford/AstraZeneca, Pfizer/BioNTech",1773572,921369,2694941
2021-04-22,"Johnson&Johnson, Moderna, Oxford/AstraZeneca, Pfizer/BioNTech",1828085,938763,2766848
2021-04-23,"Johnson&Johnson, Moderna, Oxford/AstraZeneca, Pfizer/BioNTech",1878083,950822,2828905
2021-04-24,"Johnson&Johnson, Moderna, Oxford/AstraZeneca, Pfizer/BioNTech",1895945,956079,2852024
2021-04-25,"Johnson&Johnson, Moderna, Oxford/AstraZeneca, Pfizer/BioNTech",1910650,960077,2870727
2021-04-26,"Johnson&Johnson, Moderna, Oxford/AstraZeneca, Pfizer/BioNTech",1960254,967632,2927886
2021-04-27,"Johnson&Johnson, Moderna, Oxford/AstraZeneca, Pfizer/BioNTech",2009244,979873,2989117
2021-04-28,"Johnson&Johnson, Moderna, Oxford/AstraZeneca, Pfizer/BioNTech",2068025,993885,3061910
2021-04-29,"Johnson&Johnson, Moderna, Oxford/AstraZeneca, Pfizer/BioNTech",2133628,1009791,3143419
2021-04-30,"Johnson&Johnson, Moderna, Oxford/AstraZeneca, Pfizer/BioNTech",2195905,1019775,3215680
2021-05-01,"Johnson&Johnson, Moderna, Oxford/AstraZeneca, Pfizer/BioNTech",2215270,1023231,3238501
2021-05-02,"Johnson&Johnson, Moderna, Oxford/AstraZeneca, Pfizer/BioNTech",2234209,1025511,3259720
2021-05-03,"Johnson&Johnson, Moderna, Oxford/AstraZeneca, Pfizer/BioNTech",2301489,1030582,3332071
2021-05-04,"Johnson&Johnson, Moderna, Oxford/AstraZeneca, Pfizer/BioNTech",2368038,1038939,3406977
2021-05-05,"Johnson&Johnson, Moderna, Oxford/AstraZeneca, Pfizer/BioNTech",2441240,1048360,3489600
2021-05-06,"Johnson&Johnson, Moderna, Oxford/AstraZeneca, Pfizer/BioNTech",2521673,1059100,3580773
2021-05-07,"Johnson&Johnson, Moderna, Oxford/AstraZeneca, Pfizer/BioNTech",2598998,1069228,3668226
2021-05-08,"Johnson&Johnson, Moderna, Oxford/AstraZeneca, Pfizer/BioNTech",2628492,1071008,3699500
2021-05-09,"Johnson&Johnson, Moderna, Oxford/AstraZeneca, Pfizer/BioNTech",2652728,1072223,3724951
2021-05-10,"Johnson&Johnson, Moderna, Oxford/AstraZeneca, Pfizer/BioNTech",2725535,1079456,3804991
2021-05-11,"Johnson&Johnson, Moderna, Oxford/AstraZeneca, Pfizer/BioNTech",2801673,1088280,3889953
2021-05-12,"Johnson&Johnson, Moderna, Oxford/AstraZeneca, Pfizer/BioNTech",2881602,1097406,3979008
2021-05-13,"Johnson&Johnson, Moderna, Oxford/AstraZeneca, Pfizer/BioNTech",2965643,1106579,4072222
2021-05-14,"Johnson&Johnson, Moderna, Oxford/AstraZeneca, Pfizer/BioNTech",3045156,1114382,4159538
2021-05-15,"Johnson&Johnson, Moderna, Oxford/AstraZeneca, Pfizer/BioNTech",3077097,1116648,4193745
2021-05-16,"Johnson&Johnson, Moderna, Oxford/AstraZeneca, Pfizer/BioNTech",3102906,1117923,4220829
2021-05-17,"Johnson&Johnson, Moderna, Oxford/AstraZeneca, Pfizer/BioNTech",3175454,1124662,4300116
2021-05-18,"Johnson&Johnson, Moderna, Oxford/AstraZeneca, Pfizer/BioNTech",3247423,1137764,4385187
2021-05-19,"Johnson&Johnson, Moderna, Oxford/AstraZeneca, Pfizer/BioNTech",3324908,1152922,4477830
2021-05-20,"Johnson&Johnson, Moderna, Oxford/AstraZeneca, Pfizer/BioNTech",3400397,1179977,4580374
2021-05-21,"Johnson&Johnson, Moderna, Oxford/AstraZeneca, Pfizer/BioNTech",3469223,1207763,4676986
2021-05-22,"Johnson&Johnson, Moderna, Oxford/AstraZeneca, Pfizer/BioNTech",3501658,1218982,4720640
2021-05-23,"Johnson&Johnson, Moderna, Oxford/AstraZeneca, Pfizer/BioNTech",3524080,1228025,4752105
2021-05-24,"Johnson&Johnson, Moderna, Oxford/AstraZeneca, Pfizer/BioNTech",3571241,1261696,4832937
2021-05-25,"Johnson&Johnson, Moderna, Oxford/AstraZeneca, Pfizer/BioNTech",3623134,1297525,4920659
2021-05-26,"Johnson&Johnson, Moderna, Oxford/AstraZeneca, Pfizer/BioNTech",3690921,1335073,5025994
2021-05-27,"Johnson&Johnson, Moderna, Oxford/AstraZeneca, Pfizer/BioNTech",3752352,1382425,5134777
2021-05-28,"Johnson&Johnson, Moderna, Oxford/AstraZeneca, Pfizer/BioNTech",3814086,1429014,5243100
2021-05-29,"Johnson&Johnson, Moderna, Oxford/AstraZeneca, Pfizer/BioNTech",3843322,1446131,5289453
2021-05-30,"Johnson&Johnson, Moderna, Oxford/AstraZeneca, Pfizer/BioNTech",3865726,1460584,5326310
2021-05-31,"Johnson&Johnson, Moderna, Oxford/AstraZeneca, Pfizer/BioNTech",3921485,1508112,5429597
2021-06-01,"Johnson&Johnson, Moderna, Oxford/AstraZeneca, Pfizer/BioNTech",3980560,1556987,5537547
2021-06-02,"Johnson&Johnson, Moderna, Oxford/AstraZeneca, Pfizer/BioNTech",4043509,1610993,5654502
2021-06-03,"Johnson&Johnson, Moderna, Oxford/AstraZeneca, Pfizer/BioNTech",4101769,1671224,5772993
2021-06-04,"Johnson&Johnson, Moderna, Oxford/AstraZeneca, Pfizer/BioNTech",4164892,1728654,5893546
2021-06-05,"Johnson&Johnson, Moderna, Oxford/AstraZeneca, Pfizer/BioNTech",4199065,1747546,5946611
2021-06-06,"Johnson&Johnson, Moderna, Oxford/AstraZeneca, Pfizer/BioNTech",4226007,1762707,5988714
2021-06-07,"Johnson&Johnson, Moderna, Oxford/AstraZeneca, Pfizer/BioNTech",4289692,1818358,6108050
2021-06-08,"Johnson&Johnson, Moderna, Oxford/AstraZeneca, Pfizer/BioNTech",4353680,1873366,6227046
2021-06-09,"Johnson&Johnson, Moderna, Oxford/AstraZeneca, Pfizer/BioNTech",4412887,1938037,6350924
2021-06-10,"Johnson&Johnson, Moderna, Oxford/AstraZeneca, Pfizer/BioNTech",4466747,2009327,6476074
2021-06-11,"Johnson&Johnson, Moderna, Oxford/AstraZeneca, Pfizer/BioNTech",4518858,2079142,6598000
2021-06-12,"Johnson&Johnson, Moderna, Oxford/AstraZeneca, Pfizer/BioNTech",4550881,2099959,6650840
2021-06-13,"Johnson&Johnson, Moderna, Oxford/AstraZeneca, Pfizer/BioNTech",4574917,2118384,6693301
2021-06-14,"Johnson&Johnson, Moderna, Oxford/AstraZeneca, Pfizer/BioNTech",4618003,2192789,6810792
2021-06-15,"Johnson&Johnson, Moderna, Oxford/AstraZeneca, Pfizer/BioNTech",4662674,2265183,6927857
2021-06-16,"Johnson&Johnson, Moderna, Oxford/AstraZeneca, Pfizer/BioNTech",4705455,2343432,7048887
2021-06-17,"Johnson&Johnson, Moderna, Oxford/AstraZeneca, Pfizer/BioNTech",4744867,2426540,7171407
2021-06-18,"Johnson&Johnson, Moderna, Oxford/AstraZeneca, Pfizer/BioNTech",4787299,2507106,7294405
2021-06-19,"Johnson&Johnson, Moderna, Oxford/AstraZeneca, Pfizer/BioNTech",4809071,2536425,7345496
2021-06-20,"Johnson&Johnson, Moderna, Oxford/AstraZeneca, Pfizer/BioNTech",4826461,2560284,7386745
2021-06-21,"Johnson&Johnson, Moderna, Oxford/AstraZeneca, Pfizer/BioNTech",4858963,2638902,7497865
2021-06-22,"Johnson&Johnson, Moderna, Oxford/AstraZeneca, Pfizer/BioNTech",4891916,2721211,7613127
2021-06-23,"Johnson&Johnson, Moderna, Oxford/AstraZeneca, Pfizer/BioNTech",4923588,2806450,7730038
2021-06-24,"Johnson&Johnson, Moderna, Oxford/AstraZeneca, Pfizer/BioNTech",4953430,2896490,7849920
2021-06-25,"Johnson&Johnson, Moderna, Oxford/AstraZeneca, Pfizer/BioNTech",4984500,2982707,7967207
2021-06-26,"Johnson&Johnson, Moderna, Oxford/AstraZeneca, Pfizer/BioNTech",5000390,3017565,8017955
2021-06-27,"Johnson&Johnson, Moderna, Oxford/AstraZeneca, Pfizer/BioNTech",5014346,3044254,8058600
2021-06-28,"Johnson&Johnson, Moderna, Oxford/AstraZeneca, Pfizer/BioNTech",5042760,3129474,8172234
2021-06-29,"Johnson&Johnson, Moderna, Oxford/AstraZeneca, Pfizer/BioNTech",5072037,3215980,8288017
2021-06-30,"Johnson&Johnson, Moderna, Oxford/AstraZeneca, Pfizer/BioNTech",5099532,3307004,8406536
2021-07-01,"Johnson&Johnson, Moderna, Oxford/AstraZeneca, Pfizer/BioNTech",5123506,3397091,8520597
2021-07-02,"Johnson&Johnson, Moderna, Oxford/AstraZeneca, Pfizer/BioNTech",5150221,3482981,8633202
2021-07-03,"Johnson&Johnson, Moderna, Oxford/AstraZeneca, Pfizer/BioNTech",5157312,3514512,8671824
2021-07-04,"Johnson&Johnson, Moderna, Oxford/AstraZeneca, Pfizer/BioNTech",5164873,3536317,8701190
2021-07-05,"Johnson&Johnson, Moderna, Oxford/AstraZeneca, Pfizer/BioNTech",5172257,3561700,8733957
2021-07-06,"Johnson&Johnson, Moderna, Oxford/AstraZeneca, Pfizer/BioNTech",5177693,3589383,8767076
2021-07-07,"Johnson&Johnson, Moderna, Oxford/AstraZeneca, Pfizer/BioNTech",5203502,3668388,8871890
2021-07-08,"Johnson&Johnson, Moderna, Oxford/AstraZeneca, Pfizer/BioNTech",5230106,3738723,8968829
2021-07-09,"Johnson&Johnson, Moderna, Oxford/AstraZeneca, Pfizer/BioNTech",5258034,3808041,9066075
2021-07-10,"Johnson&Johnson, Moderna, Oxford/AstraZeneca, Pfizer/BioNTech",5267393,3836700,9104093
2021-07-11,"Johnson&Johnson, Moderna, Oxford/AstraZeneca, Pfizer/BioNTech",5275927,3859588,9135515
2021-07-12,"Johnson&Johnson, Moderna, Oxford/AstraZeneca, Pfizer/BioNTech",5303438,3928685,9232123
2021-07-13,"Johnson&Johnson, Moderna, Oxford/AstraZeneca, Pfizer/BioNTech",5329626,3998560,9328186
2021-07-14,"Johnson&Johnson, Moderna, Oxford/AstraZeneca, Pfizer/BioNTech",5355438,4070554,9425992
2021-07-15,"Johnson&Johnson, Moderna, Oxford/AstraZeneca, Pfizer/BioNTech",5384597,4136568,9521165
2021-07-16,"Johnson&Johnson, Moderna, Oxford/AstraZeneca, Pfizer/BioNTech",5412516,4209298,9621814
2021-07-17,"Johnson&Johnson, Moderna, Oxford/AstraZeneca, Pfizer/BioNTech",5421297,4240749,9662046
2021-07-18,"Johnson&Johnson, Moderna, Oxford/AstraZeneca, Pfizer/BioNTech",5429737,4266752,9696489
2021-07-19,"Johnson&Johnson, Moderna, Oxford/AstraZeneca, Pfizer/BioNTech",5453082,4333778,9786860
2021-07-20,"Johnson&Johnson, Moderna, Oxford/AstraZeneca, Pfizer/BioNTech",5474464,4400836,9875300
2021-07-21,"Johnson&Johnson, Moderna, Oxford/AstraZeneca, Pfizer/BioNTech",5497915,4464295,9962210
2021-07-22,"Johnson&Johnson, Moderna, Oxford/AstraZeneca, Pfizer/BioNTech",5520272,4522924,10043196
2021-07-23,"Johnson&Johnson, Moderna, Oxford/AstraZeneca, Pfizer/BioNTech",5543478,4577664,10121142
2021-07-24,"Johnson&Johnson, Moderna, Oxford/AstraZeneca, Pfizer/BioNTech",5550802,4605334,10156136
2021-07-25,"Johnson&Johnson, Moderna, Oxford/AstraZeneca, Pfizer/BioNTech",5557421,4627460,10184881
2021-07-26,"Johnson&Johnson, Moderna, Oxford/AstraZeneca, Pfizer/BioNTech",5580965,4676135,10257100
2021-07-27,"Johnson&Johnson, Moderna, Oxford/AstraZeneca, Pfizer/BioNTech",5603689,4722758,10326447
2021-07-28,"Johnson&Johnson, Moderna, Oxford/AstraZeneca, Pfizer/BioNTech",5624935,4768732,10393667
2021-07-29,"Johnson&Johnson, Moderna, Oxford/AstraZeneca, Pfizer/BioNTech",5646254,4810678,10456932
2021-07-30,"Johnson&Johnson, Moderna, Oxford/AstraZeneca, Pfizer/BioNTech",5669525,4853224,10522749
2021-07-31,"Johnson&Johnson, Moderna, Oxford/AstraZeneca, Pfizer/BioNTech",5678446,4872747,10551193
2021-08-01,"Johnson&Johnson, Moderna, Oxford/AstraZeneca, Pfizer/BioNTech",5685169,4888912,10574081
2021-08-02,"Johnson&Johnson, Moderna, Oxford/AstraZeneca, Pfizer/BioNTech",5703799,4926450,10630249
2021-08-03,"Johnson&Johnson, Moderna, Oxford/AstraZeneca, Pfizer/BioNTech",5721426,4964538,10685964
2021-08-04,"Johnson&Johnson, Moderna, Oxford/AstraZeneca, Pfizer/BioNTech",5737523,5001259,10738782
2021-08-05,"Johnson&Johnson, Moderna, Oxford/AstraZeneca, Pfizer/BioNTech",5753559,5041719,10795278
2021-08-06,"Johnson&Johnson, Moderna, Oxford/AstraZeneca, Pfizer/BioNTech",5770338,5084983,10855321
2021-08-07,"Johnson&Johnson, Moderna, Oxford/AstraZeneca, Pfizer/BioNTech",5775934,5103148,10879082
2021-08-08,"Johnson&Johnson, Moderna, Oxford/AstraZeneca, Pfizer/BioNTech",5780291,5118894,10899185
2021-08-09,"Johnson&Johnson, Moderna, Oxford/AstraZeneca, Pfizer/BioNTech",5792926,5163928,10956854
2021-08-10,"Johnson&Johnson, Moderna, Oxford/AstraZeneca, Pfizer/BioNTech",5804764,5203470,11008234
2021-08-11,"Johnson&Johnson, Moderna, Oxford/AstraZeneca, Pfizer/BioNTech",5816121,5246592,11062713
2021-08-12,"Johnson&Johnson, Moderna, Oxford/AstraZeneca, Pfizer/BioNTech",5827538,5283688,11111226
2021-08-13,"Johnson&Johnson, Moderna, Oxford/AstraZeneca, Pfizer/BioNTech",5838257,5324009,11162266
2021-08-14,"Johnson&Johnson, Moderna, Oxford/AstraZeneca, Pfizer/BioNTech",5841589,5334700,11176289
2021-08-15,"Johnson&Johnson, Moderna, Oxford/AstraZeneca, Pfizer/BioNTech",5844172,5345065,11189237
2021-08-16,"Johnson&Johnson, Moderna, Oxford/AstraZeneca, Pfizer/BioNTech",5853959,5379115,11233074
2021-08-17,"Johnson&Johnson, Moderna, Oxford/AstraZeneca, Pfizer/BioNTech",5863553,5406198,11269751
2021-08-18,"Johnson&Johnson, Moderna, Oxford/AstraZeneca, Pfizer/BioNTech",5872924,5445052,11317976
2021-08-19,"Johnson&Johnson, Moderna, Oxford/AstraZeneca, Pfizer/BioNTech",5882589,5483384,11365973
2021-08-20,"Johnson&Johnson, Moderna, Oxford/AstraZeneca, Pfizer/BioNTech",5893974,5523560,11417534
2021-08-21,"Johnson&Johnson, Moderna, Oxford/AstraZeneca, Pfizer/BioNTech",5896694,5536311,11433005
2021-08-22,"Johnson&Johnson, Moderna, Oxford/AstraZeneca, Pfizer/BioNTech",5899033,5548268,11447301
2021-08-23,"Johnson&Johnson, Moderna, Oxford/AstraZeneca, Pfizer/BioNTech",5909561,5587517,11497078
2021-08-24,"Johnson&Johnson, Moderna, Oxford/AstraZeneca, Pfizer/BioNTech",5919428,5620747,11540175
2021-08-25,"Johnson&Johnson, Moderna, Oxford/AstraZeneca, Pfizer/BioNTech",5928294,5649105,11577399
2021-08-26,"Johnson&Johnson, Moderna, Oxford/AstraZeneca, Pfizer/BioNTech",5936740,5675215,11611955
2021-08-27,"Johnson&Johnson, Moderna, Oxford/AstraZeneca, Pfizer/BioNTech",5947060,5701161,11648221
2021-08-28,"Johnson&Johnson, Moderna, Oxford/AstraZeneca, Pfizer/BioNTech",5949786,5708200,11657986
2021-08-29,"Johnson&Johnson, Moderna, Oxford/AstraZeneca, Pfizer/BioNTech",5952193,5714819,11667012
2021-08-30,"Johnson&Johnson, Moderna, Oxford/AstraZeneca, Pfizer/BioNTech",5960721,5736682,11697403
2021-08-31,"Johnson&Johnson, Moderna, Oxford/AstraZeneca, Pfizer/BioNTech",5968395,5754757,11723152
2021-09-01,"Johnson&Johnson, Moderna, Oxford/AstraZeneca, Pfizer/BioNTech",5974285,5768743,11743028
2021-09-02,"Johnson&Johnson, Moderna, Oxford/AstraZeneca, Pfizer/BioNTech",5981122,5783122,11764244
2021-09-03,"Johnson&Johnson, Moderna, Oxford/AstraZeneca, Pfizer/BioNTech",5990680,5798824,11789504
2021-09-04,"Johnson&Johnson, Moderna, Oxford/AstraZeneca, Pfizer/BioNTech",5992748,5802373,11795121
2021-09-05,"Johnson&Johnson, Moderna, Oxford/AstraZeneca, Pfizer/BioNTech",5994786,5805214,11800000
2021-09-06,"Johnson&Johnson, Moderna, Oxford/AstraZeneca, Pfizer/BioNTech",6001022,5817735,11818757
2021-09-07,"Johnson&Johnson, Moderna, Oxford/AstraZeneca, Pfizer/BioNTech",6005413,5828824,11834237
2021-09-08,"Johnson&Johnson, Moderna, Oxford/AstraZeneca, Pfizer/BioNTech",6011081,5838661,11849742
2021-09-09,"Johnson&Johnson, Moderna, Oxford/AstraZeneca, Pfizer/BioNTech",6017766,5848716,11866482
2021-09-10,"Johnson&Johnson, Moderna, Oxford/AstraZeneca, Pfizer/BioNTech",6025452,5860883,11886335
2021-09-11,"Johnson&Johnson, Moderna, Oxford/AstraZeneca, Pfizer/BioNTech",6027315,5863361,11890676
2021-09-12,"Johnson&Johnson, Moderna, Oxford/AstraZeneca, Pfizer/BioNTech",6028428,5864988,11893416
2021-09-13,"Johnson&Johnson, Moderna, Oxford/AstraZeneca, Pfizer/BioNTech",6033859,5875277,11909136
2021-09-14,"Johnson&Johnson, Moderna, Oxford/AstraZeneca, Pfizer/BioNTech",6039248,5884288,11923536
2021-09-15,"Johnson&Johnson, Moderna, Oxford/AstraZeneca, Pfizer/BioNTech",6044444,5892804,11937248
2021-09-16,"Johnson&Johnson, Moderna, Oxford/AstraZeneca, Pfizer/BioNTech",6049787,5901072,11950859
2021-09-17,"Johnson&Johnson, Moderna, Oxford/AstraZeneca, Pfizer/BioNTech",6056357,5911297,11967654
2021-09-18,"Johnson&Johnson, Moderna, Oxford/AstraZeneca, Pfizer/BioNTech",6058081,5913653,11971734
2021-09-19,"Johnson&Johnson, Moderna, Oxford/AstraZeneca, Pfizer/BioNTech",6059022,5915218,11974240
2021-09-20,"Johnson&Johnson, Moderna, Oxford/AstraZeneca, Pfizer/BioNTech",6063036,5923413,11986449
2021-09-21,"Johnson&Johnson, Moderna, Oxford/AstraZeneca, Pfizer/BioNTech",6067264,5930939,11998203
2021-09-22,"Johnson&Johnson, Moderna, Oxford/AstraZeneca, Pfizer/BioNTech",6071444,5936449,12007893
2021-09-23,"Johnson&Johnson, Moderna, Oxford/AstraZeneca, Pfizer/BioNTech",6076417,5942848,12019265
2021-09-24,"Johnson&Johnson, Moderna, Oxford/AstraZeneca, Pfizer/BioNTech",6082177,5952467,12034644
2021-09-25,"Johnson&Johnson, Moderna, Oxford/AstraZeneca, Pfizer/BioNTech",6083671,5954463,12038134
2021-09-26,"Johnson&Johnson, Moderna, Pfizer/BioNTech",6084412,5956100,12040512
2021-09-27,"Johnson&Johnson, Moderna, Oxford/AstraZeneca, Pfizer/BioNTech",6088290,5962605,12050895
2021-09-28,"Johnson&Johnson, Moderna, Pfizer/BioNTech",6088652,5963225,12051877
2021-09-29,"Johnson&Johnson, Moderna, Oxford/AstraZeneca, Pfizer/BioNTech",6092427,5970684,12063111
2021-09-30,"Johnson&Johnson, Moderna, Oxford/AstraZeneca, Pfizer/BioNTech",6096927,5978378,12075305
2021-10-01,"Johnson&Johnson, Moderna, Oxford/AstraZeneca, Pfizer/BioNTech",6101222,5986347,12087569
2021-10-02,"Johnson&Johnson, Moderna, Oxford/AstraZeneca, Pfizer/BioNTech",6102283,5987883,12090166
2021-10-03,"Johnson&Johnson, Moderna, Pfizer/BioNTech",6103005,5988749,12091754
2021-10-04,"Johnson&Johnson, Moderna, Oxford/AstraZeneca, Pfizer/BioNTech",6106080,5994314,12100394
2021-10-05,"Johnson&Johnson, Moderna, Oxford/AstraZeneca, Pfizer/BioNTech",6109239,5999384,12108623
2021-10-06,"Johnson&Johnson, Moderna, Oxford/AstraZeneca, Pfizer/BioNTech",6112751,6004549,12117300
2021-10-07,"Johnson&Johnson, Moderna, Oxford/AstraZeneca, Pfizer/BioNTech",6116021,6009799,12125820
2021-10-08,"Johnson&Johnson, Moderna, Oxford/AstraZeneca, Pfizer/BioNTech",6120812,6016432,12137244
2021-10-09,"Johnson&Johnson, Moderna, Oxford/AstraZeneca, Pfizer/BioNTech",6122055,6018084,12140139
2021-10-10,"Johnson&Johnson, Moderna, Oxford/AstraZeneca, Pfizer/BioNTech",6122995,6018913,12141908
2021-10-11,"Johnson&Johnson, Moderna, Oxford/AstraZeneca, Pfizer/BioNTech",6125925,6023323,12149248
2021-10-12,"Johnson&Johnson, Moderna, Oxford/AstraZeneca, Pfizer/BioNTech",6128850,6027322,12156172
2021-10-13,"Johnson&Johnson, Moderna, Oxford/AstraZeneca, Pfizer/BioNTech",6132382,6031502,12163884
2021-10-14,"Johnson&Johnson, Moderna, Oxford/AstraZeneca, Pfizer/BioNTech",6136057,6036447,12172504
2021-10-15,"Johnson&Johnson, Moderna, Oxford/AstraZeneca, Pfizer/BioNTech",6141283,6042586,12183869
2021-10-16,"Johnson&Johnson, Moderna, Oxford/AstraZeneca, Pfizer/BioNTech",6142696,6044107,12186803
2021-10-17,"Johnson&Johnson, Moderna, Pfizer/BioNTech",6144019,6045160,12189179
2021-10-18,"Johnson&Johnson, Moderna, Oxford/AstraZeneca, Pfizer/BioNTech",6148131,6049251,12197382
2021-10-19,"Johnson&Johnson, Moderna, Oxford/AstraZeneca, Pfizer/BioNTech",6151708,6051344,12203052
2021-10-20,"Johnson&Johnson, Moderna, Oxford/AstraZeneca, Pfizer/BioNTech",6156583,6055789,12212372
2021-10-21,"Johnson&Johnson, Moderna, Oxford/AstraZeneca, Pfizer/BioNTech",6164350,6061387,12225737
2021-10-22,"Johnson&Johnson, Moderna, Oxford/AstraZeneca, Pfizer/BioNTech",6174795,6067887,12242682
2021-10-23,"Johnson&Johnson, Moderna, Oxford/AstraZeneca, Pfizer/BioNTech",6178471,6070095,12248566
2021-10-24,"Johnson&Johnson, Moderna, Pfizer/BioNTech",6181154,6071874,12253028
2021-10-25,"Johnson&Johnson, Moderna, Oxford/AstraZeneca, Pfizer/BioNTech",6191645,6077675,12269320
2021-10-26,"Johnson&Johnson, Moderna, Oxford/AstraZeneca, Pfizer/BioNTech",6203629,6084217,12287846
2021-10-27,"Johnson&Johnson, Moderna, Oxford/AstraZeneca, Pfizer/BioNTech",6218232,6091614,12309846
2021-10-28,"Johnson&Johnson, Moderna, Oxford/AstraZeneca, Pfizer/BioNTech",6221649,6093289,12314938
2021-10-29,"Johnson&Johnson, Moderna, Oxford/AstraZeneca, Pfizer/BioNTech",6236070,6101259,12337329
2021-10-30,"Johnson&Johnson, Moderna, Pfizer/BioNTech",6240600,6104178,12344778
2021-10-31,"Johnson&Johnson, Moderna, Oxford/AstraZeneca, Pfizer/BioNTech",6244362,6106648,12351010
2021-11-01,"Johnson&Johnson, Moderna, Oxford/AstraZeneca, Pfizer/BioNTech",6259561,6114332,12373893
2021-11-02,"Johnson&Johnson, Moderna, Oxford/AstraZeneca, Pfizer/BioNTech",6275009,6121880,12396889
2021-11-03,"Johnson&Johnson, Moderna, Oxford/AstraZeneca, Pfizer/BioNTech",6292185,6129168,12421353
2021-11-04,"Johnson&Johnson, Moderna, Oxford/AstraZeneca, Pfizer/BioNTech",6310534,6137338,12447872
2021-11-05,"Johnson&Johnson, Moderna, Oxford/AstraZeneca, Pfizer/BioNTech",6333335,6148605,12481940
2021-11-06,"Johnson&Johnson, Moderna, Pfizer/BioNTech",6339847,6151655,12491502
2021-11-07,"Johnson&Johnson, Moderna, Pfizer/BioNTech",6343868,6154090,12497958
2021-11-08,"Johnson&Johnson, Moderna, Oxford/AstraZeneca, Pfizer/BioNTech",6360141,6161718,12521859
2021-11-09,"Johnson&Johnson, Moderna, Oxford/AstraZeneca, Pfizer/BioNTech",6374952,6169008,12543960
2021-11-10,"Johnson&Johnson, Moderna, Oxford/AstraZeneca, Pfizer/BioNTech",6390693,6176379,12567072
2021-11-11,"Johnson&Johnson, Moderna, Oxford/AstraZeneca, Pfizer/BioNTech",6406155,6185479,12591634
2021-11-12,"Johnson&Johnson, Moderna, Oxford/AstraZeneca, Pfizer/BioNTech",6425957,6198261,12624218
2021-11-13,"Johnson&Johnson, Moderna, Oxford/AstraZeneca, Pfizer/BioNTech",6431345,6202125,12633470
2021-11-14,"Johnson&Johnson, Moderna, Oxford/AstraZeneca, Pfizer/BioNTech",6435237,6205127,12640364
2021-11-15,"Johnson&Johnson, Moderna, Oxford/AstraZeneca, Pfizer/BioNTech",6450310,6215810,12666120
2021-11-16,"Johnson&Johnson, Moderna, Oxford/AstraZeneca, Pfizer/BioNTech",6467847,6227786,12695633
2021-11-17,"Johnson&Johnson, Moderna, Oxford/AstraZeneca, Pfizer/BioNTech",6472088,6231349,12703437
2021-11-18,"Johnson&Johnson, Moderna, Oxford/AstraZeneca, Pfizer/BioNTech",6491495,6243028,12734523
2021-11-19,"Johnson&Johnson, Moderna, Oxford/AstraZeneca, Pfizer/BioNTech",6516101,6259996,12776097
2021-11-20,"Johnson&Johnson, Moderna, Pfizer/BioNTech",6524673,6264972,12789645
2021-11-21,"Johnson&Johnson, Moderna, Pfizer/BioNTech",6531446,6268743,12800189
2021-11-22,"Johnson&Johnson, Moderna, Oxford/AstraZeneca, Pfizer/BioNTech",6549953,6282850,12832803
2021-11-23,"Johnson&Johnson, Moderna, Oxford/AstraZeneca, Pfizer/BioNTech",6569008,6296104,12865112
2021-11-24,"Johnson&Johnson, Moderna, Oxford/AstraZeneca, Pfizer/BioNTech",6587998,6311939,12899937
2021-11-25,"Johnson&Johnson, Moderna, Oxford/AstraZeneca, Pfizer/BioNTech",6607147,6326959,12934106
2021-11-26,"Johnson&Johnson, Moderna, Oxford/AstraZeneca, Pfizer/BioNTech",6628800,6346087,12974887
2021-11-27,"Johnson&Johnson, Moderna, Pfizer/BioNTech",6636265,6351638,12987903
2021-11-28,"Johnson&Johnson, Moderna, Oxford/AstraZeneca, Pfizer/BioNTech",6639602,6354771,12994373
2021-11-29,"Johnson&Johnson, Moderna, Oxford/AstraZeneca, Pfizer/BioNTech",6654806,6368423,13023229
2021-11-30,"Johnson&Johnson, Moderna, Oxford/AstraZeneca, Pfizer/BioNTech",6668000,6379656,13047656
2021-12-01,"Johnson&Johnson, Moderna, Oxford/AstraZeneca, Pfizer/BioNTech",6682024,6392104,13074128
2021-12-02,"Johnson&Johnson, Moderna, Oxford/AstraZeneca, Pfizer/BioNTech",6692648,6404591,13097239
2021-12-03,"Johnson&Johnson, Moderna, Oxford/AstraZeneca, Pfizer/BioNTech",6702280,6420156,13122436
2021-12-04,"Johnson&Johnson, Moderna, Pfizer/BioNTech",6704839,6424102,13128941
2021-12-05,"Johnson&Johnson, Moderna, Pfizer/BioNTech",6706196,6426441,13132637
2021-12-06,"Johnson&Johnson, Moderna, Oxford/AstraZeneca, Pfizer/BioNTech",6714353,6437958,13152311
2021-12-07,"Johnson&Johnson, Moderna, Oxford/AstraZeneca, Pfizer/BioNTech",6722224,6449951,13172175
2021-12-08,"Johnson&Johnson, Moderna, Oxford/AstraZeneca, Pfizer/BioNTech",6730455,6455871,13186326
2021-12-09,"Johnson&Johnson, Moderna, Oxford/AstraZeneca, Pfizer/BioNTech",6737554,6468679,13206233
2021-12-10,"Johnson&Johnson, Moderna, Oxford/AstraZeneca, Pfizer/BioNTech",6744449,6486474,13230923
2021-12-11,"Johnson&Johnson, Moderna, Pfizer/BioNTech",6746109,6491744,13237853
2021-12-12,"Johnson&Johnson, Moderna, Pfizer/BioNTech",6747416,6496173,13243589
2021-12-13,"Johnson&Johnson, Moderna, Oxford/AstraZeneca, Pfizer/BioNTech",6753762,6509476,13263238
2021-12-14,"Johnson&Johnson, Moderna, Oxford/AstraZeneca, Pfizer/BioNTech",6759969,6523138,13283107
2021-12-15,"Johnson&Johnson, Moderna, Oxford/AstraZeneca, Pfizer/BioNTech",6766152,6536736,13302888
2021-12-16,"Johnson&Johnson, Moderna, Oxford/AstraZeneca, Pfizer/BioNTech",6773068,6551568,13324636
2021-12-17,"Johnson&Johnson, Moderna, Oxford/AstraZeneca, Pfizer/BioNTech",6781402,6568819,13350221
2021-12-18,"Johnson&Johnson, Moderna, Oxford/AstraZeneca, Pfizer/BioNTech",6784001,6574264,13358265
2021-12-19,"Johnson&Johnson, Moderna, Pfizer/BioNTech",6785772,6576765,13362537
2021-12-20,"Johnson&Johnson, Moderna, Oxford/AstraZeneca, Pfizer/BioNTech",6791549,6590793,13382342
2021-12-21,"Johnson&Johnson, Moderna, Oxford/AstraZeneca, Pfizer/BioNTech",6798175,6602776,13400951
2021-12-22,"Johnson&Johnson, Moderna, Oxford/AstraZeneca, Pfizer/BioNTech",6803212,6615810,13419022
2021-12-23,"Johnson&Johnson, Moderna, Oxford/AstraZeneca, Pfizer/BioNTech",6806069,6621406,13427475
2021-12-24,"Johnson&Johnson, Moderna, Pfizer/BioNTech",6806112,6621505,13427617
2021-12-25,"Moderna, Pfizer/BioNTech",6806112,6621512,13427624
2021-12-26,"Moderna, Pfizer/BioNTech",6806210,6621710,13427920
2021-12-27,"Johnson&Johnson, Moderna, Pfizer/BioNTech",6810035,6631431,13441466
2021-12-28,"Johnson&Johnson, Moderna, Pfizer/BioNTech",6815251,6639382,13454633
2021-12-29,"Johnson&Johnson, Moderna, Oxford/AstraZeneca, Pfizer/BioNTech",6819522,6647082,13466604
2021-12-30,"Johnson&Johnson, Moderna, Pfizer/BioNTech",6823813,6652493,13476306
2021-12-31,"Johnson&Johnson, Moderna, Pfizer/BioNTech",6824317,6653905,13478222
2022-01-01,"Johnson&Johnson, Moderna, Pfizer/BioNTech",6824318,6653923,13478241
2022-01-02,"Johnson&Johnson, Moderna, Pfizer/BioNTech",6825167,6655301,13480468
2022-01-03,"Johnson&Johnson, Moderna, Oxford/AstraZeneca, Pfizer/BioNTech",6829132,6664172,13493304
2022-01-04,"Johnson&Johnson, Moderna, Oxford/AstraZeneca, Pfizer/BioNTech",6834216,6671926,13506142
2022-01-05,"Johnson&Johnson, Moderna, Oxford/AstraZeneca, Pfizer/BioNTech",6839994,6679837,13519831
2022-01-06,"Johnson&Johnson, Moderna, Oxford/AstraZeneca, Pfizer/BioNTech",6846574,6688214,13534788
2022-01-07,"Johnson&Johnson, Moderna, Oxford/AstraZeneca, Pfizer/BioNTech",6854405,6698475,13552880
2022-01-08,"Johnson&Johnson, Moderna, Oxford/AstraZeneca, Pfizer/BioNTech",6856877,6701248,13558125
2022-01-09,"Johnson&Johnson, Moderna, Pfizer/BioNTech",6857961,6702947,13560908
2022-01-10,"Johnson&Johnson, Moderna, Oxford/AstraZeneca, Pfizer/BioNTech",6862380,6709045,13571425
2022-01-11,"Johnson&Johnson, Moderna, Oxford/AstraZeneca, Pfizer/BioNTech",6867643,6715741,13583384
2022-01-12,"Johnson&Johnson, Moderna, Oxford/AstraZeneca, Pfizer/BioNTech",6873538,6721299,13594837
2022-01-13,"Johnson&Johnson, Moderna, Oxford/AstraZeneca, Pfizer/BioNTech",6879271,6725880,13605151
2022-01-14,"Johnson&Johnson, Moderna, Oxford/AstraZeneca, Pfizer/BioNTech",6885268,6729301,13614569
2022-01-15,"Johnson&Johnson, Moderna, Oxford/AstraZeneca, Pfizer/BioNTech",6886493,6729933,13616426
2022-01-16,"Johnson&Johnson, Moderna, Oxford/AstraZeneca, Pfizer/BioNTech",6887140,6730347,13617487
