date,vaccine,people_vaccinated,people_fully_vaccinated,total_vaccinations
2020-12-27,Pfizer/BioNTech,1286,0,1286
2020-12-28,Pfizer/BioNTech,3589,0,3589
2020-12-29,Pfizer/BioNTech,7059,1,7060
2020-12-30,Pfizer/BioNTech,10576,1,10577
2020-12-31,Pfizer/BioNTech,11887,1,11888
2021-01-01,"Moderna, Pfizer/BioNTech",12158,1,12159
2021-01-02,"Moderna, Pfizer/BioNTech",13444,2,13446
2021-01-03,"Moderna, Pfizer/BioNTech",14371,2,14373
2021-01-04,"Moderna, Pfizer/BioNTech",17981,2,17983
2021-01-05,"Moderna, Pfizer/BioNTech",22506,3,22509
2021-01-06,"Moderna, Pfizer/BioNTech",28352,4,28356
2021-01-07,"Moderna, Pfizer/BioNTech",36351,4,36355
2021-01-08,"Moderna, Pfizer/BioNTech",46405,5,46410
2021-01-09,"Moderna, Pfizer/BioNTech",48431,7,48438
2021-01-10,Pfizer/BioNTech,50203,9,50212
2021-01-11,"Moderna, Pfizer/BioNTech",60060,11,60071
2021-01-12,"Moderna, Pfizer/BioNTech",73515,13,73528
2021-01-13,"Moderna, Pfizer/BioNTech",87061,13,87074
2021-01-14,"Moderna, Pfizer/BioNTech",102314,17,102331
2021-01-15,"Moderna, Pfizer/BioNTech",116334,18,116352
2021-01-16,"Moderna, Pfizer/BioNTech",119738,22,119760
2021-01-17,"Moderna, Pfizer/BioNTech",122359,657,123016
2021-01-18,"Moderna, Pfizer/BioNTech",134851,2484,137335
2021-01-19,"Moderna, Pfizer/BioNTech",147462,5213,152675
2021-01-20,"Moderna, Pfizer/BioNTech",161160,7878,169038
2021-01-21,"Moderna, Pfizer/BioNTech",176813,9620,186433
2021-01-22,"Moderna, Pfizer/BioNTech",191705,10665,202370
2021-01-23,"Moderna, Pfizer/BioNTech",195023,11545,206568
2021-01-24,"Moderna, Pfizer/BioNTech",197279,12416,209695
2021-01-25,"Moderna, Pfizer/BioNTech",206934,15386,222320
2021-01-26,"Moderna, Pfizer/BioNTech",217481,19377,236858
2021-01-27,"Moderna, Pfizer/BioNTech",226513,23912,250425
2021-01-28,"Moderna, Pfizer/BioNTech",233619,30046,263665
2021-01-29,"Moderna, Pfizer/BioNTech",239835,37956,277791
2021-01-30,"Moderna, Pfizer/BioNTech",240576,39044,279620
2021-01-31,"Moderna, Pfizer/BioNTech",241295,40226,281521
2021-02-01,"Moderna, Pfizer/BioNTech",245278,48196,293474
2021-02-02,"Moderna, Pfizer/BioNTech",249433,58436,307869
2021-02-03,"Moderna, Pfizer/BioNTech",253860,69456,323316
2021-02-04,"Moderna, Pfizer/BioNTech",258767,82449,341216
2021-02-05,"Moderna, Pfizer/BioNTech",264243,93123,357366
2021-02-06,"Moderna, Oxford/AstraZeneca, Pfizer/BioNTech",265100,95489,360589
2021-02-07,"Moderna, Oxford/AstraZeneca, Pfizer/BioNTech",265951,97989,363940
2021-02-08,"Moderna, Oxford/AstraZeneca, Pfizer/BioNTech",270044,109418,379462
2021-02-09,"Moderna, Oxford/AstraZeneca, Pfizer/BioNTech",275153,121331,396484
2021-02-10,"Moderna, Oxford/AstraZeneca, Pfizer/BioNTech",280672,134592,415264
2021-02-11,"Moderna, Oxford/AstraZeneca, Pfizer/BioNTech",287014,150812,437826
2021-02-12,"Moderna, Oxford/AstraZeneca, Pfizer/BioNTech",293842,165562,459404
2021-02-13,"Moderna, Oxford/AstraZeneca, Pfizer/BioNTech",295460,168549,464009
2021-02-14,"Moderna, Oxford/AstraZeneca, Pfizer/BioNTech",296466,169935,466401
2021-02-15,"Moderna, Oxford/AstraZeneca, Pfizer/BioNTech",302866,179306,482172
2021-02-16,"Moderna, Oxford/AstraZeneca, Pfizer/BioNTech",311587,188387,499974
2021-02-17,"Moderna, Oxford/AstraZeneca, Pfizer/BioNTech",321289,196698,517987
2021-02-18,"Moderna, Oxford/AstraZeneca, Pfizer/BioNTech",333619,204781,538400
2021-02-19,"Moderna, Oxford/AstraZeneca, Pfizer/BioNTech",345485,212158,557643
2021-02-20,"Moderna, Oxford/AstraZeneca, Pfizer/BioNTech",347495,213344,560839
2021-02-21,"Moderna, Oxford/AstraZeneca, Pfizer/BioNTech",348632,214370,563002
2021-02-22,"Moderna, Oxford/AstraZeneca, Pfizer/BioNTech",358756,220407,579163
2021-02-23,"Moderna, Oxford/AstraZeneca, Pfizer/BioNTech",371721,227398,599119
2021-02-24,"Moderna, Oxford/AstraZeneca, Pfizer/BioNTech",385605,233441,619046
2021-02-25,"Moderna, Oxford/AstraZeneca, Pfizer/BioNTech",403589,238992,642581
2021-02-26,"Moderna, Oxford/AstraZeneca, Pfizer/BioNTech",419770,244352,664122
2021-02-27,"Moderna, Oxford/AstraZeneca, Pfizer/BioNTech",422779,244911,667690
2021-02-28,"Moderna, Oxford/AstraZeneca, Pfizer/BioNTech",425137,245462,670599
2021-03-01,"Moderna, Oxford/AstraZeneca, Pfizer/BioNTech",444737,248911,693648
2021-03-02,"Moderna, Oxford/AstraZeneca, Pfizer/BioNTech",471965,252462,724427
2021-03-03,"Moderna, Oxford/AstraZeneca, Pfizer/BioNTech",502923,256974,759897
2021-03-04,"Moderna, Oxford/AstraZeneca, Pfizer/BioNTech",536209,261665,797874
2021-03-05,"Johnson&Johnson, Moderna, Oxford/AstraZeneca, Pfizer/BioNTech",565056,267095,832151
2021-03-06,"Johnson&Johnson, Moderna, Oxford/AstraZeneca, Pfizer/BioNTech",577216,267961,845177
2021-03-07,"Johnson&Johnson, Moderna, Oxford/AstraZeneca, Pfizer/BioNTech",588766,268804,857570
2021-03-08,"Johnson&Johnson, Moderna, Oxford/AstraZeneca, Pfizer/BioNTech",618515,273667,892182
2021-03-09,"Johnson&Johnson, Moderna, Oxford/AstraZeneca, Pfizer/BioNTech",654888,280055,934943
2021-03-10,"Johnson&Johnson, Moderna, Oxford/AstraZeneca, Pfizer/BioNTech",696221,287015,983236
2021-03-11,"Johnson&Johnson, Moderna, Oxford/AstraZeneca, Pfizer/BioNTech",741079,295390,1036469
2021-03-12,"Johnson&Johnson, Moderna, Oxford/AstraZeneca, Pfizer/BioNTech, Čína",779841,303890,1083731
2021-03-13,"Johnson&Johnson, Moderna, Oxford/AstraZeneca, Pfizer/BioNTech",796951,305205,1102156
2021-03-14,"Johnson&Johnson, Moderna, Oxford/AstraZeneca, Pfizer/BioNTech",809070,306362,1115432
2021-03-15,"Johnson&Johnson, Moderna, Oxford/AstraZeneca, Pfizer/BioNTech",837468,315142,1152610
2021-03-16,"Johnson&Johnson, Moderna, Oxford/AstraZeneca, Pfizer/BioNTech",876366,325679,1202045
2021-03-17,"Moderna, Oxford/AstraZeneca, Pfizer/BioNTech",913854,336194,1250048
2021-03-18,"Johnson&Johnson, Moderna, Oxford/AstraZeneca, Pfizer/BioNTech",951861,348620,1300481
2021-03-19,"Johnson&Johnson, Moderna, Oxford/AstraZeneca, Pfizer/BioNTech",986381,362235,1348616
2021-03-20,"Johnson&Johnson, Moderna, Oxford/AstraZeneca, Pfizer/BioNTech",1001565,364265,1365830
2021-03-21,"Johnson&Johnson, Moderna, Oxford/AstraZeneca, Pfizer/BioNTech",1009014,365825,1374839
2021-03-22,"Johnson&Johnson, Moderna, Oxford/AstraZeneca, Pfizer/BioNTech",1033591,378326,1411917
2021-03-23,"Johnson&Johnson, Moderna, Oxford/AstraZeneca, Pfizer/BioNTech",1060268,391693,1451961
2021-03-24,"Johnson&Johnson, Moderna, Oxford/AstraZeneca, Pfizer/BioNTech",1087163,407440,1494603
2021-03-25,"Johnson&Johnson, Moderna, Oxford/AstraZeneca, Pfizer/BioNTech",1113524,425295,1538819
2021-03-26,"Johnson&Johnson, Moderna, Oxford/AstraZeneca, Pfizer/BioNTech",1138367,442809,1581176
2021-03-27,"Johnson&Johnson, Moderna, Oxford/AstraZeneca, Pfizer/BioNTech",1146829,447655,1594484
2021-03-28,"Moderna, Oxford/AstraZeneca, Pfizer/BioNTech",1152377,451803,1604180
2021-03-29,"Johnson&Johnson, Moderna, Oxford/AstraZeneca, Pfizer/BioNTech",1171539,472539,1644078
2021-03-30,"Johnson&Johnson, Moderna, Oxford/AstraZeneca, Pfizer/BioNTech",1196250,494726,1690976
2021-03-31,"Johnson&Johnson, Moderna, Oxford/AstraZeneca, Pfizer/BioNTech",1219409,521795,1741204
2021-04-01,"Johnson&Johnson, Moderna, Oxford/AstraZeneca, Pfizer/BioNTech",1245099,553852,1798951
2021-04-02,"Johnson&Johnson, Moderna, Oxford/AstraZeneca, Pfizer/BioNTech",1252083,566648,1818731
2021-04-03,"Johnson&Johnson, Moderna, Oxford/AstraZeneca, Pfizer/BioNTech",1255738,577580,1833318
2021-04-04,"Johnson&Johnson, Moderna, Oxford/AstraZeneca, Pfizer/BioNTech",1258284,586506,1844790
2021-04-05,"Johnson&Johnson, Moderna, Oxford/AstraZeneca, Pfizer/BioNTech",1260718,593712,1854430
2021-04-06,"Johnson&Johnson, Moderna, Oxford/AstraZeneca, Pfizer/BioNTech, Čína",1276935,622988,1899923
2021-04-07,"Johnson&Johnson, Moderna, Oxford/AstraZeneca, Pfizer/BioNTech",1300440,645229,1945669
2021-04-08,"Johnson&Johnson, Moderna, Oxford/AstraZeneca, Pfizer/BioNTech",1339261,676277,2015538
2021-04-09,"Johnson&Johnson, Moderna, Oxford/AstraZeneca, Pfizer/BioNTech",1378860,706478,2085338
2021-04-10,"Johnson&Johnson, Moderna, Oxford/AstraZeneca, Pfizer/BioNTech",1394429,721792,2116221
2021-04-11,"Johnson&Johnson, Moderna, Oxford/AstraZeneca, Pfizer/BioNTech",1404224,731850,2136074
2021-04-12,"Johnson&Johnson, Moderna, Oxford/AstraZeneca, Pfizer/BioNTech",1442547,756997,2199544
2021-04-13,"Moderna, Oxford/AstraZeneca, Pfizer/BioNTech",1478856,783040,2261896
2021-04-14,"Moderna, Oxford/AstraZeneca, Pfizer/BioNTech",1517746,810418,2328164
2021-04-15,"Moderna, Oxford/AstraZeneca, Pfizer/BioNTech",1565582,836200,2401782
2021-04-16,"Moderna, Oxford/AstraZeneca, Pfizer/BioNTech",1610302,861882,2472184
2021-04-17,"Indie/AstraZeneca, Moderna, Oxford/AstraZeneca, Pfizer/BioNTech",1627030,870909,2497939
2021-04-18,"Moderna, Oxford/AstraZeneca, Pfizer/BioNTech",1640030,875895,2515925
2021-04-19,"Johnson&Johnson, Moderna, Oxford/AstraZeneca, Pfizer/BioNTech",1684007,891339,2575346
2021-04-20,"Johnson&Johnson, Moderna, Oxford/AstraZeneca, Pfizer/BioNTech",1726596,907229,2633825
2021-04-21,"Moderna, Oxford/AstraZeneca, Pfizer/BioNTech",1774361,921600,2695961
2021-04-22,"Johnson&Johnson, Moderna, Oxford/AstraZeneca, Pfizer/BioNTech",1828893,939000,2767893
2021-04-23,"Johnson&Johnson, Moderna, Oxford/AstraZeneca, Pfizer/BioNTech",1878907,951067,2829974
2021-04-24,"Johnson&Johnson, Moderna, Oxford/AstraZeneca, Pfizer/BioNTech",1896785,956336,2853121
2021-04-25,"Johnson&Johnson, Moderna, Oxford/AstraZeneca, Pfizer/BioNTech",1911498,960340,2871838
2021-04-26,"Johnson&Johnson, Moderna, Oxford/AstraZeneca, Pfizer/BioNTech",1961110,967910,2929020
2021-04-27,"Johnson&Johnson, Moderna, Oxford/AstraZeneca, Pfizer/BioNTech",2010103,980166,2990269
2021-04-28,"Johnson&Johnson, Moderna, Oxford/AstraZeneca, Pfizer/BioNTech",2068885,994192,3063077
2021-04-29,"Johnson&Johnson, Moderna, Oxford/AstraZeneca, Pfizer/BioNTech",2134505,1010114,3144619
2021-04-30,"Johnson&Johnson, Moderna, Oxford/AstraZeneca, Pfizer/BioNTech",2196799,1020110,3216909
2021-05-01,"Johnson&Johnson, Moderna, Oxford/AstraZeneca, Pfizer/BioNTech",2216193,1023576,3239769
2021-05-02,"Johnson&Johnson, Moderna, Oxford/AstraZeneca, Pfizer/BioNTech",2235145,1025867,3261012
2021-05-03,"Johnson&Johnson, Moderna, Oxford/AstraZeneca, Pfizer/BioNTech",2302422,1030951,3333373
2021-05-04,"Johnson&Johnson, Moderna, Oxford/AstraZeneca, Pfizer/BioNTech",2368983,1039325,3408308
2021-05-05,"Johnson&Johnson, Moderna, Oxford/AstraZeneca, Pfizer/BioNTech",2442195,1048773,3490968
2021-05-06,"Johnson&Johnson, Moderna, Oxford/AstraZeneca, Pfizer/BioNTech",2522638,1059526,3582164
2021-05-07,"Johnson&Johnson, Moderna, Oxford/AstraZeneca, Pfizer/BioNTech",2599978,1069672,3669650
2021-05-08,"Johnson&Johnson, Moderna, Oxford/AstraZeneca, Pfizer/BioNTech",2629522,1071466,3700988
2021-05-09,"Johnson&Johnson, Moderna, Oxford/AstraZeneca, Pfizer/BioNTech",2653765,1072690,3726455
2021-05-10,"Johnson&Johnson, Moderna, Oxford/AstraZeneca, Pfizer/BioNTech",2726565,1079937,3806502
2021-05-11,"Johnson&Johnson, Moderna, Oxford/AstraZeneca, Pfizer/BioNTech",2802717,1088770,3891487
2021-05-12,"Johnson&Johnson, Moderna, Oxford/AstraZeneca, Pfizer/BioNTech",2882663,1097918,3980581
2021-05-13,"Johnson&Johnson, Moderna, Oxford/AstraZeneca, Pfizer/BioNTech",2966717,1107111,4073828
2021-05-14,"Johnson&Johnson, Moderna, Oxford/AstraZeneca, Pfizer/BioNTech",3046276,1114939,4161215
2021-05-15,"Johnson&Johnson, Moderna, Oxford/AstraZeneca, Pfizer/BioNTech",3078244,1117226,4195470
2021-05-16,"Johnson&Johnson, Moderna, Oxford/AstraZeneca, Pfizer/BioNTech",3104060,1118513,4222573
2021-05-17,"Indie/AstraZeneca, Johnson&Johnson, Moderna, Oxford/AstraZeneca, Pfizer/BioNTech",3176605,1125271,4301876
2021-05-18,"Indie/AstraZeneca, Johnson&Johnson, Moderna, Oxford/AstraZeneca, Pfizer/BioNTech",3248601,1138398,4386999
2021-05-19,"Johnson&Johnson, Moderna, Oxford/AstraZeneca, Pfizer/BioNTech",3326104,1153573,4479677
2021-05-20,"Johnson&Johnson, Moderna, Oxford/AstraZeneca, Pfizer/BioNTech",3401605,1180646,4582251
2021-05-21,"Johnson&Johnson, Moderna, Oxford/AstraZeneca, Pfizer/BioNTech",3470466,1208457,4678923
2021-05-22,"Johnson&Johnson, Moderna, Oxford/AstraZeneca, Pfizer/BioNTech",3502944,1219702,4722646
2021-05-23,"Johnson&Johnson, Moderna, Oxford/AstraZeneca, Pfizer/BioNTech",3525395,1228744,4754139
2021-05-24,"Johnson&Johnson, Moderna, Oxford/AstraZeneca, Pfizer/BioNTech",3572616,1262426,4835042
2021-05-25,"Johnson&Johnson, Moderna, Oxford/AstraZeneca, Pfizer/BioNTech",3624539,1298274,4922813
2021-05-26,"Johnson&Johnson, Moderna, Oxford/AstraZeneca, Pfizer/BioNTech",3692311,1335838,5028149
2021-05-27,"Indie/AstraZeneca, Johnson&Johnson, Moderna, Oxford/AstraZeneca, Pfizer/BioNTech",3753749,1383207,5136956
2021-05-28,"Johnson&Johnson, Moderna, Oxford/AstraZeneca, Pfizer/BioNTech",3815507,1429825,5245332
2021-05-29,"Johnson&Johnson, Moderna, Oxford/AstraZeneca, Pfizer/BioNTech",3844783,1446973,5291756
2021-05-30,"Johnson&Johnson, Moderna, Oxford/AstraZeneca, Pfizer/BioNTech, Čína",3867204,1461446,5328650
2021-05-31,"Indie/AstraZeneca, Johnson&Johnson, Moderna, Oxford/AstraZeneca, Pfizer/BioNTech",3922956,1508983,5431939
2021-06-01,"Johnson&Johnson, Moderna, Oxford/AstraZeneca, Pfizer/BioNTech",3982076,1557878,5539954
2021-06-02,"Johnson&Johnson, Moderna, Oxford/AstraZeneca, Pfizer/BioNTech",4045059,1611915,5656974
2021-06-03,"Johnson&Johnson, Moderna, Oxford/AstraZeneca, Pfizer/BioNTech",4103324,1672165,5775489
2021-06-04,"Johnson&Johnson, Moderna, Oxford/AstraZeneca, Pfizer/BioNTech",4166477,1729605,5896082
2021-06-05,"Johnson&Johnson, Moderna, Oxford/AstraZeneca, Pfizer/BioNTech",4200675,1748540,5949215
2021-06-06,"Johnson&Johnson, Moderna, Oxford/AstraZeneca, Pfizer/BioNTech",4227639,1763721,5991360
2021-06-07,"Johnson&Johnson, Moderna, Oxford/AstraZeneca, Pfizer/BioNTech",4291344,1819377,6110721
2021-06-08,"Indie/AstraZeneca, Johnson&Johnson, Moderna, Oxford/AstraZeneca, Pfizer/BioNTech",4355364,1874408,6229772
2021-06-09,"Johnson&Johnson, Moderna, Oxford/AstraZeneca, Pfizer/BioNTech",4414593,1939110,6353703
2021-06-10,"Johnson&Johnson, Moderna, Oxford/AstraZeneca, Pfizer/BioNTech",4468460,2010439,6478899
2021-06-11,"Johnson&Johnson, Moderna, Oxford/AstraZeneca, Pfizer/BioNTech",4520596,2080302,6600898
2021-06-12,"Johnson&Johnson, Moderna, Oxford/AstraZeneca, Pfizer/BioNTech",4552631,2101166,6653797
2021-06-13,"Johnson&Johnson, Moderna, Oxford/AstraZeneca, Pfizer/BioNTech",4576675,2119612,6696287
2021-06-14,"Johnson&Johnson, Moderna, Oxford/AstraZeneca, Pfizer/BioNTech, Čína",4619777,2194029,6813806
2021-06-15,"Johnson&Johnson, Moderna, Oxford/AstraZeneca, Pfizer/BioNTech",4664466,2266445,6930911
2021-06-16,"Johnson&Johnson, Moderna, Oxford/AstraZeneca, Pfizer/BioNTech",4707296,2344702,7051998
2021-06-17,"Johnson&Johnson, Moderna, Oxford/AstraZeneca, Pfizer/BioNTech",4746737,2427826,7174563
2021-06-18,"Johnson&Johnson, Moderna, Oxford/AstraZeneca, Pfizer/BioNTech",4789190,2508439,7297629
2021-06-19,"Johnson&Johnson, Moderna, Oxford/AstraZeneca, Pfizer/BioNTech, Čína",4810993,2537793,7348786
2021-06-20,"Johnson&Johnson, Moderna, Oxford/AstraZeneca, Pfizer/BioNTech",4828409,2561680,7390089
2021-06-21,"Johnson&Johnson, Moderna, Oxford/AstraZeneca, Pfizer/BioNTech, Čína",4860927,2640322,7501249
2021-06-22,"Johnson&Johnson, Moderna, Oxford/AstraZeneca, Pfizer/BioNTech",4893913,2722674,7616587
2021-06-23,"Johnson&Johnson, Moderna, Oxford/AstraZeneca, Pfizer/BioNTech",4925647,2807946,7733593
2021-06-24,"Johnson&Johnson, Moderna, Oxford/AstraZeneca, Pfizer/BioNTech",4955526,2898031,7853557
2021-06-25,"Johnson&Johnson, Moderna, Oxford/AstraZeneca, Pfizer/BioNTech",4986625,2984299,7970924
2021-06-26,"Johnson&Johnson, Moderna, Oxford/AstraZeneca, Pfizer/BioNTech",5002532,3019199,8021731
2021-06-27,"Johnson&Johnson, Moderna, Oxford/AstraZeneca, Pfizer/BioNTech",5016496,3045928,8062424
2021-06-28,"Johnson&Johnson, Moderna, Oxford/AstraZeneca, Pfizer/BioNTech",5044926,3131173,8176099
2021-06-29,"Johnson&Johnson, Moderna, Oxford/AstraZeneca, Pfizer/BioNTech",5074228,3217750,8291978
2021-06-30,"Johnson&Johnson, Moderna, Oxford/AstraZeneca, Pfizer/BioNTech",5101743,3308825,8410568
2021-07-01,"Johnson&Johnson, Moderna, Oxford/AstraZeneca, Pfizer/BioNTech",5125760,3398954,8524714
2021-07-02,"Johnson&Johnson, Moderna, Oxford/AstraZeneca, Pfizer/BioNTech",5152517,3484916,8637433
2021-07-03,"Johnson&Johnson, Moderna, Oxford/AstraZeneca, Pfizer/BioNTech",5159630,3516501,8676131
2021-07-04,"Johnson&Johnson, Moderna, Oxford/AstraZeneca, Pfizer/BioNTech",5167227,3538332,8705559
2021-07-05,"Johnson&Johnson, Moderna, Oxford/AstraZeneca, Pfizer/BioNTech",5174659,3563753,8738412
2021-07-06,"Johnson&Johnson, Moderna, Oxford/AstraZeneca, Pfizer/BioNTech, Čína",5180153,3591502,8771655
2021-07-07,"Johnson&Johnson, Moderna, Oxford/AstraZeneca, Pfizer/BioNTech",5206002,3670518,8876520
2021-07-08,"Johnson&Johnson, Moderna, Oxford/AstraZeneca, Pfizer/BioNTech",5232627,3740891,8973518
2021-07-09,"Johnson&Johnson, Moderna, Oxford/AstraZeneca, Pfizer/BioNTech",5260598,3810249,9070847
2021-07-10,"Johnson&Johnson, Moderna, Oxford/AstraZeneca, Pfizer/BioNTech",5269987,3838931,9108918
2021-07-11,"Johnson&Johnson, Moderna, Oxford/AstraZeneca, Pfizer/BioNTech",5278550,3861827,9140377
2021-07-12,"Johnson&Johnson, Moderna, Oxford/AstraZeneca, Pfizer/BioNTech, Čína",5306115,3930926,9237041
2021-07-13,"Johnson&Johnson, Moderna, Oxford/AstraZeneca, Pfizer/BioNTech",5332339,4000835,9333174
2021-07-14,"Johnson&Johnson, Moderna, Oxford/AstraZeneca, Pfizer/BioNTech",5358191,4072860,9431051
2021-07-15,"Indie/AstraZeneca, Johnson&Johnson, Moderna, Oxford/AstraZeneca, Pfizer/BioNTech",5387388,4138903,9526291
2021-07-16,"Johnson&Johnson, Moderna, Oxford/AstraZeneca, Pfizer/BioNTech",5415339,4211668,9627007
2021-07-17,"Johnson&Johnson, Moderna, Oxford/AstraZeneca, Pfizer/BioNTech, Čína",5424152,4243157,9667309
2021-07-18,"Johnson&Johnson, Moderna, Oxford/AstraZeneca, Pfizer/BioNTech",5432603,4269180,9701783
2021-07-19,"Johnson&Johnson, Moderna, Oxford/AstraZeneca, Pfizer/BioNTech",5455982,4336227,9792209
2021-07-20,"Johnson&Johnson, Moderna, Oxford/AstraZeneca, Pfizer/BioNTech",5477412,4403317,9880729
2021-07-21,"Johnson&Johnson, Moderna, Oxford/AstraZeneca, Pfizer/BioNTech",5500882,4466808,9967690
2021-07-22,"Johnson&Johnson, Moderna, Oxford/AstraZeneca, Pfizer/BioNTech",5523266,4525474,10048740
2021-07-23,"Johnson&Johnson, Moderna, Oxford/AstraZeneca, Pfizer/BioNTech",5546520,4580264,10126784
2021-07-24,"Johnson&Johnson, Moderna, Oxford/AstraZeneca, Pfizer/BioNTech",5553883,4607955,10161838
2021-07-25,"Johnson&Johnson, Moderna, Oxford/AstraZeneca, Pfizer/BioNTech",5560535,4630100,10190635
2021-07-26,"Johnson&Johnson, Moderna, Oxford/AstraZeneca, Pfizer/BioNTech",5584102,4678816,10262918
2021-07-27,"Johnson&Johnson, Moderna, Oxford/AstraZeneca, Pfizer/BioNTech, Čína",5606866,4725498,10332364
2021-07-28,"Johnson&Johnson, Moderna, Oxford/AstraZeneca, Pfizer/BioNTech",5628162,4771551,10399713
2021-07-29,"Johnson&Johnson, Moderna, Oxford/AstraZeneca, Pfizer/BioNTech",5649516,4813558,10463074
2021-07-30,"Johnson&Johnson, Moderna, Oxford/AstraZeneca, Pfizer/BioNTech",5672811,4856165,10528976
2021-07-31,"Johnson&Johnson, Moderna, Oxford/AstraZeneca, Pfizer/BioNTech",5681777,4875725,10557502
2021-08-01,"Johnson&Johnson, Moderna, Oxford/AstraZeneca, Pfizer/BioNTech",5688516,4891911,10580427
2021-08-02,"Johnson&Johnson, Moderna, Oxford/AstraZeneca, Pfizer/BioNTech",5707173,4929505,10636678
2021-08-03,"Johnson&Johnson, Moderna, Oxford/AstraZeneca, Pfizer/BioNTech",5724846,4967652,10692498
2021-08-04,"Johnson&Johnson, Moderna, Oxford/AstraZeneca, Pfizer/BioNTech",5740989,5004455,10745444
2021-08-05,"Johnson&Johnson, Moderna, Oxford/AstraZeneca, Pfizer/BioNTech",5757048,5044976,10802024
2021-08-06,"Johnson&Johnson, Moderna, Oxford/AstraZeneca, Pfizer/BioNTech",5773873,5088325,10862198
2021-08-07,"Johnson&Johnson, Moderna, Oxford/AstraZeneca, Pfizer/BioNTech",5779492,5106522,10886014
2021-08-08,"Johnson&Johnson, Moderna, Oxford/AstraZeneca, Pfizer/BioNTech",5783865,5122299,10906164
2021-08-09,"Indie/AstraZeneca, Johnson&Johnson, Moderna, Oxford/AstraZeneca, Pfizer/BioNTech",5796512,5167394,10963906
2021-08-10,"Johnson&Johnson, Moderna, Oxford/AstraZeneca, Pfizer/BioNTech",5808372,5207003,11015375
2021-08-11,"Indie/AstraZeneca, Johnson&Johnson, Moderna, Oxford/AstraZeneca, Pfizer/BioNTech",5819754,5250166,11069920
2021-08-12,"Johnson&Johnson, Moderna, Oxford/AstraZeneca, Pfizer/BioNTech",5831184,5287335,11118519
2021-08-13,"Johnson&Johnson, Moderna, Oxford/AstraZeneca, Pfizer/BioNTech",5841928,5327710,11169638
2021-08-14,"Johnson&Johnson, Moderna, Oxford/AstraZeneca, Pfizer/BioNTech",5845277,5338440,11183717
2021-08-15,"Johnson&Johnson, Moderna, Oxford/AstraZeneca, Pfizer/BioNTech",5847872,5348836,11196708
2021-08-16,"Johnson&Johnson, Moderna, Oxford/AstraZeneca, Pfizer/BioNTech",5857673,5382940,11240613
2021-08-17,"Johnson&Johnson, Moderna, Oxford/AstraZeneca, Pfizer/BioNTech",5867279,5410069,11277348
2021-08-18,"Johnson&Johnson, Moderna, Oxford/AstraZeneca, Pfizer/BioNTech",5876658,5449001,11325659
2021-08-19,"Johnson&Johnson, Moderna, Oxford/AstraZeneca, Pfizer/BioNTech",5886342,5487378,11373720
2021-08-20,"Johnson&Johnson, Moderna, Oxford/AstraZeneca, Pfizer/BioNTech",5897742,5527597,11425339
2021-08-21,"Johnson&Johnson, Moderna, Oxford/AstraZeneca, Pfizer/BioNTech",5900472,5540386,11440858
2021-08-22,"Johnson&Johnson, Moderna, Oxford/AstraZeneca, Pfizer/BioNTech",5902818,5552369,11455187
2021-08-23,"Johnson&Johnson, Moderna, Oxford/AstraZeneca, Pfizer/BioNTech",5913359,5591670,11505029
2021-08-24,"Johnson&Johnson, Moderna, Oxford/AstraZeneca, Pfizer/BioNTech",5923244,5624940,11548184
2021-08-25,"Indie/AstraZeneca, Johnson&Johnson, Moderna, Oxford/AstraZeneca, Pfizer/BioNTech",5932121,5653337,11585458
2021-08-26,"Johnson&Johnson, Moderna, Oxford/AstraZeneca, Pfizer/BioNTech",5940580,5679488,11620068
2021-08-27,"Johnson&Johnson, Moderna, Oxford/AstraZeneca, Pfizer/BioNTech",5950910,5705492,11656402
2021-08-28,"Johnson&Johnson, Moderna, Oxford/AstraZeneca, Pfizer/BioNTech",5953656,5712579,11666235
2021-08-29,"Johnson&Johnson, Moderna, Oxford/AstraZeneca, Pfizer/BioNTech",5956073,5719208,11675281
2021-08-30,"Johnson&Johnson, Moderna, Oxford/AstraZeneca, Pfizer/BioNTech",5964606,5741102,11705708
2021-08-31,"Indie/AstraZeneca, Johnson&Johnson, Moderna, Oxford/AstraZeneca, Pfizer/BioNTech",5972297,5759236,11731533
2021-09-01,"Johnson&Johnson, Moderna, Oxford/AstraZeneca, Pfizer/BioNTech",5978213,5773266,11751479
2021-09-02,"Johnson&Johnson, Moderna, Oxford/AstraZeneca, Pfizer/BioNTech",5985058,5787674,11772732
2021-09-03,"Johnson&Johnson, Moderna, Oxford/AstraZeneca, Pfizer/BioNTech",5994619,5803419,11798038
2021-09-04,"Johnson&Johnson, Moderna, Oxford/AstraZeneca, Pfizer/BioNTech",5996697,5806990,11803687
2021-09-05,"Johnson&Johnson, Moderna, Oxford/AstraZeneca, Pfizer/BioNTech",5998745,5809842,11808587
2021-09-06,"Johnson&Johnson, Moderna, Oxford/AstraZeneca, Pfizer/BioNTech",6004987,5822398,11827385
2021-09-07,"Johnson&Johnson, Moderna, Oxford/AstraZeneca, Pfizer/BioNTech",6009383,5833503,11842886
2021-09-08,"Johnson&Johnson, Moderna, Oxford/AstraZeneca, Pfizer/BioNTech",6015065,5843378,11858443
2021-09-09,"Johnson&Johnson, Moderna, Oxford/AstraZeneca, Pfizer/BioNTech",6021771,5853457,11875228
2021-09-10,"Johnson&Johnson, Moderna, Oxford/AstraZeneca, Pfizer/BioNTech",6029478,5865652,11895130
2021-09-11,"Johnson&Johnson, Moderna, Oxford/AstraZeneca, Pfizer/BioNTech",6031354,5868151,11899505
2021-09-12,"Johnson&Johnson, Moderna, Oxford/AstraZeneca, Pfizer/BioNTech",6032474,5869789,11902263
2021-09-13,"Johnson&Johnson, Moderna, Oxford/AstraZeneca, Pfizer/BioNTech",6037918,5880106,11918024
2021-09-14,"Johnson&Johnson, Moderna, Oxford/AstraZeneca, Pfizer/BioNTech",6043324,5889133,11932457
2021-09-15,"Johnson&Johnson, Moderna, Oxford/AstraZeneca, Pfizer/BioNTech",6048539,5897668,11946207
2021-09-16,"Johnson&Johnson, Moderna, Oxford/AstraZeneca, Pfizer/BioNTech",6053911,5905949,11959860
2021-09-17,"Johnson&Johnson, Moderna, Oxford/AstraZeneca, Pfizer/BioNTech",6060487,5916193,11976680
2021-09-18,"Johnson&Johnson, Moderna, Oxford/AstraZeneca, Pfizer/BioNTech",6062220,5918562,11980782
2021-09-19,"Johnson&Johnson, Moderna, Oxford/AstraZeneca, Pfizer/BioNTech",6063166,5920136,11983302
2021-09-20,"Johnson&Johnson, Moderna, Oxford/AstraZeneca, Pfizer/BioNTech",6067197,5928343,11995540
2021-09-21,"Johnson&Johnson, Moderna, Oxford/AstraZeneca, Pfizer/BioNTech",6071441,5935881,12007322
2021-09-22,"Johnson&Johnson, Moderna, Oxford/AstraZeneca, Pfizer/BioNTech",6075640,5941414,12017054
2021-09-23,"Johnson&Johnson, Moderna, Oxford/AstraZeneca, Pfizer/BioNTech",6080605,5947833,12028438
2021-09-24,"Johnson&Johnson, Moderna, Oxford/AstraZeneca, Pfizer/BioNTech",6086372,5957457,12043829
2021-09-25,"Johnson&Johnson, Moderna, Oxford/AstraZeneca, Pfizer/BioNTech",6087875,5959460,12047335
2021-09-26,"Johnson&Johnson, Moderna, Oxford/AstraZeneca, Pfizer/BioNTech",6088622,5961105,12049727
2021-09-27,"Johnson&Johnson, Moderna, Oxford/AstraZeneca, Pfizer/BioNTech",6092509,5967625,12060134
2021-09-28,"Johnson&Johnson, Moderna, Oxford/AstraZeneca, Pfizer/BioNTech",6092886,5968264,12061150
2021-09-29,"Johnson&Johnson, Moderna, Oxford/AstraZeneca, Pfizer/BioNTech",6096665,5975729,12072394
2021-09-30,"Johnson&Johnson, Moderna, Oxford/AstraZeneca, Pfizer/BioNTech",6101187,5983444,12084631
2021-10-01,"Johnson&Johnson, Moderna, Oxford/AstraZeneca, Pfizer/BioNTech",6105500,5991436,12096936
2021-10-02,"Johnson&Johnson, Moderna, Oxford/AstraZeneca, Pfizer/BioNTech",6106565,5992983,12099548
2021-10-03,"Johnson&Johnson, Moderna, Oxford/AstraZeneca, Pfizer/BioNTech",6107290,5993858,12101148
2021-10-04,"Johnson&Johnson, Moderna, Oxford/AstraZeneca, Pfizer/BioNTech",6110372,5999440,12109812
2021-10-05,"Johnson&Johnson, Moderna, Oxford/AstraZeneca, Pfizer/BioNTech",6113536,6004530,12118066
2021-10-06,"Johnson&Johnson, Moderna, Oxford/AstraZeneca, Pfizer/BioNTech",6117061,6009712,12126773
2021-10-07,"Johnson&Johnson, Moderna, Oxford/AstraZeneca, Pfizer/BioNTech",6120345,6014975,12135320
2021-10-08,"Johnson&Johnson, Moderna, Oxford/AstraZeneca, Pfizer/BioNTech",6125144,6021626,12146770
2021-10-09,"Johnson&Johnson, Moderna, Oxford/AstraZeneca, Pfizer/BioNTech",6126388,6023295,12149683
2021-10-10,"Johnson&Johnson, Moderna, Oxford/AstraZeneca, Pfizer/BioNTech",6127334,6024133,12151467
2021-10-11,"Johnson&Johnson, Moderna, Oxford/AstraZeneca, Pfizer/BioNTech",6130264,6028557,12158821
2021-10-12,"Johnson&Johnson, Moderna, Oxford/AstraZeneca, Pfizer/BioNTech",6133206,6032561,12165767
2021-10-13,"Johnson&Johnson, Moderna, Oxford/AstraZeneca, Pfizer/BioNTech",6136741,6036756,12173497
2021-10-14,"Johnson&Johnson, Moderna, Oxford/AstraZeneca, Pfizer/BioNTech",6140415,6041709,12182124
2021-10-15,"Johnson&Johnson, Moderna, Oxford/AstraZeneca, Pfizer/BioNTech",6145648,6047862,12193510
2021-10-16,"Johnson&Johnson, Moderna, Oxford/AstraZeneca, Pfizer/BioNTech",6147062,6049392,12196454
2021-10-17,"Johnson&Johnson, Moderna, Pfizer/BioNTech",6148388,6050449,12198837
2021-10-18,"Johnson&Johnson, Moderna, Oxford/AstraZeneca, Pfizer/BioNTech",6152502,6054559,12207061
2021-10-19,"Johnson&Johnson, Moderna, Oxford/AstraZeneca, Pfizer/BioNTech",6156084,6056664,12212748
2021-10-20,"Johnson&Johnson, Moderna, Oxford/AstraZeneca, Pfizer/BioNTech",6160976,6061128,12222104
2021-10-21,"Johnson&Johnson, Moderna, Oxford/AstraZeneca, Pfizer/BioNTech",6168746,6066739,12235485
2021-10-22,"Johnson&Johnson, Moderna, Oxford/AstraZeneca, Pfizer/BioNTech",6179206,6073244,12252450
2021-10-23,"Johnson&Johnson, Moderna, Oxford/AstraZeneca, Pfizer/BioNTech",6182887,6075456,12258343
2021-10-24,"Johnson&Johnson, Moderna, Oxford/AstraZeneca, Pfizer/BioNTech",6185575,6077236,12262811
2021-10-25,"Johnson&Johnson, Moderna, Oxford/AstraZeneca, Pfizer/BioNTech",6196088,6083055,12279143
2021-10-26,"Johnson&Johnson, Moderna, Oxford/AstraZeneca, Pfizer/BioNTech",6208085,6089609,12297694
2021-10-27,"Johnson&Johnson, Moderna, Oxford/AstraZeneca, Pfizer/BioNTech",6222698,6097027,12319725
2021-10-28,"Johnson&Johnson, Moderna, Oxford/AstraZeneca, Pfizer/BioNTech",6226128,6098714,12324842
2021-10-29,"Johnson&Johnson, Moderna, Oxford/AstraZeneca, Pfizer/BioNTech",6240571,6106705,12347276
2021-10-30,"Johnson&Johnson, Moderna, Oxford/AstraZeneca, Pfizer/BioNTech",6245102,6109637,12354739
2021-10-31,"Johnson&Johnson, Moderna, Oxford/AstraZeneca, Pfizer/BioNTech",6248866,6112114,12360980
2021-11-01,"Johnson&Johnson, Moderna, Oxford/AstraZeneca, Pfizer/BioNTech",6264064,6119796,12383860
2021-11-02,"Johnson&Johnson, Moderna, Oxford/AstraZeneca, Pfizer/BioNTech",6279516,6127358,12406874
2021-11-03,"Johnson&Johnson, Moderna, Oxford/AstraZeneca, Pfizer/BioNTech",6296697,6134649,12431346
2021-11-04,"Johnson&Johnson, Moderna, Oxford/AstraZeneca, Pfizer/BioNTech",6315045,6142825,12457870
2021-11-05,"Johnson&Johnson, Moderna, Oxford/AstraZeneca, Pfizer/BioNTech",6337848,6154114,12491962
2021-11-06,"Johnson&Johnson, Moderna, Oxford/AstraZeneca, Pfizer/BioNTech",6344368,6157173,12501541
2021-11-07,"Johnson&Johnson, Moderna, Oxford/AstraZeneca, Pfizer/BioNTech",6348394,6159609,12508003
2021-11-08,"Johnson&Johnson, Moderna, Oxford/AstraZeneca, Pfizer/BioNTech",6364660,6167239,12531899
2021-11-09,"Johnson&Johnson, Moderna, Oxford/AstraZeneca, Pfizer/BioNTech",6379472,6174538,12554010
2021-11-10,"Johnson&Johnson, Moderna, Oxford/AstraZeneca, Pfizer/BioNTech",6395210,6181926,12577136
2021-11-11,"Johnson&Johnson, Moderna, Oxford/AstraZeneca, Pfizer/BioNTech",6410686,6191036,12601722
2021-11-12,"Johnson&Johnson, Moderna, Oxford/AstraZeneca, Pfizer/BioNTech",6430488,6203840,12634328
2021-11-13,"Johnson&Johnson, Moderna, Oxford/AstraZeneca, Pfizer/BioNTech",6435883,6207716,12643599
2021-11-14,"Johnson&Johnson, Moderna, Oxford/AstraZeneca, Pfizer/BioNTech",6439779,6210726,12650505
2021-11-15,"Johnson&Johnson, Moderna, Oxford/AstraZeneca, Pfizer/BioNTech",6454865,6221435,12676300
2021-11-16,"Johnson&Johnson, Moderna, Oxford/AstraZeneca, Pfizer/BioNTech",6472392,6233409,12705801
2021-11-17,"Johnson&Johnson, Moderna, Oxford/AstraZeneca, Pfizer/BioNTech",6476634,6236979,12713613
2021-11-18,"Johnson&Johnson, Moderna, Oxford/AstraZeneca, Pfizer/BioNTech",6496047,6248672,12744719
2021-11-19,"Johnson&Johnson, Moderna, Oxford/AstraZeneca, Pfizer/BioNTech",6520655,6265651,12786306
2021-11-20,"Johnson&Johnson, Moderna, Oxford/AstraZeneca, Pfizer/BioNTech",6529232,6270638,12799870
2021-11-21,"Johnson&Johnson, Moderna, Oxford/AstraZeneca, Pfizer/BioNTech",6536000,6274414,12810414
2021-11-22,"Johnson&Johnson, Moderna, Oxford/AstraZeneca, Pfizer/BioNTech",6554509,6288529,12843038
2021-11-23,"Johnson&Johnson, Moderna, Oxford/AstraZeneca, Pfizer/BioNTech",6573577,6301795,12875372
2021-11-24,"Johnson&Johnson, Moderna, Oxford/AstraZeneca, Pfizer/BioNTech",6592591,6317647,12910238
2021-11-25,"Johnson&Johnson, Moderna, Oxford/AstraZeneca, Pfizer/BioNTech",6611734,6332692,12944426
2021-11-26,"Johnson&Johnson, Moderna, Oxford/AstraZeneca, Pfizer/BioNTech",6633391,6351833,12985224
2021-11-27,"Johnson&Johnson, Moderna, Oxford/AstraZeneca, Pfizer/BioNTech",6640860,6357389,12998249
2021-11-28,"Johnson&Johnson, Moderna, Oxford/AstraZeneca, Pfizer/BioNTech",6644193,6360529,13004722
2021-11-29,"Johnson&Johnson, Moderna, Oxford/AstraZeneca, Pfizer/BioNTech",6659401,6374192,13033593
2021-11-30,"Johnson&Johnson, Moderna, Oxford/AstraZeneca, Pfizer/BioNTech",6672602,6385423,13058025
2021-12-01,"Johnson&Johnson, Moderna, Oxford/AstraZeneca, Pfizer/BioNTech",6686640,6397882,13084522
2021-12-02,"Johnson&Johnson, Moderna, Oxford/AstraZeneca, Pfizer/BioNTech",6697283,6410378,13107661
2021-12-03,"Johnson&Johnson, Moderna, Oxford/AstraZeneca, Pfizer/BioNTech",6706922,6425960,13132882
2021-12-04,"Johnson&Johnson, Moderna, Pfizer/BioNTech",6709479,6429918,13139397
2021-12-05,"Johnson&Johnson, Moderna, Oxford/AstraZeneca, Pfizer/BioNTech",6710840,6432263,13143103
2021-12-06,"Johnson&Johnson, Moderna, Oxford/AstraZeneca, Pfizer/BioNTech",6718988,6443789,13162777
2021-12-07,"Johnson&Johnson, Moderna, Oxford/AstraZeneca, Pfizer/BioNTech",6726879,6455799,13182678
2021-12-08,"Johnson&Johnson, Moderna, Oxford/AstraZeneca, Pfizer/BioNTech",6735125,6461728,13196853
2021-12-09,"Johnson&Johnson, Moderna, Oxford/AstraZeneca, Pfizer/BioNTech",6742246,6474552,13216798
2021-12-10,"Johnson&Johnson, Moderna, Oxford/AstraZeneca, Pfizer/BioNTech",6749176,6492354,13241530
2021-12-11,"Johnson&Johnson, Moderna, Oxford/AstraZeneca, Pfizer/BioNTech",6750831,6497622,13248453
2021-12-12,"Johnson&Johnson, Moderna, Oxford/AstraZeneca, Pfizer/BioNTech",6752142,6502056,13254198
2021-12-13,"Johnson&Johnson, Moderna, Oxford/AstraZeneca, Pfizer/BioNTech",6758497,6515368,13273865
2021-12-14,"Johnson&Johnson, Moderna, Oxford/AstraZeneca, Pfizer/BioNTech",6764707,6529038,13293745
2021-12-15,"Johnson&Johnson, Moderna, Oxford/AstraZeneca, Pfizer/BioNTech",6770914,6542636,13313550
2021-12-16,"Johnson&Johnson, Moderna, Oxford/AstraZeneca, Pfizer/BioNTech",6777855,6557470,13335325
2021-12-17,"Johnson&Johnson, Moderna, Oxford/AstraZeneca, Pfizer/BioNTech",6786219,6574737,13360956
2021-12-18,"Johnson&Johnson, Moderna, Oxford/AstraZeneca, Pfizer/BioNTech",6788830,6580190,13369020
2021-12-19,"Johnson&Johnson, Moderna, Pfizer/BioNTech",6790602,6582694,13373296
2021-12-20,"Johnson&Johnson, Moderna, Oxford/AstraZeneca, Pfizer/BioNTech",6796459,6596756,13393215
2021-12-21,"Johnson&Johnson, Moderna, Oxford/AstraZeneca, Pfizer/BioNTech",6803121,6608752,13411873
2021-12-22,"Johnson&Johnson, Moderna, Oxford/AstraZeneca, Pfizer/BioNTech",6808167,6621810,13429977
2021-12-23,"Johnson&Johnson, Moderna, Oxford/AstraZeneca, Pfizer/BioNTech",6811041,6627414,13438455
2021-12-24,"Johnson&Johnson, Moderna, Oxford/AstraZeneca, Pfizer/BioNTech",6811087,6627517,13438604
2021-12-25,"Moderna, Pfizer/BioNTech",6811088,6627525,13438613
2021-12-26,"Moderna, Pfizer/BioNTech",6811190,6627728,13438918
2021-12-27,"Johnson&Johnson, Moderna, Pfizer/BioNTech",6815058,6637474,13452532
2021-12-28,"Johnson&Johnson, Moderna, Oxford/AstraZeneca, Pfizer/BioNTech",6820298,6645471,13465769
2021-12-29,"Johnson&Johnson, Moderna, Oxford/AstraZeneca, Pfizer/BioNTech",6824580,6653191,13477771
2021-12-30,"Johnson&Johnson, Moderna, Pfizer/BioNTech",6828880,6658624,13487504
2021-12-31,"Johnson&Johnson, Moderna, Pfizer/BioNTech",6829390,6660048,13489438
2022-01-01,"Moderna, Pfizer/BioNTech",6829396,6660066,13489462
2022-01-02,"Johnson&Johnson, Moderna, Pfizer/BioNTech",6830252,6661443,13491695
2022-01-03,"Johnson&Johnson, Moderna, Oxford/AstraZeneca, Pfizer/BioNTech",6834389,6670351,13504740
2022-01-04,"Johnson&Johnson, Moderna, Oxford/AstraZeneca, Pfizer/BioNTech",6839472,6678107,13517579
2022-01-05,"Johnson&Johnson, Moderna, Oxford/AstraZeneca, Pfizer/BioNTech",6845294,6686080,13531374
2022-01-06,"Johnson&Johnson, Moderna, Oxford/AstraZeneca, Pfizer/BioNTech",6851880,6694480,13546360
2022-01-07,"Johnson&Johnson, Moderna, Oxford/AstraZeneca, Pfizer/BioNTech",6859755,6704835,13564590
2022-01-08,"Johnson&Johnson, Moderna, Oxford/AstraZeneca, Pfizer/BioNTech",6862234,6707613,13569847
2022-01-09,"Johnson&Johnson, Moderna, Pfizer/BioNTech",6863317,6709308,13572625
2022-01-10,"Johnson&Johnson, Moderna, Oxford/AstraZeneca, Pfizer/BioNTech",6867825,6715500,13583325
2022-01-11,"Johnson&Johnson, Moderna, Oxford/AstraZeneca, Pfizer/BioNTech",6873270,6722256,13595526
2022-01-12,"Johnson&Johnson, Moderna, Oxford/AstraZeneca, Pfizer/BioNTech",6879227,6727899,13607126
2022-01-13,"Johnson&Johnson, Moderna, Oxford/AstraZeneca, Pfizer/BioNTech",6885116,6732674,13617790
2022-01-14,"Johnson&Johnson, Moderna, Oxford/AstraZeneca, Pfizer/BioNTech",6891418,6736305,13627723
2022-01-15,"Johnson&Johnson, Moderna, Oxford/AstraZeneca, Pfizer/BioNTech",6892694,6736961,13629655
2022-01-16,"Johnson&Johnson, Moderna, Oxford/AstraZeneca, Pfizer/BioNTech",6893384,6737398,13630782
2022-01-17,"Johnson&Johnson, Moderna, Oxford/AstraZeneca, Pfizer/BioNTech",6896940,6741354,13638294
2022-01-18,"Johnson&Johnson, Moderna, Oxford/AstraZeneca, Pfizer/BioNTech",6900788,6746304,13647092
2022-01-19,"Johnson&Johnson, Moderna, Oxford/AstraZeneca, Pfizer/BioNTech",6904857,6750236,13655093
2022-01-20,"Johnson&Johnson, Moderna, Oxford/AstraZeneca, Pfizer/BioNTech",6908449,6754692,13663141
2022-01-21,"Johnson&Johnson, Moderna, Oxford/AstraZeneca, Pfizer/BioNTech",6912440,6757220,13669660
2022-01-22,"Johnson&Johnson, Moderna, Pfizer/BioNTech",6913219,6757661,13670880
2022-01-23,"Johnson&Johnson, Moderna, Pfizer/BioNTech",6913780,6758295,13672075
2022-01-24,"Johnson&Johnson, Moderna, Oxford/AstraZeneca, Pfizer/BioNTech",6916052,6761730,13677782
2022-01-25,"Johnson&Johnson, Moderna, Oxford/AstraZeneca, Pfizer/BioNTech",6918408,6765724,13684132
2022-01-26,"Johnson&Johnson, Moderna, Oxford/AstraZeneca, Pfizer/BioNTech",6920793,6770292,13691085
2022-01-27,"Johnson&Johnson, Moderna, Oxford/AstraZeneca, Pfizer/BioNTech",6923112,6775104,13698216
2022-01-28,"Johnson&Johnson, Moderna, Oxford/AstraZeneca, Pfizer/BioNTech",6926028,6781266,13707294
2022-01-29,"Johnson&Johnson, Moderna, Oxford/AstraZeneca, Pfizer/BioNTech",6926630,6782917,13709547
2022-01-30,"Johnson&Johnson, Moderna, Pfizer/BioNTech",6926857,6783699,13710556
2022-01-31,"Johnson&Johnson, Moderna, Pfizer/BioNTech",6928398,6787624,13716022
2022-02-01,"Johnson&Johnson, Moderna, Pfizer/BioNTech",6929993,6791656,13721649
2022-02-02,"Johnson&Johnson, Moderna, Oxford/AstraZeneca, Pfizer/BioNTech",6931560,6796165,13727725
2022-02-03,"Johnson&Johnson, Moderna, Pfizer/BioNTech",6932940,6800650,13733590
2022-02-04,"Johnson&Johnson, Moderna, Pfizer/BioNTech",6934541,6805765,13740306
2022-02-05,"Johnson&Johnson, Moderna, Pfizer/BioNTech",6934714,6806375,13741089
2022-02-06,"Johnson&Johnson, Moderna, Pfizer/BioNTech",6934810,6806694,13741504
2022-02-07,"Johnson&Johnson, Moderna, Pfizer/BioNTech",6935513,6809904,13745417
2022-02-08,"Johnson&Johnson, Moderna, Pfizer/BioNTech",6936308,6813093,13749401
2022-02-09,"Johnson&Johnson, Moderna, Pfizer/BioNTech",6937131,6816466,13753597
2022-02-10,"Johnson&Johnson, Moderna, Pfizer/BioNTech",6937931,6819591,13757522
2022-02-11,"Johnson&Johnson, Moderna, Pfizer/BioNTech",6938885,6823505,13762390
2022-02-12,"Johnson&Johnson, Moderna, Pfizer/BioNTech",6938995,6823924,13762919
2022-02-13,"Johnson&Johnson, Moderna, Pfizer/BioNTech",6939032,6824361,13763393
2022-02-14,"Johnson&Johnson, Moderna, Pfizer/BioNTech",6939490,6826472,13765962
2022-02-15,"Johnson&Johnson, Moderna, Pfizer/BioNTech",6940043,6828682,13768725
2022-02-16,"Johnson&Johnson, Moderna, Pfizer/BioNTech",6940634,6830781,13771415
2022-02-17,"Johnson&Johnson, Moderna, Pfizer/BioNTech",6941228,6833123,13774351
2022-02-18,"Johnson&Johnson, Moderna, Oxford/AstraZeneca, Pfizer/BioNTech",6941870,6836176,13778046
2022-02-19,"Johnson&Johnson, Moderna, Pfizer/BioNTech",6941949,6836457,13778406
2022-02-20,"Johnson&Johnson, Moderna, Pfizer/BioNTech",6941985,6836606,13778591
2022-02-21,"Johnson&Johnson, Moderna, Pfizer/BioNTech",6942349,6838305,13780654
2022-02-22,"Johnson&Johnson, Moderna, Oxford/AstraZeneca, Pfizer/BioNTech",6942741,6839994,13782735
2022-02-23,"Johnson&Johnson, Moderna, Pfizer/BioNTech",6943197,6841637,13784834
2022-02-24,"Johnson&Johnson, Moderna, Pfizer/BioNTech",6943605,6843268,13786873
2022-02-25,"Johnson&Johnson, Moderna, Pfizer/BioNTech",6944188,6845352,13789540
2022-02-26,"Johnson&Johnson, Moderna, Pfizer/BioNTech",6944249,6845513,13789762
2022-02-27,"Johnson&Johnson, Moderna, Pfizer/BioNTech",6944279,6845589,13789868
2022-02-28,"Johnson&Johnson, Moderna, Pfizer/BioNTech",6944525,6846565,13791090
2022-03-01,"Johnson&Johnson, Moderna, Pfizer/BioNTech",6944830,6847349,13792179
2022-03-02,"Johnson&Johnson, Moderna, Novavax, Pfizer/BioNTech",6945202,6848256,13793458
2022-03-03,"Johnson&Johnson, Moderna, Novavax, Pfizer/BioNTech",6945537,6849199,13794736
2022-03-04,"Johnson&Johnson, Moderna, Novavax, Pfizer/BioNTech",6946164,6850420,13796584
2022-03-05,"Johnson&Johnson, Moderna, Novavax, Pfizer/BioNTech",6946245,6850511,13796756
2022-03-06,"Moderna, Novavax, Pfizer/BioNTech",6946258,6850529,13796787
2022-03-07,"Johnson&Johnson, Moderna, Novavax, Pfizer/BioNTech",6946593,6851087,13797680
2022-03-08,"Johnson&Johnson, Moderna, Novavax, Pfizer/BioNTech",6946928,6851629,13798557
2022-03-09,"Johnson&Johnson, Moderna, Novavax, Pfizer/BioNTech",6947317,6852217,13799534
2022-03-10,"Johnson&Johnson, Moderna, Novavax, Pfizer/BioNTech",6947728,6852888,13800616
2022-03-11,"Johnson&Johnson, Moderna, Novavax, Pfizer/BioNTech",6948478,6853798,13802276
2022-03-12,"Johnson&Johnson, Moderna, Novavax, Pfizer/BioNTech",6948546,6853903,13802449
2022-03-13,"Johnson&Johnson, Moderna, Novavax, Pfizer/BioNTech",6948559,6853921,13802480
2022-03-14,"Johnson&Johnson, Moderna, Novavax, Pfizer/BioNTech",6948826,6854303,13803129
2022-03-15,"Johnson&Johnson, Moderna, Novavax, Pfizer/BioNTech",6949110,6854739,13803849
2022-03-16,"Johnson&Johnson, Moderna, Novavax, Pfizer/BioNTech",6949428,6855281,13804709
2022-03-17,"Johnson&Johnson, Moderna, Novavax, Oxford/AstraZeneca, Pfizer/BioNTech",6949724,6855714,13805438
2022-03-18,"Johnson&Johnson, Moderna, Novavax, Pfizer/BioNTech",6950421,6856509,13806930
2022-03-19,"Moderna, Novavax, Pfizer/BioNTech",6950477,6856554,13807031
2022-03-20,"Moderna, Novavax, Pfizer/BioNTech",6950495,6856566,13807061
2022-03-21,"Johnson&Johnson, Moderna, Novavax, Pfizer/BioNTech",6950683,6856893,13807576
2022-03-22,"Johnson&Johnson, Moderna, Novavax, Pfizer/BioNTech",6950924,6857289,13808213
2022-03-23,"Johnson&Johnson, Moderna, Novavax, Pfizer/BioNTech",6951261,6857727,13808988
2022-03-24,"Johnson&Johnson, Moderna, Novavax, Pfizer/BioNTech",6951572,6858200,13809772
2022-03-25,"Johnson&Johnson, Moderna, Novavax, Pfizer/BioNTech",6952067,6859002,13811069
2022-03-26,"Johnson&Johnson, Moderna, Novavax, Pfizer/BioNTech",6952119,6859080,13811199
2022-03-27,"Moderna, Novavax, Pfizer/BioNTech",6952135,6859097,13811232
2022-03-28,"Johnson&Johnson, Moderna, Novavax, Pfizer/BioNTech",6952290,6859476,13811766
2022-03-29,"Johnson&Johnson, Moderna, Novavax, Pfizer/BioNTech",6952552,6859882,13812434
2022-03-30,"Johnson&Johnson, Moderna, Novavax, Pfizer/BioNTech",6952857,6860375,13813232
2022-03-31,"Johnson&Johnson, Moderna, Novavax, Pfizer/BioNTech",6953155,6860867,13814022
2022-04-01,"Johnson&Johnson, Moderna, Novavax, Pfizer/BioNTech",6953765,6861626,13815391
2022-04-02,"Moderna, Novavax, Pfizer/BioNTech",6953820,6861710,13815530
2022-04-03,"Moderna, Novavax, Pfizer/BioNTech",6953832,6861739,13815571
2022-04-04,"Johnson&Johnson, Moderna, Novavax, Pfizer/BioNTech",6954008,6862020,13816028
2022-04-05,"Johnson&Johnson, Moderna, Novavax, Pfizer/BioNTech",6954200,6862256,13816456
2022-04-06,"Johnson&Johnson, Moderna, Novavax, Pfizer/BioNTech",6954417,6862602,13817019
2022-04-07,"Johnson&Johnson, Moderna, Novavax, Pfizer/BioNTech",6954639,6863020,13817659
2022-04-08,"Johnson&Johnson, Moderna, Novavax, Pfizer/BioNTech",6955093,6863742,13818835
2022-04-09,"Johnson&Johnson, Moderna, Novavax, Pfizer/BioNTech",6955152,6863814,13818966
2022-04-10,"Moderna, Novavax, Pfizer/BioNTech",6955164,6863823,13818987
2022-04-11,"Johnson&Johnson, Moderna, Novavax, Pfizer/BioNTech",6955325,6864054,13819379
2022-04-12,"Johnson&Johnson, Moderna, Novavax, Pfizer/BioNTech",6955572,6864352,13819924
2022-04-13,"Johnson&Johnson, Moderna, Novavax, Pfizer/BioNTech",6955812,6864706,13820518
2022-04-14,"Johnson&Johnson, Moderna, Novavax, Pfizer/BioNTech",6956072,6865091,13821163
2022-04-15,"Moderna, Novavax, Pfizer/BioNTech",6956087,6865118,13821205
2022-04-16,"Johnson&Johnson, Moderna, Novavax, Pfizer/BioNTech",6956107,6865152,13821259
2022-04-17,"Moderna, Novavax, Pfizer/BioNTech",6956108,6865153,13821261
2022-04-18,"Moderna, Novavax, Pfizer/BioNTech",6956122,6865170,13821292
2022-04-19,"Johnson&Johnson, Moderna, Novavax, Pfizer/BioNTech",6956260,6865508,13821768
2022-04-20,"Johnson&Johnson, Moderna, Novavax, Pfizer/BioNTech",6956482,6865898,13822380
2022-04-21,"Johnson&Johnson, Moderna, Novavax, Pfizer/BioNTech",6956698,6866322,13823020
2022-04-22,"Johnson&Johnson, Moderna, Novavax, Pfizer/BioNTech",6957162,6867148,13824310
2022-04-23,"Moderna, Novavax, Pfizer/BioNTech",6957193,6867227,13824420
2022-04-24,"Moderna, Novavax, Pfizer/BioNTech",6957198,6867238,13824436
2022-04-25,"Johnson&Johnson, Moderna, Novavax, Pfizer/BioNTech",6957351,6867446,13824797
2022-04-26,"Johnson&Johnson, Moderna, Novavax, Pfizer/BioNTech",6957490,6867710,13825200
2022-04-27,"Johnson&Johnson, Moderna, Novavax, Pfizer/BioNTech",6957755,6868040,13825795
2022-04-28,"Johnson&Johnson, Moderna, Novavax, Pfizer/BioNTech",6957950,6868328,13826278
2022-04-29,"Johnson&Johnson, Moderna, Novavax, Pfizer/BioNTech",6958380,6868917,13827297
2022-04-30,"Moderna, Novavax, Pfizer/BioNTech",6958420,6868983,13827403
2022-05-01,"Moderna, Novavax, Pfizer/BioNTech",6958425,6868991,13827416
2022-05-02,"Johnson&Johnson, Moderna, Novavax, Pfizer/BioNTech",6958547,6869171,13827718
2022-05-03,"Johnson&Johnson, Moderna, Novavax, Pfizer/BioNTech",6958698,6869427,13828125
2022-05-04,"Johnson&Johnson, Moderna, Novavax, Pfizer/BioNTech",6958900,6869702,13828602
2022-05-05,"Johnson&Johnson, Moderna, Novavax, Pfizer/BioNTech",6959107,6869991,13829098
2022-05-06,"Johnson&Johnson, Moderna, Novavax, Pfizer/BioNTech",6959477,6870330,13829807
2022-05-07,"Moderna, Novavax, Pfizer/BioNTech",6959504,6870356,13829860
2022-05-08,"Moderna, Pfizer/BioNTech",6959505,6870364,13829869
2022-05-09,"Johnson&Johnson, Moderna, Novavax, Pfizer/BioNTech",6959607,6870453,13830060
2022-05-10,"Johnson&Johnson, Moderna, Novavax, Pfizer/BioNTech",6959752,6870689,13830441
2022-05-11,"Johnson&Johnson, Moderna, Novavax, Oxford/AstraZeneca, Pfizer/BioNTech",6959972,6870955,13830927
2022-05-12,"Johnson&Johnson, Moderna, Novavax, Pfizer/BioNTech",6960168,6871229,13831397
2022-05-13,"Johnson&Johnson, Moderna, Novavax, Pfizer/BioNTech",6960501,6871726,13832227
2022-05-14,"Johnson&Johnson, Moderna, Novavax, Pfizer/BioNTech",6960542,6871766,13832308
2022-05-15,"Johnson&Johnson, Moderna, Novavax, Pfizer/BioNTech",6960555,6871777,13832332
2022-05-16,"Johnson&Johnson, Moderna, Novavax, Pfizer/BioNTech",6960657,6871896,13832553
2022-05-17,"Johnson&Johnson, Moderna, Novavax, Pfizer/BioNTech",6960799,6872050,13832849
2022-05-18,"Johnson&Johnson, Moderna, Novavax, Pfizer/BioNTech",6961027,6872379,13833406
2022-05-19,"Johnson&Johnson, Moderna, Novavax, Pfizer/BioNTech",6961211,6872630,13833841
2022-05-20,"Johnson&Johnson, Moderna, Novavax, Pfizer/BioNTech",6961505,6873178,13834683
2022-05-21,"Johnson&Johnson, Moderna, Novavax, Pfizer/BioNTech",6961546,6873207,13834753
2022-05-22,"Moderna, Pfizer/BioNTech",6961554,6873213,13834767
2022-05-23,"Johnson&Johnson, Moderna, Novavax, Pfizer/BioNTech",6961666,6873364,13835030
2022-05-24,"Johnson&Johnson, Moderna, Novavax, Pfizer/BioNTech",6961794,6873534,13835328
2022-05-25,"Johnson&Johnson, Moderna, Novavax, Oxford/AstraZeneca, Pfizer/BioNTech",6961961,6873783,13835744
2022-05-26,"Johnson&Johnson, Moderna, Novavax, Pfizer/BioNTech",6962116,6874008,13836124
2022-05-27,"Johnson&Johnson, Moderna, Novavax, Pfizer/BioNTech",6962379,6874466,13836845
2022-05-28,"Moderna, Novavax, Pfizer/BioNTech",6962416,6874515,13836931
2022-05-29,"Moderna, Novavax, Pfizer/BioNTech",6962425,6874519,13836944
2022-05-30,"Johnson&Johnson, Moderna, Novavax, Pfizer/BioNTech",6962502,6874670,13837172
2022-05-31,"Johnson&Johnson, Moderna, Novavax, Pfizer/BioNTech",6962626,6874845,13837471
