date,vaccine,people_vaccinated,people_fully_vaccinated,total_vaccinations
2020-12-27,Pfizer/BioNTech,1273,0,1273
2020-12-28,Pfizer/BioNTech,3574,0,3574
2020-12-29,Pfizer/BioNTech,7031,0,7031
2020-12-30,Pfizer/BioNTech,10535,0,10535
2020-12-31,Pfizer/BioNTech,11841,0,11841
2021-01-01,"Moderna, Pfizer/BioNTech",12107,0,12107
2021-01-02,Pfizer/BioNTech,13382,0,13382
2021-01-03,Pfizer/BioNTech,14302,0,14302
2021-01-04,"Moderna, Pfizer/BioNTech",17900,0,17900
2021-01-05,"Moderna, Pfizer/BioNTech",22411,0,22411
2021-01-06,Pfizer/BioNTech,28251,0,28251
2021-01-07,"Moderna, Pfizer/BioNTech",36226,0,36226
2021-01-08,Pfizer/BioNTech,46232,0,46232
2021-01-09,"Moderna, Pfizer/BioNTech",48253,0,48253
2021-01-10,Pfizer/BioNTech,50012,2,50014
2021-01-11,Pfizer/BioNTech,59845,4,59849
2021-01-12,Pfizer/BioNTech,73255,6,73261
2021-01-13,Pfizer/BioNTech,86768,6,86774
2021-01-14,"Moderna, Pfizer/BioNTech",101967,8,101975
2021-01-15,"Moderna, Pfizer/BioNTech",115951,8,115959
2021-01-16,"Moderna, Pfizer/BioNTech",119332,11,119343
2021-01-17,"Moderna, Pfizer/BioNTech",121937,649,122586
2021-01-18,"Moderna, Pfizer/BioNTech",134413,2471,136884
2021-01-19,"Moderna, Pfizer/BioNTech",146978,5189,152167
2021-01-20,"Moderna, Pfizer/BioNTech",160620,7837,168457
2021-01-21,"Moderna, Pfizer/BioNTech",176238,9571,185809
2021-01-22,"Moderna, Pfizer/BioNTech",191082,10614,201696
2021-01-23,"Moderna, Pfizer/BioNTech",194380,11488,205868
2021-01-24,"Moderna, Pfizer/BioNTech",196629,12357,208986
2021-01-25,"Moderna, Pfizer/BioNTech",206258,15325,221583
2021-01-26,"Moderna, Pfizer/BioNTech",216789,19299,236088
2021-01-27,"Moderna, Pfizer/BioNTech",225808,23823,249631
2021-01-28,"Moderna, Pfizer/BioNTech",232883,29940,262823
2021-01-29,"Moderna, Pfizer/BioNTech",239078,37831,276909
2021-01-30,"Moderna, Pfizer/BioNTech",239809,38919,278728
2021-01-31,"Moderna, Pfizer/BioNTech",240518,40099,280617
2021-02-01,"Moderna, Pfizer/BioNTech",244482,48031,292513
2021-02-02,"Moderna, Pfizer/BioNTech",248609,58255,306864
2021-02-03,"Moderna, Pfizer/BioNTech",253020,69244,322264
2021-02-04,"Moderna, Pfizer/BioNTech",257910,82199,340109
2021-02-05,"Moderna, Pfizer/BioNTech",263359,92847,356206
2021-02-06,"Moderna, Pfizer/BioNTech",264201,95196,359397
2021-02-07,"Moderna, Pfizer/BioNTech",265048,97684,362732
2021-02-08,"Moderna, Oxford/AstraZeneca, Pfizer/BioNTech",269113,109070,378183
2021-02-09,"Moderna, Oxford/AstraZeneca, Pfizer/BioNTech",274197,120989,395186
2021-02-10,"Moderna, Pfizer/BioNTech",279688,134197,413885
2021-02-11,"Moderna, Oxford/AstraZeneca, Pfizer/BioNTech",285992,150378,436370
2021-02-12,"Moderna, Oxford/AstraZeneca, Pfizer/BioNTech",292736,165068,457804
2021-02-13,"Moderna, Oxford/AstraZeneca, Pfizer/BioNTech",294327,168047,462374
2021-02-14,"Moderna, Oxford/AstraZeneca, Pfizer/BioNTech",295318,169425,464743
2021-02-15,"Moderna, Oxford/AstraZeneca, Pfizer/BioNTech",301709,178760,480469
2021-02-16,"Moderna, Oxford/AstraZeneca, Pfizer/BioNTech",310415,187812,498227
2021-02-17,"Moderna, Oxford/AstraZeneca, Pfizer/BioNTech",320097,196101,516198
2021-02-18,"Moderna, Oxford/AstraZeneca, Pfizer/BioNTech",332399,204142,536541
2021-02-19,"Moderna, Oxford/AstraZeneca, Pfizer/BioNTech",344243,211462,555705
2021-02-20,"Moderna, Oxford/AstraZeneca, Pfizer/BioNTech",346225,212638,558863
2021-02-21,"Moderna, Oxford/AstraZeneca, Pfizer/BioNTech",347337,213653,560990
2021-02-22,"Moderna, Oxford/AstraZeneca, Pfizer/BioNTech",357454,219658,577112
2021-02-23,"Moderna, Oxford/AstraZeneca, Pfizer/BioNTech",370384,226618,597002
2021-02-24,"Moderna, Oxford/AstraZeneca, Pfizer/BioNTech",384244,232638,616882
2021-02-25,"Moderna, Oxford/AstraZeneca, Pfizer/BioNTech",402197,238170,640367
2021-02-26,"Moderna, Oxford/AstraZeneca, Pfizer/BioNTech",418353,243497,661850
2021-02-27,"Moderna, Oxford/AstraZeneca, Pfizer/BioNTech",421354,244047,665401
2021-02-28,"Moderna, Oxford/AstraZeneca, Pfizer/BioNTech",423693,244591,668284
2021-03-01,"Moderna, Oxford/AstraZeneca, Pfizer/BioNTech",443231,248018,691249
2021-03-02,"Moderna, Oxford/AstraZeneca, Pfizer/BioNTech",470431,251554,721985
2021-03-03,"Moderna, Oxford/AstraZeneca, Pfizer/BioNTech",501260,256043,757303
2021-03-04,"Moderna, Oxford/AstraZeneca, Pfizer/BioNTech",534469,260707,795176
2021-03-05,"Johnson&Johnson, Moderna, Oxford/AstraZeneca, Pfizer/BioNTech",563259,266105,829364
2021-03-06,"Johnson&Johnson, Moderna, Oxford/AstraZeneca, Pfizer/BioNTech",575385,266953,842338
2021-03-07,"Johnson&Johnson, Moderna, Oxford/AstraZeneca, Pfizer/BioNTech",586902,267786,854688
2021-03-08,"Johnson&Johnson, Moderna, Oxford/AstraZeneca, Pfizer/BioNTech",616586,272615,889201
2021-03-09,"Johnson&Johnson, Moderna, Oxford/AstraZeneca, Pfizer/BioNTech",652842,278974,931816
2021-03-10,"Moderna, Oxford/AstraZeneca, Pfizer/BioNTech",694099,285904,980003
2021-03-11,"Johnson&Johnson, Moderna, Oxford/AstraZeneca, Pfizer/BioNTech",738885,294253,1033138
2021-03-12,"Johnson&Johnson, Moderna, Oxford/AstraZeneca, Pfizer/BioNTech",777651,302698,1080349
2021-03-13,"Moderna, Oxford/AstraZeneca, Pfizer/BioNTech",794700,303987,1098687
2021-03-14,"Moderna, Oxford/AstraZeneca, Pfizer/BioNTech",806793,305122,1111915
2021-03-15,"Moderna, Oxford/AstraZeneca, Pfizer/BioNTech",835146,313890,1149036
2021-03-16,"Johnson&Johnson, Moderna, Oxford/AstraZeneca, Pfizer/BioNTech",873985,324408,1198393
2021-03-17,"Moderna, Oxford/AstraZeneca, Pfizer/BioNTech",911424,334893,1246317
2021-03-18,"Johnson&Johnson, Moderna, Oxford/AstraZeneca, Pfizer/BioNTech",949358,347287,1296645
2021-03-19,"Moderna, Oxford/AstraZeneca, Pfizer/BioNTech",983797,360875,1344672
2021-03-20,"Johnson&Johnson, Moderna, Oxford/AstraZeneca, Pfizer/BioNTech",998913,362885,1361798
2021-03-21,"Johnson&Johnson, Moderna, Oxford/AstraZeneca, Pfizer/BioNTech",1006304,364426,1370730
2021-03-22,"Johnson&Johnson, Moderna, Oxford/AstraZeneca, Pfizer/BioNTech",1030813,376913,1407726
2021-03-23,"Johnson&Johnson, Moderna, Oxford/AstraZeneca, Pfizer/BioNTech",1057411,390241,1447652
2021-03-24,"Johnson&Johnson, Moderna, Oxford/AstraZeneca, Pfizer/BioNTech",1084234,405946,1490180
2021-03-25,"Moderna, Oxford/AstraZeneca, Pfizer/BioNTech",1110525,423773,1534298
2021-03-26,"Moderna, Oxford/AstraZeneca, Pfizer/BioNTech",1135294,441252,1576546
2021-03-27,"Johnson&Johnson, Moderna, Oxford/AstraZeneca, Pfizer/BioNTech",1143709,446083,1589792
2021-03-28,"Moderna, Oxford/AstraZeneca, Pfizer/BioNTech",1149235,450215,1599450
2021-03-29,"Johnson&Johnson, Moderna, Oxford/AstraZeneca, Pfizer/BioNTech",1168328,470906,1639234
2021-03-30,"Johnson&Johnson, Moderna, Oxford/AstraZeneca, Pfizer/BioNTech",1193004,493063,1686067
2021-03-31,"Johnson&Johnson, Moderna, Oxford/AstraZeneca, Pfizer/BioNTech",1216070,520097,1736167
2021-04-01,"Johnson&Johnson, Moderna, Oxford/AstraZeneca, Pfizer/BioNTech",1241639,552120,1793759
2021-04-02,"Johnson&Johnson, Moderna, Oxford/AstraZeneca, Pfizer/BioNTech",1248528,564898,1813426
2021-04-03,"Johnson&Johnson, Moderna, Oxford/AstraZeneca, Pfizer/BioNTech",1252124,575801,1827925
2021-04-04,"Johnson&Johnson, Moderna, Oxford/AstraZeneca, Pfizer/BioNTech",1254613,584696,1839309
2021-04-05,"Johnson&Johnson, Moderna, Oxford/AstraZeneca, Pfizer/BioNTech",1256982,591866,1848848
2021-04-06,"Johnson&Johnson, Moderna, Oxford/AstraZeneca, Pfizer/BioNTech",1273070,621080,1894150
2021-04-07,"Johnson&Johnson, Moderna, Oxford/AstraZeneca, Pfizer/BioNTech",1296434,643269,1939703
2021-04-08,"Johnson&Johnson, Moderna, Oxford/AstraZeneca, Pfizer/BioNTech",1335067,674258,2009325
2021-04-09,"Johnson&Johnson, Moderna, Oxford/AstraZeneca, Pfizer/BioNTech",1374539,704419,2078958
2021-04-10,"Johnson&Johnson, Moderna, Oxford/AstraZeneca, Pfizer/BioNTech",1389981,719692,2109673
2021-04-11,"Johnson&Johnson, Moderna, Oxford/AstraZeneca, Pfizer/BioNTech",1399728,729707,2129435
2021-04-12,"Johnson&Johnson, Moderna, Oxford/AstraZeneca, Pfizer/BioNTech",1437941,754793,2192734
2021-04-13,"Moderna, Oxford/AstraZeneca, Pfizer/BioNTech",1474138,780787,2254925
2021-04-14,"Moderna, Oxford/AstraZeneca, Pfizer/BioNTech",1512901,808119,2321020
2021-04-15,"Moderna, Oxford/AstraZeneca, Pfizer/BioNTech",1560647,833807,2394454
2021-04-16,"Moderna, Oxford/AstraZeneca, Pfizer/BioNTech",1605250,859407,2464657
2021-04-17,"Moderna, Oxford/AstraZeneca, Pfizer/BioNTech",1621906,868420,2490326
2021-04-18,"Moderna, Oxford/AstraZeneca, Pfizer/BioNTech",1634868,873395,2508263
2021-04-19,"Moderna, Oxford/AstraZeneca, Pfizer/BioNTech",1678839,888827,2567666
2021-04-20,"Johnson&Johnson, Moderna, Oxford/AstraZeneca, Pfizer/BioNTech",1721354,904671,2626025
2021-04-21,"Moderna, Oxford/AstraZeneca, Pfizer/BioNTech",1769047,918990,2688037
2021-04-22,"Johnson&Johnson, Moderna, Oxford/AstraZeneca, Pfizer/BioNTech",1823501,936346,2759847
2021-04-23,"Johnson&Johnson, Moderna, Oxford/AstraZeneca, Pfizer/BioNTech",1873416,948375,2821791
2021-04-24,"Johnson&Johnson, Moderna, Oxford/AstraZeneca, Pfizer/BioNTech",1891224,953604,2844828
2021-04-25,"Johnson&Johnson, Moderna, Oxford/AstraZeneca, Pfizer/BioNTech",1905892,957586,2863478
2021-04-26,"Johnson&Johnson, Moderna, Oxford/AstraZeneca, Pfizer/BioNTech",1955455,965125,2920580
2021-04-27,"Johnson&Johnson, Moderna, Oxford/AstraZeneca, Pfizer/BioNTech",2004406,977318,2981724
2021-04-28,"Johnson&Johnson, Moderna, Oxford/AstraZeneca, Pfizer/BioNTech",2063124,991279,3054403
2021-04-29,"Johnson&Johnson, Moderna, Oxford/AstraZeneca, Pfizer/BioNTech",2128660,1007120,3135780
2021-04-30,"Johnson&Johnson, Moderna, Oxford/AstraZeneca, Pfizer/BioNTech",2190845,1017043,3207888
2021-05-01,"Johnson&Johnson, Moderna, Oxford/AstraZeneca, Pfizer/BioNTech",2210135,1020457,3230592
2021-05-02,"Johnson&Johnson, Moderna, Oxford/AstraZeneca, Pfizer/BioNTech",2229028,1022706,3251734
2021-05-03,"Johnson&Johnson, Moderna, Oxford/AstraZeneca, Pfizer/BioNTech",2296248,1027751,3323999
2021-05-04,"Johnson&Johnson, Moderna, Oxford/AstraZeneca, Pfizer/BioNTech",2362715,1036047,3398762
2021-05-05,"Johnson&Johnson, Moderna, Oxford/AstraZeneca, Pfizer/BioNTech",2435835,1045407,3481242
2021-05-06,"Johnson&Johnson, Moderna, Oxford/AstraZeneca, Pfizer/BioNTech",2516198,1056076,3572274
2021-05-07,"Johnson&Johnson, Moderna, Oxford/AstraZeneca, Pfizer/BioNTech",2593461,1066128,3659589
2021-05-08,"Johnson&Johnson, Moderna, Oxford/AstraZeneca, Pfizer/BioNTech",2622859,1067863,3690722
2021-05-09,"Johnson&Johnson, Moderna, Oxford/AstraZeneca, Pfizer/BioNTech",2647027,1069050,3716077
2021-05-10,"Johnson&Johnson, Moderna, Oxford/AstraZeneca, Pfizer/BioNTech",2719758,1076227,3795985
2021-05-11,"Johnson&Johnson, Moderna, Oxford/AstraZeneca, Pfizer/BioNTech",2795824,1084992,3880816
2021-05-12,"Johnson&Johnson, Moderna, Oxford/AstraZeneca, Pfizer/BioNTech",2875638,1094031,3969669
2021-05-13,"Johnson&Johnson, Moderna, Oxford/AstraZeneca, Pfizer/BioNTech",2959626,1103158,4062784
2021-05-14,"Johnson&Johnson, Moderna, Oxford/AstraZeneca, Pfizer/BioNTech",3039023,1110882,4149905
2021-05-15,"Johnson&Johnson, Moderna, Oxford/AstraZeneca, Pfizer/BioNTech",3070860,1113069,4183929
2021-05-16,"Johnson&Johnson, Moderna, Oxford/AstraZeneca, Pfizer/BioNTech",3096602,1114308,4210910
2021-05-17,"Johnson&Johnson, Moderna, Oxford/AstraZeneca, Pfizer/BioNTech",3169081,1120987,4290068
2021-05-18,"Johnson&Johnson, Moderna, Oxford/AstraZeneca, Pfizer/BioNTech",3240981,1133971,4374952
2021-05-19,"Johnson&Johnson, Moderna, Oxford/AstraZeneca, Pfizer/BioNTech",3318418,1149060,4467478
2021-05-20,"Johnson&Johnson, Moderna, Oxford/AstraZeneca, Pfizer/BioNTech",3393825,1176022,4569847
2021-05-21,"Johnson&Johnson, Moderna, Oxford/AstraZeneca, Pfizer/BioNTech",3462568,1203701,4666269
2021-05-22,"Johnson&Johnson, Moderna, Oxford/AstraZeneca, Pfizer/BioNTech",3494897,1214833,4709730
2021-05-23,"Johnson&Johnson, Moderna, Oxford/AstraZeneca, Pfizer/BioNTech",3517204,1223836,4741040
2021-05-24,"Johnson&Johnson, Moderna, Oxford/AstraZeneca, Pfizer/BioNTech",3564280,1257432,4821712
2021-05-25,"Johnson&Johnson, Moderna, Oxford/AstraZeneca, Pfizer/BioNTech",3616113,1293169,4909282
2021-05-26,"Johnson&Johnson, Moderna, Oxford/AstraZeneca, Pfizer/BioNTech",3683838,1330640,5014478
2021-05-27,"Johnson&Johnson, Moderna, Oxford/AstraZeneca, Pfizer/BioNTech",3745190,1377900,5123090
2021-05-28,"Johnson&Johnson, Moderna, Oxford/AstraZeneca, Pfizer/BioNTech",3806850,1424384,5231234
2021-05-29,"Johnson&Johnson, Moderna, Oxford/AstraZeneca, Pfizer/BioNTech",3835995,1441450,5277445
2021-05-30,"Johnson&Johnson, Moderna, Oxford/AstraZeneca, Pfizer/BioNTech",3858332,1455855,5314187
2021-05-31,"Johnson&Johnson, Moderna, Oxford/AstraZeneca, Pfizer/BioNTech",3914044,1503354,5417398
2021-06-01,"Johnson&Johnson, Moderna, Oxford/AstraZeneca, Pfizer/BioNTech",3973053,1552116,5525169
2021-06-02,"Johnson&Johnson, Moderna, Oxford/AstraZeneca, Pfizer/BioNTech",4035918,1606007,5641925
2021-06-03,"Johnson&Johnson, Moderna, Oxford/AstraZeneca, Pfizer/BioNTech",4094135,1666148,5760283
2021-06-04,"Johnson&Johnson, Moderna, Oxford/AstraZeneca, Pfizer/BioNTech",4157205,1723452,5880657
2021-06-05,"Johnson&Johnson, Moderna, Oxford/AstraZeneca, Pfizer/BioNTech",4191331,1742220,5933551
2021-06-06,"Johnson&Johnson, Moderna, Oxford/AstraZeneca, Pfizer/BioNTech",4218231,1757309,5975540
2021-06-07,"Johnson&Johnson, Moderna, Oxford/AstraZeneca, Pfizer/BioNTech",4281900,1812869,6094769
2021-06-08,"Johnson&Johnson, Moderna, Oxford/AstraZeneca, Pfizer/BioNTech",4345861,1867764,6213625
2021-06-09,"Johnson&Johnson, Moderna, Oxford/AstraZeneca, Pfizer/BioNTech",4405035,1932094,6337129
2021-06-10,"Johnson&Johnson, Moderna, Oxford/AstraZeneca, Pfizer/BioNTech",4458913,2003090,6462003
2021-06-11,"Johnson&Johnson, Moderna, Oxford/AstraZeneca, Pfizer/BioNTech",4510999,2072701,6583700
2021-06-12,"Johnson&Johnson, Moderna, Oxford/AstraZeneca, Pfizer/BioNTech",4542977,2093426,6636403
2021-06-13,"Johnson&Johnson, Moderna, Oxford/AstraZeneca, Pfizer/BioNTech",4566983,2111777,6678760
2021-06-14,"Johnson&Johnson, Moderna, Oxford/AstraZeneca, Pfizer/BioNTech",4610031,2186065,6796096
2021-06-15,"Johnson&Johnson, Moderna, Oxford/AstraZeneca, Pfizer/BioNTech",4654663,2258302,6912965
2021-06-16,"Johnson&Johnson, Moderna, Oxford/AstraZeneca, Pfizer/BioNTech",4697388,2336413,7033801
2021-06-17,"Johnson&Johnson, Moderna, Oxford/AstraZeneca, Pfizer/BioNTech",4736757,2419362,7156119
2021-06-18,"Johnson&Johnson, Moderna, Oxford/AstraZeneca, Pfizer/BioNTech",4779131,2499738,7278869
2021-06-19,"Johnson&Johnson, Moderna, Oxford/AstraZeneca, Pfizer/BioNTech",4800865,2528949,7329814
2021-06-20,"Johnson&Johnson, Moderna, Oxford/AstraZeneca, Pfizer/BioNTech",4818222,2552705,7370927
2021-06-21,"Johnson&Johnson, Moderna, Oxford/AstraZeneca, Pfizer/BioNTech",4850727,2631173,7481900
2021-06-22,"Johnson&Johnson, Moderna, Oxford/AstraZeneca, Pfizer/BioNTech",4883681,2713320,7597001
2021-06-23,"Johnson&Johnson, Moderna, Oxford/AstraZeneca, Pfizer/BioNTech",4915327,2798436,7713763
2021-06-24,"Johnson&Johnson, Moderna, Oxford/AstraZeneca, Pfizer/BioNTech",4945160,2888364,7833524
2021-06-25,"Johnson&Johnson, Moderna, Oxford/AstraZeneca, Pfizer/BioNTech",4976194,2974373,7950567
2021-06-26,"Johnson&Johnson, Moderna, Oxford/AstraZeneca, Pfizer/BioNTech",4992044,3009103,8001147
2021-06-27,"Johnson&Johnson, Moderna, Oxford/AstraZeneca, Pfizer/BioNTech",5005983,3035687,8041670
2021-06-28,"Johnson&Johnson, Moderna, Oxford/AstraZeneca, Pfizer/BioNTech",5034401,3120770,8155171
2021-06-29,"Johnson&Johnson, Moderna, Oxford/AstraZeneca, Pfizer/BioNTech",5063650,3207145,8270795
2021-06-30,"Johnson&Johnson, Moderna, Oxford/AstraZeneca, Pfizer/BioNTech",5091149,3297987,8389136
2021-07-01,"Johnson&Johnson, Moderna, Oxford/AstraZeneca, Pfizer/BioNTech",5115093,3387898,8502991
2021-07-02,"Johnson&Johnson, Moderna, Oxford/AstraZeneca, Pfizer/BioNTech",5141813,3473596,8615409
2021-07-03,"Johnson&Johnson, Moderna, Oxford/AstraZeneca, Pfizer/BioNTech",5148882,3505040,8653922
2021-07-04,"Johnson&Johnson, Moderna, Oxford/AstraZeneca, Pfizer/BioNTech",5156424,3526796,8683220
2021-07-05,"Johnson&Johnson, Moderna, Oxford/AstraZeneca, Pfizer/BioNTech",5163768,3552105,8715873
2021-07-06,"Johnson&Johnson, Moderna, Oxford/AstraZeneca, Pfizer/BioNTech",5169158,3579671,8748829
2021-07-07,"Johnson&Johnson, Moderna, Oxford/AstraZeneca, Pfizer/BioNTech",5194939,3658529,8853468
2021-07-08,"Johnson&Johnson, Moderna, Oxford/AstraZeneca, Pfizer/BioNTech",5221519,3728742,8950261
2021-07-09,"Johnson&Johnson, Moderna, Oxford/AstraZeneca, Pfizer/BioNTech",5249420,3797892,9047312
2021-07-10,"Johnson&Johnson, Moderna, Oxford/AstraZeneca, Pfizer/BioNTech",5258754,3826450,9085204
2021-07-11,"Johnson&Johnson, Moderna, Oxford/AstraZeneca, Pfizer/BioNTech",5267270,3849292,9116562
2021-07-12,"Johnson&Johnson, Moderna, Oxford/AstraZeneca, Pfizer/BioNTech",5294798,3918296,9213094
2021-07-13,"Johnson&Johnson, Moderna, Oxford/AstraZeneca, Pfizer/BioNTech",5320990,3988071,9309061
2021-07-14,"Johnson&Johnson, Moderna, Oxford/AstraZeneca, Pfizer/BioNTech",5346826,4059957,9406783
2021-07-15,"Johnson&Johnson, Moderna, Oxford/AstraZeneca, Pfizer/BioNTech",5376024,4125866,9501890
2021-07-16,"Johnson&Johnson, Moderna, Oxford/AstraZeneca, Pfizer/BioNTech",5403951,4198465,9602416
2021-07-17,"Johnson&Johnson, Moderna, Oxford/AstraZeneca, Pfizer/BioNTech",5412701,4229841,9642542
2021-07-18,"Johnson&Johnson, Moderna, Oxford/AstraZeneca, Pfizer/BioNTech",5421135,4255801,9676936
2021-07-19,"Johnson&Johnson, Moderna, Oxford/AstraZeneca, Pfizer/BioNTech",5444472,4322734,9767206
2021-07-20,"Johnson&Johnson, Moderna, Oxford/AstraZeneca, Pfizer/BioNTech",5465851,4389681,9855532
2021-07-21,"Johnson&Johnson, Moderna, Oxford/AstraZeneca, Pfizer/BioNTech",5489289,4453028,9942317
2021-07-22,"Johnson&Johnson, Moderna, Oxford/AstraZeneca, Pfizer/BioNTech",5511624,4511547,10023171
2021-07-23,"Johnson&Johnson, Moderna, Oxford/AstraZeneca, Pfizer/BioNTech",5534791,4566176,10100967
2021-07-24,"Johnson&Johnson, Moderna, Oxford/AstraZeneca, Pfizer/BioNTech",5542087,4593774,10135861
2021-07-25,"Johnson&Johnson, Moderna, Oxford/AstraZeneca, Pfizer/BioNTech",5548685,4615807,10164492
2021-07-26,"Johnson&Johnson, Moderna, Oxford/AstraZeneca, Pfizer/BioNTech",5572183,4664361,10236544
2021-07-27,"Johnson&Johnson, Moderna, Oxford/AstraZeneca, Pfizer/BioNTech",5594879,4710886,10305765
2021-07-28,"Johnson&Johnson, Moderna, Oxford/AstraZeneca, Pfizer/BioNTech",5616098,4756756,10372854
2021-07-29,"Johnson&Johnson, Moderna, Oxford/AstraZeneca, Pfizer/BioNTech",5637376,4798593,10435969
2021-07-30,"Johnson&Johnson, Moderna, Oxford/AstraZeneca, Pfizer/BioNTech",5660634,4841040,10501674
2021-07-31,"Johnson&Johnson, Moderna, Oxford/AstraZeneca, Pfizer/BioNTech",5669550,4860527,10530077
2021-08-01,"Johnson&Johnson, Moderna, Oxford/AstraZeneca, Pfizer/BioNTech",5676258,4876651,10552909
2021-08-02,"Johnson&Johnson, Moderna, Oxford/AstraZeneca, Pfizer/BioNTech",5694853,4914115,10608968
2021-08-03,"Johnson&Johnson, Moderna, Oxford/AstraZeneca, Pfizer/BioNTech",5712459,4952132,10664591
2021-08-04,"Johnson&Johnson, Moderna, Oxford/AstraZeneca, Pfizer/BioNTech",5728520,4988774,10717294
2021-08-05,"Johnson&Johnson, Moderna, Oxford/AstraZeneca, Pfizer/BioNTech",5744511,5029148,10773659
2021-08-06,"Johnson&Johnson, Moderna, Oxford/AstraZeneca, Pfizer/BioNTech",5761261,5072315,10833576
2021-08-07,"Johnson&Johnson, Moderna, Oxford/AstraZeneca, Pfizer/BioNTech",5766832,5090431,10857263
2021-08-08,"Johnson&Johnson, Moderna, Oxford/AstraZeneca, Pfizer/BioNTech",5771177,5106147,10877324
2021-08-09,"Johnson&Johnson, Moderna, Oxford/AstraZeneca, Pfizer/BioNTech",5783796,5151130,10934926
2021-08-10,"Johnson&Johnson, Moderna, Oxford/AstraZeneca, Pfizer/BioNTech",5795597,5190617,10986214
2021-08-11,"Johnson&Johnson, Moderna, Oxford/AstraZeneca, Pfizer/BioNTech",5806932,5233679,11040611
2021-08-12,"Johnson&Johnson, Moderna, Oxford/AstraZeneca, Pfizer/BioNTech",5818323,5270674,11088997
2021-08-13,"Johnson&Johnson, Moderna, Oxford/AstraZeneca, Pfizer/BioNTech",5828992,5310910,11139902
2021-08-14,"Johnson&Johnson, Moderna, Oxford/AstraZeneca, Pfizer/BioNTech",5832328,5321573,11153901
2021-08-15,"Johnson&Johnson, Moderna, Oxford/AstraZeneca, Pfizer/BioNTech",5834902,5331923,11166825
2021-08-16,"Johnson&Johnson, Moderna, Oxford/AstraZeneca, Pfizer/BioNTech",5844667,5365911,11210578
2021-08-17,"Johnson&Johnson, Moderna, Oxford/AstraZeneca, Pfizer/BioNTech",5854225,5392941,11247166
2021-08-18,"Johnson&Johnson, Moderna, Oxford/AstraZeneca, Pfizer/BioNTech",5863575,5431735,11295310
2021-08-19,"Johnson&Johnson, Moderna, Oxford/AstraZeneca, Pfizer/BioNTech",5873195,5470015,11343210
2021-08-20,"Johnson&Johnson, Moderna, Oxford/AstraZeneca, Pfizer/BioNTech",5884515,5510134,11394649
2021-08-21,"Johnson&Johnson, Moderna, Oxford/AstraZeneca, Pfizer/BioNTech",5887217,5522862,11410079
2021-08-22,"Johnson&Johnson, Moderna, Oxford/AstraZeneca, Pfizer/BioNTech",5889555,5534804,11424359
2021-08-23,"Johnson&Johnson, Moderna, Oxford/AstraZeneca, Pfizer/BioNTech",5900050,5573976,11474026
2021-08-24,"Johnson&Johnson, Moderna, Oxford/AstraZeneca, Pfizer/BioNTech",5909890,5607158,11517048
2021-08-25,"Johnson&Johnson, Moderna, Oxford/AstraZeneca, Pfizer/BioNTech",5918716,5635453,11554169
2021-08-26,"Johnson&Johnson, Moderna, Oxford/AstraZeneca, Pfizer/BioNTech",5927129,5661504,11588633
2021-08-27,"Johnson&Johnson, Moderna, Oxford/AstraZeneca, Pfizer/BioNTech",5937427,5687387,11624814
2021-08-28,"Johnson&Johnson, Moderna, Oxford/AstraZeneca, Pfizer/BioNTech",5940139,5694399,11634538
2021-08-29,"Johnson&Johnson, Moderna, Oxford/AstraZeneca, Pfizer/BioNTech",5942541,5701010,11643551
2021-08-30,"Johnson&Johnson, Moderna, Oxford/AstraZeneca, Pfizer/BioNTech",5951032,5722816,11673848
2021-08-31,"Johnson&Johnson, Moderna, Oxford/AstraZeneca, Pfizer/BioNTech",5958660,5740839,11699499
2021-09-01,"Johnson&Johnson, Moderna, Oxford/AstraZeneca, Pfizer/BioNTech",5964508,5754771,11719279
2021-09-02,"Johnson&Johnson, Moderna, Oxford/AstraZeneca, Pfizer/BioNTech",5971247,5769098,11740345
2021-09-03,"Johnson&Johnson, Moderna, Oxford/AstraZeneca, Pfizer/BioNTech",5980676,5784723,11765399
2021-09-04,"Johnson&Johnson, Moderna, Oxford/AstraZeneca, Pfizer/BioNTech",5982725,5788254,11770979
2021-09-05,"Johnson&Johnson, Moderna, Oxford/AstraZeneca, Pfizer/BioNTech",5984751,5791079,11775830
2021-09-06,"Johnson&Johnson, Moderna, Oxford/AstraZeneca, Pfizer/BioNTech",5990876,5803549,11794425
2021-09-07,"Johnson&Johnson, Moderna, Oxford/AstraZeneca, Pfizer/BioNTech",5995210,5814595,11809805
2021-09-08,"Johnson&Johnson, Moderna, Oxford/AstraZeneca, Pfizer/BioNTech",6000791,5824394,11825185
2021-09-09,"Johnson&Johnson, Moderna, Oxford/AstraZeneca, Pfizer/BioNTech",6007403,5834425,11841828
2021-09-10,"Johnson&Johnson, Moderna, Oxford/AstraZeneca, Pfizer/BioNTech",6014995,5846557,11861552
2021-09-11,"Johnson&Johnson, Moderna, Pfizer/BioNTech",6016851,5849019,11865870
2021-09-12,"Johnson&Johnson, Moderna, Oxford/AstraZeneca, Pfizer/BioNTech",6017955,5850634,11868589
2021-09-13,"Johnson&Johnson, Moderna, Oxford/AstraZeneca, Pfizer/BioNTech",6023321,5860874,11884195
2021-09-14,"Johnson&Johnson, Moderna, Oxford/AstraZeneca, Pfizer/BioNTech",6028589,5869810,11898399
2021-09-15,"Johnson&Johnson, Moderna, Oxford/AstraZeneca, Pfizer/BioNTech",6033685,5878257,11911942
2021-09-16,"Johnson&Johnson, Moderna, Oxford/AstraZeneca, Pfizer/BioNTech",6038863,5886474,11925337
2021-09-17,"Johnson&Johnson, Moderna, Oxford/AstraZeneca, Pfizer/BioNTech",6045257,5896556,11941813
2021-09-18,"Johnson&Johnson, Moderna, Pfizer/BioNTech",6046969,5898887,11945856
2021-09-19,"Johnson&Johnson, Moderna, Oxford/AstraZeneca, Pfizer/BioNTech",6047905,5900445,11948350
2021-09-20,"Johnson&Johnson, Moderna, Oxford/AstraZeneca, Pfizer/BioNTech",6051754,5908530,11960284
2021-09-21,"Johnson&Johnson, Moderna, Oxford/AstraZeneca, Pfizer/BioNTech",6055758,5916006,11971764
2021-09-22,"Johnson&Johnson, Moderna, Oxford/AstraZeneca, Pfizer/BioNTech",6059789,5921447,11981236
2021-09-23,"Johnson&Johnson, Moderna, Oxford/AstraZeneca, Pfizer/BioNTech",6064672,5927802,11992474
2021-09-24,"Johnson&Johnson, Moderna, Oxford/AstraZeneca, Pfizer/BioNTech",6070234,5937268,12007502
2021-09-25,"Johnson&Johnson, Moderna, Oxford/AstraZeneca, Pfizer/BioNTech",6071683,5939218,12010901
2021-09-26,"Johnson&Johnson, Moderna, Pfizer/BioNTech",6072417,5940832,12013249
2021-09-27,"Johnson&Johnson, Moderna, Oxford/AstraZeneca, Pfizer/BioNTech",6076179,5947249,12023428
2021-09-28,"Johnson&Johnson, Moderna, Pfizer/BioNTech",6076496,5947833,12024329
2021-09-29,"Johnson&Johnson, Moderna, Oxford/AstraZeneca, Pfizer/BioNTech",6080151,5955153,12035304
2021-09-30,"Johnson&Johnson, Moderna, Oxford/AstraZeneca, Pfizer/BioNTech",6084443,5962727,12047170
2021-10-01,"Johnson&Johnson, Moderna, Oxford/AstraZeneca, Pfizer/BioNTech",6088434,5970505,12058939
2021-10-02,"Johnson&Johnson, Moderna, Pfizer/BioNTech",6089473,5972030,12061503
2021-10-03,"Johnson&Johnson, Moderna, Pfizer/BioNTech",6090168,5972886,12063054
2021-10-04,"Johnson&Johnson, Moderna, Oxford/AstraZeneca, Pfizer/BioNTech",6093087,5978291,12071378
2021-10-05,"Johnson&Johnson, Moderna, Oxford/AstraZeneca, Pfizer/BioNTech",6095945,5983147,12079092
2021-10-06,"Johnson&Johnson, Moderna, Oxford/AstraZeneca, Pfizer/BioNTech",6099270,5988126,12087396
2021-10-07,"Johnson&Johnson, Moderna, Oxford/AstraZeneca, Pfizer/BioNTech",6102314,5993194,12095508
2021-10-08,"Johnson&Johnson, Moderna, Oxford/AstraZeneca, Pfizer/BioNTech",6106842,5999585,12106427
2021-10-09,"Johnson&Johnson, Moderna, Pfizer/BioNTech",6107986,6001115,12109101
2021-10-10,"Johnson&Johnson, Moderna, Pfizer/BioNTech",6108810,6001848,12110658
2021-10-11,"Johnson&Johnson, Moderna, Oxford/AstraZeneca, Pfizer/BioNTech",6111351,6005762,12117113
