date,vaccine,people_vaccinated,people_fully_vaccinated,total_vaccinations
2020-12-27,Pfizer/BioNTech,1279,0,1279
2020-12-28,Pfizer/BioNTech,3585,0,3585
2020-12-29,Pfizer/BioNTech,7046,0,7046
2020-12-30,Pfizer/BioNTech,10553,0,10553
2020-12-31,Pfizer/BioNTech,11854,0,11854
2021-01-01,"Moderna, Pfizer/BioNTech",12121,0,12121
2021-01-02,Pfizer/BioNTech,13400,0,13400
2021-01-03,Pfizer/BioNTech,14321,0,14321
2021-01-04,"Moderna, Pfizer/BioNTech",17925,0,17925
2021-01-05,"Moderna, Pfizer/BioNTech",22433,0,22433
2021-01-06,Pfizer/BioNTech,28269,1,28270
2021-01-07,"Moderna, Pfizer/BioNTech",36248,1,36249
2021-01-08,Pfizer/BioNTech,46284,1,46285
2021-01-09,"Moderna, Pfizer/BioNTech",48307,2,48309
2021-01-10,Pfizer/BioNTech,50072,4,50076
2021-01-11,Pfizer/BioNTech,59920,6,59926
2021-01-12,"Moderna, Pfizer/BioNTech",73316,8,73324
2021-01-13,Pfizer/BioNTech,86843,8,86851
2021-01-14,"Moderna, Pfizer/BioNTech",102059,10,102069
2021-01-15,"Moderna, Pfizer/BioNTech",116052,10,116062
2021-01-16,"Moderna, Pfizer/BioNTech",119440,13,119453
2021-01-17,"Moderna, Pfizer/BioNTech",122050,651,122701
2021-01-18,"Moderna, Pfizer/BioNTech",134524,2475,136999
2021-01-19,"Moderna, Pfizer/BioNTech",147101,5197,152298
2021-01-20,"Moderna, Pfizer/BioNTech",160763,7846,168609
2021-01-21,"Moderna, Pfizer/BioNTech",176394,9579,185973
2021-01-22,"Moderna, Pfizer/BioNTech",191243,10623,201866
2021-01-23,"Moderna, Pfizer/BioNTech",194556,11501,206057
2021-01-24,"Moderna, Pfizer/BioNTech",196809,12371,209180
2021-01-25,"Moderna, Pfizer/BioNTech",206443,15342,221785
2021-01-26,"Moderna, Pfizer/BioNTech",216976,19322,236298
2021-01-27,"Moderna, Pfizer/BioNTech",225998,23849,249847
2021-01-28,"Moderna, Pfizer/BioNTech",233084,29969,263053
2021-01-29,"Moderna, Pfizer/BioNTech",239281,37866,277147
2021-01-30,"Moderna, Pfizer/BioNTech",240011,38954,278965
2021-01-31,"Moderna, Pfizer/BioNTech",240722,40135,280857
2021-02-01,"Moderna, Pfizer/BioNTech",244696,48081,292777
2021-02-02,"Moderna, Pfizer/BioNTech",248825,58307,307132
2021-02-03,"Moderna, Pfizer/BioNTech",253236,69306,322542
2021-02-04,"Moderna, Pfizer/BioNTech",258130,82270,340400
2021-02-05,"Moderna, Pfizer/BioNTech",263583,92931,356514
2021-02-06,"Moderna, Oxford/AstraZeneca, Pfizer/BioNTech",264427,95284,359711
2021-02-07,"Moderna, Pfizer/BioNTech",265273,97778,363051
2021-02-08,"Moderna, Oxford/AstraZeneca, Pfizer/BioNTech",269340,109168,378508
2021-02-09,"Moderna, Oxford/AstraZeneca, Pfizer/BioNTech",274426,121094,395520
2021-02-10,"Moderna, Pfizer/BioNTech",279923,134320,414243
2021-02-11,"Moderna, Oxford/AstraZeneca, Pfizer/BioNTech",286238,150517,436755
2021-02-12,"Moderna, Oxford/AstraZeneca, Pfizer/BioNTech",292988,165219,458207
2021-02-13,"Moderna, Oxford/AstraZeneca, Pfizer/BioNTech",294590,168202,462792
2021-02-14,"Moderna, Oxford/AstraZeneca, Pfizer/BioNTech",295589,169582,465171
2021-02-15,"Moderna, Oxford/AstraZeneca, Pfizer/BioNTech",301983,178924,480907
2021-02-16,"Moderna, Oxford/AstraZeneca, Pfizer/BioNTech",310694,187984,498678
2021-02-17,"Moderna, Oxford/AstraZeneca, Pfizer/BioNTech",320387,196277,516664
2021-02-18,"Moderna, Oxford/AstraZeneca, Pfizer/BioNTech",332695,204335,537030
2021-02-19,"Moderna, Oxford/AstraZeneca, Pfizer/BioNTech",344541,211666,556207
2021-02-20,"Moderna, Oxford/AstraZeneca, Pfizer/BioNTech",346530,212843,559373
2021-02-21,"Moderna, Oxford/AstraZeneca, Pfizer/BioNTech",347648,213861,561509
2021-02-22,"Moderna, Oxford/AstraZeneca, Pfizer/BioNTech",357763,219878,577641
2021-02-23,"Moderna, Oxford/AstraZeneca, Pfizer/BioNTech",370694,226841,597535
2021-02-24,"Moderna, Oxford/AstraZeneca, Pfizer/BioNTech",384559,232867,617426
2021-02-25,"Moderna, Oxford/AstraZeneca, Pfizer/BioNTech",402516,238403,640919
2021-02-26,"Moderna, Oxford/AstraZeneca, Pfizer/BioNTech",418669,243735,662404
2021-02-27,"Moderna, Oxford/AstraZeneca, Pfizer/BioNTech",421672,244285,665957
2021-02-28,"Moderna, Oxford/AstraZeneca, Pfizer/BioNTech",424012,244832,668844
2021-03-01,"Moderna, Oxford/AstraZeneca, Pfizer/BioNTech",443570,248268,691838
2021-03-02,"Moderna, Oxford/AstraZeneca, Pfizer/BioNTech",470777,251806,722583
2021-03-03,"Moderna, Oxford/AstraZeneca, Pfizer/BioNTech",501620,256296,757916
2021-03-04,"Moderna, Oxford/AstraZeneca, Pfizer/BioNTech",534847,260968,795815
2021-03-05,"Johnson&Johnson, Moderna, Oxford/AstraZeneca, Pfizer/BioNTech",563650,266368,830018
2021-03-06,"Johnson&Johnson, Moderna, Oxford/AstraZeneca, Pfizer/BioNTech",575782,267220,843002
2021-03-07,"Johnson&Johnson, Moderna, Oxford/AstraZeneca, Pfizer/BioNTech",587305,268057,855362
2021-03-08,"Johnson&Johnson, Moderna, Oxford/AstraZeneca, Pfizer/BioNTech",617003,272893,889896
2021-03-09,"Johnson&Johnson, Moderna, Oxford/AstraZeneca, Pfizer/BioNTech",653331,279257,932588
2021-03-10,"Moderna, Oxford/AstraZeneca, Pfizer/BioNTech",694600,286200,980800
2021-03-11,"Johnson&Johnson, Moderna, Oxford/AstraZeneca, Pfizer/BioNTech",739387,294562,1033949
2021-03-12,"Johnson&Johnson, Moderna, Oxford/AstraZeneca, Pfizer/BioNTech",778164,303012,1081176
2021-03-13,"Moderna, Oxford/AstraZeneca, Pfizer/BioNTech",795218,304310,1099528
2021-03-14,"Moderna, Oxford/AstraZeneca, Pfizer/BioNTech",807313,305451,1112764
2021-03-15,"Moderna, Oxford/AstraZeneca, Pfizer/BioNTech",835672,314219,1149891
2021-03-16,"Johnson&Johnson, Moderna, Oxford/AstraZeneca, Pfizer/BioNTech",874541,324740,1199281
2021-03-17,"Moderna, Oxford/AstraZeneca, Pfizer/BioNTech",911990,335231,1247221
2021-03-18,"Johnson&Johnson, Moderna, Oxford/AstraZeneca, Pfizer/BioNTech",949927,347628,1297555
2021-03-19,"Moderna, Oxford/AstraZeneca, Pfizer/BioNTech",984373,361222,1345595
2021-03-20,"Johnson&Johnson, Moderna, Oxford/AstraZeneca, Pfizer/BioNTech",999491,363234,1362725
2021-03-21,"Johnson&Johnson, Moderna, Oxford/AstraZeneca, Pfizer/BioNTech",1006888,364780,1371668
2021-03-22,"Johnson&Johnson, Moderna, Oxford/AstraZeneca, Pfizer/BioNTech",1031403,377268,1408671
2021-03-23,"Johnson&Johnson, Moderna, Oxford/AstraZeneca, Pfizer/BioNTech",1058006,390603,1448609
2021-03-24,"Johnson&Johnson, Moderna, Oxford/AstraZeneca, Pfizer/BioNTech",1084831,406317,1491148
2021-03-25,"Moderna, Oxford/AstraZeneca, Pfizer/BioNTech",1111128,424147,1535275
2021-03-26,"Moderna, Oxford/AstraZeneca, Pfizer/BioNTech",1135908,441631,1577539
2021-03-27,"Johnson&Johnson, Moderna, Oxford/AstraZeneca, Pfizer/BioNTech",1144326,446471,1590797
2021-03-28,"Moderna, Oxford/AstraZeneca, Pfizer/BioNTech",1149854,450606,1600460
2021-03-29,"Johnson&Johnson, Moderna, Oxford/AstraZeneca, Pfizer/BioNTech",1168955,471310,1640265
2021-03-30,"Johnson&Johnson, Moderna, Oxford/AstraZeneca, Pfizer/BioNTech",1193632,493473,1687105
2021-03-31,"Johnson&Johnson, Moderna, Oxford/AstraZeneca, Pfizer/BioNTech",1216703,520511,1737214
2021-04-01,"Johnson&Johnson, Moderna, Oxford/AstraZeneca, Pfizer/BioNTech",1242280,552541,1794821
2021-04-02,"Johnson&Johnson, Moderna, Oxford/AstraZeneca, Pfizer/BioNTech",1249175,565323,1814498
2021-04-03,"Johnson&Johnson, Moderna, Oxford/AstraZeneca, Pfizer/BioNTech",1252776,576229,1829005
2021-04-04,"Johnson&Johnson, Moderna, Oxford/AstraZeneca, Pfizer/BioNTech",1255266,585131,1840397
2021-04-05,"Johnson&Johnson, Moderna, Oxford/AstraZeneca, Pfizer/BioNTech",1257640,592303,1849943
2021-04-06,"Johnson&Johnson, Moderna, Oxford/AstraZeneca, Pfizer/BioNTech",1273737,621525,1895262
2021-04-07,"Johnson&Johnson, Moderna, Oxford/AstraZeneca, Pfizer/BioNTech",1297116,643735,1940851
2021-04-08,"Johnson&Johnson, Moderna, Oxford/AstraZeneca, Pfizer/BioNTech",1335761,674732,2010493
2021-04-09,"Johnson&Johnson, Moderna, Oxford/AstraZeneca, Pfizer/BioNTech",1375248,704898,2080146
2021-04-10,"Johnson&Johnson, Moderna, Oxford/AstraZeneca, Pfizer/BioNTech",1390699,720175,2110874
2021-04-11,"Johnson&Johnson, Moderna, Oxford/AstraZeneca, Pfizer/BioNTech",1400451,730196,2130647
2021-04-12,"Johnson&Johnson, Moderna, Oxford/AstraZeneca, Pfizer/BioNTech",1438670,755301,2193971
2021-04-13,"Moderna, Oxford/AstraZeneca, Pfizer/BioNTech",1474881,781322,2256203
2021-04-14,"Moderna, Oxford/AstraZeneca, Pfizer/BioNTech",1513650,808652,2322302
2021-04-15,"Moderna, Oxford/AstraZeneca, Pfizer/BioNTech",1561401,834343,2395744
2021-04-16,"Moderna, Oxford/AstraZeneca, Pfizer/BioNTech",1606021,859956,2465977
2021-04-17,"Moderna, Oxford/AstraZeneca, Pfizer/BioNTech",1622684,868972,2491656
2021-04-18,"Moderna, Oxford/AstraZeneca, Pfizer/BioNTech",1635649,873951,2509600
2021-04-19,"Moderna, Oxford/AstraZeneca, Pfizer/BioNTech",1679623,889393,2569016
2021-04-20,"Johnson&Johnson, Moderna, Oxford/AstraZeneca, Pfizer/BioNTech",1722142,905238,2627380
2021-04-21,"Moderna, Oxford/AstraZeneca, Pfizer/BioNTech",1769837,919565,2689402
2021-04-22,"Johnson&Johnson, Moderna, Oxford/AstraZeneca, Pfizer/BioNTech",1824299,936926,2761225
2021-04-23,"Johnson&Johnson, Moderna, Oxford/AstraZeneca, Pfizer/BioNTech",1874219,948957,2823176
2021-04-24,"Johnson&Johnson, Moderna, Oxford/AstraZeneca, Pfizer/BioNTech",1892032,954189,2846221
2021-04-25,"Johnson&Johnson, Moderna, Oxford/AstraZeneca, Pfizer/BioNTech",1906702,958171,2864873
2021-04-26,"Johnson&Johnson, Moderna, Oxford/AstraZeneca, Pfizer/BioNTech",1956264,965712,2921976
2021-04-27,"Johnson&Johnson, Moderna, Oxford/AstraZeneca, Pfizer/BioNTech",2005225,977916,2983141
2021-04-28,"Johnson&Johnson, Moderna, Oxford/AstraZeneca, Pfizer/BioNTech",2063952,991884,3055836
2021-04-29,"Johnson&Johnson, Moderna, Oxford/AstraZeneca, Pfizer/BioNTech",2129485,1007733,3137218
2021-04-30,"Johnson&Johnson, Moderna, Oxford/AstraZeneca, Pfizer/BioNTech",2191677,1017664,3209341
2021-05-01,"Johnson&Johnson, Moderna, Oxford/AstraZeneca, Pfizer/BioNTech",2210970,1021083,3232053
2021-05-02,"Johnson&Johnson, Moderna, Oxford/AstraZeneca, Pfizer/BioNTech",2229866,1023334,3253200
2021-05-03,"Johnson&Johnson, Moderna, Oxford/AstraZeneca, Pfizer/BioNTech",2297085,1028378,3325463
2021-05-04,"Johnson&Johnson, Moderna, Oxford/AstraZeneca, Pfizer/BioNTech",2363562,1036683,3400245
2021-05-05,"Johnson&Johnson, Moderna, Oxford/AstraZeneca, Pfizer/BioNTech",2436687,1046051,3482738
2021-05-06,"Johnson&Johnson, Moderna, Oxford/AstraZeneca, Pfizer/BioNTech",2517050,1056727,3573777
2021-05-07,"Johnson&Johnson, Moderna, Oxford/AstraZeneca, Pfizer/BioNTech",2594316,1066787,3661103
2021-05-08,"Johnson&Johnson, Moderna, Oxford/AstraZeneca, Pfizer/BioNTech",2623716,1068527,3692243
2021-05-09,"Johnson&Johnson, Moderna, Oxford/AstraZeneca, Pfizer/BioNTech",2647886,1069714,3717600
2021-05-10,"Johnson&Johnson, Moderna, Oxford/AstraZeneca, Pfizer/BioNTech",2720618,1076906,3797524
2021-05-11,"Johnson&Johnson, Moderna, Oxford/AstraZeneca, Pfizer/BioNTech",2796685,1085677,3882362
2021-05-12,"Johnson&Johnson, Moderna, Oxford/AstraZeneca, Pfizer/BioNTech",2876508,1094724,3971232
2021-05-13,"Johnson&Johnson, Moderna, Oxford/AstraZeneca, Pfizer/BioNTech",2960496,1103854,4064350
2021-05-14,"Johnson&Johnson, Moderna, Oxford/AstraZeneca, Pfizer/BioNTech",3039895,1111581,4151476
2021-05-15,"Johnson&Johnson, Moderna, Oxford/AstraZeneca, Pfizer/BioNTech",3071735,1113776,4185511
2021-05-16,"Johnson&Johnson, Moderna, Oxford/AstraZeneca, Pfizer/BioNTech",3097480,1115018,4212498
2021-05-17,"Johnson&Johnson, Moderna, Oxford/AstraZeneca, Pfizer/BioNTech",3169957,1121698,4291655
2021-05-18,"Johnson&Johnson, Moderna, Oxford/AstraZeneca, Pfizer/BioNTech",3241860,1134688,4376548
2021-05-19,"Johnson&Johnson, Moderna, Oxford/AstraZeneca, Pfizer/BioNTech",3319290,1149783,4469073
2021-05-20,"Johnson&Johnson, Moderna, Oxford/AstraZeneca, Pfizer/BioNTech",3394687,1176748,4571435
2021-05-21,"Johnson&Johnson, Moderna, Oxford/AstraZeneca, Pfizer/BioNTech",3463424,1204430,4667854
2021-05-22,"Johnson&Johnson, Moderna, Oxford/AstraZeneca, Pfizer/BioNTech",3495759,1215566,4711325
2021-05-23,"Johnson&Johnson, Moderna, Oxford/AstraZeneca, Pfizer/BioNTech",3518073,1224574,4742647
2021-05-24,"Johnson&Johnson, Moderna, Oxford/AstraZeneca, Pfizer/BioNTech",3565186,1258175,4823361
2021-05-25,"Johnson&Johnson, Moderna, Oxford/AstraZeneca, Pfizer/BioNTech",3617018,1293923,4910941
2021-05-26,"Johnson&Johnson, Moderna, Oxford/AstraZeneca, Pfizer/BioNTech",3684740,1331398,5016138
2021-05-27,"Johnson&Johnson, Moderna, Oxford/AstraZeneca, Pfizer/BioNTech",3746100,1378662,5124762
2021-05-28,"Johnson&Johnson, Moderna, Oxford/AstraZeneca, Pfizer/BioNTech",3807766,1425157,5232923
2021-05-29,"Johnson&Johnson, Moderna, Oxford/AstraZeneca, Pfizer/BioNTech",3836916,1442227,5279143
2021-05-30,"Johnson&Johnson, Moderna, Oxford/AstraZeneca, Pfizer/BioNTech",3859256,1456634,5315890
2021-05-31,"Johnson&Johnson, Moderna, Oxford/AstraZeneca, Pfizer/BioNTech",3914975,1504143,5419118
2021-06-01,"Johnson&Johnson, Moderna, Oxford/AstraZeneca, Pfizer/BioNTech",3973987,1552918,5526905
2021-06-02,"Johnson&Johnson, Moderna, Oxford/AstraZeneca, Pfizer/BioNTech",4036853,1606816,5643669
2021-06-03,"Johnson&Johnson, Moderna, Oxford/AstraZeneca, Pfizer/BioNTech",4095063,1666966,5762029
2021-06-04,"Johnson&Johnson, Moderna, Oxford/AstraZeneca, Pfizer/BioNTech",4158133,1724281,5882414
2021-06-05,"Johnson&Johnson, Moderna, Oxford/AstraZeneca, Pfizer/BioNTech",4192258,1743056,5935314
2021-06-06,"Johnson&Johnson, Moderna, Oxford/AstraZeneca, Pfizer/BioNTech",4219159,1758149,5977308
2021-06-07,"Johnson&Johnson, Moderna, Oxford/AstraZeneca, Pfizer/BioNTech",4282822,1813719,6096541
2021-06-08,"Johnson&Johnson, Moderna, Oxford/AstraZeneca, Pfizer/BioNTech",4346782,1868625,6215407
2021-06-09,"Johnson&Johnson, Moderna, Oxford/AstraZeneca, Pfizer/BioNTech",4405963,1932981,6338944
2021-06-10,"Johnson&Johnson, Moderna, Oxford/AstraZeneca, Pfizer/BioNTech",4459837,2004001,6463838
2021-06-11,"Johnson&Johnson, Moderna, Oxford/AstraZeneca, Pfizer/BioNTech",4511917,2073646,6585563
2021-06-12,"Johnson&Johnson, Moderna, Oxford/AstraZeneca, Pfizer/BioNTech",4543895,2094373,6638268
2021-06-13,"Johnson&Johnson, Moderna, Oxford/AstraZeneca, Pfizer/BioNTech",4567895,2112728,6680623
2021-06-14,"Johnson&Johnson, Moderna, Oxford/AstraZeneca, Pfizer/BioNTech",4610955,2187020,6797975
2021-06-15,"Johnson&Johnson, Moderna, Oxford/AstraZeneca, Pfizer/BioNTech",4655585,2259267,6914852
2021-06-16,"Johnson&Johnson, Moderna, Oxford/AstraZeneca, Pfizer/BioNTech",4698304,2337392,7035696
2021-06-17,"Johnson&Johnson, Moderna, Oxford/AstraZeneca, Pfizer/BioNTech",4737669,2420359,7158028
2021-06-18,"Johnson&Johnson, Moderna, Oxford/AstraZeneca, Pfizer/BioNTech",4780048,2500766,7280814
2021-06-19,"Johnson&Johnson, Moderna, Oxford/AstraZeneca, Pfizer/BioNTech",4801782,2529980,7331762
2021-06-20,"Johnson&Johnson, Moderna, Oxford/AstraZeneca, Pfizer/BioNTech",4819135,2553742,7372877
2021-06-21,"Johnson&Johnson, Moderna, Oxford/AstraZeneca, Pfizer/BioNTech",4851633,2632216,7483849
2021-06-22,"Johnson&Johnson, Moderna, Oxford/AstraZeneca, Pfizer/BioNTech",4884587,2714373,7598960
2021-06-23,"Johnson&Johnson, Moderna, Oxford/AstraZeneca, Pfizer/BioNTech",4916225,2799494,7715719
2021-06-24,"Johnson&Johnson, Moderna, Oxford/AstraZeneca, Pfizer/BioNTech",4946053,2889424,7835477
2021-06-25,"Johnson&Johnson, Moderna, Oxford/AstraZeneca, Pfizer/BioNTech",4977090,2975451,7952541
2021-06-26,"Johnson&Johnson, Moderna, Oxford/AstraZeneca, Pfizer/BioNTech",4992942,3010187,8003129
2021-06-27,"Johnson&Johnson, Moderna, Oxford/AstraZeneca, Pfizer/BioNTech",5006877,3036777,8043654
2021-06-28,"Johnson&Johnson, Moderna, Oxford/AstraZeneca, Pfizer/BioNTech",5035287,3121863,8157150
2021-06-29,"Johnson&Johnson, Moderna, Oxford/AstraZeneca, Pfizer/BioNTech",5064543,3208232,8272775
2021-06-30,"Johnson&Johnson, Moderna, Oxford/AstraZeneca, Pfizer/BioNTech",5092029,3299080,8391109
2021-07-01,"Johnson&Johnson, Moderna, Oxford/AstraZeneca, Pfizer/BioNTech",5116001,3389008,8505009
2021-07-02,"Johnson&Johnson, Moderna, Oxford/AstraZeneca, Pfizer/BioNTech",5142705,3474726,8617431
2021-07-03,"Johnson&Johnson, Moderna, Oxford/AstraZeneca, Pfizer/BioNTech",5149770,3506179,8655949
2021-07-04,"Johnson&Johnson, Moderna, Oxford/AstraZeneca, Pfizer/BioNTech",5157312,3527939,8685251
2021-07-05,"Johnson&Johnson, Moderna, Oxford/AstraZeneca, Pfizer/BioNTech",5164657,3553253,8717910
2021-07-06,"Johnson&Johnson, Moderna, Oxford/AstraZeneca, Pfizer/BioNTech",5170051,3580821,8750872
2021-07-07,"Johnson&Johnson, Moderna, Oxford/AstraZeneca, Pfizer/BioNTech",5195827,3659688,8855515
2021-07-08,"Johnson&Johnson, Moderna, Oxford/AstraZeneca, Pfizer/BioNTech",5222411,3729905,8952316
2021-07-09,"Johnson&Johnson, Moderna, Oxford/AstraZeneca, Pfizer/BioNTech",5250306,3799074,9049380
2021-07-10,"Johnson&Johnson, Moderna, Oxford/AstraZeneca, Pfizer/BioNTech",5259642,3827637,9087279
2021-07-11,"Johnson&Johnson, Moderna, Oxford/AstraZeneca, Pfizer/BioNTech",5268158,3850486,9118644
2021-07-12,"Johnson&Johnson, Moderna, Oxford/AstraZeneca, Pfizer/BioNTech",5295681,3919504,9215185
2021-07-13,"Johnson&Johnson, Moderna, Oxford/AstraZeneca, Pfizer/BioNTech",5321857,3989287,9311144
2021-07-14,"Johnson&Johnson, Moderna, Oxford/AstraZeneca, Pfizer/BioNTech",5347660,4061181,9408841
2021-07-15,"Johnson&Johnson, Moderna, Oxford/AstraZeneca, Pfizer/BioNTech",5376824,4127090,9503914
2021-07-16,"Johnson&Johnson, Moderna, Oxford/AstraZeneca, Pfizer/BioNTech",5404736,4199696,9604432
2021-07-17,"Johnson&Johnson, Moderna, Oxford/AstraZeneca, Pfizer/BioNTech",5413489,4231077,9644566
2021-07-18,"Johnson&Johnson, Moderna, Oxford/AstraZeneca, Pfizer/BioNTech",5421921,4257036,9678957
2021-07-19,"Johnson&Johnson, Moderna, Oxford/AstraZeneca, Pfizer/BioNTech",5445250,4323979,9769229
2021-07-20,"Johnson&Johnson, Moderna, Oxford/AstraZeneca, Pfizer/BioNTech",5466627,4390923,9857550
2021-07-21,"Johnson&Johnson, Moderna, Oxford/AstraZeneca, Pfizer/BioNTech",5490065,4454281,9944346
2021-07-22,"Johnson&Johnson, Moderna, Oxford/AstraZeneca, Pfizer/BioNTech",5512404,4512813,10025217
2021-07-23,"Johnson&Johnson, Moderna, Oxford/AstraZeneca, Pfizer/BioNTech",5535571,4567444,10103015
2021-07-24,"Johnson&Johnson, Moderna, Oxford/AstraZeneca, Pfizer/BioNTech",5542871,4595045,10137916
2021-07-25,"Johnson&Johnson, Moderna, Oxford/AstraZeneca, Pfizer/BioNTech",5549470,4617127,10166597
2021-07-26,"Johnson&Johnson, Moderna, Oxford/AstraZeneca, Pfizer/BioNTech",5572974,4665690,10238664
2021-07-27,"Johnson&Johnson, Moderna, Oxford/AstraZeneca, Pfizer/BioNTech",5595686,4712222,10307908
2021-07-28,"Johnson&Johnson, Moderna, Oxford/AstraZeneca, Pfizer/BioNTech",5616906,4758099,10375005
2021-07-29,"Johnson&Johnson, Moderna, Oxford/AstraZeneca, Pfizer/BioNTech",5638202,4799949,10438151
2021-07-30,"Johnson&Johnson, Moderna, Oxford/AstraZeneca, Pfizer/BioNTech",5661460,4842406,10503866
2021-07-31,"Johnson&Johnson, Moderna, Oxford/AstraZeneca, Pfizer/BioNTech",5670374,4861891,10532265
2021-08-01,"Johnson&Johnson, Moderna, Oxford/AstraZeneca, Pfizer/BioNTech",5677082,4878017,10555099
2021-08-02,"Johnson&Johnson, Moderna, Oxford/AstraZeneca, Pfizer/BioNTech",5695684,4915486,10611170
2021-08-03,"Johnson&Johnson, Moderna, Oxford/AstraZeneca, Pfizer/BioNTech",5713297,4953505,10666802
2021-08-04,"Johnson&Johnson, Moderna, Oxford/AstraZeneca, Pfizer/BioNTech",5729363,4990146,10719509
2021-08-05,"Johnson&Johnson, Moderna, Oxford/AstraZeneca, Pfizer/BioNTech",5745365,5030521,10775886
2021-08-06,"Johnson&Johnson, Moderna, Oxford/AstraZeneca, Pfizer/BioNTech",5762132,5073711,10835843
2021-08-07,"Johnson&Johnson, Moderna, Oxford/AstraZeneca, Pfizer/BioNTech",5767709,5091830,10859539
2021-08-08,"Johnson&Johnson, Moderna, Oxford/AstraZeneca, Pfizer/BioNTech",5772056,5107549,10879605
2021-08-09,"Johnson&Johnson, Moderna, Oxford/AstraZeneca, Pfizer/BioNTech",5784682,5152532,10937214
2021-08-10,"Johnson&Johnson, Moderna, Oxford/AstraZeneca, Pfizer/BioNTech",5796495,5192029,10988524
2021-08-11,"Johnson&Johnson, Moderna, Oxford/AstraZeneca, Pfizer/BioNTech",5807841,5235096,11042937
2021-08-12,"Johnson&Johnson, Moderna, Oxford/AstraZeneca, Pfizer/BioNTech",5819234,5272152,11091386
2021-08-13,"Johnson&Johnson, Moderna, Oxford/AstraZeneca, Pfizer/BioNTech",5829914,5312399,11142313
2021-08-14,"Johnson&Johnson, Moderna, Oxford/AstraZeneca, Pfizer/BioNTech",5833247,5323070,11156317
2021-08-15,"Johnson&Johnson, Moderna, Oxford/AstraZeneca, Pfizer/BioNTech",5835821,5333420,11169241
2021-08-16,"Johnson&Johnson, Moderna, Oxford/AstraZeneca, Pfizer/BioNTech",5845587,5367424,11213011
2021-08-17,"Johnson&Johnson, Moderna, Oxford/AstraZeneca, Pfizer/BioNTech",5855160,5394466,11249626
2021-08-18,"Johnson&Johnson, Moderna, Oxford/AstraZeneca, Pfizer/BioNTech",5864521,5433275,11297796
2021-08-19,"Johnson&Johnson, Moderna, Oxford/AstraZeneca, Pfizer/BioNTech",5874175,5471572,11345747
2021-08-20,"Johnson&Johnson, Moderna, Oxford/AstraZeneca, Pfizer/BioNTech",5885508,5511699,11397207
2021-08-21,"Johnson&Johnson, Moderna, Oxford/AstraZeneca, Pfizer/BioNTech",5888215,5524427,11412642
2021-08-22,"Johnson&Johnson, Moderna, Oxford/AstraZeneca, Pfizer/BioNTech",5890547,5536375,11426922
2021-08-23,"Johnson&Johnson, Moderna, Oxford/AstraZeneca, Pfizer/BioNTech",5901061,5575563,11476624
2021-08-24,"Johnson&Johnson, Moderna, Oxford/AstraZeneca, Pfizer/BioNTech",5910915,5608757,11519672
2021-08-25,"Johnson&Johnson, Moderna, Oxford/AstraZeneca, Pfizer/BioNTech",5919761,5637063,11556824
2021-08-26,"Johnson&Johnson, Moderna, Oxford/AstraZeneca, Pfizer/BioNTech",5928186,5663131,11591317
2021-08-27,"Johnson&Johnson, Moderna, Oxford/AstraZeneca, Pfizer/BioNTech",5938489,5689028,11627517
2021-08-28,"Johnson&Johnson, Moderna, Oxford/AstraZeneca, Pfizer/BioNTech",5941201,5696042,11637243
2021-08-29,"Johnson&Johnson, Moderna, Oxford/AstraZeneca, Pfizer/BioNTech",5943602,5702648,11646250
2021-08-30,"Johnson&Johnson, Moderna, Oxford/AstraZeneca, Pfizer/BioNTech",5952102,5724463,11676565
2021-08-31,"Johnson&Johnson, Moderna, Oxford/AstraZeneca, Pfizer/BioNTech",5959750,5742499,11702249
2021-09-01,"Johnson&Johnson, Moderna, Oxford/AstraZeneca, Pfizer/BioNTech",5965616,5756454,11722070
2021-09-02,"Johnson&Johnson, Moderna, Oxford/AstraZeneca, Pfizer/BioNTech",5972407,5770790,11743197
2021-09-03,"Johnson&Johnson, Moderna, Oxford/AstraZeneca, Pfizer/BioNTech",5981902,5786427,11768329
2021-09-04,"Johnson&Johnson, Moderna, Oxford/AstraZeneca, Pfizer/BioNTech",5983954,5789966,11773920
2021-09-05,"Johnson&Johnson, Moderna, Oxford/AstraZeneca, Pfizer/BioNTech",5985982,5792792,11778774
2021-09-06,"Johnson&Johnson, Moderna, Oxford/AstraZeneca, Pfizer/BioNTech",5992150,5805272,11797422
2021-09-07,"Johnson&Johnson, Moderna, Oxford/AstraZeneca, Pfizer/BioNTech",5996500,5816336,11812836
2021-09-08,"Johnson&Johnson, Moderna, Oxford/AstraZeneca, Pfizer/BioNTech",6002134,5826151,11828285
2021-09-09,"Johnson&Johnson, Moderna, Oxford/AstraZeneca, Pfizer/BioNTech",6008774,5836192,11844966
2021-09-10,"Johnson&Johnson, Moderna, Oxford/AstraZeneca, Pfizer/BioNTech",6016415,5848336,11864751
2021-09-11,"Johnson&Johnson, Moderna, Pfizer/BioNTech",6018267,5850800,11869067
2021-09-12,"Johnson&Johnson, Moderna, Oxford/AstraZeneca, Pfizer/BioNTech",6019378,5852418,11871796
2021-09-13,"Johnson&Johnson, Moderna, Oxford/AstraZeneca, Pfizer/BioNTech",6024786,5862662,11887448
2021-09-14,"Johnson&Johnson, Moderna, Oxford/AstraZeneca, Pfizer/BioNTech",6030143,5871646,11901789
2021-09-15,"Johnson&Johnson, Moderna, Oxford/AstraZeneca, Pfizer/BioNTech",6035318,5880150,11915468
2021-09-16,"Johnson&Johnson, Moderna, Oxford/AstraZeneca, Pfizer/BioNTech",6040582,5888394,11928976
2021-09-17,"Johnson&Johnson, Moderna, Oxford/AstraZeneca, Pfizer/BioNTech",6047117,5898582,11945699
2021-09-18,"Johnson&Johnson, Moderna, Pfizer/BioNTech",6048837,5900920,11949757
2021-09-19,"Johnson&Johnson, Moderna, Oxford/AstraZeneca, Pfizer/BioNTech",6049775,5902480,11952255
2021-09-20,"Johnson&Johnson, Moderna, Oxford/AstraZeneca, Pfizer/BioNTech",6053744,5910646,11964390
2021-09-21,"Johnson&Johnson, Moderna, Oxford/AstraZeneca, Pfizer/BioNTech",6057823,5918153,11975976
2021-09-22,"Johnson&Johnson, Moderna, Oxford/AstraZeneca, Pfizer/BioNTech",6061943,5923651,11985594
2021-09-23,"Johnson&Johnson, Moderna, Oxford/AstraZeneca, Pfizer/BioNTech",6066880,5930041,11996921
2021-09-24,"Johnson&Johnson, Moderna, Oxford/AstraZeneca, Pfizer/BioNTech",6072583,5939630,12012213
2021-09-25,"Johnson&Johnson, Moderna, Pfizer/BioNTech",6074066,5941604,12015670
2021-09-26,"Johnson&Johnson, Moderna, Pfizer/BioNTech",6074801,5943223,12018024
2021-09-27,"Johnson&Johnson, Moderna, Oxford/AstraZeneca, Pfizer/BioNTech",6078595,5949687,12028282
2021-09-28,"Johnson&Johnson, Moderna, Pfizer/BioNTech",6078923,5950282,12029205
2021-09-29,"Johnson&Johnson, Moderna, Oxford/AstraZeneca, Pfizer/BioNTech",6082645,5957694,12040339
2021-09-30,"Johnson&Johnson, Moderna, Oxford/AstraZeneca, Pfizer/BioNTech",6087015,5965344,12052359
2021-10-01,"Johnson&Johnson, Moderna, Oxford/AstraZeneca, Pfizer/BioNTech",6091162,5973234,12064396
2021-10-02,"Johnson&Johnson, Moderna, Pfizer/BioNTech",6092200,5974759,12066959
2021-10-03,"Johnson&Johnson, Moderna, Pfizer/BioNTech",6092902,5975620,12068522
2021-10-04,"Johnson&Johnson, Moderna, Oxford/AstraZeneca, Pfizer/BioNTech",6095888,5981164,12077052
2021-10-05,"Johnson&Johnson, Moderna, Oxford/AstraZeneca, Pfizer/BioNTech",6098919,5986204,12085123
2021-10-06,"Johnson&Johnson, Moderna, Oxford/AstraZeneca, Pfizer/BioNTech",6102354,5991339,12093693
2021-10-07,"Johnson&Johnson, Moderna, Oxford/AstraZeneca, Pfizer/BioNTech",6105500,5996521,12102021
2021-10-08,"Johnson&Johnson, Moderna, Oxford/AstraZeneca, Pfizer/BioNTech",6110183,6003091,12113274
2021-10-09,"Johnson&Johnson, Moderna, Pfizer/BioNTech",6111413,6004733,12116146
2021-10-10,"Johnson&Johnson, Moderna, Pfizer/BioNTech",6112331,6005560,12117891
2021-10-11,"Johnson&Johnson, Moderna, Oxford/AstraZeneca, Pfizer/BioNTech",6115170,6009913,12125083
2021-10-12,"Johnson&Johnson, Moderna, Oxford/AstraZeneca, Pfizer/BioNTech",6117864,6013780,12131644
2021-10-13,"Johnson&Johnson, Moderna, Oxford/AstraZeneca, Pfizer/BioNTech",6121194,6017830,12139024
2021-10-14,"Johnson&Johnson, Moderna, Oxford/AstraZeneca, Pfizer/BioNTech",6124698,6022709,12147407
2021-10-15,"Johnson&Johnson, Moderna, Oxford/AstraZeneca, Pfizer/BioNTech",6129689,6028727,12158416
2021-10-16,"Johnson&Johnson, Moderna, Pfizer/BioNTech",6131050,6030236,12161286
2021-10-17,"Johnson&Johnson, Moderna, Pfizer/BioNTech",6132362,6031285,12163647
2021-10-18,"Johnson&Johnson, Moderna, Oxford/AstraZeneca, Pfizer/BioNTech",6136256,6035245,12171501
2021-10-19,"Johnson&Johnson, Moderna, Oxford/AstraZeneca, Pfizer/BioNTech",6139661,6037249,12176910
2021-10-20,"Johnson&Johnson, Moderna, Oxford/AstraZeneca, Pfizer/BioNTech",6144339,6041559,12185898
2021-10-21,"Johnson&Johnson, Moderna, Oxford/AstraZeneca, Pfizer/BioNTech",6151870,6047010,12198880
2021-10-22,"Johnson&Johnson, Moderna, Oxford/AstraZeneca, Pfizer/BioNTech",6162082,6053412,12215494
2021-10-23,"Johnson&Johnson, Moderna, Pfizer/BioNTech",6165701,6055599,12221300
2021-10-24,"Johnson&Johnson, Moderna, Pfizer/BioNTech",6168296,6057290,12225586
2021-10-25,"Johnson&Johnson, Moderna, Oxford/AstraZeneca, Pfizer/BioNTech",6178195,6062653,12240848
2021-10-26,"Johnson&Johnson, Moderna, Oxford/AstraZeneca, Pfizer/BioNTech",6189538,6068843,12258381
2021-10-27,"Johnson&Johnson, Moderna, Oxford/AstraZeneca, Pfizer/BioNTech",6203476,6075773,12279249
2021-10-28,"Johnson&Johnson, Moderna, Pfizer/BioNTech",6206785,6077386,12284171
2021-10-29,"Johnson&Johnson, Moderna, Oxford/AstraZeneca, Pfizer/BioNTech",6220546,6084855,12305401
2021-10-30,"Johnson&Johnson, Moderna, Pfizer/BioNTech",6224664,6087433,12312097
2021-10-31,"Johnson&Johnson, Moderna, Oxford/AstraZeneca, Pfizer/BioNTech",6228045,6089621,12317666
2021-11-01,"Johnson&Johnson, Moderna, Oxford/AstraZeneca, Pfizer/BioNTech",6242363,6096721,12339084
2021-11-02,"Johnson&Johnson, Moderna, Oxford/AstraZeneca, Pfizer/BioNTech",6256185,6103230,12359415
