date,vaccine,people_vaccinated,people_fully_vaccinated,total_vaccinations
2020-12-27,Pfizer/BioNTech,1281,0,1281
2020-12-28,Pfizer/BioNTech,3586,0,3586
2020-12-29,Pfizer/BioNTech,7051,0,7051
2020-12-30,Pfizer/BioNTech,10564,0,10564
2020-12-31,Pfizer/BioNTech,11866,0,11866
2021-01-01,"Moderna, Pfizer/BioNTech",12135,0,12135
2021-01-02,Pfizer/BioNTech,13411,0,13411
2021-01-03,Pfizer/BioNTech,14334,0,14334
2021-01-04,"Moderna, Pfizer/BioNTech",17939,0,17939
2021-01-05,"Moderna, Pfizer/BioNTech",22447,0,22447
2021-01-06,"Moderna, Pfizer/BioNTech",28285,1,28286
2021-01-07,"Moderna, Pfizer/BioNTech",36266,1,36267
2021-01-08,Pfizer/BioNTech,46303,1,46304
2021-01-09,"Moderna, Pfizer/BioNTech",48326,2,48328
2021-01-10,Pfizer/BioNTech,50092,4,50096
2021-01-11,Pfizer/BioNTech,59939,6,59945
2021-01-12,"Moderna, Pfizer/BioNTech",73337,8,73345
2021-01-13,Pfizer/BioNTech,86866,8,86874
2021-01-14,"Moderna, Pfizer/BioNTech",102086,11,102097
2021-01-15,"Moderna, Pfizer/BioNTech",116081,11,116092
2021-01-16,"Moderna, Pfizer/BioNTech",119470,14,119484
2021-01-17,"Moderna, Pfizer/BioNTech",122080,653,122733
2021-01-18,"Moderna, Pfizer/BioNTech",134553,2478,137031
2021-01-19,"Moderna, Pfizer/BioNTech",147138,5200,152338
2021-01-20,"Moderna, Pfizer/BioNTech",160804,7853,168657
2021-01-21,"Moderna, Pfizer/BioNTech",176437,9592,186029
2021-01-22,"Moderna, Pfizer/BioNTech",191288,10636,201924
2021-01-23,"Moderna, Pfizer/BioNTech",194601,11513,206114
2021-01-24,"Moderna, Pfizer/BioNTech",196854,12383,209237
2021-01-25,"Moderna, Pfizer/BioNTech",206489,15354,221843
2021-01-26,"Moderna, Pfizer/BioNTech",217023,19335,236358
2021-01-27,"Moderna, Pfizer/BioNTech",226045,23864,249909
2021-01-28,"Moderna, Pfizer/BioNTech",233132,29985,263117
2021-01-29,"Moderna, Pfizer/BioNTech",239328,37883,277211
2021-01-30,"Moderna, Pfizer/BioNTech",240058,38971,279029
2021-01-31,"Moderna, Pfizer/BioNTech",240769,40152,280921
2021-02-01,"Moderna, Pfizer/BioNTech",244742,48101,292843
2021-02-02,"Moderna, Pfizer/BioNTech",248872,58328,307200
2021-02-03,"Moderna, Pfizer/BioNTech",253283,69326,322609
2021-02-04,"Moderna, Pfizer/BioNTech",258175,82295,340470
2021-02-05,"Moderna, Pfizer/BioNTech",263627,92958,356585
2021-02-06,"Moderna, Oxford/AstraZeneca, Pfizer/BioNTech",264471,95313,359784
2021-02-07,"Moderna, Pfizer/BioNTech",265317,97807,363124
2021-02-08,"Moderna, Oxford/AstraZeneca, Pfizer/BioNTech",269384,109198,378582
2021-02-09,"Moderna, Oxford/AstraZeneca, Pfizer/BioNTech",274473,121126,395599
2021-02-10,"Moderna, Oxford/AstraZeneca, Pfizer/BioNTech",279970,134358,414328
2021-02-11,"Moderna, Oxford/AstraZeneca, Pfizer/BioNTech",286285,150557,436842
2021-02-12,"Moderna, Oxford/AstraZeneca, Pfizer/BioNTech",293034,165261,458295
2021-02-13,"Moderna, Oxford/AstraZeneca, Pfizer/BioNTech",294636,168245,462881
2021-02-14,"Moderna, Oxford/AstraZeneca, Pfizer/BioNTech",295634,169625,465259
2021-02-15,"Moderna, Oxford/AstraZeneca, Pfizer/BioNTech",302030,178969,480999
2021-02-16,"Moderna, Oxford/AstraZeneca, Pfizer/BioNTech",310742,188034,498776
2021-02-17,"Moderna, Oxford/AstraZeneca, Pfizer/BioNTech",320434,196328,516762
2021-02-18,"Moderna, Oxford/AstraZeneca, Pfizer/BioNTech",332742,204388,537130
2021-02-19,"Moderna, Oxford/AstraZeneca, Pfizer/BioNTech",344588,211720,556308
2021-02-20,"Moderna, Oxford/AstraZeneca, Pfizer/BioNTech",346577,212897,559474
2021-02-21,"Moderna, Oxford/AstraZeneca, Pfizer/BioNTech",347698,213916,561614
2021-02-22,"Moderna, Oxford/AstraZeneca, Pfizer/BioNTech",357811,219934,577745
2021-02-23,"Moderna, Oxford/AstraZeneca, Pfizer/BioNTech",370744,226897,597641
2021-02-24,"Moderna, Oxford/AstraZeneca, Pfizer/BioNTech",384610,232923,617533
2021-02-25,"Moderna, Oxford/AstraZeneca, Pfizer/BioNTech",402569,238460,641029
2021-02-26,"Moderna, Oxford/AstraZeneca, Pfizer/BioNTech",418721,243792,662513
2021-02-27,"Moderna, Oxford/AstraZeneca, Pfizer/BioNTech",421723,244344,666067
2021-02-28,"Moderna, Oxford/AstraZeneca, Pfizer/BioNTech",424062,244890,668952
2021-03-01,"Moderna, Oxford/AstraZeneca, Pfizer/BioNTech",443623,248326,691949
2021-03-02,"Moderna, Oxford/AstraZeneca, Pfizer/BioNTech",470830,251864,722694
2021-03-03,"Moderna, Oxford/AstraZeneca, Pfizer/BioNTech",501673,256356,758029
2021-03-04,"Moderna, Oxford/AstraZeneca, Pfizer/BioNTech",534907,261028,795935
2021-03-05,"Johnson&Johnson, Moderna, Oxford/AstraZeneca, Pfizer/BioNTech",563705,266428,830133
2021-03-06,"Johnson&Johnson, Moderna, Oxford/AstraZeneca, Pfizer/BioNTech",575837,267280,843117
2021-03-07,"Johnson&Johnson, Moderna, Oxford/AstraZeneca, Pfizer/BioNTech",587361,268116,855477
2021-03-08,"Johnson&Johnson, Moderna, Oxford/AstraZeneca, Pfizer/BioNTech",617061,272955,890016
2021-03-09,"Johnson&Johnson, Moderna, Oxford/AstraZeneca, Pfizer/BioNTech",653389,279327,932716
2021-03-10,"Moderna, Oxford/AstraZeneca, Pfizer/BioNTech",694662,286270,980932
2021-03-11,"Johnson&Johnson, Moderna, Oxford/AstraZeneca, Pfizer/BioNTech",739453,294632,1034085
2021-03-12,"Johnson&Johnson, Moderna, Oxford/AstraZeneca, Pfizer/BioNTech",778227,303081,1081308
2021-03-13,"Moderna, Oxford/AstraZeneca, Pfizer/BioNTech",795285,304379,1099664
2021-03-14,"Moderna, Oxford/AstraZeneca, Pfizer/BioNTech",807384,305522,1112906
2021-03-15,"Moderna, Oxford/AstraZeneca, Pfizer/BioNTech",835743,314289,1150032
2021-03-16,"Johnson&Johnson, Moderna, Oxford/AstraZeneca, Pfizer/BioNTech",874613,324812,1199425
2021-03-17,"Moderna, Oxford/AstraZeneca, Pfizer/BioNTech",912061,335304,1247365
2021-03-18,"Johnson&Johnson, Moderna, Oxford/AstraZeneca, Pfizer/BioNTech",950000,347703,1297703
2021-03-19,"Moderna, Oxford/AstraZeneca, Pfizer/BioNTech",984448,361298,1345746
2021-03-20,"Johnson&Johnson, Moderna, Oxford/AstraZeneca, Pfizer/BioNTech",999566,363309,1362875
2021-03-21,"Johnson&Johnson, Moderna, Oxford/AstraZeneca, Pfizer/BioNTech",1006964,364855,1371819
2021-03-22,"Johnson&Johnson, Moderna, Oxford/AstraZeneca, Pfizer/BioNTech",1031479,377345,1408824
2021-03-23,"Johnson&Johnson, Moderna, Oxford/AstraZeneca, Pfizer/BioNTech",1058082,390683,1448765
2021-03-24,"Johnson&Johnson, Moderna, Oxford/AstraZeneca, Pfizer/BioNTech",1084907,406400,1491307
2021-03-25,"Moderna, Oxford/AstraZeneca, Pfizer/BioNTech",1111209,424231,1535440
2021-03-26,"Moderna, Oxford/AstraZeneca, Pfizer/BioNTech",1135990,441714,1577704
2021-03-27,"Johnson&Johnson, Moderna, Oxford/AstraZeneca, Pfizer/BioNTech",1144408,446554,1590962
2021-03-28,"Moderna, Oxford/AstraZeneca, Pfizer/BioNTech",1149936,450689,1600625
2021-03-29,"Johnson&Johnson, Moderna, Oxford/AstraZeneca, Pfizer/BioNTech",1169037,471395,1640432
2021-03-30,"Johnson&Johnson, Moderna, Oxford/AstraZeneca, Pfizer/BioNTech",1193713,493560,1687273
2021-03-31,"Johnson&Johnson, Moderna, Oxford/AstraZeneca, Pfizer/BioNTech",1216784,520596,1737380
2021-04-01,"Johnson&Johnson, Moderna, Oxford/AstraZeneca, Pfizer/BioNTech",1242369,552629,1794998
2021-04-02,"Johnson&Johnson, Moderna, Oxford/AstraZeneca, Pfizer/BioNTech",1249265,565413,1814678
2021-04-03,"Johnson&Johnson, Moderna, Oxford/AstraZeneca, Pfizer/BioNTech",1252866,576321,1829187
2021-04-04,"Johnson&Johnson, Moderna, Oxford/AstraZeneca, Pfizer/BioNTech",1255356,585225,1840581
2021-04-05,"Johnson&Johnson, Moderna, Oxford/AstraZeneca, Pfizer/BioNTech",1257731,592399,1850130
2021-04-06,"Johnson&Johnson, Moderna, Oxford/AstraZeneca, Pfizer/BioNTech",1273833,621621,1895454
2021-04-07,"Johnson&Johnson, Moderna, Oxford/AstraZeneca, Pfizer/BioNTech",1297212,643834,1941046
2021-04-08,"Johnson&Johnson, Moderna, Oxford/AstraZeneca, Pfizer/BioNTech",1335857,674831,2010688
2021-04-09,"Johnson&Johnson, Moderna, Oxford/AstraZeneca, Pfizer/BioNTech",1375349,704993,2080342
2021-04-10,"Johnson&Johnson, Moderna, Oxford/AstraZeneca, Pfizer/BioNTech",1390804,720270,2111074
2021-04-11,"Johnson&Johnson, Moderna, Oxford/AstraZeneca, Pfizer/BioNTech",1400556,730293,2130849
2021-04-12,"Johnson&Johnson, Moderna, Oxford/AstraZeneca, Pfizer/BioNTech",1438779,755397,2194176
2021-04-13,"Moderna, Oxford/AstraZeneca, Pfizer/BioNTech",1474997,781417,2256414
2021-04-14,"Moderna, Oxford/AstraZeneca, Pfizer/BioNTech",1513766,808751,2322517
2021-04-15,"Moderna, Oxford/AstraZeneca, Pfizer/BioNTech",1561518,834450,2395968
2021-04-16,"Moderna, Oxford/AstraZeneca, Pfizer/BioNTech",1606139,860064,2466203
2021-04-17,"Moderna, Oxford/AstraZeneca, Pfizer/BioNTech",1622802,869083,2491885
2021-04-18,"Moderna, Oxford/AstraZeneca, Pfizer/BioNTech",1635767,874063,2509830
2021-04-19,"Moderna, Oxford/AstraZeneca, Pfizer/BioNTech",1679742,889507,2569249
2021-04-20,"Johnson&Johnson, Moderna, Oxford/AstraZeneca, Pfizer/BioNTech",1722262,905354,2627616
2021-04-21,"Moderna, Oxford/AstraZeneca, Pfizer/BioNTech",1769959,919683,2689642
2021-04-22,"Johnson&Johnson, Moderna, Oxford/AstraZeneca, Pfizer/BioNTech",1824422,937047,2761469
2021-04-23,"Johnson&Johnson, Moderna, Oxford/AstraZeneca, Pfizer/BioNTech",1874342,949077,2823419
2021-04-24,"Johnson&Johnson, Moderna, Oxford/AstraZeneca, Pfizer/BioNTech",1892155,954309,2846464
2021-04-25,"Johnson&Johnson, Moderna, Oxford/AstraZeneca, Pfizer/BioNTech",1906825,958292,2865117
2021-04-26,"Johnson&Johnson, Moderna, Oxford/AstraZeneca, Pfizer/BioNTech",1956384,965829,2922213
2021-04-27,"Johnson&Johnson, Moderna, Oxford/AstraZeneca, Pfizer/BioNTech",2005346,978038,2983384
2021-04-28,"Johnson&Johnson, Moderna, Oxford/AstraZeneca, Pfizer/BioNTech",2064072,992008,3056080
2021-04-29,"Johnson&Johnson, Moderna, Oxford/AstraZeneca, Pfizer/BioNTech",2129605,1007858,3137463
2021-04-30,"Johnson&Johnson, Moderna, Oxford/AstraZeneca, Pfizer/BioNTech",2191799,1017790,3209589
2021-05-01,"Johnson&Johnson, Moderna, Oxford/AstraZeneca, Pfizer/BioNTech",2211092,1021213,3232305
2021-05-02,"Johnson&Johnson, Moderna, Oxford/AstraZeneca, Pfizer/BioNTech",2229989,1023464,3253453
2021-05-03,"Johnson&Johnson, Moderna, Oxford/AstraZeneca, Pfizer/BioNTech",2297208,1028509,3325717
2021-05-04,"Johnson&Johnson, Moderna, Oxford/AstraZeneca, Pfizer/BioNTech",2363680,1036814,3400494
2021-05-05,"Johnson&Johnson, Moderna, Oxford/AstraZeneca, Pfizer/BioNTech",2436806,1046182,3482988
2021-05-06,"Johnson&Johnson, Moderna, Oxford/AstraZeneca, Pfizer/BioNTech",2517169,1056857,3574026
2021-05-07,"Johnson&Johnson, Moderna, Oxford/AstraZeneca, Pfizer/BioNTech",2594424,1066909,3661333
2021-05-08,"Johnson&Johnson, Moderna, Oxford/AstraZeneca, Pfizer/BioNTech",2623825,1068649,3692474
2021-05-09,"Johnson&Johnson, Moderna, Oxford/AstraZeneca, Pfizer/BioNTech",2647996,1069837,3717833
2021-05-10,"Johnson&Johnson, Moderna, Oxford/AstraZeneca, Pfizer/BioNTech",2720727,1077031,3797758
2021-05-11,"Johnson&Johnson, Moderna, Oxford/AstraZeneca, Pfizer/BioNTech",2796797,1085805,3882602
2021-05-12,"Johnson&Johnson, Moderna, Oxford/AstraZeneca, Pfizer/BioNTech",2876623,1094852,3971475
2021-05-13,"Johnson&Johnson, Moderna, Oxford/AstraZeneca, Pfizer/BioNTech",2960610,1103982,4064592
2021-05-14,"Johnson&Johnson, Moderna, Oxford/AstraZeneca, Pfizer/BioNTech",3040007,1111709,4151716
2021-05-15,"Johnson&Johnson, Moderna, Oxford/AstraZeneca, Pfizer/BioNTech",3071850,1113906,4185756
2021-05-16,"Johnson&Johnson, Moderna, Oxford/AstraZeneca, Pfizer/BioNTech",3097595,1115148,4212743
2021-05-17,"Johnson&Johnson, Moderna, Oxford/AstraZeneca, Pfizer/BioNTech",3170072,1121829,4291901
2021-05-18,"Johnson&Johnson, Moderna, Oxford/AstraZeneca, Pfizer/BioNTech",3241977,1134825,4376802
2021-05-19,"Johnson&Johnson, Moderna, Oxford/AstraZeneca, Pfizer/BioNTech",3319407,1149921,4469328
2021-05-20,"Johnson&Johnson, Moderna, Oxford/AstraZeneca, Pfizer/BioNTech",3394807,1176887,4571694
2021-05-21,"Johnson&Johnson, Moderna, Oxford/AstraZeneca, Pfizer/BioNTech",3463540,1204569,4668109
2021-05-22,"Johnson&Johnson, Moderna, Oxford/AstraZeneca, Pfizer/BioNTech",3495877,1215706,4711583
2021-05-23,"Johnson&Johnson, Moderna, Oxford/AstraZeneca, Pfizer/BioNTech",3518190,1224714,4742904
2021-05-24,"Johnson&Johnson, Moderna, Oxford/AstraZeneca, Pfizer/BioNTech",3565304,1258318,4823622
2021-05-25,"Johnson&Johnson, Moderna, Oxford/AstraZeneca, Pfizer/BioNTech",3617135,1294071,4911206
2021-05-26,"Johnson&Johnson, Moderna, Oxford/AstraZeneca, Pfizer/BioNTech",3684858,1331548,5016406
2021-05-27,"Johnson&Johnson, Moderna, Oxford/AstraZeneca, Pfizer/BioNTech",3746225,1378812,5125037
2021-05-28,"Johnson&Johnson, Moderna, Oxford/AstraZeneca, Pfizer/BioNTech",3807891,1425310,5233201
2021-05-29,"Johnson&Johnson, Moderna, Oxford/AstraZeneca, Pfizer/BioNTech",3837042,1442380,5279422
2021-05-30,"Johnson&Johnson, Moderna, Oxford/AstraZeneca, Pfizer/BioNTech",3859382,1456787,5316169
2021-05-31,"Johnson&Johnson, Moderna, Oxford/AstraZeneca, Pfizer/BioNTech",3915100,1504297,5419397
2021-06-01,"Johnson&Johnson, Moderna, Oxford/AstraZeneca, Pfizer/BioNTech",3974110,1553076,5527186
2021-06-02,"Johnson&Johnson, Moderna, Oxford/AstraZeneca, Pfizer/BioNTech",4036977,1606980,5643957
2021-06-03,"Johnson&Johnson, Moderna, Oxford/AstraZeneca, Pfizer/BioNTech",4095189,1667133,5762322
2021-06-04,"Johnson&Johnson, Moderna, Oxford/AstraZeneca, Pfizer/BioNTech",4158258,1724447,5882705
2021-06-05,"Johnson&Johnson, Moderna, Oxford/AstraZeneca, Pfizer/BioNTech",4192383,1743223,5935606
2021-06-06,"Johnson&Johnson, Moderna, Oxford/AstraZeneca, Pfizer/BioNTech",4219284,1758316,5977600
2021-06-07,"Johnson&Johnson, Moderna, Oxford/AstraZeneca, Pfizer/BioNTech",4282949,1813887,6096836
2021-06-08,"Johnson&Johnson, Moderna, Oxford/AstraZeneca, Pfizer/BioNTech",4346915,1868797,6215712
2021-06-09,"Johnson&Johnson, Moderna, Oxford/AstraZeneca, Pfizer/BioNTech",4406096,1933164,6339260
2021-06-10,"Johnson&Johnson, Moderna, Oxford/AstraZeneca, Pfizer/BioNTech",4459971,2004192,6464163
2021-06-11,"Johnson&Johnson, Moderna, Oxford/AstraZeneca, Pfizer/BioNTech",4512060,2073840,6585900
2021-06-12,"Johnson&Johnson, Moderna, Oxford/AstraZeneca, Pfizer/BioNTech",4544039,2094568,6638607
2021-06-13,"Johnson&Johnson, Moderna, Oxford/AstraZeneca, Pfizer/BioNTech",4568040,2112924,6680964
2021-06-14,"Johnson&Johnson, Moderna, Oxford/AstraZeneca, Pfizer/BioNTech",4611102,2187218,6798320
2021-06-15,"Johnson&Johnson, Moderna, Oxford/AstraZeneca, Pfizer/BioNTech",4655739,2259470,6915209
2021-06-16,"Johnson&Johnson, Moderna, Oxford/AstraZeneca, Pfizer/BioNTech",4698459,2337599,7036058
2021-06-17,"Johnson&Johnson, Moderna, Oxford/AstraZeneca, Pfizer/BioNTech",4737824,2420568,7158392
2021-06-18,"Johnson&Johnson, Moderna, Oxford/AstraZeneca, Pfizer/BioNTech",4780202,2500977,7281179
2021-06-19,"Johnson&Johnson, Moderna, Oxford/AstraZeneca, Pfizer/BioNTech",4801940,2530192,7332132
2021-06-20,"Johnson&Johnson, Moderna, Oxford/AstraZeneca, Pfizer/BioNTech",4819293,2553956,7373249
2021-06-21,"Johnson&Johnson, Moderna, Oxford/AstraZeneca, Pfizer/BioNTech",4851789,2632433,7484222
2021-06-22,"Johnson&Johnson, Moderna, Oxford/AstraZeneca, Pfizer/BioNTech",4884744,2714591,7599335
2021-06-23,"Johnson&Johnson, Moderna, Oxford/AstraZeneca, Pfizer/BioNTech",4916382,2799715,7716097
2021-06-24,"Johnson&Johnson, Moderna, Oxford/AstraZeneca, Pfizer/BioNTech",4946212,2889647,7835859
2021-06-25,"Johnson&Johnson, Moderna, Oxford/AstraZeneca, Pfizer/BioNTech",4977250,2975678,7952928
2021-06-26,"Johnson&Johnson, Moderna, Oxford/AstraZeneca, Pfizer/BioNTech",4993102,3010416,8003518
2021-06-27,"Johnson&Johnson, Moderna, Oxford/AstraZeneca, Pfizer/BioNTech",5007036,3037007,8044043
2021-06-28,"Johnson&Johnson, Moderna, Oxford/AstraZeneca, Pfizer/BioNTech",5035446,3122093,8157539
2021-06-29,"Johnson&Johnson, Moderna, Oxford/AstraZeneca, Pfizer/BioNTech",5064702,3208465,8273167
2021-06-30,"Johnson&Johnson, Moderna, Oxford/AstraZeneca, Pfizer/BioNTech",5092186,3299312,8391498
2021-07-01,"Johnson&Johnson, Moderna, Oxford/AstraZeneca, Pfizer/BioNTech",5116154,3389248,8505402
2021-07-02,"Johnson&Johnson, Moderna, Oxford/AstraZeneca, Pfizer/BioNTech",5142859,3474967,8617826
2021-07-03,"Johnson&Johnson, Moderna, Oxford/AstraZeneca, Pfizer/BioNTech",5149927,3506421,8656348
2021-07-04,"Johnson&Johnson, Moderna, Oxford/AstraZeneca, Pfizer/BioNTech",5157471,3528181,8685652
2021-07-05,"Johnson&Johnson, Moderna, Oxford/AstraZeneca, Pfizer/BioNTech",5164818,3553498,8718316
2021-07-06,"Johnson&Johnson, Moderna, Oxford/AstraZeneca, Pfizer/BioNTech",5170212,3581069,8751281
2021-07-07,"Johnson&Johnson, Moderna, Oxford/AstraZeneca, Pfizer/BioNTech",5195988,3659942,8855930
2021-07-08,"Johnson&Johnson, Moderna, Oxford/AstraZeneca, Pfizer/BioNTech",5222573,3730167,8952740
2021-07-09,"Johnson&Johnson, Moderna, Oxford/AstraZeneca, Pfizer/BioNTech",5250469,3799340,9049809
2021-07-10,"Johnson&Johnson, Moderna, Oxford/AstraZeneca, Pfizer/BioNTech",5259805,3827903,9087708
2021-07-11,"Johnson&Johnson, Moderna, Oxford/AstraZeneca, Pfizer/BioNTech",5268321,3850753,9119074
2021-07-12,"Johnson&Johnson, Moderna, Oxford/AstraZeneca, Pfizer/BioNTech",5295838,3919772,9215610
2021-07-13,"Johnson&Johnson, Moderna, Oxford/AstraZeneca, Pfizer/BioNTech",5322002,3989555,9311557
2021-07-14,"Johnson&Johnson, Moderna, Oxford/AstraZeneca, Pfizer/BioNTech",5347802,4061454,9409256
2021-07-15,"Johnson&Johnson, Moderna, Oxford/AstraZeneca, Pfizer/BioNTech",5376960,4127368,9504328
2021-07-16,"Johnson&Johnson, Moderna, Oxford/AstraZeneca, Pfizer/BioNTech",5404859,4199978,9604837
2021-07-17,"Johnson&Johnson, Moderna, Oxford/AstraZeneca, Pfizer/BioNTech",5413612,4231359,9644971
2021-07-18,"Johnson&Johnson, Moderna, Oxford/AstraZeneca, Pfizer/BioNTech",5422043,4257318,9679361
2021-07-19,"Johnson&Johnson, Moderna, Oxford/AstraZeneca, Pfizer/BioNTech",5445375,4324263,9769638
2021-07-20,"Johnson&Johnson, Moderna, Oxford/AstraZeneca, Pfizer/BioNTech",5466752,4391218,9857970
2021-07-21,"Johnson&Johnson, Moderna, Oxford/AstraZeneca, Pfizer/BioNTech",5490191,4454581,9944772
2021-07-22,"Johnson&Johnson, Moderna, Oxford/AstraZeneca, Pfizer/BioNTech",5512532,4513113,10025645
2021-07-23,"Johnson&Johnson, Moderna, Oxford/AstraZeneca, Pfizer/BioNTech",5535703,4567755,10103458
2021-07-24,"Johnson&Johnson, Moderna, Oxford/AstraZeneca, Pfizer/BioNTech",5543004,4595358,10138362
2021-07-25,"Johnson&Johnson, Moderna, Oxford/AstraZeneca, Pfizer/BioNTech",5549603,4617440,10167043
2021-07-26,"Johnson&Johnson, Moderna, Oxford/AstraZeneca, Pfizer/BioNTech",5573110,4666005,10239115
2021-07-27,"Johnson&Johnson, Moderna, Oxford/AstraZeneca, Pfizer/BioNTech",5595825,4712545,10308370
2021-07-28,"Johnson&Johnson, Moderna, Oxford/AstraZeneca, Pfizer/BioNTech",5617048,4758426,10375474
2021-07-29,"Johnson&Johnson, Moderna, Oxford/AstraZeneca, Pfizer/BioNTech",5638345,4800278,10438623
2021-07-30,"Johnson&Johnson, Moderna, Oxford/AstraZeneca, Pfizer/BioNTech",5661604,4842738,10504342
2021-07-31,"Johnson&Johnson, Moderna, Oxford/AstraZeneca, Pfizer/BioNTech",5670519,4862228,10532747
2021-08-01,"Johnson&Johnson, Moderna, Oxford/AstraZeneca, Pfizer/BioNTech",5677227,4878356,10555583
2021-08-02,"Johnson&Johnson, Moderna, Oxford/AstraZeneca, Pfizer/BioNTech",5695832,4915831,10611663
2021-08-03,"Johnson&Johnson, Moderna, Oxford/AstraZeneca, Pfizer/BioNTech",5713444,4953852,10667296
2021-08-04,"Johnson&Johnson, Moderna, Oxford/AstraZeneca, Pfizer/BioNTech",5729512,4990493,10720005
2021-08-05,"Johnson&Johnson, Moderna, Oxford/AstraZeneca, Pfizer/BioNTech",5745515,5030873,10776388
2021-08-06,"Johnson&Johnson, Moderna, Oxford/AstraZeneca, Pfizer/BioNTech",5762282,5074066,10836348
2021-08-07,"Johnson&Johnson, Moderna, Oxford/AstraZeneca, Pfizer/BioNTech",5767860,5092186,10860046
2021-08-08,"Johnson&Johnson, Moderna, Oxford/AstraZeneca, Pfizer/BioNTech",5772205,5107906,10880111
2021-08-09,"Johnson&Johnson, Moderna, Oxford/AstraZeneca, Pfizer/BioNTech",5784832,5152893,10937725
2021-08-10,"Johnson&Johnson, Moderna, Oxford/AstraZeneca, Pfizer/BioNTech",5796646,5192393,10989039
2021-08-11,"Johnson&Johnson, Moderna, Oxford/AstraZeneca, Pfizer/BioNTech",5807991,5235462,11043453
2021-08-12,"Johnson&Johnson, Moderna, Oxford/AstraZeneca, Pfizer/BioNTech",5819385,5272523,11091908
2021-08-13,"Johnson&Johnson, Moderna, Oxford/AstraZeneca, Pfizer/BioNTech",5830068,5312775,11142843
2021-08-14,"Johnson&Johnson, Moderna, Oxford/AstraZeneca, Pfizer/BioNTech",5833400,5323446,11156846
2021-08-15,"Johnson&Johnson, Moderna, Oxford/AstraZeneca, Pfizer/BioNTech",5835973,5333796,11169769
2021-08-16,"Johnson&Johnson, Moderna, Oxford/AstraZeneca, Pfizer/BioNTech",5845739,5367803,11213542
2021-08-17,"Johnson&Johnson, Moderna, Oxford/AstraZeneca, Pfizer/BioNTech",5855316,5394847,11250163
2021-08-18,"Johnson&Johnson, Moderna, Oxford/AstraZeneca, Pfizer/BioNTech",5864677,5433661,11298338
2021-08-19,"Johnson&Johnson, Moderna, Oxford/AstraZeneca, Pfizer/BioNTech",5874331,5471960,11346291
2021-08-20,"Johnson&Johnson, Moderna, Oxford/AstraZeneca, Pfizer/BioNTech",5885665,5512092,11397757
2021-08-21,"Johnson&Johnson, Moderna, Oxford/AstraZeneca, Pfizer/BioNTech",5888372,5524821,11413193
2021-08-22,"Johnson&Johnson, Moderna, Oxford/AstraZeneca, Pfizer/BioNTech",5890705,5536769,11427474
2021-08-23,"Johnson&Johnson, Moderna, Oxford/AstraZeneca, Pfizer/BioNTech",5901224,5575963,11477187
2021-08-24,"Johnson&Johnson, Moderna, Oxford/AstraZeneca, Pfizer/BioNTech",5911080,5609159,11520239
2021-08-25,"Johnson&Johnson, Moderna, Oxford/AstraZeneca, Pfizer/BioNTech",5919924,5637468,11557392
2021-08-26,"Johnson&Johnson, Moderna, Oxford/AstraZeneca, Pfizer/BioNTech",5928347,5663546,11591893
2021-08-27,"Johnson&Johnson, Moderna, Oxford/AstraZeneca, Pfizer/BioNTech",5938649,5689448,11628097
2021-08-28,"Johnson&Johnson, Moderna, Oxford/AstraZeneca, Pfizer/BioNTech",5941361,5696465,11637826
2021-08-29,"Johnson&Johnson, Moderna, Oxford/AstraZeneca, Pfizer/BioNTech",5943761,5703069,11646830
2021-08-30,"Johnson&Johnson, Moderna, Oxford/AstraZeneca, Pfizer/BioNTech",5952263,5724888,11677151
2021-08-31,"Johnson&Johnson, Moderna, Oxford/AstraZeneca, Pfizer/BioNTech",5959911,5742928,11702839
2021-09-01,"Johnson&Johnson, Moderna, Oxford/AstraZeneca, Pfizer/BioNTech",5965780,5756885,11722665
2021-09-02,"Johnson&Johnson, Moderna, Oxford/AstraZeneca, Pfizer/BioNTech",5972573,5771223,11743796
2021-09-03,"Johnson&Johnson, Moderna, Oxford/AstraZeneca, Pfizer/BioNTech",5982072,5786866,11768938
2021-09-04,"Johnson&Johnson, Moderna, Oxford/AstraZeneca, Pfizer/BioNTech",5984125,5790405,11774530
2021-09-05,"Johnson&Johnson, Moderna, Oxford/AstraZeneca, Pfizer/BioNTech",5986153,5793232,11779385
2021-09-06,"Johnson&Johnson, Moderna, Oxford/AstraZeneca, Pfizer/BioNTech",5992322,5805714,11798036
2021-09-07,"Johnson&Johnson, Moderna, Oxford/AstraZeneca, Pfizer/BioNTech",5996673,5816782,11813455
2021-09-08,"Johnson&Johnson, Moderna, Oxford/AstraZeneca, Pfizer/BioNTech",6002314,5826597,11828911
2021-09-09,"Johnson&Johnson, Moderna, Oxford/AstraZeneca, Pfizer/BioNTech",6008957,5836640,11845597
2021-09-10,"Johnson&Johnson, Moderna, Oxford/AstraZeneca, Pfizer/BioNTech",6016601,5848786,11865387
2021-09-11,"Johnson&Johnson, Moderna, Pfizer/BioNTech",6018455,5851250,11869705
2021-09-12,"Johnson&Johnson, Moderna, Oxford/AstraZeneca, Pfizer/BioNTech",6019566,5852868,11872434
2021-09-13,"Johnson&Johnson, Moderna, Oxford/AstraZeneca, Pfizer/BioNTech",6024976,5863114,11888090
2021-09-14,"Johnson&Johnson, Moderna, Oxford/AstraZeneca, Pfizer/BioNTech",6030337,5872103,11902440
2021-09-15,"Johnson&Johnson, Moderna, Oxford/AstraZeneca, Pfizer/BioNTech",6035516,5880608,11916124
2021-09-16,"Johnson&Johnson, Moderna, Oxford/AstraZeneca, Pfizer/BioNTech",6040783,5888852,11929635
2021-09-17,"Johnson&Johnson, Moderna, Oxford/AstraZeneca, Pfizer/BioNTech",6047321,5899040,11946361
2021-09-18,"Johnson&Johnson, Moderna, Pfizer/BioNTech",6049041,5901379,11950420
2021-09-19,"Johnson&Johnson, Moderna, Oxford/AstraZeneca, Pfizer/BioNTech",6049979,5902939,11952918
2021-09-20,"Johnson&Johnson, Moderna, Oxford/AstraZeneca, Pfizer/BioNTech",6053956,5911108,11965064
2021-09-21,"Johnson&Johnson, Moderna, Oxford/AstraZeneca, Pfizer/BioNTech",6058061,5918618,11976679
2021-09-22,"Johnson&Johnson, Moderna, Oxford/AstraZeneca, Pfizer/BioNTech",6062207,5924117,11986324
2021-09-23,"Johnson&Johnson, Moderna, Oxford/AstraZeneca, Pfizer/BioNTech",6067161,5930509,11997670
2021-09-24,"Johnson&Johnson, Moderna, Oxford/AstraZeneca, Pfizer/BioNTech",6072893,5940106,12012999
2021-09-25,"Johnson&Johnson, Moderna, Pfizer/BioNTech",6074378,5942081,12016459
2021-09-26,"Johnson&Johnson, Moderna, Pfizer/BioNTech",6075113,5943700,12018813
2021-09-27,"Johnson&Johnson, Moderna, Oxford/AstraZeneca, Pfizer/BioNTech",6078915,5950167,12029082
2021-09-28,"Johnson&Johnson, Moderna, Pfizer/BioNTech",6079244,5950762,12030006
2021-09-29,"Johnson&Johnson, Moderna, Oxford/AstraZeneca, Pfizer/BioNTech",6082977,5958180,12041157
2021-09-30,"Johnson&Johnson, Moderna, Oxford/AstraZeneca, Pfizer/BioNTech",6087347,5965833,12053180
2021-10-01,"Johnson&Johnson, Moderna, Oxford/AstraZeneca, Pfizer/BioNTech",6091550,5973765,12065315
2021-10-02,"Johnson&Johnson, Moderna, Pfizer/BioNTech",6092589,5975292,12067881
2021-10-03,"Johnson&Johnson, Moderna, Pfizer/BioNTech",6093292,5976153,12069445
2021-10-04,"Johnson&Johnson, Moderna, Oxford/AstraZeneca, Pfizer/BioNTech",6096285,5981698,12077983
2021-10-05,"Johnson&Johnson, Moderna, Oxford/AstraZeneca, Pfizer/BioNTech",6099329,5986743,12086072
2021-10-06,"Johnson&Johnson, Moderna, Oxford/AstraZeneca, Pfizer/BioNTech",6102772,5991883,12094655
2021-10-07,"Johnson&Johnson, Moderna, Oxford/AstraZeneca, Pfizer/BioNTech",6105943,5997071,12103014
2021-10-08,"Johnson&Johnson, Moderna, Oxford/AstraZeneca, Pfizer/BioNTech",6110650,6003646,12114296
2021-10-09,"Johnson&Johnson, Moderna, Pfizer/BioNTech",6111880,6005288,12117168
2021-10-10,"Johnson&Johnson, Moderna, Pfizer/BioNTech",6112809,6006115,12118924
2021-10-11,"Johnson&Johnson, Moderna, Oxford/AstraZeneca, Pfizer/BioNTech",6115649,6010470,12126119
2021-10-12,"Johnson&Johnson, Moderna, Oxford/AstraZeneca, Pfizer/BioNTech",6118357,6014368,12132725
2021-10-13,"Johnson&Johnson, Moderna, Oxford/AstraZeneca, Pfizer/BioNTech",6121767,6018494,12140261
2021-10-14,"Johnson&Johnson, Moderna, Oxford/AstraZeneca, Pfizer/BioNTech",6125314,6023421,12148735
2021-10-15,"Johnson&Johnson, Moderna, Oxford/AstraZeneca, Pfizer/BioNTech",6130403,6029539,12159942
2021-10-16,"Johnson&Johnson, Moderna, Pfizer/BioNTech",6131764,6031050,12162814
2021-10-17,"Johnson&Johnson, Moderna, Pfizer/BioNTech",6133076,6032099,12165175
2021-10-18,"Johnson&Johnson, Moderna, Oxford/AstraZeneca, Pfizer/BioNTech",6137035,6036128,12173163
2021-10-19,"Johnson&Johnson, Moderna, Oxford/AstraZeneca, Pfizer/BioNTech",6140441,6038140,12178581
2021-10-20,"Johnson&Johnson, Moderna, Oxford/AstraZeneca, Pfizer/BioNTech",6145146,6042480,12187626
2021-10-21,"Johnson&Johnson, Moderna, Oxford/AstraZeneca, Pfizer/BioNTech",6152687,6047940,12200627
2021-10-22,"Johnson&Johnson, Moderna, Oxford/AstraZeneca, Pfizer/BioNTech",6162955,6054356,12217311
2021-10-23,"Johnson&Johnson, Moderna, Pfizer/BioNTech",6166584,6056549,12223133
2021-10-24,"Johnson&Johnson, Moderna, Pfizer/BioNTech",6169256,6058317,12227573
2021-10-25,"Johnson&Johnson, Moderna, Oxford/AstraZeneca, Pfizer/BioNTech",6179444,6063960,12243404
2021-10-26,"Johnson&Johnson, Moderna, Oxford/AstraZeneca, Pfizer/BioNTech",6191010,6070359,12261369
2021-10-27,"Johnson&Johnson, Moderna, Oxford/AstraZeneca, Pfizer/BioNTech",6205173,6077504,12282677
2021-10-28,"Johnson&Johnson, Moderna, Pfizer/BioNTech",6208502,6079134,12287636
2021-10-29,"Johnson&Johnson, Moderna, Oxford/AstraZeneca, Pfizer/BioNTech",6222510,6086830,12309340
2021-10-30,"Johnson&Johnson, Moderna, Pfizer/BioNTech",6226750,6089494,12316244
2021-10-31,"Johnson&Johnson, Moderna, Oxford/AstraZeneca, Pfizer/BioNTech",6230271,6091750,12322021
2021-11-01,"Johnson&Johnson, Moderna, Oxford/AstraZeneca, Pfizer/BioNTech",6244981,6099182,12344163
2021-11-02,"Johnson&Johnson, Moderna, Oxford/AstraZeneca, Pfizer/BioNTech",6259822,6106330,12366152
2021-11-03,"Johnson&Johnson, Moderna, Oxford/AstraZeneca, Pfizer/BioNTech",6276145,6113005,12389150
2021-11-04,"Johnson&Johnson, Moderna, Oxford/AstraZeneca, Pfizer/BioNTech",6293227,6120265,12413492
2021-11-05,"Johnson&Johnson, Moderna, Oxford/AstraZeneca, Pfizer/BioNTech",6313948,6130116,12444064
