date,vaccine,people_vaccinated,people_fully_vaccinated,total_vaccinations
2020-12-27,Pfizer/BioNTech,1284,0,1284
2020-12-28,Pfizer/BioNTech,3587,0,3587
2020-12-29,Pfizer/BioNTech,7050,1,7051
2020-12-30,Pfizer/BioNTech,10574,1,10575
2020-12-31,Pfizer/BioNTech,11882,1,11883
2021-01-01,"Moderna, Pfizer/BioNTech",12152,1,12153
2021-01-02,"Moderna, Pfizer/BioNTech",13434,1,13435
2021-01-03,"Moderna, Pfizer/BioNTech",14359,1,14360
2021-01-04,"Moderna, Pfizer/BioNTech",17976,1,17977
2021-01-05,"Moderna, Pfizer/BioNTech",22504,3,22507
2021-01-06,"Moderna, Pfizer/BioNTech",28351,4,28355
2021-01-07,"Moderna, Pfizer/BioNTech",36341,4,36345
2021-01-08,"Moderna, Pfizer/BioNTech",46394,5,46399
2021-01-09,"Moderna, Pfizer/BioNTech",48421,6,48427
2021-01-10,Pfizer/BioNTech,50192,8,50200
2021-01-11,"Moderna, Pfizer/BioNTech",60048,10,60058
2021-01-12,"Moderna, Pfizer/BioNTech",73499,12,73511
2021-01-13,"Moderna, Pfizer/BioNTech",87049,12,87061
2021-01-14,"Moderna, Pfizer/BioNTech",102295,16,102311
2021-01-15,"Moderna, Pfizer/BioNTech",116313,17,116330
2021-01-16,"Moderna, Pfizer/BioNTech",119716,21,119737
2021-01-17,"Moderna, Pfizer/BioNTech",122337,655,122992
2021-01-18,"Moderna, Pfizer/BioNTech",134770,2480,137250
2021-01-19,"Moderna, Pfizer/BioNTech",147311,5203,152514
2021-01-20,"Moderna, Pfizer/BioNTech",160921,7866,168787
2021-01-21,"Moderna, Pfizer/BioNTech",176547,9609,186156
2021-01-22,"Moderna, Pfizer/BioNTech",191437,10652,202089
2021-01-23,"Moderna, Pfizer/BioNTech",194758,11531,206289
2021-01-24,"Moderna, Pfizer/BioNTech",197014,12400,209414
2021-01-25,"Moderna, Pfizer/BioNTech",206668,15377,222045
2021-01-26,"Moderna, Pfizer/BioNTech",217217,19370,236587
2021-01-27,"Moderna, Pfizer/BioNTech",226248,23905,250153
2021-01-28,"Moderna, Pfizer/BioNTech",233351,30029,263380
2021-01-29,"Moderna, Pfizer/BioNTech",239569,37936,277505
2021-01-30,"Moderna, Pfizer/BioNTech",240310,39024,279334
2021-01-31,"Moderna, Pfizer/BioNTech",241028,40206,281234
2021-02-01,"Moderna, Pfizer/BioNTech",245008,48171,293179
2021-02-02,"Moderna, Pfizer/BioNTech",249160,58407,307567
2021-02-03,"Moderna, Pfizer/BioNTech",253586,69430,323016
2021-02-04,"Moderna, Pfizer/BioNTech",258493,82420,340913
2021-02-05,"Moderna, Pfizer/BioNTech",263967,93090,357057
2021-02-06,"Moderna, Oxford/AstraZeneca, Pfizer/BioNTech",264823,95457,360280
2021-02-07,"Moderna, Oxford/AstraZeneca, Pfizer/BioNTech",265674,97957,363631
2021-02-08,"Moderna, Oxford/AstraZeneca, Pfizer/BioNTech",269769,109336,379105
2021-02-09,"Moderna, Oxford/AstraZeneca, Pfizer/BioNTech",274875,121183,396058
2021-02-10,"Moderna, Oxford/AstraZeneca, Pfizer/BioNTech",280391,134369,414760
2021-02-11,"Moderna, Oxford/AstraZeneca, Pfizer/BioNTech",286723,150571,437294
2021-02-12,"Moderna, Oxford/AstraZeneca, Pfizer/BioNTech",293552,165313,458865
2021-02-13,"Moderna, Oxford/AstraZeneca, Pfizer/BioNTech",295166,168302,463468
2021-02-14,"Moderna, Oxford/AstraZeneca, Pfizer/BioNTech",296169,169688,465857
2021-02-15,"Moderna, Oxford/AstraZeneca, Pfizer/BioNTech",302565,179059,481624
2021-02-16,"Moderna, Oxford/AstraZeneca, Pfizer/BioNTech",311286,188144,499430
2021-02-17,"Moderna, Oxford/AstraZeneca, Pfizer/BioNTech",320985,196452,517437
2021-02-18,"Moderna, Oxford/AstraZeneca, Pfizer/BioNTech",333316,204536,537852
2021-02-19,"Moderna, Oxford/AstraZeneca, Pfizer/BioNTech",345181,211915,557096
2021-02-20,"Moderna, Oxford/AstraZeneca, Pfizer/BioNTech",347190,213101,560291
2021-02-21,"Moderna, Oxford/AstraZeneca, Pfizer/BioNTech",348326,214127,562453
2021-02-22,"Moderna, Oxford/AstraZeneca, Pfizer/BioNTech",358453,220162,578615
2021-02-23,"Moderna, Oxford/AstraZeneca, Pfizer/BioNTech",371419,227154,598573
2021-02-24,"Moderna, Oxford/AstraZeneca, Pfizer/BioNTech",385302,233194,618496
2021-02-25,"Moderna, Oxford/AstraZeneca, Pfizer/BioNTech",403283,238745,642028
2021-02-26,"Moderna, Oxford/AstraZeneca, Pfizer/BioNTech",419462,244107,663569
2021-02-27,"Moderna, Oxford/AstraZeneca, Pfizer/BioNTech",422472,244666,667138
2021-02-28,"Moderna, Oxford/AstraZeneca, Pfizer/BioNTech",424830,245218,670048
2021-03-01,"Moderna, Oxford/AstraZeneca, Pfizer/BioNTech",444429,248669,693098
2021-03-02,"Moderna, Oxford/AstraZeneca, Pfizer/BioNTech",471655,252218,723873
2021-03-03,"Moderna, Oxford/AstraZeneca, Pfizer/BioNTech",502610,256728,759338
2021-03-04,"Moderna, Oxford/AstraZeneca, Pfizer/BioNTech",535905,261418,797323
2021-03-05,"Johnson&Johnson, Moderna, Oxford/AstraZeneca, Pfizer/BioNTech",564754,266843,831597
2021-03-06,"Johnson&Johnson, Moderna, Oxford/AstraZeneca, Pfizer/BioNTech",576909,267708,844617
2021-03-07,"Johnson&Johnson, Moderna, Oxford/AstraZeneca, Pfizer/BioNTech",588458,268550,857008
2021-03-08,"Johnson&Johnson, Moderna, Oxford/AstraZeneca, Pfizer/BioNTech",618210,273412,891622
2021-03-09,"Johnson&Johnson, Moderna, Oxford/AstraZeneca, Pfizer/BioNTech",654567,279798,934365
2021-03-10,"Johnson&Johnson, Moderna, Oxford/AstraZeneca, Pfizer/BioNTech",695901,286758,982659
2021-03-11,"Johnson&Johnson, Moderna, Oxford/AstraZeneca, Pfizer/BioNTech",740752,295124,1035876
2021-03-12,"Johnson&Johnson, Moderna, Oxford/AstraZeneca, Pfizer/BioNTech",779522,303620,1083142
2021-03-13,"Johnson&Johnson, Moderna, Oxford/AstraZeneca, Pfizer/BioNTech",796630,304934,1101564
2021-03-14,"Johnson&Johnson, Moderna, Oxford/AstraZeneca, Pfizer/BioNTech",808749,306090,1114839
2021-03-15,"Johnson&Johnson, Moderna, Oxford/AstraZeneca, Pfizer/BioNTech",837136,314869,1152005
2021-03-16,"Johnson&Johnson, Moderna, Oxford/AstraZeneca, Pfizer/BioNTech",876026,325408,1201434
2021-03-17,"Moderna, Oxford/AstraZeneca, Pfizer/BioNTech",913517,335920,1249437
2021-03-18,"Johnson&Johnson, Moderna, Oxford/AstraZeneca, Pfizer/BioNTech",951526,348344,1299870
2021-03-19,"Moderna, Oxford/AstraZeneca, Pfizer/BioNTech",986040,361959,1347999
2021-03-20,"Johnson&Johnson, Moderna, Oxford/AstraZeneca, Pfizer/BioNTech",1001224,363991,1365215
2021-03-21,"Johnson&Johnson, Moderna, Oxford/AstraZeneca, Pfizer/BioNTech",1008666,365551,1374217
2021-03-22,"Johnson&Johnson, Moderna, Oxford/AstraZeneca, Pfizer/BioNTech",1033253,378054,1411307
2021-03-23,"Johnson&Johnson, Moderna, Oxford/AstraZeneca, Pfizer/BioNTech",1059927,391418,1451345
2021-03-24,"Johnson&Johnson, Moderna, Oxford/AstraZeneca, Pfizer/BioNTech",1086811,407163,1493974
2021-03-25,"Johnson&Johnson, Moderna, Oxford/AstraZeneca, Pfizer/BioNTech",1113167,425019,1538186
2021-03-26,"Johnson&Johnson, Moderna, Oxford/AstraZeneca, Pfizer/BioNTech",1138008,442529,1580537
2021-03-27,"Johnson&Johnson, Moderna, Oxford/AstraZeneca, Pfizer/BioNTech",1146464,447374,1593838
2021-03-28,"Moderna, Oxford/AstraZeneca, Pfizer/BioNTech",1152013,451522,1603535
2021-03-29,"Johnson&Johnson, Moderna, Oxford/AstraZeneca, Pfizer/BioNTech",1171165,472258,1643423
2021-03-30,"Johnson&Johnson, Moderna, Oxford/AstraZeneca, Pfizer/BioNTech",1195876,494440,1690316
2021-03-31,"Johnson&Johnson, Moderna, Oxford/AstraZeneca, Pfizer/BioNTech",1219035,521510,1740545
2021-04-01,"Johnson&Johnson, Moderna, Oxford/AstraZeneca, Pfizer/BioNTech",1244715,553572,1798287
2021-04-02,"Johnson&Johnson, Moderna, Oxford/AstraZeneca, Pfizer/BioNTech",1251686,566374,1818060
2021-04-03,"Johnson&Johnson, Moderna, Oxford/AstraZeneca, Pfizer/BioNTech",1255335,577305,1832640
2021-04-04,"Johnson&Johnson, Moderna, Oxford/AstraZeneca, Pfizer/BioNTech",1257874,586230,1844104
2021-04-05,"Johnson&Johnson, Moderna, Oxford/AstraZeneca, Pfizer/BioNTech",1260301,593431,1853732
2021-04-06,"Johnson&Johnson, Moderna, Oxford/AstraZeneca, Pfizer/BioNTech",1276514,622710,1899224
2021-04-07,"Johnson&Johnson, Moderna, Oxford/AstraZeneca, Pfizer/BioNTech",1300005,644952,1944957
2021-04-08,"Johnson&Johnson, Moderna, Oxford/AstraZeneca, Pfizer/BioNTech",1338805,676000,2014805
2021-04-09,"Johnson&Johnson, Moderna, Oxford/AstraZeneca, Pfizer/BioNTech",1378402,706198,2084600
2021-04-10,"Johnson&Johnson, Moderna, Oxford/AstraZeneca, Pfizer/BioNTech",1393966,721509,2115475
2021-04-11,"Johnson&Johnson, Moderna, Oxford/AstraZeneca, Pfizer/BioNTech",1403768,731563,2135331
2021-04-12,"Johnson&Johnson, Moderna, Oxford/AstraZeneca, Pfizer/BioNTech",1442097,756704,2198801
2021-04-13,"Moderna, Oxford/AstraZeneca, Pfizer/BioNTech",1478401,782742,2261143
2021-04-14,"Moderna, Oxford/AstraZeneca, Pfizer/BioNTech",1517286,810114,2327400
2021-04-15,"Moderna, Oxford/AstraZeneca, Pfizer/BioNTech",1565117,835891,2401008
2021-04-16,"Moderna, Oxford/AstraZeneca, Pfizer/BioNTech",1609824,861575,2471399
2021-04-17,"Moderna, Oxford/AstraZeneca, Pfizer/BioNTech",1626548,870604,2497152
2021-04-18,"Moderna, Oxford/AstraZeneca, Pfizer/BioNTech",1639550,875591,2515141
2021-04-19,"Moderna, Oxford/AstraZeneca, Pfizer/BioNTech",1683522,891037,2574559
2021-04-20,"Johnson&Johnson, Moderna, Oxford/AstraZeneca, Pfizer/BioNTech",1726117,906923,2633040
2021-04-21,"Moderna, Oxford/AstraZeneca, Pfizer/BioNTech",1773894,921292,2695186
2021-04-22,"Johnson&Johnson, Moderna, Oxford/AstraZeneca, Pfizer/BioNTech",1828421,938692,2767113
2021-04-23,"Johnson&Johnson, Moderna, Oxford/AstraZeneca, Pfizer/BioNTech",1878440,950759,2829199
2021-04-24,"Johnson&Johnson, Moderna, Oxford/AstraZeneca, Pfizer/BioNTech",1896313,956023,2852336
2021-04-25,"Johnson&Johnson, Moderna, Oxford/AstraZeneca, Pfizer/BioNTech",1911024,960023,2871047
2021-04-26,"Johnson&Johnson, Moderna, Oxford/AstraZeneca, Pfizer/BioNTech",1960644,967590,2928234
2021-04-27,"Johnson&Johnson, Moderna, Oxford/AstraZeneca, Pfizer/BioNTech",2009644,979844,2989488
2021-04-28,"Johnson&Johnson, Moderna, Oxford/AstraZeneca, Pfizer/BioNTech",2068435,993875,3062310
2021-04-29,"Johnson&Johnson, Moderna, Oxford/AstraZeneca, Pfizer/BioNTech",2134058,1009793,3143851
2021-04-30,"Johnson&Johnson, Moderna, Oxford/AstraZeneca, Pfizer/BioNTech",2196362,1019787,3216149
2021-05-01,"Johnson&Johnson, Moderna, Oxford/AstraZeneca, Pfizer/BioNTech",2215748,1023250,3238998
2021-05-02,"Johnson&Johnson, Moderna, Oxford/AstraZeneca, Pfizer/BioNTech",2234698,1025538,3260236
2021-05-03,"Johnson&Johnson, Moderna, Oxford/AstraZeneca, Pfizer/BioNTech",2301991,1030619,3332610
2021-05-04,"Johnson&Johnson, Moderna, Oxford/AstraZeneca, Pfizer/BioNTech",2368545,1038993,3407538
2021-05-05,"Johnson&Johnson, Moderna, Oxford/AstraZeneca, Pfizer/BioNTech",2441780,1048439,3490219
2021-05-06,"Johnson&Johnson, Moderna, Oxford/AstraZeneca, Pfizer/BioNTech",2522242,1059191,3581433
2021-05-07,"Johnson&Johnson, Moderna, Oxford/AstraZeneca, Pfizer/BioNTech",2599590,1069333,3668923
2021-05-08,"Johnson&Johnson, Moderna, Oxford/AstraZeneca, Pfizer/BioNTech",2629110,1071122,3700232
2021-05-09,"Johnson&Johnson, Moderna, Oxford/AstraZeneca, Pfizer/BioNTech",2653360,1072344,3725704
2021-05-10,"Johnson&Johnson, Moderna, Oxford/AstraZeneca, Pfizer/BioNTech",2726193,1079591,3805784
2021-05-11,"Johnson&Johnson, Moderna, Oxford/AstraZeneca, Pfizer/BioNTech",2802352,1088425,3890777
2021-05-12,"Johnson&Johnson, Moderna, Oxford/AstraZeneca, Pfizer/BioNTech",2882310,1097568,3979878
2021-05-13,"Johnson&Johnson, Moderna, Oxford/AstraZeneca, Pfizer/BioNTech",2966377,1106758,4073135
2021-05-14,"Johnson&Johnson, Moderna, Oxford/AstraZeneca, Pfizer/BioNTech",3045922,1114584,4160506
2021-05-15,"Johnson&Johnson, Moderna, Oxford/AstraZeneca, Pfizer/BioNTech",3077895,1116866,4194761
2021-05-16,"Johnson&Johnson, Moderna, Oxford/AstraZeneca, Pfizer/BioNTech",3103719,1118149,4221868
2021-05-17,"Johnson&Johnson, Moderna, Oxford/AstraZeneca, Pfizer/BioNTech",3176282,1124903,4301185
2021-05-18,"Johnson&Johnson, Moderna, Oxford/AstraZeneca, Pfizer/BioNTech",3248271,1138023,4386294
2021-05-19,"Johnson&Johnson, Moderna, Oxford/AstraZeneca, Pfizer/BioNTech",3325779,1153193,4478972
2021-05-20,"Johnson&Johnson, Moderna, Oxford/AstraZeneca, Pfizer/BioNTech",3401295,1180257,4581552
2021-05-21,"Johnson&Johnson, Moderna, Oxford/AstraZeneca, Pfizer/BioNTech",3470167,1208066,4678233
2021-05-22,"Johnson&Johnson, Moderna, Oxford/AstraZeneca, Pfizer/BioNTech",3502630,1219300,4721930
2021-05-23,"Johnson&Johnson, Moderna, Oxford/AstraZeneca, Pfizer/BioNTech",3525078,1228350,4753428
2021-05-24,"Johnson&Johnson, Moderna, Oxford/AstraZeneca, Pfizer/BioNTech",3572282,1262038,4834320
2021-05-25,"Johnson&Johnson, Moderna, Oxford/AstraZeneca, Pfizer/BioNTech",3624205,1297892,4922097
2021-05-26,"Johnson&Johnson, Moderna, Oxford/AstraZeneca, Pfizer/BioNTech",3692005,1335452,5027457
2021-05-27,"Johnson&Johnson, Moderna, Oxford/AstraZeneca, Pfizer/BioNTech",3753465,1382826,5136291
2021-05-28,"Johnson&Johnson, Moderna, Oxford/AstraZeneca, Pfizer/BioNTech",3815250,1429437,5244687
2021-05-29,"Johnson&Johnson, Moderna, Oxford/AstraZeneca, Pfizer/BioNTech",3844517,1446574,5291091
2021-05-30,"Johnson&Johnson, Moderna, Oxford/AstraZeneca, Pfizer/BioNTech",3866942,1461040,5327982
2021-05-31,"Johnson&Johnson, Moderna, Oxford/AstraZeneca, Pfizer/BioNTech",3922720,1508581,5431301
2021-06-01,"Johnson&Johnson, Moderna, Oxford/AstraZeneca, Pfizer/BioNTech",3981819,1557462,5539281
2021-06-02,"Johnson&Johnson, Moderna, Oxford/AstraZeneca, Pfizer/BioNTech",4044792,1611494,5656286
2021-06-03,"Johnson&Johnson, Moderna, Oxford/AstraZeneca, Pfizer/BioNTech",4103063,1671742,5774805
2021-06-04,"Johnson&Johnson, Moderna, Oxford/AstraZeneca, Pfizer/BioNTech",4166201,1729183,5895384
2021-06-05,"Johnson&Johnson, Moderna, Oxford/AstraZeneca, Pfizer/BioNTech",4200396,1748107,5948503
2021-06-06,"Johnson&Johnson, Moderna, Oxford/AstraZeneca, Pfizer/BioNTech",4227364,1763282,5990646
2021-06-07,"Johnson&Johnson, Moderna, Oxford/AstraZeneca, Pfizer/BioNTech",4291064,1818944,6110008
2021-06-08,"Johnson&Johnson, Moderna, Oxford/AstraZeneca, Pfizer/BioNTech",4355082,1873977,6229059
2021-06-09,"Johnson&Johnson, Moderna, Oxford/AstraZeneca, Pfizer/BioNTech",4414308,1938690,6352998
2021-06-10,"Johnson&Johnson, Moderna, Oxford/AstraZeneca, Pfizer/BioNTech",4468181,2010023,6478204
2021-06-11,"Johnson&Johnson, Moderna, Oxford/AstraZeneca, Pfizer/BioNTech",4520314,2079887,6600201
2021-06-12,"Johnson&Johnson, Moderna, Oxford/AstraZeneca, Pfizer/BioNTech",4552357,2100734,6653091
2021-06-13,"Johnson&Johnson, Moderna, Oxford/AstraZeneca, Pfizer/BioNTech",4576400,2119181,6695581
2021-06-14,"Johnson&Johnson, Moderna, Oxford/AstraZeneca, Pfizer/BioNTech",4619501,2193609,6813110
2021-06-15,"Johnson&Johnson, Moderna, Oxford/AstraZeneca, Pfizer/BioNTech",4664180,2266021,6930201
2021-06-16,"Johnson&Johnson, Moderna, Oxford/AstraZeneca, Pfizer/BioNTech",4706985,2344305,7051290
2021-06-17,"Johnson&Johnson, Moderna, Oxford/AstraZeneca, Pfizer/BioNTech",4746419,2427442,7173861
2021-06-18,"Johnson&Johnson, Moderna, Oxford/AstraZeneca, Pfizer/BioNTech",4788871,2508050,7296921
2021-06-19,"Johnson&Johnson, Moderna, Oxford/AstraZeneca, Pfizer/BioNTech",4810669,2537388,7348057
2021-06-20,"Johnson&Johnson, Moderna, Oxford/AstraZeneca, Pfizer/BioNTech",4828074,2561276,7389350
2021-06-21,"Johnson&Johnson, Moderna, Oxford/AstraZeneca, Pfizer/BioNTech",4860587,2639934,7500521
2021-06-22,"Johnson&Johnson, Moderna, Oxford/AstraZeneca, Pfizer/BioNTech",4893560,2722283,7615843
2021-06-23,"Johnson&Johnson, Moderna, Oxford/AstraZeneca, Pfizer/BioNTech",4925269,2807553,7732822
2021-06-24,"Johnson&Johnson, Moderna, Oxford/AstraZeneca, Pfizer/BioNTech",4955135,2897621,7852756
2021-06-25,"Johnson&Johnson, Moderna, Oxford/AstraZeneca, Pfizer/BioNTech",4986234,2983874,7970108
2021-06-26,"Johnson&Johnson, Moderna, Oxford/AstraZeneca, Pfizer/BioNTech",5002145,3018770,8020915
2021-06-27,"Johnson&Johnson, Moderna, Oxford/AstraZeneca, Pfizer/BioNTech",5016114,3045497,8061611
2021-06-28,"Johnson&Johnson, Moderna, Oxford/AstraZeneca, Pfizer/BioNTech",5044528,3130742,8175270
2021-06-29,"Johnson&Johnson, Moderna, Oxford/AstraZeneca, Pfizer/BioNTech",5073821,3217302,8291123
2021-06-30,"Johnson&Johnson, Moderna, Oxford/AstraZeneca, Pfizer/BioNTech",5101338,3308365,8409703
2021-07-01,"Johnson&Johnson, Moderna, Oxford/AstraZeneca, Pfizer/BioNTech",5125327,3398494,8523821
2021-07-02,"Johnson&Johnson, Moderna, Oxford/AstraZeneca, Pfizer/BioNTech",5152068,3484452,8636520
2021-07-03,"Johnson&Johnson, Moderna, Oxford/AstraZeneca, Pfizer/BioNTech",5159182,3516030,8675212
2021-07-04,"Johnson&Johnson, Moderna, Oxford/AstraZeneca, Pfizer/BioNTech",5166767,3537853,8704620
2021-07-05,"Johnson&Johnson, Moderna, Oxford/AstraZeneca, Pfizer/BioNTech",5174176,3563265,8737441
2021-07-06,"Johnson&Johnson, Moderna, Oxford/AstraZeneca, Pfizer/BioNTech",5179639,3590991,8770630
2021-07-07,"Johnson&Johnson, Moderna, Oxford/AstraZeneca, Pfizer/BioNTech",5205462,3670037,8875499
2021-07-08,"Johnson&Johnson, Moderna, Oxford/AstraZeneca, Pfizer/BioNTech",5232075,3740409,8972484
2021-07-09,"Johnson&Johnson, Moderna, Oxford/AstraZeneca, Pfizer/BioNTech",5260016,3809776,9069792
2021-07-10,"Johnson&Johnson, Moderna, Oxford/AstraZeneca, Pfizer/BioNTech",5269390,3838459,9107849
2021-07-11,"Johnson&Johnson, Moderna, Oxford/AstraZeneca, Pfizer/BioNTech",5277940,3861365,9139305
2021-07-12,"Johnson&Johnson, Moderna, Oxford/AstraZeneca, Pfizer/BioNTech",5305471,3930488,9235959
2021-07-13,"Johnson&Johnson, Moderna, Oxford/AstraZeneca, Pfizer/BioNTech",5331677,4000386,9332063
2021-07-14,"Johnson&Johnson, Moderna, Oxford/AstraZeneca, Pfizer/BioNTech",5357507,4072420,9429927
2021-07-15,"Johnson&Johnson, Moderna, Oxford/AstraZeneca, Pfizer/BioNTech",5386690,4138472,9525162
2021-07-16,"Johnson&Johnson, Moderna, Oxford/AstraZeneca, Pfizer/BioNTech",5414616,4211247,9625863
2021-07-17,"Johnson&Johnson, Moderna, Oxford/AstraZeneca, Pfizer/BioNTech",5423423,4242735,9666158
2021-07-18,"Johnson&Johnson, Moderna, Oxford/AstraZeneca, Pfizer/BioNTech",5431867,4268759,9700626
2021-07-19,"Johnson&Johnson, Moderna, Oxford/AstraZeneca, Pfizer/BioNTech",5455230,4335818,9791048
2021-07-20,"Johnson&Johnson, Moderna, Oxford/AstraZeneca, Pfizer/BioNTech",5476634,4402907,9879541
2021-07-21,"Johnson&Johnson, Moderna, Oxford/AstraZeneca, Pfizer/BioNTech",5500081,4466382,9966463
2021-07-22,"Johnson&Johnson, Moderna, Oxford/AstraZeneca, Pfizer/BioNTech",5522456,4525035,10047491
2021-07-23,"Johnson&Johnson, Moderna, Oxford/AstraZeneca, Pfizer/BioNTech",5545678,4579805,10125483
2021-07-24,"Johnson&Johnson, Moderna, Oxford/AstraZeneca, Pfizer/BioNTech",5553016,4607506,10160522
2021-07-25,"Johnson&Johnson, Moderna, Oxford/AstraZeneca, Pfizer/BioNTech",5559650,4629656,10189306
2021-07-26,"Johnson&Johnson, Moderna, Oxford/AstraZeneca, Pfizer/BioNTech",5583202,4678366,10261568
2021-07-27,"Johnson&Johnson, Moderna, Oxford/AstraZeneca, Pfizer/BioNTech",5605943,4725017,10330960
2021-07-28,"Johnson&Johnson, Moderna, Oxford/AstraZeneca, Pfizer/BioNTech",5627215,4771040,10398255
2021-07-29,"Johnson&Johnson, Moderna, Oxford/AstraZeneca, Pfizer/BioNTech",5648545,4813028,10461573
2021-07-30,"Johnson&Johnson, Moderna, Oxford/AstraZeneca, Pfizer/BioNTech",5671822,4855621,10527443
2021-07-31,"Johnson&Johnson, Moderna, Oxford/AstraZeneca, Pfizer/BioNTech",5680766,4875166,10555932
2021-08-01,"Johnson&Johnson, Moderna, Oxford/AstraZeneca, Pfizer/BioNTech",5687496,4891355,10578851
2021-08-02,"Johnson&Johnson, Moderna, Oxford/AstraZeneca, Pfizer/BioNTech",5706136,4928921,10635057
2021-08-03,"Johnson&Johnson, Moderna, Oxford/AstraZeneca, Pfizer/BioNTech",5723783,4967044,10690827
2021-08-04,"Johnson&Johnson, Moderna, Oxford/AstraZeneca, Pfizer/BioNTech",5739898,5003813,10743711
2021-08-05,"Johnson&Johnson, Moderna, Oxford/AstraZeneca, Pfizer/BioNTech",5755939,5044314,10800253
2021-08-06,"Johnson&Johnson, Moderna, Oxford/AstraZeneca, Pfizer/BioNTech",5772730,5087611,10860341
2021-08-07,"Johnson&Johnson, Moderna, Oxford/AstraZeneca, Pfizer/BioNTech",5778330,5105806,10884136
2021-08-08,"Johnson&Johnson, Moderna, Oxford/AstraZeneca, Pfizer/BioNTech",5782693,5121569,10904262
2021-08-09,"Johnson&Johnson, Moderna, Oxford/AstraZeneca, Pfizer/BioNTech",5795332,5166641,10961973
2021-08-10,"Johnson&Johnson, Moderna, Oxford/AstraZeneca, Pfizer/BioNTech",5807176,5206221,11013397
2021-08-11,"Johnson&Johnson, Moderna, Oxford/AstraZeneca, Pfizer/BioNTech",5818530,5249354,11067884
2021-08-12,"Johnson&Johnson, Moderna, Oxford/AstraZeneca, Pfizer/BioNTech",5829955,5286493,11116448
2021-08-13,"Johnson&Johnson, Moderna, Oxford/AstraZeneca, Pfizer/BioNTech",5840679,5326838,11167517
2021-08-14,"Johnson&Johnson, Moderna, Oxford/AstraZeneca, Pfizer/BioNTech",5844015,5337554,11181569
2021-08-15,"Johnson&Johnson, Moderna, Oxford/AstraZeneca, Pfizer/BioNTech",5846599,5347936,11194535
2021-08-16,"Johnson&Johnson, Moderna, Oxford/AstraZeneca, Pfizer/BioNTech",5856388,5382009,11238397
2021-08-17,"Johnson&Johnson, Moderna, Oxford/AstraZeneca, Pfizer/BioNTech",5865983,5409105,11275088
2021-08-18,"Johnson&Johnson, Moderna, Oxford/AstraZeneca, Pfizer/BioNTech",5875359,5447982,11323341
2021-08-19,"Johnson&Johnson, Moderna, Oxford/AstraZeneca, Pfizer/BioNTech",5885031,5486331,11371362
2021-08-20,"Johnson&Johnson, Moderna, Oxford/AstraZeneca, Pfizer/BioNTech",5896417,5526518,11422935
2021-08-21,"Johnson&Johnson, Moderna, Oxford/AstraZeneca, Pfizer/BioNTech",5899137,5539284,11438421
2021-08-22,"Johnson&Johnson, Moderna, Oxford/AstraZeneca, Pfizer/BioNTech",5901481,5551252,11452733
2021-08-23,"Johnson&Johnson, Moderna, Oxford/AstraZeneca, Pfizer/BioNTech",5912010,5590526,11502536
2021-08-24,"Johnson&Johnson, Moderna, Oxford/AstraZeneca, Pfizer/BioNTech",5921883,5623775,11545658
2021-08-25,"Johnson&Johnson, Moderna, Oxford/AstraZeneca, Pfizer/BioNTech",5930749,5652151,11582900
2021-08-26,"Johnson&Johnson, Moderna, Oxford/AstraZeneca, Pfizer/BioNTech",5939199,5678278,11617477
2021-08-27,"Johnson&Johnson, Moderna, Oxford/AstraZeneca, Pfizer/BioNTech",5949527,5704250,11653777
2021-08-28,"Johnson&Johnson, Moderna, Oxford/AstraZeneca, Pfizer/BioNTech",5952256,5711307,11663563
2021-08-29,"Johnson&Johnson, Moderna, Oxford/AstraZeneca, Pfizer/BioNTech",5954668,5717925,11672593
2021-08-30,"Johnson&Johnson, Moderna, Oxford/AstraZeneca, Pfizer/BioNTech",5963196,5739803,11702999
2021-08-31,"Johnson&Johnson, Moderna, Oxford/AstraZeneca, Pfizer/BioNTech",5970873,5757901,11728774
2021-09-01,"Johnson&Johnson, Moderna, Oxford/AstraZeneca, Pfizer/BioNTech",5976767,5771904,11748671
2021-09-02,"Johnson&Johnson, Moderna, Oxford/AstraZeneca, Pfizer/BioNTech",5983606,5786293,11769899
2021-09-03,"Johnson&Johnson, Moderna, Oxford/AstraZeneca, Pfizer/BioNTech",5993166,5802015,11795181
2021-09-04,"Johnson&Johnson, Moderna, Oxford/AstraZeneca, Pfizer/BioNTech",5995234,5805569,11800803
2021-09-05,"Johnson&Johnson, Moderna, Oxford/AstraZeneca, Pfizer/BioNTech",5997273,5808414,11805687
2021-09-06,"Johnson&Johnson, Moderna, Oxford/AstraZeneca, Pfizer/BioNTech",6003511,5820950,11824461
2021-09-07,"Johnson&Johnson, Moderna, Oxford/AstraZeneca, Pfizer/BioNTech",6007905,5832042,11839947
2021-09-08,"Johnson&Johnson, Moderna, Oxford/AstraZeneca, Pfizer/BioNTech",6013581,5841890,11855471
2021-09-09,"Johnson&Johnson, Moderna, Oxford/AstraZeneca, Pfizer/BioNTech",6020277,5851959,11872236
2021-09-10,"Johnson&Johnson, Moderna, Oxford/AstraZeneca, Pfizer/BioNTech",6027970,5864132,11892102
2021-09-11,"Johnson&Johnson, Moderna, Oxford/AstraZeneca, Pfizer/BioNTech",6029835,5866614,11896449
2021-09-12,"Johnson&Johnson, Moderna, Oxford/AstraZeneca, Pfizer/BioNTech",6030953,5868246,11899199
2021-09-13,"Johnson&Johnson, Moderna, Oxford/AstraZeneca, Pfizer/BioNTech",6036380,5878543,11914923
2021-09-14,"Johnson&Johnson, Moderna, Oxford/AstraZeneca, Pfizer/BioNTech",6041775,5887560,11929335
2021-09-15,"Johnson&Johnson, Moderna, Oxford/AstraZeneca, Pfizer/BioNTech",6046977,5896084,11943061
2021-09-16,"Johnson&Johnson, Moderna, Oxford/AstraZeneca, Pfizer/BioNTech",6052323,5904355,11956678
2021-09-17,"Johnson&Johnson, Moderna, Oxford/AstraZeneca, Pfizer/BioNTech",6058890,5914585,11973475
2021-09-18,"Johnson&Johnson, Moderna, Oxford/AstraZeneca, Pfizer/BioNTech",6060617,5916943,11977560
2021-09-19,"Johnson&Johnson, Moderna, Oxford/AstraZeneca, Pfizer/BioNTech",6061563,5918510,11980073
2021-09-20,"Johnson&Johnson, Moderna, Oxford/AstraZeneca, Pfizer/BioNTech",6065578,5926704,11992282
2021-09-21,"Johnson&Johnson, Moderna, Oxford/AstraZeneca, Pfizer/BioNTech",6069811,5934234,12004045
2021-09-22,"Johnson&Johnson, Moderna, Oxford/AstraZeneca, Pfizer/BioNTech",6073999,5939744,12013743
2021-09-23,"Johnson&Johnson, Moderna, Oxford/AstraZeneca, Pfizer/BioNTech",6078973,5946148,12025121
2021-09-24,"Johnson&Johnson, Moderna, Oxford/AstraZeneca, Pfizer/BioNTech",6084732,5955768,12040500
2021-09-25,"Johnson&Johnson, Moderna, Oxford/AstraZeneca, Pfizer/BioNTech",6086228,5957768,12043996
2021-09-26,"Johnson&Johnson, Moderna, Oxford/AstraZeneca, Pfizer/BioNTech",6086972,5959405,12046377
2021-09-27,"Johnson&Johnson, Moderna, Oxford/AstraZeneca, Pfizer/BioNTech",6090850,5965917,12056767
2021-09-28,"Johnson&Johnson, Moderna, Pfizer/BioNTech",6091215,5966542,12057757
2021-09-29,"Johnson&Johnson, Moderna, Oxford/AstraZeneca, Pfizer/BioNTech",6094991,5974001,12068992
2021-09-30,"Johnson&Johnson, Moderna, Oxford/AstraZeneca, Pfizer/BioNTech",6099497,5981696,12081193
2021-10-01,"Johnson&Johnson, Moderna, Oxford/AstraZeneca, Pfizer/BioNTech",6103799,5989673,12093472
2021-10-02,"Johnson&Johnson, Moderna, Oxford/AstraZeneca, Pfizer/BioNTech",6104862,5991213,12096075
2021-10-03,"Johnson&Johnson, Moderna, Pfizer/BioNTech",6105587,5992081,12097668
2021-10-04,"Johnson&Johnson, Moderna, Oxford/AstraZeneca, Pfizer/BioNTech",6108664,5997647,12106311
2021-10-05,"Johnson&Johnson, Moderna, Oxford/AstraZeneca, Pfizer/BioNTech",6111827,6002730,12114557
2021-10-06,"Johnson&Johnson, Moderna, Oxford/AstraZeneca, Pfizer/BioNTech",6115346,6007900,12123246
2021-10-07,"Johnson&Johnson, Moderna, Oxford/AstraZeneca, Pfizer/BioNTech",6118626,6013157,12131783
2021-10-08,"Johnson&Johnson, Moderna, Oxford/AstraZeneca, Pfizer/BioNTech",6123420,6019794,12143214
2021-10-09,"Johnson&Johnson, Moderna, Oxford/AstraZeneca, Pfizer/BioNTech",6124664,6021452,12146116
2021-10-10,"Johnson&Johnson, Moderna, Oxford/AstraZeneca, Pfizer/BioNTech",6125607,6022283,12147890
2021-10-11,"Johnson&Johnson, Moderna, Oxford/AstraZeneca, Pfizer/BioNTech",6128537,6026696,12155233
2021-10-12,"Johnson&Johnson, Moderna, Oxford/AstraZeneca, Pfizer/BioNTech",6131467,6030699,12162166
2021-10-13,"Johnson&Johnson, Moderna, Oxford/AstraZeneca, Pfizer/BioNTech",6134998,6034882,12169880
2021-10-14,"Johnson&Johnson, Moderna, Oxford/AstraZeneca, Pfizer/BioNTech",6138669,6039829,12178498
2021-10-15,"Johnson&Johnson, Moderna, Oxford/AstraZeneca, Pfizer/BioNTech",6143899,6045973,12189872
2021-10-16,"Johnson&Johnson, Moderna, Oxford/AstraZeneca, Pfizer/BioNTech",6145314,6047498,12192812
2021-10-17,"Johnson&Johnson, Moderna, Pfizer/BioNTech",6146640,6048551,12195191
2021-10-18,"Johnson&Johnson, Moderna, Oxford/AstraZeneca, Pfizer/BioNTech",6150756,6052644,12203400
2021-10-19,"Johnson&Johnson, Moderna, Oxford/AstraZeneca, Pfizer/BioNTech",6154334,6054739,12209073
2021-10-20,"Johnson&Johnson, Moderna, Oxford/AstraZeneca, Pfizer/BioNTech",6159214,6059187,12218401
2021-10-21,"Johnson&Johnson, Moderna, Oxford/AstraZeneca, Pfizer/BioNTech",6166981,6064787,12231768
2021-10-22,"Johnson&Johnson, Moderna, Oxford/AstraZeneca, Pfizer/BioNTech",6177434,6071290,12248724
2021-10-23,"Johnson&Johnson, Moderna, Oxford/AstraZeneca, Pfizer/BioNTech",6181109,6073496,12254605
2021-10-24,"Johnson&Johnson, Moderna, Oxford/AstraZeneca, Pfizer/BioNTech",6183791,6075274,12259065
2021-10-25,"Johnson&Johnson, Moderna, Oxford/AstraZeneca, Pfizer/BioNTech",6194289,6081079,12275368
2021-10-26,"Johnson&Johnson, Moderna, Oxford/AstraZeneca, Pfizer/BioNTech",6206280,6087627,12293907
2021-10-27,"Johnson&Johnson, Moderna, Oxford/AstraZeneca, Pfizer/BioNTech",6220890,6095028,12315918
2021-10-28,"Johnson&Johnson, Moderna, Oxford/AstraZeneca, Pfizer/BioNTech",6224310,6096709,12321019
2021-10-29,"Johnson&Johnson, Moderna, Oxford/AstraZeneca, Pfizer/BioNTech",6238743,6104691,12343434
2021-10-30,"Johnson&Johnson, Moderna, Oxford/AstraZeneca, Pfizer/BioNTech",6243272,6107615,12350887
2021-10-31,"Johnson&Johnson, Moderna, Oxford/AstraZeneca, Pfizer/BioNTech",6247034,6110086,12357120
2021-11-01,"Johnson&Johnson, Moderna, Oxford/AstraZeneca, Pfizer/BioNTech",6262236,6117777,12380013
2021-11-02,"Johnson&Johnson, Moderna, Oxford/AstraZeneca, Pfizer/BioNTech",6277687,6125332,12403019
2021-11-03,"Johnson&Johnson, Moderna, Oxford/AstraZeneca, Pfizer/BioNTech",6294867,6132627,12427494
2021-11-04,"Johnson&Johnson, Moderna, Oxford/AstraZeneca, Pfizer/BioNTech",6313221,6140794,12454015
2021-11-05,"Johnson&Johnson, Moderna, Oxford/AstraZeneca, Pfizer/BioNTech",6336019,6152073,12488092
2021-11-06,"Johnson&Johnson, Moderna, Oxford/AstraZeneca, Pfizer/BioNTech",6342530,6155125,12497655
2021-11-07,"Johnson&Johnson, Moderna, Oxford/AstraZeneca, Pfizer/BioNTech",6346551,6157561,12504112
2021-11-08,"Johnson&Johnson, Moderna, Oxford/AstraZeneca, Pfizer/BioNTech",6362822,6165194,12528016
2021-11-09,"Johnson&Johnson, Moderna, Oxford/AstraZeneca, Pfizer/BioNTech",6377630,6172485,12550115
2021-11-10,"Johnson&Johnson, Moderna, Oxford/AstraZeneca, Pfizer/BioNTech",6393372,6179861,12573233
2021-11-11,"Johnson&Johnson, Moderna, Oxford/AstraZeneca, Pfizer/BioNTech",6408843,6188963,12597806
2021-11-12,"Johnson&Johnson, Moderna, Oxford/AstraZeneca, Pfizer/BioNTech",6428649,6201759,12630408
2021-11-13,"Johnson&Johnson, Moderna, Oxford/AstraZeneca, Pfizer/BioNTech",6434040,6205630,12639670
2021-11-14,"Johnson&Johnson, Moderna, Oxford/AstraZeneca, Pfizer/BioNTech",6437931,6208632,12646563
2021-11-15,"Johnson&Johnson, Moderna, Oxford/AstraZeneca, Pfizer/BioNTech",6453010,6219323,12672333
2021-11-16,"Johnson&Johnson, Moderna, Oxford/AstraZeneca, Pfizer/BioNTech",6470554,6231305,12701859
2021-11-17,"Johnson&Johnson, Moderna, Oxford/AstraZeneca, Pfizer/BioNTech",6474796,6234868,12709664
2021-11-18,"Johnson&Johnson, Moderna, Oxford/AstraZeneca, Pfizer/BioNTech",6494211,6246552,12740763
2021-11-19,"Johnson&Johnson, Moderna, Oxford/AstraZeneca, Pfizer/BioNTech",6518822,6263521,12782343
2021-11-20,"Johnson&Johnson, Moderna, Pfizer/BioNTech",6527396,6268500,12795896
2021-11-21,"Johnson&Johnson, Moderna, Pfizer/BioNTech",6534167,6272271,12806438
2021-11-22,"Johnson&Johnson, Moderna, Oxford/AstraZeneca, Pfizer/BioNTech",6552683,6286382,12839065
2021-11-23,"Johnson&Johnson, Moderna, Oxford/AstraZeneca, Pfizer/BioNTech",6571748,6299640,12871388
2021-11-24,"Johnson&Johnson, Moderna, Oxford/AstraZeneca, Pfizer/BioNTech",6590762,6315483,12906245
2021-11-25,"Johnson&Johnson, Moderna, Oxford/AstraZeneca, Pfizer/BioNTech",6609910,6330508,12940418
2021-11-26,"Johnson&Johnson, Moderna, Oxford/AstraZeneca, Pfizer/BioNTech",6631569,6349646,12981215
2021-11-27,"Johnson&Johnson, Moderna, Oxford/AstraZeneca, Pfizer/BioNTech",6639042,6355200,12994242
2021-11-28,"Johnson&Johnson, Moderna, Oxford/AstraZeneca, Pfizer/BioNTech",6642381,6358334,13000715
2021-11-29,"Johnson&Johnson, Moderna, Oxford/AstraZeneca, Pfizer/BioNTech",6657590,6371989,13029579
2021-11-30,"Johnson&Johnson, Moderna, Oxford/AstraZeneca, Pfizer/BioNTech",6670794,6383223,13054017
2021-12-01,"Johnson&Johnson, Moderna, Oxford/AstraZeneca, Pfizer/BioNTech",6684827,6395678,13080505
2021-12-02,"Johnson&Johnson, Moderna, Oxford/AstraZeneca, Pfizer/BioNTech",6695463,6408172,13103635
2021-12-03,"Johnson&Johnson, Moderna, Oxford/AstraZeneca, Pfizer/BioNTech",6705106,6423744,13128850
2021-12-04,"Johnson&Johnson, Moderna, Pfizer/BioNTech",6707667,6427694,13135361
2021-12-05,"Johnson&Johnson, Moderna, Oxford/AstraZeneca, Pfizer/BioNTech",6709030,6430034,13139064
2021-12-06,"Johnson&Johnson, Moderna, Oxford/AstraZeneca, Pfizer/BioNTech",6717194,6441557,13158751
2021-12-07,"Johnson&Johnson, Moderna, Oxford/AstraZeneca, Pfizer/BioNTech",6725094,6453563,13178657
2021-12-08,"Johnson&Johnson, Moderna, Oxford/AstraZeneca, Pfizer/BioNTech",6733347,6459488,13192835
2021-12-09,"Johnson&Johnson, Moderna, Oxford/AstraZeneca, Pfizer/BioNTech",6740469,6472307,13212776
2021-12-10,"Johnson&Johnson, Moderna, Oxford/AstraZeneca, Pfizer/BioNTech",6747402,6490110,13237512
2021-12-11,"Johnson&Johnson, Moderna, Pfizer/BioNTech",6749063,6495381,13244444
2021-12-12,"Johnson&Johnson, Moderna, Oxford/AstraZeneca, Pfizer/BioNTech",6750373,6499814,13250187
2021-12-13,"Johnson&Johnson, Moderna, Oxford/AstraZeneca, Pfizer/BioNTech",6756730,6513123,13269853
2021-12-14,"Johnson&Johnson, Moderna, Oxford/AstraZeneca, Pfizer/BioNTech",6762957,6526793,13289750
2021-12-15,"Johnson&Johnson, Moderna, Oxford/AstraZeneca, Pfizer/BioNTech",6769161,6540392,13309553
2021-12-16,"Johnson&Johnson, Moderna, Oxford/AstraZeneca, Pfizer/BioNTech",6776101,6555226,13331327
2021-12-17,"Johnson&Johnson, Moderna, Oxford/AstraZeneca, Pfizer/BioNTech",6784474,6572486,13356960
2021-12-18,"Johnson&Johnson, Moderna, Oxford/AstraZeneca, Pfizer/BioNTech",6787084,6577934,13365018
2021-12-19,"Johnson&Johnson, Moderna, Pfizer/BioNTech",6788856,6580437,13369293
2021-12-20,"Johnson&Johnson, Moderna, Oxford/AstraZeneca, Pfizer/BioNTech",6794698,6594504,13389202
2021-12-21,"Johnson&Johnson, Moderna, Oxford/AstraZeneca, Pfizer/BioNTech",6801366,6606492,13407858
2021-12-22,"Johnson&Johnson, Moderna, Oxford/AstraZeneca, Pfizer/BioNTech",6806426,6619541,13425967
2021-12-23,"Johnson&Johnson, Moderna, Oxford/AstraZeneca, Pfizer/BioNTech",6809293,6625143,13434436
2021-12-24,"Johnson&Johnson, Moderna, Oxford/AstraZeneca, Pfizer/BioNTech",6809339,6625243,13434582
2021-12-25,"Moderna, Pfizer/BioNTech",6809340,6625250,13434590
2021-12-26,"Moderna, Pfizer/BioNTech",6809441,6625451,13434892
2021-12-27,"Johnson&Johnson, Moderna, Pfizer/BioNTech",6813306,6635186,13448492
2021-12-28,"Johnson&Johnson, Moderna, Oxford/AstraZeneca, Pfizer/BioNTech",6818545,6643177,13461722
2021-12-29,"Johnson&Johnson, Moderna, Oxford/AstraZeneca, Pfizer/BioNTech",6822824,6650889,13473713
2021-12-30,"Johnson&Johnson, Moderna, Pfizer/BioNTech",6827127,6656317,13483444
2021-12-31,"Johnson&Johnson, Moderna, Pfizer/BioNTech",6827635,6657739,13485374
2022-01-01,"Johnson&Johnson, Moderna, Pfizer/BioNTech",6827640,6657757,13485397
2022-01-02,"Johnson&Johnson, Moderna, Pfizer/BioNTech",6828493,6659139,13487632
2022-01-03,"Johnson&Johnson, Moderna, Oxford/AstraZeneca, Pfizer/BioNTech",6832626,6668046,13500672
2022-01-04,"Johnson&Johnson, Moderna, Oxford/AstraZeneca, Pfizer/BioNTech",6837721,6675825,13513546
2022-01-05,"Johnson&Johnson, Moderna, Oxford/AstraZeneca, Pfizer/BioNTech",6843530,6683796,13527326
2022-01-06,"Johnson&Johnson, Moderna, Oxford/AstraZeneca, Pfizer/BioNTech",6850121,6692222,13542343
2022-01-07,"Johnson&Johnson, Moderna, Oxford/AstraZeneca, Pfizer/BioNTech",6857991,6702575,13560566
2022-01-08,"Johnson&Johnson, Moderna, Oxford/AstraZeneca, Pfizer/BioNTech",6860475,6705358,13565833
2022-01-09,"Johnson&Johnson, Moderna, Pfizer/BioNTech",6861557,6707061,13568618
2022-01-10,"Johnson&Johnson, Moderna, Oxford/AstraZeneca, Pfizer/BioNTech",6866046,6713250,13579296
2022-01-11,"Johnson&Johnson, Moderna, Oxford/AstraZeneca, Pfizer/BioNTech",6871484,6720008,13591492
2022-01-12,"Johnson&Johnson, Moderna, Oxford/AstraZeneca, Pfizer/BioNTech",6877438,6725653,13603091
2022-01-13,"Johnson&Johnson, Moderna, Oxford/AstraZeneca, Pfizer/BioNTech",6883330,6730425,13613755
2022-01-14,"Johnson&Johnson, Moderna, Oxford/AstraZeneca, Pfizer/BioNTech",6889627,6734072,13623699
2022-01-15,"Johnson&Johnson, Moderna, Oxford/AstraZeneca, Pfizer/BioNTech",6890903,6734730,13625633
2022-01-16,"Johnson&Johnson, Moderna, Oxford/AstraZeneca, Pfizer/BioNTech",6891592,6735171,13626763
2022-01-17,"Johnson&Johnson, Moderna, Oxford/AstraZeneca, Pfizer/BioNTech",6895104,6739125,13634229
2022-01-18,"Johnson&Johnson, Moderna, Oxford/AstraZeneca, Pfizer/BioNTech",6898961,6744084,13643045
2022-01-19,"Johnson&Johnson, Moderna, Oxford/AstraZeneca, Pfizer/BioNTech",6903014,6748015,13651029
2022-01-20,"Johnson&Johnson, Moderna, Oxford/AstraZeneca, Pfizer/BioNTech",6906592,6752452,13659044
2022-01-21,"Johnson&Johnson, Moderna, Oxford/AstraZeneca, Pfizer/BioNTech",6910581,6754979,13665560
2022-01-22,"Johnson&Johnson, Moderna, Pfizer/BioNTech",6911360,6755418,13666778
2022-01-23,"Johnson&Johnson, Moderna, Pfizer/BioNTech",6911920,6756053,13667973
2022-01-24,"Johnson&Johnson, Moderna, Oxford/AstraZeneca, Pfizer/BioNTech",6914179,6759486,13673665
2022-01-25,"Johnson&Johnson, Moderna, Oxford/AstraZeneca, Pfizer/BioNTech",6916531,6763477,13680008
2022-01-26,"Johnson&Johnson, Moderna, Oxford/AstraZeneca, Pfizer/BioNTech",6918921,6768039,13686960
2022-01-27,"Johnson&Johnson, Moderna, Oxford/AstraZeneca, Pfizer/BioNTech",6921266,6772856,13694122
2022-01-28,"Johnson&Johnson, Moderna, Oxford/AstraZeneca, Pfizer/BioNTech",6924184,6778992,13703176
2022-01-29,"Johnson&Johnson, Moderna, Pfizer/BioNTech",6924786,6780638,13705424
2022-01-30,"Johnson&Johnson, Moderna, Pfizer/BioNTech",6925013,6781412,13706425
2022-01-31,"Johnson&Johnson, Moderna, Pfizer/BioNTech",6926543,6785323,13711866
2022-02-01,"Johnson&Johnson, Moderna, Pfizer/BioNTech",6928120,6789342,13717462
2022-02-02,"Johnson&Johnson, Moderna, Pfizer/BioNTech",6929688,6793831,13723519
2022-02-03,"Johnson&Johnson, Moderna, Pfizer/BioNTech",6931063,6798303,13729366
2022-02-04,"Johnson&Johnson, Moderna, Pfizer/BioNTech",6932662,6803413,13736075
2022-02-05,"Johnson&Johnson, Moderna, Pfizer/BioNTech",6932845,6804028,13736873
2022-02-06,"Johnson&Johnson, Moderna, Pfizer/BioNTech",6932941,6804347,13737288
2022-02-07,"Johnson&Johnson, Moderna, Pfizer/BioNTech",6933635,6807519,13741154
2022-02-08,"Johnson&Johnson, Moderna, Pfizer/BioNTech",6934409,6810665,13745074
2022-02-09,"Johnson&Johnson, Moderna, Pfizer/BioNTech",6935220,6814007,13749227
2022-02-10,"Johnson&Johnson, Moderna, Pfizer/BioNTech",6935984,6817064,13753048
2022-02-11,"Johnson&Johnson, Moderna, Pfizer/BioNTech",6936873,6820842,13757715
2022-02-12,"Johnson&Johnson, Moderna, Pfizer/BioNTech",6936983,6821254,13758237
2022-02-13,"Johnson&Johnson, Moderna, Pfizer/BioNTech",6937018,6821675,13758693
