date,vaccine,people_vaccinated,people_fully_vaccinated,total_vaccinations
2020-12-27,Pfizer/BioNTech,1261,0,1261
2020-12-28,Pfizer/BioNTech,3560,0,3560
2020-12-29,Pfizer/BioNTech,7014,0,7014
2020-12-30,Pfizer/BioNTech,10504,0,10504
2020-12-31,Pfizer/BioNTech,11810,0,11810
2021-01-01,Pfizer/BioNTech,12072,0,12072
2021-01-02,Pfizer/BioNTech,13343,0,13343
2021-01-03,Pfizer/BioNTech,14260,0,14260
2021-01-04,"Moderna, Pfizer/BioNTech",17853,0,17853
2021-01-05,Pfizer/BioNTech,22352,0,22352
2021-01-06,Pfizer/BioNTech,28184,0,28184
2021-01-07,Pfizer/BioNTech,36143,0,36143
2021-01-08,Pfizer/BioNTech,46109,0,46109
2021-01-09,Pfizer/BioNTech,48128,0,48128
2021-01-10,Pfizer/BioNTech,49886,0,49886
2021-01-11,Pfizer/BioNTech,59701,0,59701
2021-01-12,Pfizer/BioNTech,73097,0,73097
2021-01-13,Pfizer/BioNTech,86591,0,86591
2021-01-14,"Moderna, Pfizer/BioNTech",101778,0,101778
2021-01-15,"Moderna, Pfizer/BioNTech",115733,0,115733
2021-01-16,"Moderna, Pfizer/BioNTech",119109,2,119111
2021-01-17,"Moderna, Pfizer/BioNTech",121709,639,122348
2021-01-18,"Moderna, Pfizer/BioNTech",134176,2458,136634
2021-01-19,"Moderna, Pfizer/BioNTech",146726,5167,151893
2021-01-20,"Moderna, Pfizer/BioNTech",160353,7807,168160
2021-01-21,"Moderna, Pfizer/BioNTech",175949,9536,185485
2021-01-22,"Moderna, Pfizer/BioNTech",190760,10578,201338
2021-01-23,"Moderna, Pfizer/BioNTech",194052,11449,205501
2021-01-24,"Moderna, Pfizer/BioNTech",196296,12315,208611
2021-01-25,"Moderna, Pfizer/BioNTech",205909,15281,221190
2021-01-26,"Moderna, Pfizer/BioNTech",216416,19249,235665
2021-01-27,"Moderna, Pfizer/BioNTech",225416,23757,249173
2021-01-28,"Moderna, Pfizer/BioNTech",232473,29859,262332
2021-01-29,"Moderna, Pfizer/BioNTech",238664,37715,276379
2021-01-30,"Moderna, Pfizer/BioNTech",239390,38801,278191
2021-01-31,"Moderna, Pfizer/BioNTech",240094,39977,280071
2021-02-01,"Moderna, Pfizer/BioNTech",244051,47881,291932
2021-02-02,"Moderna, Pfizer/BioNTech",248172,58084,306256
2021-02-03,"Moderna, Pfizer/BioNTech",252567,69054,321621
2021-02-04,"Moderna, Pfizer/BioNTech",257452,82000,339452
2021-02-05,"Moderna, Pfizer/BioNTech",262894,92638,355532
2021-02-06,"Moderna, Pfizer/BioNTech",263732,94980,358712
2021-02-07,"Moderna, Pfizer/BioNTech",264580,97457,362037
2021-02-08,"Moderna, Oxford/AstraZeneca, Pfizer/BioNTech",268621,108828,377449
2021-02-09,"Moderna, Oxford/AstraZeneca, Pfizer/BioNTech",273693,120733,394426
2021-02-10,"Moderna, Pfizer/BioNTech",279168,133922,413090
2021-02-11,"Moderna, Oxford/AstraZeneca, Pfizer/BioNTech",285458,150075,435533
2021-02-12,"Moderna, Oxford/AstraZeneca, Pfizer/BioNTech",292181,164741,456922
2021-02-13,"Moderna, Oxford/AstraZeneca, Pfizer/BioNTech",293766,167716,461482
2021-02-14,"Moderna, Oxford/AstraZeneca, Pfizer/BioNTech",294757,169089,463846
2021-02-15,"Moderna, Oxford/AstraZeneca, Pfizer/BioNTech",301139,178412,479551
2021-02-16,"Moderna, Oxford/AstraZeneca, Pfizer/BioNTech",309832,187448,497280
2021-02-17,"Moderna, Oxford/AstraZeneca, Pfizer/BioNTech",319501,195710,515211
2021-02-18,"Moderna, Oxford/AstraZeneca, Pfizer/BioNTech",331784,203723,535507
2021-02-19,"Moderna, Oxford/AstraZeneca, Pfizer/BioNTech",343611,211020,554631
2021-02-20,"Moderna, Oxford/AstraZeneca, Pfizer/BioNTech",345581,212187,557768
2021-02-21,"Moderna, Oxford/AstraZeneca, Pfizer/BioNTech",346685,213198,559883
2021-02-22,"Moderna, Oxford/AstraZeneca, Pfizer/BioNTech",356782,219195,575977
2021-02-23,"Moderna, Oxford/AstraZeneca, Pfizer/BioNTech",369675,226136,595811
2021-02-24,"Moderna, Oxford/AstraZeneca, Pfizer/BioNTech",383506,232138,615644
2021-02-25,"Moderna, Oxford/AstraZeneca, Pfizer/BioNTech",401444,237663,639107
2021-02-26,"Moderna, Oxford/AstraZeneca, Pfizer/BioNTech",417572,242980,660552
2021-02-27,"Moderna, Oxford/AstraZeneca, Pfizer/BioNTech",420570,243528,664098
2021-02-28,"Moderna, Oxford/AstraZeneca, Pfizer/BioNTech",422912,244071,666983
2021-03-01,"Moderna, Oxford/AstraZeneca, Pfizer/BioNTech",442405,247480,689885
2021-03-02,"Moderna, Oxford/AstraZeneca, Pfizer/BioNTech",469566,251006,720572
2021-03-03,"Moderna, Oxford/AstraZeneca, Pfizer/BioNTech",500328,255483,755811
2021-03-04,"Moderna, Oxford/AstraZeneca, Pfizer/BioNTech",533469,260140,793609
2021-03-05,"Johnson&Johnson, Moderna, Oxford/AstraZeneca, Pfizer/BioNTech",562189,265518,827707
2021-03-06,"Johnson&Johnson, Moderna, Oxford/AstraZeneca, Pfizer/BioNTech",574287,266359,840646
2021-03-07,"Johnson&Johnson, Moderna, Oxford/AstraZeneca, Pfizer/BioNTech",585679,267191,852870
2021-03-08,"Johnson&Johnson, Moderna, Oxford/AstraZeneca, Pfizer/BioNTech",615282,272007,887289
2021-03-09,"Moderna, Oxford/AstraZeneca, Pfizer/BioNTech",651450,278357,929807
2021-03-10,"Moderna, Oxford/AstraZeneca, Pfizer/BioNTech",692585,285281,977866
2021-03-11,"Moderna, Oxford/AstraZeneca, Pfizer/BioNTech",737245,293618,1030863
2021-03-12,"Moderna, Oxford/AstraZeneca, Pfizer/BioNTech",775869,302053,1077922
2021-03-13,"Moderna, Oxford/AstraZeneca, Pfizer/BioNTech",792895,303338,1096233
2021-03-14,"Moderna, Oxford/AstraZeneca, Pfizer/BioNTech",804964,304469,1109433
2021-03-15,"Moderna, Oxford/AstraZeneca, Pfizer/BioNTech",833235,313227,1146462
2021-03-16,"Moderna, Oxford/AstraZeneca, Pfizer/BioNTech",872024,323722,1195746
2021-03-17,"Moderna, Oxford/AstraZeneca, Pfizer/BioNTech",909414,334189,1243603
2021-03-18,"Johnson&Johnson, Moderna, Oxford/AstraZeneca, Pfizer/BioNTech",947247,346564,1293811
2021-03-19,"Moderna, Oxford/AstraZeneca, Pfizer/BioNTech",981562,360136,1341698
2021-03-20,"Moderna, Oxford/AstraZeneca, Pfizer/BioNTech",996643,362146,1358789
2021-03-21,"Moderna, Oxford/AstraZeneca, Pfizer/BioNTech",1004022,363685,1367707
2021-03-22,"Johnson&Johnson, Moderna, Oxford/AstraZeneca, Pfizer/BioNTech",1028390,376125,1404515
2021-03-23,"Johnson&Johnson, Moderna, Oxford/AstraZeneca, Pfizer/BioNTech",1054887,389428,1444315
2021-03-24,"Moderna, Oxford/AstraZeneca, Pfizer/BioNTech",1081666,405092,1486758
2021-03-25,"Moderna, Oxford/AstraZeneca, Pfizer/BioNTech",1107907,422900,1530807
2021-03-26,"Moderna, Oxford/AstraZeneca, Pfizer/BioNTech",1132628,440349,1572977
2021-03-27,"Johnson&Johnson, Moderna, Oxford/AstraZeneca, Pfizer/BioNTech",1141029,445175,1586204
2021-03-28,"Moderna, Oxford/AstraZeneca, Pfizer/BioNTech",1146557,449298,1595855
2021-03-29,"Johnson&Johnson, Moderna, Oxford/AstraZeneca, Pfizer/BioNTech",1165566,469934,1635500
2021-03-30,"Moderna, Oxford/AstraZeneca, Pfizer/BioNTech",1190162,492038,1682200
2021-03-31,"Johnson&Johnson, Moderna, Oxford/AstraZeneca, Pfizer/BioNTech",1213156,519035,1732191
2021-04-01,"Johnson&Johnson, Moderna, Oxford/AstraZeneca, Pfizer/BioNTech",1238665,550949,1789614
2021-04-02,"Johnson&Johnson, Moderna, Oxford/AstraZeneca, Pfizer/BioNTech",1245511,563702,1809213
2021-04-03,"Johnson&Johnson, Moderna, Oxford/AstraZeneca, Pfizer/BioNTech",1249078,574595,1823673
2021-04-04,"Moderna, Oxford/AstraZeneca, Pfizer/BioNTech",1251544,583380,1834924
2021-04-05,"Johnson&Johnson, Moderna, Oxford/AstraZeneca, Pfizer/BioNTech",1253881,590534,1844415
2021-04-06,"Johnson&Johnson, Moderna, Oxford/AstraZeneca, Pfizer/BioNTech",1269919,619707,1889626
2021-04-07,"Johnson&Johnson, Moderna, Oxford/AstraZeneca, Pfizer/BioNTech",1293227,641806,1935033
2021-04-08,"Johnson&Johnson, Moderna, Oxford/AstraZeneca, Pfizer/BioNTech",1331682,672646,2004328
2021-04-09,"Johnson&Johnson, Moderna, Oxford/AstraZeneca, Pfizer/BioNTech",1370897,702633,2073530
2021-04-10,"Johnson&Johnson, Moderna, Oxford/AstraZeneca, Pfizer/BioNTech",1386242,717891,2104133
2021-04-11,"Johnson&Johnson, Moderna, Oxford/AstraZeneca, Pfizer/BioNTech",1395954,727895,2123849
2021-04-12,"Johnson&Johnson, Moderna, Oxford/AstraZeneca, Pfizer/BioNTech",1433978,752824,2186802
2021-04-13,"Moderna, Oxford/AstraZeneca, Pfizer/BioNTech",1470036,778716,2248752
2021-04-14,"Moderna, Oxford/AstraZeneca, Pfizer/BioNTech",1508709,806006,2314715
2021-04-15,"Moderna, Oxford/AstraZeneca, Pfizer/BioNTech",1556357,831664,2388021
2021-04-16,"Moderna, Oxford/AstraZeneca, Pfizer/BioNTech",1600836,857229,2458065
2021-04-17,"Moderna, Oxford/AstraZeneca, Pfizer/BioNTech",1617419,866225,2483644
2021-04-18,"Moderna, Oxford/AstraZeneca, Pfizer/BioNTech",1630340,871182,2501522
2021-04-19,"Moderna, Oxford/AstraZeneca, Pfizer/BioNTech",1674189,886547,2560736
2021-04-20,"Moderna, Oxford/AstraZeneca, Pfizer/BioNTech",1716259,902339,2618598
2021-04-21,"Moderna, Oxford/AstraZeneca, Pfizer/BioNTech",1763911,916576,2680487
2021-04-22,"Johnson&Johnson, Moderna, Oxford/AstraZeneca, Pfizer/BioNTech",1818322,933886,2752208
2021-04-23,"Johnson&Johnson, Moderna, Oxford/AstraZeneca, Pfizer/BioNTech",1868213,945854,2814067
2021-04-24,"Johnson&Johnson, Moderna, Oxford/AstraZeneca, Pfizer/BioNTech",1885992,951059,2837051
2021-04-25,"Johnson&Johnson, Moderna, Oxford/AstraZeneca, Pfizer/BioNTech",1900645,955041,2855686
2021-04-26,"Johnson&Johnson, Moderna, Oxford/AstraZeneca, Pfizer/BioNTech",1950170,962554,2912724
2021-04-27,"Johnson&Johnson, Moderna, Oxford/AstraZeneca, Pfizer/BioNTech",1999079,974700,2973779
2021-04-28,"Johnson&Johnson, Moderna, Oxford/AstraZeneca, Pfizer/BioNTech",2057773,988629,3046402
2021-04-29,"Johnson&Johnson, Moderna, Oxford/AstraZeneca, Pfizer/BioNTech",2123250,1004401,3127651
2021-04-30,"Johnson&Johnson, Moderna, Oxford/AstraZeneca, Pfizer/BioNTech",2185388,1014287,3199675
2021-05-01,"Johnson&Johnson, Moderna, Oxford/AstraZeneca, Pfizer/BioNTech",2204655,1017680,3222335
2021-05-02,"Johnson&Johnson, Moderna, Oxford/AstraZeneca, Pfizer/BioNTech",2223529,1019917,3243446
2021-05-03,"Johnson&Johnson, Moderna, Oxford/AstraZeneca, Pfizer/BioNTech",2290715,1024937,3315652
2021-05-04,"Johnson&Johnson, Moderna, Oxford/AstraZeneca, Pfizer/BioNTech",2357104,1033190,3390294
2021-05-05,"Johnson&Johnson, Moderna, Oxford/AstraZeneca, Pfizer/BioNTech",2430190,1042511,3472701
2021-05-06,"Johnson&Johnson, Moderna, Oxford/AstraZeneca, Pfizer/BioNTech",2510479,1053106,3563585
2021-05-07,"Johnson&Johnson, Moderna, Oxford/AstraZeneca, Pfizer/BioNTech",2587677,1063073,3650750
2021-05-08,"Johnson&Johnson, Moderna, Oxford/AstraZeneca, Pfizer/BioNTech",2617053,1064779,3681832
2021-05-09,"Johnson&Johnson, Moderna, Oxford/AstraZeneca, Pfizer/BioNTech",2641202,1065954,3707156
2021-05-10,"Johnson&Johnson, Moderna, Oxford/AstraZeneca, Pfizer/BioNTech",2713850,1073068,3786918
2021-05-11,"Johnson&Johnson, Moderna, Oxford/AstraZeneca, Pfizer/BioNTech",2789863,1081807,3871670
2021-05-12,"Johnson&Johnson, Moderna, Oxford/AstraZeneca, Pfizer/BioNTech",2869620,1090798,3960418
2021-05-13,"Johnson&Johnson, Moderna, Oxford/AstraZeneca, Pfizer/BioNTech",2953517,1099873,4053390
2021-05-14,"Johnson&Johnson, Moderna, Oxford/AstraZeneca, Pfizer/BioNTech",3032824,1107572,4140396
2021-05-15,"Johnson&Johnson, Moderna, Oxford/AstraZeneca, Pfizer/BioNTech",3064636,1109735,4174371
2021-05-16,"Johnson&Johnson, Moderna, Oxford/AstraZeneca, Pfizer/BioNTech",3090366,1110916,4201282
2021-05-17,"Johnson&Johnson, Moderna, Oxford/AstraZeneca, Pfizer/BioNTech",3162796,1117564,4280360
2021-05-18,"Johnson&Johnson, Moderna, Oxford/AstraZeneca, Pfizer/BioNTech",3234641,1130503,4365144
2021-05-19,"Johnson&Johnson, Moderna, Oxford/AstraZeneca, Pfizer/BioNTech",3311988,1145538,4457526
2021-05-20,"Johnson&Johnson, Moderna, Oxford/AstraZeneca, Pfizer/BioNTech",3387285,1172414,4559699
2021-05-21,"Johnson&Johnson, Moderna, Oxford/AstraZeneca, Pfizer/BioNTech",3455990,1200019,4656009
2021-05-22,"Johnson&Johnson, Moderna, Oxford/AstraZeneca, Pfizer/BioNTech",3488273,1211074,4699347
2021-05-23,"Johnson&Johnson, Moderna, Oxford/AstraZeneca, Pfizer/BioNTech",3510548,1220032,4730580
2021-05-24,"Johnson&Johnson, Moderna, Oxford/AstraZeneca, Pfizer/BioNTech",3557573,1253498,4811071
2021-05-25,"Johnson&Johnson, Moderna, Oxford/AstraZeneca, Pfizer/BioNTech",3609337,1289122,4898459
2021-05-26,"Johnson&Johnson, Moderna, Oxford/AstraZeneca, Pfizer/BioNTech",3676989,1326506,5003495
2021-05-27,"Johnson&Johnson, Moderna, Oxford/AstraZeneca, Pfizer/BioNTech",3738275,1373706,5111981
2021-05-28,"Johnson&Johnson, Moderna, Oxford/AstraZeneca, Pfizer/BioNTech",3799888,1420086,5219974
2021-05-29,"Johnson&Johnson, Moderna, Oxford/AstraZeneca, Pfizer/BioNTech",3829001,1437116,5266117
2021-05-30,"Johnson&Johnson, Moderna, Oxford/AstraZeneca, Pfizer/BioNTech",3851314,1451485,5302799
2021-05-31,"Johnson&Johnson, Moderna, Oxford/AstraZeneca, Pfizer/BioNTech",3906962,1498828,5405790
2021-06-01,"Johnson&Johnson, Moderna, Oxford/AstraZeneca, Pfizer/BioNTech",3965889,1547113,5513002
2021-06-02,"Johnson&Johnson, Moderna, Oxford/AstraZeneca, Pfizer/BioNTech",4028694,1600974,5629668
2021-06-03,"Johnson&Johnson, Moderna, Oxford/AstraZeneca, Pfizer/BioNTech",4086831,1661019,5747850
2021-06-04,"Johnson&Johnson, Moderna, Oxford/AstraZeneca, Pfizer/BioNTech",4149819,1718276,5868095
2021-06-05,"Johnson&Johnson, Moderna, Oxford/AstraZeneca, Pfizer/BioNTech",4183901,1737010,5920911
2021-06-06,"Johnson&Johnson, Moderna, Oxford/AstraZeneca, Pfizer/BioNTech",4210777,1752065,5962842
2021-06-07,"Johnson&Johnson, Moderna, Oxford/AstraZeneca, Pfizer/BioNTech",4274334,1807563,6081897
2021-06-08,"Johnson&Johnson, Moderna, Oxford/AstraZeneca, Pfizer/BioNTech",4338182,1862412,6200594
2021-06-09,"Johnson&Johnson, Moderna, Oxford/AstraZeneca, Pfizer/BioNTech",4397178,1926652,6323830
2021-06-10,"Johnson&Johnson, Moderna, Oxford/AstraZeneca, Pfizer/BioNTech",4450768,1997545,6448313
2021-06-11,"Johnson&Johnson, Moderna, Oxford/AstraZeneca, Pfizer/BioNTech",4502728,2067077,6569805
2021-06-12,"Johnson&Johnson, Moderna, Oxford/AstraZeneca, Pfizer/BioNTech",4534651,2087777,6622428
2021-06-13,"Johnson&Johnson, Moderna, Oxford/AstraZeneca, Pfizer/BioNTech",4558628,2106104,6664732
2021-06-14,"Johnson&Johnson, Moderna, Oxford/AstraZeneca, Pfizer/BioNTech",4600975,2180306,6781281
2021-06-15,"Johnson&Johnson, Moderna, Oxford/AstraZeneca, Pfizer/BioNTech",4645031,2252459,6897490
2021-06-16,"Johnson&Johnson, Moderna, Oxford/AstraZeneca, Pfizer/BioNTech",4687024,2330489,7017513
2021-06-17,"Johnson&Johnson, Moderna, Oxford/AstraZeneca, Pfizer/BioNTech",4725901,2413371,7139272
2021-06-18,"Johnson&Johnson, Moderna, Oxford/AstraZeneca, Pfizer/BioNTech",4767424,2493654,7261078
2021-06-19,"Johnson&Johnson, Moderna, Oxford/AstraZeneca, Pfizer/BioNTech",4789104,2522835,7311939
2021-06-20,"Johnson&Johnson, Moderna, Oxford/AstraZeneca, Pfizer/BioNTech",4806424,2546561,7352985
2021-06-21,"Johnson&Johnson, Moderna, Oxford/AstraZeneca, Pfizer/BioNTech",4838841,2624936,7463777
2021-06-22,"Johnson&Johnson, Moderna, Oxford/AstraZeneca, Pfizer/BioNTech",4871082,2706999,7578081
2021-06-23,"Johnson&Johnson, Moderna, Oxford/AstraZeneca, Pfizer/BioNTech",4902044,2792034,7694078
2021-06-24,"Johnson&Johnson, Moderna, Oxford/AstraZeneca, Pfizer/BioNTech",4931733,2881909,7813642
2021-06-25,"Johnson&Johnson, Moderna, Oxford/AstraZeneca, Pfizer/BioNTech",4962559,2967818,7930377
2021-06-26,"Johnson&Johnson, Moderna, Oxford/AstraZeneca, Pfizer/BioNTech",4978327,3002497,7980824
2021-06-27,"Johnson&Johnson, Moderna, Oxford/AstraZeneca, Pfizer/BioNTech",4992224,3029044,8021268
2021-06-28,"Johnson&Johnson, Moderna, Oxford/AstraZeneca, Pfizer/BioNTech",5020394,3114031,8134425
2021-06-29,"Johnson&Johnson, Moderna, Oxford/AstraZeneca, Pfizer/BioNTech",5049326,3200332,8249658
2021-06-30,"Johnson&Johnson, Moderna, Oxford/AstraZeneca, Pfizer/BioNTech",5076589,3291045,8367634
2021-07-01,"Johnson&Johnson, Moderna, Oxford/AstraZeneca, Pfizer/BioNTech",5100162,3380776,8480938
2021-07-02,"Johnson&Johnson, Moderna, Oxford/AstraZeneca, Pfizer/BioNTech",5126625,3466307,8592932
2021-07-03,"Johnson&Johnson, Moderna, Oxford/AstraZeneca, Pfizer/BioNTech",5133610,3497700,8631310
2021-07-04,"Johnson&Johnson, Moderna, Oxford/AstraZeneca, Pfizer/BioNTech",5141093,3519422,8660515
2021-07-05,"Johnson&Johnson, Moderna, Oxford/AstraZeneca, Pfizer/BioNTech",5148368,3544678,8693046
2021-07-06,"Johnson&Johnson, Moderna, Oxford/AstraZeneca, Pfizer/BioNTech",5153693,3572197,8725890
2021-07-07,"Johnson&Johnson, Moderna, Oxford/AstraZeneca, Pfizer/BioNTech",5179189,3650882,8830071
2021-07-08,"Johnson&Johnson, Moderna, Oxford/AstraZeneca, Pfizer/BioNTech",5205546,3720978,8926524
2021-07-09,"Johnson&Johnson, Moderna, Oxford/AstraZeneca, Pfizer/BioNTech",5233137,3789990,9023127
2021-07-10,"Johnson&Johnson, Moderna, Oxford/AstraZeneca, Pfizer/BioNTech",5242367,3818484,9060851
2021-07-11,"Johnson&Johnson, Moderna, Oxford/AstraZeneca, Pfizer/BioNTech",5250820,3841294,9092114
2021-07-12,"Johnson&Johnson, Moderna, Oxford/AstraZeneca, Pfizer/BioNTech",5277998,3910152,9188150
2021-07-13,"Johnson&Johnson, Moderna, Oxford/AstraZeneca, Pfizer/BioNTech",5303847,3979775,9283622
2021-07-14,"Johnson&Johnson, Moderna, Oxford/AstraZeneca, Pfizer/BioNTech",5329483,4051542,9381025
2021-07-15,"Johnson&Johnson, Moderna, Oxford/AstraZeneca, Pfizer/BioNTech",5358385,4117285,9475670
2021-07-16,"Johnson&Johnson, Moderna, Oxford/AstraZeneca, Pfizer/BioNTech",5385818,4189689,9575507
2021-07-17,"Johnson&Johnson, Moderna, Oxford/AstraZeneca, Pfizer/BioNTech",5394481,4221018,9615499
2021-07-18,"Johnson&Johnson, Moderna, Oxford/AstraZeneca, Pfizer/BioNTech",5402861,4246917,9649778
2021-07-19,"Johnson&Johnson, Moderna, Oxford/AstraZeneca, Pfizer/BioNTech",5426000,4313675,9739675
2021-07-20,"Johnson&Johnson, Moderna, Oxford/AstraZeneca, Pfizer/BioNTech",5447155,4380437,9827592
2021-07-21,"Johnson&Johnson, Moderna, Oxford/AstraZeneca, Pfizer/BioNTech",5470268,4443563,9913831
2021-07-22,"Johnson&Johnson, Moderna, Oxford/AstraZeneca, Pfizer/BioNTech",5492394,4501738,9994132
2021-07-23,"Johnson&Johnson, Moderna, Oxford/AstraZeneca, Pfizer/BioNTech",5515230,4555962,10071192
2021-07-24,"Johnson&Johnson, Moderna, Oxford/AstraZeneca, Pfizer/BioNTech",5522431,4583428,10105859
2021-07-25,"Johnson&Johnson, Moderna, Oxford/AstraZeneca, Pfizer/BioNTech",5528887,4605280,10134167
2021-07-26,"Johnson&Johnson, Moderna, Oxford/AstraZeneca, Pfizer/BioNTech",5551869,4652676,10204545
2021-07-27,"Johnson&Johnson, Moderna, Oxford/AstraZeneca, Pfizer/BioNTech",5573951,4698190,10272141
2021-07-28,"Johnson&Johnson, Moderna, Oxford/AstraZeneca, Pfizer/BioNTech",5594620,4743111,10337731
2021-07-29,"Johnson&Johnson, Moderna, Oxford/AstraZeneca, Pfizer/BioNTech",5615467,4784206,10399673
2021-07-30,"Johnson&Johnson, Moderna, Oxford/AstraZeneca, Pfizer/BioNTech",5638003,4825402,10463405
2021-07-31,"Johnson&Johnson, Moderna, Oxford/AstraZeneca, Pfizer/BioNTech",5646790,4844780,10491570
2021-08-01,"Johnson&Johnson, Moderna, Oxford/AstraZeneca, Pfizer/BioNTech",5653395,4860845,10514240
2021-08-02,"Johnson&Johnson, Moderna, Oxford/AstraZeneca, Pfizer/BioNTech",5671611,4897959,10569570
2021-08-03,"Johnson&Johnson, Moderna, Oxford/AstraZeneca, Pfizer/BioNTech",5688657,4934921,10623578
2021-08-04,"Johnson&Johnson, Moderna, Oxford/AstraZeneca, Pfizer/BioNTech",5704320,4970661,10674981
2021-08-05,"Johnson&Johnson, Moderna, Oxford/AstraZeneca, Pfizer/BioNTech",5719572,5010323,10729895
2021-08-06,"Johnson&Johnson, Moderna, Oxford/AstraZeneca, Pfizer/BioNTech",5735518,5052413,10787931
2021-08-07,"Johnson&Johnson, Moderna, Oxford/AstraZeneca, Pfizer/BioNTech",5740395,5069810,10810205
2021-08-08,"Johnson&Johnson, Moderna, Oxford/AstraZeneca, Pfizer/BioNTech",5743912,5084829,10828741
