date,vaccine,people_vaccinated,people_fully_vaccinated,total_vaccinations
2020-12-27,Pfizer/BioNTech,1258,0,1258
2020-12-28,Pfizer/BioNTech,3557,0,3557
2020-12-29,Pfizer/BioNTech,7010,0,7010
2020-12-30,Pfizer/BioNTech,10493,0,10493
2020-12-31,Pfizer/BioNTech,11798,0,11798
2021-01-01,Pfizer/BioNTech,12059,0,12059
2021-01-02,Pfizer/BioNTech,13328,0,13328
2021-01-03,Pfizer/BioNTech,14243,0,14243
2021-01-04,Pfizer/BioNTech,17828,0,17828
2021-01-05,Pfizer/BioNTech,22326,0,22326
2021-01-06,Pfizer/BioNTech,28152,0,28152
2021-01-07,Pfizer/BioNTech,36108,0,36108
2021-01-08,Pfizer/BioNTech,46066,0,46066
2021-01-09,Pfizer/BioNTech,48081,0,48081
2021-01-10,Pfizer/BioNTech,49836,0,49836
2021-01-11,Pfizer/BioNTech,59645,0,59645
2021-01-12,Pfizer/BioNTech,73032,0,73032
2021-01-13,Pfizer/BioNTech,86524,0,86524
2021-01-14,"Moderna, Pfizer/BioNTech",101703,0,101703
2021-01-15,"Moderna, Pfizer/BioNTech",115654,0,115654
2021-01-16,"Moderna, Pfizer/BioNTech",119028,2,119030
2021-01-17,"Moderna, Pfizer/BioNTech",121625,639,122264
2021-01-18,"Moderna, Pfizer/BioNTech",134089,2456,136545
2021-01-19,"Moderna, Pfizer/BioNTech",146604,5161,151765
2021-01-20,"Moderna, Pfizer/BioNTech",160227,7798,168025
2021-01-21,"Moderna, Pfizer/BioNTech",175818,9527,185345
2021-01-22,"Moderna, Pfizer/BioNTech",190628,10568,201196
2021-01-23,"Moderna, Pfizer/BioNTech",193920,11438,205358
2021-01-24,"Moderna, Pfizer/BioNTech",196164,12304,208468
2021-01-25,"Moderna, Pfizer/BioNTech",205768,15265,221033
2021-01-26,"Moderna, Pfizer/BioNTech",216273,19229,235502
2021-01-27,"Moderna, Pfizer/BioNTech",225268,23733,249001
2021-01-28,"Moderna, Pfizer/BioNTech",232316,29833,262149
2021-01-29,"Moderna, Pfizer/BioNTech",238502,37677,276179
2021-01-30,"Moderna, Pfizer/BioNTech",239225,38762,277987
2021-01-31,"Moderna, Pfizer/BioNTech",239928,39936,279864
2021-02-01,"Moderna, Pfizer/BioNTech",243884,47833,291717
2021-02-02,"Moderna, Pfizer/BioNTech",248005,58028,306033
2021-02-03,"Moderna, Pfizer/BioNTech",252397,68994,321391
2021-02-04,"Moderna, Pfizer/BioNTech",257279,81936,339215
2021-02-05,"Moderna, Pfizer/BioNTech",262717,92567,355284
2021-02-06,"Moderna, Pfizer/BioNTech",263553,94908,358461
2021-02-07,"Moderna, Pfizer/BioNTech",264400,97385,361785
2021-02-08,"Moderna, Pfizer/BioNTech",268433,108750,377183
2021-02-09,"Moderna, Oxford/AstraZeneca, Pfizer/BioNTech",273505,120653,394158
2021-02-10,"Moderna, Pfizer/BioNTech",278979,133839,412818
2021-02-11,"Moderna, Oxford/AstraZeneca, Pfizer/BioNTech",285268,149985,435253
2021-02-12,"Moderna, Oxford/AstraZeneca, Pfizer/BioNTech",291984,164647,456631
2021-02-13,"Moderna, Oxford/AstraZeneca, Pfizer/BioNTech",293569,167621,461190
2021-02-14,"Moderna, Oxford/AstraZeneca, Pfizer/BioNTech",294559,168994,463553
2021-02-15,"Moderna, Oxford/AstraZeneca, Pfizer/BioNTech",300937,178308,479245
2021-02-16,"Moderna, Oxford/AstraZeneca, Pfizer/BioNTech",309625,187335,496960
2021-02-17,"Moderna, Oxford/AstraZeneca, Pfizer/BioNTech",319293,195593,514886
2021-02-18,"Moderna, Oxford/AstraZeneca, Pfizer/BioNTech",331569,203595,535164
2021-02-19,"Moderna, Oxford/AstraZeneca, Pfizer/BioNTech",343392,210889,554281
2021-02-20,"Moderna, Oxford/AstraZeneca, Pfizer/BioNTech",345359,212054,557413
2021-02-21,"Moderna, Oxford/AstraZeneca, Pfizer/BioNTech",346462,213063,559525
2021-02-22,"Moderna, Oxford/AstraZeneca, Pfizer/BioNTech",356553,219056,575609
2021-02-23,"Moderna, Oxford/AstraZeneca, Pfizer/BioNTech",369436,225994,595430
2021-02-24,"Moderna, Oxford/AstraZeneca, Pfizer/BioNTech",383260,231993,615253
2021-02-25,"Moderna, Oxford/AstraZeneca, Pfizer/BioNTech",401198,237515,638713
2021-02-26,"Moderna, Oxford/AstraZeneca, Pfizer/BioNTech",417321,242829,660150
2021-02-27,"Moderna, Oxford/AstraZeneca, Pfizer/BioNTech",420315,243377,663692
2021-02-28,"Moderna, Oxford/AstraZeneca, Pfizer/BioNTech",422656,243920,666576
2021-03-01,"Moderna, Oxford/AstraZeneca, Pfizer/BioNTech",442138,247324,689462
2021-03-02,"Moderna, Oxford/AstraZeneca, Pfizer/BioNTech",469285,250850,720135
2021-03-03,"Moderna, Oxford/AstraZeneca, Pfizer/BioNTech",500034,255326,755360
2021-03-04,"Moderna, Oxford/AstraZeneca, Pfizer/BioNTech",533152,259980,793132
2021-03-05,"Moderna, Oxford/AstraZeneca, Pfizer/BioNTech",561851,265355,827206
2021-03-06,"Moderna, Oxford/AstraZeneca, Pfizer/BioNTech",573941,266193,840134
2021-03-07,"Moderna, Oxford/AstraZeneca, Pfizer/BioNTech",585317,267021,852338
2021-03-08,"Moderna, Oxford/AstraZeneca, Pfizer/BioNTech",614905,271834,886739
2021-03-09,"Moderna, Oxford/AstraZeneca, Pfizer/BioNTech",651058,278182,929240
2021-03-10,"Moderna, Oxford/AstraZeneca, Pfizer/BioNTech",692166,285103,977269
2021-03-11,"Moderna, Oxford/AstraZeneca, Pfizer/BioNTech",736810,293433,1030243
2021-03-12,"Moderna, Oxford/AstraZeneca, Pfizer/BioNTech",775419,301861,1077280
2021-03-13,"Moderna, Oxford/AstraZeneca, Pfizer/BioNTech",792434,303146,1095580
2021-03-14,"Moderna, Oxford/AstraZeneca, Pfizer/BioNTech",804498,304276,1108774
2021-03-15,"Moderna, Oxford/AstraZeneca, Pfizer/BioNTech",832761,313029,1145790
2021-03-16,"Moderna, Oxford/AstraZeneca, Pfizer/BioNTech",871530,323513,1195043
2021-03-17,"Moderna, Oxford/AstraZeneca, Pfizer/BioNTech",908893,333976,1242869
2021-03-18,"Moderna, Oxford/AstraZeneca, Pfizer/BioNTech",946705,346343,1293048
2021-03-19,"Moderna, Oxford/AstraZeneca, Pfizer/BioNTech",980976,359910,1340886
2021-03-20,"Moderna, Oxford/AstraZeneca, Pfizer/BioNTech",996009,361919,1357928
2021-03-21,"Moderna, Oxford/AstraZeneca, Pfizer/BioNTech",1003379,363455,1366834
2021-03-22,"Johnson&Johnson, Moderna, Oxford/AstraZeneca, Pfizer/BioNTech",1027691,375888,1403579
2021-03-23,"Johnson&Johnson, Moderna, Oxford/AstraZeneca, Pfizer/BioNTech",1054152,389187,1443339
2021-03-24,"Moderna, Oxford/AstraZeneca, Pfizer/BioNTech",1080910,404841,1485751
2021-03-25,"Moderna, Oxford/AstraZeneca, Pfizer/BioNTech",1107119,422643,1529762
2021-03-26,"Moderna, Oxford/AstraZeneca, Pfizer/BioNTech",1131823,440081,1571904
2021-03-27,"Moderna, Oxford/AstraZeneca, Pfizer/BioNTech",1140213,444900,1585113
2021-03-28,"Moderna, Oxford/AstraZeneca, Pfizer/BioNTech",1145735,449021,1594756
2021-03-29,"Moderna, Oxford/AstraZeneca, Pfizer/BioNTech",1164621,469636,1634257
2021-03-30,"Moderna, Oxford/AstraZeneca, Pfizer/BioNTech",1189193,491729,1680922
2021-03-31,"Johnson&Johnson, Moderna, Oxford/AstraZeneca, Pfizer/BioNTech",1212162,518712,1730874
2021-04-01,"Moderna, Oxford/AstraZeneca, Pfizer/BioNTech",1237641,550611,1788252
2021-04-02,"Moderna, Oxford/AstraZeneca, Pfizer/BioNTech",1244469,563345,1807814
2021-04-03,"Moderna, Oxford/AstraZeneca, Pfizer/BioNTech",1248030,574233,1822263
2021-04-04,"Moderna, Oxford/AstraZeneca, Pfizer/BioNTech",1250492,583006,1833498
2021-04-05,"Johnson&Johnson, Moderna, Oxford/AstraZeneca, Pfizer/BioNTech",1252813,590152,1842965
2021-04-06,"Johnson&Johnson, Moderna, Oxford/AstraZeneca, Pfizer/BioNTech",1268835,619307,1888142
2021-04-07,"Moderna, Oxford/AstraZeneca, Pfizer/BioNTech",1292113,641382,1933495
2021-04-08,"Moderna, Oxford/AstraZeneca, Pfizer/BioNTech",1330517,672201,2002718
2021-04-09,"Johnson&Johnson, Moderna, Oxford/AstraZeneca, Pfizer/BioNTech",1369704,702150,2071854
2021-04-10,"Johnson&Johnson, Moderna, Oxford/AstraZeneca, Pfizer/BioNTech",1385026,717357,2102383
2021-04-11,"Moderna, Oxford/AstraZeneca, Pfizer/BioNTech",1394730,727352,2122082
2021-04-12,"Moderna, Oxford/AstraZeneca, Pfizer/BioNTech",1432731,752235,2184966
2021-04-13,"Moderna, Oxford/AstraZeneca, Pfizer/BioNTech",1468760,778098,2246858
2021-04-14,"Moderna, Oxford/AstraZeneca, Pfizer/BioNTech",1507401,805372,2312773
2021-04-15,"Moderna, Oxford/AstraZeneca, Pfizer/BioNTech",1555031,830990,2386021
2021-04-16,"Johnson&Johnson, Moderna, Oxford/AstraZeneca, Pfizer/BioNTech",1599489,856546,2456035
2021-04-17,"Moderna, Oxford/AstraZeneca, Pfizer/BioNTech",1616054,865535,2481589
2021-04-18,"Moderna, Oxford/AstraZeneca, Pfizer/BioNTech",1628966,870484,2499450
2021-04-19,"Moderna, Oxford/AstraZeneca, Pfizer/BioNTech",1672779,885841,2558620
2021-04-20,"Moderna, Oxford/AstraZeneca, Pfizer/BioNTech",1714785,901624,2616409
2021-04-21,"Johnson&Johnson, Moderna, Oxford/AstraZeneca, Pfizer/BioNTech",1762409,915849,2678258
2021-04-22,"Johnson&Johnson, Moderna, Oxford/AstraZeneca, Pfizer/BioNTech",1816773,933141,2749914
2021-04-23,"Johnson&Johnson, Moderna, Oxford/AstraZeneca, Pfizer/BioNTech",1866623,945101,2811724
2021-04-24,"Johnson&Johnson, Moderna, Oxford/AstraZeneca, Pfizer/BioNTech",1884390,950298,2834688
2021-04-25,"Johnson&Johnson, Moderna, Oxford/AstraZeneca, Pfizer/BioNTech",1899029,954279,2853308
2021-04-26,"Johnson&Johnson, Moderna, Oxford/AstraZeneca, Pfizer/BioNTech",1948494,961673,2910167
2021-04-27,"Johnson&Johnson, Moderna, Oxford/AstraZeneca, Pfizer/BioNTech",1997356,973790,2971146
2021-04-28,"Johnson&Johnson, Moderna, Oxford/AstraZeneca, Pfizer/BioNTech",2055980,987701,3043681
2021-04-29,"Johnson&Johnson, Moderna, Oxford/AstraZeneca, Pfizer/BioNTech",2121372,1003453,3124825
2021-04-30,"Johnson&Johnson, Moderna, Oxford/AstraZeneca, Pfizer/BioNTech",2183455,1013318,3196773
2021-05-01,"Johnson&Johnson, Moderna, Oxford/AstraZeneca, Pfizer/BioNTech",2202714,1016700,3219414
2021-05-02,"Johnson&Johnson, Moderna, Oxford/AstraZeneca, Pfizer/BioNTech",2221577,1018931,3240508
2021-05-03,"Johnson&Johnson, Moderna, Oxford/AstraZeneca, Pfizer/BioNTech",2288676,1023932,3312608
2021-05-04,"Johnson&Johnson, Moderna, Oxford/AstraZeneca, Pfizer/BioNTech",2354943,1032170,3387113
2021-05-05,"Johnson&Johnson, Moderna, Oxford/AstraZeneca, Pfizer/BioNTech",2427962,1041472,3469434
2021-05-06,"Johnson&Johnson, Moderna, Oxford/AstraZeneca, Pfizer/BioNTech",2508169,1052048,3560217
2021-05-07,"Johnson&Johnson, Moderna, Oxford/AstraZeneca, Pfizer/BioNTech",2585311,1061992,3647303
2021-05-08,"Johnson&Johnson, Moderna, Oxford/AstraZeneca, Pfizer/BioNTech",2614676,1063690,3678366
2021-05-09,"Johnson&Johnson, Moderna, Oxford/AstraZeneca, Pfizer/BioNTech",2638817,1064856,3703673
2021-05-10,"Johnson&Johnson, Moderna, Oxford/AstraZeneca, Pfizer/BioNTech",2711398,1071954,3783352
2021-05-11,"Johnson&Johnson, Moderna, Oxford/AstraZeneca, Pfizer/BioNTech",2787332,1080686,3868018
2021-05-12,"Johnson&Johnson, Moderna, Oxford/AstraZeneca, Pfizer/BioNTech",2866985,1089655,3956640
2021-05-13,"Johnson&Johnson, Moderna, Oxford/AstraZeneca, Pfizer/BioNTech",2950841,1098718,4049559
2021-05-14,"Johnson&Johnson, Moderna, Oxford/AstraZeneca, Pfizer/BioNTech",3030084,1106389,4136473
2021-05-15,"Johnson&Johnson, Moderna, Oxford/AstraZeneca, Pfizer/BioNTech",3061884,1108537,4170421
2021-05-16,"Johnson&Johnson, Moderna, Oxford/AstraZeneca, Pfizer/BioNTech",3087600,1109710,4197310
2021-05-17,"Johnson&Johnson, Moderna, Oxford/AstraZeneca, Pfizer/BioNTech",3159986,1116343,4276329
2021-05-18,"Johnson&Johnson, Moderna, Oxford/AstraZeneca, Pfizer/BioNTech",3231785,1129260,4361045
2021-05-19,"Johnson&Johnson, Moderna, Oxford/AstraZeneca, Pfizer/BioNTech",3309080,1144272,4453352
2021-05-20,"Johnson&Johnson, Moderna, Oxford/AstraZeneca, Pfizer/BioNTech",3384262,1171137,4555399
2021-05-21,"Johnson&Johnson, Moderna, Oxford/AstraZeneca, Pfizer/BioNTech",3452890,1198729,4651619
2021-05-22,"Johnson&Johnson, Moderna, Oxford/AstraZeneca, Pfizer/BioNTech",3485146,1209777,4694923
2021-05-23,"Johnson&Johnson, Moderna, Oxford/AstraZeneca, Pfizer/BioNTech",3507398,1218727,4726125
2021-05-24,"Johnson&Johnson, Moderna, Oxford/AstraZeneca, Pfizer/BioNTech",3554350,1252162,4806512
2021-05-25,"Johnson&Johnson, Moderna, Oxford/AstraZeneca, Pfizer/BioNTech",3606063,1287767,4893830
2021-05-26,"Johnson&Johnson, Moderna, Oxford/AstraZeneca, Pfizer/BioNTech",3673667,1325134,4998801
2021-05-27,"Johnson&Johnson, Moderna, Oxford/AstraZeneca, Pfizer/BioNTech",3734883,1372319,5107202
2021-05-28,"Johnson&Johnson, Moderna, Oxford/AstraZeneca, Pfizer/BioNTech",3796450,1418671,5215121
2021-05-29,"Johnson&Johnson, Moderna, Oxford/AstraZeneca, Pfizer/BioNTech",3825537,1435698,5261235
2021-05-30,"Johnson&Johnson, Moderna, Oxford/AstraZeneca, Pfizer/BioNTech",3847827,1450058,5297885
2021-05-31,"Johnson&Johnson, Moderna, Oxford/AstraZeneca, Pfizer/BioNTech",3903419,1497376,5400795
2021-06-01,"Johnson&Johnson, Moderna, Oxford/AstraZeneca, Pfizer/BioNTech",3962186,1545610,5507796
2021-06-02,"Johnson&Johnson, Moderna, Oxford/AstraZeneca, Pfizer/BioNTech",4024910,1599446,5624356
2021-06-03,"Johnson&Johnson, Moderna, Oxford/AstraZeneca, Pfizer/BioNTech",4082959,1659464,5742423
2021-06-04,"Johnson&Johnson, Moderna, Oxford/AstraZeneca, Pfizer/BioNTech",4145850,1716690,5862540
2021-06-05,"Johnson&Johnson, Moderna, Oxford/AstraZeneca, Pfizer/BioNTech",4179883,1735402,5915285
2021-06-06,"Johnson&Johnson, Moderna, Oxford/AstraZeneca, Pfizer/BioNTech",4206721,1750443,5957164
2021-06-07,"Johnson&Johnson, Moderna, Oxford/AstraZeneca, Pfizer/BioNTech",4270142,1805903,6076045
2021-06-08,"Johnson&Johnson, Moderna, Oxford/AstraZeneca, Pfizer/BioNTech",4333699,1860707,6194406
2021-06-09,"Johnson&Johnson, Moderna, Oxford/AstraZeneca, Pfizer/BioNTech",4391934,1924833,6316767
2021-06-10,"Johnson&Johnson, Moderna, Oxford/AstraZeneca, Pfizer/BioNTech",4444769,1995641,6440410
2021-06-11,"Johnson&Johnson, Moderna, Oxford/AstraZeneca, Pfizer/BioNTech",4496172,2065104,6561276
2021-06-12,"Johnson&Johnson, Moderna, Oxford/AstraZeneca, Pfizer/BioNTech",4527910,2085784,6613694
2021-06-13,"Johnson&Johnson, Moderna, Oxford/AstraZeneca, Pfizer/BioNTech",4551743,2104099,6655842
2021-06-14,"Johnson&Johnson, Moderna, Oxford/AstraZeneca, Pfizer/BioNTech",4594300,2178242,6772542
2021-06-15,"Johnson&Johnson, Moderna, Oxford/AstraZeneca, Pfizer/BioNTech",4638578,2250357,6888935
2021-06-16,"Johnson&Johnson, Moderna, Oxford/AstraZeneca, Pfizer/BioNTech",4680890,2328345,7009235
2021-06-17,"Johnson&Johnson, Moderna, Oxford/AstraZeneca, Pfizer/BioNTech",4719814,2411171,7130985
2021-06-18,"Johnson&Johnson, Moderna, Oxford/AstraZeneca, Pfizer/BioNTech",4761065,2491408,7252473
2021-06-19,"Johnson&Johnson, Moderna, Oxford/AstraZeneca, Pfizer/BioNTech",4782585,2520564,7303149
2021-06-20,"Johnson&Johnson, Moderna, Oxford/AstraZeneca, Pfizer/BioNTech",4799813,2544276,7344089
2021-06-21,"Johnson&Johnson, Moderna, Oxford/AstraZeneca, Pfizer/BioNTech",4832037,2622602,7454639
2021-06-22,"Johnson&Johnson, Moderna, Oxford/AstraZeneca, Pfizer/BioNTech",4864039,2704610,7568649
2021-06-23,"Johnson&Johnson, Moderna, Oxford/AstraZeneca, Pfizer/BioNTech",4894806,2789573,7684379
2021-06-24,"Johnson&Johnson, Moderna, Oxford/AstraZeneca, Pfizer/BioNTech",4924255,2879393,7803648
2021-06-25,"Johnson&Johnson, Moderna, Oxford/AstraZeneca, Pfizer/BioNTech",4954798,2965233,7920031
2021-06-26,"Johnson&Johnson, Moderna, Oxford/AstraZeneca, Pfizer/BioNTech",4970414,2999873,7970287
2021-06-27,"Johnson&Johnson, Moderna, Oxford/AstraZeneca, Pfizer/BioNTech",4984204,3026403,8010607
2021-06-28,"Johnson&Johnson, Moderna, Oxford/AstraZeneca, Pfizer/BioNTech",5012272,3111286,8123558
2021-06-29,"Johnson&Johnson, Moderna, Oxford/AstraZeneca, Pfizer/BioNTech",5041141,3197524,8238665
2021-06-30,"Johnson&Johnson, Moderna, Oxford/AstraZeneca, Pfizer/BioNTech",5068215,3288125,8356340
2021-07-01,"Johnson&Johnson, Moderna, Oxford/AstraZeneca, Pfizer/BioNTech",5091760,3377665,8469425
2021-07-02,"Johnson&Johnson, Moderna, Oxford/AstraZeneca, Pfizer/BioNTech",5118073,3462915,8580988
2021-07-03,"Johnson&Johnson, Moderna, Oxford/AstraZeneca, Pfizer/BioNTech",5125031,3494261,8619292
2021-07-04,"Johnson&Johnson, Moderna, Oxford/AstraZeneca, Pfizer/BioNTech",5132482,3515948,8648430
2021-07-05,"Johnson&Johnson, Moderna, Oxford/AstraZeneca, Pfizer/BioNTech",5139742,3541175,8680917
2021-07-06,"Johnson&Johnson, Moderna, Oxford/AstraZeneca, Pfizer/BioNTech",5144979,3568652,8713631
2021-07-07,"Johnson&Johnson, Moderna, Oxford/AstraZeneca, Pfizer/BioNTech",5170403,3647169,8817572
2021-07-08,"Johnson&Johnson, Moderna, Oxford/AstraZeneca, Pfizer/BioNTech",5196671,3717109,8913780
2021-07-09,"Johnson&Johnson, Moderna, Oxford/AstraZeneca, Pfizer/BioNTech",5224222,3785929,9010151
2021-07-10,"Johnson&Johnson, Moderna, Oxford/AstraZeneca, Pfizer/BioNTech",5233434,3814382,9047816
2021-07-11,"Johnson&Johnson, Moderna, Oxford/AstraZeneca, Pfizer/BioNTech",5241879,3837147,9079026
2021-07-12,"Johnson&Johnson, Moderna, Oxford/AstraZeneca, Pfizer/BioNTech",5268823,3905607,9174430
2021-07-13,"Johnson&Johnson, Moderna, Oxford/AstraZeneca, Pfizer/BioNTech",5294520,3974912,9269432
2021-07-14,"Johnson&Johnson, Moderna, Oxford/AstraZeneca, Pfizer/BioNTech",5319910,4046252,9366162
2021-07-15,"Johnson&Johnson, Moderna, Oxford/AstraZeneca, Pfizer/BioNTech",5348441,4111408,9459849
2021-07-16,"Johnson&Johnson, Moderna, Oxford/AstraZeneca, Pfizer/BioNTech",5375367,4182680,9558047
2021-07-17,"Johnson&Johnson, Moderna, Oxford/AstraZeneca, Pfizer/BioNTech",5383637,4213537,9597174
2021-07-18,"Johnson&Johnson, Moderna, Oxford/AstraZeneca, Pfizer/BioNTech",5391307,4238563,9629870
2021-07-19,"Johnson&Johnson, Moderna, Oxford/AstraZeneca, Pfizer/BioNTech",5413090,4303407,9716497
