date,vaccine,people_vaccinated,people_fully_vaccinated,total_vaccinations
2020-12-27,Pfizer/BioNTech,1288,0,1288
2020-12-28,Pfizer/BioNTech,3591,0,3591
2020-12-29,Pfizer/BioNTech,7063,1,7064
2020-12-30,Pfizer/BioNTech,10580,1,10581
2020-12-31,Pfizer/BioNTech,11891,1,11892
2021-01-01,"Moderna, Pfizer/BioNTech",12160,1,12161
2021-01-02,"Moderna, Pfizer/BioNTech",13443,2,13445
2021-01-03,"Moderna, Pfizer/BioNTech",14370,2,14372
2021-01-04,"Moderna, Pfizer/BioNTech",17981,2,17983
2021-01-05,"Moderna, Pfizer/BioNTech",22507,3,22510
2021-01-06,"Moderna, Pfizer/BioNTech",28354,4,28358
2021-01-07,"Moderna, Pfizer/BioNTech",36352,4,36356
2021-01-08,"Moderna, Pfizer/BioNTech",46404,5,46409
2021-01-09,"Moderna, Pfizer/BioNTech",48432,7,48439
2021-01-10,Pfizer/BioNTech,50203,9,50212
2021-01-11,"Moderna, Pfizer/BioNTech",60059,11,60070
2021-01-12,"Moderna, Pfizer/BioNTech",73515,13,73528
2021-01-13,"Moderna, Pfizer/BioNTech",87061,13,87074
2021-01-14,"Moderna, Pfizer/BioNTech",102314,17,102331
2021-01-15,"Moderna, Pfizer/BioNTech",116336,18,116354
2021-01-16,"Moderna, Pfizer/BioNTech",119740,22,119762
2021-01-17,"Moderna, Pfizer/BioNTech",122361,658,123019
2021-01-18,"Moderna, Pfizer/BioNTech",134855,2485,137340
2021-01-19,"Moderna, Pfizer/BioNTech",147468,5214,152682
2021-01-20,"Moderna, Pfizer/BioNTech",161167,7878,169045
2021-01-21,"Moderna, Pfizer/BioNTech",176822,9620,186442
2021-01-22,"Moderna, Pfizer/BioNTech",191716,10664,202380
2021-01-23,"Moderna, Pfizer/BioNTech",195035,11542,206577
2021-01-24,"Moderna, Pfizer/BioNTech",197291,12413,209704
2021-01-25,"Moderna, Pfizer/BioNTech",206946,15385,222331
2021-01-26,"Moderna, Pfizer/BioNTech",217493,19377,236870
2021-01-27,"Moderna, Pfizer/BioNTech",226525,23912,250437
2021-01-28,"Moderna, Pfizer/BioNTech",233631,30044,263675
2021-01-29,"Moderna, Pfizer/BioNTech",239848,37953,277801
2021-01-30,"Moderna, Pfizer/BioNTech",240589,39041,279630
2021-01-31,"Moderna, Pfizer/BioNTech",241307,40223,281530
2021-02-01,"Moderna, Pfizer/BioNTech",245290,48192,293482
2021-02-02,"Moderna, Pfizer/BioNTech",249443,58432,307875
2021-02-03,"Moderna, Pfizer/BioNTech",253870,69453,323323
2021-02-04,"Moderna, Pfizer/BioNTech",258778,82446,341224
2021-02-05,"Moderna, Pfizer/BioNTech",264254,93121,357375
2021-02-06,"Moderna, Oxford/AstraZeneca, Pfizer/BioNTech",265113,95487,360600
2021-02-07,"Moderna, Oxford/AstraZeneca, Pfizer/BioNTech",265965,97987,363952
2021-02-08,"Moderna, Oxford/AstraZeneca, Pfizer/BioNTech",270060,109417,379477
2021-02-09,"Moderna, Oxford/AstraZeneca, Pfizer/BioNTech",275168,121333,396501
2021-02-10,"Moderna, Oxford/AstraZeneca, Pfizer/BioNTech",280687,134594,415281
2021-02-11,"Moderna, Oxford/AstraZeneca, Pfizer/BioNTech",287030,150814,437844
2021-02-12,"Moderna, Oxford/AstraZeneca, Pfizer/BioNTech",293860,165563,459423
2021-02-13,"Moderna, Oxford/AstraZeneca, Pfizer/BioNTech",295478,168551,464029
2021-02-14,"Moderna, Oxford/AstraZeneca, Pfizer/BioNTech",296484,169937,466421
2021-02-15,"Moderna, Oxford/AstraZeneca, Pfizer/BioNTech",302884,179308,482192
2021-02-16,"Moderna, Oxford/AstraZeneca, Pfizer/BioNTech",311606,188389,499995
2021-02-17,"Moderna, Oxford/AstraZeneca, Pfizer/BioNTech",321309,196700,518009
2021-02-18,"Moderna, Oxford/AstraZeneca, Pfizer/BioNTech",333640,204785,538425
2021-02-19,"Moderna, Oxford/AstraZeneca, Pfizer/BioNTech",345506,212161,557667
2021-02-20,"Moderna, Oxford/AstraZeneca, Pfizer/BioNTech",347516,213347,560863
2021-02-21,"Moderna, Oxford/AstraZeneca, Pfizer/BioNTech",348653,214373,563026
2021-02-22,"Moderna, Oxford/AstraZeneca, Pfizer/BioNTech",358781,220411,579192
2021-02-23,"Moderna, Oxford/AstraZeneca, Pfizer/BioNTech",371746,227402,599148
2021-02-24,"Moderna, Oxford/AstraZeneca, Pfizer/BioNTech",385631,233444,619075
2021-02-25,"Moderna, Oxford/AstraZeneca, Pfizer/BioNTech",403615,238996,642611
2021-02-26,"Moderna, Oxford/AstraZeneca, Pfizer/BioNTech",419797,244358,664155
2021-02-27,"Moderna, Oxford/AstraZeneca, Pfizer/BioNTech",422806,244918,667724
2021-02-28,"Moderna, Oxford/AstraZeneca, Pfizer/BioNTech",425164,245470,670634
2021-03-01,"Moderna, Oxford/AstraZeneca, Pfizer/BioNTech",444765,248920,693685
2021-03-02,"Moderna, Oxford/AstraZeneca, Pfizer/BioNTech",471993,252470,724463
2021-03-03,"Moderna, Oxford/AstraZeneca, Pfizer/BioNTech",502952,256981,759933
2021-03-04,"Moderna, Oxford/AstraZeneca, Pfizer/BioNTech",536242,261672,797914
2021-03-05,"Johnson&Johnson, Moderna, Oxford/AstraZeneca, Pfizer/BioNTech",565088,267101,832189
2021-03-06,"Johnson&Johnson, Moderna, Oxford/AstraZeneca, Pfizer/BioNTech",577248,267967,845215
2021-03-07,"Johnson&Johnson, Moderna, Oxford/AstraZeneca, Pfizer/BioNTech",588797,268810,857607
2021-03-08,"Johnson&Johnson, Moderna, Oxford/AstraZeneca, Pfizer/BioNTech",618548,273673,892221
2021-03-09,"Johnson&Johnson, Moderna, Oxford/AstraZeneca, Pfizer/BioNTech",654919,280061,934980
2021-03-10,"Johnson&Johnson, Moderna, Oxford/AstraZeneca, Pfizer/BioNTech",696255,287022,983277
2021-03-11,"Johnson&Johnson, Moderna, Oxford/AstraZeneca, Pfizer/BioNTech",741113,295398,1036511
2021-03-12,"Johnson&Johnson, Moderna, Oxford/AstraZeneca, Pfizer/BioNTech",779878,303898,1083776
2021-03-13,"Johnson&Johnson, Moderna, Oxford/AstraZeneca, Pfizer/BioNTech",796988,305213,1102201
2021-03-14,"Johnson&Johnson, Moderna, Oxford/AstraZeneca, Pfizer/BioNTech",809106,306369,1115475
2021-03-15,"Johnson&Johnson, Moderna, Oxford/AstraZeneca, Pfizer/BioNTech",837504,315152,1152656
2021-03-16,"Johnson&Johnson, Moderna, Oxford/AstraZeneca, Pfizer/BioNTech",876402,325690,1202092
2021-03-17,"Moderna, Oxford/AstraZeneca, Pfizer/BioNTech",913892,336205,1250097
2021-03-18,"Johnson&Johnson, Moderna, Oxford/AstraZeneca, Pfizer/BioNTech",951900,348631,1300531
2021-03-19,"Johnson&Johnson, Moderna, Oxford/AstraZeneca, Pfizer/BioNTech",986421,362246,1348667
2021-03-20,"Johnson&Johnson, Moderna, Oxford/AstraZeneca, Pfizer/BioNTech",1001605,364276,1365881
2021-03-21,"Johnson&Johnson, Moderna, Oxford/AstraZeneca, Pfizer/BioNTech",1009050,365836,1374886
2021-03-22,"Johnson&Johnson, Moderna, Oxford/AstraZeneca, Pfizer/BioNTech",1033629,378340,1411969
2021-03-23,"Johnson&Johnson, Moderna, Oxford/AstraZeneca, Pfizer/BioNTech",1060305,391706,1452011
2021-03-24,"Johnson&Johnson, Moderna, Oxford/AstraZeneca, Pfizer/BioNTech",1087198,407454,1494652
2021-03-25,"Johnson&Johnson, Moderna, Oxford/AstraZeneca, Pfizer/BioNTech",1113557,425310,1538867
2021-03-26,"Johnson&Johnson, Moderna, Oxford/AstraZeneca, Pfizer/BioNTech",1138400,442825,1581225
2021-03-27,"Johnson&Johnson, Moderna, Oxford/AstraZeneca, Pfizer/BioNTech",1146862,447671,1594533
2021-03-28,"Moderna, Oxford/AstraZeneca, Pfizer/BioNTech",1152410,451819,1604229
2021-03-29,"Johnson&Johnson, Moderna, Oxford/AstraZeneca, Pfizer/BioNTech",1171570,472557,1644127
2021-03-30,"Johnson&Johnson, Moderna, Oxford/AstraZeneca, Pfizer/BioNTech",1196281,494745,1691026
2021-03-31,"Johnson&Johnson, Moderna, Oxford/AstraZeneca, Pfizer/BioNTech",1219437,521815,1741252
2021-04-01,"Johnson&Johnson, Moderna, Oxford/AstraZeneca, Pfizer/BioNTech",1245124,553874,1798998
2021-04-02,"Johnson&Johnson, Moderna, Oxford/AstraZeneca, Pfizer/BioNTech",1252108,566673,1818781
2021-04-03,"Johnson&Johnson, Moderna, Oxford/AstraZeneca, Pfizer/BioNTech",1255760,577605,1833365
2021-04-04,"Johnson&Johnson, Moderna, Oxford/AstraZeneca, Pfizer/BioNTech",1258304,586529,1844833
2021-04-05,"Johnson&Johnson, Moderna, Oxford/AstraZeneca, Pfizer/BioNTech",1260736,593734,1854470
2021-04-06,"Johnson&Johnson, Moderna, Oxford/AstraZeneca, Pfizer/BioNTech",1276953,623009,1899962
2021-04-07,"Johnson&Johnson, Moderna, Oxford/AstraZeneca, Pfizer/BioNTech",1300459,645253,1945712
2021-04-08,"Johnson&Johnson, Moderna, Oxford/AstraZeneca, Pfizer/BioNTech",1339274,676300,2015574
2021-04-09,"Johnson&Johnson, Moderna, Oxford/AstraZeneca, Pfizer/BioNTech",1378874,706500,2085374
2021-04-10,"Johnson&Johnson, Moderna, Oxford/AstraZeneca, Pfizer/BioNTech",1394442,721813,2116255
2021-04-11,"Johnson&Johnson, Moderna, Oxford/AstraZeneca, Pfizer/BioNTech",1404237,731869,2136106
2021-04-12,"Johnson&Johnson, Moderna, Oxford/AstraZeneca, Pfizer/BioNTech",1442560,757015,2199575
2021-04-13,"Moderna, Oxford/AstraZeneca, Pfizer/BioNTech",1478866,783058,2261924
2021-04-14,"Moderna, Oxford/AstraZeneca, Pfizer/BioNTech",1517755,810435,2328190
2021-04-15,"Moderna, Oxford/AstraZeneca, Pfizer/BioNTech",1565591,836216,2401807
2021-04-16,"Moderna, Oxford/AstraZeneca, Pfizer/BioNTech",1610306,861899,2472205
2021-04-17,"Moderna, Oxford/AstraZeneca, Pfizer/BioNTech",1627033,870926,2497959
2021-04-18,"Moderna, Oxford/AstraZeneca, Pfizer/BioNTech",1640033,875912,2515945
2021-04-19,"Johnson&Johnson, Moderna, Oxford/AstraZeneca, Pfizer/BioNTech",1684006,891356,2575362
2021-04-20,"Johnson&Johnson, Moderna, Oxford/AstraZeneca, Pfizer/BioNTech",1726595,907246,2633841
2021-04-21,"Moderna, Oxford/AstraZeneca, Pfizer/BioNTech",1774366,921615,2695981
2021-04-22,"Johnson&Johnson, Moderna, Oxford/AstraZeneca, Pfizer/BioNTech",1828896,939015,2767911
2021-04-23,"Johnson&Johnson, Moderna, Oxford/AstraZeneca, Pfizer/BioNTech",1878911,951082,2829993
2021-04-24,"Johnson&Johnson, Moderna, Oxford/AstraZeneca, Pfizer/BioNTech",1896789,956349,2853138
2021-04-25,"Johnson&Johnson, Moderna, Oxford/AstraZeneca, Pfizer/BioNTech",1911503,960353,2871856
2021-04-26,"Johnson&Johnson, Moderna, Oxford/AstraZeneca, Pfizer/BioNTech",1961115,967924,2929039
2021-04-27,"Johnson&Johnson, Moderna, Oxford/AstraZeneca, Pfizer/BioNTech",2010103,980176,2990279
2021-04-28,"Johnson&Johnson, Moderna, Oxford/AstraZeneca, Pfizer/BioNTech",2068886,994204,3063090
2021-04-29,"Johnson&Johnson, Moderna, Oxford/AstraZeneca, Pfizer/BioNTech",2134509,1010126,3144635
2021-04-30,"Johnson&Johnson, Moderna, Oxford/AstraZeneca, Pfizer/BioNTech",2196803,1020123,3216926
2021-05-01,"Johnson&Johnson, Moderna, Oxford/AstraZeneca, Pfizer/BioNTech",2216194,1023589,3239783
2021-05-02,"Johnson&Johnson, Moderna, Oxford/AstraZeneca, Pfizer/BioNTech",2235148,1025880,3261028
2021-05-03,"Johnson&Johnson, Moderna, Oxford/AstraZeneca, Pfizer/BioNTech",2302431,1030965,3333396
2021-05-04,"Johnson&Johnson, Moderna, Oxford/AstraZeneca, Pfizer/BioNTech",2368995,1039339,3408334
2021-05-05,"Johnson&Johnson, Moderna, Oxford/AstraZeneca, Pfizer/BioNTech",2442210,1048791,3491001
2021-05-06,"Johnson&Johnson, Moderna, Oxford/AstraZeneca, Pfizer/BioNTech",2522660,1059547,3582207
2021-05-07,"Johnson&Johnson, Moderna, Oxford/AstraZeneca, Pfizer/BioNTech",2599995,1069696,3669691
2021-05-08,"Johnson&Johnson, Moderna, Oxford/AstraZeneca, Pfizer/BioNTech",2629538,1071490,3701028
2021-05-09,"Johnson&Johnson, Moderna, Oxford/AstraZeneca, Pfizer/BioNTech",2653779,1072714,3726493
2021-05-10,"Johnson&Johnson, Moderna, Oxford/AstraZeneca, Pfizer/BioNTech",2726587,1079965,3806552
2021-05-11,"Johnson&Johnson, Moderna, Oxford/AstraZeneca, Pfizer/BioNTech",2802746,1088801,3891547
2021-05-12,"Johnson&Johnson, Moderna, Oxford/AstraZeneca, Pfizer/BioNTech",2882698,1097949,3980647
2021-05-13,"Johnson&Johnson, Moderna, Oxford/AstraZeneca, Pfizer/BioNTech",2966754,1107144,4073898
2021-05-14,"Johnson&Johnson, Moderna, Oxford/AstraZeneca, Pfizer/BioNTech",3046306,1114975,4161281
2021-05-15,"Johnson&Johnson, Moderna, Oxford/AstraZeneca, Pfizer/BioNTech",3078278,1117262,4195540
2021-05-16,"Johnson&Johnson, Moderna, Oxford/AstraZeneca, Pfizer/BioNTech",3104092,1118549,4222641
2021-05-17,"Johnson&Johnson, Moderna, Oxford/AstraZeneca, Pfizer/BioNTech",3176638,1125306,4301944
2021-05-18,"Johnson&Johnson, Moderna, Oxford/AstraZeneca, Pfizer/BioNTech",3248637,1138429,4387066
2021-05-19,"Johnson&Johnson, Moderna, Oxford/AstraZeneca, Pfizer/BioNTech",3326137,1153605,4479742
2021-05-20,"Johnson&Johnson, Moderna, Oxford/AstraZeneca, Pfizer/BioNTech",3401632,1180680,4582312
2021-05-21,"Johnson&Johnson, Moderna, Oxford/AstraZeneca, Pfizer/BioNTech",3470493,1208490,4678983
2021-05-22,"Johnson&Johnson, Moderna, Oxford/AstraZeneca, Pfizer/BioNTech",3502963,1219733,4722696
2021-05-23,"Johnson&Johnson, Moderna, Oxford/AstraZeneca, Pfizer/BioNTech",3525413,1228776,4754189
2021-05-24,"Johnson&Johnson, Moderna, Oxford/AstraZeneca, Pfizer/BioNTech",3572632,1262459,4835091
2021-05-25,"Johnson&Johnson, Moderna, Oxford/AstraZeneca, Pfizer/BioNTech",3624554,1298309,4922863
2021-05-26,"Johnson&Johnson, Moderna, Oxford/AstraZeneca, Pfizer/BioNTech",3692324,1335873,5028197
2021-05-27,"Johnson&Johnson, Moderna, Oxford/AstraZeneca, Pfizer/BioNTech",3753757,1383242,5136999
2021-05-28,"Johnson&Johnson, Moderna, Oxford/AstraZeneca, Pfizer/BioNTech",3815513,1429859,5245372
2021-05-29,"Johnson&Johnson, Moderna, Oxford/AstraZeneca, Pfizer/BioNTech",3844786,1447007,5291793
2021-05-30,"Johnson&Johnson, Moderna, Oxford/AstraZeneca, Pfizer/BioNTech",3867200,1461480,5328680
2021-05-31,"Johnson&Johnson, Moderna, Oxford/AstraZeneca, Pfizer/BioNTech",3922946,1509016,5431962
2021-06-01,"Johnson&Johnson, Moderna, Oxford/AstraZeneca, Pfizer/BioNTech",3982061,1557909,5539970
2021-06-02,"Johnson&Johnson, Moderna, Oxford/AstraZeneca, Pfizer/BioNTech",4045041,1611954,5656995
2021-06-03,"Johnson&Johnson, Moderna, Oxford/AstraZeneca, Pfizer/BioNTech",4103306,1672208,5775514
2021-06-04,"Johnson&Johnson, Moderna, Oxford/AstraZeneca, Pfizer/BioNTech",4166453,1729646,5896099
2021-06-05,"Johnson&Johnson, Moderna, Oxford/AstraZeneca, Pfizer/BioNTech",4200643,1748580,5949223
2021-06-06,"Johnson&Johnson, Moderna, Oxford/AstraZeneca, Pfizer/BioNTech",4227604,1763760,5991364
2021-06-07,"Johnson&Johnson, Moderna, Oxford/AstraZeneca, Pfizer/BioNTech",4291306,1819418,6110724
2021-06-08,"Johnson&Johnson, Moderna, Oxford/AstraZeneca, Pfizer/BioNTech",4355328,1874456,6229784
2021-06-09,"Johnson&Johnson, Moderna, Oxford/AstraZeneca, Pfizer/BioNTech",4414552,1939163,6353715
2021-06-10,"Johnson&Johnson, Moderna, Oxford/AstraZeneca, Pfizer/BioNTech",4468422,2010505,6478927
2021-06-11,"Johnson&Johnson, Moderna, Oxford/AstraZeneca, Pfizer/BioNTech",4520556,2080363,6600919
2021-06-12,"Johnson&Johnson, Moderna, Oxford/AstraZeneca, Pfizer/BioNTech",4552581,2101228,6653809
2021-06-13,"Johnson&Johnson, Moderna, Oxford/AstraZeneca, Pfizer/BioNTech",4576627,2119672,6696299
2021-06-14,"Johnson&Johnson, Moderna, Oxford/AstraZeneca, Pfizer/BioNTech",4619724,2194093,6813817
2021-06-15,"Johnson&Johnson, Moderna, Oxford/AstraZeneca, Pfizer/BioNTech",4664407,2266513,6930920
2021-06-16,"Johnson&Johnson, Moderna, Oxford/AstraZeneca, Pfizer/BioNTech",4707238,2344779,7052017
2021-06-17,"Johnson&Johnson, Moderna, Oxford/AstraZeneca, Pfizer/BioNTech",4746681,2427903,7174584
2021-06-18,"Johnson&Johnson, Moderna, Oxford/AstraZeneca, Pfizer/BioNTech",4789130,2508514,7297644
2021-06-19,"Johnson&Johnson, Moderna, Oxford/AstraZeneca, Pfizer/BioNTech",4810929,2537866,7348795
2021-06-20,"Johnson&Johnson, Moderna, Oxford/AstraZeneca, Pfizer/BioNTech",4828343,2561747,7390090
2021-06-21,"Johnson&Johnson, Moderna, Oxford/AstraZeneca, Pfizer/BioNTech",4860857,2640387,7501244
2021-06-22,"Johnson&Johnson, Moderna, Oxford/AstraZeneca, Pfizer/BioNTech",4893838,2722739,7616577
2021-06-23,"Johnson&Johnson, Moderna, Oxford/AstraZeneca, Pfizer/BioNTech",4925564,2808012,7733576
2021-06-24,"Johnson&Johnson, Moderna, Oxford/AstraZeneca, Pfizer/BioNTech",4955441,2898096,7853537
2021-06-25,"Johnson&Johnson, Moderna, Oxford/AstraZeneca, Pfizer/BioNTech",4986539,2984357,7970896
2021-06-26,"Johnson&Johnson, Moderna, Oxford/AstraZeneca, Pfizer/BioNTech",5002446,3019253,8021699
2021-06-27,"Johnson&Johnson, Moderna, Oxford/AstraZeneca, Pfizer/BioNTech",5016407,3045976,8062383
2021-06-28,"Johnson&Johnson, Moderna, Oxford/AstraZeneca, Pfizer/BioNTech",5044833,3131218,8176051
2021-06-29,"Johnson&Johnson, Moderna, Oxford/AstraZeneca, Pfizer/BioNTech",5074132,3217789,8291921
2021-06-30,"Johnson&Johnson, Moderna, Oxford/AstraZeneca, Pfizer/BioNTech",5101647,3308846,8410493
2021-07-01,"Johnson&Johnson, Moderna, Oxford/AstraZeneca, Pfizer/BioNTech",5125656,3398964,8524620
2021-07-02,"Johnson&Johnson, Moderna, Oxford/AstraZeneca, Pfizer/BioNTech",5152411,3484923,8637334
2021-07-03,"Johnson&Johnson, Moderna, Oxford/AstraZeneca, Pfizer/BioNTech",5159517,3516504,8676021
2021-07-04,"Johnson&Johnson, Moderna, Oxford/AstraZeneca, Pfizer/BioNTech",5167110,3538334,8705444
2021-07-05,"Johnson&Johnson, Moderna, Oxford/AstraZeneca, Pfizer/BioNTech",5174534,3563752,8738286
2021-07-06,"Johnson&Johnson, Moderna, Oxford/AstraZeneca, Pfizer/BioNTech",5180015,3591490,8771505
2021-07-07,"Johnson&Johnson, Moderna, Oxford/AstraZeneca, Pfizer/BioNTech",5205852,3670501,8876353
2021-07-08,"Johnson&Johnson, Moderna, Oxford/AstraZeneca, Pfizer/BioNTech",5232475,3740861,8973336
2021-07-09,"Johnson&Johnson, Moderna, Oxford/AstraZeneca, Pfizer/BioNTech",5260433,3810206,9070639
2021-07-10,"Johnson&Johnson, Moderna, Oxford/AstraZeneca, Pfizer/BioNTech",5269822,3838886,9108708
2021-07-11,"Johnson&Johnson, Moderna, Oxford/AstraZeneca, Pfizer/BioNTech",5278381,3861779,9140160
2021-07-12,"Johnson&Johnson, Moderna, Oxford/AstraZeneca, Pfizer/BioNTech",5305928,3930874,9236802
2021-07-13,"Johnson&Johnson, Moderna, Oxford/AstraZeneca, Pfizer/BioNTech",5332141,4000779,9332920
2021-07-14,"Johnson&Johnson, Moderna, Oxford/AstraZeneca, Pfizer/BioNTech",5357984,4072795,9430779
2021-07-15,"Johnson&Johnson, Moderna, Oxford/AstraZeneca, Pfizer/BioNTech",5387180,4138846,9526026
2021-07-16,"Johnson&Johnson, Moderna, Oxford/AstraZeneca, Pfizer/BioNTech",5415119,4211610,9626729
2021-07-17,"Johnson&Johnson, Moderna, Oxford/AstraZeneca, Pfizer/BioNTech",5423924,4243093,9667017
2021-07-18,"Johnson&Johnson, Moderna, Oxford/AstraZeneca, Pfizer/BioNTech",5432371,4269111,9701482
2021-07-19,"Johnson&Johnson, Moderna, Oxford/AstraZeneca, Pfizer/BioNTech",5455748,4336159,9791907
2021-07-20,"Johnson&Johnson, Moderna, Oxford/AstraZeneca, Pfizer/BioNTech",5477161,4403246,9880407
2021-07-21,"Johnson&Johnson, Moderna, Oxford/AstraZeneca, Pfizer/BioNTech",5500627,4466729,9967356
2021-07-22,"Johnson&Johnson, Moderna, Oxford/AstraZeneca, Pfizer/BioNTech",5523001,4525387,10048388
2021-07-23,"Johnson&Johnson, Moderna, Oxford/AstraZeneca, Pfizer/BioNTech",5546242,4580168,10126410
2021-07-24,"Johnson&Johnson, Moderna, Oxford/AstraZeneca, Pfizer/BioNTech",5553594,4607851,10161445
2021-07-25,"Johnson&Johnson, Moderna, Oxford/AstraZeneca, Pfizer/BioNTech",5560235,4629996,10190231
2021-07-26,"Johnson&Johnson, Moderna, Oxford/AstraZeneca, Pfizer/BioNTech",5583797,4678708,10262505
2021-07-27,"Johnson&Johnson, Moderna, Oxford/AstraZeneca, Pfizer/BioNTech",5606557,4725387,10331944
2021-07-28,"Johnson&Johnson, Moderna, Oxford/AstraZeneca, Pfizer/BioNTech",5627845,4771430,10399275
2021-07-29,"Johnson&Johnson, Moderna, Oxford/AstraZeneca, Pfizer/BioNTech",5649189,4813435,10462624
2021-07-30,"Johnson&Johnson, Moderna, Oxford/AstraZeneca, Pfizer/BioNTech",5672478,4856029,10528507
2021-07-31,"Johnson&Johnson, Moderna, Oxford/AstraZeneca, Pfizer/BioNTech",5681436,4875585,10557021
2021-08-01,"Johnson&Johnson, Moderna, Oxford/AstraZeneca, Pfizer/BioNTech",5688171,4891770,10579941
2021-08-02,"Johnson&Johnson, Moderna, Oxford/AstraZeneca, Pfizer/BioNTech",5706820,4929358,10636178
2021-08-03,"Johnson&Johnson, Moderna, Oxford/AstraZeneca, Pfizer/BioNTech",5724474,4967496,10691970
2021-08-04,"Johnson&Johnson, Moderna, Oxford/AstraZeneca, Pfizer/BioNTech",5740605,5004290,10744895
2021-08-05,"Johnson&Johnson, Moderna, Oxford/AstraZeneca, Pfizer/BioNTech",5756653,5044802,10801455
2021-08-06,"Johnson&Johnson, Moderna, Oxford/AstraZeneca, Pfizer/BioNTech",5773463,5088132,10861595
2021-08-07,"Johnson&Johnson, Moderna, Oxford/AstraZeneca, Pfizer/BioNTech",5779072,5106320,10885392
2021-08-08,"Johnson&Johnson, Moderna, Oxford/AstraZeneca, Pfizer/BioNTech",5783445,5122091,10905536
2021-08-09,"Johnson&Johnson, Moderna, Oxford/AstraZeneca, Pfizer/BioNTech",5796086,5167172,10963258
2021-08-10,"Johnson&Johnson, Moderna, Oxford/AstraZeneca, Pfizer/BioNTech",5807936,5206766,11014702
2021-08-11,"Johnson&Johnson, Moderna, Oxford/AstraZeneca, Pfizer/BioNTech",5819310,5249921,11069231
2021-08-12,"Johnson&Johnson, Moderna, Oxford/AstraZeneca, Pfizer/BioNTech",5830735,5287083,11117818
2021-08-13,"Johnson&Johnson, Moderna, Oxford/AstraZeneca, Pfizer/BioNTech",5841469,5327454,11168923
2021-08-14,"Johnson&Johnson, Moderna, Oxford/AstraZeneca, Pfizer/BioNTech",5844810,5338172,11182982
2021-08-15,"Johnson&Johnson, Moderna, Oxford/AstraZeneca, Pfizer/BioNTech",5847402,5348565,11195967
2021-08-16,"Johnson&Johnson, Moderna, Oxford/AstraZeneca, Pfizer/BioNTech",5857197,5382662,11239859
2021-08-17,"Johnson&Johnson, Moderna, Oxford/AstraZeneca, Pfizer/BioNTech",5866800,5409780,11276580
2021-08-18,"Johnson&Johnson, Moderna, Oxford/AstraZeneca, Pfizer/BioNTech",5876177,5448694,11324871
2021-08-19,"Johnson&Johnson, Moderna, Oxford/AstraZeneca, Pfizer/BioNTech",5885860,5487064,11372924
2021-08-20,"Johnson&Johnson, Moderna, Oxford/AstraZeneca, Pfizer/BioNTech",5897256,5527266,11424522
2021-08-21,"Johnson&Johnson, Moderna, Oxford/AstraZeneca, Pfizer/BioNTech",5899982,5540044,11440026
2021-08-22,"Johnson&Johnson, Moderna, Oxford/AstraZeneca, Pfizer/BioNTech",5902329,5552022,11454351
2021-08-23,"Johnson&Johnson, Moderna, Oxford/AstraZeneca, Pfizer/BioNTech",5912864,5591310,11504174
2021-08-24,"Johnson&Johnson, Moderna, Oxford/AstraZeneca, Pfizer/BioNTech",5922745,5624578,11547323
2021-08-25,"Johnson&Johnson, Moderna, Oxford/AstraZeneca, Pfizer/BioNTech",5931613,5652957,11584570
2021-08-26,"Johnson&Johnson, Moderna, Oxford/AstraZeneca, Pfizer/BioNTech",5940070,5679088,11619158
2021-08-27,"Johnson&Johnson, Moderna, Oxford/AstraZeneca, Pfizer/BioNTech",5950397,5705081,11655478
2021-08-28,"Johnson&Johnson, Moderna, Oxford/AstraZeneca, Pfizer/BioNTech",5953139,5712152,11665291
2021-08-29,"Johnson&Johnson, Moderna, Oxford/AstraZeneca, Pfizer/BioNTech",5955553,5718779,11674332
2021-08-30,"Johnson&Johnson, Moderna, Oxford/AstraZeneca, Pfizer/BioNTech",5964084,5740663,11704747
2021-08-31,"Johnson&Johnson, Moderna, Oxford/AstraZeneca, Pfizer/BioNTech",5971774,5758780,11730554
2021-09-01,"Johnson&Johnson, Moderna, Oxford/AstraZeneca, Pfizer/BioNTech",5977686,5772805,11750491
2021-09-02,"Johnson&Johnson, Moderna, Oxford/AstraZeneca, Pfizer/BioNTech",5984531,5787203,11771734
2021-09-03,"Johnson&Johnson, Moderna, Oxford/AstraZeneca, Pfizer/BioNTech",5994095,5802943,11797038
2021-09-04,"Johnson&Johnson, Moderna, Oxford/AstraZeneca, Pfizer/BioNTech",5996167,5806504,11802671
2021-09-05,"Johnson&Johnson, Moderna, Oxford/AstraZeneca, Pfizer/BioNTech",5998209,5809354,11807563
2021-09-06,"Johnson&Johnson, Moderna, Oxford/AstraZeneca, Pfizer/BioNTech",6004449,5821902,11826351
2021-09-07,"Johnson&Johnson, Moderna, Oxford/AstraZeneca, Pfizer/BioNTech",6008844,5832992,11841836
2021-09-08,"Johnson&Johnson, Moderna, Oxford/AstraZeneca, Pfizer/BioNTech",6014521,5842860,11857381
2021-09-09,"Johnson&Johnson, Moderna, Oxford/AstraZeneca, Pfizer/BioNTech",6021223,5852936,11874159
2021-09-10,"Johnson&Johnson, Moderna, Oxford/AstraZeneca, Pfizer/BioNTech",6028924,5865122,11894046
2021-09-11,"Johnson&Johnson, Moderna, Oxford/AstraZeneca, Pfizer/BioNTech",6030794,5867610,11898404
2021-09-12,"Johnson&Johnson, Moderna, Oxford/AstraZeneca, Pfizer/BioNTech",6031915,5869245,11901160
2021-09-13,"Johnson&Johnson, Moderna, Oxford/AstraZeneca, Pfizer/BioNTech",6037358,5879556,11916914
2021-09-14,"Johnson&Johnson, Moderna, Oxford/AstraZeneca, Pfizer/BioNTech",6042758,5888575,11931333
2021-09-15,"Johnson&Johnson, Moderna, Oxford/AstraZeneca, Pfizer/BioNTech",6047970,5897107,11945077
2021-09-16,"Johnson&Johnson, Moderna, Oxford/AstraZeneca, Pfizer/BioNTech",6053330,5905392,11958722
2021-09-17,"Johnson&Johnson, Moderna, Oxford/AstraZeneca, Pfizer/BioNTech",6059903,5915632,11975535
2021-09-18,"Johnson&Johnson, Moderna, Oxford/AstraZeneca, Pfizer/BioNTech",6061635,5917998,11979633
2021-09-19,"Johnson&Johnson, Moderna, Oxford/AstraZeneca, Pfizer/BioNTech",6062581,5919569,11982150
2021-09-20,"Johnson&Johnson, Moderna, Oxford/AstraZeneca, Pfizer/BioNTech",6066604,5927772,11994376
2021-09-21,"Johnson&Johnson, Moderna, Oxford/AstraZeneca, Pfizer/BioNTech",6070844,5935314,12006158
2021-09-22,"Johnson&Johnson, Moderna, Oxford/AstraZeneca, Pfizer/BioNTech",6075039,5940842,12015881
2021-09-23,"Johnson&Johnson, Moderna, Oxford/AstraZeneca, Pfizer/BioNTech",6080013,5947260,12027273
2021-09-24,"Johnson&Johnson, Moderna, Oxford/AstraZeneca, Pfizer/BioNTech",6085774,5956878,12042652
2021-09-25,"Johnson&Johnson, Moderna, Oxford/AstraZeneca, Pfizer/BioNTech",6087274,5958879,12046153
2021-09-26,"Johnson&Johnson, Moderna, Oxford/AstraZeneca, Pfizer/BioNTech",6088019,5960521,12048540
2021-09-27,"Johnson&Johnson, Moderna, Oxford/AstraZeneca, Pfizer/BioNTech",6091904,5967038,12058942
2021-09-28,"Johnson&Johnson, Moderna, Oxford/AstraZeneca, Pfizer/BioNTech",6092275,5967675,12059950
2021-09-29,"Johnson&Johnson, Moderna, Oxford/AstraZeneca, Pfizer/BioNTech",6096053,5975140,12071193
2021-09-30,"Johnson&Johnson, Moderna, Oxford/AstraZeneca, Pfizer/BioNTech",6100568,5982845,12083413
2021-10-01,"Johnson&Johnson, Moderna, Oxford/AstraZeneca, Pfizer/BioNTech",6104876,5990831,12095707
2021-10-02,"Johnson&Johnson, Moderna, Oxford/AstraZeneca, Pfizer/BioNTech",6105939,5992378,12098317
2021-10-03,"Johnson&Johnson, Moderna, Oxford/AstraZeneca, Pfizer/BioNTech",6106664,5993250,12099914
2021-10-04,"Johnson&Johnson, Moderna, Oxford/AstraZeneca, Pfizer/BioNTech",6109741,5998827,12108568
2021-10-05,"Johnson&Johnson, Moderna, Oxford/AstraZeneca, Pfizer/BioNTech",6112903,6003912,12116815
2021-10-06,"Johnson&Johnson, Moderna, Oxford/AstraZeneca, Pfizer/BioNTech",6116423,6009087,12125510
2021-10-07,"Johnson&Johnson, Moderna, Oxford/AstraZeneca, Pfizer/BioNTech",6119707,6014349,12134056
2021-10-08,"Johnson&Johnson, Moderna, Oxford/AstraZeneca, Pfizer/BioNTech",6124502,6020994,12145496
2021-10-09,"Johnson&Johnson, Moderna, Oxford/AstraZeneca, Pfizer/BioNTech",6125746,6022660,12148406
2021-10-10,"Johnson&Johnson, Moderna, Oxford/AstraZeneca, Pfizer/BioNTech",6126690,6023492,12150182
2021-10-11,"Johnson&Johnson, Moderna, Oxford/AstraZeneca, Pfizer/BioNTech",6129620,6027908,12157528
2021-10-12,"Johnson&Johnson, Moderna, Oxford/AstraZeneca, Pfizer/BioNTech",6132556,6031913,12164469
2021-10-13,"Johnson&Johnson, Moderna, Oxford/AstraZeneca, Pfizer/BioNTech",6136088,6036100,12172188
2021-10-14,"Johnson&Johnson, Moderna, Oxford/AstraZeneca, Pfizer/BioNTech",6139761,6041051,12180812
2021-10-15,"Johnson&Johnson, Moderna, Oxford/AstraZeneca, Pfizer/BioNTech",6144989,6047199,12192188
2021-10-16,"Johnson&Johnson, Moderna, Oxford/AstraZeneca, Pfizer/BioNTech",6146404,6048727,12195131
2021-10-17,"Johnson&Johnson, Moderna, Pfizer/BioNTech",6147731,6049782,12197513
2021-10-18,"Johnson&Johnson, Moderna, Oxford/AstraZeneca, Pfizer/BioNTech",6151844,6053885,12205729
2021-10-19,"Johnson&Johnson, Moderna, Oxford/AstraZeneca, Pfizer/BioNTech",6155424,6055986,12211410
2021-10-20,"Johnson&Johnson, Moderna, Oxford/AstraZeneca, Pfizer/BioNTech",6160308,6060446,12220754
2021-10-21,"Johnson&Johnson, Moderna, Oxford/AstraZeneca, Pfizer/BioNTech",6168075,6066052,12234127
2021-10-22,"Johnson&Johnson, Moderna, Oxford/AstraZeneca, Pfizer/BioNTech",6178530,6072553,12251083
2021-10-23,"Johnson&Johnson, Moderna, Oxford/AstraZeneca, Pfizer/BioNTech",6182205,6074761,12256966
2021-10-24,"Johnson&Johnson, Moderna, Oxford/AstraZeneca, Pfizer/BioNTech",6184890,6076542,12261432
2021-10-25,"Johnson&Johnson, Moderna, Oxford/AstraZeneca, Pfizer/BioNTech",6195389,6082351,12277740
2021-10-26,"Johnson&Johnson, Moderna, Oxford/AstraZeneca, Pfizer/BioNTech",6207379,6088902,12296281
2021-10-27,"Johnson&Johnson, Moderna, Oxford/AstraZeneca, Pfizer/BioNTech",6221988,6096316,12318304
2021-10-28,"Johnson&Johnson, Moderna, Oxford/AstraZeneca, Pfizer/BioNTech",6225413,6098001,12323414
2021-10-29,"Johnson&Johnson, Moderna, Oxford/AstraZeneca, Pfizer/BioNTech",6239850,6105990,12345840
2021-10-30,"Johnson&Johnson, Moderna, Oxford/AstraZeneca, Pfizer/BioNTech",6244379,6108916,12353295
2021-10-31,"Johnson&Johnson, Moderna, Oxford/AstraZeneca, Pfizer/BioNTech",6248142,6111391,12359533
2021-11-01,"Johnson&Johnson, Moderna, Oxford/AstraZeneca, Pfizer/BioNTech",6263340,6119076,12382416
2021-11-02,"Johnson&Johnson, Moderna, Oxford/AstraZeneca, Pfizer/BioNTech",6278792,6126632,12405424
2021-11-03,"Johnson&Johnson, Moderna, Oxford/AstraZeneca, Pfizer/BioNTech",6295971,6133925,12429896
2021-11-04,"Johnson&Johnson, Moderna, Oxford/AstraZeneca, Pfizer/BioNTech",6314321,6142097,12456418
2021-11-05,"Johnson&Johnson, Moderna, Oxford/AstraZeneca, Pfizer/BioNTech",6337120,6153379,12490499
2021-11-06,"Johnson&Johnson, Moderna, Oxford/AstraZeneca, Pfizer/BioNTech",6343636,6156435,12500071
2021-11-07,"Johnson&Johnson, Moderna, Oxford/AstraZeneca, Pfizer/BioNTech",6347658,6158871,12506529
2021-11-08,"Johnson&Johnson, Moderna, Oxford/AstraZeneca, Pfizer/BioNTech",6363925,6166499,12530424
2021-11-09,"Johnson&Johnson, Moderna, Oxford/AstraZeneca, Pfizer/BioNTech",6378734,6173798,12552532
2021-11-10,"Johnson&Johnson, Moderna, Oxford/AstraZeneca, Pfizer/BioNTech",6394472,6181184,12575656
2021-11-11,"Johnson&Johnson, Moderna, Oxford/AstraZeneca, Pfizer/BioNTech",6409943,6190292,12600235
2021-11-12,"Johnson&Johnson, Moderna, Oxford/AstraZeneca, Pfizer/BioNTech",6429746,6203096,12632842
2021-11-13,"Johnson&Johnson, Moderna, Oxford/AstraZeneca, Pfizer/BioNTech",6435140,6206971,12642111
2021-11-14,"Johnson&Johnson, Moderna, Oxford/AstraZeneca, Pfizer/BioNTech",6439035,6209976,12649011
2021-11-15,"Johnson&Johnson, Moderna, Oxford/AstraZeneca, Pfizer/BioNTech",6454115,6220668,12674783
2021-11-16,"Johnson&Johnson, Moderna, Oxford/AstraZeneca, Pfizer/BioNTech",6471656,6232648,12704304
2021-11-17,"Johnson&Johnson, Moderna, Oxford/AstraZeneca, Pfizer/BioNTech",6475897,6236213,12712110
2021-11-18,"Johnson&Johnson, Moderna, Oxford/AstraZeneca, Pfizer/BioNTech",6495316,6247907,12743223
2021-11-19,"Johnson&Johnson, Moderna, Oxford/AstraZeneca, Pfizer/BioNTech",6519926,6264880,12784806
2021-11-20,"Johnson&Johnson, Moderna, Oxford/AstraZeneca, Pfizer/BioNTech",6528504,6269862,12798366
2021-11-21,"Johnson&Johnson, Moderna, Pfizer/BioNTech",6535273,6273635,12808908
2021-11-22,"Johnson&Johnson, Moderna, Oxford/AstraZeneca, Pfizer/BioNTech",6553783,6287751,12841534
2021-11-23,"Johnson&Johnson, Moderna, Oxford/AstraZeneca, Pfizer/BioNTech",6572848,6301012,12873860
2021-11-24,"Johnson&Johnson, Moderna, Oxford/AstraZeneca, Pfizer/BioNTech",6591863,6316859,12908722
2021-11-25,"Johnson&Johnson, Moderna, Oxford/AstraZeneca, Pfizer/BioNTech",6611007,6331893,12942900
2021-11-26,"Johnson&Johnson, Moderna, Oxford/AstraZeneca, Pfizer/BioNTech",6632662,6351030,12983692
2021-11-27,"Johnson&Johnson, Moderna, Oxford/AstraZeneca, Pfizer/BioNTech",6640131,6356585,12996716
2021-11-28,"Johnson&Johnson, Moderna, Oxford/AstraZeneca, Pfizer/BioNTech",6643464,6359720,13003184
2021-11-29,"Johnson&Johnson, Moderna, Oxford/AstraZeneca, Pfizer/BioNTech",6658673,6373377,13032050
2021-11-30,"Johnson&Johnson, Moderna, Oxford/AstraZeneca, Pfizer/BioNTech",6671876,6384608,13056484
2021-12-01,"Johnson&Johnson, Moderna, Oxford/AstraZeneca, Pfizer/BioNTech",6685910,6397063,13082973
2021-12-02,"Johnson&Johnson, Moderna, Oxford/AstraZeneca, Pfizer/BioNTech",6696550,6409554,13106104
2021-12-03,"Johnson&Johnson, Moderna, Oxford/AstraZeneca, Pfizer/BioNTech",6706191,6425131,13131322
2021-12-04,"Johnson&Johnson, Moderna, Pfizer/BioNTech",6708748,6429081,13137829
2021-12-05,"Johnson&Johnson, Moderna, Oxford/AstraZeneca, Pfizer/BioNTech",6710109,6431421,13141530
2021-12-06,"Johnson&Johnson, Moderna, Oxford/AstraZeneca, Pfizer/BioNTech",6718256,6442951,13161207
2021-12-07,"Johnson&Johnson, Moderna, Oxford/AstraZeneca, Pfizer/BioNTech",6726147,6454960,13181107
2021-12-08,"Johnson&Johnson, Moderna, Oxford/AstraZeneca, Pfizer/BioNTech",6734391,6460888,13195279
2021-12-09,"Johnson&Johnson, Moderna, Oxford/AstraZeneca, Pfizer/BioNTech",6741512,6473707,13215219
2021-12-10,"Johnson&Johnson, Moderna, Oxford/AstraZeneca, Pfizer/BioNTech",6748444,6491511,13239955
2021-12-11,"Johnson&Johnson, Moderna, Oxford/AstraZeneca, Pfizer/BioNTech",6750103,6496783,13246886
2021-12-12,"Johnson&Johnson, Moderna, Oxford/AstraZeneca, Pfizer/BioNTech",6751414,6501216,13252630
2021-12-13,"Johnson&Johnson, Moderna, Oxford/AstraZeneca, Pfizer/BioNTech",6757765,6514529,13272294
2021-12-14,"Johnson&Johnson, Moderna, Oxford/AstraZeneca, Pfizer/BioNTech",6763976,6528198,13292174
2021-12-15,"Johnson&Johnson, Moderna, Oxford/AstraZeneca, Pfizer/BioNTech",6770183,6541799,13311982
2021-12-16,"Johnson&Johnson, Moderna, Oxford/AstraZeneca, Pfizer/BioNTech",6777124,6556633,13333757
2021-12-17,"Johnson&Johnson, Moderna, Oxford/AstraZeneca, Pfizer/BioNTech",6785489,6573897,13359386
2021-12-18,"Johnson&Johnson, Moderna, Oxford/AstraZeneca, Pfizer/BioNTech",6788100,6579349,13367449
2021-12-19,"Johnson&Johnson, Moderna, Pfizer/BioNTech",6789871,6581853,13371724
2021-12-20,"Johnson&Johnson, Moderna, Oxford/AstraZeneca, Pfizer/BioNTech",6795727,6595916,13391643
2021-12-21,"Johnson&Johnson, Moderna, Oxford/AstraZeneca, Pfizer/BioNTech",6802388,6607911,13410299
2021-12-22,"Johnson&Johnson, Moderna, Oxford/AstraZeneca, Pfizer/BioNTech",6807436,6620967,13428403
2021-12-23,"Johnson&Johnson, Moderna, Oxford/AstraZeneca, Pfizer/BioNTech",6810310,6626568,13436878
2021-12-24,"Johnson&Johnson, Moderna, Oxford/AstraZeneca, Pfizer/BioNTech",6810356,6626669,13437025
2021-12-25,"Moderna, Pfizer/BioNTech",6810357,6626677,13437034
2021-12-26,"Moderna, Pfizer/BioNTech",6810459,6626880,13437339
2021-12-27,"Johnson&Johnson, Moderna, Pfizer/BioNTech",6814326,6636623,13450949
2021-12-28,"Johnson&Johnson, Moderna, Oxford/AstraZeneca, Pfizer/BioNTech",6819567,6644618,13464185
2021-12-29,"Johnson&Johnson, Moderna, Oxford/AstraZeneca, Pfizer/BioNTech",6823847,6652337,13476184
2021-12-30,"Johnson&Johnson, Moderna, Pfizer/BioNTech",6828147,6657769,13485916
2021-12-31,"Johnson&Johnson, Moderna, Pfizer/BioNTech",6828657,6659192,13487849
2022-01-01,"Johnson&Johnson, Moderna, Pfizer/BioNTech",6828663,6659210,13487873
2022-01-02,"Johnson&Johnson, Moderna, Pfizer/BioNTech",6829520,6660587,13490107
2022-01-03,"Johnson&Johnson, Moderna, Oxford/AstraZeneca, Pfizer/BioNTech",6833655,6669489,13503144
2022-01-04,"Johnson&Johnson, Moderna, Oxford/AstraZeneca, Pfizer/BioNTech",6838740,6677242,13515982
2022-01-05,"Johnson&Johnson, Moderna, Oxford/AstraZeneca, Pfizer/BioNTech",6844560,6685212,13529772
2022-01-06,"Johnson&Johnson, Moderna, Oxford/AstraZeneca, Pfizer/BioNTech",6851146,6693613,13544759
2022-01-07,"Johnson&Johnson, Moderna, Oxford/AstraZeneca, Pfizer/BioNTech",6859022,6703968,13562990
2022-01-08,"Johnson&Johnson, Moderna, Oxford/AstraZeneca, Pfizer/BioNTech",6861502,6706751,13568253
2022-01-09,"Johnson&Johnson, Moderna, Pfizer/BioNTech",6862584,6708445,13571029
2022-01-10,"Johnson&Johnson, Moderna, Oxford/AstraZeneca, Pfizer/BioNTech",6867082,6714632,13581714
2022-01-11,"Johnson&Johnson, Moderna, Oxford/AstraZeneca, Pfizer/BioNTech",6872520,6721386,13593906
2022-01-12,"Johnson&Johnson, Moderna, Oxford/AstraZeneca, Pfizer/BioNTech",6878468,6727028,13605496
2022-01-13,"Johnson&Johnson, Moderna, Oxford/AstraZeneca, Pfizer/BioNTech",6884352,6731805,13616157
2022-01-14,"Johnson&Johnson, Moderna, Oxford/AstraZeneca, Pfizer/BioNTech",6890653,6735437,13626090
2022-01-15,"Johnson&Johnson, Moderna, Oxford/AstraZeneca, Pfizer/BioNTech",6891930,6736091,13628021
2022-01-16,"Johnson&Johnson, Moderna, Oxford/AstraZeneca, Pfizer/BioNTech",6892617,6736528,13629145
2022-01-17,"Johnson&Johnson, Moderna, Oxford/AstraZeneca, Pfizer/BioNTech",6896171,6740484,13636655
2022-01-18,"Johnson&Johnson, Moderna, Oxford/AstraZeneca, Pfizer/BioNTech",6900021,6745433,13645454
2022-01-19,"Johnson&Johnson, Moderna, Oxford/AstraZeneca, Pfizer/BioNTech",6904091,6749364,13653455
2022-01-20,"Johnson&Johnson, Moderna, Oxford/AstraZeneca, Pfizer/BioNTech",6907683,6753818,13661501
2022-01-21,"Johnson&Johnson, Moderna, Oxford/AstraZeneca, Pfizer/BioNTech",6911677,6756346,13668023
2022-01-22,"Johnson&Johnson, Moderna, Pfizer/BioNTech",6912456,6756785,13669241
2022-01-23,"Johnson&Johnson, Moderna, Pfizer/BioNTech",6913017,6757419,13670436
2022-01-24,"Johnson&Johnson, Moderna, Oxford/AstraZeneca, Pfizer/BioNTech",6915287,6760854,13676141
2022-01-25,"Johnson&Johnson, Moderna, Oxford/AstraZeneca, Pfizer/BioNTech",6917641,6764849,13682490
2022-01-26,"Johnson&Johnson, Moderna, Oxford/AstraZeneca, Pfizer/BioNTech",6920025,6769414,13689439
2022-01-27,"Johnson&Johnson, Moderna, Oxford/AstraZeneca, Pfizer/BioNTech",6922348,6774226,13696574
2022-01-28,"Johnson&Johnson, Moderna, Oxford/AstraZeneca, Pfizer/BioNTech",6925259,6780388,13705647
2022-01-29,"Johnson&Johnson, Moderna, Oxford/AstraZeneca, Pfizer/BioNTech",6925859,6782039,13707898
2022-01-30,"Johnson&Johnson, Moderna, Pfizer/BioNTech",6926086,6782817,13708903
2022-01-31,"Johnson&Johnson, Moderna, Pfizer/BioNTech",6927627,6786735,13714362
2022-02-01,"Johnson&Johnson, Moderna, Pfizer/BioNTech",6929224,6790767,13719991
2022-02-02,"Johnson&Johnson, Moderna, Oxford/AstraZeneca, Pfizer/BioNTech",6930790,6795271,13726061
2022-02-03,"Johnson&Johnson, Moderna, Pfizer/BioNTech",6932162,6799748,13731910
2022-02-04,"Johnson&Johnson, Moderna, Pfizer/BioNTech",6933762,6804864,13738626
2022-02-05,"Johnson&Johnson, Moderna, Pfizer/BioNTech",6933935,6805473,13739408
2022-02-06,"Johnson&Johnson, Moderna, Pfizer/BioNTech",6934031,6805792,13739823
2022-02-07,"Johnson&Johnson, Moderna, Pfizer/BioNTech",6934730,6809001,13743731
2022-02-08,"Johnson&Johnson, Moderna, Pfizer/BioNTech",6935523,6812186,13747709
2022-02-09,"Johnson&Johnson, Moderna, Pfizer/BioNTech",6936349,6815557,13751906
2022-02-10,"Johnson&Johnson, Moderna, Pfizer/BioNTech",6937144,6818681,13755825
2022-02-11,"Johnson&Johnson, Moderna, Pfizer/BioNTech",6938096,6822591,13760687
2022-02-12,"Johnson&Johnson, Moderna, Pfizer/BioNTech",6938206,6823009,13761215
2022-02-13,"Johnson&Johnson, Moderna, Pfizer/BioNTech",6938241,6823446,13761687
2022-02-14,"Johnson&Johnson, Moderna, Pfizer/BioNTech",6938698,6825559,13764257
2022-02-15,"Johnson&Johnson, Moderna, Pfizer/BioNTech",6939249,6827762,13767011
2022-02-16,"Johnson&Johnson, Moderna, Pfizer/BioNTech",6939839,6829859,13769698
2022-02-17,"Johnson&Johnson, Moderna, Pfizer/BioNTech",6940433,6832198,13772631
2022-02-18,"Johnson&Johnson, Moderna, Oxford/AstraZeneca, Pfizer/BioNTech",6941074,6835249,13776323
2022-02-19,"Johnson&Johnson, Moderna, Pfizer/BioNTech",6941153,6835530,13776683
2022-02-20,"Johnson&Johnson, Moderna, Pfizer/BioNTech",6941187,6835679,13776866
2022-02-21,"Johnson&Johnson, Moderna, Pfizer/BioNTech",6941548,6837376,13778924
2022-02-22,"Johnson&Johnson, Moderna, Oxford/AstraZeneca, Pfizer/BioNTech",6941940,6839055,13780995
2022-02-23,"Johnson&Johnson, Moderna, Pfizer/BioNTech",6942391,6840697,13783088
2022-02-24,"Johnson&Johnson, Moderna, Pfizer/BioNTech",6942798,6842327,13785125
2022-02-25,"Johnson&Johnson, Moderna, Pfizer/BioNTech",6943382,6844410,13787792
2022-02-26,"Johnson&Johnson, Moderna, Pfizer/BioNTech",6943443,6844570,13788013
2022-02-27,"Johnson&Johnson, Moderna, Pfizer/BioNTech",6943473,6844646,13788119
2022-02-28,"Johnson&Johnson, Moderna, Pfizer/BioNTech",6943718,6845615,13789333
2022-03-01,"Johnson&Johnson, Moderna, Pfizer/BioNTech",6943974,6846392,13790366
2022-03-02,"Johnson&Johnson, Moderna, Novavax, Pfizer/BioNTech",6944312,6847299,13791611
2022-03-03,"Johnson&Johnson, Moderna, Novavax, Pfizer/BioNTech",6944641,6848241,13792882
2022-03-04,"Johnson&Johnson, Moderna, Novavax, Pfizer/BioNTech",6945262,6849459,13794721
2022-03-05,"Johnson&Johnson, Moderna, Novavax, Pfizer/BioNTech",6945342,6849550,13794892
2022-03-06,"Moderna, Novavax, Pfizer/BioNTech",6945353,6849568,13794921
2022-03-07,"Johnson&Johnson, Moderna, Novavax, Pfizer/BioNTech",6945686,6850125,13795811
2022-03-08,"Johnson&Johnson, Moderna, Novavax, Pfizer/BioNTech",6946020,6850667,13796687
2022-03-09,"Johnson&Johnson, Moderna, Novavax, Pfizer/BioNTech",6946402,6851252,13797654
2022-03-10,"Johnson&Johnson, Moderna, Novavax, Pfizer/BioNTech",6946807,6851921,13798728
2022-03-11,"Johnson&Johnson, Moderna, Novavax, Pfizer/BioNTech",6947536,6852829,13800365
2022-03-12,"Johnson&Johnson, Moderna, Novavax, Pfizer/BioNTech",6947604,6852934,13800538
2022-03-13,"Johnson&Johnson, Moderna, Novavax, Pfizer/BioNTech",6947617,6852952,13800569
2022-03-14,"Johnson&Johnson, Moderna, Novavax, Pfizer/BioNTech",6947876,6853331,13801207
2022-03-15,"Johnson&Johnson, Moderna, Novavax, Pfizer/BioNTech",6948152,6853766,13801918
2022-03-16,"Johnson&Johnson, Moderna, Novavax, Pfizer/BioNTech",6948461,6854307,13802768
2022-03-17,"Johnson&Johnson, Moderna, Novavax, Oxford/AstraZeneca, Pfizer/BioNTech",6948751,6854738,13803489
2022-03-18,"Johnson&Johnson, Moderna, Novavax, Pfizer/BioNTech",6949434,6855529,13804963
2022-03-19,"Moderna, Novavax, Pfizer/BioNTech",6949491,6855574,13805065
2022-03-20,"Moderna, Novavax, Pfizer/BioNTech",6949508,6855586,13805094
2022-03-21,"Johnson&Johnson, Moderna, Novavax, Pfizer/BioNTech",6949692,6855913,13805605
2022-03-22,"Johnson&Johnson, Moderna, Novavax, Pfizer/BioNTech",6949925,6856307,13806232
2022-03-23,"Johnson&Johnson, Moderna, Novavax, Pfizer/BioNTech",6950264,6856740,13807004
2022-03-24,"Johnson&Johnson, Moderna, Novavax, Pfizer/BioNTech",6950565,6857207,13807772
2022-03-25,"Johnson&Johnson, Moderna, Novavax, Pfizer/BioNTech",6951043,6858003,13809046
2022-03-26,"Johnson&Johnson, Moderna, Novavax, Pfizer/BioNTech",6951095,6858080,13809175
2022-03-27,"Moderna, Novavax, Pfizer/BioNTech",6951111,6858096,13809207
2022-03-28,"Johnson&Johnson, Moderna, Novavax, Pfizer/BioNTech",6951265,6858472,13809737
2022-03-29,"Johnson&Johnson, Moderna, Novavax, Pfizer/BioNTech",6951523,6858873,13810396
2022-03-30,"Johnson&Johnson, Moderna, Novavax, Pfizer/BioNTech",6951830,6859336,13811166
2022-03-31,"Johnson&Johnson, Moderna, Novavax, Pfizer/BioNTech",6952123,6859823,13811946
2022-04-01,"Johnson&Johnson, Moderna, Novavax, Pfizer/BioNTech",6952669,6860547,13813216
2022-04-02,"Moderna, Novavax, Pfizer/BioNTech",6952713,6860619,13813332
2022-04-03,"Moderna, Novavax, Pfizer/BioNTech",6952725,6860648,13813373
2022-04-04,"Johnson&Johnson, Moderna, Novavax, Pfizer/BioNTech",6952886,6860918,13813804
2022-04-05,"Johnson&Johnson, Moderna, Novavax, Pfizer/BioNTech",6953064,6861131,13814195
