date,vaccine,people_vaccinated,people_fully_vaccinated,total_vaccinations
2020-12-27,Pfizer/BioNTech,1272,0,1272
2020-12-28,Pfizer/BioNTech,3571,0,3571
2020-12-29,Pfizer/BioNTech,7027,0,7027
2020-12-30,Pfizer/BioNTech,10520,0,10520
2020-12-31,Pfizer/BioNTech,11826,0,11826
2021-01-01,"Moderna, Pfizer/BioNTech",12091,0,12091
2021-01-02,Pfizer/BioNTech,13364,0,13364
2021-01-03,Pfizer/BioNTech,14283,0,14283
2021-01-04,"Moderna, Pfizer/BioNTech",17877,0,17877
2021-01-05,"Moderna, Pfizer/BioNTech",22378,0,22378
2021-01-06,Pfizer/BioNTech,28214,0,28214
2021-01-07,Pfizer/BioNTech,36177,0,36177
2021-01-08,Pfizer/BioNTech,46146,0,46146
2021-01-09,Pfizer/BioNTech,48164,0,48164
2021-01-10,Pfizer/BioNTech,49922,1,49923
2021-01-11,Pfizer/BioNTech,59737,2,59739
2021-01-12,Pfizer/BioNTech,73137,4,73141
2021-01-13,Pfizer/BioNTech,86632,4,86636
2021-01-14,"Moderna, Pfizer/BioNTech",101822,6,101828
2021-01-15,"Moderna, Pfizer/BioNTech",115784,6,115790
2021-01-16,"Moderna, Pfizer/BioNTech",119160,8,119168
2021-01-17,"Moderna, Pfizer/BioNTech",121763,648,122411
2021-01-18,"Moderna, Pfizer/BioNTech",134230,2468,136698
2021-01-19,"Moderna, Pfizer/BioNTech",146779,5180,151959
2021-01-20,"Moderna, Pfizer/BioNTech",160406,7823,168229
2021-01-21,"Moderna, Pfizer/BioNTech",176004,9554,185558
2021-01-22,"Moderna, Pfizer/BioNTech",190817,10597,201414
2021-01-23,"Moderna, Pfizer/BioNTech",194110,11468,205578
2021-01-24,"Moderna, Pfizer/BioNTech",196354,12337,208691
2021-01-25,"Moderna, Pfizer/BioNTech",205969,15306,221275
2021-01-26,"Moderna, Pfizer/BioNTech",216479,19276,235755
2021-01-27,"Moderna, Pfizer/BioNTech",225482,23788,249270
2021-01-28,"Moderna, Pfizer/BioNTech",232543,29894,262437
2021-01-29,"Moderna, Pfizer/BioNTech",238736,37761,276497
2021-01-30,"Moderna, Pfizer/BioNTech",239466,38848,278314
2021-01-31,"Moderna, Pfizer/BioNTech",240172,40026,280198
2021-02-01,"Moderna, Pfizer/BioNTech",244131,47946,292077
2021-02-02,"Moderna, Pfizer/BioNTech",248255,58155,306410
2021-02-03,"Moderna, Pfizer/BioNTech",252654,69130,321784
2021-02-04,"Moderna, Pfizer/BioNTech",257543,82080,339623
2021-02-05,"Moderna, Pfizer/BioNTech",262986,92720,355706
2021-02-06,"Moderna, Pfizer/BioNTech",263826,95066,358892
2021-02-07,"Moderna, Pfizer/BioNTech",264674,97552,362226
2021-02-08,"Moderna, Oxford/AstraZeneca, Pfizer/BioNTech",268719,108925,377644
2021-02-09,"Moderna, Oxford/AstraZeneca, Pfizer/BioNTech",273792,120833,394625
2021-02-10,"Moderna, Pfizer/BioNTech",279271,134029,413300
2021-02-11,"Moderna, Oxford/AstraZeneca, Pfizer/BioNTech",285563,150192,435755
2021-02-12,"Moderna, Oxford/AstraZeneca, Pfizer/BioNTech",292289,164863,457152
2021-02-13,"Moderna, Oxford/AstraZeneca, Pfizer/BioNTech",293875,167839,461714
2021-02-14,"Moderna, Oxford/AstraZeneca, Pfizer/BioNTech",294866,169213,464079
2021-02-15,"Moderna, Oxford/AstraZeneca, Pfizer/BioNTech",301251,178541,479792
2021-02-16,"Moderna, Oxford/AstraZeneca, Pfizer/BioNTech",309948,187582,497530
2021-02-17,"Moderna, Oxford/AstraZeneca, Pfizer/BioNTech",319623,195851,515474
2021-02-18,"Moderna, Oxford/AstraZeneca, Pfizer/BioNTech",331909,203883,535792
2021-02-19,"Moderna, Oxford/AstraZeneca, Pfizer/BioNTech",343742,211189,554931
2021-02-20,"Moderna, Oxford/AstraZeneca, Pfizer/BioNTech",345716,212360,558076
2021-02-21,"Moderna, Oxford/AstraZeneca, Pfizer/BioNTech",346822,213373,560195
2021-02-22,"Moderna, Oxford/AstraZeneca, Pfizer/BioNTech",356919,219372,576291
2021-02-23,"Moderna, Oxford/AstraZeneca, Pfizer/BioNTech",369818,226319,596137
2021-02-24,"Moderna, Oxford/AstraZeneca, Pfizer/BioNTech",383659,232323,615982
2021-02-25,"Moderna, Oxford/AstraZeneca, Pfizer/BioNTech",401601,237851,639452
2021-02-26,"Moderna, Oxford/AstraZeneca, Pfizer/BioNTech",417735,243172,660907
2021-02-27,"Moderna, Oxford/AstraZeneca, Pfizer/BioNTech",420735,243721,664456
2021-02-28,"Moderna, Oxford/AstraZeneca, Pfizer/BioNTech",423077,244266,667343
2021-03-01,"Moderna, Oxford/AstraZeneca, Pfizer/BioNTech",442577,247679,690256
2021-03-02,"Moderna, Oxford/AstraZeneca, Pfizer/BioNTech",469746,251210,720956
2021-03-03,"Moderna, Oxford/AstraZeneca, Pfizer/BioNTech",500514,255693,756207
2021-03-04,"Moderna, Oxford/AstraZeneca, Pfizer/BioNTech",533661,260353,794014
2021-03-05,"Johnson&Johnson, Moderna, Oxford/AstraZeneca, Pfizer/BioNTech",562381,265739,828120
2021-03-06,"Johnson&Johnson, Moderna, Oxford/AstraZeneca, Pfizer/BioNTech",574480,266580,841060
2021-03-07,"Johnson&Johnson, Moderna, Oxford/AstraZeneca, Pfizer/BioNTech",585877,267412,853289
2021-03-08,"Johnson&Johnson, Moderna, Oxford/AstraZeneca, Pfizer/BioNTech",615485,272229,887714
2021-03-09,"Johnson&Johnson, Moderna, Oxford/AstraZeneca, Pfizer/BioNTech",651661,278582,930243
2021-03-10,"Moderna, Oxford/AstraZeneca, Pfizer/BioNTech",692804,285514,978318
2021-03-11,"Moderna, Oxford/AstraZeneca, Pfizer/BioNTech",737478,293854,1031332
2021-03-12,"Moderna, Oxford/AstraZeneca, Pfizer/BioNTech",776116,302295,1078411
2021-03-13,"Moderna, Oxford/AstraZeneca, Pfizer/BioNTech",793149,303580,1096729
2021-03-14,"Moderna, Oxford/AstraZeneca, Pfizer/BioNTech",805219,304714,1109933
2021-03-15,"Moderna, Oxford/AstraZeneca, Pfizer/BioNTech",833501,313474,1146975
2021-03-16,"Johnson&Johnson, Moderna, Oxford/AstraZeneca, Pfizer/BioNTech",872305,323975,1196280
2021-03-17,"Moderna, Oxford/AstraZeneca, Pfizer/BioNTech",909706,334446,1244152
2021-03-18,"Johnson&Johnson, Moderna, Oxford/AstraZeneca, Pfizer/BioNTech",947549,346827,1294376
2021-03-19,"Moderna, Oxford/AstraZeneca, Pfizer/BioNTech",981882,360405,1342287
2021-03-20,"Johnson&Johnson, Moderna, Oxford/AstraZeneca, Pfizer/BioNTech",996974,362417,1359391
2021-03-21,"Johnson&Johnson, Moderna, Oxford/AstraZeneca, Pfizer/BioNTech",1004359,363958,1368317
2021-03-22,"Johnson&Johnson, Moderna, Oxford/AstraZeneca, Pfizer/BioNTech",1028761,376415,1405176
2021-03-23,"Johnson&Johnson, Moderna, Oxford/AstraZeneca, Pfizer/BioNTech",1055271,389729,1445000
2021-03-24,"Moderna, Oxford/AstraZeneca, Pfizer/BioNTech",1082063,405416,1487479
2021-03-25,"Moderna, Oxford/AstraZeneca, Pfizer/BioNTech",1108325,423230,1531555
2021-03-26,"Moderna, Oxford/AstraZeneca, Pfizer/BioNTech",1133057,440685,1573742
2021-03-27,"Johnson&Johnson, Moderna, Oxford/AstraZeneca, Pfizer/BioNTech",1141462,445513,1586975
2021-03-28,"Moderna, Oxford/AstraZeneca, Pfizer/BioNTech",1146994,449641,1596635
2021-03-29,"Johnson&Johnson, Moderna, Oxford/AstraZeneca, Pfizer/BioNTech",1166010,470285,1636295
2021-03-30,"Moderna, Oxford/AstraZeneca, Pfizer/BioNTech",1190620,492394,1683014
2021-03-31,"Johnson&Johnson, Moderna, Oxford/AstraZeneca, Pfizer/BioNTech",1213625,519398,1733023
2021-04-01,"Johnson&Johnson, Moderna, Oxford/AstraZeneca, Pfizer/BioNTech",1239149,551325,1790474
2021-04-02,"Johnson&Johnson, Moderna, Oxford/AstraZeneca, Pfizer/BioNTech",1246005,564090,1810095
2021-04-03,"Johnson&Johnson, Moderna, Oxford/AstraZeneca, Pfizer/BioNTech",1249583,574988,1824571
2021-04-04,"Moderna, Oxford/AstraZeneca, Pfizer/BioNTech",1252051,583777,1835828
2021-04-05,"Johnson&Johnson, Moderna, Oxford/AstraZeneca, Pfizer/BioNTech",1254398,590935,1845333
2021-04-06,"Johnson&Johnson, Moderna, Oxford/AstraZeneca, Pfizer/BioNTech",1270451,620114,1890565
2021-04-07,"Johnson&Johnson, Moderna, Oxford/AstraZeneca, Pfizer/BioNTech",1293773,642228,1936001
2021-04-08,"Johnson&Johnson, Moderna, Oxford/AstraZeneca, Pfizer/BioNTech",1332246,673083,2005329
2021-04-09,"Johnson&Johnson, Moderna, Oxford/AstraZeneca, Pfizer/BioNTech",1371467,703082,2074549
2021-04-10,"Johnson&Johnson, Moderna, Oxford/AstraZeneca, Pfizer/BioNTech",1386829,718348,2105177
2021-04-11,"Johnson&Johnson, Moderna, Oxford/AstraZeneca, Pfizer/BioNTech",1396547,728357,2124904
2021-04-12,"Johnson&Johnson, Moderna, Oxford/AstraZeneca, Pfizer/BioNTech",1434595,753326,2187921
2021-04-13,"Moderna, Oxford/AstraZeneca, Pfizer/BioNTech",1470668,779232,2249900
2021-04-14,"Moderna, Oxford/AstraZeneca, Pfizer/BioNTech",1509358,806536,2315894
2021-04-15,"Moderna, Oxford/AstraZeneca, Pfizer/BioNTech",1557029,832204,2389233
2021-04-16,"Moderna, Oxford/AstraZeneca, Pfizer/BioNTech",1601528,857782,2459310
2021-04-17,"Moderna, Oxford/AstraZeneca, Pfizer/BioNTech",1618118,866781,2484899
2021-04-18,"Moderna, Oxford/AstraZeneca, Pfizer/BioNTech",1631045,871746,2502791
2021-04-19,"Moderna, Oxford/AstraZeneca, Pfizer/BioNTech",1674919,887123,2562042
2021-04-20,"Johnson&Johnson, Moderna, Oxford/AstraZeneca, Pfizer/BioNTech",1717007,902926,2619933
2021-04-21,"Moderna, Oxford/AstraZeneca, Pfizer/BioNTech",1764674,917175,2681849
2021-04-22,"Johnson&Johnson, Moderna, Oxford/AstraZeneca, Pfizer/BioNTech",1819095,934505,2753600
2021-04-23,"Johnson&Johnson, Moderna, Oxford/AstraZeneca, Pfizer/BioNTech",1868998,946477,2815475
2021-04-24,"Johnson&Johnson, Moderna, Oxford/AstraZeneca, Pfizer/BioNTech",1886790,951691,2838481
2021-04-25,"Johnson&Johnson, Moderna, Oxford/AstraZeneca, Pfizer/BioNTech",1901446,955679,2857125
2021-04-26,"Johnson&Johnson, Moderna, Oxford/AstraZeneca, Pfizer/BioNTech",1950991,963198,2914189
2021-04-27,"Johnson&Johnson, Moderna, Oxford/AstraZeneca, Pfizer/BioNTech",1999911,975352,2975263
2021-04-28,"Johnson&Johnson, Moderna, Oxford/AstraZeneca, Pfizer/BioNTech",2058614,989286,3047900
2021-04-29,"Johnson&Johnson, Moderna, Oxford/AstraZeneca, Pfizer/BioNTech",2124107,1005089,3129196
2021-04-30,"Johnson&Johnson, Moderna, Oxford/AstraZeneca, Pfizer/BioNTech",2186258,1014982,3201240
2021-05-01,"Johnson&Johnson, Moderna, Oxford/AstraZeneca, Pfizer/BioNTech",2205537,1018384,3223921
2021-05-02,"Johnson&Johnson, Moderna, Oxford/AstraZeneca, Pfizer/BioNTech",2224414,1020625,3245039
2021-05-03,"Johnson&Johnson, Moderna, Oxford/AstraZeneca, Pfizer/BioNTech",2291609,1025653,3317262
2021-05-04,"Johnson&Johnson, Moderna, Oxford/AstraZeneca, Pfizer/BioNTech",2358017,1033913,3391930
2021-05-05,"Johnson&Johnson, Moderna, Oxford/AstraZeneca, Pfizer/BioNTech",2431110,1043246,3474356
2021-05-06,"Johnson&Johnson, Moderna, Oxford/AstraZeneca, Pfizer/BioNTech",2511440,1053849,3565289
2021-05-07,"Johnson&Johnson, Moderna, Oxford/AstraZeneca, Pfizer/BioNTech",2588660,1063833,3652493
2021-05-08,"Johnson&Johnson, Moderna, Oxford/AstraZeneca, Pfizer/BioNTech",2618047,1065549,3683596
2021-05-09,"Johnson&Johnson, Moderna, Oxford/AstraZeneca, Pfizer/BioNTech",2642201,1066733,3708934
2021-05-10,"Johnson&Johnson, Moderna, Oxford/AstraZeneca, Pfizer/BioNTech",2714883,1073860,3788743
2021-05-11,"Johnson&Johnson, Moderna, Oxford/AstraZeneca, Pfizer/BioNTech",2790927,1082606,3873533
2021-05-12,"Johnson&Johnson, Moderna, Oxford/AstraZeneca, Pfizer/BioNTech",2870716,1091614,3962330
2021-05-13,"Johnson&Johnson, Moderna, Oxford/AstraZeneca, Pfizer/BioNTech",2954679,1100714,4055393
2021-05-14,"Johnson&Johnson, Moderna, Oxford/AstraZeneca, Pfizer/BioNTech",3034027,1108429,4142456
2021-05-15,"Johnson&Johnson, Moderna, Oxford/AstraZeneca, Pfizer/BioNTech",3065847,1110601,4176448
2021-05-16,"Johnson&Johnson, Moderna, Oxford/AstraZeneca, Pfizer/BioNTech",3091583,1111807,4203390
2021-05-17,"Johnson&Johnson, Moderna, Oxford/AstraZeneca, Pfizer/BioNTech",3164046,1118470,4282516
2021-05-18,"Johnson&Johnson, Moderna, Oxford/AstraZeneca, Pfizer/BioNTech",3235936,1131422,4367358
2021-05-19,"Johnson&Johnson, Moderna, Oxford/AstraZeneca, Pfizer/BioNTech",3313337,1146468,4459805
2021-05-20,"Johnson&Johnson, Moderna, Oxford/AstraZeneca, Pfizer/BioNTech",3388719,1173368,4562087
2021-05-21,"Johnson&Johnson, Moderna, Oxford/AstraZeneca, Pfizer/BioNTech",3457452,1200987,4658439
2021-05-22,"Johnson&Johnson, Moderna, Oxford/AstraZeneca, Pfizer/BioNTech",3489769,1212052,4701821
2021-05-23,"Johnson&Johnson, Moderna, Oxford/AstraZeneca, Pfizer/BioNTech",3512056,1221012,4733068
2021-05-24,"Johnson&Johnson, Moderna, Oxford/AstraZeneca, Pfizer/BioNTech",3559103,1254494,4813597
2021-05-25,"Johnson&Johnson, Moderna, Oxford/AstraZeneca, Pfizer/BioNTech",3610894,1290138,4901032
2021-05-26,"Johnson&Johnson, Moderna, Oxford/AstraZeneca, Pfizer/BioNTech",3678575,1327532,5006107
2021-05-27,"Johnson&Johnson, Moderna, Oxford/AstraZeneca, Pfizer/BioNTech",3739898,1374756,5114654
2021-05-28,"Johnson&Johnson, Moderna, Oxford/AstraZeneca, Pfizer/BioNTech",3801539,1421159,5222698
2021-05-29,"Johnson&Johnson, Moderna, Oxford/AstraZeneca, Pfizer/BioNTech",3830671,1438199,5268870
2021-05-30,"Johnson&Johnson, Moderna, Oxford/AstraZeneca, Pfizer/BioNTech",3852996,1452578,5305574
2021-05-31,"Johnson&Johnson, Moderna, Oxford/AstraZeneca, Pfizer/BioNTech",3908681,1499939,5408620
2021-06-01,"Johnson&Johnson, Moderna, Oxford/AstraZeneca, Pfizer/BioNTech",3967661,1548244,5515905
2021-06-02,"Johnson&Johnson, Moderna, Oxford/AstraZeneca, Pfizer/BioNTech",4030491,1602117,5632608
2021-06-03,"Johnson&Johnson, Moderna, Oxford/AstraZeneca, Pfizer/BioNTech",4088681,1662211,5750892
2021-06-04,"Johnson&Johnson, Moderna, Oxford/AstraZeneca, Pfizer/BioNTech",4151731,1719493,5871224
2021-06-05,"Johnson&Johnson, Moderna, Oxford/AstraZeneca, Pfizer/BioNTech",4185848,1738248,5924096
2021-06-06,"Johnson&Johnson, Moderna, Oxford/AstraZeneca, Pfizer/BioNTech",4212740,1753310,5966050
2021-06-07,"Johnson&Johnson, Moderna, Oxford/AstraZeneca, Pfizer/BioNTech",4276381,1808844,6085225
2021-06-08,"Johnson&Johnson, Moderna, Oxford/AstraZeneca, Pfizer/BioNTech",4340312,1863718,6204030
2021-06-09,"Johnson&Johnson, Moderna, Oxford/AstraZeneca, Pfizer/BioNTech",4399416,1928016,6327432
2021-06-10,"Johnson&Johnson, Moderna, Oxford/AstraZeneca, Pfizer/BioNTech",4453209,1998973,6452182
2021-06-11,"Johnson&Johnson, Moderna, Oxford/AstraZeneca, Pfizer/BioNTech",4505263,2068546,6573809
2021-06-12,"Johnson&Johnson, Moderna, Oxford/AstraZeneca, Pfizer/BioNTech",4537212,2089257,6626469
2021-06-13,"Johnson&Johnson, Moderna, Oxford/AstraZeneca, Pfizer/BioNTech",4561200,2107593,6668793
2021-06-14,"Johnson&Johnson, Moderna, Oxford/AstraZeneca, Pfizer/BioNTech",4604151,2181829,6785980
2021-06-15,"Johnson&Johnson, Moderna, Oxford/AstraZeneca, Pfizer/BioNTech",4648766,2254012,6902778
2021-06-16,"Johnson&Johnson, Moderna, Oxford/AstraZeneca, Pfizer/BioNTech",4691453,2332062,7023515
2021-06-17,"Johnson&Johnson, Moderna, Oxford/AstraZeneca, Pfizer/BioNTech",4730793,2414980,7145773
2021-06-18,"Johnson&Johnson, Moderna, Oxford/AstraZeneca, Pfizer/BioNTech",4773137,2495310,7268447
2021-06-19,"Johnson&Johnson, Moderna, Oxford/AstraZeneca, Pfizer/BioNTech",4794847,2524509,7319356
2021-06-20,"Johnson&Johnson, Moderna, Oxford/AstraZeneca, Pfizer/BioNTech",4812195,2548248,7360443
2021-06-21,"Johnson&Johnson, Moderna, Oxford/AstraZeneca, Pfizer/BioNTech",4844681,2626648,7471329
2021-06-22,"Johnson&Johnson, Moderna, Oxford/AstraZeneca, Pfizer/BioNTech",4877604,2708741,7586345
2021-06-23,"Johnson&Johnson, Moderna, Oxford/AstraZeneca, Pfizer/BioNTech",4909229,2793818,7703047
2021-06-24,"Johnson&Johnson, Moderna, Oxford/AstraZeneca, Pfizer/BioNTech",4939022,2883719,7822741
2021-06-25,"Johnson&Johnson, Moderna, Oxford/AstraZeneca, Pfizer/BioNTech",4970026,2969677,7939703
2021-06-26,"Johnson&Johnson, Moderna, Oxford/AstraZeneca, Pfizer/BioNTech",4985856,3004380,7990236
2021-06-27,"Johnson&Johnson, Moderna, Oxford/AstraZeneca, Pfizer/BioNTech",4999786,3030941,8030727
2021-06-28,"Johnson&Johnson, Moderna, Oxford/AstraZeneca, Pfizer/BioNTech",5028163,3115977,8144140
2021-06-29,"Johnson&Johnson, Moderna, Oxford/AstraZeneca, Pfizer/BioNTech",5057379,3202322,8259701
2021-06-30,"Johnson&Johnson, Moderna, Oxford/AstraZeneca, Pfizer/BioNTech",5084850,3293103,8377953
2021-07-01,"Johnson&Johnson, Moderna, Oxford/AstraZeneca, Pfizer/BioNTech",5108758,3382955,8491713
2021-07-02,"Johnson&Johnson, Moderna, Oxford/AstraZeneca, Pfizer/BioNTech",5135429,3468598,8604027
2021-07-03,"Johnson&Johnson, Moderna, Oxford/AstraZeneca, Pfizer/BioNTech",5142488,3500022,8642510
2021-07-04,"Johnson&Johnson, Moderna, Oxford/AstraZeneca, Pfizer/BioNTech",5150010,3521756,8671766
2021-07-05,"Johnson&Johnson, Moderna, Oxford/AstraZeneca, Pfizer/BioNTech",5157339,3547035,8704374
2021-07-06,"Johnson&Johnson, Moderna, Oxford/AstraZeneca, Pfizer/BioNTech",5162710,3574571,8737281
2021-07-07,"Johnson&Johnson, Moderna, Oxford/AstraZeneca, Pfizer/BioNTech",5188453,3653388,8841841
2021-07-08,"Johnson&Johnson, Moderna, Oxford/AstraZeneca, Pfizer/BioNTech",5214985,3723570,8938555
2021-07-09,"Johnson&Johnson, Moderna, Oxford/AstraZeneca, Pfizer/BioNTech",5242790,3792696,9035486
2021-07-10,"Johnson&Johnson, Moderna, Oxford/AstraZeneca, Pfizer/BioNTech",5252094,3821234,9073328
2021-07-11,"Johnson&Johnson, Moderna, Oxford/AstraZeneca, Pfizer/BioNTech",5260586,3844055,9104641
2021-07-12,"Johnson&Johnson, Moderna, Oxford/AstraZeneca, Pfizer/BioNTech",5288078,3913029,9201107
2021-07-13,"Johnson&Johnson, Moderna, Oxford/AstraZeneca, Pfizer/BioNTech",5314225,3982782,9297007
2021-07-14,"Johnson&Johnson, Moderna, Oxford/AstraZeneca, Pfizer/BioNTech",5340023,4054665,9394688
2021-07-15,"Johnson&Johnson, Moderna, Oxford/AstraZeneca, Pfizer/BioNTech",5369189,4120537,9489726
2021-07-16,"Johnson&Johnson, Moderna, Oxford/AstraZeneca, Pfizer/BioNTech",5396911,4193091,9590002
2021-07-17,"Johnson&Johnson, Moderna, Oxford/AstraZeneca, Pfizer/BioNTech",5405636,4224453,9630089
2021-07-18,"Johnson&Johnson, Moderna, Oxford/AstraZeneca, Pfizer/BioNTech",5414043,4250397,9664440
2021-07-19,"Johnson&Johnson, Moderna, Oxford/AstraZeneca, Pfizer/BioNTech",5437319,4317307,9754626
2021-07-20,"Johnson&Johnson, Moderna, Oxford/AstraZeneca, Pfizer/BioNTech",5458606,4384225,9842831
2021-07-21,"Johnson&Johnson, Moderna, Oxford/AstraZeneca, Pfizer/BioNTech",5481909,4447530,9929439
2021-07-22,"Johnson&Johnson, Moderna, Oxford/AstraZeneca, Pfizer/BioNTech",5504140,4505987,10010127
2021-07-23,"Johnson&Johnson, Moderna, Oxford/AstraZeneca, Pfizer/BioNTech",5527203,4560560,10087763
2021-07-24,"Johnson&Johnson, Moderna, Oxford/AstraZeneca, Pfizer/BioNTech",5534475,4588114,10122589
2021-07-25,"Johnson&Johnson, Moderna, Oxford/AstraZeneca, Pfizer/BioNTech",5541042,4610077,10151119
2021-07-26,"Johnson&Johnson, Moderna, Oxford/AstraZeneca, Pfizer/BioNTech",5564467,4658508,10222975
2021-07-27,"Johnson&Johnson, Moderna, Oxford/AstraZeneca, Pfizer/BioNTech",5587029,4704985,10292014
2021-07-28,"Johnson&Johnson, Moderna, Oxford/AstraZeneca, Pfizer/BioNTech",5608118,4750810,10358928
2021-07-29,"Johnson&Johnson, Moderna, Oxford/AstraZeneca, Pfizer/BioNTech",5629265,4792612,10421877
2021-07-30,"Johnson&Johnson, Moderna, Oxford/AstraZeneca, Pfizer/BioNTech",5652381,4835016,10487397
2021-07-31,"Johnson&Johnson, Moderna, Oxford/AstraZeneca, Pfizer/BioNTech",5661266,4854470,10515736
2021-08-01,"Johnson&Johnson, Moderna, Oxford/AstraZeneca, Pfizer/BioNTech",5667934,4870577,10538511
2021-08-02,"Johnson&Johnson, Moderna, Oxford/AstraZeneca, Pfizer/BioNTech",5686369,4907949,10594318
2021-08-03,"Johnson&Johnson, Moderna, Oxford/AstraZeneca, Pfizer/BioNTech",5703872,4945921,10649793
2021-08-04,"Johnson&Johnson, Moderna, Oxford/AstraZeneca, Pfizer/BioNTech",5719837,4982522,10702359
2021-08-05,"Johnson&Johnson, Moderna, Oxford/AstraZeneca, Pfizer/BioNTech",5735517,5022839,10758356
2021-08-06,"Johnson&Johnson, Moderna, Oxford/AstraZeneca, Pfizer/BioNTech",5752008,5065742,10817750
2021-08-07,"Johnson&Johnson, Moderna, Oxford/AstraZeneca, Pfizer/BioNTech",5757487,5083791,10841278
2021-08-08,"Johnson&Johnson, Moderna, Oxford/AstraZeneca, Pfizer/BioNTech",5761654,5099460,10861114
2021-08-09,"Johnson&Johnson, Moderna, Oxford/AstraZeneca, Pfizer/BioNTech",5774200,5144378,10918578
2021-08-10,"Johnson&Johnson, Moderna, Oxford/AstraZeneca, Pfizer/BioNTech",5785878,5183807,10969685
2021-08-11,"Johnson&Johnson, Moderna, Oxford/AstraZeneca, Pfizer/BioNTech",5797132,5226786,11023918
2021-08-12,"Johnson&Johnson, Moderna, Oxford/AstraZeneca, Pfizer/BioNTech",5808363,5263689,11072052
2021-08-13,"Johnson&Johnson, Moderna, Oxford/AstraZeneca, Pfizer/BioNTech",5818927,5303747,11122674
2021-08-14,"Johnson&Johnson, Moderna, Oxford/AstraZeneca, Pfizer/BioNTech",5822198,5314356,11136554
2021-08-15,"Johnson&Johnson, Moderna, Oxford/AstraZeneca, Pfizer/BioNTech",5824748,5324680,11149428
2021-08-16,"Johnson&Johnson, Moderna, Oxford/AstraZeneca, Pfizer/BioNTech",5834449,5358572,11193021
2021-08-17,"Johnson&Johnson, Moderna, Oxford/AstraZeneca, Pfizer/BioNTech",5843871,5385480,11229351
2021-08-18,"Johnson&Johnson, Moderna, Oxford/AstraZeneca, Pfizer/BioNTech",5853138,5424119,11277257
2021-08-19,"Johnson&Johnson, Moderna, Oxford/AstraZeneca, Pfizer/BioNTech",5862681,5462301,11324982
2021-08-20,"Johnson&Johnson, Moderna, Oxford/AstraZeneca, Pfizer/BioNTech",5873861,5502313,11376174
2021-08-21,"Johnson&Johnson, Moderna, Oxford/AstraZeneca, Pfizer/BioNTech",5876528,5515009,11391537
2021-08-22,"Johnson&Johnson, Moderna, Oxford/AstraZeneca, Pfizer/BioNTech",5878841,5526915,11405756
2021-08-23,"Johnson&Johnson, Moderna, Oxford/AstraZeneca, Pfizer/BioNTech",5889157,5565916,11455073
2021-08-24,"Johnson&Johnson, Moderna, Oxford/AstraZeneca, Pfizer/BioNTech",5898840,5598966,11497806
2021-08-25,"Johnson&Johnson, Moderna, Oxford/AstraZeneca, Pfizer/BioNTech",5907402,5626932,11534334
2021-08-26,"Johnson&Johnson, Moderna, Oxford/AstraZeneca, Pfizer/BioNTech",5915526,5652598,11568124
2021-08-27,"Johnson&Johnson, Moderna, Oxford/AstraZeneca, Pfizer/BioNTech",5925399,5677753,11603152
2021-08-28,"Johnson&Johnson, Moderna, Oxford/AstraZeneca, Pfizer/BioNTech",5927978,5684632,11612610
2021-08-29,"Johnson&Johnson, Moderna, Oxford/AstraZeneca, Pfizer/BioNTech",5929893,5690573,11620466
