date,vaccine,people_vaccinated,people_fully_vaccinated,total_vaccinations
2020-12-27,Pfizer/BioNTech,1286,0,1286
2020-12-28,Pfizer/BioNTech,3589,0,3589
2020-12-29,Pfizer/BioNTech,7060,1,7061
2020-12-30,Pfizer/BioNTech,10576,1,10577
2020-12-31,Pfizer/BioNTech,11889,1,11890
2021-01-01,"Moderna, Pfizer/BioNTech",12160,1,12161
2021-01-02,"Moderna, Pfizer/BioNTech",13446,2,13448
2021-01-03,"Moderna, Pfizer/BioNTech",14373,2,14375
2021-01-04,"Moderna, Pfizer/BioNTech",17982,3,17985
2021-01-05,"Moderna, Pfizer/BioNTech",22507,4,22511
2021-01-06,"Moderna, Pfizer/BioNTech",28353,5,28358
2021-01-07,"Moderna, Pfizer/BioNTech",36352,5,36357
2021-01-08,"Moderna, Pfizer/BioNTech",46405,6,46411
2021-01-09,"Moderna, Pfizer/BioNTech",48431,8,48439
2021-01-10,Pfizer/BioNTech,50203,10,50213
2021-01-11,"Moderna, Pfizer/BioNTech",60060,12,60072
2021-01-12,"Moderna, Pfizer/BioNTech",73515,14,73529
2021-01-13,"Moderna, Pfizer/BioNTech",87061,15,87076
2021-01-14,"Moderna, Pfizer/BioNTech",102312,19,102331
2021-01-15,"Moderna, Pfizer/BioNTech",116332,20,116352
2021-01-16,"Moderna, Pfizer/BioNTech",119736,24,119760
2021-01-17,"Moderna, Pfizer/BioNTech",122356,660,123016
2021-01-18,"Moderna, Pfizer/BioNTech",134848,2486,137334
2021-01-19,"Moderna, Pfizer/BioNTech",147459,5215,152674
2021-01-20,"Moderna, Pfizer/BioNTech",161156,7880,169036
2021-01-21,"Moderna, Pfizer/BioNTech",176809,9623,186432
2021-01-22,"Moderna, Pfizer/BioNTech",191701,10668,202369
2021-01-23,"Moderna, Pfizer/BioNTech",195019,11548,206567
2021-01-24,"Moderna, Pfizer/BioNTech",197275,12419,209694
2021-01-25,"Moderna, Pfizer/BioNTech",206930,15388,222318
2021-01-26,"Moderna, Pfizer/BioNTech",217478,19379,236857
2021-01-27,"Moderna, Pfizer/BioNTech",226510,23914,250424
2021-01-28,"Moderna, Pfizer/BioNTech",233616,30048,263664
2021-01-29,"Indie/AstraZeneca, Moderna, Pfizer/BioNTech",239833,37957,277790
2021-01-30,"Moderna, Pfizer/BioNTech",240574,39045,279619
2021-01-31,"Moderna, Pfizer/BioNTech",241293,40227,281520
2021-02-01,"Moderna, Pfizer/BioNTech",245276,48197,293473
2021-02-02,"Moderna, Pfizer/BioNTech",249431,58437,307868
2021-02-03,"Moderna, Pfizer/BioNTech",253858,69457,323315
2021-02-04,"Moderna, Pfizer/BioNTech",258765,82448,341213
2021-02-05,"Moderna, Pfizer/BioNTech",264239,93122,357361
2021-02-06,"Moderna, Oxford/AstraZeneca, Pfizer/BioNTech",265096,95488,360584
2021-02-07,"Moderna, Oxford/AstraZeneca, Pfizer/BioNTech",265947,97988,363935
2021-02-08,"Moderna, Oxford/AstraZeneca, Pfizer/BioNTech",270040,109416,379456
2021-02-09,"Moderna, Oxford/AstraZeneca, Pfizer/BioNTech",275152,121329,396481
2021-02-10,"Moderna, Oxford/AstraZeneca, Pfizer/BioNTech",280671,134589,415260
2021-02-11,"Moderna, Oxford/AstraZeneca, Pfizer/BioNTech",287013,150809,437822
2021-02-12,"Moderna, Oxford/AstraZeneca, Pfizer/BioNTech",293841,165558,459399
2021-02-13,"Moderna, Oxford/AstraZeneca, Pfizer/BioNTech",295459,168545,464004
2021-02-14,"Moderna, Oxford/AstraZeneca, Pfizer/BioNTech",296465,169932,466397
2021-02-15,"Moderna, Oxford/AstraZeneca, Pfizer/BioNTech",302865,179303,482168
2021-02-16,"Moderna, Oxford/AstraZeneca, Pfizer/BioNTech",311586,188384,499970
2021-02-17,"Moderna, Oxford/AstraZeneca, Pfizer/BioNTech",321288,196696,517984
2021-02-18,"Moderna, Oxford/AstraZeneca, Pfizer/BioNTech",333617,204779,538396
2021-02-19,"Moderna, Oxford/AstraZeneca, Pfizer/BioNTech",345484,212156,557640
2021-02-20,"Moderna, Oxford/AstraZeneca, Pfizer/BioNTech",347494,213342,560836
2021-02-21,"Moderna, Oxford/AstraZeneca, Pfizer/BioNTech",348631,214368,562999
2021-02-22,"Moderna, Oxford/AstraZeneca, Pfizer/BioNTech",358755,220405,579160
2021-02-23,"Moderna, Oxford/AstraZeneca, Pfizer/BioNTech",371720,227397,599117
2021-02-24,"Moderna, Oxford/AstraZeneca, Pfizer/BioNTech",385604,233439,619043
2021-02-25,"Moderna, Oxford/AstraZeneca, Pfizer/BioNTech",403588,238990,642578
2021-02-26,"Moderna, Oxford/AstraZeneca, Pfizer/BioNTech",419768,244350,664118
2021-02-27,"Moderna, Oxford/AstraZeneca, Pfizer/BioNTech",422777,244909,667686
2021-02-28,"Moderna, Oxford/AstraZeneca, Pfizer/BioNTech",425135,245460,670595
2021-03-01,"Moderna, Oxford/AstraZeneca, Pfizer/BioNTech",444735,248909,693644
2021-03-02,"Indie/AstraZeneca, Moderna, Oxford/AstraZeneca, Pfizer/BioNTech",471964,252464,724428
2021-03-03,"Moderna, Oxford/AstraZeneca, Pfizer/BioNTech",502920,256976,759896
2021-03-04,"Moderna, Oxford/AstraZeneca, Pfizer/BioNTech",536205,261667,797872
2021-03-05,"Johnson&Johnson, Moderna, Oxford/AstraZeneca, Pfizer/BioNTech",565050,267096,832146
2021-03-06,"Johnson&Johnson, Moderna, Oxford/AstraZeneca, Pfizer/BioNTech",577210,267962,845172
2021-03-07,"Johnson&Johnson, Moderna, Oxford/AstraZeneca, Pfizer/BioNTech",588760,268805,857565
2021-03-08,"Johnson&Johnson, Moderna, Oxford/AstraZeneca, Pfizer/BioNTech",618509,273668,892177
2021-03-09,"Johnson&Johnson, Moderna, Oxford/AstraZeneca, Pfizer/BioNTech",654882,280056,934938
2021-03-10,"Johnson&Johnson, Moderna, Oxford/AstraZeneca, Pfizer/BioNTech",696215,287016,983231
2021-03-11,"Johnson&Johnson, Moderna, Oxford/AstraZeneca, Pfizer/BioNTech",741072,295391,1036463
2021-03-12,"Johnson&Johnson, Moderna, Oxford/AstraZeneca, Pfizer/BioNTech, Čína",779834,303892,1083726
2021-03-13,"Johnson&Johnson, Moderna, Oxford/AstraZeneca, Pfizer/BioNTech",796946,305208,1102154
2021-03-14,"Johnson&Johnson, Moderna, Oxford/AstraZeneca, Pfizer/BioNTech",809064,306365,1115429
2021-03-15,"Johnson&Johnson, Moderna, Oxford/AstraZeneca, Pfizer/BioNTech",837459,315145,1152604
2021-03-16,"Johnson&Johnson, Moderna, Oxford/AstraZeneca, Pfizer/BioNTech",876357,325682,1202039
2021-03-17,"Moderna, Oxford/AstraZeneca, Pfizer/BioNTech",913844,336197,1250041
2021-03-18,"Johnson&Johnson, Moderna, Oxford/AstraZeneca, Pfizer/BioNTech",951851,348623,1300474
2021-03-19,"Johnson&Johnson, Moderna, Oxford/AstraZeneca, Pfizer/BioNTech",986371,362237,1348608
2021-03-20,"Johnson&Johnson, Moderna, Oxford/AstraZeneca, Pfizer/BioNTech",1001555,364267,1365822
2021-03-21,"Johnson&Johnson, Moderna, Oxford/AstraZeneca, Pfizer/BioNTech",1009003,365827,1374830
2021-03-22,"Johnson&Johnson, Moderna, Oxford/AstraZeneca, Pfizer/BioNTech",1033578,378328,1411906
2021-03-23,"Johnson&Johnson, Moderna, Oxford/AstraZeneca, Pfizer/BioNTech",1060255,391695,1451950
2021-03-24,"Johnson&Johnson, Moderna, Oxford/AstraZeneca, Pfizer/BioNTech",1087152,407441,1494593
2021-03-25,"Johnson&Johnson, Moderna, Oxford/AstraZeneca, Pfizer/BioNTech",1113512,425296,1538808
2021-03-26,"Johnson&Johnson, Moderna, Oxford/AstraZeneca, Pfizer/BioNTech",1138354,442809,1581163
2021-03-27,"Johnson&Johnson, Moderna, Oxford/AstraZeneca, Pfizer/BioNTech, Čína",1146817,447655,1594472
2021-03-28,"Moderna, Oxford/AstraZeneca, Pfizer/BioNTech",1152365,451803,1604168
2021-03-29,"Johnson&Johnson, Moderna, Oxford/AstraZeneca, Pfizer/BioNTech",1171526,472537,1644063
2021-03-30,"Johnson&Johnson, Moderna, Oxford/AstraZeneca, Pfizer/BioNTech",1196235,494725,1690960
2021-03-31,"Johnson&Johnson, Moderna, Oxford/AstraZeneca, Pfizer/BioNTech",1219395,521794,1741189
2021-04-01,"Indie/AstraZeneca, Johnson&Johnson, Moderna, Oxford/AstraZeneca, Pfizer/BioNTech",1245086,553850,1798936
2021-04-02,"Indie/AstraZeneca, Johnson&Johnson, Moderna, Oxford/AstraZeneca, Pfizer/BioNTech",1252071,566646,1818717
2021-04-03,"Johnson&Johnson, Moderna, Oxford/AstraZeneca, Pfizer/BioNTech",1255726,577579,1833305
2021-04-04,"Johnson&Johnson, Moderna, Oxford/AstraZeneca, Pfizer/BioNTech",1258272,586504,1844776
2021-04-05,"Johnson&Johnson, Moderna, Oxford/AstraZeneca, Pfizer/BioNTech",1260705,593709,1854414
2021-04-06,"Indie/AstraZeneca, Johnson&Johnson, Moderna, Oxford/AstraZeneca, Pfizer/BioNTech, Čína",1276925,622985,1899910
2021-04-07,"Johnson&Johnson, Moderna, Oxford/AstraZeneca, Pfizer/BioNTech",1300429,645224,1945653
2021-04-08,"Johnson&Johnson, Moderna, Oxford/AstraZeneca, Pfizer/BioNTech",1339249,676272,2015521
2021-04-09,"Indie/AstraZeneca, Johnson&Johnson, Moderna, Oxford/AstraZeneca, Pfizer/BioNTech",1378848,706473,2085321
2021-04-10,"Johnson&Johnson, Moderna, Oxford/AstraZeneca, Pfizer/BioNTech",1394417,721787,2116204
2021-04-11,"Johnson&Johnson, Moderna, Oxford/AstraZeneca, Pfizer/BioNTech",1404212,731844,2136056
2021-04-12,"Johnson&Johnson, Moderna, Oxford/AstraZeneca, Pfizer/BioNTech",1442535,756989,2199524
2021-04-13,"Moderna, Oxford/AstraZeneca, Pfizer/BioNTech",1478843,783032,2261875
2021-04-14,"Moderna, Oxford/AstraZeneca, Pfizer/BioNTech",1517733,810412,2328145
2021-04-15,"Moderna, Oxford/AstraZeneca, Pfizer/BioNTech",1565570,836193,2401763
2021-04-16,"Moderna, Oxford/AstraZeneca, Pfizer/BioNTech",1610292,861874,2472166
2021-04-17,"Indie/AstraZeneca, Moderna, Oxford/AstraZeneca, Pfizer/BioNTech",1627020,870900,2497920
2021-04-18,"Moderna, Oxford/AstraZeneca, Pfizer/BioNTech",1640021,875886,2515907
2021-04-19,"Johnson&Johnson, Moderna, Oxford/AstraZeneca, Pfizer/BioNTech",1683997,891327,2575324
2021-04-20,"Johnson&Johnson, Moderna, Oxford/AstraZeneca, Pfizer/BioNTech",1726588,907217,2633805
2021-04-21,"Moderna, Oxford/AstraZeneca, Pfizer/BioNTech",1774354,921588,2695942
2021-04-22,"Johnson&Johnson, Moderna, Oxford/AstraZeneca, Pfizer/BioNTech",1828886,938987,2767873
2021-04-23,"Johnson&Johnson, Moderna, Oxford/AstraZeneca, Pfizer/BioNTech",1878898,951054,2829952
2021-04-24,"Johnson&Johnson, Moderna, Oxford/AstraZeneca, Pfizer/BioNTech, Čína",1896775,956324,2853099
2021-04-25,"Johnson&Johnson, Moderna, Oxford/AstraZeneca, Pfizer/BioNTech",1911488,960329,2871817
2021-04-26,"Johnson&Johnson, Moderna, Oxford/AstraZeneca, Pfizer/BioNTech",1961103,967899,2929002
2021-04-27,"Johnson&Johnson, Moderna, Oxford/AstraZeneca, Pfizer/BioNTech",2010095,980154,2990249
2021-04-28,"Johnson&Johnson, Moderna, Oxford/AstraZeneca, Pfizer/BioNTech",2068879,994177,3063056
2021-04-29,"Johnson&Johnson, Moderna, Oxford/AstraZeneca, Pfizer/BioNTech",2134501,1010099,3144600
2021-04-30,"Johnson&Johnson, Moderna, Oxford/AstraZeneca, Pfizer/BioNTech",2196794,1020095,3216889
2021-05-01,"Johnson&Johnson, Moderna, Oxford/AstraZeneca, Pfizer/BioNTech",2216188,1023561,3239749
2021-05-02,"Johnson&Johnson, Moderna, Oxford/AstraZeneca, Pfizer/BioNTech",2235140,1025852,3260992
2021-05-03,"Johnson&Johnson, Moderna, Oxford/AstraZeneca, Pfizer/BioNTech",2302417,1030936,3333353
2021-05-04,"Johnson&Johnson, Moderna, Oxford/AstraZeneca, Pfizer/BioNTech",2368978,1039311,3408289
2021-05-05,"Johnson&Johnson, Moderna, Oxford/AstraZeneca, Pfizer/BioNTech",2442191,1048759,3490950
2021-05-06,"Johnson&Johnson, Moderna, Oxford/AstraZeneca, Pfizer/BioNTech",2522631,1059512,3582143
2021-05-07,"Indie/AstraZeneca, Johnson&Johnson, Moderna, Oxford/AstraZeneca, Pfizer/BioNTech",2599971,1069658,3669629
2021-05-08,"Johnson&Johnson, Moderna, Oxford/AstraZeneca, Pfizer/BioNTech",2629516,1071452,3700968
2021-05-09,"Johnson&Johnson, Moderna, Oxford/AstraZeneca, Pfizer/BioNTech",2653760,1072675,3726435
2021-05-10,"Johnson&Johnson, Moderna, Oxford/AstraZeneca, Pfizer/BioNTech",2726561,1079922,3806483
2021-05-11,"Johnson&Johnson, Moderna, Oxford/AstraZeneca, Pfizer/BioNTech",2802714,1088758,3891472
2021-05-12,"Johnson&Johnson, Moderna, Oxford/AstraZeneca, Pfizer/BioNTech",2882658,1097905,3980563
2021-05-13,"Johnson&Johnson, Moderna, Oxford/AstraZeneca, Pfizer/BioNTech",2966714,1107097,4073811
2021-05-14,"Johnson&Johnson, Moderna, Oxford/AstraZeneca, Pfizer/BioNTech",3046272,1114925,4161197
2021-05-15,"Johnson&Johnson, Moderna, Oxford/AstraZeneca, Pfizer/BioNTech",3078238,1117212,4195450
2021-05-16,"Johnson&Johnson, Moderna, Oxford/AstraZeneca, Pfizer/BioNTech",3104054,1118499,4222553
2021-05-17,"Indie/AstraZeneca, Johnson&Johnson, Moderna, Oxford/AstraZeneca, Pfizer/BioNTech",3176596,1125258,4301854
2021-05-18,"Indie/AstraZeneca, Johnson&Johnson, Moderna, Oxford/AstraZeneca, Pfizer/BioNTech",3248591,1138385,4386976
2021-05-19,"Johnson&Johnson, Moderna, Oxford/AstraZeneca, Pfizer/BioNTech",3326094,1153561,4479655
2021-05-20,"Johnson&Johnson, Moderna, Oxford/AstraZeneca, Pfizer/BioNTech",3401595,1180633,4582228
2021-05-21,"Johnson&Johnson, Moderna, Oxford/AstraZeneca, Pfizer/BioNTech",3470456,1208445,4678901
2021-05-22,"Johnson&Johnson, Moderna, Oxford/AstraZeneca, Pfizer/BioNTech",3502931,1219690,4722621
2021-05-23,"Johnson&Johnson, Moderna, Oxford/AstraZeneca, Pfizer/BioNTech",3525382,1228732,4754114
2021-05-24,"Johnson&Johnson, Moderna, Oxford/AstraZeneca, Pfizer/BioNTech",3572603,1262414,4835017
2021-05-25,"Indie/AstraZeneca, Johnson&Johnson, Moderna, Oxford/AstraZeneca, Pfizer/BioNTech",3624529,1298261,4922790
2021-05-26,"Johnson&Johnson, Moderna, Oxford/AstraZeneca, Pfizer/BioNTech",3692301,1335826,5028127
2021-05-27,"Indie/AstraZeneca, Johnson&Johnson, Moderna, Oxford/AstraZeneca, Pfizer/BioNTech",3753742,1383193,5136935
2021-05-28,"Johnson&Johnson, Moderna, Oxford/AstraZeneca, Pfizer/BioNTech",3815494,1429811,5245305
2021-05-29,"Indie/AstraZeneca, Johnson&Johnson, Moderna, Oxford/AstraZeneca, Pfizer/BioNTech",3844771,1446960,5291731
2021-05-30,"Johnson&Johnson, Moderna, Oxford/AstraZeneca, Pfizer/BioNTech, Čína",3867193,1461433,5328626
2021-05-31,"Indie/AstraZeneca, Johnson&Johnson, Moderna, Oxford/AstraZeneca, Pfizer/BioNTech",3922942,1508973,5431915
2021-06-01,"Johnson&Johnson, Moderna, Oxford/AstraZeneca, Pfizer/BioNTech",3982067,1557868,5539935
2021-06-02,"Johnson&Johnson, Moderna, Oxford/AstraZeneca, Pfizer/BioNTech",4045051,1611904,5656955
2021-06-03,"Johnson&Johnson, Moderna, Oxford/AstraZeneca, Pfizer/BioNTech",4103317,1672154,5775471
2021-06-04,"Johnson&Johnson, Moderna, Oxford/AstraZeneca, Pfizer/BioNTech",4166467,1729589,5896056
2021-06-05,"Indie/AstraZeneca, Johnson&Johnson, Moderna, Oxford/AstraZeneca, Pfizer/BioNTech",4200664,1748524,5949188
2021-06-06,"Johnson&Johnson, Moderna, Oxford/AstraZeneca, Pfizer/BioNTech",4227627,1763704,5991331
2021-06-07,"Johnson&Johnson, Moderna, Oxford/AstraZeneca, Pfizer/BioNTech",4291324,1819358,6110682
2021-06-08,"Indie/AstraZeneca, Johnson&Johnson, Moderna, Oxford/AstraZeneca, Pfizer/BioNTech",4355344,1874387,6229731
2021-06-09,"Indie/AstraZeneca, Johnson&Johnson, Moderna, Oxford/AstraZeneca, Pfizer/BioNTech",4414571,1939089,6353660
2021-06-10,"Johnson&Johnson, Moderna, Oxford/AstraZeneca, Pfizer/BioNTech",4468439,2010417,6478856
2021-06-11,"Johnson&Johnson, Moderna, Oxford/AstraZeneca, Pfizer/BioNTech",4520569,2080279,6600848
2021-06-12,"Indie/AstraZeneca, Johnson&Johnson, Moderna, Oxford/AstraZeneca, Pfizer/BioNTech",4552605,2101143,6653748
2021-06-13,"Johnson&Johnson, Moderna, Oxford/AstraZeneca, Pfizer/BioNTech",4576649,2119590,6696239
2021-06-14,"Johnson&Johnson, Moderna, Oxford/AstraZeneca, Pfizer/BioNTech, Čína",4619753,2194008,6813761
2021-06-15,"Johnson&Johnson, Moderna, Oxford/AstraZeneca, Pfizer/BioNTech",4664446,2266426,6930872
2021-06-16,"Johnson&Johnson, Moderna, Oxford/AstraZeneca, Pfizer/BioNTech",4707279,2344684,7051963
2021-06-17,"Johnson&Johnson, Moderna, Oxford/AstraZeneca, Pfizer/BioNTech",4746719,2427811,7174530
2021-06-18,"Johnson&Johnson, Moderna, Oxford/AstraZeneca, Pfizer/BioNTech",4789173,2508422,7297595
2021-06-19,"Johnson&Johnson, Moderna, Oxford/AstraZeneca, Pfizer/BioNTech, Čína",4810977,2537778,7348755
2021-06-20,"Johnson&Johnson, Moderna, Oxford/AstraZeneca, Pfizer/BioNTech, Čína",4828395,2561666,7390061
2021-06-21,"Johnson&Johnson, Moderna, Oxford/AstraZeneca, Pfizer/BioNTech, Čína",4860913,2640306,7501219
2021-06-22,"Johnson&Johnson, Moderna, Oxford/AstraZeneca, Pfizer/BioNTech",4893900,2722657,7616557
2021-06-23,"Johnson&Johnson, Moderna, Oxford/AstraZeneca, Pfizer/BioNTech",4925632,2807929,7733561
2021-06-24,"Johnson&Johnson, Moderna, Oxford/AstraZeneca, Pfizer/BioNTech",4955512,2898019,7853531
2021-06-25,"Johnson&Johnson, Moderna, Oxford/AstraZeneca, Pfizer/BioNTech",4986613,2984285,7970898
2021-06-26,"Johnson&Johnson, Moderna, Oxford/AstraZeneca, Pfizer/BioNTech",5002521,3019183,8021704
2021-06-27,"Johnson&Johnson, Moderna, Oxford/AstraZeneca, Pfizer/BioNTech",5016485,3045912,8062397
2021-06-28,"Johnson&Johnson, Moderna, Oxford/AstraZeneca, Pfizer/BioNTech",5044917,3131156,8176073
2021-06-29,"Johnson&Johnson, Moderna, Oxford/AstraZeneca, Pfizer/BioNTech",5074217,3217733,8291950
2021-06-30,"Johnson&Johnson, Moderna, Oxford/AstraZeneca, Pfizer/BioNTech",5101733,3308809,8410542
2021-07-01,"Johnson&Johnson, Moderna, Oxford/AstraZeneca, Pfizer/BioNTech",5125752,3398937,8524689
2021-07-02,"Johnson&Johnson, Moderna, Oxford/AstraZeneca, Pfizer/BioNTech",5152511,3484899,8637410
2021-07-03,"Indie/AstraZeneca, Johnson&Johnson, Moderna, Oxford/AstraZeneca, Pfizer/BioNTech",5159626,3516480,8676106
2021-07-04,"Johnson&Johnson, Moderna, Oxford/AstraZeneca, Pfizer/BioNTech",5167225,3538312,8705537
2021-07-05,"Johnson&Johnson, Moderna, Oxford/AstraZeneca, Pfizer/BioNTech",5174656,3563734,8738390
2021-07-06,"Johnson&Johnson, Moderna, Oxford/AstraZeneca, Pfizer/BioNTech, Čína",5180152,3591485,8771637
2021-07-07,"Johnson&Johnson, Moderna, Oxford/AstraZeneca, Pfizer/BioNTech",5206003,3670503,8876506
2021-07-08,"Johnson&Johnson, Moderna, Oxford/AstraZeneca, Pfizer/BioNTech",5232630,3740878,8973508
2021-07-09,"Johnson&Johnson, Moderna, Oxford/AstraZeneca, Pfizer/BioNTech",5260599,3810234,9070833
2021-07-10,"Indie/AstraZeneca, Johnson&Johnson, Moderna, Oxford/AstraZeneca, Pfizer/BioNTech",5269990,3838916,9108906
2021-07-11,"Johnson&Johnson, Moderna, Oxford/AstraZeneca, Pfizer/BioNTech",5278553,3861812,9140365
2021-07-12,"Johnson&Johnson, Moderna, Oxford/AstraZeneca, Pfizer/BioNTech, Čína",5306121,3930910,9237031
2021-07-13,"Johnson&Johnson, Moderna, Oxford/AstraZeneca, Pfizer/BioNTech",5332346,4000825,9333171
2021-07-14,"Johnson&Johnson, Moderna, Oxford/AstraZeneca, Pfizer/BioNTech",5358200,4072848,9431048
2021-07-15,"Indie/AstraZeneca, Johnson&Johnson, Moderna, Oxford/AstraZeneca, Pfizer/BioNTech",5387400,4138892,9526292
2021-07-16,"Johnson&Johnson, Moderna, Oxford/AstraZeneca, Pfizer/BioNTech",5415354,4211658,9627012
2021-07-17,"Johnson&Johnson, Moderna, Oxford/AstraZeneca, Pfizer/BioNTech, Čína",5424168,4243148,9667316
2021-07-18,"Johnson&Johnson, Moderna, Oxford/AstraZeneca, Pfizer/BioNTech, Čína",5432618,4269171,9701789
2021-07-19,"Johnson&Johnson, Moderna, Oxford/AstraZeneca, Pfizer/BioNTech",5455993,4336212,9792205
2021-07-20,"Johnson&Johnson, Moderna, Oxford/AstraZeneca, Pfizer/BioNTech",5477426,4403300,9880726
2021-07-21,"Indie/AstraZeneca, Johnson&Johnson, Moderna, Oxford/AstraZeneca, Pfizer/BioNTech",5500898,4466791,9967689
2021-07-22,"Johnson&Johnson, Moderna, Oxford/AstraZeneca, Pfizer/BioNTech",5523288,4525461,10048749
2021-07-23,"Johnson&Johnson, Moderna, Oxford/AstraZeneca, Pfizer/BioNTech",5546543,4580251,10126794
2021-07-24,"Johnson&Johnson, Moderna, Oxford/AstraZeneca, Pfizer/BioNTech",5553911,4607943,10161854
2021-07-25,"Johnson&Johnson, Moderna, Oxford/AstraZeneca, Pfizer/BioNTech",5560565,4630089,10190654
2021-07-26,"Johnson&Johnson, Moderna, Oxford/AstraZeneca, Pfizer/BioNTech",5584135,4678802,10262937
2021-07-27,"Johnson&Johnson, Moderna, Oxford/AstraZeneca, Pfizer/BioNTech, Čína",5606901,4725488,10332389
2021-07-28,"Johnson&Johnson, Moderna, Oxford/AstraZeneca, Pfizer/BioNTech",5628199,4771540,10399739
2021-07-29,"Johnson&Johnson, Moderna, Oxford/AstraZeneca, Pfizer/BioNTech",5649554,4813546,10463100
2021-07-30,"Johnson&Johnson, Moderna, Oxford/AstraZeneca, Pfizer/BioNTech",5672851,4856157,10529008
2021-07-31,"Indie/AstraZeneca, Johnson&Johnson, Moderna, Oxford/AstraZeneca, Pfizer/BioNTech",5681821,4875722,10557543
2021-08-01,"Johnson&Johnson, Moderna, Oxford/AstraZeneca, Pfizer/BioNTech, Čína",5688561,4891909,10580470
2021-08-02,"Johnson&Johnson, Moderna, Oxford/AstraZeneca, Pfizer/BioNTech",5707220,4929503,10636723
2021-08-03,"Johnson&Johnson, Moderna, Oxford/AstraZeneca, Pfizer/BioNTech",5724894,4967657,10692551
2021-08-04,"Johnson&Johnson, Moderna, Oxford/AstraZeneca, Pfizer/BioNTech",5741036,5004465,10745501
2021-08-05,"Johnson&Johnson, Moderna, Oxford/AstraZeneca, Pfizer/BioNTech",5757100,5044993,10802093
2021-08-06,"Johnson&Johnson, Moderna, Oxford/AstraZeneca, Pfizer/BioNTech",5773933,5088342,10862275
2021-08-07,"Johnson&Johnson, Moderna, Oxford/AstraZeneca, Pfizer/BioNTech",5779553,5106540,10886093
2021-08-08,"Johnson&Johnson, Moderna, Oxford/AstraZeneca, Pfizer/BioNTech",5783930,5122318,10906248
2021-08-09,"Indie/AstraZeneca, Johnson&Johnson, Moderna, Oxford/AstraZeneca, Pfizer/BioNTech",5796579,5167414,10963993
2021-08-10,"Johnson&Johnson, Moderna, Oxford/AstraZeneca, Pfizer/BioNTech",5808440,5207023,11015463
2021-08-11,"Indie/AstraZeneca, Johnson&Johnson, Moderna, Oxford/AstraZeneca, Pfizer/BioNTech",5819824,5250192,11070016
2021-08-12,"Johnson&Johnson, Moderna, Oxford/AstraZeneca, Pfizer/BioNTech",5831257,5287362,11118619
2021-08-13,"Johnson&Johnson, Moderna, Oxford/AstraZeneca, Pfizer/BioNTech",5842006,5327740,11169746
2021-08-14,"Johnson&Johnson, Moderna, Oxford/AstraZeneca, Pfizer/BioNTech",5845358,5338471,11183829
2021-08-15,"Johnson&Johnson, Moderna, Oxford/AstraZeneca, Pfizer/BioNTech",5847954,5348869,11196823
2021-08-16,"Indie/AstraZeneca, Johnson&Johnson, Moderna, Oxford/AstraZeneca, Pfizer/BioNTech",5857758,5382977,11240735
2021-08-17,"Johnson&Johnson, Moderna, Oxford/AstraZeneca, Pfizer/BioNTech",5867362,5410111,11277473
2021-08-18,"Johnson&Johnson, Moderna, Oxford/AstraZeneca, Pfizer/BioNTech",5876742,5449050,11325792
2021-08-19,"Johnson&Johnson, Moderna, Oxford/AstraZeneca, Pfizer/BioNTech",5886429,5487427,11373856
2021-08-20,"Johnson&Johnson, Moderna, Oxford/AstraZeneca, Pfizer/BioNTech",5897833,5527647,11425480
2021-08-21,"Indie/AstraZeneca, Johnson&Johnson, Moderna, Oxford/AstraZeneca, Pfizer/BioNTech",5900567,5540438,11441005
2021-08-22,"Johnson&Johnson, Moderna, Oxford/AstraZeneca, Pfizer/BioNTech",5902913,5552420,11455333
2021-08-23,"Indie/AstraZeneca, Johnson&Johnson, Moderna, Oxford/AstraZeneca, Pfizer/BioNTech",5913454,5591724,11505178
2021-08-24,"Johnson&Johnson, Moderna, Oxford/AstraZeneca, Pfizer/BioNTech",5923339,5624992,11548331
2021-08-25,"Indie/AstraZeneca, Johnson&Johnson, Moderna, Oxford/AstraZeneca, Pfizer/BioNTech",5932220,5653394,11585614
2021-08-26,"Johnson&Johnson, Moderna, Oxford/AstraZeneca, Pfizer/BioNTech",5940681,5679550,11620231
2021-08-27,"Johnson&Johnson, Moderna, Oxford/AstraZeneca, Pfizer/BioNTech",5951014,5705558,11656572
2021-08-28,"Johnson&Johnson, Moderna, Oxford/AstraZeneca, Pfizer/BioNTech",5953760,5712644,11666404
2021-08-29,"Johnson&Johnson, Moderna, Oxford/AstraZeneca, Pfizer/BioNTech",5956179,5719278,11675457
2021-08-30,"Johnson&Johnson, Moderna, Oxford/AstraZeneca, Pfizer/BioNTech",5964710,5741178,11705888
2021-08-31,"Indie/AstraZeneca, Johnson&Johnson, Moderna, Oxford/AstraZeneca, Pfizer/BioNTech",5972404,5759314,11731718
2021-09-01,"Johnson&Johnson, Moderna, Oxford/AstraZeneca, Pfizer/BioNTech",5978324,5773345,11751669
2021-09-02,"Johnson&Johnson, Moderna, Oxford/AstraZeneca, Pfizer/BioNTech",5985172,5787755,11772927
2021-09-03,"Johnson&Johnson, Moderna, Oxford/AstraZeneca, Pfizer/BioNTech",5994737,5803509,11798246
2021-09-04,"Indie/AstraZeneca, Johnson&Johnson, Moderna, Oxford/AstraZeneca, Pfizer/BioNTech",5996817,5807084,11803901
2021-09-05,"Johnson&Johnson, Moderna, Oxford/AstraZeneca, Pfizer/BioNTech",5998866,5809937,11808803
2021-09-06,"Indie/AstraZeneca, Johnson&Johnson, Moderna, Oxford/AstraZeneca, Pfizer/BioNTech",6005108,5822494,11827602
2021-09-07,"Johnson&Johnson, Moderna, Oxford/AstraZeneca, Pfizer/BioNTech",6009505,5833598,11843103
2021-09-08,"Johnson&Johnson, Moderna, Oxford/AstraZeneca, Pfizer/BioNTech, Čína",6015188,5843475,11858663
2021-09-09,"Johnson&Johnson, Moderna, Oxford/AstraZeneca, Pfizer/BioNTech",6021892,5853557,11875449
2021-09-10,"Johnson&Johnson, Moderna, Oxford/AstraZeneca, Pfizer/BioNTech",6029601,5865757,11895358
2021-09-11,"Indie/AstraZeneca, Johnson&Johnson, Moderna, Oxford/AstraZeneca, Pfizer/BioNTech",6031479,5868261,11899740
2021-09-12,"Johnson&Johnson, Moderna, Oxford/AstraZeneca, Pfizer/BioNTech",6032599,5869900,11902499
2021-09-13,"Johnson&Johnson, Moderna, Oxford/AstraZeneca, Pfizer/BioNTech",6038045,5880221,11918266
2021-09-14,"Johnson&Johnson, Moderna, Oxford/AstraZeneca, Pfizer/BioNTech",6043451,5889244,11932695
2021-09-15,"Johnson&Johnson, Moderna, Oxford/AstraZeneca, Pfizer/BioNTech",6048668,5897783,11946451
2021-09-16,"Johnson&Johnson, Moderna, Oxford/AstraZeneca, Pfizer/BioNTech",6054041,5906066,11960107
2021-09-17,"Johnson&Johnson, Moderna, Oxford/AstraZeneca, Pfizer/BioNTech",6060618,5916313,11976931
2021-09-18,"Johnson&Johnson, Moderna, Oxford/AstraZeneca, Pfizer/BioNTech",6062351,5918682,11981033
2021-09-19,"Johnson&Johnson, Moderna, Oxford/AstraZeneca, Pfizer/BioNTech",6063299,5920256,11983555
2021-09-20,"Johnson&Johnson, Moderna, Oxford/AstraZeneca, Pfizer/BioNTech",6067332,5928462,11995794
2021-09-21,"Johnson&Johnson, Moderna, Oxford/AstraZeneca, Pfizer/BioNTech",6071579,5936004,12007583
2021-09-22,"Johnson&Johnson, Moderna, Oxford/AstraZeneca, Pfizer/BioNTech, Čína",6075778,5941539,12017317
2021-09-23,"Johnson&Johnson, Moderna, Oxford/AstraZeneca, Pfizer/BioNTech",6080740,5947962,12028702
2021-09-24,"Johnson&Johnson, Moderna, Oxford/AstraZeneca, Pfizer/BioNTech",6086505,5957586,12044091
2021-09-25,"Johnson&Johnson, Moderna, Oxford/AstraZeneca, Pfizer/BioNTech",6088008,5959588,12047596
2021-09-26,"Johnson&Johnson, Moderna, Oxford/AstraZeneca, Pfizer/BioNTech",6088756,5961233,12049989
2021-09-27,"Indie/AstraZeneca, Johnson&Johnson, Moderna, Oxford/AstraZeneca, Pfizer/BioNTech, Čína",6092646,5967758,12060404
2021-09-28,"Johnson&Johnson, Moderna, Oxford/AstraZeneca, Pfizer/BioNTech",6093025,5968399,12061424
2021-09-29,"Johnson&Johnson, Moderna, Oxford/AstraZeneca, Pfizer/BioNTech",6096804,5975864,12072668
2021-09-30,"Johnson&Johnson, Moderna, Oxford/AstraZeneca, Pfizer/BioNTech",6101328,5983581,12084909
2021-10-01,"Johnson&Johnson, Moderna, Oxford/AstraZeneca, Pfizer/BioNTech, Čína",6105646,5991575,12097221
2021-10-02,"Johnson&Johnson, Moderna, Oxford/AstraZeneca, Pfizer/BioNTech, Čína",6106713,5993125,12099838
2021-10-03,"Johnson&Johnson, Moderna, Oxford/AstraZeneca, Pfizer/BioNTech",6107438,5994000,12101438
2021-10-04,"Johnson&Johnson, Moderna, Oxford/AstraZeneca, Pfizer/BioNTech",6110520,5999582,12110102
2021-10-05,"Johnson&Johnson, Moderna, Oxford/AstraZeneca, Pfizer/BioNTech",6113684,6004672,12118356
2021-10-06,"Johnson&Johnson, Moderna, Oxford/AstraZeneca, Pfizer/BioNTech",6117207,6009852,12127059
2021-10-07,"Johnson&Johnson, Moderna, Oxford/AstraZeneca, Pfizer/BioNTech",6120493,6015115,12135608
2021-10-08,"Johnson&Johnson, Moderna, Oxford/AstraZeneca, Pfizer/BioNTech",6125291,6021766,12147057
2021-10-09,"Indie/AstraZeneca, Johnson&Johnson, Moderna, Oxford/AstraZeneca, Pfizer/BioNTech",6126537,6023437,12149974
2021-10-10,"Johnson&Johnson, Moderna, Oxford/AstraZeneca, Pfizer/BioNTech",6127485,6024275,12151760
2021-10-11,"Johnson&Johnson, Moderna, Oxford/AstraZeneca, Pfizer/BioNTech",6130415,6028702,12159117
2021-10-12,"Johnson&Johnson, Moderna, Oxford/AstraZeneca, Pfizer/BioNTech",6133358,6032707,12166065
2021-10-13,"Johnson&Johnson, Moderna, Oxford/AstraZeneca, Pfizer/BioNTech",6136894,6036905,12173799
2021-10-14,"Johnson&Johnson, Moderna, Oxford/AstraZeneca, Pfizer/BioNTech",6140569,6041858,12182427
2021-10-15,"Johnson&Johnson, Moderna, Oxford/AstraZeneca, Pfizer/BioNTech",6145804,6048011,12193815
2021-10-16,"Johnson&Johnson, Moderna, Oxford/AstraZeneca, Pfizer/BioNTech",6147221,6049544,12196765
2021-10-17,"Johnson&Johnson, Moderna, Pfizer/BioNTech, Čína",6148547,6050603,12199150
2021-10-18,"Johnson&Johnson, Moderna, Oxford/AstraZeneca, Pfizer/BioNTech",6152661,6054713,12207374
2021-10-19,"Johnson&Johnson, Moderna, Oxford/AstraZeneca, Pfizer/BioNTech",6156244,6056820,12213064
2021-10-20,"Johnson&Johnson, Moderna, Oxford/AstraZeneca, Pfizer/BioNTech",6161136,6061285,12222421
2021-10-21,"Johnson&Johnson, Moderna, Oxford/AstraZeneca, Pfizer/BioNTech",6168907,6066898,12235805
2021-10-22,"Johnson&Johnson, Moderna, Oxford/AstraZeneca, Pfizer/BioNTech",6179371,6073403,12252774
2021-10-23,"Johnson&Johnson, Moderna, Oxford/AstraZeneca, Pfizer/BioNTech",6183054,6075616,12258670
2021-10-24,"Johnson&Johnson, Moderna, Oxford/AstraZeneca, Pfizer/BioNTech",6185741,6077395,12263136
2021-10-25,"Johnson&Johnson, Moderna, Oxford/AstraZeneca, Pfizer/BioNTech",6196254,6083217,12279471
2021-10-26,"Johnson&Johnson, Moderna, Oxford/AstraZeneca, Pfizer/BioNTech",6208251,6089770,12298021
2021-10-27,"Johnson&Johnson, Moderna, Oxford/AstraZeneca, Pfizer/BioNTech, Čína",6222863,6097189,12320052
2021-10-28,"Johnson&Johnson, Moderna, Oxford/AstraZeneca, Pfizer/BioNTech",6226296,6098879,12325175
2021-10-29,"Johnson&Johnson, Moderna, Oxford/AstraZeneca, Pfizer/BioNTech",6240741,6106870,12347611
2021-10-30,"Johnson&Johnson, Moderna, Oxford/AstraZeneca, Pfizer/BioNTech",6245272,6109802,12355074
2021-10-31,"Johnson&Johnson, Moderna, Oxford/AstraZeneca, Pfizer/BioNTech",6249034,6112278,12361312
2021-11-01,"Johnson&Johnson, Moderna, Oxford/AstraZeneca, Pfizer/BioNTech",6264232,6119960,12384192
2021-11-02,"Johnson&Johnson, Moderna, Oxford/AstraZeneca, Pfizer/BioNTech",6279685,6127522,12407207
2021-11-03,"Johnson&Johnson, Moderna, Oxford/AstraZeneca, Pfizer/BioNTech, Čína",6296870,6134816,12431686
2021-11-04,"Johnson&Johnson, Moderna, Oxford/AstraZeneca, Pfizer/BioNTech",6315217,6142996,12458213
2021-11-05,"Johnson&Johnson, Moderna, Oxford/AstraZeneca, Pfizer/BioNTech",6338021,6154288,12492309
2021-11-06,"Johnson&Johnson, Moderna, Oxford/AstraZeneca, Pfizer/BioNTech",6344539,6157348,12501887
2021-11-07,"Johnson&Johnson, Moderna, Oxford/AstraZeneca, Pfizer/BioNTech",6348567,6159786,12508353
2021-11-08,"Johnson&Johnson, Moderna, Oxford/AstraZeneca, Pfizer/BioNTech",6364833,6167416,12532249
2021-11-09,"Johnson&Johnson, Moderna, Oxford/AstraZeneca, Pfizer/BioNTech",6379647,6174718,12554365
2021-11-10,"Johnson&Johnson, Moderna, Oxford/AstraZeneca, Pfizer/BioNTech",6395385,6182105,12577490
2021-11-11,"Johnson&Johnson, Moderna, Oxford/AstraZeneca, Pfizer/BioNTech, Čína",6410862,6191215,12602077
2021-11-12,"Johnson&Johnson, Moderna, Oxford/AstraZeneca, Pfizer/BioNTech",6430665,6204015,12634680
2021-11-13,"Johnson&Johnson, Moderna, Oxford/AstraZeneca, Pfizer/BioNTech",6436062,6207895,12643957
2021-11-14,"Johnson&Johnson, Moderna, Oxford/AstraZeneca, Pfizer/BioNTech",6439961,6210905,12650866
2021-11-15,"Johnson&Johnson, Moderna, Oxford/AstraZeneca, Pfizer/BioNTech",6455049,6221613,12676662
2021-11-16,"Johnson&Johnson, Moderna, Oxford/AstraZeneca, Pfizer/BioNTech",6472580,6233593,12706173
2021-11-17,"Johnson&Johnson, Moderna, Oxford/AstraZeneca, Pfizer/BioNTech",6476824,6237164,12713988
2021-11-18,"Johnson&Johnson, Moderna, Oxford/AstraZeneca, Pfizer/BioNTech",6496239,6248858,12745097
2021-11-19,"Johnson&Johnson, Moderna, Oxford/AstraZeneca, Pfizer/BioNTech",6520850,6265837,12786687
2021-11-20,"Johnson&Johnson, Moderna, Oxford/AstraZeneca, Pfizer/BioNTech",6529427,6270824,12800251
2021-11-21,"Johnson&Johnson, Moderna, Oxford/AstraZeneca, Pfizer/BioNTech",6536195,6274601,12810796
2021-11-22,"Johnson&Johnson, Moderna, Oxford/AstraZeneca, Pfizer/BioNTech",6554704,6288716,12843420
2021-11-23,"Johnson&Johnson, Moderna, Oxford/AstraZeneca, Pfizer/BioNTech",6573770,6301982,12875752
2021-11-24,"Johnson&Johnson, Moderna, Oxford/AstraZeneca, Pfizer/BioNTech",6592784,6317835,12910619
2021-11-25,"Johnson&Johnson, Moderna, Oxford/AstraZeneca, Pfizer/BioNTech",6611929,6332882,12944811
2021-11-26,"Johnson&Johnson, Moderna, Oxford/AstraZeneca, Pfizer/BioNTech",6633587,6352024,12985611
2021-11-27,"Johnson&Johnson, Moderna, Oxford/AstraZeneca, Pfizer/BioNTech",6641059,6357581,12998640
2021-11-28,"Johnson&Johnson, Moderna, Oxford/AstraZeneca, Pfizer/BioNTech",6644392,6360721,13005113
2021-11-29,"Johnson&Johnson, Moderna, Oxford/AstraZeneca, Pfizer/BioNTech",6659599,6374385,13033984
2021-11-30,"Johnson&Johnson, Moderna, Oxford/AstraZeneca, Pfizer/BioNTech",6672802,6385618,13058420
2021-12-01,"Johnson&Johnson, Moderna, Oxford/AstraZeneca, Pfizer/BioNTech",6686842,6398079,13084921
2021-12-02,"Johnson&Johnson, Moderna, Oxford/AstraZeneca, Pfizer/BioNTech",6697485,6410575,13108060
2021-12-03,"Johnson&Johnson, Moderna, Oxford/AstraZeneca, Pfizer/BioNTech",6707124,6426155,13133279
2021-12-04,"Johnson&Johnson, Moderna, Pfizer/BioNTech",6709681,6430113,13139794
2021-12-05,"Johnson&Johnson, Moderna, Oxford/AstraZeneca, Pfizer/BioNTech",6711042,6432458,13143500
2021-12-06,"Johnson&Johnson, Moderna, Oxford/AstraZeneca, Pfizer/BioNTech",6719191,6443987,13163178
2021-12-07,"Johnson&Johnson, Moderna, Oxford/AstraZeneca, Pfizer/BioNTech",6727081,6456000,13183081
2021-12-08,"Johnson&Johnson, Moderna, Oxford/AstraZeneca, Pfizer/BioNTech",6735327,6461929,13197256
2021-12-09,"Johnson&Johnson, Moderna, Oxford/AstraZeneca, Pfizer/BioNTech",6742447,6474752,13217199
2021-12-10,"Johnson&Johnson, Moderna, Oxford/AstraZeneca, Pfizer/BioNTech",6749377,6492560,13241937
2021-12-11,"Johnson&Johnson, Moderna, Oxford/AstraZeneca, Pfizer/BioNTech",6751032,6497827,13248859
2021-12-12,"Johnson&Johnson, Moderna, Oxford/AstraZeneca, Pfizer/BioNTech",6752343,6502264,13254607
2021-12-13,"Johnson&Johnson, Moderna, Oxford/AstraZeneca, Pfizer/BioNTech",6758699,6515576,13274275
2021-12-14,"Johnson&Johnson, Moderna, Oxford/AstraZeneca, Pfizer/BioNTech",6764910,6529248,13294158
2021-12-15,"Johnson&Johnson, Moderna, Oxford/AstraZeneca, Pfizer/BioNTech",6771117,6542847,13313964
2021-12-16,"Johnson&Johnson, Moderna, Oxford/AstraZeneca, Pfizer/BioNTech",6778060,6557683,13335743
2021-12-17,"Johnson&Johnson, Moderna, Oxford/AstraZeneca, Pfizer/BioNTech",6786426,6574953,13361379
2021-12-18,"Johnson&Johnson, Moderna, Oxford/AstraZeneca, Pfizer/BioNTech",6789037,6580410,13369447
2021-12-19,"Johnson&Johnson, Moderna, Pfizer/BioNTech",6790809,6582914,13373723
2021-12-20,"Johnson&Johnson, Moderna, Oxford/AstraZeneca, Pfizer/BioNTech",6796660,6596977,13393637
2021-12-21,"Johnson&Johnson, Moderna, Oxford/AstraZeneca, Pfizer/BioNTech",6803322,6608982,13412304
2021-12-22,"Johnson&Johnson, Moderna, Oxford/AstraZeneca, Pfizer/BioNTech",6808369,6622042,13430411
2021-12-23,"Johnson&Johnson, Moderna, Oxford/AstraZeneca, Pfizer/BioNTech",6811243,6627646,13438889
2021-12-24,"Johnson&Johnson, Moderna, Oxford/AstraZeneca, Pfizer/BioNTech",6811289,6627750,13439039
2021-12-25,"Moderna, Pfizer/BioNTech",6811291,6627758,13439049
2021-12-26,"Moderna, Pfizer/BioNTech",6811393,6627961,13439354
2021-12-27,"Johnson&Johnson, Moderna, Pfizer/BioNTech",6815260,6637707,13452967
2021-12-28,"Johnson&Johnson, Moderna, Oxford/AstraZeneca, Pfizer/BioNTech",6820500,6645705,13466205
2021-12-29,"Johnson&Johnson, Moderna, Oxford/AstraZeneca, Pfizer/BioNTech",6824782,6653426,13478208
2021-12-30,"Johnson&Johnson, Moderna, Pfizer/BioNTech",6829083,6658860,13487943
2021-12-31,"Johnson&Johnson, Moderna, Pfizer/BioNTech",6829594,6660285,13489879
2022-01-01,"Moderna, Pfizer/BioNTech",6829600,6660303,13489903
2022-01-02,"Johnson&Johnson, Moderna, Pfizer/BioNTech",6830456,6661680,13492136
2022-01-03,"Johnson&Johnson, Moderna, Oxford/AstraZeneca, Pfizer/BioNTech",6834592,6670589,13505181
2022-01-04,"Johnson&Johnson, Moderna, Oxford/AstraZeneca, Pfizer/BioNTech",6839675,6678345,13518020
2022-01-05,"Johnson&Johnson, Moderna, Oxford/AstraZeneca, Pfizer/BioNTech",6845497,6686319,13531816
2022-01-06,"Johnson&Johnson, Moderna, Oxford/AstraZeneca, Pfizer/BioNTech",6852083,6694720,13546803
2022-01-07,"Johnson&Johnson, Moderna, Oxford/AstraZeneca, Pfizer/BioNTech",6859959,6705076,13565035
2022-01-08,"Johnson&Johnson, Moderna, Oxford/AstraZeneca, Pfizer/BioNTech",6862438,6707854,13570292
2022-01-09,"Johnson&Johnson, Moderna, Pfizer/BioNTech",6863521,6709549,13573070
2022-01-10,"Johnson&Johnson, Moderna, Oxford/AstraZeneca, Pfizer/BioNTech",6868028,6715742,13583770
2022-01-11,"Johnson&Johnson, Moderna, Oxford/AstraZeneca, Pfizer/BioNTech",6873477,6722498,13595975
2022-01-12,"Johnson&Johnson, Moderna, Oxford/AstraZeneca, Pfizer/BioNTech",6879434,6728140,13607574
2022-01-13,"Johnson&Johnson, Moderna, Oxford/AstraZeneca, Pfizer/BioNTech",6885323,6732916,13618239
2022-01-14,"Johnson&Johnson, Moderna, Oxford/AstraZeneca, Pfizer/BioNTech",6891625,6736547,13628172
2022-01-15,"Johnson&Johnson, Moderna, Oxford/AstraZeneca, Pfizer/BioNTech",6892901,6737203,13630104
2022-01-16,"Johnson&Johnson, Moderna, Oxford/AstraZeneca, Pfizer/BioNTech",6893591,6737640,13631231
2022-01-17,"Johnson&Johnson, Moderna, Oxford/AstraZeneca, Pfizer/BioNTech",6897146,6741596,13638742
2022-01-18,"Johnson&Johnson, Moderna, Oxford/AstraZeneca, Pfizer/BioNTech",6900995,6746547,13647542
2022-01-19,"Johnson&Johnson, Moderna, Oxford/AstraZeneca, Pfizer/BioNTech",6905064,6750479,13655543
2022-01-20,"Johnson&Johnson, Moderna, Oxford/AstraZeneca, Pfizer/BioNTech",6908662,6754934,13663596
2022-01-21,"Johnson&Johnson, Moderna, Oxford/AstraZeneca, Pfizer/BioNTech",6912660,6757462,13670122
2022-01-22,"Johnson&Johnson, Moderna, Pfizer/BioNTech",6913439,6757903,13671342
2022-01-23,"Johnson&Johnson, Moderna, Pfizer/BioNTech",6914000,6758537,13672537
2022-01-24,"Johnson&Johnson, Moderna, Oxford/AstraZeneca, Pfizer/BioNTech",6916272,6761973,13678245
2022-01-25,"Johnson&Johnson, Moderna, Oxford/AstraZeneca, Pfizer/BioNTech",6918630,6765967,13684597
2022-01-26,"Johnson&Johnson, Moderna, Oxford/AstraZeneca, Pfizer/BioNTech",6921015,6770536,13691551
2022-01-27,"Johnson&Johnson, Moderna, Oxford/AstraZeneca, Pfizer/BioNTech",6923337,6775348,13698685
2022-01-28,"Johnson&Johnson, Moderna, Oxford/AstraZeneca, Pfizer/BioNTech",6926254,6781511,13707765
2022-01-29,"Johnson&Johnson, Moderna, Oxford/AstraZeneca, Pfizer/BioNTech",6926856,6783162,13710018
2022-01-30,"Johnson&Johnson, Moderna, Pfizer/BioNTech",6927083,6783944,13711027
2022-01-31,"Johnson&Johnson, Moderna, Pfizer/BioNTech",6928624,6787871,13716495
2022-02-01,"Johnson&Johnson, Moderna, Pfizer/BioNTech",6930219,6791903,13722122
2022-02-02,"Johnson&Johnson, Moderna, Oxford/AstraZeneca, Pfizer/BioNTech",6931784,6796415,13728199
2022-02-03,"Johnson&Johnson, Moderna, Pfizer/BioNTech",6933164,6800900,13734064
2022-02-04,"Johnson&Johnson, Moderna, Pfizer/BioNTech",6934765,6806015,13740780
2022-02-05,"Johnson&Johnson, Moderna, Pfizer/BioNTech",6934938,6806625,13741563
2022-02-06,"Johnson&Johnson, Moderna, Pfizer/BioNTech",6935034,6806944,13741978
2022-02-07,"Johnson&Johnson, Moderna, Pfizer/BioNTech",6935737,6810153,13745890
2022-02-08,"Johnson&Johnson, Moderna, Pfizer/BioNTech",6936532,6813342,13749874
2022-02-09,"Johnson&Johnson, Moderna, Pfizer/BioNTech",6937354,6816716,13754070
2022-02-10,"Johnson&Johnson, Moderna, Pfizer/BioNTech",6938156,6819847,13758003
2022-02-11,"Johnson&Johnson, Moderna, Pfizer/BioNTech",6939110,6823762,13762872
2022-02-12,"Johnson&Johnson, Moderna, Pfizer/BioNTech",6939220,6824181,13763401
2022-02-13,"Johnson&Johnson, Moderna, Pfizer/BioNTech",6939257,6824619,13763876
2022-02-14,"Johnson&Johnson, Moderna, Pfizer/BioNTech",6939715,6826731,13766446
2022-02-15,"Johnson&Johnson, Moderna, Pfizer/BioNTech",6940268,6828941,13769209
2022-02-16,"Johnson&Johnson, Moderna, Pfizer/BioNTech",6940859,6831040,13771899
2022-02-17,"Johnson&Johnson, Moderna, Pfizer/BioNTech",6941454,6833382,13774836
2022-02-18,"Johnson&Johnson, Moderna, Oxford/AstraZeneca, Pfizer/BioNTech",6942096,6836435,13778531
2022-02-19,"Johnson&Johnson, Moderna, Pfizer/BioNTech",6942176,6836716,13778892
2022-02-20,"Johnson&Johnson, Moderna, Oxford/AstraZeneca, Pfizer/BioNTech",6942214,6836865,13779079
2022-02-21,"Johnson&Johnson, Moderna, Pfizer/BioNTech",6942578,6838564,13781142
2022-02-22,"Johnson&Johnson, Moderna, Oxford/AstraZeneca, Pfizer/BioNTech",6942971,6840262,13783233
2022-02-23,"Johnson&Johnson, Moderna, Pfizer/BioNTech",6943427,6841905,13785332
2022-02-24,"Johnson&Johnson, Moderna, Pfizer/BioNTech",6943835,6843536,13787371
2022-02-25,"Johnson&Johnson, Moderna, Pfizer/BioNTech",6944418,6845621,13790039
2022-02-26,"Johnson&Johnson, Moderna, Pfizer/BioNTech",6944479,6845782,13790261
2022-02-27,"Johnson&Johnson, Moderna, Pfizer/BioNTech",6944509,6845858,13790367
2022-02-28,"Johnson&Johnson, Moderna, Pfizer/BioNTech",6944755,6846834,13791589
2022-03-01,"Johnson&Johnson, Moderna, Pfizer/BioNTech",6945062,6847618,13792680
2022-03-02,"Johnson&Johnson, Moderna, Novavax, Pfizer/BioNTech",6945435,6848526,13793961
2022-03-03,"Johnson&Johnson, Moderna, Novavax, Pfizer/BioNTech",6945772,6849469,13795241
2022-03-04,"Johnson&Johnson, Moderna, Novavax, Pfizer/BioNTech",6946404,6850690,13797094
2022-03-05,"Johnson&Johnson, Moderna, Novavax, Pfizer/BioNTech",6946485,6850783,13797268
2022-03-06,"Moderna, Novavax, Pfizer/BioNTech",6946498,6850801,13797299
2022-03-07,"Johnson&Johnson, Moderna, Novavax, Pfizer/BioNTech",6946833,6851359,13798192
2022-03-08,"Johnson&Johnson, Moderna, Novavax, Pfizer/BioNTech",6947168,6851901,13799069
2022-03-09,"Johnson&Johnson, Moderna, Novavax, Pfizer/BioNTech",6947557,6852490,13800047
2022-03-10,"Johnson&Johnson, Moderna, Novavax, Pfizer/BioNTech",6947969,6853161,13801130
2022-03-11,"Johnson&Johnson, Moderna, Novavax, Pfizer/BioNTech",6948718,6854071,13802789
2022-03-12,"Johnson&Johnson, Moderna, Novavax, Pfizer/BioNTech",6948789,6854176,13802965
2022-03-13,"Johnson&Johnson, Moderna, Novavax, Pfizer/BioNTech",6948802,6854195,13802997
2022-03-14,"Johnson&Johnson, Moderna, Novavax, Pfizer/BioNTech",6949069,6854577,13803646
2022-03-15,"Johnson&Johnson, Moderna, Novavax, Pfizer/BioNTech",6949353,6855013,13804366
2022-03-16,"Johnson&Johnson, Moderna, Novavax, Pfizer/BioNTech",6949672,6855556,13805228
2022-03-17,"Johnson&Johnson, Moderna, Novavax, Oxford/AstraZeneca, Pfizer/BioNTech",6949968,6855988,13805956
2022-03-18,"Johnson&Johnson, Moderna, Novavax, Pfizer/BioNTech",6950666,6856783,13807449
2022-03-19,"Moderna, Novavax, Pfizer/BioNTech",6950722,6856828,13807550
2022-03-20,"Moderna, Novavax, Pfizer/BioNTech",6950740,6856840,13807580
2022-03-21,"Johnson&Johnson, Moderna, Novavax, Pfizer/BioNTech",6950928,6857167,13808095
2022-03-22,"Johnson&Johnson, Moderna, Novavax, Pfizer/BioNTech",6951169,6857565,13808734
2022-03-23,"Johnson&Johnson, Moderna, Novavax, Pfizer/BioNTech",6951506,6858004,13809510
2022-03-24,"Johnson&Johnson, Moderna, Novavax, Pfizer/BioNTech",6951817,6858477,13810294
2022-03-25,"Johnson&Johnson, Moderna, Novavax, Pfizer/BioNTech",6952312,6859286,13811598
2022-03-26,"Johnson&Johnson, Moderna, Novavax, Pfizer/BioNTech",6952364,6859364,13811728
2022-03-27,"Moderna, Novavax, Pfizer/BioNTech",6952380,6859381,13811761
2022-03-28,"Johnson&Johnson, Moderna, Novavax, Pfizer/BioNTech",6952535,6859759,13812294
2022-03-29,"Johnson&Johnson, Moderna, Novavax, Pfizer/BioNTech",6952797,6860165,13812962
2022-03-30,"Johnson&Johnson, Moderna, Novavax, Pfizer/BioNTech",6953102,6860658,13813760
2022-03-31,"Johnson&Johnson, Moderna, Novavax, Pfizer/BioNTech",6953400,6861150,13814550
2022-04-01,"Johnson&Johnson, Moderna, Novavax, Pfizer/BioNTech",6954011,6861910,13815921
2022-04-02,"Moderna, Novavax, Pfizer/BioNTech",6954068,6861995,13816063
2022-04-03,"Moderna, Novavax, Pfizer/BioNTech",6954081,6862024,13816105
2022-04-04,"Johnson&Johnson, Moderna, Novavax, Pfizer/BioNTech",6954258,6862306,13816564
2022-04-05,"Johnson&Johnson, Moderna, Novavax, Pfizer/BioNTech",6954449,6862542,13816991
2022-04-06,"Johnson&Johnson, Moderna, Novavax, Pfizer/BioNTech",6954666,6862888,13817554
2022-04-07,"Johnson&Johnson, Moderna, Novavax, Pfizer/BioNTech",6954890,6863306,13818196
2022-04-08,"Johnson&Johnson, Moderna, Novavax, Pfizer/BioNTech",6955344,6864029,13819373
2022-04-09,"Johnson&Johnson, Moderna, Novavax, Pfizer/BioNTech",6955404,6864101,13819505
2022-04-10,"Moderna, Novavax, Pfizer/BioNTech",6955417,6864110,13819527
2022-04-11,"Johnson&Johnson, Moderna, Novavax, Pfizer/BioNTech",6955579,6864341,13819920
2022-04-12,"Johnson&Johnson, Moderna, Novavax, Pfizer/BioNTech",6955826,6864639,13820465
2022-04-13,"Johnson&Johnson, Moderna, Novavax, Pfizer/BioNTech",6956067,6864993,13821060
2022-04-14,"Johnson&Johnson, Moderna, Novavax, Pfizer/BioNTech",6956329,6865378,13821707
2022-04-15,"Moderna, Novavax, Pfizer/BioNTech",6956345,6865409,13821754
2022-04-16,"Johnson&Johnson, Moderna, Novavax, Pfizer/BioNTech",6956365,6865443,13821808
2022-04-17,"Moderna, Novavax, Pfizer/BioNTech",6956366,6865444,13821810
2022-04-18,"Moderna, Novavax, Pfizer/BioNTech",6956380,6865461,13821841
2022-04-19,"Johnson&Johnson, Moderna, Novavax, Pfizer/BioNTech",6956519,6865799,13822318
2022-04-20,"Johnson&Johnson, Moderna, Novavax, Pfizer/BioNTech",6956742,6866189,13822931
2022-04-21,"Johnson&Johnson, Moderna, Novavax, Pfizer/BioNTech",6956959,6866613,13823572
2022-04-22,"Johnson&Johnson, Moderna, Novavax, Pfizer/BioNTech",6957424,6867440,13824864
2022-04-23,"Moderna, Novavax, Pfizer/BioNTech",6957455,6867519,13824974
2022-04-24,"Moderna, Novavax, Pfizer/BioNTech",6957460,6867530,13824990
2022-04-25,"Johnson&Johnson, Moderna, Novavax, Pfizer/BioNTech",6957616,6867738,13825354
2022-04-26,"Johnson&Johnson, Moderna, Novavax, Pfizer/BioNTech",6957756,6868002,13825758
2022-04-27,"Johnson&Johnson, Moderna, Novavax, Pfizer/BioNTech",6958023,6868332,13826355
2022-04-28,"Johnson&Johnson, Moderna, Novavax, Pfizer/BioNTech",6958218,6868622,13826840
2022-04-29,"Johnson&Johnson, Moderna, Novavax, Pfizer/BioNTech",6958653,6869211,13827864
2022-04-30,"Moderna, Novavax, Pfizer/BioNTech",6958693,6869278,13827971
2022-05-01,"Moderna, Novavax, Oxford/AstraZeneca, Pfizer/BioNTech",6958698,6869288,13827986
2022-05-02,"Johnson&Johnson, Moderna, Novavax, Pfizer/BioNTech",6958828,6869470,13828298
2022-05-03,"Johnson&Johnson, Moderna, Novavax, Pfizer/BioNTech",6958985,6869726,13828711
2022-05-04,"Johnson&Johnson, Moderna, Novavax, Pfizer/BioNTech",6959191,6870001,13829192
2022-05-05,"Johnson&Johnson, Moderna, Novavax, Pfizer/BioNTech",6959398,6870291,13829689
2022-05-06,"Johnson&Johnson, Moderna, Novavax, Pfizer/BioNTech",6959774,6870633,13830407
2022-05-07,"Moderna, Novavax, Pfizer/BioNTech",6959801,6870659,13830460
2022-05-08,"Moderna, Pfizer/BioNTech",6959802,6870667,13830469
2022-05-09,"Johnson&Johnson, Moderna, Novavax, Pfizer/BioNTech",6959910,6870757,13830667
2022-05-10,"Johnson&Johnson, Moderna, Novavax, Pfizer/BioNTech",6960065,6870994,13831059
2022-05-11,"Johnson&Johnson, Moderna, Novavax, Oxford/AstraZeneca, Pfizer/BioNTech",6960285,6871261,13831546
2022-05-12,"Johnson&Johnson, Moderna, Novavax, Pfizer/BioNTech",6960484,6871538,13832022
2022-05-13,"Johnson&Johnson, Moderna, Novavax, Pfizer/BioNTech",6960830,6872036,13832866
2022-05-14,"Johnson&Johnson, Moderna, Novavax, Pfizer/BioNTech",6960871,6872076,13832947
2022-05-15,"Johnson&Johnson, Moderna, Novavax, Pfizer/BioNTech",6960884,6872087,13832971
2022-05-16,"Johnson&Johnson, Moderna, Novavax, Pfizer/BioNTech",6960994,6872207,13833201
2022-05-17,"Johnson&Johnson, Moderna, Novavax, Pfizer/BioNTech",6961135,6872362,13833497
2022-05-18,"Johnson&Johnson, Moderna, Novavax, Pfizer/BioNTech",6961370,6872693,13834063
2022-05-19,"Johnson&Johnson, Moderna, Novavax, Pfizer/BioNTech",6961562,6872944,13834506
2022-05-20,"Johnson&Johnson, Moderna, Novavax, Pfizer/BioNTech",6961862,6873496,13835358
2022-05-21,"Johnson&Johnson, Moderna, Novavax, Pfizer/BioNTech",6961901,6873525,13835426
2022-05-22,"Moderna, Pfizer/BioNTech",6961909,6873531,13835440
2022-05-23,"Johnson&Johnson, Moderna, Novavax, Pfizer/BioNTech",6962031,6873686,13835717
2022-05-24,"Johnson&Johnson, Moderna, Novavax, Pfizer/BioNTech",6962163,6873859,13836022
2022-05-25,"Johnson&Johnson, Moderna, Novavax, Oxford/AstraZeneca, Pfizer/BioNTech",6962338,6874108,13836446
2022-05-26,"Johnson&Johnson, Moderna, Novavax, Pfizer/BioNTech",6962490,6874333,13836823
2022-05-27,"Johnson&Johnson, Moderna, Novavax, Pfizer/BioNTech",6962756,6874799,13837555
2022-05-28,"Moderna, Novavax, Pfizer/BioNTech",6962793,6874848,13837641
2022-05-29,"Moderna, Novavax, Pfizer/BioNTech",6962802,6874852,13837654
2022-05-30,"Johnson&Johnson, Moderna, Novavax, Pfizer/BioNTech",6962884,6875009,13837893
2022-05-31,"Johnson&Johnson, Moderna, Novavax, Pfizer/BioNTech",6963033,6875205,13838238
2022-06-01,"Johnson&Johnson, Moderna, Novavax, Pfizer/BioNTech",6963158,6875435,13838593
2022-06-02,"Moderna, Novavax, Pfizer/BioNTech",6963284,6875666,13838950
2022-06-03,"Johnson&Johnson, Moderna, Novavax, Pfizer/BioNTech",6963538,6876125,13839663
2022-06-04,"Johnson&Johnson, Moderna, Novavax, Pfizer/BioNTech",6963571,6876165,13839736
2022-06-05,"Moderna, Novavax, Pfizer/BioNTech",6963578,6876171,13839749
2022-06-06,"Johnson&Johnson, Moderna, Novavax, Pfizer/BioNTech",6963662,6876313,13839975
2022-06-07,"Johnson&Johnson, Moderna, Novavax, Pfizer/BioNTech",6963747,6876469,13840216
2022-06-08,"Johnson&Johnson, Moderna, Novavax, Pfizer/BioNTech",6963881,6876717,13840598
2022-06-09,"Johnson&Johnson, Moderna, Novavax, Pfizer/BioNTech",6963975,6876918,13840893
2022-06-10,"Johnson&Johnson, Moderna, Novavax, Pfizer/BioNTech",6964153,6877250,13841403
2022-06-11,"Moderna, Novavax, Pfizer/BioNTech",6964167,6877289,13841456
2022-06-12,"Moderna, Novavax, Pfizer/BioNTech",6964173,6877312,13841485
2022-06-13,"Johnson&Johnson, Moderna, Novavax, Oxford/AstraZeneca, Pfizer/BioNTech",6964223,6877435,13841658
2022-06-14,"Johnson&Johnson, Moderna, Novavax, Pfizer/BioNTech",6964303,6877581,13841884
2022-06-15,"Johnson&Johnson, Moderna, Novavax, Pfizer/BioNTech",6964382,6877770,13842152
2022-06-16,"Johnson&Johnson, Moderna, Novavax, Pfizer/BioNTech",6964452,6877946,13842398
2022-06-17,"Johnson&Johnson, Moderna, Novavax, Pfizer/BioNTech",6964604,6878227,13842831
2022-06-18,"Moderna, Novavax, Pfizer/BioNTech",6964617,6878266,13842883
2022-06-19,"Moderna, Pfizer/BioNTech",6964620,6878274,13842894
2022-06-20,"Johnson&Johnson, Moderna, Novavax, Pfizer/BioNTech",6964680,6878389,13843069
2022-06-21,"Johnson&Johnson, Moderna, Novavax, Pfizer/BioNTech",6964742,6878515,13843257
2022-06-22,"Johnson&Johnson, Moderna, Novavax, Pfizer/BioNTech",6964836,6878686,13843522
2022-06-23,"Johnson&Johnson, Moderna, Novavax, Pfizer/BioNTech",6964894,6878842,13843736
