date,vaccine,people_vaccinated,people_fully_vaccinated,total_vaccinations
2020-12-27,Pfizer/BioNTech,1284,0,1284
2020-12-28,Pfizer/BioNTech,3591,0,3591
2020-12-29,Pfizer/BioNTech,7061,1,7062
2020-12-30,Pfizer/BioNTech,10582,1,10583
2020-12-31,Pfizer/BioNTech,11894,1,11895
2021-01-01,"Moderna, Pfizer/BioNTech",12164,1,12165
2021-01-02,"Moderna, Pfizer/BioNTech",13446,1,13447
2021-01-03,"Moderna, Pfizer/BioNTech",14371,1,14372
2021-01-04,"Moderna, Pfizer/BioNTech",17987,1,17988
2021-01-05,"Moderna, Pfizer/BioNTech",22514,3,22517
2021-01-06,"Moderna, Pfizer/BioNTech",28362,4,28366
2021-01-07,"Moderna, Pfizer/BioNTech",36362,4,36366
2021-01-08,"Moderna, Pfizer/BioNTech",46414,5,46419
2021-01-09,"Moderna, Pfizer/BioNTech",48443,6,48449
2021-01-10,Pfizer/BioNTech,50215,7,50222
2021-01-11,"Moderna, Pfizer/BioNTech",60075,9,60084
2021-01-12,"Moderna, Pfizer/BioNTech",73533,11,73544
2021-01-13,"Moderna, Pfizer/BioNTech",87080,11,87091
2021-01-14,"Moderna, Pfizer/BioNTech",102335,15,102350
2021-01-15,"Moderna, Pfizer/BioNTech",116355,16,116371
2021-01-16,"Moderna, Pfizer/BioNTech",119758,20,119778
2021-01-17,"Moderna, Pfizer/BioNTech",122379,655,123034
2021-01-18,"Moderna, Pfizer/BioNTech",134873,2482,137355
2021-01-19,"Moderna, Pfizer/BioNTech",147484,5210,152694
2021-01-20,"Moderna, Pfizer/BioNTech",161177,7874,169051
2021-01-21,"Moderna, Pfizer/BioNTech",176833,9620,186453
2021-01-22,"Moderna, Pfizer/BioNTech",191727,10666,202393
2021-01-23,"Moderna, Pfizer/BioNTech",195048,11547,206595
2021-01-24,"Moderna, Pfizer/BioNTech",197304,12417,209721
2021-01-25,"Moderna, Pfizer/BioNTech",206957,15392,222349
2021-01-26,"Moderna, Pfizer/BioNTech",217506,19386,236892
2021-01-27,"Moderna, Pfizer/BioNTech",226538,23921,250459
2021-01-28,"Moderna, Pfizer/BioNTech",233642,30056,263698
2021-01-29,"Moderna, Pfizer/BioNTech",239859,37967,277826
2021-01-30,"Moderna, Pfizer/BioNTech",240600,39055,279655
2021-01-31,"Moderna, Pfizer/BioNTech",241316,40237,281553
2021-02-01,"Moderna, Pfizer/BioNTech",245298,48206,293504
2021-02-02,"Moderna, Pfizer/BioNTech",249450,58446,307896
2021-02-03,"Moderna, Pfizer/BioNTech",253876,69466,323342
2021-02-04,"Moderna, Pfizer/BioNTech",258782,82461,341243
2021-02-05,"Moderna, Pfizer/BioNTech",264253,93137,357390
2021-02-06,"Moderna, Oxford/AstraZeneca, Pfizer/BioNTech",265107,95505,360612
2021-02-07,"Moderna, Oxford/AstraZeneca, Pfizer/BioNTech",265959,98005,363964
2021-02-08,"Moderna, Oxford/AstraZeneca, Pfizer/BioNTech",270048,109441,379489
2021-02-09,"Moderna, Oxford/AstraZeneca, Pfizer/BioNTech",275153,121356,396509
2021-02-10,"Moderna, Oxford/AstraZeneca, Pfizer/BioNTech",280667,134616,415283
2021-02-11,"Moderna, Oxford/AstraZeneca, Pfizer/BioNTech",287008,150841,437849
2021-02-12,"Moderna, Oxford/AstraZeneca, Pfizer/BioNTech",293837,165586,459423
2021-02-13,"Moderna, Oxford/AstraZeneca, Pfizer/BioNTech",295450,168575,464025
2021-02-14,"Moderna, Oxford/AstraZeneca, Pfizer/BioNTech",296454,169961,466415
2021-02-15,"Moderna, Oxford/AstraZeneca, Pfizer/BioNTech",302853,179333,482186
2021-02-16,"Moderna, Oxford/AstraZeneca, Pfizer/BioNTech",311575,188418,499993
2021-02-17,"Moderna, Oxford/AstraZeneca, Pfizer/BioNTech",321276,196725,518001
2021-02-18,"Moderna, Oxford/AstraZeneca, Pfizer/BioNTech",333606,204810,538416
2021-02-19,"Moderna, Oxford/AstraZeneca, Pfizer/BioNTech",345471,212190,557661
2021-02-20,"Moderna, Oxford/AstraZeneca, Pfizer/BioNTech",347475,213376,560851
2021-02-21,"Moderna, Oxford/AstraZeneca, Pfizer/BioNTech",348610,214401,563011
2021-02-22,"Moderna, Oxford/AstraZeneca, Pfizer/BioNTech",358737,220437,579174
2021-02-23,"Moderna, Oxford/AstraZeneca, Pfizer/BioNTech",371702,227429,599131
2021-02-24,"Moderna, Oxford/AstraZeneca, Pfizer/BioNTech",385582,233471,619053
2021-02-25,"Moderna, Oxford/AstraZeneca, Pfizer/BioNTech",403562,239023,642585
2021-02-26,"Moderna, Oxford/AstraZeneca, Pfizer/BioNTech",419740,244382,664122
2021-02-27,"Moderna, Oxford/AstraZeneca, Pfizer/BioNTech",422749,244941,667690
2021-02-28,"Moderna, Oxford/AstraZeneca, Pfizer/BioNTech",425104,245493,670597
2021-03-01,"Moderna, Oxford/AstraZeneca, Pfizer/BioNTech",444701,248945,693646
2021-03-02,"Moderna, Oxford/AstraZeneca, Pfizer/BioNTech",471933,252496,724429
2021-03-03,"Moderna, Oxford/AstraZeneca, Pfizer/BioNTech",502887,257003,759890
2021-03-04,"Moderna, Oxford/AstraZeneca, Pfizer/BioNTech",536179,261692,797871
2021-03-05,"Johnson&Johnson, Moderna, Oxford/AstraZeneca, Pfizer/BioNTech",565027,267118,832145
2021-03-06,"Johnson&Johnson, Moderna, Oxford/AstraZeneca, Pfizer/BioNTech",577180,267981,845161
2021-03-07,"Johnson&Johnson, Moderna, Oxford/AstraZeneca, Pfizer/BioNTech",588727,268823,857550
2021-03-08,"Johnson&Johnson, Moderna, Oxford/AstraZeneca, Pfizer/BioNTech",618481,273682,892163
2021-03-09,"Johnson&Johnson, Moderna, Oxford/AstraZeneca, Pfizer/BioNTech",654850,280068,934918
2021-03-10,"Johnson&Johnson, Moderna, Oxford/AstraZeneca, Pfizer/BioNTech",696179,287027,983206
2021-03-11,"Johnson&Johnson, Moderna, Oxford/AstraZeneca, Pfizer/BioNTech",741028,295401,1036429
2021-03-12,"Johnson&Johnson, Moderna, Oxford/AstraZeneca, Pfizer/BioNTech",779800,303897,1083697
2021-03-13,"Johnson&Johnson, Moderna, Oxford/AstraZeneca, Pfizer/BioNTech",796902,305209,1102111
2021-03-14,"Johnson&Johnson, Moderna, Oxford/AstraZeneca, Pfizer/BioNTech",809020,306365,1115385
2021-03-15,"Johnson&Johnson, Moderna, Oxford/AstraZeneca, Pfizer/BioNTech",837415,315146,1152561
2021-03-16,"Johnson&Johnson, Moderna, Oxford/AstraZeneca, Pfizer/BioNTech",876311,325685,1201996
2021-03-17,"Moderna, Oxford/AstraZeneca, Pfizer/BioNTech",913805,336196,1250001
2021-03-18,"Johnson&Johnson, Moderna, Oxford/AstraZeneca, Pfizer/BioNTech",951815,348618,1300433
2021-03-19,"Moderna, Oxford/AstraZeneca, Pfizer/BioNTech",986324,362233,1348557
2021-03-20,"Johnson&Johnson, Moderna, Oxford/AstraZeneca, Pfizer/BioNTech",1001502,364264,1365766
2021-03-21,"Johnson&Johnson, Moderna, Oxford/AstraZeneca, Pfizer/BioNTech",1008938,365824,1374762
2021-03-22,"Johnson&Johnson, Moderna, Oxford/AstraZeneca, Pfizer/BioNTech",1033525,378328,1411853
2021-03-23,"Johnson&Johnson, Moderna, Oxford/AstraZeneca, Pfizer/BioNTech",1060195,391693,1451888
2021-03-24,"Johnson&Johnson, Moderna, Oxford/AstraZeneca, Pfizer/BioNTech",1087079,407439,1494518
2021-03-25,"Moderna, Oxford/AstraZeneca, Pfizer/BioNTech",1113436,425293,1538729
2021-03-26,"Johnson&Johnson, Moderna, Oxford/AstraZeneca, Pfizer/BioNTech",1138273,442805,1581078
2021-03-27,"Johnson&Johnson, Moderna, Oxford/AstraZeneca, Pfizer/BioNTech",1146726,447651,1594377
2021-03-28,"Moderna, Oxford/AstraZeneca, Pfizer/BioNTech",1152273,451800,1604073
2021-03-29,"Johnson&Johnson, Moderna, Oxford/AstraZeneca, Pfizer/BioNTech",1171426,472539,1643965
2021-03-30,"Johnson&Johnson, Moderna, Oxford/AstraZeneca, Pfizer/BioNTech",1196129,494724,1690853
2021-03-31,"Johnson&Johnson, Moderna, Oxford/AstraZeneca, Pfizer/BioNTech",1219280,521793,1741073
2021-04-01,"Johnson&Johnson, Moderna, Oxford/AstraZeneca, Pfizer/BioNTech",1244950,553856,1798806
2021-04-02,"Johnson&Johnson, Moderna, Oxford/AstraZeneca, Pfizer/BioNTech",1251909,566653,1818562
2021-04-03,"Johnson&Johnson, Moderna, Oxford/AstraZeneca, Pfizer/BioNTech",1255553,577584,1833137
2021-04-04,"Johnson&Johnson, Moderna, Oxford/AstraZeneca, Pfizer/BioNTech",1258086,586507,1844593
2021-04-05,"Johnson&Johnson, Moderna, Oxford/AstraZeneca, Pfizer/BioNTech",1260509,593707,1854216
2021-04-06,"Johnson&Johnson, Moderna, Oxford/AstraZeneca, Pfizer/BioNTech",1276709,622980,1899689
2021-04-07,"Johnson&Johnson, Moderna, Oxford/AstraZeneca, Pfizer/BioNTech",1300193,645221,1945414
2021-04-08,"Johnson&Johnson, Moderna, Oxford/AstraZeneca, Pfizer/BioNTech",1338994,676265,2015259
2021-04-09,"Johnson&Johnson, Moderna, Oxford/AstraZeneca, Pfizer/BioNTech",1378584,706458,2085042
2021-04-10,"Johnson&Johnson, Moderna, Oxford/AstraZeneca, Pfizer/BioNTech",1394136,721765,2115901
2021-04-11,"Johnson&Johnson, Moderna, Oxford/AstraZeneca, Pfizer/BioNTech",1403938,731819,2135757
2021-04-12,"Johnson&Johnson, Moderna, Oxford/AstraZeneca, Pfizer/BioNTech",1442264,756967,2199231
2021-04-13,"Moderna, Oxford/AstraZeneca, Pfizer/BioNTech",1478563,783014,2261577
2021-04-14,"Moderna, Oxford/AstraZeneca, Pfizer/BioNTech",1517438,810387,2327825
2021-04-15,"Moderna, Oxford/AstraZeneca, Pfizer/BioNTech",1565266,836164,2401430
2021-04-16,"Moderna, Oxford/AstraZeneca, Pfizer/BioNTech",1609970,861842,2471812
2021-04-17,"Moderna, Oxford/AstraZeneca, Pfizer/BioNTech",1626687,870871,2497558
2021-04-18,"Moderna, Oxford/AstraZeneca, Pfizer/BioNTech",1639686,875858,2515544
2021-04-19,"Moderna, Oxford/AstraZeneca, Pfizer/BioNTech",1683655,891306,2574961
2021-04-20,"Johnson&Johnson, Moderna, Oxford/AstraZeneca, Pfizer/BioNTech",1726248,907185,2633433
2021-04-21,"Moderna, Oxford/AstraZeneca, Pfizer/BioNTech",1774022,921549,2695571
2021-04-22,"Johnson&Johnson, Moderna, Oxford/AstraZeneca, Pfizer/BioNTech",1828550,938948,2767498
2021-04-23,"Johnson&Johnson, Moderna, Oxford/AstraZeneca, Pfizer/BioNTech",1878561,951010,2829571
2021-04-24,"Johnson&Johnson, Moderna, Oxford/AstraZeneca, Pfizer/BioNTech",1896431,956271,2852702
2021-04-25,"Johnson&Johnson, Moderna, Oxford/AstraZeneca, Pfizer/BioNTech",1911141,960271,2871412
2021-04-26,"Johnson&Johnson, Moderna, Oxford/AstraZeneca, Pfizer/BioNTech",1960755,967833,2928588
2021-04-27,"Johnson&Johnson, Moderna, Oxford/AstraZeneca, Pfizer/BioNTech",2009757,980081,2989838
2021-04-28,"Johnson&Johnson, Moderna, Oxford/AstraZeneca, Pfizer/BioNTech",2068544,994105,3062649
2021-04-29,"Johnson&Johnson, Moderna, Oxford/AstraZeneca, Pfizer/BioNTech",2134154,1010025,3144179
2021-04-30,"Johnson&Johnson, Moderna, Oxford/AstraZeneca, Pfizer/BioNTech",2196445,1020015,3216460
2021-05-01,"Johnson&Johnson, Moderna, Oxford/AstraZeneca, Pfizer/BioNTech",2215822,1023474,3239296
2021-05-02,"Johnson&Johnson, Moderna, Oxford/AstraZeneca, Pfizer/BioNTech",2234771,1025760,3260531
2021-05-03,"Johnson&Johnson, Moderna, Oxford/AstraZeneca, Pfizer/BioNTech",2302058,1030835,3332893
2021-05-04,"Johnson&Johnson, Moderna, Oxford/AstraZeneca, Pfizer/BioNTech",2368610,1039202,3407812
2021-05-05,"Johnson&Johnson, Moderna, Oxford/AstraZeneca, Pfizer/BioNTech",2441829,1048634,3490463
2021-05-06,"Johnson&Johnson, Moderna, Oxford/AstraZeneca, Pfizer/BioNTech",2522284,1059385,3581669
2021-05-07,"Johnson&Johnson, Moderna, Oxford/AstraZeneca, Pfizer/BioNTech",2599632,1069523,3669155
2021-05-08,"Johnson&Johnson, Moderna, Oxford/AstraZeneca, Pfizer/BioNTech",2629142,1071308,3700450
2021-05-09,"Johnson&Johnson, Moderna, Oxford/AstraZeneca, Pfizer/BioNTech",2653386,1072528,3725914
2021-05-10,"Johnson&Johnson, Moderna, Oxford/AstraZeneca, Pfizer/BioNTech",2726209,1079768,3805977
2021-05-11,"Johnson&Johnson, Moderna, Oxford/AstraZeneca, Pfizer/BioNTech",2802364,1088596,3890960
2021-05-12,"Johnson&Johnson, Moderna, Oxford/AstraZeneca, Pfizer/BioNTech",2882313,1097732,3980045
2021-05-13,"Johnson&Johnson, Moderna, Oxford/AstraZeneca, Pfizer/BioNTech",2966373,1106911,4073284
2021-05-14,"Johnson&Johnson, Moderna, Oxford/AstraZeneca, Pfizer/BioNTech",3045905,1114730,4160635
2021-05-15,"Johnson&Johnson, Moderna, Oxford/AstraZeneca, Pfizer/BioNTech",3077867,1117002,4194869
2021-05-16,"Johnson&Johnson, Moderna, Oxford/AstraZeneca, Pfizer/BioNTech",3103684,1118279,4221963
2021-05-17,"Johnson&Johnson, Moderna, Oxford/AstraZeneca, Pfizer/BioNTech",3176241,1125029,4301270
2021-05-18,"Johnson&Johnson, Moderna, Oxford/AstraZeneca, Pfizer/BioNTech",3248235,1138140,4386375
2021-05-19,"Johnson&Johnson, Moderna, Oxford/AstraZeneca, Pfizer/BioNTech",3325736,1153307,4479043
2021-05-20,"Johnson&Johnson, Moderna, Oxford/AstraZeneca, Pfizer/BioNTech",3401257,1180374,4581631
2021-05-21,"Johnson&Johnson, Moderna, Oxford/AstraZeneca, Pfizer/BioNTech",3470112,1208170,4678282
2021-05-22,"Johnson&Johnson, Moderna, Oxford/AstraZeneca, Pfizer/BioNTech",3502569,1219397,4721966
2021-05-23,"Johnson&Johnson, Moderna, Oxford/AstraZeneca, Pfizer/BioNTech",3525008,1228444,4753452
2021-05-24,"Johnson&Johnson, Moderna, Oxford/AstraZeneca, Pfizer/BioNTech",3572198,1262123,4834321
2021-05-25,"Johnson&Johnson, Moderna, Oxford/AstraZeneca, Pfizer/BioNTech",3624118,1297966,4922084
2021-05-26,"Johnson&Johnson, Moderna, Oxford/AstraZeneca, Pfizer/BioNTech",3691920,1335519,5027439
2021-05-27,"Johnson&Johnson, Moderna, Oxford/AstraZeneca, Pfizer/BioNTech",3753367,1382889,5136256
2021-05-28,"Johnson&Johnson, Moderna, Oxford/AstraZeneca, Pfizer/BioNTech",3815132,1429491,5244623
2021-05-29,"Johnson&Johnson, Moderna, Oxford/AstraZeneca, Pfizer/BioNTech",3844385,1446619,5291004
2021-05-30,"Johnson&Johnson, Moderna, Oxford/AstraZeneca, Pfizer/BioNTech",3866803,1461083,5327886
2021-05-31,"Johnson&Johnson, Moderna, Oxford/AstraZeneca, Pfizer/BioNTech",3922572,1508619,5431191
2021-06-01,"Johnson&Johnson, Moderna, Oxford/AstraZeneca, Pfizer/BioNTech",3981669,1557501,5539170
2021-06-02,"Johnson&Johnson, Moderna, Oxford/AstraZeneca, Pfizer/BioNTech",4044639,1611522,5656161
2021-06-03,"Johnson&Johnson, Moderna, Oxford/AstraZeneca, Pfizer/BioNTech",4102921,1671760,5774681
2021-06-04,"Johnson&Johnson, Moderna, Oxford/AstraZeneca, Pfizer/BioNTech",4166063,1729200,5895263
2021-06-05,"Johnson&Johnson, Moderna, Oxford/AstraZeneca, Pfizer/BioNTech",4200254,1748109,5948363
2021-06-06,"Johnson&Johnson, Moderna, Oxford/AstraZeneca, Pfizer/BioNTech",4227208,1763275,5990483
2021-06-07,"Johnson&Johnson, Moderna, Oxford/AstraZeneca, Pfizer/BioNTech",4290907,1818938,6109845
2021-06-08,"Johnson&Johnson, Moderna, Oxford/AstraZeneca, Pfizer/BioNTech",4354921,1873967,6228888
2021-06-09,"Johnson&Johnson, Moderna, Oxford/AstraZeneca, Pfizer/BioNTech",4414136,1938662,6352798
2021-06-10,"Johnson&Johnson, Moderna, Oxford/AstraZeneca, Pfizer/BioNTech",4468010,2009982,6477992
2021-06-11,"Johnson&Johnson, Moderna, Oxford/AstraZeneca, Pfizer/BioNTech",4520143,2079829,6599972
2021-06-12,"Johnson&Johnson, Moderna, Oxford/AstraZeneca, Pfizer/BioNTech",4552180,2100661,6652841
2021-06-13,"Johnson&Johnson, Moderna, Oxford/AstraZeneca, Pfizer/BioNTech",4576220,2119097,6695317
2021-06-14,"Johnson&Johnson, Moderna, Oxford/AstraZeneca, Pfizer/BioNTech",4619318,2193520,6812838
2021-06-15,"Johnson&Johnson, Moderna, Oxford/AstraZeneca, Pfizer/BioNTech",4664000,2265926,6929926
2021-06-16,"Johnson&Johnson, Moderna, Oxford/AstraZeneca, Pfizer/BioNTech",4706816,2344202,7051018
2021-06-17,"Johnson&Johnson, Moderna, Oxford/AstraZeneca, Pfizer/BioNTech",4746236,2427330,7173566
2021-06-18,"Johnson&Johnson, Moderna, Oxford/AstraZeneca, Pfizer/BioNTech",4788683,2507924,7296607
2021-06-19,"Johnson&Johnson, Moderna, Oxford/AstraZeneca, Pfizer/BioNTech",4810472,2537254,7347726
2021-06-20,"Johnson&Johnson, Moderna, Oxford/AstraZeneca, Pfizer/BioNTech",4827871,2561134,7389005
2021-06-21,"Johnson&Johnson, Moderna, Oxford/AstraZeneca, Pfizer/BioNTech",4860386,2639777,7500163
2021-06-22,"Johnson&Johnson, Moderna, Oxford/AstraZeneca, Pfizer/BioNTech",4893348,2722122,7615470
2021-06-23,"Johnson&Johnson, Moderna, Oxford/AstraZeneca, Pfizer/BioNTech",4925040,2807388,7732428
2021-06-24,"Johnson&Johnson, Moderna, Oxford/AstraZeneca, Pfizer/BioNTech",4954901,2897451,7852352
2021-06-25,"Johnson&Johnson, Moderna, Oxford/AstraZeneca, Pfizer/BioNTech",4985988,2983690,7969678
2021-06-26,"Johnson&Johnson, Moderna, Oxford/AstraZeneca, Pfizer/BioNTech",5001888,3018571,8020459
2021-06-27,"Johnson&Johnson, Moderna, Oxford/AstraZeneca, Pfizer/BioNTech",5015843,3045275,8061118
2021-06-28,"Johnson&Johnson, Moderna, Oxford/AstraZeneca, Pfizer/BioNTech",5044253,3130522,8174775
2021-06-29,"Johnson&Johnson, Moderna, Oxford/AstraZeneca, Pfizer/BioNTech",5073537,3217075,8290612
2021-06-30,"Johnson&Johnson, Moderna, Oxford/AstraZeneca, Pfizer/BioNTech",5101050,3308131,8409181
2021-07-01,"Johnson&Johnson, Moderna, Oxford/AstraZeneca, Pfizer/BioNTech",5125035,3398253,8523288
2021-07-02,"Johnson&Johnson, Moderna, Oxford/AstraZeneca, Pfizer/BioNTech",5151768,3484188,8635956
2021-07-03,"Johnson&Johnson, Moderna, Oxford/AstraZeneca, Pfizer/BioNTech",5158874,3515745,8674619
2021-07-04,"Johnson&Johnson, Moderna, Oxford/AstraZeneca, Pfizer/BioNTech",5166449,3537562,8704011
2021-07-05,"Johnson&Johnson, Moderna, Oxford/AstraZeneca, Pfizer/BioNTech",5173848,3562965,8736813
2021-07-06,"Johnson&Johnson, Moderna, Oxford/AstraZeneca, Pfizer/BioNTech",5179306,3590677,8769983
2021-07-07,"Johnson&Johnson, Moderna, Oxford/AstraZeneca, Pfizer/BioNTech",5205124,3669717,8874841
2021-07-08,"Johnson&Johnson, Moderna, Oxford/AstraZeneca, Pfizer/BioNTech",5231742,3740077,8971819
2021-07-09,"Johnson&Johnson, Moderna, Oxford/AstraZeneca, Pfizer/BioNTech",5259675,3809425,9069100
2021-07-10,"Johnson&Johnson, Moderna, Oxford/AstraZeneca, Pfizer/BioNTech",5269045,3838101,9107146
2021-07-11,"Johnson&Johnson, Moderna, Oxford/AstraZeneca, Pfizer/BioNTech",5277587,3860998,9138585
2021-07-12,"Johnson&Johnson, Moderna, Oxford/AstraZeneca, Pfizer/BioNTech",5305101,3930114,9235215
2021-07-13,"Johnson&Johnson, Moderna, Oxford/AstraZeneca, Pfizer/BioNTech",5331304,4000011,9331315
2021-07-14,"Johnson&Johnson, Moderna, Oxford/AstraZeneca, Pfizer/BioNTech",5357129,4072033,9429162
2021-07-15,"Johnson&Johnson, Moderna, Oxford/AstraZeneca, Pfizer/BioNTech",5386303,4138083,9524386
2021-07-16,"Johnson&Johnson, Moderna, Oxford/AstraZeneca, Pfizer/BioNTech",5414231,4210851,9625082
2021-07-17,"Johnson&Johnson, Moderna, Oxford/AstraZeneca, Pfizer/BioNTech",5423033,4242332,9665365
2021-07-18,"Johnson&Johnson, Moderna, Oxford/AstraZeneca, Pfizer/BioNTech",5431475,4268348,9699823
2021-07-19,"Johnson&Johnson, Moderna, Oxford/AstraZeneca, Pfizer/BioNTech",5454835,4335398,9790233
2021-07-20,"Johnson&Johnson, Moderna, Oxford/AstraZeneca, Pfizer/BioNTech",5476234,4402490,9878724
2021-07-21,"Johnson&Johnson, Moderna, Oxford/AstraZeneca, Pfizer/BioNTech",5499691,4465978,9965669
2021-07-22,"Johnson&Johnson, Moderna, Oxford/AstraZeneca, Pfizer/BioNTech",5522062,4524625,10046687
2021-07-23,"Johnson&Johnson, Moderna, Oxford/AstraZeneca, Pfizer/BioNTech",5545278,4579388,10124666
2021-07-24,"Johnson&Johnson, Moderna, Oxford/AstraZeneca, Pfizer/BioNTech",5552609,4607072,10159681
2021-07-25,"Johnson&Johnson, Moderna, Oxford/AstraZeneca, Pfizer/BioNTech",5559237,4629212,10188449
2021-07-26,"Johnson&Johnson, Moderna, Oxford/AstraZeneca, Pfizer/BioNTech",5582791,4677910,10260701
2021-07-27,"Johnson&Johnson, Moderna, Oxford/AstraZeneca, Pfizer/BioNTech",5605526,4724557,10330083
2021-07-28,"Johnson&Johnson, Moderna, Oxford/AstraZeneca, Pfizer/BioNTech",5626785,4770566,10397351
2021-07-29,"Johnson&Johnson, Moderna, Oxford/AstraZeneca, Pfizer/BioNTech",5648113,4812536,10460649
2021-07-30,"Johnson&Johnson, Moderna, Oxford/AstraZeneca, Pfizer/BioNTech",5671390,4855114,10526504
2021-07-31,"Johnson&Johnson, Moderna, Oxford/AstraZeneca, Pfizer/BioNTech",5680321,4874655,10554976
2021-08-01,"Johnson&Johnson, Moderna, Oxford/AstraZeneca, Pfizer/BioNTech",5687047,4890834,10577881
2021-08-02,"Johnson&Johnson, Moderna, Oxford/AstraZeneca, Pfizer/BioNTech",5705686,4928396,10634082
2021-08-03,"Johnson&Johnson, Moderna, Oxford/AstraZeneca, Pfizer/BioNTech",5723328,4966505,10689833
2021-08-04,"Johnson&Johnson, Moderna, Oxford/AstraZeneca, Pfizer/BioNTech",5739430,5003255,10742685
2021-08-05,"Johnson&Johnson, Moderna, Oxford/AstraZeneca, Pfizer/BioNTech",5755473,5043748,10799221
2021-08-06,"Johnson&Johnson, Moderna, Oxford/AstraZeneca, Pfizer/BioNTech",5772257,5087035,10859292
2021-08-07,"Johnson&Johnson, Moderna, Oxford/AstraZeneca, Pfizer/BioNTech",5777857,5105212,10883069
2021-08-08,"Johnson&Johnson, Moderna, Oxford/AstraZeneca, Pfizer/BioNTech",5782216,5120968,10903184
2021-08-09,"Johnson&Johnson, Moderna, Oxford/AstraZeneca, Pfizer/BioNTech",5794854,5166023,10960877
2021-08-10,"Johnson&Johnson, Moderna, Oxford/AstraZeneca, Pfizer/BioNTech",5806694,5205593,11012287
2021-08-11,"Johnson&Johnson, Moderna, Oxford/AstraZeneca, Pfizer/BioNTech",5818049,5248722,11066771
2021-08-12,"Johnson&Johnson, Moderna, Oxford/AstraZeneca, Pfizer/BioNTech",5829470,5285847,11115317
2021-08-13,"Johnson&Johnson, Moderna, Oxford/AstraZeneca, Pfizer/BioNTech",5840190,5326184,11166374
2021-08-14,"Johnson&Johnson, Moderna, Oxford/AstraZeneca, Pfizer/BioNTech",5843522,5336885,11180407
2021-08-15,"Johnson&Johnson, Moderna, Oxford/AstraZeneca, Pfizer/BioNTech",5846105,5347258,11193363
2021-08-16,"Johnson&Johnson, Moderna, Oxford/AstraZeneca, Pfizer/BioNTech",5855894,5381330,11237224
2021-08-17,"Johnson&Johnson, Moderna, Oxford/AstraZeneca, Pfizer/BioNTech",5865486,5408421,11273907
2021-08-18,"Johnson&Johnson, Moderna, Oxford/AstraZeneca, Pfizer/BioNTech",5874858,5447294,11322152
2021-08-19,"Johnson&Johnson, Moderna, Oxford/AstraZeneca, Pfizer/BioNTech",5884525,5485638,11370163
2021-08-20,"Johnson&Johnson, Moderna, Oxford/AstraZeneca, Pfizer/BioNTech",5895910,5525826,11421736
2021-08-21,"Johnson&Johnson, Moderna, Oxford/AstraZeneca, Pfizer/BioNTech",5898631,5538586,11437217
2021-08-22,"Johnson&Johnson, Moderna, Oxford/AstraZeneca, Pfizer/BioNTech",5900970,5550547,11451517
2021-08-23,"Johnson&Johnson, Moderna, Oxford/AstraZeneca, Pfizer/BioNTech",5911499,5589810,11501309
2021-08-24,"Johnson&Johnson, Moderna, Oxford/AstraZeneca, Pfizer/BioNTech",5921371,5623049,11544420
2021-08-25,"Johnson&Johnson, Moderna, Oxford/AstraZeneca, Pfizer/BioNTech",5930239,5651420,11581659
2021-08-26,"Johnson&Johnson, Moderna, Oxford/AstraZeneca, Pfizer/BioNTech",5938689,5677542,11616231
2021-08-27,"Johnson&Johnson, Moderna, Oxford/AstraZeneca, Pfizer/BioNTech",5949012,5703505,11652517
2021-08-28,"Johnson&Johnson, Moderna, Oxford/AstraZeneca, Pfizer/BioNTech",5951739,5710550,11662289
2021-08-29,"Johnson&Johnson, Moderna, Oxford/AstraZeneca, Pfizer/BioNTech",5954146,5717171,11671317
2021-08-30,"Johnson&Johnson, Moderna, Oxford/AstraZeneca, Pfizer/BioNTech",5962674,5739040,11701714
2021-08-31,"Johnson&Johnson, Moderna, Oxford/AstraZeneca, Pfizer/BioNTech",5970346,5757125,11727471
2021-09-01,"Johnson&Johnson, Moderna, Oxford/AstraZeneca, Pfizer/BioNTech",5976239,5771113,11747352
2021-09-02,"Johnson&Johnson, Moderna, Oxford/AstraZeneca, Pfizer/BioNTech",5983077,5785497,11768574
2021-09-03,"Johnson&Johnson, Moderna, Oxford/AstraZeneca, Pfizer/BioNTech",5992634,5801204,11793838
2021-09-04,"Johnson&Johnson, Moderna, Oxford/AstraZeneca, Pfizer/BioNTech",5994700,5804754,11799454
2021-09-05,"Johnson&Johnson, Moderna, Oxford/AstraZeneca, Pfizer/BioNTech",5996738,5807596,11804334
2021-09-06,"Johnson&Johnson, Moderna, Oxford/AstraZeneca, Pfizer/BioNTech",6002975,5820122,11823097
2021-09-07,"Johnson&Johnson, Moderna, Oxford/AstraZeneca, Pfizer/BioNTech",6007367,5831212,11838579
2021-09-08,"Johnson&Johnson, Moderna, Oxford/AstraZeneca, Pfizer/BioNTech",6013040,5841054,11854094
2021-09-09,"Johnson&Johnson, Moderna, Oxford/AstraZeneca, Pfizer/BioNTech",6019732,5851116,11870848
2021-09-10,"Johnson&Johnson, Moderna, Oxford/AstraZeneca, Pfizer/BioNTech",6027418,5863287,11890705
2021-09-11,"Johnson&Johnson, Moderna, Oxford/AstraZeneca, Pfizer/BioNTech",6029281,5865768,11895049
2021-09-12,"Johnson&Johnson, Moderna, Oxford/AstraZeneca, Pfizer/BioNTech",6030395,5867396,11897791
2021-09-13,"Johnson&Johnson, Moderna, Oxford/AstraZeneca, Pfizer/BioNTech",6035828,5877694,11913522
2021-09-14,"Johnson&Johnson, Moderna, Oxford/AstraZeneca, Pfizer/BioNTech",6041219,5886705,11927924
2021-09-15,"Johnson&Johnson, Moderna, Oxford/AstraZeneca, Pfizer/BioNTech",6046418,5895225,11941643
2021-09-16,"Johnson&Johnson, Moderna, Oxford/AstraZeneca, Pfizer/BioNTech",6051763,5903495,11955258
2021-09-17,"Johnson&Johnson, Moderna, Oxford/AstraZeneca, Pfizer/BioNTech",6058332,5913725,11972057
2021-09-18,"Johnson&Johnson, Moderna, Oxford/AstraZeneca, Pfizer/BioNTech",6060056,5916082,11976138
2021-09-19,"Johnson&Johnson, Moderna, Oxford/AstraZeneca, Pfizer/BioNTech",6060999,5917648,11978647
2021-09-20,"Johnson&Johnson, Moderna, Oxford/AstraZeneca, Pfizer/BioNTech",6065014,5925845,11990859
2021-09-21,"Johnson&Johnson, Moderna, Oxford/AstraZeneca, Pfizer/BioNTech",6069243,5933373,12002616
2021-09-22,"Johnson&Johnson, Moderna, Oxford/AstraZeneca, Pfizer/BioNTech",6073426,5938885,12012311
2021-09-23,"Johnson&Johnson, Moderna, Oxford/AstraZeneca, Pfizer/BioNTech",6078400,5945286,12023686
2021-09-24,"Johnson&Johnson, Moderna, Oxford/AstraZeneca, Pfizer/BioNTech",6084159,5954908,12039067
2021-09-25,"Johnson&Johnson, Moderna, Oxford/AstraZeneca, Pfizer/BioNTech",6085654,5956904,12042558
2021-09-26,"Johnson&Johnson, Moderna, Oxford/AstraZeneca, Pfizer/BioNTech",6086398,5958541,12044939
2021-09-27,"Johnson&Johnson, Moderna, Oxford/AstraZeneca, Pfizer/BioNTech",6090276,5965049,12055325
2021-09-28,"Johnson&Johnson, Moderna, Pfizer/BioNTech",6090638,5965670,12056308
2021-09-29,"Johnson&Johnson, Moderna, Oxford/AstraZeneca, Pfizer/BioNTech",6094413,5973130,12067543
2021-09-30,"Johnson&Johnson, Moderna, Oxford/AstraZeneca, Pfizer/BioNTech",6098914,5980823,12079737
2021-10-01,"Johnson&Johnson, Moderna, Oxford/AstraZeneca, Pfizer/BioNTech",6103210,5988794,12092004
2021-10-02,"Johnson&Johnson, Moderna, Oxford/AstraZeneca, Pfizer/BioNTech",6104273,5990332,12094605
2021-10-03,"Johnson&Johnson, Moderna, Pfizer/BioNTech",6104996,5991198,12096194
2021-10-04,"Johnson&Johnson, Moderna, Oxford/AstraZeneca, Pfizer/BioNTech",6108071,5996766,12104837
2021-10-05,"Johnson&Johnson, Moderna, Oxford/AstraZeneca, Pfizer/BioNTech",6111236,6001845,12113081
2021-10-06,"Johnson&Johnson, Moderna, Oxford/AstraZeneca, Pfizer/BioNTech",6114752,6007015,12121767
2021-10-07,"Johnson&Johnson, Moderna, Oxford/AstraZeneca, Pfizer/BioNTech",6118028,6012268,12130296
2021-10-08,"Johnson&Johnson, Moderna, Oxford/AstraZeneca, Pfizer/BioNTech",6122820,6018903,12141723
2021-10-09,"Johnson&Johnson, Moderna, Oxford/AstraZeneca, Pfizer/BioNTech",6124063,6020555,12144618
2021-10-10,"Johnson&Johnson, Moderna, Oxford/AstraZeneca, Pfizer/BioNTech",6125003,6021384,12146387
2021-10-11,"Johnson&Johnson, Moderna, Oxford/AstraZeneca, Pfizer/BioNTech",6127932,6025795,12153727
2021-10-12,"Johnson&Johnson, Moderna, Oxford/AstraZeneca, Pfizer/BioNTech",6130861,6029797,12160658
2021-10-13,"Johnson&Johnson, Moderna, Oxford/AstraZeneca, Pfizer/BioNTech",6134393,6033977,12168370
2021-10-14,"Johnson&Johnson, Moderna, Oxford/AstraZeneca, Pfizer/BioNTech",6138069,6038925,12176994
2021-10-15,"Johnson&Johnson, Moderna, Oxford/AstraZeneca, Pfizer/BioNTech",6143297,6045069,12188366
2021-10-16,"Johnson&Johnson, Moderna, Oxford/AstraZeneca, Pfizer/BioNTech",6144710,6046590,12191300
2021-10-17,"Johnson&Johnson, Moderna, Pfizer/BioNTech",6146035,6047643,12193678
2021-10-18,"Johnson&Johnson, Moderna, Oxford/AstraZeneca, Pfizer/BioNTech",6150146,6051734,12201880
2021-10-19,"Johnson&Johnson, Moderna, Oxford/AstraZeneca, Pfizer/BioNTech",6153724,6053829,12207553
2021-10-20,"Johnson&Johnson, Moderna, Oxford/AstraZeneca, Pfizer/BioNTech",6158603,6058273,12216876
2021-10-21,"Johnson&Johnson, Moderna, Oxford/AstraZeneca, Pfizer/BioNTech",6166370,6063872,12230242
2021-10-22,"Johnson&Johnson, Moderna, Oxford/AstraZeneca, Pfizer/BioNTech",6176819,6070374,12247193
2021-10-23,"Johnson&Johnson, Moderna, Oxford/AstraZeneca, Pfizer/BioNTech",6180496,6072581,12253077
2021-10-24,"Johnson&Johnson, Moderna, Pfizer/BioNTech",6183179,6074358,12257537
2021-10-25,"Johnson&Johnson, Moderna, Oxford/AstraZeneca, Pfizer/BioNTech",6193675,6080162,12273837
2021-10-26,"Johnson&Johnson, Moderna, Oxford/AstraZeneca, Pfizer/BioNTech",6205665,6086709,12292374
2021-10-27,"Johnson&Johnson, Moderna, Oxford/AstraZeneca, Pfizer/BioNTech",6220269,6094108,12314377
2021-10-28,"Johnson&Johnson, Moderna, Oxford/AstraZeneca, Pfizer/BioNTech",6223685,6095783,12319468
2021-10-29,"Johnson&Johnson, Moderna, Oxford/AstraZeneca, Pfizer/BioNTech",6238110,6103758,12341868
2021-10-30,"Johnson&Johnson, Moderna, Oxford/AstraZeneca, Pfizer/BioNTech",6242641,6106680,12349321
2021-10-31,"Johnson&Johnson, Moderna, Oxford/AstraZeneca, Pfizer/BioNTech",6246403,6109149,12355552
2021-11-01,"Johnson&Johnson, Moderna, Oxford/AstraZeneca, Pfizer/BioNTech",6261602,6116831,12378433
2021-11-02,"Johnson&Johnson, Moderna, Oxford/AstraZeneca, Pfizer/BioNTech",6277054,6124382,12401436
2021-11-03,"Johnson&Johnson, Moderna, Oxford/AstraZeneca, Pfizer/BioNTech",6294232,6131675,12425907
2021-11-04,"Johnson&Johnson, Moderna, Oxford/AstraZeneca, Pfizer/BioNTech",6312582,6139843,12452425
2021-11-05,"Johnson&Johnson, Moderna, Oxford/AstraZeneca, Pfizer/BioNTech",6335376,6151112,12486488
2021-11-06,"Johnson&Johnson, Moderna, Pfizer/BioNTech",6341888,6154164,12496052
2021-11-07,"Johnson&Johnson, Moderna, Oxford/AstraZeneca, Pfizer/BioNTech",6345909,6156600,12502509
2021-11-08,"Johnson&Johnson, Moderna, Oxford/AstraZeneca, Pfizer/BioNTech",6362180,6164228,12526408
2021-11-09,"Johnson&Johnson, Moderna, Oxford/AstraZeneca, Pfizer/BioNTech",6376989,6171522,12548511
2021-11-10,"Johnson&Johnson, Moderna, Oxford/AstraZeneca, Pfizer/BioNTech",6392730,6178895,12571625
2021-11-11,"Johnson&Johnson, Moderna, Oxford/AstraZeneca, Pfizer/BioNTech",6408196,6187999,12596195
2021-11-12,"Johnson&Johnson, Moderna, Oxford/AstraZeneca, Pfizer/BioNTech",6428000,6200790,12628790
2021-11-13,"Johnson&Johnson, Moderna, Oxford/AstraZeneca, Pfizer/BioNTech",6433389,6204657,12638046
2021-11-14,"Johnson&Johnson, Moderna, Oxford/AstraZeneca, Pfizer/BioNTech",6437281,6207660,12644941
2021-11-15,"Johnson&Johnson, Moderna, Oxford/AstraZeneca, Pfizer/BioNTech",6452361,6218348,12670709
2021-11-16,"Johnson&Johnson, Moderna, Oxford/AstraZeneca, Pfizer/BioNTech",6469908,6230332,12700240
2021-11-17,"Johnson&Johnson, Moderna, Oxford/AstraZeneca, Pfizer/BioNTech",6474150,6233895,12708045
2021-11-18,"Johnson&Johnson, Moderna, Oxford/AstraZeneca, Pfizer/BioNTech",6493565,6245576,12739141
2021-11-19,"Johnson&Johnson, Moderna, Oxford/AstraZeneca, Pfizer/BioNTech",6518172,6262544,12780716
2021-11-20,"Johnson&Johnson, Moderna, Pfizer/BioNTech",6526744,6267522,12794266
2021-11-21,"Johnson&Johnson, Moderna, Pfizer/BioNTech",6533516,6271293,12804809
2021-11-22,"Johnson&Johnson, Moderna, Oxford/AstraZeneca, Pfizer/BioNTech",6552027,6285402,12837429
2021-11-23,"Johnson&Johnson, Moderna, Oxford/AstraZeneca, Pfizer/BioNTech",6571087,6298658,12869745
2021-11-24,"Johnson&Johnson, Moderna, Oxford/AstraZeneca, Pfizer/BioNTech",6590098,6314496,12904594
2021-11-25,"Johnson&Johnson, Moderna, Oxford/AstraZeneca, Pfizer/BioNTech",6609251,6329520,12938771
2021-11-26,"Johnson&Johnson, Moderna, Oxford/AstraZeneca, Pfizer/BioNTech",6630907,6348653,12979560
2021-11-27,"Johnson&Johnson, Moderna, Oxford/AstraZeneca, Pfizer/BioNTech",6638377,6354205,12992582
2021-11-28,"Johnson&Johnson, Moderna, Oxford/AstraZeneca, Pfizer/BioNTech",6641713,6357338,12999051
2021-11-29,"Johnson&Johnson, Moderna, Oxford/AstraZeneca, Pfizer/BioNTech",6656921,6370994,13027915
2021-11-30,"Johnson&Johnson, Moderna, Oxford/AstraZeneca, Pfizer/BioNTech",6670126,6382228,13052354
2021-12-01,"Johnson&Johnson, Moderna, Oxford/AstraZeneca, Pfizer/BioNTech",6684159,6394680,13078839
2021-12-02,"Johnson&Johnson, Moderna, Oxford/AstraZeneca, Pfizer/BioNTech",6694795,6407166,13101961
2021-12-03,"Johnson&Johnson, Moderna, Oxford/AstraZeneca, Pfizer/BioNTech",6704436,6422736,13127172
2021-12-04,"Johnson&Johnson, Moderna, Pfizer/BioNTech",6706996,6426683,13133679
2021-12-05,"Johnson&Johnson, Moderna, Oxford/AstraZeneca, Pfizer/BioNTech",6708354,6429023,13137377
2021-12-06,"Johnson&Johnson, Moderna, Oxford/AstraZeneca, Pfizer/BioNTech",6716515,6440544,13157059
2021-12-07,"Johnson&Johnson, Moderna, Oxford/AstraZeneca, Pfizer/BioNTech",6724401,6452544,13176945
2021-12-08,"Johnson&Johnson, Moderna, Oxford/AstraZeneca, Pfizer/BioNTech",6732651,6458463,13191114
2021-12-09,"Johnson&Johnson, Moderna, Oxford/AstraZeneca, Pfizer/BioNTech",6739770,6471276,13211046
2021-12-10,"Johnson&Johnson, Moderna, Oxford/AstraZeneca, Pfizer/BioNTech",6746691,6489079,13235770
2021-12-11,"Johnson&Johnson, Moderna, Pfizer/BioNTech",6748351,6494349,13242700
2021-12-12,"Johnson&Johnson, Moderna, Oxford/AstraZeneca, Pfizer/BioNTech",6749660,6498780,13248440
2021-12-13,"Johnson&Johnson, Moderna, Oxford/AstraZeneca, Pfizer/BioNTech",6756014,6512089,13268103
2021-12-14,"Johnson&Johnson, Moderna, Oxford/AstraZeneca, Pfizer/BioNTech",6762236,6525752,13287988
2021-12-15,"Johnson&Johnson, Moderna, Oxford/AstraZeneca, Pfizer/BioNTech",6768434,6539352,13307786
2021-12-16,"Johnson&Johnson, Moderna, Oxford/AstraZeneca, Pfizer/BioNTech",6775371,6554187,13329558
2021-12-17,"Johnson&Johnson, Moderna, Oxford/AstraZeneca, Pfizer/BioNTech",6783731,6571442,13355173
2021-12-18,"Johnson&Johnson, Moderna, Oxford/AstraZeneca, Pfizer/BioNTech",6786336,6576888,13363224
2021-12-19,"Johnson&Johnson, Moderna, Pfizer/BioNTech",6788105,6579390,13367495
2021-12-20,"Johnson&Johnson, Moderna, Oxford/AstraZeneca, Pfizer/BioNTech",6793914,6593442,13387356
2021-12-21,"Johnson&Johnson, Moderna, Oxford/AstraZeneca, Pfizer/BioNTech",6800582,6605424,13406006
2021-12-22,"Johnson&Johnson, Moderna, Oxford/AstraZeneca, Pfizer/BioNTech",6805641,6618467,13424108
2021-12-23,"Johnson&Johnson, Moderna, Oxford/AstraZeneca, Pfizer/BioNTech",6808503,6624065,13432568
2021-12-24,"Johnson&Johnson, Moderna, Oxford/AstraZeneca, Pfizer/BioNTech",6808547,6624166,13432713
2021-12-25,"Moderna, Pfizer/BioNTech",6808547,6624173,13432720
2021-12-26,"Moderna, Pfizer/BioNTech",6808645,6624371,13433016
2021-12-27,"Johnson&Johnson, Moderna, Pfizer/BioNTech",6812495,6634106,13446601
2021-12-28,"Johnson&Johnson, Moderna, Oxford/AstraZeneca, Pfizer/BioNTech",6817733,6642083,13459816
2021-12-29,"Johnson&Johnson, Moderna, Oxford/AstraZeneca, Pfizer/BioNTech",6822013,6649791,13471804
2021-12-30,"Johnson&Johnson, Moderna, Pfizer/BioNTech",6826301,6655215,13481516
2021-12-31,"Johnson&Johnson, Moderna, Pfizer/BioNTech",6826807,6656631,13483438
2022-01-01,"Johnson&Johnson, Moderna, Pfizer/BioNTech",6826811,6656649,13483460
2022-01-02,"Johnson&Johnson, Moderna, Pfizer/BioNTech",6827658,6658030,13485688
2022-01-03,"Johnson&Johnson, Moderna, Oxford/AstraZeneca, Pfizer/BioNTech",6831732,6666922,13498654
2022-01-04,"Johnson&Johnson, Moderna, Oxford/AstraZeneca, Pfizer/BioNTech",6836789,6674690,13511479
2022-01-05,"Johnson&Johnson, Moderna, Oxford/AstraZeneca, Pfizer/BioNTech",6842569,6682647,13525216
2022-01-06,"Johnson&Johnson, Moderna, Oxford/AstraZeneca, Pfizer/BioNTech",6849123,6691067,13540190
2022-01-07,"Johnson&Johnson, Moderna, Oxford/AstraZeneca, Pfizer/BioNTech",6856958,6701399,13558357
2022-01-08,"Johnson&Johnson, Moderna, Oxford/AstraZeneca, Pfizer/BioNTech",6859434,6704179,13563613
2022-01-09,"Johnson&Johnson, Moderna, Pfizer/BioNTech",6860519,6705880,13566399
2022-01-10,"Johnson&Johnson, Moderna, Oxford/AstraZeneca, Pfizer/BioNTech",6864974,6712032,13577006
2022-01-11,"Johnson&Johnson, Moderna, Oxford/AstraZeneca, Pfizer/BioNTech",6870332,6718782,13589114
2022-01-12,"Johnson&Johnson, Moderna, Oxford/AstraZeneca, Pfizer/BioNTech",6876262,6724405,13600667
2022-01-13,"Johnson&Johnson, Moderna, Oxford/AstraZeneca, Pfizer/BioNTech",6882142,6729162,13611304
2022-01-14,"Johnson&Johnson, Moderna, Oxford/AstraZeneca, Pfizer/BioNTech",6888397,6732799,13621196
2022-01-15,"Johnson&Johnson, Moderna, Oxford/AstraZeneca, Pfizer/BioNTech",6889673,6733452,13623125
2022-01-16,"Johnson&Johnson, Moderna, Oxford/AstraZeneca, Pfizer/BioNTech",6890359,6733883,13624242
2022-01-17,"Johnson&Johnson, Moderna, Oxford/AstraZeneca, Pfizer/BioNTech",6893864,6737820,13631684
2022-01-18,"Johnson&Johnson, Moderna, Oxford/AstraZeneca, Pfizer/BioNTech",6897734,6742758,13640492
2022-01-19,"Johnson&Johnson, Moderna, Oxford/AstraZeneca, Pfizer/BioNTech",6901773,6746686,13648459
2022-01-20,"Johnson&Johnson, Moderna, Oxford/AstraZeneca, Pfizer/BioNTech",6905347,6751085,13656432
2022-01-21,"Johnson&Johnson, Moderna, Oxford/AstraZeneca, Pfizer/BioNTech",6909323,6753573,13662896
2022-01-22,"Johnson&Johnson, Moderna, Oxford/AstraZeneca, Pfizer/BioNTech",6910106,6754013,13664119
2022-01-23,"Johnson&Johnson, Moderna, Pfizer/BioNTech",6910676,6754647,13665323
2022-01-24,"Johnson&Johnson, Moderna, Oxford/AstraZeneca, Pfizer/BioNTech",6912921,6758044,13670965
2022-01-25,"Johnson&Johnson, Moderna, Oxford/AstraZeneca, Pfizer/BioNTech",6915246,6761994,13677240
2022-01-26,"Johnson&Johnson, Moderna, Oxford/AstraZeneca, Pfizer/BioNTech",6917576,6766476,13684052
2022-01-27,"Johnson&Johnson, Moderna, Oxford/AstraZeneca, Pfizer/BioNTech",6919788,6771021,13690809
