date,vaccine,people_vaccinated,people_fully_vaccinated,total_vaccinations
2020-12-27,Pfizer/BioNTech,1287,0,1287
2020-12-28,Pfizer/BioNTech,3590,0,3590
2020-12-29,Pfizer/BioNTech,7062,1,7063
2020-12-30,Pfizer/BioNTech,10579,1,10580
2020-12-31,Pfizer/BioNTech,11890,1,11891
2021-01-01,"Moderna, Pfizer/BioNTech",12159,1,12160
2021-01-02,"Moderna, Pfizer/BioNTech",13442,1,13443
2021-01-03,"Moderna, Pfizer/BioNTech",14369,1,14370
2021-01-04,"Moderna, Pfizer/BioNTech",17980,1,17981
2021-01-05,"Moderna, Pfizer/BioNTech",22506,2,22508
2021-01-06,"Moderna, Pfizer/BioNTech",28353,3,28356
2021-01-07,"Moderna, Pfizer/BioNTech",36352,3,36355
2021-01-08,"Moderna, Pfizer/BioNTech",46404,4,46408
2021-01-09,"Moderna, Pfizer/BioNTech",48432,6,48438
2021-01-10,Pfizer/BioNTech,50203,8,50211
2021-01-11,"Moderna, Pfizer/BioNTech",60059,10,60069
2021-01-12,"Moderna, Pfizer/BioNTech",73515,12,73527
2021-01-13,"Moderna, Pfizer/BioNTech",87061,12,87073
2021-01-14,"Moderna, Pfizer/BioNTech",102315,16,102331
2021-01-15,"Moderna, Pfizer/BioNTech",116337,17,116354
2021-01-16,"Moderna, Pfizer/BioNTech",119741,21,119762
2021-01-17,"Moderna, Pfizer/BioNTech",122362,657,123019
2021-01-18,"Moderna, Pfizer/BioNTech",134856,2484,137340
2021-01-19,"Moderna, Pfizer/BioNTech",147469,5213,152682
2021-01-20,"Moderna, Pfizer/BioNTech",161167,7877,169044
2021-01-21,"Moderna, Pfizer/BioNTech",176822,9619,186441
2021-01-22,"Moderna, Pfizer/BioNTech",191716,10663,202379
2021-01-23,"Moderna, Pfizer/BioNTech",195035,11541,206576
2021-01-24,"Moderna, Pfizer/BioNTech",197291,12412,209703
2021-01-25,"Moderna, Pfizer/BioNTech",206946,15384,222330
2021-01-26,"Moderna, Pfizer/BioNTech",217493,19376,236869
2021-01-27,"Moderna, Pfizer/BioNTech",226526,23911,250437
2021-01-28,"Moderna, Pfizer/BioNTech",233632,30044,263676
2021-01-29,"Moderna, Pfizer/BioNTech",239849,37953,277802
2021-01-30,"Moderna, Pfizer/BioNTech",240590,39041,279631
2021-01-31,"Moderna, Pfizer/BioNTech",241308,40223,281531
2021-02-01,"Moderna, Pfizer/BioNTech",245290,48192,293482
2021-02-02,"Moderna, Pfizer/BioNTech",249443,58432,307875
2021-02-03,"Moderna, Pfizer/BioNTech",253869,69453,323322
2021-02-04,"Moderna, Pfizer/BioNTech",258777,82447,341224
2021-02-05,"Moderna, Pfizer/BioNTech",264252,93122,357374
2021-02-06,"Moderna, Oxford/AstraZeneca, Pfizer/BioNTech",265110,95488,360598
2021-02-07,"Moderna, Oxford/AstraZeneca, Pfizer/BioNTech",265962,97988,363950
2021-02-08,"Moderna, Oxford/AstraZeneca, Pfizer/BioNTech",270057,109418,379475
2021-02-09,"Moderna, Oxford/AstraZeneca, Pfizer/BioNTech",275165,121334,396499
2021-02-10,"Moderna, Oxford/AstraZeneca, Pfizer/BioNTech",280684,134595,415279
2021-02-11,"Moderna, Oxford/AstraZeneca, Pfizer/BioNTech",287027,150815,437842
2021-02-12,"Moderna, Oxford/AstraZeneca, Pfizer/BioNTech",293857,165564,459421
2021-02-13,"Moderna, Oxford/AstraZeneca, Pfizer/BioNTech",295474,168552,464026
2021-02-14,"Moderna, Oxford/AstraZeneca, Pfizer/BioNTech",296480,169938,466418
2021-02-15,"Moderna, Oxford/AstraZeneca, Pfizer/BioNTech",302880,179309,482189
2021-02-16,"Moderna, Oxford/AstraZeneca, Pfizer/BioNTech",311602,188390,499992
2021-02-17,"Moderna, Oxford/AstraZeneca, Pfizer/BioNTech",321305,196701,518006
2021-02-18,"Moderna, Oxford/AstraZeneca, Pfizer/BioNTech",333637,204786,538423
2021-02-19,"Moderna, Oxford/AstraZeneca, Pfizer/BioNTech",345503,212161,557664
2021-02-20,"Moderna, Oxford/AstraZeneca, Pfizer/BioNTech",347513,213347,560860
2021-02-21,"Moderna, Oxford/AstraZeneca, Pfizer/BioNTech",348650,214373,563023
2021-02-22,"Moderna, Oxford/AstraZeneca, Pfizer/BioNTech",358778,220411,579189
2021-02-23,"Moderna, Oxford/AstraZeneca, Pfizer/BioNTech",371743,227402,599145
2021-02-24,"Moderna, Oxford/AstraZeneca, Pfizer/BioNTech",385628,233445,619073
2021-02-25,"Moderna, Oxford/AstraZeneca, Pfizer/BioNTech",403612,238997,642609
2021-02-26,"Moderna, Oxford/AstraZeneca, Pfizer/BioNTech",419794,244359,664153
2021-02-27,"Moderna, Oxford/AstraZeneca, Pfizer/BioNTech",422803,244919,667722
2021-02-28,"Moderna, Oxford/AstraZeneca, Pfizer/BioNTech",425161,245471,670632
2021-03-01,"Moderna, Oxford/AstraZeneca, Pfizer/BioNTech",444762,248921,693683
2021-03-02,"Moderna, Oxford/AstraZeneca, Pfizer/BioNTech",471991,252471,724462
2021-03-03,"Moderna, Oxford/AstraZeneca, Pfizer/BioNTech",502950,256982,759932
2021-03-04,"Moderna, Oxford/AstraZeneca, Pfizer/BioNTech",536241,261673,797914
2021-03-05,"Johnson&Johnson, Moderna, Oxford/AstraZeneca, Pfizer/BioNTech",565086,267102,832188
2021-03-06,"Johnson&Johnson, Moderna, Oxford/AstraZeneca, Pfizer/BioNTech",577245,267968,845213
2021-03-07,"Johnson&Johnson, Moderna, Oxford/AstraZeneca, Pfizer/BioNTech",588794,268811,857605
2021-03-08,"Johnson&Johnson, Moderna, Oxford/AstraZeneca, Pfizer/BioNTech",618544,273674,892218
2021-03-09,"Johnson&Johnson, Moderna, Oxford/AstraZeneca, Pfizer/BioNTech",654914,280062,934976
2021-03-10,"Johnson&Johnson, Moderna, Oxford/AstraZeneca, Pfizer/BioNTech",696253,287023,983276
2021-03-11,"Johnson&Johnson, Moderna, Oxford/AstraZeneca, Pfizer/BioNTech",741110,295400,1036510
2021-03-12,"Johnson&Johnson, Moderna, Oxford/AstraZeneca, Pfizer/BioNTech",779876,303899,1083775
2021-03-13,"Johnson&Johnson, Moderna, Oxford/AstraZeneca, Pfizer/BioNTech",796986,305214,1102200
2021-03-14,"Johnson&Johnson, Moderna, Oxford/AstraZeneca, Pfizer/BioNTech",809104,306370,1115474
2021-03-15,"Johnson&Johnson, Moderna, Oxford/AstraZeneca, Pfizer/BioNTech",837502,315153,1152655
2021-03-16,"Johnson&Johnson, Moderna, Oxford/AstraZeneca, Pfizer/BioNTech",876397,325690,1202087
2021-03-17,"Moderna, Oxford/AstraZeneca, Pfizer/BioNTech",913887,336205,1250092
2021-03-18,"Johnson&Johnson, Moderna, Oxford/AstraZeneca, Pfizer/BioNTech",951895,348631,1300526
2021-03-19,"Johnson&Johnson, Moderna, Oxford/AstraZeneca, Pfizer/BioNTech",986415,362246,1348661
2021-03-20,"Johnson&Johnson, Moderna, Oxford/AstraZeneca, Pfizer/BioNTech",1001599,364276,1365875
2021-03-21,"Johnson&Johnson, Moderna, Oxford/AstraZeneca, Pfizer/BioNTech",1009044,365836,1374880
2021-03-22,"Johnson&Johnson, Moderna, Oxford/AstraZeneca, Pfizer/BioNTech",1033623,378340,1411963
2021-03-23,"Johnson&Johnson, Moderna, Oxford/AstraZeneca, Pfizer/BioNTech",1060299,391706,1452005
2021-03-24,"Johnson&Johnson, Moderna, Oxford/AstraZeneca, Pfizer/BioNTech",1087191,407454,1494645
2021-03-25,"Johnson&Johnson, Moderna, Oxford/AstraZeneca, Pfizer/BioNTech",1113550,425310,1538860
2021-03-26,"Johnson&Johnson, Moderna, Oxford/AstraZeneca, Pfizer/BioNTech",1138392,442825,1581217
2021-03-27,"Johnson&Johnson, Moderna, Oxford/AstraZeneca, Pfizer/BioNTech",1146853,447671,1594524
2021-03-28,"Moderna, Oxford/AstraZeneca, Pfizer/BioNTech",1152401,451819,1604220
2021-03-29,"Johnson&Johnson, Moderna, Oxford/AstraZeneca, Pfizer/BioNTech",1171561,472556,1644117
2021-03-30,"Johnson&Johnson, Moderna, Oxford/AstraZeneca, Pfizer/BioNTech",1196271,494744,1691015
2021-03-31,"Johnson&Johnson, Moderna, Oxford/AstraZeneca, Pfizer/BioNTech",1219428,521814,1741242
2021-04-01,"Johnson&Johnson, Moderna, Oxford/AstraZeneca, Pfizer/BioNTech",1245115,553874,1798989
2021-04-02,"Johnson&Johnson, Moderna, Oxford/AstraZeneca, Pfizer/BioNTech",1252099,566673,1818772
2021-04-03,"Johnson&Johnson, Moderna, Oxford/AstraZeneca, Pfizer/BioNTech",1255751,577605,1833356
2021-04-04,"Johnson&Johnson, Moderna, Oxford/AstraZeneca, Pfizer/BioNTech",1258294,586529,1844823
2021-04-05,"Johnson&Johnson, Moderna, Oxford/AstraZeneca, Pfizer/BioNTech",1260725,593734,1854459
2021-04-06,"Johnson&Johnson, Moderna, Oxford/AstraZeneca, Pfizer/BioNTech",1276941,623010,1899951
2021-04-07,"Johnson&Johnson, Moderna, Oxford/AstraZeneca, Pfizer/BioNTech",1300445,645256,1945701
2021-04-08,"Johnson&Johnson, Moderna, Oxford/AstraZeneca, Pfizer/BioNTech",1339259,676303,2015562
2021-04-09,"Johnson&Johnson, Moderna, Oxford/AstraZeneca, Pfizer/BioNTech",1378859,706503,2085362
2021-04-10,"Johnson&Johnson, Moderna, Oxford/AstraZeneca, Pfizer/BioNTech",1394427,721816,2116243
2021-04-11,"Johnson&Johnson, Moderna, Oxford/AstraZeneca, Pfizer/BioNTech",1404222,731872,2136094
2021-04-12,"Johnson&Johnson, Moderna, Oxford/AstraZeneca, Pfizer/BioNTech",1442544,757018,2199562
2021-04-13,"Moderna, Oxford/AstraZeneca, Pfizer/BioNTech",1478852,783061,2261913
2021-04-14,"Moderna, Oxford/AstraZeneca, Pfizer/BioNTech",1517738,810437,2328175
2021-04-15,"Moderna, Oxford/AstraZeneca, Pfizer/BioNTech",1565572,836218,2401790
2021-04-16,"Moderna, Oxford/AstraZeneca, Pfizer/BioNTech",1610287,861901,2472188
2021-04-17,"Moderna, Oxford/AstraZeneca, Pfizer/BioNTech",1627014,870928,2497942
2021-04-18,"Moderna, Oxford/AstraZeneca, Pfizer/BioNTech",1640013,875914,2515927
2021-04-19,"Johnson&Johnson, Moderna, Oxford/AstraZeneca, Pfizer/BioNTech",1683986,891358,2575344
2021-04-20,"Johnson&Johnson, Moderna, Oxford/AstraZeneca, Pfizer/BioNTech",1726575,907248,2633823
2021-04-21,"Moderna, Oxford/AstraZeneca, Pfizer/BioNTech",1774346,921617,2695963
2021-04-22,"Johnson&Johnson, Moderna, Oxford/AstraZeneca, Pfizer/BioNTech",1828876,939016,2767892
2021-04-23,"Johnson&Johnson, Moderna, Oxford/AstraZeneca, Pfizer/BioNTech",1878891,951083,2829974
2021-04-24,"Johnson&Johnson, Moderna, Oxford/AstraZeneca, Pfizer/BioNTech",1896769,956350,2853119
2021-04-25,"Johnson&Johnson, Moderna, Oxford/AstraZeneca, Pfizer/BioNTech",1911483,960353,2871836
2021-04-26,"Johnson&Johnson, Moderna, Oxford/AstraZeneca, Pfizer/BioNTech",1961095,967924,2929019
2021-04-27,"Johnson&Johnson, Moderna, Oxford/AstraZeneca, Pfizer/BioNTech",2010086,980176,2990262
2021-04-28,"Johnson&Johnson, Moderna, Oxford/AstraZeneca, Pfizer/BioNTech",2068869,994205,3063074
2021-04-29,"Johnson&Johnson, Moderna, Oxford/AstraZeneca, Pfizer/BioNTech",2134491,1010127,3144618
2021-04-30,"Johnson&Johnson, Moderna, Oxford/AstraZeneca, Pfizer/BioNTech",2196786,1020123,3216909
2021-05-01,"Johnson&Johnson, Moderna, Oxford/AstraZeneca, Pfizer/BioNTech",2216175,1023588,3239763
2021-05-02,"Johnson&Johnson, Moderna, Oxford/AstraZeneca, Pfizer/BioNTech",2235130,1025879,3261009
2021-05-03,"Johnson&Johnson, Moderna, Oxford/AstraZeneca, Pfizer/BioNTech",2302412,1030963,3333375
2021-05-04,"Johnson&Johnson, Moderna, Oxford/AstraZeneca, Pfizer/BioNTech",2368973,1039338,3408311
2021-05-05,"Johnson&Johnson, Moderna, Oxford/AstraZeneca, Pfizer/BioNTech",2442187,1048788,3490975
2021-05-06,"Johnson&Johnson, Moderna, Oxford/AstraZeneca, Pfizer/BioNTech",2522633,1059544,3582177
2021-05-07,"Johnson&Johnson, Moderna, Oxford/AstraZeneca, Pfizer/BioNTech",2599966,1069691,3669657
2021-05-08,"Johnson&Johnson, Moderna, Oxford/AstraZeneca, Pfizer/BioNTech",2629507,1071485,3700992
2021-05-09,"Johnson&Johnson, Moderna, Oxford/AstraZeneca, Pfizer/BioNTech",2653747,1072708,3726455
2021-05-10,"Johnson&Johnson, Moderna, Oxford/AstraZeneca, Pfizer/BioNTech",2726554,1079959,3806513
2021-05-11,"Johnson&Johnson, Moderna, Oxford/AstraZeneca, Pfizer/BioNTech",2802714,1088795,3891509
2021-05-12,"Johnson&Johnson, Moderna, Oxford/AstraZeneca, Pfizer/BioNTech",2882665,1097944,3980609
2021-05-13,"Johnson&Johnson, Moderna, Oxford/AstraZeneca, Pfizer/BioNTech",2966720,1107139,4073859
2021-05-14,"Johnson&Johnson, Moderna, Oxford/AstraZeneca, Pfizer/BioNTech",3046273,1114970,4161243
2021-05-15,"Johnson&Johnson, Moderna, Oxford/AstraZeneca, Pfizer/BioNTech",3078244,1117257,4195501
2021-05-16,"Johnson&Johnson, Moderna, Oxford/AstraZeneca, Pfizer/BioNTech",3104058,1118544,4222602
2021-05-17,"Johnson&Johnson, Moderna, Oxford/AstraZeneca, Pfizer/BioNTech",3176603,1125301,4301904
2021-05-18,"Johnson&Johnson, Moderna, Oxford/AstraZeneca, Pfizer/BioNTech",3248599,1138423,4387022
2021-05-19,"Johnson&Johnson, Moderna, Oxford/AstraZeneca, Pfizer/BioNTech",3326097,1153598,4479695
2021-05-20,"Johnson&Johnson, Moderna, Oxford/AstraZeneca, Pfizer/BioNTech",3401590,1180671,4582261
2021-05-21,"Johnson&Johnson, Moderna, Oxford/AstraZeneca, Pfizer/BioNTech",3470449,1208481,4678930
2021-05-22,"Johnson&Johnson, Moderna, Oxford/AstraZeneca, Pfizer/BioNTech",3502912,1219725,4722637
2021-05-23,"Johnson&Johnson, Moderna, Oxford/AstraZeneca, Pfizer/BioNTech",3525362,1228768,4754130
2021-05-24,"Johnson&Johnson, Moderna, Oxford/AstraZeneca, Pfizer/BioNTech",3572584,1262451,4835035
2021-05-25,"Johnson&Johnson, Moderna, Oxford/AstraZeneca, Pfizer/BioNTech",3624504,1298299,4922803
2021-05-26,"Johnson&Johnson, Moderna, Oxford/AstraZeneca, Pfizer/BioNTech",3692274,1335863,5028137
2021-05-27,"Johnson&Johnson, Moderna, Oxford/AstraZeneca, Pfizer/BioNTech",3753709,1383231,5136940
2021-05-28,"Johnson&Johnson, Moderna, Oxford/AstraZeneca, Pfizer/BioNTech",3815462,1429848,5245310
2021-05-29,"Johnson&Johnson, Moderna, Oxford/AstraZeneca, Pfizer/BioNTech",3844731,1446995,5291726
2021-05-30,"Johnson&Johnson, Moderna, Oxford/AstraZeneca, Pfizer/BioNTech",3867144,1461468,5328612
2021-05-31,"Johnson&Johnson, Moderna, Oxford/AstraZeneca, Pfizer/BioNTech",3922892,1509005,5431897
2021-06-01,"Johnson&Johnson, Moderna, Oxford/AstraZeneca, Pfizer/BioNTech",3982001,1557898,5539899
2021-06-02,"Johnson&Johnson, Moderna, Oxford/AstraZeneca, Pfizer/BioNTech",4044980,1611941,5656921
2021-06-03,"Johnson&Johnson, Moderna, Oxford/AstraZeneca, Pfizer/BioNTech",4103237,1672193,5775430
2021-06-04,"Johnson&Johnson, Moderna, Oxford/AstraZeneca, Pfizer/BioNTech",4166382,1729631,5896013
2021-06-05,"Johnson&Johnson, Moderna, Oxford/AstraZeneca, Pfizer/BioNTech",4200570,1748563,5949133
2021-06-06,"Johnson&Johnson, Moderna, Oxford/AstraZeneca, Pfizer/BioNTech",4227531,1763743,5991274
2021-06-07,"Johnson&Johnson, Moderna, Oxford/AstraZeneca, Pfizer/BioNTech",4291233,1819398,6110631
2021-06-08,"Johnson&Johnson, Moderna, Oxford/AstraZeneca, Pfizer/BioNTech",4355258,1874437,6229695
2021-06-09,"Johnson&Johnson, Moderna, Oxford/AstraZeneca, Pfizer/BioNTech",4414482,1939142,6353624
2021-06-10,"Johnson&Johnson, Moderna, Oxford/AstraZeneca, Pfizer/BioNTech",4468349,2010480,6478829
2021-06-11,"Johnson&Johnson, Moderna, Oxford/AstraZeneca, Pfizer/BioNTech",4520483,2080340,6600823
2021-06-12,"Johnson&Johnson, Moderna, Oxford/AstraZeneca, Pfizer/BioNTech",4552506,2101203,6653709
2021-06-13,"Johnson&Johnson, Moderna, Oxford/AstraZeneca, Pfizer/BioNTech",4576551,2119648,6696199
2021-06-14,"Johnson&Johnson, Moderna, Oxford/AstraZeneca, Pfizer/BioNTech",4619646,2194068,6813714
2021-06-15,"Johnson&Johnson, Moderna, Oxford/AstraZeneca, Pfizer/BioNTech",4664329,2266487,6930816
2021-06-16,"Johnson&Johnson, Moderna, Oxford/AstraZeneca, Pfizer/BioNTech",4707159,2344753,7051912
2021-06-17,"Johnson&Johnson, Moderna, Oxford/AstraZeneca, Pfizer/BioNTech",4746602,2427876,7174478
2021-06-18,"Johnson&Johnson, Moderna, Oxford/AstraZeneca, Pfizer/BioNTech",4789050,2508485,7297535
2021-06-19,"Johnson&Johnson, Moderna, Oxford/AstraZeneca, Pfizer/BioNTech",4810847,2537835,7348682
2021-06-20,"Johnson&Johnson, Moderna, Oxford/AstraZeneca, Pfizer/BioNTech",4828261,2561716,7389977
2021-06-21,"Johnson&Johnson, Moderna, Oxford/AstraZeneca, Pfizer/BioNTech",4860777,2640355,7501132
2021-06-22,"Johnson&Johnson, Moderna, Oxford/AstraZeneca, Pfizer/BioNTech",4893758,2722709,7616467
2021-06-23,"Johnson&Johnson, Moderna, Oxford/AstraZeneca, Pfizer/BioNTech",4925483,2807980,7733463
2021-06-24,"Johnson&Johnson, Moderna, Oxford/AstraZeneca, Pfizer/BioNTech",4955357,2898064,7853421
2021-06-25,"Johnson&Johnson, Moderna, Oxford/AstraZeneca, Pfizer/BioNTech",4986456,2984324,7970780
2021-06-26,"Johnson&Johnson, Moderna, Oxford/AstraZeneca, Pfizer/BioNTech",5002363,3019220,8021583
2021-06-27,"Johnson&Johnson, Moderna, Oxford/AstraZeneca, Pfizer/BioNTech",5016324,3045941,8062265
2021-06-28,"Johnson&Johnson, Moderna, Oxford/AstraZeneca, Pfizer/BioNTech",5044748,3131181,8175929
2021-06-29,"Johnson&Johnson, Moderna, Oxford/AstraZeneca, Pfizer/BioNTech",5074045,3217751,8291796
2021-06-30,"Johnson&Johnson, Moderna, Oxford/AstraZeneca, Pfizer/BioNTech",5101560,3308807,8410367
2021-07-01,"Johnson&Johnson, Moderna, Oxford/AstraZeneca, Pfizer/BioNTech",5125563,3398921,8524484
2021-07-02,"Johnson&Johnson, Moderna, Oxford/AstraZeneca, Pfizer/BioNTech",5152316,3484873,8637189
2021-07-03,"Johnson&Johnson, Moderna, Oxford/AstraZeneca, Pfizer/BioNTech",5159422,3516452,8675874
2021-07-04,"Johnson&Johnson, Moderna, Oxford/AstraZeneca, Pfizer/BioNTech",5167013,3538281,8705294
2021-07-05,"Johnson&Johnson, Moderna, Oxford/AstraZeneca, Pfizer/BioNTech",5174437,3563698,8738135
2021-07-06,"Johnson&Johnson, Moderna, Oxford/AstraZeneca, Pfizer/BioNTech",5179916,3591434,8771350
2021-07-07,"Johnson&Johnson, Moderna, Oxford/AstraZeneca, Pfizer/BioNTech",5205753,3670442,8876195
2021-07-08,"Johnson&Johnson, Moderna, Oxford/AstraZeneca, Pfizer/BioNTech",5232373,3740797,8973170
2021-07-09,"Johnson&Johnson, Moderna, Oxford/AstraZeneca, Pfizer/BioNTech",5260329,3810140,9070469
2021-07-10,"Johnson&Johnson, Moderna, Oxford/AstraZeneca, Pfizer/BioNTech",5269717,3838819,9108536
2021-07-11,"Johnson&Johnson, Moderna, Oxford/AstraZeneca, Pfizer/BioNTech",5278275,3861710,9139985
2021-07-12,"Johnson&Johnson, Moderna, Oxford/AstraZeneca, Pfizer/BioNTech",5305816,3930807,9236623
2021-07-13,"Johnson&Johnson, Moderna, Oxford/AstraZeneca, Pfizer/BioNTech",5332026,4000709,9332735
2021-07-14,"Johnson&Johnson, Moderna, Oxford/AstraZeneca, Pfizer/BioNTech",5357869,4072727,9430596
2021-07-15,"Johnson&Johnson, Moderna, Oxford/AstraZeneca, Pfizer/BioNTech",5387063,4138774,9525837
2021-07-16,"Johnson&Johnson, Moderna, Oxford/AstraZeneca, Pfizer/BioNTech",5415003,4211539,9626542
2021-07-17,"Johnson&Johnson, Moderna, Oxford/AstraZeneca, Pfizer/BioNTech",5423809,4243018,9666827
2021-07-18,"Johnson&Johnson, Moderna, Oxford/AstraZeneca, Pfizer/BioNTech",5432255,4269036,9701291
2021-07-19,"Johnson&Johnson, Moderna, Oxford/AstraZeneca, Pfizer/BioNTech",5455629,4336084,9791713
2021-07-20,"Johnson&Johnson, Moderna, Oxford/AstraZeneca, Pfizer/BioNTech",5477042,4403170,9880212
2021-07-21,"Johnson&Johnson, Moderna, Oxford/AstraZeneca, Pfizer/BioNTech",5500506,4466651,9967157
2021-07-22,"Johnson&Johnson, Moderna, Oxford/AstraZeneca, Pfizer/BioNTech",5522880,4525305,10048185
2021-07-23,"Johnson&Johnson, Moderna, Oxford/AstraZeneca, Pfizer/BioNTech",5546118,4580083,10126201
2021-07-24,"Johnson&Johnson, Moderna, Oxford/AstraZeneca, Pfizer/BioNTech",5553470,4607768,10161238
2021-07-25,"Johnson&Johnson, Moderna, Oxford/AstraZeneca, Pfizer/BioNTech",5560109,4629913,10190022
2021-07-26,"Johnson&Johnson, Moderna, Oxford/AstraZeneca, Pfizer/BioNTech",5583669,4678624,10262293
2021-07-27,"Johnson&Johnson, Moderna, Oxford/AstraZeneca, Pfizer/BioNTech",5606424,4725302,10331726
2021-07-28,"Johnson&Johnson, Moderna, Oxford/AstraZeneca, Pfizer/BioNTech",5627709,4771344,10399053
2021-07-29,"Johnson&Johnson, Moderna, Oxford/AstraZeneca, Pfizer/BioNTech",5649053,4813344,10462397
2021-07-30,"Johnson&Johnson, Moderna, Oxford/AstraZeneca, Pfizer/BioNTech",5672339,4855937,10528276
2021-07-31,"Johnson&Johnson, Moderna, Oxford/AstraZeneca, Pfizer/BioNTech",5681293,4875490,10556783
2021-08-01,"Johnson&Johnson, Moderna, Oxford/AstraZeneca, Pfizer/BioNTech",5688028,4891675,10579703
2021-08-02,"Johnson&Johnson, Moderna, Oxford/AstraZeneca, Pfizer/BioNTech",5706678,4929257,10635935
2021-08-03,"Johnson&Johnson, Moderna, Oxford/AstraZeneca, Pfizer/BioNTech",5724331,4967390,10691721
2021-08-04,"Johnson&Johnson, Moderna, Oxford/AstraZeneca, Pfizer/BioNTech",5740460,5004180,10744640
2021-08-05,"Johnson&Johnson, Moderna, Oxford/AstraZeneca, Pfizer/BioNTech",5756507,5044690,10801197
2021-08-06,"Johnson&Johnson, Moderna, Oxford/AstraZeneca, Pfizer/BioNTech",5773316,5088015,10861331
2021-08-07,"Johnson&Johnson, Moderna, Oxford/AstraZeneca, Pfizer/BioNTech",5778926,5106204,10885130
2021-08-08,"Johnson&Johnson, Moderna, Oxford/AstraZeneca, Pfizer/BioNTech",5783296,5121975,10905271
2021-08-09,"Johnson&Johnson, Moderna, Oxford/AstraZeneca, Pfizer/BioNTech",5795937,5167055,10962992
2021-08-10,"Johnson&Johnson, Moderna, Oxford/AstraZeneca, Pfizer/BioNTech",5807786,5206649,11014435
2021-08-11,"Johnson&Johnson, Moderna, Oxford/AstraZeneca, Pfizer/BioNTech",5819159,5249803,11068962
2021-08-12,"Johnson&Johnson, Moderna, Oxford/AstraZeneca, Pfizer/BioNTech",5830587,5286960,11117547
2021-08-13,"Johnson&Johnson, Moderna, Oxford/AstraZeneca, Pfizer/BioNTech",5841321,5327326,11168647
2021-08-14,"Johnson&Johnson, Moderna, Oxford/AstraZeneca, Pfizer/BioNTech",5844661,5338043,11182704
2021-08-15,"Johnson&Johnson, Moderna, Oxford/AstraZeneca, Pfizer/BioNTech",5847251,5348436,11195687
2021-08-16,"Johnson&Johnson, Moderna, Oxford/AstraZeneca, Pfizer/BioNTech",5857047,5382529,11239576
2021-08-17,"Johnson&Johnson, Moderna, Oxford/AstraZeneca, Pfizer/BioNTech",5866650,5409640,11276290
2021-08-18,"Johnson&Johnson, Moderna, Oxford/AstraZeneca, Pfizer/BioNTech",5876027,5448553,11324580
2021-08-19,"Johnson&Johnson, Moderna, Oxford/AstraZeneca, Pfizer/BioNTech",5885707,5486920,11372627
2021-08-20,"Johnson&Johnson, Moderna, Oxford/AstraZeneca, Pfizer/BioNTech",5897101,5527122,11424223
2021-08-21,"Johnson&Johnson, Moderna, Oxford/AstraZeneca, Pfizer/BioNTech",5899825,5539899,11439724
2021-08-22,"Johnson&Johnson, Moderna, Oxford/AstraZeneca, Pfizer/BioNTech",5902171,5551873,11454044
2021-08-23,"Johnson&Johnson, Moderna, Oxford/AstraZeneca, Pfizer/BioNTech",5912703,5591161,11503864
2021-08-24,"Johnson&Johnson, Moderna, Oxford/AstraZeneca, Pfizer/BioNTech",5922584,5624428,11547012
2021-08-25,"Johnson&Johnson, Moderna, Oxford/AstraZeneca, Pfizer/BioNTech",5931450,5652806,11584256
2021-08-26,"Johnson&Johnson, Moderna, Oxford/AstraZeneca, Pfizer/BioNTech",5939906,5678936,11618842
2021-08-27,"Johnson&Johnson, Moderna, Oxford/AstraZeneca, Pfizer/BioNTech",5950232,5704928,11655160
2021-08-28,"Johnson&Johnson, Moderna, Oxford/AstraZeneca, Pfizer/BioNTech",5952970,5711998,11664968
2021-08-29,"Johnson&Johnson, Moderna, Oxford/AstraZeneca, Pfizer/BioNTech",5955383,5718624,11674007
2021-08-30,"Johnson&Johnson, Moderna, Oxford/AstraZeneca, Pfizer/BioNTech",5963911,5740507,11704418
2021-08-31,"Johnson&Johnson, Moderna, Oxford/AstraZeneca, Pfizer/BioNTech",5971597,5758622,11730219
2021-09-01,"Johnson&Johnson, Moderna, Oxford/AstraZeneca, Pfizer/BioNTech",5977509,5772645,11750154
2021-09-02,"Johnson&Johnson, Moderna, Oxford/AstraZeneca, Pfizer/BioNTech",5984358,5787039,11771397
2021-09-03,"Johnson&Johnson, Moderna, Oxford/AstraZeneca, Pfizer/BioNTech",5993922,5802777,11796699
2021-09-04,"Johnson&Johnson, Moderna, Oxford/AstraZeneca, Pfizer/BioNTech",5995993,5806336,11802329
2021-09-05,"Johnson&Johnson, Moderna, Oxford/AstraZeneca, Pfizer/BioNTech",5998034,5809186,11807220
2021-09-06,"Johnson&Johnson, Moderna, Oxford/AstraZeneca, Pfizer/BioNTech",6004274,5821733,11826007
2021-09-07,"Johnson&Johnson, Moderna, Oxford/AstraZeneca, Pfizer/BioNTech",6008668,5832821,11841489
2021-09-08,"Johnson&Johnson, Moderna, Oxford/AstraZeneca, Pfizer/BioNTech",6014345,5842688,11857033
2021-09-09,"Johnson&Johnson, Moderna, Oxford/AstraZeneca, Pfizer/BioNTech",6021047,5852762,11873809
2021-09-10,"Johnson&Johnson, Moderna, Oxford/AstraZeneca, Pfizer/BioNTech",6028748,5864945,11893693
2021-09-11,"Johnson&Johnson, Moderna, Oxford/AstraZeneca, Pfizer/BioNTech",6030618,5867432,11898050
2021-09-12,"Johnson&Johnson, Moderna, Oxford/AstraZeneca, Pfizer/BioNTech",6031738,5869065,11900803
2021-09-13,"Johnson&Johnson, Moderna, Oxford/AstraZeneca, Pfizer/BioNTech",6037180,5879374,11916554
2021-09-14,"Johnson&Johnson, Moderna, Oxford/AstraZeneca, Pfizer/BioNTech",6042578,5888392,11930970
2021-09-15,"Johnson&Johnson, Moderna, Oxford/AstraZeneca, Pfizer/BioNTech",6047787,5896921,11944708
2021-09-16,"Johnson&Johnson, Moderna, Oxford/AstraZeneca, Pfizer/BioNTech",6053144,5905203,11958347
2021-09-17,"Johnson&Johnson, Moderna, Oxford/AstraZeneca, Pfizer/BioNTech",6059716,5915442,11975158
2021-09-18,"Johnson&Johnson, Moderna, Oxford/AstraZeneca, Pfizer/BioNTech",6061445,5917807,11979252
2021-09-19,"Johnson&Johnson, Moderna, Oxford/AstraZeneca, Pfizer/BioNTech",6062391,5919376,11981767
2021-09-20,"Johnson&Johnson, Moderna, Oxford/AstraZeneca, Pfizer/BioNTech",6066413,5927577,11993990
2021-09-21,"Johnson&Johnson, Moderna, Oxford/AstraZeneca, Pfizer/BioNTech",6070651,5935116,12005767
2021-09-22,"Johnson&Johnson, Moderna, Oxford/AstraZeneca, Pfizer/BioNTech",6074846,5940644,12015490
2021-09-23,"Johnson&Johnson, Moderna, Oxford/AstraZeneca, Pfizer/BioNTech",6079822,5947063,12026885
2021-09-24,"Johnson&Johnson, Moderna, Oxford/AstraZeneca, Pfizer/BioNTech",6085582,5956683,12042265
2021-09-25,"Johnson&Johnson, Moderna, Oxford/AstraZeneca, Pfizer/BioNTech",6087080,5958683,12045763
2021-09-26,"Johnson&Johnson, Moderna, Oxford/AstraZeneca, Pfizer/BioNTech",6087825,5960324,12048149
2021-09-27,"Johnson&Johnson, Moderna, Oxford/AstraZeneca, Pfizer/BioNTech",6091710,5966840,12058550
2021-09-28,"Johnson&Johnson, Moderna, Oxford/AstraZeneca, Pfizer/BioNTech",6092080,5967471,12059551
2021-09-29,"Johnson&Johnson, Moderna, Oxford/AstraZeneca, Pfizer/BioNTech",6095857,5974935,12070792
2021-09-30,"Johnson&Johnson, Moderna, Oxford/AstraZeneca, Pfizer/BioNTech",6100371,5982638,12083009
2021-10-01,"Johnson&Johnson, Moderna, Oxford/AstraZeneca, Pfizer/BioNTech",6104679,5990624,12095303
2021-10-02,"Johnson&Johnson, Moderna, Oxford/AstraZeneca, Pfizer/BioNTech",6105742,5992171,12097913
2021-10-03,"Johnson&Johnson, Moderna, Oxford/AstraZeneca, Pfizer/BioNTech",6106467,5993042,12099509
2021-10-04,"Johnson&Johnson, Moderna, Oxford/AstraZeneca, Pfizer/BioNTech",6109543,5998618,12108161
2021-10-05,"Johnson&Johnson, Moderna, Oxford/AstraZeneca, Pfizer/BioNTech",6112705,6003702,12116407
2021-10-06,"Johnson&Johnson, Moderna, Oxford/AstraZeneca, Pfizer/BioNTech",6116225,6008876,12125101
2021-10-07,"Johnson&Johnson, Moderna, Oxford/AstraZeneca, Pfizer/BioNTech",6119509,6014137,12133646
2021-10-08,"Johnson&Johnson, Moderna, Oxford/AstraZeneca, Pfizer/BioNTech",6124302,6020781,12145083
2021-10-09,"Johnson&Johnson, Moderna, Oxford/AstraZeneca, Pfizer/BioNTech",6125546,6022447,12147993
2021-10-10,"Johnson&Johnson, Moderna, Oxford/AstraZeneca, Pfizer/BioNTech",6126490,6023279,12149769
2021-10-11,"Johnson&Johnson, Moderna, Oxford/AstraZeneca, Pfizer/BioNTech",6129420,6027693,12157113
2021-10-12,"Johnson&Johnson, Moderna, Oxford/AstraZeneca, Pfizer/BioNTech",6132355,6031698,12164053
2021-10-13,"Johnson&Johnson, Moderna, Oxford/AstraZeneca, Pfizer/BioNTech",6135887,6035885,12171772
2021-10-14,"Johnson&Johnson, Moderna, Oxford/AstraZeneca, Pfizer/BioNTech",6139560,6040835,12180395
2021-10-15,"Johnson&Johnson, Moderna, Oxford/AstraZeneca, Pfizer/BioNTech",6144788,6046983,12191771
2021-10-16,"Johnson&Johnson, Moderna, Oxford/AstraZeneca, Pfizer/BioNTech",6146203,6048511,12194714
2021-10-17,"Johnson&Johnson, Moderna, Pfizer/BioNTech",6147530,6049566,12197096
2021-10-18,"Johnson&Johnson, Moderna, Oxford/AstraZeneca, Pfizer/BioNTech",6151643,6053665,12205308
2021-10-19,"Johnson&Johnson, Moderna, Oxford/AstraZeneca, Pfizer/BioNTech",6155223,6055765,12210988
2021-10-20,"Johnson&Johnson, Moderna, Oxford/AstraZeneca, Pfizer/BioNTech",6160106,6060224,12220330
2021-10-21,"Johnson&Johnson, Moderna, Oxford/AstraZeneca, Pfizer/BioNTech",6167873,6065829,12233702
2021-10-22,"Johnson&Johnson, Moderna, Oxford/AstraZeneca, Pfizer/BioNTech",6178325,6072331,12250656
2021-10-23,"Johnson&Johnson, Moderna, Oxford/AstraZeneca, Pfizer/BioNTech",6181998,6074538,12256536
2021-10-24,"Johnson&Johnson, Moderna, Oxford/AstraZeneca, Pfizer/BioNTech",6184683,6076319,12261002
2021-10-25,"Johnson&Johnson, Moderna, Oxford/AstraZeneca, Pfizer/BioNTech",6195182,6082127,12277309
2021-10-26,"Johnson&Johnson, Moderna, Oxford/AstraZeneca, Pfizer/BioNTech",6207173,6088679,12295852
2021-10-27,"Johnson&Johnson, Moderna, Oxford/AstraZeneca, Pfizer/BioNTech",6221782,6096092,12317874
2021-10-28,"Johnson&Johnson, Moderna, Oxford/AstraZeneca, Pfizer/BioNTech",6225207,6097776,12322983
2021-10-29,"Johnson&Johnson, Moderna, Oxford/AstraZeneca, Pfizer/BioNTech",6239644,6105764,12345408
2021-10-30,"Johnson&Johnson, Moderna, Oxford/AstraZeneca, Pfizer/BioNTech",6244173,6108690,12352863
2021-10-31,"Johnson&Johnson, Moderna, Oxford/AstraZeneca, Pfizer/BioNTech",6247936,6111164,12359100
2021-11-01,"Johnson&Johnson, Moderna, Oxford/AstraZeneca, Pfizer/BioNTech",6263133,6118848,12381981
2021-11-02,"Johnson&Johnson, Moderna, Oxford/AstraZeneca, Pfizer/BioNTech",6278586,6126405,12404991
2021-11-03,"Johnson&Johnson, Moderna, Oxford/AstraZeneca, Pfizer/BioNTech",6295765,6133699,12429464
2021-11-04,"Johnson&Johnson, Moderna, Oxford/AstraZeneca, Pfizer/BioNTech",6314117,6141871,12455988
2021-11-05,"Johnson&Johnson, Moderna, Oxford/AstraZeneca, Pfizer/BioNTech",6336916,6153151,12490067
2021-11-06,"Johnson&Johnson, Moderna, Oxford/AstraZeneca, Pfizer/BioNTech",6343433,6156207,12499640
2021-11-07,"Johnson&Johnson, Moderna, Oxford/AstraZeneca, Pfizer/BioNTech",6347454,6158643,12506097
2021-11-08,"Johnson&Johnson, Moderna, Oxford/AstraZeneca, Pfizer/BioNTech",6363722,6166272,12529994
2021-11-09,"Johnson&Johnson, Moderna, Oxford/AstraZeneca, Pfizer/BioNTech",6378530,6173571,12552101
2021-11-10,"Johnson&Johnson, Moderna, Oxford/AstraZeneca, Pfizer/BioNTech",6394267,6180955,12575222
2021-11-11,"Johnson&Johnson, Moderna, Oxford/AstraZeneca, Pfizer/BioNTech",6409737,6190061,12599798
2021-11-12,"Johnson&Johnson, Moderna, Oxford/AstraZeneca, Pfizer/BioNTech",6429540,6202863,12632403
2021-11-13,"Johnson&Johnson, Moderna, Oxford/AstraZeneca, Pfizer/BioNTech",6434933,6206735,12641668
2021-11-14,"Johnson&Johnson, Moderna, Oxford/AstraZeneca, Pfizer/BioNTech",6438827,6209740,12648567
2021-11-15,"Johnson&Johnson, Moderna, Oxford/AstraZeneca, Pfizer/BioNTech",6453907,6220432,12674339
2021-11-16,"Johnson&Johnson, Moderna, Oxford/AstraZeneca, Pfizer/BioNTech",6471447,6232412,12703859
2021-11-17,"Johnson&Johnson, Moderna, Oxford/AstraZeneca, Pfizer/BioNTech",6475688,6235977,12711665
2021-11-18,"Johnson&Johnson, Moderna, Oxford/AstraZeneca, Pfizer/BioNTech",6495108,6247670,12742778
2021-11-19,"Johnson&Johnson, Moderna, Oxford/AstraZeneca, Pfizer/BioNTech",6519715,6264641,12784356
2021-11-20,"Johnson&Johnson, Moderna, Oxford/AstraZeneca, Pfizer/BioNTech",6528294,6269624,12797918
2021-11-21,"Johnson&Johnson, Moderna, Pfizer/BioNTech",6535063,6273397,12808460
2021-11-22,"Johnson&Johnson, Moderna, Oxford/AstraZeneca, Pfizer/BioNTech",6553574,6287511,12841085
2021-11-23,"Johnson&Johnson, Moderna, Oxford/AstraZeneca, Pfizer/BioNTech",6572640,6300771,12873411
2021-11-24,"Johnson&Johnson, Moderna, Oxford/AstraZeneca, Pfizer/BioNTech",6591655,6316618,12908273
2021-11-25,"Johnson&Johnson, Moderna, Oxford/AstraZeneca, Pfizer/BioNTech",6610799,6331652,12942451
2021-11-26,"Johnson&Johnson, Moderna, Oxford/AstraZeneca, Pfizer/BioNTech",6632453,6350787,12983240
2021-11-27,"Johnson&Johnson, Moderna, Oxford/AstraZeneca, Pfizer/BioNTech",6639922,6356342,12996264
2021-11-28,"Johnson&Johnson, Moderna, Oxford/AstraZeneca, Pfizer/BioNTech",6643255,6359477,13002732
2021-11-29,"Johnson&Johnson, Moderna, Oxford/AstraZeneca, Pfizer/BioNTech",6658464,6373134,13031598
2021-11-30,"Johnson&Johnson, Moderna, Oxford/AstraZeneca, Pfizer/BioNTech",6671667,6384365,13056032
2021-12-01,"Johnson&Johnson, Moderna, Oxford/AstraZeneca, Pfizer/BioNTech",6685701,6396820,13082521
2021-12-02,"Johnson&Johnson, Moderna, Oxford/AstraZeneca, Pfizer/BioNTech",6696339,6409310,13105649
2021-12-03,"Johnson&Johnson, Moderna, Oxford/AstraZeneca, Pfizer/BioNTech",6705979,6424887,13130866
2021-12-04,"Johnson&Johnson, Moderna, Pfizer/BioNTech",6708536,6428837,13137373
2021-12-05,"Johnson&Johnson, Moderna, Oxford/AstraZeneca, Pfizer/BioNTech",6709897,6431175,13141072
2021-12-06,"Johnson&Johnson, Moderna, Oxford/AstraZeneca, Pfizer/BioNTech",6718043,6442705,13160748
2021-12-07,"Johnson&Johnson, Moderna, Oxford/AstraZeneca, Pfizer/BioNTech",6725933,6454714,13180647
2021-12-08,"Johnson&Johnson, Moderna, Oxford/AstraZeneca, Pfizer/BioNTech",6734175,6460642,13194817
2021-12-09,"Johnson&Johnson, Moderna, Oxford/AstraZeneca, Pfizer/BioNTech",6741295,6473460,13214755
2021-12-10,"Johnson&Johnson, Moderna, Oxford/AstraZeneca, Pfizer/BioNTech",6748227,6491264,13239491
2021-12-11,"Johnson&Johnson, Moderna, Pfizer/BioNTech",6749885,6496536,13246421
2021-12-12,"Johnson&Johnson, Moderna, Oxford/AstraZeneca, Pfizer/BioNTech",6751196,6500969,13252165
2021-12-13,"Johnson&Johnson, Moderna, Oxford/AstraZeneca, Pfizer/BioNTech",6757544,6514279,13271823
2021-12-14,"Johnson&Johnson, Moderna, Oxford/AstraZeneca, Pfizer/BioNTech",6763754,6527948,13291702
2021-12-15,"Johnson&Johnson, Moderna, Oxford/AstraZeneca, Pfizer/BioNTech",6769960,6541547,13311507
2021-12-16,"Johnson&Johnson, Moderna, Oxford/AstraZeneca, Pfizer/BioNTech",6776901,6556380,13333281
2021-12-17,"Johnson&Johnson, Moderna, Oxford/AstraZeneca, Pfizer/BioNTech",6785266,6573644,13358910
2021-12-18,"Johnson&Johnson, Moderna, Oxford/AstraZeneca, Pfizer/BioNTech",6787877,6579095,13366972
2021-12-19,"Johnson&Johnson, Moderna, Pfizer/BioNTech",6789648,6581599,13371247
2021-12-20,"Johnson&Johnson, Moderna, Oxford/AstraZeneca, Pfizer/BioNTech",6795502,6595662,13391164
2021-12-21,"Johnson&Johnson, Moderna, Oxford/AstraZeneca, Pfizer/BioNTech",6802163,6607656,13409819
2021-12-22,"Johnson&Johnson, Moderna, Oxford/AstraZeneca, Pfizer/BioNTech",6807211,6620712,13427923
2021-12-23,"Johnson&Johnson, Moderna, Oxford/AstraZeneca, Pfizer/BioNTech",6810085,6626313,13436398
2021-12-24,"Johnson&Johnson, Moderna, Oxford/AstraZeneca, Pfizer/BioNTech",6810131,6626414,13436545
2021-12-25,"Moderna, Pfizer/BioNTech",6810132,6626422,13436554
2021-12-26,"Moderna, Pfizer/BioNTech",6810234,6626625,13436859
2021-12-27,"Johnson&Johnson, Moderna, Pfizer/BioNTech",6814101,6636366,13450467
2021-12-28,"Johnson&Johnson, Moderna, Oxford/AstraZeneca, Pfizer/BioNTech",6819342,6644361,13463703
2021-12-29,"Johnson&Johnson, Moderna, Oxford/AstraZeneca, Pfizer/BioNTech",6823621,6652080,13475701
2021-12-30,"Johnson&Johnson, Moderna, Pfizer/BioNTech",6827920,6657512,13485432
2021-12-31,"Johnson&Johnson, Moderna, Pfizer/BioNTech",6828430,6658935,13487365
2022-01-01,"Johnson&Johnson, Moderna, Pfizer/BioNTech",6828436,6658953,13487389
2022-01-02,"Johnson&Johnson, Moderna, Pfizer/BioNTech",6829293,6660330,13489623
2022-01-03,"Johnson&Johnson, Moderna, Oxford/AstraZeneca, Pfizer/BioNTech",6833429,6669232,13502661
2022-01-04,"Johnson&Johnson, Moderna, Oxford/AstraZeneca, Pfizer/BioNTech",6838515,6676984,13515499
2022-01-05,"Johnson&Johnson, Moderna, Oxford/AstraZeneca, Pfizer/BioNTech",6844336,6684953,13529289
2022-01-06,"Johnson&Johnson, Moderna, Oxford/AstraZeneca, Pfizer/BioNTech",6850922,6693354,13544276
2022-01-07,"Johnson&Johnson, Moderna, Oxford/AstraZeneca, Pfizer/BioNTech",6858798,6703709,13562507
2022-01-08,"Johnson&Johnson, Moderna, Oxford/AstraZeneca, Pfizer/BioNTech",6861278,6706492,13567770
2022-01-09,"Johnson&Johnson, Moderna, Pfizer/BioNTech",6862360,6708186,13570546
2022-01-10,"Johnson&Johnson, Moderna, Oxford/AstraZeneca, Pfizer/BioNTech",6866858,6714372,13581230
2022-01-11,"Johnson&Johnson, Moderna, Oxford/AstraZeneca, Pfizer/BioNTech",6872295,6721126,13593421
2022-01-12,"Johnson&Johnson, Moderna, Oxford/AstraZeneca, Pfizer/BioNTech",6878244,6726768,13605012
2022-01-13,"Johnson&Johnson, Moderna, Oxford/AstraZeneca, Pfizer/BioNTech",6884128,6731545,13615673
2022-01-14,"Johnson&Johnson, Moderna, Oxford/AstraZeneca, Pfizer/BioNTech",6890429,6735177,13625606
2022-01-15,"Johnson&Johnson, Moderna, Oxford/AstraZeneca, Pfizer/BioNTech",6891706,6735831,13627537
2022-01-16,"Johnson&Johnson, Moderna, Oxford/AstraZeneca, Pfizer/BioNTech",6892393,6736268,13628661
2022-01-17,"Johnson&Johnson, Moderna, Oxford/AstraZeneca, Pfizer/BioNTech",6895947,6740224,13636171
2022-01-18,"Johnson&Johnson, Moderna, Oxford/AstraZeneca, Pfizer/BioNTech",6899797,6745173,13644970
2022-01-19,"Johnson&Johnson, Moderna, Oxford/AstraZeneca, Pfizer/BioNTech",6903866,6749104,13652970
2022-01-20,"Johnson&Johnson, Moderna, Oxford/AstraZeneca, Pfizer/BioNTech",6907458,6753556,13661014
2022-01-21,"Johnson&Johnson, Moderna, Oxford/AstraZeneca, Pfizer/BioNTech",6911453,6756083,13667536
2022-01-22,"Johnson&Johnson, Moderna, Pfizer/BioNTech",6912232,6756522,13668754
2022-01-23,"Johnson&Johnson, Moderna, Pfizer/BioNTech",6912793,6757156,13669949
2022-01-24,"Johnson&Johnson, Moderna, Oxford/AstraZeneca, Pfizer/BioNTech",6915060,6760591,13675651
2022-01-25,"Johnson&Johnson, Moderna, Oxford/AstraZeneca, Pfizer/BioNTech",6917413,6764585,13681998
2022-01-26,"Johnson&Johnson, Moderna, Oxford/AstraZeneca, Pfizer/BioNTech",6919798,6769149,13688947
2022-01-27,"Johnson&Johnson, Moderna, Oxford/AstraZeneca, Pfizer/BioNTech",6922122,6773961,13696083
2022-01-28,"Johnson&Johnson, Moderna, Oxford/AstraZeneca, Pfizer/BioNTech",6925033,6780122,13705155
2022-01-29,"Johnson&Johnson, Moderna, Oxford/AstraZeneca, Pfizer/BioNTech",6925633,6781773,13707406
2022-01-30,"Johnson&Johnson, Moderna, Pfizer/BioNTech",6925860,6782551,13708411
2022-01-31,"Johnson&Johnson, Moderna, Pfizer/BioNTech",6927401,6786468,13713869
2022-02-01,"Johnson&Johnson, Moderna, Pfizer/BioNTech",6928997,6790500,13719497
2022-02-02,"Johnson&Johnson, Moderna, Pfizer/BioNTech",6930563,6795003,13725566
2022-02-03,"Johnson&Johnson, Moderna, Pfizer/BioNTech",6931936,6799481,13731417
2022-02-04,"Johnson&Johnson, Moderna, Pfizer/BioNTech",6933536,6804596,13738132
2022-02-05,"Johnson&Johnson, Moderna, Pfizer/BioNTech",6933709,6805205,13738914
2022-02-06,"Johnson&Johnson, Moderna, Pfizer/BioNTech",6933804,6805524,13739328
2022-02-07,"Johnson&Johnson, Moderna, Pfizer/BioNTech",6934502,6808733,13743235
2022-02-08,"Johnson&Johnson, Moderna, Pfizer/BioNTech",6935294,6811917,13747211
2022-02-09,"Johnson&Johnson, Moderna, Pfizer/BioNTech",6936119,6815287,13751406
2022-02-10,"Johnson&Johnson, Moderna, Pfizer/BioNTech",6936906,6818411,13755317
2022-02-11,"Johnson&Johnson, Moderna, Pfizer/BioNTech",6937854,6822321,13760175
2022-02-12,"Johnson&Johnson, Moderna, Pfizer/BioNTech",6937964,6822739,13760703
2022-02-13,"Johnson&Johnson, Moderna, Pfizer/BioNTech",6937999,6823176,13761175
2022-02-14,"Johnson&Johnson, Moderna, Pfizer/BioNTech",6938454,6825288,13763742
2022-02-15,"Johnson&Johnson, Moderna, Pfizer/BioNTech",6939004,6827490,13766494
2022-02-16,"Johnson&Johnson, Moderna, Pfizer/BioNTech",6939592,6829587,13769179
2022-02-17,"Johnson&Johnson, Moderna, Pfizer/BioNTech",6940186,6831926,13772112
2022-02-18,"Johnson&Johnson, Moderna, Oxford/AstraZeneca, Pfizer/BioNTech",6940826,6834977,13775803
2022-02-19,"Johnson&Johnson, Moderna, Pfizer/BioNTech",6940905,6835258,13776163
2022-02-20,"Johnson&Johnson, Moderna, Pfizer/BioNTech",6940939,6835407,13776346
2022-02-21,"Johnson&Johnson, Moderna, Pfizer/BioNTech",6941300,6837104,13778404
2022-02-22,"Johnson&Johnson, Moderna, Oxford/AstraZeneca, Pfizer/BioNTech",6941683,6838780,13780463
2022-02-23,"Johnson&Johnson, Moderna, Pfizer/BioNTech",6942133,6840420,13782553
2022-02-24,"Johnson&Johnson, Moderna, Pfizer/BioNTech",6942540,6842050,13784590
2022-02-25,"Johnson&Johnson, Moderna, Pfizer/BioNTech",6943122,6844131,13787253
2022-02-26,"Johnson&Johnson, Moderna, Pfizer/BioNTech",6943183,6844290,13787473
2022-02-27,"Johnson&Johnson, Moderna, Pfizer/BioNTech",6943213,6844366,13787579
2022-02-28,"Johnson&Johnson, Moderna, Pfizer/BioNTech",6943452,6845335,13788787
2022-03-01,"Johnson&Johnson, Moderna, Pfizer/BioNTech",6943698,6846109,13789807
2022-03-02,"Johnson&Johnson, Moderna, Novavax, Pfizer/BioNTech",6944033,6847017,13791050
2022-03-03,"Johnson&Johnson, Moderna, Novavax, Pfizer/BioNTech",6944361,6847959,13792320
2022-03-04,"Johnson&Johnson, Moderna, Novavax, Pfizer/BioNTech",6944979,6849177,13794156
2022-03-05,"Johnson&Johnson, Moderna, Novavax, Pfizer/BioNTech",6945058,6849268,13794326
2022-03-06,"Moderna, Novavax, Pfizer/BioNTech",6945069,6849286,13794355
2022-03-07,"Johnson&Johnson, Moderna, Novavax, Pfizer/BioNTech",6945402,6849842,13795244
2022-03-08,"Johnson&Johnson, Moderna, Novavax, Pfizer/BioNTech",6945736,6850383,13796119
2022-03-09,"Johnson&Johnson, Moderna, Novavax, Pfizer/BioNTech",6946119,6850965,13797084
2022-03-10,"Johnson&Johnson, Moderna, Novavax, Pfizer/BioNTech",6946525,6851632,13798157
2022-03-11,"Johnson&Johnson, Moderna, Novavax, Pfizer/BioNTech",6947256,6852540,13799796
2022-03-12,"Johnson&Johnson, Moderna, Novavax, Pfizer/BioNTech",6947324,6852645,13799969
2022-03-13,"Johnson&Johnson, Moderna, Novavax, Pfizer/BioNTech",6947337,6852663,13800000
2022-03-14,"Johnson&Johnson, Moderna, Novavax, Pfizer/BioNTech",6947596,6853036,13800632
2022-03-15,"Johnson&Johnson, Moderna, Novavax, Pfizer/BioNTech",6947874,6853471,13801345
2022-03-16,"Johnson&Johnson, Moderna, Novavax, Pfizer/BioNTech",6948183,6854005,13802188
2022-03-17,"Johnson&Johnson, Moderna, Novavax, Oxford/AstraZeneca, Pfizer/BioNTech",6948468,6854430,13802898
2022-03-18,"Johnson&Johnson, Moderna, Novavax, Pfizer/BioNTech",6949150,6855211,13804361
2022-03-19,"Moderna, Novavax, Pfizer/BioNTech",6949207,6855256,13804463
2022-03-20,"Moderna, Novavax, Pfizer/BioNTech",6949224,6855268,13804492
2022-03-21,"Johnson&Johnson, Moderna, Novavax, Pfizer/BioNTech",6949408,6855587,13804995
2022-03-22,"Johnson&Johnson, Moderna, Novavax, Pfizer/BioNTech",6949641,6855978,13805619
2022-03-23,"Johnson&Johnson, Moderna, Novavax, Pfizer/BioNTech",6949978,6856405,13806383
2022-03-24,"Johnson&Johnson, Moderna, Novavax, Pfizer/BioNTech",6950265,6856863,13807128
2022-03-25,"Johnson&Johnson, Moderna, Novavax, Pfizer/BioNTech",6950736,6857630,13808366
2022-03-26,"Johnson&Johnson, Moderna, Novavax, Pfizer/BioNTech",6950784,6857694,13808478
2022-03-27,"Johnson&Johnson, Moderna, Novavax, Pfizer/BioNTech",6950800,6857705,13808505
