date,vaccine,people_vaccinated,people_fully_vaccinated,total_vaccinations
2020-12-27,Pfizer/BioNTech,1254,0,1254
2020-12-28,Pfizer/BioNTech,3550,0,3550
2020-12-29,Pfizer/BioNTech,7001,0,7001
2020-12-30,Pfizer/BioNTech,10480,0,10480
2020-12-31,Pfizer/BioNTech,11785,0,11785
2021-01-01,Pfizer/BioNTech,12046,0,12046
2021-01-02,Pfizer/BioNTech,13313,0,13313
2021-01-03,Pfizer/BioNTech,14227,0,14227
2021-01-04,Pfizer/BioNTech,17808,0,17808
2021-01-05,Pfizer/BioNTech,22303,0,22303
2021-01-06,Pfizer/BioNTech,28129,0,28129
2021-01-07,Pfizer/BioNTech,36079,0,36079
2021-01-08,Pfizer/BioNTech,46023,0,46023
2021-01-09,Pfizer/BioNTech,48036,0,48036
2021-01-10,Pfizer/BioNTech,49790,0,49790
2021-01-11,Pfizer/BioNTech,59597,0,59597
2021-01-12,Pfizer/BioNTech,72979,0,72979
2021-01-13,Pfizer/BioNTech,86460,0,86460
2021-01-14,"Moderna, Pfizer/BioNTech",101628,0,101628
2021-01-15,"Moderna, Pfizer/BioNTech",115571,0,115571
2021-01-16,"Moderna, Pfizer/BioNTech",118945,2,118947
2021-01-17,"Moderna, Pfizer/BioNTech",121541,636,122177
2021-01-18,"Moderna, Pfizer/BioNTech",133999,2452,136451
2021-01-19,"Moderna, Pfizer/BioNTech",146505,5157,151662
2021-01-20,"Moderna, Pfizer/BioNTech",160116,7791,167907
2021-01-21,"Moderna, Pfizer/BioNTech",175698,9519,185217
2021-01-22,"Moderna, Pfizer/BioNTech",190500,10555,201055
2021-01-23,"Moderna, Pfizer/BioNTech",193792,11423,205215
2021-01-24,"Moderna, Pfizer/BioNTech",196036,12289,208325
2021-01-25,"Moderna, Pfizer/BioNTech",205637,15248,220885
2021-01-26,"Moderna, Pfizer/BioNTech",216138,19211,235349
2021-01-27,"Moderna, Pfizer/BioNTech",225132,23713,248845
2021-01-28,"Moderna, Pfizer/BioNTech",232170,29809,261979
2021-01-29,"Moderna, Pfizer/BioNTech",238352,37634,275986
2021-01-30,"Moderna, Pfizer/BioNTech",239072,38719,277791
2021-01-31,"Moderna, Pfizer/BioNTech",239775,39892,279667
2021-02-01,"Moderna, Pfizer/BioNTech",243728,47783,291511
2021-02-02,"Moderna, Pfizer/BioNTech",247847,57973,305820
2021-02-03,"Moderna, Pfizer/BioNTech",252236,68930,321166
2021-02-04,"Moderna, Pfizer/BioNTech",257114,81856,338970
2021-02-05,"Moderna, Pfizer/BioNTech",262551,92486,355037
2021-02-06,"Moderna, Pfizer/BioNTech",263387,94827,358214
2021-02-07,"Moderna, Pfizer/BioNTech",264233,97303,361536
2021-02-08,"Moderna, Pfizer/BioNTech",268263,108661,376924
2021-02-09,"Moderna, Oxford/AstraZeneca, Pfizer/BioNTech",273334,120558,393892
2021-02-10,"Moderna, Pfizer/BioNTech",278803,133733,412536
2021-02-11,"Moderna, Oxford/AstraZeneca, Pfizer/BioNTech",285090,149869,434959
2021-02-12,"Moderna, Oxford/AstraZeneca, Pfizer/BioNTech",291799,164524,456323
2021-02-13,"Moderna, Oxford/AstraZeneca, Pfizer/BioNTech",293381,167496,460877
2021-02-14,"Moderna, Oxford/AstraZeneca, Pfizer/BioNTech",294371,168866,463237
2021-02-15,"Moderna, Oxford/AstraZeneca, Pfizer/BioNTech",300746,178178,478924
2021-02-16,"Moderna, Oxford/AstraZeneca, Pfizer/BioNTech",309429,187201,496630
2021-02-17,"Moderna, Oxford/AstraZeneca, Pfizer/BioNTech",319098,195454,514552
2021-02-18,"Moderna, Oxford/AstraZeneca, Pfizer/BioNTech",331372,203445,534817
2021-02-19,"Moderna, Oxford/AstraZeneca, Pfizer/BioNTech",343191,210734,553925
2021-02-20,"Moderna, Oxford/AstraZeneca, Pfizer/BioNTech",345157,211898,557055
2021-02-21,"Moderna, Oxford/AstraZeneca, Pfizer/BioNTech",346257,212905,559162
2021-02-22,"Moderna, Oxford/AstraZeneca, Pfizer/BioNTech",356344,218896,575240
2021-02-23,"Moderna, Oxford/AstraZeneca, Pfizer/BioNTech",369219,225833,595052
2021-02-24,"Moderna, Oxford/AstraZeneca, Pfizer/BioNTech",383036,231830,614866
2021-02-25,"Moderna, Oxford/AstraZeneca, Pfizer/BioNTech",400973,237347,638320
2021-02-26,"Moderna, Oxford/AstraZeneca, Pfizer/BioNTech",417085,242660,659745
2021-02-27,"Moderna, Oxford/AstraZeneca, Pfizer/BioNTech",420077,243208,663285
2021-02-28,"Moderna, Oxford/AstraZeneca, Pfizer/BioNTech",422415,243750,666165
2021-03-01,"Moderna, Oxford/AstraZeneca, Pfizer/BioNTech",441853,247150,689003
2021-03-02,"Moderna, Oxford/AstraZeneca, Pfizer/BioNTech",468949,250675,719624
2021-03-03,"Moderna, Oxford/AstraZeneca, Pfizer/BioNTech",499678,255148,754826
2021-03-04,"Moderna, Oxford/AstraZeneca, Pfizer/BioNTech",532773,259799,792572
2021-03-05,"Moderna, Oxford/AstraZeneca, Pfizer/BioNTech",561459,265173,826632
2021-03-06,"Moderna, Oxford/AstraZeneca, Pfizer/BioNTech",573539,266009,839548
2021-03-07,"Moderna, Oxford/AstraZeneca, Pfizer/BioNTech",584902,266837,851739
2021-03-08,"Moderna, Oxford/AstraZeneca, Pfizer/BioNTech",614480,271647,886127
2021-03-09,"Moderna, Oxford/AstraZeneca, Pfizer/BioNTech",650628,277990,928618
2021-03-10,"Moderna, Oxford/AstraZeneca, Pfizer/BioNTech",691714,284906,976620
2021-03-11,"Moderna, Oxford/AstraZeneca, Pfizer/BioNTech",736332,293231,1029563
2021-03-12,"Moderna, Oxford/AstraZeneca, Pfizer/BioNTech",774928,301654,1076582
2021-03-13,"Moderna, Oxford/AstraZeneca, Pfizer/BioNTech",791937,302938,1094875
2021-03-14,"Moderna, Oxford/AstraZeneca, Pfizer/BioNTech",803997,304068,1108065
2021-03-15,"Moderna, Oxford/AstraZeneca, Pfizer/BioNTech",832249,312820,1145069
2021-03-16,"Moderna, Oxford/AstraZeneca, Pfizer/BioNTech",871004,323297,1194301
2021-03-17,"Moderna, Oxford/AstraZeneca, Pfizer/BioNTech",908346,333755,1242101
2021-03-18,"Moderna, Oxford/AstraZeneca, Pfizer/BioNTech",946143,346117,1292260
2021-03-19,"Moderna, Oxford/AstraZeneca, Pfizer/BioNTech",980378,359670,1340048
2021-03-20,"Moderna, Oxford/AstraZeneca, Pfizer/BioNTech",995399,361678,1357077
2021-03-21,"Moderna, Oxford/AstraZeneca, Pfizer/BioNTech",1002765,363210,1365975
2021-03-22,"Moderna, Oxford/AstraZeneca, Pfizer/BioNTech",1026990,375606,1402596
2021-03-23,"Moderna, Oxford/AstraZeneca, Pfizer/BioNTech",1053388,388857,1442245
2021-03-24,"Moderna, Oxford/AstraZeneca, Pfizer/BioNTech",1080119,404504,1484623
2021-03-25,"Moderna, Oxford/AstraZeneca, Pfizer/BioNTech",1106283,422299,1528582
2021-03-26,"Moderna, Oxford/AstraZeneca, Pfizer/BioNTech",1130969,439728,1570697
2021-03-27,"Moderna, Oxford/AstraZeneca, Pfizer/BioNTech",1139354,444541,1583895
2021-03-28,"Moderna, Oxford/AstraZeneca, Pfizer/BioNTech",1144873,448656,1593529
2021-03-29,"Moderna, Oxford/AstraZeneca, Pfizer/BioNTech",1163701,469261,1632962
2021-03-30,"Moderna, Oxford/AstraZeneca, Pfizer/BioNTech",1188238,491341,1679579
2021-03-31,"Moderna, Oxford/AstraZeneca, Pfizer/BioNTech",1211170,518306,1729476
2021-04-01,"Moderna, Oxford/AstraZeneca, Pfizer/BioNTech",1236631,550173,1786804
2021-04-02,"Moderna, Oxford/AstraZeneca, Pfizer/BioNTech",1243448,562904,1806352
2021-04-03,"Moderna, Oxford/AstraZeneca, Pfizer/BioNTech",1247002,573786,1820788
2021-04-04,"Moderna, Oxford/AstraZeneca, Pfizer/BioNTech",1249459,582550,1832009
2021-04-05,"Moderna, Oxford/AstraZeneca, Pfizer/BioNTech",1251774,589693,1841467
2021-04-06,"Moderna, Oxford/AstraZeneca, Pfizer/BioNTech",1267782,618843,1886625
2021-04-07,"Moderna, Oxford/AstraZeneca, Pfizer/BioNTech",1291030,640901,1931931
2021-04-08,"Moderna, Oxford/AstraZeneca, Pfizer/BioNTech",1329385,671707,2001092
2021-04-09,"Moderna, Oxford/AstraZeneca, Pfizer/BioNTech",1368484,701624,2070108
2021-04-10,"Moderna, Oxford/AstraZeneca, Pfizer/BioNTech",1383789,716816,2100605
2021-04-11,"Moderna, Oxford/AstraZeneca, Pfizer/BioNTech",1393484,726807,2120291
2021-04-12,"Moderna, Oxford/AstraZeneca, Pfizer/BioNTech",1431323,751630,2182953
2021-04-13,"Moderna, Oxford/AstraZeneca, Pfizer/BioNTech",1467252,777449,2244701
2021-04-14,"Moderna, Oxford/AstraZeneca, Pfizer/BioNTech",1505778,804709,2310487
2021-04-15,"Moderna, Oxford/AstraZeneca, Pfizer/BioNTech",1553300,830286,2383586
2021-04-16,"Moderna, Oxford/AstraZeneca, Pfizer/BioNTech",1597688,855834,2453522
2021-04-17,"Moderna, Oxford/AstraZeneca, Pfizer/BioNTech",1614239,864818,2479057
2021-04-18,"Moderna, Oxford/AstraZeneca, Pfizer/BioNTech",1627144,869763,2496907
2021-04-19,"Moderna, Oxford/AstraZeneca, Pfizer/BioNTech",1670805,885100,2555905
2021-04-20,"Moderna, Oxford/AstraZeneca, Pfizer/BioNTech",1712752,900852,2613604
2021-04-21,"Moderna, Oxford/AstraZeneca, Pfizer/BioNTech",1760311,914992,2675303
2021-04-22,"Johnson&Johnson, Moderna, Oxford/AstraZeneca, Pfizer/BioNTech",1814597,932272,2746869
2021-04-23,"Johnson&Johnson, Moderna, Oxford/AstraZeneca, Pfizer/BioNTech",1864409,944220,2808629
2021-04-24,"Johnson&Johnson, Moderna, Oxford/AstraZeneca, Pfizer/BioNTech",1882162,949409,2831571
2021-04-25,"Johnson&Johnson, Moderna, Oxford/AstraZeneca, Pfizer/BioNTech",1896796,953385,2850181
2021-04-26,"Johnson&Johnson, Moderna, Oxford/AstraZeneca, Pfizer/BioNTech",1946230,960770,2907000
2021-04-27,"Johnson&Johnson, Moderna, Oxford/AstraZeneca, Pfizer/BioNTech",1995045,972879,2967924
2021-04-28,"Johnson&Johnson, Moderna, Oxford/AstraZeneca, Pfizer/BioNTech",2053626,986769,3040395
2021-04-29,"Johnson&Johnson, Moderna, Oxford/AstraZeneca, Pfizer/BioNTech",2118962,1002500,3121462
2021-04-30,"Johnson&Johnson, Moderna, Oxford/AstraZeneca, Pfizer/BioNTech",2180994,1012357,3193351
2021-05-01,"Johnson&Johnson, Moderna, Oxford/AstraZeneca, Pfizer/BioNTech",2200240,1015732,3215972
2021-05-02,"Johnson&Johnson, Moderna, Oxford/AstraZeneca, Pfizer/BioNTech",2219091,1017957,3237048
2021-05-03,"Johnson&Johnson, Moderna, Oxford/AstraZeneca, Pfizer/BioNTech",2286134,1022943,3309077
2021-05-04,"Johnson&Johnson, Moderna, Oxford/AstraZeneca, Pfizer/BioNTech",2352350,1031183,3383533
2021-05-05,"Johnson&Johnson, Moderna, Oxford/AstraZeneca, Pfizer/BioNTech",2425316,1040480,3465796
2021-05-06,"Johnson&Johnson, Moderna, Oxford/AstraZeneca, Pfizer/BioNTech",2505468,1051044,3556512
2021-05-07,"Johnson&Johnson, Moderna, Oxford/AstraZeneca, Pfizer/BioNTech",2582543,1060977,3643520
2021-05-08,"Johnson&Johnson, Moderna, Oxford/AstraZeneca, Pfizer/BioNTech",2611884,1062669,3674553
2021-05-09,"Johnson&Johnson, Moderna, Oxford/AstraZeneca, Pfizer/BioNTech",2636013,1063833,3699846
2021-05-10,"Johnson&Johnson, Moderna, Oxford/AstraZeneca, Pfizer/BioNTech",2708528,1070922,3779450
2021-05-11,"Johnson&Johnson, Moderna, Oxford/AstraZeneca, Pfizer/BioNTech",2784403,1079643,3864046
2021-05-12,"Johnson&Johnson, Moderna, Oxford/AstraZeneca, Pfizer/BioNTech",2864009,1088607,3952616
2021-05-13,"Johnson&Johnson, Moderna, Oxford/AstraZeneca, Pfizer/BioNTech",2947802,1097659,4045461
2021-05-14,"Johnson&Johnson, Moderna, Oxford/AstraZeneca, Pfizer/BioNTech",3027006,1105316,4132322
2021-05-15,"Johnson&Johnson, Moderna, Oxford/AstraZeneca, Pfizer/BioNTech",3058792,1107453,4166245
2021-05-16,"Johnson&Johnson, Moderna, Oxford/AstraZeneca, Pfizer/BioNTech",3084489,1108618,4193107
2021-05-17,"Johnson&Johnson, Moderna, Oxford/AstraZeneca, Pfizer/BioNTech",3156817,1115245,4272062
2021-05-18,"Johnson&Johnson, Moderna, Oxford/AstraZeneca, Pfizer/BioNTech",3228519,1128136,4356655
2021-05-19,"Johnson&Johnson, Moderna, Oxford/AstraZeneca, Pfizer/BioNTech",3305107,1143129,4448236
2021-05-20,"Johnson&Johnson, Moderna, Oxford/AstraZeneca, Pfizer/BioNTech",3380188,1169972,4550160
2021-05-21,"Johnson&Johnson, Moderna, Oxford/AstraZeneca, Pfizer/BioNTech",3448673,1197555,4646228
2021-05-22,"Johnson&Johnson, Moderna, Oxford/AstraZeneca, Pfizer/BioNTech",3480818,1208591,4689409
2021-05-23,"Johnson&Johnson, Moderna, Oxford/AstraZeneca, Pfizer/BioNTech",3502960,1217537,4720497
2021-05-24,"Johnson&Johnson, Moderna, Oxford/AstraZeneca, Pfizer/BioNTech",3549619,1250951,4800570
2021-05-25,"Johnson&Johnson, Moderna, Oxford/AstraZeneca, Pfizer/BioNTech",3601106,1286552,4887658
2021-05-26,"Johnson&Johnson, Moderna, Oxford/AstraZeneca, Pfizer/BioNTech",3668365,1323932,4992297
2021-05-27,"Johnson&Johnson, Moderna, Oxford/AstraZeneca, Pfizer/BioNTech",3729251,1371110,5100361
2021-05-28,"Johnson&Johnson, Moderna, Oxford/AstraZeneca, Pfizer/BioNTech",3790443,1417461,5207904
2021-05-29,"Johnson&Johnson, Moderna, Oxford/AstraZeneca, Pfizer/BioNTech",3819362,1434470,5253832
2021-05-30,"Johnson&Johnson, Moderna, Oxford/AstraZeneca, Pfizer/BioNTech",3841531,1448825,5290356
2021-05-31,"Johnson&Johnson, Moderna, Oxford/AstraZeneca, Pfizer/BioNTech",3896756,1496110,5392866
2021-06-01,"Johnson&Johnson, Moderna, Oxford/AstraZeneca, Pfizer/BioNTech",3955114,1544272,5499386
2021-06-02,"Johnson&Johnson, Moderna, Oxford/AstraZeneca, Pfizer/BioNTech",4017485,1598074,5615559
2021-06-03,"Johnson&Johnson, Moderna, Oxford/AstraZeneca, Pfizer/BioNTech",4075201,1658009,5733210
2021-06-04,"Johnson&Johnson, Moderna, Oxford/AstraZeneca, Pfizer/BioNTech",4137710,1715200,5852910
2021-06-05,"Johnson&Johnson, Moderna, Oxford/AstraZeneca, Pfizer/BioNTech",4171553,1733888,5905441
2021-06-06,"Johnson&Johnson, Moderna, Oxford/AstraZeneca, Pfizer/BioNTech",4198314,1748919,5947233
2021-06-07,"Johnson&Johnson, Moderna, Oxford/AstraZeneca, Pfizer/BioNTech",4261303,1804324,6065627
2021-06-08,"Johnson&Johnson, Moderna, Oxford/AstraZeneca, Pfizer/BioNTech",4324650,1859039,6183689
2021-06-09,"Johnson&Johnson, Moderna, Oxford/AstraZeneca, Pfizer/BioNTech",4382583,1922968,6305551
2021-06-10,"Johnson&Johnson, Moderna, Oxford/AstraZeneca, Pfizer/BioNTech",4434976,1993557,6428533
2021-06-11,"Johnson&Johnson, Moderna, Oxford/AstraZeneca, Pfizer/BioNTech",4486171,2062881,6549052
2021-06-12,"Johnson&Johnson, Moderna, Oxford/AstraZeneca, Pfizer/BioNTech",4517854,2083541,6601395
2021-06-13,"Johnson&Johnson, Moderna, Oxford/AstraZeneca, Pfizer/BioNTech",4541687,2101758,6643445
2021-06-14,"Johnson&Johnson, Moderna, Oxford/AstraZeneca, Pfizer/BioNTech",4584106,2175830,6759936
2021-06-15,"Johnson&Johnson, Moderna, Oxford/AstraZeneca, Pfizer/BioNTech",4628191,2247834,6876025
2021-06-16,"Johnson&Johnson, Moderna, Oxford/AstraZeneca, Pfizer/BioNTech",4670334,2325748,6996082
2021-06-17,"Johnson&Johnson, Moderna, Oxford/AstraZeneca, Pfizer/BioNTech",4709152,2408472,7117624
2021-06-18,"Johnson&Johnson, Moderna, Oxford/AstraZeneca, Pfizer/BioNTech",4750273,2488544,7238817
2021-06-19,"Johnson&Johnson, Moderna, Oxford/AstraZeneca, Pfizer/BioNTech",4771731,2517667,7289398
2021-06-20,"Johnson&Johnson, Moderna, Oxford/AstraZeneca, Pfizer/BioNTech",4788853,2541368,7330221
2021-06-21,"Johnson&Johnson, Moderna, Oxford/AstraZeneca, Pfizer/BioNTech",4820942,2619334,7440276
2021-06-22,"Johnson&Johnson, Moderna, Oxford/AstraZeneca, Pfizer/BioNTech",4852799,2701254,7554053
2021-06-23,"Johnson&Johnson, Moderna, Oxford/AstraZeneca, Pfizer/BioNTech",4883471,2785912,7669383
2021-06-24,"Johnson&Johnson, Moderna, Oxford/AstraZeneca, Pfizer/BioNTech",4912697,2875618,7788315
2021-06-25,"Johnson&Johnson, Moderna, Oxford/AstraZeneca, Pfizer/BioNTech",4943114,2961311,7904425
2021-06-26,"Johnson&Johnson, Moderna, Oxford/AstraZeneca, Pfizer/BioNTech",4958570,2995898,7954468
2021-06-27,"Johnson&Johnson, Moderna, Oxford/AstraZeneca, Pfizer/BioNTech",4972226,3022393,7994619
2021-06-28,"Johnson&Johnson, Moderna, Oxford/AstraZeneca, Pfizer/BioNTech",5000172,3106986,8107158
2021-06-29,"Johnson&Johnson, Moderna, Oxford/AstraZeneca, Pfizer/BioNTech",5028666,3192859,8221525
2021-06-30,"Johnson&Johnson, Moderna, Oxford/AstraZeneca, Pfizer/BioNTech",5056137,3282285,8338422
2021-07-01,"Johnson&Johnson, Moderna, Oxford/AstraZeneca, Pfizer/BioNTech",5078841,3370790,8449631
2021-07-02,"Johnson&Johnson, Moderna, Oxford/AstraZeneca, Pfizer/BioNTech",5103846,3454427,8558273
2021-07-03,"Johnson&Johnson, Moderna, Oxford/AstraZeneca, Pfizer/BioNTech",5110280,3484467,8594747
