date,vaccine,people_vaccinated,people_fully_vaccinated,total_vaccinations
2020-12-27,Pfizer/BioNTech,1284,0,1284
2020-12-28,Pfizer/BioNTech,3590,0,3590
2020-12-29,Pfizer/BioNTech,7058,1,7059
2020-12-30,Pfizer/BioNTech,10578,1,10579
2020-12-31,Pfizer/BioNTech,11890,1,11891
2021-01-01,"Moderna, Pfizer/BioNTech",12159,1,12160
2021-01-02,Pfizer/BioNTech,13440,1,13441
2021-01-03,"Moderna, Pfizer/BioNTech",14364,1,14365
2021-01-04,"Moderna, Pfizer/BioNTech",17977,1,17978
2021-01-05,"Moderna, Pfizer/BioNTech",22502,3,22505
2021-01-06,"Moderna, Pfizer/BioNTech",28352,4,28356
2021-01-07,"Moderna, Pfizer/BioNTech",36351,4,36355
2021-01-08,"Moderna, Pfizer/BioNTech",46402,5,46407
2021-01-09,"Moderna, Pfizer/BioNTech",48429,6,48435
2021-01-10,Pfizer/BioNTech,50197,7,50204
2021-01-11,Pfizer/BioNTech,60052,9,60061
2021-01-12,"Moderna, Pfizer/BioNTech",73507,11,73518
2021-01-13,Pfizer/BioNTech,87050,11,87061
2021-01-14,"Moderna, Pfizer/BioNTech",102299,15,102314
2021-01-15,"Moderna, Pfizer/BioNTech",116319,16,116335
2021-01-16,"Moderna, Pfizer/BioNTech",119722,20,119742
2021-01-17,"Moderna, Pfizer/BioNTech",122338,656,122994
2021-01-18,"Moderna, Pfizer/BioNTech",134829,2482,137311
2021-01-19,"Moderna, Pfizer/BioNTech",147435,5208,152643
2021-01-20,"Moderna, Pfizer/BioNTech",161125,7871,168996
2021-01-21,"Moderna, Pfizer/BioNTech",176778,9616,186394
2021-01-22,"Moderna, Pfizer/BioNTech",191666,10662,202328
2021-01-23,"Moderna, Pfizer/BioNTech",194987,11543,206530
2021-01-24,"Moderna, Pfizer/BioNTech",197242,12412,209654
2021-01-25,"Moderna, Pfizer/BioNTech",206890,15386,222276
2021-01-26,"Moderna, Pfizer/BioNTech",217433,19381,236814
2021-01-27,"Moderna, Pfizer/BioNTech",226462,23919,250381
2021-01-28,"Moderna, Pfizer/BioNTech",233563,30056,263619
2021-01-29,"Moderna, Pfizer/BioNTech",239780,37967,277747
2021-01-30,"Moderna, Pfizer/BioNTech",240520,39055,279575
2021-01-31,"Moderna, Pfizer/BioNTech",241235,40237,281472
2021-02-01,"Moderna, Pfizer/BioNTech",245215,48201,293416
2021-02-02,"Moderna, Pfizer/BioNTech",249363,58437,307800
2021-02-03,"Moderna, Pfizer/BioNTech",253788,69458,323246
2021-02-04,"Moderna, Pfizer/BioNTech",258691,82450,341141
2021-02-05,"Moderna, Pfizer/BioNTech",264160,93124,357284
2021-02-06,"Moderna, Oxford/AstraZeneca, Pfizer/BioNTech",265012,95492,360504
2021-02-07,"Moderna, Oxford/AstraZeneca, Pfizer/BioNTech",265863,97992,363855
2021-02-08,"Moderna, Oxford/AstraZeneca, Pfizer/BioNTech",269949,109424,379373
2021-02-09,"Moderna, Oxford/AstraZeneca, Pfizer/BioNTech",275048,121336,396384
2021-02-10,"Moderna, Oxford/AstraZeneca, Pfizer/BioNTech",280560,134596,415156
2021-02-11,"Moderna, Oxford/AstraZeneca, Pfizer/BioNTech",286898,150812,437710
2021-02-12,"Moderna, Oxford/AstraZeneca, Pfizer/BioNTech",293724,165552,459276
2021-02-13,"Moderna, Oxford/AstraZeneca, Pfizer/BioNTech",295336,168541,463877
2021-02-14,"Moderna, Oxford/AstraZeneca, Pfizer/BioNTech",296339,169925,466264
2021-02-15,"Moderna, Oxford/AstraZeneca, Pfizer/BioNTech",302738,179293,482031
2021-02-16,"Moderna, Oxford/AstraZeneca, Pfizer/BioNTech",311456,188377,499833
2021-02-17,"Moderna, Oxford/AstraZeneca, Pfizer/BioNTech",321153,196685,517838
2021-02-18,"Moderna, Oxford/AstraZeneca, Pfizer/BioNTech",333473,204769,538242
2021-02-19,"Moderna, Oxford/AstraZeneca, Pfizer/BioNTech",345333,212145,557478
2021-02-20,"Moderna, Oxford/AstraZeneca, Pfizer/BioNTech",347335,213331,560666
2021-02-21,"Moderna, Oxford/AstraZeneca, Pfizer/BioNTech",348470,214355,562825
2021-02-22,"Moderna, Oxford/AstraZeneca, Pfizer/BioNTech",358595,220389,578984
2021-02-23,"Moderna, Oxford/AstraZeneca, Pfizer/BioNTech",371552,227375,598927
2021-02-24,"Moderna, Oxford/AstraZeneca, Pfizer/BioNTech",385428,233413,618841
2021-02-25,"Moderna, Oxford/AstraZeneca, Pfizer/BioNTech",403404,238964,642368
2021-02-26,"Moderna, Oxford/AstraZeneca, Pfizer/BioNTech",419577,244317,663894
2021-02-27,"Moderna, Oxford/AstraZeneca, Pfizer/BioNTech",422586,244875,667461
2021-02-28,"Moderna, Oxford/AstraZeneca, Pfizer/BioNTech",424938,245426,670364
2021-03-01,"Moderna, Oxford/AstraZeneca, Pfizer/BioNTech",444532,248875,693407
2021-03-02,"Moderna, Oxford/AstraZeneca, Pfizer/BioNTech",471761,252424,724185
2021-03-03,"Moderna, Oxford/AstraZeneca, Pfizer/BioNTech",502711,256929,759640
2021-03-04,"Moderna, Oxford/AstraZeneca, Pfizer/BioNTech",536000,261616,797616
2021-03-05,"Johnson&Johnson, Moderna, Oxford/AstraZeneca, Pfizer/BioNTech",564841,267041,831882
2021-03-06,"Johnson&Johnson, Moderna, Oxford/AstraZeneca, Pfizer/BioNTech",576989,267902,844891
2021-03-07,"Johnson&Johnson, Moderna, Oxford/AstraZeneca, Pfizer/BioNTech",588532,268744,857276
2021-03-08,"Johnson&Johnson, Moderna, Oxford/AstraZeneca, Pfizer/BioNTech",618280,273599,891879
2021-03-09,"Johnson&Johnson, Moderna, Oxford/AstraZeneca, Pfizer/BioNTech",654637,279981,934618
2021-03-10,"Johnson&Johnson, Moderna, Oxford/AstraZeneca, Pfizer/BioNTech",695955,286939,982894
2021-03-11,"Johnson&Johnson, Moderna, Oxford/AstraZeneca, Pfizer/BioNTech",740790,295311,1036101
2021-03-12,"Johnson&Johnson, Moderna, Oxford/AstraZeneca, Pfizer/BioNTech",779562,303805,1083367
2021-03-13,"Johnson&Johnson, Moderna, Oxford/AstraZeneca, Pfizer/BioNTech",796653,305116,1101769
2021-03-14,"Johnson&Johnson, Moderna, Oxford/AstraZeneca, Pfizer/BioNTech",808771,306270,1115041
2021-03-15,"Johnson&Johnson, Moderna, Oxford/AstraZeneca, Pfizer/BioNTech",837156,315048,1152204
2021-03-16,"Johnson&Johnson, Moderna, Oxford/AstraZeneca, Pfizer/BioNTech",876047,325586,1201633
2021-03-17,"Moderna, Oxford/AstraZeneca, Pfizer/BioNTech",913527,336095,1249622
2021-03-18,"Johnson&Johnson, Moderna, Oxford/AstraZeneca, Pfizer/BioNTech",951520,348509,1300029
2021-03-19,"Moderna, Oxford/AstraZeneca, Pfizer/BioNTech",986021,362120,1348141
2021-03-20,"Johnson&Johnson, Moderna, Oxford/AstraZeneca, Pfizer/BioNTech",1001175,364150,1365325
2021-03-21,"Johnson&Johnson, Moderna, Oxford/AstraZeneca, Pfizer/BioNTech",1008601,365708,1374309
2021-03-22,"Johnson&Johnson, Moderna, Oxford/AstraZeneca, Pfizer/BioNTech",1033177,378212,1411389
2021-03-23,"Johnson&Johnson, Moderna, Oxford/AstraZeneca, Pfizer/BioNTech",1059841,391567,1451408
2021-03-24,"Johnson&Johnson, Moderna, Oxford/AstraZeneca, Pfizer/BioNTech",1086715,407310,1494025
2021-03-25,"Moderna, Oxford/AstraZeneca, Pfizer/BioNTech",1113059,425162,1538221
2021-03-26,"Johnson&Johnson, Moderna, Oxford/AstraZeneca, Pfizer/BioNTech",1137880,442666,1580546
2021-03-27,"Johnson&Johnson, Moderna, Oxford/AstraZeneca, Pfizer/BioNTech",1146323,447512,1593835
2021-03-28,"Moderna, Oxford/AstraZeneca, Pfizer/BioNTech",1151866,451658,1603524
2021-03-29,"Johnson&Johnson, Moderna, Oxford/AstraZeneca, Pfizer/BioNTech",1170999,472396,1643395
2021-03-30,"Johnson&Johnson, Moderna, Oxford/AstraZeneca, Pfizer/BioNTech",1195690,494578,1690268
2021-03-31,"Johnson&Johnson, Moderna, Oxford/AstraZeneca, Pfizer/BioNTech",1218817,521644,1740461
2021-04-01,"Johnson&Johnson, Moderna, Oxford/AstraZeneca, Pfizer/BioNTech",1244470,553704,1798174
2021-04-02,"Johnson&Johnson, Moderna, Oxford/AstraZeneca, Pfizer/BioNTech",1251408,566496,1817904
2021-04-03,"Johnson&Johnson, Moderna, Oxford/AstraZeneca, Pfizer/BioNTech",1255039,577423,1832462
2021-04-04,"Johnson&Johnson, Moderna, Oxford/AstraZeneca, Pfizer/BioNTech",1257559,586344,1843903
2021-04-05,"Johnson&Johnson, Moderna, Oxford/AstraZeneca, Pfizer/BioNTech",1259974,593536,1853510
2021-04-06,"Johnson&Johnson, Moderna, Oxford/AstraZeneca, Pfizer/BioNTech",1276148,622794,1898942
2021-04-07,"Johnson&Johnson, Moderna, Oxford/AstraZeneca, Pfizer/BioNTech",1299600,645028,1944628
2021-04-08,"Johnson&Johnson, Moderna, Oxford/AstraZeneca, Pfizer/BioNTech",1338361,676057,2014418
2021-04-09,"Johnson&Johnson, Moderna, Oxford/AstraZeneca, Pfizer/BioNTech",1377933,706243,2084176
2021-04-10,"Johnson&Johnson, Moderna, Oxford/AstraZeneca, Pfizer/BioNTech",1393465,721536,2115001
2021-04-11,"Johnson&Johnson, Moderna, Oxford/AstraZeneca, Pfizer/BioNTech",1403255,731583,2134838
2021-04-12,"Johnson&Johnson, Moderna, Oxford/AstraZeneca, Pfizer/BioNTech",1441554,756726,2198280
2021-04-13,"Moderna, Oxford/AstraZeneca, Pfizer/BioNTech",1477829,782767,2260596
2021-04-14,"Moderna, Oxford/AstraZeneca, Pfizer/BioNTech",1516679,810133,2326812
2021-04-15,"Moderna, Oxford/AstraZeneca, Pfizer/BioNTech",1564496,835896,2400392
2021-04-16,"Moderna, Oxford/AstraZeneca, Pfizer/BioNTech",1609177,861559,2470736
2021-04-17,"Moderna, Oxford/AstraZeneca, Pfizer/BioNTech",1625876,870586,2496462
2021-04-18,"Moderna, Oxford/AstraZeneca, Pfizer/BioNTech",1638868,875568,2514436
2021-04-19,"Moderna, Oxford/AstraZeneca, Pfizer/BioNTech",1682833,891002,2573835
2021-04-20,"Johnson&Johnson, Moderna, Oxford/AstraZeneca, Pfizer/BioNTech",1725408,906870,2632278
2021-04-21,"Moderna, Oxford/AstraZeneca, Pfizer/BioNTech",1773154,921223,2694377
2021-04-22,"Johnson&Johnson, Moderna, Oxford/AstraZeneca, Pfizer/BioNTech",1827664,938613,2766277
2021-04-23,"Johnson&Johnson, Moderna, Oxford/AstraZeneca, Pfizer/BioNTech",1877658,950667,2828325
2021-04-24,"Johnson&Johnson, Moderna, Oxford/AstraZeneca, Pfizer/BioNTech",1895517,955921,2851438
2021-04-25,"Johnson&Johnson, Moderna, Oxford/AstraZeneca, Pfizer/BioNTech",1910216,959918,2870134
2021-04-26,"Johnson&Johnson, Moderna, Oxford/AstraZeneca, Pfizer/BioNTech",1959810,967471,2927281
2021-04-27,"Johnson&Johnson, Moderna, Oxford/AstraZeneca, Pfizer/BioNTech",2008799,979705,2988504
2021-04-28,"Johnson&Johnson, Moderna, Oxford/AstraZeneca, Pfizer/BioNTech",2067579,993712,3061291
2021-04-29,"Johnson&Johnson, Moderna, Oxford/AstraZeneca, Pfizer/BioNTech",2133167,1009612,3142779
2021-04-30,"Johnson&Johnson, Moderna, Oxford/AstraZeneca, Pfizer/BioNTech",2195428,1019593,3215021
2021-05-01,"Johnson&Johnson, Moderna, Oxford/AstraZeneca, Pfizer/BioNTech",2214787,1023048,3237835
2021-05-02,"Johnson&Johnson, Moderna, Oxford/AstraZeneca, Pfizer/BioNTech",2233721,1025323,3259044
2021-05-03,"Johnson&Johnson, Moderna, Oxford/AstraZeneca, Pfizer/BioNTech",2300987,1030390,3331377
2021-05-04,"Johnson&Johnson, Moderna, Oxford/AstraZeneca, Pfizer/BioNTech",2367516,1038737,3406253
2021-05-05,"Johnson&Johnson, Moderna, Oxford/AstraZeneca, Pfizer/BioNTech",2440700,1048151,3488851
2021-05-06,"Johnson&Johnson, Moderna, Oxford/AstraZeneca, Pfizer/BioNTech",2521118,1058885,3580003
2021-05-07,"Johnson&Johnson, Moderna, Oxford/AstraZeneca, Pfizer/BioNTech",2598402,1068972,3667374
2021-05-08,"Johnson&Johnson, Moderna, Oxford/AstraZeneca, Pfizer/BioNTech",2627885,1070747,3698632
2021-05-09,"Johnson&Johnson, Moderna, Oxford/AstraZeneca, Pfizer/BioNTech",2652107,1071961,3724068
2021-05-10,"Johnson&Johnson, Moderna, Oxford/AstraZeneca, Pfizer/BioNTech",2724901,1079190,3804091
2021-05-11,"Johnson&Johnson, Moderna, Oxford/AstraZeneca, Pfizer/BioNTech",2801026,1088010,3889036
2021-05-12,"Johnson&Johnson, Moderna, Oxford/AstraZeneca, Pfizer/BioNTech",2880922,1097129,3978051
2021-05-13,"Johnson&Johnson, Moderna, Oxford/AstraZeneca, Pfizer/BioNTech",2964956,1106294,4071250
2021-05-14,"Johnson&Johnson, Moderna, Oxford/AstraZeneca, Pfizer/BioNTech",3044450,1114095,4158545
2021-05-15,"Johnson&Johnson, Moderna, Oxford/AstraZeneca, Pfizer/BioNTech",3076371,1116354,4192725
2021-05-16,"Johnson&Johnson, Moderna, Oxford/AstraZeneca, Pfizer/BioNTech",3102161,1117629,4219790
2021-05-17,"Johnson&Johnson, Moderna, Oxford/AstraZeneca, Pfizer/BioNTech",3174692,1124366,4299058
2021-05-18,"Johnson&Johnson, Moderna, Oxford/AstraZeneca, Pfizer/BioNTech",3246646,1137458,4384104
2021-05-19,"Johnson&Johnson, Moderna, Oxford/AstraZeneca, Pfizer/BioNTech",3324122,1152601,4476723
2021-05-20,"Johnson&Johnson, Moderna, Oxford/AstraZeneca, Pfizer/BioNTech",3399604,1179645,4579249
2021-05-21,"Johnson&Johnson, Moderna, Oxford/AstraZeneca, Pfizer/BioNTech",3468407,1207420,4675827
2021-05-22,"Johnson&Johnson, Moderna, Oxford/AstraZeneca, Pfizer/BioNTech",3500814,1218629,4719443
2021-05-23,"Johnson&Johnson, Moderna, Oxford/AstraZeneca, Pfizer/BioNTech",3523204,1227667,4750871
2021-05-24,"Johnson&Johnson, Moderna, Oxford/AstraZeneca, Pfizer/BioNTech",3570357,1261331,4831688
2021-05-25,"Johnson&Johnson, Moderna, Oxford/AstraZeneca, Pfizer/BioNTech",3622227,1297151,4919378
2021-05-26,"Johnson&Johnson, Moderna, Oxford/AstraZeneca, Pfizer/BioNTech",3689998,1334688,5024686
2021-05-27,"Johnson&Johnson, Moderna, Oxford/AstraZeneca, Pfizer/BioNTech",3751412,1382032,5133444
2021-05-28,"Johnson&Johnson, Moderna, Oxford/AstraZeneca, Pfizer/BioNTech",3813127,1428614,5241741
2021-05-29,"Johnson&Johnson, Moderna, Oxford/AstraZeneca, Pfizer/BioNTech",3842337,1445723,5288060
2021-05-30,"Johnson&Johnson, Moderna, Oxford/AstraZeneca, Pfizer/BioNTech",3864724,1460173,5324897
2021-05-31,"Johnson&Johnson, Moderna, Oxford/AstraZeneca, Pfizer/BioNTech",3920465,1507694,5428159
2021-06-01,"Johnson&Johnson, Moderna, Oxford/AstraZeneca, Pfizer/BioNTech",3979509,1556553,5536062
2021-06-02,"Johnson&Johnson, Moderna, Oxford/AstraZeneca, Pfizer/BioNTech",4042432,1610554,5652986
2021-06-03,"Johnson&Johnson, Moderna, Oxford/AstraZeneca, Pfizer/BioNTech",4100671,1670772,5771443
2021-06-04,"Johnson&Johnson, Moderna, Oxford/AstraZeneca, Pfizer/BioNTech",4163776,1728193,5891969
2021-06-05,"Johnson&Johnson, Moderna, Oxford/AstraZeneca, Pfizer/BioNTech",4197928,1747054,5944982
2021-06-06,"Johnson&Johnson, Moderna, Oxford/AstraZeneca, Pfizer/BioNTech",4224848,1762205,5987053
2021-06-07,"Johnson&Johnson, Moderna, Oxford/AstraZeneca, Pfizer/BioNTech",4288531,1817838,6106369
2021-06-08,"Johnson&Johnson, Moderna, Oxford/AstraZeneca, Pfizer/BioNTech",4352508,1872830,6225338
2021-06-09,"Johnson&Johnson, Moderna, Oxford/AstraZeneca, Pfizer/BioNTech",4411689,1937468,6349157
2021-06-10,"Johnson&Johnson, Moderna, Oxford/AstraZeneca, Pfizer/BioNTech",4465532,2008727,6474259
2021-06-11,"Johnson&Johnson, Moderna, Oxford/AstraZeneca, Pfizer/BioNTech",4517636,2078505,6596141
2021-06-12,"Johnson&Johnson, Moderna, Oxford/AstraZeneca, Pfizer/BioNTech",4549647,2099309,6648956
2021-06-13,"Johnson&Johnson, Moderna, Oxford/AstraZeneca, Pfizer/BioNTech",4573669,2117716,6691385
2021-06-14,"Johnson&Johnson, Moderna, Oxford/AstraZeneca, Pfizer/BioNTech",4616738,2192113,6808851
2021-06-15,"Johnson&Johnson, Moderna, Oxford/AstraZeneca, Pfizer/BioNTech",4661394,2264484,6925878
2021-06-16,"Johnson&Johnson, Moderna, Oxford/AstraZeneca, Pfizer/BioNTech",4704156,2342716,7046872
2021-06-17,"Johnson&Johnson, Moderna, Oxford/AstraZeneca, Pfizer/BioNTech",4743550,2425802,7169352
2021-06-18,"Johnson&Johnson, Moderna, Oxford/AstraZeneca, Pfizer/BioNTech",4785955,2506349,7292304
2021-06-19,"Johnson&Johnson, Moderna, Oxford/AstraZeneca, Pfizer/BioNTech",4807719,2535646,7343365
2021-06-20,"Johnson&Johnson, Moderna, Oxford/AstraZeneca, Pfizer/BioNTech",4825091,2559481,7384572
2021-06-21,"Johnson&Johnson, Moderna, Oxford/AstraZeneca, Pfizer/BioNTech",4857585,2638077,7495662
2021-06-22,"Johnson&Johnson, Moderna, Oxford/AstraZeneca, Pfizer/BioNTech",4890532,2720343,7610875
2021-06-23,"Johnson&Johnson, Moderna, Oxford/AstraZeneca, Pfizer/BioNTech",4922186,2805551,7727737
2021-06-24,"Johnson&Johnson, Moderna, Oxford/AstraZeneca, Pfizer/BioNTech",4952021,2895574,7847595
2021-06-25,"Johnson&Johnson, Moderna, Oxford/AstraZeneca, Pfizer/BioNTech",4983085,2981734,7964819
2021-06-26,"Johnson&Johnson, Moderna, Oxford/AstraZeneca, Pfizer/BioNTech",4998962,3016565,8015527
2021-06-27,"Johnson&Johnson, Moderna, Oxford/AstraZeneca, Pfizer/BioNTech",5012907,3043232,8056139
2021-06-28,"Johnson&Johnson, Moderna, Oxford/AstraZeneca, Pfizer/BioNTech",5041317,3128423,8169740
2021-06-29,"Johnson&Johnson, Moderna, Oxford/AstraZeneca, Pfizer/BioNTech",5070586,3214902,8285488
2021-06-30,"Johnson&Johnson, Moderna, Oxford/AstraZeneca, Pfizer/BioNTech",5098066,3305896,8403962
2021-07-01,"Johnson&Johnson, Moderna, Oxford/AstraZeneca, Pfizer/BioNTech",5122030,3395950,8517980
2021-07-02,"Johnson&Johnson, Moderna, Oxford/AstraZeneca, Pfizer/BioNTech",5148738,3481795,8630533
2021-07-03,"Johnson&Johnson, Moderna, Oxford/AstraZeneca, Pfizer/BioNTech",5155815,3513312,8669127
2021-07-04,"Johnson&Johnson, Moderna, Oxford/AstraZeneca, Pfizer/BioNTech",5163374,3535109,8698483
2021-07-05,"Johnson&Johnson, Moderna, Oxford/AstraZeneca, Pfizer/BioNTech",5170750,3560480,8731230
2021-07-06,"Johnson&Johnson, Moderna, Oxford/AstraZeneca, Pfizer/BioNTech",5176173,3588138,8764311
2021-07-07,"Johnson&Johnson, Moderna, Oxford/AstraZeneca, Pfizer/BioNTech",5201959,3667119,8869078
2021-07-08,"Johnson&Johnson, Moderna, Oxford/AstraZeneca, Pfizer/BioNTech",5228555,3737434,8965989
2021-07-09,"Johnson&Johnson, Moderna, Oxford/AstraZeneca, Pfizer/BioNTech",5256468,3806714,9063182
2021-07-10,"Johnson&Johnson, Moderna, Oxford/AstraZeneca, Pfizer/BioNTech",5265819,3835354,9101173
2021-07-11,"Johnson&Johnson, Moderna, Oxford/AstraZeneca, Pfizer/BioNTech",5274346,3858227,9132573
2021-07-12,"Johnson&Johnson, Moderna, Oxford/AstraZeneca, Pfizer/BioNTech",5301853,3927299,9229152
2021-07-13,"Johnson&Johnson, Moderna, Oxford/AstraZeneca, Pfizer/BioNTech",5328039,3997142,9325181
2021-07-14,"Johnson&Johnson, Moderna, Oxford/AstraZeneca, Pfizer/BioNTech",5353845,4069111,9422956
2021-07-15,"Johnson&Johnson, Moderna, Oxford/AstraZeneca, Pfizer/BioNTech",5383000,4135095,9518095
2021-07-16,"Johnson&Johnson, Moderna, Oxford/AstraZeneca, Pfizer/BioNTech",5410920,4207796,9618716
2021-07-17,"Johnson&Johnson, Moderna, Oxford/AstraZeneca, Pfizer/BioNTech",5419690,4239225,9658915
2021-07-18,"Johnson&Johnson, Moderna, Oxford/AstraZeneca, Pfizer/BioNTech",5428127,4265213,9693340
2021-07-19,"Johnson&Johnson, Moderna, Oxford/AstraZeneca, Pfizer/BioNTech",5451471,4332222,9783693
2021-07-20,"Johnson&Johnson, Moderna, Oxford/AstraZeneca, Pfizer/BioNTech",5472848,4399255,9872103
2021-07-21,"Johnson&Johnson, Moderna, Oxford/AstraZeneca, Pfizer/BioNTech",5496292,4462688,9958980
2021-07-22,"Johnson&Johnson, Moderna, Oxford/AstraZeneca, Pfizer/BioNTech",5518648,4521278,10039926
2021-07-23,"Johnson&Johnson, Moderna, Oxford/AstraZeneca, Pfizer/BioNTech",5541847,4575992,10117839
2021-07-24,"Johnson&Johnson, Moderna, Oxford/AstraZeneca, Pfizer/BioNTech",5549161,4603641,10152802
2021-07-25,"Johnson&Johnson, Moderna, Oxford/AstraZeneca, Pfizer/BioNTech",5555774,4625754,10181528
2021-07-26,"Johnson&Johnson, Moderna, Oxford/AstraZeneca, Pfizer/BioNTech",5579310,4674403,10253713
2021-07-27,"Johnson&Johnson, Moderna, Oxford/AstraZeneca, Pfizer/BioNTech",5602030,4721002,10323032
2021-07-28,"Johnson&Johnson, Moderna, Oxford/AstraZeneca, Pfizer/BioNTech",5623276,4766947,10390223
2021-07-29,"Johnson&Johnson, Moderna, Oxford/AstraZeneca, Pfizer/BioNTech",5644590,4808865,10453455
2021-07-30,"Johnson&Johnson, Moderna, Oxford/AstraZeneca, Pfizer/BioNTech",5667859,4851380,10519239
2021-07-31,"Johnson&Johnson, Moderna, Oxford/AstraZeneca, Pfizer/BioNTech",5676780,4870891,10547671
2021-08-01,"Johnson&Johnson, Moderna, Oxford/AstraZeneca, Pfizer/BioNTech",5683495,4887042,10570537
2021-08-02,"Johnson&Johnson, Moderna, Oxford/AstraZeneca, Pfizer/BioNTech",5702122,4924556,10626678
2021-08-03,"Johnson&Johnson, Moderna, Oxford/AstraZeneca, Pfizer/BioNTech",5719746,4962615,10682361
2021-08-04,"Johnson&Johnson, Moderna, Oxford/AstraZeneca, Pfizer/BioNTech",5735842,4999313,10735155
2021-08-05,"Johnson&Johnson, Moderna, Oxford/AstraZeneca, Pfizer/BioNTech",5751875,5039753,10791628
2021-08-06,"Johnson&Johnson, Moderna, Oxford/AstraZeneca, Pfizer/BioNTech",5768653,5082996,10851649
2021-08-07,"Johnson&Johnson, Moderna, Oxford/AstraZeneca, Pfizer/BioNTech",5774246,5101144,10875390
2021-08-08,"Johnson&Johnson, Moderna, Oxford/AstraZeneca, Pfizer/BioNTech",5778603,5116879,10895482
2021-08-09,"Johnson&Johnson, Moderna, Oxford/AstraZeneca, Pfizer/BioNTech",5791239,5161894,10953133
2021-08-10,"Johnson&Johnson, Moderna, Oxford/AstraZeneca, Pfizer/BioNTech",5803077,5201422,11004499
2021-08-11,"Johnson&Johnson, Moderna, Oxford/AstraZeneca, Pfizer/BioNTech",5814436,5244512,11058948
2021-08-12,"Johnson&Johnson, Moderna, Oxford/AstraZeneca, Pfizer/BioNTech",5825852,5281598,11107450
2021-08-13,"Johnson&Johnson, Moderna, Oxford/AstraZeneca, Pfizer/BioNTech",5836575,5321903,11158478
2021-08-14,"Johnson&Johnson, Moderna, Oxford/AstraZeneca, Pfizer/BioNTech",5839910,5332589,11172499
2021-08-15,"Johnson&Johnson, Moderna, Oxford/AstraZeneca, Pfizer/BioNTech",5842492,5342951,11185443
2021-08-16,"Johnson&Johnson, Moderna, Oxford/AstraZeneca, Pfizer/BioNTech",5852280,5376998,11229278
2021-08-17,"Johnson&Johnson, Moderna, Oxford/AstraZeneca, Pfizer/BioNTech",5861873,5404072,11265945
2021-08-18,"Johnson&Johnson, Moderna, Oxford/AstraZeneca, Pfizer/BioNTech",5871240,5442921,11314161
2021-08-19,"Johnson&Johnson, Moderna, Oxford/AstraZeneca, Pfizer/BioNTech",5880905,5481246,11362151
2021-08-20,"Johnson&Johnson, Moderna, Oxford/AstraZeneca, Pfizer/BioNTech",5892287,5521412,11413699
2021-08-21,"Johnson&Johnson, Moderna, Oxford/AstraZeneca, Pfizer/BioNTech",5895004,5534157,11429161
2021-08-22,"Johnson&Johnson, Moderna, Oxford/AstraZeneca, Pfizer/BioNTech",5897343,5546113,11443456
2021-08-23,"Johnson&Johnson, Moderna, Oxford/AstraZeneca, Pfizer/BioNTech",5907872,5585354,11493226
2021-08-24,"Johnson&Johnson, Moderna, Oxford/AstraZeneca, Pfizer/BioNTech",5917736,5618576,11536312
2021-08-25,"Johnson&Johnson, Moderna, Oxford/AstraZeneca, Pfizer/BioNTech",5926600,5646929,11573529
2021-08-26,"Johnson&Johnson, Moderna, Oxford/AstraZeneca, Pfizer/BioNTech",5935045,5673040,11608085
2021-08-27,"Johnson&Johnson, Moderna, Oxford/AstraZeneca, Pfizer/BioNTech",5945363,5698977,11644340
2021-08-28,"Johnson&Johnson, Moderna, Oxford/AstraZeneca, Pfizer/BioNTech",5948087,5706013,11654100
2021-08-29,"Johnson&Johnson, Moderna, Oxford/AstraZeneca, Pfizer/BioNTech",5950497,5712632,11663129
2021-08-30,"Johnson&Johnson, Moderna, Oxford/AstraZeneca, Pfizer/BioNTech",5959022,5734486,11693508
2021-08-31,"Johnson&Johnson, Moderna, Oxford/AstraZeneca, Pfizer/BioNTech",5966696,5752557,11719253
2021-09-01,"Johnson&Johnson, Moderna, Oxford/AstraZeneca, Pfizer/BioNTech",5972582,5766539,11739121
2021-09-02,"Johnson&Johnson, Moderna, Oxford/AstraZeneca, Pfizer/BioNTech",5979417,5780919,11760336
2021-09-03,"Johnson&Johnson, Moderna, Oxford/AstraZeneca, Pfizer/BioNTech",5988972,5796614,11785586
2021-09-04,"Johnson&Johnson, Moderna, Oxford/AstraZeneca, Pfizer/BioNTech",5991040,5800165,11791205
2021-09-05,"Johnson&Johnson, Moderna, Oxford/AstraZeneca, Pfizer/BioNTech",5993078,5803006,11796084
2021-09-06,"Johnson&Johnson, Moderna, Oxford/AstraZeneca, Pfizer/BioNTech",5999313,5815520,11814833
2021-09-07,"Johnson&Johnson, Moderna, Oxford/AstraZeneca, Pfizer/BioNTech",6003705,5826612,11830317
2021-09-08,"Johnson&Johnson, Moderna, Oxford/AstraZeneca, Pfizer/BioNTech",6009372,5836447,11845819
2021-09-09,"Johnson&Johnson, Moderna, Oxford/AstraZeneca, Pfizer/BioNTech",6016055,5846501,11862556
2021-09-10,"Johnson&Johnson, Moderna, Oxford/AstraZeneca, Pfizer/BioNTech",6023739,5858671,11882410
2021-09-11,"Johnson&Johnson, Moderna, Oxford/AstraZeneca, Pfizer/BioNTech",6025602,5861147,11886749
2021-09-12,"Johnson&Johnson, Moderna, Oxford/AstraZeneca, Pfizer/BioNTech",6026716,5862773,11889489
2021-09-13,"Johnson&Johnson, Moderna, Oxford/AstraZeneca, Pfizer/BioNTech",6032145,5873059,11905204
2021-09-14,"Johnson&Johnson, Moderna, Oxford/AstraZeneca, Pfizer/BioNTech",6037529,5882065,11919594
2021-09-15,"Johnson&Johnson, Moderna, Oxford/AstraZeneca, Pfizer/BioNTech",6042721,5890580,11933301
2021-09-16,"Johnson&Johnson, Moderna, Oxford/AstraZeneca, Pfizer/BioNTech",6048064,5898846,11946910
2021-09-17,"Johnson&Johnson, Moderna, Oxford/AstraZeneca, Pfizer/BioNTech",6054634,5909069,11963703
2021-09-18,"Johnson&Johnson, Moderna, Oxford/AstraZeneca, Pfizer/BioNTech",6056357,5911423,11967780
2021-09-19,"Johnson&Johnson, Moderna, Oxford/AstraZeneca, Pfizer/BioNTech",6057298,5912988,11970286
2021-09-20,"Johnson&Johnson, Moderna, Oxford/AstraZeneca, Pfizer/BioNTech",6061311,5921180,11982491
2021-09-21,"Johnson&Johnson, Moderna, Oxford/AstraZeneca, Pfizer/BioNTech",6065537,5928706,11994243
2021-09-22,"Johnson&Johnson, Moderna, Oxford/AstraZeneca, Pfizer/BioNTech",6069714,5934216,12003930
2021-09-23,"Johnson&Johnson, Moderna, Oxford/AstraZeneca, Pfizer/BioNTech",6074692,5940616,12015308
2021-09-24,"Johnson&Johnson, Moderna, Oxford/AstraZeneca, Pfizer/BioNTech",6080452,5950230,12030682
2021-09-25,"Johnson&Johnson, Moderna, Oxford/AstraZeneca, Pfizer/BioNTech",6081946,5952225,12034171
2021-09-26,"Johnson&Johnson, Moderna, Pfizer/BioNTech",6082687,5953863,12036550
2021-09-27,"Johnson&Johnson, Moderna, Oxford/AstraZeneca, Pfizer/BioNTech",6086565,5960365,12046930
2021-09-28,"Johnson&Johnson, Moderna, Pfizer/BioNTech",6086924,5960983,12047907
2021-09-29,"Johnson&Johnson, Moderna, Oxford/AstraZeneca, Pfizer/BioNTech",6090698,5968438,12059136
2021-09-30,"Johnson&Johnson, Moderna, Oxford/AstraZeneca, Pfizer/BioNTech",6095198,5976131,12071329
2021-10-01,"Johnson&Johnson, Moderna, Oxford/AstraZeneca, Pfizer/BioNTech",6099492,5984095,12083587
2021-10-02,"Johnson&Johnson, Moderna, Oxford/AstraZeneca, Pfizer/BioNTech",6100552,5985631,12086183
2021-10-03,"Johnson&Johnson, Moderna, Pfizer/BioNTech",6101273,5986496,12087769
2021-10-04,"Johnson&Johnson, Moderna, Oxford/AstraZeneca, Pfizer/BioNTech",6104347,5992059,12096406
2021-10-05,"Johnson&Johnson, Moderna, Oxford/AstraZeneca, Pfizer/BioNTech",6107504,5997124,12104628
2021-10-06,"Johnson&Johnson, Moderna, Oxford/AstraZeneca, Pfizer/BioNTech",6111013,6002285,12113298
2021-10-07,"Johnson&Johnson, Moderna, Oxford/AstraZeneca, Pfizer/BioNTech",6114281,6007534,12121815
2021-10-08,"Johnson&Johnson, Moderna, Oxford/AstraZeneca, Pfizer/BioNTech",6119068,6014161,12133229
2021-10-09,"Johnson&Johnson, Moderna, Oxford/AstraZeneca, Pfizer/BioNTech",6120310,6015813,12136123
2021-10-10,"Johnson&Johnson, Moderna, Oxford/AstraZeneca, Pfizer/BioNTech",6121251,6016642,12137893
2021-10-11,"Johnson&Johnson, Moderna, Oxford/AstraZeneca, Pfizer/BioNTech",6124180,6021051,12145231
2021-10-12,"Johnson&Johnson, Moderna, Oxford/AstraZeneca, Pfizer/BioNTech",6127105,6025048,12152153
2021-10-13,"Johnson&Johnson, Moderna, Oxford/AstraZeneca, Pfizer/BioNTech",6130637,6029227,12159864
2021-10-14,"Johnson&Johnson, Moderna, Oxford/AstraZeneca, Pfizer/BioNTech",6134313,6034172,12168485
2021-10-15,"Johnson&Johnson, Moderna, Oxford/AstraZeneca, Pfizer/BioNTech",6139542,6040309,12179851
2021-10-16,"Johnson&Johnson, Moderna, Oxford/AstraZeneca, Pfizer/BioNTech",6140952,6041829,12182781
2021-10-17,"Johnson&Johnson, Moderna, Pfizer/BioNTech",6142274,6042882,12185156
2021-10-18,"Johnson&Johnson, Moderna, Oxford/AstraZeneca, Pfizer/BioNTech",6146387,6046975,12193362
2021-10-19,"Johnson&Johnson, Moderna, Oxford/AstraZeneca, Pfizer/BioNTech",6149967,6049063,12199030
2021-10-20,"Johnson&Johnson, Moderna, Oxford/AstraZeneca, Pfizer/BioNTech",6154840,6053512,12208352
2021-10-21,"Johnson&Johnson, Moderna, Oxford/AstraZeneca, Pfizer/BioNTech",6162605,6059107,12221712
2021-10-22,"Johnson&Johnson, Moderna, Oxford/AstraZeneca, Pfizer/BioNTech",6173046,6065605,12238651
2021-10-23,"Johnson&Johnson, Moderna, Pfizer/BioNTech",6176722,6067811,12244533
2021-10-24,"Johnson&Johnson, Moderna, Pfizer/BioNTech",6179407,6069590,12248997
2021-10-25,"Johnson&Johnson, Moderna, Oxford/AstraZeneca, Pfizer/BioNTech",6189893,6075386,12265279
2021-10-26,"Johnson&Johnson, Moderna, Oxford/AstraZeneca, Pfizer/BioNTech",6201877,6081928,12283805
2021-10-27,"Johnson&Johnson, Moderna, Oxford/AstraZeneca, Pfizer/BioNTech",6216481,6089329,12305810
2021-10-28,"Johnson&Johnson, Moderna, Oxford/AstraZeneca, Pfizer/BioNTech",6219896,6091002,12310898
2021-10-29,"Johnson&Johnson, Moderna, Oxford/AstraZeneca, Pfizer/BioNTech",6234316,6098969,12333285
2021-10-30,"Johnson&Johnson, Moderna, Pfizer/BioNTech",6238847,6101884,12340731
2021-10-31,"Johnson&Johnson, Moderna, Oxford/AstraZeneca, Pfizer/BioNTech",6242610,6104356,12346966
2021-11-01,"Johnson&Johnson, Moderna, Oxford/AstraZeneca, Pfizer/BioNTech",6257805,6112036,12369841
2021-11-02,"Johnson&Johnson, Moderna, Oxford/AstraZeneca, Pfizer/BioNTech",6273248,6119581,12392829
2021-11-03,"Johnson&Johnson, Moderna, Oxford/AstraZeneca, Pfizer/BioNTech",6290429,6126870,12417299
2021-11-04,"Johnson&Johnson, Moderna, Oxford/AstraZeneca, Pfizer/BioNTech",6308778,6135036,12443814
2021-11-05,"Johnson&Johnson, Moderna, Oxford/AstraZeneca, Pfizer/BioNTech",6331576,6146301,12477877
2021-11-06,"Johnson&Johnson, Moderna, Pfizer/BioNTech",6338086,6149352,12487438
2021-11-07,"Johnson&Johnson, Moderna, Pfizer/BioNTech",6342104,6151783,12493887
2021-11-08,"Johnson&Johnson, Moderna, Oxford/AstraZeneca, Pfizer/BioNTech",6358411,6159414,12517825
2021-11-09,"Johnson&Johnson, Moderna, Oxford/AstraZeneca, Pfizer/BioNTech",6373217,6166707,12539924
2021-11-10,"Johnson&Johnson, Moderna, Oxford/AstraZeneca, Pfizer/BioNTech",6388955,6174078,12563033
2021-11-11,"Johnson&Johnson, Moderna, Oxford/AstraZeneca, Pfizer/BioNTech",6404417,6183177,12587594
2021-11-12,"Johnson&Johnson, Moderna, Oxford/AstraZeneca, Pfizer/BioNTech",6424216,6195953,12620169
2021-11-13,"Johnson&Johnson, Moderna, Oxford/AstraZeneca, Pfizer/BioNTech",6429605,6199817,12629422
2021-11-14,"Johnson&Johnson, Moderna, Oxford/AstraZeneca, Pfizer/BioNTech",6433493,6202819,12636312
2021-11-15,"Johnson&Johnson, Moderna, Oxford/AstraZeneca, Pfizer/BioNTech",6448569,6213504,12662073
2021-11-16,"Johnson&Johnson, Moderna, Oxford/AstraZeneca, Pfizer/BioNTech",6466108,6225476,12691584
2021-11-17,"Johnson&Johnson, Moderna, Oxford/AstraZeneca, Pfizer/BioNTech",6470346,6229037,12699383
2021-11-18,"Johnson&Johnson, Moderna, Oxford/AstraZeneca, Pfizer/BioNTech",6489749,6240714,12730463
2021-11-19,"Johnson&Johnson, Moderna, Oxford/AstraZeneca, Pfizer/BioNTech",6514362,6257684,12772046
2021-11-20,"Johnson&Johnson, Moderna, Pfizer/BioNTech",6522934,6262660,12785594
2021-11-21,"Johnson&Johnson, Moderna, Pfizer/BioNTech",6529706,6266430,12796136
2021-11-22,"Johnson&Johnson, Moderna, Oxford/AstraZeneca, Pfizer/BioNTech",6548212,6280534,12828746
2021-11-23,"Johnson&Johnson, Moderna, Oxford/AstraZeneca, Pfizer/BioNTech",6567271,6293790,12861061
2021-11-24,"Johnson&Johnson, Moderna, Oxford/AstraZeneca, Pfizer/BioNTech",6586255,6309627,12895882
2021-11-25,"Johnson&Johnson, Moderna, Oxford/AstraZeneca, Pfizer/BioNTech",6605398,6324648,12930046
2021-11-26,"Johnson&Johnson, Moderna, Oxford/AstraZeneca, Pfizer/BioNTech",6627036,6343768,12970804
2021-11-27,"Johnson&Johnson, Moderna, Pfizer/BioNTech",6634493,6349318,12983811
2021-11-28,"Johnson&Johnson, Moderna, Oxford/AstraZeneca, Pfizer/BioNTech",6637824,6352451,12990275
2021-11-29,"Johnson&Johnson, Moderna, Oxford/AstraZeneca, Pfizer/BioNTech",6653022,6366102,13019124
2021-11-30,"Johnson&Johnson, Moderna, Oxford/AstraZeneca, Pfizer/BioNTech",6666168,6377318,13043486
2021-12-01,"Johnson&Johnson, Moderna, Oxford/AstraZeneca, Pfizer/BioNTech",6680165,6389757,13069922
2021-12-02,"Johnson&Johnson, Moderna, Oxford/AstraZeneca, Pfizer/BioNTech",6690745,6402240,13092985
2021-12-03,"Johnson&Johnson, Moderna, Oxford/AstraZeneca, Pfizer/BioNTech",6700346,6417796,13118142
2021-12-04,"Johnson&Johnson, Moderna, Pfizer/BioNTech",6702902,6421742,13124644
2021-12-05,"Johnson&Johnson, Moderna, Pfizer/BioNTech",6704252,6424077,13128329
2021-12-06,"Johnson&Johnson, Moderna, Oxford/AstraZeneca, Pfizer/BioNTech",6712393,6435593,13147986
2021-12-07,"Johnson&Johnson, Moderna, Oxford/AstraZeneca, Pfizer/BioNTech",6720231,6447582,13167813
2021-12-08,"Johnson&Johnson, Moderna, Oxford/AstraZeneca, Pfizer/BioNTech",6728446,6453495,13181941
2021-12-09,"Johnson&Johnson, Moderna, Oxford/AstraZeneca, Pfizer/BioNTech",6735530,6466301,13201831
2021-12-10,"Johnson&Johnson, Moderna, Oxford/AstraZeneca, Pfizer/BioNTech",6742400,6484101,13226501
2021-12-11,"Johnson&Johnson, Moderna, Pfizer/BioNTech",6744055,6489369,13233424
2021-12-12,"Johnson&Johnson, Moderna, Pfizer/BioNTech",6745359,6493799,13239158
2021-12-13,"Johnson&Johnson, Moderna, Oxford/AstraZeneca, Pfizer/BioNTech",6751690,6507102,13258792
2021-12-14,"Johnson&Johnson, Moderna, Oxford/AstraZeneca, Pfizer/BioNTech",6757863,6520758,13278621
2021-12-15,"Johnson&Johnson, Moderna, Oxford/AstraZeneca, Pfizer/BioNTech",6764014,6534349,13298363
2021-12-16,"Johnson&Johnson, Moderna, Oxford/AstraZeneca, Pfizer/BioNTech",6770906,6549125,13320031
2021-12-17,"Johnson&Johnson, Moderna, Oxford/AstraZeneca, Pfizer/BioNTech",6779168,6566360,13345528
2021-12-18,"Johnson&Johnson, Moderna, Oxford/AstraZeneca, Pfizer/BioNTech",6781752,6571799,13353551
2021-12-19,"Johnson&Johnson, Moderna, Pfizer/BioNTech",6783518,6574299,13357817
2021-12-20,"Johnson&Johnson, Moderna, Oxford/AstraZeneca, Pfizer/BioNTech",6789268,6588301,13377569
2021-12-21,"Johnson&Johnson, Moderna, Oxford/AstraZeneca, Pfizer/BioNTech",6795886,6600277,13396163
2021-12-22,"Johnson&Johnson, Moderna, Pfizer/BioNTech",6800905,6613295,13414200
2021-12-23,"Johnson&Johnson, Moderna, Oxford/AstraZeneca, Pfizer/BioNTech",6803765,6618877,13422642
2021-12-24,"Johnson&Johnson, Moderna, Pfizer/BioNTech",6803806,6618973,13422779
2021-12-25,"Moderna, Pfizer/BioNTech",6803806,6618978,13422784
2021-12-26,"Moderna, Pfizer/BioNTech",6803904,6619176,13423080
2021-12-27,"Johnson&Johnson, Moderna, Pfizer/BioNTech",6807729,6628878,13436607
2021-12-28,"Johnson&Johnson, Moderna, Oxford/AstraZeneca, Pfizer/BioNTech",6812951,6636802,13449753
2021-12-29,"Johnson&Johnson, Moderna, Oxford/AstraZeneca, Pfizer/BioNTech",6817227,6644495,13461722
2021-12-30,"Johnson&Johnson, Moderna, Pfizer/BioNTech",6821519,6649892,13471411
2021-12-31,"Johnson&Johnson, Moderna, Pfizer/BioNTech",6822022,6651304,13473326
2022-01-01,"Johnson&Johnson, Moderna, Pfizer/BioNTech",6822023,6651322,13473345
2022-01-02,"Johnson&Johnson, Moderna, Pfizer/BioNTech",6822875,6652701,13475576
2022-01-03,"Johnson&Johnson, Moderna, Oxford/AstraZeneca, Pfizer/BioNTech",6826805,6661494,13488299
2022-01-04,"Johnson&Johnson, Moderna, Oxford/AstraZeneca, Pfizer/BioNTech",6831828,6669106,13500934
2022-01-05,"Johnson&Johnson, Moderna, Oxford/AstraZeneca, Pfizer/BioNTech",6837532,6676905,13514437
2022-01-06,"Johnson&Johnson, Moderna, Oxford/AstraZeneca, Pfizer/BioNTech",6843524,6684891,13528415
