date,vaccine,people_vaccinated,people_fully_vaccinated,total_vaccinations
2020-12-27,Pfizer/BioNTech,1286,0,1286
2020-12-28,Pfizer/BioNTech,3589,0,3589
2020-12-29,Pfizer/BioNTech,7060,1,7061
2020-12-30,Pfizer/BioNTech,10576,1,10577
2020-12-31,Pfizer/BioNTech,11889,1,11890
2021-01-01,"Moderna, Pfizer/BioNTech",12160,1,12161
2021-01-02,"Moderna, Pfizer/BioNTech",13446,2,13448
2021-01-03,"Moderna, Pfizer/BioNTech",14373,2,14375
2021-01-04,"Moderna, Pfizer/BioNTech",17982,3,17985
2021-01-05,"Moderna, Pfizer/BioNTech",22507,4,22511
2021-01-06,"Moderna, Pfizer/BioNTech",28353,5,28358
2021-01-07,"Moderna, Pfizer/BioNTech",36352,5,36357
2021-01-08,"Moderna, Pfizer/BioNTech",46405,6,46411
2021-01-09,"Moderna, Pfizer/BioNTech",48431,8,48439
2021-01-10,Pfizer/BioNTech,50203,10,50213
2021-01-11,"Moderna, Pfizer/BioNTech",60060,12,60072
2021-01-12,"Moderna, Pfizer/BioNTech",73514,14,73528
2021-01-13,"Moderna, Pfizer/BioNTech",87060,15,87075
2021-01-14,"Moderna, Pfizer/BioNTech",102311,19,102330
2021-01-15,"Moderna, Pfizer/BioNTech",116331,20,116351
2021-01-16,"Moderna, Pfizer/BioNTech",119735,24,119759
2021-01-17,"Moderna, Pfizer/BioNTech",122355,660,123015
2021-01-18,"Moderna, Pfizer/BioNTech",134846,2486,137332
2021-01-19,"Moderna, Pfizer/BioNTech",147457,5215,152672
2021-01-20,"Moderna, Pfizer/BioNTech",161154,7880,169034
2021-01-21,"Moderna, Pfizer/BioNTech",176807,9623,186430
2021-01-22,"Moderna, Pfizer/BioNTech",191698,10668,202366
2021-01-23,"Moderna, Pfizer/BioNTech",195016,11548,206564
2021-01-24,"Moderna, Pfizer/BioNTech",197272,12419,209691
2021-01-25,"Moderna, Pfizer/BioNTech",206927,15388,222315
2021-01-26,"Moderna, Pfizer/BioNTech",217475,19379,236854
2021-01-27,"Moderna, Pfizer/BioNTech",226507,23914,250421
2021-01-28,"Moderna, Pfizer/BioNTech",233613,30048,263661
2021-01-29,"Indie/AstraZeneca, Moderna, Pfizer/BioNTech",239830,37958,277788
2021-01-30,"Moderna, Pfizer/BioNTech",240571,39046,279617
2021-01-31,"Moderna, Pfizer/BioNTech",241290,40228,281518
2021-02-01,"Moderna, Pfizer/BioNTech",245273,48197,293470
2021-02-02,"Moderna, Pfizer/BioNTech",249429,58437,307866
2021-02-03,"Moderna, Pfizer/BioNTech",253856,69457,323313
2021-02-04,"Moderna, Pfizer/BioNTech",258763,82448,341211
2021-02-05,"Moderna, Pfizer/BioNTech",264237,93122,357359
2021-02-06,"Moderna, Oxford/AstraZeneca, Pfizer/BioNTech",265094,95488,360582
2021-02-07,"Moderna, Oxford/AstraZeneca, Pfizer/BioNTech",265945,97988,363933
2021-02-08,"Moderna, Oxford/AstraZeneca, Pfizer/BioNTech",270036,109415,379451
2021-02-09,"Moderna, Oxford/AstraZeneca, Pfizer/BioNTech",275148,121328,396476
2021-02-10,"Moderna, Oxford/AstraZeneca, Pfizer/BioNTech",280667,134588,415255
2021-02-11,"Moderna, Oxford/AstraZeneca, Pfizer/BioNTech",287009,150808,437817
2021-02-12,"Moderna, Oxford/AstraZeneca, Pfizer/BioNTech",293837,165556,459393
2021-02-13,"Moderna, Oxford/AstraZeneca, Pfizer/BioNTech",295455,168543,463998
2021-02-14,"Moderna, Oxford/AstraZeneca, Pfizer/BioNTech",296461,169930,466391
2021-02-15,"Moderna, Oxford/AstraZeneca, Pfizer/BioNTech",302861,179301,482162
2021-02-16,"Moderna, Oxford/AstraZeneca, Pfizer/BioNTech",311581,188382,499963
2021-02-17,"Moderna, Oxford/AstraZeneca, Pfizer/BioNTech",321283,196694,517977
2021-02-18,"Moderna, Oxford/AstraZeneca, Pfizer/BioNTech",333612,204777,538389
2021-02-19,"Moderna, Oxford/AstraZeneca, Pfizer/BioNTech",345478,212154,557632
2021-02-20,"Moderna, Oxford/AstraZeneca, Pfizer/BioNTech",347488,213340,560828
2021-02-21,"Moderna, Oxford/AstraZeneca, Pfizer/BioNTech",348625,214366,562991
2021-02-22,"Moderna, Oxford/AstraZeneca, Pfizer/BioNTech",358749,220403,579152
2021-02-23,"Moderna, Oxford/AstraZeneca, Pfizer/BioNTech",371714,227395,599109
2021-02-24,"Moderna, Oxford/AstraZeneca, Pfizer/BioNTech",385597,233437,619034
2021-02-25,"Moderna, Oxford/AstraZeneca, Pfizer/BioNTech",403579,238988,642567
2021-02-26,"Moderna, Oxford/AstraZeneca, Pfizer/BioNTech",419759,244348,664107
2021-02-27,"Moderna, Oxford/AstraZeneca, Pfizer/BioNTech",422768,244907,667675
2021-02-28,"Moderna, Oxford/AstraZeneca, Pfizer/BioNTech",425126,245458,670584
2021-03-01,"Moderna, Oxford/AstraZeneca, Pfizer/BioNTech",444726,248905,693631
2021-03-02,"Indie/AstraZeneca, Moderna, Oxford/AstraZeneca, Pfizer/BioNTech",471955,252460,724415
2021-03-03,"Moderna, Oxford/AstraZeneca, Pfizer/BioNTech",502911,256972,759883
2021-03-04,"Moderna, Oxford/AstraZeneca, Pfizer/BioNTech",536196,261663,797859
2021-03-05,"Johnson&Johnson, Moderna, Oxford/AstraZeneca, Pfizer/BioNTech",565042,267092,832134
2021-03-06,"Johnson&Johnson, Moderna, Oxford/AstraZeneca, Pfizer/BioNTech",577202,267958,845160
2021-03-07,"Johnson&Johnson, Moderna, Oxford/AstraZeneca, Pfizer/BioNTech",588752,268801,857553
2021-03-08,"Johnson&Johnson, Moderna, Oxford/AstraZeneca, Pfizer/BioNTech",618501,273664,892165
2021-03-09,"Johnson&Johnson, Moderna, Oxford/AstraZeneca, Pfizer/BioNTech",654874,280051,934925
2021-03-10,"Johnson&Johnson, Moderna, Oxford/AstraZeneca, Pfizer/BioNTech",696207,287011,983218
2021-03-11,"Johnson&Johnson, Moderna, Oxford/AstraZeneca, Pfizer/BioNTech",741065,295386,1036451
2021-03-12,"Johnson&Johnson, Moderna, Oxford/AstraZeneca, Pfizer/BioNTech, Čína",779827,303887,1083714
2021-03-13,"Johnson&Johnson, Moderna, Oxford/AstraZeneca, Pfizer/BioNTech",796940,305203,1102143
2021-03-14,"Johnson&Johnson, Moderna, Oxford/AstraZeneca, Pfizer/BioNTech",809058,306360,1115418
2021-03-15,"Johnson&Johnson, Moderna, Oxford/AstraZeneca, Pfizer/BioNTech",837453,315140,1152593
2021-03-16,"Johnson&Johnson, Moderna, Oxford/AstraZeneca, Pfizer/BioNTech",876351,325677,1202028
2021-03-17,"Moderna, Oxford/AstraZeneca, Pfizer/BioNTech",913836,336192,1250028
2021-03-18,"Johnson&Johnson, Moderna, Oxford/AstraZeneca, Pfizer/BioNTech",951843,348618,1300461
2021-03-19,"Johnson&Johnson, Moderna, Oxford/AstraZeneca, Pfizer/BioNTech",986365,362232,1348597
2021-03-20,"Johnson&Johnson, Moderna, Oxford/AstraZeneca, Pfizer/BioNTech",1001548,364262,1365810
2021-03-21,"Johnson&Johnson, Moderna, Oxford/AstraZeneca, Pfizer/BioNTech",1008996,365822,1374818
2021-03-22,"Indie/AstraZeneca, Johnson&Johnson, Moderna, Oxford/AstraZeneca, Pfizer/BioNTech",1033572,378323,1411895
2021-03-23,"Johnson&Johnson, Moderna, Oxford/AstraZeneca, Pfizer/BioNTech",1060249,391690,1451939
2021-03-24,"Johnson&Johnson, Moderna, Oxford/AstraZeneca, Pfizer/BioNTech",1087146,407435,1494581
2021-03-25,"Indie/AstraZeneca, Johnson&Johnson, Moderna, Oxford/AstraZeneca, Pfizer/BioNTech",1113507,425289,1538796
2021-03-26,"Johnson&Johnson, Moderna, Oxford/AstraZeneca, Pfizer/BioNTech",1138349,442802,1581151
2021-03-27,"Johnson&Johnson, Moderna, Oxford/AstraZeneca, Pfizer/BioNTech, Čína",1146812,447649,1594461
2021-03-28,"Moderna, Oxford/AstraZeneca, Pfizer/BioNTech",1152360,451797,1604157
2021-03-29,"Johnson&Johnson, Moderna, Oxford/AstraZeneca, Pfizer/BioNTech",1171521,472530,1644051
2021-03-30,"Johnson&Johnson, Moderna, Oxford/AstraZeneca, Pfizer/BioNTech",1196229,494718,1690947
2021-03-31,"Johnson&Johnson, Moderna, Oxford/AstraZeneca, Pfizer/BioNTech",1219389,521787,1741176
2021-04-01,"Indie/AstraZeneca, Johnson&Johnson, Moderna, Oxford/AstraZeneca, Pfizer/BioNTech",1245080,553844,1798924
2021-04-02,"Indie/AstraZeneca, Johnson&Johnson, Moderna, Oxford/AstraZeneca, Pfizer/BioNTech",1252065,566640,1818705
2021-04-03,"Johnson&Johnson, Moderna, Oxford/AstraZeneca, Pfizer/BioNTech",1255720,577573,1833293
2021-04-04,"Johnson&Johnson, Moderna, Oxford/AstraZeneca, Pfizer/BioNTech",1258266,586498,1844764
2021-04-05,"Johnson&Johnson, Moderna, Oxford/AstraZeneca, Pfizer/BioNTech",1260699,593703,1854402
2021-04-06,"Indie/AstraZeneca, Johnson&Johnson, Moderna, Oxford/AstraZeneca, Pfizer/BioNTech, Čína",1276920,622979,1899899
2021-04-07,"Johnson&Johnson, Moderna, Oxford/AstraZeneca, Pfizer/BioNTech",1300422,645218,1945640
2021-04-08,"Johnson&Johnson, Moderna, Oxford/AstraZeneca, Pfizer/BioNTech",1339243,676266,2015509
2021-04-09,"Indie/AstraZeneca, Johnson&Johnson, Moderna, Oxford/AstraZeneca, Pfizer/BioNTech",1378842,706468,2085310
2021-04-10,"Johnson&Johnson, Moderna, Oxford/AstraZeneca, Pfizer/BioNTech",1394411,721782,2116193
2021-04-11,"Johnson&Johnson, Moderna, Oxford/AstraZeneca, Pfizer/BioNTech",1404206,731839,2136045
2021-04-12,"Johnson&Johnson, Moderna, Oxford/AstraZeneca, Pfizer/BioNTech",1442529,756984,2199513
2021-04-13,"Moderna, Oxford/AstraZeneca, Pfizer/BioNTech",1478838,783027,2261865
2021-04-14,"Moderna, Oxford/AstraZeneca, Pfizer/BioNTech",1517729,810406,2328135
2021-04-15,"Moderna, Oxford/AstraZeneca, Pfizer/BioNTech",1565565,836187,2401752
2021-04-16,"Moderna, Oxford/AstraZeneca, Pfizer/BioNTech",1610287,861868,2472155
2021-04-17,"Indie/AstraZeneca, Moderna, Oxford/AstraZeneca, Pfizer/BioNTech",1627015,870893,2497908
2021-04-18,"Moderna, Oxford/AstraZeneca, Pfizer/BioNTech",1640016,875879,2515895
2021-04-19,"Johnson&Johnson, Moderna, Oxford/AstraZeneca, Pfizer/BioNTech",1683992,891320,2575312
2021-04-20,"Johnson&Johnson, Moderna, Oxford/AstraZeneca, Pfizer/BioNTech",1726583,907210,2633793
2021-04-21,"Moderna, Oxford/AstraZeneca, Pfizer/BioNTech",1774349,921581,2695930
2021-04-22,"Johnson&Johnson, Moderna, Oxford/AstraZeneca, Pfizer/BioNTech",1828882,938980,2767862
2021-04-23,"Johnson&Johnson, Moderna, Oxford/AstraZeneca, Pfizer/BioNTech",1878893,951046,2829939
2021-04-24,"Johnson&Johnson, Moderna, Oxford/AstraZeneca, Pfizer/BioNTech, Čína",1896770,956316,2853086
2021-04-25,"Johnson&Johnson, Moderna, Oxford/AstraZeneca, Pfizer/BioNTech",1911483,960321,2871804
2021-04-26,"Johnson&Johnson, Moderna, Oxford/AstraZeneca, Pfizer/BioNTech",1961098,967891,2928989
2021-04-27,"Johnson&Johnson, Moderna, Oxford/AstraZeneca, Pfizer/BioNTech",2010089,980145,2990234
2021-04-28,"Johnson&Johnson, Moderna, Oxford/AstraZeneca, Pfizer/BioNTech",2068873,994168,3063041
2021-04-29,"Johnson&Johnson, Moderna, Oxford/AstraZeneca, Pfizer/BioNTech",2134494,1010090,3144584
2021-04-30,"Johnson&Johnson, Moderna, Oxford/AstraZeneca, Pfizer/BioNTech",2196786,1020086,3216872
2021-05-01,"Johnson&Johnson, Moderna, Oxford/AstraZeneca, Pfizer/BioNTech",2216180,1023552,3239732
2021-05-02,"Johnson&Johnson, Moderna, Oxford/AstraZeneca, Pfizer/BioNTech",2235132,1025843,3260975
2021-05-03,"Johnson&Johnson, Moderna, Oxford/AstraZeneca, Pfizer/BioNTech",2302409,1030928,3333337
2021-05-04,"Johnson&Johnson, Moderna, Oxford/AstraZeneca, Pfizer/BioNTech",2368970,1039302,3408272
2021-05-05,"Johnson&Johnson, Moderna, Oxford/AstraZeneca, Pfizer/BioNTech",2442181,1048751,3490932
2021-05-06,"Johnson&Johnson, Moderna, Oxford/AstraZeneca, Pfizer/BioNTech",2522621,1059505,3582126
2021-05-07,"Indie/AstraZeneca, Johnson&Johnson, Moderna, Oxford/AstraZeneca, Pfizer/BioNTech",2599961,1069650,3669611
2021-05-08,"Johnson&Johnson, Moderna, Oxford/AstraZeneca, Pfizer/BioNTech",2629506,1071444,3700950
2021-05-09,"Johnson&Johnson, Moderna, Oxford/AstraZeneca, Pfizer/BioNTech",2653750,1072667,3726417
2021-05-10,"Johnson&Johnson, Moderna, Oxford/AstraZeneca, Pfizer/BioNTech",2726551,1079914,3806465
2021-05-11,"Johnson&Johnson, Moderna, Oxford/AstraZeneca, Pfizer/BioNTech",2802707,1088750,3891457
2021-05-12,"Johnson&Johnson, Moderna, Oxford/AstraZeneca, Pfizer/BioNTech",2882651,1097897,3980548
2021-05-13,"Johnson&Johnson, Moderna, Oxford/AstraZeneca, Pfizer/BioNTech",2966708,1107087,4073795
2021-05-14,"Johnson&Johnson, Moderna, Oxford/AstraZeneca, Pfizer/BioNTech",3046265,1114915,4161180
2021-05-15,"Johnson&Johnson, Moderna, Oxford/AstraZeneca, Pfizer/BioNTech",3078230,1117202,4195432
2021-05-16,"Johnson&Johnson, Moderna, Oxford/AstraZeneca, Pfizer/BioNTech",3104046,1118489,4222535
2021-05-17,"Indie/AstraZeneca, Johnson&Johnson, Moderna, Oxford/AstraZeneca, Pfizer/BioNTech",3176587,1125248,4301835
2021-05-18,"Indie/AstraZeneca, Johnson&Johnson, Moderna, Oxford/AstraZeneca, Pfizer/BioNTech",3248579,1138375,4386954
2021-05-19,"Johnson&Johnson, Moderna, Oxford/AstraZeneca, Pfizer/BioNTech",3326081,1153550,4479631
2021-05-20,"Johnson&Johnson, Moderna, Oxford/AstraZeneca, Pfizer/BioNTech",3401582,1180622,4582204
2021-05-21,"Johnson&Johnson, Moderna, Oxford/AstraZeneca, Pfizer/BioNTech",3470446,1208433,4678879
2021-05-22,"Johnson&Johnson, Moderna, Oxford/AstraZeneca, Pfizer/BioNTech",3502921,1219678,4722599
2021-05-23,"Johnson&Johnson, Moderna, Oxford/AstraZeneca, Pfizer/BioNTech",3525372,1228720,4754092
2021-05-24,"Johnson&Johnson, Moderna, Oxford/AstraZeneca, Pfizer/BioNTech",3572593,1262403,4834996
2021-05-25,"Indie/AstraZeneca, Johnson&Johnson, Moderna, Oxford/AstraZeneca, Pfizer/BioNTech",3624518,1298250,4922768
2021-05-26,"Johnson&Johnson, Moderna, Oxford/AstraZeneca, Pfizer/BioNTech",3692292,1335815,5028107
2021-05-27,"Indie/AstraZeneca, Johnson&Johnson, Moderna, Oxford/AstraZeneca, Pfizer/BioNTech",3753733,1383183,5136916
2021-05-28,"Johnson&Johnson, Moderna, Oxford/AstraZeneca, Pfizer/BioNTech",3815484,1429801,5245285
2021-05-29,"Indie/AstraZeneca, Johnson&Johnson, Moderna, Oxford/AstraZeneca, Pfizer/BioNTech",3844762,1446950,5291712
2021-05-30,"Johnson&Johnson, Moderna, Oxford/AstraZeneca, Pfizer/BioNTech, Čína",3867184,1461423,5328607
2021-05-31,"Indie/AstraZeneca, Johnson&Johnson, Moderna, Oxford/AstraZeneca, Pfizer/BioNTech",3922932,1508963,5431895
2021-06-01,"Johnson&Johnson, Moderna, Oxford/AstraZeneca, Pfizer/BioNTech",3982057,1557858,5539915
2021-06-02,"Johnson&Johnson, Moderna, Oxford/AstraZeneca, Pfizer/BioNTech",4045040,1611894,5656934
2021-06-03,"Johnson&Johnson, Moderna, Oxford/AstraZeneca, Pfizer/BioNTech",4103306,1672143,5775449
2021-06-04,"Johnson&Johnson, Moderna, Oxford/AstraZeneca, Pfizer/BioNTech",4166455,1729576,5896031
2021-06-05,"Indie/AstraZeneca, Johnson&Johnson, Moderna, Oxford/AstraZeneca, Pfizer/BioNTech",4200651,1748511,5949162
2021-06-06,"Johnson&Johnson, Moderna, Oxford/AstraZeneca, Pfizer/BioNTech",4227615,1763691,5991306
2021-06-07,"Johnson&Johnson, Moderna, Oxford/AstraZeneca, Pfizer/BioNTech",4291313,1819346,6110659
2021-06-08,"Indie/AstraZeneca, Johnson&Johnson, Moderna, Oxford/AstraZeneca, Pfizer/BioNTech",4355333,1874373,6229706
2021-06-09,"Indie/AstraZeneca, Johnson&Johnson, Moderna, Oxford/AstraZeneca, Pfizer/BioNTech",4414559,1939073,6353632
2021-06-10,"Johnson&Johnson, Moderna, Oxford/AstraZeneca, Pfizer/BioNTech",4468426,2010399,6478825
2021-06-11,"Johnson&Johnson, Moderna, Oxford/AstraZeneca, Pfizer/BioNTech",4520555,2080263,6600818
2021-06-12,"Indie/AstraZeneca, Johnson&Johnson, Moderna, Oxford/AstraZeneca, Pfizer/BioNTech",4552591,2101127,6653718
2021-06-13,"Johnson&Johnson, Moderna, Oxford/AstraZeneca, Pfizer/BioNTech",4576635,2119574,6696209
2021-06-14,"Johnson&Johnson, Moderna, Oxford/AstraZeneca, Pfizer/BioNTech, Čína",4619738,2193992,6813730
2021-06-15,"Johnson&Johnson, Moderna, Oxford/AstraZeneca, Pfizer/BioNTech",4664430,2266411,6930841
2021-06-16,"Johnson&Johnson, Moderna, Oxford/AstraZeneca, Pfizer/BioNTech",4707262,2344665,7051927
2021-06-17,"Johnson&Johnson, Moderna, Oxford/AstraZeneca, Pfizer/BioNTech",4746703,2427792,7174495
2021-06-18,"Johnson&Johnson, Moderna, Oxford/AstraZeneca, Pfizer/BioNTech",4789157,2508403,7297560
2021-06-19,"Johnson&Johnson, Moderna, Oxford/AstraZeneca, Pfizer/BioNTech, Čína",4810963,2537759,7348722
2021-06-20,"Johnson&Johnson, Moderna, Oxford/AstraZeneca, Pfizer/BioNTech, Čína",4828380,2561647,7390027
2021-06-21,"Johnson&Johnson, Moderna, Oxford/AstraZeneca, Pfizer/BioNTech, Čína",4860899,2640286,7501185
2021-06-22,"Johnson&Johnson, Moderna, Oxford/AstraZeneca, Pfizer/BioNTech",4893887,2722637,7616524
2021-06-23,"Johnson&Johnson, Moderna, Oxford/AstraZeneca, Pfizer/BioNTech",4925619,2807911,7733530
2021-06-24,"Johnson&Johnson, Moderna, Oxford/AstraZeneca, Pfizer/BioNTech, Čína",4955500,2898002,7853502
2021-06-25,"Johnson&Johnson, Moderna, Oxford/AstraZeneca, Pfizer/BioNTech",4986601,2984267,7970868
2021-06-26,"Johnson&Johnson, Moderna, Oxford/AstraZeneca, Pfizer/BioNTech",5002509,3019165,8021674
2021-06-27,"Johnson&Johnson, Moderna, Oxford/AstraZeneca, Pfizer/BioNTech",5016474,3045894,8062368
2021-06-28,"Johnson&Johnson, Moderna, Oxford/AstraZeneca, Pfizer/BioNTech",5044906,3131139,8176045
2021-06-29,"Johnson&Johnson, Moderna, Oxford/AstraZeneca, Pfizer/BioNTech",5074203,3217712,8291915
2021-06-30,"Johnson&Johnson, Moderna, Oxford/AstraZeneca, Pfizer/BioNTech",5101719,3308790,8410509
2021-07-01,"Johnson&Johnson, Moderna, Oxford/AstraZeneca, Pfizer/BioNTech",5125740,3398918,8524658
2021-07-02,"Johnson&Johnson, Moderna, Oxford/AstraZeneca, Pfizer/BioNTech",5152499,3484881,8637380
2021-07-03,"Indie/AstraZeneca, Johnson&Johnson, Moderna, Oxford/AstraZeneca, Pfizer/BioNTech",5159614,3516462,8676076
2021-07-04,"Johnson&Johnson, Moderna, Oxford/AstraZeneca, Pfizer/BioNTech",5167213,3538294,8705507
2021-07-05,"Johnson&Johnson, Moderna, Oxford/AstraZeneca, Pfizer/BioNTech",5174644,3563716,8738360
2021-07-06,"Johnson&Johnson, Moderna, Oxford/AstraZeneca, Pfizer/BioNTech, Čína",5180140,3591467,8771607
2021-07-07,"Johnson&Johnson, Moderna, Oxford/AstraZeneca, Pfizer/BioNTech",5205991,3670486,8876477
2021-07-08,"Johnson&Johnson, Moderna, Oxford/AstraZeneca, Pfizer/BioNTech",5232619,3740862,8973481
2021-07-09,"Johnson&Johnson, Moderna, Oxford/AstraZeneca, Pfizer/BioNTech",5260589,3810219,9070808
2021-07-10,"Indie/AstraZeneca, Johnson&Johnson, Moderna, Oxford/AstraZeneca, Pfizer/BioNTech",5269979,3838901,9108880
2021-07-11,"Johnson&Johnson, Moderna, Oxford/AstraZeneca, Pfizer/BioNTech",5278542,3861797,9140339
2021-07-12,"Johnson&Johnson, Moderna, Oxford/AstraZeneca, Pfizer/BioNTech, Čína",5306111,3930896,9237007
2021-07-13,"Johnson&Johnson, Moderna, Oxford/AstraZeneca, Pfizer/BioNTech",5332338,4000811,9333149
2021-07-14,"Johnson&Johnson, Moderna, Oxford/AstraZeneca, Pfizer/BioNTech",5358192,4072834,9431026
2021-07-15,"Indie/AstraZeneca, Johnson&Johnson, Moderna, Oxford/AstraZeneca, Pfizer/BioNTech",5387392,4138879,9526271
2021-07-16,"Johnson&Johnson, Moderna, Oxford/AstraZeneca, Pfizer/BioNTech",5415348,4211646,9626994
2021-07-17,"Johnson&Johnson, Moderna, Oxford/AstraZeneca, Pfizer/BioNTech, Čína",5424162,4243135,9667297
2021-07-18,"Johnson&Johnson, Moderna, Oxford/AstraZeneca, Pfizer/BioNTech, Čína",5432611,4269159,9701770
2021-07-19,"Johnson&Johnson, Moderna, Oxford/AstraZeneca, Pfizer/BioNTech",5455988,4336200,9792188
2021-07-20,"Johnson&Johnson, Moderna, Oxford/AstraZeneca, Pfizer/BioNTech",5477422,4403289,9880711
2021-07-21,"Indie/AstraZeneca, Johnson&Johnson, Moderna, Oxford/AstraZeneca, Pfizer/BioNTech",5500897,4466780,9967677
2021-07-22,"Johnson&Johnson, Moderna, Oxford/AstraZeneca, Pfizer/BioNTech",5523284,4525450,10048734
2021-07-23,"Johnson&Johnson, Moderna, Oxford/AstraZeneca, Pfizer/BioNTech",5546539,4580239,10126778
2021-07-24,"Johnson&Johnson, Moderna, Oxford/AstraZeneca, Pfizer/BioNTech",5553907,4607931,10161838
2021-07-25,"Johnson&Johnson, Moderna, Oxford/AstraZeneca, Pfizer/BioNTech",5560561,4630077,10190638
2021-07-26,"Johnson&Johnson, Moderna, Oxford/AstraZeneca, Pfizer/BioNTech",5584131,4678790,10262921
2021-07-27,"Johnson&Johnson, Moderna, Oxford/AstraZeneca, Pfizer/BioNTech, Čína",5606899,4725474,10332373
2021-07-28,"Johnson&Johnson, Moderna, Oxford/AstraZeneca, Pfizer/BioNTech",5628196,4771527,10399723
2021-07-29,"Johnson&Johnson, Moderna, Oxford/AstraZeneca, Pfizer/BioNTech",5649550,4813532,10463082
2021-07-30,"Johnson&Johnson, Moderna, Oxford/AstraZeneca, Pfizer/BioNTech",5672847,4856142,10528989
2021-07-31,"Indie/AstraZeneca, Johnson&Johnson, Moderna, Oxford/AstraZeneca, Pfizer/BioNTech",5681818,4875707,10557525
2021-08-01,"Johnson&Johnson, Moderna, Oxford/AstraZeneca, Pfizer/BioNTech, Čína",5688561,4891893,10580454
2021-08-02,"Johnson&Johnson, Moderna, Oxford/AstraZeneca, Pfizer/BioNTech",5707222,4929489,10636711
2021-08-03,"Johnson&Johnson, Moderna, Oxford/AstraZeneca, Pfizer/BioNTech",5724897,4967645,10692542
2021-08-04,"Johnson&Johnson, Moderna, Oxford/AstraZeneca, Pfizer/BioNTech",5741040,5004454,10745494
2021-08-05,"Johnson&Johnson, Moderna, Oxford/AstraZeneca, Pfizer/BioNTech",5757104,5044984,10802088
2021-08-06,"Johnson&Johnson, Moderna, Oxford/AstraZeneca, Pfizer/BioNTech",5773937,5088338,10862275
2021-08-07,"Johnson&Johnson, Moderna, Oxford/AstraZeneca, Pfizer/BioNTech",5779557,5106536,10886093
2021-08-08,"Johnson&Johnson, Moderna, Oxford/AstraZeneca, Pfizer/BioNTech",5783934,5122314,10906248
2021-08-09,"Indie/AstraZeneca, Johnson&Johnson, Moderna, Oxford/AstraZeneca, Pfizer/BioNTech",5796584,5167410,10963994
2021-08-10,"Johnson&Johnson, Moderna, Oxford/AstraZeneca, Pfizer/BioNTech",5808445,5207018,11015463
2021-08-11,"Indie/AstraZeneca, Johnson&Johnson, Moderna, Oxford/AstraZeneca, Pfizer/BioNTech",5819829,5250186,11070015
2021-08-12,"Johnson&Johnson, Moderna, Oxford/AstraZeneca, Pfizer/BioNTech",5831262,5287357,11118619
2021-08-13,"Johnson&Johnson, Moderna, Oxford/AstraZeneca, Pfizer/BioNTech",5842009,5327733,11169742
2021-08-14,"Johnson&Johnson, Moderna, Oxford/AstraZeneca, Pfizer/BioNTech",5845361,5338464,11183825
2021-08-15,"Johnson&Johnson, Moderna, Oxford/AstraZeneca, Pfizer/BioNTech",5847957,5348862,11196819
2021-08-16,"Indie/AstraZeneca, Johnson&Johnson, Moderna, Oxford/AstraZeneca, Pfizer/BioNTech, Čína",5857762,5382969,11240731
2021-08-17,"Johnson&Johnson, Moderna, Oxford/AstraZeneca, Pfizer/BioNTech",5867366,5410103,11277469
2021-08-18,"Johnson&Johnson, Moderna, Oxford/AstraZeneca, Pfizer/BioNTech",5876745,5449041,11325786
2021-08-19,"Johnson&Johnson, Moderna, Oxford/AstraZeneca, Pfizer/BioNTech",5886432,5487418,11373850
2021-08-20,"Johnson&Johnson, Moderna, Oxford/AstraZeneca, Pfizer/BioNTech",5897836,5527641,11425477
2021-08-21,"Indie/AstraZeneca, Johnson&Johnson, Moderna, Oxford/AstraZeneca, Pfizer/BioNTech",5900571,5540433,11441004
2021-08-22,"Johnson&Johnson, Moderna, Oxford/AstraZeneca, Pfizer/BioNTech",5902917,5552415,11455332
2021-08-23,"Indie/AstraZeneca, Johnson&Johnson, Moderna, Oxford/AstraZeneca, Pfizer/BioNTech",5913459,5591721,11505180
2021-08-24,"Johnson&Johnson, Moderna, Oxford/AstraZeneca, Pfizer/BioNTech",5923344,5624989,11548333
2021-08-25,"Indie/AstraZeneca, Johnson&Johnson, Moderna, Oxford/AstraZeneca, Pfizer/BioNTech",5932224,5653391,11585615
2021-08-26,"Johnson&Johnson, Moderna, Oxford/AstraZeneca, Pfizer/BioNTech",5940685,5679550,11620235
2021-08-27,"Johnson&Johnson, Moderna, Oxford/AstraZeneca, Pfizer/BioNTech",5951015,5705556,11656571
2021-08-28,"Johnson&Johnson, Moderna, Oxford/AstraZeneca, Pfizer/BioNTech",5953761,5712642,11666403
2021-08-29,"Johnson&Johnson, Moderna, Oxford/AstraZeneca, Pfizer/BioNTech",5956180,5719275,11675455
2021-08-30,"Johnson&Johnson, Moderna, Oxford/AstraZeneca, Pfizer/BioNTech",5964711,5741177,11705888
2021-08-31,"Indie/AstraZeneca, Johnson&Johnson, Moderna, Oxford/AstraZeneca, Pfizer/BioNTech",5972405,5759313,11731718
2021-09-01,"Johnson&Johnson, Moderna, Oxford/AstraZeneca, Pfizer/BioNTech",5978323,5773344,11751667
2021-09-02,"Johnson&Johnson, Moderna, Oxford/AstraZeneca, Pfizer/BioNTech",5985170,5787753,11772923
2021-09-03,"Johnson&Johnson, Moderna, Oxford/AstraZeneca, Pfizer/BioNTech",5994738,5803508,11798246
2021-09-04,"Indie/AstraZeneca, Johnson&Johnson, Moderna, Oxford/AstraZeneca, Pfizer/BioNTech",5996819,5807085,11803904
2021-09-05,"Johnson&Johnson, Moderna, Oxford/AstraZeneca, Pfizer/BioNTech",5998868,5809938,11808806
2021-09-06,"Indie/AstraZeneca, Johnson&Johnson, Moderna, Oxford/AstraZeneca, Pfizer/BioNTech",6005111,5822495,11827606
2021-09-07,"Johnson&Johnson, Moderna, Oxford/AstraZeneca, Pfizer/BioNTech",6009508,5833599,11843107
2021-09-08,"Johnson&Johnson, Moderna, Oxford/AstraZeneca, Pfizer/BioNTech, Čína",6015191,5843475,11858666
2021-09-09,"Johnson&Johnson, Moderna, Oxford/AstraZeneca, Pfizer/BioNTech",6021895,5853557,11875452
2021-09-10,"Johnson&Johnson, Moderna, Oxford/AstraZeneca, Pfizer/BioNTech",6029602,5865757,11895359
2021-09-11,"Indie/AstraZeneca, Johnson&Johnson, Moderna, Oxford/AstraZeneca, Pfizer/BioNTech",6031481,5868261,11899742
2021-09-12,"Johnson&Johnson, Moderna, Oxford/AstraZeneca, Pfizer/BioNTech",6032601,5869900,11902501
2021-09-13,"Johnson&Johnson, Moderna, Oxford/AstraZeneca, Pfizer/BioNTech",6038047,5880224,11918271
2021-09-14,"Johnson&Johnson, Moderna, Oxford/AstraZeneca, Pfizer/BioNTech",6043453,5889247,11932700
2021-09-15,"Johnson&Johnson, Moderna, Oxford/AstraZeneca, Pfizer/BioNTech",6048672,5897786,11946458
2021-09-16,"Johnson&Johnson, Moderna, Oxford/AstraZeneca, Pfizer/BioNTech",6054044,5906068,11960112
2021-09-17,"Johnson&Johnson, Moderna, Oxford/AstraZeneca, Pfizer/BioNTech",6060622,5916315,11976937
2021-09-18,"Johnson&Johnson, Moderna, Oxford/AstraZeneca, Pfizer/BioNTech",6062355,5918684,11981039
2021-09-19,"Johnson&Johnson, Moderna, Oxford/AstraZeneca, Pfizer/BioNTech",6063303,5920258,11983561
2021-09-20,"Johnson&Johnson, Moderna, Oxford/AstraZeneca, Pfizer/BioNTech",6067335,5928464,11995799
2021-09-21,"Johnson&Johnson, Moderna, Oxford/AstraZeneca, Pfizer/BioNTech",6071582,5936007,12007589
2021-09-22,"Johnson&Johnson, Moderna, Oxford/AstraZeneca, Pfizer/BioNTech, Čína",6075782,5941542,12017324
2021-09-23,"Johnson&Johnson, Moderna, Oxford/AstraZeneca, Pfizer/BioNTech",6080744,5947965,12028709
2021-09-24,"Johnson&Johnson, Moderna, Oxford/AstraZeneca, Pfizer/BioNTech",6086509,5957592,12044101
2021-09-25,"Johnson&Johnson, Moderna, Oxford/AstraZeneca, Pfizer/BioNTech",6088012,5959594,12047606
2021-09-26,"Johnson&Johnson, Moderna, Oxford/AstraZeneca, Pfizer/BioNTech",6088761,5961239,12050000
2021-09-27,"Indie/AstraZeneca, Johnson&Johnson, Moderna, Oxford/AstraZeneca, Pfizer/BioNTech, Čína",6092652,5967764,12060416
2021-09-28,"Johnson&Johnson, Moderna, Oxford/AstraZeneca, Pfizer/BioNTech",6093031,5968405,12061436
2021-09-29,"Johnson&Johnson, Moderna, Oxford/AstraZeneca, Pfizer/BioNTech",6096810,5975871,12072681
2021-09-30,"Johnson&Johnson, Moderna, Oxford/AstraZeneca, Pfizer/BioNTech",6101334,5983589,12084923
2021-10-01,"Johnson&Johnson, Moderna, Oxford/AstraZeneca, Pfizer/BioNTech, Čína",6105652,5991582,12097234
2021-10-02,"Johnson&Johnson, Moderna, Oxford/AstraZeneca, Pfizer/BioNTech, Čína",6106719,5993133,12099852
2021-10-03,"Johnson&Johnson, Moderna, Oxford/AstraZeneca, Pfizer/BioNTech",6107444,5994008,12101452
2021-10-04,"Johnson&Johnson, Moderna, Oxford/AstraZeneca, Pfizer/BioNTech",6110526,5999590,12110116
2021-10-05,"Johnson&Johnson, Moderna, Oxford/AstraZeneca, Pfizer/BioNTech",6113692,6004680,12118372
2021-10-06,"Johnson&Johnson, Moderna, Oxford/AstraZeneca, Pfizer/BioNTech",6117215,6009861,12127076
2021-10-07,"Johnson&Johnson, Moderna, Oxford/AstraZeneca, Pfizer/BioNTech",6120502,6015125,12135627
2021-10-08,"Johnson&Johnson, Moderna, Oxford/AstraZeneca, Pfizer/BioNTech",6125301,6021777,12147078
2021-10-09,"Indie/AstraZeneca, Johnson&Johnson, Moderna, Oxford/AstraZeneca, Pfizer/BioNTech",6126547,6023448,12149995
2021-10-10,"Johnson&Johnson, Moderna, Oxford/AstraZeneca, Pfizer/BioNTech",6127495,6024286,12151781
2021-10-11,"Johnson&Johnson, Moderna, Oxford/AstraZeneca, Pfizer/BioNTech",6130425,6028714,12159139
2021-10-12,"Johnson&Johnson, Moderna, Oxford/AstraZeneca, Pfizer/BioNTech",6133368,6032719,12166087
2021-10-13,"Johnson&Johnson, Moderna, Oxford/AstraZeneca, Pfizer/BioNTech",6136904,6036918,12173822
2021-10-14,"Johnson&Johnson, Moderna, Oxford/AstraZeneca, Pfizer/BioNTech",6140579,6041871,12182450
2021-10-15,"Johnson&Johnson, Moderna, Oxford/AstraZeneca, Pfizer/BioNTech",6145814,6048024,12193838
2021-10-16,"Johnson&Johnson, Moderna, Oxford/AstraZeneca, Pfizer/BioNTech",6147231,6049557,12196788
2021-10-17,"Johnson&Johnson, Moderna, Pfizer/BioNTech, Čína",6148557,6050617,12199174
2021-10-18,"Johnson&Johnson, Moderna, Oxford/AstraZeneca, Pfizer/BioNTech",6152671,6054727,12207398
2021-10-19,"Johnson&Johnson, Moderna, Oxford/AstraZeneca, Pfizer/BioNTech",6156255,6056831,12213086
2021-10-20,"Johnson&Johnson, Moderna, Oxford/AstraZeneca, Pfizer/BioNTech",6161148,6061297,12222445
2021-10-21,"Johnson&Johnson, Moderna, Oxford/AstraZeneca, Pfizer/BioNTech",6168918,6066910,12235828
2021-10-22,"Johnson&Johnson, Moderna, Oxford/AstraZeneca, Pfizer/BioNTech",6179382,6073415,12252797
2021-10-23,"Johnson&Johnson, Moderna, Oxford/AstraZeneca, Pfizer/BioNTech",6183066,6075628,12258694
2021-10-24,"Johnson&Johnson, Moderna, Oxford/AstraZeneca, Pfizer/BioNTech",6185752,6077408,12263160
2021-10-25,"Johnson&Johnson, Moderna, Oxford/AstraZeneca, Pfizer/BioNTech",6196266,6083230,12279496
2021-10-26,"Johnson&Johnson, Moderna, Oxford/AstraZeneca, Pfizer/BioNTech, Čína",6208264,6089783,12298047
2021-10-27,"Johnson&Johnson, Moderna, Oxford/AstraZeneca, Pfizer/BioNTech, Čína",6222875,6097201,12320076
2021-10-28,"Johnson&Johnson, Moderna, Oxford/AstraZeneca, Pfizer/BioNTech",6226309,6098892,12325201
2021-10-29,"Johnson&Johnson, Moderna, Oxford/AstraZeneca, Pfizer/BioNTech",6240755,6106884,12347639
2021-10-30,"Johnson&Johnson, Moderna, Oxford/AstraZeneca, Pfizer/BioNTech",6245282,6109812,12355094
2021-10-31,"Johnson&Johnson, Moderna, Oxford/AstraZeneca, Pfizer/BioNTech",6249044,6112289,12361333
2021-11-01,"Johnson&Johnson, Moderna, Oxford/AstraZeneca, Pfizer/BioNTech",6264241,6119971,12384212
2021-11-02,"Johnson&Johnson, Moderna, Oxford/AstraZeneca, Pfizer/BioNTech, Čína",6279693,6127531,12407224
2021-11-03,"Johnson&Johnson, Moderna, Oxford/AstraZeneca, Pfizer/BioNTech, Čína",6296880,6134825,12431705
2021-11-04,"Johnson&Johnson, Moderna, Oxford/AstraZeneca, Pfizer/BioNTech",6315227,6143005,12458232
2021-11-05,"Johnson&Johnson, Moderna, Oxford/AstraZeneca, Pfizer/BioNTech",6338032,6154299,12492331
2021-11-06,"Johnson&Johnson, Moderna, Oxford/AstraZeneca, Pfizer/BioNTech",6344550,6157359,12501909
2021-11-07,"Johnson&Johnson, Moderna, Oxford/AstraZeneca, Pfizer/BioNTech",6348579,6159797,12508376
2021-11-08,"Johnson&Johnson, Moderna, Oxford/AstraZeneca, Pfizer/BioNTech",6364844,6167426,12532270
2021-11-09,"Johnson&Johnson, Moderna, Oxford/AstraZeneca, Pfizer/BioNTech",6379658,6174731,12554389
2021-11-10,"Johnson&Johnson, Moderna, Oxford/AstraZeneca, Pfizer/BioNTech",6395397,6182119,12577516
2021-11-11,"Johnson&Johnson, Moderna, Oxford/AstraZeneca, Pfizer/BioNTech, Čína",6410874,6191228,12602102
2021-11-12,"Johnson&Johnson, Moderna, Oxford/AstraZeneca, Pfizer/BioNTech",6430677,6204028,12634705
2021-11-13,"Johnson&Johnson, Moderna, Oxford/AstraZeneca, Pfizer/BioNTech",6436074,6207909,12643983
2021-11-14,"Johnson&Johnson, Moderna, Oxford/AstraZeneca, Pfizer/BioNTech",6439973,6210919,12650892
2021-11-15,"Johnson&Johnson, Moderna, Oxford/AstraZeneca, Pfizer/BioNTech",6455061,6221628,12676689
2021-11-16,"Johnson&Johnson, Moderna, Oxford/AstraZeneca, Pfizer/BioNTech",6472592,6233608,12706200
2021-11-17,"Johnson&Johnson, Moderna, Oxford/AstraZeneca, Pfizer/BioNTech",6476837,6237181,12714018
2021-11-18,"Johnson&Johnson, Moderna, Oxford/AstraZeneca, Pfizer/BioNTech",6496251,6248875,12745126
2021-11-19,"Johnson&Johnson, Moderna, Oxford/AstraZeneca, Pfizer/BioNTech",6520862,6265855,12786717
2021-11-20,"Johnson&Johnson, Moderna, Oxford/AstraZeneca, Pfizer/BioNTech",6529439,6270842,12800281
2021-11-21,"Johnson&Johnson, Moderna, Oxford/AstraZeneca, Pfizer/BioNTech",6536207,6274619,12810826
2021-11-22,"Johnson&Johnson, Moderna, Oxford/AstraZeneca, Pfizer/BioNTech, Čína",6554717,6288735,12843452
2021-11-23,"Johnson&Johnson, Moderna, Oxford/AstraZeneca, Pfizer/BioNTech",6573786,6302001,12875787
2021-11-24,"Johnson&Johnson, Moderna, Oxford/AstraZeneca, Pfizer/BioNTech",6592797,6317855,12910652
2021-11-25,"Johnson&Johnson, Moderna, Oxford/AstraZeneca, Pfizer/BioNTech",6611942,6332902,12944844
2021-11-26,"Johnson&Johnson, Moderna, Oxford/AstraZeneca, Pfizer/BioNTech",6633601,6352044,12985645
2021-11-27,"Johnson&Johnson, Moderna, Oxford/AstraZeneca, Pfizer/BioNTech",6641073,6357601,12998674
2021-11-28,"Johnson&Johnson, Moderna, Oxford/AstraZeneca, Pfizer/BioNTech",6644406,6360741,13005147
2021-11-29,"Johnson&Johnson, Moderna, Oxford/AstraZeneca, Pfizer/BioNTech",6659612,6374404,13034016
2021-11-30,"Johnson&Johnson, Moderna, Oxford/AstraZeneca, Pfizer/BioNTech",6672815,6385637,13058452
2021-12-01,"Johnson&Johnson, Moderna, Oxford/AstraZeneca, Pfizer/BioNTech",6686857,6398097,13084954
2021-12-02,"Johnson&Johnson, Moderna, Oxford/AstraZeneca, Pfizer/BioNTech, Čína",6697500,6410594,13108094
2021-12-03,"Johnson&Johnson, Moderna, Oxford/AstraZeneca, Pfizer/BioNTech",6707139,6426174,13133313
2021-12-04,"Johnson&Johnson, Moderna, Pfizer/BioNTech",6709696,6430132,13139828
2021-12-05,"Johnson&Johnson, Moderna, Oxford/AstraZeneca, Pfizer/BioNTech",6711057,6432477,13143534
2021-12-06,"Johnson&Johnson, Moderna, Oxford/AstraZeneca, Pfizer/BioNTech",6719205,6444005,13163210
2021-12-07,"Johnson&Johnson, Moderna, Oxford/AstraZeneca, Pfizer/BioNTech",6727095,6456019,13183114
2021-12-08,"Johnson&Johnson, Moderna, Oxford/AstraZeneca, Pfizer/BioNTech",6735341,6461949,13197290
2021-12-09,"Johnson&Johnson, Moderna, Oxford/AstraZeneca, Pfizer/BioNTech",6742461,6474772,13217233
2021-12-10,"Johnson&Johnson, Moderna, Oxford/AstraZeneca, Pfizer/BioNTech",6749391,6492580,13241971
2021-12-11,"Johnson&Johnson, Moderna, Oxford/AstraZeneca, Pfizer/BioNTech",6751047,6497847,13248894
2021-12-12,"Johnson&Johnson, Moderna, Oxford/AstraZeneca, Pfizer/BioNTech",6752358,6502284,13254642
2021-12-13,"Johnson&Johnson, Moderna, Oxford/AstraZeneca, Pfizer/BioNTech",6758714,6515596,13274310
2021-12-14,"Johnson&Johnson, Moderna, Oxford/AstraZeneca, Pfizer/BioNTech",6764924,6529267,13294191
2021-12-15,"Johnson&Johnson, Moderna, Oxford/AstraZeneca, Pfizer/BioNTech",6771130,6542864,13313994
2021-12-16,"Johnson&Johnson, Moderna, Oxford/AstraZeneca, Pfizer/BioNTech",6778074,6557700,13335774
2021-12-17,"Johnson&Johnson, Moderna, Oxford/AstraZeneca, Pfizer/BioNTech",6786440,6574970,13361410
2021-12-18,"Johnson&Johnson, Moderna, Oxford/AstraZeneca, Pfizer/BioNTech",6789051,6580427,13369478
2021-12-19,"Johnson&Johnson, Moderna, Pfizer/BioNTech",6790823,6582931,13373754
2021-12-20,"Johnson&Johnson, Moderna, Oxford/AstraZeneca, Pfizer/BioNTech",6796675,6596995,13393670
2021-12-21,"Johnson&Johnson, Moderna, Oxford/AstraZeneca, Pfizer/BioNTech",6803338,6609005,13412343
2021-12-22,"Johnson&Johnson, Moderna, Oxford/AstraZeneca, Pfizer/BioNTech",6808385,6622065,13430450
2021-12-23,"Johnson&Johnson, Moderna, Oxford/AstraZeneca, Pfizer/BioNTech",6811260,6627669,13438929
2021-12-24,"Johnson&Johnson, Moderna, Oxford/AstraZeneca, Pfizer/BioNTech",6811306,6627773,13439079
2021-12-25,"Moderna, Pfizer/BioNTech",6811308,6627781,13439089
2021-12-26,"Moderna, Pfizer/BioNTech",6811410,6627984,13439394
2021-12-27,"Johnson&Johnson, Moderna, Pfizer/BioNTech",6815277,6637730,13453007
2021-12-28,"Johnson&Johnson, Moderna, Oxford/AstraZeneca, Pfizer/BioNTech",6820517,6645728,13466245
2021-12-29,"Johnson&Johnson, Moderna, Oxford/AstraZeneca, Pfizer/BioNTech",6824799,6653449,13478248
2021-12-30,"Johnson&Johnson, Moderna, Pfizer/BioNTech",6829100,6658883,13487983
2021-12-31,"Johnson&Johnson, Moderna, Pfizer/BioNTech",6829611,6660308,13489919
2022-01-01,"Moderna, Pfizer/BioNTech",6829617,6660326,13489943
2022-01-02,"Johnson&Johnson, Moderna, Pfizer/BioNTech",6830473,6661703,13492176
2022-01-03,"Johnson&Johnson, Moderna, Oxford/AstraZeneca, Pfizer/BioNTech",6834609,6670612,13505221
2022-01-04,"Johnson&Johnson, Moderna, Oxford/AstraZeneca, Pfizer/BioNTech",6839692,6678368,13518060
2022-01-05,"Johnson&Johnson, Moderna, Oxford/AstraZeneca, Pfizer/BioNTech",6845514,6686342,13531856
2022-01-06,"Johnson&Johnson, Moderna, Oxford/AstraZeneca, Pfizer/BioNTech",6852100,6694743,13546843
2022-01-07,"Johnson&Johnson, Moderna, Oxford/AstraZeneca, Pfizer/BioNTech",6859977,6705099,13565076
2022-01-08,"Johnson&Johnson, Moderna, Oxford/AstraZeneca, Pfizer/BioNTech",6862455,6707877,13570332
2022-01-09,"Johnson&Johnson, Moderna, Pfizer/BioNTech",6863538,6709573,13573111
2022-01-10,"Johnson&Johnson, Moderna, Oxford/AstraZeneca, Pfizer/BioNTech",6868045,6715766,13583811
2022-01-11,"Johnson&Johnson, Moderna, Oxford/AstraZeneca, Pfizer/BioNTech",6873494,6722523,13596017
2022-01-12,"Johnson&Johnson, Moderna, Oxford/AstraZeneca, Pfizer/BioNTech",6879451,6728166,13607617
2022-01-13,"Johnson&Johnson, Moderna, Oxford/AstraZeneca, Pfizer/BioNTech",6885340,6732942,13618282
2022-01-14,"Johnson&Johnson, Moderna, Oxford/AstraZeneca, Pfizer/BioNTech",6891642,6736573,13628215
2022-01-15,"Johnson&Johnson, Moderna, Oxford/AstraZeneca, Pfizer/BioNTech",6892918,6737229,13630147
2022-01-16,"Johnson&Johnson, Moderna, Oxford/AstraZeneca, Pfizer/BioNTech",6893608,6737666,13631274
2022-01-17,"Johnson&Johnson, Moderna, Oxford/AstraZeneca, Pfizer/BioNTech",6897163,6741622,13638785
2022-01-18,"Johnson&Johnson, Moderna, Oxford/AstraZeneca, Pfizer/BioNTech",6901012,6746574,13647586
2022-01-19,"Johnson&Johnson, Moderna, Oxford/AstraZeneca, Pfizer/BioNTech",6905081,6750506,13655587
2022-01-20,"Johnson&Johnson, Moderna, Oxford/AstraZeneca, Pfizer/BioNTech",6908679,6754961,13663640
2022-01-21,"Johnson&Johnson, Moderna, Oxford/AstraZeneca, Pfizer/BioNTech",6912677,6757489,13670166
2022-01-22,"Johnson&Johnson, Moderna, Pfizer/BioNTech",6913456,6757930,13671386
2022-01-23,"Johnson&Johnson, Moderna, Pfizer/BioNTech",6914017,6758564,13672581
2022-01-24,"Johnson&Johnson, Moderna, Oxford/AstraZeneca, Pfizer/BioNTech",6916289,6762000,13678289
2022-01-25,"Johnson&Johnson, Moderna, Oxford/AstraZeneca, Pfizer/BioNTech",6918647,6765994,13684641
2022-01-26,"Johnson&Johnson, Moderna, Oxford/AstraZeneca, Pfizer/BioNTech",6921031,6770563,13691594
2022-01-27,"Johnson&Johnson, Moderna, Oxford/AstraZeneca, Pfizer/BioNTech",6923353,6775375,13698728
2022-01-28,"Johnson&Johnson, Moderna, Oxford/AstraZeneca, Pfizer/BioNTech",6926271,6781539,13707810
2022-01-29,"Johnson&Johnson, Moderna, Oxford/AstraZeneca, Pfizer/BioNTech",6926873,6783190,13710063
2022-01-30,"Johnson&Johnson, Moderna, Pfizer/BioNTech",6927100,6783972,13711072
2022-01-31,"Johnson&Johnson, Moderna, Pfizer/BioNTech",6928641,6787899,13716540
2022-02-01,"Johnson&Johnson, Moderna, Pfizer/BioNTech",6930235,6791931,13722166
2022-02-02,"Johnson&Johnson, Moderna, Oxford/AstraZeneca, Pfizer/BioNTech",6931800,6796443,13728243
2022-02-03,"Johnson&Johnson, Moderna, Pfizer/BioNTech",6933180,6800928,13734108
2022-02-04,"Johnson&Johnson, Moderna, Pfizer/BioNTech",6934781,6806043,13740824
2022-02-05,"Johnson&Johnson, Moderna, Pfizer/BioNTech",6934954,6806653,13741607
2022-02-06,"Johnson&Johnson, Moderna, Pfizer/BioNTech",6935050,6806972,13742022
2022-02-07,"Johnson&Johnson, Moderna, Pfizer/BioNTech",6935753,6810181,13745934
2022-02-08,"Johnson&Johnson, Moderna, Pfizer/BioNTech",6936548,6813370,13749918
2022-02-09,"Johnson&Johnson, Moderna, Pfizer/BioNTech",6937370,6816744,13754114
2022-02-10,"Johnson&Johnson, Moderna, Pfizer/BioNTech",6938172,6819875,13758047
2022-02-11,"Johnson&Johnson, Moderna, Pfizer/BioNTech",6939126,6823790,13762916
2022-02-12,"Johnson&Johnson, Moderna, Pfizer/BioNTech",6939236,6824209,13763445
2022-02-13,"Johnson&Johnson, Moderna, Pfizer/BioNTech",6939273,6824647,13763920
2022-02-14,"Johnson&Johnson, Moderna, Pfizer/BioNTech",6939731,6826759,13766490
2022-02-15,"Johnson&Johnson, Moderna, Pfizer/BioNTech",6940284,6828969,13769253
2022-02-16,"Johnson&Johnson, Moderna, Pfizer/BioNTech",6940875,6831068,13771943
2022-02-17,"Johnson&Johnson, Moderna, Pfizer/BioNTech",6941470,6833410,13774880
2022-02-18,"Johnson&Johnson, Moderna, Oxford/AstraZeneca, Pfizer/BioNTech",6942112,6836463,13778575
2022-02-19,"Johnson&Johnson, Moderna, Pfizer/BioNTech",6942192,6836744,13778936
2022-02-20,"Johnson&Johnson, Moderna, Oxford/AstraZeneca, Pfizer/BioNTech",6942230,6836893,13779123
2022-02-21,"Johnson&Johnson, Moderna, Pfizer/BioNTech",6942594,6838593,13781187
2022-02-22,"Johnson&Johnson, Moderna, Oxford/AstraZeneca, Pfizer/BioNTech",6942987,6840291,13783278
2022-02-23,"Johnson&Johnson, Moderna, Pfizer/BioNTech",6943444,6841934,13785378
2022-02-24,"Johnson&Johnson, Moderna, Pfizer/BioNTech",6943852,6843565,13787417
2022-02-25,"Johnson&Johnson, Moderna, Pfizer/BioNTech",6944435,6845650,13790085
2022-02-26,"Johnson&Johnson, Moderna, Pfizer/BioNTech",6944496,6845811,13790307
2022-02-27,"Johnson&Johnson, Moderna, Pfizer/BioNTech",6944526,6845887,13790413
2022-02-28,"Johnson&Johnson, Moderna, Pfizer/BioNTech",6944772,6846863,13791635
2022-03-01,"Johnson&Johnson, Moderna, Pfizer/BioNTech",6945079,6847647,13792726
2022-03-02,"Johnson&Johnson, Moderna, Novavax, Pfizer/BioNTech",6945452,6848555,13794007
2022-03-03,"Johnson&Johnson, Moderna, Novavax, Pfizer/BioNTech",6945789,6849498,13795287
2022-03-04,"Johnson&Johnson, Moderna, Novavax, Pfizer/BioNTech",6946421,6850719,13797140
2022-03-05,"Johnson&Johnson, Moderna, Novavax, Pfizer/BioNTech",6946502,6850812,13797314
2022-03-06,"Moderna, Novavax, Pfizer/BioNTech",6946515,6850830,13797345
2022-03-07,"Johnson&Johnson, Moderna, Novavax, Pfizer/BioNTech",6946850,6851388,13798238
2022-03-08,"Johnson&Johnson, Moderna, Novavax, Pfizer/BioNTech",6947185,6851930,13799115
2022-03-09,"Johnson&Johnson, Moderna, Novavax, Pfizer/BioNTech",6947574,6852519,13800093
2022-03-10,"Johnson&Johnson, Moderna, Novavax, Pfizer/BioNTech",6947986,6853190,13801176
2022-03-11,"Johnson&Johnson, Moderna, Novavax, Pfizer/BioNTech",6948735,6854100,13802835
2022-03-12,"Johnson&Johnson, Moderna, Novavax, Pfizer/BioNTech",6948806,6854205,13803011
2022-03-13,"Johnson&Johnson, Moderna, Novavax, Pfizer/BioNTech",6948819,6854224,13803043
2022-03-14,"Johnson&Johnson, Moderna, Novavax, Pfizer/BioNTech",6949086,6854607,13803693
2022-03-15,"Johnson&Johnson, Moderna, Novavax, Pfizer/BioNTech",6949370,6855043,13804413
2022-03-16,"Johnson&Johnson, Moderna, Novavax, Pfizer/BioNTech",6949689,6855586,13805275
2022-03-17,"Johnson&Johnson, Moderna, Novavax, Oxford/AstraZeneca, Pfizer/BioNTech",6949985,6856018,13806003
2022-03-18,"Johnson&Johnson, Moderna, Novavax, Pfizer/BioNTech",6950683,6856813,13807496
2022-03-19,"Moderna, Novavax, Pfizer/BioNTech",6950739,6856858,13807597
2022-03-20,"Moderna, Novavax, Pfizer/BioNTech",6950757,6856870,13807627
2022-03-21,"Johnson&Johnson, Moderna, Novavax, Pfizer/BioNTech",6950945,6857197,13808142
2022-03-22,"Johnson&Johnson, Moderna, Novavax, Pfizer/BioNTech",6951186,6857596,13808782
2022-03-23,"Johnson&Johnson, Moderna, Novavax, Pfizer/BioNTech",6951523,6858035,13809558
2022-03-24,"Johnson&Johnson, Moderna, Novavax, Pfizer/BioNTech",6951834,6858508,13810342
2022-03-25,"Johnson&Johnson, Moderna, Novavax, Pfizer/BioNTech",6952329,6859317,13811646
2022-03-26,"Johnson&Johnson, Moderna, Novavax, Pfizer/BioNTech",6952381,6859395,13811776
2022-03-27,"Moderna, Novavax, Pfizer/BioNTech",6952397,6859412,13811809
2022-03-28,"Johnson&Johnson, Moderna, Novavax, Pfizer/BioNTech",6952551,6859790,13812341
2022-03-29,"Johnson&Johnson, Moderna, Novavax, Pfizer/BioNTech",6952813,6860196,13813009
2022-03-30,"Johnson&Johnson, Moderna, Novavax, Pfizer/BioNTech",6953118,6860689,13813807
2022-03-31,"Johnson&Johnson, Moderna, Novavax, Pfizer/BioNTech",6953416,6861181,13814597
2022-04-01,"Johnson&Johnson, Moderna, Novavax, Pfizer/BioNTech",6954027,6861941,13815968
2022-04-02,"Moderna, Novavax, Pfizer/BioNTech",6954084,6862026,13816110
2022-04-03,"Moderna, Novavax, Pfizer/BioNTech",6954097,6862055,13816152
2022-04-04,"Johnson&Johnson, Moderna, Novavax, Pfizer/BioNTech",6954274,6862337,13816611
2022-04-05,"Johnson&Johnson, Moderna, Novavax, Pfizer/BioNTech",6954465,6862573,13817038
2022-04-06,"Johnson&Johnson, Moderna, Novavax, Pfizer/BioNTech",6954682,6862919,13817601
2022-04-07,"Johnson&Johnson, Moderna, Novavax, Pfizer/BioNTech",6954906,6863337,13818243
2022-04-08,"Johnson&Johnson, Moderna, Novavax, Pfizer/BioNTech",6955360,6864060,13819420
2022-04-09,"Johnson&Johnson, Moderna, Novavax, Pfizer/BioNTech",6955420,6864132,13819552
2022-04-10,"Moderna, Novavax, Pfizer/BioNTech",6955433,6864141,13819574
2022-04-11,"Johnson&Johnson, Moderna, Novavax, Pfizer/BioNTech",6955595,6864372,13819967
2022-04-12,"Johnson&Johnson, Moderna, Novavax, Pfizer/BioNTech",6955842,6864670,13820512
2022-04-13,"Johnson&Johnson, Moderna, Novavax, Pfizer/BioNTech",6956083,6865024,13821107
2022-04-14,"Johnson&Johnson, Moderna, Novavax, Pfizer/BioNTech",6956345,6865409,13821754
2022-04-15,"Moderna, Novavax, Pfizer/BioNTech",6956361,6865440,13821801
2022-04-16,"Johnson&Johnson, Moderna, Novavax, Pfizer/BioNTech",6956381,6865474,13821855
2022-04-17,"Moderna, Novavax, Pfizer/BioNTech",6956382,6865475,13821857
2022-04-18,"Moderna, Novavax, Pfizer/BioNTech",6956396,6865492,13821888
2022-04-19,"Johnson&Johnson, Moderna, Novavax, Pfizer/BioNTech",6956535,6865830,13822365
2022-04-20,"Johnson&Johnson, Moderna, Novavax, Pfizer/BioNTech",6956758,6866220,13822978
2022-04-21,"Johnson&Johnson, Moderna, Novavax, Pfizer/BioNTech",6956975,6866644,13823619
2022-04-22,"Johnson&Johnson, Moderna, Novavax, Pfizer/BioNTech",6957439,6867471,13824910
2022-04-23,"Moderna, Novavax, Pfizer/BioNTech",6957470,6867550,13825020
2022-04-24,"Moderna, Novavax, Pfizer/BioNTech",6957475,6867561,13825036
2022-04-25,"Johnson&Johnson, Moderna, Novavax, Pfizer/BioNTech",6957631,6867769,13825400
2022-04-26,"Johnson&Johnson, Moderna, Novavax, Pfizer/BioNTech",6957771,6868033,13825804
2022-04-27,"Johnson&Johnson, Moderna, Novavax, Pfizer/BioNTech",6958038,6868363,13826401
2022-04-28,"Johnson&Johnson, Moderna, Novavax, Pfizer/BioNTech",6958232,6868653,13826885
2022-04-29,"Johnson&Johnson, Moderna, Novavax, Pfizer/BioNTech",6958667,6869242,13827909
2022-04-30,"Moderna, Novavax, Pfizer/BioNTech",6958708,6869309,13828017
2022-05-01,"Moderna, Novavax, Oxford/AstraZeneca, Pfizer/BioNTech",6958713,6869319,13828032
2022-05-02,"Johnson&Johnson, Moderna, Novavax, Pfizer/BioNTech",6958843,6869501,13828344
2022-05-03,"Johnson&Johnson, Moderna, Novavax, Pfizer/BioNTech",6959000,6869757,13828757
2022-05-04,"Johnson&Johnson, Moderna, Novavax, Pfizer/BioNTech",6959206,6870032,13829238
2022-05-05,"Johnson&Johnson, Moderna, Novavax, Pfizer/BioNTech",6959413,6870322,13829735
2022-05-06,"Johnson&Johnson, Moderna, Novavax, Pfizer/BioNTech",6959789,6870664,13830453
2022-05-07,"Moderna, Novavax, Pfizer/BioNTech",6959816,6870690,13830506
2022-05-08,"Moderna, Pfizer/BioNTech",6959817,6870698,13830515
2022-05-09,"Johnson&Johnson, Moderna, Novavax, Pfizer/BioNTech",6959925,6870788,13830713
2022-05-10,"Johnson&Johnson, Moderna, Novavax, Pfizer/BioNTech",6960080,6871025,13831105
2022-05-11,"Johnson&Johnson, Moderna, Novavax, Oxford/AstraZeneca, Pfizer/BioNTech",6960300,6871292,13831592
2022-05-12,"Johnson&Johnson, Moderna, Novavax, Pfizer/BioNTech",6960501,6871569,13832070
2022-05-13,"Johnson&Johnson, Moderna, Novavax, Pfizer/BioNTech",6960847,6872067,13832914
2022-05-14,"Johnson&Johnson, Moderna, Novavax, Pfizer/BioNTech",6960888,6872107,13832995
2022-05-15,"Johnson&Johnson, Moderna, Novavax, Pfizer/BioNTech",6960901,6872118,13833019
2022-05-16,"Johnson&Johnson, Moderna, Novavax, Pfizer/BioNTech",6961011,6872238,13833249
2022-05-17,"Johnson&Johnson, Moderna, Novavax, Pfizer/BioNTech",6961153,6872393,13833546
2022-05-18,"Johnson&Johnson, Moderna, Novavax, Pfizer/BioNTech",6961389,6872724,13834113
2022-05-19,"Johnson&Johnson, Moderna, Novavax, Pfizer/BioNTech",6961582,6872975,13834557
2022-05-20,"Johnson&Johnson, Moderna, Novavax, Pfizer/BioNTech",6961882,6873528,13835410
2022-05-21,"Johnson&Johnson, Moderna, Novavax, Pfizer/BioNTech",6961921,6873557,13835478
2022-05-22,"Moderna, Pfizer/BioNTech",6961929,6873564,13835493
2022-05-23,"Johnson&Johnson, Moderna, Novavax, Pfizer/BioNTech",6962051,6873719,13835770
2022-05-24,"Johnson&Johnson, Moderna, Novavax, Pfizer/BioNTech",6962183,6873892,13836075
2022-05-25,"Johnson&Johnson, Moderna, Novavax, Oxford/AstraZeneca, Pfizer/BioNTech",6962358,6874141,13836499
2022-05-26,"Johnson&Johnson, Moderna, Novavax, Pfizer/BioNTech",6962510,6874366,13836876
2022-05-27,"Johnson&Johnson, Moderna, Novavax, Pfizer/BioNTech",6962777,6874832,13837609
2022-05-28,"Moderna, Novavax, Pfizer/BioNTech",6962814,6874881,13837695
2022-05-29,"Moderna, Novavax, Pfizer/BioNTech",6962823,6874885,13837708
2022-05-30,"Johnson&Johnson, Moderna, Novavax, Pfizer/BioNTech",6962910,6875042,13837952
2022-05-31,"Johnson&Johnson, Moderna, Novavax, Pfizer/BioNTech",6963059,6875238,13838297
2022-06-01,"Johnson&Johnson, Moderna, Novavax, Pfizer/BioNTech",6963188,6875468,13838656
2022-06-02,"Moderna, Novavax, Pfizer/BioNTech",6963313,6875699,13839012
2022-06-03,"Johnson&Johnson, Moderna, Novavax, Pfizer/BioNTech",6963570,6876158,13839728
2022-06-04,"Johnson&Johnson, Moderna, Novavax, Pfizer/BioNTech",6963603,6876198,13839801
2022-06-05,"Moderna, Novavax, Pfizer/BioNTech",6963610,6876204,13839814
2022-06-06,"Johnson&Johnson, Moderna, Novavax, Pfizer/BioNTech",6963698,6876347,13840045
2022-06-07,"Johnson&Johnson, Moderna, Novavax, Pfizer/BioNTech",6963781,6876506,13840287
2022-06-08,"Johnson&Johnson, Moderna, Novavax, Pfizer/BioNTech",6963916,6876754,13840670
2022-06-09,"Johnson&Johnson, Moderna, Novavax, Pfizer/BioNTech",6964011,6876956,13840967
2022-06-10,"Johnson&Johnson, Moderna, Novavax, Pfizer/BioNTech",6964187,6877288,13841475
2022-06-11,"Moderna, Novavax, Pfizer/BioNTech",6964201,6877327,13841528
2022-06-12,"Moderna, Novavax, Pfizer/BioNTech",6964207,6877350,13841557
2022-06-13,"Johnson&Johnson, Moderna, Novavax, Oxford/AstraZeneca, Pfizer/BioNTech",6964257,6877473,13841730
2022-06-14,"Johnson&Johnson, Moderna, Novavax, Pfizer/BioNTech",6964337,6877621,13841958
2022-06-15,"Johnson&Johnson, Moderna, Novavax, Pfizer/BioNTech",6964416,6877810,13842226
2022-06-16,"Johnson&Johnson, Moderna, Novavax, Pfizer/BioNTech",6964486,6877987,13842473
2022-06-17,"Johnson&Johnson, Moderna, Novavax, Pfizer/BioNTech",6964638,6878273,13842911
2022-06-18,"Moderna, Novavax, Pfizer/BioNTech",6964651,6878312,13842963
2022-06-19,"Moderna, Pfizer/BioNTech",6964654,6878320,13842974
2022-06-20,"Johnson&Johnson, Moderna, Novavax, Pfizer/BioNTech",6964715,6878438,13843153
2022-06-21,"Johnson&Johnson, Moderna, Novavax, Pfizer/BioNTech",6964778,6878564,13843342
2022-06-22,"Johnson&Johnson, Moderna, Novavax, Pfizer/BioNTech",6964872,6878741,13843613
2022-06-23,"Johnson&Johnson, Moderna, Novavax, Pfizer/BioNTech",6964933,6878907,13843840
2022-06-24,"Johnson&Johnson, Moderna, Novavax, Pfizer/BioNTech",6965085,6879251,13844336
2022-06-25,"Moderna, Novavax, Pfizer/BioNTech",6965105,6879303,13844408
2022-06-26,"Moderna, Pfizer/BioNTech",6965106,6879313,13844419
2022-06-27,"Johnson&Johnson, Moderna, Novavax, Pfizer/BioNTech",6965167,6879425,13844592
2022-06-28,"Johnson&Johnson, Moderna, Novavax, Pfizer/BioNTech",6965237,6879537,13844774
2022-06-29,"Johnson&Johnson, Moderna, Novavax, Pfizer/BioNTech",6965348,6879688,13845036
