date,vaccine,people_vaccinated,people_fully_vaccinated,total_vaccinations
2020-12-27,Pfizer/BioNTech,1279,0,1279
2020-12-28,Pfizer/BioNTech,3584,0,3584
2020-12-29,Pfizer/BioNTech,7049,0,7049
2020-12-30,Pfizer/BioNTech,10560,0,10560
2020-12-31,Pfizer/BioNTech,11864,0,11864
2021-01-01,"Moderna, Pfizer/BioNTech",12133,0,12133
2021-01-02,Pfizer/BioNTech,13409,0,13409
2021-01-03,Pfizer/BioNTech,14331,0,14331
2021-01-04,"Moderna, Pfizer/BioNTech",17938,0,17938
2021-01-05,"Moderna, Pfizer/BioNTech",22449,0,22449
2021-01-06,"Moderna, Pfizer/BioNTech",28285,1,28286
2021-01-07,"Moderna, Pfizer/BioNTech",36268,1,36269
2021-01-08,"Moderna, Pfizer/BioNTech",46307,1,46308
2021-01-09,"Moderna, Pfizer/BioNTech",48323,2,48325
2021-01-10,Pfizer/BioNTech,50073,4,50077
2021-01-11,Pfizer/BioNTech,59920,6,59926
2021-01-12,"Moderna, Pfizer/BioNTech",73365,8,73373
2021-01-13,Pfizer/BioNTech,86882,8,86890
2021-01-14,"Moderna, Pfizer/BioNTech",102092,12,102104
2021-01-15,"Moderna, Pfizer/BioNTech",116092,12,116104
2021-01-16,"Moderna, Pfizer/BioNTech",119476,15,119491
2021-01-17,"Moderna, Pfizer/BioNTech",122089,652,122741
2021-01-18,"Moderna, Pfizer/BioNTech",134565,2477,137042
2021-01-19,"Moderna, Pfizer/BioNTech",147158,5199,152357
2021-01-20,"Moderna, Pfizer/BioNTech",160825,7852,168677
2021-01-21,"Moderna, Pfizer/BioNTech",176468,9591,186059
2021-01-22,"Moderna, Pfizer/BioNTech",191331,10635,201966
2021-01-23,"Moderna, Pfizer/BioNTech",194646,11513,206159
2021-01-24,"Moderna, Pfizer/BioNTech",196899,12381,209280
2021-01-25,"Moderna, Pfizer/BioNTech",206533,15354,221887
2021-01-26,"Moderna, Pfizer/BioNTech",217067,19339,236406
2021-01-27,"Moderna, Pfizer/BioNTech",226091,23872,249963
2021-01-28,"Moderna, Pfizer/BioNTech",233183,29995,263178
2021-01-29,"Moderna, Pfizer/BioNTech",239387,37896,277283
2021-01-30,"Moderna, Pfizer/BioNTech",240121,38984,279105
2021-01-31,"Moderna, Pfizer/BioNTech",240832,40165,280997
2021-02-01,"Moderna, Pfizer/BioNTech",244807,48116,292923
2021-02-02,"Moderna, Pfizer/BioNTech",248941,58345,307286
2021-02-03,"Moderna, Pfizer/BioNTech",253354,69342,322696
2021-02-04,"Moderna, Pfizer/BioNTech",258248,82316,340564
2021-02-05,"Moderna, Pfizer/BioNTech",263706,92980,356686
2021-02-06,"Moderna, Oxford/AstraZeneca, Pfizer/BioNTech",264553,95337,359890
2021-02-07,"Moderna, Pfizer/BioNTech",265399,97834,363233
2021-02-08,"Moderna, Oxford/AstraZeneca, Pfizer/BioNTech",269469,109248,378717
2021-02-09,"Moderna, Oxford/AstraZeneca, Pfizer/BioNTech",274557,121130,395687
2021-02-10,"Moderna, Oxford/AstraZeneca, Pfizer/BioNTech",280058,134361,414419
2021-02-11,"Moderna, Oxford/AstraZeneca, Pfizer/BioNTech",286377,150563,436940
2021-02-12,"Moderna, Oxford/AstraZeneca, Pfizer/BioNTech",293135,165278,458413
2021-02-13,"Moderna, Oxford/AstraZeneca, Pfizer/BioNTech",294740,168256,462996
2021-02-14,"Moderna, Oxford/AstraZeneca, Pfizer/BioNTech",295739,169639,465378
2021-02-15,"Moderna, Oxford/AstraZeneca, Pfizer/BioNTech",302137,178989,481126
2021-02-16,"Moderna, Oxford/AstraZeneca, Pfizer/BioNTech",310851,188060,498911
2021-02-17,"Moderna, Oxford/AstraZeneca, Pfizer/BioNTech",320548,196360,516908
2021-02-18,"Moderna, Oxford/AstraZeneca, Pfizer/BioNTech",332858,204424,537282
2021-02-19,"Moderna, Oxford/AstraZeneca, Pfizer/BioNTech",344704,211770,556474
2021-02-20,"Moderna, Oxford/AstraZeneca, Pfizer/BioNTech",346696,212950,559646
2021-02-21,"Moderna, Oxford/AstraZeneca, Pfizer/BioNTech",347822,213969,561791
2021-02-22,"Moderna, Oxford/AstraZeneca, Pfizer/BioNTech",357933,219991,577924
2021-02-23,"Moderna, Oxford/AstraZeneca, Pfizer/BioNTech",370871,226956,597827
2021-02-24,"Moderna, Oxford/AstraZeneca, Pfizer/BioNTech",384736,232986,617722
2021-02-25,"Moderna, Oxford/AstraZeneca, Pfizer/BioNTech",402698,238529,641227
2021-02-26,"Moderna, Oxford/AstraZeneca, Pfizer/BioNTech",418851,243865,662716
2021-02-27,"Moderna, Oxford/AstraZeneca, Pfizer/BioNTech",421855,244420,666275
2021-02-28,"Moderna, Oxford/AstraZeneca, Pfizer/BioNTech",424197,244967,669164
2021-03-01,"Moderna, Oxford/AstraZeneca, Pfizer/BioNTech",443767,248406,692173
2021-03-02,"Moderna, Oxford/AstraZeneca, Pfizer/BioNTech",470977,251944,722921
2021-03-03,"Moderna, Oxford/AstraZeneca, Pfizer/BioNTech",501824,256441,758265
2021-03-04,"Moderna, Oxford/AstraZeneca, Pfizer/BioNTech",535060,261117,796177
2021-03-05,"Johnson&Johnson, Moderna, Oxford/AstraZeneca, Pfizer/BioNTech",563855,266525,830380
2021-03-06,"Johnson&Johnson, Moderna, Oxford/AstraZeneca, Pfizer/BioNTech",575991,267377,843368
2021-03-07,"Johnson&Johnson, Moderna, Oxford/AstraZeneca, Pfizer/BioNTech",587520,268214,855734
2021-03-08,"Johnson&Johnson, Moderna, Oxford/AstraZeneca, Pfizer/BioNTech",617226,273056,890282
2021-03-09,"Johnson&Johnson, Moderna, Oxford/AstraZeneca, Pfizer/BioNTech",653561,279429,932990
2021-03-10,"Moderna, Oxford/AstraZeneca, Pfizer/BioNTech",694836,286370,981206
2021-03-11,"Johnson&Johnson, Moderna, Oxford/AstraZeneca, Pfizer/BioNTech",739628,294732,1034360
2021-03-12,"Johnson&Johnson, Moderna, Oxford/AstraZeneca, Pfizer/BioNTech",778402,303188,1081590
2021-03-13,"Johnson&Johnson, Moderna, Oxford/AstraZeneca, Pfizer/BioNTech",795466,304489,1099955
2021-03-14,"Moderna, Oxford/AstraZeneca, Pfizer/BioNTech",807566,305635,1113201
2021-03-15,"Moderna, Oxford/AstraZeneca, Pfizer/BioNTech",835930,314400,1150330
2021-03-16,"Johnson&Johnson, Moderna, Oxford/AstraZeneca, Pfizer/BioNTech",874799,324924,1199723
2021-03-17,"Moderna, Oxford/AstraZeneca, Pfizer/BioNTech",912246,335420,1247666
2021-03-18,"Johnson&Johnson, Moderna, Oxford/AstraZeneca, Pfizer/BioNTech",950189,347820,1298009
2021-03-19,"Moderna, Oxford/AstraZeneca, Pfizer/BioNTech",984639,361416,1346055
2021-03-20,"Johnson&Johnson, Moderna, Oxford/AstraZeneca, Pfizer/BioNTech",999761,363430,1363191
2021-03-21,"Johnson&Johnson, Moderna, Oxford/AstraZeneca, Pfizer/BioNTech",1007166,364979,1372145
2021-03-22,"Johnson&Johnson, Moderna, Oxford/AstraZeneca, Pfizer/BioNTech",1031685,377476,1409161
2021-03-23,"Johnson&Johnson, Moderna, Oxford/AstraZeneca, Pfizer/BioNTech",1058296,390820,1449116
2021-03-24,"Johnson&Johnson, Moderna, Oxford/AstraZeneca, Pfizer/BioNTech",1085124,406541,1491665
2021-03-25,"Moderna, Oxford/AstraZeneca, Pfizer/BioNTech",1111426,424375,1535801
2021-03-26,"Johnson&Johnson, Moderna, Oxford/AstraZeneca, Pfizer/BioNTech",1136210,441858,1578068
2021-03-27,"Johnson&Johnson, Moderna, Oxford/AstraZeneca, Pfizer/BioNTech",1144628,446701,1591329
2021-03-28,"Moderna, Oxford/AstraZeneca, Pfizer/BioNTech",1150161,450839,1601000
2021-03-29,"Johnson&Johnson, Moderna, Oxford/AstraZeneca, Pfizer/BioNTech",1169270,471549,1640819
2021-03-30,"Johnson&Johnson, Moderna, Oxford/AstraZeneca, Pfizer/BioNTech",1193950,493716,1687666
2021-03-31,"Johnson&Johnson, Moderna, Oxford/AstraZeneca, Pfizer/BioNTech",1217025,520757,1737782
2021-04-01,"Johnson&Johnson, Moderna, Oxford/AstraZeneca, Pfizer/BioNTech",1242616,552795,1795411
2021-04-02,"Johnson&Johnson, Moderna, Oxford/AstraZeneca, Pfizer/BioNTech",1249517,565578,1815095
2021-04-03,"Johnson&Johnson, Moderna, Oxford/AstraZeneca, Pfizer/BioNTech",1253118,576492,1829610
2021-04-04,"Johnson&Johnson, Moderna, Oxford/AstraZeneca, Pfizer/BioNTech",1255614,585400,1841014
2021-04-05,"Johnson&Johnson, Moderna, Oxford/AstraZeneca, Pfizer/BioNTech",1257993,592574,1850567
2021-04-06,"Johnson&Johnson, Moderna, Oxford/AstraZeneca, Pfizer/BioNTech",1274099,621804,1895903
2021-04-07,"Johnson&Johnson, Moderna, Oxford/AstraZeneca, Pfizer/BioNTech",1297486,644019,1941505
2021-04-08,"Johnson&Johnson, Moderna, Oxford/AstraZeneca, Pfizer/BioNTech",1336147,675022,2011169
2021-04-09,"Johnson&Johnson, Moderna, Oxford/AstraZeneca, Pfizer/BioNTech",1375653,705188,2080841
2021-04-10,"Johnson&Johnson, Moderna, Oxford/AstraZeneca, Pfizer/BioNTech",1391113,720474,2111587
2021-04-11,"Johnson&Johnson, Moderna, Oxford/AstraZeneca, Pfizer/BioNTech",1400872,730504,2131376
2021-04-12,"Johnson&Johnson, Moderna, Oxford/AstraZeneca, Pfizer/BioNTech",1439094,755619,2194713
2021-04-13,"Moderna, Oxford/AstraZeneca, Pfizer/BioNTech",1475315,781642,2256957
2021-04-14,"Moderna, Oxford/AstraZeneca, Pfizer/BioNTech",1514092,808983,2323075
2021-04-15,"Moderna, Oxford/AstraZeneca, Pfizer/BioNTech",1561849,834681,2396530
2021-04-16,"Moderna, Oxford/AstraZeneca, Pfizer/BioNTech",1606471,860300,2466771
2021-04-17,"Moderna, Oxford/AstraZeneca, Pfizer/BioNTech",1623138,869320,2492458
2021-04-18,"Moderna, Oxford/AstraZeneca, Pfizer/BioNTech",1636109,874301,2510410
2021-04-19,"Moderna, Oxford/AstraZeneca, Pfizer/BioNTech",1680085,889754,2569839
2021-04-20,"Johnson&Johnson, Moderna, Oxford/AstraZeneca, Pfizer/BioNTech",1722607,905607,2628214
2021-04-21,"Moderna, Oxford/AstraZeneca, Pfizer/BioNTech",1770308,919939,2690247
2021-04-22,"Johnson&Johnson, Moderna, Oxford/AstraZeneca, Pfizer/BioNTech",1824776,937305,2762081
2021-04-23,"Johnson&Johnson, Moderna, Oxford/AstraZeneca, Pfizer/BioNTech",1874705,949340,2824045
2021-04-24,"Johnson&Johnson, Moderna, Oxford/AstraZeneca, Pfizer/BioNTech",1892519,954575,2847094
2021-04-25,"Johnson&Johnson, Moderna, Oxford/AstraZeneca, Pfizer/BioNTech",1907190,958561,2865751
2021-04-26,"Johnson&Johnson, Moderna, Oxford/AstraZeneca, Pfizer/BioNTech",1956745,966097,2922842
2021-04-27,"Johnson&Johnson, Moderna, Oxford/AstraZeneca, Pfizer/BioNTech",2005704,978306,2984010
2021-04-28,"Johnson&Johnson, Moderna, Oxford/AstraZeneca, Pfizer/BioNTech",2064432,992280,3056712
2021-04-29,"Johnson&Johnson, Moderna, Oxford/AstraZeneca, Pfizer/BioNTech",2129965,1008140,3138105
2021-04-30,"Johnson&Johnson, Moderna, Oxford/AstraZeneca, Pfizer/BioNTech",2192155,1018076,3210231
2021-05-01,"Johnson&Johnson, Moderna, Oxford/AstraZeneca, Pfizer/BioNTech",2211455,1021502,3232957
2021-05-02,"Johnson&Johnson, Moderna, Oxford/AstraZeneca, Pfizer/BioNTech",2230355,1023758,3254113
2021-05-03,"Johnson&Johnson, Moderna, Oxford/AstraZeneca, Pfizer/BioNTech",2297572,1028804,3326376
2021-05-04,"Johnson&Johnson, Moderna, Oxford/AstraZeneca, Pfizer/BioNTech",2364031,1037102,3401133
2021-05-05,"Johnson&Johnson, Moderna, Oxford/AstraZeneca, Pfizer/BioNTech",2437163,1046481,3483644
2021-05-06,"Johnson&Johnson, Moderna, Oxford/AstraZeneca, Pfizer/BioNTech",2517530,1057167,3574697
2021-05-07,"Johnson&Johnson, Moderna, Oxford/AstraZeneca, Pfizer/BioNTech",2594744,1067196,3661940
2021-05-08,"Johnson&Johnson, Moderna, Oxford/AstraZeneca, Pfizer/BioNTech",2624151,1068939,3693090
2021-05-09,"Johnson&Johnson, Moderna, Oxford/AstraZeneca, Pfizer/BioNTech",2648323,1070131,3718454
2021-05-10,"Johnson&Johnson, Moderna, Oxford/AstraZeneca, Pfizer/BioNTech",2721054,1077331,3798385
2021-05-11,"Johnson&Johnson, Moderna, Oxford/AstraZeneca, Pfizer/BioNTech",2797129,1086111,3883240
2021-05-12,"Johnson&Johnson, Moderna, Oxford/AstraZeneca, Pfizer/BioNTech",2876951,1095170,3972121
2021-05-13,"Johnson&Johnson, Moderna, Oxford/AstraZeneca, Pfizer/BioNTech",2960943,1104301,4065244
2021-05-14,"Johnson&Johnson, Moderna, Oxford/AstraZeneca, Pfizer/BioNTech",3040342,1112039,4152381
2021-05-15,"Johnson&Johnson, Moderna, Oxford/AstraZeneca, Pfizer/BioNTech",3072187,1114242,4186429
2021-05-16,"Johnson&Johnson, Moderna, Oxford/AstraZeneca, Pfizer/BioNTech",3097930,1115486,4213416
2021-05-17,"Johnson&Johnson, Moderna, Oxford/AstraZeneca, Pfizer/BioNTech",3170407,1122169,4292576
2021-05-18,"Johnson&Johnson, Moderna, Oxford/AstraZeneca, Pfizer/BioNTech",3242308,1135173,4377481
2021-05-19,"Johnson&Johnson, Moderna, Oxford/AstraZeneca, Pfizer/BioNTech",3319740,1150268,4470008
2021-05-20,"Johnson&Johnson, Moderna, Oxford/AstraZeneca, Pfizer/BioNTech",3395141,1177242,4572383
2021-05-21,"Johnson&Johnson, Moderna, Oxford/AstraZeneca, Pfizer/BioNTech",3463874,1204933,4668807
2021-05-22,"Johnson&Johnson, Moderna, Oxford/AstraZeneca, Pfizer/BioNTech",3496213,1216074,4712287
2021-05-23,"Johnson&Johnson, Moderna, Oxford/AstraZeneca, Pfizer/BioNTech",3518529,1225083,4743612
2021-05-24,"Johnson&Johnson, Moderna, Oxford/AstraZeneca, Pfizer/BioNTech",3565643,1258688,4824331
2021-05-25,"Johnson&Johnson, Moderna, Oxford/AstraZeneca, Pfizer/BioNTech",3617476,1294441,4911917
2021-05-26,"Johnson&Johnson, Moderna, Oxford/AstraZeneca, Pfizer/BioNTech",3685201,1331918,5017119
2021-05-27,"Johnson&Johnson, Moderna, Oxford/AstraZeneca, Pfizer/BioNTech",3746569,1379190,5125759
2021-05-28,"Johnson&Johnson, Moderna, Oxford/AstraZeneca, Pfizer/BioNTech",3808239,1425686,5233925
2021-05-29,"Johnson&Johnson, Moderna, Oxford/AstraZeneca, Pfizer/BioNTech",3837391,1442758,5280149
2021-05-30,"Johnson&Johnson, Moderna, Oxford/AstraZeneca, Pfizer/BioNTech",3859732,1457166,5316898
2021-05-31,"Johnson&Johnson, Moderna, Oxford/AstraZeneca, Pfizer/BioNTech",3915450,1504678,5420128
2021-06-01,"Johnson&Johnson, Moderna, Oxford/AstraZeneca, Pfizer/BioNTech",3974461,1553463,5527924
2021-06-02,"Johnson&Johnson, Moderna, Oxford/AstraZeneca, Pfizer/BioNTech",4037327,1607373,5644700
2021-06-03,"Johnson&Johnson, Moderna, Oxford/AstraZeneca, Pfizer/BioNTech",4095537,1667528,5763065
2021-06-04,"Johnson&Johnson, Moderna, Oxford/AstraZeneca, Pfizer/BioNTech",4158603,1724848,5883451
2021-06-05,"Johnson&Johnson, Moderna, Oxford/AstraZeneca, Pfizer/BioNTech",4192728,1743628,5936356
2021-06-06,"Johnson&Johnson, Moderna, Oxford/AstraZeneca, Pfizer/BioNTech",4219629,1758723,5978352
2021-06-07,"Johnson&Johnson, Moderna, Oxford/AstraZeneca, Pfizer/BioNTech",4283296,1814299,6097595
2021-06-08,"Johnson&Johnson, Moderna, Oxford/AstraZeneca, Pfizer/BioNTech",4347264,1869214,6216478
2021-06-09,"Johnson&Johnson, Moderna, Oxford/AstraZeneca, Pfizer/BioNTech",4406445,1933604,6340049
2021-06-10,"Johnson&Johnson, Moderna, Oxford/AstraZeneca, Pfizer/BioNTech",4460326,2004653,6464979
2021-06-11,"Johnson&Johnson, Moderna, Oxford/AstraZeneca, Pfizer/BioNTech",4512418,2074311,6586729
2021-06-12,"Johnson&Johnson, Moderna, Oxford/AstraZeneca, Pfizer/BioNTech",4544400,2095040,6639440
2021-06-13,"Johnson&Johnson, Moderna, Oxford/AstraZeneca, Pfizer/BioNTech",4568401,2113401,6681802
2021-06-14,"Johnson&Johnson, Moderna, Oxford/AstraZeneca, Pfizer/BioNTech",4611461,2187703,6799164
2021-06-15,"Johnson&Johnson, Moderna, Oxford/AstraZeneca, Pfizer/BioNTech",4656100,2259958,6916058
2021-06-16,"Johnson&Johnson, Moderna, Oxford/AstraZeneca, Pfizer/BioNTech",4698821,2338093,7036914
2021-06-17,"Johnson&Johnson, Moderna, Oxford/AstraZeneca, Pfizer/BioNTech",4738192,2421068,7159260
2021-06-18,"Johnson&Johnson, Moderna, Oxford/AstraZeneca, Pfizer/BioNTech",4780573,2501483,7282056
2021-06-19,"Johnson&Johnson, Moderna, Oxford/AstraZeneca, Pfizer/BioNTech",4802312,2530701,7333013
2021-06-20,"Johnson&Johnson, Moderna, Oxford/AstraZeneca, Pfizer/BioNTech",4819666,2554470,7374136
2021-06-21,"Johnson&Johnson, Moderna, Oxford/AstraZeneca, Pfizer/BioNTech",4852164,2632952,7485116
2021-06-22,"Johnson&Johnson, Moderna, Oxford/AstraZeneca, Pfizer/BioNTech",4885115,2715120,7600235
2021-06-23,"Johnson&Johnson, Moderna, Oxford/AstraZeneca, Pfizer/BioNTech",4916757,2800250,7717007
2021-06-24,"Johnson&Johnson, Moderna, Oxford/AstraZeneca, Pfizer/BioNTech",4946590,2890188,7836778
2021-06-25,"Johnson&Johnson, Moderna, Oxford/AstraZeneca, Pfizer/BioNTech",4977631,2976231,7953862
2021-06-26,"Johnson&Johnson, Moderna, Oxford/AstraZeneca, Pfizer/BioNTech",4993483,3010975,8004458
2021-06-27,"Johnson&Johnson, Moderna, Oxford/AstraZeneca, Pfizer/BioNTech",5007417,3037567,8044984
2021-06-28,"Johnson&Johnson, Moderna, Oxford/AstraZeneca, Pfizer/BioNTech",5035825,3122651,8158476
2021-06-29,"Johnson&Johnson, Moderna, Oxford/AstraZeneca, Pfizer/BioNTech",5065086,3209025,8274111
2021-06-30,"Johnson&Johnson, Moderna, Oxford/AstraZeneca, Pfizer/BioNTech",5092570,3299885,8392455
2021-07-01,"Johnson&Johnson, Moderna, Oxford/AstraZeneca, Pfizer/BioNTech",5116537,3389829,8506366
2021-07-02,"Johnson&Johnson, Moderna, Oxford/AstraZeneca, Pfizer/BioNTech",5143245,3475561,8618806
2021-07-03,"Johnson&Johnson, Moderna, Oxford/AstraZeneca, Pfizer/BioNTech",5150316,3507018,8657334
2021-07-04,"Johnson&Johnson, Moderna, Oxford/AstraZeneca, Pfizer/BioNTech",5157862,3528781,8686643
2021-07-05,"Johnson&Johnson, Moderna, Oxford/AstraZeneca, Pfizer/BioNTech",5165211,3554099,8719310
2021-07-06,"Johnson&Johnson, Moderna, Oxford/AstraZeneca, Pfizer/BioNTech",5170608,3581678,8752286
2021-07-07,"Johnson&Johnson, Moderna, Oxford/AstraZeneca, Pfizer/BioNTech",5196382,3660557,8856939
2021-07-08,"Johnson&Johnson, Moderna, Oxford/AstraZeneca, Pfizer/BioNTech",5222970,3730788,8953758
2021-07-09,"Johnson&Johnson, Moderna, Oxford/AstraZeneca, Pfizer/BioNTech",5250865,3799968,9050833
2021-07-10,"Johnson&Johnson, Moderna, Oxford/AstraZeneca, Pfizer/BioNTech",5260202,3828536,9088738
2021-07-11,"Johnson&Johnson, Moderna, Oxford/AstraZeneca, Pfizer/BioNTech",5268717,3851386,9120103
2021-07-12,"Johnson&Johnson, Moderna, Oxford/AstraZeneca, Pfizer/BioNTech",5296233,3920408,9216641
2021-07-13,"Johnson&Johnson, Moderna, Oxford/AstraZeneca, Pfizer/BioNTech",5322397,3990194,9312591
2021-07-14,"Johnson&Johnson, Moderna, Oxford/AstraZeneca, Pfizer/BioNTech",5348196,4062097,9410293
2021-07-15,"Johnson&Johnson, Moderna, Oxford/AstraZeneca, Pfizer/BioNTech",5377358,4128016,9505374
2021-07-16,"Johnson&Johnson, Moderna, Oxford/AstraZeneca, Pfizer/BioNTech",5405253,4200631,9605884
2021-07-17,"Johnson&Johnson, Moderna, Oxford/AstraZeneca, Pfizer/BioNTech",5414008,4232014,9646022
2021-07-18,"Johnson&Johnson, Moderna, Oxford/AstraZeneca, Pfizer/BioNTech",5422440,4257975,9680415
2021-07-19,"Johnson&Johnson, Moderna, Oxford/AstraZeneca, Pfizer/BioNTech",5445774,4324923,9770697
2021-07-20,"Johnson&Johnson, Moderna, Oxford/AstraZeneca, Pfizer/BioNTech",5467150,4391886,9859036
2021-07-21,"Johnson&Johnson, Moderna, Oxford/AstraZeneca, Pfizer/BioNTech",5490594,4455259,9945853
2021-07-22,"Johnson&Johnson, Moderna, Oxford/AstraZeneca, Pfizer/BioNTech",5512934,4513799,10026733
2021-07-23,"Johnson&Johnson, Moderna, Oxford/AstraZeneca, Pfizer/BioNTech",5536109,4568446,10104555
2021-07-24,"Johnson&Johnson, Moderna, Oxford/AstraZeneca, Pfizer/BioNTech",5543412,4596052,10139464
2021-07-25,"Johnson&Johnson, Moderna, Oxford/AstraZeneca, Pfizer/BioNTech",5550012,4618136,10168148
2021-07-26,"Johnson&Johnson, Moderna, Oxford/AstraZeneca, Pfizer/BioNTech",5573526,4666708,10240234
2021-07-27,"Johnson&Johnson, Moderna, Oxford/AstraZeneca, Pfizer/BioNTech",5596241,4713253,10309494
2021-07-28,"Johnson&Johnson, Moderna, Oxford/AstraZeneca, Pfizer/BioNTech",5617467,4759142,10376609
2021-07-29,"Johnson&Johnson, Moderna, Oxford/AstraZeneca, Pfizer/BioNTech",5638768,4801001,10439769
2021-07-30,"Johnson&Johnson, Moderna, Oxford/AstraZeneca, Pfizer/BioNTech",5662025,4843464,10505489
2021-07-31,"Johnson&Johnson, Moderna, Oxford/AstraZeneca, Pfizer/BioNTech",5670938,4862958,10533896
2021-08-01,"Johnson&Johnson, Moderna, Oxford/AstraZeneca, Pfizer/BioNTech",5677647,4879087,10556734
2021-08-02,"Johnson&Johnson, Moderna, Oxford/AstraZeneca, Pfizer/BioNTech",5696258,4916565,10612823
2021-08-03,"Johnson&Johnson, Moderna, Oxford/AstraZeneca, Pfizer/BioNTech",5713877,4954591,10668468
2021-08-04,"Johnson&Johnson, Moderna, Oxford/AstraZeneca, Pfizer/BioNTech",5729951,4991240,10721191
2021-08-05,"Johnson&Johnson, Moderna, Oxford/AstraZeneca, Pfizer/BioNTech",5745956,5031628,10777584
2021-08-06,"Johnson&Johnson, Moderna, Oxford/AstraZeneca, Pfizer/BioNTech",5762723,5074829,10837552
2021-08-07,"Johnson&Johnson, Moderna, Oxford/AstraZeneca, Pfizer/BioNTech",5768303,5092953,10861256
2021-08-08,"Johnson&Johnson, Moderna, Oxford/AstraZeneca, Pfizer/BioNTech",5772650,5108674,10881324
2021-08-09,"Johnson&Johnson, Moderna, Oxford/AstraZeneca, Pfizer/BioNTech",5785279,5153666,10938945
2021-08-10,"Johnson&Johnson, Moderna, Oxford/AstraZeneca, Pfizer/BioNTech",5797097,5193173,10990270
2021-08-11,"Johnson&Johnson, Moderna, Oxford/AstraZeneca, Pfizer/BioNTech",5808442,5236247,11044689
2021-08-12,"Johnson&Johnson, Moderna, Oxford/AstraZeneca, Pfizer/BioNTech",5819839,5273311,11093150
2021-08-13,"Johnson&Johnson, Moderna, Oxford/AstraZeneca, Pfizer/BioNTech",5830528,5313573,11144101
2021-08-14,"Johnson&Johnson, Moderna, Oxford/AstraZeneca, Pfizer/BioNTech",5833862,5324248,11158110
2021-08-15,"Johnson&Johnson, Moderna, Oxford/AstraZeneca, Pfizer/BioNTech",5836435,5334600,11171035
2021-08-16,"Johnson&Johnson, Moderna, Oxford/AstraZeneca, Pfizer/BioNTech",5846200,5368612,11214812
2021-08-17,"Johnson&Johnson, Moderna, Oxford/AstraZeneca, Pfizer/BioNTech",5855784,5395659,11251443
2021-08-18,"Johnson&Johnson, Moderna, Oxford/AstraZeneca, Pfizer/BioNTech",5865148,5434478,11299626
2021-08-19,"Johnson&Johnson, Moderna, Oxford/AstraZeneca, Pfizer/BioNTech",5874806,5472781,11347587
2021-08-20,"Johnson&Johnson, Moderna, Oxford/AstraZeneca, Pfizer/BioNTech",5886140,5512925,11399065
2021-08-21,"Johnson&Johnson, Moderna, Oxford/AstraZeneca, Pfizer/BioNTech",5888850,5525655,11414505
2021-08-22,"Johnson&Johnson, Moderna, Oxford/AstraZeneca, Pfizer/BioNTech",5891187,5537604,11428791
2021-08-23,"Johnson&Johnson, Moderna, Oxford/AstraZeneca, Pfizer/BioNTech",5901708,5576811,11478519
2021-08-24,"Johnson&Johnson, Moderna, Oxford/AstraZeneca, Pfizer/BioNTech",5911565,5610012,11521577
2021-08-25,"Johnson&Johnson, Moderna, Oxford/AstraZeneca, Pfizer/BioNTech",5920417,5638332,11558749
2021-08-26,"Johnson&Johnson, Moderna, Oxford/AstraZeneca, Pfizer/BioNTech",5928851,5664419,11593270
2021-08-27,"Johnson&Johnson, Moderna, Oxford/AstraZeneca, Pfizer/BioNTech",5939155,5690325,11629480
2021-08-28,"Johnson&Johnson, Moderna, Oxford/AstraZeneca, Pfizer/BioNTech",5941868,5697347,11639215
2021-08-29,"Johnson&Johnson, Moderna, Oxford/AstraZeneca, Pfizer/BioNTech",5944270,5703952,11648222
2021-08-30,"Johnson&Johnson, Moderna, Oxford/AstraZeneca, Pfizer/BioNTech",5952784,5725780,11678564
2021-08-31,"Johnson&Johnson, Moderna, Oxford/AstraZeneca, Pfizer/BioNTech",5960431,5743824,11704255
2021-09-01,"Johnson&Johnson, Moderna, Oxford/AstraZeneca, Pfizer/BioNTech",5966307,5757788,11724095
2021-09-02,"Johnson&Johnson, Moderna, Oxford/AstraZeneca, Pfizer/BioNTech",5973116,5772142,11745258
2021-09-03,"Johnson&Johnson, Moderna, Oxford/AstraZeneca, Pfizer/BioNTech",5982658,5787807,11770465
2021-09-04,"Johnson&Johnson, Moderna, Oxford/AstraZeneca, Pfizer/BioNTech",5984713,5791349,11776062
2021-09-05,"Johnson&Johnson, Moderna, Oxford/AstraZeneca, Pfizer/BioNTech",5986744,5794177,11780921
2021-09-06,"Johnson&Johnson, Moderna, Oxford/AstraZeneca, Pfizer/BioNTech",5992922,5806664,11799586
2021-09-07,"Johnson&Johnson, Moderna, Oxford/AstraZeneca, Pfizer/BioNTech",5997274,5817738,11815012
2021-09-08,"Johnson&Johnson, Moderna, Oxford/AstraZeneca, Pfizer/BioNTech",6002921,5827558,11830479
2021-09-09,"Johnson&Johnson, Moderna, Oxford/AstraZeneca, Pfizer/BioNTech",6009565,5837604,11847169
2021-09-10,"Johnson&Johnson, Moderna, Oxford/AstraZeneca, Pfizer/BioNTech",6017211,5849752,11866963
2021-09-11,"Johnson&Johnson, Moderna, Oxford/AstraZeneca, Pfizer/BioNTech",6019067,5852220,11871287
2021-09-12,"Johnson&Johnson, Moderna, Oxford/AstraZeneca, Pfizer/BioNTech",6020179,5853839,11874018
2021-09-13,"Johnson&Johnson, Moderna, Oxford/AstraZeneca, Pfizer/BioNTech",6025592,5864087,11889679
2021-09-14,"Johnson&Johnson, Moderna, Oxford/AstraZeneca, Pfizer/BioNTech",6030960,5873079,11904039
2021-09-15,"Johnson&Johnson, Moderna, Oxford/AstraZeneca, Pfizer/BioNTech",6036141,5881586,11917727
2021-09-16,"Johnson&Johnson, Moderna, Oxford/AstraZeneca, Pfizer/BioNTech",6041424,5889835,11931259
2021-09-17,"Johnson&Johnson, Moderna, Oxford/AstraZeneca, Pfizer/BioNTech",6047966,5900029,11947995
2021-09-18,"Johnson&Johnson, Moderna, Oxford/AstraZeneca, Pfizer/BioNTech",6049688,5902374,11952062
2021-09-19,"Johnson&Johnson, Moderna, Oxford/AstraZeneca, Pfizer/BioNTech",6050626,5903935,11954561
2021-09-20,"Johnson&Johnson, Moderna, Oxford/AstraZeneca, Pfizer/BioNTech",6054616,5912115,11966731
2021-09-21,"Johnson&Johnson, Moderna, Oxford/AstraZeneca, Pfizer/BioNTech",6058740,5919633,11978373
2021-09-22,"Johnson&Johnson, Moderna, Oxford/AstraZeneca, Pfizer/BioNTech",6062901,5925137,11988038
2021-09-23,"Johnson&Johnson, Moderna, Oxford/AstraZeneca, Pfizer/BioNTech",6067865,5931533,11999398
2021-09-24,"Johnson&Johnson, Moderna, Oxford/AstraZeneca, Pfizer/BioNTech",6073605,5941136,12014741
2021-09-25,"Johnson&Johnson, Moderna, Pfizer/BioNTech",6075094,5943116,12018210
2021-09-26,"Johnson&Johnson, Moderna, Pfizer/BioNTech",6075832,5944739,12020571
2021-09-27,"Johnson&Johnson, Moderna, Oxford/AstraZeneca, Pfizer/BioNTech",6079688,5951212,12030900
2021-09-28,"Johnson&Johnson, Moderna, Pfizer/BioNTech",6080042,5951810,12031852
2021-09-29,"Johnson&Johnson, Moderna, Oxford/AstraZeneca, Pfizer/BioNTech",6083804,5959238,12043042
2021-09-30,"Johnson&Johnson, Moderna, Oxford/AstraZeneca, Pfizer/BioNTech",6088281,5966899,12055180
2021-10-01,"Johnson&Johnson, Moderna, Oxford/AstraZeneca, Pfizer/BioNTech",6092525,5974839,12067364
2021-10-02,"Johnson&Johnson, Moderna, Pfizer/BioNTech",6093567,5976367,12069934
2021-10-03,"Johnson&Johnson, Moderna, Pfizer/BioNTech",6094270,5977228,12071498
2021-10-04,"Johnson&Johnson, Moderna, Oxford/AstraZeneca, Pfizer/BioNTech",6097301,5982786,12080087
2021-10-05,"Johnson&Johnson, Moderna, Oxford/AstraZeneca, Pfizer/BioNTech",6100381,5987839,12088220
2021-10-06,"Johnson&Johnson, Moderna, Oxford/AstraZeneca, Pfizer/BioNTech",6103864,5992987,12096851
2021-10-07,"Johnson&Johnson, Moderna, Oxford/AstraZeneca, Pfizer/BioNTech",6107080,5998176,12105256
2021-10-08,"Johnson&Johnson, Moderna, Oxford/AstraZeneca, Pfizer/BioNTech",6111804,6004786,12116590
2021-10-09,"Johnson&Johnson, Moderna, Pfizer/BioNTech",6113036,6006430,12119466
2021-10-10,"Johnson&Johnson, Moderna, Pfizer/BioNTech",6113973,6007257,12121230
2021-10-11,"Johnson&Johnson, Moderna, Oxford/AstraZeneca, Pfizer/BioNTech",6116841,6011629,12128470
2021-10-12,"Johnson&Johnson, Moderna, Oxford/AstraZeneca, Pfizer/BioNTech",6119584,6015546,12135130
2021-10-13,"Johnson&Johnson, Moderna, Oxford/AstraZeneca, Pfizer/BioNTech",6123011,6019675,12142686
2021-10-14,"Johnson&Johnson, Moderna, Oxford/AstraZeneca, Pfizer/BioNTech",6126589,6024609,12151198
2021-10-15,"Johnson&Johnson, Moderna, Oxford/AstraZeneca, Pfizer/BioNTech",6131697,6030735,12162432
2021-10-16,"Johnson&Johnson, Moderna, Pfizer/BioNTech",6133065,6032246,12165311
2021-10-17,"Johnson&Johnson, Moderna, Pfizer/BioNTech",6134382,6033297,12167679
2021-10-18,"Johnson&Johnson, Moderna, Oxford/AstraZeneca, Pfizer/BioNTech",6138364,6037380,12175744
2021-10-19,"Johnson&Johnson, Moderna, Oxford/AstraZeneca, Pfizer/BioNTech",6141819,6039453,12181272
2021-10-20,"Johnson&Johnson, Moderna, Oxford/AstraZeneca, Pfizer/BioNTech",6146579,6043878,12190457
2021-10-21,"Johnson&Johnson, Moderna, Oxford/AstraZeneca, Pfizer/BioNTech",6154158,6049448,12203606
2021-10-22,"Johnson&Johnson, Moderna, Oxford/AstraZeneca, Pfizer/BioNTech",6164478,6055929,12220407
2021-10-23,"Johnson&Johnson, Moderna, Pfizer/BioNTech",6168121,6058126,12226247
2021-10-24,"Johnson&Johnson, Moderna, Pfizer/BioNTech",6170799,6059896,12230695
2021-10-25,"Johnson&Johnson, Moderna, Oxford/AstraZeneca, Pfizer/BioNTech",6181130,6065679,12246809
2021-10-26,"Johnson&Johnson, Moderna, Oxford/AstraZeneca, Pfizer/BioNTech",6192796,6072172,12264968
2021-10-27,"Johnson&Johnson, Moderna, Oxford/AstraZeneca, Pfizer/BioNTech",6207194,6079552,12286746
2021-10-28,"Johnson&Johnson, Moderna, Pfizer/BioNTech",6210529,6081191,12291720
2021-10-29,"Johnson&Johnson, Moderna, Oxford/AstraZeneca, Pfizer/BioNTech",6224791,6089130,12313921
2021-10-30,"Johnson&Johnson, Moderna, Pfizer/BioNTech",6229276,6092024,12321300
2021-10-31,"Johnson&Johnson, Moderna, Oxford/AstraZeneca, Pfizer/BioNTech",6232997,6094482,12327479
2021-11-01,"Johnson&Johnson, Moderna, Oxford/AstraZeneca, Pfizer/BioNTech",6247903,6102091,12349994
2021-11-02,"Johnson&Johnson, Moderna, Oxford/AstraZeneca, Pfizer/BioNTech",6263095,6109531,12372626
2021-11-03,"Johnson&Johnson, Moderna, Oxford/AstraZeneca, Pfizer/BioNTech",6280047,6116759,12396806
2021-11-04,"Johnson&Johnson, Moderna, Oxford/AstraZeneca, Pfizer/BioNTech",6298081,6124780,12422861
2021-11-05,"Johnson&Johnson, Moderna, Oxford/AstraZeneca, Pfizer/BioNTech",6320624,6135899,12456523
2021-11-06,"Johnson&Johnson, Moderna, Oxford/AstraZeneca, Pfizer/BioNTech",6327034,6138911,12465945
2021-11-07,"Johnson&Johnson, Moderna, Oxford/AstraZeneca, Pfizer/BioNTech",6330993,6141314,12472307
2021-11-08,"Johnson&Johnson, Moderna, Oxford/AstraZeneca, Pfizer/BioNTech",6346705,6148551,12495256
2021-11-09,"Johnson&Johnson, Moderna, Oxford/AstraZeneca, Pfizer/BioNTech",6360825,6155285,12516110
2021-11-10,"Johnson&Johnson, Moderna, Oxford/AstraZeneca, Pfizer/BioNTech",6375825,6162039,12537864
2021-11-11,"Johnson&Johnson, Moderna, Oxford/AstraZeneca, Pfizer/BioNTech",6390469,6170431,12560900
2021-11-12,"Johnson&Johnson, Moderna, Oxford/AstraZeneca, Pfizer/BioNTech",6409217,6182397,12591614
2021-11-13,"Johnson&Johnson, Moderna, Oxford/AstraZeneca, Pfizer/BioNTech",6414311,6185995,12600306
2021-11-14,"Johnson&Johnson, Moderna, Oxford/AstraZeneca, Pfizer/BioNTech",6417850,6188656,12606506
2021-11-15,"Johnson&Johnson, Moderna, Oxford/AstraZeneca, Pfizer/BioNTech",6431141,6197874,12629015
