date,vaccine,people_vaccinated,people_fully_vaccinated,total_vaccinations
2020-12-27,Pfizer/BioNTech,1288,0,1288
2020-12-28,Pfizer/BioNTech,3591,0,3591
2020-12-29,Pfizer/BioNTech,7063,1,7064
2020-12-30,Pfizer/BioNTech,10580,1,10581
2020-12-31,Pfizer/BioNTech,11891,1,11892
2021-01-01,"Moderna, Pfizer/BioNTech",12160,1,12161
2021-01-02,"Moderna, Pfizer/BioNTech",13442,2,13444
2021-01-03,"Moderna, Pfizer/BioNTech",14369,2,14371
2021-01-04,"Moderna, Pfizer/BioNTech",17977,2,17979
2021-01-05,"Moderna, Pfizer/BioNTech",22502,3,22505
2021-01-06,"Moderna, Pfizer/BioNTech",28348,4,28352
2021-01-07,"Moderna, Pfizer/BioNTech",36346,4,36350
2021-01-08,"Moderna, Pfizer/BioNTech",46397,5,46402
2021-01-09,"Moderna, Pfizer/BioNTech",48424,7,48431
2021-01-10,Pfizer/BioNTech,50196,9,50205
2021-01-11,"Moderna, Pfizer/BioNTech",60052,11,60063
2021-01-12,"Moderna, Pfizer/BioNTech",73508,13,73521
2021-01-13,"Moderna, Pfizer/BioNTech",87054,13,87067
2021-01-14,"Moderna, Pfizer/BioNTech",102307,17,102324
2021-01-15,"Moderna, Pfizer/BioNTech",116329,18,116347
2021-01-16,"Moderna, Pfizer/BioNTech",119733,22,119755
2021-01-17,"Moderna, Pfizer/BioNTech",122354,658,123012
2021-01-18,"Moderna, Pfizer/BioNTech",134848,2485,137333
2021-01-19,"Moderna, Pfizer/BioNTech",147461,5214,152675
2021-01-20,"Moderna, Pfizer/BioNTech",161159,7878,169037
2021-01-21,"Moderna, Pfizer/BioNTech",176813,9620,186433
2021-01-22,"Moderna, Pfizer/BioNTech",191706,10664,202370
2021-01-23,"Moderna, Pfizer/BioNTech",195025,11541,206566
2021-01-24,"Moderna, Pfizer/BioNTech",197281,12412,209693
2021-01-25,"Moderna, Pfizer/BioNTech",206936,15382,222318
2021-01-26,"Moderna, Pfizer/BioNTech",217483,19374,236857
2021-01-27,"Moderna, Pfizer/BioNTech",226515,23909,250424
2021-01-28,"Moderna, Pfizer/BioNTech",233621,30041,263662
2021-01-29,"Moderna, Pfizer/BioNTech",239836,37948,277784
2021-01-30,"Moderna, Pfizer/BioNTech",240577,39036,279613
2021-01-31,"Moderna, Pfizer/BioNTech",241296,40218,281514
2021-02-01,"Moderna, Pfizer/BioNTech",245279,48187,293466
2021-02-02,"Moderna, Pfizer/BioNTech",249432,58427,307859
2021-02-03,"Moderna, Pfizer/BioNTech",253859,69447,323306
2021-02-04,"Moderna, Pfizer/BioNTech",258765,82441,341206
2021-02-05,"Moderna, Pfizer/BioNTech",264241,93117,357358
2021-02-06,"Moderna, Oxford/AstraZeneca, Pfizer/BioNTech",265100,95482,360582
2021-02-07,"Moderna, Oxford/AstraZeneca, Pfizer/BioNTech",265951,97982,363933
2021-02-08,"Moderna, Oxford/AstraZeneca, Pfizer/BioNTech",270046,109412,379458
2021-02-09,"Moderna, Oxford/AstraZeneca, Pfizer/BioNTech",275154,121328,396482
2021-02-10,"Moderna, Oxford/AstraZeneca, Pfizer/BioNTech",280673,134588,415261
2021-02-11,"Moderna, Oxford/AstraZeneca, Pfizer/BioNTech",287016,150808,437824
2021-02-12,"Moderna, Oxford/AstraZeneca, Pfizer/BioNTech",293846,165557,459403
2021-02-13,"Moderna, Oxford/AstraZeneca, Pfizer/BioNTech",295464,168545,464009
2021-02-14,"Moderna, Oxford/AstraZeneca, Pfizer/BioNTech",296470,169931,466401
2021-02-15,"Moderna, Oxford/AstraZeneca, Pfizer/BioNTech",302869,179302,482171
2021-02-16,"Moderna, Oxford/AstraZeneca, Pfizer/BioNTech",311590,188383,499973
2021-02-17,"Moderna, Oxford/AstraZeneca, Pfizer/BioNTech",321293,196694,517987
2021-02-18,"Moderna, Oxford/AstraZeneca, Pfizer/BioNTech",333623,204777,538400
2021-02-19,"Moderna, Oxford/AstraZeneca, Pfizer/BioNTech",345489,212153,557642
2021-02-20,"Moderna, Oxford/AstraZeneca, Pfizer/BioNTech",347499,213339,560838
2021-02-21,"Moderna, Oxford/AstraZeneca, Pfizer/BioNTech",348636,214365,563001
2021-02-22,"Moderna, Oxford/AstraZeneca, Pfizer/BioNTech",358763,220403,579166
2021-02-23,"Moderna, Oxford/AstraZeneca, Pfizer/BioNTech",371728,227394,599122
2021-02-24,"Moderna, Oxford/AstraZeneca, Pfizer/BioNTech",385613,233437,619050
2021-02-25,"Moderna, Oxford/AstraZeneca, Pfizer/BioNTech",403596,238989,642585
2021-02-26,"Moderna, Oxford/AstraZeneca, Pfizer/BioNTech",419779,244349,664128
2021-02-27,"Moderna, Oxford/AstraZeneca, Pfizer/BioNTech",422788,244910,667698
2021-02-28,"Moderna, Oxford/AstraZeneca, Pfizer/BioNTech",425146,245461,670607
2021-03-01,"Moderna, Oxford/AstraZeneca, Pfizer/BioNTech",444746,248911,693657
2021-03-02,"Moderna, Oxford/AstraZeneca, Pfizer/BioNTech",471974,252461,724435
2021-03-03,"Moderna, Oxford/AstraZeneca, Pfizer/BioNTech",502931,256972,759903
2021-03-04,"Moderna, Oxford/AstraZeneca, Pfizer/BioNTech",536219,261662,797881
2021-03-05,"Johnson&Johnson, Moderna, Oxford/AstraZeneca, Pfizer/BioNTech",565063,267091,832154
2021-03-06,"Johnson&Johnson, Moderna, Oxford/AstraZeneca, Pfizer/BioNTech",577223,267957,845180
2021-03-07,"Johnson&Johnson, Moderna, Oxford/AstraZeneca, Pfizer/BioNTech",588772,268800,857572
2021-03-08,"Johnson&Johnson, Moderna, Oxford/AstraZeneca, Pfizer/BioNTech",618522,273663,892185
2021-03-09,"Johnson&Johnson, Moderna, Oxford/AstraZeneca, Pfizer/BioNTech",654895,280051,934946
2021-03-10,"Johnson&Johnson, Moderna, Oxford/AstraZeneca, Pfizer/BioNTech",696230,287012,983242
2021-03-11,"Johnson&Johnson, Moderna, Oxford/AstraZeneca, Pfizer/BioNTech",741088,295388,1036476
2021-03-12,"Johnson&Johnson, Moderna, Oxford/AstraZeneca, Pfizer/BioNTech",779852,303888,1083740
2021-03-13,"Johnson&Johnson, Moderna, Oxford/AstraZeneca, Pfizer/BioNTech",796963,305203,1102166
2021-03-14,"Johnson&Johnson, Moderna, Oxford/AstraZeneca, Pfizer/BioNTech",809081,306359,1115440
2021-03-15,"Johnson&Johnson, Moderna, Oxford/AstraZeneca, Pfizer/BioNTech",837479,315141,1152620
2021-03-16,"Johnson&Johnson, Moderna, Oxford/AstraZeneca, Pfizer/BioNTech",876377,325678,1202055
2021-03-17,"Moderna, Oxford/AstraZeneca, Pfizer/BioNTech",913866,336193,1250059
2021-03-18,"Johnson&Johnson, Moderna, Oxford/AstraZeneca, Pfizer/BioNTech",951874,348618,1300492
2021-03-19,"Johnson&Johnson, Moderna, Oxford/AstraZeneca, Pfizer/BioNTech",986395,362233,1348628
2021-03-20,"Johnson&Johnson, Moderna, Oxford/AstraZeneca, Pfizer/BioNTech",1001580,364263,1365843
2021-03-21,"Johnson&Johnson, Moderna, Oxford/AstraZeneca, Pfizer/BioNTech",1009027,365823,1374850
2021-03-22,"Johnson&Johnson, Moderna, Oxford/AstraZeneca, Pfizer/BioNTech",1033606,378326,1411932
2021-03-23,"Johnson&Johnson, Moderna, Oxford/AstraZeneca, Pfizer/BioNTech",1060282,391693,1451975
2021-03-24,"Johnson&Johnson, Moderna, Oxford/AstraZeneca, Pfizer/BioNTech",1087177,407439,1494616
2021-03-25,"Johnson&Johnson, Moderna, Oxford/AstraZeneca, Pfizer/BioNTech",1113537,425295,1538832
2021-03-26,"Johnson&Johnson, Moderna, Oxford/AstraZeneca, Pfizer/BioNTech",1138380,442809,1581189
2021-03-27,"Johnson&Johnson, Moderna, Oxford/AstraZeneca, Pfizer/BioNTech",1146842,447655,1594497
2021-03-28,"Moderna, Oxford/AstraZeneca, Pfizer/BioNTech",1152390,451803,1604193
2021-03-29,"Johnson&Johnson, Moderna, Oxford/AstraZeneca, Pfizer/BioNTech",1171550,472541,1644091
2021-03-30,"Johnson&Johnson, Moderna, Oxford/AstraZeneca, Pfizer/BioNTech",1196261,494729,1690990
2021-03-31,"Johnson&Johnson, Moderna, Oxford/AstraZeneca, Pfizer/BioNTech",1219417,521798,1741215
2021-04-01,"Johnson&Johnson, Moderna, Oxford/AstraZeneca, Pfizer/BioNTech",1245106,553856,1798962
2021-04-02,"Johnson&Johnson, Moderna, Oxford/AstraZeneca, Pfizer/BioNTech",1252090,566654,1818744
2021-04-03,"Johnson&Johnson, Moderna, Oxford/AstraZeneca, Pfizer/BioNTech",1255744,577586,1833330
2021-04-04,"Johnson&Johnson, Moderna, Oxford/AstraZeneca, Pfizer/BioNTech",1258287,586509,1844796
2021-04-05,"Johnson&Johnson, Moderna, Oxford/AstraZeneca, Pfizer/BioNTech",1260720,593715,1854435
2021-04-06,"Johnson&Johnson, Moderna, Oxford/AstraZeneca, Pfizer/BioNTech",1276937,622990,1899927
2021-04-07,"Johnson&Johnson, Moderna, Oxford/AstraZeneca, Pfizer/BioNTech",1300443,645233,1945676
2021-04-08,"Johnson&Johnson, Moderna, Oxford/AstraZeneca, Pfizer/BioNTech",1339262,676280,2015542
2021-04-09,"Johnson&Johnson, Moderna, Oxford/AstraZeneca, Pfizer/BioNTech",1378861,706481,2085342
2021-04-10,"Johnson&Johnson, Moderna, Oxford/AstraZeneca, Pfizer/BioNTech",1394429,721794,2116223
2021-04-11,"Johnson&Johnson, Moderna, Oxford/AstraZeneca, Pfizer/BioNTech",1404224,731850,2136074
2021-04-12,"Johnson&Johnson, Moderna, Oxford/AstraZeneca, Pfizer/BioNTech",1442547,756996,2199543
2021-04-13,"Moderna, Oxford/AstraZeneca, Pfizer/BioNTech",1478856,783039,2261895
2021-04-14,"Moderna, Oxford/AstraZeneca, Pfizer/BioNTech",1517745,810416,2328161
2021-04-15,"Moderna, Oxford/AstraZeneca, Pfizer/BioNTech",1565581,836197,2401778
2021-04-16,"Moderna, Oxford/AstraZeneca, Pfizer/BioNTech",1610297,861880,2472177
2021-04-17,"Moderna, Oxford/AstraZeneca, Pfizer/BioNTech",1627023,870907,2497930
2021-04-18,"Moderna, Oxford/AstraZeneca, Pfizer/BioNTech",1640023,875893,2515916
2021-04-19,"Johnson&Johnson, Moderna, Oxford/AstraZeneca, Pfizer/BioNTech",1683998,891337,2575335
2021-04-20,"Johnson&Johnson, Moderna, Oxford/AstraZeneca, Pfizer/BioNTech",1726586,907227,2633813
2021-04-21,"Moderna, Oxford/AstraZeneca, Pfizer/BioNTech",1774354,921597,2695951
2021-04-22,"Johnson&Johnson, Moderna, Oxford/AstraZeneca, Pfizer/BioNTech",1828884,938998,2767882
2021-04-23,"Johnson&Johnson, Moderna, Oxford/AstraZeneca, Pfizer/BioNTech",1878897,951065,2829962
2021-04-24,"Johnson&Johnson, Moderna, Oxford/AstraZeneca, Pfizer/BioNTech",1896775,956332,2853107
2021-04-25,"Johnson&Johnson, Moderna, Oxford/AstraZeneca, Pfizer/BioNTech",1911489,960335,2871824
2021-04-26,"Johnson&Johnson, Moderna, Oxford/AstraZeneca, Pfizer/BioNTech",1961104,967906,2929010
2021-04-27,"Johnson&Johnson, Moderna, Oxford/AstraZeneca, Pfizer/BioNTech",2010093,980161,2990254
2021-04-28,"Johnson&Johnson, Moderna, Oxford/AstraZeneca, Pfizer/BioNTech",2068875,994186,3063061
2021-04-29,"Johnson&Johnson, Moderna, Oxford/AstraZeneca, Pfizer/BioNTech",2134495,1010108,3144603
2021-04-30,"Johnson&Johnson, Moderna, Oxford/AstraZeneca, Pfizer/BioNTech",2196792,1020105,3216897
2021-05-01,"Johnson&Johnson, Moderna, Oxford/AstraZeneca, Pfizer/BioNTech",2216185,1023570,3239755
2021-05-02,"Johnson&Johnson, Moderna, Oxford/AstraZeneca, Pfizer/BioNTech",2235138,1025861,3260999
2021-05-03,"Johnson&Johnson, Moderna, Oxford/AstraZeneca, Pfizer/BioNTech",2302417,1030947,3333364
2021-05-04,"Johnson&Johnson, Moderna, Oxford/AstraZeneca, Pfizer/BioNTech",2368980,1039319,3408299
2021-05-05,"Johnson&Johnson, Moderna, Oxford/AstraZeneca, Pfizer/BioNTech",2442193,1048768,3490961
2021-05-06,"Johnson&Johnson, Moderna, Oxford/AstraZeneca, Pfizer/BioNTech",2522642,1059520,3582162
2021-05-07,"Johnson&Johnson, Moderna, Oxford/AstraZeneca, Pfizer/BioNTech",2599979,1069666,3669645
2021-05-08,"Johnson&Johnson, Moderna, Oxford/AstraZeneca, Pfizer/BioNTech",2629521,1071460,3700981
2021-05-09,"Johnson&Johnson, Moderna, Oxford/AstraZeneca, Pfizer/BioNTech",2653762,1072685,3726447
2021-05-10,"Johnson&Johnson, Moderna, Oxford/AstraZeneca, Pfizer/BioNTech",2726564,1079932,3806496
2021-05-11,"Johnson&Johnson, Moderna, Oxford/AstraZeneca, Pfizer/BioNTech",2802719,1088765,3891484
2021-05-12,"Johnson&Johnson, Moderna, Oxford/AstraZeneca, Pfizer/BioNTech",2882669,1097912,3980581
2021-05-13,"Johnson&Johnson, Moderna, Oxford/AstraZeneca, Pfizer/BioNTech",2966728,1107108,4073836
2021-05-14,"Johnson&Johnson, Moderna, Oxford/AstraZeneca, Pfizer/BioNTech",3046286,1114939,4161225
2021-05-15,"Johnson&Johnson, Moderna, Oxford/AstraZeneca, Pfizer/BioNTech",3078254,1117226,4195480
2021-05-16,"Johnson&Johnson, Moderna, Oxford/AstraZeneca, Pfizer/BioNTech",3104070,1118513,4222583
2021-05-17,"Johnson&Johnson, Moderna, Oxford/AstraZeneca, Pfizer/BioNTech",3176612,1125272,4301884
2021-05-18,"Johnson&Johnson, Moderna, Oxford/AstraZeneca, Pfizer/BioNTech",3248608,1138396,4387004
2021-05-19,"Johnson&Johnson, Moderna, Oxford/AstraZeneca, Pfizer/BioNTech",3326109,1153571,4479680
2021-05-20,"Johnson&Johnson, Moderna, Oxford/AstraZeneca, Pfizer/BioNTech",3401609,1180642,4582251
2021-05-21,"Johnson&Johnson, Moderna, Oxford/AstraZeneca, Pfizer/BioNTech",3470467,1208451,4678918
2021-05-22,"Johnson&Johnson, Moderna, Oxford/AstraZeneca, Pfizer/BioNTech",3502940,1219696,4722636
2021-05-23,"Johnson&Johnson, Moderna, Oxford/AstraZeneca, Pfizer/BioNTech",3525391,1228739,4754130
2021-05-24,"Johnson&Johnson, Moderna, Oxford/AstraZeneca, Pfizer/BioNTech",3572609,1262420,4835029
2021-05-25,"Johnson&Johnson, Moderna, Oxford/AstraZeneca, Pfizer/BioNTech",3624533,1298271,4922804
2021-05-26,"Johnson&Johnson, Moderna, Oxford/AstraZeneca, Pfizer/BioNTech",3692304,1335837,5028141
2021-05-27,"Johnson&Johnson, Moderna, Oxford/AstraZeneca, Pfizer/BioNTech",3753741,1383207,5136948
2021-05-28,"Johnson&Johnson, Moderna, Oxford/AstraZeneca, Pfizer/BioNTech",3815497,1429824,5245321
2021-05-29,"Johnson&Johnson, Moderna, Oxford/AstraZeneca, Pfizer/BioNTech",3844772,1446972,5291744
2021-05-30,"Johnson&Johnson, Moderna, Oxford/AstraZeneca, Pfizer/BioNTech",3867190,1461445,5328635
2021-05-31,"Johnson&Johnson, Moderna, Oxford/AstraZeneca, Pfizer/BioNTech",3922939,1508981,5431920
2021-06-01,"Johnson&Johnson, Moderna, Oxford/AstraZeneca, Pfizer/BioNTech",3982060,1557875,5539935
2021-06-02,"Johnson&Johnson, Moderna, Oxford/AstraZeneca, Pfizer/BioNTech",4045043,1611917,5656960
2021-06-03,"Johnson&Johnson, Moderna, Oxford/AstraZeneca, Pfizer/BioNTech",4103308,1672170,5775478
2021-06-04,"Johnson&Johnson, Moderna, Oxford/AstraZeneca, Pfizer/BioNTech",4166458,1729609,5896067
2021-06-05,"Johnson&Johnson, Moderna, Oxford/AstraZeneca, Pfizer/BioNTech",4200649,1748543,5949192
2021-06-06,"Johnson&Johnson, Moderna, Oxford/AstraZeneca, Pfizer/BioNTech",4227612,1763724,5991336
2021-06-07,"Johnson&Johnson, Moderna, Oxford/AstraZeneca, Pfizer/BioNTech",4291317,1819380,6110697
2021-06-08,"Johnson&Johnson, Moderna, Oxford/AstraZeneca, Pfizer/BioNTech",4355334,1874412,6229746
2021-06-09,"Johnson&Johnson, Moderna, Oxford/AstraZeneca, Pfizer/BioNTech",4414558,1939115,6353673
2021-06-10,"Johnson&Johnson, Moderna, Oxford/AstraZeneca, Pfizer/BioNTech",4468427,2010447,6478874
2021-06-11,"Johnson&Johnson, Moderna, Oxford/AstraZeneca, Pfizer/BioNTech",4520565,2080308,6600873
2021-06-12,"Johnson&Johnson, Moderna, Oxford/AstraZeneca, Pfizer/BioNTech",4552595,2101172,6653767
2021-06-13,"Johnson&Johnson, Moderna, Oxford/AstraZeneca, Pfizer/BioNTech",4576640,2119616,6696256
2021-06-14,"Johnson&Johnson, Moderna, Oxford/AstraZeneca, Pfizer/BioNTech",4619743,2194036,6813779
2021-06-15,"Johnson&Johnson, Moderna, Oxford/AstraZeneca, Pfizer/BioNTech",4664429,2266454,6930883
2021-06-16,"Johnson&Johnson, Moderna, Oxford/AstraZeneca, Pfizer/BioNTech",4707254,2344711,7051965
2021-06-17,"Johnson&Johnson, Moderna, Oxford/AstraZeneca, Pfizer/BioNTech",4746699,2427836,7174535
2021-06-18,"Johnson&Johnson, Moderna, Oxford/AstraZeneca, Pfizer/BioNTech",4789153,2508449,7297602
2021-06-19,"Johnson&Johnson, Moderna, Oxford/AstraZeneca, Pfizer/BioNTech",4810953,2537802,7348755
2021-06-20,"Johnson&Johnson, Moderna, Oxford/AstraZeneca, Pfizer/BioNTech",4828367,2561688,7390055
2021-06-21,"Johnson&Johnson, Moderna, Oxford/AstraZeneca, Pfizer/BioNTech",4860886,2640330,7501216
2021-06-22,"Johnson&Johnson, Moderna, Oxford/AstraZeneca, Pfizer/BioNTech",4893869,2722682,7616551
2021-06-23,"Johnson&Johnson, Moderna, Oxford/AstraZeneca, Pfizer/BioNTech",4925599,2807954,7733553
2021-06-24,"Johnson&Johnson, Moderna, Oxford/AstraZeneca, Pfizer/BioNTech",4955477,2898038,7853515
2021-06-25,"Johnson&Johnson, Moderna, Oxford/AstraZeneca, Pfizer/BioNTech",4986579,2984300,7970879
2021-06-26,"Johnson&Johnson, Moderna, Oxford/AstraZeneca, Pfizer/BioNTech",5002484,3019199,8021683
2021-06-27,"Johnson&Johnson, Moderna, Oxford/AstraZeneca, Pfizer/BioNTech",5016445,3045926,8062371
2021-06-28,"Johnson&Johnson, Moderna, Oxford/AstraZeneca, Pfizer/BioNTech",5044872,3131170,8176042
2021-06-29,"Johnson&Johnson, Moderna, Oxford/AstraZeneca, Pfizer/BioNTech",5074172,3217746,8291918
2021-06-30,"Johnson&Johnson, Moderna, Oxford/AstraZeneca, Pfizer/BioNTech",5101684,3308816,8410500
2021-07-01,"Johnson&Johnson, Moderna, Oxford/AstraZeneca, Pfizer/BioNTech",5125693,3398940,8524633
2021-07-02,"Johnson&Johnson, Moderna, Oxford/AstraZeneca, Pfizer/BioNTech",5152453,3484899,8637352
2021-07-03,"Johnson&Johnson, Moderna, Oxford/AstraZeneca, Pfizer/BioNTech",5159563,3516481,8676044
2021-07-04,"Johnson&Johnson, Moderna, Oxford/AstraZeneca, Pfizer/BioNTech",5167159,3538311,8705470
2021-07-05,"Johnson&Johnson, Moderna, Oxford/AstraZeneca, Pfizer/BioNTech",5174587,3563729,8738316
2021-07-06,"Johnson&Johnson, Moderna, Oxford/AstraZeneca, Pfizer/BioNTech",5180074,3591472,8771546
2021-07-07,"Johnson&Johnson, Moderna, Oxford/AstraZeneca, Pfizer/BioNTech",5205914,3670487,8876401
2021-07-08,"Johnson&Johnson, Moderna, Oxford/AstraZeneca, Pfizer/BioNTech",5232537,3740857,8973394
2021-07-09,"Johnson&Johnson, Moderna, Oxford/AstraZeneca, Pfizer/BioNTech",5260501,3810212,9070713
2021-07-10,"Johnson&Johnson, Moderna, Oxford/AstraZeneca, Pfizer/BioNTech",5269890,3838892,9108782
2021-07-11,"Johnson&Johnson, Moderna, Oxford/AstraZeneca, Pfizer/BioNTech",5278451,3861786,9140237
2021-07-12,"Johnson&Johnson, Moderna, Oxford/AstraZeneca, Pfizer/BioNTech",5306008,3930884,9236892
2021-07-13,"Johnson&Johnson, Moderna, Oxford/AstraZeneca, Pfizer/BioNTech",5332222,4000788,9333010
2021-07-14,"Johnson&Johnson, Moderna, Oxford/AstraZeneca, Pfizer/BioNTech",5358069,4072809,9430878
2021-07-15,"Johnson&Johnson, Moderna, Oxford/AstraZeneca, Pfizer/BioNTech",5387267,4138858,9526125
2021-07-16,"Johnson&Johnson, Moderna, Oxford/AstraZeneca, Pfizer/BioNTech",5415211,4211622,9626833
2021-07-17,"Johnson&Johnson, Moderna, Oxford/AstraZeneca, Pfizer/BioNTech",5424017,4243107,9667124
2021-07-18,"Johnson&Johnson, Moderna, Oxford/AstraZeneca, Pfizer/BioNTech",5432465,4269129,9701594
2021-07-19,"Johnson&Johnson, Moderna, Oxford/AstraZeneca, Pfizer/BioNTech",5455841,4336177,9792018
2021-07-20,"Johnson&Johnson, Moderna, Oxford/AstraZeneca, Pfizer/BioNTech",5477260,4403268,9880528
2021-07-21,"Johnson&Johnson, Moderna, Oxford/AstraZeneca, Pfizer/BioNTech",5500723,4466755,9967478
2021-07-22,"Johnson&Johnson, Moderna, Oxford/AstraZeneca, Pfizer/BioNTech",5523099,4525418,10048517
2021-07-23,"Johnson&Johnson, Moderna, Oxford/AstraZeneca, Pfizer/BioNTech",5546345,4580207,10126552
2021-07-24,"Johnson&Johnson, Moderna, Oxford/AstraZeneca, Pfizer/BioNTech",5553700,4607897,10161597
2021-07-25,"Johnson&Johnson, Moderna, Oxford/AstraZeneca, Pfizer/BioNTech",5560344,4630042,10190386
2021-07-26,"Johnson&Johnson, Moderna, Oxford/AstraZeneca, Pfizer/BioNTech",5583905,4678756,10262661
2021-07-27,"Johnson&Johnson, Moderna, Oxford/AstraZeneca, Pfizer/BioNTech",5606669,4725438,10332107
2021-07-28,"Johnson&Johnson, Moderna, Oxford/AstraZeneca, Pfizer/BioNTech",5627958,4771481,10399439
2021-07-29,"Johnson&Johnson, Moderna, Oxford/AstraZeneca, Pfizer/BioNTech",5649308,4813489,10462797
2021-07-30,"Johnson&Johnson, Moderna, Oxford/AstraZeneca, Pfizer/BioNTech",5672598,4856092,10528690
2021-07-31,"Johnson&Johnson, Moderna, Oxford/AstraZeneca, Pfizer/BioNTech",5681562,4875650,10557212
2021-08-01,"Johnson&Johnson, Moderna, Oxford/AstraZeneca, Pfizer/BioNTech",5688295,4891834,10580129
2021-08-02,"Johnson&Johnson, Moderna, Oxford/AstraZeneca, Pfizer/BioNTech",5706945,4929424,10636369
2021-08-03,"Johnson&Johnson, Moderna, Oxford/AstraZeneca, Pfizer/BioNTech",5724606,4967567,10692173
2021-08-04,"Johnson&Johnson, Moderna, Oxford/AstraZeneca, Pfizer/BioNTech",5740745,5004369,10745114
2021-08-05,"Johnson&Johnson, Moderna, Oxford/AstraZeneca, Pfizer/BioNTech",5756796,5044883,10801679
2021-08-06,"Johnson&Johnson, Moderna, Oxford/AstraZeneca, Pfizer/BioNTech",5773611,5088222,10861833
2021-08-07,"Johnson&Johnson, Moderna, Oxford/AstraZeneca, Pfizer/BioNTech",5779224,5106414,10885638
2021-08-08,"Johnson&Johnson, Moderna, Oxford/AstraZeneca, Pfizer/BioNTech",5783597,5122190,10905787
2021-08-09,"Johnson&Johnson, Moderna, Oxford/AstraZeneca, Pfizer/BioNTech",5796240,5167279,10963519
2021-08-10,"Johnson&Johnson, Moderna, Oxford/AstraZeneca, Pfizer/BioNTech",5808093,5206879,11014972
2021-08-11,"Johnson&Johnson, Moderna, Oxford/AstraZeneca, Pfizer/BioNTech",5819468,5250035,11069503
2021-08-12,"Johnson&Johnson, Moderna, Oxford/AstraZeneca, Pfizer/BioNTech",5830896,5287196,11118092
2021-08-13,"Johnson&Johnson, Moderna, Oxford/AstraZeneca, Pfizer/BioNTech",5841631,5327567,11169198
2021-08-14,"Johnson&Johnson, Moderna, Oxford/AstraZeneca, Pfizer/BioNTech",5844974,5338286,11183260
2021-08-15,"Johnson&Johnson, Moderna, Oxford/AstraZeneca, Pfizer/BioNTech",5847568,5348681,11196249
2021-08-16,"Johnson&Johnson, Moderna, Oxford/AstraZeneca, Pfizer/BioNTech",5857366,5382781,11240147
2021-08-17,"Johnson&Johnson, Moderna, Oxford/AstraZeneca, Pfizer/BioNTech",5866969,5409906,11276875
2021-08-18,"Johnson&Johnson, Moderna, Oxford/AstraZeneca, Pfizer/BioNTech",5876348,5448823,11325171
2021-08-19,"Johnson&Johnson, Moderna, Oxford/AstraZeneca, Pfizer/BioNTech",5886034,5487196,11373230
2021-08-20,"Johnson&Johnson, Moderna, Oxford/AstraZeneca, Pfizer/BioNTech",5897431,5527402,11424833
2021-08-21,"Johnson&Johnson, Moderna, Oxford/AstraZeneca, Pfizer/BioNTech",5900157,5540184,11440341
2021-08-22,"Johnson&Johnson, Moderna, Oxford/AstraZeneca, Pfizer/BioNTech",5902503,5552162,11454665
2021-08-23,"Johnson&Johnson, Moderna, Oxford/AstraZeneca, Pfizer/BioNTech",5913037,5591450,11504487
2021-08-24,"Johnson&Johnson, Moderna, Oxford/AstraZeneca, Pfizer/BioNTech",5922921,5624719,11547640
2021-08-25,"Johnson&Johnson, Moderna, Oxford/AstraZeneca, Pfizer/BioNTech",5931794,5653106,11584900
2021-08-26,"Johnson&Johnson, Moderna, Oxford/AstraZeneca, Pfizer/BioNTech",5940252,5679246,11619498
2021-08-27,"Johnson&Johnson, Moderna, Oxford/AstraZeneca, Pfizer/BioNTech",5950581,5705242,11655823
2021-08-28,"Johnson&Johnson, Moderna, Oxford/AstraZeneca, Pfizer/BioNTech",5953323,5712317,11665640
2021-08-29,"Johnson&Johnson, Moderna, Oxford/AstraZeneca, Pfizer/BioNTech",5955738,5718945,11674683
2021-08-30,"Johnson&Johnson, Moderna, Oxford/AstraZeneca, Pfizer/BioNTech",5964270,5740836,11705106
2021-08-31,"Johnson&Johnson, Moderna, Oxford/AstraZeneca, Pfizer/BioNTech",5971960,5758956,11730916
2021-09-01,"Johnson&Johnson, Moderna, Oxford/AstraZeneca, Pfizer/BioNTech",5977875,5772982,11750857
2021-09-02,"Johnson&Johnson, Moderna, Oxford/AstraZeneca, Pfizer/BioNTech",5984716,5787378,11772094
2021-09-03,"Johnson&Johnson, Moderna, Oxford/AstraZeneca, Pfizer/BioNTech",5994279,5803122,11797401
2021-09-04,"Johnson&Johnson, Moderna, Oxford/AstraZeneca, Pfizer/BioNTech",5996353,5806686,11803039
2021-09-05,"Johnson&Johnson, Moderna, Oxford/AstraZeneca, Pfizer/BioNTech",5998398,5809537,11807935
2021-09-06,"Johnson&Johnson, Moderna, Oxford/AstraZeneca, Pfizer/BioNTech",6004638,5822091,11826729
2021-09-07,"Johnson&Johnson, Moderna, Oxford/AstraZeneca, Pfizer/BioNTech",6009035,5833187,11842222
2021-09-08,"Johnson&Johnson, Moderna, Oxford/AstraZeneca, Pfizer/BioNTech",6014715,5843058,11857773
2021-09-09,"Johnson&Johnson, Moderna, Oxford/AstraZeneca, Pfizer/BioNTech",6021416,5853132,11874548
2021-09-10,"Johnson&Johnson, Moderna, Oxford/AstraZeneca, Pfizer/BioNTech",6029119,5865321,11894440
2021-09-11,"Johnson&Johnson, Moderna, Oxford/AstraZeneca, Pfizer/BioNTech",6030991,5867816,11898807
2021-09-12,"Johnson&Johnson, Moderna, Oxford/AstraZeneca, Pfizer/BioNTech",6032112,5869452,11901564
2021-09-13,"Johnson&Johnson, Moderna, Oxford/AstraZeneca, Pfizer/BioNTech",6037557,5879767,11917324
2021-09-14,"Johnson&Johnson, Moderna, Oxford/AstraZeneca, Pfizer/BioNTech",6042958,5888787,11931745
2021-09-15,"Johnson&Johnson, Moderna, Oxford/AstraZeneca, Pfizer/BioNTech",6048168,5897320,11945488
2021-09-16,"Johnson&Johnson, Moderna, Oxford/AstraZeneca, Pfizer/BioNTech",6053530,5905604,11959134
2021-09-17,"Johnson&Johnson, Moderna, Oxford/AstraZeneca, Pfizer/BioNTech",6060103,5915845,11975948
2021-09-18,"Johnson&Johnson, Moderna, Oxford/AstraZeneca, Pfizer/BioNTech",6061836,5918210,11980046
2021-09-19,"Johnson&Johnson, Moderna, Oxford/AstraZeneca, Pfizer/BioNTech",6062783,5919782,11982565
2021-09-20,"Johnson&Johnson, Moderna, Oxford/AstraZeneca, Pfizer/BioNTech",6066809,5927987,11994796
2021-09-21,"Johnson&Johnson, Moderna, Oxford/AstraZeneca, Pfizer/BioNTech",6071050,5935528,12006578
2021-09-22,"Johnson&Johnson, Moderna, Oxford/AstraZeneca, Pfizer/BioNTech",6075244,5941058,12016302
2021-09-23,"Johnson&Johnson, Moderna, Oxford/AstraZeneca, Pfizer/BioNTech",6080215,5947473,12027688
2021-09-24,"Johnson&Johnson, Moderna, Oxford/AstraZeneca, Pfizer/BioNTech",6085978,5957093,12043071
2021-09-25,"Johnson&Johnson, Moderna, Oxford/AstraZeneca, Pfizer/BioNTech",6087477,5959096,12046573
2021-09-26,"Johnson&Johnson, Moderna, Oxford/AstraZeneca, Pfizer/BioNTech",6088222,5960738,12048960
2021-09-27,"Johnson&Johnson, Moderna, Oxford/AstraZeneca, Pfizer/BioNTech",6092108,5967257,12059365
2021-09-28,"Johnson&Johnson, Moderna, Oxford/AstraZeneca, Pfizer/BioNTech",6092483,5967893,12060376
2021-09-29,"Johnson&Johnson, Moderna, Oxford/AstraZeneca, Pfizer/BioNTech",6096259,5975359,12071618
2021-09-30,"Johnson&Johnson, Moderna, Oxford/AstraZeneca, Pfizer/BioNTech",6100780,5983064,12083844
2021-10-01,"Johnson&Johnson, Moderna, Oxford/AstraZeneca, Pfizer/BioNTech",6105092,5991052,12096144
2021-10-02,"Johnson&Johnson, Moderna, Oxford/AstraZeneca, Pfizer/BioNTech",6106155,5992598,12098753
2021-10-03,"Johnson&Johnson, Moderna, Oxford/AstraZeneca, Pfizer/BioNTech",6106880,5993470,12100350
2021-10-04,"Johnson&Johnson, Moderna, Oxford/AstraZeneca, Pfizer/BioNTech",6109960,5999050,12109010
2021-10-05,"Johnson&Johnson, Moderna, Oxford/AstraZeneca, Pfizer/BioNTech",6113124,6004139,12117263
2021-10-06,"Johnson&Johnson, Moderna, Oxford/AstraZeneca, Pfizer/BioNTech",6116645,6009317,12125962
2021-10-07,"Johnson&Johnson, Moderna, Oxford/AstraZeneca, Pfizer/BioNTech",6119929,6014580,12134509
2021-10-08,"Johnson&Johnson, Moderna, Oxford/AstraZeneca, Pfizer/BioNTech",6124723,6021226,12145949
2021-10-09,"Johnson&Johnson, Moderna, Oxford/AstraZeneca, Pfizer/BioNTech",6125968,6022894,12148862
2021-10-10,"Johnson&Johnson, Moderna, Oxford/AstraZeneca, Pfizer/BioNTech",6126912,6023727,12150639
2021-10-11,"Johnson&Johnson, Moderna, Oxford/AstraZeneca, Pfizer/BioNTech",6129843,6028147,12157990
2021-10-12,"Johnson&Johnson, Moderna, Oxford/AstraZeneca, Pfizer/BioNTech",6132779,6032150,12164929
2021-10-13,"Johnson&Johnson, Moderna, Oxford/AstraZeneca, Pfizer/BioNTech",6136311,6036339,12172650
2021-10-14,"Johnson&Johnson, Moderna, Oxford/AstraZeneca, Pfizer/BioNTech",6139983,6041289,12181272
2021-10-15,"Johnson&Johnson, Moderna, Oxford/AstraZeneca, Pfizer/BioNTech",6145213,6047439,12192652
2021-10-16,"Johnson&Johnson, Moderna, Oxford/AstraZeneca, Pfizer/BioNTech",6146627,6048964,12195591
2021-10-17,"Johnson&Johnson, Moderna, Pfizer/BioNTech",6147954,6050019,12197973
2021-10-18,"Johnson&Johnson, Moderna, Oxford/AstraZeneca, Pfizer/BioNTech",6152068,6054127,12206195
2021-10-19,"Johnson&Johnson, Moderna, Oxford/AstraZeneca, Pfizer/BioNTech",6155650,6056233,12211883
2021-10-20,"Johnson&Johnson, Moderna, Oxford/AstraZeneca, Pfizer/BioNTech",6160536,6060694,12221230
2021-10-21,"Johnson&Johnson, Moderna, Oxford/AstraZeneca, Pfizer/BioNTech",6168305,6066304,12234609
2021-10-22,"Johnson&Johnson, Moderna, Oxford/AstraZeneca, Pfizer/BioNTech",6178762,6072809,12251571
2021-10-23,"Johnson&Johnson, Moderna, Oxford/AstraZeneca, Pfizer/BioNTech",6182439,6075020,12257459
2021-10-24,"Johnson&Johnson, Moderna, Oxford/AstraZeneca, Pfizer/BioNTech",6185124,6076801,12261925
2021-10-25,"Johnson&Johnson, Moderna, Oxford/AstraZeneca, Pfizer/BioNTech",6195626,6082612,12278238
2021-10-26,"Johnson&Johnson, Moderna, Oxford/AstraZeneca, Pfizer/BioNTech",6207617,6089163,12296780
2021-10-27,"Johnson&Johnson, Moderna, Oxford/AstraZeneca, Pfizer/BioNTech",6222225,6096579,12318804
2021-10-28,"Johnson&Johnson, Moderna, Oxford/AstraZeneca, Pfizer/BioNTech",6225651,6098264,12323915
2021-10-29,"Johnson&Johnson, Moderna, Oxford/AstraZeneca, Pfizer/BioNTech",6240089,6106250,12346339
2021-10-30,"Johnson&Johnson, Moderna, Oxford/AstraZeneca, Pfizer/BioNTech",6244618,6109178,12353796
2021-10-31,"Johnson&Johnson, Moderna, Oxford/AstraZeneca, Pfizer/BioNTech",6248381,6111654,12360035
2021-11-01,"Johnson&Johnson, Moderna, Oxford/AstraZeneca, Pfizer/BioNTech",6263578,6119340,12382918
2021-11-02,"Johnson&Johnson, Moderna, Oxford/AstraZeneca, Pfizer/BioNTech",6279030,6126896,12405926
2021-11-03,"Johnson&Johnson, Moderna, Oxford/AstraZeneca, Pfizer/BioNTech",6296210,6134187,12430397
2021-11-04,"Johnson&Johnson, Moderna, Oxford/AstraZeneca, Pfizer/BioNTech",6314558,6142361,12456919
2021-11-05,"Johnson&Johnson, Moderna, Oxford/AstraZeneca, Pfizer/BioNTech",6337361,6153648,12491009
2021-11-06,"Johnson&Johnson, Moderna, Oxford/AstraZeneca, Pfizer/BioNTech",6343876,6156706,12500582
2021-11-07,"Johnson&Johnson, Moderna, Oxford/AstraZeneca, Pfizer/BioNTech",6347900,6159142,12507042
2021-11-08,"Johnson&Johnson, Moderna, Oxford/AstraZeneca, Pfizer/BioNTech",6364166,6166769,12530935
2021-11-09,"Johnson&Johnson, Moderna, Oxford/AstraZeneca, Pfizer/BioNTech",6378978,6174068,12553046
2021-11-10,"Johnson&Johnson, Moderna, Oxford/AstraZeneca, Pfizer/BioNTech",6394717,6181455,12576172
2021-11-11,"Johnson&Johnson, Moderna, Oxford/AstraZeneca, Pfizer/BioNTech",6410187,6190563,12600750
2021-11-12,"Johnson&Johnson, Moderna, Oxford/AstraZeneca, Pfizer/BioNTech",6429987,6203364,12633351
2021-11-13,"Johnson&Johnson, Moderna, Oxford/AstraZeneca, Pfizer/BioNTech",6435381,6207240,12642621
2021-11-14,"Johnson&Johnson, Moderna, Oxford/AstraZeneca, Pfizer/BioNTech",6439276,6210248,12649524
2021-11-15,"Johnson&Johnson, Moderna, Oxford/AstraZeneca, Pfizer/BioNTech",6454355,6220943,12675298
2021-11-16,"Johnson&Johnson, Moderna, Oxford/AstraZeneca, Pfizer/BioNTech",6471889,6232920,12704809
2021-11-17,"Johnson&Johnson, Moderna, Oxford/AstraZeneca, Pfizer/BioNTech",6476132,6236486,12712618
2021-11-18,"Johnson&Johnson, Moderna, Oxford/AstraZeneca, Pfizer/BioNTech",6495550,6248182,12743732
2021-11-19,"Johnson&Johnson, Moderna, Oxford/AstraZeneca, Pfizer/BioNTech",6520160,6265159,12785319
2021-11-20,"Johnson&Johnson, Moderna, Oxford/AstraZeneca, Pfizer/BioNTech",6528737,6270142,12798879
2021-11-21,"Johnson&Johnson, Moderna, Pfizer/BioNTech",6535506,6273915,12809421
2021-11-22,"Johnson&Johnson, Moderna, Oxford/AstraZeneca, Pfizer/BioNTech",6554014,6288028,12842042
2021-11-23,"Johnson&Johnson, Moderna, Oxford/AstraZeneca, Pfizer/BioNTech",6573080,6301291,12874371
2021-11-24,"Johnson&Johnson, Moderna, Oxford/AstraZeneca, Pfizer/BioNTech",6592093,6317142,12909235
2021-11-25,"Johnson&Johnson, Moderna, Oxford/AstraZeneca, Pfizer/BioNTech",6611237,6332180,12943417
2021-11-26,"Johnson&Johnson, Moderna, Oxford/AstraZeneca, Pfizer/BioNTech",6632893,6351318,12984211
2021-11-27,"Johnson&Johnson, Moderna, Oxford/AstraZeneca, Pfizer/BioNTech",6640363,6356873,12997236
2021-11-28,"Johnson&Johnson, Moderna, Oxford/AstraZeneca, Pfizer/BioNTech",6643696,6360009,13003705
2021-11-29,"Johnson&Johnson, Moderna, Oxford/AstraZeneca, Pfizer/BioNTech",6658905,6373670,13032575
2021-11-30,"Johnson&Johnson, Moderna, Oxford/AstraZeneca, Pfizer/BioNTech",6672107,6384899,13057006
2021-12-01,"Johnson&Johnson, Moderna, Oxford/AstraZeneca, Pfizer/BioNTech",6686145,6397355,13083500
2021-12-02,"Johnson&Johnson, Moderna, Oxford/AstraZeneca, Pfizer/BioNTech",6696785,6409846,13106631
2021-12-03,"Johnson&Johnson, Moderna, Oxford/AstraZeneca, Pfizer/BioNTech",6706425,6425425,13131850
2021-12-04,"Johnson&Johnson, Moderna, Pfizer/BioNTech",6708982,6429375,13138357
2021-12-05,"Johnson&Johnson, Moderna, Oxford/AstraZeneca, Pfizer/BioNTech",6710343,6431715,13142058
2021-12-06,"Johnson&Johnson, Moderna, Oxford/AstraZeneca, Pfizer/BioNTech",6718490,6443244,13161734
2021-12-07,"Johnson&Johnson, Moderna, Oxford/AstraZeneca, Pfizer/BioNTech",6726381,6455254,13181635
2021-12-08,"Johnson&Johnson, Moderna, Oxford/AstraZeneca, Pfizer/BioNTech",6734625,6461182,13195807
2021-12-09,"Johnson&Johnson, Moderna, Oxford/AstraZeneca, Pfizer/BioNTech",6741746,6474002,13215748
2021-12-10,"Johnson&Johnson, Moderna, Oxford/AstraZeneca, Pfizer/BioNTech",6748675,6491806,13240481
2021-12-11,"Johnson&Johnson, Moderna, Oxford/AstraZeneca, Pfizer/BioNTech",6750334,6497078,13247412
2021-12-12,"Johnson&Johnson, Moderna, Oxford/AstraZeneca, Pfizer/BioNTech",6751645,6501511,13253156
2021-12-13,"Johnson&Johnson, Moderna, Oxford/AstraZeneca, Pfizer/BioNTech",6758001,6514824,13272825
2021-12-14,"Johnson&Johnson, Moderna, Oxford/AstraZeneca, Pfizer/BioNTech",6764211,6528493,13292704
2021-12-15,"Johnson&Johnson, Moderna, Oxford/AstraZeneca, Pfizer/BioNTech",6770417,6542091,13312508
2021-12-16,"Johnson&Johnson, Moderna, Oxford/AstraZeneca, Pfizer/BioNTech",6777358,6556925,13334283
2021-12-17,"Johnson&Johnson, Moderna, Oxford/AstraZeneca, Pfizer/BioNTech",6785724,6574191,13359915
2021-12-18,"Johnson&Johnson, Moderna, Oxford/AstraZeneca, Pfizer/BioNTech",6788335,6579643,13367978
2021-12-19,"Johnson&Johnson, Moderna, Pfizer/BioNTech",6790106,6582146,13372252
2021-12-20,"Johnson&Johnson, Moderna, Oxford/AstraZeneca, Pfizer/BioNTech",6795962,6596208,13392170
2021-12-21,"Johnson&Johnson, Moderna, Oxford/AstraZeneca, Pfizer/BioNTech",6802624,6608202,13410826
2021-12-22,"Johnson&Johnson, Moderna, Oxford/AstraZeneca, Pfizer/BioNTech",6807672,6621260,13428932
2021-12-23,"Johnson&Johnson, Moderna, Oxford/AstraZeneca, Pfizer/BioNTech",6810546,6626862,13437408
2021-12-24,"Johnson&Johnson, Moderna, Oxford/AstraZeneca, Pfizer/BioNTech",6810592,6626964,13437556
2021-12-25,"Moderna, Pfizer/BioNTech",6810593,6626972,13437565
2021-12-26,"Moderna, Pfizer/BioNTech",6810695,6627175,13437870
2021-12-27,"Johnson&Johnson, Moderna, Pfizer/BioNTech",6814562,6636918,13451480
2021-12-28,"Johnson&Johnson, Moderna, Oxford/AstraZeneca, Pfizer/BioNTech",6819802,6644914,13464716
2021-12-29,"Johnson&Johnson, Moderna, Oxford/AstraZeneca, Pfizer/BioNTech",6824082,6652633,13476715
2021-12-30,"Johnson&Johnson, Moderna, Pfizer/BioNTech",6828383,6658066,13486449
2021-12-31,"Johnson&Johnson, Moderna, Pfizer/BioNTech",6828893,6659490,13488383
2022-01-01,"Johnson&Johnson, Moderna, Pfizer/BioNTech",6828899,6659508,13488407
2022-01-02,"Johnson&Johnson, Moderna, Pfizer/BioNTech",6829756,6660885,13490641
2022-01-03,"Johnson&Johnson, Moderna, Oxford/AstraZeneca, Pfizer/BioNTech",6833893,6669794,13503687
2022-01-04,"Johnson&Johnson, Moderna, Oxford/AstraZeneca, Pfizer/BioNTech",6838977,6677549,13516526
2022-01-05,"Johnson&Johnson, Moderna, Oxford/AstraZeneca, Pfizer/BioNTech",6844797,6685521,13530318
2022-01-06,"Johnson&Johnson, Moderna, Oxford/AstraZeneca, Pfizer/BioNTech",6851381,6693921,13545302
2022-01-07,"Johnson&Johnson, Moderna, Oxford/AstraZeneca, Pfizer/BioNTech",6859256,6704276,13563532
2022-01-08,"Johnson&Johnson, Moderna, Oxford/AstraZeneca, Pfizer/BioNTech",6861736,6707055,13568791
2022-01-09,"Johnson&Johnson, Moderna, Pfizer/BioNTech",6862819,6708750,13571569
2022-01-10,"Johnson&Johnson, Moderna, Oxford/AstraZeneca, Pfizer/BioNTech",6867322,6714939,13582261
2022-01-11,"Johnson&Johnson, Moderna, Oxford/AstraZeneca, Pfizer/BioNTech",6872761,6721692,13594453
2022-01-12,"Johnson&Johnson, Moderna, Oxford/AstraZeneca, Pfizer/BioNTech",6878718,6727335,13606053
2022-01-13,"Johnson&Johnson, Moderna, Oxford/AstraZeneca, Pfizer/BioNTech",6884604,6732112,13616716
2022-01-14,"Johnson&Johnson, Moderna, Oxford/AstraZeneca, Pfizer/BioNTech",6890905,6735744,13626649
2022-01-15,"Johnson&Johnson, Moderna, Oxford/AstraZeneca, Pfizer/BioNTech",6892181,6736400,13628581
2022-01-16,"Johnson&Johnson, Moderna, Oxford/AstraZeneca, Pfizer/BioNTech",6892869,6736837,13629706
2022-01-17,"Johnson&Johnson, Moderna, Oxford/AstraZeneca, Pfizer/BioNTech",6896423,6740793,13637216
2022-01-18,"Johnson&Johnson, Moderna, Oxford/AstraZeneca, Pfizer/BioNTech",6900273,6745742,13646015
2022-01-19,"Johnson&Johnson, Moderna, Oxford/AstraZeneca, Pfizer/BioNTech",6904343,6749673,13654016
2022-01-20,"Johnson&Johnson, Moderna, Oxford/AstraZeneca, Pfizer/BioNTech",6907935,6754129,13662064
2022-01-21,"Johnson&Johnson, Moderna, Oxford/AstraZeneca, Pfizer/BioNTech",6911929,6756657,13668586
2022-01-22,"Johnson&Johnson, Moderna, Pfizer/BioNTech",6912708,6757096,13669804
2022-01-23,"Johnson&Johnson, Moderna, Pfizer/BioNTech",6913269,6757730,13670999
2022-01-24,"Johnson&Johnson, Moderna, Oxford/AstraZeneca, Pfizer/BioNTech",6915539,6761165,13676704
2022-01-25,"Johnson&Johnson, Moderna, Oxford/AstraZeneca, Pfizer/BioNTech",6917894,6765160,13683054
2022-01-26,"Johnson&Johnson, Moderna, Oxford/AstraZeneca, Pfizer/BioNTech",6920279,6769726,13690005
2022-01-27,"Johnson&Johnson, Moderna, Oxford/AstraZeneca, Pfizer/BioNTech",6922598,6774538,13697136
2022-01-28,"Johnson&Johnson, Moderna, Oxford/AstraZeneca, Pfizer/BioNTech",6925515,6780701,13706216
2022-01-29,"Johnson&Johnson, Moderna, Oxford/AstraZeneca, Pfizer/BioNTech",6926115,6782352,13708467
2022-01-30,"Johnson&Johnson, Moderna, Pfizer/BioNTech",6926342,6783130,13709472
2022-01-31,"Johnson&Johnson, Moderna, Pfizer/BioNTech",6927884,6787053,13714937
2022-02-01,"Johnson&Johnson, Moderna, Pfizer/BioNTech",6929480,6791084,13720564
2022-02-02,"Johnson&Johnson, Moderna, Oxford/AstraZeneca, Pfizer/BioNTech",6931047,6795593,13726640
2022-02-03,"Johnson&Johnson, Moderna, Pfizer/BioNTech",6932419,6800071,13732490
2022-02-04,"Johnson&Johnson, Moderna, Pfizer/BioNTech",6934020,6805186,13739206
2022-02-05,"Johnson&Johnson, Moderna, Pfizer/BioNTech",6934193,6805795,13739988
2022-02-06,"Johnson&Johnson, Moderna, Pfizer/BioNTech",6934289,6806114,13740403
2022-02-07,"Johnson&Johnson, Moderna, Pfizer/BioNTech",6934990,6809323,13744313
2022-02-08,"Johnson&Johnson, Moderna, Pfizer/BioNTech",6935785,6812511,13748296
2022-02-09,"Johnson&Johnson, Moderna, Pfizer/BioNTech",6936609,6815882,13752491
2022-02-10,"Johnson&Johnson, Moderna, Pfizer/BioNTech",6937407,6819006,13756413
2022-02-11,"Johnson&Johnson, Moderna, Pfizer/BioNTech",6938361,6822920,13761281
2022-02-12,"Johnson&Johnson, Moderna, Pfizer/BioNTech",6938471,6823339,13761810
2022-02-13,"Johnson&Johnson, Moderna, Pfizer/BioNTech",6938506,6823776,13762282
2022-02-14,"Johnson&Johnson, Moderna, Pfizer/BioNTech",6938963,6825888,13764851
2022-02-15,"Johnson&Johnson, Moderna, Pfizer/BioNTech",6939516,6828095,13767611
2022-02-16,"Johnson&Johnson, Moderna, Pfizer/BioNTech",6940107,6830194,13770301
2022-02-17,"Johnson&Johnson, Moderna, Pfizer/BioNTech",6940701,6832535,13773236
2022-02-18,"Johnson&Johnson, Moderna, Oxford/AstraZeneca, Pfizer/BioNTech",6941342,6835587,13776929
2022-02-19,"Johnson&Johnson, Moderna, Pfizer/BioNTech",6941421,6835868,13777289
2022-02-20,"Johnson&Johnson, Moderna, Pfizer/BioNTech",6941456,6836017,13777473
2022-02-21,"Johnson&Johnson, Moderna, Pfizer/BioNTech",6941819,6837714,13779533
2022-02-22,"Johnson&Johnson, Moderna, Oxford/AstraZeneca, Pfizer/BioNTech",6942211,6839395,13781606
2022-02-23,"Johnson&Johnson, Moderna, Pfizer/BioNTech",6942665,6841037,13783702
2022-02-24,"Johnson&Johnson, Moderna, Pfizer/BioNTech",6943073,6842667,13785740
2022-02-25,"Johnson&Johnson, Moderna, Pfizer/BioNTech",6943656,6844751,13788407
2022-02-26,"Johnson&Johnson, Moderna, Pfizer/BioNTech",6943717,6844912,13788629
2022-02-27,"Johnson&Johnson, Moderna, Pfizer/BioNTech",6943747,6844988,13788735
2022-02-28,"Johnson&Johnson, Moderna, Pfizer/BioNTech",6943993,6845962,13789955
2022-03-01,"Johnson&Johnson, Moderna, Pfizer/BioNTech",6944298,6846746,13791044
2022-03-02,"Johnson&Johnson, Moderna, Novavax, Pfizer/BioNTech",6944668,6847653,13792321
2022-03-03,"Johnson&Johnson, Moderna, Novavax, Pfizer/BioNTech",6945003,6848596,13793599
2022-03-04,"Johnson&Johnson, Moderna, Novavax, Pfizer/BioNTech",6945631,6849817,13795448
2022-03-05,"Johnson&Johnson, Moderna, Novavax, Pfizer/BioNTech",6945712,6849908,13795620
2022-03-06,"Moderna, Novavax, Pfizer/BioNTech",6945724,6849926,13795650
2022-03-07,"Johnson&Johnson, Moderna, Novavax, Pfizer/BioNTech",6946059,6850483,13796542
2022-03-08,"Johnson&Johnson, Moderna, Novavax, Pfizer/BioNTech",6946394,6851025,13797419
2022-03-09,"Johnson&Johnson, Moderna, Novavax, Pfizer/BioNTech",6946781,6851612,13798393
2022-03-10,"Johnson&Johnson, Moderna, Novavax, Pfizer/BioNTech",6947192,6852283,13799475
2022-03-11,"Johnson&Johnson, Moderna, Novavax, Pfizer/BioNTech",6947941,6853191,13801132
2022-03-12,"Johnson&Johnson, Moderna, Novavax, Pfizer/BioNTech",6948009,6853296,13801305
2022-03-13,"Johnson&Johnson, Moderna, Novavax, Pfizer/BioNTech",6948022,6853314,13801336
2022-03-14,"Johnson&Johnson, Moderna, Novavax, Pfizer/BioNTech",6948287,6853693,13801980
2022-03-15,"Johnson&Johnson, Moderna, Novavax, Pfizer/BioNTech",6948570,6854129,13802699
2022-03-16,"Johnson&Johnson, Moderna, Novavax, Pfizer/BioNTech",6948887,6854671,13803558
2022-03-17,"Johnson&Johnson, Moderna, Novavax, Oxford/AstraZeneca, Pfizer/BioNTech",6949180,6855104,13804284
2022-03-18,"Johnson&Johnson, Moderna, Novavax, Pfizer/BioNTech",6949876,6855896,13805772
2022-03-19,"Moderna, Novavax, Pfizer/BioNTech",6949932,6855941,13805873
2022-03-20,"Moderna, Novavax, Pfizer/BioNTech",6949949,6855953,13805902
2022-03-21,"Johnson&Johnson, Moderna, Novavax, Pfizer/BioNTech",6950136,6856280,13806416
2022-03-22,"Johnson&Johnson, Moderna, Novavax, Pfizer/BioNTech",6950375,6856676,13807051
2022-03-23,"Johnson&Johnson, Moderna, Novavax, Pfizer/BioNTech",6950707,6857111,13807818
2022-03-24,"Johnson&Johnson, Moderna, Novavax, Pfizer/BioNTech",6951017,6857584,13808601
2022-03-25,"Johnson&Johnson, Moderna, Novavax, Pfizer/BioNTech",6951502,6858384,13809886
2022-03-26,"Johnson&Johnson, Moderna, Novavax, Pfizer/BioNTech",6951554,6858461,13810015
2022-03-27,"Moderna, Novavax, Pfizer/BioNTech",6951570,6858478,13810048
2022-03-28,"Johnson&Johnson, Moderna, Novavax, Pfizer/BioNTech",6951723,6858857,13810580
2022-03-29,"Johnson&Johnson, Moderna, Novavax, Pfizer/BioNTech",6951985,6859263,13811248
2022-03-30,"Johnson&Johnson, Moderna, Novavax, Pfizer/BioNTech",6952287,6859754,13812041
2022-03-31,"Johnson&Johnson, Moderna, Novavax, Pfizer/BioNTech",6952584,6860246,13812830
2022-04-01,"Johnson&Johnson, Moderna, Novavax, Pfizer/BioNTech",6953154,6861004,13814158
2022-04-02,"Moderna, Novavax, Pfizer/BioNTech",6953209,6861088,13814297
2022-04-03,"Moderna, Novavax, Pfizer/BioNTech",6953221,6861117,13814338
2022-04-04,"Johnson&Johnson, Moderna, Novavax, Pfizer/BioNTech",6953386,6861396,13814782
2022-04-05,"Johnson&Johnson, Moderna, Novavax, Pfizer/BioNTech",6953574,6861632,13815206
2022-04-06,"Johnson&Johnson, Moderna, Novavax, Pfizer/BioNTech",6953790,6861978,13815768
2022-04-07,"Johnson&Johnson, Moderna, Novavax, Pfizer/BioNTech",6954008,6862393,13816401
2022-04-08,"Johnson&Johnson, Moderna, Novavax, Pfizer/BioNTech",6954453,6863113,13817566
2022-04-09,"Johnson&Johnson, Moderna, Novavax, Pfizer/BioNTech",6954512,6863185,13817697
2022-04-10,"Moderna, Novavax, Pfizer/BioNTech",6954524,6863194,13817718
2022-04-11,"Johnson&Johnson, Moderna, Novavax, Pfizer/BioNTech",6954681,6863425,13818106
2022-04-12,"Johnson&Johnson, Moderna, Novavax, Pfizer/BioNTech",6954920,6863723,13818643
2022-04-13,"Johnson&Johnson, Moderna, Novavax, Pfizer/BioNTech",6955159,6864076,13819235
2022-04-14,"Johnson&Johnson, Moderna, Novavax, Pfizer/BioNTech",6955424,6864458,13819882
2022-04-15,"Moderna, Novavax, Pfizer/BioNTech",6955435,6864481,13819916
2022-04-16,"Moderna, Novavax, Pfizer/BioNTech",6955453,6864513,13819966
2022-04-17,"Moderna, Novavax, Pfizer/BioNTech",6955454,6864514,13819968
2022-04-18,"Moderna, Novavax, Pfizer/BioNTech",6955456,6864530,13819986
2022-04-19,"Johnson&Johnson, Moderna, Novavax, Pfizer/BioNTech",6955591,6864866,13820457
2022-04-20,"Johnson&Johnson, Moderna, Novavax, Pfizer/BioNTech",6955810,6865253,13821063
2022-04-21,"Johnson&Johnson, Moderna, Novavax, Pfizer/BioNTech",6956026,6865670,13821696
2022-04-22,"Johnson&Johnson, Moderna, Novavax, Pfizer/BioNTech",6956491,6866480,13822971
2022-04-23,"Moderna, Novavax, Pfizer/BioNTech",6956522,6866559,13823081
2022-04-24,"Moderna, Novavax, Pfizer/BioNTech",6956527,6866569,13823096
2022-04-25,"Johnson&Johnson, Moderna, Novavax, Pfizer/BioNTech",6956666,6866767,13823433
2022-04-26,"Johnson&Johnson, Moderna, Novavax, Pfizer/BioNTech",6956800,6867017,13823817
2022-04-27,"Johnson&Johnson, Moderna, Novavax, Pfizer/BioNTech",6957062,6867339,13824401
2022-04-28,"Johnson&Johnson, Moderna, Novavax, Pfizer/BioNTech",6957246,6867619,13824865
2022-04-29,"Johnson&Johnson, Moderna, Novavax, Pfizer/BioNTech",6957642,6868163,13825805
2022-04-30,"Moderna, Novavax, Pfizer/BioNTech",6957681,6868227,13825908
