date,vaccine,people_vaccinated,people_fully_vaccinated,total_vaccinations
2020-12-27,Pfizer/BioNTech,1279,0,1279
2020-12-28,Pfizer/BioNTech,3586,0,3586
2020-12-29,Pfizer/BioNTech,7052,0,7052
2020-12-30,Pfizer/BioNTech,10566,0,10566
2020-12-31,Pfizer/BioNTech,11871,0,11871
2021-01-01,"Moderna, Pfizer/BioNTech",12140,0,12140
2021-01-02,Pfizer/BioNTech,13416,0,13416
2021-01-03,Pfizer/BioNTech,14338,0,14338
2021-01-04,"Moderna, Pfizer/BioNTech",17944,0,17944
2021-01-05,"Moderna, Pfizer/BioNTech",22454,0,22454
2021-01-06,"Moderna, Pfizer/BioNTech",28293,1,28294
2021-01-07,"Moderna, Pfizer/BioNTech",36284,1,36285
2021-01-08,"Moderna, Pfizer/BioNTech",46331,1,46332
2021-01-09,"Moderna, Pfizer/BioNTech",48355,2,48357
2021-01-10,Pfizer/BioNTech,50120,4,50124
2021-01-11,Pfizer/BioNTech,59973,6,59979
2021-01-12,"Moderna, Pfizer/BioNTech",73415,8,73423
2021-01-13,Pfizer/BioNTech,86950,8,86958
2021-01-14,"Moderna, Pfizer/BioNTech",102173,12,102185
2021-01-15,"Moderna, Pfizer/BioNTech",116175,13,116188
2021-01-16,"Moderna, Pfizer/BioNTech",119568,16,119584
2021-01-17,"Moderna, Pfizer/BioNTech",122181,652,122833
2021-01-18,"Moderna, Pfizer/BioNTech",134658,2479,137137
2021-01-19,"Moderna, Pfizer/BioNTech",147256,5201,152457
2021-01-20,"Moderna, Pfizer/BioNTech",160931,7857,168788
2021-01-21,"Moderna, Pfizer/BioNTech",176579,9597,186176
2021-01-22,"Moderna, Pfizer/BioNTech",191448,10641,202089
2021-01-23,"Moderna, Pfizer/BioNTech",194765,11519,206284
2021-01-24,"Moderna, Pfizer/BioNTech",197018,12387,209405
2021-01-25,"Moderna, Pfizer/BioNTech",206657,15361,222018
2021-01-26,"Moderna, Pfizer/BioNTech",217193,19345,236538
2021-01-27,"Moderna, Pfizer/BioNTech",226218,23882,250100
2021-01-28,"Moderna, Pfizer/BioNTech",233313,30008,263321
2021-01-29,"Moderna, Pfizer/BioNTech",239522,37914,277436
2021-01-30,"Moderna, Pfizer/BioNTech",240257,39002,279259
2021-01-31,"Moderna, Pfizer/BioNTech",240970,40183,281153
2021-02-01,"Moderna, Pfizer/BioNTech",244948,48139,293087
2021-02-02,"Moderna, Pfizer/BioNTech",249084,58367,307451
2021-02-03,"Moderna, Pfizer/BioNTech",253499,69369,322868
2021-02-04,"Moderna, Pfizer/BioNTech",258394,82349,340743
2021-02-05,"Moderna, Pfizer/BioNTech",263854,93014,356868
2021-02-06,"Moderna, Oxford/AstraZeneca, Pfizer/BioNTech",264702,95376,360078
2021-02-07,"Moderna, Pfizer/BioNTech",265549,97875,363424
2021-02-08,"Moderna, Oxford/AstraZeneca, Pfizer/BioNTech",269622,109305,378927
2021-02-09,"Moderna, Oxford/AstraZeneca, Pfizer/BioNTech",274712,121210,395922
2021-02-10,"Moderna, Oxford/AstraZeneca, Pfizer/BioNTech",280216,134451,414667
2021-02-11,"Moderna, Oxford/AstraZeneca, Pfizer/BioNTech",286539,150656,437195
2021-02-12,"Moderna, Oxford/AstraZeneca, Pfizer/BioNTech",293304,165381,458685
2021-02-13,"Moderna, Oxford/AstraZeneca, Pfizer/BioNTech",294911,168367,463278
2021-02-14,"Moderna, Oxford/AstraZeneca, Pfizer/BioNTech",295912,169751,465663
2021-02-15,"Moderna, Oxford/AstraZeneca, Pfizer/BioNTech",302310,179105,481415
2021-02-16,"Moderna, Oxford/AstraZeneca, Pfizer/BioNTech",311026,188178,499204
2021-02-17,"Moderna, Oxford/AstraZeneca, Pfizer/BioNTech",320721,196482,517203
2021-02-18,"Moderna, Oxford/AstraZeneca, Pfizer/BioNTech",333036,204553,537589
2021-02-19,"Moderna, Oxford/AstraZeneca, Pfizer/BioNTech",344886,211905,556791
2021-02-20,"Moderna, Oxford/AstraZeneca, Pfizer/BioNTech",346877,213085,559962
2021-02-21,"Moderna, Oxford/AstraZeneca, Pfizer/BioNTech",348004,214107,562111
2021-02-22,"Moderna, Oxford/AstraZeneca, Pfizer/BioNTech",358120,220131,578251
2021-02-23,"Moderna, Oxford/AstraZeneca, Pfizer/BioNTech",371062,227100,598162
2021-02-24,"Moderna, Oxford/AstraZeneca, Pfizer/BioNTech",384930,233132,618062
2021-02-25,"Moderna, Oxford/AstraZeneca, Pfizer/BioNTech",402893,238679,641572
2021-02-26,"Moderna, Oxford/AstraZeneca, Pfizer/BioNTech",419054,244019,663073
2021-02-27,"Moderna, Oxford/AstraZeneca, Pfizer/BioNTech",422061,244575,666636
2021-02-28,"Moderna, Oxford/AstraZeneca, Pfizer/BioNTech",424405,245122,669527
2021-03-01,"Moderna, Oxford/AstraZeneca, Pfizer/BioNTech",443978,248564,692542
2021-03-02,"Moderna, Oxford/AstraZeneca, Pfizer/BioNTech",471195,252102,723297
2021-03-03,"Moderna, Oxford/AstraZeneca, Pfizer/BioNTech",502050,256603,758653
2021-03-04,"Moderna, Oxford/AstraZeneca, Pfizer/BioNTech",535317,261283,796600
2021-03-05,"Johnson&Johnson, Moderna, Oxford/AstraZeneca, Pfizer/BioNTech",564119,266694,830813
2021-03-06,"Johnson&Johnson, Moderna, Oxford/AstraZeneca, Pfizer/BioNTech",576256,267549,843805
2021-03-07,"Johnson&Johnson, Moderna, Oxford/AstraZeneca, Pfizer/BioNTech",587787,268388,856175
2021-03-08,"Johnson&Johnson, Moderna, Oxford/AstraZeneca, Pfizer/BioNTech",617497,273232,890729
2021-03-09,"Johnson&Johnson, Moderna, Oxford/AstraZeneca, Pfizer/BioNTech",653837,279609,933446
2021-03-10,"Moderna, Oxford/AstraZeneca, Pfizer/BioNTech",695127,286557,981684
2021-03-11,"Johnson&Johnson, Moderna, Oxford/AstraZeneca, Pfizer/BioNTech",739924,294927,1034851
2021-03-12,"Johnson&Johnson, Moderna, Oxford/AstraZeneca, Pfizer/BioNTech",778698,303390,1082088
2021-03-13,"Johnson&Johnson, Moderna, Oxford/AstraZeneca, Pfizer/BioNTech",795765,304693,1100458
2021-03-14,"Moderna, Oxford/AstraZeneca, Pfizer/BioNTech",807868,305841,1113709
2021-03-15,"Moderna, Oxford/AstraZeneca, Pfizer/BioNTech",836239,314613,1150852
2021-03-16,"Johnson&Johnson, Moderna, Oxford/AstraZeneca, Pfizer/BioNTech",875111,325142,1200253
2021-03-17,"Moderna, Oxford/AstraZeneca, Pfizer/BioNTech",912556,335644,1248200
2021-03-18,"Johnson&Johnson, Moderna, Oxford/AstraZeneca, Pfizer/BioNTech",950511,348047,1298558
2021-03-19,"Moderna, Oxford/AstraZeneca, Pfizer/BioNTech",984970,361647,1346617
2021-03-20,"Johnson&Johnson, Moderna, Oxford/AstraZeneca, Pfizer/BioNTech",1000097,363667,1363764
2021-03-21,"Johnson&Johnson, Moderna, Oxford/AstraZeneca, Pfizer/BioNTech",1007505,365220,1372725
2021-03-22,"Johnson&Johnson, Moderna, Oxford/AstraZeneca, Pfizer/BioNTech",1032027,377716,1409743
2021-03-23,"Johnson&Johnson, Moderna, Oxford/AstraZeneca, Pfizer/BioNTech",1058651,391064,1449715
2021-03-24,"Johnson&Johnson, Moderna, Oxford/AstraZeneca, Pfizer/BioNTech",1085488,406791,1492279
2021-03-25,"Moderna, Oxford/AstraZeneca, Pfizer/BioNTech",1111796,424630,1536426
2021-03-26,"Johnson&Johnson, Moderna, Oxford/AstraZeneca, Pfizer/BioNTech",1136587,442118,1578705
2021-03-27,"Johnson&Johnson, Moderna, Oxford/AstraZeneca, Pfizer/BioNTech",1145013,446962,1591975
2021-03-28,"Moderna, Oxford/AstraZeneca, Pfizer/BioNTech",1150549,451100,1601649
2021-03-29,"Johnson&Johnson, Moderna, Oxford/AstraZeneca, Pfizer/BioNTech",1169661,471815,1641476
2021-03-30,"Johnson&Johnson, Moderna, Oxford/AstraZeneca, Pfizer/BioNTech",1194341,493986,1688327
2021-03-31,"Johnson&Johnson, Moderna, Oxford/AstraZeneca, Pfizer/BioNTech",1217424,521037,1738461
2021-04-01,"Johnson&Johnson, Moderna, Oxford/AstraZeneca, Pfizer/BioNTech",1243019,553074,1796093
2021-04-02,"Johnson&Johnson, Moderna, Oxford/AstraZeneca, Pfizer/BioNTech",1249930,565858,1815788
2021-04-03,"Johnson&Johnson, Moderna, Oxford/AstraZeneca, Pfizer/BioNTech",1253538,576773,1830311
2021-04-04,"Johnson&Johnson, Moderna, Oxford/AstraZeneca, Pfizer/BioNTech",1256041,585689,1841730
2021-04-05,"Johnson&Johnson, Moderna, Oxford/AstraZeneca, Pfizer/BioNTech",1258431,592867,1851298
2021-04-06,"Johnson&Johnson, Moderna, Oxford/AstraZeneca, Pfizer/BioNTech",1274548,622104,1896652
2021-04-07,"Johnson&Johnson, Moderna, Oxford/AstraZeneca, Pfizer/BioNTech",1297942,644323,1942265
2021-04-08,"Johnson&Johnson, Moderna, Oxford/AstraZeneca, Pfizer/BioNTech",1336619,675329,2011948
2021-04-09,"Johnson&Johnson, Moderna, Oxford/AstraZeneca, Pfizer/BioNTech",1376136,705500,2081636
2021-04-10,"Johnson&Johnson, Moderna, Oxford/AstraZeneca, Pfizer/BioNTech",1391610,720789,2112399
2021-04-11,"Johnson&Johnson, Moderna, Oxford/AstraZeneca, Pfizer/BioNTech",1401376,730820,2132196
2021-04-12,"Johnson&Johnson, Moderna, Oxford/AstraZeneca, Pfizer/BioNTech",1439606,755944,2195550
2021-04-13,"Moderna, Oxford/AstraZeneca, Pfizer/BioNTech",1475831,781977,2257808
2021-04-14,"Moderna, Oxford/AstraZeneca, Pfizer/BioNTech",1514616,809322,2323938
2021-04-15,"Moderna, Oxford/AstraZeneca, Pfizer/BioNTech",1562379,835031,2397410
2021-04-16,"Moderna, Oxford/AstraZeneca, Pfizer/BioNTech",1607006,860657,2467663
2021-04-17,"Moderna, Oxford/AstraZeneca, Pfizer/BioNTech",1623685,869680,2493365
2021-04-18,"Moderna, Oxford/AstraZeneca, Pfizer/BioNTech",1636661,874661,2511322
2021-04-19,"Moderna, Oxford/AstraZeneca, Pfizer/BioNTech",1680639,890116,2570755
2021-04-20,"Johnson&Johnson, Moderna, Oxford/AstraZeneca, Pfizer/BioNTech",1723166,905972,2629138
2021-04-21,"Moderna, Oxford/AstraZeneca, Pfizer/BioNTech",1770877,920312,2691189
2021-04-22,"Johnson&Johnson, Moderna, Oxford/AstraZeneca, Pfizer/BioNTech",1825345,937683,2763028
2021-04-23,"Johnson&Johnson, Moderna, Oxford/AstraZeneca, Pfizer/BioNTech",1875286,949725,2825011
2021-04-24,"Johnson&Johnson, Moderna, Oxford/AstraZeneca, Pfizer/BioNTech",1893106,954964,2848070
2021-04-25,"Johnson&Johnson, Moderna, Oxford/AstraZeneca, Pfizer/BioNTech",1907785,958954,2866739
2021-04-26,"Johnson&Johnson, Moderna, Oxford/AstraZeneca, Pfizer/BioNTech",1957351,966494,2923845
2021-04-27,"Johnson&Johnson, Moderna, Oxford/AstraZeneca, Pfizer/BioNTech",2006303,978708,2985011
2021-04-28,"Johnson&Johnson, Moderna, Oxford/AstraZeneca, Pfizer/BioNTech",2065036,992684,3057720
2021-04-29,"Johnson&Johnson, Moderna, Oxford/AstraZeneca, Pfizer/BioNTech",2130566,1008548,3139114
2021-04-30,"Johnson&Johnson, Moderna, Oxford/AstraZeneca, Pfizer/BioNTech",2192768,1018496,3211264
2021-05-01,"Johnson&Johnson, Moderna, Oxford/AstraZeneca, Pfizer/BioNTech",2212074,1021930,3234004
2021-05-02,"Johnson&Johnson, Moderna, Oxford/AstraZeneca, Pfizer/BioNTech",2230977,1024194,3255171
2021-05-03,"Johnson&Johnson, Moderna, Oxford/AstraZeneca, Pfizer/BioNTech",2298198,1029239,3327437
2021-05-04,"Johnson&Johnson, Moderna, Oxford/AstraZeneca, Pfizer/BioNTech",2364665,1037554,3402219
2021-05-05,"Johnson&Johnson, Moderna, Oxford/AstraZeneca, Pfizer/BioNTech",2437793,1046934,3484727
2021-05-06,"Johnson&Johnson, Moderna, Oxford/AstraZeneca, Pfizer/BioNTech",2518157,1057628,3575785
2021-05-07,"Johnson&Johnson, Moderna, Oxford/AstraZeneca, Pfizer/BioNTech",2595373,1067667,3663040
2021-05-08,"Johnson&Johnson, Moderna, Oxford/AstraZeneca, Pfizer/BioNTech",2624785,1069417,3694202
2021-05-09,"Johnson&Johnson, Moderna, Oxford/AstraZeneca, Pfizer/BioNTech",2648960,1070612,3719572
2021-05-10,"Johnson&Johnson, Moderna, Oxford/AstraZeneca, Pfizer/BioNTech",2721690,1077815,3799505
2021-05-11,"Johnson&Johnson, Moderna, Oxford/AstraZeneca, Pfizer/BioNTech",2797774,1086600,3884374
2021-05-12,"Johnson&Johnson, Moderna, Oxford/AstraZeneca, Pfizer/BioNTech",2877603,1095681,3973284
2021-05-13,"Johnson&Johnson, Moderna, Oxford/AstraZeneca, Pfizer/BioNTech",2961595,1104821,4066416
2021-05-14,"Johnson&Johnson, Moderna, Oxford/AstraZeneca, Pfizer/BioNTech",3041003,1112581,4153584
2021-05-15,"Johnson&Johnson, Moderna, Oxford/AstraZeneca, Pfizer/BioNTech",3072851,1114797,4187648
2021-05-16,"Johnson&Johnson, Moderna, Oxford/AstraZeneca, Pfizer/BioNTech",3098595,1116048,4214643
2021-05-17,"Johnson&Johnson, Moderna, Oxford/AstraZeneca, Pfizer/BioNTech",3171080,1122746,4293826
2021-05-18,"Johnson&Johnson, Moderna, Oxford/AstraZeneca, Pfizer/BioNTech",3242986,1135765,4378751
2021-05-19,"Johnson&Johnson, Moderna, Oxford/AstraZeneca, Pfizer/BioNTech",3320416,1150864,4471280
2021-05-20,"Johnson&Johnson, Moderna, Oxford/AstraZeneca, Pfizer/BioNTech",3395818,1177854,4573672
2021-05-21,"Johnson&Johnson, Moderna, Oxford/AstraZeneca, Pfizer/BioNTech",3464548,1205565,4670113
2021-05-22,"Johnson&Johnson, Moderna, Oxford/AstraZeneca, Pfizer/BioNTech",3496897,1216718,4713615
2021-05-23,"Johnson&Johnson, Moderna, Oxford/AstraZeneca, Pfizer/BioNTech",3519219,1225731,4744950
2021-05-24,"Johnson&Johnson, Moderna, Oxford/AstraZeneca, Pfizer/BioNTech",3566336,1259346,4825682
2021-05-25,"Johnson&Johnson, Moderna, Oxford/AstraZeneca, Pfizer/BioNTech",3618170,1295104,4913274
2021-05-26,"Johnson&Johnson, Moderna, Oxford/AstraZeneca, Pfizer/BioNTech",3685903,1332586,5018489
2021-05-27,"Johnson&Johnson, Moderna, Oxford/AstraZeneca, Pfizer/BioNTech",3747271,1379858,5127129
2021-05-28,"Johnson&Johnson, Moderna, Oxford/AstraZeneca, Pfizer/BioNTech",3808943,1426358,5235301
2021-05-29,"Johnson&Johnson, Moderna, Oxford/AstraZeneca, Pfizer/BioNTech",3838101,1443437,5281538
2021-05-30,"Johnson&Johnson, Moderna, Oxford/AstraZeneca, Pfizer/BioNTech",3860442,1457847,5318289
2021-05-31,"Johnson&Johnson, Moderna, Oxford/AstraZeneca, Pfizer/BioNTech",3916157,1505365,5421522
2021-06-01,"Johnson&Johnson, Moderna, Oxford/AstraZeneca, Pfizer/BioNTech",3975161,1554160,5529321
2021-06-02,"Johnson&Johnson, Moderna, Oxford/AstraZeneca, Pfizer/BioNTech",4038030,1608081,5646111
2021-06-03,"Johnson&Johnson, Moderna, Oxford/AstraZeneca, Pfizer/BioNTech",4096242,1668239,5764481
2021-06-04,"Johnson&Johnson, Moderna, Oxford/AstraZeneca, Pfizer/BioNTech",4159312,1725566,5884878
2021-06-05,"Johnson&Johnson, Moderna, Oxford/AstraZeneca, Pfizer/BioNTech",4193436,1744351,5937787
2021-06-06,"Johnson&Johnson, Moderna, Oxford/AstraZeneca, Pfizer/BioNTech",4220339,1759450,5979789
2021-06-07,"Johnson&Johnson, Moderna, Oxford/AstraZeneca, Pfizer/BioNTech",4284009,1815037,6099046
2021-06-08,"Johnson&Johnson, Moderna, Oxford/AstraZeneca, Pfizer/BioNTech",4347975,1869964,6217939
2021-06-09,"Johnson&Johnson, Moderna, Oxford/AstraZeneca, Pfizer/BioNTech",4407158,1934393,6341551
2021-06-10,"Johnson&Johnson, Moderna, Oxford/AstraZeneca, Pfizer/BioNTech",4461041,2005458,6466499
2021-06-11,"Johnson&Johnson, Moderna, Oxford/AstraZeneca, Pfizer/BioNTech",4513132,2075135,6588267
2021-06-12,"Johnson&Johnson, Moderna, Oxford/AstraZeneca, Pfizer/BioNTech",4545123,2095875,6640998
2021-06-13,"Johnson&Johnson, Moderna, Oxford/AstraZeneca, Pfizer/BioNTech",4569128,2114239,6683367
2021-06-14,"Johnson&Johnson, Moderna, Oxford/AstraZeneca, Pfizer/BioNTech",4612194,2188554,6800748
2021-06-15,"Johnson&Johnson, Moderna, Oxford/AstraZeneca, Pfizer/BioNTech",4656831,2260825,6917656
2021-06-16,"Johnson&Johnson, Moderna, Oxford/AstraZeneca, Pfizer/BioNTech",4699558,2338972,7038530
2021-06-17,"Johnson&Johnson, Moderna, Oxford/AstraZeneca, Pfizer/BioNTech",4738929,2421960,7160889
2021-06-18,"Johnson&Johnson, Moderna, Oxford/AstraZeneca, Pfizer/BioNTech",4781305,2502380,7283685
2021-06-19,"Johnson&Johnson, Moderna, Oxford/AstraZeneca, Pfizer/BioNTech",4803047,2531605,7334652
2021-06-20,"Johnson&Johnson, Moderna, Oxford/AstraZeneca, Pfizer/BioNTech",4820404,2555381,7375785
2021-06-21,"Johnson&Johnson, Moderna, Oxford/AstraZeneca, Pfizer/BioNTech",4852904,2633876,7486780
2021-06-22,"Johnson&Johnson, Moderna, Oxford/AstraZeneca, Pfizer/BioNTech",4885860,2716053,7601913
2021-06-23,"Johnson&Johnson, Moderna, Oxford/AstraZeneca, Pfizer/BioNTech",4917513,2801191,7718704
2021-06-24,"Johnson&Johnson, Moderna, Oxford/AstraZeneca, Pfizer/BioNTech",4947347,2891138,7838485
2021-06-25,"Johnson&Johnson, Moderna, Oxford/AstraZeneca, Pfizer/BioNTech",4978394,2977192,7955586
2021-06-26,"Johnson&Johnson, Moderna, Oxford/AstraZeneca, Pfizer/BioNTech",4994248,3011942,8006190
2021-06-27,"Johnson&Johnson, Moderna, Oxford/AstraZeneca, Pfizer/BioNTech",5008184,3038540,8046724
2021-06-28,"Johnson&Johnson, Moderna, Oxford/AstraZeneca, Pfizer/BioNTech",5036590,3123637,8160227
2021-06-29,"Johnson&Johnson, Moderna, Oxford/AstraZeneca, Pfizer/BioNTech",5065852,3210022,8275874
2021-06-30,"Johnson&Johnson, Moderna, Oxford/AstraZeneca, Pfizer/BioNTech",5093338,3300890,8394228
2021-07-01,"Johnson&Johnson, Moderna, Oxford/AstraZeneca, Pfizer/BioNTech",5117303,3390844,8508147
2021-07-02,"Johnson&Johnson, Moderna, Oxford/AstraZeneca, Pfizer/BioNTech",5144011,3476587,8620598
2021-07-03,"Johnson&Johnson, Moderna, Oxford/AstraZeneca, Pfizer/BioNTech",5151083,3508052,8659135
2021-07-04,"Johnson&Johnson, Moderna, Oxford/AstraZeneca, Pfizer/BioNTech",5158630,3529818,8688448
2021-07-05,"Johnson&Johnson, Moderna, Oxford/AstraZeneca, Pfizer/BioNTech",5165981,3555142,8721123
2021-07-06,"Johnson&Johnson, Moderna, Oxford/AstraZeneca, Pfizer/BioNTech",5171382,3582728,8754110
2021-07-07,"Johnson&Johnson, Moderna, Oxford/AstraZeneca, Pfizer/BioNTech",5197158,3661620,8858778
2021-07-08,"Johnson&Johnson, Moderna, Oxford/AstraZeneca, Pfizer/BioNTech",5223747,3731857,8955604
2021-07-09,"Johnson&Johnson, Moderna, Oxford/AstraZeneca, Pfizer/BioNTech",5251647,3801045,9052692
2021-07-10,"Johnson&Johnson, Moderna, Oxford/AstraZeneca, Pfizer/BioNTech",5260987,3829620,9090607
2021-07-11,"Johnson&Johnson, Moderna, Oxford/AstraZeneca, Pfizer/BioNTech",5269503,3852472,9121975
2021-07-12,"Johnson&Johnson, Moderna, Oxford/AstraZeneca, Pfizer/BioNTech",5297022,3921498,9218520
2021-07-13,"Johnson&Johnson, Moderna, Oxford/AstraZeneca, Pfizer/BioNTech",5323193,3991296,9314489
2021-07-14,"Johnson&Johnson, Moderna, Oxford/AstraZeneca, Pfizer/BioNTech",5348994,4063204,9412198
2021-07-15,"Johnson&Johnson, Moderna, Oxford/AstraZeneca, Pfizer/BioNTech",5378164,4129138,9507302
2021-07-16,"Johnson&Johnson, Moderna, Oxford/AstraZeneca, Pfizer/BioNTech",5406061,4201762,9607823
2021-07-17,"Johnson&Johnson, Moderna, Oxford/AstraZeneca, Pfizer/BioNTech",5414822,4233151,9647973
2021-07-18,"Johnson&Johnson, Moderna, Oxford/AstraZeneca, Pfizer/BioNTech",5423257,4259114,9682371
2021-07-19,"Johnson&Johnson, Moderna, Oxford/AstraZeneca, Pfizer/BioNTech",5446594,4326071,9772665
2021-07-20,"Johnson&Johnson, Moderna, Oxford/AstraZeneca, Pfizer/BioNTech",5467971,4393040,9861011
2021-07-21,"Johnson&Johnson, Moderna, Oxford/AstraZeneca, Pfizer/BioNTech",5491413,4456420,9947833
2021-07-22,"Johnson&Johnson, Moderna, Oxford/AstraZeneca, Pfizer/BioNTech",5513762,4514967,10028729
2021-07-23,"Johnson&Johnson, Moderna, Oxford/AstraZeneca, Pfizer/BioNTech",5536944,4569631,10106575
2021-07-24,"Johnson&Johnson, Moderna, Oxford/AstraZeneca, Pfizer/BioNTech",5544249,4597243,10141492
2021-07-25,"Johnson&Johnson, Moderna, Oxford/AstraZeneca, Pfizer/BioNTech",5550852,4619334,10170186
2021-07-26,"Johnson&Johnson, Moderna, Oxford/AstraZeneca, Pfizer/BioNTech",5574369,4667926,10242295
2021-07-27,"Johnson&Johnson, Moderna, Oxford/AstraZeneca, Pfizer/BioNTech",5597090,4714481,10311571
2021-07-28,"Johnson&Johnson, Moderna, Oxford/AstraZeneca, Pfizer/BioNTech",5618320,4760374,10378694
2021-07-29,"Johnson&Johnson, Moderna, Oxford/AstraZeneca, Pfizer/BioNTech",5639622,4802240,10441862
2021-07-30,"Johnson&Johnson, Moderna, Oxford/AstraZeneca, Pfizer/BioNTech",5662886,4844710,10507596
2021-07-31,"Johnson&Johnson, Moderna, Oxford/AstraZeneca, Pfizer/BioNTech",5671799,4864204,10536003
2021-08-01,"Johnson&Johnson, Moderna, Oxford/AstraZeneca, Pfizer/BioNTech",5678512,4880342,10558854
2021-08-02,"Johnson&Johnson, Moderna, Oxford/AstraZeneca, Pfizer/BioNTech",5697124,4917830,10614954
2021-08-03,"Johnson&Johnson, Moderna, Oxford/AstraZeneca, Pfizer/BioNTech",5714743,4955865,10670608
2021-08-04,"Johnson&Johnson, Moderna, Oxford/AstraZeneca, Pfizer/BioNTech",5730818,4992528,10723346
2021-08-05,"Johnson&Johnson, Moderna, Oxford/AstraZeneca, Pfizer/BioNTech",5746824,5032927,10779751
2021-08-06,"Johnson&Johnson, Moderna, Oxford/AstraZeneca, Pfizer/BioNTech",5763594,5076142,10839736
2021-08-07,"Johnson&Johnson, Moderna, Oxford/AstraZeneca, Pfizer/BioNTech",5769177,5094274,10863451
2021-08-08,"Johnson&Johnson, Moderna, Oxford/AstraZeneca, Pfizer/BioNTech",5773524,5110000,10883524
2021-08-09,"Johnson&Johnson, Moderna, Oxford/AstraZeneca, Pfizer/BioNTech",5786155,5154996,10941151
2021-08-10,"Johnson&Johnson, Moderna, Oxford/AstraZeneca, Pfizer/BioNTech",5797981,5194511,10992492
2021-08-11,"Johnson&Johnson, Moderna, Oxford/AstraZeneca, Pfizer/BioNTech",5809328,5237591,11046919
2021-08-12,"Johnson&Johnson, Moderna, Oxford/AstraZeneca, Pfizer/BioNTech",5820734,5274662,11095396
2021-08-13,"Johnson&Johnson, Moderna, Oxford/AstraZeneca, Pfizer/BioNTech",5831440,5314935,11146375
2021-08-14,"Johnson&Johnson, Moderna, Oxford/AstraZeneca, Pfizer/BioNTech",5834774,5325612,11160386
2021-08-15,"Johnson&Johnson, Moderna, Oxford/AstraZeneca, Pfizer/BioNTech",5837348,5335966,11173314
2021-08-16,"Johnson&Johnson, Moderna, Oxford/AstraZeneca, Pfizer/BioNTech",5847118,5369992,11217110
2021-08-17,"Johnson&Johnson, Moderna, Oxford/AstraZeneca, Pfizer/BioNTech",5856703,5397048,11253751
2021-08-18,"Johnson&Johnson, Moderna, Oxford/AstraZeneca, Pfizer/BioNTech",5866067,5435876,11301943
2021-08-19,"Johnson&Johnson, Moderna, Oxford/AstraZeneca, Pfizer/BioNTech",5875725,5474187,11349912
2021-08-20,"Johnson&Johnson, Moderna, Oxford/AstraZeneca, Pfizer/BioNTech",5887094,5514334,11401428
2021-08-21,"Johnson&Johnson, Moderna, Oxford/AstraZeneca, Pfizer/BioNTech",5889806,5527067,11416873
2021-08-22,"Johnson&Johnson, Moderna, Oxford/AstraZeneca, Pfizer/BioNTech",5892143,5539016,11431159
2021-08-23,"Johnson&Johnson, Moderna, Oxford/AstraZeneca, Pfizer/BioNTech",5902672,5578236,11480908
2021-08-24,"Johnson&Johnson, Moderna, Oxford/AstraZeneca, Pfizer/BioNTech",5912529,5611448,11523977
2021-08-25,"Johnson&Johnson, Moderna, Oxford/AstraZeneca, Pfizer/BioNTech",5921386,5639779,11561165
2021-08-26,"Johnson&Johnson, Moderna, Oxford/AstraZeneca, Pfizer/BioNTech",5929825,5665870,11595695
2021-08-27,"Johnson&Johnson, Moderna, Oxford/AstraZeneca, Pfizer/BioNTech",5940132,5691781,11631913
2021-08-28,"Johnson&Johnson, Moderna, Oxford/AstraZeneca, Pfizer/BioNTech",5942853,5698806,11641659
2021-08-29,"Johnson&Johnson, Moderna, Oxford/AstraZeneca, Pfizer/BioNTech",5945255,5705414,11650669
2021-08-30,"Johnson&Johnson, Moderna, Oxford/AstraZeneca, Pfizer/BioNTech",5953772,5727253,11681025
2021-08-31,"Johnson&Johnson, Moderna, Oxford/AstraZeneca, Pfizer/BioNTech",5961426,5745303,11706729
2021-09-01,"Johnson&Johnson, Moderna, Oxford/AstraZeneca, Pfizer/BioNTech",5967308,5759273,11726581
2021-09-02,"Johnson&Johnson, Moderna, Oxford/AstraZeneca, Pfizer/BioNTech",5974124,5773632,11747756
2021-09-03,"Johnson&Johnson, Moderna, Oxford/AstraZeneca, Pfizer/BioNTech",5983666,5789311,11772977
2021-09-04,"Johnson&Johnson, Moderna, Oxford/AstraZeneca, Pfizer/BioNTech",5985726,5792855,11778581
2021-09-05,"Johnson&Johnson, Moderna, Oxford/AstraZeneca, Pfizer/BioNTech",5987758,5795688,11783446
2021-09-06,"Johnson&Johnson, Moderna, Oxford/AstraZeneca, Pfizer/BioNTech",5993970,5808187,11802157
2021-09-07,"Johnson&Johnson, Moderna, Oxford/AstraZeneca, Pfizer/BioNTech",5998337,5819264,11817601
2021-09-08,"Johnson&Johnson, Moderna, Oxford/AstraZeneca, Pfizer/BioNTech",6003988,5829089,11833077
2021-09-09,"Johnson&Johnson, Moderna, Oxford/AstraZeneca, Pfizer/BioNTech",6010642,5839134,11849776
2021-09-10,"Johnson&Johnson, Moderna, Oxford/AstraZeneca, Pfizer/BioNTech",6018306,5851289,11869595
2021-09-11,"Johnson&Johnson, Moderna, Oxford/AstraZeneca, Pfizer/BioNTech",6020165,5853759,11873924
2021-09-12,"Johnson&Johnson, Moderna, Oxford/AstraZeneca, Pfizer/BioNTech",6021278,5855379,11876657
2021-09-13,"Johnson&Johnson, Moderna, Oxford/AstraZeneca, Pfizer/BioNTech",6026693,5865662,11892355
2021-09-14,"Johnson&Johnson, Moderna, Oxford/AstraZeneca, Pfizer/BioNTech",6032062,5874655,11906717
2021-09-15,"Johnson&Johnson, Moderna, Oxford/AstraZeneca, Pfizer/BioNTech",6037238,5883163,11920401
2021-09-16,"Johnson&Johnson, Moderna, Oxford/AstraZeneca, Pfizer/BioNTech",6042565,5891414,11933979
2021-09-17,"Johnson&Johnson, Moderna, Oxford/AstraZeneca, Pfizer/BioNTech",6049111,5901610,11950721
2021-09-18,"Johnson&Johnson, Moderna, Oxford/AstraZeneca, Pfizer/BioNTech",6050833,5903959,11954792
2021-09-19,"Johnson&Johnson, Moderna, Oxford/AstraZeneca, Pfizer/BioNTech",6051772,5905522,11957294
2021-09-20,"Johnson&Johnson, Moderna, Oxford/AstraZeneca, Pfizer/BioNTech",6055765,5913706,11969471
2021-09-21,"Johnson&Johnson, Moderna, Oxford/AstraZeneca, Pfizer/BioNTech",6059971,5921228,11981199
2021-09-22,"Johnson&Johnson, Moderna, Oxford/AstraZeneca, Pfizer/BioNTech",6064133,5926732,11990865
2021-09-23,"Johnson&Johnson, Moderna, Oxford/AstraZeneca, Pfizer/BioNTech",6069096,5933129,12002225
2021-09-24,"Johnson&Johnson, Moderna, Oxford/AstraZeneca, Pfizer/BioNTech",6074839,5942734,12017573
2021-09-25,"Johnson&Johnson, Moderna, Oxford/AstraZeneca, Pfizer/BioNTech",6076329,5944719,12021048
2021-09-26,"Johnson&Johnson, Moderna, Pfizer/BioNTech",6077068,5946347,12023415
2021-09-27,"Johnson&Johnson, Moderna, Oxford/AstraZeneca, Pfizer/BioNTech",6080930,5952833,12033763
2021-09-28,"Johnson&Johnson, Moderna, Pfizer/BioNTech",6081286,5953434,12034720
2021-09-29,"Johnson&Johnson, Moderna, Oxford/AstraZeneca, Pfizer/BioNTech",6085056,5960876,12045932
2021-09-30,"Johnson&Johnson, Moderna, Oxford/AstraZeneca, Pfizer/BioNTech",6089546,5968547,12058093
2021-10-01,"Johnson&Johnson, Moderna, Oxford/AstraZeneca, Pfizer/BioNTech",6093806,5976489,12070295
2021-10-02,"Johnson&Johnson, Moderna, Pfizer/BioNTech",6094850,5978018,12072868
2021-10-03,"Johnson&Johnson, Moderna, Pfizer/BioNTech",6095554,5978879,12074433
2021-10-04,"Johnson&Johnson, Moderna, Oxford/AstraZeneca, Pfizer/BioNTech",6098608,5984439,12083047
2021-10-05,"Johnson&Johnson, Moderna, Oxford/AstraZeneca, Pfizer/BioNTech",6101742,5989496,12091238
2021-10-06,"Johnson&Johnson, Moderna, Oxford/AstraZeneca, Pfizer/BioNTech",6105234,5994649,12099883
2021-10-07,"Johnson&Johnson, Moderna, Oxford/AstraZeneca, Pfizer/BioNTech",6108485,5999891,12108376
2021-10-08,"Johnson&Johnson, Moderna, Oxford/AstraZeneca, Pfizer/BioNTech",6113256,6006504,12119760
2021-10-09,"Johnson&Johnson, Moderna, Pfizer/BioNTech",6114494,6008151,12122645
2021-10-10,"Johnson&Johnson, Moderna, Oxford/AstraZeneca, Pfizer/BioNTech",6115434,6008979,12124413
2021-10-11,"Johnson&Johnson, Moderna, Oxford/AstraZeneca, Pfizer/BioNTech",6118345,6013375,12131720
2021-10-12,"Johnson&Johnson, Moderna, Oxford/AstraZeneca, Pfizer/BioNTech",6121233,6017366,12138599
2021-10-13,"Johnson&Johnson, Moderna, Oxford/AstraZeneca, Pfizer/BioNTech",6124750,6021540,12146290
2021-10-14,"Johnson&Johnson, Moderna, Oxford/AstraZeneca, Pfizer/BioNTech",6128407,6026477,12154884
2021-10-15,"Johnson&Johnson, Moderna, Oxford/AstraZeneca, Pfizer/BioNTech",6133549,6032604,12166153
2021-10-16,"Johnson&Johnson, Moderna, Oxford/AstraZeneca, Pfizer/BioNTech",6134919,6034117,12169036
2021-10-17,"Johnson&Johnson, Moderna, Pfizer/BioNTech",6136238,6035168,12171406
2021-10-18,"Johnson&Johnson, Moderna, Oxford/AstraZeneca, Pfizer/BioNTech",6140295,6039254,12179549
2021-10-19,"Johnson&Johnson, Moderna, Oxford/AstraZeneca, Pfizer/BioNTech",6143833,6041333,12185166
2021-10-20,"Johnson&Johnson, Moderna, Oxford/AstraZeneca, Pfizer/BioNTech",6148648,6045769,12194417
2021-10-21,"Johnson&Johnson, Moderna, Oxford/AstraZeneca, Pfizer/BioNTech",6156265,6051355,12207620
2021-10-22,"Johnson&Johnson, Moderna, Oxford/AstraZeneca, Pfizer/BioNTech",6166631,6057849,12224480
2021-10-23,"Johnson&Johnson, Moderna, Pfizer/BioNTech",6170285,6060049,12230334
2021-10-24,"Johnson&Johnson, Moderna, Pfizer/BioNTech",6172965,6061818,12234783
2021-10-25,"Johnson&Johnson, Moderna, Oxford/AstraZeneca, Pfizer/BioNTech",6183365,6067608,12250973
2021-10-26,"Johnson&Johnson, Moderna, Oxford/AstraZeneca, Pfizer/BioNTech",6195122,6074137,12269259
2021-10-27,"Johnson&Johnson, Moderna, Oxford/AstraZeneca, Pfizer/BioNTech",6209586,6081521,12291107
2021-10-28,"Johnson&Johnson, Moderna, Pfizer/BioNTech",6212930,6083185,12296115
2021-10-29,"Johnson&Johnson, Moderna, Oxford/AstraZeneca, Pfizer/BioNTech",6227254,6091137,12318391
2021-10-30,"Johnson&Johnson, Moderna, Pfizer/BioNTech",6231773,6094044,12325817
2021-10-31,"Johnson&Johnson, Moderna, Oxford/AstraZeneca, Pfizer/BioNTech",6235520,6096505,12332025
2021-11-01,"Johnson&Johnson, Moderna, Oxford/AstraZeneca, Pfizer/BioNTech",6250526,6104179,12354705
2021-11-02,"Johnson&Johnson, Moderna, Oxford/AstraZeneca, Pfizer/BioNTech",6265769,6111689,12377458
2021-11-03,"Johnson&Johnson, Moderna, Oxford/AstraZeneca, Pfizer/BioNTech",6282808,6118955,12401763
2021-11-04,"Johnson&Johnson, Moderna, Oxford/AstraZeneca, Pfizer/BioNTech",6300929,6127097,12428026
2021-11-05,"Johnson&Johnson, Moderna, Oxford/AstraZeneca, Pfizer/BioNTech",6323573,6138342,12461915
2021-11-06,"Johnson&Johnson, Moderna, Oxford/AstraZeneca, Pfizer/BioNTech",6330004,6141371,12471375
2021-11-07,"Johnson&Johnson, Moderna, Oxford/AstraZeneca, Pfizer/BioNTech",6333991,6143801,12477792
2021-11-08,"Johnson&Johnson, Moderna, Oxford/AstraZeneca, Pfizer/BioNTech",6350113,6151413,12501526
2021-11-09,"Johnson&Johnson, Moderna, Oxford/AstraZeneca, Pfizer/BioNTech",6364780,6158690,12523470
2021-11-10,"Johnson&Johnson, Moderna, Oxford/AstraZeneca, Pfizer/BioNTech",6380362,6166033,12546395
2021-11-11,"Johnson&Johnson, Moderna, Oxford/AstraZeneca, Pfizer/BioNTech",6395653,6175050,12570703
2021-11-12,"Johnson&Johnson, Moderna, Oxford/AstraZeneca, Pfizer/BioNTech",6415188,6187729,12602917
2021-11-13,"Johnson&Johnson, Moderna, Oxford/AstraZeneca, Pfizer/BioNTech",6420526,6191572,12612098
2021-11-14,"Johnson&Johnson, Moderna, Oxford/AstraZeneca, Pfizer/BioNTech",6424382,6194560,12618942
2021-11-15,"Johnson&Johnson, Moderna, Oxford/AstraZeneca, Pfizer/BioNTech",6439292,6205011,12644303
2021-11-16,"Johnson&Johnson, Moderna, Oxford/AstraZeneca, Pfizer/BioNTech",6456635,6216688,12673323
2021-11-17,"Johnson&Johnson, Moderna, Oxford/AstraZeneca, Pfizer/BioNTech",6460768,6220180,12680948
2021-11-18,"Johnson&Johnson, Moderna, Oxford/AstraZeneca, Pfizer/BioNTech",6479959,6231673,12711632
2021-11-19,"Johnson&Johnson, Moderna, Oxford/AstraZeneca, Pfizer/BioNTech",6504212,6248375,12752587
2021-11-20,"Johnson&Johnson, Moderna, Oxford/AstraZeneca, Pfizer/BioNTech",6512638,6253228,12765866
2021-11-21,"Johnson&Johnson, Moderna, Oxford/AstraZeneca, Pfizer/BioNTech",6519304,6256897,12776201
2021-11-22,"Johnson&Johnson, Moderna, Oxford/AstraZeneca, Pfizer/BioNTech",6537360,6270641,12808001
2021-11-23,"Johnson&Johnson, Moderna, Oxford/AstraZeneca, Pfizer/BioNTech",6556076,6283556,12839632
2021-11-24,"Johnson&Johnson, Moderna, Oxford/AstraZeneca, Pfizer/BioNTech",6574661,6299022,12873683
2021-11-25,"Johnson&Johnson, Moderna, Oxford/AstraZeneca, Pfizer/BioNTech",6592012,6312826,12904838
