date,vaccine,people_vaccinated,people_fully_vaccinated,total_vaccinations
2020-12-27,Pfizer/BioNTech,1273,0,1273
2020-12-28,Pfizer/BioNTech,3573,0,3573
2020-12-29,Pfizer/BioNTech,7029,0,7029
2020-12-30,Pfizer/BioNTech,10523,0,10523
2020-12-31,Pfizer/BioNTech,11829,0,11829
2021-01-01,"Moderna, Pfizer/BioNTech",12094,0,12094
2021-01-02,Pfizer/BioNTech,13367,0,13367
2021-01-03,Pfizer/BioNTech,14287,0,14287
2021-01-04,"Moderna, Pfizer/BioNTech",17882,0,17882
2021-01-05,"Moderna, Pfizer/BioNTech",22386,0,22386
2021-01-06,Pfizer/BioNTech,28225,0,28225
2021-01-07,"Moderna, Pfizer/BioNTech",36191,0,36191
2021-01-08,Pfizer/BioNTech,46166,0,46166
2021-01-09,"Moderna, Pfizer/BioNTech",48186,0,48186
2021-01-10,Pfizer/BioNTech,49944,2,49946
2021-01-11,Pfizer/BioNTech,59763,4,59767
2021-01-12,Pfizer/BioNTech,73164,6,73170
2021-01-13,Pfizer/BioNTech,86663,6,86669
2021-01-14,"Moderna, Pfizer/BioNTech",101857,8,101865
2021-01-15,"Moderna, Pfizer/BioNTech",115825,8,115833
2021-01-16,"Moderna, Pfizer/BioNTech",119203,10,119213
2021-01-17,"Moderna, Pfizer/BioNTech",121805,651,122456
2021-01-18,"Moderna, Pfizer/BioNTech",134279,2473,136752
2021-01-19,"Moderna, Pfizer/BioNTech",146836,5185,152021
2021-01-20,"Moderna, Pfizer/BioNTech",160465,7829,168294
2021-01-21,"Moderna, Pfizer/BioNTech",176069,9560,185629
2021-01-22,"Moderna, Pfizer/BioNTech",190888,10604,201492
2021-01-23,"Moderna, Pfizer/BioNTech",194182,11475,205657
2021-01-24,"Moderna, Pfizer/BioNTech",196427,12344,208771
2021-01-25,"Moderna, Pfizer/BioNTech",206045,15315,221360
2021-01-26,"Moderna, Pfizer/BioNTech",216560,19285,235845
2021-01-27,"Moderna, Pfizer/BioNTech",225569,23799,249368
2021-01-28,"Moderna, Pfizer/BioNTech",232635,29908,262543
2021-01-29,"Moderna, Pfizer/BioNTech",238830,37782,276612
2021-01-30,"Moderna, Pfizer/BioNTech",239561,38869,278430
2021-01-31,"Moderna, Pfizer/BioNTech",240268,40048,280316
2021-02-01,"Moderna, Pfizer/BioNTech",244228,47969,292197
2021-02-02,"Moderna, Pfizer/BioNTech",248354,58180,306534
2021-02-03,"Moderna, Pfizer/BioNTech",252757,69158,321915
2021-02-04,"Moderna, Pfizer/BioNTech",257647,82112,339759
2021-02-05,"Moderna, Pfizer/BioNTech",263091,92755,355846
2021-02-06,"Moderna, Pfizer/BioNTech",263932,95102,359034
2021-02-07,"Moderna, Pfizer/BioNTech",264780,97588,362368
2021-02-08,"Moderna, Oxford/AstraZeneca, Pfizer/BioNTech",268830,108969,377799
2021-02-09,"Moderna, Oxford/AstraZeneca, Pfizer/BioNTech",273903,120884,394787
2021-02-10,"Moderna, Pfizer/BioNTech",279391,134081,413472
2021-02-11,"Moderna, Oxford/AstraZeneca, Pfizer/BioNTech",285685,150246,435931
2021-02-12,"Moderna, Oxford/AstraZeneca, Pfizer/BioNTech",292415,164922,457337
2021-02-13,"Moderna, Oxford/AstraZeneca, Pfizer/BioNTech",294002,167900,461902
2021-02-14,"Moderna, Oxford/AstraZeneca, Pfizer/BioNTech",294993,169275,464268
2021-02-15,"Moderna, Oxford/AstraZeneca, Pfizer/BioNTech",301378,178605,479983
2021-02-16,"Moderna, Oxford/AstraZeneca, Pfizer/BioNTech",310076,187654,497730
2021-02-17,"Moderna, Oxford/AstraZeneca, Pfizer/BioNTech",319756,195928,515684
2021-02-18,"Moderna, Oxford/AstraZeneca, Pfizer/BioNTech",332047,203960,536007
2021-02-19,"Moderna, Oxford/AstraZeneca, Pfizer/BioNTech",343880,211270,555150
2021-02-20,"Moderna, Oxford/AstraZeneca, Pfizer/BioNTech",345857,212441,558298
2021-02-21,"Moderna, Oxford/AstraZeneca, Pfizer/BioNTech",346966,213455,560421
2021-02-22,"Moderna, Oxford/AstraZeneca, Pfizer/BioNTech",357064,219458,576522
2021-02-23,"Moderna, Oxford/AstraZeneca, Pfizer/BioNTech",369971,226410,596381
2021-02-24,"Moderna, Oxford/AstraZeneca, Pfizer/BioNTech",383815,232419,616234
2021-02-25,"Moderna, Oxford/AstraZeneca, Pfizer/BioNTech",401764,237950,639714
2021-02-26,"Moderna, Oxford/AstraZeneca, Pfizer/BioNTech",417902,243275,661177
2021-02-27,"Moderna, Oxford/AstraZeneca, Pfizer/BioNTech",420906,243825,664731
2021-02-28,"Moderna, Oxford/AstraZeneca, Pfizer/BioNTech",423248,244370,667618
2021-03-01,"Moderna, Oxford/AstraZeneca, Pfizer/BioNTech",442751,247786,690537
2021-03-02,"Moderna, Oxford/AstraZeneca, Pfizer/BioNTech",469926,251318,721244
2021-03-03,"Moderna, Oxford/AstraZeneca, Pfizer/BioNTech",500708,255802,756510
2021-03-04,"Moderna, Oxford/AstraZeneca, Pfizer/BioNTech",533870,260463,794333
2021-03-05,"Johnson&Johnson, Moderna, Oxford/AstraZeneca, Pfizer/BioNTech",562621,265849,828470
2021-03-06,"Johnson&Johnson, Moderna, Oxford/AstraZeneca, Pfizer/BioNTech",574740,266693,841433
2021-03-07,"Johnson&Johnson, Moderna, Oxford/AstraZeneca, Pfizer/BioNTech",586143,267525,853668
2021-03-08,"Johnson&Johnson, Moderna, Oxford/AstraZeneca, Pfizer/BioNTech",615761,272346,888107
2021-03-09,"Johnson&Johnson, Moderna, Oxford/AstraZeneca, Pfizer/BioNTech",651953,278699,930652
2021-03-10,"Moderna, Oxford/AstraZeneca, Pfizer/BioNTech",693103,285635,978738
2021-03-11,"Johnson&Johnson, Moderna, Oxford/AstraZeneca, Pfizer/BioNTech",737798,293982,1031780
2021-03-12,"Johnson&Johnson, Moderna, Oxford/AstraZeneca, Pfizer/BioNTech",776452,302426,1078878
2021-03-13,"Moderna, Oxford/AstraZeneca, Pfizer/BioNTech",793490,303712,1097202
2021-03-14,"Moderna, Oxford/AstraZeneca, Pfizer/BioNTech",805572,304847,1110419
2021-03-15,"Moderna, Oxford/AstraZeneca, Pfizer/BioNTech",833866,313607,1147473
2021-03-16,"Johnson&Johnson, Moderna, Oxford/AstraZeneca, Pfizer/BioNTech",872679,324109,1196788
2021-03-17,"Moderna, Oxford/AstraZeneca, Pfizer/BioNTech",910102,334580,1244682
2021-03-18,"Johnson&Johnson, Moderna, Oxford/AstraZeneca, Pfizer/BioNTech",947967,346965,1294932
2021-03-19,"Moderna, Oxford/AstraZeneca, Pfizer/BioNTech",982323,360547,1342870
2021-03-20,"Johnson&Johnson, Moderna, Oxford/AstraZeneca, Pfizer/BioNTech",997426,362562,1359988
2021-03-21,"Johnson&Johnson, Moderna, Oxford/AstraZeneca, Pfizer/BioNTech",1004812,364106,1368918
2021-03-22,"Johnson&Johnson, Moderna, Oxford/AstraZeneca, Pfizer/BioNTech",1029232,376567,1405799
2021-03-23,"Johnson&Johnson, Moderna, Oxford/AstraZeneca, Pfizer/BioNTech",1055759,389886,1445645
2021-03-24,"Johnson&Johnson, Moderna, Oxford/AstraZeneca, Pfizer/BioNTech",1082574,405584,1488158
2021-03-25,"Moderna, Oxford/AstraZeneca, Pfizer/BioNTech",1108847,423401,1532248
2021-03-26,"Moderna, Oxford/AstraZeneca, Pfizer/BioNTech",1133590,440864,1574454
2021-03-27,"Johnson&Johnson, Moderna, Oxford/AstraZeneca, Pfizer/BioNTech",1142004,445692,1587696
2021-03-28,"Moderna, Oxford/AstraZeneca, Pfizer/BioNTech",1147537,449822,1597359
2021-03-29,"Johnson&Johnson, Moderna, Oxford/AstraZeneca, Pfizer/BioNTech",1166566,470475,1637041
2021-03-30,"Moderna, Oxford/AstraZeneca, Pfizer/BioNTech",1191189,492595,1683784
2021-03-31,"Johnson&Johnson, Moderna, Oxford/AstraZeneca, Pfizer/BioNTech",1214204,519609,1733813
2021-04-01,"Johnson&Johnson, Moderna, Oxford/AstraZeneca, Pfizer/BioNTech",1239741,551565,1791306
2021-04-02,"Johnson&Johnson, Moderna, Oxford/AstraZeneca, Pfizer/BioNTech",1246605,564338,1810943
2021-04-03,"Johnson&Johnson, Moderna, Oxford/AstraZeneca, Pfizer/BioNTech",1250189,575240,1825429
2021-04-04,"Johnson&Johnson, Moderna, Oxford/AstraZeneca, Pfizer/BioNTech",1252662,584036,1836698
2021-04-05,"Johnson&Johnson, Moderna, Oxford/AstraZeneca, Pfizer/BioNTech",1255018,591200,1846218
2021-04-06,"Johnson&Johnson, Moderna, Oxford/AstraZeneca, Pfizer/BioNTech",1271082,620395,1891477
2021-04-07,"Johnson&Johnson, Moderna, Oxford/AstraZeneca, Pfizer/BioNTech",1294423,642521,1936944
2021-04-08,"Johnson&Johnson, Moderna, Oxford/AstraZeneca, Pfizer/BioNTech",1332946,673405,2006351
2021-04-09,"Johnson&Johnson, Moderna, Oxford/AstraZeneca, Pfizer/BioNTech",1372245,703433,2075678
2021-04-10,"Johnson&Johnson, Moderna, Oxford/AstraZeneca, Pfizer/BioNTech",1387667,718704,2106371
2021-04-11,"Johnson&Johnson, Moderna, Oxford/AstraZeneca, Pfizer/BioNTech",1397399,728714,2126113
2021-04-12,"Johnson&Johnson, Moderna, Oxford/AstraZeneca, Pfizer/BioNTech",1435480,753704,2189184
2021-04-13,"Moderna, Oxford/AstraZeneca, Pfizer/BioNTech",1471600,779623,2251223
2021-04-14,"Moderna, Oxford/AstraZeneca, Pfizer/BioNTech",1510319,806944,2317263
2021-04-15,"Moderna, Oxford/AstraZeneca, Pfizer/BioNTech",1558010,832616,2390626
2021-04-16,"Moderna, Oxford/AstraZeneca, Pfizer/BioNTech",1602559,858205,2460764
2021-04-17,"Moderna, Oxford/AstraZeneca, Pfizer/BioNTech",1619180,867212,2486392
2021-04-18,"Moderna, Oxford/AstraZeneca, Pfizer/BioNTech",1632122,872182,2504304
2021-04-19,"Moderna, Oxford/AstraZeneca, Pfizer/BioNTech",1676020,887573,2563593
2021-04-20,"Johnson&Johnson, Moderna, Oxford/AstraZeneca, Pfizer/BioNTech",1718128,903390,2621518
2021-04-21,"Moderna, Oxford/AstraZeneca, Pfizer/BioNTech",1765806,917647,2683453
2021-04-22,"Johnson&Johnson, Moderna, Oxford/AstraZeneca, Pfizer/BioNTech",1820234,934990,2755224
2021-04-23,"Johnson&Johnson, Moderna, Oxford/AstraZeneca, Pfizer/BioNTech",1870146,946967,2817113
2021-04-24,"Johnson&Johnson, Moderna, Oxford/AstraZeneca, Pfizer/BioNTech",1887945,952189,2840134
2021-04-25,"Johnson&Johnson, Moderna, Oxford/AstraZeneca, Pfizer/BioNTech",1902604,956179,2858783
2021-04-26,"Johnson&Johnson, Moderna, Oxford/AstraZeneca, Pfizer/BioNTech",1952162,963705,2915867
2021-04-27,"Johnson&Johnson, Moderna, Oxford/AstraZeneca, Pfizer/BioNTech",2001093,975868,2976961
2021-04-28,"Johnson&Johnson, Moderna, Oxford/AstraZeneca, Pfizer/BioNTech",2059806,989813,3049619
2021-04-29,"Johnson&Johnson, Moderna, Oxford/AstraZeneca, Pfizer/BioNTech",2125310,1005627,3130937
2021-04-30,"Johnson&Johnson, Moderna, Oxford/AstraZeneca, Pfizer/BioNTech",2187472,1015533,3203005
2021-05-01,"Johnson&Johnson, Moderna, Oxford/AstraZeneca, Pfizer/BioNTech",2206757,1018944,3225701
2021-05-02,"Johnson&Johnson, Moderna, Oxford/AstraZeneca, Pfizer/BioNTech",2225640,1021191,3246831
2021-05-03,"Johnson&Johnson, Moderna, Oxford/AstraZeneca, Pfizer/BioNTech",2292842,1026225,3319067
2021-05-04,"Johnson&Johnson, Moderna, Oxford/AstraZeneca, Pfizer/BioNTech",2359258,1034495,3393753
2021-05-05,"Johnson&Johnson, Moderna, Oxford/AstraZeneca, Pfizer/BioNTech",2432360,1043838,3476198
2021-05-06,"Johnson&Johnson, Moderna, Oxford/AstraZeneca, Pfizer/BioNTech",2512706,1054451,3567157
2021-05-07,"Johnson&Johnson, Moderna, Oxford/AstraZeneca, Pfizer/BioNTech",2589947,1064454,3654401
2021-05-08,"Johnson&Johnson, Moderna, Oxford/AstraZeneca, Pfizer/BioNTech",2619341,1066173,3685514
2021-05-09,"Johnson&Johnson, Moderna, Oxford/AstraZeneca, Pfizer/BioNTech",2643502,1067360,3710862
2021-05-10,"Johnson&Johnson, Moderna, Oxford/AstraZeneca, Pfizer/BioNTech",2716211,1074498,3790709
2021-05-11,"Johnson&Johnson, Moderna, Oxford/AstraZeneca, Pfizer/BioNTech",2792267,1083251,3875518
2021-05-12,"Johnson&Johnson, Moderna, Oxford/AstraZeneca, Pfizer/BioNTech",2872070,1092273,3964343
2021-05-13,"Johnson&Johnson, Moderna, Oxford/AstraZeneca, Pfizer/BioNTech",2956042,1101382,4057424
2021-05-14,"Johnson&Johnson, Moderna, Oxford/AstraZeneca, Pfizer/BioNTech",3035404,1109105,4144509
2021-05-15,"Johnson&Johnson, Moderna, Oxford/AstraZeneca, Pfizer/BioNTech",3067230,1111283,4178513
2021-05-16,"Johnson&Johnson, Moderna, Oxford/AstraZeneca, Pfizer/BioNTech",3092970,1112494,4205464
2021-05-17,"Johnson&Johnson, Moderna, Oxford/AstraZeneca, Pfizer/BioNTech",3165444,1119162,4284606
2021-05-18,"Johnson&Johnson, Moderna, Oxford/AstraZeneca, Pfizer/BioNTech",3237341,1132131,4369472
2021-05-19,"Johnson&Johnson, Moderna, Oxford/AstraZeneca, Pfizer/BioNTech",3314757,1147194,4461951
2021-05-20,"Johnson&Johnson, Moderna, Oxford/AstraZeneca, Pfizer/BioNTech",3390149,1174109,4564258
2021-05-21,"Johnson&Johnson, Moderna, Oxford/AstraZeneca, Pfizer/BioNTech",3458885,1201750,4660635
2021-05-22,"Johnson&Johnson, Moderna, Oxford/AstraZeneca, Pfizer/BioNTech",3491206,1212867,4704073
2021-05-23,"Johnson&Johnson, Moderna, Oxford/AstraZeneca, Pfizer/BioNTech",3513504,1221834,4735338
2021-05-24,"Johnson&Johnson, Moderna, Oxford/AstraZeneca, Pfizer/BioNTech",3560564,1255335,4815899
2021-05-25,"Johnson&Johnson, Moderna, Oxford/AstraZeneca, Pfizer/BioNTech",3612373,1290993,4903366
2021-05-26,"Johnson&Johnson, Moderna, Oxford/AstraZeneca, Pfizer/BioNTech",3680065,1328406,5008471
2021-05-27,"Johnson&Johnson, Moderna, Oxford/AstraZeneca, Pfizer/BioNTech",3741402,1375649,5117051
2021-05-28,"Johnson&Johnson, Moderna, Oxford/AstraZeneca, Pfizer/BioNTech",3803053,1422086,5225139
2021-05-29,"Johnson&Johnson, Moderna, Oxford/AstraZeneca, Pfizer/BioNTech",3832190,1439140,5271330
2021-05-30,"Johnson&Johnson, Moderna, Oxford/AstraZeneca, Pfizer/BioNTech",3854522,1453532,5308054
2021-05-31,"Johnson&Johnson, Moderna, Oxford/AstraZeneca, Pfizer/BioNTech",3910218,1500919,5411137
2021-06-01,"Johnson&Johnson, Moderna, Oxford/AstraZeneca, Pfizer/BioNTech",3969210,1549256,5518466
2021-06-02,"Johnson&Johnson, Moderna, Oxford/AstraZeneca, Pfizer/BioNTech",4032047,1603140,5635187
2021-06-03,"Johnson&Johnson, Moderna, Oxford/AstraZeneca, Pfizer/BioNTech",4090249,1663252,5753501
2021-06-04,"Johnson&Johnson, Moderna, Oxford/AstraZeneca, Pfizer/BioNTech",4153307,1720549,5873856
2021-06-05,"Johnson&Johnson, Moderna, Oxford/AstraZeneca, Pfizer/BioNTech",4187433,1739310,5926743
2021-06-06,"Johnson&Johnson, Moderna, Oxford/AstraZeneca, Pfizer/BioNTech",4214330,1754389,5968719
2021-06-07,"Johnson&Johnson, Moderna, Oxford/AstraZeneca, Pfizer/BioNTech",4277987,1809936,6087923
2021-06-08,"Johnson&Johnson, Moderna, Oxford/AstraZeneca, Pfizer/BioNTech",4341932,1864820,6206752
2021-06-09,"Johnson&Johnson, Moderna, Oxford/AstraZeneca, Pfizer/BioNTech",4401056,1929146,6330202
2021-06-10,"Johnson&Johnson, Moderna, Oxford/AstraZeneca, Pfizer/BioNTech",4454867,2000124,6454991
2021-06-11,"Johnson&Johnson, Moderna, Oxford/AstraZeneca, Pfizer/BioNTech",4506928,2069716,6576644
2021-06-12,"Johnson&Johnson, Moderna, Oxford/AstraZeneca, Pfizer/BioNTech",4538899,2090432,6629331
2021-06-13,"Johnson&Johnson, Moderna, Oxford/AstraZeneca, Pfizer/BioNTech",4562896,2108774,6671670
2021-06-14,"Johnson&Johnson, Moderna, Oxford/AstraZeneca, Pfizer/BioNTech",4605864,2183029,6788893
2021-06-15,"Johnson&Johnson, Moderna, Oxford/AstraZeneca, Pfizer/BioNTech",4650469,2255229,6905698
2021-06-16,"Johnson&Johnson, Moderna, Oxford/AstraZeneca, Pfizer/BioNTech",4693175,2333309,7026484
2021-06-17,"Johnson&Johnson, Moderna, Oxford/AstraZeneca, Pfizer/BioNTech",4732529,2416246,7148775
2021-06-18,"Johnson&Johnson, Moderna, Oxford/AstraZeneca, Pfizer/BioNTech",4774876,2496602,7271478
2021-06-19,"Johnson&Johnson, Moderna, Oxford/AstraZeneca, Pfizer/BioNTech",4796594,2525810,7322404
2021-06-20,"Johnson&Johnson, Moderna, Oxford/AstraZeneca, Pfizer/BioNTech",4813951,2549556,7363507
2021-06-21,"Johnson&Johnson, Moderna, Oxford/AstraZeneca, Pfizer/BioNTech",4846435,2627988,7474423
2021-06-22,"Johnson&Johnson, Moderna, Oxford/AstraZeneca, Pfizer/BioNTech",4879367,2710103,7589470
2021-06-23,"Johnson&Johnson, Moderna, Oxford/AstraZeneca, Pfizer/BioNTech",4910998,2795205,7706203
2021-06-24,"Johnson&Johnson, Moderna, Oxford/AstraZeneca, Pfizer/BioNTech",4940815,2885118,7825933
2021-06-25,"Johnson&Johnson, Moderna, Oxford/AstraZeneca, Pfizer/BioNTech",4971831,2971105,7942936
2021-06-26,"Johnson&Johnson, Moderna, Oxford/AstraZeneca, Pfizer/BioNTech",4987672,3005826,7993498
2021-06-27,"Johnson&Johnson, Moderna, Oxford/AstraZeneca, Pfizer/BioNTech",5001610,3032395,8034005
2021-06-28,"Johnson&Johnson, Moderna, Oxford/AstraZeneca, Pfizer/BioNTech",5030004,3117466,8147470
2021-06-29,"Johnson&Johnson, Moderna, Oxford/AstraZeneca, Pfizer/BioNTech",5059233,3203835,8263068
2021-06-30,"Johnson&Johnson, Moderna, Oxford/AstraZeneca, Pfizer/BioNTech",5086716,3294663,8381379
2021-07-01,"Johnson&Johnson, Moderna, Oxford/AstraZeneca, Pfizer/BioNTech",5110635,3384550,8495185
2021-07-02,"Johnson&Johnson, Moderna, Oxford/AstraZeneca, Pfizer/BioNTech",5137329,3470231,8607560
2021-07-03,"Johnson&Johnson, Moderna, Oxford/AstraZeneca, Pfizer/BioNTech",5144398,3501665,8646063
2021-07-04,"Johnson&Johnson, Moderna, Oxford/AstraZeneca, Pfizer/BioNTech",5151928,3523414,8675342
2021-07-05,"Johnson&Johnson, Moderna, Oxford/AstraZeneca, Pfizer/BioNTech",5159266,3548710,8707976
2021-07-06,"Johnson&Johnson, Moderna, Oxford/AstraZeneca, Pfizer/BioNTech",5164650,3576258,8740908
2021-07-07,"Johnson&Johnson, Moderna, Oxford/AstraZeneca, Pfizer/BioNTech",5190408,3655090,8845498
2021-07-08,"Johnson&Johnson, Moderna, Oxford/AstraZeneca, Pfizer/BioNTech",5216949,3725285,8942234
2021-07-09,"Johnson&Johnson, Moderna, Oxford/AstraZeneca, Pfizer/BioNTech",5244776,3794425,9039201
2021-07-10,"Johnson&Johnson, Moderna, Oxford/AstraZeneca, Pfizer/BioNTech",5254092,3822973,9077065
2021-07-11,"Johnson&Johnson, Moderna, Oxford/AstraZeneca, Pfizer/BioNTech",5262597,3845806,9108403
2021-07-12,"Johnson&Johnson, Moderna, Oxford/AstraZeneca, Pfizer/BioNTech",5290100,3914807,9204907
2021-07-13,"Johnson&Johnson, Moderna, Oxford/AstraZeneca, Pfizer/BioNTech",5316267,3984575,9300842
2021-07-14,"Johnson&Johnson, Moderna, Oxford/AstraZeneca, Pfizer/BioNTech",5342083,4056479,9398562
2021-07-15,"Johnson&Johnson, Moderna, Oxford/AstraZeneca, Pfizer/BioNTech",5371269,4122364,9493633
2021-07-16,"Johnson&Johnson, Moderna, Oxford/AstraZeneca, Pfizer/BioNTech",5399154,4194947,9594101
2021-07-17,"Johnson&Johnson, Moderna, Oxford/AstraZeneca, Pfizer/BioNTech",5407894,4226320,9634214
2021-07-18,"Johnson&Johnson, Moderna, Oxford/AstraZeneca, Pfizer/BioNTech",5416320,4252276,9668596
2021-07-19,"Johnson&Johnson, Moderna, Oxford/AstraZeneca, Pfizer/BioNTech",5439622,4319202,9758824
2021-07-20,"Johnson&Johnson, Moderna, Oxford/AstraZeneca, Pfizer/BioNTech",5460958,4386143,9847101
2021-07-21,"Johnson&Johnson, Moderna, Oxford/AstraZeneca, Pfizer/BioNTech",5484325,4449483,9933808
2021-07-22,"Johnson&Johnson, Moderna, Oxford/AstraZeneca, Pfizer/BioNTech",5506602,4507982,10014584
2021-07-23,"Johnson&Johnson, Moderna, Oxford/AstraZeneca, Pfizer/BioNTech",5529728,4562592,10092320
2021-07-24,"Johnson&Johnson, Moderna, Oxford/AstraZeneca, Pfizer/BioNTech",5537013,4590171,10127184
2021-07-25,"Johnson&Johnson, Moderna, Oxford/AstraZeneca, Pfizer/BioNTech",5543602,4612152,10155754
2021-07-26,"Johnson&Johnson, Moderna, Oxford/AstraZeneca, Pfizer/BioNTech",5567077,4660600,10227677
2021-07-27,"Johnson&Johnson, Moderna, Oxford/AstraZeneca, Pfizer/BioNTech",5589699,4707111,10296810
2021-07-28,"Johnson&Johnson, Moderna, Oxford/AstraZeneca, Pfizer/BioNTech",5610856,4752964,10363820
2021-07-29,"Johnson&Johnson, Moderna, Oxford/AstraZeneca, Pfizer/BioNTech",5632045,4794783,10426828
2021-07-30,"Johnson&Johnson, Moderna, Oxford/AstraZeneca, Pfizer/BioNTech",5655249,4837219,10492468
2021-07-31,"Johnson&Johnson, Moderna, Oxford/AstraZeneca, Pfizer/BioNTech",5664149,4856692,10520841
2021-08-01,"Johnson&Johnson, Moderna, Oxford/AstraZeneca, Pfizer/BioNTech",5670846,4872815,10543661
2021-08-02,"Johnson&Johnson, Moderna, Oxford/AstraZeneca, Pfizer/BioNTech",5689402,4910265,10599667
2021-08-03,"Johnson&Johnson, Moderna, Oxford/AstraZeneca, Pfizer/BioNTech",5706966,4948272,10655238
2021-08-04,"Johnson&Johnson, Moderna, Oxford/AstraZeneca, Pfizer/BioNTech",5722973,4984895,10707868
2021-08-05,"Johnson&Johnson, Moderna, Oxford/AstraZeneca, Pfizer/BioNTech",5738799,5025255,10764054
2021-08-06,"Johnson&Johnson, Moderna, Oxford/AstraZeneca, Pfizer/BioNTech",5755420,5068406,10823826
2021-08-07,"Johnson&Johnson, Moderna, Oxford/AstraZeneca, Pfizer/BioNTech",5760940,5086512,10847452
2021-08-08,"Johnson&Johnson, Moderna, Oxford/AstraZeneca, Pfizer/BioNTech",5765130,5102212,10867342
2021-08-09,"Johnson&Johnson, Moderna, Oxford/AstraZeneca, Pfizer/BioNTech",5777576,5147184,10924760
2021-08-10,"Johnson&Johnson, Moderna, Oxford/AstraZeneca, Pfizer/BioNTech",5789291,5186648,10975939
2021-08-11,"Johnson&Johnson, Moderna, Oxford/AstraZeneca, Pfizer/BioNTech",5800535,5229687,11030222
2021-08-12,"Johnson&Johnson, Moderna, Oxford/AstraZeneca, Pfizer/BioNTech",5811825,5266676,11078501
2021-08-13,"Johnson&Johnson, Moderna, Oxford/AstraZeneca, Pfizer/BioNTech",5822422,5306886,11129308
2021-08-14,"Johnson&Johnson, Moderna, Oxford/AstraZeneca, Pfizer/BioNTech",5825745,5317542,11143287
2021-08-15,"Johnson&Johnson, Moderna, Oxford/AstraZeneca, Pfizer/BioNTech",5828309,5327885,11156194
2021-08-16,"Johnson&Johnson, Moderna, Oxford/AstraZeneca, Pfizer/BioNTech",5838044,5361862,11199906
2021-08-17,"Johnson&Johnson, Moderna, Oxford/AstraZeneca, Pfizer/BioNTech",5847503,5388867,11236370
2021-08-18,"Johnson&Johnson, Moderna, Oxford/AstraZeneca, Pfizer/BioNTech",5856761,5427624,11284385
2021-08-19,"Johnson&Johnson, Moderna, Oxford/AstraZeneca, Pfizer/BioNTech",5866329,5465886,11332215
2021-08-20,"Johnson&Johnson, Moderna, Oxford/AstraZeneca, Pfizer/BioNTech",5877582,5505974,11383556
2021-08-21,"Johnson&Johnson, Moderna, Oxford/AstraZeneca, Pfizer/BioNTech",5880267,5518696,11398963
2021-08-22,"Johnson&Johnson, Moderna, Oxford/AstraZeneca, Pfizer/BioNTech",5882542,5530629,11413171
2021-08-23,"Johnson&Johnson, Moderna, Oxford/AstraZeneca, Pfizer/BioNTech",5892893,5569745,11462638
2021-08-24,"Johnson&Johnson, Moderna, Oxford/AstraZeneca, Pfizer/BioNTech",5902595,5602878,11505473
2021-08-25,"Johnson&Johnson, Moderna, Oxford/AstraZeneca, Pfizer/BioNTech",5911237,5630946,11542183
2021-08-26,"Johnson&Johnson, Moderna, Oxford/AstraZeneca, Pfizer/BioNTech",5919508,5656787,11576295
2021-08-27,"Johnson&Johnson, Moderna, Oxford/AstraZeneca, Pfizer/BioNTech",5929636,5682480,11612116
2021-08-28,"Johnson&Johnson, Moderna, Oxford/AstraZeneca, Pfizer/BioNTech",5932285,5689427,11621712
2021-08-29,"Johnson&Johnson, Moderna, Oxford/AstraZeneca, Pfizer/BioNTech",5934579,5695812,11630391
2021-08-30,"Johnson&Johnson, Moderna, Oxford/AstraZeneca, Pfizer/BioNTech",5942908,5717358,11660266
2021-08-31,"Johnson&Johnson, Moderna, Oxford/AstraZeneca, Pfizer/BioNTech",5950393,5735214,11685607
2021-09-01,"Johnson&Johnson, Moderna, Oxford/AstraZeneca, Pfizer/BioNTech",5956102,5748994,11705096
2021-09-02,"Johnson&Johnson, Moderna, Oxford/AstraZeneca, Pfizer/BioNTech",5962721,5763025,11725746
2021-09-03,"Johnson&Johnson, Moderna, Oxford/AstraZeneca, Pfizer/BioNTech",5971967,5778501,11750468
2021-09-04,"Johnson&Johnson, Moderna, Oxford/AstraZeneca, Pfizer/BioNTech",5973905,5781955,11755860
2021-09-05,"Johnson&Johnson, Moderna, Pfizer/BioNTech",5975756,5784676,11760432
2021-09-06,"Johnson&Johnson, Moderna, Oxford/AstraZeneca, Pfizer/BioNTech",5981638,5796970,11778608
2021-09-07,"Johnson&Johnson, Moderna, Oxford/AstraZeneca, Pfizer/BioNTech",5985866,5807908,11793774
2021-09-08,"Johnson&Johnson, Moderna, Oxford/AstraZeneca, Pfizer/BioNTech",5991372,5817671,11809043
2021-09-09,"Johnson&Johnson, Moderna, Oxford/AstraZeneca, Pfizer/BioNTech",5997823,5827485,11825308
2021-09-10,"Johnson&Johnson, Moderna, Oxford/AstraZeneca, Pfizer/BioNTech",6005231,5839461,11844692
2021-09-11,"Johnson&Johnson, Moderna, Pfizer/BioNTech",6006899,5841841,11848740
2021-09-12,"Johnson&Johnson, Moderna, Oxford/AstraZeneca, Pfizer/BioNTech",6007931,5843359,11851290
2021-09-13,"Johnson&Johnson, Moderna, Oxford/AstraZeneca, Pfizer/BioNTech",6013015,5853332,11866347
2021-09-14,"Johnson&Johnson, Moderna, Oxford/AstraZeneca, Pfizer/BioNTech",6017694,5861378,11879072
