date,vaccine,people_vaccinated,people_fully_vaccinated,total_vaccinations
2020-12-27,Pfizer/BioNTech,1279,0,1279
2020-12-28,Pfizer/BioNTech,3583,0,3583
2020-12-29,Pfizer/BioNTech,7045,0,7045
2020-12-30,Pfizer/BioNTech,10552,0,10552
2020-12-31,Pfizer/BioNTech,11855,0,11855
2021-01-01,"Moderna, Pfizer/BioNTech",12123,0,12123
2021-01-02,Pfizer/BioNTech,13402,0,13402
2021-01-03,Pfizer/BioNTech,14323,0,14323
2021-01-04,"Moderna, Pfizer/BioNTech",17927,0,17927
2021-01-05,"Moderna, Pfizer/BioNTech",22432,0,22432
2021-01-06,Pfizer/BioNTech,28265,1,28266
2021-01-07,"Moderna, Pfizer/BioNTech",36240,1,36241
2021-01-08,Pfizer/BioNTech,46274,1,46275
2021-01-09,"Moderna, Pfizer/BioNTech",48297,2,48299
2021-01-10,Pfizer/BioNTech,50061,4,50065
2021-01-11,Pfizer/BioNTech,59902,6,59908
2021-01-12,"Moderna, Pfizer/BioNTech",73295,8,73303
2021-01-13,Pfizer/BioNTech,86812,8,86820
2021-01-14,"Moderna, Pfizer/BioNTech",102021,10,102031
2021-01-15,"Moderna, Pfizer/BioNTech",116012,10,116022
2021-01-16,"Moderna, Pfizer/BioNTech",119396,13,119409
2021-01-17,"Moderna, Pfizer/BioNTech",122002,651,122653
2021-01-18,"Moderna, Pfizer/BioNTech",134478,2473,136951
2021-01-19,"Moderna, Pfizer/BioNTech",147050,5194,152244
2021-01-20,"Moderna, Pfizer/BioNTech",160701,7843,168544
2021-01-21,"Moderna, Pfizer/BioNTech",176327,9577,185904
2021-01-22,"Moderna, Pfizer/BioNTech",191174,10621,201795
2021-01-23,"Moderna, Pfizer/BioNTech",194486,11499,205985
2021-01-24,"Moderna, Pfizer/BioNTech",196738,12369,209107
2021-01-25,"Moderna, Pfizer/BioNTech",206370,15340,221710
2021-01-26,"Moderna, Pfizer/BioNTech",216902,19318,236220
2021-01-27,"Moderna, Pfizer/BioNTech",225927,23841,249768
2021-01-28,"Moderna, Pfizer/BioNTech",233007,29964,262971
2021-01-29,"Moderna, Pfizer/BioNTech",239204,37858,277062
2021-01-30,"Moderna, Pfizer/BioNTech",239934,38946,278880
2021-01-31,"Moderna, Pfizer/BioNTech",240645,40127,280772
2021-02-01,"Moderna, Pfizer/BioNTech",244612,48068,292680
2021-02-02,"Moderna, Pfizer/BioNTech",248739,58294,307033
2021-02-03,"Moderna, Pfizer/BioNTech",253149,69286,322435
2021-02-04,"Moderna, Pfizer/BioNTech",258040,82243,340283
2021-02-05,"Moderna, Pfizer/BioNTech",263489,92899,356388
2021-02-06,"Moderna, Oxford/AstraZeneca, Pfizer/BioNTech",264332,95250,359582
2021-02-07,"Moderna, Pfizer/BioNTech",265179,97737,362916
2021-02-08,"Moderna, Oxford/AstraZeneca, Pfizer/BioNTech",269245,109123,378368
2021-02-09,"Moderna, Oxford/AstraZeneca, Pfizer/BioNTech",274329,121047,395376
2021-02-10,"Moderna, Pfizer/BioNTech",279823,134269,414092
2021-02-11,"Moderna, Oxford/AstraZeneca, Pfizer/BioNTech",286129,150460,436589
2021-02-12,"Moderna, Oxford/AstraZeneca, Pfizer/BioNTech",292875,165156,458031
2021-02-13,"Moderna, Oxford/AstraZeneca, Pfizer/BioNTech",294470,168135,462605
2021-02-14,"Moderna, Oxford/AstraZeneca, Pfizer/BioNTech",295467,169513,464980
2021-02-15,"Moderna, Oxford/AstraZeneca, Pfizer/BioNTech",301860,178852,480712
2021-02-16,"Moderna, Oxford/AstraZeneca, Pfizer/BioNTech",310570,187906,498476
2021-02-17,"Moderna, Oxford/AstraZeneca, Pfizer/BioNTech",320258,196198,516456
2021-02-18,"Moderna, Oxford/AstraZeneca, Pfizer/BioNTech",332564,204246,536810
2021-02-19,"Moderna, Oxford/AstraZeneca, Pfizer/BioNTech",344410,211573,555983
2021-02-20,"Moderna, Oxford/AstraZeneca, Pfizer/BioNTech",346393,212749,559142
2021-02-21,"Moderna, Oxford/AstraZeneca, Pfizer/BioNTech",347508,213766,561274
2021-02-22,"Moderna, Oxford/AstraZeneca, Pfizer/BioNTech",357626,219776,577402
2021-02-23,"Moderna, Oxford/AstraZeneca, Pfizer/BioNTech",370557,226737,597294
2021-02-24,"Moderna, Oxford/AstraZeneca, Pfizer/BioNTech",384421,232760,617181
2021-02-25,"Moderna, Oxford/AstraZeneca, Pfizer/BioNTech",402374,238296,640670
2021-02-26,"Moderna, Oxford/AstraZeneca, Pfizer/BioNTech",418527,243626,662153
2021-02-27,"Moderna, Oxford/AstraZeneca, Pfizer/BioNTech",421529,244176,665705
2021-02-28,"Moderna, Oxford/AstraZeneca, Pfizer/BioNTech",423868,244721,668589
2021-03-01,"Moderna, Oxford/AstraZeneca, Pfizer/BioNTech",443421,248149,691570
2021-03-02,"Moderna, Oxford/AstraZeneca, Pfizer/BioNTech",470625,251685,722310
2021-03-03,"Moderna, Oxford/AstraZeneca, Pfizer/BioNTech",501464,256175,757639
2021-03-04,"Moderna, Oxford/AstraZeneca, Pfizer/BioNTech",534682,260839,795521
2021-03-05,"Johnson&Johnson, Moderna, Oxford/AstraZeneca, Pfizer/BioNTech",563480,266236,829716
2021-03-06,"Johnson&Johnson, Moderna, Oxford/AstraZeneca, Pfizer/BioNTech",575608,267084,842692
2021-03-07,"Johnson&Johnson, Moderna, Oxford/AstraZeneca, Pfizer/BioNTech",587128,267920,855048
2021-03-08,"Johnson&Johnson, Moderna, Oxford/AstraZeneca, Pfizer/BioNTech",616821,272753,889574
2021-03-09,"Johnson&Johnson, Moderna, Oxford/AstraZeneca, Pfizer/BioNTech",653101,279117,932218
2021-03-10,"Moderna, Oxford/AstraZeneca, Pfizer/BioNTech",694367,286055,980422
2021-03-11,"Johnson&Johnson, Moderna, Oxford/AstraZeneca, Pfizer/BioNTech",739157,294407,1033564
2021-03-12,"Johnson&Johnson, Moderna, Oxford/AstraZeneca, Pfizer/BioNTech",777930,302855,1080785
2021-03-13,"Moderna, Oxford/AstraZeneca, Pfizer/BioNTech",794980,304148,1099128
2021-03-14,"Moderna, Oxford/AstraZeneca, Pfizer/BioNTech",807075,305286,1112361
2021-03-15,"Moderna, Oxford/AstraZeneca, Pfizer/BioNTech",835430,314054,1149484
2021-03-16,"Johnson&Johnson, Moderna, Oxford/AstraZeneca, Pfizer/BioNTech",874293,324575,1198868
2021-03-17,"Moderna, Oxford/AstraZeneca, Pfizer/BioNTech",911743,335064,1246807
2021-03-18,"Johnson&Johnson, Moderna, Oxford/AstraZeneca, Pfizer/BioNTech",949680,347462,1297142
2021-03-19,"Moderna, Oxford/AstraZeneca, Pfizer/BioNTech",984121,361053,1345174
2021-03-20,"Johnson&Johnson, Moderna, Oxford/AstraZeneca, Pfizer/BioNTech",999237,363063,1362300
2021-03-21,"Johnson&Johnson, Moderna, Oxford/AstraZeneca, Pfizer/BioNTech",1006628,364605,1371233
2021-03-22,"Johnson&Johnson, Moderna, Oxford/AstraZeneca, Pfizer/BioNTech",1031144,377096,1408240
2021-03-23,"Johnson&Johnson, Moderna, Oxford/AstraZeneca, Pfizer/BioNTech",1057743,390428,1448171
2021-03-24,"Johnson&Johnson, Moderna, Oxford/AstraZeneca, Pfizer/BioNTech",1084568,406137,1490705
2021-03-25,"Moderna, Oxford/AstraZeneca, Pfizer/BioNTech",1110861,423966,1534827
2021-03-26,"Moderna, Oxford/AstraZeneca, Pfizer/BioNTech",1135637,441448,1577085
2021-03-27,"Johnson&Johnson, Moderna, Oxford/AstraZeneca, Pfizer/BioNTech",1144053,446281,1590334
2021-03-28,"Moderna, Oxford/AstraZeneca, Pfizer/BioNTech",1149581,450414,1599995
2021-03-29,"Johnson&Johnson, Moderna, Oxford/AstraZeneca, Pfizer/BioNTech",1168676,471111,1639787
2021-03-30,"Johnson&Johnson, Moderna, Oxford/AstraZeneca, Pfizer/BioNTech",1193353,493271,1686624
2021-03-31,"Johnson&Johnson, Moderna, Oxford/AstraZeneca, Pfizer/BioNTech",1216423,520306,1736729
2021-04-01,"Johnson&Johnson, Moderna, Oxford/AstraZeneca, Pfizer/BioNTech",1241995,552335,1794330
2021-04-02,"Johnson&Johnson, Moderna, Oxford/AstraZeneca, Pfizer/BioNTech",1248887,565115,1814002
2021-04-03,"Johnson&Johnson, Moderna, Oxford/AstraZeneca, Pfizer/BioNTech",1252485,576019,1828504
2021-04-04,"Johnson&Johnson, Moderna, Oxford/AstraZeneca, Pfizer/BioNTech",1254975,584917,1839892
2021-04-05,"Johnson&Johnson, Moderna, Oxford/AstraZeneca, Pfizer/BioNTech",1257349,592088,1849437
2021-04-06,"Johnson&Johnson, Moderna, Oxford/AstraZeneca, Pfizer/BioNTech",1273441,621307,1894748
2021-04-07,"Johnson&Johnson, Moderna, Oxford/AstraZeneca, Pfizer/BioNTech",1296809,643505,1940314
2021-04-08,"Johnson&Johnson, Moderna, Oxford/AstraZeneca, Pfizer/BioNTech",1335450,674495,2009945
2021-04-09,"Johnson&Johnson, Moderna, Oxford/AstraZeneca, Pfizer/BioNTech",1374930,704657,2079587
2021-04-10,"Johnson&Johnson, Moderna, Oxford/AstraZeneca, Pfizer/BioNTech",1390376,719930,2110306
2021-04-11,"Johnson&Johnson, Moderna, Oxford/AstraZeneca, Pfizer/BioNTech",1400127,729944,2130071
2021-04-12,"Johnson&Johnson, Moderna, Oxford/AstraZeneca, Pfizer/BioNTech",1438345,755042,2193387
2021-04-13,"Moderna, Oxford/AstraZeneca, Pfizer/BioNTech",1474550,781058,2255608
2021-04-14,"Moderna, Oxford/AstraZeneca, Pfizer/BioNTech",1513316,808386,2321702
2021-04-15,"Moderna, Oxford/AstraZeneca, Pfizer/BioNTech",1561065,834075,2395140
2021-04-16,"Moderna, Oxford/AstraZeneca, Pfizer/BioNTech",1605677,859687,2465364
2021-04-17,"Moderna, Oxford/AstraZeneca, Pfizer/BioNTech",1622336,868698,2491034
2021-04-18,"Moderna, Oxford/AstraZeneca, Pfizer/BioNTech",1635299,873675,2508974
2021-04-19,"Moderna, Oxford/AstraZeneca, Pfizer/BioNTech",1679270,889115,2568385
2021-04-20,"Johnson&Johnson, Moderna, Oxford/AstraZeneca, Pfizer/BioNTech",1721789,904960,2626749
2021-04-21,"Moderna, Oxford/AstraZeneca, Pfizer/BioNTech",1769483,919284,2688767
2021-04-22,"Johnson&Johnson, Moderna, Oxford/AstraZeneca, Pfizer/BioNTech",1823940,936641,2760581
2021-04-23,"Johnson&Johnson, Moderna, Oxford/AstraZeneca, Pfizer/BioNTech",1873860,948671,2822531
2021-04-24,"Johnson&Johnson, Moderna, Oxford/AstraZeneca, Pfizer/BioNTech",1891669,953901,2845570
2021-04-25,"Johnson&Johnson, Moderna, Oxford/AstraZeneca, Pfizer/BioNTech",1906339,957883,2864222
2021-04-26,"Johnson&Johnson, Moderna, Oxford/AstraZeneca, Pfizer/BioNTech",1955905,965423,2921328
2021-04-27,"Johnson&Johnson, Moderna, Oxford/AstraZeneca, Pfizer/BioNTech",2004862,977620,2982482
2021-04-28,"Johnson&Johnson, Moderna, Oxford/AstraZeneca, Pfizer/BioNTech",2063591,991583,3055174
2021-04-29,"Johnson&Johnson, Moderna, Oxford/AstraZeneca, Pfizer/BioNTech",2129128,1007430,3136558
2021-04-30,"Johnson&Johnson, Moderna, Oxford/AstraZeneca, Pfizer/BioNTech",2191316,1017358,3208674
2021-05-01,"Johnson&Johnson, Moderna, Oxford/AstraZeneca, Pfizer/BioNTech",2210608,1020775,3231383
2021-05-02,"Johnson&Johnson, Moderna, Oxford/AstraZeneca, Pfizer/BioNTech",2229501,1023025,3252526
2021-05-03,"Johnson&Johnson, Moderna, Oxford/AstraZeneca, Pfizer/BioNTech",2296721,1028070,3324791
2021-05-04,"Johnson&Johnson, Moderna, Oxford/AstraZeneca, Pfizer/BioNTech",2363197,1036374,3399571
2021-05-05,"Johnson&Johnson, Moderna, Oxford/AstraZeneca, Pfizer/BioNTech",2436325,1045737,3482062
2021-05-06,"Johnson&Johnson, Moderna, Oxford/AstraZeneca, Pfizer/BioNTech",2516688,1056410,3573098
2021-05-07,"Johnson&Johnson, Moderna, Oxford/AstraZeneca, Pfizer/BioNTech",2593953,1066468,3660421
2021-05-08,"Johnson&Johnson, Moderna, Oxford/AstraZeneca, Pfizer/BioNTech",2623353,1068205,3691558
2021-05-09,"Johnson&Johnson, Moderna, Oxford/AstraZeneca, Pfizer/BioNTech",2647521,1069392,3716913
2021-05-10,"Johnson&Johnson, Moderna, Oxford/AstraZeneca, Pfizer/BioNTech",2720254,1076583,3796837
2021-05-11,"Johnson&Johnson, Moderna, Oxford/AstraZeneca, Pfizer/BioNTech",2796321,1085353,3881674
2021-05-12,"Johnson&Johnson, Moderna, Oxford/AstraZeneca, Pfizer/BioNTech",2876145,1094394,3970539
2021-05-13,"Johnson&Johnson, Moderna, Oxford/AstraZeneca, Pfizer/BioNTech",2960134,1103523,4063657
2021-05-14,"Johnson&Johnson, Moderna, Oxford/AstraZeneca, Pfizer/BioNTech",3039533,1111250,4150783
2021-05-15,"Johnson&Johnson, Moderna, Oxford/AstraZeneca, Pfizer/BioNTech",3071372,1113438,4184810
2021-05-16,"Johnson&Johnson, Moderna, Oxford/AstraZeneca, Pfizer/BioNTech",3097116,1114677,4211793
2021-05-17,"Johnson&Johnson, Moderna, Oxford/AstraZeneca, Pfizer/BioNTech",3169594,1121358,4290952
2021-05-18,"Johnson&Johnson, Moderna, Oxford/AstraZeneca, Pfizer/BioNTech",3241499,1134345,4375844
2021-05-19,"Johnson&Johnson, Moderna, Oxford/AstraZeneca, Pfizer/BioNTech",3318934,1149436,4468370
2021-05-20,"Johnson&Johnson, Moderna, Oxford/AstraZeneca, Pfizer/BioNTech",3394333,1176397,4570730
2021-05-21,"Johnson&Johnson, Moderna, Oxford/AstraZeneca, Pfizer/BioNTech",3463066,1204079,4667145
2021-05-22,"Johnson&Johnson, Moderna, Oxford/AstraZeneca, Pfizer/BioNTech",3495400,1215214,4710614
2021-05-23,"Johnson&Johnson, Moderna, Oxford/AstraZeneca, Pfizer/BioNTech",3517704,1224219,4741923
2021-05-24,"Johnson&Johnson, Moderna, Oxford/AstraZeneca, Pfizer/BioNTech",3564780,1257819,4822599
2021-05-25,"Johnson&Johnson, Moderna, Oxford/AstraZeneca, Pfizer/BioNTech",3616615,1293562,4910177
2021-05-26,"Johnson&Johnson, Moderna, Oxford/AstraZeneca, Pfizer/BioNTech",3684344,1331033,5015377
2021-05-27,"Johnson&Johnson, Moderna, Oxford/AstraZeneca, Pfizer/BioNTech",3745693,1378295,5123988
2021-05-28,"Johnson&Johnson, Moderna, Oxford/AstraZeneca, Pfizer/BioNTech",3807354,1424787,5232141
2021-05-29,"Johnson&Johnson, Moderna, Oxford/AstraZeneca, Pfizer/BioNTech",3836503,1441855,5278358
2021-05-30,"Johnson&Johnson, Moderna, Oxford/AstraZeneca, Pfizer/BioNTech",3858843,1456261,5315104
2021-05-31,"Johnson&Johnson, Moderna, Oxford/AstraZeneca, Pfizer/BioNTech",3914560,1503764,5418324
2021-06-01,"Johnson&Johnson, Moderna, Oxford/AstraZeneca, Pfizer/BioNTech",3973576,1552530,5526106
2021-06-02,"Johnson&Johnson, Moderna, Oxford/AstraZeneca, Pfizer/BioNTech",4036444,1606426,5642870
2021-06-03,"Johnson&Johnson, Moderna, Oxford/AstraZeneca, Pfizer/BioNTech",4094658,1666570,5761228
2021-06-04,"Johnson&Johnson, Moderna, Oxford/AstraZeneca, Pfizer/BioNTech",4157732,1723878,5881610
2021-06-05,"Johnson&Johnson, Moderna, Oxford/AstraZeneca, Pfizer/BioNTech",4191859,1742649,5934508
2021-06-06,"Johnson&Johnson, Moderna, Oxford/AstraZeneca, Pfizer/BioNTech",4218757,1757741,5976498
2021-06-07,"Johnson&Johnson, Moderna, Oxford/AstraZeneca, Pfizer/BioNTech",4282419,1813308,6095727
2021-06-08,"Johnson&Johnson, Moderna, Oxford/AstraZeneca, Pfizer/BioNTech",4346380,1868210,6214590
2021-06-09,"Johnson&Johnson, Moderna, Oxford/AstraZeneca, Pfizer/BioNTech",4405559,1932558,6338117
2021-06-10,"Johnson&Johnson, Moderna, Oxford/AstraZeneca, Pfizer/BioNTech",4459435,2003565,6463000
2021-06-11,"Johnson&Johnson, Moderna, Oxford/AstraZeneca, Pfizer/BioNTech",4511512,2073194,6584706
2021-06-12,"Johnson&Johnson, Moderna, Oxford/AstraZeneca, Pfizer/BioNTech",4543491,2093920,6637411
2021-06-13,"Johnson&Johnson, Moderna, Oxford/AstraZeneca, Pfizer/BioNTech",4567492,2112273,6679765
2021-06-14,"Johnson&Johnson, Moderna, Oxford/AstraZeneca, Pfizer/BioNTech",4610554,2186562,6797116
2021-06-15,"Johnson&Johnson, Moderna, Oxford/AstraZeneca, Pfizer/BioNTech",4655182,2258804,6913986
2021-06-16,"Johnson&Johnson, Moderna, Oxford/AstraZeneca, Pfizer/BioNTech",4697903,2336927,7034830
2021-06-17,"Johnson&Johnson, Moderna, Oxford/AstraZeneca, Pfizer/BioNTech",4737265,2419888,7157153
2021-06-18,"Johnson&Johnson, Moderna, Oxford/AstraZeneca, Pfizer/BioNTech",4779645,2500283,7279928
2021-06-19,"Johnson&Johnson, Moderna, Oxford/AstraZeneca, Pfizer/BioNTech",4801376,2529496,7330872
2021-06-20,"Johnson&Johnson, Moderna, Oxford/AstraZeneca, Pfizer/BioNTech",4818730,2553253,7371983
2021-06-21,"Johnson&Johnson, Moderna, Oxford/AstraZeneca, Pfizer/BioNTech",4851228,2631720,7482948
2021-06-22,"Johnson&Johnson, Moderna, Oxford/AstraZeneca, Pfizer/BioNTech",4884181,2713876,7598057
2021-06-23,"Johnson&Johnson, Moderna, Oxford/AstraZeneca, Pfizer/BioNTech",4915822,2798994,7714816
2021-06-24,"Johnson&Johnson, Moderna, Oxford/AstraZeneca, Pfizer/BioNTech",4945649,2888924,7834573
2021-06-25,"Johnson&Johnson, Moderna, Oxford/AstraZeneca, Pfizer/BioNTech",4976689,2974938,7951627
2021-06-26,"Johnson&Johnson, Moderna, Oxford/AstraZeneca, Pfizer/BioNTech",4992542,3009672,8002214
2021-06-27,"Johnson&Johnson, Moderna, Oxford/AstraZeneca, Pfizer/BioNTech",5006481,3036259,8042740
2021-06-28,"Johnson&Johnson, Moderna, Oxford/AstraZeneca, Pfizer/BioNTech",5034895,3121341,8156236
2021-06-29,"Johnson&Johnson, Moderna, Oxford/AstraZeneca, Pfizer/BioNTech",5064149,3207715,8271864
2021-06-30,"Johnson&Johnson, Moderna, Oxford/AstraZeneca, Pfizer/BioNTech",5091646,3298555,8390201
2021-07-01,"Johnson&Johnson, Moderna, Oxford/AstraZeneca, Pfizer/BioNTech",5115587,3388459,8504046
2021-07-02,"Johnson&Johnson, Moderna, Oxford/AstraZeneca, Pfizer/BioNTech",5142303,3474164,8616467
2021-07-03,"Johnson&Johnson, Moderna, Oxford/AstraZeneca, Pfizer/BioNTech",5149371,3505611,8654982
2021-07-04,"Johnson&Johnson, Moderna, Oxford/AstraZeneca, Pfizer/BioNTech",5156912,3527371,8684283
2021-07-05,"Johnson&Johnson, Moderna, Oxford/AstraZeneca, Pfizer/BioNTech",5164257,3552687,8716944
2021-07-06,"Johnson&Johnson, Moderna, Oxford/AstraZeneca, Pfizer/BioNTech",5169648,3580254,8749902
2021-07-07,"Johnson&Johnson, Moderna, Oxford/AstraZeneca, Pfizer/BioNTech",5195424,3659118,8854542
2021-07-08,"Johnson&Johnson, Moderna, Oxford/AstraZeneca, Pfizer/BioNTech",5222000,3729333,8951333
2021-07-09,"Johnson&Johnson, Moderna, Oxford/AstraZeneca, Pfizer/BioNTech",5249897,3798494,9048391
2021-07-10,"Johnson&Johnson, Moderna, Oxford/AstraZeneca, Pfizer/BioNTech",5259229,3827055,9086284
2021-07-11,"Johnson&Johnson, Moderna, Oxford/AstraZeneca, Pfizer/BioNTech",5267744,3849903,9117647
2021-07-12,"Johnson&Johnson, Moderna, Oxford/AstraZeneca, Pfizer/BioNTech",5295270,3918915,9214185
2021-07-13,"Johnson&Johnson, Moderna, Oxford/AstraZeneca, Pfizer/BioNTech",5321457,3988694,9310151
2021-07-14,"Johnson&Johnson, Moderna, Oxford/AstraZeneca, Pfizer/BioNTech",5347290,4060582,9407872
2021-07-15,"Johnson&Johnson, Moderna, Oxford/AstraZeneca, Pfizer/BioNTech",5376478,4126492,9502970
2021-07-16,"Johnson&Johnson, Moderna, Oxford/AstraZeneca, Pfizer/BioNTech",5404405,4199099,9603504
2021-07-17,"Johnson&Johnson, Moderna, Oxford/AstraZeneca, Pfizer/BioNTech",5413155,4230479,9643634
2021-07-18,"Johnson&Johnson, Moderna, Oxford/AstraZeneca, Pfizer/BioNTech",5421587,4256437,9678024
2021-07-19,"Johnson&Johnson, Moderna, Oxford/AstraZeneca, Pfizer/BioNTech",5444918,4323372,9768290
2021-07-20,"Johnson&Johnson, Moderna, Oxford/AstraZeneca, Pfizer/BioNTech",5466299,4390318,9856617
2021-07-21,"Johnson&Johnson, Moderna, Oxford/AstraZeneca, Pfizer/BioNTech",5489739,4453666,9943405
2021-07-22,"Johnson&Johnson, Moderna, Oxford/AstraZeneca, Pfizer/BioNTech",5512077,4512193,10024270
2021-07-23,"Johnson&Johnson, Moderna, Oxford/AstraZeneca, Pfizer/BioNTech",5535241,4566816,10102057
2021-07-24,"Johnson&Johnson, Moderna, Oxford/AstraZeneca, Pfizer/BioNTech",5542539,4594417,10136956
2021-07-25,"Johnson&Johnson, Moderna, Oxford/AstraZeneca, Pfizer/BioNTech",5549136,4616493,10165629
2021-07-26,"Johnson&Johnson, Moderna, Oxford/AstraZeneca, Pfizer/BioNTech",5572632,4665047,10237679
2021-07-27,"Johnson&Johnson, Moderna, Oxford/AstraZeneca, Pfizer/BioNTech",5595336,4711575,10306911
2021-07-28,"Johnson&Johnson, Moderna, Oxford/AstraZeneca, Pfizer/BioNTech",5616553,4757446,10373999
2021-07-29,"Johnson&Johnson, Moderna, Oxford/AstraZeneca, Pfizer/BioNTech",5637838,4799292,10437130
2021-07-30,"Johnson&Johnson, Moderna, Oxford/AstraZeneca, Pfizer/BioNTech",5661093,4841744,10502837
2021-07-31,"Johnson&Johnson, Moderna, Oxford/AstraZeneca, Pfizer/BioNTech",5670007,4861230,10531237
2021-08-01,"Johnson&Johnson, Moderna, Oxford/AstraZeneca, Pfizer/BioNTech",5676712,4877355,10554067
2021-08-02,"Johnson&Johnson, Moderna, Oxford/AstraZeneca, Pfizer/BioNTech",5695309,4914822,10610131
2021-08-03,"Johnson&Johnson, Moderna, Oxford/AstraZeneca, Pfizer/BioNTech",5712919,4952841,10665760
2021-08-04,"Johnson&Johnson, Moderna, Oxford/AstraZeneca, Pfizer/BioNTech",5728983,4989486,10718469
2021-08-05,"Johnson&Johnson, Moderna, Oxford/AstraZeneca, Pfizer/BioNTech",5744982,5029861,10774843
2021-08-06,"Johnson&Johnson, Moderna, Oxford/AstraZeneca, Pfizer/BioNTech",5761746,5073050,10834796
2021-08-07,"Johnson&Johnson, Moderna, Oxford/AstraZeneca, Pfizer/BioNTech",5767317,5091170,10858487
2021-08-08,"Johnson&Johnson, Moderna, Oxford/AstraZeneca, Pfizer/BioNTech",5771664,5106890,10878554
2021-08-09,"Johnson&Johnson, Moderna, Oxford/AstraZeneca, Pfizer/BioNTech",5784290,5151868,10936158
2021-08-10,"Johnson&Johnson, Moderna, Oxford/AstraZeneca, Pfizer/BioNTech",5796097,5191360,10987457
2021-08-11,"Johnson&Johnson, Moderna, Oxford/AstraZeneca, Pfizer/BioNTech",5807436,5234430,11041866
2021-08-12,"Johnson&Johnson, Moderna, Oxford/AstraZeneca, Pfizer/BioNTech",5818827,5271430,11090257
2021-08-13,"Johnson&Johnson, Moderna, Oxford/AstraZeneca, Pfizer/BioNTech",5829499,5311668,11141167
2021-08-14,"Johnson&Johnson, Moderna, Oxford/AstraZeneca, Pfizer/BioNTech",5832830,5322335,11155165
2021-08-15,"Johnson&Johnson, Moderna, Oxford/AstraZeneca, Pfizer/BioNTech",5835404,5332685,11168089
2021-08-16,"Johnson&Johnson, Moderna, Oxford/AstraZeneca, Pfizer/BioNTech",5845167,5366679,11211846
2021-08-17,"Johnson&Johnson, Moderna, Oxford/AstraZeneca, Pfizer/BioNTech",5854734,5393716,11248450
2021-08-18,"Johnson&Johnson, Moderna, Oxford/AstraZeneca, Pfizer/BioNTech",5864089,5432518,11296607
2021-08-19,"Johnson&Johnson, Moderna, Oxford/AstraZeneca, Pfizer/BioNTech",5873741,5470811,11344552
2021-08-20,"Johnson&Johnson, Moderna, Oxford/AstraZeneca, Pfizer/BioNTech",5885071,5510934,11396005
2021-08-21,"Johnson&Johnson, Moderna, Oxford/AstraZeneca, Pfizer/BioNTech",5887775,5523662,11411437
2021-08-22,"Johnson&Johnson, Moderna, Oxford/AstraZeneca, Pfizer/BioNTech",5890106,5535606,11425712
2021-08-23,"Johnson&Johnson, Moderna, Oxford/AstraZeneca, Pfizer/BioNTech",5900616,5574788,11475404
2021-08-24,"Johnson&Johnson, Moderna, Oxford/AstraZeneca, Pfizer/BioNTech",5910466,5607974,11518440
2021-08-25,"Johnson&Johnson, Moderna, Oxford/AstraZeneca, Pfizer/BioNTech",5919301,5636273,11555574
2021-08-26,"Johnson&Johnson, Moderna, Oxford/AstraZeneca, Pfizer/BioNTech",5927718,5662327,11590045
2021-08-27,"Johnson&Johnson, Moderna, Oxford/AstraZeneca, Pfizer/BioNTech",5938020,5688217,11626237
2021-08-28,"Johnson&Johnson, Moderna, Oxford/AstraZeneca, Pfizer/BioNTech",5940731,5695226,11635957
2021-08-29,"Johnson&Johnson, Moderna, Oxford/AstraZeneca, Pfizer/BioNTech",5943132,5701834,11644966
2021-08-30,"Johnson&Johnson, Moderna, Oxford/AstraZeneca, Pfizer/BioNTech",5951633,5723643,11675276
2021-08-31,"Johnson&Johnson, Moderna, Oxford/AstraZeneca, Pfizer/BioNTech",5959275,5741673,11700948
2021-09-01,"Johnson&Johnson, Moderna, Oxford/AstraZeneca, Pfizer/BioNTech",5965139,5755618,11720757
2021-09-02,"Johnson&Johnson, Moderna, Oxford/AstraZeneca, Pfizer/BioNTech",5971919,5769949,11741868
2021-09-03,"Johnson&Johnson, Moderna, Oxford/AstraZeneca, Pfizer/BioNTech",5981394,5785581,11766975
2021-09-04,"Johnson&Johnson, Moderna, Oxford/AstraZeneca, Pfizer/BioNTech",5983443,5789111,11772554
2021-09-05,"Johnson&Johnson, Moderna, Oxford/AstraZeneca, Pfizer/BioNTech",5985467,5791937,11777404
2021-09-06,"Johnson&Johnson, Moderna, Oxford/AstraZeneca, Pfizer/BioNTech",5991630,5804413,11796043
2021-09-07,"Johnson&Johnson, Moderna, Oxford/AstraZeneca, Pfizer/BioNTech",5995975,5815468,11811443
2021-09-08,"Johnson&Johnson, Moderna, Oxford/AstraZeneca, Pfizer/BioNTech",6001601,5825277,11826878
2021-09-09,"Johnson&Johnson, Moderna, Oxford/AstraZeneca, Pfizer/BioNTech",6008232,5835314,11843546
2021-09-10,"Johnson&Johnson, Moderna, Oxford/AstraZeneca, Pfizer/BioNTech",6015861,5847456,11863317
2021-09-11,"Johnson&Johnson, Moderna, Pfizer/BioNTech",6017713,5849916,11867629
2021-09-12,"Johnson&Johnson, Moderna, Oxford/AstraZeneca, Pfizer/BioNTech",6018819,5851533,11870352
2021-09-13,"Johnson&Johnson, Moderna, Oxford/AstraZeneca, Pfizer/BioNTech",6024209,5861772,11885981
2021-09-14,"Johnson&Johnson, Moderna, Oxford/AstraZeneca, Pfizer/BioNTech",6029543,5870752,11900295
2021-09-15,"Johnson&Johnson, Moderna, Oxford/AstraZeneca, Pfizer/BioNTech",6034687,5879249,11913936
2021-09-16,"Johnson&Johnson, Moderna, Oxford/AstraZeneca, Pfizer/BioNTech",6039923,5887492,11927415
2021-09-17,"Johnson&Johnson, Moderna, Oxford/AstraZeneca, Pfizer/BioNTech",6046420,5897672,11944092
2021-09-18,"Johnson&Johnson, Moderna, Pfizer/BioNTech",6048138,5900003,11948141
2021-09-19,"Johnson&Johnson, Moderna, Oxford/AstraZeneca, Pfizer/BioNTech",6049074,5901563,11950637
2021-09-20,"Johnson&Johnson, Moderna, Oxford/AstraZeneca, Pfizer/BioNTech",6053005,5909721,11962726
2021-09-21,"Johnson&Johnson, Moderna, Oxford/AstraZeneca, Pfizer/BioNTech",6057045,5917218,11974263
2021-09-22,"Johnson&Johnson, Moderna, Oxford/AstraZeneca, Pfizer/BioNTech",6061131,5922710,11983841
2021-09-23,"Johnson&Johnson, Moderna, Oxford/AstraZeneca, Pfizer/BioNTech",6066054,5929095,11995149
2021-09-24,"Johnson&Johnson, Moderna, Oxford/AstraZeneca, Pfizer/BioNTech",6071742,5938674,12010416
2021-09-25,"Johnson&Johnson, Moderna, Pfizer/BioNTech",6073216,5940644,12013860
2021-09-26,"Johnson&Johnson, Moderna, Pfizer/BioNTech",6073949,5942261,12016210
2021-09-27,"Johnson&Johnson, Moderna, Oxford/AstraZeneca, Pfizer/BioNTech",6077727,5948710,12026437
2021-09-28,"Johnson&Johnson, Moderna, Pfizer/BioNTech",6078053,5949303,12027356
2021-09-29,"Johnson&Johnson, Moderna, Oxford/AstraZeneca, Pfizer/BioNTech",6081735,5956683,12038418
2021-09-30,"Johnson&Johnson, Moderna, Oxford/AstraZeneca, Pfizer/BioNTech",6086081,5964310,12050391
2021-10-01,"Johnson&Johnson, Moderna, Oxford/AstraZeneca, Pfizer/BioNTech",6090130,5972130,12062260
2021-10-02,"Johnson&Johnson, Moderna, Pfizer/BioNTech",6091165,5973653,12064818
2021-10-03,"Johnson&Johnson, Moderna, Pfizer/BioNTech",6091864,5974513,12066377
2021-10-04,"Johnson&Johnson, Moderna, Oxford/AstraZeneca, Pfizer/BioNTech",6094792,5980010,12074802
2021-10-05,"Johnson&Johnson, Moderna, Oxford/AstraZeneca, Pfizer/BioNTech",6097662,5984893,12082555
2021-10-06,"Johnson&Johnson, Moderna, Oxford/AstraZeneca, Pfizer/BioNTech",6101019,5989934,12090953
2021-10-07,"Johnson&Johnson, Moderna, Oxford/AstraZeneca, Pfizer/BioNTech",6104132,5995078,12099210
2021-10-08,"Johnson&Johnson, Moderna, Oxford/AstraZeneca, Pfizer/BioNTech",6108838,6001634,12110472
2021-10-09,"Johnson&Johnson, Moderna, Pfizer/BioNTech",6110056,6003269,12113325
2021-10-10,"Johnson&Johnson, Moderna, Pfizer/BioNTech",6110968,6004095,12115063
2021-10-11,"Johnson&Johnson, Moderna, Oxford/AstraZeneca, Pfizer/BioNTech",6113807,6008432,12122239
2021-10-12,"Johnson&Johnson, Moderna, Oxford/AstraZeneca, Pfizer/BioNTech",6116410,6012219,12128629
2021-10-13,"Johnson&Johnson, Moderna, Oxford/AstraZeneca, Pfizer/BioNTech",6119704,6016225,12135929
2021-10-14,"Johnson&Johnson, Moderna, Oxford/AstraZeneca, Pfizer/BioNTech",6123199,6021086,12144285
2021-10-15,"Johnson&Johnson, Moderna, Oxford/AstraZeneca, Pfizer/BioNTech",6128151,6027064,12155215
2021-10-16,"Johnson&Johnson, Moderna, Pfizer/BioNTech",6129507,6028568,12158075
2021-10-17,"Johnson&Johnson, Moderna, Pfizer/BioNTech",6130805,6029604,12160409
2021-10-18,"Johnson&Johnson, Moderna, Oxford/AstraZeneca, Pfizer/BioNTech",6134665,6033511,12168176
2021-10-19,"Johnson&Johnson, Moderna, Oxford/AstraZeneca, Pfizer/BioNTech",6138041,6035484,12173525
2021-10-20,"Johnson&Johnson, Moderna, Oxford/AstraZeneca, Pfizer/BioNTech",6142526,6039579,12182105
2021-10-21,"Johnson&Johnson, Moderna, Oxford/AstraZeneca, Pfizer/BioNTech",6149774,6044730,12194504
2021-10-22,"Johnson&Johnson, Moderna, Oxford/AstraZeneca, Pfizer/BioNTech",6159177,6050452,12209629
2021-10-23,"Johnson&Johnson, Moderna, Pfizer/BioNTech",6162123,6052065,12214188
