date,vaccine,people_vaccinated,people_fully_vaccinated,total_vaccinations
2020-12-27,Pfizer/BioNTech,1262,0,1262
2020-12-28,Pfizer/BioNTech,3552,0,3552
2020-12-29,Pfizer/BioNTech,7012,0,7012
2020-12-30,Pfizer/BioNTech,10485,0,10485
2020-12-31,Pfizer/BioNTech,11798,0,11798
2021-01-01,Pfizer/BioNTech,12060,0,12060
2021-01-02,Pfizer/BioNTech,13317,0,13317
2021-01-03,Pfizer/BioNTech,14234,0,14234
2021-01-04,Pfizer/BioNTech,17807,0,17807
2021-01-05,Pfizer/BioNTech,22327,0,22327
2021-01-06,Pfizer/BioNTech,28148,0,28148
2021-01-07,Pfizer/BioNTech,36116,0,36116
2021-01-08,Pfizer/BioNTech,46079,0,46079
2021-01-09,Pfizer/BioNTech,48083,0,48083
2021-01-10,Pfizer/BioNTech,49803,0,49803
2021-01-11,Pfizer/BioNTech,59580,0,59580
2021-01-12,Pfizer/BioNTech,72977,0,72977
2021-01-13,Pfizer/BioNTech,86466,0,86466
2021-01-14,"Moderna, Pfizer/BioNTech",101605,0,101605
2021-01-15,"Moderna, Pfizer/BioNTech",115509,0,115509
2021-01-16,"Moderna, Pfizer/BioNTech",118878,0,118878
2021-01-17,"Moderna, Pfizer/BioNTech",121325,631,121956
2021-01-18,"Moderna, Pfizer/BioNTech",133779,2421,136200
2021-01-19,"Moderna, Pfizer/BioNTech",146127,5111,151238
2021-01-20,"Moderna, Pfizer/BioNTech",159593,7729,167322
2021-01-21,"Moderna, Pfizer/BioNTech",174951,9443,184394
2021-01-22,"Moderna, Pfizer/BioNTech",189566,10473,200039
2021-01-23,Pfizer/BioNTech,192782,11334,204116
2021-01-24,"Moderna, Pfizer/BioNTech",195015,12194,207209
2021-01-25,"Moderna, Pfizer/BioNTech",204598,15117,219715
2021-01-26,"Moderna, Pfizer/BioNTech",215068,19066,234134
2021-01-27,"Moderna, Pfizer/BioNTech",224052,23540,247592
2021-01-28,"Moderna, Pfizer/BioNTech",231067,29611,260678
2021-01-29,"Moderna, Pfizer/BioNTech",237219,37364,274583
2021-01-30,"Moderna, Pfizer/BioNTech",237935,38440,276375
2021-01-31,Pfizer/BioNTech,238632,39568,278200
2021-02-01,"Moderna, Pfizer/BioNTech",242362,47362,289724
2021-02-02,"Moderna, Pfizer/BioNTech",246430,57483,303913
2021-02-03,"Moderna, Pfizer/BioNTech",250724,68394,319118
2021-02-04,"Moderna, Pfizer/BioNTech",255572,81215,336787
2021-02-05,"Moderna, Pfizer/BioNTech",260903,91761,352664
2021-02-06,"Moderna, Pfizer/BioNTech",261737,94069,355806
2021-02-07,"Moderna, Pfizer/BioNTech",262566,96387,358953
2021-02-08,"Moderna, Pfizer/BioNTech",266445,107660,374105
2021-02-09,"Moderna, Pfizer/BioNTech",271417,119471,390888
2021-02-10,"Moderna, Pfizer/BioNTech",276786,132503,409289
2021-02-11,"Moderna, Oxford/AstraZeneca, Pfizer/BioNTech",282881,148384,431265
2021-02-12,"Moderna, Oxford/AstraZeneca, Pfizer/BioNTech",289242,162854,452096
2021-02-13,"Moderna, Oxford/AstraZeneca, Pfizer/BioNTech",290738,165789,456527
2021-02-14,"Moderna, Oxford/AstraZeneca, Pfizer/BioNTech",291719,167150,458869
2021-02-15,"Moderna, Oxford/AstraZeneca, Pfizer/BioNTech",297839,176363,474202
2021-02-16,"Moderna, Oxford/AstraZeneca, Pfizer/BioNTech",306177,185020,491197
2021-02-17,"Moderna, Oxford/AstraZeneca, Pfizer/BioNTech",315510,193140,508650
2021-02-18,"Moderna, Oxford/AstraZeneca, Pfizer/BioNTech",327465,200925,528390
2021-02-19,"Moderna, Oxford/AstraZeneca, Pfizer/BioNTech",338836,208028,546864
2021-02-20,"Moderna, Oxford/AstraZeneca, Pfizer/BioNTech",340693,209189,549882
2021-02-21,"Moderna, Oxford/AstraZeneca, Pfizer/BioNTech",341687,210187,551874
2021-02-22,"Moderna, Oxford/AstraZeneca, Pfizer/BioNTech",351495,216119,567614
2021-02-23,"Moderna, Oxford/AstraZeneca, Pfizer/BioNTech",363874,222941,586815
2021-02-24,"Moderna, Oxford/AstraZeneca, Pfizer/BioNTech",377274,228748,606022
2021-02-25,"Moderna, Oxford/AstraZeneca, Pfizer/BioNTech",394285,233961,628246
2021-02-26,"Moderna, Oxford/AstraZeneca, Pfizer/BioNTech",408546,238739,647285
2021-02-27,"Moderna, Oxford/AstraZeneca, Pfizer/BioNTech",411313,239285,650598
2021-02-28,"Moderna, Oxford/AstraZeneca, Pfizer/BioNTech",413407,239799,653206
