date,vaccine,people_vaccinated,people_fully_vaccinated,total_vaccinations
2020-12-27,Pfizer/BioNTech,1285,0,1285
2020-12-28,Pfizer/BioNTech,3591,0,3591
2020-12-29,Pfizer/BioNTech,7061,1,7062
2020-12-30,Pfizer/BioNTech,10581,1,10582
2020-12-31,Pfizer/BioNTech,11893,1,11894
2021-01-01,"Moderna, Pfizer/BioNTech",12163,1,12164
2021-01-02,Pfizer/BioNTech,13444,1,13445
2021-01-03,"Moderna, Pfizer/BioNTech",14367,1,14368
2021-01-04,"Moderna, Pfizer/BioNTech",17981,1,17982
2021-01-05,"Moderna, Pfizer/BioNTech",22506,3,22509
2021-01-06,"Moderna, Pfizer/BioNTech",28357,4,28361
2021-01-07,"Moderna, Pfizer/BioNTech",36357,4,36361
2021-01-08,"Moderna, Pfizer/BioNTech",46409,5,46414
2021-01-09,"Moderna, Pfizer/BioNTech",48438,6,48444
2021-01-10,Pfizer/BioNTech,50208,7,50215
2021-01-11,Pfizer/BioNTech,60064,9,60073
2021-01-12,"Moderna, Pfizer/BioNTech",73523,11,73534
2021-01-13,"Moderna, Pfizer/BioNTech",87070,11,87081
2021-01-14,"Moderna, Pfizer/BioNTech",102320,15,102335
2021-01-15,"Moderna, Pfizer/BioNTech",116344,16,116360
2021-01-16,"Moderna, Pfizer/BioNTech",119747,20,119767
2021-01-17,"Moderna, Pfizer/BioNTech",122364,656,123020
2021-01-18,"Moderna, Pfizer/BioNTech",134855,2483,137338
2021-01-19,"Moderna, Pfizer/BioNTech",147462,5209,152671
2021-01-20,"Moderna, Pfizer/BioNTech",161153,7872,169025
2021-01-21,"Moderna, Pfizer/BioNTech",176805,9618,186423
2021-01-22,"Moderna, Pfizer/BioNTech",191697,10664,202361
2021-01-23,"Moderna, Pfizer/BioNTech",195018,11545,206563
2021-01-24,"Moderna, Pfizer/BioNTech",197273,12413,209686
2021-01-25,"Moderna, Pfizer/BioNTech",206922,15387,222309
2021-01-26,"Moderna, Pfizer/BioNTech",217468,19382,236850
2021-01-27,"Moderna, Pfizer/BioNTech",226497,23920,250417
2021-01-28,"Moderna, Pfizer/BioNTech",233600,30056,263656
2021-01-29,"Moderna, Pfizer/BioNTech",239817,37969,277786
2021-01-30,"Moderna, Pfizer/BioNTech",240558,39057,279615
2021-01-31,"Moderna, Pfizer/BioNTech",241273,40239,281512
2021-02-01,"Moderna, Pfizer/BioNTech",245253,48206,293459
2021-02-02,"Moderna, Pfizer/BioNTech",249401,58446,307847
2021-02-03,"Moderna, Pfizer/BioNTech",253826,69467,323293
2021-02-04,"Moderna, Pfizer/BioNTech",258732,82460,341192
2021-02-05,"Moderna, Pfizer/BioNTech",264200,93134,357334
2021-02-06,"Moderna, Oxford/AstraZeneca, Pfizer/BioNTech",265052,95502,360554
2021-02-07,"Moderna, Oxford/AstraZeneca, Pfizer/BioNTech",265904,98002,363906
2021-02-08,"Moderna, Oxford/AstraZeneca, Pfizer/BioNTech",269992,109435,379427
2021-02-09,"Moderna, Oxford/AstraZeneca, Pfizer/BioNTech",275095,121349,396444
2021-02-10,"Moderna, Oxford/AstraZeneca, Pfizer/BioNTech",280608,134610,415218
2021-02-11,"Moderna, Oxford/AstraZeneca, Pfizer/BioNTech",286947,150830,437777
2021-02-12,"Moderna, Oxford/AstraZeneca, Pfizer/BioNTech",293773,165572,459345
2021-02-13,"Moderna, Oxford/AstraZeneca, Pfizer/BioNTech",295385,168561,463946
2021-02-14,"Moderna, Oxford/AstraZeneca, Pfizer/BioNTech",296388,169947,466335
2021-02-15,"Moderna, Oxford/AstraZeneca, Pfizer/BioNTech",302787,179317,482104
2021-02-16,"Moderna, Oxford/AstraZeneca, Pfizer/BioNTech",311509,188401,499910
2021-02-17,"Moderna, Oxford/AstraZeneca, Pfizer/BioNTech",321208,196708,517916
2021-02-18,"Moderna, Oxford/AstraZeneca, Pfizer/BioNTech",333536,204792,538328
2021-02-19,"Moderna, Oxford/AstraZeneca, Pfizer/BioNTech",345396,212169,557565
2021-02-20,"Moderna, Oxford/AstraZeneca, Pfizer/BioNTech",347399,213355,560754
2021-02-21,"Moderna, Oxford/AstraZeneca, Pfizer/BioNTech",348534,214379,562913
2021-02-22,"Moderna, Oxford/AstraZeneca, Pfizer/BioNTech",358660,220414,579074
2021-02-23,"Moderna, Oxford/AstraZeneca, Pfizer/BioNTech",371621,227402,599023
2021-02-24,"Moderna, Oxford/AstraZeneca, Pfizer/BioNTech",385498,233441,618939
2021-02-25,"Moderna, Oxford/AstraZeneca, Pfizer/BioNTech",403473,238993,642466
2021-02-26,"Moderna, Oxford/AstraZeneca, Pfizer/BioNTech",419649,244347,663996
2021-02-27,"Moderna, Oxford/AstraZeneca, Pfizer/BioNTech",422658,244906,667564
2021-02-28,"Moderna, Oxford/AstraZeneca, Pfizer/BioNTech",425012,245458,670470
2021-03-01,"Moderna, Oxford/AstraZeneca, Pfizer/BioNTech",444608,248908,693516
2021-03-02,"Moderna, Oxford/AstraZeneca, Pfizer/BioNTech",471837,252456,724293
2021-03-03,"Moderna, Oxford/AstraZeneca, Pfizer/BioNTech",502785,256962,759747
2021-03-04,"Moderna, Oxford/AstraZeneca, Pfizer/BioNTech",536073,261651,797724
2021-03-05,"Johnson&Johnson, Moderna, Oxford/AstraZeneca, Pfizer/BioNTech",564917,267076,831993
2021-03-06,"Johnson&Johnson, Moderna, Oxford/AstraZeneca, Pfizer/BioNTech",577069,267937,845006
2021-03-07,"Johnson&Johnson, Moderna, Oxford/AstraZeneca, Pfizer/BioNTech",588612,268779,857391
2021-03-08,"Johnson&Johnson, Moderna, Oxford/AstraZeneca, Pfizer/BioNTech",618363,273636,891999
2021-03-09,"Johnson&Johnson, Moderna, Oxford/AstraZeneca, Pfizer/BioNTech",654721,280021,934742
2021-03-10,"Johnson&Johnson, Moderna, Oxford/AstraZeneca, Pfizer/BioNTech",696044,286981,983025
2021-03-11,"Johnson&Johnson, Moderna, Oxford/AstraZeneca, Pfizer/BioNTech",740889,295354,1036243
2021-03-12,"Johnson&Johnson, Moderna, Oxford/AstraZeneca, Pfizer/BioNTech",779661,303850,1083511
2021-03-13,"Johnson&Johnson, Moderna, Oxford/AstraZeneca, Pfizer/BioNTech",796753,305162,1101915
2021-03-14,"Johnson&Johnson, Moderna, Oxford/AstraZeneca, Pfizer/BioNTech",808871,306316,1115187
2021-03-15,"Johnson&Johnson, Moderna, Oxford/AstraZeneca, Pfizer/BioNTech",837260,315097,1152357
2021-03-16,"Johnson&Johnson, Moderna, Oxford/AstraZeneca, Pfizer/BioNTech",876151,325636,1201787
2021-03-17,"Moderna, Oxford/AstraZeneca, Pfizer/BioNTech",913640,336146,1249786
2021-03-18,"Johnson&Johnson, Moderna, Oxford/AstraZeneca, Pfizer/BioNTech",951643,348562,1300205
2021-03-19,"Moderna, Oxford/AstraZeneca, Pfizer/BioNTech",986150,362173,1348323
2021-03-20,"Johnson&Johnson, Moderna, Oxford/AstraZeneca, Pfizer/BioNTech",1001315,364204,1365519
2021-03-21,"Johnson&Johnson, Moderna, Oxford/AstraZeneca, Pfizer/BioNTech",1008748,365763,1374511
2021-03-22,"Johnson&Johnson, Moderna, Oxford/AstraZeneca, Pfizer/BioNTech",1033330,378268,1411598
2021-03-23,"Johnson&Johnson, Moderna, Oxford/AstraZeneca, Pfizer/BioNTech",1060000,391627,1451627
2021-03-24,"Johnson&Johnson, Moderna, Oxford/AstraZeneca, Pfizer/BioNTech",1086879,407372,1494251
2021-03-25,"Moderna, Oxford/AstraZeneca, Pfizer/BioNTech",1113228,425225,1538453
2021-03-26,"Johnson&Johnson, Moderna, Oxford/AstraZeneca, Pfizer/BioNTech",1138063,442730,1580793
2021-03-27,"Johnson&Johnson, Moderna, Oxford/AstraZeneca, Pfizer/BioNTech",1146510,447576,1594086
2021-03-28,"Moderna, Oxford/AstraZeneca, Pfizer/BioNTech",1152053,451723,1603776
2021-03-29,"Johnson&Johnson, Moderna, Oxford/AstraZeneca, Pfizer/BioNTech",1171193,472462,1643655
2021-03-30,"Johnson&Johnson, Moderna, Oxford/AstraZeneca, Pfizer/BioNTech",1195888,494644,1690532
2021-03-31,"Johnson&Johnson, Moderna, Oxford/AstraZeneca, Pfizer/BioNTech",1219025,521712,1740737
2021-04-01,"Johnson&Johnson, Moderna, Oxford/AstraZeneca, Pfizer/BioNTech",1244688,553774,1798462
2021-04-02,"Johnson&Johnson, Moderna, Oxford/AstraZeneca, Pfizer/BioNTech",1251632,566566,1818198
2021-04-03,"Johnson&Johnson, Moderna, Oxford/AstraZeneca, Pfizer/BioNTech",1255268,577494,1832762
2021-04-04,"Johnson&Johnson, Moderna, Oxford/AstraZeneca, Pfizer/BioNTech",1257796,586416,1844212
2021-04-05,"Johnson&Johnson, Moderna, Oxford/AstraZeneca, Pfizer/BioNTech",1260213,593610,1853823
2021-04-06,"Johnson&Johnson, Moderna, Oxford/AstraZeneca, Pfizer/BioNTech",1276395,622872,1899267
2021-04-07,"Johnson&Johnson, Moderna, Oxford/AstraZeneca, Pfizer/BioNTech",1299856,645108,1944964
2021-04-08,"Johnson&Johnson, Moderna, Oxford/AstraZeneca, Pfizer/BioNTech",1338632,676143,2014775
2021-04-09,"Johnson&Johnson, Moderna, Oxford/AstraZeneca, Pfizer/BioNTech",1378210,706332,2084542
2021-04-10,"Johnson&Johnson, Moderna, Oxford/AstraZeneca, Pfizer/BioNTech",1393748,721633,2115381
2021-04-11,"Johnson&Johnson, Moderna, Oxford/AstraZeneca, Pfizer/BioNTech",1403545,731684,2135229
2021-04-12,"Johnson&Johnson, Moderna, Oxford/AstraZeneca, Pfizer/BioNTech",1441854,756832,2198686
2021-04-13,"Moderna, Oxford/AstraZeneca, Pfizer/BioNTech",1478139,782875,2261014
2021-04-14,"Moderna, Oxford/AstraZeneca, Pfizer/BioNTech",1517003,810244,2327247
2021-04-15,"Moderna, Oxford/AstraZeneca, Pfizer/BioNTech",1564821,836012,2400833
2021-04-16,"Moderna, Oxford/AstraZeneca, Pfizer/BioNTech",1609511,861681,2471192
2021-04-17,"Moderna, Oxford/AstraZeneca, Pfizer/BioNTech",1626214,870709,2496923
2021-04-18,"Moderna, Oxford/AstraZeneca, Pfizer/BioNTech",1639209,875692,2514901
2021-04-19,"Moderna, Oxford/AstraZeneca, Pfizer/BioNTech",1683171,891131,2574302
2021-04-20,"Johnson&Johnson, Moderna, Oxford/AstraZeneca, Pfizer/BioNTech",1725755,907002,2632757
2021-04-21,"Moderna, Oxford/AstraZeneca, Pfizer/BioNTech",1773515,921361,2694876
2021-04-22,"Johnson&Johnson, Moderna, Oxford/AstraZeneca, Pfizer/BioNTech",1828027,938755,2766782
2021-04-23,"Johnson&Johnson, Moderna, Oxford/AstraZeneca, Pfizer/BioNTech",1878025,950813,2828838
2021-04-24,"Johnson&Johnson, Moderna, Oxford/AstraZeneca, Pfizer/BioNTech",1895887,956068,2851955
2021-04-25,"Johnson&Johnson, Moderna, Oxford/AstraZeneca, Pfizer/BioNTech",1910592,960066,2870658
2021-04-26,"Johnson&Johnson, Moderna, Oxford/AstraZeneca, Pfizer/BioNTech",1960191,967621,2927812
2021-04-27,"Johnson&Johnson, Moderna, Oxford/AstraZeneca, Pfizer/BioNTech",2009180,979861,2989041
2021-04-28,"Johnson&Johnson, Moderna, Oxford/AstraZeneca, Pfizer/BioNTech",2067961,993873,3061834
2021-04-29,"Johnson&Johnson, Moderna, Oxford/AstraZeneca, Pfizer/BioNTech",2133560,1009778,3143338
2021-04-30,"Johnson&Johnson, Moderna, Oxford/AstraZeneca, Pfizer/BioNTech",2195835,1019762,3215597
2021-05-01,"Johnson&Johnson, Moderna, Oxford/AstraZeneca, Pfizer/BioNTech",2215197,1023217,3238414
2021-05-02,"Johnson&Johnson, Moderna, Oxford/AstraZeneca, Pfizer/BioNTech",2234134,1025496,3259630
2021-05-03,"Johnson&Johnson, Moderna, Oxford/AstraZeneca, Pfizer/BioNTech",2301414,1030565,3331979
2021-05-04,"Johnson&Johnson, Moderna, Oxford/AstraZeneca, Pfizer/BioNTech",2367957,1038918,3406875
2021-05-05,"Johnson&Johnson, Moderna, Oxford/AstraZeneca, Pfizer/BioNTech",2441157,1048339,3489496
2021-05-06,"Johnson&Johnson, Moderna, Oxford/AstraZeneca, Pfizer/BioNTech",2521584,1059080,3580664
2021-05-07,"Johnson&Johnson, Moderna, Oxford/AstraZeneca, Pfizer/BioNTech",2598905,1069206,3668111
2021-05-08,"Johnson&Johnson, Moderna, Oxford/AstraZeneca, Pfizer/BioNTech",2628398,1070985,3699383
2021-05-09,"Johnson&Johnson, Moderna, Oxford/AstraZeneca, Pfizer/BioNTech",2652629,1072200,3724829
2021-05-10,"Johnson&Johnson, Moderna, Oxford/AstraZeneca, Pfizer/BioNTech",2725434,1079433,3804867
2021-05-11,"Johnson&Johnson, Moderna, Oxford/AstraZeneca, Pfizer/BioNTech",2801569,1088258,3889827
2021-05-12,"Johnson&Johnson, Moderna, Oxford/AstraZeneca, Pfizer/BioNTech",2881495,1097382,3978877
2021-05-13,"Johnson&Johnson, Moderna, Oxford/AstraZeneca, Pfizer/BioNTech",2965536,1106553,4072089
2021-05-14,"Johnson&Johnson, Moderna, Oxford/AstraZeneca, Pfizer/BioNTech",3045043,1114356,4159399
2021-05-15,"Johnson&Johnson, Moderna, Oxford/AstraZeneca, Pfizer/BioNTech",3076979,1116621,4193600
2021-05-16,"Johnson&Johnson, Moderna, Oxford/AstraZeneca, Pfizer/BioNTech",3102785,1117896,4220681
2021-05-17,"Johnson&Johnson, Moderna, Oxford/AstraZeneca, Pfizer/BioNTech",3175332,1124636,4299968
2021-05-18,"Johnson&Johnson, Moderna, Oxford/AstraZeneca, Pfizer/BioNTech",3247294,1137735,4385029
2021-05-19,"Johnson&Johnson, Moderna, Oxford/AstraZeneca, Pfizer/BioNTech",3324777,1152891,4477668
2021-05-20,"Johnson&Johnson, Moderna, Oxford/AstraZeneca, Pfizer/BioNTech",3400265,1179946,4580211
2021-05-21,"Johnson&Johnson, Moderna, Oxford/AstraZeneca, Pfizer/BioNTech",3469085,1207730,4676815
2021-05-22,"Johnson&Johnson, Moderna, Oxford/AstraZeneca, Pfizer/BioNTech",3501511,1218945,4720456
2021-05-23,"Johnson&Johnson, Moderna, Oxford/AstraZeneca, Pfizer/BioNTech",3523920,1227986,4751906
2021-05-24,"Johnson&Johnson, Moderna, Oxford/AstraZeneca, Pfizer/BioNTech",3571078,1261655,4832733
2021-05-25,"Johnson&Johnson, Moderna, Oxford/AstraZeneca, Pfizer/BioNTech",3622965,1297482,4920447
2021-05-26,"Johnson&Johnson, Moderna, Oxford/AstraZeneca, Pfizer/BioNTech",3690746,1335026,5025772
2021-05-27,"Johnson&Johnson, Moderna, Oxford/AstraZeneca, Pfizer/BioNTech",3752172,1382375,5134547
2021-05-28,"Johnson&Johnson, Moderna, Oxford/AstraZeneca, Pfizer/BioNTech",3813900,1428963,5242863
2021-05-29,"Johnson&Johnson, Moderna, Oxford/AstraZeneca, Pfizer/BioNTech",3843133,1446077,5289210
2021-05-30,"Johnson&Johnson, Moderna, Oxford/AstraZeneca, Pfizer/BioNTech",3865533,1460529,5326062
2021-05-31,"Johnson&Johnson, Moderna, Oxford/AstraZeneca, Pfizer/BioNTech",3921286,1508053,5429339
2021-06-01,"Johnson&Johnson, Moderna, Oxford/AstraZeneca, Pfizer/BioNTech",3980357,1556926,5537283
2021-06-02,"Johnson&Johnson, Moderna, Oxford/AstraZeneca, Pfizer/BioNTech",4043303,1610932,5654235
2021-06-03,"Johnson&Johnson, Moderna, Oxford/AstraZeneca, Pfizer/BioNTech",4101553,1671160,5772713
2021-06-04,"Johnson&Johnson, Moderna, Oxford/AstraZeneca, Pfizer/BioNTech",4164675,1728592,5893267
2021-06-05,"Johnson&Johnson, Moderna, Oxford/AstraZeneca, Pfizer/BioNTech",4198845,1747476,5946321
2021-06-06,"Johnson&Johnson, Moderna, Oxford/AstraZeneca, Pfizer/BioNTech",4225786,1762634,5988420
2021-06-07,"Johnson&Johnson, Moderna, Oxford/AstraZeneca, Pfizer/BioNTech",4289474,1818284,6107758
2021-06-08,"Johnson&Johnson, Moderna, Oxford/AstraZeneca, Pfizer/BioNTech",4353462,1873290,6226752
2021-06-09,"Johnson&Johnson, Moderna, Oxford/AstraZeneca, Pfizer/BioNTech",4412664,1937955,6350619
2021-06-10,"Johnson&Johnson, Moderna, Oxford/AstraZeneca, Pfizer/BioNTech",4466521,2009240,6475761
2021-06-11,"Johnson&Johnson, Moderna, Oxford/AstraZeneca, Pfizer/BioNTech",4518625,2079053,6597678
2021-06-12,"Johnson&Johnson, Moderna, Oxford/AstraZeneca, Pfizer/BioNTech",4550643,2099867,6650510
2021-06-13,"Johnson&Johnson, Moderna, Oxford/AstraZeneca, Pfizer/BioNTech",4574678,2118292,6692970
2021-06-14,"Johnson&Johnson, Moderna, Oxford/AstraZeneca, Pfizer/BioNTech",4617763,2192698,6810461
2021-06-15,"Johnson&Johnson, Moderna, Oxford/AstraZeneca, Pfizer/BioNTech",4662435,2265087,6927522
2021-06-16,"Johnson&Johnson, Moderna, Oxford/AstraZeneca, Pfizer/BioNTech",4705211,2343336,7048547
2021-06-17,"Johnson&Johnson, Moderna, Oxford/AstraZeneca, Pfizer/BioNTech",4744617,2426439,7171056
2021-06-18,"Johnson&Johnson, Moderna, Oxford/AstraZeneca, Pfizer/BioNTech",4787046,2507000,7294046
2021-06-19,"Johnson&Johnson, Moderna, Oxford/AstraZeneca, Pfizer/BioNTech",4808814,2536313,7345127
2021-06-20,"Johnson&Johnson, Moderna, Oxford/AstraZeneca, Pfizer/BioNTech",4826203,2560161,7386364
2021-06-21,"Johnson&Johnson, Moderna, Oxford/AstraZeneca, Pfizer/BioNTech",4858702,2638775,7497477
2021-06-22,"Johnson&Johnson, Moderna, Oxford/AstraZeneca, Pfizer/BioNTech",4891648,2721081,7612729
2021-06-23,"Johnson&Johnson, Moderna, Oxford/AstraZeneca, Pfizer/BioNTech",4923316,2806318,7729634
2021-06-24,"Johnson&Johnson, Moderna, Oxford/AstraZeneca, Pfizer/BioNTech",4953158,2896353,7849511
2021-06-25,"Johnson&Johnson, Moderna, Oxford/AstraZeneca, Pfizer/BioNTech",4984225,2982560,7966785
2021-06-26,"Johnson&Johnson, Moderna, Oxford/AstraZeneca, Pfizer/BioNTech",5000113,3017415,8017528
2021-06-27,"Johnson&Johnson, Moderna, Oxford/AstraZeneca, Pfizer/BioNTech",5014067,3044097,8058164
2021-06-28,"Johnson&Johnson, Moderna, Oxford/AstraZeneca, Pfizer/BioNTech",5042478,3129310,8171788
2021-06-29,"Johnson&Johnson, Moderna, Oxford/AstraZeneca, Pfizer/BioNTech",5071755,3215807,8287562
2021-06-30,"Johnson&Johnson, Moderna, Oxford/AstraZeneca, Pfizer/BioNTech",5099246,3306825,8406071
2021-07-01,"Johnson&Johnson, Moderna, Oxford/AstraZeneca, Pfizer/BioNTech",5123216,3396910,8520126
2021-07-02,"Johnson&Johnson, Moderna, Oxford/AstraZeneca, Pfizer/BioNTech",5149929,3482788,8632717
2021-07-03,"Johnson&Johnson, Moderna, Oxford/AstraZeneca, Pfizer/BioNTech",5157018,3514318,8671336
2021-07-04,"Johnson&Johnson, Moderna, Oxford/AstraZeneca, Pfizer/BioNTech",5164579,3536122,8700701
2021-07-05,"Johnson&Johnson, Moderna, Oxford/AstraZeneca, Pfizer/BioNTech",5171961,3561499,8733460
2021-07-06,"Johnson&Johnson, Moderna, Oxford/AstraZeneca, Pfizer/BioNTech",5177387,3589175,8766562
2021-07-07,"Johnson&Johnson, Moderna, Oxford/AstraZeneca, Pfizer/BioNTech",5203184,3668173,8871357
2021-07-08,"Johnson&Johnson, Moderna, Oxford/AstraZeneca, Pfizer/BioNTech",5229785,3738503,8968288
2021-07-09,"Johnson&Johnson, Moderna, Oxford/AstraZeneca, Pfizer/BioNTech",5257707,3807812,9065519
2021-07-10,"Johnson&Johnson, Moderna, Oxford/AstraZeneca, Pfizer/BioNTech",5267065,3836466,9103531
2021-07-11,"Johnson&Johnson, Moderna, Oxford/AstraZeneca, Pfizer/BioNTech",5275599,3859350,9134949
2021-07-12,"Johnson&Johnson, Moderna, Oxford/AstraZeneca, Pfizer/BioNTech",5303106,3928443,9231549
2021-07-13,"Johnson&Johnson, Moderna, Oxford/AstraZeneca, Pfizer/BioNTech",5329293,3998309,9327602
2021-07-14,"Johnson&Johnson, Moderna, Oxford/AstraZeneca, Pfizer/BioNTech",5355105,4070293,9425398
2021-07-15,"Johnson&Johnson, Moderna, Oxford/AstraZeneca, Pfizer/BioNTech",5384260,4136298,9520558
2021-07-16,"Johnson&Johnson, Moderna, Oxford/AstraZeneca, Pfizer/BioNTech",5412177,4209018,9621195
2021-07-17,"Johnson&Johnson, Moderna, Oxford/AstraZeneca, Pfizer/BioNTech",5420951,4240461,9661412
2021-07-18,"Johnson&Johnson, Moderna, Oxford/AstraZeneca, Pfizer/BioNTech",5429391,4266462,9695853
2021-07-19,"Johnson&Johnson, Moderna, Oxford/AstraZeneca, Pfizer/BioNTech",5452735,4333490,9786225
2021-07-20,"Johnson&Johnson, Moderna, Oxford/AstraZeneca, Pfizer/BioNTech",5474117,4400546,9874663
2021-07-21,"Johnson&Johnson, Moderna, Oxford/AstraZeneca, Pfizer/BioNTech",5497565,4463999,9961564
2021-07-22,"Johnson&Johnson, Moderna, Oxford/AstraZeneca, Pfizer/BioNTech",5519923,4522617,10042540
2021-07-23,"Johnson&Johnson, Moderna, Oxford/AstraZeneca, Pfizer/BioNTech",5543130,4577348,10120478
2021-07-24,"Johnson&Johnson, Moderna, Oxford/AstraZeneca, Pfizer/BioNTech",5550452,4605013,10155465
2021-07-25,"Johnson&Johnson, Moderna, Oxford/AstraZeneca, Pfizer/BioNTech",5557069,4627138,10184207
2021-07-26,"Johnson&Johnson, Moderna, Oxford/AstraZeneca, Pfizer/BioNTech",5580614,4675809,10256423
2021-07-27,"Johnson&Johnson, Moderna, Oxford/AstraZeneca, Pfizer/BioNTech",5603337,4722426,10325763
2021-07-28,"Johnson&Johnson, Moderna, Oxford/AstraZeneca, Pfizer/BioNTech",5624583,4768397,10392980
2021-07-29,"Johnson&Johnson, Moderna, Oxford/AstraZeneca, Pfizer/BioNTech",5645899,4810333,10456232
2021-07-30,"Johnson&Johnson, Moderna, Oxford/AstraZeneca, Pfizer/BioNTech",5669170,4852875,10522045
2021-07-31,"Johnson&Johnson, Moderna, Oxford/AstraZeneca, Pfizer/BioNTech",5678091,4872393,10550484
2021-08-01,"Johnson&Johnson, Moderna, Oxford/AstraZeneca, Pfizer/BioNTech",5684813,4888557,10573370
2021-08-02,"Johnson&Johnson, Moderna, Oxford/AstraZeneca, Pfizer/BioNTech",5703442,4926088,10629530
2021-08-03,"Johnson&Johnson, Moderna, Oxford/AstraZeneca, Pfizer/BioNTech",5721067,4964166,10685233
2021-08-04,"Johnson&Johnson, Moderna, Oxford/AstraZeneca, Pfizer/BioNTech",5737164,5000885,10738049
2021-08-05,"Johnson&Johnson, Moderna, Oxford/AstraZeneca, Pfizer/BioNTech",5753200,5041342,10794542
2021-08-06,"Johnson&Johnson, Moderna, Oxford/AstraZeneca, Pfizer/BioNTech",5769978,5084605,10854583
2021-08-07,"Johnson&Johnson, Moderna, Oxford/AstraZeneca, Pfizer/BioNTech",5775573,5102766,10878339
2021-08-08,"Johnson&Johnson, Moderna, Oxford/AstraZeneca, Pfizer/BioNTech",5779930,5118508,10898438
2021-08-09,"Johnson&Johnson, Moderna, Oxford/AstraZeneca, Pfizer/BioNTech",5792565,5163536,10956101
2021-08-10,"Johnson&Johnson, Moderna, Oxford/AstraZeneca, Pfizer/BioNTech",5804402,5203074,11007476
2021-08-11,"Johnson&Johnson, Moderna, Oxford/AstraZeneca, Pfizer/BioNTech",5815760,5246181,11061941
2021-08-12,"Johnson&Johnson, Moderna, Oxford/AstraZeneca, Pfizer/BioNTech",5827177,5283276,11110453
2021-08-13,"Johnson&Johnson, Moderna, Oxford/AstraZeneca, Pfizer/BioNTech",5837895,5323591,11161486
2021-08-14,"Johnson&Johnson, Moderna, Oxford/AstraZeneca, Pfizer/BioNTech",5841230,5334281,11175511
2021-08-15,"Johnson&Johnson, Moderna, Oxford/AstraZeneca, Pfizer/BioNTech",5843813,5344643,11188456
2021-08-16,"Johnson&Johnson, Moderna, Oxford/AstraZeneca, Pfizer/BioNTech",5853602,5378692,11232294
2021-08-17,"Johnson&Johnson, Moderna, Oxford/AstraZeneca, Pfizer/BioNTech",5863195,5405772,11268967
2021-08-18,"Johnson&Johnson, Moderna, Oxford/AstraZeneca, Pfizer/BioNTech",5872565,5444624,11317189
2021-08-19,"Johnson&Johnson, Moderna, Oxford/AstraZeneca, Pfizer/BioNTech",5882230,5482953,11365183
2021-08-20,"Johnson&Johnson, Moderna, Oxford/AstraZeneca, Pfizer/BioNTech",5893615,5523127,11416742
2021-08-21,"Johnson&Johnson, Moderna, Oxford/AstraZeneca, Pfizer/BioNTech",5896334,5535877,11432211
2021-08-22,"Johnson&Johnson, Moderna, Oxford/AstraZeneca, Pfizer/BioNTech",5898673,5547834,11446507
2021-08-23,"Johnson&Johnson, Moderna, Oxford/AstraZeneca, Pfizer/BioNTech",5909201,5587081,11496282
2021-08-24,"Johnson&Johnson, Moderna, Oxford/AstraZeneca, Pfizer/BioNTech",5919068,5620309,11539377
2021-08-25,"Johnson&Johnson, Moderna, Oxford/AstraZeneca, Pfizer/BioNTech",5927934,5648664,11576598
2021-08-26,"Johnson&Johnson, Moderna, Oxford/AstraZeneca, Pfizer/BioNTech",5936378,5674774,11611152
2021-08-27,"Johnson&Johnson, Moderna, Oxford/AstraZeneca, Pfizer/BioNTech",5946697,5700717,11647414
2021-08-28,"Johnson&Johnson, Moderna, Oxford/AstraZeneca, Pfizer/BioNTech",5949423,5707756,11657179
2021-08-29,"Johnson&Johnson, Moderna, Oxford/AstraZeneca, Pfizer/BioNTech",5951832,5714375,11666207
2021-08-30,"Johnson&Johnson, Moderna, Oxford/AstraZeneca, Pfizer/BioNTech",5960359,5736232,11696591
2021-08-31,"Johnson&Johnson, Moderna, Oxford/AstraZeneca, Pfizer/BioNTech",5968033,5754307,11722340
2021-09-01,"Johnson&Johnson, Moderna, Oxford/AstraZeneca, Pfizer/BioNTech",5973923,5768293,11742216
2021-09-02,"Johnson&Johnson, Moderna, Oxford/AstraZeneca, Pfizer/BioNTech",5980759,5782671,11763430
2021-09-03,"Johnson&Johnson, Moderna, Oxford/AstraZeneca, Pfizer/BioNTech",5990317,5798371,11788688
2021-09-04,"Johnson&Johnson, Moderna, Oxford/AstraZeneca, Pfizer/BioNTech",5992385,5801921,11794306
2021-09-05,"Johnson&Johnson, Moderna, Oxford/AstraZeneca, Pfizer/BioNTech",5994423,5804762,11799185
2021-09-06,"Johnson&Johnson, Moderna, Oxford/AstraZeneca, Pfizer/BioNTech",6000659,5817282,11817941
2021-09-07,"Johnson&Johnson, Moderna, Oxford/AstraZeneca, Pfizer/BioNTech",6005051,5828372,11833423
2021-09-08,"Johnson&Johnson, Moderna, Oxford/AstraZeneca, Pfizer/BioNTech",6010719,5838209,11848928
2021-09-09,"Johnson&Johnson, Moderna, Oxford/AstraZeneca, Pfizer/BioNTech",6017403,5848264,11865667
2021-09-10,"Johnson&Johnson, Moderna, Oxford/AstraZeneca, Pfizer/BioNTech",6025089,5860431,11885520
2021-09-11,"Johnson&Johnson, Moderna, Oxford/AstraZeneca, Pfizer/BioNTech",6026952,5862908,11889860
2021-09-12,"Johnson&Johnson, Moderna, Oxford/AstraZeneca, Pfizer/BioNTech",6028065,5864534,11892599
2021-09-13,"Johnson&Johnson, Moderna, Oxford/AstraZeneca, Pfizer/BioNTech",6033495,5874823,11908318
2021-09-14,"Johnson&Johnson, Moderna, Oxford/AstraZeneca, Pfizer/BioNTech",6038881,5883832,11922713
2021-09-15,"Johnson&Johnson, Moderna, Oxford/AstraZeneca, Pfizer/BioNTech",6044076,5892348,11936424
2021-09-16,"Johnson&Johnson, Moderna, Oxford/AstraZeneca, Pfizer/BioNTech",6049418,5900615,11950033
2021-09-17,"Johnson&Johnson, Moderna, Oxford/AstraZeneca, Pfizer/BioNTech",6055987,5910840,11966827
2021-09-18,"Johnson&Johnson, Moderna, Oxford/AstraZeneca, Pfizer/BioNTech",6057710,5913194,11970904
2021-09-19,"Johnson&Johnson, Moderna, Oxford/AstraZeneca, Pfizer/BioNTech",6058651,5914759,11973410
2021-09-20,"Johnson&Johnson, Moderna, Oxford/AstraZeneca, Pfizer/BioNTech",6062666,5922954,11985620
2021-09-21,"Johnson&Johnson, Moderna, Oxford/AstraZeneca, Pfizer/BioNTech",6066892,5930479,11997371
2021-09-22,"Johnson&Johnson, Moderna, Oxford/AstraZeneca, Pfizer/BioNTech",6071073,5935989,12007062
2021-09-23,"Johnson&Johnson, Moderna, Oxford/AstraZeneca, Pfizer/BioNTech",6076046,5942388,12018434
2021-09-24,"Johnson&Johnson, Moderna, Oxford/AstraZeneca, Pfizer/BioNTech",6081806,5952005,12033811
2021-09-25,"Johnson&Johnson, Moderna, Oxford/AstraZeneca, Pfizer/BioNTech",6083300,5954001,12037301
2021-09-26,"Johnson&Johnson, Moderna, Pfizer/BioNTech",6084041,5955638,12039679
2021-09-27,"Johnson&Johnson, Moderna, Oxford/AstraZeneca, Pfizer/BioNTech",6087918,5962143,12050061
2021-09-28,"Johnson&Johnson, Moderna, Pfizer/BioNTech",6088280,5962763,12051043
2021-09-29,"Johnson&Johnson, Moderna, Oxford/AstraZeneca, Pfizer/BioNTech",6092055,5970222,12062277
2021-09-30,"Johnson&Johnson, Moderna, Oxford/AstraZeneca, Pfizer/BioNTech",6096555,5977916,12074471
2021-10-01,"Johnson&Johnson, Moderna, Oxford/AstraZeneca, Pfizer/BioNTech",6100849,5985883,12086732
2021-10-02,"Johnson&Johnson, Moderna, Oxford/AstraZeneca, Pfizer/BioNTech",6101910,5987419,12089329
2021-10-03,"Johnson&Johnson, Moderna, Pfizer/BioNTech",6102632,5988285,12090917
2021-10-04,"Johnson&Johnson, Moderna, Oxford/AstraZeneca, Pfizer/BioNTech",6105706,5993850,12099556
2021-10-05,"Johnson&Johnson, Moderna, Oxford/AstraZeneca, Pfizer/BioNTech",6108864,5998918,12107782
2021-10-06,"Johnson&Johnson, Moderna, Oxford/AstraZeneca, Pfizer/BioNTech",6112374,6004082,12116456
2021-10-07,"Johnson&Johnson, Moderna, Oxford/AstraZeneca, Pfizer/BioNTech",6115644,6009332,12124976
2021-10-08,"Johnson&Johnson, Moderna, Oxford/AstraZeneca, Pfizer/BioNTech",6120435,6015962,12136397
2021-10-09,"Johnson&Johnson, Moderna, Oxford/AstraZeneca, Pfizer/BioNTech",6121678,6017614,12139292
2021-10-10,"Johnson&Johnson, Moderna, Oxford/AstraZeneca, Pfizer/BioNTech",6122618,6018443,12141061
2021-10-11,"Johnson&Johnson, Moderna, Oxford/AstraZeneca, Pfizer/BioNTech",6125548,6022853,12148401
2021-10-12,"Johnson&Johnson, Moderna, Oxford/AstraZeneca, Pfizer/BioNTech",6128473,6026851,12155324
2021-10-13,"Johnson&Johnson, Moderna, Oxford/AstraZeneca, Pfizer/BioNTech",6132005,6031031,12163036
2021-10-14,"Johnson&Johnson, Moderna, Oxford/AstraZeneca, Pfizer/BioNTech",6135681,6035976,12171657
2021-10-15,"Johnson&Johnson, Moderna, Oxford/AstraZeneca, Pfizer/BioNTech",6140907,6042115,12183022
2021-10-16,"Johnson&Johnson, Moderna, Oxford/AstraZeneca, Pfizer/BioNTech",6142320,6043636,12185956
2021-10-17,"Johnson&Johnson, Moderna, Pfizer/BioNTech",6143643,6044689,12188332
2021-10-18,"Johnson&Johnson, Moderna, Oxford/AstraZeneca, Pfizer/BioNTech",6147756,6048780,12196536
2021-10-19,"Johnson&Johnson, Moderna, Oxford/AstraZeneca, Pfizer/BioNTech",6151333,6050872,12202205
2021-10-20,"Johnson&Johnson, Moderna, Oxford/AstraZeneca, Pfizer/BioNTech",6156208,6055317,12211525
2021-10-21,"Johnson&Johnson, Moderna, Oxford/AstraZeneca, Pfizer/BioNTech",6163975,6060914,12224889
2021-10-22,"Johnson&Johnson, Moderna, Oxford/AstraZeneca, Pfizer/BioNTech",6174420,6067414,12241834
2021-10-23,"Johnson&Johnson, Moderna, Oxford/AstraZeneca, Pfizer/BioNTech",6178096,6069622,12247718
2021-10-24,"Johnson&Johnson, Moderna, Pfizer/BioNTech",6180780,6071401,12252181
2021-10-25,"Johnson&Johnson, Moderna, Oxford/AstraZeneca, Pfizer/BioNTech",6191271,6077201,12268472
2021-10-26,"Johnson&Johnson, Moderna, Oxford/AstraZeneca, Pfizer/BioNTech",6203255,6083743,12286998
2021-10-27,"Johnson&Johnson, Moderna, Oxford/AstraZeneca, Pfizer/BioNTech",6217860,6091142,12309002
2021-10-28,"Johnson&Johnson, Moderna, Oxford/AstraZeneca, Pfizer/BioNTech",6221277,6092817,12314094
2021-10-29,"Johnson&Johnson, Moderna, Oxford/AstraZeneca, Pfizer/BioNTech",6235696,6100786,12336482
2021-10-30,"Johnson&Johnson, Moderna, Pfizer/BioNTech",6240226,6103703,12343929
2021-10-31,"Johnson&Johnson, Moderna, Oxford/AstraZeneca, Pfizer/BioNTech",6243988,6106173,12350161
2021-11-01,"Johnson&Johnson, Moderna, Oxford/AstraZeneca, Pfizer/BioNTech",6259187,6113857,12373044
2021-11-02,"Johnson&Johnson, Moderna, Oxford/AstraZeneca, Pfizer/BioNTech",6274635,6121405,12396040
2021-11-03,"Johnson&Johnson, Moderna, Oxford/AstraZeneca, Pfizer/BioNTech",6291811,6128693,12420504
2021-11-04,"Johnson&Johnson, Moderna, Oxford/AstraZeneca, Pfizer/BioNTech",6310161,6136862,12447023
2021-11-05,"Johnson&Johnson, Moderna, Oxford/AstraZeneca, Pfizer/BioNTech",6332961,6148129,12481090
2021-11-06,"Johnson&Johnson, Moderna, Pfizer/BioNTech",6339472,6151179,12490651
2021-11-07,"Johnson&Johnson, Moderna, Pfizer/BioNTech",6343493,6153614,12497107
2021-11-08,"Johnson&Johnson, Moderna, Oxford/AstraZeneca, Pfizer/BioNTech",6359766,6161244,12521010
2021-11-09,"Johnson&Johnson, Moderna, Oxford/AstraZeneca, Pfizer/BioNTech",6374574,6168534,12543108
2021-11-10,"Johnson&Johnson, Moderna, Oxford/AstraZeneca, Pfizer/BioNTech",6390312,6175904,12566216
2021-11-11,"Johnson&Johnson, Moderna, Oxford/AstraZeneca, Pfizer/BioNTech",6405774,6185004,12590778
2021-11-12,"Johnson&Johnson, Moderna, Oxford/AstraZeneca, Pfizer/BioNTech",6425576,6197786,12623362
2021-11-13,"Johnson&Johnson, Moderna, Oxford/AstraZeneca, Pfizer/BioNTech",6430964,6201650,12632614
2021-11-14,"Johnson&Johnson, Moderna, Oxford/AstraZeneca, Pfizer/BioNTech",6434855,6204652,12639507
2021-11-15,"Johnson&Johnson, Moderna, Oxford/AstraZeneca, Pfizer/BioNTech",6449930,6215336,12665266
2021-11-16,"Johnson&Johnson, Moderna, Oxford/AstraZeneca, Pfizer/BioNTech",6467466,6227312,12694778
2021-11-17,"Johnson&Johnson, Moderna, Oxford/AstraZeneca, Pfizer/BioNTech",6471707,6230875,12702582
2021-11-18,"Johnson&Johnson, Moderna, Oxford/AstraZeneca, Pfizer/BioNTech",6491113,6242555,12733668
2021-11-19,"Johnson&Johnson, Moderna, Oxford/AstraZeneca, Pfizer/BioNTech",6515719,6259527,12775246
2021-11-20,"Johnson&Johnson, Moderna, Pfizer/BioNTech",6524291,6264503,12788794
2021-11-21,"Johnson&Johnson, Moderna, Pfizer/BioNTech",6531064,6268274,12799338
2021-11-22,"Johnson&Johnson, Moderna, Oxford/AstraZeneca, Pfizer/BioNTech",6549568,6282379,12831947
2021-11-23,"Johnson&Johnson, Moderna, Oxford/AstraZeneca, Pfizer/BioNTech",6568623,6295633,12864256
2021-11-24,"Johnson&Johnson, Moderna, Oxford/AstraZeneca, Pfizer/BioNTech",6587613,6311467,12899080
2021-11-25,"Johnson&Johnson, Moderna, Oxford/AstraZeneca, Pfizer/BioNTech",6606761,6326486,12933247
2021-11-26,"Johnson&Johnson, Moderna, Oxford/AstraZeneca, Pfizer/BioNTech",6628409,6345612,12974021
2021-11-27,"Johnson&Johnson, Moderna, Pfizer/BioNTech",6635874,6351163,12987037
2021-11-28,"Johnson&Johnson, Moderna, Oxford/AstraZeneca, Pfizer/BioNTech",6639208,6354296,12993504
2021-11-29,"Johnson&Johnson, Moderna, Oxford/AstraZeneca, Pfizer/BioNTech",6654413,6367948,13022361
2021-11-30,"Johnson&Johnson, Moderna, Oxford/AstraZeneca, Pfizer/BioNTech",6667604,6379167,13046771
2021-12-01,"Johnson&Johnson, Moderna, Oxford/AstraZeneca, Pfizer/BioNTech",6681627,6391615,13073242
2021-12-02,"Johnson&Johnson, Moderna, Oxford/AstraZeneca, Pfizer/BioNTech",6692250,6404102,13096352
2021-12-03,"Johnson&Johnson, Moderna, Oxford/AstraZeneca, Pfizer/BioNTech",6701876,6419663,13121539
2021-12-04,"Johnson&Johnson, Moderna, Pfizer/BioNTech",6704434,6423609,13128043
2021-12-05,"Johnson&Johnson, Moderna, Pfizer/BioNTech",6705791,6425948,13131739
2021-12-06,"Johnson&Johnson, Moderna, Oxford/AstraZeneca, Pfizer/BioNTech",6713947,6437466,13151413
2021-12-07,"Johnson&Johnson, Moderna, Oxford/AstraZeneca, Pfizer/BioNTech",6721812,6449458,13171270
2021-12-08,"Johnson&Johnson, Moderna, Oxford/AstraZeneca, Pfizer/BioNTech",6730042,6455375,13185417
2021-12-09,"Johnson&Johnson, Moderna, Oxford/AstraZeneca, Pfizer/BioNTech",6737141,6468179,13205320
2021-12-10,"Johnson&Johnson, Moderna, Oxford/AstraZeneca, Pfizer/BioNTech",6744035,6485971,13230006
2021-12-11,"Johnson&Johnson, Moderna, Pfizer/BioNTech",6745693,6491240,13236933
2021-12-12,"Johnson&Johnson, Moderna, Pfizer/BioNTech",6747000,6495669,13242669
2021-12-13,"Johnson&Johnson, Moderna, Oxford/AstraZeneca, Pfizer/BioNTech",6753345,6508971,13262316
2021-12-14,"Johnson&Johnson, Moderna, Oxford/AstraZeneca, Pfizer/BioNTech",6759544,6522633,13282177
2021-12-15,"Johnson&Johnson, Moderna, Oxford/AstraZeneca, Pfizer/BioNTech",6765723,6536230,13301953
2021-12-16,"Johnson&Johnson, Moderna, Oxford/AstraZeneca, Pfizer/BioNTech",6772638,6551061,13323699
2021-12-17,"Johnson&Johnson, Moderna, Oxford/AstraZeneca, Pfizer/BioNTech",6780955,6568305,13349260
2021-12-18,"Johnson&Johnson, Moderna, Oxford/AstraZeneca, Pfizer/BioNTech",6783551,6573749,13357300
2021-12-19,"Johnson&Johnson, Moderna, Pfizer/BioNTech",6785319,6576250,13361569
2021-12-20,"Johnson&Johnson, Moderna, Oxford/AstraZeneca, Pfizer/BioNTech",6791082,6590275,13381357
2021-12-21,"Johnson&Johnson, Moderna, Oxford/AstraZeneca, Pfizer/BioNTech",6797707,6602255,13399962
2021-12-22,"Johnson&Johnson, Moderna, Oxford/AstraZeneca, Pfizer/BioNTech",6802728,6615287,13418015
2021-12-23,"Johnson&Johnson, Moderna, Oxford/AstraZeneca, Pfizer/BioNTech",6805586,6620878,13426464
2021-12-24,"Johnson&Johnson, Moderna, Pfizer/BioNTech",6805628,6620976,13426604
2021-12-25,"Moderna, Pfizer/BioNTech",6805628,6620983,13426611
2021-12-26,"Moderna, Pfizer/BioNTech",6805726,6621181,13426907
2021-12-27,"Johnson&Johnson, Moderna, Pfizer/BioNTech",6809553,6630898,13440451
2021-12-28,"Johnson&Johnson, Moderna, Pfizer/BioNTech",6814768,6638841,13453609
2021-12-29,"Johnson&Johnson, Moderna, Oxford/AstraZeneca, Pfizer/BioNTech",6819040,6646539,13465579
2021-12-30,"Johnson&Johnson, Moderna, Pfizer/BioNTech",6823334,6651949,13475283
2021-12-31,"Johnson&Johnson, Moderna, Pfizer/BioNTech",6823837,6653361,13477198
2022-01-01,"Johnson&Johnson, Moderna, Pfizer/BioNTech",6823838,6653379,13477217
2022-01-02,"Johnson&Johnson, Moderna, Pfizer/BioNTech",6824688,6654758,13479446
2022-01-03,"Johnson&Johnson, Moderna, Oxford/AstraZeneca, Pfizer/BioNTech",6828640,6663618,13492258
2022-01-04,"Johnson&Johnson, Moderna, Oxford/AstraZeneca, Pfizer/BioNTech",6833723,6671366,13505089
2022-01-05,"Johnson&Johnson, Moderna, Oxford/AstraZeneca, Pfizer/BioNTech",6839499,6679266,13518765
2022-01-06,"Johnson&Johnson, Moderna, Oxford/AstraZeneca, Pfizer/BioNTech",6846072,6687635,13533707
2022-01-07,"Johnson&Johnson, Moderna, Oxford/AstraZeneca, Pfizer/BioNTech",6853898,6697891,13551789
2022-01-08,"Johnson&Johnson, Moderna, Oxford/AstraZeneca, Pfizer/BioNTech",6856370,6700662,13557032
2022-01-09,"Johnson&Johnson, Moderna, Pfizer/BioNTech",6857454,6702361,13559815
2022-01-10,"Johnson&Johnson, Moderna, Oxford/AstraZeneca, Pfizer/BioNTech",6861863,6708436,13570299
2022-01-11,"Johnson&Johnson, Moderna, Oxford/AstraZeneca, Pfizer/BioNTech",6867097,6715099,13582196
2022-01-12,"Johnson&Johnson, Moderna, Oxford/AstraZeneca, Pfizer/BioNTech",6872950,6720608,13593558
2022-01-13,"Johnson&Johnson, Moderna, Oxford/AstraZeneca, Pfizer/BioNTech",6878320,6724873,13603193
