date,vaccine,people_vaccinated,people_fully_vaccinated,total_vaccinations
2020-12-27,Pfizer/BioNTech,1287,0,1287
2020-12-28,Pfizer/BioNTech,3590,0,3590
2020-12-29,Pfizer/BioNTech,7061,1,7062
2020-12-30,Pfizer/BioNTech,10581,1,10582
2020-12-31,Pfizer/BioNTech,11892,1,11893
2021-01-01,"Moderna, Pfizer/BioNTech",12162,1,12163
2021-01-02,"Moderna, Pfizer/BioNTech",13444,1,13445
2021-01-03,"Moderna, Pfizer/BioNTech",14370,1,14371
2021-01-04,"Moderna, Pfizer/BioNTech",17984,1,17985
2021-01-05,"Moderna, Pfizer/BioNTech",22511,2,22513
2021-01-06,"Moderna, Pfizer/BioNTech",28359,3,28362
2021-01-07,"Moderna, Pfizer/BioNTech",36360,3,36363
2021-01-08,"Moderna, Pfizer/BioNTech",46415,4,46419
2021-01-09,"Moderna, Pfizer/BioNTech",48443,6,48449
2021-01-10,Pfizer/BioNTech,50214,8,50222
2021-01-11,"Moderna, Pfizer/BioNTech",60074,10,60084
2021-01-12,"Moderna, Pfizer/BioNTech",73531,12,73543
2021-01-13,"Moderna, Pfizer/BioNTech",87081,12,87093
2021-01-14,"Moderna, Pfizer/BioNTech",102339,16,102355
2021-01-15,"Moderna, Pfizer/BioNTech",116363,17,116380
2021-01-16,"Moderna, Pfizer/BioNTech",119767,21,119788
2021-01-17,"Moderna, Pfizer/BioNTech",122388,657,123045
2021-01-18,"Moderna, Pfizer/BioNTech",134883,2484,137367
2021-01-19,"Moderna, Pfizer/BioNTech",147497,5213,152710
2021-01-20,"Moderna, Pfizer/BioNTech",161194,7877,169071
2021-01-21,"Moderna, Pfizer/BioNTech",176851,9618,186469
2021-01-22,"Moderna, Pfizer/BioNTech",191746,10664,202410
2021-01-23,"Moderna, Pfizer/BioNTech",195066,11543,206609
2021-01-24,"Moderna, Pfizer/BioNTech",197322,12413,209735
2021-01-25,"Moderna, Pfizer/BioNTech",206977,15387,222364
2021-01-26,"Moderna, Pfizer/BioNTech",217526,19379,236905
2021-01-27,"Moderna, Pfizer/BioNTech",226559,23915,250474
2021-01-28,"Moderna, Pfizer/BioNTech",233662,30050,263712
2021-01-29,"Moderna, Pfizer/BioNTech",239881,37960,277841
2021-01-30,"Moderna, Pfizer/BioNTech",240622,39048,279670
2021-01-31,"Moderna, Pfizer/BioNTech",241340,40230,281570
2021-02-01,"Moderna, Pfizer/BioNTech",245322,48200,293522
2021-02-02,"Moderna, Pfizer/BioNTech",249476,58440,307916
2021-02-03,"Moderna, Pfizer/BioNTech",253903,69464,323367
2021-02-04,"Moderna, Pfizer/BioNTech",258811,82460,341271
2021-02-05,"Moderna, Pfizer/BioNTech",264285,93137,357422
2021-02-06,"Moderna, Oxford/AstraZeneca, Pfizer/BioNTech",265142,95504,360646
2021-02-07,"Moderna, Oxford/AstraZeneca, Pfizer/BioNTech",265994,98004,363998
2021-02-08,"Moderna, Oxford/AstraZeneca, Pfizer/BioNTech",270089,109438,379527
2021-02-09,"Moderna, Oxford/AstraZeneca, Pfizer/BioNTech",275197,121355,396552
2021-02-10,"Moderna, Oxford/AstraZeneca, Pfizer/BioNTech",280714,134618,415332
2021-02-11,"Moderna, Oxford/AstraZeneca, Pfizer/BioNTech",287055,150841,437896
2021-02-12,"Moderna, Oxford/AstraZeneca, Pfizer/BioNTech",293885,165590,459475
2021-02-13,"Moderna, Oxford/AstraZeneca, Pfizer/BioNTech",295500,168579,464079
2021-02-14,"Moderna, Oxford/AstraZeneca, Pfizer/BioNTech",296506,169965,466471
2021-02-15,"Moderna, Oxford/AstraZeneca, Pfizer/BioNTech",302905,179336,482241
2021-02-16,"Moderna, Oxford/AstraZeneca, Pfizer/BioNTech",311628,188420,500048
2021-02-17,"Moderna, Oxford/AstraZeneca, Pfizer/BioNTech",321331,196730,518061
2021-02-18,"Moderna, Oxford/AstraZeneca, Pfizer/BioNTech",333661,204814,538475
2021-02-19,"Moderna, Oxford/AstraZeneca, Pfizer/BioNTech",345527,212193,557720
2021-02-20,"Moderna, Oxford/AstraZeneca, Pfizer/BioNTech",347537,213379,560916
2021-02-21,"Moderna, Oxford/AstraZeneca, Pfizer/BioNTech",348674,214405,563079
2021-02-22,"Moderna, Oxford/AstraZeneca, Pfizer/BioNTech",358801,220443,579244
2021-02-23,"Moderna, Oxford/AstraZeneca, Pfizer/BioNTech",371766,227435,599201
2021-02-24,"Moderna, Oxford/AstraZeneca, Pfizer/BioNTech",385650,233478,619128
2021-02-25,"Moderna, Oxford/AstraZeneca, Pfizer/BioNTech",403634,239030,642664
2021-02-26,"Moderna, Oxford/AstraZeneca, Pfizer/BioNTech",419814,244392,664206
2021-02-27,"Moderna, Oxford/AstraZeneca, Pfizer/BioNTech",422825,244952,667777
2021-02-28,"Moderna, Oxford/AstraZeneca, Pfizer/BioNTech",425183,245504,670687
2021-03-01,"Moderna, Oxford/AstraZeneca, Pfizer/BioNTech",444785,248955,693740
2021-03-02,"Moderna, Oxford/AstraZeneca, Pfizer/BioNTech",472014,252505,724519
2021-03-03,"Moderna, Oxford/AstraZeneca, Pfizer/BioNTech",502975,257016,759991
2021-03-04,"Moderna, Oxford/AstraZeneca, Pfizer/BioNTech",536267,261706,797973
2021-03-05,"Johnson&Johnson, Moderna, Oxford/AstraZeneca, Pfizer/BioNTech",565116,267134,832250
2021-03-06,"Johnson&Johnson, Moderna, Oxford/AstraZeneca, Pfizer/BioNTech",577274,267999,845273
2021-03-07,"Johnson&Johnson, Moderna, Oxford/AstraZeneca, Pfizer/BioNTech",588823,268842,857665
2021-03-08,"Johnson&Johnson, Moderna, Oxford/AstraZeneca, Pfizer/BioNTech",618573,273705,892278
2021-03-09,"Johnson&Johnson, Moderna, Oxford/AstraZeneca, Pfizer/BioNTech",654944,280092,935036
2021-03-10,"Johnson&Johnson, Moderna, Oxford/AstraZeneca, Pfizer/BioNTech",696281,287053,983334
2021-03-11,"Johnson&Johnson, Moderna, Oxford/AstraZeneca, Pfizer/BioNTech",741137,295428,1036565
2021-03-12,"Johnson&Johnson, Moderna, Oxford/AstraZeneca, Pfizer/BioNTech",779905,303925,1083830
2021-03-13,"Johnson&Johnson, Moderna, Oxford/AstraZeneca, Pfizer/BioNTech",797015,305240,1102255
2021-03-14,"Johnson&Johnson, Moderna, Oxford/AstraZeneca, Pfizer/BioNTech",809134,306396,1115530
2021-03-15,"Johnson&Johnson, Moderna, Oxford/AstraZeneca, Pfizer/BioNTech",837532,315179,1152711
2021-03-16,"Johnson&Johnson, Moderna, Oxford/AstraZeneca, Pfizer/BioNTech",876428,325717,1202145
2021-03-17,"Moderna, Oxford/AstraZeneca, Pfizer/BioNTech",913919,336230,1250149
2021-03-18,"Johnson&Johnson, Moderna, Oxford/AstraZeneca, Pfizer/BioNTech",951923,348655,1300578
2021-03-19,"Moderna, Oxford/AstraZeneca, Pfizer/BioNTech",986440,362269,1348709
2021-03-20,"Johnson&Johnson, Moderna, Oxford/AstraZeneca, Pfizer/BioNTech",1001622,364301,1365923
2021-03-21,"Johnson&Johnson, Moderna, Oxford/AstraZeneca, Pfizer/BioNTech",1009065,365861,1374926
2021-03-22,"Johnson&Johnson, Moderna, Oxford/AstraZeneca, Pfizer/BioNTech",1033643,378365,1412008
2021-03-23,"Johnson&Johnson, Moderna, Oxford/AstraZeneca, Pfizer/BioNTech",1060321,391731,1452052
2021-03-24,"Johnson&Johnson, Moderna, Oxford/AstraZeneca, Pfizer/BioNTech",1087209,407480,1494689
2021-03-25,"Johnson&Johnson, Moderna, Oxford/AstraZeneca, Pfizer/BioNTech",1113565,425336,1538901
2021-03-26,"Johnson&Johnson, Moderna, Oxford/AstraZeneca, Pfizer/BioNTech",1138407,442848,1581255
2021-03-27,"Johnson&Johnson, Moderna, Oxford/AstraZeneca, Pfizer/BioNTech",1146866,447694,1594560
2021-03-28,"Moderna, Oxford/AstraZeneca, Pfizer/BioNTech",1152414,451842,1604256
2021-03-29,"Johnson&Johnson, Moderna, Oxford/AstraZeneca, Pfizer/BioNTech",1171572,472580,1644152
2021-03-30,"Johnson&Johnson, Moderna, Oxford/AstraZeneca, Pfizer/BioNTech",1196282,494767,1691049
2021-03-31,"Johnson&Johnson, Moderna, Oxford/AstraZeneca, Pfizer/BioNTech",1219439,521837,1741276
2021-04-01,"Johnson&Johnson, Moderna, Oxford/AstraZeneca, Pfizer/BioNTech",1245125,553898,1799023
2021-04-02,"Johnson&Johnson, Moderna, Oxford/AstraZeneca, Pfizer/BioNTech",1252103,566700,1818803
2021-04-03,"Johnson&Johnson, Moderna, Oxford/AstraZeneca, Pfizer/BioNTech",1255753,577631,1833384
2021-04-04,"Johnson&Johnson, Moderna, Oxford/AstraZeneca, Pfizer/BioNTech",1258294,586556,1844850
2021-04-05,"Johnson&Johnson, Moderna, Oxford/AstraZeneca, Pfizer/BioNTech",1260723,593760,1854483
2021-04-06,"Johnson&Johnson, Moderna, Oxford/AstraZeneca, Pfizer/BioNTech",1276939,623037,1899976
2021-04-07,"Johnson&Johnson, Moderna, Oxford/AstraZeneca, Pfizer/BioNTech",1300444,645282,1945726
2021-04-08,"Johnson&Johnson, Moderna, Oxford/AstraZeneca, Pfizer/BioNTech",1339253,676328,2015581
2021-04-09,"Johnson&Johnson, Moderna, Oxford/AstraZeneca, Pfizer/BioNTech",1378849,706525,2085374
2021-04-10,"Johnson&Johnson, Moderna, Oxford/AstraZeneca, Pfizer/BioNTech",1394415,721838,2116253
2021-04-11,"Johnson&Johnson, Moderna, Oxford/AstraZeneca, Pfizer/BioNTech",1404210,731894,2136104
2021-04-12,"Johnson&Johnson, Moderna, Oxford/AstraZeneca, Pfizer/BioNTech",1442533,757041,2199574
2021-04-13,"Moderna, Oxford/AstraZeneca, Pfizer/BioNTech",1478838,783083,2261921
2021-04-14,"Moderna, Oxford/AstraZeneca, Pfizer/BioNTech",1517722,810458,2328180
2021-04-15,"Moderna, Oxford/AstraZeneca, Pfizer/BioNTech",1565555,836238,2401793
2021-04-16,"Moderna, Oxford/AstraZeneca, Pfizer/BioNTech",1610267,861925,2472192
2021-04-17,"Moderna, Oxford/AstraZeneca, Pfizer/BioNTech",1626992,870952,2497944
2021-04-18,"Moderna, Oxford/AstraZeneca, Pfizer/BioNTech",1639991,875938,2515929
2021-04-19,"Johnson&Johnson, Moderna, Oxford/AstraZeneca, Pfizer/BioNTech",1683965,891381,2575346
2021-04-20,"Johnson&Johnson, Moderna, Oxford/AstraZeneca, Pfizer/BioNTech",1726554,907272,2633826
2021-04-21,"Moderna, Oxford/AstraZeneca, Pfizer/BioNTech",1774327,921640,2695967
2021-04-22,"Johnson&Johnson, Moderna, Oxford/AstraZeneca, Pfizer/BioNTech",1828855,939039,2767894
2021-04-23,"Johnson&Johnson, Moderna, Oxford/AstraZeneca, Pfizer/BioNTech",1878873,951105,2829978
2021-04-24,"Johnson&Johnson, Moderna, Oxford/AstraZeneca, Pfizer/BioNTech",1896750,956371,2853121
2021-04-25,"Johnson&Johnson, Moderna, Oxford/AstraZeneca, Pfizer/BioNTech",1911461,960374,2871835
2021-04-26,"Johnson&Johnson, Moderna, Oxford/AstraZeneca, Pfizer/BioNTech",1961071,967943,2929014
2021-04-27,"Johnson&Johnson, Moderna, Oxford/AstraZeneca, Pfizer/BioNTech",2010064,980194,2990258
2021-04-28,"Johnson&Johnson, Moderna, Oxford/AstraZeneca, Pfizer/BioNTech",2068847,994223,3063070
2021-04-29,"Johnson&Johnson, Moderna, Oxford/AstraZeneca, Pfizer/BioNTech",2134467,1010142,3144609
2021-04-30,"Johnson&Johnson, Moderna, Oxford/AstraZeneca, Pfizer/BioNTech",2196764,1020138,3216902
2021-05-01,"Johnson&Johnson, Moderna, Oxford/AstraZeneca, Pfizer/BioNTech",2216150,1023601,3239751
2021-05-02,"Johnson&Johnson, Moderna, Oxford/AstraZeneca, Pfizer/BioNTech",2235103,1025890,3260993
2021-05-03,"Johnson&Johnson, Moderna, Oxford/AstraZeneca, Pfizer/BioNTech",2302383,1030972,3333355
2021-05-04,"Johnson&Johnson, Moderna, Oxford/AstraZeneca, Pfizer/BioNTech",2368940,1039348,3408288
2021-05-05,"Johnson&Johnson, Moderna, Oxford/AstraZeneca, Pfizer/BioNTech",2442151,1048795,3490946
2021-05-06,"Johnson&Johnson, Moderna, Oxford/AstraZeneca, Pfizer/BioNTech",2522600,1059551,3582151
2021-05-07,"Johnson&Johnson, Moderna, Oxford/AstraZeneca, Pfizer/BioNTech",2599934,1069695,3669629
2021-05-08,"Johnson&Johnson, Moderna, Oxford/AstraZeneca, Pfizer/BioNTech",2629467,1071485,3700952
2021-05-09,"Johnson&Johnson, Moderna, Oxford/AstraZeneca, Pfizer/BioNTech",2653702,1072705,3726407
2021-05-10,"Johnson&Johnson, Moderna, Oxford/AstraZeneca, Pfizer/BioNTech",2726509,1079955,3806464
2021-05-11,"Johnson&Johnson, Moderna, Oxford/AstraZeneca, Pfizer/BioNTech",2802664,1088790,3891454
2021-05-12,"Johnson&Johnson, Moderna, Oxford/AstraZeneca, Pfizer/BioNTech",2882615,1097936,3980551
2021-05-13,"Johnson&Johnson, Moderna, Oxford/AstraZeneca, Pfizer/BioNTech",2966671,1107128,4073799
2021-05-14,"Johnson&Johnson, Moderna, Oxford/AstraZeneca, Pfizer/BioNTech",3046220,1114959,4161179
2021-05-15,"Johnson&Johnson, Moderna, Oxford/AstraZeneca, Pfizer/BioNTech",3078187,1117244,4195431
2021-05-16,"Johnson&Johnson, Moderna, Oxford/AstraZeneca, Pfizer/BioNTech",3103998,1118529,4222527
2021-05-17,"Johnson&Johnson, Moderna, Oxford/AstraZeneca, Pfizer/BioNTech",3176543,1125286,4301829
2021-05-18,"Johnson&Johnson, Moderna, Oxford/AstraZeneca, Pfizer/BioNTech",3248530,1138408,4386938
2021-05-19,"Johnson&Johnson, Moderna, Oxford/AstraZeneca, Pfizer/BioNTech",3326031,1153583,4479614
2021-05-20,"Johnson&Johnson, Moderna, Oxford/AstraZeneca, Pfizer/BioNTech",3401522,1180653,4582175
2021-05-21,"Johnson&Johnson, Moderna, Oxford/AstraZeneca, Pfizer/BioNTech",3470377,1208466,4678843
2021-05-22,"Johnson&Johnson, Moderna, Oxford/AstraZeneca, Pfizer/BioNTech",3502834,1219708,4722542
2021-05-23,"Johnson&Johnson, Moderna, Oxford/AstraZeneca, Pfizer/BioNTech",3525284,1228751,4754035
2021-05-24,"Johnson&Johnson, Moderna, Oxford/AstraZeneca, Pfizer/BioNTech",3572498,1262431,4834929
2021-05-25,"Johnson&Johnson, Moderna, Oxford/AstraZeneca, Pfizer/BioNTech",3624413,1298278,4922691
2021-05-26,"Johnson&Johnson, Moderna, Oxford/AstraZeneca, Pfizer/BioNTech",3692178,1335840,5028018
2021-05-27,"Johnson&Johnson, Moderna, Oxford/AstraZeneca, Pfizer/BioNTech",3753615,1383208,5136823
2021-05-28,"Johnson&Johnson, Moderna, Oxford/AstraZeneca, Pfizer/BioNTech",3815369,1429824,5245193
2021-05-29,"Johnson&Johnson, Moderna, Oxford/AstraZeneca, Pfizer/BioNTech",3844634,1446969,5291603
2021-05-30,"Johnson&Johnson, Moderna, Oxford/AstraZeneca, Pfizer/BioNTech",3867041,1461438,5328479
2021-05-31,"Johnson&Johnson, Moderna, Oxford/AstraZeneca, Pfizer/BioNTech",3922793,1508975,5431768
2021-06-01,"Johnson&Johnson, Moderna, Oxford/AstraZeneca, Pfizer/BioNTech",3981899,1557864,5539763
2021-06-02,"Johnson&Johnson, Moderna, Oxford/AstraZeneca, Pfizer/BioNTech",4044870,1611902,5656772
2021-06-03,"Johnson&Johnson, Moderna, Oxford/AstraZeneca, Pfizer/BioNTech",4103122,1672150,5775272
2021-06-04,"Johnson&Johnson, Moderna, Oxford/AstraZeneca, Pfizer/BioNTech",4166255,1729592,5895847
2021-06-05,"Johnson&Johnson, Moderna, Oxford/AstraZeneca, Pfizer/BioNTech",4200441,1748519,5948960
2021-06-06,"Johnson&Johnson, Moderna, Oxford/AstraZeneca, Pfizer/BioNTech",4227401,1763695,5991096
2021-06-07,"Johnson&Johnson, Moderna, Oxford/AstraZeneca, Pfizer/BioNTech",4291101,1819350,6110451
2021-06-08,"Johnson&Johnson, Moderna, Oxford/AstraZeneca, Pfizer/BioNTech",4355120,1874388,6229508
2021-06-09,"Johnson&Johnson, Moderna, Oxford/AstraZeneca, Pfizer/BioNTech",4414341,1939092,6353433
2021-06-10,"Johnson&Johnson, Moderna, Oxford/AstraZeneca, Pfizer/BioNTech",4468206,2010421,6478627
2021-06-11,"Johnson&Johnson, Moderna, Oxford/AstraZeneca, Pfizer/BioNTech",4520338,2080280,6600618
2021-06-12,"Johnson&Johnson, Moderna, Oxford/AstraZeneca, Pfizer/BioNTech",4552357,2101137,6653494
2021-06-13,"Johnson&Johnson, Moderna, Oxford/AstraZeneca, Pfizer/BioNTech",4576403,2119582,6695985
2021-06-14,"Johnson&Johnson, Moderna, Oxford/AstraZeneca, Pfizer/BioNTech",4619492,2193999,6813491
2021-06-15,"Johnson&Johnson, Moderna, Oxford/AstraZeneca, Pfizer/BioNTech",4664170,2266412,6930582
2021-06-16,"Johnson&Johnson, Moderna, Oxford/AstraZeneca, Pfizer/BioNTech",4706992,2344675,7051667
2021-06-17,"Johnson&Johnson, Moderna, Oxford/AstraZeneca, Pfizer/BioNTech",4746430,2427799,7174229
2021-06-18,"Johnson&Johnson, Moderna, Oxford/AstraZeneca, Pfizer/BioNTech",4788879,2508408,7297287
2021-06-19,"Johnson&Johnson, Moderna, Oxford/AstraZeneca, Pfizer/BioNTech",4810668,2537754,7348422
2021-06-20,"Johnson&Johnson, Moderna, Oxford/AstraZeneca, Pfizer/BioNTech",4828079,2561629,7389708
2021-06-21,"Johnson&Johnson, Moderna, Oxford/AstraZeneca, Pfizer/BioNTech",4860594,2640270,7500864
2021-06-22,"Johnson&Johnson, Moderna, Oxford/AstraZeneca, Pfizer/BioNTech",4893570,2722620,7616190
2021-06-23,"Johnson&Johnson, Moderna, Oxford/AstraZeneca, Pfizer/BioNTech",4925286,2807887,7733173
2021-06-24,"Johnson&Johnson, Moderna, Oxford/AstraZeneca, Pfizer/BioNTech",4955154,2897963,7853117
2021-06-25,"Johnson&Johnson, Moderna, Oxford/AstraZeneca, Pfizer/BioNTech",4986246,2984212,7970458
2021-06-26,"Johnson&Johnson, Moderna, Oxford/AstraZeneca, Pfizer/BioNTech",5002150,3019099,8021249
2021-06-27,"Johnson&Johnson, Moderna, Oxford/AstraZeneca, Pfizer/BioNTech",5016112,3045819,8061931
2021-06-28,"Johnson&Johnson, Moderna, Oxford/AstraZeneca, Pfizer/BioNTech",5044534,3131055,8175589
2021-06-29,"Johnson&Johnson, Moderna, Oxford/AstraZeneca, Pfizer/BioNTech",5073823,3217618,8291441
2021-06-30,"Johnson&Johnson, Moderna, Oxford/AstraZeneca, Pfizer/BioNTech",5101332,3308671,8410003
2021-07-01,"Johnson&Johnson, Moderna, Oxford/AstraZeneca, Pfizer/BioNTech",5125323,3398780,8524103
2021-07-02,"Johnson&Johnson, Moderna, Oxford/AstraZeneca, Pfizer/BioNTech",5152073,3484715,8636788
2021-07-03,"Johnson&Johnson, Moderna, Oxford/AstraZeneca, Pfizer/BioNTech",5159175,3516292,8675467
2021-07-04,"Johnson&Johnson, Moderna, Oxford/AstraZeneca, Pfizer/BioNTech",5166761,3538119,8704880
2021-07-05,"Johnson&Johnson, Moderna, Oxford/AstraZeneca, Pfizer/BioNTech",5174179,3563534,8737713
2021-07-06,"Johnson&Johnson, Moderna, Oxford/AstraZeneca, Pfizer/BioNTech",5179648,3591267,8770915
2021-07-07,"Johnson&Johnson, Moderna, Oxford/AstraZeneca, Pfizer/BioNTech",5205483,3670266,8875749
2021-07-08,"Johnson&Johnson, Moderna, Oxford/AstraZeneca, Pfizer/BioNTech",5232099,3740615,8972714
2021-07-09,"Johnson&Johnson, Moderna, Oxford/AstraZeneca, Pfizer/BioNTech",5260049,3809956,9070005
2021-07-10,"Johnson&Johnson, Moderna, Oxford/AstraZeneca, Pfizer/BioNTech",5269432,3838634,9108066
2021-07-11,"Johnson&Johnson, Moderna, Oxford/AstraZeneca, Pfizer/BioNTech",5277985,3861526,9139511
2021-07-12,"Johnson&Johnson, Moderna, Oxford/AstraZeneca, Pfizer/BioNTech",5305523,3930624,9236147
2021-07-13,"Johnson&Johnson, Moderna, Oxford/AstraZeneca, Pfizer/BioNTech",5331727,4000527,9332254
2021-07-14,"Johnson&Johnson, Moderna, Oxford/AstraZeneca, Pfizer/BioNTech",5357564,4072545,9430109
2021-07-15,"Johnson&Johnson, Moderna, Oxford/AstraZeneca, Pfizer/BioNTech",5386756,4138586,9525342
2021-07-16,"Johnson&Johnson, Moderna, Oxford/AstraZeneca, Pfizer/BioNTech",5414689,4211344,9626033
2021-07-17,"Johnson&Johnson, Moderna, Oxford/AstraZeneca, Pfizer/BioNTech",5423491,4242825,9666316
2021-07-18,"Johnson&Johnson, Moderna, Oxford/AstraZeneca, Pfizer/BioNTech",5431937,4268838,9700775
2021-07-19,"Johnson&Johnson, Moderna, Oxford/AstraZeneca, Pfizer/BioNTech",5455312,4335886,9791198
2021-07-20,"Johnson&Johnson, Moderna, Oxford/AstraZeneca, Pfizer/BioNTech",5476723,4402967,9879690
2021-07-21,"Johnson&Johnson, Moderna, Oxford/AstraZeneca, Pfizer/BioNTech",5500183,4466445,9966628
2021-07-22,"Johnson&Johnson, Moderna, Oxford/AstraZeneca, Pfizer/BioNTech",5522553,4525092,10047645
2021-07-23,"Johnson&Johnson, Moderna, Oxford/AstraZeneca, Pfizer/BioNTech",5545785,4579865,10125650
2021-07-24,"Johnson&Johnson, Moderna, Oxford/AstraZeneca, Pfizer/BioNTech",5553132,4607547,10160679
2021-07-25,"Johnson&Johnson, Moderna, Oxford/AstraZeneca, Pfizer/BioNTech",5559767,4629688,10189455
2021-07-26,"Johnson&Johnson, Moderna, Oxford/AstraZeneca, Pfizer/BioNTech",5583323,4678388,10261711
2021-07-27,"Johnson&Johnson, Moderna, Oxford/AstraZeneca, Pfizer/BioNTech",5606074,4725055,10331129
2021-07-28,"Johnson&Johnson, Moderna, Oxford/AstraZeneca, Pfizer/BioNTech",5627354,4771088,10398442
2021-07-29,"Johnson&Johnson, Moderna, Oxford/AstraZeneca, Pfizer/BioNTech",5648691,4813082,10461773
2021-07-30,"Johnson&Johnson, Moderna, Oxford/AstraZeneca, Pfizer/BioNTech",5671976,4855673,10527649
2021-07-31,"Johnson&Johnson, Moderna, Oxford/AstraZeneca, Pfizer/BioNTech",5680924,4875216,10556140
2021-08-01,"Johnson&Johnson, Moderna, Oxford/AstraZeneca, Pfizer/BioNTech",5687656,4891400,10579056
2021-08-02,"Johnson&Johnson, Moderna, Oxford/AstraZeneca, Pfizer/BioNTech",5706302,4928975,10635277
2021-08-03,"Johnson&Johnson, Moderna, Oxford/AstraZeneca, Pfizer/BioNTech",5723954,4967097,10691051
2021-08-04,"Johnson&Johnson, Moderna, Oxford/AstraZeneca, Pfizer/BioNTech",5740078,5003879,10743957
2021-08-05,"Johnson&Johnson, Moderna, Oxford/AstraZeneca, Pfizer/BioNTech",5756122,5044387,10800509
2021-08-06,"Johnson&Johnson, Moderna, Oxford/AstraZeneca, Pfizer/BioNTech",5772922,5087700,10860622
2021-08-07,"Johnson&Johnson, Moderna, Oxford/AstraZeneca, Pfizer/BioNTech",5778528,5105884,10884412
2021-08-08,"Johnson&Johnson, Moderna, Oxford/AstraZeneca, Pfizer/BioNTech",5782896,5121649,10904545
2021-08-09,"Johnson&Johnson, Moderna, Oxford/AstraZeneca, Pfizer/BioNTech",5795539,5166726,10962265
2021-08-10,"Johnson&Johnson, Moderna, Oxford/AstraZeneca, Pfizer/BioNTech",5807386,5206316,11013702
2021-08-11,"Johnson&Johnson, Moderna, Oxford/AstraZeneca, Pfizer/BioNTech",5818749,5249463,11068212
2021-08-12,"Johnson&Johnson, Moderna, Oxford/AstraZeneca, Pfizer/BioNTech",5830176,5286616,11116792
2021-08-13,"Johnson&Johnson, Moderna, Oxford/AstraZeneca, Pfizer/BioNTech",5840905,5326975,11167880
2021-08-14,"Johnson&Johnson, Moderna, Oxford/AstraZeneca, Pfizer/BioNTech",5844245,5337691,11181936
2021-08-15,"Johnson&Johnson, Moderna, Oxford/AstraZeneca, Pfizer/BioNTech",5846831,5348080,11194911
2021-08-16,"Johnson&Johnson, Moderna, Oxford/AstraZeneca, Pfizer/BioNTech",5856623,5382168,11238791
2021-08-17,"Johnson&Johnson, Moderna, Oxford/AstraZeneca, Pfizer/BioNTech",5866222,5409272,11275494
2021-08-18,"Johnson&Johnson, Moderna, Oxford/AstraZeneca, Pfizer/BioNTech",5875600,5448175,11323775
2021-08-19,"Johnson&Johnson, Moderna, Oxford/AstraZeneca, Pfizer/BioNTech",5885281,5486538,11371819
2021-08-20,"Johnson&Johnson, Moderna, Oxford/AstraZeneca, Pfizer/BioNTech",5896676,5526733,11423409
2021-08-21,"Johnson&Johnson, Moderna, Oxford/AstraZeneca, Pfizer/BioNTech",5899398,5539505,11438903
2021-08-22,"Johnson&Johnson, Moderna, Oxford/AstraZeneca, Pfizer/BioNTech",5901742,5551476,11453218
2021-08-23,"Johnson&Johnson, Moderna, Oxford/AstraZeneca, Pfizer/BioNTech",5912273,5590758,11503031
2021-08-24,"Johnson&Johnson, Moderna, Oxford/AstraZeneca, Pfizer/BioNTech",5922154,5624023,11546177
2021-08-25,"Johnson&Johnson, Moderna, Oxford/AstraZeneca, Pfizer/BioNTech",5931019,5652401,11583420
2021-08-26,"Johnson&Johnson, Moderna, Oxford/AstraZeneca, Pfizer/BioNTech",5939471,5678530,11618001
2021-08-27,"Johnson&Johnson, Moderna, Oxford/AstraZeneca, Pfizer/BioNTech",5949799,5704512,11654311
2021-08-28,"Johnson&Johnson, Moderna, Oxford/AstraZeneca, Pfizer/BioNTech",5952533,5711571,11664104
2021-08-29,"Johnson&Johnson, Moderna, Oxford/AstraZeneca, Pfizer/BioNTech",5954945,5718192,11673137
2021-08-30,"Johnson&Johnson, Moderna, Oxford/AstraZeneca, Pfizer/BioNTech",5963475,5740072,11703547
2021-08-31,"Johnson&Johnson, Moderna, Oxford/AstraZeneca, Pfizer/BioNTech",5971155,5758179,11729334
2021-09-01,"Johnson&Johnson, Moderna, Oxford/AstraZeneca, Pfizer/BioNTech",5977066,5772198,11749264
2021-09-02,"Johnson&Johnson, Moderna, Oxford/AstraZeneca, Pfizer/BioNTech",5983911,5786591,11770502
2021-09-03,"Johnson&Johnson, Moderna, Oxford/AstraZeneca, Pfizer/BioNTech",5993473,5802323,11795796
2021-09-04,"Johnson&Johnson, Moderna, Oxford/AstraZeneca, Pfizer/BioNTech",5995542,5805881,11801423
2021-09-05,"Johnson&Johnson, Moderna, Oxford/AstraZeneca, Pfizer/BioNTech",5997582,5808728,11806310
2021-09-06,"Johnson&Johnson, Moderna, Oxford/AstraZeneca, Pfizer/BioNTech",6003821,5821270,11825091
2021-09-07,"Johnson&Johnson, Moderna, Oxford/AstraZeneca, Pfizer/BioNTech",6008216,5832357,11840573
2021-09-08,"Johnson&Johnson, Moderna, Oxford/AstraZeneca, Pfizer/BioNTech",6013892,5842219,11856111
2021-09-09,"Johnson&Johnson, Moderna, Oxford/AstraZeneca, Pfizer/BioNTech",6020594,5852287,11872881
2021-09-10,"Johnson&Johnson, Moderna, Oxford/AstraZeneca, Pfizer/BioNTech",6028288,5864468,11892756
2021-09-11,"Johnson&Johnson, Moderna, Oxford/AstraZeneca, Pfizer/BioNTech",6030157,5866951,11897108
2021-09-12,"Johnson&Johnson, Moderna, Oxford/AstraZeneca, Pfizer/BioNTech",6031275,5868582,11899857
2021-09-13,"Johnson&Johnson, Moderna, Oxford/AstraZeneca, Pfizer/BioNTech",6036713,5878886,11915599
2021-09-14,"Johnson&Johnson, Moderna, Oxford/AstraZeneca, Pfizer/BioNTech",6042109,5887904,11930013
2021-09-15,"Johnson&Johnson, Moderna, Oxford/AstraZeneca, Pfizer/BioNTech",6047310,5896431,11943741
2021-09-16,"Johnson&Johnson, Moderna, Oxford/AstraZeneca, Pfizer/BioNTech",6052662,5904711,11957373
2021-09-17,"Johnson&Johnson, Moderna, Oxford/AstraZeneca, Pfizer/BioNTech",6059233,5914948,11974181
2021-09-18,"Johnson&Johnson, Moderna, Oxford/AstraZeneca, Pfizer/BioNTech",6060959,5917309,11978268
2021-09-19,"Johnson&Johnson, Moderna, Oxford/AstraZeneca, Pfizer/BioNTech",6061905,5918878,11980783
2021-09-20,"Johnson&Johnson, Moderna, Oxford/AstraZeneca, Pfizer/BioNTech",6065922,5927079,11993001
2021-09-21,"Johnson&Johnson, Moderna, Oxford/AstraZeneca, Pfizer/BioNTech",6070159,5934613,12004772
2021-09-22,"Johnson&Johnson, Moderna, Oxford/AstraZeneca, Pfizer/BioNTech",6074352,5940139,12014491
2021-09-23,"Johnson&Johnson, Moderna, Oxford/AstraZeneca, Pfizer/BioNTech",6079329,5946548,12025877
2021-09-24,"Johnson&Johnson, Moderna, Oxford/AstraZeneca, Pfizer/BioNTech",6085091,5956169,12041260
2021-09-25,"Johnson&Johnson, Moderna, Oxford/AstraZeneca, Pfizer/BioNTech",6086586,5958168,12044754
2021-09-26,"Johnson&Johnson, Moderna, Oxford/AstraZeneca, Pfizer/BioNTech",6087331,5959807,12047138
2021-09-27,"Johnson&Johnson, Moderna, Oxford/AstraZeneca, Pfizer/BioNTech",6091214,5966321,12057535
2021-09-28,"Johnson&Johnson, Moderna, Oxford/AstraZeneca, Pfizer/BioNTech",6091582,5966946,12058528
2021-09-29,"Johnson&Johnson, Moderna, Oxford/AstraZeneca, Pfizer/BioNTech",6095358,5974407,12069765
2021-09-30,"Johnson&Johnson, Moderna, Oxford/AstraZeneca, Pfizer/BioNTech",6099865,5982109,12081974
2021-10-01,"Johnson&Johnson, Moderna, Oxford/AstraZeneca, Pfizer/BioNTech",6104169,5990090,12094259
2021-10-02,"Johnson&Johnson, Moderna, Oxford/AstraZeneca, Pfizer/BioNTech",6105232,5991633,12096865
2021-10-03,"Johnson&Johnson, Moderna, Oxford/AstraZeneca, Pfizer/BioNTech",6105957,5992504,12098461
2021-10-04,"Johnson&Johnson, Moderna, Oxford/AstraZeneca, Pfizer/BioNTech",6109032,5998077,12107109
2021-10-05,"Johnson&Johnson, Moderna, Oxford/AstraZeneca, Pfizer/BioNTech",6112196,6003164,12115360
2021-10-06,"Johnson&Johnson, Moderna, Oxford/AstraZeneca, Pfizer/BioNTech",6115715,6008335,12124050
2021-10-07,"Johnson&Johnson, Moderna, Oxford/AstraZeneca, Pfizer/BioNTech",6118996,6013594,12132590
2021-10-08,"Johnson&Johnson, Moderna, Oxford/AstraZeneca, Pfizer/BioNTech",6123790,6020236,12144026
2021-10-09,"Johnson&Johnson, Moderna, Oxford/AstraZeneca, Pfizer/BioNTech",6125035,6021896,12146931
2021-10-10,"Johnson&Johnson, Moderna, Oxford/AstraZeneca, Pfizer/BioNTech",6125978,6022728,12148706
2021-10-11,"Johnson&Johnson, Moderna, Oxford/AstraZeneca, Pfizer/BioNTech",6128908,6027143,12156051
2021-10-12,"Johnson&Johnson, Moderna, Oxford/AstraZeneca, Pfizer/BioNTech",6131840,6031147,12162987
2021-10-13,"Johnson&Johnson, Moderna, Oxford/AstraZeneca, Pfizer/BioNTech",6135370,6035330,12170700
2021-10-14,"Johnson&Johnson, Moderna, Oxford/AstraZeneca, Pfizer/BioNTech",6139043,6040279,12179322
2021-10-15,"Johnson&Johnson, Moderna, Oxford/AstraZeneca, Pfizer/BioNTech",6144272,6046425,12190697
2021-10-16,"Johnson&Johnson, Moderna, Oxford/AstraZeneca, Pfizer/BioNTech",6145687,6047952,12193639
2021-10-17,"Johnson&Johnson, Moderna, Pfizer/BioNTech",6147014,6049007,12196021
2021-10-18,"Johnson&Johnson, Moderna, Oxford/AstraZeneca, Pfizer/BioNTech",6151129,6053105,12204234
2021-10-19,"Johnson&Johnson, Moderna, Oxford/AstraZeneca, Pfizer/BioNTech",6154709,6055203,12209912
2021-10-20,"Johnson&Johnson, Moderna, Oxford/AstraZeneca, Pfizer/BioNTech",6159591,6059652,12219243
2021-10-21,"Johnson&Johnson, Moderna, Oxford/AstraZeneca, Pfizer/BioNTech",6167356,6065255,12232611
2021-10-22,"Johnson&Johnson, Moderna, Oxford/AstraZeneca, Pfizer/BioNTech",6177811,6071759,12249570
2021-10-23,"Johnson&Johnson, Moderna, Oxford/AstraZeneca, Pfizer/BioNTech",6181486,6073965,12255451
2021-10-24,"Johnson&Johnson, Moderna, Oxford/AstraZeneca, Pfizer/BioNTech",6184171,6075746,12259917
2021-10-25,"Johnson&Johnson, Moderna, Oxford/AstraZeneca, Pfizer/BioNTech",6194669,6081553,12276222
2021-10-26,"Johnson&Johnson, Moderna, Oxford/AstraZeneca, Pfizer/BioNTech",6206659,6088102,12294761
2021-10-27,"Johnson&Johnson, Moderna, Oxford/AstraZeneca, Pfizer/BioNTech",6221269,6095507,12316776
2021-10-28,"Johnson&Johnson, Moderna, Oxford/AstraZeneca, Pfizer/BioNTech",6224693,6097191,12321884
2021-10-29,"Johnson&Johnson, Moderna, Oxford/AstraZeneca, Pfizer/BioNTech",6239131,6105176,12344307
2021-10-30,"Johnson&Johnson, Moderna, Oxford/AstraZeneca, Pfizer/BioNTech",6243660,6108100,12351760
2021-10-31,"Johnson&Johnson, Moderna, Oxford/AstraZeneca, Pfizer/BioNTech",6247423,6110572,12357995
2021-11-01,"Johnson&Johnson, Moderna, Oxford/AstraZeneca, Pfizer/BioNTech",6262620,6118257,12380877
2021-11-02,"Johnson&Johnson, Moderna, Oxford/AstraZeneca, Pfizer/BioNTech",6278071,6125813,12403884
2021-11-03,"Johnson&Johnson, Moderna, Oxford/AstraZeneca, Pfizer/BioNTech",6295254,6133109,12428363
2021-11-04,"Johnson&Johnson, Moderna, Oxford/AstraZeneca, Pfizer/BioNTech",6313605,6141280,12454885
2021-11-05,"Johnson&Johnson, Moderna, Oxford/AstraZeneca, Pfizer/BioNTech",6336406,6152564,12488970
2021-11-06,"Johnson&Johnson, Moderna, Oxford/AstraZeneca, Pfizer/BioNTech",6342920,6155619,12498539
2021-11-07,"Johnson&Johnson, Moderna, Oxford/AstraZeneca, Pfizer/BioNTech",6346941,6158055,12504996
2021-11-08,"Johnson&Johnson, Moderna, Oxford/AstraZeneca, Pfizer/BioNTech",6363214,6165689,12528903
2021-11-09,"Johnson&Johnson, Moderna, Oxford/AstraZeneca, Pfizer/BioNTech",6378022,6172987,12551009
2021-11-10,"Johnson&Johnson, Moderna, Oxford/AstraZeneca, Pfizer/BioNTech",6393763,6180370,12574133
2021-11-11,"Johnson&Johnson, Moderna, Oxford/AstraZeneca, Pfizer/BioNTech",6409232,6189474,12598706
2021-11-12,"Johnson&Johnson, Moderna, Oxford/AstraZeneca, Pfizer/BioNTech",6429039,6202276,12631315
2021-11-13,"Johnson&Johnson, Moderna, Oxford/AstraZeneca, Pfizer/BioNTech",6434432,6206149,12640581
2021-11-14,"Johnson&Johnson, Moderna, Oxford/AstraZeneca, Pfizer/BioNTech",6438325,6209152,12647477
2021-11-15,"Johnson&Johnson, Moderna, Oxford/AstraZeneca, Pfizer/BioNTech",6453400,6219843,12673243
2021-11-16,"Johnson&Johnson, Moderna, Oxford/AstraZeneca, Pfizer/BioNTech",6470942,6231821,12702763
2021-11-17,"Johnson&Johnson, Moderna, Oxford/AstraZeneca, Pfizer/BioNTech",6475184,6235384,12710568
2021-11-18,"Johnson&Johnson, Moderna, Oxford/AstraZeneca, Pfizer/BioNTech",6494606,6247076,12741682
2021-11-19,"Johnson&Johnson, Moderna, Oxford/AstraZeneca, Pfizer/BioNTech",6519213,6264046,12783259
2021-11-20,"Johnson&Johnson, Moderna, Oxford/AstraZeneca, Pfizer/BioNTech",6527790,6269027,12796817
2021-11-21,"Johnson&Johnson, Moderna, Pfizer/BioNTech",6534562,6272800,12807362
2021-11-22,"Johnson&Johnson, Moderna, Oxford/AstraZeneca, Pfizer/BioNTech",6553076,6286914,12839990
2021-11-23,"Johnson&Johnson, Moderna, Oxford/AstraZeneca, Pfizer/BioNTech",6572136,6300174,12872310
2021-11-24,"Johnson&Johnson, Moderna, Oxford/AstraZeneca, Pfizer/BioNTech",6591150,6316022,12907172
2021-11-25,"Johnson&Johnson, Moderna, Oxford/AstraZeneca, Pfizer/BioNTech",6610298,6331052,12941350
2021-11-26,"Johnson&Johnson, Moderna, Oxford/AstraZeneca, Pfizer/BioNTech",6631950,6350190,12982140
2021-11-27,"Johnson&Johnson, Moderna, Oxford/AstraZeneca, Pfizer/BioNTech",6639421,6355744,12995165
2021-11-28,"Johnson&Johnson, Moderna, Oxford/AstraZeneca, Pfizer/BioNTech",6642754,6358879,13001633
2021-11-29,"Johnson&Johnson, Moderna, Oxford/AstraZeneca, Pfizer/BioNTech",6657962,6372535,13030497
2021-11-30,"Johnson&Johnson, Moderna, Oxford/AstraZeneca, Pfizer/BioNTech",6671163,6383766,13054929
2021-12-01,"Johnson&Johnson, Moderna, Oxford/AstraZeneca, Pfizer/BioNTech",6685199,6396221,13081420
2021-12-02,"Johnson&Johnson, Moderna, Oxford/AstraZeneca, Pfizer/BioNTech",6695838,6408712,13104550
2021-12-03,"Johnson&Johnson, Moderna, Oxford/AstraZeneca, Pfizer/BioNTech",6705476,6424287,13129763
2021-12-04,"Johnson&Johnson, Moderna, Pfizer/BioNTech",6708035,6428237,13136272
2021-12-05,"Johnson&Johnson, Moderna, Oxford/AstraZeneca, Pfizer/BioNTech",6709395,6430577,13139972
2021-12-06,"Johnson&Johnson, Moderna, Oxford/AstraZeneca, Pfizer/BioNTech",6717541,6442102,13159643
2021-12-07,"Johnson&Johnson, Moderna, Oxford/AstraZeneca, Pfizer/BioNTech",6725428,6454110,13179538
2021-12-08,"Johnson&Johnson, Moderna, Oxford/AstraZeneca, Pfizer/BioNTech",6733670,6460038,13193708
2021-12-09,"Johnson&Johnson, Moderna, Oxford/AstraZeneca, Pfizer/BioNTech",6740791,6472856,13213647
2021-12-10,"Johnson&Johnson, Moderna, Oxford/AstraZeneca, Pfizer/BioNTech",6747724,6490661,13238385
2021-12-11,"Johnson&Johnson, Moderna, Pfizer/BioNTech",6749382,6495932,13245314
2021-12-12,"Johnson&Johnson, Moderna, Oxford/AstraZeneca, Pfizer/BioNTech",6750692,6500365,13251057
2021-12-13,"Johnson&Johnson, Moderna, Oxford/AstraZeneca, Pfizer/BioNTech",6757039,6513676,13270715
2021-12-14,"Johnson&Johnson, Moderna, Oxford/AstraZeneca, Pfizer/BioNTech",6763250,6527344,13290594
2021-12-15,"Johnson&Johnson, Moderna, Oxford/AstraZeneca, Pfizer/BioNTech",6769456,6540943,13310399
2021-12-16,"Johnson&Johnson, Moderna, Oxford/AstraZeneca, Pfizer/BioNTech",6776394,6555776,13332170
2021-12-17,"Johnson&Johnson, Moderna, Oxford/AstraZeneca, Pfizer/BioNTech",6784759,6573038,13357797
2021-12-18,"Johnson&Johnson, Moderna, Oxford/AstraZeneca, Pfizer/BioNTech",6787371,6578488,13365859
2021-12-19,"Johnson&Johnson, Moderna, Pfizer/BioNTech",6789143,6580991,13370134
2021-12-20,"Johnson&Johnson, Moderna, Oxford/AstraZeneca, Pfizer/BioNTech",6794985,6595055,13390040
2021-12-21,"Johnson&Johnson, Moderna, Oxford/AstraZeneca, Pfizer/BioNTech",6801647,6607046,13408693
2021-12-22,"Johnson&Johnson, Moderna, Oxford/AstraZeneca, Pfizer/BioNTech",6806693,6620100,13426793
2021-12-23,"Johnson&Johnson, Moderna, Oxford/AstraZeneca, Pfizer/BioNTech",6809560,6625702,13435262
2021-12-24,"Johnson&Johnson, Moderna, Oxford/AstraZeneca, Pfizer/BioNTech",6809606,6625802,13435408
2021-12-25,"Moderna, Pfizer/BioNTech",6809607,6625810,13435417
2021-12-26,"Moderna, Pfizer/BioNTech",6809708,6626011,13435719
2021-12-27,"Johnson&Johnson, Moderna, Pfizer/BioNTech",6813576,6635745,13449321
2021-12-28,"Johnson&Johnson, Moderna, Oxford/AstraZeneca, Pfizer/BioNTech",6818817,6643737,13462554
2021-12-29,"Johnson&Johnson, Moderna, Oxford/AstraZeneca, Pfizer/BioNTech",6823096,6651456,13474552
2021-12-30,"Johnson&Johnson, Moderna, Pfizer/BioNTech",6827394,6656888,13484282
2021-12-31,"Johnson&Johnson, Moderna, Pfizer/BioNTech",6827904,6658311,13486215
2022-01-01,"Johnson&Johnson, Moderna, Pfizer/BioNTech",6827909,6658329,13486238
2022-01-02,"Johnson&Johnson, Moderna, Pfizer/BioNTech",6828765,6659706,13488471
2022-01-03,"Johnson&Johnson, Moderna, Oxford/AstraZeneca, Pfizer/BioNTech",6832900,6668603,13501503
2022-01-04,"Johnson&Johnson, Moderna, Oxford/AstraZeneca, Pfizer/BioNTech",6837986,6676353,13514339
2022-01-05,"Johnson&Johnson, Moderna, Oxford/AstraZeneca, Pfizer/BioNTech",6843798,6684317,13528115
2022-01-06,"Johnson&Johnson, Moderna, Oxford/AstraZeneca, Pfizer/BioNTech",6850383,6692720,13543103
2022-01-07,"Johnson&Johnson, Moderna, Oxford/AstraZeneca, Pfizer/BioNTech",6858252,6703064,13561316
2022-01-08,"Johnson&Johnson, Moderna, Oxford/AstraZeneca, Pfizer/BioNTech",6860732,6705847,13566579
2022-01-09,"Johnson&Johnson, Moderna, Pfizer/BioNTech",6861814,6707540,13569354
2022-01-10,"Johnson&Johnson, Moderna, Oxford/AstraZeneca, Pfizer/BioNTech",6866309,6713724,13580033
2022-01-11,"Johnson&Johnson, Moderna, Oxford/AstraZeneca, Pfizer/BioNTech",6871747,6720478,13592225
2022-01-12,"Johnson&Johnson, Moderna, Oxford/AstraZeneca, Pfizer/BioNTech",6877698,6726121,13603819
2022-01-13,"Johnson&Johnson, Moderna, Oxford/AstraZeneca, Pfizer/BioNTech",6883579,6730892,13614471
2022-01-14,"Johnson&Johnson, Moderna, Oxford/AstraZeneca, Pfizer/BioNTech",6889876,6734521,13624397
2022-01-15,"Johnson&Johnson, Moderna, Oxford/AstraZeneca, Pfizer/BioNTech",6891154,6735175,13626329
2022-01-16,"Johnson&Johnson, Moderna, Oxford/AstraZeneca, Pfizer/BioNTech",6891841,6735612,13627453
2022-01-17,"Johnson&Johnson, Moderna, Oxford/AstraZeneca, Pfizer/BioNTech",6895388,6739566,13634954
2022-01-18,"Johnson&Johnson, Moderna, Oxford/AstraZeneca, Pfizer/BioNTech",6899238,6744514,13643752
2022-01-19,"Johnson&Johnson, Moderna, Oxford/AstraZeneca, Pfizer/BioNTech",6903303,6748446,13651749
2022-01-20,"Johnson&Johnson, Moderna, Oxford/AstraZeneca, Pfizer/BioNTech",6906899,6752884,13659783
2022-01-21,"Johnson&Johnson, Moderna, Oxford/AstraZeneca, Pfizer/BioNTech",6910892,6755411,13666303
2022-01-22,"Johnson&Johnson, Moderna, Pfizer/BioNTech",6911672,6755848,13667520
2022-01-23,"Johnson&Johnson, Moderna, Pfizer/BioNTech",6912234,6756482,13668716
2022-01-24,"Johnson&Johnson, Moderna, Oxford/AstraZeneca, Pfizer/BioNTech",6914501,6759916,13674417
2022-01-25,"Johnson&Johnson, Moderna, Oxford/AstraZeneca, Pfizer/BioNTech",6916849,6763909,13680758
2022-01-26,"Johnson&Johnson, Moderna, Oxford/AstraZeneca, Pfizer/BioNTech",6919230,6768473,13687703
2022-01-27,"Johnson&Johnson, Moderna, Oxford/AstraZeneca, Pfizer/BioNTech",6921556,6773284,13694840
2022-01-28,"Johnson&Johnson, Moderna, Oxford/AstraZeneca, Pfizer/BioNTech",6924466,6779434,13703900
2022-01-29,"Johnson&Johnson, Moderna, Pfizer/BioNTech",6925066,6781081,13706147
2022-01-30,"Johnson&Johnson, Moderna, Pfizer/BioNTech",6925295,6781858,13707153
2022-01-31,"Johnson&Johnson, Moderna, Pfizer/BioNTech",6926832,6785772,13712604
2022-02-01,"Johnson&Johnson, Moderna, Pfizer/BioNTech",6928421,6789802,13718223
2022-02-02,"Johnson&Johnson, Moderna, Pfizer/BioNTech",6929982,6794300,13724282
2022-02-03,"Johnson&Johnson, Moderna, Pfizer/BioNTech",6931346,6798771,13730117
2022-02-04,"Johnson&Johnson, Moderna, Pfizer/BioNTech",6932942,6803884,13736826
2022-02-05,"Johnson&Johnson, Moderna, Pfizer/BioNTech",6933116,6804493,13737609
2022-02-06,"Johnson&Johnson, Moderna, Pfizer/BioNTech",6933210,6804812,13738022
2022-02-07,"Johnson&Johnson, Moderna, Pfizer/BioNTech",6933903,6808020,13741923
2022-02-08,"Johnson&Johnson, Moderna, Pfizer/BioNTech",6934679,6811203,13745882
2022-02-09,"Johnson&Johnson, Moderna, Pfizer/BioNTech",6935500,6814569,13750069
2022-02-10,"Johnson&Johnson, Moderna, Pfizer/BioNTech",6936279,6817690,13753969
2022-02-11,"Johnson&Johnson, Moderna, Pfizer/BioNTech",6937204,6821596,13758800
2022-02-12,"Johnson&Johnson, Moderna, Pfizer/BioNTech",6937312,6822015,13759327
2022-02-13,"Johnson&Johnson, Moderna, Pfizer/BioNTech",6937345,6822451,13759796
2022-02-14,"Johnson&Johnson, Moderna, Pfizer/BioNTech",6937782,6824558,13762340
2022-02-15,"Johnson&Johnson, Moderna, Pfizer/BioNTech",6938326,6826756,13765082
2022-02-16,"Johnson&Johnson, Moderna, Pfizer/BioNTech",6938910,6828846,13767756
2022-02-17,"Johnson&Johnson, Moderna, Pfizer/BioNTech",6939504,6831176,13770680
2022-02-18,"Johnson&Johnson, Moderna, Pfizer/BioNTech",6940140,6834224,13774364
2022-02-19,"Johnson&Johnson, Moderna, Pfizer/BioNTech",6940217,6834505,13774722
2022-02-20,"Johnson&Johnson, Moderna, Pfizer/BioNTech",6940250,6834654,13774904
2022-02-21,"Johnson&Johnson, Moderna, Pfizer/BioNTech",6940598,6836346,13776944
2022-02-22,"Johnson&Johnson, Moderna, Oxford/AstraZeneca, Pfizer/BioNTech",6940962,6838018,13778980
2022-02-23,"Johnson&Johnson, Moderna, Pfizer/BioNTech",6941412,6839634,13781046
2022-02-24,"Johnson&Johnson, Moderna, Pfizer/BioNTech",6941823,6841255,13783078
2022-02-25,"Johnson&Johnson, Moderna, Pfizer/BioNTech",6942404,6843296,13785700
2022-02-26,"Johnson&Johnson, Moderna, Pfizer/BioNTech",6942466,6843452,13785918
2022-02-27,"Johnson&Johnson, Moderna, Pfizer/BioNTech",6942500,6843527,13786027
2022-02-28,"Johnson&Johnson, Moderna, Pfizer/BioNTech",6942738,6844472,13787210
2022-03-01,"Johnson&Johnson, Moderna, Pfizer/BioNTech",6942973,6845215,13788188
2022-03-02,"Johnson&Johnson, Moderna, Novavax, Pfizer/BioNTech",6943291,6846083,13789374
