date,vaccine,people_vaccinated,people_fully_vaccinated,total_vaccinations
2020-12-27,Pfizer/BioNTech,1268,0,1268
2020-12-28,Pfizer/BioNTech,3571,0,3571
2020-12-29,Pfizer/BioNTech,7029,0,7029
2020-12-30,Pfizer/BioNTech,10533,0,10533
2020-12-31,Pfizer/BioNTech,11840,0,11840
2021-01-01,"Moderna, Pfizer/BioNTech",12106,0,12106
2021-01-02,Pfizer/BioNTech,13379,0,13379
2021-01-03,Pfizer/BioNTech,14300,0,14300
2021-01-04,"Moderna, Pfizer/BioNTech",17896,1,17897
2021-01-05,"Moderna, Pfizer/BioNTech",22402,1,22403
2021-01-06,Pfizer/BioNTech,28243,1,28244
2021-01-07,"Moderna, Pfizer/BioNTech",36222,1,36223
2021-01-08,Pfizer/BioNTech,46218,1,46219
2021-01-09,"Moderna, Pfizer/BioNTech",48238,1,48239
2021-01-10,Pfizer/BioNTech,49996,3,49999
2021-01-11,Pfizer/BioNTech,59820,5,59825
2021-01-12,Pfizer/BioNTech,73229,7,73236
2021-01-13,Pfizer/BioNTech,86741,7,86748
2021-01-14,"Moderna, Pfizer/BioNTech",101938,9,101947
2021-01-15,"Moderna, Pfizer/BioNTech",115918,9,115927
2021-01-16,"Moderna, Pfizer/BioNTech",119297,12,119309
2021-01-17,"Moderna, Pfizer/BioNTech",121901,649,122550
2021-01-18,"Moderna, Pfizer/BioNTech",134376,2470,136846
2021-01-19,"Moderna, Pfizer/BioNTech",146938,5188,152126
2021-01-20,"Moderna, Pfizer/BioNTech",160581,7836,168417
2021-01-21,"Moderna, Pfizer/BioNTech",176199,9573,185772
2021-01-22,"Moderna, Pfizer/BioNTech",191043,10618,201661
2021-01-23,"Moderna, Pfizer/BioNTech",194342,11490,205832
2021-01-24,"Moderna, Pfizer/BioNTech",196590,12360,208950
2021-01-25,"Moderna, Pfizer/BioNTech",206216,15330,221546
2021-01-26,"Moderna, Pfizer/BioNTech",216748,19301,236049
2021-01-27,"Moderna, Pfizer/BioNTech",225766,23822,249588
2021-01-28,"Moderna, Pfizer/BioNTech",232841,29942,262783
2021-01-29,"Moderna, Pfizer/BioNTech",239036,37824,276860
2021-01-30,"Moderna, Pfizer/BioNTech",239766,38911,278677
2021-01-31,"Moderna, Pfizer/BioNTech",240476,40091,280567
2021-02-01,"Moderna, Pfizer/BioNTech",244440,48016,292456
2021-02-02,"Moderna, Pfizer/BioNTech",248567,58236,306803
2021-02-03,"Moderna, Pfizer/BioNTech",252976,69220,322196
2021-02-04,"Moderna, Pfizer/BioNTech",257867,82171,340038
2021-02-05,"Moderna, Pfizer/BioNTech",263316,92819,356135
2021-02-06,"Moderna, Pfizer/BioNTech",264157,95168,359325
2021-02-07,"Moderna, Pfizer/BioNTech",265004,97655,362659
2021-02-08,"Moderna, Oxford/AstraZeneca, Pfizer/BioNTech",269069,109038,378107
2021-02-09,"Moderna, Oxford/AstraZeneca, Pfizer/BioNTech",274152,120954,395106
2021-02-10,"Moderna, Pfizer/BioNTech",279643,134164,413807
2021-02-11,"Moderna, Oxford/AstraZeneca, Pfizer/BioNTech",285946,150342,436288
2021-02-12,"Moderna, Oxford/AstraZeneca, Pfizer/BioNTech",292689,165031,457720
2021-02-13,"Moderna, Oxford/AstraZeneca, Pfizer/BioNTech",294279,168011,462290
2021-02-14,"Moderna, Oxford/AstraZeneca, Pfizer/BioNTech",295270,169389,464659
2021-02-15,"Moderna, Oxford/AstraZeneca, Pfizer/BioNTech",301663,178721,480384
2021-02-16,"Moderna, Oxford/AstraZeneca, Pfizer/BioNTech",310370,187773,498143
2021-02-17,"Moderna, Oxford/AstraZeneca, Pfizer/BioNTech",320054,196062,516116
2021-02-18,"Moderna, Oxford/AstraZeneca, Pfizer/BioNTech",332356,204103,536459
2021-02-19,"Moderna, Oxford/AstraZeneca, Pfizer/BioNTech",344200,211422,555622
2021-02-20,"Moderna, Oxford/AstraZeneca, Pfizer/BioNTech",346181,212598,558779
2021-02-21,"Moderna, Oxford/AstraZeneca, Pfizer/BioNTech",347293,213613,560906
2021-02-22,"Moderna, Oxford/AstraZeneca, Pfizer/BioNTech",357409,219618,577027
2021-02-23,"Moderna, Oxford/AstraZeneca, Pfizer/BioNTech",370338,226578,596916
2021-02-24,"Moderna, Oxford/AstraZeneca, Pfizer/BioNTech",384198,232597,616795
2021-02-25,"Moderna, Oxford/AstraZeneca, Pfizer/BioNTech",402149,238129,640278
2021-02-26,"Moderna, Oxford/AstraZeneca, Pfizer/BioNTech",418303,243456,661759
2021-02-27,"Moderna, Oxford/AstraZeneca, Pfizer/BioNTech",421309,244006,665315
2021-02-28,"Moderna, Oxford/AstraZeneca, Pfizer/BioNTech",423652,244551,668203
2021-03-01,"Moderna, Oxford/AstraZeneca, Pfizer/BioNTech",443188,247977,691165
2021-03-02,"Moderna, Oxford/AstraZeneca, Pfizer/BioNTech",470387,251512,721899
2021-03-03,"Moderna, Oxford/AstraZeneca, Pfizer/BioNTech",501216,255999,757215
2021-03-04,"Moderna, Oxford/AstraZeneca, Pfizer/BioNTech",534420,260662,795082
2021-03-05,"Johnson&Johnson, Moderna, Oxford/AstraZeneca, Pfizer/BioNTech",563205,266060,829265
2021-03-06,"Johnson&Johnson, Moderna, Oxford/AstraZeneca, Pfizer/BioNTech",575332,266907,842239
2021-03-07,"Johnson&Johnson, Moderna, Oxford/AstraZeneca, Pfizer/BioNTech",586849,267740,854589
2021-03-08,"Johnson&Johnson, Moderna, Oxford/AstraZeneca, Pfizer/BioNTech",616528,272568,889096
2021-03-09,"Johnson&Johnson, Moderna, Oxford/AstraZeneca, Pfizer/BioNTech",652784,278928,931712
2021-03-10,"Moderna, Oxford/AstraZeneca, Pfizer/BioNTech",694037,285859,979896
2021-03-11,"Johnson&Johnson, Moderna, Oxford/AstraZeneca, Pfizer/BioNTech",738820,294209,1033029
2021-03-12,"Johnson&Johnson, Moderna, Oxford/AstraZeneca, Pfizer/BioNTech",777585,302655,1080240
2021-03-13,"Moderna, Oxford/AstraZeneca, Pfizer/BioNTech",794633,303944,1098577
2021-03-14,"Moderna, Oxford/AstraZeneca, Pfizer/BioNTech",806726,305079,1111805
2021-03-15,"Moderna, Oxford/AstraZeneca, Pfizer/BioNTech",835078,313847,1148925
2021-03-16,"Johnson&Johnson, Moderna, Oxford/AstraZeneca, Pfizer/BioNTech",873914,324363,1198277
2021-03-17,"Moderna, Oxford/AstraZeneca, Pfizer/BioNTech",911352,334847,1246199
2021-03-18,"Johnson&Johnson, Moderna, Oxford/AstraZeneca, Pfizer/BioNTech",949286,347239,1296525
2021-03-19,"Moderna, Oxford/AstraZeneca, Pfizer/BioNTech",983724,360826,1344550
2021-03-20,"Johnson&Johnson, Moderna, Oxford/AstraZeneca, Pfizer/BioNTech",998838,362840,1361678
2021-03-21,"Johnson&Johnson, Moderna, Oxford/AstraZeneca, Pfizer/BioNTech",1006228,364384,1370612
2021-03-22,"Johnson&Johnson, Moderna, Oxford/AstraZeneca, Pfizer/BioNTech",1030738,376870,1407608
2021-03-23,"Johnson&Johnson, Moderna, Oxford/AstraZeneca, Pfizer/BioNTech",1057332,390200,1447532
2021-03-24,"Johnson&Johnson, Moderna, Oxford/AstraZeneca, Pfizer/BioNTech",1084151,405905,1490056
2021-03-25,"Moderna, Oxford/AstraZeneca, Pfizer/BioNTech",1110441,423731,1534172
2021-03-26,"Moderna, Oxford/AstraZeneca, Pfizer/BioNTech",1135209,441206,1576415
2021-03-27,"Johnson&Johnson, Moderna, Oxford/AstraZeneca, Pfizer/BioNTech",1143624,446037,1589661
2021-03-28,"Moderna, Oxford/AstraZeneca, Pfizer/BioNTech",1149151,450168,1599319
2021-03-29,"Johnson&Johnson, Moderna, Oxford/AstraZeneca, Pfizer/BioNTech",1168225,470857,1639082
2021-03-30,"Johnson&Johnson, Moderna, Oxford/AstraZeneca, Pfizer/BioNTech",1192888,493014,1685902
2021-03-31,"Johnson&Johnson, Moderna, Oxford/AstraZeneca, Pfizer/BioNTech",1215944,520048,1735992
2021-04-01,"Johnson&Johnson, Moderna, Oxford/AstraZeneca, Pfizer/BioNTech",1241512,552066,1793578
2021-04-02,"Johnson&Johnson, Moderna, Oxford/AstraZeneca, Pfizer/BioNTech",1248400,564844,1813244
2021-04-03,"Johnson&Johnson, Moderna, Oxford/AstraZeneca, Pfizer/BioNTech",1251995,575747,1827742
2021-04-04,"Johnson&Johnson, Moderna, Oxford/AstraZeneca, Pfizer/BioNTech",1254484,584642,1839126
2021-04-05,"Johnson&Johnson, Moderna, Oxford/AstraZeneca, Pfizer/BioNTech",1256853,591811,1848664
2021-04-06,"Johnson&Johnson, Moderna, Oxford/AstraZeneca, Pfizer/BioNTech",1272939,621025,1893964
2021-04-07,"Johnson&Johnson, Moderna, Oxford/AstraZeneca, Pfizer/BioNTech",1296301,643215,1939516
2021-04-08,"Johnson&Johnson, Moderna, Oxford/AstraZeneca, Pfizer/BioNTech",1334932,674203,2009135
2021-04-09,"Johnson&Johnson, Moderna, Oxford/AstraZeneca, Pfizer/BioNTech",1374401,704363,2078764
2021-04-10,"Johnson&Johnson, Moderna, Oxford/AstraZeneca, Pfizer/BioNTech",1389844,719636,2109480
2021-04-11,"Johnson&Johnson, Moderna, Oxford/AstraZeneca, Pfizer/BioNTech",1399587,729650,2129237
2021-04-12,"Johnson&Johnson, Moderna, Oxford/AstraZeneca, Pfizer/BioNTech",1437798,754736,2192534
2021-04-13,"Moderna, Oxford/AstraZeneca, Pfizer/BioNTech",1473998,780728,2254726
2021-04-14,"Moderna, Oxford/AstraZeneca, Pfizer/BioNTech",1512763,808057,2320820
2021-04-15,"Moderna, Oxford/AstraZeneca, Pfizer/BioNTech",1560506,833744,2394250
2021-04-16,"Moderna, Oxford/AstraZeneca, Pfizer/BioNTech",1605106,859343,2464449
2021-04-17,"Moderna, Oxford/AstraZeneca, Pfizer/BioNTech",1621762,868354,2490116
2021-04-18,"Moderna, Oxford/AstraZeneca, Pfizer/BioNTech",1634720,873328,2508048
2021-04-19,"Moderna, Oxford/AstraZeneca, Pfizer/BioNTech",1678681,888759,2567440
2021-04-20,"Johnson&Johnson, Moderna, Oxford/AstraZeneca, Pfizer/BioNTech",1721191,904602,2625793
2021-04-21,"Moderna, Oxford/AstraZeneca, Pfizer/BioNTech",1768884,918883,2687767
2021-04-22,"Johnson&Johnson, Moderna, Oxford/AstraZeneca, Pfizer/BioNTech",1823333,936241,2759574
2021-04-23,"Johnson&Johnson, Moderna, Oxford/AstraZeneca, Pfizer/BioNTech",1873248,948270,2821518
2021-04-24,"Johnson&Johnson, Moderna, Oxford/AstraZeneca, Pfizer/BioNTech",1891056,953499,2844555
2021-04-25,"Johnson&Johnson, Moderna, Oxford/AstraZeneca, Pfizer/BioNTech",1905724,957481,2863205
2021-04-26,"Johnson&Johnson, Moderna, Oxford/AstraZeneca, Pfizer/BioNTech",1955285,965019,2920304
2021-04-27,"Johnson&Johnson, Moderna, Oxford/AstraZeneca, Pfizer/BioNTech",2004235,977210,2981445
2021-04-28,"Johnson&Johnson, Moderna, Oxford/AstraZeneca, Pfizer/BioNTech",2062953,991170,3054123
2021-04-29,"Johnson&Johnson, Moderna, Oxford/AstraZeneca, Pfizer/BioNTech",2128487,1007012,3135499
2021-04-30,"Johnson&Johnson, Moderna, Oxford/AstraZeneca, Pfizer/BioNTech",2190670,1016929,3207599
2021-05-01,"Johnson&Johnson, Moderna, Oxford/AstraZeneca, Pfizer/BioNTech",2209960,1020344,3230304
2021-05-02,"Johnson&Johnson, Moderna, Oxford/AstraZeneca, Pfizer/BioNTech",2228852,1022592,3251444
2021-05-03,"Johnson&Johnson, Moderna, Oxford/AstraZeneca, Pfizer/BioNTech",2296070,1027637,3323707
2021-05-04,"Johnson&Johnson, Moderna, Oxford/AstraZeneca, Pfizer/BioNTech",2362531,1035931,3398462
2021-05-05,"Johnson&Johnson, Moderna, Oxford/AstraZeneca, Pfizer/BioNTech",2435649,1045292,3480941
2021-05-06,"Johnson&Johnson, Moderna, Oxford/AstraZeneca, Pfizer/BioNTech",2516010,1055958,3571968
2021-05-07,"Johnson&Johnson, Moderna, Oxford/AstraZeneca, Pfizer/BioNTech",2593271,1066008,3659279
2021-05-08,"Johnson&Johnson, Moderna, Oxford/AstraZeneca, Pfizer/BioNTech",2622669,1067741,3690410
2021-05-09,"Johnson&Johnson, Moderna, Oxford/AstraZeneca, Pfizer/BioNTech",2646837,1068928,3715765
2021-05-10,"Johnson&Johnson, Moderna, Oxford/AstraZeneca, Pfizer/BioNTech",2719564,1076103,3795667
2021-05-11,"Johnson&Johnson, Moderna, Oxford/AstraZeneca, Pfizer/BioNTech",2795628,1084868,3880496
2021-05-12,"Johnson&Johnson, Moderna, Oxford/AstraZeneca, Pfizer/BioNTech",2875442,1093906,3969348
2021-05-13,"Johnson&Johnson, Moderna, Oxford/AstraZeneca, Pfizer/BioNTech",2959431,1103032,4062463
2021-05-14,"Johnson&Johnson, Moderna, Oxford/AstraZeneca, Pfizer/BioNTech",3038825,1110755,4149580
2021-05-15,"Johnson&Johnson, Moderna, Oxford/AstraZeneca, Pfizer/BioNTech",3070659,1112943,4183602
2021-05-16,"Johnson&Johnson, Moderna, Oxford/AstraZeneca, Pfizer/BioNTech",3096402,1114181,4210583
2021-05-17,"Johnson&Johnson, Moderna, Oxford/AstraZeneca, Pfizer/BioNTech",3168882,1120860,4289742
2021-05-18,"Johnson&Johnson, Moderna, Oxford/AstraZeneca, Pfizer/BioNTech",3240783,1133843,4374626
2021-05-19,"Johnson&Johnson, Moderna, Oxford/AstraZeneca, Pfizer/BioNTech",3318216,1148929,4467145
2021-05-20,"Johnson&Johnson, Moderna, Oxford/AstraZeneca, Pfizer/BioNTech",3393620,1175889,4569509
2021-05-21,"Johnson&Johnson, Moderna, Oxford/AstraZeneca, Pfizer/BioNTech",3462366,1203562,4665928
2021-05-22,"Johnson&Johnson, Moderna, Oxford/AstraZeneca, Pfizer/BioNTech",3494693,1214694,4709387
2021-05-23,"Johnson&Johnson, Moderna, Oxford/AstraZeneca, Pfizer/BioNTech",3516995,1223695,4740690
2021-05-24,"Johnson&Johnson, Moderna, Oxford/AstraZeneca, Pfizer/BioNTech",3564066,1257288,4821354
2021-05-25,"Johnson&Johnson, Moderna, Oxford/AstraZeneca, Pfizer/BioNTech",3615897,1293025,4908922
2021-05-26,"Johnson&Johnson, Moderna, Oxford/AstraZeneca, Pfizer/BioNTech",3683617,1330495,5014112
2021-05-27,"Johnson&Johnson, Moderna, Oxford/AstraZeneca, Pfizer/BioNTech",3744963,1377754,5122717
2021-05-28,"Johnson&Johnson, Moderna, Oxford/AstraZeneca, Pfizer/BioNTech",3806623,1424233,5230856
2021-05-29,"Johnson&Johnson, Moderna, Oxford/AstraZeneca, Pfizer/BioNTech",3835766,1441299,5277065
2021-05-30,"Johnson&Johnson, Moderna, Oxford/AstraZeneca, Pfizer/BioNTech",3858104,1455701,5313805
2021-05-31,"Johnson&Johnson, Moderna, Oxford/AstraZeneca, Pfizer/BioNTech",3913815,1503190,5417005
2021-06-01,"Johnson&Johnson, Moderna, Oxford/AstraZeneca, Pfizer/BioNTech",3972823,1551944,5524767
2021-06-02,"Johnson&Johnson, Moderna, Oxford/AstraZeneca, Pfizer/BioNTech",4035687,1605830,5641517
2021-06-03,"Johnson&Johnson, Moderna, Oxford/AstraZeneca, Pfizer/BioNTech",4093903,1665966,5759869
2021-06-04,"Johnson&Johnson, Moderna, Oxford/AstraZeneca, Pfizer/BioNTech",4156971,1723269,5880240
2021-06-05,"Johnson&Johnson, Moderna, Oxford/AstraZeneca, Pfizer/BioNTech",4191097,1742035,5933132
2021-06-06,"Johnson&Johnson, Moderna, Oxford/AstraZeneca, Pfizer/BioNTech",4217997,1757123,5975120
2021-06-07,"Johnson&Johnson, Moderna, Oxford/AstraZeneca, Pfizer/BioNTech",4281664,1812677,6094341
2021-06-08,"Johnson&Johnson, Moderna, Oxford/AstraZeneca, Pfizer/BioNTech",4345624,1867571,6213195
2021-06-09,"Johnson&Johnson, Moderna, Oxford/AstraZeneca, Pfizer/BioNTech",4404797,1931897,6336694
2021-06-10,"Johnson&Johnson, Moderna, Oxford/AstraZeneca, Pfizer/BioNTech",4458671,2002887,6461558
2021-06-11,"Johnson&Johnson, Moderna, Oxford/AstraZeneca, Pfizer/BioNTech",4510756,2072493,6583249
2021-06-12,"Johnson&Johnson, Moderna, Oxford/AstraZeneca, Pfizer/BioNTech",4542732,2093218,6635950
2021-06-13,"Johnson&Johnson, Moderna, Oxford/AstraZeneca, Pfizer/BioNTech",4566737,2111567,6678304
2021-06-14,"Johnson&Johnson, Moderna, Oxford/AstraZeneca, Pfizer/BioNTech",4609757,2185851,6795608
2021-06-15,"Johnson&Johnson, Moderna, Oxford/AstraZeneca, Pfizer/BioNTech",4654384,2258085,6912469
2021-06-16,"Johnson&Johnson, Moderna, Oxford/AstraZeneca, Pfizer/BioNTech",4697110,2336185,7033295
2021-06-17,"Johnson&Johnson, Moderna, Oxford/AstraZeneca, Pfizer/BioNTech",4736476,2419126,7155602
2021-06-18,"Johnson&Johnson, Moderna, Oxford/AstraZeneca, Pfizer/BioNTech",4778852,2499499,7278351
2021-06-19,"Johnson&Johnson, Moderna, Oxford/AstraZeneca, Pfizer/BioNTech",4800586,2528708,7329294
2021-06-20,"Johnson&Johnson, Moderna, Oxford/AstraZeneca, Pfizer/BioNTech",4817945,2552464,7370409
2021-06-21,"Johnson&Johnson, Moderna, Oxford/AstraZeneca, Pfizer/BioNTech",4850450,2630929,7481379
2021-06-22,"Johnson&Johnson, Moderna, Oxford/AstraZeneca, Pfizer/BioNTech",4883399,2713072,7596471
2021-06-23,"Johnson&Johnson, Moderna, Oxford/AstraZeneca, Pfizer/BioNTech",4915042,2798186,7713228
2021-06-24,"Johnson&Johnson, Moderna, Oxford/AstraZeneca, Pfizer/BioNTech",4944871,2888112,7832983
2021-06-25,"Johnson&Johnson, Moderna, Oxford/AstraZeneca, Pfizer/BioNTech",4975904,2974121,7950025
2021-06-26,"Johnson&Johnson, Moderna, Oxford/AstraZeneca, Pfizer/BioNTech",4991753,3008853,8000606
2021-06-27,"Johnson&Johnson, Moderna, Oxford/AstraZeneca, Pfizer/BioNTech",5005693,3035436,8041129
2021-06-28,"Johnson&Johnson, Moderna, Oxford/AstraZeneca, Pfizer/BioNTech",5034111,3120515,8154626
2021-06-29,"Johnson&Johnson, Moderna, Oxford/AstraZeneca, Pfizer/BioNTech",5063358,3206887,8270245
2021-06-30,"Johnson&Johnson, Moderna, Oxford/AstraZeneca, Pfizer/BioNTech",5090856,3297731,8388587
2021-07-01,"Johnson&Johnson, Moderna, Oxford/AstraZeneca, Pfizer/BioNTech",5114800,3387643,8502443
2021-07-02,"Johnson&Johnson, Moderna, Oxford/AstraZeneca, Pfizer/BioNTech",5141515,3473334,8614849
2021-07-03,"Johnson&Johnson, Moderna, Oxford/AstraZeneca, Pfizer/BioNTech",5148585,3504776,8653361
2021-07-04,"Johnson&Johnson, Moderna, Oxford/AstraZeneca, Pfizer/BioNTech",5156127,3526530,8682657
2021-07-05,"Johnson&Johnson, Moderna, Oxford/AstraZeneca, Pfizer/BioNTech",5163471,3551838,8715309
2021-07-06,"Johnson&Johnson, Moderna, Oxford/AstraZeneca, Pfizer/BioNTech",5168859,3579400,8748259
2021-07-07,"Johnson&Johnson, Moderna, Oxford/AstraZeneca, Pfizer/BioNTech",5194641,3658258,8852899
2021-07-08,"Johnson&Johnson, Moderna, Oxford/AstraZeneca, Pfizer/BioNTech",5221219,3728467,8949686
2021-07-09,"Johnson&Johnson, Moderna, Oxford/AstraZeneca, Pfizer/BioNTech",5249115,3797616,9046731
2021-07-10,"Johnson&Johnson, Moderna, Oxford/AstraZeneca, Pfizer/BioNTech",5258449,3826170,9084619
2021-07-11,"Johnson&Johnson, Moderna, Oxford/AstraZeneca, Pfizer/BioNTech",5266963,3849010,9115973
2021-07-12,"Johnson&Johnson, Moderna, Oxford/AstraZeneca, Pfizer/BioNTech",5294487,3918007,9212494
2021-07-13,"Johnson&Johnson, Moderna, Oxford/AstraZeneca, Pfizer/BioNTech",5320679,3987780,9308459
2021-07-14,"Johnson&Johnson, Moderna, Oxford/AstraZeneca, Pfizer/BioNTech",5346508,4059664,9406172
2021-07-15,"Johnson&Johnson, Moderna, Oxford/AstraZeneca, Pfizer/BioNTech",5375706,4125567,9501273
2021-07-16,"Johnson&Johnson, Moderna, Oxford/AstraZeneca, Pfizer/BioNTech",5403630,4198163,9601793
2021-07-17,"Johnson&Johnson, Moderna, Oxford/AstraZeneca, Pfizer/BioNTech",5412380,4229537,9641917
2021-07-18,"Johnson&Johnson, Moderna, Oxford/AstraZeneca, Pfizer/BioNTech",5420814,4255497,9676311
2021-07-19,"Johnson&Johnson, Moderna, Oxford/AstraZeneca, Pfizer/BioNTech",5444147,4322427,9766574
2021-07-20,"Johnson&Johnson, Moderna, Oxford/AstraZeneca, Pfizer/BioNTech",5465520,4389372,9854892
2021-07-21,"Johnson&Johnson, Moderna, Oxford/AstraZeneca, Pfizer/BioNTech",5488953,4452717,9941670
2021-07-22,"Johnson&Johnson, Moderna, Oxford/AstraZeneca, Pfizer/BioNTech",5511288,4511230,10022518
2021-07-23,"Johnson&Johnson, Moderna, Oxford/AstraZeneca, Pfizer/BioNTech",5534455,4565854,10100309
2021-07-24,"Johnson&Johnson, Moderna, Oxford/AstraZeneca, Pfizer/BioNTech",5541749,4593442,10135191
2021-07-25,"Johnson&Johnson, Moderna, Oxford/AstraZeneca, Pfizer/BioNTech",5548347,4615435,10163782
2021-07-26,"Johnson&Johnson, Moderna, Oxford/AstraZeneca, Pfizer/BioNTech",5571844,4663985,10235829
2021-07-27,"Johnson&Johnson, Moderna, Oxford/AstraZeneca, Pfizer/BioNTech",5594535,4710500,10305035
2021-07-28,"Johnson&Johnson, Moderna, Oxford/AstraZeneca, Pfizer/BioNTech",5615752,4756368,10372120
2021-07-29,"Johnson&Johnson, Moderna, Oxford/AstraZeneca, Pfizer/BioNTech",5637028,4798198,10435226
2021-07-30,"Johnson&Johnson, Moderna, Oxford/AstraZeneca, Pfizer/BioNTech",5660284,4840644,10500928
2021-07-31,"Johnson&Johnson, Moderna, Oxford/AstraZeneca, Pfizer/BioNTech",5669201,4860128,10529329
2021-08-01,"Johnson&Johnson, Moderna, Oxford/AstraZeneca, Pfizer/BioNTech",5675908,4876252,10552160
2021-08-02,"Johnson&Johnson, Moderna, Oxford/AstraZeneca, Pfizer/BioNTech",5694500,4913713,10608213
2021-08-03,"Johnson&Johnson, Moderna, Oxford/AstraZeneca, Pfizer/BioNTech",5712102,4951726,10663828
2021-08-04,"Johnson&Johnson, Moderna, Oxford/AstraZeneca, Pfizer/BioNTech",5728158,4988363,10716521
2021-08-05,"Johnson&Johnson, Moderna, Oxford/AstraZeneca, Pfizer/BioNTech",5744146,5028734,10772880
2021-08-06,"Johnson&Johnson, Moderna, Oxford/AstraZeneca, Pfizer/BioNTech",5760903,5071898,10832801
2021-08-07,"Johnson&Johnson, Moderna, Oxford/AstraZeneca, Pfizer/BioNTech",5766472,5090012,10856484
2021-08-08,"Johnson&Johnson, Moderna, Oxford/AstraZeneca, Pfizer/BioNTech",5770818,5105729,10876547
2021-08-09,"Johnson&Johnson, Moderna, Oxford/AstraZeneca, Pfizer/BioNTech",5783433,5150705,10934138
2021-08-10,"Johnson&Johnson, Moderna, Oxford/AstraZeneca, Pfizer/BioNTech",5795229,5190183,10985412
2021-08-11,"Johnson&Johnson, Moderna, Oxford/AstraZeneca, Pfizer/BioNTech",5806566,5233238,11039804
2021-08-12,"Johnson&Johnson, Moderna, Oxford/AstraZeneca, Pfizer/BioNTech",5817949,5270231,11088180
2021-08-13,"Johnson&Johnson, Moderna, Oxford/AstraZeneca, Pfizer/BioNTech",5828607,5310459,11139066
2021-08-14,"Johnson&Johnson, Moderna, Oxford/AstraZeneca, Pfizer/BioNTech",5831941,5321120,11153061
2021-08-15,"Johnson&Johnson, Moderna, Oxford/AstraZeneca, Pfizer/BioNTech",5834517,5331468,11165985
2021-08-16,"Johnson&Johnson, Moderna, Oxford/AstraZeneca, Pfizer/BioNTech",5844279,5365453,11209732
2021-08-17,"Johnson&Johnson, Moderna, Oxford/AstraZeneca, Pfizer/BioNTech",5853837,5392480,11246317
2021-08-18,"Johnson&Johnson, Moderna, Oxford/AstraZeneca, Pfizer/BioNTech",5863183,5431271,11294454
2021-08-19,"Johnson&Johnson, Moderna, Oxford/AstraZeneca, Pfizer/BioNTech",5872792,5469540,11342332
2021-08-20,"Johnson&Johnson, Moderna, Oxford/AstraZeneca, Pfizer/BioNTech",5884111,5509653,11393764
2021-08-21,"Johnson&Johnson, Moderna, Oxford/AstraZeneca, Pfizer/BioNTech",5886810,5522379,11409189
2021-08-22,"Johnson&Johnson, Moderna, Oxford/AstraZeneca, Pfizer/BioNTech",5889148,5534320,11423468
2021-08-23,"Johnson&Johnson, Moderna, Oxford/AstraZeneca, Pfizer/BioNTech",5899639,5573488,11473127
2021-08-24,"Johnson&Johnson, Moderna, Oxford/AstraZeneca, Pfizer/BioNTech",5909476,5606668,11516144
2021-08-25,"Johnson&Johnson, Moderna, Oxford/AstraZeneca, Pfizer/BioNTech",5918299,5634960,11553259
2021-08-26,"Johnson&Johnson, Moderna, Oxford/AstraZeneca, Pfizer/BioNTech",5926696,5661008,11587704
2021-08-27,"Johnson&Johnson, Moderna, Oxford/AstraZeneca, Pfizer/BioNTech",5936980,5686888,11623868
2021-08-28,"Johnson&Johnson, Moderna, Oxford/AstraZeneca, Pfizer/BioNTech",5939693,5693898,11633591
2021-08-29,"Johnson&Johnson, Moderna, Oxford/AstraZeneca, Pfizer/BioNTech",5942092,5700506,11642598
2021-08-30,"Johnson&Johnson, Moderna, Oxford/AstraZeneca, Pfizer/BioNTech",5950576,5722308,11672884
2021-08-31,"Johnson&Johnson, Moderna, Oxford/AstraZeneca, Pfizer/BioNTech",5958200,5740328,11698528
2021-09-01,"Johnson&Johnson, Moderna, Oxford/AstraZeneca, Pfizer/BioNTech",5964038,5754260,11718298
2021-09-02,"Johnson&Johnson, Moderna, Oxford/AstraZeneca, Pfizer/BioNTech",5970755,5768587,11739342
2021-09-03,"Johnson&Johnson, Moderna, Oxford/AstraZeneca, Pfizer/BioNTech",5980171,5784209,11764380
2021-09-04,"Johnson&Johnson, Moderna, Oxford/AstraZeneca, Pfizer/BioNTech",5982211,5787735,11769946
2021-09-05,"Johnson&Johnson, Moderna, Pfizer/BioNTech",5984237,5790558,11774795
2021-09-06,"Johnson&Johnson, Moderna, Oxford/AstraZeneca, Pfizer/BioNTech",5990345,5803024,11793369
2021-09-07,"Johnson&Johnson, Moderna, Oxford/AstraZeneca, Pfizer/BioNTech",5994650,5814048,11808698
2021-09-08,"Johnson&Johnson, Moderna, Oxford/AstraZeneca, Pfizer/BioNTech",6000202,5823843,11824045
2021-09-09,"Johnson&Johnson, Moderna, Oxford/AstraZeneca, Pfizer/BioNTech",6006783,5833855,11840638
2021-09-10,"Johnson&Johnson, Moderna, Oxford/AstraZeneca, Pfizer/BioNTech",6014292,5845923,11860215
2021-09-11,"Johnson&Johnson, Moderna, Pfizer/BioNTech",6016141,5848384,11864525
2021-09-12,"Johnson&Johnson, Moderna, Oxford/AstraZeneca, Pfizer/BioNTech",6017243,5849996,11867239
2021-09-13,"Johnson&Johnson, Moderna, Oxford/AstraZeneca, Pfizer/BioNTech",6022548,5860194,11882742
2021-09-14,"Johnson&Johnson, Moderna, Oxford/AstraZeneca, Pfizer/BioNTech",6027810,5869119,11896929
2021-09-15,"Johnson&Johnson, Moderna, Oxford/AstraZeneca, Pfizer/BioNTech",6032899,5877560,11910459
2021-09-16,"Johnson&Johnson, Moderna, Oxford/AstraZeneca, Pfizer/BioNTech",6038049,5885768,11923817
2021-09-17,"Johnson&Johnson, Moderna, Oxford/AstraZeneca, Pfizer/BioNTech",6044407,5895835,11940242
2021-09-18,"Johnson&Johnson, Moderna, Pfizer/BioNTech",6046105,5898162,11944267
2021-09-19,"Johnson&Johnson, Moderna, Pfizer/BioNTech",6047035,5899717,11946752
2021-09-20,"Johnson&Johnson, Moderna, Oxford/AstraZeneca, Pfizer/BioNTech",6050867,5907790,11958657
2021-09-21,"Johnson&Johnson, Moderna, Oxford/AstraZeneca, Pfizer/BioNTech",6054860,5915255,11970115
2021-09-22,"Johnson&Johnson, Moderna, Oxford/AstraZeneca, Pfizer/BioNTech",6058887,5920682,11979569
2021-09-23,"Johnson&Johnson, Moderna, Oxford/AstraZeneca, Pfizer/BioNTech",6063769,5927011,11990780
2021-09-24,"Johnson&Johnson, Moderna, Oxford/AstraZeneca, Pfizer/BioNTech",6069319,5936462,12005781
2021-09-25,"Johnson&Johnson, Moderna, Oxford/AstraZeneca, Pfizer/BioNTech",6070770,5938407,12009177
2021-09-26,"Johnson&Johnson, Moderna, Pfizer/BioNTech",6071506,5940021,12011527
2021-09-27,"Johnson&Johnson, Moderna, Oxford/AstraZeneca, Pfizer/BioNTech",6075259,5946415,12021674
2021-09-28,"Johnson&Johnson, Moderna, Pfizer/BioNTech",6075578,5946999,12022577
2021-09-29,"Johnson&Johnson, Moderna, Oxford/AstraZeneca, Pfizer/BioNTech",6079224,5954290,12033514
2021-09-30,"Johnson&Johnson, Moderna, Oxford/AstraZeneca, Pfizer/BioNTech",6083485,5961819,12045304
2021-10-01,"Johnson&Johnson, Moderna, Oxford/AstraZeneca, Pfizer/BioNTech",6087434,5969546,12056980
2021-10-02,"Johnson&Johnson, Moderna, Pfizer/BioNTech",6088415,5971018,12059433
2021-10-03,"Johnson&Johnson, Moderna, Pfizer/BioNTech",6089058,5971822,12060880
2021-10-04,"Johnson&Johnson, Moderna, Oxford/AstraZeneca, Pfizer/BioNTech",6091548,5976606,12068154
