date,vaccine,people_vaccinated,people_fully_vaccinated,total_vaccinations
2020-12-27,Pfizer/BioNTech,1258,0,1258
2020-12-28,Pfizer/BioNTech,3555,0,3555
2020-12-29,Pfizer/BioNTech,7005,0,7005
2020-12-30,Pfizer/BioNTech,10477,0,10477
2020-12-31,Pfizer/BioNTech,11791,0,11791
2021-01-01,Pfizer/BioNTech,12054,0,12054
2021-01-02,Pfizer/BioNTech,13312,0,13312
2021-01-03,Pfizer/BioNTech,14229,0,14229
2021-01-04,Pfizer/BioNTech,17808,0,17808
2021-01-05,Pfizer/BioNTech,22329,0,22329
2021-01-06,Pfizer/BioNTech,28159,0,28159
2021-01-07,Pfizer/BioNTech,36129,0,36129
2021-01-08,Pfizer/BioNTech,46091,0,46091
2021-01-09,Pfizer/BioNTech,48100,0,48100
2021-01-10,Pfizer/BioNTech,49823,0,49823
2021-01-11,Pfizer/BioNTech,59621,0,59621
2021-01-12,Pfizer/BioNTech,73018,0,73018
2021-01-13,Pfizer/BioNTech,86517,0,86517
2021-01-14,"Moderna, Pfizer/BioNTech",101708,0,101708
2021-01-15,"Moderna, Pfizer/BioNTech",115645,0,115645
2021-01-16,"Moderna, Pfizer/BioNTech",119023,0,119023
2021-01-17,"Moderna, Pfizer/BioNTech",121619,634,122253
2021-01-18,"Moderna, Pfizer/BioNTech",134076,2437,136513
2021-01-19,"Moderna, Pfizer/BioNTech",146496,5137,151633
2021-01-20,"Moderna, Pfizer/BioNTech",160045,7759,167804
2021-01-21,"Moderna, Pfizer/BioNTech",175524,9482,185006
2021-01-22,"Moderna, Pfizer/BioNTech",190251,10518,200769
2021-01-23,"Moderna, Pfizer/BioNTech",193513,11383,204896
2021-01-24,"Moderna, Pfizer/BioNTech",195753,12244,207997
2021-01-25,"Moderna, Pfizer/BioNTech",205356,15186,220542
2021-01-26,"Moderna, Pfizer/BioNTech",215836,19144,234980
2021-01-27,"Moderna, Pfizer/BioNTech",224779,23630,248409
2021-01-28,"Moderna, Pfizer/BioNTech",231807,29713,261520
2021-01-29,"Moderna, Pfizer/BioNTech",237982,37490,275472
2021-01-30,"Moderna, Pfizer/BioNTech",238697,38571,277268
2021-01-31,Pfizer/BioNTech,239396,39709,279105
2021-02-01,"Moderna, Pfizer/BioNTech",243214,47555,290769
2021-02-02,"Moderna, Pfizer/BioNTech",247317,57700,305017
2021-02-03,"Moderna, Pfizer/BioNTech",251697,68641,320338
2021-02-04,"Moderna, Pfizer/BioNTech",256567,81527,338094
2021-02-05,"Moderna, Pfizer/BioNTech",261967,92106,354073
2021-02-06,"Moderna, Pfizer/BioNTech",262799,94430,357229
2021-02-07,"Moderna, Pfizer/BioNTech",263642,96894,360536
2021-02-08,"Moderna, Pfizer/BioNTech",267640,108202,375842
2021-02-09,"Moderna, Pfizer/BioNTech",272664,120030,392694
2021-02-10,"Moderna, Pfizer/BioNTech",278165,133099,411264
2021-02-11,"Moderna, Oxford/AstraZeneca, Pfizer/BioNTech",284356,149039,433395
2021-02-12,"Moderna, Oxford/AstraZeneca, Pfizer/BioNTech",291023,163622,454645
2021-02-13,"Moderna, Oxford/AstraZeneca, Pfizer/BioNTech",292594,166571,459165
2021-02-14,"Moderna, Oxford/AstraZeneca, Pfizer/BioNTech",293572,167937,461509
2021-02-15,"Moderna, Oxford/AstraZeneca, Pfizer/BioNTech",299881,177218,477099
2021-02-16,"Moderna, Oxford/AstraZeneca, Pfizer/BioNTech",308435,186101,494536
2021-02-17,"Moderna, Oxford/AstraZeneca, Pfizer/BioNTech",318012,194303,512315
2021-02-18,"Moderna, Oxford/AstraZeneca, Pfizer/BioNTech",330190,202185,532375
2021-02-19,"Moderna, Oxford/AstraZeneca, Pfizer/BioNTech",341873,209377,551250
2021-02-20,"Moderna, Oxford/AstraZeneca, Pfizer/BioNTech",343778,210539,554317
2021-02-21,"Moderna, Oxford/AstraZeneca, Pfizer/BioNTech",344792,211542,556334
2021-02-22,"Moderna, Oxford/AstraZeneca, Pfizer/BioNTech",354729,217503,572232
2021-02-23,"Moderna, Oxford/AstraZeneca, Pfizer/BioNTech",367383,224380,591763
2021-02-24,"Moderna, Oxford/AstraZeneca, Pfizer/BioNTech",381080,230321,611401
2021-02-25,"Moderna, Oxford/AstraZeneca, Pfizer/BioNTech",398716,235809,634525
2021-02-26,"Moderna, Oxford/AstraZeneca, Pfizer/BioNTech",414599,241039,655638
2021-02-27,"Moderna, Oxford/AstraZeneca, Pfizer/BioNTech",417505,241583,659088
2021-02-28,"Moderna, Oxford/AstraZeneca, Pfizer/BioNTech",419821,242121,661942
2021-03-01,"Moderna, Oxford/AstraZeneca, Pfizer/BioNTech",438822,245427,684249
2021-03-02,"Moderna, Oxford/AstraZeneca, Pfizer/BioNTech",465368,248912,714280
2021-03-03,"Moderna, Oxford/AstraZeneca, Pfizer/BioNTech",495121,253302,748423
2021-03-04,"Moderna, Oxford/AstraZeneca, Pfizer/BioNTech",527163,257852,785015
2021-03-05,"Moderna, Oxford/AstraZeneca, Pfizer/BioNTech",555005,263151,818156
2021-03-06,"Moderna, Oxford/AstraZeneca, Pfizer/BioNTech",566312,263980,830292
2021-03-07,"Moderna, Oxford/AstraZeneca, Pfizer/BioNTech",577092,264801,841893
2021-03-08,"Moderna, Oxford/AstraZeneca, Pfizer/BioNTech",606043,269483,875526
2021-03-09,"Moderna, Oxford/AstraZeneca, Pfizer/BioNTech",641236,275757,916993
2021-03-10,"Moderna, Oxford/AstraZeneca, Pfizer/BioNTech",681590,282600,964190
2021-03-11,"Moderna, Oxford/AstraZeneca, Pfizer/BioNTech",725335,290697,1016032
2021-03-12,"Moderna, Oxford/AstraZeneca, Pfizer/BioNTech",763296,298963,1062259
2021-03-13,"Moderna, Oxford/AstraZeneca, Pfizer/BioNTech",779986,300225,1080211
2021-03-14,"Moderna, Oxford/AstraZeneca, Pfizer/BioNTech",791761,301329,1093090
2021-03-15,"Moderna, Oxford/AstraZeneca, Pfizer/BioNTech",819261,309994,1129255
2021-03-16,"Moderna, Oxford/AstraZeneca, Pfizer/BioNTech",856946,320261,1177207
2021-03-17,"Moderna, Oxford/AstraZeneca, Pfizer/BioNTech",892919,330589,1223508
2021-03-18,"Moderna, Oxford/AstraZeneca, Pfizer/BioNTech",928943,342638,1271581
2021-03-19,"Moderna, Oxford/AstraZeneca, Pfizer/BioNTech",960463,355201,1315664
2021-03-20,"Moderna, Oxford/AstraZeneca, Pfizer/BioNTech",973592,357083,1330675
