date,vaccine,people_vaccinated,people_fully_vaccinated,total_vaccinations
2020-12-27,Pfizer/BioNTech,1250,0,1250
2020-12-28,Pfizer/BioNTech,3544,0,3544
2020-12-29,Pfizer/BioNTech,6987,0,6987
2020-12-30,Pfizer/BioNTech,10454,0,10454
2020-12-31,Pfizer/BioNTech,11759,0,11759
2021-01-01,Pfizer/BioNTech,12019,0,12019
2021-01-02,Pfizer/BioNTech,13268,0,13268
2021-01-03,Pfizer/BioNTech,14181,0,14181
2021-01-04,Pfizer/BioNTech,17747,0,17747
2021-01-05,Pfizer/BioNTech,22239,0,22239
2021-01-06,Pfizer/BioNTech,28051,0,28051
2021-01-07,Pfizer/BioNTech,36002,0,36002
2021-01-08,Pfizer/BioNTech,45925,0,45925
2021-01-09,Pfizer/BioNTech,47933,0,47933
2021-01-10,Pfizer/BioNTech,49656,0,49656
2021-01-11,Pfizer/BioNTech,59433,0,59433
2021-01-12,Pfizer/BioNTech,72782,0,72782
2021-01-13,Pfizer/BioNTech,86248,0,86248
2021-01-14,"Moderna, Pfizer/BioNTech",101409,0,101409
2021-01-15,"Moderna, Pfizer/BioNTech",115327,0,115327
2021-01-16,"Moderna, Pfizer/BioNTech",118698,2,118700
2021-01-17,"Moderna, Pfizer/BioNTech",121291,633,121924
2021-01-18,"Moderna, Pfizer/BioNTech",133743,2358,136101
2021-01-19,"Moderna, Pfizer/BioNTech",146177,5055,151232
2021-01-20,"Moderna, Pfizer/BioNTech",159714,7671,167385
2021-01-21,"Moderna, Pfizer/BioNTech",175248,9389,184637
2021-01-22,"Moderna, Pfizer/BioNTech",189974,10422,200396
2021-01-23,"Moderna, Pfizer/BioNTech",193241,11287,204528
2021-01-24,"Moderna, Pfizer/BioNTech",195480,12148,207628
2021-01-25,"Moderna, Pfizer/BioNTech",205079,15086,220165
2021-01-26,"Moderna, Pfizer/BioNTech",215562,19035,234597
2021-01-27,"Moderna, Pfizer/BioNTech",224535,23516,248051
2021-01-28,"Moderna, Pfizer/BioNTech",231564,29593,261157
2021-01-29,"Moderna, Pfizer/BioNTech",237738,37376,275114
2021-01-30,"Moderna, Pfizer/BioNTech",238455,38455,276910
2021-01-31,Pfizer/BioNTech,239156,39595,278751
2021-02-01,"Moderna, Pfizer/BioNTech",243090,47456,290546
2021-02-02,"Moderna, Pfizer/BioNTech",247204,57607,304811
2021-02-03,"Moderna, Pfizer/BioNTech",251585,68545,320130
2021-02-04,"Moderna, Pfizer/BioNTech",256450,81441,337891
2021-02-05,"Moderna, Pfizer/BioNTech",261878,92031,353909
2021-02-06,"Moderna, Pfizer/BioNTech",262711,94359,357070
2021-02-07,"Moderna, Pfizer/BioNTech",263554,96828,360382
2021-02-08,"Moderna, Pfizer/BioNTech",267560,108146,375706
2021-02-09,"Moderna, Pfizer/BioNTech",272592,119980,392572
2021-02-10,"Moderna, Pfizer/BioNTech",278108,133055,411163
2021-02-11,"Moderna, Oxford/AstraZeneca, Pfizer/BioNTech",284381,149100,433481
2021-02-12,"Moderna, Oxford/AstraZeneca, Pfizer/BioNTech",291074,163693,454767
2021-02-13,"Moderna, Oxford/AstraZeneca, Pfizer/BioNTech",292642,166645,459287
2021-02-14,"Moderna, Oxford/AstraZeneca, Pfizer/BioNTech",293630,168010,461640
2021-02-15,"Moderna, Oxford/AstraZeneca, Pfizer/BioNTech",299997,177299,477296
2021-02-16,"Moderna, Oxford/AstraZeneca, Pfizer/BioNTech",308621,186214,494835
2021-02-17,"Moderna, Oxford/AstraZeneca, Pfizer/BioNTech",318257,194380,512637
2021-02-18,"Moderna, Oxford/AstraZeneca, Pfizer/BioNTech",330487,202343,532830
2021-02-19,"Moderna, Oxford/AstraZeneca, Pfizer/BioNTech",342202,209553,551755
2021-02-20,"Moderna, Oxford/AstraZeneca, Pfizer/BioNTech",344114,210715,554829
2021-02-21,"Moderna, Oxford/AstraZeneca, Pfizer/BioNTech",345132,211717,556849
2021-02-22,"Moderna, Oxford/AstraZeneca, Pfizer/BioNTech",355183,217689,572872
2021-02-23,"Moderna, Oxford/AstraZeneca, Pfizer/BioNTech",367974,224573,592547
2021-02-24,"Moderna, Oxford/AstraZeneca, Pfizer/BioNTech",381729,230548,612277
2021-02-25,"Moderna, Oxford/AstraZeneca, Pfizer/BioNTech",399572,236045,635617
2021-02-26,"Moderna, Oxford/AstraZeneca, Pfizer/BioNTech",415558,241297,656855
2021-02-27,"Moderna, Oxford/AstraZeneca, Pfizer/BioNTech",418484,241845,660329
2021-02-28,"Moderna, Oxford/AstraZeneca, Pfizer/BioNTech",420811,242384,663195
2021-03-01,"Moderna, Oxford/AstraZeneca, Pfizer/BioNTech",440075,245807,685882
2021-03-02,"Moderna, Oxford/AstraZeneca, Pfizer/BioNTech",466796,249312,716108
2021-03-03,"Moderna, Oxford/AstraZeneca, Pfizer/BioNTech",497106,253773,750879
2021-03-04,"Moderna, Oxford/AstraZeneca, Pfizer/BioNTech",529716,258383,788099
2021-03-05,"Moderna, Oxford/AstraZeneca, Pfizer/BioNTech",558134,263706,821840
2021-03-06,"Moderna, Oxford/AstraZeneca, Pfizer/BioNTech",570081,264524,834605
2021-03-07,"Moderna, Oxford/AstraZeneca, Pfizer/BioNTech",581424,265347,846771
2021-03-08,"Moderna, Oxford/AstraZeneca, Pfizer/BioNTech",610853,270129,880982
2021-03-09,"Moderna, Oxford/AstraZeneca, Pfizer/BioNTech",646660,276439,923099
2021-03-10,"Moderna, Oxford/AstraZeneca, Pfizer/BioNTech",687459,283325,970784
2021-03-11,"Moderna, Oxford/AstraZeneca, Pfizer/BioNTech",731771,291611,1023382
2021-03-12,"Moderna, Oxford/AstraZeneca, Pfizer/BioNTech",770049,299944,1069993
2021-03-13,"Moderna, Oxford/AstraZeneca, Pfizer/BioNTech",786971,301210,1088181
2021-03-14,"Moderna, Oxford/AstraZeneca, Pfizer/BioNTech",798987,302330,1101317
2021-03-15,"Moderna, Oxford/AstraZeneca, Pfizer/BioNTech",826961,311018,1137979
2021-03-16,"Moderna, Oxford/AstraZeneca, Pfizer/BioNTech",865369,321427,1186796
2021-03-17,"Moderna, Oxford/AstraZeneca, Pfizer/BioNTech",902437,331847,1234284
2021-03-18,"Moderna, Oxford/AstraZeneca, Pfizer/BioNTech",939882,344165,1284047
2021-03-19,"Moderna, Oxford/AstraZeneca, Pfizer/BioNTech",973801,357647,1331448
2021-03-20,"Moderna, Oxford/AstraZeneca, Pfizer/BioNTech",988702,359642,1348344
2021-03-21,"Moderna, Oxford/AstraZeneca, Pfizer/BioNTech",996018,361161,1357179
2021-03-22,"Moderna, Oxford/AstraZeneca, Pfizer/BioNTech",1019873,373489,1393362
2021-03-23,"Moderna, Oxford/AstraZeneca, Pfizer/BioNTech",1045805,386694,1432499
2021-03-24,"Moderna, Oxford/AstraZeneca, Pfizer/BioNTech",1072244,402241,1474485
2021-03-25,"Moderna, Oxford/AstraZeneca, Pfizer/BioNTech",1098168,419992,1518160
2021-03-26,"Moderna, Oxford/AstraZeneca, Pfizer/BioNTech",1122472,437315,1559787
2021-03-27,"Moderna, Oxford/AstraZeneca, Pfizer/BioNTech",1130746,442058,1572804
2021-03-28,"Moderna, Oxford/AstraZeneca, Pfizer/BioNTech",1136200,446138,1582338
2021-03-29,"Moderna, Oxford/AstraZeneca, Pfizer/BioNTech",1154984,466605,1621589
2021-03-30,"Moderna, Oxford/AstraZeneca, Pfizer/BioNTech",1179306,488571,1667877
2021-03-31,"Moderna, Oxford/AstraZeneca, Pfizer/BioNTech",1201906,515269,1717175
2021-04-01,"Moderna, Oxford/AstraZeneca, Pfizer/BioNTech",1226825,546948,1773773
2021-04-02,"Moderna, Oxford/AstraZeneca, Pfizer/BioNTech",1233492,559616,1793108
2021-04-03,"Moderna, Oxford/AstraZeneca, Pfizer/BioNTech",1236928,570461,1807389
2021-04-04,"Moderna, Oxford/AstraZeneca, Pfizer/BioNTech",1239375,579159,1818534
2021-04-05,"Moderna, Oxford/AstraZeneca, Pfizer/BioNTech",1241647,586274,1827921
2021-04-06,"Moderna, Oxford/AstraZeneca, Pfizer/BioNTech",1257405,615222,1872627
2021-04-07,"Moderna, Oxford/AstraZeneca, Pfizer/BioNTech",1280280,637033,1917313
2021-04-08,"Moderna, Oxford/AstraZeneca, Pfizer/BioNTech",1317457,667610,1985067
2021-04-09,"Moderna, Oxford/AstraZeneca, Pfizer/BioNTech",1355171,697207,2052378
2021-04-10,"Moderna, Oxford/AstraZeneca, Pfizer/BioNTech",1370065,712307,2082372
2021-04-11,"Moderna, Oxford/AstraZeneca, Pfizer/BioNTech",1379547,722262,2101809
2021-04-12,"Moderna, Oxford/AstraZeneca, Pfizer/BioNTech",1416563,746778,2163341
2021-04-13,"Moderna, Oxford/AstraZeneca, Pfizer/BioNTech",1451439,772348,2223787
2021-04-14,"Moderna, Oxford/AstraZeneca, Pfizer/BioNTech",1489028,799271,2288299
2021-04-15,"Moderna, Oxford/AstraZeneca, Pfizer/BioNTech",1535270,823912,2359182
2021-04-16,"Moderna, Oxford/AstraZeneca, Pfizer/BioNTech",1577171,847769,2424940
2021-04-17,"Moderna, Oxford/AstraZeneca, Pfizer/BioNTech",1592624,856274,2448898
