date,vaccine,people_vaccinated,people_fully_vaccinated,total_vaccinations
2020-12-23,Pfizer/BioNTech,1,0,1
2020-12-27,Pfizer/BioNTech,1259,0,1259
2020-12-28,Pfizer/BioNTech,3559,0,3559
2020-12-29,Pfizer/BioNTech,7013,0,7013
2020-12-30,Pfizer/BioNTech,10503,0,10503
2020-12-31,Pfizer/BioNTech,11809,0,11809
2021-01-01,Pfizer/BioNTech,12071,0,12071
2021-01-02,Pfizer/BioNTech,13341,0,13341
2021-01-03,Pfizer/BioNTech,14258,0,14258
2021-01-04,"Moderna, Pfizer/BioNTech",17845,0,17845
2021-01-05,Pfizer/BioNTech,22344,0,22344
2021-01-06,Pfizer/BioNTech,28175,0,28175
2021-01-07,Pfizer/BioNTech,36132,0,36132
2021-01-08,Pfizer/BioNTech,46095,0,46095
2021-01-09,Pfizer/BioNTech,48110,0,48110
2021-01-10,Pfizer/BioNTech,49868,0,49868
2021-01-11,Pfizer/BioNTech,59682,0,59682
2021-01-12,Pfizer/BioNTech,73076,0,73076
2021-01-13,Pfizer/BioNTech,86569,0,86569
2021-01-14,"Moderna, Pfizer/BioNTech",101752,0,101752
2021-01-15,"Moderna, Pfizer/BioNTech",115707,0,115707
2021-01-16,"Moderna, Pfizer/BioNTech",119082,2,119084
2021-01-17,"Moderna, Pfizer/BioNTech",121682,639,122321
2021-01-18,"Moderna, Pfizer/BioNTech",134148,2458,136606
2021-01-19,"Moderna, Pfizer/BioNTech",146667,5166,151833
2021-01-20,"Moderna, Pfizer/BioNTech",160293,7805,168098
2021-01-21,"Moderna, Pfizer/BioNTech",175886,9534,185420
2021-01-22,"Moderna, Pfizer/BioNTech",190696,10576,201272
2021-01-23,"Moderna, Pfizer/BioNTech",193989,11446,205435
2021-01-24,"Moderna, Pfizer/BioNTech",196233,12312,208545
2021-01-25,"Moderna, Pfizer/BioNTech",205840,15275,221115
2021-01-26,"Moderna, Pfizer/BioNTech",216346,19244,235590
2021-01-27,"Moderna, Pfizer/BioNTech",225345,23751,249096
2021-01-28,"Moderna, Pfizer/BioNTech",232401,29851,262252
2021-01-29,"Moderna, Pfizer/BioNTech",238589,37703,276292
2021-01-30,"Moderna, Pfizer/BioNTech",239315,38789,278104
2021-01-31,"Moderna, Pfizer/BioNTech",240018,39965,279983
2021-02-01,"Moderna, Pfizer/BioNTech",243975,47867,291842
2021-02-02,"Moderna, Pfizer/BioNTech",248095,58067,306162
2021-02-03,"Moderna, Pfizer/BioNTech",252490,69035,321525
2021-02-04,"Moderna, Pfizer/BioNTech",257373,81978,339351
2021-02-05,"Moderna, Pfizer/BioNTech",262814,92616,355430
2021-02-06,"Moderna, Pfizer/BioNTech",263651,94958,358609
2021-02-07,"Moderna, Pfizer/BioNTech",264499,97435,361934
2021-02-08,"Moderna, Pfizer/BioNTech",268533,108805,377338
2021-02-09,"Moderna, Oxford/AstraZeneca, Pfizer/BioNTech",273605,120709,394314
2021-02-10,"Moderna, Pfizer/BioNTech",279080,133898,412978
2021-02-11,"Moderna, Oxford/AstraZeneca, Pfizer/BioNTech",285370,150047,435417
2021-02-12,"Moderna, Oxford/AstraZeneca, Pfizer/BioNTech",292090,164711,456801
2021-02-13,"Moderna, Oxford/AstraZeneca, Pfizer/BioNTech",293675,167687,461362
2021-02-14,"Moderna, Oxford/AstraZeneca, Pfizer/BioNTech",294666,169060,463726
2021-02-15,"Moderna, Oxford/AstraZeneca, Pfizer/BioNTech",301046,178377,479423
2021-02-16,"Moderna, Oxford/AstraZeneca, Pfizer/BioNTech",309739,187407,497146
2021-02-17,"Moderna, Oxford/AstraZeneca, Pfizer/BioNTech",319408,195669,515077
2021-02-18,"Moderna, Oxford/AstraZeneca, Pfizer/BioNTech",331691,203680,535371
2021-02-19,"Moderna, Oxford/AstraZeneca, Pfizer/BioNTech",343517,210978,554495
2021-02-20,"Moderna, Oxford/AstraZeneca, Pfizer/BioNTech",345486,212144,557630
2021-02-21,"Moderna, Oxford/AstraZeneca, Pfizer/BioNTech",346590,213153,559743
2021-02-22,"Moderna, Oxford/AstraZeneca, Pfizer/BioNTech",356684,219148,575832
2021-02-23,"Moderna, Oxford/AstraZeneca, Pfizer/BioNTech",369575,226087,595662
2021-02-24,"Moderna, Oxford/AstraZeneca, Pfizer/BioNTech",383404,232089,615493
2021-02-25,"Moderna, Oxford/AstraZeneca, Pfizer/BioNTech",401340,237613,638953
2021-02-26,"Moderna, Oxford/AstraZeneca, Pfizer/BioNTech",417466,242928,660394
2021-02-27,"Moderna, Oxford/AstraZeneca, Pfizer/BioNTech",420461,243476,663937
2021-02-28,"Moderna, Oxford/AstraZeneca, Pfizer/BioNTech",422802,244021,666823
2021-03-01,"Moderna, Oxford/AstraZeneca, Pfizer/BioNTech",442293,247426,689719
2021-03-02,"Moderna, Oxford/AstraZeneca, Pfizer/BioNTech",469453,250952,720405
2021-03-03,"Moderna, Oxford/AstraZeneca, Pfizer/BioNTech",500215,255429,755644
2021-03-04,"Moderna, Oxford/AstraZeneca, Pfizer/BioNTech",533351,260085,793436
2021-03-05,"Johnson&Johnson, Moderna, Oxford/AstraZeneca, Pfizer/BioNTech",562057,265461,827518
2021-03-06,"Moderna, Oxford/AstraZeneca, Pfizer/BioNTech",574149,266300,840449
2021-03-07,"Moderna, Oxford/AstraZeneca, Pfizer/BioNTech",585537,267130,852667
2021-03-08,"Johnson&Johnson, Moderna, Oxford/AstraZeneca, Pfizer/BioNTech",615136,271945,887081
2021-03-09,"Moderna, Oxford/AstraZeneca, Pfizer/BioNTech",651298,278295,929593
2021-03-10,"Moderna, Oxford/AstraZeneca, Pfizer/BioNTech",692426,285219,977645
2021-03-11,"Moderna, Oxford/AstraZeneca, Pfizer/BioNTech",737080,293556,1030636
2021-03-12,"Moderna, Oxford/AstraZeneca, Pfizer/BioNTech",775702,301988,1077690
2021-03-13,"Moderna, Oxford/AstraZeneca, Pfizer/BioNTech",792728,303273,1096001
2021-03-14,"Moderna, Oxford/AstraZeneca, Pfizer/BioNTech",804795,304404,1109199
2021-03-15,"Moderna, Oxford/AstraZeneca, Pfizer/BioNTech",833065,313159,1146224
2021-03-16,"Moderna, Oxford/AstraZeneca, Pfizer/BioNTech",871850,323652,1195502
2021-03-17,"Moderna, Oxford/AstraZeneca, Pfizer/BioNTech",909237,334117,1243354
2021-03-18,"Johnson&Johnson, Moderna, Oxford/AstraZeneca, Pfizer/BioNTech",947065,346490,1293555
2021-03-19,"Moderna, Oxford/AstraZeneca, Pfizer/BioNTech",981371,360062,1341433
2021-03-20,"Moderna, Oxford/AstraZeneca, Pfizer/BioNTech",996448,362071,1358519
2021-03-21,"Moderna, Oxford/AstraZeneca, Pfizer/BioNTech",1003822,363609,1367431
2021-03-22,"Johnson&Johnson, Moderna, Oxford/AstraZeneca, Pfizer/BioNTech",1028175,376048,1404223
2021-03-23,"Johnson&Johnson, Moderna, Oxford/AstraZeneca, Pfizer/BioNTech",1054667,389351,1444018
2021-03-24,"Moderna, Oxford/AstraZeneca, Pfizer/BioNTech",1081444,405014,1486458
2021-03-25,"Moderna, Oxford/AstraZeneca, Pfizer/BioNTech",1107676,422820,1530496
2021-03-26,"Moderna, Oxford/AstraZeneca, Pfizer/BioNTech",1132393,440265,1572658
2021-03-27,"Johnson&Johnson, Moderna, Oxford/AstraZeneca, Pfizer/BioNTech",1140790,445091,1585881
2021-03-28,"Moderna, Oxford/AstraZeneca, Pfizer/BioNTech",1146316,449214,1595530
2021-03-29,"Johnson&Johnson, Moderna, Oxford/AstraZeneca, Pfizer/BioNTech",1165316,469842,1635158
2021-03-30,"Moderna, Oxford/AstraZeneca, Pfizer/BioNTech",1189908,491945,1681853
2021-03-31,"Johnson&Johnson, Moderna, Oxford/AstraZeneca, Pfizer/BioNTech",1212896,518941,1731837
2021-04-01,"Johnson&Johnson, Moderna, Oxford/AstraZeneca, Pfizer/BioNTech",1238400,550851,1789251
2021-04-02,"Johnson&Johnson, Moderna, Oxford/AstraZeneca, Pfizer/BioNTech",1245241,563600,1808841
2021-04-03,"Moderna, Oxford/AstraZeneca, Pfizer/BioNTech",1248803,574491,1823294
2021-04-04,"Moderna, Oxford/AstraZeneca, Pfizer/BioNTech",1251269,583275,1834544
2021-04-05,"Johnson&Johnson, Moderna, Oxford/AstraZeneca, Pfizer/BioNTech",1253599,590427,1844026
2021-04-06,"Johnson&Johnson, Moderna, Oxford/AstraZeneca, Pfizer/BioNTech",1269631,619593,1889224
2021-04-07,"Johnson&Johnson, Moderna, Oxford/AstraZeneca, Pfizer/BioNTech",1292935,641687,1934622
2021-04-08,"Johnson&Johnson, Moderna, Oxford/AstraZeneca, Pfizer/BioNTech",1331375,672522,2003897
2021-04-09,"Johnson&Johnson, Moderna, Oxford/AstraZeneca, Pfizer/BioNTech",1370581,702500,2073081
2021-04-10,"Johnson&Johnson, Moderna, Oxford/AstraZeneca, Pfizer/BioNTech",1385920,717754,2103674
2021-04-11,"Johnson&Johnson, Moderna, Oxford/AstraZeneca, Pfizer/BioNTech",1395630,727756,2123386
2021-04-12,"Johnson&Johnson, Moderna, Oxford/AstraZeneca, Pfizer/BioNTech",1433648,752670,2186318
2021-04-13,"Moderna, Oxford/AstraZeneca, Pfizer/BioNTech",1469697,778559,2248256
2021-04-14,"Moderna, Oxford/AstraZeneca, Pfizer/BioNTech",1508361,805847,2314208
2021-04-15,"Moderna, Oxford/AstraZeneca, Pfizer/BioNTech",1556003,831497,2387500
2021-04-16,"Moderna, Oxford/AstraZeneca, Pfizer/BioNTech",1600477,857060,2457537
2021-04-17,"Moderna, Oxford/AstraZeneca, Pfizer/BioNTech",1617055,866053,2483108
2021-04-18,"Moderna, Oxford/AstraZeneca, Pfizer/BioNTech",1629974,871004,2500978
2021-04-19,"Moderna, Oxford/AstraZeneca, Pfizer/BioNTech",1673820,886366,2560186
2021-04-20,"Moderna, Oxford/AstraZeneca, Pfizer/BioNTech",1715887,902156,2618043
2021-04-21,"Moderna, Oxford/AstraZeneca, Pfizer/BioNTech",1763533,916389,2679922
2021-04-22,"Johnson&Johnson, Moderna, Oxford/AstraZeneca, Pfizer/BioNTech",1817936,933690,2751626
2021-04-23,"Johnson&Johnson, Moderna, Oxford/AstraZeneca, Pfizer/BioNTech",1867815,945656,2813471
2021-04-24,"Johnson&Johnson, Moderna, Oxford/AstraZeneca, Pfizer/BioNTech",1885590,950858,2836448
2021-04-25,"Johnson&Johnson, Moderna, Oxford/AstraZeneca, Pfizer/BioNTech",1900236,954839,2855075
2021-04-26,"Johnson&Johnson, Moderna, Oxford/AstraZeneca, Pfizer/BioNTech",1949753,962348,2912101
2021-04-27,"Johnson&Johnson, Moderna, Oxford/AstraZeneca, Pfizer/BioNTech",1998657,974485,2973142
2021-04-28,"Johnson&Johnson, Moderna, Oxford/AstraZeneca, Pfizer/BioNTech",2057347,988412,3045759
2021-04-29,"Johnson&Johnson, Moderna, Oxford/AstraZeneca, Pfizer/BioNTech",2122811,1004180,3126991
2021-04-30,"Johnson&Johnson, Moderna, Oxford/AstraZeneca, Pfizer/BioNTech",2184939,1014062,3199001
2021-05-01,"Johnson&Johnson, Moderna, Oxford/AstraZeneca, Pfizer/BioNTech",2204205,1017447,3221652
2021-05-02,"Johnson&Johnson, Moderna, Oxford/AstraZeneca, Pfizer/BioNTech",2223076,1019683,3242759
2021-05-03,"Johnson&Johnson, Moderna, Oxford/AstraZeneca, Pfizer/BioNTech",2290219,1024700,3314919
2021-05-04,"Johnson&Johnson, Moderna, Oxford/AstraZeneca, Pfizer/BioNTech",2356598,1032948,3389546
2021-05-05,"Johnson&Johnson, Moderna, Oxford/AstraZeneca, Pfizer/BioNTech",2429669,1042261,3471930
2021-05-06,"Johnson&Johnson, Moderna, Oxford/AstraZeneca, Pfizer/BioNTech",2509910,1052851,3562761
2021-05-07,"Johnson&Johnson, Moderna, Oxford/AstraZeneca, Pfizer/BioNTech",2587092,1062810,3649902
2021-05-08,"Johnson&Johnson, Moderna, Oxford/AstraZeneca, Pfizer/BioNTech",2616464,1064513,3680977
2021-05-09,"Johnson&Johnson, Moderna, Oxford/AstraZeneca, Pfizer/BioNTech",2640612,1065685,3706297
2021-05-10,"Johnson&Johnson, Moderna, Oxford/AstraZeneca, Pfizer/BioNTech",2713247,1072793,3786040
2021-05-11,"Johnson&Johnson, Moderna, Oxford/AstraZeneca, Pfizer/BioNTech",2789251,1081533,3870784
2021-05-12,"Johnson&Johnson, Moderna, Oxford/AstraZeneca, Pfizer/BioNTech",2868984,1090519,3959503
2021-05-13,"Johnson&Johnson, Moderna, Oxford/AstraZeneca, Pfizer/BioNTech",2952882,1099593,4052475
2021-05-14,"Johnson&Johnson, Moderna, Oxford/AstraZeneca, Pfizer/BioNTech",3032175,1107283,4139458
2021-05-15,"Johnson&Johnson, Moderna, Oxford/AstraZeneca, Pfizer/BioNTech",3063987,1109442,4173429
2021-05-16,"Johnson&Johnson, Moderna, Oxford/AstraZeneca, Pfizer/BioNTech",3089712,1110620,4200332
2021-05-17,"Johnson&Johnson, Moderna, Oxford/AstraZeneca, Pfizer/BioNTech",3162134,1117264,4279398
2021-05-18,"Johnson&Johnson, Moderna, Oxford/AstraZeneca, Pfizer/BioNTech",3233974,1130198,4364172
2021-05-19,"Johnson&Johnson, Moderna, Oxford/AstraZeneca, Pfizer/BioNTech",3311312,1145221,4456533
2021-05-20,"Johnson&Johnson, Moderna, Oxford/AstraZeneca, Pfizer/BioNTech",3386605,1172092,4558697
2021-05-21,"Johnson&Johnson, Moderna, Oxford/AstraZeneca, Pfizer/BioNTech",3455295,1199695,4654990
2021-05-22,"Johnson&Johnson, Moderna, Oxford/AstraZeneca, Pfizer/BioNTech",3487570,1210745,4698315
2021-05-23,"Johnson&Johnson, Moderna, Oxford/AstraZeneca, Pfizer/BioNTech",3509841,1219702,4729543
2021-05-24,"Johnson&Johnson, Moderna, Oxford/AstraZeneca, Pfizer/BioNTech",3556846,1253163,4810009
2021-05-25,"Johnson&Johnson, Moderna, Oxford/AstraZeneca, Pfizer/BioNTech",3608594,1288778,4897372
2021-05-26,"Johnson&Johnson, Moderna, Oxford/AstraZeneca, Pfizer/BioNTech",3676234,1326157,5002391
2021-05-27,"Johnson&Johnson, Moderna, Oxford/AstraZeneca, Pfizer/BioNTech",3737496,1373352,5110848
2021-05-28,"Johnson&Johnson, Moderna, Oxford/AstraZeneca, Pfizer/BioNTech",3799099,1419718,5218817
2021-05-29,"Johnson&Johnson, Moderna, Oxford/AstraZeneca, Pfizer/BioNTech",3828205,1436746,5264951
2021-05-30,"Johnson&Johnson, Moderna, Oxford/AstraZeneca, Pfizer/BioNTech",3850512,1451112,5301624
2021-05-31,"Johnson&Johnson, Moderna, Oxford/AstraZeneca, Pfizer/BioNTech",3906146,1498451,5404597
2021-06-01,"Johnson&Johnson, Moderna, Oxford/AstraZeneca, Pfizer/BioNTech",3965042,1546725,5511767
2021-06-02,"Johnson&Johnson, Moderna, Oxford/AstraZeneca, Pfizer/BioNTech",4027828,1600578,5628406
2021-06-03,"Johnson&Johnson, Moderna, Oxford/AstraZeneca, Pfizer/BioNTech",4085931,1660613,5746544
2021-06-04,"Johnson&Johnson, Moderna, Oxford/AstraZeneca, Pfizer/BioNTech",4148898,1717861,5866759
2021-06-05,"Johnson&Johnson, Moderna, Oxford/AstraZeneca, Pfizer/BioNTech",4182965,1736589,5919554
2021-06-06,"Johnson&Johnson, Moderna, Oxford/AstraZeneca, Pfizer/BioNTech",4209827,1751640,5961467
2021-06-07,"Johnson&Johnson, Moderna, Oxford/AstraZeneca, Pfizer/BioNTech",4273350,1807130,6080480
2021-06-08,"Johnson&Johnson, Moderna, Oxford/AstraZeneca, Pfizer/BioNTech",4337168,1861968,6199136
2021-06-09,"Johnson&Johnson, Moderna, Oxford/AstraZeneca, Pfizer/BioNTech",4396146,1926171,6322317
2021-06-10,"Johnson&Johnson, Moderna, Oxford/AstraZeneca, Pfizer/BioNTech",4449702,1997045,6446747
2021-06-11,"Johnson&Johnson, Moderna, Oxford/AstraZeneca, Pfizer/BioNTech",4501618,2066559,6568177
2021-06-12,"Johnson&Johnson, Moderna, Oxford/AstraZeneca, Pfizer/BioNTech",4533512,2087252,6620764
2021-06-13,"Johnson&Johnson, Moderna, Oxford/AstraZeneca, Pfizer/BioNTech",4557481,2105576,6663057
2021-06-14,"Johnson&Johnson, Moderna, Oxford/AstraZeneca, Pfizer/BioNTech",4599782,2179757,6779539
2021-06-15,"Johnson&Johnson, Moderna, Oxford/AstraZeneca, Pfizer/BioNTech",4643815,2251907,6895722
2021-06-16,"Johnson&Johnson, Moderna, Oxford/AstraZeneca, Pfizer/BioNTech",4685773,2329922,7015695
2021-06-17,"Johnson&Johnson, Moderna, Oxford/AstraZeneca, Pfizer/BioNTech",4724592,2412776,7137368
2021-06-18,"Johnson&Johnson, Moderna, Oxford/AstraZeneca, Pfizer/BioNTech",4766054,2493043,7259097
2021-06-19,"Johnson&Johnson, Moderna, Oxford/AstraZeneca, Pfizer/BioNTech",4787711,2522219,7309930
2021-06-20,"Johnson&Johnson, Moderna, Oxford/AstraZeneca, Pfizer/BioNTech",4804979,2545941,7350920
2021-06-21,"Johnson&Johnson, Moderna, Oxford/AstraZeneca, Pfizer/BioNTech",4837279,2624307,7461586
2021-06-22,"Johnson&Johnson, Moderna, Oxford/AstraZeneca, Pfizer/BioNTech",4869360,2706365,7575725
2021-06-23,"Johnson&Johnson, Moderna, Oxford/AstraZeneca, Pfizer/BioNTech",4900193,2791386,7691579
2021-06-24,"Johnson&Johnson, Moderna, Oxford/AstraZeneca, Pfizer/BioNTech",4929762,2881257,7811019
2021-06-25,"Johnson&Johnson, Moderna, Oxford/AstraZeneca, Pfizer/BioNTech",4960397,2967153,7927550
2021-06-26,"Johnson&Johnson, Moderna, Oxford/AstraZeneca, Pfizer/BioNTech",4976069,3001824,7977893
2021-06-27,"Johnson&Johnson, Moderna, Oxford/AstraZeneca, Pfizer/BioNTech",4989887,3028368,8018255
2021-06-28,"Johnson&Johnson, Moderna, Oxford/AstraZeneca, Pfizer/BioNTech",5018012,3113328,8131340
2021-06-29,"Johnson&Johnson, Moderna, Oxford/AstraZeneca, Pfizer/BioNTech",5046905,3199607,8246512
2021-06-30,"Johnson&Johnson, Moderna, Oxford/AstraZeneca, Pfizer/BioNTech",5074137,3290293,8364430
2021-07-01,"Johnson&Johnson, Moderna, Oxford/AstraZeneca, Pfizer/BioNTech",5097623,3379982,8477605
2021-07-02,"Johnson&Johnson, Moderna, Oxford/AstraZeneca, Pfizer/BioNTech",5123951,3465430,8589381
2021-07-03,"Johnson&Johnson, Moderna, Oxford/AstraZeneca, Pfizer/BioNTech",5130914,3496809,8627723
2021-07-04,"Johnson&Johnson, Moderna, Oxford/AstraZeneca, Pfizer/BioNTech",5138370,3518528,8656898
2021-07-05,"Johnson&Johnson, Moderna, Oxford/AstraZeneca, Pfizer/BioNTech",5145619,3543776,8689395
2021-07-06,"Johnson&Johnson, Moderna, Oxford/AstraZeneca, Pfizer/BioNTech",5150922,3571281,8722203
2021-07-07,"Johnson&Johnson, Moderna, Oxford/AstraZeneca, Pfizer/BioNTech",5176345,3649929,8826274
2021-07-08,"Johnson&Johnson, Moderna, Oxford/AstraZeneca, Pfizer/BioNTech",5202657,3719998,8922655
2021-07-09,"Johnson&Johnson, Moderna, Oxford/AstraZeneca, Pfizer/BioNTech",5230177,3788974,9019151
2021-07-10,"Johnson&Johnson, Moderna, Oxford/AstraZeneca, Pfizer/BioNTech",5239394,3817457,9056851
2021-07-11,"Johnson&Johnson, Moderna, Oxford/AstraZeneca, Pfizer/BioNTech",5247835,3840249,9088084
2021-07-12,"Johnson&Johnson, Moderna, Oxford/AstraZeneca, Pfizer/BioNTech",5274985,3909060,9184045
2021-07-13,"Johnson&Johnson, Moderna, Oxford/AstraZeneca, Pfizer/BioNTech",5300807,3978648,9279455
2021-07-14,"Johnson&Johnson, Moderna, Oxford/AstraZeneca, Pfizer/BioNTech",5326436,4050348,9376784
2021-07-15,"Johnson&Johnson, Moderna, Oxford/AstraZeneca, Pfizer/BioNTech",5355259,4115984,9471243
2021-07-16,"Johnson&Johnson, Moderna, Oxford/AstraZeneca, Pfizer/BioNTech",5382660,4188290,9570950
2021-07-17,"Johnson&Johnson, Moderna, Oxford/AstraZeneca, Pfizer/BioNTech",5391299,4219582,9610881
2021-07-18,"Johnson&Johnson, Moderna, Oxford/AstraZeneca, Pfizer/BioNTech",5399659,4245460,9645119
2021-07-19,"Johnson&Johnson, Moderna, Oxford/AstraZeneca, Pfizer/BioNTech",5422606,4311955,9734561
2021-07-20,"Johnson&Johnson, Moderna, Oxford/AstraZeneca, Pfizer/BioNTech",5443754,4378609,9822363
2021-07-21,"Johnson&Johnson, Moderna, Oxford/AstraZeneca, Pfizer/BioNTech",5466658,4441497,9908155
2021-07-22,"Johnson&Johnson, Moderna, Oxford/AstraZeneca, Pfizer/BioNTech",5488654,4499457,9988111
2021-07-23,"Johnson&Johnson, Moderna, Oxford/AstraZeneca, Pfizer/BioNTech",5511258,4553368,10064626
2021-07-24,"Johnson&Johnson, Moderna, Oxford/AstraZeneca, Pfizer/BioNTech",5518308,4580637,10098945
2021-07-25,"Johnson&Johnson, Moderna, Oxford/AstraZeneca, Pfizer/BioNTech",5524614,4602311,10126925
2021-07-26,"Johnson&Johnson, Moderna, Oxford/AstraZeneca, Pfizer/BioNTech",5547401,4649383,10196784
2021-07-27,"Johnson&Johnson, Moderna, Oxford/AstraZeneca, Pfizer/BioNTech",5569135,4694443,10263578
2021-07-28,"Johnson&Johnson, Moderna, Oxford/AstraZeneca, Pfizer/BioNTech",5589543,4738847,10328390
2021-07-29,"Johnson&Johnson, Moderna, Oxford/AstraZeneca, Pfizer/BioNTech",5610116,4779586,10389702
2021-07-30,"Johnson&Johnson, Moderna, Oxford/AstraZeneca, Pfizer/BioNTech",5631853,4819918,10451771
2021-07-31,"Johnson&Johnson, Moderna, Oxford/AstraZeneca, Pfizer/BioNTech",5640035,4838697,10478732
