date,vaccine,people_vaccinated,people_fully_vaccinated,total_vaccinations
2020-12-27,Pfizer/BioNTech,1251,0,1251
2020-12-28,Pfizer/BioNTech,3546,0,3546
2020-12-29,Pfizer/BioNTech,6990,0,6990
2020-12-30,Pfizer/BioNTech,10464,0,10464
2020-12-31,Pfizer/BioNTech,11770,0,11770
2021-01-01,Pfizer/BioNTech,12030,0,12030
2021-01-02,Pfizer/BioNTech,13296,0,13296
2021-01-03,Pfizer/BioNTech,14210,0,14210
2021-01-04,Pfizer/BioNTech,17776,0,17776
2021-01-05,Pfizer/BioNTech,22269,0,22269
2021-01-06,Pfizer/BioNTech,28082,0,28082
2021-01-07,Pfizer/BioNTech,36021,0,36021
2021-01-08,Pfizer/BioNTech,45945,0,45945
2021-01-09,Pfizer/BioNTech,47955,0,47955
2021-01-10,Pfizer/BioNTech,49678,0,49678
2021-01-11,Pfizer/BioNTech,59461,0,59461
2021-01-12,Pfizer/BioNTech,72811,0,72811
2021-01-13,Pfizer/BioNTech,86277,0,86277
2021-01-14,"Moderna, Pfizer/BioNTech",101434,0,101434
2021-01-15,"Moderna, Pfizer/BioNTech",115353,0,115353
2021-01-16,"Moderna, Pfizer/BioNTech",118724,2,118726
2021-01-17,"Moderna, Pfizer/BioNTech",121318,634,121952
2021-01-18,"Moderna, Pfizer/BioNTech",133771,2359,136130
2021-01-19,"Moderna, Pfizer/BioNTech",146273,5056,151329
2021-01-20,"Moderna, Pfizer/BioNTech",159813,7675,167488
2021-01-21,"Moderna, Pfizer/BioNTech",175349,9393,184742
2021-01-22,"Moderna, Pfizer/BioNTech",190078,10425,200503
2021-01-23,"Moderna, Pfizer/BioNTech",193346,11290,204636
2021-01-24,"Moderna, Pfizer/BioNTech",195585,12151,207736
2021-01-25,"Moderna, Pfizer/BioNTech",205184,15089,220273
2021-01-26,"Moderna, Pfizer/BioNTech",215677,19040,234717
2021-01-27,"Moderna, Pfizer/BioNTech",224656,23521,248177
2021-01-28,"Moderna, Pfizer/BioNTech",231685,29599,261284
2021-01-29,"Moderna, Pfizer/BioNTech",237858,37388,275246
2021-01-30,"Moderna, Pfizer/BioNTech",238575,38468,277043
2021-01-31,Pfizer/BioNTech,239276,39609,278885
2021-02-01,"Moderna, Pfizer/BioNTech",243215,47474,290689
2021-02-02,"Moderna, Pfizer/BioNTech",247329,57628,304957
2021-02-03,"Moderna, Pfizer/BioNTech",251710,68566,320276
2021-02-04,"Moderna, Pfizer/BioNTech",256579,81459,338038
2021-02-05,"Moderna, Pfizer/BioNTech",262007,92053,354060
2021-02-06,"Moderna, Pfizer/BioNTech",262843,94382,357225
2021-02-07,"Moderna, Pfizer/BioNTech",263686,96852,360538
2021-02-08,"Moderna, Pfizer/BioNTech",267693,108172,375865
2021-02-09,"Moderna, Pfizer/BioNTech",272725,120007,392732
2021-02-10,"Moderna, Pfizer/BioNTech",278242,133085,411327
2021-02-11,"Moderna, Oxford/AstraZeneca, Pfizer/BioNTech",284515,149136,433651
2021-02-12,"Moderna, Oxford/AstraZeneca, Pfizer/BioNTech",291221,163733,454954
2021-02-13,"Moderna, Oxford/AstraZeneca, Pfizer/BioNTech",292789,166685,459474
2021-02-14,"Moderna, Oxford/AstraZeneca, Pfizer/BioNTech",293777,168050,461827
2021-02-15,"Moderna, Oxford/AstraZeneca, Pfizer/BioNTech",300113,177341,477454
2021-02-16,"Moderna, Oxford/AstraZeneca, Pfizer/BioNTech",308718,186324,495042
2021-02-17,"Moderna, Oxford/AstraZeneca, Pfizer/BioNTech",318362,194495,512857
2021-02-18,"Moderna, Oxford/AstraZeneca, Pfizer/BioNTech",330598,202466,533064
2021-02-19,"Moderna, Oxford/AstraZeneca, Pfizer/BioNTech",342331,209680,552011
2021-02-20,"Moderna, Oxford/AstraZeneca, Pfizer/BioNTech",344245,210842,555087
2021-02-21,"Moderna, Oxford/AstraZeneca, Pfizer/BioNTech",345264,211846,557110
2021-02-22,"Moderna, Oxford/AstraZeneca, Pfizer/BioNTech",355318,217820,573138
2021-02-23,"Moderna, Oxford/AstraZeneca, Pfizer/BioNTech",368113,224716,592829
2021-02-24,"Moderna, Oxford/AstraZeneca, Pfizer/BioNTech",381872,230697,612569
2021-02-25,"Moderna, Oxford/AstraZeneca, Pfizer/BioNTech",399725,236198,635923
2021-02-26,"Moderna, Oxford/AstraZeneca, Pfizer/BioNTech",415736,241455,657191
2021-02-27,"Moderna, Oxford/AstraZeneca, Pfizer/BioNTech",418661,242003,660664
2021-02-28,"Moderna, Oxford/AstraZeneca, Pfizer/BioNTech",420989,242542,663531
2021-03-01,"Moderna, Oxford/AstraZeneca, Pfizer/BioNTech",440256,245960,686216
2021-03-02,"Moderna, Oxford/AstraZeneca, Pfizer/BioNTech",467033,249467,716500
2021-03-03,"Moderna, Oxford/AstraZeneca, Pfizer/BioNTech",497351,253929,751280
2021-03-04,"Moderna, Oxford/AstraZeneca, Pfizer/BioNTech",530095,258539,788634
2021-03-05,"Moderna, Oxford/AstraZeneca, Pfizer/BioNTech",558524,263866,822390
2021-03-06,"Moderna, Oxford/AstraZeneca, Pfizer/BioNTech",570480,264688,835168
2021-03-07,"Moderna, Oxford/AstraZeneca, Pfizer/BioNTech",581824,265511,847335
2021-03-08,"Moderna, Oxford/AstraZeneca, Pfizer/BioNTech",611254,270296,881550
2021-03-09,"Moderna, Oxford/AstraZeneca, Pfizer/BioNTech",647091,276606,923697
2021-03-10,"Moderna, Oxford/AstraZeneca, Pfizer/BioNTech",687931,283495,971426
2021-03-11,"Moderna, Oxford/AstraZeneca, Pfizer/BioNTech",732277,291784,1024061
2021-03-12,"Moderna, Oxford/AstraZeneca, Pfizer/BioNTech",770593,300121,1070714
2021-03-13,"Moderna, Oxford/AstraZeneca, Pfizer/BioNTech",787522,301387,1088909
2021-03-14,"Moderna, Oxford/AstraZeneca, Pfizer/BioNTech",799545,302510,1102055
2021-03-15,"Moderna, Oxford/AstraZeneca, Pfizer/BioNTech",827559,311205,1138764
2021-03-16,"Moderna, Oxford/AstraZeneca, Pfizer/BioNTech",866032,321620,1187652
2021-03-17,"Moderna, Oxford/AstraZeneca, Pfizer/BioNTech",903152,332043,1235195
2021-03-18,"Moderna, Oxford/AstraZeneca, Pfizer/BioNTech",940628,344366,1284994
2021-03-19,"Moderna, Oxford/AstraZeneca, Pfizer/BioNTech",974587,357851,1332438
2021-03-20,"Moderna, Oxford/AstraZeneca, Pfizer/BioNTech",989536,359848,1349384
2021-03-21,"Moderna, Oxford/AstraZeneca, Pfizer/BioNTech",996870,361368,1358238
2021-03-22,"Moderna, Oxford/AstraZeneca, Pfizer/BioNTech",1020921,373700,1394621
2021-03-23,"Moderna, Oxford/AstraZeneca, Pfizer/BioNTech",1047110,386912,1434022
2021-03-24,"Moderna, Oxford/AstraZeneca, Pfizer/BioNTech",1073583,402464,1476047
2021-03-25,"Moderna, Oxford/AstraZeneca, Pfizer/BioNTech",1099577,420217,1519794
2021-03-26,"Moderna, Oxford/AstraZeneca, Pfizer/BioNTech",1124003,437570,1561573
2021-03-27,"Moderna, Oxford/AstraZeneca, Pfizer/BioNTech",1132328,442317,1574645
2021-03-28,"Moderna, Oxford/AstraZeneca, Pfizer/BioNTech",1137798,446401,1584199
2021-03-29,"Moderna, Oxford/AstraZeneca, Pfizer/BioNTech",1156534,466874,1623408
2021-03-30,"Moderna, Oxford/AstraZeneca, Pfizer/BioNTech",1180844,488853,1669697
2021-03-31,"Moderna, Oxford/AstraZeneca, Pfizer/BioNTech",1203563,515565,1719128
2021-04-01,"Moderna, Oxford/AstraZeneca, Pfizer/BioNTech",1228601,547275,1775876
2021-04-02,"Moderna, Oxford/AstraZeneca, Pfizer/BioNTech",1235278,559947,1795225
2021-04-03,"Moderna, Oxford/AstraZeneca, Pfizer/BioNTech",1238727,570797,1809524
2021-04-04,"Moderna, Oxford/AstraZeneca, Pfizer/BioNTech",1241181,579511,1820692
2021-04-05,"Moderna, Oxford/AstraZeneca, Pfizer/BioNTech",1243454,586627,1830081
2021-04-06,"Moderna, Oxford/AstraZeneca, Pfizer/BioNTech",1259254,615609,1874863
2021-04-07,"Moderna, Oxford/AstraZeneca, Pfizer/BioNTech",1282238,637536,1919774
2021-04-08,"Moderna, Oxford/AstraZeneca, Pfizer/BioNTech",1319776,668174,1987950
2021-04-09,"Moderna, Oxford/AstraZeneca, Pfizer/BioNTech",1357876,697898,2055774
2021-04-10,"Moderna, Oxford/AstraZeneca, Pfizer/BioNTech",1373079,713007,2086086
2021-04-11,"Moderna, Oxford/AstraZeneca, Pfizer/BioNTech",1382710,722974,2105684
2021-04-12,"Moderna, Oxford/AstraZeneca, Pfizer/BioNTech",1419983,747538,2167521
2021-04-13,"Moderna, Oxford/AstraZeneca, Pfizer/BioNTech",1455202,773196,2228398
2021-04-14,"Moderna, Oxford/AstraZeneca, Pfizer/BioNTech",1493206,800310,2293516
2021-04-15,"Moderna, Oxford/AstraZeneca, Pfizer/BioNTech",1540126,825687,2365813
2021-04-16,"Moderna, Oxford/AstraZeneca, Pfizer/BioNTech",1583971,850880,2434851
2021-04-17,"Moderna, Oxford/AstraZeneca, Pfizer/BioNTech",1600373,859820,2460193
2021-04-18,"Moderna, Oxford/AstraZeneca, Pfizer/BioNTech",1613242,864743,2477985
2021-04-19,"Moderna, Oxford/AstraZeneca, Pfizer/BioNTech",1656415,879968,2536383
2021-04-20,"Moderna, Oxford/AstraZeneca, Pfizer/BioNTech",1697828,895554,2593382
2021-04-21,"Moderna, Oxford/AstraZeneca, Pfizer/BioNTech",1744593,909540,2654133
2021-04-22,"Johnson&Johnson, Moderna, Oxford/AstraZeneca, Pfizer/BioNTech",1797414,926360,2723774
2021-04-23,"Johnson&Johnson, Moderna, Oxford/AstraZeneca, Pfizer/BioNTech",1844864,937548,2782412
2021-04-24,"Johnson&Johnson, Moderna, Oxford/AstraZeneca, Pfizer/BioNTech",1861664,942242,2803906
