date,vaccine,people_vaccinated,people_fully_vaccinated,total_vaccinations
2020-12-27,Pfizer/BioNTech,1249,0,1249
2020-12-28,Pfizer/BioNTech,3540,0,3540
2020-12-29,Pfizer/BioNTech,6981,0,6981
2020-12-30,Pfizer/BioNTech,10438,0,10438
2020-12-31,Pfizer/BioNTech,11743,0,11743
2021-01-01,Pfizer/BioNTech,12003,0,12003
2021-01-02,Pfizer/BioNTech,13251,0,13251
2021-01-03,Pfizer/BioNTech,14164,0,14164
2021-01-04,Pfizer/BioNTech,17722,0,17722
2021-01-05,Pfizer/BioNTech,22214,0,22214
2021-01-06,Pfizer/BioNTech,28021,0,28021
2021-01-07,Pfizer/BioNTech,35971,0,35971
2021-01-08,Pfizer/BioNTech,45893,0,45893
2021-01-09,Pfizer/BioNTech,47901,0,47901
2021-01-10,Pfizer/BioNTech,49622,0,49622
2021-01-11,Pfizer/BioNTech,59395,0,59395
2021-01-12,Pfizer/BioNTech,72741,0,72741
2021-01-13,Pfizer/BioNTech,86205,0,86205
2021-01-14,"Moderna, Pfizer/BioNTech",101366,0,101366
2021-01-15,"Moderna, Pfizer/BioNTech",115272,0,115272
2021-01-16,"Moderna, Pfizer/BioNTech",118644,0,118644
2021-01-17,"Moderna, Pfizer/BioNTech",121236,632,121868
2021-01-18,"Moderna, Pfizer/BioNTech",133668,2432,136100
2021-01-19,"Moderna, Pfizer/BioNTech",146089,5130,151219
2021-01-20,"Moderna, Pfizer/BioNTech",159615,7744,167359
2021-01-21,"Moderna, Pfizer/BioNTech",175089,9463,184552
2021-01-22,"Moderna, Pfizer/BioNTech",189802,10499,200301
2021-01-23,"Moderna, Pfizer/BioNTech",193064,11364,204428
2021-01-24,"Moderna, Pfizer/BioNTech",195301,12223,207524
2021-01-25,"Moderna, Pfizer/BioNTech",204896,15158,220054
2021-01-26,"Moderna, Pfizer/BioNTech",215370,19109,234479
2021-01-27,"Moderna, Pfizer/BioNTech",224306,23586,247892
2021-01-28,"Moderna, Pfizer/BioNTech",231331,29662,260993
2021-01-29,"Moderna, Pfizer/BioNTech",237504,37439,274943
2021-01-30,"Moderna, Pfizer/BioNTech",238219,38519,276738
2021-01-31,Pfizer/BioNTech,238919,39656,278575
2021-02-01,"Moderna, Pfizer/BioNTech",242735,47511,290246
2021-02-02,"Moderna, Pfizer/BioNTech",246836,57654,304490
2021-02-03,"Moderna, Pfizer/BioNTech",251212,68587,319799
2021-02-04,"Moderna, Pfizer/BioNTech",256068,81469,337537
2021-02-05,"Moderna, Pfizer/BioNTech",261471,92046,353517
2021-02-06,"Moderna, Pfizer/BioNTech",262303,94371,356674
2021-02-07,"Moderna, Pfizer/BioNTech",263146,96835,359981
2021-02-08,"Moderna, Pfizer/BioNTech",267145,108141,375286
2021-02-09,"Moderna, Pfizer/BioNTech",272168,119972,392140
2021-02-10,"Moderna, Pfizer/BioNTech",277667,133039,410706
2021-02-11,"Moderna, Oxford/AstraZeneca, Pfizer/BioNTech",283892,148979,432871
2021-02-12,"Moderna, Oxford/AstraZeneca, Pfizer/BioNTech",290570,163565,454135
2021-02-13,"Moderna, Oxford/AstraZeneca, Pfizer/BioNTech",292139,166516,458655
2021-02-14,"Moderna, Oxford/AstraZeneca, Pfizer/BioNTech",293118,167882,461000
2021-02-15,"Moderna, Oxford/AstraZeneca, Pfizer/BioNTech",299412,177167,476579
2021-02-16,"Moderna, Oxford/AstraZeneca, Pfizer/BioNTech",307978,186069,494047
2021-02-17,"Moderna, Oxford/AstraZeneca, Pfizer/BioNTech",317567,194275,511842
2021-02-18,"Moderna, Oxford/AstraZeneca, Pfizer/BioNTech",329749,202217,531966
2021-02-19,"Moderna, Oxford/AstraZeneca, Pfizer/BioNTech",341438,209415,550853
2021-02-20,"Moderna, Oxford/AstraZeneca, Pfizer/BioNTech",343337,210577,553914
2021-02-21,"Moderna, Oxford/AstraZeneca, Pfizer/BioNTech",344355,211577,555932
2021-02-22,"Moderna, Oxford/AstraZeneca, Pfizer/BioNTech",354372,217542,571914
2021-02-23,"Moderna, Oxford/AstraZeneca, Pfizer/BioNTech",367101,224420,591521
2021-02-24,"Moderna, Oxford/AstraZeneca, Pfizer/BioNTech",380813,230388,611201
2021-02-25,"Moderna, Oxford/AstraZeneca, Pfizer/BioNTech",398471,235877,634348
2021-02-26,"Moderna, Oxford/AstraZeneca, Pfizer/BioNTech",414391,241117,655508
2021-02-27,"Moderna, Oxford/AstraZeneca, Pfizer/BioNTech",417304,241662,658966
2021-02-28,"Moderna, Oxford/AstraZeneca, Pfizer/BioNTech",419627,242201,661828
2021-03-01,"Moderna, Oxford/AstraZeneca, Pfizer/BioNTech",438680,245616,684296
2021-03-02,"Moderna, Oxford/AstraZeneca, Pfizer/BioNTech",465291,249106,714397
2021-03-03,"Moderna, Oxford/AstraZeneca, Pfizer/BioNTech",495281,253557,748838
2021-03-04,"Moderna, Oxford/AstraZeneca, Pfizer/BioNTech",527354,258123,785477
2021-03-05,"Moderna, Oxford/AstraZeneca, Pfizer/BioNTech",555231,263437,818668
2021-03-06,"Moderna, Oxford/AstraZeneca, Pfizer/BioNTech",566673,264267,830940
2021-03-07,"Moderna, Oxford/AstraZeneca, Pfizer/BioNTech",577472,265088,842560
2021-03-08,"Moderna, Oxford/AstraZeneca, Pfizer/BioNTech",606492,269783,876275
2021-03-09,"Moderna, Oxford/AstraZeneca, Pfizer/BioNTech",641842,276065,917907
2021-03-10,"Moderna, Oxford/AstraZeneca, Pfizer/BioNTech",682331,282922,965253
2021-03-11,"Moderna, Oxford/AstraZeneca, Pfizer/BioNTech",726225,291066,1017291
2021-03-12,"Moderna, Oxford/AstraZeneca, Pfizer/BioNTech",764257,299360,1063617
2021-03-13,"Moderna, Oxford/AstraZeneca, Pfizer/BioNTech",780969,300623,1081592
2021-03-14,"Moderna, Oxford/AstraZeneca, Pfizer/BioNTech",792879,301728,1094607
2021-03-15,"Moderna, Oxford/AstraZeneca, Pfizer/BioNTech",820448,310406,1130854
2021-03-16,"Moderna, Oxford/AstraZeneca, Pfizer/BioNTech",858418,320752,1179170
2021-03-17,"Moderna, Oxford/AstraZeneca, Pfizer/BioNTech",894776,331114,1225890
2021-03-18,"Moderna, Oxford/AstraZeneca, Pfizer/BioNTech",931428,343335,1274763
2021-03-19,"Moderna, Oxford/AstraZeneca, Pfizer/BioNTech",964836,356649,1321485
2021-03-20,"Moderna, Oxford/AstraZeneca, Pfizer/BioNTech",979431,358640,1338071
2021-03-21,"Moderna, Oxford/AstraZeneca, Pfizer/BioNTech",986663,360156,1346819
2021-03-22,"Moderna, Oxford/AstraZeneca, Pfizer/BioNTech",1010234,372381,1382615
2021-03-23,"Moderna, Oxford/AstraZeneca, Pfizer/BioNTech",1035313,385478,1420791
2021-03-24,"Moderna, Oxford/AstraZeneca, Pfizer/BioNTech",1059454,400177,1459631
