date,vaccine,people_vaccinated,people_fully_vaccinated,total_vaccinations
2020-12-27,Pfizer/BioNTech,1287,0,1287
2020-12-28,Pfizer/BioNTech,3590,0,3590
2020-12-29,Pfizer/BioNTech,7062,1,7063
2020-12-30,Pfizer/BioNTech,10579,1,10580
2020-12-31,Pfizer/BioNTech,11890,1,11891
2021-01-01,"Moderna, Pfizer/BioNTech",12159,1,12160
2021-01-02,"Moderna, Pfizer/BioNTech",13442,2,13444
2021-01-03,"Moderna, Pfizer/BioNTech",14369,2,14371
2021-01-04,"Moderna, Pfizer/BioNTech",17977,2,17979
2021-01-05,"Moderna, Pfizer/BioNTech",22501,3,22504
2021-01-06,"Moderna, Pfizer/BioNTech",28347,4,28351
2021-01-07,"Moderna, Pfizer/BioNTech",36345,4,36349
2021-01-08,"Moderna, Pfizer/BioNTech",46396,5,46401
2021-01-09,"Moderna, Pfizer/BioNTech",48423,7,48430
2021-01-10,Pfizer/BioNTech,50195,9,50204
2021-01-11,"Moderna, Pfizer/BioNTech",60051,11,60062
2021-01-12,"Moderna, Pfizer/BioNTech",73507,13,73520
2021-01-13,"Moderna, Pfizer/BioNTech",87053,13,87066
2021-01-14,"Moderna, Pfizer/BioNTech",102307,17,102324
2021-01-15,"Moderna, Pfizer/BioNTech",116328,18,116346
2021-01-16,"Moderna, Pfizer/BioNTech",119732,22,119754
2021-01-17,"Moderna, Pfizer/BioNTech",122353,658,123011
2021-01-18,"Moderna, Pfizer/BioNTech",134847,2485,137332
2021-01-19,"Moderna, Pfizer/BioNTech",147460,5214,152674
2021-01-20,"Moderna, Pfizer/BioNTech",161158,7879,169037
2021-01-21,"Moderna, Pfizer/BioNTech",176813,9621,186434
2021-01-22,"Moderna, Pfizer/BioNTech",191706,10665,202371
2021-01-23,"Moderna, Pfizer/BioNTech",195024,11542,206566
2021-01-24,"Moderna, Pfizer/BioNTech",197280,12413,209693
2021-01-25,"Moderna, Pfizer/BioNTech",206935,15383,222318
2021-01-26,"Moderna, Pfizer/BioNTech",217482,19374,236856
2021-01-27,"Moderna, Pfizer/BioNTech",226514,23909,250423
2021-01-28,"Moderna, Pfizer/BioNTech",233620,30041,263661
2021-01-29,"Moderna, Pfizer/BioNTech",239835,37948,277783
2021-01-30,"Moderna, Pfizer/BioNTech",240576,39036,279612
2021-01-31,"Moderna, Pfizer/BioNTech",241295,40218,281513
2021-02-01,"Moderna, Pfizer/BioNTech",245278,48187,293465
2021-02-02,"Moderna, Pfizer/BioNTech",249431,58427,307858
2021-02-03,"Moderna, Pfizer/BioNTech",253858,69447,323305
2021-02-04,"Moderna, Pfizer/BioNTech",258764,82441,341205
2021-02-05,"Moderna, Pfizer/BioNTech",264240,93116,357356
2021-02-06,"Moderna, Oxford/AstraZeneca, Pfizer/BioNTech",265097,95481,360578
2021-02-07,"Moderna, Oxford/AstraZeneca, Pfizer/BioNTech",265948,97981,363929
2021-02-08,"Moderna, Oxford/AstraZeneca, Pfizer/BioNTech",270041,109412,379453
2021-02-09,"Moderna, Oxford/AstraZeneca, Pfizer/BioNTech",275149,121328,396477
2021-02-10,"Moderna, Oxford/AstraZeneca, Pfizer/BioNTech",280668,134589,415257
2021-02-11,"Moderna, Oxford/AstraZeneca, Pfizer/BioNTech",287010,150809,437819
2021-02-12,"Moderna, Oxford/AstraZeneca, Pfizer/BioNTech",293840,165558,459398
2021-02-13,"Moderna, Oxford/AstraZeneca, Pfizer/BioNTech",295458,168545,464003
2021-02-14,"Moderna, Oxford/AstraZeneca, Pfizer/BioNTech",296464,169931,466395
2021-02-15,"Moderna, Oxford/AstraZeneca, Pfizer/BioNTech",302863,179302,482165
2021-02-16,"Moderna, Oxford/AstraZeneca, Pfizer/BioNTech",311584,188383,499967
2021-02-17,"Moderna, Oxford/AstraZeneca, Pfizer/BioNTech",321287,196694,517981
2021-02-18,"Moderna, Oxford/AstraZeneca, Pfizer/BioNTech",333616,204777,538393
2021-02-19,"Moderna, Oxford/AstraZeneca, Pfizer/BioNTech",345482,212153,557635
2021-02-20,"Moderna, Oxford/AstraZeneca, Pfizer/BioNTech",347492,213339,560831
2021-02-21,"Moderna, Oxford/AstraZeneca, Pfizer/BioNTech",348629,214365,562994
2021-02-22,"Moderna, Oxford/AstraZeneca, Pfizer/BioNTech",358756,220403,579159
2021-02-23,"Moderna, Oxford/AstraZeneca, Pfizer/BioNTech",371721,227394,599115
2021-02-24,"Moderna, Oxford/AstraZeneca, Pfizer/BioNTech",385606,233437,619043
2021-02-25,"Moderna, Oxford/AstraZeneca, Pfizer/BioNTech",403590,238989,642579
2021-02-26,"Moderna, Oxford/AstraZeneca, Pfizer/BioNTech",419773,244349,664122
2021-02-27,"Moderna, Oxford/AstraZeneca, Pfizer/BioNTech",422782,244908,667690
2021-02-28,"Moderna, Oxford/AstraZeneca, Pfizer/BioNTech",425140,245459,670599
2021-03-01,"Moderna, Oxford/AstraZeneca, Pfizer/BioNTech",444739,248907,693646
2021-03-02,"Moderna, Oxford/AstraZeneca, Pfizer/BioNTech",471967,252457,724424
2021-03-03,"Moderna, Oxford/AstraZeneca, Pfizer/BioNTech",502925,256968,759893
2021-03-04,"Moderna, Oxford/AstraZeneca, Pfizer/BioNTech",536211,261658,797869
2021-03-05,"Johnson&Johnson, Moderna, Oxford/AstraZeneca, Pfizer/BioNTech",565055,267087,832142
2021-03-06,"Johnson&Johnson, Moderna, Oxford/AstraZeneca, Pfizer/BioNTech",577215,267953,845168
2021-03-07,"Johnson&Johnson, Moderna, Oxford/AstraZeneca, Pfizer/BioNTech",588764,268796,857560
2021-03-08,"Johnson&Johnson, Moderna, Oxford/AstraZeneca, Pfizer/BioNTech",618514,273659,892173
2021-03-09,"Johnson&Johnson, Moderna, Oxford/AstraZeneca, Pfizer/BioNTech",654887,280047,934934
2021-03-10,"Johnson&Johnson, Moderna, Oxford/AstraZeneca, Pfizer/BioNTech",696222,287008,983230
2021-03-11,"Johnson&Johnson, Moderna, Oxford/AstraZeneca, Pfizer/BioNTech",741079,295384,1036463
2021-03-12,"Johnson&Johnson, Moderna, Oxford/AstraZeneca, Pfizer/BioNTech",779843,303884,1083727
2021-03-13,"Johnson&Johnson, Moderna, Oxford/AstraZeneca, Pfizer/BioNTech",796954,305199,1102153
2021-03-14,"Johnson&Johnson, Moderna, Oxford/AstraZeneca, Pfizer/BioNTech",809072,306355,1115427
2021-03-15,"Johnson&Johnson, Moderna, Oxford/AstraZeneca, Pfizer/BioNTech",837470,315137,1152607
2021-03-16,"Johnson&Johnson, Moderna, Oxford/AstraZeneca, Pfizer/BioNTech",876367,325674,1202041
2021-03-17,"Moderna, Oxford/AstraZeneca, Pfizer/BioNTech",913855,336189,1250044
2021-03-18,"Johnson&Johnson, Moderna, Oxford/AstraZeneca, Pfizer/BioNTech",951864,348615,1300479
2021-03-19,"Johnson&Johnson, Moderna, Oxford/AstraZeneca, Pfizer/BioNTech",986385,362230,1348615
2021-03-20,"Johnson&Johnson, Moderna, Oxford/AstraZeneca, Pfizer/BioNTech",1001570,364260,1365830
2021-03-21,"Johnson&Johnson, Moderna, Oxford/AstraZeneca, Pfizer/BioNTech",1009018,365820,1374838
2021-03-22,"Johnson&Johnson, Moderna, Oxford/AstraZeneca, Pfizer/BioNTech",1033596,378321,1411917
2021-03-23,"Johnson&Johnson, Moderna, Oxford/AstraZeneca, Pfizer/BioNTech",1060272,391688,1451960
2021-03-24,"Johnson&Johnson, Moderna, Oxford/AstraZeneca, Pfizer/BioNTech",1087167,407435,1494602
2021-03-25,"Johnson&Johnson, Moderna, Oxford/AstraZeneca, Pfizer/BioNTech",1113527,425290,1538817
2021-03-26,"Johnson&Johnson, Moderna, Oxford/AstraZeneca, Pfizer/BioNTech",1138370,442804,1581174
2021-03-27,"Johnson&Johnson, Moderna, Oxford/AstraZeneca, Pfizer/BioNTech",1146832,447650,1594482
2021-03-28,"Moderna, Oxford/AstraZeneca, Pfizer/BioNTech",1152380,451798,1604178
2021-03-29,"Johnson&Johnson, Moderna, Oxford/AstraZeneca, Pfizer/BioNTech",1171540,472536,1644076
2021-03-30,"Johnson&Johnson, Moderna, Oxford/AstraZeneca, Pfizer/BioNTech",1196250,494724,1690974
2021-03-31,"Johnson&Johnson, Moderna, Oxford/AstraZeneca, Pfizer/BioNTech",1219406,521793,1741199
2021-04-01,"Johnson&Johnson, Moderna, Oxford/AstraZeneca, Pfizer/BioNTech",1245095,553850,1798945
2021-04-02,"Johnson&Johnson, Moderna, Oxford/AstraZeneca, Pfizer/BioNTech",1252080,566648,1818728
2021-04-03,"Johnson&Johnson, Moderna, Oxford/AstraZeneca, Pfizer/BioNTech",1255734,577580,1833314
2021-04-04,"Johnson&Johnson, Moderna, Oxford/AstraZeneca, Pfizer/BioNTech",1258277,586503,1844780
2021-04-05,"Johnson&Johnson, Moderna, Oxford/AstraZeneca, Pfizer/BioNTech",1260710,593709,1854419
2021-04-06,"Johnson&Johnson, Moderna, Oxford/AstraZeneca, Pfizer/BioNTech",1276927,622984,1899911
2021-04-07,"Johnson&Johnson, Moderna, Oxford/AstraZeneca, Pfizer/BioNTech",1300432,645226,1945658
2021-04-08,"Johnson&Johnson, Moderna, Oxford/AstraZeneca, Pfizer/BioNTech",1339251,676273,2015524
2021-04-09,"Johnson&Johnson, Moderna, Oxford/AstraZeneca, Pfizer/BioNTech",1378850,706474,2085324
2021-04-10,"Johnson&Johnson, Moderna, Oxford/AstraZeneca, Pfizer/BioNTech",1394418,721787,2116205
2021-04-11,"Johnson&Johnson, Moderna, Oxford/AstraZeneca, Pfizer/BioNTech",1404214,731844,2136058
2021-04-12,"Johnson&Johnson, Moderna, Oxford/AstraZeneca, Pfizer/BioNTech",1442536,756990,2199526
2021-04-13,"Moderna, Oxford/AstraZeneca, Pfizer/BioNTech",1478845,783032,2261877
2021-04-14,"Moderna, Oxford/AstraZeneca, Pfizer/BioNTech",1517734,810409,2328143
2021-04-15,"Moderna, Oxford/AstraZeneca, Pfizer/BioNTech",1565571,836191,2401762
2021-04-16,"Moderna, Oxford/AstraZeneca, Pfizer/BioNTech",1610287,861874,2472161
2021-04-17,"Moderna, Oxford/AstraZeneca, Pfizer/BioNTech",1627013,870901,2497914
2021-04-18,"Moderna, Oxford/AstraZeneca, Pfizer/BioNTech",1640013,875887,2515900
2021-04-19,"Johnson&Johnson, Moderna, Oxford/AstraZeneca, Pfizer/BioNTech",1683988,891331,2575319
2021-04-20,"Johnson&Johnson, Moderna, Oxford/AstraZeneca, Pfizer/BioNTech",1726577,907221,2633798
2021-04-21,"Moderna, Oxford/AstraZeneca, Pfizer/BioNTech",1774344,921591,2695935
2021-04-22,"Johnson&Johnson, Moderna, Oxford/AstraZeneca, Pfizer/BioNTech",1828874,938991,2767865
2021-04-23,"Johnson&Johnson, Moderna, Oxford/AstraZeneca, Pfizer/BioNTech",1878887,951058,2829945
2021-04-24,"Johnson&Johnson, Moderna, Oxford/AstraZeneca, Pfizer/BioNTech",1896765,956325,2853090
2021-04-25,"Johnson&Johnson, Moderna, Oxford/AstraZeneca, Pfizer/BioNTech",1911479,960328,2871807
2021-04-26,"Johnson&Johnson, Moderna, Oxford/AstraZeneca, Pfizer/BioNTech",1961095,967899,2928994
2021-04-27,"Johnson&Johnson, Moderna, Oxford/AstraZeneca, Pfizer/BioNTech",2010085,980155,2990240
2021-04-28,"Johnson&Johnson, Moderna, Oxford/AstraZeneca, Pfizer/BioNTech",2068867,994180,3063047
2021-04-29,"Johnson&Johnson, Moderna, Oxford/AstraZeneca, Pfizer/BioNTech",2134487,1010102,3144589
2021-04-30,"Johnson&Johnson, Moderna, Oxford/AstraZeneca, Pfizer/BioNTech",2196784,1020099,3216883
2021-05-01,"Johnson&Johnson, Moderna, Oxford/AstraZeneca, Pfizer/BioNTech",2216177,1023564,3239741
2021-05-02,"Johnson&Johnson, Moderna, Oxford/AstraZeneca, Pfizer/BioNTech",2235130,1025855,3260985
2021-05-03,"Johnson&Johnson, Moderna, Oxford/AstraZeneca, Pfizer/BioNTech",2302409,1030940,3333349
2021-05-04,"Johnson&Johnson, Moderna, Oxford/AstraZeneca, Pfizer/BioNTech",2368972,1039312,3408284
2021-05-05,"Johnson&Johnson, Moderna, Oxford/AstraZeneca, Pfizer/BioNTech",2442184,1048762,3490946
2021-05-06,"Johnson&Johnson, Moderna, Oxford/AstraZeneca, Pfizer/BioNTech",2522632,1059514,3582146
2021-05-07,"Johnson&Johnson, Moderna, Oxford/AstraZeneca, Pfizer/BioNTech",2599968,1069660,3669628
2021-05-08,"Johnson&Johnson, Moderna, Oxford/AstraZeneca, Pfizer/BioNTech",2629509,1071453,3700962
2021-05-09,"Johnson&Johnson, Moderna, Oxford/AstraZeneca, Pfizer/BioNTech",2653751,1072677,3726428
2021-05-10,"Johnson&Johnson, Moderna, Oxford/AstraZeneca, Pfizer/BioNTech",2726552,1079924,3806476
2021-05-11,"Johnson&Johnson, Moderna, Oxford/AstraZeneca, Pfizer/BioNTech",2802707,1088757,3891464
2021-05-12,"Johnson&Johnson, Moderna, Oxford/AstraZeneca, Pfizer/BioNTech",2882654,1097904,3980558
2021-05-13,"Johnson&Johnson, Moderna, Oxford/AstraZeneca, Pfizer/BioNTech",2966713,1107099,4073812
2021-05-14,"Johnson&Johnson, Moderna, Oxford/AstraZeneca, Pfizer/BioNTech",3046270,1114929,4161199
2021-05-15,"Johnson&Johnson, Moderna, Oxford/AstraZeneca, Pfizer/BioNTech",3078238,1117216,4195454
2021-05-16,"Johnson&Johnson, Moderna, Oxford/AstraZeneca, Pfizer/BioNTech",3104054,1118503,4222557
2021-05-17,"Johnson&Johnson, Moderna, Oxford/AstraZeneca, Pfizer/BioNTech",3176595,1125261,4301856
2021-05-18,"Johnson&Johnson, Moderna, Oxford/AstraZeneca, Pfizer/BioNTech",3248591,1138386,4386977
2021-05-19,"Johnson&Johnson, Moderna, Oxford/AstraZeneca, Pfizer/BioNTech",3326093,1153561,4479654
2021-05-20,"Johnson&Johnson, Moderna, Oxford/AstraZeneca, Pfizer/BioNTech",3401594,1180634,4582228
2021-05-21,"Johnson&Johnson, Moderna, Oxford/AstraZeneca, Pfizer/BioNTech",3470452,1208443,4678895
2021-05-22,"Johnson&Johnson, Moderna, Oxford/AstraZeneca, Pfizer/BioNTech",3502926,1219688,4722614
2021-05-23,"Johnson&Johnson, Moderna, Oxford/AstraZeneca, Pfizer/BioNTech",3525378,1228731,4754109
2021-05-24,"Johnson&Johnson, Moderna, Oxford/AstraZeneca, Pfizer/BioNTech",3572596,1262411,4835007
2021-05-25,"Johnson&Johnson, Moderna, Oxford/AstraZeneca, Pfizer/BioNTech",3624521,1298262,4922783
2021-05-26,"Johnson&Johnson, Moderna, Oxford/AstraZeneca, Pfizer/BioNTech",3692293,1335827,5028120
2021-05-27,"Johnson&Johnson, Moderna, Oxford/AstraZeneca, Pfizer/BioNTech",3753730,1383197,5136927
2021-05-28,"Johnson&Johnson, Moderna, Oxford/AstraZeneca, Pfizer/BioNTech",3815488,1429814,5245302
2021-05-29,"Johnson&Johnson, Moderna, Oxford/AstraZeneca, Pfizer/BioNTech",3844763,1446961,5291724
2021-05-30,"Johnson&Johnson, Moderna, Oxford/AstraZeneca, Pfizer/BioNTech",3867181,1461434,5328615
2021-05-31,"Johnson&Johnson, Moderna, Oxford/AstraZeneca, Pfizer/BioNTech",3922930,1508970,5431900
2021-06-01,"Johnson&Johnson, Moderna, Oxford/AstraZeneca, Pfizer/BioNTech",3982050,1557864,5539914
2021-06-02,"Johnson&Johnson, Moderna, Oxford/AstraZeneca, Pfizer/BioNTech",4045034,1611906,5656940
2021-06-03,"Johnson&Johnson, Moderna, Oxford/AstraZeneca, Pfizer/BioNTech",4103297,1672158,5775455
2021-06-04,"Johnson&Johnson, Moderna, Oxford/AstraZeneca, Pfizer/BioNTech",4166448,1729598,5896046
2021-06-05,"Johnson&Johnson, Moderna, Oxford/AstraZeneca, Pfizer/BioNTech",4200641,1748532,5949173
2021-06-06,"Johnson&Johnson, Moderna, Oxford/AstraZeneca, Pfizer/BioNTech",4227604,1763713,5991317
2021-06-07,"Johnson&Johnson, Moderna, Oxford/AstraZeneca, Pfizer/BioNTech",4291309,1819370,6110679
2021-06-08,"Johnson&Johnson, Moderna, Oxford/AstraZeneca, Pfizer/BioNTech",4355327,1874402,6229729
2021-06-09,"Johnson&Johnson, Moderna, Oxford/AstraZeneca, Pfizer/BioNTech",4414551,1939105,6353656
2021-06-10,"Johnson&Johnson, Moderna, Oxford/AstraZeneca, Pfizer/BioNTech",4468421,2010436,6478857
2021-06-11,"Johnson&Johnson, Moderna, Oxford/AstraZeneca, Pfizer/BioNTech",4520558,2080297,6600855
2021-06-12,"Johnson&Johnson, Moderna, Oxford/AstraZeneca, Pfizer/BioNTech",4552588,2101161,6653749
2021-06-13,"Johnson&Johnson, Moderna, Oxford/AstraZeneca, Pfizer/BioNTech",4576632,2119605,6696237
2021-06-14,"Johnson&Johnson, Moderna, Oxford/AstraZeneca, Pfizer/BioNTech",4619734,2194027,6813761
2021-06-15,"Johnson&Johnson, Moderna, Oxford/AstraZeneca, Pfizer/BioNTech",4664420,2266444,6930864
2021-06-16,"Johnson&Johnson, Moderna, Oxford/AstraZeneca, Pfizer/BioNTech",4707249,2344702,7051951
2021-06-17,"Johnson&Johnson, Moderna, Oxford/AstraZeneca, Pfizer/BioNTech",4746692,2427829,7174521
2021-06-18,"Johnson&Johnson, Moderna, Oxford/AstraZeneca, Pfizer/BioNTech",4789144,2508442,7297586
2021-06-19,"Johnson&Johnson, Moderna, Oxford/AstraZeneca, Pfizer/BioNTech",4810944,2537795,7348739
2021-06-20,"Johnson&Johnson, Moderna, Oxford/AstraZeneca, Pfizer/BioNTech",4828358,2561682,7390040
2021-06-21,"Johnson&Johnson, Moderna, Oxford/AstraZeneca, Pfizer/BioNTech",4860877,2640324,7501201
2021-06-22,"Johnson&Johnson, Moderna, Oxford/AstraZeneca, Pfizer/BioNTech",4893863,2722676,7616539
2021-06-23,"Johnson&Johnson, Moderna, Oxford/AstraZeneca, Pfizer/BioNTech",4925595,2807949,7733544
2021-06-24,"Johnson&Johnson, Moderna, Oxford/AstraZeneca, Pfizer/BioNTech",4955473,2898032,7853505
2021-06-25,"Johnson&Johnson, Moderna, Oxford/AstraZeneca, Pfizer/BioNTech",4986574,2984295,7970869
2021-06-26,"Johnson&Johnson, Moderna, Oxford/AstraZeneca, Pfizer/BioNTech",5002480,3019197,8021677
2021-06-27,"Johnson&Johnson, Moderna, Oxford/AstraZeneca, Pfizer/BioNTech",5016441,3045925,8062366
2021-06-28,"Johnson&Johnson, Moderna, Oxford/AstraZeneca, Pfizer/BioNTech",5044867,3131170,8176037
2021-06-29,"Johnson&Johnson, Moderna, Oxford/AstraZeneca, Pfizer/BioNTech",5074168,3217746,8291914
2021-06-30,"Johnson&Johnson, Moderna, Oxford/AstraZeneca, Pfizer/BioNTech",5101679,3308816,8410495
2021-07-01,"Johnson&Johnson, Moderna, Oxford/AstraZeneca, Pfizer/BioNTech",5125689,3398941,8524630
2021-07-02,"Johnson&Johnson, Moderna, Oxford/AstraZeneca, Pfizer/BioNTech",5152449,3484901,8637350
2021-07-03,"Johnson&Johnson, Moderna, Oxford/AstraZeneca, Pfizer/BioNTech",5159560,3516483,8676043
2021-07-04,"Johnson&Johnson, Moderna, Oxford/AstraZeneca, Pfizer/BioNTech",5167157,3538313,8705470
2021-07-05,"Johnson&Johnson, Moderna, Oxford/AstraZeneca, Pfizer/BioNTech",5174586,3563732,8738318
2021-07-06,"Johnson&Johnson, Moderna, Oxford/AstraZeneca, Pfizer/BioNTech",5180073,3591475,8771548
2021-07-07,"Johnson&Johnson, Moderna, Oxford/AstraZeneca, Pfizer/BioNTech",5205913,3670491,8876404
2021-07-08,"Johnson&Johnson, Moderna, Oxford/AstraZeneca, Pfizer/BioNTech",5232536,3740863,8973399
2021-07-09,"Johnson&Johnson, Moderna, Oxford/AstraZeneca, Pfizer/BioNTech",5260502,3810217,9070719
2021-07-10,"Johnson&Johnson, Moderna, Oxford/AstraZeneca, Pfizer/BioNTech",5269890,3838897,9108787
2021-07-11,"Johnson&Johnson, Moderna, Oxford/AstraZeneca, Pfizer/BioNTech",5278451,3861791,9140242
2021-07-12,"Johnson&Johnson, Moderna, Oxford/AstraZeneca, Pfizer/BioNTech",5306010,3930887,9236897
2021-07-13,"Johnson&Johnson, Moderna, Oxford/AstraZeneca, Pfizer/BioNTech",5332225,4000794,9333019
2021-07-14,"Johnson&Johnson, Moderna, Oxford/AstraZeneca, Pfizer/BioNTech",5358074,4072815,9430889
2021-07-15,"Johnson&Johnson, Moderna, Oxford/AstraZeneca, Pfizer/BioNTech",5387273,4138864,9526137
2021-07-16,"Johnson&Johnson, Moderna, Oxford/AstraZeneca, Pfizer/BioNTech",5415220,4211628,9626848
2021-07-17,"Johnson&Johnson, Moderna, Oxford/AstraZeneca, Pfizer/BioNTech",5424026,4243114,9667140
2021-07-18,"Johnson&Johnson, Moderna, Oxford/AstraZeneca, Pfizer/BioNTech",5432474,4269136,9701610
2021-07-19,"Johnson&Johnson, Moderna, Oxford/AstraZeneca, Pfizer/BioNTech",5455850,4336184,9792034
2021-07-20,"Johnson&Johnson, Moderna, Oxford/AstraZeneca, Pfizer/BioNTech",5477271,4403274,9880545
2021-07-21,"Johnson&Johnson, Moderna, Oxford/AstraZeneca, Pfizer/BioNTech",5500734,4466761,9967495
2021-07-22,"Johnson&Johnson, Moderna, Oxford/AstraZeneca, Pfizer/BioNTech",5523112,4525425,10048537
2021-07-23,"Johnson&Johnson, Moderna, Oxford/AstraZeneca, Pfizer/BioNTech",5546359,4580215,10126574
2021-07-24,"Johnson&Johnson, Moderna, Oxford/AstraZeneca, Pfizer/BioNTech",5553717,4607907,10161624
2021-07-25,"Johnson&Johnson, Moderna, Oxford/AstraZeneca, Pfizer/BioNTech",5560362,4630052,10190414
2021-07-26,"Johnson&Johnson, Moderna, Oxford/AstraZeneca, Pfizer/BioNTech",5583926,4678766,10262692
2021-07-27,"Johnson&Johnson, Moderna, Oxford/AstraZeneca, Pfizer/BioNTech",5606688,4725449,10332137
2021-07-28,"Johnson&Johnson, Moderna, Oxford/AstraZeneca, Pfizer/BioNTech",5627979,4771492,10399471
2021-07-29,"Johnson&Johnson, Moderna, Oxford/AstraZeneca, Pfizer/BioNTech",5649328,4813497,10462825
2021-07-30,"Johnson&Johnson, Moderna, Oxford/AstraZeneca, Pfizer/BioNTech",5672619,4856101,10528720
2021-07-31,"Johnson&Johnson, Moderna, Oxford/AstraZeneca, Pfizer/BioNTech",5681584,4875659,10557243
2021-08-01,"Johnson&Johnson, Moderna, Oxford/AstraZeneca, Pfizer/BioNTech",5688317,4891843,10580160
2021-08-02,"Johnson&Johnson, Moderna, Oxford/AstraZeneca, Pfizer/BioNTech",5706968,4929434,10636402
2021-08-03,"Johnson&Johnson, Moderna, Oxford/AstraZeneca, Pfizer/BioNTech",5724629,4967579,10692208
2021-08-04,"Johnson&Johnson, Moderna, Oxford/AstraZeneca, Pfizer/BioNTech",5740771,5004381,10745152
2021-08-05,"Johnson&Johnson, Moderna, Oxford/AstraZeneca, Pfizer/BioNTech",5756823,5044899,10801722
2021-08-06,"Johnson&Johnson, Moderna, Oxford/AstraZeneca, Pfizer/BioNTech",5773639,5088241,10861880
2021-08-07,"Johnson&Johnson, Moderna, Oxford/AstraZeneca, Pfizer/BioNTech",5779252,5106433,10885685
2021-08-08,"Johnson&Johnson, Moderna, Oxford/AstraZeneca, Pfizer/BioNTech",5783625,5122209,10905834
2021-08-09,"Johnson&Johnson, Moderna, Oxford/AstraZeneca, Pfizer/BioNTech",5796268,5167298,10963566
2021-08-10,"Johnson&Johnson, Moderna, Oxford/AstraZeneca, Pfizer/BioNTech",5808121,5206898,11015019
2021-08-11,"Johnson&Johnson, Moderna, Oxford/AstraZeneca, Pfizer/BioNTech",5819499,5250056,11069555
2021-08-12,"Johnson&Johnson, Moderna, Oxford/AstraZeneca, Pfizer/BioNTech",5830926,5287219,11118145
2021-08-13,"Johnson&Johnson, Moderna, Oxford/AstraZeneca, Pfizer/BioNTech",5841662,5327590,11169252
2021-08-14,"Johnson&Johnson, Moderna, Oxford/AstraZeneca, Pfizer/BioNTech",5845005,5338311,11183316
2021-08-15,"Johnson&Johnson, Moderna, Oxford/AstraZeneca, Pfizer/BioNTech",5847599,5348706,11196305
2021-08-16,"Johnson&Johnson, Moderna, Oxford/AstraZeneca, Pfizer/BioNTech",5857397,5382808,11240205
2021-08-17,"Johnson&Johnson, Moderna, Oxford/AstraZeneca, Pfizer/BioNTech",5867000,5409931,11276931
2021-08-18,"Johnson&Johnson, Moderna, Oxford/AstraZeneca, Pfizer/BioNTech",5876378,5448849,11325227
2021-08-19,"Johnson&Johnson, Moderna, Oxford/AstraZeneca, Pfizer/BioNTech",5886066,5487222,11373288
2021-08-20,"Johnson&Johnson, Moderna, Oxford/AstraZeneca, Pfizer/BioNTech",5897464,5527430,11424894
2021-08-21,"Johnson&Johnson, Moderna, Oxford/AstraZeneca, Pfizer/BioNTech",5900191,5540213,11440404
2021-08-22,"Johnson&Johnson, Moderna, Oxford/AstraZeneca, Pfizer/BioNTech",5902538,5552192,11454730
2021-08-23,"Johnson&Johnson, Moderna, Oxford/AstraZeneca, Pfizer/BioNTech",5913073,5591480,11504553
2021-08-24,"Johnson&Johnson, Moderna, Oxford/AstraZeneca, Pfizer/BioNTech",5922957,5624748,11547705
2021-08-25,"Johnson&Johnson, Moderna, Oxford/AstraZeneca, Pfizer/BioNTech",5931831,5653138,11584969
2021-08-26,"Johnson&Johnson, Moderna, Oxford/AstraZeneca, Pfizer/BioNTech",5940288,5679281,11619569
2021-08-27,"Johnson&Johnson, Moderna, Oxford/AstraZeneca, Pfizer/BioNTech",5950617,5705277,11655894
2021-08-28,"Johnson&Johnson, Moderna, Oxford/AstraZeneca, Pfizer/BioNTech",5953359,5712353,11665712
2021-08-29,"Johnson&Johnson, Moderna, Oxford/AstraZeneca, Pfizer/BioNTech",5955774,5718981,11674755
2021-08-30,"Johnson&Johnson, Moderna, Oxford/AstraZeneca, Pfizer/BioNTech",5964306,5740873,11705179
2021-08-31,"Johnson&Johnson, Moderna, Oxford/AstraZeneca, Pfizer/BioNTech",5971995,5758995,11730990
2021-09-01,"Johnson&Johnson, Moderna, Oxford/AstraZeneca, Pfizer/BioNTech",5977910,5773022,11750932
2021-09-02,"Johnson&Johnson, Moderna, Oxford/AstraZeneca, Pfizer/BioNTech",5984753,5787418,11772171
2021-09-03,"Johnson&Johnson, Moderna, Oxford/AstraZeneca, Pfizer/BioNTech",5994316,5803162,11797478
2021-09-04,"Johnson&Johnson, Moderna, Oxford/AstraZeneca, Pfizer/BioNTech",5996389,5806726,11803115
2021-09-05,"Johnson&Johnson, Moderna, Oxford/AstraZeneca, Pfizer/BioNTech",5998433,5809578,11808011
2021-09-06,"Johnson&Johnson, Moderna, Oxford/AstraZeneca, Pfizer/BioNTech",6004673,5822132,11826805
2021-09-07,"Johnson&Johnson, Moderna, Oxford/AstraZeneca, Pfizer/BioNTech",6009070,5833228,11842298
2021-09-08,"Johnson&Johnson, Moderna, Oxford/AstraZeneca, Pfizer/BioNTech",6014750,5843100,11857850
2021-09-09,"Johnson&Johnson, Moderna, Oxford/AstraZeneca, Pfizer/BioNTech",6021453,5853176,11874629
2021-09-10,"Johnson&Johnson, Moderna, Oxford/AstraZeneca, Pfizer/BioNTech",6029156,5865365,11894521
2021-09-11,"Johnson&Johnson, Moderna, Oxford/AstraZeneca, Pfizer/BioNTech",6031029,5867860,11898889
2021-09-12,"Johnson&Johnson, Moderna, Oxford/AstraZeneca, Pfizer/BioNTech",6032150,5869497,11901647
2021-09-13,"Johnson&Johnson, Moderna, Oxford/AstraZeneca, Pfizer/BioNTech",6037595,5879813,11917408
2021-09-14,"Johnson&Johnson, Moderna, Oxford/AstraZeneca, Pfizer/BioNTech",6042997,5888833,11931830
2021-09-15,"Johnson&Johnson, Moderna, Oxford/AstraZeneca, Pfizer/BioNTech",6048207,5897367,11945574
2021-09-16,"Johnson&Johnson, Moderna, Oxford/AstraZeneca, Pfizer/BioNTech",6053571,5905651,11959222
2021-09-17,"Johnson&Johnson, Moderna, Oxford/AstraZeneca, Pfizer/BioNTech",6060144,5915893,11976037
2021-09-18,"Johnson&Johnson, Moderna, Oxford/AstraZeneca, Pfizer/BioNTech",6061876,5918259,11980135
2021-09-19,"Johnson&Johnson, Moderna, Oxford/AstraZeneca, Pfizer/BioNTech",6062823,5919831,11982654
2021-09-20,"Johnson&Johnson, Moderna, Oxford/AstraZeneca, Pfizer/BioNTech",6066850,5928036,11994886
2021-09-21,"Johnson&Johnson, Moderna, Oxford/AstraZeneca, Pfizer/BioNTech",6071091,5935577,12006668
2021-09-22,"Johnson&Johnson, Moderna, Oxford/AstraZeneca, Pfizer/BioNTech",6075285,5941106,12016391
2021-09-23,"Johnson&Johnson, Moderna, Oxford/AstraZeneca, Pfizer/BioNTech",6080257,5947523,12027780
2021-09-24,"Johnson&Johnson, Moderna, Oxford/AstraZeneca, Pfizer/BioNTech",6086021,5957144,12043165
2021-09-25,"Johnson&Johnson, Moderna, Oxford/AstraZeneca, Pfizer/BioNTech",6087521,5959144,12046665
2021-09-26,"Johnson&Johnson, Moderna, Oxford/AstraZeneca, Pfizer/BioNTech",6088266,5960786,12049052
2021-09-27,"Johnson&Johnson, Moderna, Oxford/AstraZeneca, Pfizer/BioNTech",6092152,5967304,12059456
2021-09-28,"Johnson&Johnson, Moderna, Oxford/AstraZeneca, Pfizer/BioNTech",6092527,5967940,12060467
2021-09-29,"Johnson&Johnson, Moderna, Oxford/AstraZeneca, Pfizer/BioNTech",6096303,5975406,12071709
2021-09-30,"Johnson&Johnson, Moderna, Oxford/AstraZeneca, Pfizer/BioNTech",6100823,5983113,12083936
2021-10-01,"Johnson&Johnson, Moderna, Oxford/AstraZeneca, Pfizer/BioNTech",6105136,5991102,12096238
2021-10-02,"Johnson&Johnson, Moderna, Oxford/AstraZeneca, Pfizer/BioNTech",6106199,5992648,12098847
2021-10-03,"Johnson&Johnson, Moderna, Oxford/AstraZeneca, Pfizer/BioNTech",6106924,5993521,12100445
2021-10-04,"Johnson&Johnson, Moderna, Oxford/AstraZeneca, Pfizer/BioNTech",6110004,5999103,12109107
2021-10-05,"Johnson&Johnson, Moderna, Oxford/AstraZeneca, Pfizer/BioNTech",6113168,6004192,12117360
2021-10-06,"Johnson&Johnson, Moderna, Oxford/AstraZeneca, Pfizer/BioNTech",6116691,6009371,12126062
2021-10-07,"Johnson&Johnson, Moderna, Oxford/AstraZeneca, Pfizer/BioNTech",6119975,6014634,12134609
2021-10-08,"Johnson&Johnson, Moderna, Oxford/AstraZeneca, Pfizer/BioNTech",6124770,6021280,12146050
2021-10-09,"Johnson&Johnson, Moderna, Oxford/AstraZeneca, Pfizer/BioNTech",6126015,6022947,12148962
2021-10-10,"Johnson&Johnson, Moderna, Oxford/AstraZeneca, Pfizer/BioNTech",6126959,6023780,12150739
2021-10-11,"Johnson&Johnson, Moderna, Oxford/AstraZeneca, Pfizer/BioNTech",6129889,6028202,12158091
2021-10-12,"Johnson&Johnson, Moderna, Oxford/AstraZeneca, Pfizer/BioNTech",6132826,6032205,12165031
2021-10-13,"Johnson&Johnson, Moderna, Oxford/AstraZeneca, Pfizer/BioNTech",6136358,6036394,12172752
2021-10-14,"Johnson&Johnson, Moderna, Oxford/AstraZeneca, Pfizer/BioNTech",6140030,6041344,12181374
2021-10-15,"Johnson&Johnson, Moderna, Oxford/AstraZeneca, Pfizer/BioNTech",6145261,6047494,12192755
2021-10-16,"Johnson&Johnson, Moderna, Oxford/AstraZeneca, Pfizer/BioNTech",6146675,6049020,12195695
2021-10-17,"Johnson&Johnson, Moderna, Pfizer/BioNTech",6148002,6050075,12198077
2021-10-18,"Johnson&Johnson, Moderna, Oxford/AstraZeneca, Pfizer/BioNTech",6152116,6054183,12206299
2021-10-19,"Johnson&Johnson, Moderna, Oxford/AstraZeneca, Pfizer/BioNTech",6155697,6056290,12211987
2021-10-20,"Johnson&Johnson, Moderna, Oxford/AstraZeneca, Pfizer/BioNTech",6160583,6060751,12221334
2021-10-21,"Johnson&Johnson, Moderna, Oxford/AstraZeneca, Pfizer/BioNTech",6168352,6066361,12234713
2021-10-22,"Johnson&Johnson, Moderna, Oxford/AstraZeneca, Pfizer/BioNTech",6178810,6072867,12251677
2021-10-23,"Johnson&Johnson, Moderna, Oxford/AstraZeneca, Pfizer/BioNTech",6182488,6075078,12257566
2021-10-24,"Johnson&Johnson, Moderna, Oxford/AstraZeneca, Pfizer/BioNTech",6185173,6076859,12262032
2021-10-25,"Johnson&Johnson, Moderna, Oxford/AstraZeneca, Pfizer/BioNTech",6195677,6082671,12278348
2021-10-26,"Johnson&Johnson, Moderna, Oxford/AstraZeneca, Pfizer/BioNTech",6207669,6089222,12296891
2021-10-27,"Johnson&Johnson, Moderna, Oxford/AstraZeneca, Pfizer/BioNTech",6222277,6096639,12318916
2021-10-28,"Johnson&Johnson, Moderna, Oxford/AstraZeneca, Pfizer/BioNTech",6225705,6098324,12324029
2021-10-29,"Johnson&Johnson, Moderna, Oxford/AstraZeneca, Pfizer/BioNTech",6240143,6106311,12346454
2021-10-30,"Johnson&Johnson, Moderna, Oxford/AstraZeneca, Pfizer/BioNTech",6244672,6109239,12353911
2021-10-31,"Johnson&Johnson, Moderna, Oxford/AstraZeneca, Pfizer/BioNTech",6248435,6111716,12360151
2021-11-01,"Johnson&Johnson, Moderna, Oxford/AstraZeneca, Pfizer/BioNTech",6263632,6119401,12383033
2021-11-02,"Johnson&Johnson, Moderna, Oxford/AstraZeneca, Pfizer/BioNTech",6279084,6126958,12406042
2021-11-03,"Johnson&Johnson, Moderna, Oxford/AstraZeneca, Pfizer/BioNTech",6296264,6134249,12430513
2021-11-04,"Johnson&Johnson, Moderna, Oxford/AstraZeneca, Pfizer/BioNTech",6314611,6142423,12457034
2021-11-05,"Johnson&Johnson, Moderna, Oxford/AstraZeneca, Pfizer/BioNTech",6337414,6153711,12491125
2021-11-06,"Johnson&Johnson, Moderna, Oxford/AstraZeneca, Pfizer/BioNTech",6343929,6156769,12500698
2021-11-07,"Johnson&Johnson, Moderna, Oxford/AstraZeneca, Pfizer/BioNTech",6347953,6159205,12507158
2021-11-08,"Johnson&Johnson, Moderna, Oxford/AstraZeneca, Pfizer/BioNTech",6364218,6166832,12531050
2021-11-09,"Johnson&Johnson, Moderna, Oxford/AstraZeneca, Pfizer/BioNTech",6379030,6174131,12553161
2021-11-10,"Johnson&Johnson, Moderna, Oxford/AstraZeneca, Pfizer/BioNTech",6394771,6181518,12576289
2021-11-11,"Johnson&Johnson, Moderna, Oxford/AstraZeneca, Pfizer/BioNTech",6410242,6190626,12600868
2021-11-12,"Johnson&Johnson, Moderna, Oxford/AstraZeneca, Pfizer/BioNTech",6430043,6203427,12633470
2021-11-13,"Johnson&Johnson, Moderna, Oxford/AstraZeneca, Pfizer/BioNTech",6435437,6207304,12642741
2021-11-14,"Johnson&Johnson, Moderna, Oxford/AstraZeneca, Pfizer/BioNTech",6439332,6210313,12649645
2021-11-15,"Johnson&Johnson, Moderna, Oxford/AstraZeneca, Pfizer/BioNTech",6454410,6221009,12675419
2021-11-16,"Johnson&Johnson, Moderna, Oxford/AstraZeneca, Pfizer/BioNTech",6471944,6232985,12704929
2021-11-17,"Johnson&Johnson, Moderna, Oxford/AstraZeneca, Pfizer/BioNTech",6476187,6236553,12712740
2021-11-18,"Johnson&Johnson, Moderna, Oxford/AstraZeneca, Pfizer/BioNTech",6495604,6248249,12743853
2021-11-19,"Johnson&Johnson, Moderna, Oxford/AstraZeneca, Pfizer/BioNTech",6520214,6265226,12785440
2021-11-20,"Johnson&Johnson, Moderna, Oxford/AstraZeneca, Pfizer/BioNTech",6528791,6270209,12799000
2021-11-21,"Johnson&Johnson, Moderna, Pfizer/BioNTech",6535560,6273982,12809542
2021-11-22,"Johnson&Johnson, Moderna, Oxford/AstraZeneca, Pfizer/BioNTech",6554068,6288095,12842163
2021-11-23,"Johnson&Johnson, Moderna, Oxford/AstraZeneca, Pfizer/BioNTech",6573135,6301359,12874494
2021-11-24,"Johnson&Johnson, Moderna, Oxford/AstraZeneca, Pfizer/BioNTech",6592148,6317210,12909358
2021-11-25,"Johnson&Johnson, Moderna, Oxford/AstraZeneca, Pfizer/BioNTech",6611291,6332248,12943539
2021-11-26,"Johnson&Johnson, Moderna, Oxford/AstraZeneca, Pfizer/BioNTech",6632947,6351386,12984333
2021-11-27,"Johnson&Johnson, Moderna, Oxford/AstraZeneca, Pfizer/BioNTech",6640417,6356941,12997358
2021-11-28,"Johnson&Johnson, Moderna, Oxford/AstraZeneca, Pfizer/BioNTech",6643750,6360078,13003828
2021-11-29,"Johnson&Johnson, Moderna, Oxford/AstraZeneca, Pfizer/BioNTech",6658958,6373739,13032697
2021-11-30,"Johnson&Johnson, Moderna, Oxford/AstraZeneca, Pfizer/BioNTech",6672159,6384966,13057125
2021-12-01,"Johnson&Johnson, Moderna, Oxford/AstraZeneca, Pfizer/BioNTech",6686197,6397423,13083620
2021-12-02,"Johnson&Johnson, Moderna, Oxford/AstraZeneca, Pfizer/BioNTech",6696837,6409914,13106751
2021-12-03,"Johnson&Johnson, Moderna, Oxford/AstraZeneca, Pfizer/BioNTech",6706477,6425494,13131971
2021-12-04,"Johnson&Johnson, Moderna, Pfizer/BioNTech",6709034,6429444,13138478
2021-12-05,"Johnson&Johnson, Moderna, Oxford/AstraZeneca, Pfizer/BioNTech",6710395,6431784,13142179
2021-12-06,"Johnson&Johnson, Moderna, Oxford/AstraZeneca, Pfizer/BioNTech",6718543,6443311,13161854
2021-12-07,"Johnson&Johnson, Moderna, Oxford/AstraZeneca, Pfizer/BioNTech",6726434,6455320,13181754
2021-12-08,"Johnson&Johnson, Moderna, Oxford/AstraZeneca, Pfizer/BioNTech",6734679,6461249,13195928
2021-12-09,"Johnson&Johnson, Moderna, Oxford/AstraZeneca, Pfizer/BioNTech",6741800,6474072,13215872
2021-12-10,"Johnson&Johnson, Moderna, Oxford/AstraZeneca, Pfizer/BioNTech",6748729,6491876,13240605
2021-12-11,"Johnson&Johnson, Moderna, Oxford/AstraZeneca, Pfizer/BioNTech",6750388,6497148,13247536
2021-12-12,"Johnson&Johnson, Moderna, Oxford/AstraZeneca, Pfizer/BioNTech",6751699,6501581,13253280
2021-12-13,"Johnson&Johnson, Moderna, Oxford/AstraZeneca, Pfizer/BioNTech",6758055,6514894,13272949
2021-12-14,"Johnson&Johnson, Moderna, Oxford/AstraZeneca, Pfizer/BioNTech",6764265,6528562,13292827
2021-12-15,"Johnson&Johnson, Moderna, Oxford/AstraZeneca, Pfizer/BioNTech",6770471,6542160,13312631
2021-12-16,"Johnson&Johnson, Moderna, Oxford/AstraZeneca, Pfizer/BioNTech",6777412,6556994,13334406
2021-12-17,"Johnson&Johnson, Moderna, Oxford/AstraZeneca, Pfizer/BioNTech",6785778,6574260,13360038
2021-12-18,"Johnson&Johnson, Moderna, Oxford/AstraZeneca, Pfizer/BioNTech",6788389,6579712,13368101
2021-12-19,"Johnson&Johnson, Moderna, Pfizer/BioNTech",6790160,6582215,13372375
2021-12-20,"Johnson&Johnson, Moderna, Oxford/AstraZeneca, Pfizer/BioNTech",6796017,6596277,13392294
2021-12-21,"Johnson&Johnson, Moderna, Oxford/AstraZeneca, Pfizer/BioNTech",6802679,6608271,13410950
2021-12-22,"Johnson&Johnson, Moderna, Oxford/AstraZeneca, Pfizer/BioNTech",6807727,6621329,13429056
2021-12-23,"Johnson&Johnson, Moderna, Oxford/AstraZeneca, Pfizer/BioNTech",6810600,6626931,13437531
2021-12-24,"Johnson&Johnson, Moderna, Oxford/AstraZeneca, Pfizer/BioNTech",6810646,6627033,13437679
2021-12-25,"Moderna, Pfizer/BioNTech",6810647,6627041,13437688
2021-12-26,"Moderna, Pfizer/BioNTech",6810749,6627244,13437993
2021-12-27,"Johnson&Johnson, Moderna, Pfizer/BioNTech",6814616,6636988,13451604
2021-12-28,"Johnson&Johnson, Moderna, Oxford/AstraZeneca, Pfizer/BioNTech",6819856,6644984,13464840
2021-12-29,"Johnson&Johnson, Moderna, Oxford/AstraZeneca, Pfizer/BioNTech",6824136,6652703,13476839
2021-12-30,"Johnson&Johnson, Moderna, Pfizer/BioNTech",6828437,6658136,13486573
2021-12-31,"Johnson&Johnson, Moderna, Pfizer/BioNTech",6828947,6659560,13488507
2022-01-01,"Johnson&Johnson, Moderna, Pfizer/BioNTech",6828953,6659578,13488531
2022-01-02,"Johnson&Johnson, Moderna, Pfizer/BioNTech",6829809,6660955,13490764
2022-01-03,"Johnson&Johnson, Moderna, Oxford/AstraZeneca, Pfizer/BioNTech",6833946,6669864,13503810
2022-01-04,"Johnson&Johnson, Moderna, Oxford/AstraZeneca, Pfizer/BioNTech",6839029,6677619,13516648
2022-01-05,"Johnson&Johnson, Moderna, Oxford/AstraZeneca, Pfizer/BioNTech",6844850,6685591,13530441
2022-01-06,"Johnson&Johnson, Moderna, Oxford/AstraZeneca, Pfizer/BioNTech",6851434,6693991,13545425
2022-01-07,"Johnson&Johnson, Moderna, Oxford/AstraZeneca, Pfizer/BioNTech",6859310,6704346,13563656
2022-01-08,"Johnson&Johnson, Moderna, Oxford/AstraZeneca, Pfizer/BioNTech",6861789,6707124,13568913
2022-01-09,"Johnson&Johnson, Moderna, Pfizer/BioNTech",6862872,6708819,13571691
2022-01-10,"Johnson&Johnson, Moderna, Oxford/AstraZeneca, Pfizer/BioNTech",6867374,6715010,13582384
2022-01-11,"Johnson&Johnson, Moderna, Oxford/AstraZeneca, Pfizer/BioNTech",6872819,6721763,13594582
2022-01-12,"Johnson&Johnson, Moderna, Oxford/AstraZeneca, Pfizer/BioNTech",6878776,6727406,13606182
2022-01-13,"Johnson&Johnson, Moderna, Oxford/AstraZeneca, Pfizer/BioNTech",6884664,6732183,13616847
2022-01-14,"Johnson&Johnson, Moderna, Oxford/AstraZeneca, Pfizer/BioNTech",6890965,6735815,13626780
2022-01-15,"Johnson&Johnson, Moderna, Oxford/AstraZeneca, Pfizer/BioNTech",6892241,6736471,13628712
2022-01-16,"Johnson&Johnson, Moderna, Oxford/AstraZeneca, Pfizer/BioNTech",6892930,6736908,13629838
2022-01-17,"Johnson&Johnson, Moderna, Oxford/AstraZeneca, Pfizer/BioNTech",6896486,6740864,13637350
2022-01-18,"Johnson&Johnson, Moderna, Oxford/AstraZeneca, Pfizer/BioNTech",6900336,6745813,13646149
2022-01-19,"Johnson&Johnson, Moderna, Oxford/AstraZeneca, Pfizer/BioNTech",6904405,6749743,13654148
2022-01-20,"Johnson&Johnson, Moderna, Oxford/AstraZeneca, Pfizer/BioNTech",6907997,6754199,13662196
2022-01-21,"Johnson&Johnson, Moderna, Oxford/AstraZeneca, Pfizer/BioNTech",6911989,6756727,13668716
2022-01-22,"Johnson&Johnson, Moderna, Pfizer/BioNTech",6912768,6757166,13669934
2022-01-23,"Johnson&Johnson, Moderna, Pfizer/BioNTech",6913329,6757800,13671129
2022-01-24,"Johnson&Johnson, Moderna, Oxford/AstraZeneca, Pfizer/BioNTech",6915599,6761235,13676834
2022-01-25,"Johnson&Johnson, Moderna, Oxford/AstraZeneca, Pfizer/BioNTech",6917954,6765229,13683183
2022-01-26,"Johnson&Johnson, Moderna, Oxford/AstraZeneca, Pfizer/BioNTech",6920339,6769795,13690134
2022-01-27,"Johnson&Johnson, Moderna, Oxford/AstraZeneca, Pfizer/BioNTech",6922658,6774607,13697265
2022-01-28,"Johnson&Johnson, Moderna, Oxford/AstraZeneca, Pfizer/BioNTech",6925575,6780769,13706344
2022-01-29,"Johnson&Johnson, Moderna, Oxford/AstraZeneca, Pfizer/BioNTech",6926175,6782420,13708595
2022-01-30,"Johnson&Johnson, Moderna, Pfizer/BioNTech",6926402,6783198,13709600
2022-01-31,"Johnson&Johnson, Moderna, Pfizer/BioNTech",6927944,6787121,13715065
2022-02-01,"Johnson&Johnson, Moderna, Pfizer/BioNTech",6929540,6791152,13720692
2022-02-02,"Johnson&Johnson, Moderna, Oxford/AstraZeneca, Pfizer/BioNTech",6931107,6795661,13726768
2022-02-03,"Johnson&Johnson, Moderna, Pfizer/BioNTech",6932479,6800145,13732624
2022-02-04,"Johnson&Johnson, Moderna, Pfizer/BioNTech",6934080,6805260,13739340
2022-02-05,"Johnson&Johnson, Moderna, Pfizer/BioNTech",6934253,6805870,13740123
2022-02-06,"Johnson&Johnson, Moderna, Pfizer/BioNTech",6934349,6806189,13740538
2022-02-07,"Johnson&Johnson, Moderna, Pfizer/BioNTech",6935050,6809399,13744449
2022-02-08,"Johnson&Johnson, Moderna, Pfizer/BioNTech",6935845,6812587,13748432
2022-02-09,"Johnson&Johnson, Moderna, Pfizer/BioNTech",6936669,6815958,13752627
2022-02-10,"Johnson&Johnson, Moderna, Pfizer/BioNTech",6937467,6819082,13756549
2022-02-11,"Johnson&Johnson, Moderna, Pfizer/BioNTech",6938421,6822995,13761416
2022-02-12,"Johnson&Johnson, Moderna, Pfizer/BioNTech",6938531,6823414,13761945
2022-02-13,"Johnson&Johnson, Moderna, Pfizer/BioNTech",6938566,6823851,13762417
2022-02-14,"Johnson&Johnson, Moderna, Pfizer/BioNTech",6939023,6825963,13764986
2022-02-15,"Johnson&Johnson, Moderna, Pfizer/BioNTech",6939576,6828170,13767746
2022-02-16,"Johnson&Johnson, Moderna, Pfizer/BioNTech",6940167,6830269,13770436
2022-02-17,"Johnson&Johnson, Moderna, Pfizer/BioNTech",6940761,6832610,13773371
2022-02-18,"Johnson&Johnson, Moderna, Oxford/AstraZeneca, Pfizer/BioNTech",6941403,6835662,13777065
2022-02-19,"Johnson&Johnson, Moderna, Pfizer/BioNTech",6941482,6835943,13777425
2022-02-20,"Johnson&Johnson, Moderna, Pfizer/BioNTech",6941517,6836092,13777609
2022-02-21,"Johnson&Johnson, Moderna, Pfizer/BioNTech",6941880,6837789,13779669
2022-02-22,"Johnson&Johnson, Moderna, Oxford/AstraZeneca, Pfizer/BioNTech",6942272,6839470,13781742
2022-02-23,"Johnson&Johnson, Moderna, Pfizer/BioNTech",6942728,6841112,13783840
2022-02-24,"Johnson&Johnson, Moderna, Pfizer/BioNTech",6943137,6842742,13785879
2022-02-25,"Johnson&Johnson, Moderna, Pfizer/BioNTech",6943720,6844826,13788546
2022-02-26,"Johnson&Johnson, Moderna, Pfizer/BioNTech",6943781,6844987,13788768
2022-02-27,"Johnson&Johnson, Moderna, Pfizer/BioNTech",6943811,6845063,13788874
2022-02-28,"Johnson&Johnson, Moderna, Pfizer/BioNTech",6944058,6846037,13790095
2022-03-01,"Johnson&Johnson, Moderna, Pfizer/BioNTech",6944363,6846821,13791184
2022-03-02,"Johnson&Johnson, Moderna, Novavax, Pfizer/BioNTech",6944735,6847728,13792463
2022-03-03,"Johnson&Johnson, Moderna, Novavax, Pfizer/BioNTech",6945070,6848671,13793741
2022-03-04,"Johnson&Johnson, Moderna, Novavax, Pfizer/BioNTech",6945697,6849892,13795589
2022-03-05,"Johnson&Johnson, Moderna, Novavax, Pfizer/BioNTech",6945778,6849983,13795761
2022-03-06,"Moderna, Novavax, Pfizer/BioNTech",6945790,6850001,13795791
2022-03-07,"Johnson&Johnson, Moderna, Novavax, Pfizer/BioNTech",6946125,6850558,13796683
2022-03-08,"Johnson&Johnson, Moderna, Novavax, Pfizer/BioNTech",6946460,6851100,13797560
2022-03-09,"Johnson&Johnson, Moderna, Novavax, Pfizer/BioNTech",6946847,6851688,13798535
2022-03-10,"Johnson&Johnson, Moderna, Novavax, Pfizer/BioNTech",6947258,6852359,13799617
2022-03-11,"Johnson&Johnson, Moderna, Novavax, Pfizer/BioNTech",6948008,6853267,13801275
2022-03-12,"Johnson&Johnson, Moderna, Novavax, Pfizer/BioNTech",6948076,6853372,13801448
2022-03-13,"Johnson&Johnson, Moderna, Novavax, Pfizer/BioNTech",6948089,6853390,13801479
2022-03-14,"Johnson&Johnson, Moderna, Novavax, Pfizer/BioNTech",6948355,6853771,13802126
2022-03-15,"Johnson&Johnson, Moderna, Novavax, Pfizer/BioNTech",6948639,6854207,13802846
2022-03-16,"Johnson&Johnson, Moderna, Novavax, Pfizer/BioNTech",6948957,6854749,13803706
2022-03-17,"Johnson&Johnson, Moderna, Novavax, Oxford/AstraZeneca, Pfizer/BioNTech",6949250,6855182,13804432
2022-03-18,"Johnson&Johnson, Moderna, Novavax, Pfizer/BioNTech",6949946,6855974,13805920
2022-03-19,"Moderna, Novavax, Pfizer/BioNTech",6950002,6856019,13806021
2022-03-20,"Moderna, Novavax, Pfizer/BioNTech",6950020,6856031,13806051
2022-03-21,"Johnson&Johnson, Moderna, Novavax, Pfizer/BioNTech",6950207,6856358,13806565
2022-03-22,"Johnson&Johnson, Moderna, Novavax, Pfizer/BioNTech",6950446,6856754,13807200
2022-03-23,"Johnson&Johnson, Moderna, Novavax, Pfizer/BioNTech",6950782,6857191,13807973
2022-03-24,"Johnson&Johnson, Moderna, Novavax, Pfizer/BioNTech",6951093,6857664,13808757
2022-03-25,"Johnson&Johnson, Moderna, Novavax, Pfizer/BioNTech",6951584,6858464,13810048
2022-03-26,"Johnson&Johnson, Moderna, Novavax, Pfizer/BioNTech",6951636,6858541,13810177
2022-03-27,"Moderna, Novavax, Pfizer/BioNTech",6951652,6858558,13810210
2022-03-28,"Johnson&Johnson, Moderna, Novavax, Pfizer/BioNTech",6951806,6858937,13810743
2022-03-29,"Johnson&Johnson, Moderna, Novavax, Pfizer/BioNTech",6952068,6859343,13811411
2022-03-30,"Johnson&Johnson, Moderna, Novavax, Pfizer/BioNTech",6952372,6859836,13812208
2022-03-31,"Johnson&Johnson, Moderna, Novavax, Pfizer/BioNTech",6952669,6860328,13812997
2022-04-01,"Johnson&Johnson, Moderna, Novavax, Pfizer/BioNTech",6953249,6861086,13814335
2022-04-02,"Moderna, Novavax, Pfizer/BioNTech",6953304,6861170,13814474
2022-04-03,"Moderna, Novavax, Pfizer/BioNTech",6953316,6861199,13814515
2022-04-04,"Johnson&Johnson, Moderna, Novavax, Pfizer/BioNTech",6953482,6861479,13814961
2022-04-05,"Johnson&Johnson, Moderna, Novavax, Pfizer/BioNTech",6953671,6861715,13815386
2022-04-06,"Johnson&Johnson, Moderna, Novavax, Pfizer/BioNTech",6953888,6862061,13815949
2022-04-07,"Johnson&Johnson, Moderna, Novavax, Pfizer/BioNTech",6954107,6862477,13816584
2022-04-08,"Johnson&Johnson, Moderna, Novavax, Pfizer/BioNTech",6954553,6863200,13817753
2022-04-09,"Johnson&Johnson, Moderna, Novavax, Pfizer/BioNTech",6954612,6863272,13817884
2022-04-10,"Moderna, Novavax, Pfizer/BioNTech",6954624,6863281,13817905
2022-04-11,"Johnson&Johnson, Moderna, Novavax, Pfizer/BioNTech",6954781,6863512,13818293
2022-04-12,"Johnson&Johnson, Moderna, Novavax, Pfizer/BioNTech",6955020,6863810,13818830
2022-04-13,"Johnson&Johnson, Moderna, Novavax, Pfizer/BioNTech",6955253,6864163,13819416
2022-04-14,"Johnson&Johnson, Moderna, Novavax, Pfizer/BioNTech",6955509,6864547,13820056
2022-04-15,"Moderna, Novavax, Pfizer/BioNTech",6955516,6864572,13820088
2022-04-16,"Moderna, Novavax, Pfizer/BioNTech",6955534,6864604,13820138
2022-04-17,"Moderna, Novavax, Pfizer/BioNTech",6955535,6864605,13820140
2022-04-18,"Moderna, Novavax, Pfizer/BioNTech",6955537,6864622,13820159
2022-04-19,"Johnson&Johnson, Moderna, Novavax, Pfizer/BioNTech",6955672,6864959,13820631
2022-04-20,"Johnson&Johnson, Moderna, Novavax, Pfizer/BioNTech",6955892,6865346,13821238
2022-04-21,"Johnson&Johnson, Moderna, Novavax, Pfizer/BioNTech",6956107,6865768,13821875
2022-04-22,"Johnson&Johnson, Moderna, Novavax, Pfizer/BioNTech",6956574,6866591,13823165
2022-04-23,"Moderna, Novavax, Pfizer/BioNTech",6956605,6866670,13823275
2022-04-24,"Moderna, Novavax, Pfizer/BioNTech",6956610,6866681,13823291
2022-04-25,"Johnson&Johnson, Moderna, Novavax, Pfizer/BioNTech",6956756,6866887,13823643
2022-04-26,"Johnson&Johnson, Moderna, Novavax, Pfizer/BioNTech",6956892,6867143,13824035
2022-04-27,"Johnson&Johnson, Moderna, Novavax, Pfizer/BioNTech",6957154,6867473,13824627
2022-04-28,"Johnson&Johnson, Moderna, Novavax, Pfizer/BioNTech",6957346,6867756,13825102
2022-04-29,"Johnson&Johnson, Moderna, Novavax, Pfizer/BioNTech",6957770,6868334,13826104
2022-04-30,"Moderna, Novavax, Pfizer/BioNTech",6957809,6868398,13826207
2022-05-01,"Moderna, Novavax, Pfizer/BioNTech",6957812,6868407,13826219
2022-05-02,"Johnson&Johnson, Moderna, Novavax, Pfizer/BioNTech",6957921,6868578,13826499
2022-05-03,"Johnson&Johnson, Moderna, Novavax, Pfizer/BioNTech",6958068,6868825,13826893
2022-05-04,"Johnson&Johnson, Moderna, Novavax, Pfizer/BioNTech",6958265,6869094,13827359
2022-05-05,"Johnson&Johnson, Moderna, Novavax, Pfizer/BioNTech",6958457,6869362,13827819
