date,vaccine,people_vaccinated,people_fully_vaccinated,total_vaccinations
2020-12-27,Pfizer/BioNTech,1286,0,1286
2020-12-28,Pfizer/BioNTech,3589,0,3589
2020-12-29,Pfizer/BioNTech,7059,1,7060
2020-12-30,Pfizer/BioNTech,10576,1,10577
2020-12-31,Pfizer/BioNTech,11889,1,11890
2021-01-01,"Moderna, Pfizer/BioNTech",12160,1,12161
2021-01-02,"Moderna, Pfizer/BioNTech",13446,2,13448
2021-01-03,"Moderna, Pfizer/BioNTech",14373,2,14375
2021-01-04,"Moderna, Pfizer/BioNTech",17979,3,17982
2021-01-05,"Moderna, Pfizer/BioNTech",22499,4,22503
2021-01-06,"Moderna, Pfizer/BioNTech",28342,5,28347
2021-01-07,"Moderna, Pfizer/BioNTech",36341,5,36346
2021-01-08,"Moderna, Pfizer/BioNTech",46393,6,46399
2021-01-09,"Moderna, Pfizer/BioNTech",48419,8,48427
2021-01-10,Pfizer/BioNTech,50191,10,50201
2021-01-11,"Moderna, Pfizer/BioNTech",60048,12,60060
2021-01-12,"Moderna, Pfizer/BioNTech",73504,14,73518
2021-01-13,"Moderna, Pfizer/BioNTech",87047,15,87062
2021-01-14,"Moderna, Pfizer/BioNTech",102296,19,102315
2021-01-15,"Moderna, Pfizer/BioNTech",116317,20,116337
2021-01-16,"Moderna, Pfizer/BioNTech",119721,24,119745
2021-01-17,"Moderna, Pfizer/BioNTech",122338,660,122998
2021-01-18,"Moderna, Pfizer/BioNTech",134828,2486,137314
2021-01-19,"Moderna, Pfizer/BioNTech",147438,5214,152652
2021-01-20,"Moderna, Pfizer/BioNTech",161135,7879,169014
2021-01-21,"Moderna, Pfizer/BioNTech",176787,9622,186409
2021-01-22,"Moderna, Pfizer/BioNTech",191676,10667,202343
2021-01-23,"Moderna, Pfizer/BioNTech",194994,11547,206541
2021-01-24,"Moderna, Pfizer/BioNTech",197250,12418,209668
2021-01-25,"Moderna, Pfizer/BioNTech",206905,15382,222287
2021-01-26,"Moderna, Pfizer/BioNTech",217451,19368,236819
2021-01-27,"Moderna, Pfizer/BioNTech",226482,23899,250381
2021-01-28,"Moderna, Pfizer/BioNTech",233590,30032,263622
2021-01-29,"Indie/AstraZeneca, Moderna, Pfizer/BioNTech",239806,37942,277748
2021-01-30,"Moderna, Pfizer/BioNTech",240547,39030,279577
2021-01-31,"Moderna, Pfizer/BioNTech",241266,40212,281478
2021-02-01,"Moderna, Pfizer/BioNTech",245249,48179,293428
2021-02-02,"Moderna, Pfizer/BioNTech",249405,58420,307825
2021-02-03,"Moderna, Pfizer/BioNTech",253832,69438,323270
2021-02-04,"Moderna, Pfizer/BioNTech",258739,82428,341167
2021-02-05,"Moderna, Pfizer/BioNTech",264213,93100,357313
2021-02-06,"Moderna, Oxford/AstraZeneca, Pfizer/BioNTech",265070,95466,360536
2021-02-07,"Moderna, Oxford/AstraZeneca, Pfizer/BioNTech",265921,97964,363885
2021-02-08,"Moderna, Oxford/AstraZeneca, Pfizer/BioNTech",270012,109390,379402
2021-02-09,"Moderna, Oxford/AstraZeneca, Pfizer/BioNTech",275125,121300,396425
2021-02-10,"Moderna, Oxford/AstraZeneca, Pfizer/BioNTech",280645,134559,415204
2021-02-11,"Moderna, Oxford/AstraZeneca, Pfizer/BioNTech",286987,150777,437764
2021-02-12,"Moderna, Oxford/AstraZeneca, Pfizer/BioNTech",293814,165522,459336
2021-02-13,"Moderna, Oxford/AstraZeneca, Pfizer/BioNTech",295432,168509,463941
2021-02-14,"Moderna, Oxford/AstraZeneca, Pfizer/BioNTech",296438,169895,466333
2021-02-15,"Moderna, Oxford/AstraZeneca, Pfizer/BioNTech",302836,179265,482101
2021-02-16,"Moderna, Oxford/AstraZeneca, Pfizer/BioNTech",311553,188346,499899
2021-02-17,"Moderna, Oxford/AstraZeneca, Pfizer/BioNTech",321255,196658,517913
2021-02-18,"Moderna, Oxford/AstraZeneca, Pfizer/BioNTech",333582,204741,538323
2021-02-19,"Moderna, Oxford/AstraZeneca, Pfizer/BioNTech",345448,212118,557566
2021-02-20,"Moderna, Oxford/AstraZeneca, Pfizer/BioNTech",347458,213304,560762
2021-02-21,"Moderna, Oxford/AstraZeneca, Pfizer/BioNTech",348595,214330,562925
2021-02-22,"Moderna, Oxford/AstraZeneca, Pfizer/BioNTech",358719,220367,579086
2021-02-23,"Moderna, Oxford/AstraZeneca, Pfizer/BioNTech",371683,227358,599041
2021-02-24,"Moderna, Oxford/AstraZeneca, Pfizer/BioNTech",385563,233398,618961
2021-02-25,"Moderna, Oxford/AstraZeneca, Pfizer/BioNTech",403545,238949,642494
2021-02-26,"Moderna, Oxford/AstraZeneca, Pfizer/BioNTech",419725,244308,664033
2021-02-27,"Moderna, Oxford/AstraZeneca, Pfizer/BioNTech",422734,244867,667601
2021-02-28,"Moderna, Oxford/AstraZeneca, Pfizer/BioNTech",425092,245418,670510
2021-03-01,"Moderna, Oxford/AstraZeneca, Pfizer/BioNTech",444693,248865,693558
2021-03-02,"Indie/AstraZeneca, Moderna, Oxford/AstraZeneca, Pfizer/BioNTech",471925,252420,724345
2021-03-03,"Moderna, Oxford/AstraZeneca, Pfizer/BioNTech",502877,256932,759809
2021-03-04,"Moderna, Oxford/AstraZeneca, Pfizer/BioNTech",536162,261623,797785
2021-03-05,"Johnson&Johnson, Moderna, Oxford/AstraZeneca, Pfizer/BioNTech",565011,267051,832062
2021-03-06,"Johnson&Johnson, Moderna, Oxford/AstraZeneca, Pfizer/BioNTech",577171,267917,845088
2021-03-07,"Johnson&Johnson, Moderna, Oxford/AstraZeneca, Pfizer/BioNTech",588719,268760,857479
2021-03-08,"Johnson&Johnson, Moderna, Oxford/AstraZeneca, Pfizer/BioNTech",618465,273622,892087
2021-03-09,"Johnson&Johnson, Moderna, Oxford/AstraZeneca, Pfizer/BioNTech",654839,280006,934845
2021-03-10,"Johnson&Johnson, Moderna, Oxford/AstraZeneca, Pfizer/BioNTech",696171,286966,983137
2021-03-11,"Johnson&Johnson, Moderna, Oxford/AstraZeneca, Pfizer/BioNTech",741029,295341,1036370
2021-03-12,"Johnson&Johnson, Moderna, Oxford/AstraZeneca, Pfizer/BioNTech, Čína",779791,303842,1083633
2021-03-13,"Johnson&Johnson, Moderna, Oxford/AstraZeneca, Pfizer/BioNTech",796905,305158,1102063
2021-03-14,"Johnson&Johnson, Moderna, Oxford/AstraZeneca, Pfizer/BioNTech",809024,306315,1115339
2021-03-15,"Johnson&Johnson, Moderna, Oxford/AstraZeneca, Pfizer/BioNTech",837423,315094,1152517
2021-03-16,"Johnson&Johnson, Moderna, Oxford/AstraZeneca, Pfizer/BioNTech",876319,325629,1201948
2021-03-17,"Moderna, Oxford/AstraZeneca, Pfizer/BioNTech",913806,336144,1249950
2021-03-18,"Johnson&Johnson, Moderna, Oxford/AstraZeneca, Pfizer/BioNTech",951812,348569,1300381
2021-03-19,"Johnson&Johnson, Moderna, Oxford/AstraZeneca, Pfizer/BioNTech",986329,362183,1348512
2021-03-20,"Johnson&Johnson, Moderna, Oxford/AstraZeneca, Pfizer/BioNTech",1001514,364213,1365727
2021-03-21,"Johnson&Johnson, Moderna, Oxford/AstraZeneca, Pfizer/BioNTech",1008962,365773,1374735
2021-03-22,"Indie/AstraZeneca, Johnson&Johnson, Moderna, Oxford/AstraZeneca, Pfizer/BioNTech",1033538,378273,1411811
2021-03-23,"Johnson&Johnson, Moderna, Oxford/AstraZeneca, Pfizer/BioNTech",1060215,391641,1451856
2021-03-24,"Indie/AstraZeneca, Johnson&Johnson, Moderna, Oxford/AstraZeneca, Pfizer/BioNTech",1087113,407383,1494496
2021-03-25,"Indie/AstraZeneca, Johnson&Johnson, Moderna, Oxford/AstraZeneca, Pfizer/BioNTech",1113473,425237,1538710
2021-03-26,"Johnson&Johnson, Moderna, Oxford/AstraZeneca, Pfizer/BioNTech",1138313,442751,1581064
2021-03-27,"Johnson&Johnson, Moderna, Oxford/AstraZeneca, Pfizer/BioNTech, Čína",1146776,447598,1594374
2021-03-28,"Moderna, Oxford/AstraZeneca, Pfizer/BioNTech, Čína",1152324,451746,1604070
2021-03-29,"Johnson&Johnson, Moderna, Oxford/AstraZeneca, Pfizer/BioNTech",1171483,472481,1643964
2021-03-30,"Johnson&Johnson, Moderna, Oxford/AstraZeneca, Pfizer/BioNTech",1196191,494669,1690860
2021-03-31,"Johnson&Johnson, Moderna, Oxford/AstraZeneca, Pfizer/BioNTech",1219350,521737,1741087
2021-04-01,"Indie/AstraZeneca, Johnson&Johnson, Moderna, Oxford/AstraZeneca, Pfizer/BioNTech",1245044,553795,1798839
2021-04-02,"Indie/AstraZeneca, Johnson&Johnson, Moderna, Oxford/AstraZeneca, Pfizer/BioNTech",1252027,566593,1818620
2021-04-03,"Johnson&Johnson, Moderna, Oxford/AstraZeneca, Pfizer/BioNTech",1255683,577527,1833210
2021-04-04,"Johnson&Johnson, Moderna, Oxford/AstraZeneca, Pfizer/BioNTech",1258230,586453,1844683
2021-04-05,"Johnson&Johnson, Moderna, Oxford/AstraZeneca, Pfizer/BioNTech",1260663,593658,1854321
2021-04-06,"Indie/AstraZeneca, Johnson&Johnson, Moderna, Oxford/AstraZeneca, Pfizer/BioNTech, Čína",1276882,622935,1899817
2021-04-07,"Johnson&Johnson, Moderna, Oxford/AstraZeneca, Pfizer/BioNTech",1300384,645175,1945559
2021-04-08,"Johnson&Johnson, Moderna, Oxford/AstraZeneca, Pfizer/BioNTech",1339204,676222,2015426
2021-04-09,"Indie/AstraZeneca, Johnson&Johnson, Moderna, Oxford/AstraZeneca, Pfizer/BioNTech, Čína",1378808,706422,2085230
2021-04-10,"Johnson&Johnson, Moderna, Oxford/AstraZeneca, Pfizer/BioNTech",1394377,721738,2116115
2021-04-11,"Johnson&Johnson, Moderna, Oxford/AstraZeneca, Pfizer/BioNTech",1404172,731795,2135967
2021-04-12,"Johnson&Johnson, Moderna, Oxford/AstraZeneca, Pfizer/BioNTech",1442492,756941,2199433
2021-04-13,"Moderna, Oxford/AstraZeneca, Pfizer/BioNTech",1478801,782984,2261785
2021-04-14,"Moderna, Oxford/AstraZeneca, Pfizer/BioNTech",1517690,810363,2328053
2021-04-15,"Moderna, Oxford/AstraZeneca, Pfizer/BioNTech",1565526,836144,2401670
2021-04-16,"Moderna, Oxford/AstraZeneca, Pfizer/BioNTech",1610244,861823,2472067
2021-04-17,"Indie/AstraZeneca, Moderna, Oxford/AstraZeneca, Pfizer/BioNTech",1626973,870849,2497822
2021-04-18,"Moderna, Oxford/AstraZeneca, Pfizer/BioNTech, Čína",1639974,875835,2515809
2021-04-19,"Johnson&Johnson, Moderna, Oxford/AstraZeneca, Pfizer/BioNTech",1683946,891274,2575220
2021-04-20,"Johnson&Johnson, Moderna, Oxford/AstraZeneca, Pfizer/BioNTech",1726535,907164,2633699
2021-04-21,"Moderna, Oxford/AstraZeneca, Pfizer/BioNTech",1774299,921535,2695834
2021-04-22,"Johnson&Johnson, Moderna, Oxford/AstraZeneca, Pfizer/BioNTech",1828830,938937,2767767
2021-04-23,"Johnson&Johnson, Moderna, Oxford/AstraZeneca, Pfizer/BioNTech",1878842,951002,2829844
2021-04-24,"Johnson&Johnson, Moderna, Oxford/AstraZeneca, Pfizer/BioNTech, Čína",1896719,956272,2852991
2021-04-25,"Johnson&Johnson, Moderna, Oxford/AstraZeneca, Pfizer/BioNTech",1911432,960276,2871708
2021-04-26,"Johnson&Johnson, Moderna, Oxford/AstraZeneca, Pfizer/BioNTech",1961048,967844,2928892
2021-04-27,"Johnson&Johnson, Moderna, Oxford/AstraZeneca, Pfizer/BioNTech",2010039,980096,2990135
2021-04-28,"Johnson&Johnson, Moderna, Oxford/AstraZeneca, Pfizer/BioNTech, Čína",2068822,994119,3062941
2021-04-29,"Indie/AstraZeneca, Johnson&Johnson, Moderna, Oxford/AstraZeneca, Pfizer/BioNTech",2134443,1010040,3144483
2021-04-30,"Indie/AstraZeneca, Johnson&Johnson, Moderna, Oxford/AstraZeneca, Pfizer/BioNTech",2196734,1020037,3216771
2021-05-01,"Johnson&Johnson, Moderna, Oxford/AstraZeneca, Pfizer/BioNTech",2216129,1023505,3239634
2021-05-02,"Johnson&Johnson, Moderna, Oxford/AstraZeneca, Pfizer/BioNTech",2235082,1025797,3260879
2021-05-03,"Johnson&Johnson, Moderna, Oxford/AstraZeneca, Pfizer/BioNTech",2302357,1030882,3333239
2021-05-04,"Johnson&Johnson, Moderna, Oxford/AstraZeneca, Pfizer/BioNTech",2368917,1039256,3408173
2021-05-05,"Johnson&Johnson, Moderna, Oxford/AstraZeneca, Pfizer/BioNTech",2442125,1048705,3490830
2021-05-06,"Johnson&Johnson, Moderna, Oxford/AstraZeneca, Pfizer/BioNTech",2522569,1059457,3582026
2021-05-07,"Indie/AstraZeneca, Johnson&Johnson, Moderna, Oxford/AstraZeneca, Pfizer/BioNTech",2599909,1069601,3669510
2021-05-08,"Johnson&Johnson, Moderna, Oxford/AstraZeneca, Pfizer/BioNTech",2629453,1071395,3700848
2021-05-09,"Johnson&Johnson, Moderna, Oxford/AstraZeneca, Pfizer/BioNTech",2653695,1072618,3726313
2021-05-10,"Johnson&Johnson, Moderna, Oxford/AstraZeneca, Pfizer/BioNTech",2726495,1079864,3806359
2021-05-11,"Johnson&Johnson, Moderna, Oxford/AstraZeneca, Pfizer/BioNTech",2802651,1088699,3891350
2021-05-12,"Johnson&Johnson, Moderna, Oxford/AstraZeneca, Pfizer/BioNTech",2882597,1097845,3980442
2021-05-13,"Johnson&Johnson, Moderna, Oxford/AstraZeneca, Pfizer/BioNTech",2966654,1107034,4073688
2021-05-14,"Johnson&Johnson, Moderna, Oxford/AstraZeneca, Pfizer/BioNTech",3046214,1114861,4161075
2021-05-15,"Johnson&Johnson, Moderna, Oxford/AstraZeneca, Pfizer/BioNTech",3078181,1117148,4195329
2021-05-16,"Johnson&Johnson, Moderna, Oxford/AstraZeneca, Pfizer/BioNTech",3104000,1118436,4222436
2021-05-17,"Indie/AstraZeneca, Johnson&Johnson, Moderna, Oxford/AstraZeneca, Pfizer/BioNTech",3176542,1125193,4301735
2021-05-18,"Indie/AstraZeneca, Johnson&Johnson, Moderna, Oxford/AstraZeneca, Pfizer/BioNTech",3248536,1138319,4386855
2021-05-19,"Johnson&Johnson, Moderna, Oxford/AstraZeneca, Pfizer/BioNTech",3326039,1153492,4479531
2021-05-20,"Johnson&Johnson, Moderna, Oxford/AstraZeneca, Pfizer/BioNTech",3401542,1180564,4582106
2021-05-21,"Johnson&Johnson, Moderna, Oxford/AstraZeneca, Pfizer/BioNTech",3470408,1208377,4678785
2021-05-22,"Johnson&Johnson, Moderna, Oxford/AstraZeneca, Pfizer/BioNTech",3502882,1219622,4722504
2021-05-23,"Johnson&Johnson, Moderna, Oxford/AstraZeneca, Pfizer/BioNTech, Čína",3525335,1228664,4753999
2021-05-24,"Johnson&Johnson, Moderna, Oxford/AstraZeneca, Pfizer/BioNTech",3572556,1262343,4834899
2021-05-25,"Indie/AstraZeneca, Johnson&Johnson, Moderna, Oxford/AstraZeneca, Pfizer/BioNTech",3624484,1298191,4922675
2021-05-26,"Johnson&Johnson, Moderna, Oxford/AstraZeneca, Pfizer/BioNTech, Čína",3692262,1335752,5028014
2021-05-27,"Indie/AstraZeneca, Johnson&Johnson, Moderna, Oxford/AstraZeneca, Pfizer/BioNTech",3753708,1383121,5136829
2021-05-28,"Johnson&Johnson, Moderna, Oxford/AstraZeneca, Pfizer/BioNTech",3815461,1429734,5245195
2021-05-29,"Indie/AstraZeneca, Johnson&Johnson, Moderna, Oxford/AstraZeneca, Pfizer/BioNTech",3844741,1446887,5291628
2021-05-30,"Johnson&Johnson, Moderna, Oxford/AstraZeneca, Pfizer/BioNTech, Čína",3867163,1461360,5328523
2021-05-31,"Indie/AstraZeneca, Johnson&Johnson, Moderna, Oxford/AstraZeneca, Pfizer/BioNTech",3922912,1508892,5431804
2021-06-01,"Johnson&Johnson, Moderna, Oxford/AstraZeneca, Pfizer/BioNTech",3982039,1557786,5539825
2021-06-02,"Indie/AstraZeneca, Johnson&Johnson, Moderna, Oxford/AstraZeneca, Pfizer/BioNTech, Čína",4045022,1611819,5656841
2021-06-03,"Johnson&Johnson, Moderna, Oxford/AstraZeneca, Pfizer/BioNTech",4103291,1672066,5775357
2021-06-04,"Johnson&Johnson, Moderna, Oxford/AstraZeneca, Pfizer/BioNTech",4166439,1729498,5895937
2021-06-05,"Indie/AstraZeneca, Johnson&Johnson, Moderna, Oxford/AstraZeneca, Pfizer/BioNTech",4200640,1748434,5949074
2021-06-06,"Johnson&Johnson, Moderna, Oxford/AstraZeneca, Pfizer/BioNTech",4227605,1763615,5991220
2021-06-07,"Johnson&Johnson, Moderna, Oxford/AstraZeneca, Pfizer/BioNTech",4291305,1819276,6110581
2021-06-08,"Indie/AstraZeneca, Johnson&Johnson, Moderna, Oxford/AstraZeneca, Pfizer/BioNTech",4355328,1874302,6229630
2021-06-09,"Indie/AstraZeneca, Johnson&Johnson, Moderna, Oxford/AstraZeneca, Pfizer/BioNTech",4414554,1938995,6353549
2021-06-10,"Indie/AstraZeneca, Johnson&Johnson, Moderna, Oxford/AstraZeneca, Pfizer/BioNTech",4468423,2010319,6478742
2021-06-11,"Indie/Bahrat Biotech, Johnson&Johnson, Moderna, Oxford/AstraZeneca, Pfizer/BioNTech, Čína",4520555,2080186,6600741
2021-06-12,"Indie/AstraZeneca, Johnson&Johnson, Moderna, Oxford/AstraZeneca, Pfizer/BioNTech, Čína",4552594,2101050,6653644
2021-06-13,"Johnson&Johnson, Moderna, Oxford/AstraZeneca, Pfizer/BioNTech",4576640,2119498,6696138
2021-06-14,"Johnson&Johnson, Moderna, Oxford/AstraZeneca, Pfizer/BioNTech, Čína",4619745,2193915,6813660
2021-06-15,"Johnson&Johnson, Moderna, Oxford/AstraZeneca, Pfizer/BioNTech, Čína",4664441,2266331,6930772
2021-06-16,"Johnson&Johnson, Moderna, Oxford/AstraZeneca, Pfizer/BioNTech",4707277,2344585,7051862
2021-06-17,"Johnson&Johnson, Moderna, Oxford/AstraZeneca, Pfizer/BioNTech",4746723,2427710,7174433
2021-06-18,"Johnson&Johnson, Moderna, Oxford/AstraZeneca, Pfizer/BioNTech",4789182,2508326,7297508
2021-06-19,"Johnson&Johnson, Moderna, Oxford/AstraZeneca, Pfizer/BioNTech, Čína",4810990,2537682,7348672
2021-06-20,"Johnson&Johnson, Moderna, Oxford/AstraZeneca, Pfizer/BioNTech, Čína",4828406,2561566,7389972
2021-06-21,"Johnson&Johnson, Moderna, Oxford/AstraZeneca, Pfizer/BioNTech, Čína",4860929,2640205,7501134
2021-06-22,"Johnson&Johnson, Moderna, Oxford/AstraZeneca, Pfizer/BioNTech",4893918,2722558,7616476
2021-06-23,"Johnson&Johnson, Moderna, Oxford/AstraZeneca, Pfizer/BioNTech",4925657,2807835,7733492
2021-06-24,"Indie/AstraZeneca, Johnson&Johnson, Moderna, Oxford/AstraZeneca, Pfizer/BioNTech, Čína",4955543,2897928,7853471
2021-06-25,"Johnson&Johnson, Moderna, Oxford/AstraZeneca, Pfizer/BioNTech",4986644,2984198,7970842
2021-06-26,"Johnson&Johnson, Moderna, Oxford/AstraZeneca, Pfizer/BioNTech",5002556,3019099,8021655
2021-06-27,"Johnson&Johnson, Moderna, Oxford/AstraZeneca, Pfizer/BioNTech, Čína",5016520,3045828,8062348
2021-06-28,"Johnson&Johnson, Moderna, Oxford/AstraZeneca, Pfizer/BioNTech",5044954,3131072,8176026
2021-06-29,"Johnson&Johnson, Moderna, Oxford/AstraZeneca, Pfizer/BioNTech, Čína",5074254,3217646,8291900
2021-06-30,"Johnson&Johnson, Moderna, Oxford/AstraZeneca, Pfizer/BioNTech",5101773,3308724,8410497
2021-07-01,"Johnson&Johnson, Moderna, Oxford/AstraZeneca, Pfizer/BioNTech",5125799,3398851,8524650
2021-07-02,"Johnson&Johnson, Moderna, Oxford/AstraZeneca, Pfizer/BioNTech",5152562,3484814,8637376
2021-07-03,"Indie/AstraZeneca, Johnson&Johnson, Moderna, Oxford/AstraZeneca, Pfizer/BioNTech",5159678,3516397,8676075
2021-07-04,"Johnson&Johnson, Moderna, Oxford/AstraZeneca, Pfizer/BioNTech",5167277,3538229,8705506
2021-07-05,"Johnson&Johnson, Moderna, Oxford/AstraZeneca, Pfizer/BioNTech",5174709,3563654,8738363
2021-07-06,"Johnson&Johnson, Moderna, Oxford/AstraZeneca, Pfizer/BioNTech, Čína",5180208,3591410,8771618
2021-07-07,"Johnson&Johnson, Moderna, Oxford/AstraZeneca, Pfizer/BioNTech",5206060,3670433,8876493
2021-07-08,"Johnson&Johnson, Moderna, Oxford/AstraZeneca, Pfizer/BioNTech",5232694,3740812,8973506
2021-07-09,"Indie/AstraZeneca, Indie/Bahrat Biotech, Johnson&Johnson, Moderna, Oxford/AstraZeneca, Pfizer/BioNTech",5260668,3810171,9070839
2021-07-10,"Indie/AstraZeneca, Johnson&Johnson, Moderna, Oxford/AstraZeneca, Pfizer/BioNTech, Čína",5270060,3838853,9108913
2021-07-11,"Johnson&Johnson, Moderna, Oxford/AstraZeneca, Pfizer/BioNTech",5278624,3861749,9140373
2021-07-12,"Johnson&Johnson, Moderna, Oxford/AstraZeneca, Pfizer/BioNTech, Čína",5306193,3930851,9237044
2021-07-13,"Johnson&Johnson, Moderna, Oxford/AstraZeneca, Pfizer/BioNTech",5332424,4000768,9333192
2021-07-14,"Johnson&Johnson, Moderna, Oxford/AstraZeneca, Pfizer/BioNTech",5358280,4072789,9431069
2021-07-15,"Indie/AstraZeneca, Johnson&Johnson, Moderna, Oxford/AstraZeneca, Pfizer/BioNTech, Čína",5387483,4138834,9526317
2021-07-16,"Johnson&Johnson, Moderna, Oxford/AstraZeneca, Pfizer/BioNTech",5415443,4211601,9627044
2021-07-17,"Johnson&Johnson, Moderna, Oxford/AstraZeneca, Pfizer/BioNTech, Čína",5424259,4243092,9667351
2021-07-18,"Johnson&Johnson, Moderna, Oxford/AstraZeneca, Pfizer/BioNTech, Čína",5432709,4269117,9701826
2021-07-19,"Johnson&Johnson, Moderna, Oxford/AstraZeneca, Pfizer/BioNTech",5456091,4336158,9792249
2021-07-20,"Johnson&Johnson, Moderna, Oxford/AstraZeneca, Pfizer/BioNTech",5477530,4403250,9880780
2021-07-21,"Indie/AstraZeneca, Johnson&Johnson, Moderna, Oxford/AstraZeneca, Pfizer/BioNTech",5501009,4466744,9967753
2021-07-22,"Johnson&Johnson, Moderna, Oxford/AstraZeneca, Pfizer/BioNTech",5523397,4525414,10048811
2021-07-23,"Johnson&Johnson, Moderna, Oxford/AstraZeneca, Pfizer/BioNTech",5546658,4580207,10126865
2021-07-24,"Indie/AstraZeneca, Johnson&Johnson, Moderna, Oxford/AstraZeneca, Pfizer/BioNTech, Čína",5554030,4607901,10161931
2021-07-25,"Johnson&Johnson, Moderna, Oxford/AstraZeneca, Pfizer/BioNTech",5560686,4630048,10190734
2021-07-26,"Johnson&Johnson, Moderna, Oxford/AstraZeneca, Pfizer/BioNTech",5584258,4678760,10263018
2021-07-27,"Johnson&Johnson, Moderna, Oxford/AstraZeneca, Pfizer/BioNTech, Čína",5607032,4725446,10332478
2021-07-28,"Johnson&Johnson, Moderna, Oxford/AstraZeneca, Pfizer/BioNTech",5628333,4771506,10399839
2021-07-29,"Johnson&Johnson, Moderna, Oxford/AstraZeneca, Pfizer/BioNTech",5649690,4813515,10463205
2021-07-30,"Johnson&Johnson, Moderna, Oxford/AstraZeneca, Pfizer/BioNTech",5672994,4856129,10529123
2021-07-31,"Indie/AstraZeneca, Johnson&Johnson, Moderna, Oxford/AstraZeneca, Pfizer/BioNTech, Čína",5681965,4875696,10557661
2021-08-01,"Johnson&Johnson, Moderna, Oxford/AstraZeneca, Pfizer/BioNTech, Čína",5688710,4891882,10580592
2021-08-02,"Johnson&Johnson, Moderna, Oxford/AstraZeneca, Pfizer/BioNTech",5707373,4929477,10636850
2021-08-03,"Johnson&Johnson, Moderna, Oxford/AstraZeneca, Pfizer/BioNTech",5725049,4967635,10692684
2021-08-04,"Johnson&Johnson, Moderna, Oxford/AstraZeneca, Pfizer/BioNTech",5741195,5004445,10745640
2021-08-05,"Johnson&Johnson, Moderna, Oxford/AstraZeneca, Pfizer/BioNTech",5757264,5044977,10802241
2021-08-06,"Johnson&Johnson, Moderna, Oxford/AstraZeneca, Pfizer/BioNTech",5774101,5088334,10862435
2021-08-07,"Johnson&Johnson, Moderna, Oxford/AstraZeneca, Pfizer/BioNTech",5779724,5106534,10886258
2021-08-08,"Johnson&Johnson, Moderna, Oxford/AstraZeneca, Pfizer/BioNTech",5784103,5122313,10906416
2021-08-09,"Indie/AstraZeneca, Johnson&Johnson, Moderna, Oxford/AstraZeneca, Pfizer/BioNTech",5796753,5167413,10964166
2021-08-10,"Johnson&Johnson, Moderna, Oxford/AstraZeneca, Pfizer/BioNTech, Čína",5808619,5207028,11015647
2021-08-11,"Indie/AstraZeneca, Johnson&Johnson, Moderna, Oxford/AstraZeneca, Pfizer/BioNTech, Čína",5820002,5250200,11070202
2021-08-12,"Johnson&Johnson, Moderna, Oxford/AstraZeneca, Pfizer/BioNTech",5831432,5287371,11118803
2021-08-13,"Johnson&Johnson, Moderna, Oxford/AstraZeneca, Pfizer/BioNTech",5842181,5327755,11169936
2021-08-14,"Johnson&Johnson, Moderna, Oxford/AstraZeneca, Pfizer/BioNTech",5845533,5338486,11184019
2021-08-15,"Johnson&Johnson, Moderna, Oxford/AstraZeneca, Pfizer/BioNTech",5848131,5348884,11197015
2021-08-16,"Indie/AstraZeneca, Johnson&Johnson, Moderna, Oxford/AstraZeneca, Pfizer/BioNTech, Čína",5857938,5382995,11240933
2021-08-17,"Johnson&Johnson, Moderna, Oxford/AstraZeneca, Pfizer/BioNTech",5867542,5410134,11277676
2021-08-18,"Johnson&Johnson, Moderna, Oxford/AstraZeneca, Pfizer/BioNTech",5876925,5449076,11326001
2021-08-19,"Johnson&Johnson, Moderna, Oxford/AstraZeneca, Pfizer/BioNTech",5886612,5487455,11374067
2021-08-20,"Johnson&Johnson, Moderna, Oxford/AstraZeneca, Pfizer/BioNTech",5898018,5527685,11425703
2021-08-21,"Indie/AstraZeneca, Johnson&Johnson, Moderna, Oxford/AstraZeneca, Pfizer/BioNTech",5900751,5540479,11441230
2021-08-22,"Johnson&Johnson, Moderna, Oxford/AstraZeneca, Pfizer/BioNTech",5903098,5552462,11455560
2021-08-23,"Indie/AstraZeneca, Johnson&Johnson, Moderna, Oxford/AstraZeneca, Pfizer/BioNTech",5913646,5591770,11505416
2021-08-24,"Johnson&Johnson, Moderna, Oxford/AstraZeneca, Pfizer/BioNTech",5923533,5625039,11548572
2021-08-25,"Indie/AstraZeneca, Johnson&Johnson, Moderna, Oxford/AstraZeneca, Pfizer/BioNTech",5932416,5653445,11585861
2021-08-26,"Johnson&Johnson, Moderna, Oxford/AstraZeneca, Pfizer/BioNTech",5940878,5679607,11620485
2021-08-27,"Indie/AstraZeneca, Johnson&Johnson, Moderna, Oxford/AstraZeneca, Pfizer/BioNTech",5951211,5705629,11656840
2021-08-28,"Johnson&Johnson, Moderna, Oxford/AstraZeneca, Pfizer/BioNTech",5953959,5712718,11666677
2021-08-29,"Johnson&Johnson, Moderna, Oxford/AstraZeneca, Pfizer/BioNTech, Čína",5956378,5719352,11675730
2021-08-30,"Johnson&Johnson, Moderna, Oxford/AstraZeneca, Pfizer/BioNTech",5964908,5741259,11706167
2021-08-31,"Indie/AstraZeneca, Johnson&Johnson, Moderna, Oxford/AstraZeneca, Pfizer/BioNTech, Čína",5972605,5759399,11732004
2021-09-01,"Johnson&Johnson, Moderna, Oxford/AstraZeneca, Pfizer/BioNTech",5978526,5773434,11751960
2021-09-02,"Johnson&Johnson, Moderna, Oxford/AstraZeneca, Pfizer/BioNTech",5985374,5787841,11773215
2021-09-03,"Johnson&Johnson, Moderna, Oxford/AstraZeneca, Pfizer/BioNTech",5994944,5803598,11798542
2021-09-04,"Indie/AstraZeneca, Johnson&Johnson, Moderna, Oxford/AstraZeneca, Pfizer/BioNTech",5997028,5807177,11804205
2021-09-05,"Johnson&Johnson, Moderna, Oxford/AstraZeneca, Pfizer/BioNTech",5999078,5810031,11809109
2021-09-06,"Indie/AstraZeneca, Johnson&Johnson, Moderna, Oxford/AstraZeneca, Pfizer/BioNTech",6005329,5822591,11827920
2021-09-07,"Johnson&Johnson, Moderna, Oxford/AstraZeneca, Pfizer/BioNTech",6009726,5833698,11843424
2021-09-08,"Johnson&Johnson, Moderna, Oxford/AstraZeneca, Pfizer/BioNTech, Čína",6015412,5843577,11858989
2021-09-09,"Indie/AstraZeneca, Johnson&Johnson, Moderna, Oxford/AstraZeneca, Pfizer/BioNTech",6022115,5853660,11875775
2021-09-10,"Johnson&Johnson, Moderna, Oxford/AstraZeneca, Pfizer/BioNTech",6029829,5865864,11895693
2021-09-11,"Indie/AstraZeneca, Johnson&Johnson, Moderna, Oxford/AstraZeneca, Pfizer/BioNTech",6031709,5868370,11900079
2021-09-12,"Johnson&Johnson, Moderna, Oxford/AstraZeneca, Pfizer/BioNTech",6032831,5870012,11902843
2021-09-13,"Johnson&Johnson, Moderna, Oxford/AstraZeneca, Pfizer/BioNTech",6038281,5880338,11918619
2021-09-14,"Johnson&Johnson, Moderna, Oxford/AstraZeneca, Pfizer/BioNTech",6043688,5889362,11933050
2021-09-15,"Johnson&Johnson, Moderna, Oxford/AstraZeneca, Pfizer/BioNTech",6048909,5897903,11946812
2021-09-16,"Johnson&Johnson, Moderna, Oxford/AstraZeneca, Pfizer/BioNTech",6054284,5906186,11960470
2021-09-17,"Johnson&Johnson, Moderna, Oxford/AstraZeneca, Pfizer/BioNTech",6060864,5916435,11977299
2021-09-18,"Johnson&Johnson, Moderna, Oxford/AstraZeneca, Pfizer/BioNTech, Čína",6062600,5918806,11981406
2021-09-19,"Johnson&Johnson, Moderna, Oxford/AstraZeneca, Pfizer/BioNTech",6063551,5920380,11983931
2021-09-20,"Johnson&Johnson, Moderna, Oxford/AstraZeneca, Pfizer/BioNTech",6067585,5928586,11996171
2021-09-21,"Johnson&Johnson, Moderna, Oxford/AstraZeneca, Pfizer/BioNTech",6071833,5936132,12007965
2021-09-22,"Johnson&Johnson, Moderna, Oxford/AstraZeneca, Pfizer/BioNTech, Čína",6076034,5941670,12017704
2021-09-23,"Johnson&Johnson, Moderna, Oxford/AstraZeneca, Pfizer/BioNTech",6080999,5948094,12029093
2021-09-24,"Johnson&Johnson, Moderna, Oxford/AstraZeneca, Pfizer/BioNTech",6086765,5957722,12044487
2021-09-25,"Johnson&Johnson, Moderna, Oxford/AstraZeneca, Pfizer/BioNTech",6088268,5959725,12047993
2021-09-26,"Johnson&Johnson, Moderna, Oxford/AstraZeneca, Pfizer/BioNTech",6089018,5961370,12050388
2021-09-27,"Indie/AstraZeneca, Johnson&Johnson, Moderna, Oxford/AstraZeneca, Pfizer/BioNTech, Čína",6092910,5967899,12060809
2021-09-28,"Johnson&Johnson, Moderna, Oxford/AstraZeneca, Pfizer/BioNTech",6093289,5968542,12061831
2021-09-29,"Indie/AstraZeneca, Johnson&Johnson, Moderna, Oxford/AstraZeneca, Pfizer/BioNTech, Čína",6097069,5976012,12073081
2021-09-30,"Johnson&Johnson, Moderna, Oxford/AstraZeneca, Pfizer/BioNTech",6101595,5983733,12085328
2021-10-01,"Indie/AstraZeneca, Johnson&Johnson, Moderna, Oxford/AstraZeneca, Pfizer/BioNTech, Čína",6105912,5991731,12097643
2021-10-02,"Johnson&Johnson, Moderna, Oxford/AstraZeneca, Pfizer/BioNTech, Čína",6106981,5993286,12100267
2021-10-03,"Johnson&Johnson, Moderna, Oxford/AstraZeneca, Pfizer/BioNTech",6107708,5994161,12101869
2021-10-04,"Johnson&Johnson, Moderna, Oxford/AstraZeneca, Pfizer/BioNTech",6110792,5999747,12110539
2021-10-05,"Johnson&Johnson, Moderna, Oxford/AstraZeneca, Pfizer/BioNTech",6113958,6004840,12118798
2021-10-06,"Johnson&Johnson, Moderna, Oxford/AstraZeneca, Pfizer/BioNTech",6117483,6010024,12127507
2021-10-07,"Johnson&Johnson, Moderna, Oxford/AstraZeneca, Pfizer/BioNTech",6120770,6015289,12136059
2021-10-08,"Johnson&Johnson, Moderna, Oxford/AstraZeneca, Pfizer/BioNTech",6125572,6021945,12147517
2021-10-09,"Indie/AstraZeneca, Johnson&Johnson, Moderna, Oxford/AstraZeneca, Pfizer/BioNTech",6126818,6023618,12150436
2021-10-10,"Johnson&Johnson, Moderna, Oxford/AstraZeneca, Pfizer/BioNTech",6127768,6024458,12152226
2021-10-11,"Johnson&Johnson, Moderna, Oxford/AstraZeneca, Pfizer/BioNTech",6130700,6028888,12159588
2021-10-12,"Johnson&Johnson, Moderna, Oxford/AstraZeneca, Pfizer/BioNTech",6133647,6032896,12166543
2021-10-13,"Johnson&Johnson, Moderna, Oxford/AstraZeneca, Pfizer/BioNTech",6137185,6037098,12174283
2021-10-14,"Johnson&Johnson, Moderna, Oxford/AstraZeneca, Pfizer/BioNTech",6140859,6042053,12182912
2021-10-15,"Johnson&Johnson, Moderna, Oxford/AstraZeneca, Pfizer/BioNTech",6146098,6048209,12194307
2021-10-16,"Johnson&Johnson, Moderna, Oxford/AstraZeneca, Pfizer/BioNTech",6147518,6049743,12197261
2021-10-17,"Johnson&Johnson, Moderna, Pfizer/BioNTech, Čína",6148845,6050803,12199648
2021-10-18,"Johnson&Johnson, Moderna, Oxford/AstraZeneca, Pfizer/BioNTech",6152961,6054913,12207874
2021-10-19,"Johnson&Johnson, Moderna, Oxford/AstraZeneca, Pfizer/BioNTech",6156547,6057017,12213564
2021-10-20,"Johnson&Johnson, Moderna, Oxford/AstraZeneca, Pfizer/BioNTech",6161440,6061482,12222922
2021-10-21,"Johnson&Johnson, Moderna, Oxford/AstraZeneca, Pfizer/BioNTech",6169210,6067096,12236306
2021-10-22,"Johnson&Johnson, Moderna, Oxford/AstraZeneca, Pfizer/BioNTech",6179676,6073602,12253278
2021-10-23,"Johnson&Johnson, Moderna, Oxford/AstraZeneca, Pfizer/BioNTech",6183361,6075816,12259177
2021-10-24,"Johnson&Johnson, Moderna, Oxford/AstraZeneca, Pfizer/BioNTech",6186050,6077599,12263649
2021-10-25,"Johnson&Johnson, Moderna, Oxford/AstraZeneca, Pfizer/BioNTech, Čína",6196565,6083425,12279990
2021-10-26,"Johnson&Johnson, Moderna, Oxford/AstraZeneca, Pfizer/BioNTech, Čína",6208563,6089978,12298541
2021-10-27,"Johnson&Johnson, Moderna, Oxford/AstraZeneca, Pfizer/BioNTech, Čína",6223172,6097396,12320568
2021-10-28,"Johnson&Johnson, Moderna, Oxford/AstraZeneca, Pfizer/BioNTech",6226607,6099092,12325699
2021-10-29,"Johnson&Johnson, Moderna, Oxford/AstraZeneca, Pfizer/BioNTech",6241054,6107087,12348141
2021-10-30,"Johnson&Johnson, Moderna, Oxford/AstraZeneca, Pfizer/BioNTech",6245584,6110015,12355599
2021-10-31,"Johnson&Johnson, Moderna, Oxford/AstraZeneca, Pfizer/BioNTech",6249348,6112496,12361844
2021-11-01,"Johnson&Johnson, Moderna, Oxford/AstraZeneca, Pfizer/BioNTech",6264547,6120177,12384724
2021-11-02,"Johnson&Johnson, Moderna, Oxford/AstraZeneca, Pfizer/BioNTech, Čína",6280002,6127738,12407740
2021-11-03,"Johnson&Johnson, Moderna, Oxford/AstraZeneca, Pfizer/BioNTech, Čína",6297194,6135034,12432228
2021-11-04,"Johnson&Johnson, Moderna, Oxford/AstraZeneca, Pfizer/BioNTech",6315537,6143209,12458746
2021-11-05,"Johnson&Johnson, Moderna, Oxford/AstraZeneca, Pfizer/BioNTech",6338344,6154503,12492847
2021-11-06,"Johnson&Johnson, Moderna, Oxford/AstraZeneca, Pfizer/BioNTech",6344862,6157566,12502428
2021-11-07,"Johnson&Johnson, Moderna, Oxford/AstraZeneca, Pfizer/BioNTech",6348893,6160008,12508901
2021-11-08,"Johnson&Johnson, Moderna, Oxford/AstraZeneca, Pfizer/BioNTech",6365163,6167640,12532803
2021-11-09,"Johnson&Johnson, Moderna, Oxford/AstraZeneca, Pfizer/BioNTech",6379980,6174952,12554932
2021-11-10,"Johnson&Johnson, Moderna, Oxford/AstraZeneca, Pfizer/BioNTech",6395720,6182340,12578060
2021-11-11,"Johnson&Johnson, Moderna, Oxford/AstraZeneca, Pfizer/BioNTech, Čína",6411198,6191451,12602649
2021-11-12,"Johnson&Johnson, Moderna, Oxford/AstraZeneca, Pfizer/BioNTech",6431005,6204254,12635259
2021-11-13,"Johnson&Johnson, Moderna, Oxford/AstraZeneca, Pfizer/BioNTech",6436402,6208135,12644537
2021-11-14,"Johnson&Johnson, Moderna, Oxford/AstraZeneca, Pfizer/BioNTech",6440301,6211146,12651447
2021-11-15,"Johnson&Johnson, Moderna, Oxford/AstraZeneca, Pfizer/BioNTech",6455392,6221857,12677249
2021-11-16,"Johnson&Johnson, Moderna, Oxford/AstraZeneca, Pfizer/BioNTech",6472920,6233834,12706754
2021-11-17,"Johnson&Johnson, Moderna, Oxford/AstraZeneca, Pfizer/BioNTech",6477165,6237407,12714572
2021-11-18,"Johnson&Johnson, Moderna, Oxford/AstraZeneca, Pfizer/BioNTech",6496579,6249102,12745681
2021-11-19,"Johnson&Johnson, Moderna, Oxford/AstraZeneca, Pfizer/BioNTech",6521190,6266085,12787275
2021-11-20,"Johnson&Johnson, Moderna, Oxford/AstraZeneca, Pfizer/BioNTech",6529767,6271073,12800840
2021-11-21,"Johnson&Johnson, Moderna, Oxford/AstraZeneca, Pfizer/BioNTech",6536535,6274851,12811386
2021-11-22,"Johnson&Johnson, Moderna, Oxford/AstraZeneca, Pfizer/BioNTech, Čína",6555048,6288971,12844019
2021-11-23,"Johnson&Johnson, Moderna, Oxford/AstraZeneca, Pfizer/BioNTech",6574118,6302238,12876356
2021-11-24,"Johnson&Johnson, Moderna, Oxford/AstraZeneca, Pfizer/BioNTech",6593131,6318094,12911225
2021-11-25,"Johnson&Johnson, Moderna, Oxford/AstraZeneca, Pfizer/BioNTech",6612279,6333142,12945421
2021-11-26,"Johnson&Johnson, Moderna, Oxford/AstraZeneca, Pfizer/BioNTech",6633943,6352289,12986232
2021-11-27,"Johnson&Johnson, Moderna, Oxford/AstraZeneca, Pfizer/BioNTech",6641421,6357848,12999269
2021-11-28,"Johnson&Johnson, Moderna, Oxford/AstraZeneca, Pfizer/BioNTech",6644756,6360989,13005745
2021-11-29,"Johnson&Johnson, Moderna, Oxford/AstraZeneca, Pfizer/BioNTech",6659962,6374653,13034615
2021-11-30,"Johnson&Johnson, Moderna, Oxford/AstraZeneca, Pfizer/BioNTech",6673166,6385886,13059052
2021-12-01,"Johnson&Johnson, Moderna, Oxford/AstraZeneca, Pfizer/BioNTech",6687210,6398347,13085557
2021-12-02,"Johnson&Johnson, Moderna, Oxford/AstraZeneca, Pfizer/BioNTech, Čína",6697855,6410846,13108701
2021-12-03,"Johnson&Johnson, Moderna, Oxford/AstraZeneca, Pfizer/BioNTech",6707497,6426428,13133925
2021-12-04,"Johnson&Johnson, Moderna, Pfizer/BioNTech",6710057,6430388,13140445
2021-12-05,"Johnson&Johnson, Moderna, Oxford/AstraZeneca, Pfizer/BioNTech",6711417,6432733,13144150
2021-12-06,"Johnson&Johnson, Moderna, Oxford/AstraZeneca, Pfizer/BioNTech",6719568,6444264,13163832
2021-12-07,"Johnson&Johnson, Moderna, Oxford/AstraZeneca, Pfizer/BioNTech",6727459,6456279,13183738
2021-12-08,"Johnson&Johnson, Moderna, Oxford/AstraZeneca, Pfizer/BioNTech",6735705,6462210,13197915
2021-12-09,"Johnson&Johnson, Moderna, Oxford/AstraZeneca, Pfizer/BioNTech",6742826,6475039,13217865
2021-12-10,"Johnson&Johnson, Moderna, Oxford/AstraZeneca, Pfizer/BioNTech",6749757,6492852,13242609
2021-12-11,"Johnson&Johnson, Moderna, Oxford/AstraZeneca, Pfizer/BioNTech",6751413,6498119,13249532
2021-12-12,"Johnson&Johnson, Moderna, Oxford/AstraZeneca, Pfizer/BioNTech",6752725,6502557,13255282
2021-12-13,"Johnson&Johnson, Moderna, Oxford/AstraZeneca, Pfizer/BioNTech",6759082,6515873,13274955
2021-12-14,"Johnson&Johnson, Moderna, Oxford/AstraZeneca, Pfizer/BioNTech",6765292,6529547,13294839
2021-12-15,"Johnson&Johnson, Moderna, Oxford/AstraZeneca, Pfizer/BioNTech",6771498,6543146,13314644
2021-12-16,"Johnson&Johnson, Moderna, Oxford/AstraZeneca, Pfizer/BioNTech",6778443,6557984,13336427
2021-12-17,"Johnson&Johnson, Moderna, Oxford/AstraZeneca, Pfizer/BioNTech",6786808,6575258,13362066
2021-12-18,"Johnson&Johnson, Moderna, Oxford/AstraZeneca, Pfizer/BioNTech",6789419,6580718,13370137
2021-12-19,"Johnson&Johnson, Moderna, Pfizer/BioNTech",6791193,6583224,13374417
2021-12-20,"Johnson&Johnson, Moderna, Oxford/AstraZeneca, Pfizer/BioNTech",6797047,6597289,13394336
2021-12-21,"Johnson&Johnson, Moderna, Oxford/AstraZeneca, Pfizer/BioNTech",6803711,6609299,13413010
2021-12-22,"Johnson&Johnson, Moderna, Oxford/AstraZeneca, Pfizer/BioNTech",6808757,6622359,13431116
2021-12-23,"Johnson&Johnson, Moderna, Oxford/AstraZeneca, Pfizer/BioNTech",6811634,6627966,13439600
2021-12-24,"Johnson&Johnson, Moderna, Oxford/AstraZeneca, Pfizer/BioNTech",6811680,6628070,13439750
2021-12-25,"Moderna, Pfizer/BioNTech",6811682,6628079,13439761
2021-12-26,"Moderna, Pfizer/BioNTech",6811784,6628282,13440066
2021-12-27,"Johnson&Johnson, Moderna, Pfizer/BioNTech",6815652,6638029,13453681
2021-12-28,"Johnson&Johnson, Moderna, Oxford/AstraZeneca, Pfizer/BioNTech",6820894,6646031,13466925
2021-12-29,"Johnson&Johnson, Moderna, Oxford/AstraZeneca, Pfizer/BioNTech",6825176,6653753,13478929
2021-12-30,"Johnson&Johnson, Moderna, Pfizer/BioNTech",6829478,6659186,13488664
2021-12-31,"Johnson&Johnson, Moderna, Pfizer/BioNTech",6829989,6660611,13490600
2022-01-01,"Moderna, Pfizer/BioNTech",6829995,6660629,13490624
2022-01-02,"Johnson&Johnson, Moderna, Pfizer/BioNTech",6830851,6662006,13492857
2022-01-03,"Johnson&Johnson, Moderna, Oxford/AstraZeneca, Pfizer/BioNTech",6834988,6670916,13505904
2022-01-04,"Johnson&Johnson, Moderna, Oxford/AstraZeneca, Pfizer/BioNTech",6840071,6678674,13518745
2022-01-05,"Johnson&Johnson, Moderna, Oxford/AstraZeneca, Pfizer/BioNTech, Čína",6845894,6686651,13532545
2022-01-06,"Johnson&Johnson, Moderna, Oxford/AstraZeneca, Pfizer/BioNTech",6852485,6695052,13547537
2022-01-07,"Johnson&Johnson, Moderna, Oxford/AstraZeneca, Pfizer/BioNTech",6860365,6705410,13565775
2022-01-08,"Johnson&Johnson, Moderna, Oxford/AstraZeneca, Pfizer/BioNTech",6862843,6708188,13571031
2022-01-09,"Johnson&Johnson, Moderna, Pfizer/BioNTech",6863925,6709886,13573811
2022-01-10,"Johnson&Johnson, Moderna, Oxford/AstraZeneca, Pfizer/BioNTech",6868434,6716080,13584514
2022-01-11,"Johnson&Johnson, Moderna, Oxford/AstraZeneca, Pfizer/BioNTech",6873883,6722839,13596722
2022-01-12,"Johnson&Johnson, Moderna, Oxford/AstraZeneca, Pfizer/BioNTech",6879843,6728482,13608325
2022-01-13,"Johnson&Johnson, Moderna, Oxford/AstraZeneca, Pfizer/BioNTech",6885732,6733257,13618989
2022-01-14,"Johnson&Johnson, Moderna, Oxford/AstraZeneca, Pfizer/BioNTech",6892037,6736891,13628928
2022-01-15,"Johnson&Johnson, Moderna, Oxford/AstraZeneca, Pfizer/BioNTech",6893313,6737547,13630860
2022-01-16,"Johnson&Johnson, Moderna, Oxford/AstraZeneca, Pfizer/BioNTech",6894003,6737984,13631987
2022-01-17,"Johnson&Johnson, Moderna, Oxford/AstraZeneca, Pfizer/BioNTech",6897558,6741942,13639500
2022-01-18,"Johnson&Johnson, Moderna, Oxford/AstraZeneca, Pfizer/BioNTech",6901408,6746897,13648305
2022-01-19,"Johnson&Johnson, Moderna, Oxford/AstraZeneca, Pfizer/BioNTech",6905478,6750828,13656306
2022-01-20,"Johnson&Johnson, Moderna, Oxford/AstraZeneca, Pfizer/BioNTech",6909077,6755284,13664361
2022-01-21,"Johnson&Johnson, Moderna, Oxford/AstraZeneca, Pfizer/BioNTech",6913074,6757812,13670886
2022-01-22,"Johnson&Johnson, Moderna, Pfizer/BioNTech",6913854,6758253,13672107
2022-01-23,"Johnson&Johnson, Moderna, Pfizer/BioNTech",6914415,6758887,13673302
2022-01-24,"Johnson&Johnson, Moderna, Oxford/AstraZeneca, Pfizer/BioNTech",6916688,6762325,13679013
2022-01-25,"Johnson&Johnson, Moderna, Oxford/AstraZeneca, Pfizer/BioNTech",6919048,6766319,13685367
2022-01-26,"Johnson&Johnson, Moderna, Oxford/AstraZeneca, Pfizer/BioNTech",6921432,6770888,13692320
2022-01-27,"Johnson&Johnson, Moderna, Oxford/AstraZeneca, Pfizer/BioNTech",6923754,6775703,13699457
2022-01-28,"Johnson&Johnson, Moderna, Oxford/AstraZeneca, Pfizer/BioNTech",6926672,6781870,13708542
2022-01-29,"Johnson&Johnson, Moderna, Oxford/AstraZeneca, Pfizer/BioNTech",6927274,6783521,13710795
2022-01-30,"Johnson&Johnson, Moderna, Pfizer/BioNTech",6927501,6784303,13711804
2022-01-31,"Johnson&Johnson, Moderna, Pfizer/BioNTech",6929043,6788230,13717273
2022-02-01,"Johnson&Johnson, Moderna, Pfizer/BioNTech",6930639,6792263,13722902
2022-02-02,"Johnson&Johnson, Moderna, Oxford/AstraZeneca, Pfizer/BioNTech",6932204,6796777,13728981
2022-02-03,"Johnson&Johnson, Moderna, Pfizer/BioNTech",6933584,6801264,13734848
2022-02-04,"Johnson&Johnson, Moderna, Pfizer/BioNTech",6935185,6806381,13741566
2022-02-05,"Johnson&Johnson, Moderna, Pfizer/BioNTech",6935358,6806991,13742349
2022-02-06,"Johnson&Johnson, Moderna, Pfizer/BioNTech",6935454,6807310,13742764
2022-02-07,"Johnson&Johnson, Moderna, Pfizer/BioNTech",6936157,6810519,13746676
2022-02-08,"Johnson&Johnson, Moderna, Pfizer/BioNTech",6936951,6813708,13750659
2022-02-09,"Johnson&Johnson, Moderna, Pfizer/BioNTech",6937773,6817082,13754855
2022-02-10,"Johnson&Johnson, Moderna, Pfizer/BioNTech",6938583,6820215,13758798
2022-02-11,"Johnson&Johnson, Moderna, Pfizer/BioNTech",6939537,6824130,13763667
2022-02-12,"Johnson&Johnson, Moderna, Pfizer/BioNTech",6939647,6824549,13764196
2022-02-13,"Johnson&Johnson, Moderna, Pfizer/BioNTech",6939684,6824987,13764671
2022-02-14,"Johnson&Johnson, Moderna, Pfizer/BioNTech",6940143,6827099,13767242
2022-02-15,"Johnson&Johnson, Moderna, Pfizer/BioNTech",6940696,6829309,13770005
2022-02-16,"Johnson&Johnson, Moderna, Pfizer/BioNTech",6941287,6831409,13772696
2022-02-17,"Johnson&Johnson, Moderna, Pfizer/BioNTech",6941882,6833751,13775633
2022-02-18,"Johnson&Johnson, Moderna, Oxford/AstraZeneca, Pfizer/BioNTech",6942524,6836804,13779328
2022-02-19,"Johnson&Johnson, Moderna, Pfizer/BioNTech",6942604,6837085,13779689
2022-02-20,"Johnson&Johnson, Moderna, Oxford/AstraZeneca, Pfizer/BioNTech",6942642,6837234,13779876
2022-02-21,"Johnson&Johnson, Moderna, Oxford/AstraZeneca, Pfizer/BioNTech",6943006,6838934,13781940
2022-02-22,"Johnson&Johnson, Moderna, Oxford/AstraZeneca, Pfizer/BioNTech",6943399,6840632,13784031
2022-02-23,"Johnson&Johnson, Moderna, Pfizer/BioNTech",6943856,6842275,13786131
2022-02-24,"Johnson&Johnson, Moderna, Pfizer/BioNTech",6944264,6843906,13788170
2022-02-25,"Johnson&Johnson, Moderna, Pfizer/BioNTech",6944847,6845991,13790838
2022-02-26,"Johnson&Johnson, Moderna, Pfizer/BioNTech",6944906,6846152,13791058
2022-02-27,"Johnson&Johnson, Moderna, Pfizer/BioNTech",6944936,6846228,13791164
2022-02-28,"Johnson&Johnson, Moderna, Pfizer/BioNTech",6945182,6847205,13792387
2022-03-01,"Johnson&Johnson, Moderna, Pfizer/BioNTech",6945489,6847990,13793479
2022-03-02,"Johnson&Johnson, Moderna, Novavax, Pfizer/BioNTech",6945862,6848898,13794760
2022-03-03,"Johnson&Johnson, Moderna, Novavax, Pfizer/BioNTech",6946199,6849841,13796040
2022-03-04,"Johnson&Johnson, Moderna, Novavax, Pfizer/BioNTech",6946829,6851062,13797891
2022-03-05,"Johnson&Johnson, Moderna, Novavax, Pfizer/BioNTech",6946910,6851155,13798065
2022-03-06,"Moderna, Novavax, Pfizer/BioNTech",6946923,6851173,13798096
2022-03-07,"Johnson&Johnson, Moderna, Novavax, Pfizer/BioNTech",6947258,6851731,13798989
2022-03-08,"Johnson&Johnson, Moderna, Novavax, Pfizer/BioNTech",6947593,6852273,13799866
2022-03-09,"Johnson&Johnson, Moderna, Novavax, Pfizer/BioNTech",6947982,6852868,13800850
2022-03-10,"Johnson&Johnson, Moderna, Novavax, Pfizer/BioNTech",6948395,6853541,13801936
2022-03-11,"Johnson&Johnson, Moderna, Novavax, Pfizer/BioNTech",6949144,6854451,13803595
2022-03-12,"Johnson&Johnson, Moderna, Novavax, Pfizer/BioNTech",6949215,6854556,13803771
2022-03-13,"Johnson&Johnson, Moderna, Novavax, Pfizer/BioNTech",6949228,6854575,13803803
2022-03-14,"Johnson&Johnson, Moderna, Novavax, Pfizer/BioNTech",6949495,6854958,13804453
2022-03-15,"Johnson&Johnson, Moderna, Novavax, Pfizer/BioNTech",6949779,6855394,13805173
2022-03-16,"Johnson&Johnson, Moderna, Novavax, Pfizer/BioNTech",6950098,6855937,13806035
2022-03-17,"Johnson&Johnson, Moderna, Novavax, Oxford/AstraZeneca, Pfizer/BioNTech",6950394,6856369,13806763
2022-03-18,"Johnson&Johnson, Moderna, Novavax, Pfizer/BioNTech",6951091,6857165,13808256
2022-03-19,"Moderna, Novavax, Pfizer/BioNTech",6951147,6857210,13808357
2022-03-20,"Moderna, Novavax, Pfizer/BioNTech",6951165,6857222,13808387
2022-03-21,"Johnson&Johnson, Moderna, Novavax, Pfizer/BioNTech",6951353,6857549,13808902
2022-03-22,"Johnson&Johnson, Moderna, Novavax, Pfizer/BioNTech",6951595,6857948,13809543
2022-03-23,"Johnson&Johnson, Moderna, Novavax, Pfizer/BioNTech",6951932,6858387,13810319
2022-03-24,"Johnson&Johnson, Moderna, Novavax, Pfizer/BioNTech",6952243,6858860,13811103
2022-03-25,"Johnson&Johnson, Moderna, Novavax, Pfizer/BioNTech",6952739,6859669,13812408
2022-03-26,"Johnson&Johnson, Moderna, Novavax, Pfizer/BioNTech",6952791,6859747,13812538
2022-03-27,"Moderna, Novavax, Pfizer/BioNTech",6952807,6859764,13812571
2022-03-28,"Johnson&Johnson, Moderna, Novavax, Pfizer/BioNTech",6952961,6860142,13813103
2022-03-29,"Johnson&Johnson, Moderna, Novavax, Pfizer/BioNTech",6953223,6860548,13813771
2022-03-30,"Johnson&Johnson, Moderna, Novavax, Pfizer/BioNTech",6953528,6861041,13814569
2022-03-31,"Johnson&Johnson, Moderna, Novavax, Pfizer/BioNTech",6953825,6861534,13815359
2022-04-01,"Johnson&Johnson, Moderna, Novavax, Pfizer/BioNTech",6954435,6862294,13816729
2022-04-02,"Moderna, Novavax, Pfizer/BioNTech",6954492,6862378,13816870
2022-04-03,"Moderna, Novavax, Pfizer/BioNTech",6954505,6862407,13816912
2022-04-04,"Johnson&Johnson, Moderna, Novavax, Pfizer/BioNTech",6954682,6862689,13817371
2022-04-05,"Johnson&Johnson, Moderna, Novavax, Pfizer/BioNTech",6954873,6862925,13817798
2022-04-06,"Johnson&Johnson, Moderna, Novavax, Pfizer/BioNTech",6955090,6863271,13818361
2022-04-07,"Johnson&Johnson, Moderna, Novavax, Pfizer/BioNTech",6955314,6863689,13819003
2022-04-08,"Johnson&Johnson, Moderna, Novavax, Pfizer/BioNTech",6955768,6864413,13820181
2022-04-09,"Johnson&Johnson, Moderna, Novavax, Pfizer/BioNTech",6955828,6864485,13820313
2022-04-10,"Moderna, Novavax, Pfizer/BioNTech",6955841,6864494,13820335
2022-04-11,"Johnson&Johnson, Moderna, Novavax, Pfizer/BioNTech",6956003,6864725,13820728
2022-04-12,"Johnson&Johnson, Moderna, Novavax, Pfizer/BioNTech",6956250,6865024,13821274
2022-04-13,"Johnson&Johnson, Moderna, Novavax, Pfizer/BioNTech",6956491,6865378,13821869
2022-04-14,"Johnson&Johnson, Moderna, Novavax, Pfizer/BioNTech",6956753,6865763,13822516
2022-04-15,"Moderna, Novavax, Pfizer/BioNTech",6956769,6865794,13822563
2022-04-16,"Johnson&Johnson, Moderna, Novavax, Pfizer/BioNTech",6956789,6865828,13822617
2022-04-17,"Moderna, Novavax, Pfizer/BioNTech",6956790,6865829,13822619
2022-04-18,"Moderna, Novavax, Pfizer/BioNTech",6956804,6865846,13822650
2022-04-19,"Johnson&Johnson, Moderna, Novavax, Pfizer/BioNTech",6956943,6866184,13823127
2022-04-20,"Johnson&Johnson, Moderna, Novavax, Pfizer/BioNTech, Čína",6957166,6866574,13823740
2022-04-21,"Johnson&Johnson, Moderna, Novavax, Pfizer/BioNTech",6957383,6866998,13824381
2022-04-22,"Johnson&Johnson, Moderna, Novavax, Pfizer/BioNTech",6957847,6867826,13825673
2022-04-23,"Moderna, Novavax, Pfizer/BioNTech",6957878,6867905,13825783
2022-04-24,"Moderna, Novavax, Pfizer/BioNTech",6957883,6867916,13825799
2022-04-25,"Johnson&Johnson, Moderna, Novavax, Pfizer/BioNTech",6958039,6868124,13826163
2022-04-26,"Johnson&Johnson, Moderna, Novavax, Pfizer/BioNTech",6958179,6868388,13826567
2022-04-27,"Johnson&Johnson, Moderna, Novavax, Pfizer/BioNTech",6958446,6868718,13827164
2022-04-28,"Johnson&Johnson, Moderna, Novavax, Pfizer/BioNTech",6958640,6869008,13827648
2022-04-29,"Johnson&Johnson, Moderna, Novavax, Pfizer/BioNTech",6959076,6869597,13828673
2022-04-30,"Moderna, Novavax, Pfizer/BioNTech",6959117,6869664,13828781
2022-05-01,"Moderna, Novavax, Oxford/AstraZeneca, Pfizer/BioNTech",6959122,6869674,13828796
2022-05-02,"Johnson&Johnson, Moderna, Novavax, Pfizer/BioNTech",6959262,6869856,13829118
2022-05-03,"Johnson&Johnson, Moderna, Novavax, Pfizer/BioNTech",6959419,6870112,13829531
2022-05-04,"Johnson&Johnson, Moderna, Novavax, Pfizer/BioNTech",6959625,6870387,13830012
2022-05-05,"Johnson&Johnson, Moderna, Novavax, Pfizer/BioNTech",6959832,6870677,13830509
2022-05-06,"Johnson&Johnson, Moderna, Novavax, Pfizer/BioNTech",6960209,6871019,13831228
2022-05-07,"Moderna, Novavax, Pfizer/BioNTech",6960236,6871045,13831281
2022-05-08,"Moderna, Pfizer/BioNTech",6960237,6871053,13831290
2022-05-09,"Johnson&Johnson, Moderna, Novavax, Pfizer/BioNTech",6960345,6871143,13831488
2022-05-10,"Johnson&Johnson, Moderna, Novavax, Pfizer/BioNTech",6960500,6871380,13831880
2022-05-11,"Johnson&Johnson, Moderna, Novavax, Oxford/AstraZeneca, Pfizer/BioNTech",6960722,6871647,13832369
2022-05-12,"Johnson&Johnson, Moderna, Novavax, Pfizer/BioNTech",6960925,6871924,13832849
2022-05-13,"Johnson&Johnson, Moderna, Novavax, Pfizer/BioNTech",6961270,6872423,13833693
2022-05-14,"Johnson&Johnson, Moderna, Novavax, Pfizer/BioNTech",6961311,6872463,13833774
2022-05-15,"Johnson&Johnson, Moderna, Novavax, Pfizer/BioNTech",6961326,6872474,13833800
2022-05-16,"Johnson&Johnson, Moderna, Novavax, Pfizer/BioNTech",6961436,6872594,13834030
2022-05-17,"Johnson&Johnson, Moderna, Novavax, Pfizer/BioNTech",6961578,6872749,13834327
2022-05-18,"Indie/AstraZeneca, Johnson&Johnson, Moderna, Novavax, Pfizer/BioNTech",6961815,6873081,13834896
2022-05-19,"Johnson&Johnson, Moderna, Novavax, Pfizer/BioNTech",6962009,6873332,13835341
2022-05-20,"Johnson&Johnson, Moderna, Novavax, Pfizer/BioNTech",6962312,6873886,13836198
2022-05-21,"Johnson&Johnson, Moderna, Novavax, Pfizer/BioNTech",6962351,6873915,13836266
2022-05-22,"Moderna, Pfizer/BioNTech",6962360,6873922,13836282
2022-05-23,"Johnson&Johnson, Moderna, Novavax, Pfizer/BioNTech",6962482,6874077,13836559
2022-05-24,"Johnson&Johnson, Moderna, Novavax, Pfizer/BioNTech",6962613,6874250,13836863
2022-05-25,"Indie/AstraZeneca, Johnson&Johnson, Moderna, Novavax, Oxford/AstraZeneca, Pfizer/BioNTech",6962790,6874499,13837289
2022-05-26,"Johnson&Johnson, Moderna, Novavax, Pfizer/BioNTech",6962942,6874724,13837666
2022-05-27,"Johnson&Johnson, Moderna, Novavax, Pfizer/BioNTech",6963212,6875190,13838402
2022-05-28,"Moderna, Novavax, Pfizer/BioNTech",6963250,6875239,13838489
2022-05-29,"Moderna, Novavax, Pfizer/BioNTech",6963259,6875243,13838502
2022-05-30,"Johnson&Johnson, Moderna, Novavax, Pfizer/BioNTech",6963349,6875403,13838752
2022-05-31,"Johnson&Johnson, Moderna, Novavax, Pfizer/BioNTech",6963498,6875599,13839097
2022-06-01,"Johnson&Johnson, Moderna, Novavax, Pfizer/BioNTech",6963637,6875829,13839466
2022-06-02,"Moderna, Novavax, Pfizer/BioNTech",6963767,6876069,13839836
2022-06-03,"Johnson&Johnson, Moderna, Novavax, Pfizer/BioNTech",6964026,6876529,13840555
2022-06-04,"Johnson&Johnson, Moderna, Novavax, Pfizer/BioNTech",6964060,6876569,13840629
2022-06-05,"Moderna, Novavax, Pfizer/BioNTech",6964067,6876575,13840642
2022-06-06,"Johnson&Johnson, Moderna, Novavax, Pfizer/BioNTech",6964157,6876718,13840875
2022-06-07,"Johnson&Johnson, Moderna, Novavax, Pfizer/BioNTech",6964242,6876877,13841119
2022-06-08,"Johnson&Johnson, Moderna, Novavax, Pfizer/BioNTech",6964377,6877125,13841502
2022-06-09,"Johnson&Johnson, Moderna, Novavax, Pfizer/BioNTech",6964473,6877327,13841800
2022-06-10,"Johnson&Johnson, Moderna, Novavax, Pfizer/BioNTech",6964656,6877665,13842321
2022-06-11,"Moderna, Novavax, Pfizer/BioNTech",6964670,6877704,13842374
2022-06-12,"Moderna, Novavax, Pfizer/BioNTech",6964676,6877727,13842403
2022-06-13,"Johnson&Johnson, Moderna, Novavax, Oxford/AstraZeneca, Pfizer/BioNTech",6964741,6877850,13842591
2022-06-14,"Johnson&Johnson, Moderna, Novavax, Pfizer/BioNTech",6964821,6877998,13842819
2022-06-15,"Johnson&Johnson, Moderna, Novavax, Pfizer/BioNTech",6964904,6878193,13843097
2022-06-16,"Johnson&Johnson, Moderna, Novavax, Pfizer/BioNTech",6964969,6878370,13843339
2022-06-17,"Johnson&Johnson, Moderna, Novavax, Pfizer/BioNTech",6965122,6878658,13843780
2022-06-18,"Moderna, Novavax, Pfizer/BioNTech",6965134,6878697,13843831
2022-06-19,"Moderna, Pfizer/BioNTech",6965137,6878705,13843842
2022-06-20,"Johnson&Johnson, Moderna, Novavax, Pfizer/BioNTech",6965201,6878828,13844029
2022-06-21,"Johnson&Johnson, Moderna, Novavax, Pfizer/BioNTech",6965264,6878954,13844218
2022-06-22,"Johnson&Johnson, Moderna, Novavax, Pfizer/BioNTech",6965363,6879137,13844500
2022-06-23,"Johnson&Johnson, Moderna, Novavax, Pfizer/BioNTech",6965423,6879305,13844728
2022-06-24,"Johnson&Johnson, Moderna, Novavax, Pfizer/BioNTech",6965584,6879655,13845239
2022-06-25,"Moderna, Novavax, Pfizer/BioNTech",6965603,6879707,13845310
2022-06-26,"Moderna, Pfizer/BioNTech",6965604,6879717,13845321
2022-06-27,"Johnson&Johnson, Moderna, Novavax, Pfizer/BioNTech",6965671,6879833,13845504
2022-06-28,"Johnson&Johnson, Moderna, Novavax, Pfizer/BioNTech",6965745,6879953,13845698
2022-06-29,"Johnson&Johnson, Moderna, Novavax, Pfizer/BioNTech",6965869,6880138,13846007
2022-06-30,"Johnson&Johnson, Moderna, Novavax, Pfizer/BioNTech",6965953,6880289,13846242
2022-07-01,"Johnson&Johnson, Moderna, Novavax, Pfizer/BioNTech",6966120,6880537,13846657
2022-07-02,"Moderna, Novavax, Pfizer/BioNTech",6966133,6880544,13846677
2022-07-03,"Moderna, Pfizer/BioNTech",6966136,6880553,13846689
2022-07-04,"Johnson&Johnson, Moderna, Novavax, Pfizer/BioNTech",6966204,6880619,13846823
2022-07-05,"Novavax, Pfizer/BioNTech",6966205,6880620,13846825
2022-07-06,"Moderna, Pfizer/BioNTech",6966207,6880625,13846832
2022-07-07,"Johnson&Johnson, Moderna, Novavax, Pfizer/BioNTech",6966311,6880725,13847036
2022-07-08,"Indie/AstraZeneca, Johnson&Johnson, Moderna, Novavax, Oxford/AstraZeneca, Pfizer/BioNTech",6966458,6880914,13847372
2022-07-09,"Johnson&Johnson, Moderna, Novavax, Pfizer/BioNTech",6966467,6880922,13847389
2022-07-10,"Moderna, Pfizer/BioNTech",6966471,6880932,13847403
2022-07-11,"Johnson&Johnson, Moderna, Novavax, Pfizer/BioNTech",6966561,6881018,13847579
2022-07-12,"Johnson&Johnson, Moderna, Novavax, Pfizer/BioNTech",6966653,6881112,13847765
2022-07-13,"Johnson&Johnson, Moderna, Novavax, Pfizer/BioNTech",6966816,6881239,13848055
2022-07-14,"Johnson&Johnson, Moderna, Novavax, Pfizer/BioNTech",6966945,6881334,13848279
2022-07-15,"Johnson&Johnson, Moderna, Novavax, Pfizer/BioNTech",6967198,6881544,13848742
2022-07-16,"Johnson&Johnson, Moderna, Novavax, Pfizer/BioNTech",6967234,6881576,13848810
2022-07-17,"Moderna, Pfizer/BioNTech",6967237,6881583,13848820
2022-07-18,"Johnson&Johnson, Moderna, Novavax, Oxford/AstraZeneca, Pfizer/BioNTech",6967359,6881680,13849039
2022-07-19,"Johnson&Johnson, Moderna, Novavax, Pfizer/BioNTech",6967444,6881743,13849187
