date,vaccine,people_vaccinated,people_fully_vaccinated,total_vaccinations
2020-12-27,Pfizer/BioNTech,1280,0,1280
2020-12-28,Pfizer/BioNTech,3585,0,3585
2020-12-29,Pfizer/BioNTech,7051,0,7051
2020-12-30,Pfizer/BioNTech,10564,0,10564
2020-12-31,Pfizer/BioNTech,11868,0,11868
2021-01-01,"Moderna, Pfizer/BioNTech",12137,0,12137
2021-01-02,Pfizer/BioNTech,13413,0,13413
2021-01-03,Pfizer/BioNTech,14335,0,14335
2021-01-04,"Moderna, Pfizer/BioNTech",17942,0,17942
2021-01-05,"Moderna, Pfizer/BioNTech",22452,0,22452
2021-01-06,"Moderna, Pfizer/BioNTech",28289,1,28290
2021-01-07,"Moderna, Pfizer/BioNTech",36278,1,36279
2021-01-08,"Moderna, Pfizer/BioNTech",46322,1,46323
2021-01-09,"Moderna, Pfizer/BioNTech",48347,2,48349
2021-01-10,Pfizer/BioNTech,50112,4,50116
2021-01-11,Pfizer/BioNTech,59962,6,59968
2021-01-12,"Moderna, Pfizer/BioNTech",73405,8,73413
2021-01-13,Pfizer/BioNTech,86935,8,86943
2021-01-14,"Moderna, Pfizer/BioNTech",102153,12,102165
2021-01-15,"Moderna, Pfizer/BioNTech",116151,12,116163
2021-01-16,"Moderna, Pfizer/BioNTech",119542,15,119557
2021-01-17,"Moderna, Pfizer/BioNTech",122155,652,122807
2021-01-18,"Moderna, Pfizer/BioNTech",134630,2478,137108
2021-01-19,"Moderna, Pfizer/BioNTech",147226,5200,152426
2021-01-20,"Moderna, Pfizer/BioNTech",160895,7855,168750
2021-01-21,"Moderna, Pfizer/BioNTech",176539,9594,186133
2021-01-22,"Moderna, Pfizer/BioNTech",191402,10638,202040
2021-01-23,"Moderna, Pfizer/BioNTech",194718,11516,206234
2021-01-24,"Moderna, Pfizer/BioNTech",196971,12384,209355
2021-01-25,"Moderna, Pfizer/BioNTech",206607,15358,221965
2021-01-26,"Moderna, Pfizer/BioNTech",217142,19342,236484
2021-01-27,"Moderna, Pfizer/BioNTech",226169,23877,250046
2021-01-28,"Moderna, Pfizer/BioNTech",233263,30001,263264
2021-01-29,"Moderna, Pfizer/BioNTech",239470,37904,277374
2021-01-30,"Moderna, Pfizer/BioNTech",240205,38992,279197
2021-01-31,"Moderna, Pfizer/BioNTech",240916,40173,281089
2021-02-01,"Moderna, Pfizer/BioNTech",244893,48127,293020
2021-02-02,"Moderna, Pfizer/BioNTech",249028,58356,307384
2021-02-03,"Moderna, Pfizer/BioNTech",253442,69356,322798
2021-02-04,"Moderna, Pfizer/BioNTech",258334,82334,340668
2021-02-05,"Moderna, Pfizer/BioNTech",263793,92996,356789
2021-02-06,"Moderna, Oxford/AstraZeneca, Pfizer/BioNTech",264640,95356,359996
2021-02-07,"Moderna, Pfizer/BioNTech",265485,97853,363338
2021-02-08,"Moderna, Oxford/AstraZeneca, Pfizer/BioNTech",269557,109278,378835
2021-02-09,"Moderna, Oxford/AstraZeneca, Pfizer/BioNTech",274647,121182,395829
2021-02-10,"Moderna, Oxford/AstraZeneca, Pfizer/BioNTech",280148,134419,414567
2021-02-11,"Moderna, Oxford/AstraZeneca, Pfizer/BioNTech",286466,150623,437089
2021-02-12,"Moderna, Oxford/AstraZeneca, Pfizer/BioNTech",293227,165343,458570
2021-02-13,"Moderna, Oxford/AstraZeneca, Pfizer/BioNTech",294833,168327,463160
2021-02-14,"Moderna, Oxford/AstraZeneca, Pfizer/BioNTech",295834,169712,465546
2021-02-15,"Moderna, Oxford/AstraZeneca, Pfizer/BioNTech",302231,179063,481294
2021-02-16,"Moderna, Oxford/AstraZeneca, Pfizer/BioNTech",310947,188136,499083
2021-02-17,"Moderna, Oxford/AstraZeneca, Pfizer/BioNTech",320641,196437,517078
2021-02-18,"Moderna, Oxford/AstraZeneca, Pfizer/BioNTech",332953,204503,537456
2021-02-19,"Moderna, Oxford/AstraZeneca, Pfizer/BioNTech",344801,211849,556650
2021-02-20,"Moderna, Oxford/AstraZeneca, Pfizer/BioNTech",346794,213029,559823
2021-02-21,"Moderna, Oxford/AstraZeneca, Pfizer/BioNTech",347921,214048,561969
2021-02-22,"Moderna, Oxford/AstraZeneca, Pfizer/BioNTech",358035,220072,578107
2021-02-23,"Moderna, Oxford/AstraZeneca, Pfizer/BioNTech",370974,227040,598014
2021-02-24,"Moderna, Oxford/AstraZeneca, Pfizer/BioNTech",384843,233072,617915
2021-02-25,"Moderna, Oxford/AstraZeneca, Pfizer/BioNTech",402807,238616,641423
2021-02-26,"Moderna, Oxford/AstraZeneca, Pfizer/BioNTech",418966,243954,662920
2021-02-27,"Moderna, Oxford/AstraZeneca, Pfizer/BioNTech",421973,244509,666482
2021-02-28,"Moderna, Oxford/AstraZeneca, Pfizer/BioNTech",424316,245056,669372
2021-03-01,"Moderna, Oxford/AstraZeneca, Pfizer/BioNTech",443887,248497,692384
2021-03-02,"Moderna, Oxford/AstraZeneca, Pfizer/BioNTech",471096,252035,723131
2021-03-03,"Moderna, Oxford/AstraZeneca, Pfizer/BioNTech",501946,256534,758480
2021-03-04,"Moderna, Oxford/AstraZeneca, Pfizer/BioNTech",535184,261210,796394
2021-03-05,"Johnson&Johnson, Moderna, Oxford/AstraZeneca, Pfizer/BioNTech",563980,266618,830598
2021-03-06,"Johnson&Johnson, Moderna, Oxford/AstraZeneca, Pfizer/BioNTech",576116,267471,843587
2021-03-07,"Johnson&Johnson, Moderna, Oxford/AstraZeneca, Pfizer/BioNTech",587646,268309,855955
2021-03-08,"Johnson&Johnson, Moderna, Oxford/AstraZeneca, Pfizer/BioNTech",617352,273153,890505
2021-03-09,"Johnson&Johnson, Moderna, Oxford/AstraZeneca, Pfizer/BioNTech",653685,279529,933214
2021-03-10,"Moderna, Oxford/AstraZeneca, Pfizer/BioNTech",694964,286470,981434
2021-03-11,"Johnson&Johnson, Moderna, Oxford/AstraZeneca, Pfizer/BioNTech",739756,294835,1034591
2021-03-12,"Johnson&Johnson, Moderna, Oxford/AstraZeneca, Pfizer/BioNTech",778528,303293,1081821
2021-03-13,"Johnson&Johnson, Moderna, Oxford/AstraZeneca, Pfizer/BioNTech",795593,304595,1100188
2021-03-14,"Moderna, Oxford/AstraZeneca, Pfizer/BioNTech",807693,305742,1113435
2021-03-15,"Moderna, Oxford/AstraZeneca, Pfizer/BioNTech",836061,314510,1150571
2021-03-16,"Johnson&Johnson, Moderna, Oxford/AstraZeneca, Pfizer/BioNTech",874934,325034,1199968
2021-03-17,"Moderna, Oxford/AstraZeneca, Pfizer/BioNTech",912382,335533,1247915
2021-03-18,"Johnson&Johnson, Moderna, Oxford/AstraZeneca, Pfizer/BioNTech",950327,347936,1298263
2021-03-19,"Moderna, Oxford/AstraZeneca, Pfizer/BioNTech",984781,361535,1346316
2021-03-20,"Johnson&Johnson, Moderna, Oxford/AstraZeneca, Pfizer/BioNTech",999907,363554,1363461
2021-03-21,"Johnson&Johnson, Moderna, Oxford/AstraZeneca, Pfizer/BioNTech",1007312,365104,1372416
2021-03-22,"Johnson&Johnson, Moderna, Oxford/AstraZeneca, Pfizer/BioNTech",1031833,377601,1409434
2021-03-23,"Johnson&Johnson, Moderna, Oxford/AstraZeneca, Pfizer/BioNTech",1058449,390948,1449397
2021-03-24,"Johnson&Johnson, Moderna, Oxford/AstraZeneca, Pfizer/BioNTech",1085280,406672,1491952
2021-03-25,"Moderna, Oxford/AstraZeneca, Pfizer/BioNTech",1111585,424507,1536092
2021-03-26,"Johnson&Johnson, Moderna, Oxford/AstraZeneca, Pfizer/BioNTech",1136375,441993,1578368
2021-03-27,"Johnson&Johnson, Moderna, Oxford/AstraZeneca, Pfizer/BioNTech",1144798,446836,1591634
2021-03-28,"Moderna, Oxford/AstraZeneca, Pfizer/BioNTech",1150332,450974,1601306
2021-03-29,"Johnson&Johnson, Moderna, Oxford/AstraZeneca, Pfizer/BioNTech",1169442,471689,1641131
2021-03-30,"Johnson&Johnson, Moderna, Oxford/AstraZeneca, Pfizer/BioNTech",1194119,493855,1687974
2021-03-31,"Johnson&Johnson, Moderna, Oxford/AstraZeneca, Pfizer/BioNTech",1217199,520899,1738098
2021-04-01,"Johnson&Johnson, Moderna, Oxford/AstraZeneca, Pfizer/BioNTech",1242790,552932,1795722
2021-04-02,"Johnson&Johnson, Moderna, Oxford/AstraZeneca, Pfizer/BioNTech",1249694,565716,1815410
2021-04-03,"Johnson&Johnson, Moderna, Oxford/AstraZeneca, Pfizer/BioNTech",1253298,576630,1829928
2021-04-04,"Johnson&Johnson, Moderna, Oxford/AstraZeneca, Pfizer/BioNTech",1255795,585541,1841336
2021-04-05,"Johnson&Johnson, Moderna, Oxford/AstraZeneca, Pfizer/BioNTech",1258180,592716,1850896
2021-04-06,"Johnson&Johnson, Moderna, Oxford/AstraZeneca, Pfizer/BioNTech",1274288,621949,1896237
2021-04-07,"Johnson&Johnson, Moderna, Oxford/AstraZeneca, Pfizer/BioNTech",1297675,644166,1941841
2021-04-08,"Johnson&Johnson, Moderna, Oxford/AstraZeneca, Pfizer/BioNTech",1336348,675169,2011517
2021-04-09,"Johnson&Johnson, Moderna, Oxford/AstraZeneca, Pfizer/BioNTech",1375860,705339,2081199
2021-04-10,"Johnson&Johnson, Moderna, Oxford/AstraZeneca, Pfizer/BioNTech",1391326,720627,2111953
2021-04-11,"Johnson&Johnson, Moderna, Oxford/AstraZeneca, Pfizer/BioNTech",1401088,730657,2131745
2021-04-12,"Johnson&Johnson, Moderna, Oxford/AstraZeneca, Pfizer/BioNTech",1439311,755777,2195088
2021-04-13,"Moderna, Oxford/AstraZeneca, Pfizer/BioNTech",1475535,781808,2257343
2021-04-14,"Moderna, Oxford/AstraZeneca, Pfizer/BioNTech",1514320,809151,2323471
2021-04-15,"Moderna, Oxford/AstraZeneca, Pfizer/BioNTech",1562079,834854,2396933
2021-04-16,"Moderna, Oxford/AstraZeneca, Pfizer/BioNTech",1606704,860476,2467180
2021-04-17,"Moderna, Oxford/AstraZeneca, Pfizer/BioNTech",1623376,869497,2492873
2021-04-18,"Moderna, Oxford/AstraZeneca, Pfizer/BioNTech",1636349,874478,2510827
2021-04-19,"Moderna, Oxford/AstraZeneca, Pfizer/BioNTech",1680326,889930,2570256
2021-04-20,"Johnson&Johnson, Moderna, Oxford/AstraZeneca, Pfizer/BioNTech",1722851,905782,2628633
2021-04-21,"Moderna, Oxford/AstraZeneca, Pfizer/BioNTech",1770556,920120,2690676
2021-04-22,"Johnson&Johnson, Moderna, Oxford/AstraZeneca, Pfizer/BioNTech",1825023,937489,2762512
2021-04-23,"Johnson&Johnson, Moderna, Oxford/AstraZeneca, Pfizer/BioNTech",1874954,949530,2824484
2021-04-24,"Johnson&Johnson, Moderna, Oxford/AstraZeneca, Pfizer/BioNTech",1892773,954769,2847542
2021-04-25,"Johnson&Johnson, Moderna, Oxford/AstraZeneca, Pfizer/BioNTech",1907449,958756,2866205
2021-04-26,"Johnson&Johnson, Moderna, Oxford/AstraZeneca, Pfizer/BioNTech",1957008,966294,2923302
2021-04-27,"Johnson&Johnson, Moderna, Oxford/AstraZeneca, Pfizer/BioNTech",2005964,978504,2984468
2021-04-28,"Johnson&Johnson, Moderna, Oxford/AstraZeneca, Pfizer/BioNTech",2064692,992479,3057171
2021-04-29,"Johnson&Johnson, Moderna, Oxford/AstraZeneca, Pfizer/BioNTech",2130228,1008342,3138570
2021-04-30,"Johnson&Johnson, Moderna, Oxford/AstraZeneca, Pfizer/BioNTech",2192421,1018285,3210706
2021-05-01,"Johnson&Johnson, Moderna, Oxford/AstraZeneca, Pfizer/BioNTech",2211723,1021717,3233440
2021-05-02,"Johnson&Johnson, Moderna, Oxford/AstraZeneca, Pfizer/BioNTech",2230624,1023977,3254601
2021-05-03,"Johnson&Johnson, Moderna, Oxford/AstraZeneca, Pfizer/BioNTech",2297842,1029024,3326866
2021-05-04,"Johnson&Johnson, Moderna, Oxford/AstraZeneca, Pfizer/BioNTech",2364309,1037332,3401641
2021-05-05,"Johnson&Johnson, Moderna, Oxford/AstraZeneca, Pfizer/BioNTech",2437441,1046712,3484153
2021-05-06,"Johnson&Johnson, Moderna, Oxford/AstraZeneca, Pfizer/BioNTech",2517805,1057399,3575204
2021-05-07,"Johnson&Johnson, Moderna, Oxford/AstraZeneca, Pfizer/BioNTech",2595018,1067428,3662446
2021-05-08,"Johnson&Johnson, Moderna, Oxford/AstraZeneca, Pfizer/BioNTech",2624425,1069172,3693597
2021-05-09,"Johnson&Johnson, Moderna, Oxford/AstraZeneca, Pfizer/BioNTech",2648598,1070363,3718961
2021-05-10,"Johnson&Johnson, Moderna, Oxford/AstraZeneca, Pfizer/BioNTech",2721326,1077562,3798888
2021-05-11,"Johnson&Johnson, Moderna, Oxford/AstraZeneca, Pfizer/BioNTech",2797400,1086341,3883741
2021-05-12,"Johnson&Johnson, Moderna, Oxford/AstraZeneca, Pfizer/BioNTech",2877223,1095411,3972634
2021-05-13,"Johnson&Johnson, Moderna, Oxford/AstraZeneca, Pfizer/BioNTech",2961213,1104545,4065758
2021-05-14,"Johnson&Johnson, Moderna, Oxford/AstraZeneca, Pfizer/BioNTech",3040612,1112292,4152904
2021-05-15,"Johnson&Johnson, Moderna, Oxford/AstraZeneca, Pfizer/BioNTech",3072459,1114502,4186961
2021-05-16,"Johnson&Johnson, Moderna, Oxford/AstraZeneca, Pfizer/BioNTech",3098202,1115751,4213953
2021-05-17,"Johnson&Johnson, Moderna, Oxford/AstraZeneca, Pfizer/BioNTech",3170680,1122440,4293120
2021-05-18,"Johnson&Johnson, Moderna, Oxford/AstraZeneca, Pfizer/BioNTech",3242583,1135450,4378033
2021-05-19,"Johnson&Johnson, Moderna, Oxford/AstraZeneca, Pfizer/BioNTech",3320017,1150549,4470566
2021-05-20,"Johnson&Johnson, Moderna, Oxford/AstraZeneca, Pfizer/BioNTech",3395419,1177532,4572951
2021-05-21,"Johnson&Johnson, Moderna, Oxford/AstraZeneca, Pfizer/BioNTech",3464151,1205225,4669376
2021-05-22,"Johnson&Johnson, Moderna, Oxford/AstraZeneca, Pfizer/BioNTech",3496491,1216368,4712859
2021-05-23,"Johnson&Johnson, Moderna, Oxford/AstraZeneca, Pfizer/BioNTech",3518807,1225379,4744186
2021-05-24,"Johnson&Johnson, Moderna, Oxford/AstraZeneca, Pfizer/BioNTech",3565923,1258986,4824909
2021-05-25,"Johnson&Johnson, Moderna, Oxford/AstraZeneca, Pfizer/BioNTech",3617759,1294741,4912500
2021-05-26,"Johnson&Johnson, Moderna, Oxford/AstraZeneca, Pfizer/BioNTech",3685486,1332221,5017707
2021-05-27,"Johnson&Johnson, Moderna, Oxford/AstraZeneca, Pfizer/BioNTech",3746855,1379495,5126350
2021-05-28,"Johnson&Johnson, Moderna, Oxford/AstraZeneca, Pfizer/BioNTech",3808521,1425990,5234511
2021-05-29,"Johnson&Johnson, Moderna, Oxford/AstraZeneca, Pfizer/BioNTech",3837674,1443066,5280740
2021-05-30,"Johnson&Johnson, Moderna, Oxford/AstraZeneca, Pfizer/BioNTech",3860015,1457474,5317489
2021-05-31,"Johnson&Johnson, Moderna, Oxford/AstraZeneca, Pfizer/BioNTech",3915731,1504987,5420718
2021-06-01,"Johnson&Johnson, Moderna, Oxford/AstraZeneca, Pfizer/BioNTech",3974737,1553777,5528514
2021-06-02,"Johnson&Johnson, Moderna, Oxford/AstraZeneca, Pfizer/BioNTech",4037606,1607696,5645302
2021-06-03,"Johnson&Johnson, Moderna, Oxford/AstraZeneca, Pfizer/BioNTech",4095818,1667853,5763671
2021-06-04,"Johnson&Johnson, Moderna, Oxford/AstraZeneca, Pfizer/BioNTech",4158886,1725175,5884061
2021-06-05,"Johnson&Johnson, Moderna, Oxford/AstraZeneca, Pfizer/BioNTech",4193009,1743957,5936966
2021-06-06,"Johnson&Johnson, Moderna, Oxford/AstraZeneca, Pfizer/BioNTech",4219911,1759054,5978965
2021-06-07,"Johnson&Johnson, Moderna, Oxford/AstraZeneca, Pfizer/BioNTech",4283576,1814635,6098211
2021-06-08,"Johnson&Johnson, Moderna, Oxford/AstraZeneca, Pfizer/BioNTech",4347547,1869554,6217101
2021-06-09,"Johnson&Johnson, Moderna, Oxford/AstraZeneca, Pfizer/BioNTech",4406730,1933963,6340693
2021-06-10,"Johnson&Johnson, Moderna, Oxford/AstraZeneca, Pfizer/BioNTech",4460609,2005019,6465628
2021-06-11,"Johnson&Johnson, Moderna, Oxford/AstraZeneca, Pfizer/BioNTech",4512699,2074685,6587384
2021-06-12,"Johnson&Johnson, Moderna, Oxford/AstraZeneca, Pfizer/BioNTech",4544685,2095420,6640105
2021-06-13,"Johnson&Johnson, Moderna, Oxford/AstraZeneca, Pfizer/BioNTech",4568687,2113782,6682469
2021-06-14,"Johnson&Johnson, Moderna, Oxford/AstraZeneca, Pfizer/BioNTech",4611747,2188086,6799833
2021-06-15,"Johnson&Johnson, Moderna, Oxford/AstraZeneca, Pfizer/BioNTech",4656386,2260354,6916740
2021-06-16,"Johnson&Johnson, Moderna, Oxford/AstraZeneca, Pfizer/BioNTech",4699110,2338492,7037602
2021-06-17,"Johnson&Johnson, Moderna, Oxford/AstraZeneca, Pfizer/BioNTech",4738480,2421474,7159954
2021-06-18,"Johnson&Johnson, Moderna, Oxford/AstraZeneca, Pfizer/BioNTech",4780859,2501890,7282749
2021-06-19,"Johnson&Johnson, Moderna, Oxford/AstraZeneca, Pfizer/BioNTech",4802599,2531111,7333710
2021-06-20,"Johnson&Johnson, Moderna, Oxford/AstraZeneca, Pfizer/BioNTech",4819955,2554882,7374837
2021-06-21,"Johnson&Johnson, Moderna, Oxford/AstraZeneca, Pfizer/BioNTech",4852455,2633365,7485820
2021-06-22,"Johnson&Johnson, Moderna, Oxford/AstraZeneca, Pfizer/BioNTech",4885411,2715533,7600944
2021-06-23,"Johnson&Johnson, Moderna, Oxford/AstraZeneca, Pfizer/BioNTech",4917060,2800666,7717726
2021-06-24,"Johnson&Johnson, Moderna, Oxford/AstraZeneca, Pfizer/BioNTech",4946893,2890609,7837502
2021-06-25,"Johnson&Johnson, Moderna, Oxford/AstraZeneca, Pfizer/BioNTech",4977938,2976656,7954594
2021-06-26,"Johnson&Johnson, Moderna, Oxford/AstraZeneca, Pfizer/BioNTech",4993791,3011403,8005194
2021-06-27,"Johnson&Johnson, Moderna, Oxford/AstraZeneca, Pfizer/BioNTech",5007726,3037996,8045722
2021-06-28,"Johnson&Johnson, Moderna, Oxford/AstraZeneca, Pfizer/BioNTech",5036134,3123089,8159223
2021-06-29,"Johnson&Johnson, Moderna, Oxford/AstraZeneca, Pfizer/BioNTech",5065396,3209467,8274863
2021-06-30,"Johnson&Johnson, Moderna, Oxford/AstraZeneca, Pfizer/BioNTech",5092881,3300333,8393214
2021-07-01,"Johnson&Johnson, Moderna, Oxford/AstraZeneca, Pfizer/BioNTech",5116849,3390279,8507128
2021-07-02,"Johnson&Johnson, Moderna, Oxford/AstraZeneca, Pfizer/BioNTech",5143559,3476015,8619574
2021-07-03,"Johnson&Johnson, Moderna, Oxford/AstraZeneca, Pfizer/BioNTech",5150631,3507474,8658105
2021-07-04,"Johnson&Johnson, Moderna, Oxford/AstraZeneca, Pfizer/BioNTech",5158176,3529238,8687414
2021-07-05,"Johnson&Johnson, Moderna, Oxford/AstraZeneca, Pfizer/BioNTech",5165527,3554557,8720084
2021-07-06,"Johnson&Johnson, Moderna, Oxford/AstraZeneca, Pfizer/BioNTech",5170925,3582138,8753063
2021-07-07,"Johnson&Johnson, Moderna, Oxford/AstraZeneca, Pfizer/BioNTech",5196701,3661021,8857722
2021-07-08,"Johnson&Johnson, Moderna, Oxford/AstraZeneca, Pfizer/BioNTech",5223289,3731250,8954539
2021-07-09,"Johnson&Johnson, Moderna, Oxford/AstraZeneca, Pfizer/BioNTech",5251187,3800429,9051616
2021-07-10,"Johnson&Johnson, Moderna, Oxford/AstraZeneca, Pfizer/BioNTech",5260525,3828999,9089524
2021-07-11,"Johnson&Johnson, Moderna, Oxford/AstraZeneca, Pfizer/BioNTech",5269041,3851850,9120891
2021-07-12,"Johnson&Johnson, Moderna, Oxford/AstraZeneca, Pfizer/BioNTech",5296558,3920874,9217432
2021-07-13,"Johnson&Johnson, Moderna, Oxford/AstraZeneca, Pfizer/BioNTech",5322723,3990664,9313387
2021-07-14,"Johnson&Johnson, Moderna, Oxford/AstraZeneca, Pfizer/BioNTech",5348523,4062572,9411095
2021-07-15,"Johnson&Johnson, Moderna, Oxford/AstraZeneca, Pfizer/BioNTech",5377688,4128494,9506182
2021-07-16,"Johnson&Johnson, Moderna, Oxford/AstraZeneca, Pfizer/BioNTech",5405584,4201111,9606695
2021-07-17,"Johnson&Johnson, Moderna, Oxford/AstraZeneca, Pfizer/BioNTech",5414341,4232495,9646836
2021-07-18,"Johnson&Johnson, Moderna, Oxford/AstraZeneca, Pfizer/BioNTech",5422775,4258457,9681232
2021-07-19,"Johnson&Johnson, Moderna, Oxford/AstraZeneca, Pfizer/BioNTech",5446112,4325406,9771518
2021-07-20,"Johnson&Johnson, Moderna, Oxford/AstraZeneca, Pfizer/BioNTech",5467487,4392374,9859861
2021-07-21,"Johnson&Johnson, Moderna, Oxford/AstraZeneca, Pfizer/BioNTech",5490931,4455749,9946680
2021-07-22,"Johnson&Johnson, Moderna, Oxford/AstraZeneca, Pfizer/BioNTech",5513274,4514293,10027567
2021-07-23,"Johnson&Johnson, Moderna, Oxford/AstraZeneca, Pfizer/BioNTech",5536453,4568951,10105404
2021-07-24,"Johnson&Johnson, Moderna, Oxford/AstraZeneca, Pfizer/BioNTech",5543758,4596560,10140318
2021-07-25,"Johnson&Johnson, Moderna, Oxford/AstraZeneca, Pfizer/BioNTech",5550358,4618648,10169006
2021-07-26,"Johnson&Johnson, Moderna, Oxford/AstraZeneca, Pfizer/BioNTech",5573872,4667231,10241103
2021-07-27,"Johnson&Johnson, Moderna, Oxford/AstraZeneca, Pfizer/BioNTech",5596592,4713785,10310377
2021-07-28,"Johnson&Johnson, Moderna, Oxford/AstraZeneca, Pfizer/BioNTech",5617821,4759674,10377495
2021-07-29,"Johnson&Johnson, Moderna, Oxford/AstraZeneca, Pfizer/BioNTech",5639121,4801536,10440657
2021-07-30,"Johnson&Johnson, Moderna, Oxford/AstraZeneca, Pfizer/BioNTech",5662381,4844004,10506385
2021-07-31,"Johnson&Johnson, Moderna, Oxford/AstraZeneca, Pfizer/BioNTech",5671293,4863498,10534791
2021-08-01,"Johnson&Johnson, Moderna, Oxford/AstraZeneca, Pfizer/BioNTech",5678005,4879629,10557634
2021-08-02,"Johnson&Johnson, Moderna, Oxford/AstraZeneca, Pfizer/BioNTech",5696617,4917112,10613729
2021-08-03,"Johnson&Johnson, Moderna, Oxford/AstraZeneca, Pfizer/BioNTech",5714236,4955141,10669377
2021-08-04,"Johnson&Johnson, Moderna, Oxford/AstraZeneca, Pfizer/BioNTech",5730311,4991800,10722111
2021-08-05,"Johnson&Johnson, Moderna, Oxford/AstraZeneca, Pfizer/BioNTech",5746316,5032193,10778509
2021-08-06,"Johnson&Johnson, Moderna, Oxford/AstraZeneca, Pfizer/BioNTech",5763085,5075400,10838485
2021-08-07,"Johnson&Johnson, Moderna, Oxford/AstraZeneca, Pfizer/BioNTech",5768666,5093530,10862196
2021-08-08,"Johnson&Johnson, Moderna, Oxford/AstraZeneca, Pfizer/BioNTech",5773012,5109253,10882265
2021-08-09,"Johnson&Johnson, Moderna, Oxford/AstraZeneca, Pfizer/BioNTech",5785642,5154247,10939889
2021-08-10,"Johnson&Johnson, Moderna, Oxford/AstraZeneca, Pfizer/BioNTech",5797464,5193758,10991222
2021-08-11,"Johnson&Johnson, Moderna, Oxford/AstraZeneca, Pfizer/BioNTech",5808811,5236833,11045644
2021-08-12,"Johnson&Johnson, Moderna, Oxford/AstraZeneca, Pfizer/BioNTech",5820212,5273900,11094112
2021-08-13,"Johnson&Johnson, Moderna, Oxford/AstraZeneca, Pfizer/BioNTech",5830912,5314167,11145079
2021-08-14,"Johnson&Johnson, Moderna, Oxford/AstraZeneca, Pfizer/BioNTech",5834246,5324843,11159089
2021-08-15,"Johnson&Johnson, Moderna, Oxford/AstraZeneca, Pfizer/BioNTech",5836820,5335195,11172015
2021-08-16,"Johnson&Johnson, Moderna, Oxford/AstraZeneca, Pfizer/BioNTech",5846588,5369211,11215799
2021-08-17,"Johnson&Johnson, Moderna, Oxford/AstraZeneca, Pfizer/BioNTech",5856173,5396259,11252432
2021-08-18,"Johnson&Johnson, Moderna, Oxford/AstraZeneca, Pfizer/BioNTech",5865537,5435083,11300620
2021-08-19,"Johnson&Johnson, Moderna, Oxford/AstraZeneca, Pfizer/BioNTech",5875195,5473390,11348585
2021-08-20,"Johnson&Johnson, Moderna, Oxford/AstraZeneca, Pfizer/BioNTech",5886535,5513535,11400070
2021-08-21,"Johnson&Johnson, Moderna, Oxford/AstraZeneca, Pfizer/BioNTech",5889245,5526266,11415511
2021-08-22,"Johnson&Johnson, Moderna, Oxford/AstraZeneca, Pfizer/BioNTech",5891582,5538215,11429797
2021-08-23,"Johnson&Johnson, Moderna, Oxford/AstraZeneca, Pfizer/BioNTech",5902106,5577426,11479532
2021-08-24,"Johnson&Johnson, Moderna, Oxford/AstraZeneca, Pfizer/BioNTech",5911963,5610630,11522593
2021-08-25,"Johnson&Johnson, Moderna, Oxford/AstraZeneca, Pfizer/BioNTech",5920813,5638954,11559767
2021-08-26,"Johnson&Johnson, Moderna, Oxford/AstraZeneca, Pfizer/BioNTech",5929251,5665042,11594293
2021-08-27,"Johnson&Johnson, Moderna, Oxford/AstraZeneca, Pfizer/BioNTech",5939557,5690949,11630506
2021-08-28,"Johnson&Johnson, Moderna, Oxford/AstraZeneca, Pfizer/BioNTech",5942271,5697971,11640242
2021-08-29,"Johnson&Johnson, Moderna, Oxford/AstraZeneca, Pfizer/BioNTech",5944672,5704578,11649250
2021-08-30,"Johnson&Johnson, Moderna, Oxford/AstraZeneca, Pfizer/BioNTech",5953187,5726411,11679598
2021-08-31,"Johnson&Johnson, Moderna, Oxford/AstraZeneca, Pfizer/BioNTech",5960836,5744460,11705296
2021-09-01,"Johnson&Johnson, Moderna, Oxford/AstraZeneca, Pfizer/BioNTech",5966714,5758429,11725143
2021-09-02,"Johnson&Johnson, Moderna, Oxford/AstraZeneca, Pfizer/BioNTech",5973530,5772787,11746317
2021-09-03,"Johnson&Johnson, Moderna, Oxford/AstraZeneca, Pfizer/BioNTech",5983073,5788463,11771536
2021-09-04,"Johnson&Johnson, Moderna, Oxford/AstraZeneca, Pfizer/BioNTech",5985132,5792006,11777138
2021-09-05,"Johnson&Johnson, Moderna, Oxford/AstraZeneca, Pfizer/BioNTech",5987163,5794838,11782001
2021-09-06,"Johnson&Johnson, Moderna, Oxford/AstraZeneca, Pfizer/BioNTech",5993356,5807331,11800687
2021-09-07,"Johnson&Johnson, Moderna, Oxford/AstraZeneca, Pfizer/BioNTech",5997712,5818406,11816118
2021-09-08,"Johnson&Johnson, Moderna, Oxford/AstraZeneca, Pfizer/BioNTech",6003360,5828228,11831588
2021-09-09,"Johnson&Johnson, Moderna, Oxford/AstraZeneca, Pfizer/BioNTech",6010005,5838272,11848277
2021-09-10,"Johnson&Johnson, Moderna, Oxford/AstraZeneca, Pfizer/BioNTech",6017651,5850425,11868076
2021-09-11,"Johnson&Johnson, Moderna, Oxford/AstraZeneca, Pfizer/BioNTech",6019509,5852894,11872403
2021-09-12,"Johnson&Johnson, Moderna, Oxford/AstraZeneca, Pfizer/BioNTech",6020621,5854514,11875135
2021-09-13,"Johnson&Johnson, Moderna, Oxford/AstraZeneca, Pfizer/BioNTech",6026034,5864766,11890800
2021-09-14,"Johnson&Johnson, Moderna, Oxford/AstraZeneca, Pfizer/BioNTech",6031402,5873759,11905161
2021-09-15,"Johnson&Johnson, Moderna, Oxford/AstraZeneca, Pfizer/BioNTech",6036584,5882266,11918850
2021-09-16,"Johnson&Johnson, Moderna, Oxford/AstraZeneca, Pfizer/BioNTech",6041906,5890515,11932421
2021-09-17,"Johnson&Johnson, Moderna, Oxford/AstraZeneca, Pfizer/BioNTech",6048449,5900711,11949160
2021-09-18,"Johnson&Johnson, Moderna, Oxford/AstraZeneca, Pfizer/BioNTech",6050171,5903057,11953228
2021-09-19,"Johnson&Johnson, Moderna, Oxford/AstraZeneca, Pfizer/BioNTech",6051110,5904620,11955730
2021-09-20,"Johnson&Johnson, Moderna, Oxford/AstraZeneca, Pfizer/BioNTech",6055102,5912802,11967904
2021-09-21,"Johnson&Johnson, Moderna, Oxford/AstraZeneca, Pfizer/BioNTech",6059280,5920323,11979603
2021-09-22,"Johnson&Johnson, Moderna, Oxford/AstraZeneca, Pfizer/BioNTech",6063442,5925827,11989269
2021-09-23,"Johnson&Johnson, Moderna, Oxford/AstraZeneca, Pfizer/BioNTech",6068406,5932226,12000632
2021-09-24,"Johnson&Johnson, Moderna, Oxford/AstraZeneca, Pfizer/BioNTech",6074150,5941828,12015978
2021-09-25,"Johnson&Johnson, Moderna, Pfizer/BioNTech",6075639,5943811,12019450
2021-09-26,"Johnson&Johnson, Moderna, Pfizer/BioNTech",6076377,5945435,12021812
2021-09-27,"Johnson&Johnson, Moderna, Oxford/AstraZeneca, Pfizer/BioNTech",6080235,5951912,12032147
2021-09-28,"Johnson&Johnson, Moderna, Pfizer/BioNTech",6080591,5952511,12033102
2021-09-29,"Johnson&Johnson, Moderna, Oxford/AstraZeneca, Pfizer/BioNTech",6084359,5959945,12044304
2021-09-30,"Johnson&Johnson, Moderna, Oxford/AstraZeneca, Pfizer/BioNTech",6088847,5967608,12056455
2021-10-01,"Johnson&Johnson, Moderna, Oxford/AstraZeneca, Pfizer/BioNTech",6093100,5975549,12068649
2021-10-02,"Johnson&Johnson, Moderna, Pfizer/BioNTech",6094143,5977078,12071221
2021-10-03,"Johnson&Johnson, Moderna, Pfizer/BioNTech",6094847,5977939,12072786
2021-10-04,"Johnson&Johnson, Moderna, Oxford/AstraZeneca, Pfizer/BioNTech",6097899,5983498,12081397
2021-10-05,"Johnson&Johnson, Moderna, Oxford/AstraZeneca, Pfizer/BioNTech",6100985,5988553,12089538
2021-10-06,"Johnson&Johnson, Moderna, Oxford/AstraZeneca, Pfizer/BioNTech",6104473,5993701,12098174
2021-10-07,"Johnson&Johnson, Moderna, Oxford/AstraZeneca, Pfizer/BioNTech",6107722,5998933,12106655
2021-10-08,"Johnson&Johnson, Moderna, Oxford/AstraZeneca, Pfizer/BioNTech",6112487,6005544,12118031
2021-10-09,"Johnson&Johnson, Moderna, Pfizer/BioNTech",6113720,6007190,12120910
2021-10-10,"Johnson&Johnson, Moderna, Oxford/AstraZeneca, Pfizer/BioNTech",6114658,6008017,12122675
2021-10-11,"Johnson&Johnson, Moderna, Oxford/AstraZeneca, Pfizer/BioNTech",6117561,6012401,12129962
2021-10-12,"Johnson&Johnson, Moderna, Oxford/AstraZeneca, Pfizer/BioNTech",6120369,6016342,12136711
2021-10-13,"Johnson&Johnson, Moderna, Oxford/AstraZeneca, Pfizer/BioNTech",6123852,6020503,12144355
2021-10-14,"Johnson&Johnson, Moderna, Oxford/AstraZeneca, Pfizer/BioNTech",6127499,6025438,12152937
2021-10-15,"Johnson&Johnson, Moderna, Oxford/AstraZeneca, Pfizer/BioNTech",6132632,6031566,12164198
2021-10-16,"Johnson&Johnson, Moderna, Oxford/AstraZeneca, Pfizer/BioNTech",6134001,6033079,12167080
2021-10-17,"Johnson&Johnson, Moderna, Pfizer/BioNTech",6135319,6034130,12169449
2021-10-18,"Johnson&Johnson, Moderna, Oxford/AstraZeneca, Pfizer/BioNTech",6139320,6038214,12177534
2021-10-19,"Johnson&Johnson, Moderna, Oxford/AstraZeneca, Pfizer/BioNTech",6142799,6040292,12183091
2021-10-20,"Johnson&Johnson, Moderna, Oxford/AstraZeneca, Pfizer/BioNTech",6147576,6044725,12192301
2021-10-21,"Johnson&Johnson, Moderna, Oxford/AstraZeneca, Pfizer/BioNTech",6155183,6050309,12205492
2021-10-22,"Johnson&Johnson, Moderna, Oxford/AstraZeneca, Pfizer/BioNTech",6165528,6056797,12222325
2021-10-23,"Johnson&Johnson, Moderna, Pfizer/BioNTech",6169179,6058995,12228174
2021-10-24,"Johnson&Johnson, Moderna, Pfizer/BioNTech",6171859,6060766,12232625
2021-10-25,"Johnson&Johnson, Moderna, Oxford/AstraZeneca, Pfizer/BioNTech",6182209,6066554,12248763
2021-10-26,"Johnson&Johnson, Moderna, Oxford/AstraZeneca, Pfizer/BioNTech",6193944,6073051,12266995
2021-10-27,"Johnson&Johnson, Moderna, Oxford/AstraZeneca, Pfizer/BioNTech",6208366,6080433,12288799
2021-10-28,"Johnson&Johnson, Moderna, Pfizer/BioNTech",6211708,6082096,12293804
2021-10-29,"Johnson&Johnson, Moderna, Oxford/AstraZeneca, Pfizer/BioNTech",6226012,6090038,12316050
2021-10-30,"Johnson&Johnson, Moderna, Pfizer/BioNTech",6230523,6092943,12323466
2021-10-31,"Johnson&Johnson, Moderna, Oxford/AstraZeneca, Pfizer/BioNTech",6234242,6095401,12329643
2021-11-01,"Johnson&Johnson, Moderna, Oxford/AstraZeneca, Pfizer/BioNTech",6249204,6103051,12352255
2021-11-02,"Johnson&Johnson, Moderna, Oxford/AstraZeneca, Pfizer/BioNTech",6264414,6110510,12374924
2021-11-03,"Johnson&Johnson, Moderna, Oxford/AstraZeneca, Pfizer/BioNTech",6281410,6117770,12399180
2021-11-04,"Johnson&Johnson, Moderna, Oxford/AstraZeneca, Pfizer/BioNTech",6299536,6125887,12425423
2021-11-05,"Johnson&Johnson, Moderna, Oxford/AstraZeneca, Pfizer/BioNTech",6322152,6137095,12459247
2021-11-06,"Johnson&Johnson, Moderna, Oxford/AstraZeneca, Pfizer/BioNTech",6328571,6140112,12468683
2021-11-07,"Johnson&Johnson, Moderna, Oxford/AstraZeneca, Pfizer/BioNTech",6332558,6142538,12475096
2021-11-08,"Johnson&Johnson, Moderna, Oxford/AstraZeneca, Pfizer/BioNTech",6348644,6150127,12498771
2021-11-09,"Johnson&Johnson, Moderna, Oxford/AstraZeneca, Pfizer/BioNTech",6363188,6157267,12520455
2021-11-10,"Johnson&Johnson, Moderna, Oxford/AstraZeneca, Pfizer/BioNTech",6378660,6164477,12543137
2021-11-11,"Johnson&Johnson, Moderna, Oxford/AstraZeneca, Pfizer/BioNTech",6393774,6173329,12567103
2021-11-12,"Johnson&Johnson, Moderna, Oxford/AstraZeneca, Pfizer/BioNTech",6413056,6185774,12598830
2021-11-13,"Johnson&Johnson, Moderna, Oxford/AstraZeneca, Pfizer/BioNTech",6418358,6189580,12607938
2021-11-14,"Johnson&Johnson, Moderna, Oxford/AstraZeneca, Pfizer/BioNTech",6422164,6192515,12614679
2021-11-15,"Johnson&Johnson, Moderna, Oxford/AstraZeneca, Pfizer/BioNTech",6436605,6202502,12639107
2021-11-16,"Johnson&Johnson, Moderna, Oxford/AstraZeneca, Pfizer/BioNTech",6453734,6213996,12667730
2021-11-17,"Johnson&Johnson, Moderna, Oxford/AstraZeneca, Pfizer/BioNTech",6457391,6217056,12674447
2021-11-18,"Johnson&Johnson, Moderna, Oxford/AstraZeneca, Pfizer/BioNTech",6476214,6228313,12704527
2021-11-19,"Johnson&Johnson, Moderna, Oxford/AstraZeneca, Pfizer/BioNTech",6499468,6244112,12743580
2021-11-20,"Johnson&Johnson, Moderna, Oxford/AstraZeneca, Pfizer/BioNTech",6507226,6248339,12755565
