date,vaccine,people_vaccinated,people_fully_vaccinated,total_vaccinations
2020-12-27,Pfizer/BioNTech,1258,0,1258
2020-12-28,Pfizer/BioNTech,3557,0,3557
2020-12-29,Pfizer/BioNTech,7010,0,7010
2020-12-30,Pfizer/BioNTech,10492,0,10492
2020-12-31,Pfizer/BioNTech,11797,0,11797
2021-01-01,Pfizer/BioNTech,12058,0,12058
2021-01-02,Pfizer/BioNTech,13327,0,13327
2021-01-03,Pfizer/BioNTech,14242,0,14242
2021-01-04,Pfizer/BioNTech,17827,0,17827
2021-01-05,Pfizer/BioNTech,22325,0,22325
2021-01-06,Pfizer/BioNTech,28151,0,28151
2021-01-07,Pfizer/BioNTech,36104,0,36104
2021-01-08,Pfizer/BioNTech,46062,0,46062
2021-01-09,Pfizer/BioNTech,48076,0,48076
2021-01-10,Pfizer/BioNTech,49831,0,49831
2021-01-11,Pfizer/BioNTech,59640,0,59640
2021-01-12,Pfizer/BioNTech,73028,0,73028
2021-01-13,Pfizer/BioNTech,86520,0,86520
2021-01-14,"Moderna, Pfizer/BioNTech",101699,0,101699
2021-01-15,"Moderna, Pfizer/BioNTech",115650,0,115650
2021-01-16,"Moderna, Pfizer/BioNTech",119024,2,119026
2021-01-17,"Moderna, Pfizer/BioNTech",121620,638,122258
2021-01-18,"Moderna, Pfizer/BioNTech",134083,2455,136538
2021-01-19,"Moderna, Pfizer/BioNTech",146597,5160,151757
2021-01-20,"Moderna, Pfizer/BioNTech",160220,7797,168017
2021-01-21,"Moderna, Pfizer/BioNTech",175811,9526,185337
2021-01-22,"Moderna, Pfizer/BioNTech",190619,10566,201185
2021-01-23,"Moderna, Pfizer/BioNTech",193910,11436,205346
2021-01-24,"Moderna, Pfizer/BioNTech",196154,12302,208456
2021-01-25,"Moderna, Pfizer/BioNTech",205758,15263,221021
2021-01-26,"Moderna, Pfizer/BioNTech",216262,19227,235489
2021-01-27,"Moderna, Pfizer/BioNTech",225257,23731,248988
2021-01-28,"Moderna, Pfizer/BioNTech",232300,29829,262129
2021-01-29,"Moderna, Pfizer/BioNTech",238486,37672,276158
2021-01-30,"Moderna, Pfizer/BioNTech",239209,38757,277966
2021-01-31,"Moderna, Pfizer/BioNTech",239912,39931,279843
2021-02-01,"Moderna, Pfizer/BioNTech",243868,47827,291695
2021-02-02,"Moderna, Pfizer/BioNTech",247988,58022,306010
2021-02-03,"Moderna, Pfizer/BioNTech",252379,68988,321367
2021-02-04,"Moderna, Pfizer/BioNTech",257260,81930,339190
2021-02-05,"Moderna, Pfizer/BioNTech",262697,92560,355257
2021-02-06,"Moderna, Pfizer/BioNTech",263533,94901,358434
2021-02-07,"Moderna, Pfizer/BioNTech",264379,97377,361756
2021-02-08,"Moderna, Pfizer/BioNTech",268412,108741,377153
2021-02-09,"Moderna, Oxford/AstraZeneca, Pfizer/BioNTech",273484,120644,394128
2021-02-10,"Moderna, Pfizer/BioNTech",278956,133830,412786
2021-02-11,"Moderna, Oxford/AstraZeneca, Pfizer/BioNTech",285243,149976,435219
2021-02-12,"Moderna, Oxford/AstraZeneca, Pfizer/BioNTech",291958,164637,456595
2021-02-13,"Moderna, Oxford/AstraZeneca, Pfizer/BioNTech",293543,167610,461153
2021-02-14,"Moderna, Oxford/AstraZeneca, Pfizer/BioNTech",294533,168982,463515
2021-02-15,"Moderna, Oxford/AstraZeneca, Pfizer/BioNTech",300909,178296,479205
2021-02-16,"Moderna, Oxford/AstraZeneca, Pfizer/BioNTech",309596,187322,496918
2021-02-17,"Moderna, Oxford/AstraZeneca, Pfizer/BioNTech",319265,195579,514844
2021-02-18,"Moderna, Oxford/AstraZeneca, Pfizer/BioNTech",331541,203578,535119
2021-02-19,"Moderna, Oxford/AstraZeneca, Pfizer/BioNTech",343364,210871,554235
2021-02-20,"Moderna, Oxford/AstraZeneca, Pfizer/BioNTech",345331,212035,557366
2021-02-21,"Moderna, Oxford/AstraZeneca, Pfizer/BioNTech",346433,213044,559477
2021-02-22,"Moderna, Oxford/AstraZeneca, Pfizer/BioNTech",356524,219037,575561
2021-02-23,"Moderna, Oxford/AstraZeneca, Pfizer/BioNTech",369407,225974,595381
2021-02-24,"Moderna, Oxford/AstraZeneca, Pfizer/BioNTech",383231,231973,615204
2021-02-25,"Moderna, Oxford/AstraZeneca, Pfizer/BioNTech",401169,237493,638662
2021-02-26,"Moderna, Oxford/AstraZeneca, Pfizer/BioNTech",417292,242806,660098
2021-02-27,"Moderna, Oxford/AstraZeneca, Pfizer/BioNTech",420286,243354,663640
2021-02-28,"Moderna, Oxford/AstraZeneca, Pfizer/BioNTech",422627,243896,666523
2021-03-01,"Moderna, Oxford/AstraZeneca, Pfizer/BioNTech",442109,247300,689409
2021-03-02,"Moderna, Oxford/AstraZeneca, Pfizer/BioNTech",469254,250826,720080
2021-03-03,"Moderna, Oxford/AstraZeneca, Pfizer/BioNTech",500000,255302,755302
2021-03-04,"Moderna, Oxford/AstraZeneca, Pfizer/BioNTech",533118,259954,793072
2021-03-05,"Moderna, Oxford/AstraZeneca, Pfizer/BioNTech",561814,265329,827143
2021-03-06,"Moderna, Oxford/AstraZeneca, Pfizer/BioNTech",573904,266167,840071
2021-03-07,"Moderna, Oxford/AstraZeneca, Pfizer/BioNTech",585277,266995,852272
2021-03-08,"Moderna, Oxford/AstraZeneca, Pfizer/BioNTech",614864,271808,886672
2021-03-09,"Moderna, Oxford/AstraZeneca, Pfizer/BioNTech",651017,278156,929173
2021-03-10,"Moderna, Oxford/AstraZeneca, Pfizer/BioNTech",692124,285075,977199
2021-03-11,"Moderna, Oxford/AstraZeneca, Pfizer/BioNTech",736762,293405,1030167
2021-03-12,"Moderna, Oxford/AstraZeneca, Pfizer/BioNTech",775372,301833,1077205
2021-03-13,"Moderna, Oxford/AstraZeneca, Pfizer/BioNTech",792386,303118,1095504
2021-03-14,"Moderna, Oxford/AstraZeneca, Pfizer/BioNTech",804450,304248,1108698
2021-03-15,"Moderna, Oxford/AstraZeneca, Pfizer/BioNTech",832707,313001,1145708
2021-03-16,"Moderna, Oxford/AstraZeneca, Pfizer/BioNTech",871471,323485,1194956
2021-03-17,"Moderna, Oxford/AstraZeneca, Pfizer/BioNTech",908830,333947,1242777
2021-03-18,"Moderna, Oxford/AstraZeneca, Pfizer/BioNTech",946640,346313,1292953
2021-03-19,"Moderna, Oxford/AstraZeneca, Pfizer/BioNTech",980884,359879,1340763
2021-03-20,"Moderna, Oxford/AstraZeneca, Pfizer/BioNTech",995910,361888,1357798
2021-03-21,"Moderna, Oxford/AstraZeneca, Pfizer/BioNTech",1003279,363424,1366703
2021-03-22,"Moderna, Oxford/AstraZeneca, Pfizer/BioNTech",1027556,375856,1403412
2021-03-23,"Moderna, Oxford/AstraZeneca, Pfizer/BioNTech",1053978,389154,1443132
2021-03-24,"Moderna, Oxford/AstraZeneca, Pfizer/BioNTech",1080732,404809,1485541
2021-03-25,"Moderna, Oxford/AstraZeneca, Pfizer/BioNTech",1106904,422611,1529515
2021-03-26,"Moderna, Oxford/AstraZeneca, Pfizer/BioNTech",1131606,440049,1571655
2021-03-27,"Moderna, Oxford/AstraZeneca, Pfizer/BioNTech",1139992,444868,1584860
2021-03-28,"Moderna, Oxford/AstraZeneca, Pfizer/BioNTech",1145513,448989,1594502
2021-03-29,"Moderna, Oxford/AstraZeneca, Pfizer/BioNTech",1164396,469603,1633999
2021-03-30,"Moderna, Oxford/AstraZeneca, Pfizer/BioNTech",1188965,491693,1680658
2021-03-31,"Johnson&Johnson, Moderna, Oxford/AstraZeneca, Pfizer/BioNTech",1211930,518676,1730606
2021-04-01,"Moderna, Oxford/AstraZeneca, Pfizer/BioNTech",1237405,550574,1787979
2021-04-02,"Moderna, Oxford/AstraZeneca, Pfizer/BioNTech",1244233,563308,1807541
2021-04-03,"Moderna, Oxford/AstraZeneca, Pfizer/BioNTech",1247794,574195,1821989
2021-04-04,"Moderna, Oxford/AstraZeneca, Pfizer/BioNTech",1250255,582965,1833220
2021-04-05,"Moderna, Oxford/AstraZeneca, Pfizer/BioNTech",1252574,590109,1842683
2021-04-06,"Moderna, Oxford/AstraZeneca, Pfizer/BioNTech",1268592,619263,1887855
2021-04-07,"Moderna, Oxford/AstraZeneca, Pfizer/BioNTech",1291868,641337,1933205
2021-04-08,"Moderna, Oxford/AstraZeneca, Pfizer/BioNTech",1330269,672155,2002424
2021-04-09,"Moderna, Oxford/AstraZeneca, Pfizer/BioNTech",1369448,702080,2071528
2021-04-10,"Moderna, Oxford/AstraZeneca, Pfizer/BioNTech",1384767,717277,2102044
2021-04-11,"Moderna, Oxford/AstraZeneca, Pfizer/BioNTech",1394469,727269,2121738
2021-04-12,"Moderna, Oxford/AstraZeneca, Pfizer/BioNTech",1432455,752124,2184579
2021-04-13,"Moderna, Oxford/AstraZeneca, Pfizer/BioNTech",1468481,777958,2246439
2021-04-14,"Moderna, Oxford/AstraZeneca, Pfizer/BioNTech",1507102,805228,2312330
2021-04-15,"Moderna, Oxford/AstraZeneca, Pfizer/BioNTech",1554723,830813,2385536
2021-04-16,"Moderna, Oxford/AstraZeneca, Pfizer/BioNTech",1599180,856367,2455547
2021-04-17,"Moderna, Oxford/AstraZeneca, Pfizer/BioNTech",1615744,865356,2481100
2021-04-18,"Moderna, Oxford/AstraZeneca, Pfizer/BioNTech",1628655,870304,2498959
2021-04-19,"Moderna, Oxford/AstraZeneca, Pfizer/BioNTech",1672455,885657,2558112
2021-04-20,"Moderna, Oxford/AstraZeneca, Pfizer/BioNTech",1714447,901439,2615886
2021-04-21,"Moderna, Oxford/AstraZeneca, Pfizer/BioNTech",1762049,915662,2677711
2021-04-22,"Johnson&Johnson, Moderna, Oxford/AstraZeneca, Pfizer/BioNTech",1816409,932952,2749361
2021-04-23,"Johnson&Johnson, Moderna, Oxford/AstraZeneca, Pfizer/BioNTech",1866253,944910,2811163
2021-04-24,"Johnson&Johnson, Moderna, Oxford/AstraZeneca, Pfizer/BioNTech",1884018,950106,2834124
2021-04-25,"Johnson&Johnson, Moderna, Oxford/AstraZeneca, Pfizer/BioNTech",1898655,954086,2852741
2021-04-26,"Johnson&Johnson, Moderna, Oxford/AstraZeneca, Pfizer/BioNTech",1948110,961479,2909589
2021-04-27,"Johnson&Johnson, Moderna, Oxford/AstraZeneca, Pfizer/BioNTech",1996961,973596,2970557
2021-04-28,"Johnson&Johnson, Moderna, Oxford/AstraZeneca, Pfizer/BioNTech",2055582,987504,3043086
2021-04-29,"Johnson&Johnson, Moderna, Oxford/AstraZeneca, Pfizer/BioNTech",2120963,1003252,3124215
2021-04-30,"Johnson&Johnson, Moderna, Oxford/AstraZeneca, Pfizer/BioNTech",2183034,1013115,3196149
2021-05-01,"Johnson&Johnson, Moderna, Oxford/AstraZeneca, Pfizer/BioNTech",2202290,1016497,3218787
2021-05-02,"Johnson&Johnson, Moderna, Oxford/AstraZeneca, Pfizer/BioNTech",2221149,1018727,3239876
2021-05-03,"Johnson&Johnson, Moderna, Oxford/AstraZeneca, Pfizer/BioNTech",2288234,1023721,3311955
2021-05-04,"Johnson&Johnson, Moderna, Oxford/AstraZeneca, Pfizer/BioNTech",2354491,1031958,3386449
2021-05-05,"Johnson&Johnson, Moderna, Oxford/AstraZeneca, Pfizer/BioNTech",2427495,1041259,3468754
2021-05-06,"Johnson&Johnson, Moderna, Oxford/AstraZeneca, Pfizer/BioNTech",2507690,1051835,3559525
2021-05-07,"Johnson&Johnson, Moderna, Oxford/AstraZeneca, Pfizer/BioNTech",2584826,1061774,3646600
2021-05-08,"Johnson&Johnson, Moderna, Oxford/AstraZeneca, Pfizer/BioNTech",2614187,1063472,3677659
2021-05-09,"Johnson&Johnson, Moderna, Oxford/AstraZeneca, Pfizer/BioNTech",2638328,1064638,3702966
2021-05-10,"Johnson&Johnson, Moderna, Oxford/AstraZeneca, Pfizer/BioNTech",2710905,1071735,3782640
2021-05-11,"Johnson&Johnson, Moderna, Oxford/AstraZeneca, Pfizer/BioNTech",2786831,1080466,3867297
2021-05-12,"Johnson&Johnson, Moderna, Oxford/AstraZeneca, Pfizer/BioNTech",2866483,1089435,3955918
2021-05-13,"Johnson&Johnson, Moderna, Oxford/AstraZeneca, Pfizer/BioNTech",2950335,1098497,4048832
2021-05-14,"Johnson&Johnson, Moderna, Oxford/AstraZeneca, Pfizer/BioNTech",3029577,1106166,4135743
2021-05-15,"Johnson&Johnson, Moderna, Oxford/AstraZeneca, Pfizer/BioNTech",3061378,1108313,4169691
2021-05-16,"Johnson&Johnson, Moderna, Oxford/AstraZeneca, Pfizer/BioNTech",3087091,1109484,4196575
2021-05-17,"Johnson&Johnson, Moderna, Oxford/AstraZeneca, Pfizer/BioNTech",3159468,1116117,4275585
2021-05-18,"Johnson&Johnson, Moderna, Oxford/AstraZeneca, Pfizer/BioNTech",3231238,1129019,4360257
2021-05-19,"Johnson&Johnson, Moderna, Oxford/AstraZeneca, Pfizer/BioNTech",3308528,1144020,4452548
2021-05-20,"Johnson&Johnson, Moderna, Oxford/AstraZeneca, Pfizer/BioNTech",3383705,1170880,4554585
2021-05-21,"Johnson&Johnson, Moderna, Oxford/AstraZeneca, Pfizer/BioNTech",3452327,1198468,4650795
2021-05-22,"Johnson&Johnson, Moderna, Oxford/AstraZeneca, Pfizer/BioNTech",3484571,1209512,4694083
2021-05-23,"Johnson&Johnson, Moderna, Oxford/AstraZeneca, Pfizer/BioNTech",3506820,1218460,4725280
2021-05-24,"Johnson&Johnson, Moderna, Oxford/AstraZeneca, Pfizer/BioNTech",3553747,1251894,4805641
2021-05-25,"Johnson&Johnson, Moderna, Oxford/AstraZeneca, Pfizer/BioNTech",3605447,1287498,4892945
2021-05-26,"Johnson&Johnson, Moderna, Oxford/AstraZeneca, Pfizer/BioNTech",3673036,1324864,4997900
2021-05-27,"Johnson&Johnson, Moderna, Oxford/AstraZeneca, Pfizer/BioNTech",3734243,1372047,5106290
2021-05-28,"Johnson&Johnson, Moderna, Oxford/AstraZeneca, Pfizer/BioNTech",3795796,1418397,5214193
2021-05-29,"Johnson&Johnson, Moderna, Oxford/AstraZeneca, Pfizer/BioNTech",3824876,1435421,5260297
2021-05-30,"Johnson&Johnson, Moderna, Oxford/AstraZeneca, Pfizer/BioNTech",3847163,1449781,5296944
2021-05-31,"Johnson&Johnson, Moderna, Oxford/AstraZeneca, Pfizer/BioNTech",3902743,1497093,5399836
2021-06-01,"Johnson&Johnson, Moderna, Oxford/AstraZeneca, Pfizer/BioNTech",3961489,1545306,5506795
2021-06-02,"Johnson&Johnson, Moderna, Oxford/AstraZeneca, Pfizer/BioNTech",4024200,1599133,5623333
2021-06-03,"Johnson&Johnson, Moderna, Oxford/AstraZeneca, Pfizer/BioNTech",4082232,1659144,5741376
2021-06-04,"Johnson&Johnson, Moderna, Oxford/AstraZeneca, Pfizer/BioNTech",4145057,1716367,5861424
2021-06-05,"Johnson&Johnson, Moderna, Oxford/AstraZeneca, Pfizer/BioNTech",4178956,1735078,5914034
2021-06-06,"Johnson&Johnson, Moderna, Oxford/AstraZeneca, Pfizer/BioNTech",4205737,1750117,5955854
2021-06-07,"Johnson&Johnson, Moderna, Oxford/AstraZeneca, Pfizer/BioNTech",4268927,1805574,6074501
2021-06-08,"Johnson&Johnson, Moderna, Oxford/AstraZeneca, Pfizer/BioNTech",4332477,1860343,6192820
2021-06-09,"Johnson&Johnson, Moderna, Oxford/AstraZeneca, Pfizer/BioNTech",4390674,1924450,6315124
2021-06-10,"Johnson&Johnson, Moderna, Oxford/AstraZeneca, Pfizer/BioNTech",4443463,1995239,6438702
2021-06-11,"Johnson&Johnson, Moderna, Oxford/AstraZeneca, Pfizer/BioNTech",4494834,2064685,6559519
2021-06-12,"Johnson&Johnson, Moderna, Oxford/AstraZeneca, Pfizer/BioNTech",4526547,2085362,6611909
2021-06-13,"Johnson&Johnson, Moderna, Oxford/AstraZeneca, Pfizer/BioNTech",4550368,2103673,6654041
2021-06-14,"Johnson&Johnson, Moderna, Oxford/AstraZeneca, Pfizer/BioNTech",4592893,2177808,6770701
2021-06-15,"Johnson&Johnson, Moderna, Oxford/AstraZeneca, Pfizer/BioNTech",4637147,2249878,6887025
2021-06-16,"Johnson&Johnson, Moderna, Oxford/AstraZeneca, Pfizer/BioNTech",4679455,2327860,7007315
2021-06-17,"Johnson&Johnson, Moderna, Oxford/AstraZeneca, Pfizer/BioNTech",4718372,2410677,7129049
2021-06-18,"Johnson&Johnson, Moderna, Oxford/AstraZeneca, Pfizer/BioNTech",4759594,2490909,7250503
2021-06-19,"Johnson&Johnson, Moderna, Oxford/AstraZeneca, Pfizer/BioNTech",4781104,2520063,7301167
2021-06-20,"Johnson&Johnson, Moderna, Oxford/AstraZeneca, Pfizer/BioNTech",4798334,2543774,7342108
2021-06-21,"Johnson&Johnson, Moderna, Oxford/AstraZeneca, Pfizer/BioNTech",4830534,2622093,7452627
2021-06-22,"Johnson&Johnson, Moderna, Oxford/AstraZeneca, Pfizer/BioNTech",4862537,2704093,7566630
2021-06-23,"Johnson&Johnson, Moderna, Oxford/AstraZeneca, Pfizer/BioNTech",4893297,2789050,7682347
2021-06-24,"Johnson&Johnson, Moderna, Oxford/AstraZeneca, Pfizer/BioNTech",4922739,2878850,7801589
2021-06-25,"Johnson&Johnson, Moderna, Oxford/AstraZeneca, Pfizer/BioNTech",4953277,2964682,7917959
2021-06-26,"Johnson&Johnson, Moderna, Oxford/AstraZeneca, Pfizer/BioNTech",4968891,2999314,7968205
2021-06-27,"Johnson&Johnson, Moderna, Oxford/AstraZeneca, Pfizer/BioNTech",4982680,3025841,8008521
2021-06-28,"Johnson&Johnson, Moderna, Oxford/AstraZeneca, Pfizer/BioNTech",5010789,3110706,8121495
2021-06-29,"Johnson&Johnson, Moderna, Oxford/AstraZeneca, Pfizer/BioNTech",5039667,3196913,8236580
2021-06-30,"Johnson&Johnson, Moderna, Oxford/AstraZeneca, Pfizer/BioNTech",5066737,3287494,8354231
2021-07-01,"Johnson&Johnson, Moderna, Oxford/AstraZeneca, Pfizer/BioNTech",5090276,3376947,8467223
2021-07-02,"Johnson&Johnson, Moderna, Oxford/AstraZeneca, Pfizer/BioNTech",5116605,3462130,8578735
2021-07-03,"Johnson&Johnson, Moderna, Oxford/AstraZeneca, Pfizer/BioNTech",5123570,3493461,8617031
2021-07-04,"Johnson&Johnson, Moderna, Oxford/AstraZeneca, Pfizer/BioNTech",5131022,3515134,8646156
2021-07-05,"Johnson&Johnson, Moderna, Oxford/AstraZeneca, Pfizer/BioNTech",5138285,3540357,8678642
2021-07-06,"Johnson&Johnson, Moderna, Oxford/AstraZeneca, Pfizer/BioNTech",5143519,3567828,8711347
2021-07-07,"Johnson&Johnson, Moderna, Oxford/AstraZeneca, Pfizer/BioNTech",5168938,3646297,8815235
2021-07-08,"Johnson&Johnson, Moderna, Oxford/AstraZeneca, Pfizer/BioNTech",5195176,3716184,8911360
2021-07-09,"Johnson&Johnson, Moderna, Oxford/AstraZeneca, Pfizer/BioNTech",5222718,3784976,9007694
2021-07-10,"Johnson&Johnson, Moderna, Oxford/AstraZeneca, Pfizer/BioNTech",5231930,3813420,9045350
2021-07-11,"Johnson&Johnson, Moderna, Oxford/AstraZeneca, Pfizer/BioNTech",5240374,3836180,9076554
2021-07-12,"Johnson&Johnson, Moderna, Oxford/AstraZeneca, Pfizer/BioNTech",5267256,3904533,9171789
2021-07-13,"Johnson&Johnson, Moderna, Oxford/AstraZeneca, Pfizer/BioNTech",5292639,3973472,9266111
2021-07-14,"Johnson&Johnson, Moderna, Oxford/AstraZeneca, Pfizer/BioNTech",5317935,4044618,9362553
2021-07-15,"Johnson&Johnson, Moderna, Oxford/AstraZeneca, Pfizer/BioNTech",5346292,4109028,9455320
2021-07-16,"Johnson&Johnson, Moderna, Oxford/AstraZeneca, Pfizer/BioNTech",5372016,4177072,9549088
