date,vaccine,people_vaccinated,people_fully_vaccinated,total_vaccinations
2020-12-27,Pfizer/BioNTech,1286,0,1286
2020-12-28,Pfizer/BioNTech,3589,0,3589
2020-12-29,Pfizer/BioNTech,7060,1,7061
2020-12-30,Pfizer/BioNTech,10576,1,10577
2020-12-31,Pfizer/BioNTech,11889,1,11890
2021-01-01,"Moderna, Pfizer/BioNTech",12160,1,12161
2021-01-02,"Moderna, Pfizer/BioNTech",13446,2,13448
2021-01-03,"Moderna, Pfizer/BioNTech",14373,2,14375
2021-01-04,"Moderna, Pfizer/BioNTech",17982,3,17985
2021-01-05,"Moderna, Pfizer/BioNTech",22507,4,22511
2021-01-06,"Moderna, Pfizer/BioNTech",28353,5,28358
2021-01-07,"Moderna, Pfizer/BioNTech",36352,5,36357
2021-01-08,"Moderna, Pfizer/BioNTech",46405,6,46411
2021-01-09,"Moderna, Pfizer/BioNTech",48431,8,48439
2021-01-10,Pfizer/BioNTech,50203,10,50213
2021-01-11,"Moderna, Pfizer/BioNTech",60059,12,60071
2021-01-12,"Moderna, Pfizer/BioNTech",73513,14,73527
2021-01-13,"Moderna, Pfizer/BioNTech",87058,15,87073
2021-01-14,"Moderna, Pfizer/BioNTech",102308,19,102327
2021-01-15,"Moderna, Pfizer/BioNTech",116328,20,116348
2021-01-16,"Moderna, Pfizer/BioNTech",119732,24,119756
2021-01-17,"Moderna, Pfizer/BioNTech",122352,660,123012
2021-01-18,"Moderna, Pfizer/BioNTech",134843,2486,137329
2021-01-19,"Moderna, Pfizer/BioNTech",147453,5215,152668
2021-01-20,"Moderna, Pfizer/BioNTech",161150,7880,169030
2021-01-21,"Moderna, Pfizer/BioNTech",176803,9623,186426
2021-01-22,"Moderna, Pfizer/BioNTech",191694,10668,202362
2021-01-23,"Moderna, Pfizer/BioNTech",195012,11548,206560
2021-01-24,"Moderna, Pfizer/BioNTech",197268,12419,209687
2021-01-25,"Moderna, Pfizer/BioNTech",206923,15388,222311
2021-01-26,"Moderna, Pfizer/BioNTech",217471,19379,236850
2021-01-27,"Moderna, Pfizer/BioNTech",226503,23914,250417
2021-01-28,"Moderna, Pfizer/BioNTech",233609,30048,263657
2021-01-29,"Indie/AstraZeneca, Moderna, Pfizer/BioNTech",239826,37958,277784
2021-01-30,"Moderna, Pfizer/BioNTech",240567,39046,279613
2021-01-31,"Moderna, Pfizer/BioNTech",241286,40228,281514
2021-02-01,"Moderna, Pfizer/BioNTech",245269,48196,293465
2021-02-02,"Moderna, Pfizer/BioNTech",249425,58436,307861
2021-02-03,"Moderna, Pfizer/BioNTech",253852,69455,323307
2021-02-04,"Moderna, Pfizer/BioNTech",258759,82446,341205
2021-02-05,"Moderna, Pfizer/BioNTech",264233,93120,357353
2021-02-06,"Moderna, Oxford/AstraZeneca, Pfizer/BioNTech",265090,95486,360576
2021-02-07,"Moderna, Oxford/AstraZeneca, Pfizer/BioNTech",265941,97986,363927
2021-02-08,"Moderna, Oxford/AstraZeneca, Pfizer/BioNTech",270032,109413,379445
2021-02-09,"Moderna, Oxford/AstraZeneca, Pfizer/BioNTech",275144,121325,396469
2021-02-10,"Moderna, Oxford/AstraZeneca, Pfizer/BioNTech",280664,134585,415249
2021-02-11,"Moderna, Oxford/AstraZeneca, Pfizer/BioNTech",287006,150804,437810
2021-02-12,"Moderna, Oxford/AstraZeneca, Pfizer/BioNTech",293834,165552,459386
2021-02-13,"Moderna, Oxford/AstraZeneca, Pfizer/BioNTech",295452,168539,463991
2021-02-14,"Moderna, Oxford/AstraZeneca, Pfizer/BioNTech",296458,169926,466384
2021-02-15,"Moderna, Oxford/AstraZeneca, Pfizer/BioNTech",302858,179297,482155
2021-02-16,"Moderna, Oxford/AstraZeneca, Pfizer/BioNTech",311578,188378,499956
2021-02-17,"Moderna, Oxford/AstraZeneca, Pfizer/BioNTech",321280,196690,517970
2021-02-18,"Moderna, Oxford/AstraZeneca, Pfizer/BioNTech",333609,204773,538382
2021-02-19,"Moderna, Oxford/AstraZeneca, Pfizer/BioNTech",345475,212150,557625
2021-02-20,"Moderna, Oxford/AstraZeneca, Pfizer/BioNTech",347485,213336,560821
2021-02-21,"Moderna, Oxford/AstraZeneca, Pfizer/BioNTech",348622,214362,562984
2021-02-22,"Moderna, Oxford/AstraZeneca, Pfizer/BioNTech",358746,220399,579145
2021-02-23,"Moderna, Oxford/AstraZeneca, Pfizer/BioNTech",371711,227391,599102
2021-02-24,"Moderna, Oxford/AstraZeneca, Pfizer/BioNTech",385593,233433,619026
2021-02-25,"Moderna, Oxford/AstraZeneca, Pfizer/BioNTech",403575,238984,642559
2021-02-26,"Moderna, Oxford/AstraZeneca, Pfizer/BioNTech",419754,244344,664098
2021-02-27,"Moderna, Oxford/AstraZeneca, Pfizer/BioNTech",422763,244903,667666
2021-02-28,"Moderna, Oxford/AstraZeneca, Pfizer/BioNTech",425121,245454,670575
2021-03-01,"Moderna, Oxford/AstraZeneca, Pfizer/BioNTech",444721,248901,693622
2021-03-02,"Indie/AstraZeneca, Moderna, Oxford/AstraZeneca, Pfizer/BioNTech",471952,252456,724408
2021-03-03,"Moderna, Oxford/AstraZeneca, Pfizer/BioNTech",502906,256968,759874
2021-03-04,"Moderna, Oxford/AstraZeneca, Pfizer/BioNTech",536191,261659,797850
2021-03-05,"Johnson&Johnson, Moderna, Oxford/AstraZeneca, Pfizer/BioNTech",565037,267088,832125
2021-03-06,"Johnson&Johnson, Moderna, Oxford/AstraZeneca, Pfizer/BioNTech",577197,267954,845151
2021-03-07,"Johnson&Johnson, Moderna, Oxford/AstraZeneca, Pfizer/BioNTech",588747,268797,857544
2021-03-08,"Johnson&Johnson, Moderna, Oxford/AstraZeneca, Pfizer/BioNTech",618496,273660,892156
2021-03-09,"Johnson&Johnson, Moderna, Oxford/AstraZeneca, Pfizer/BioNTech",654868,280047,934915
2021-03-10,"Johnson&Johnson, Moderna, Oxford/AstraZeneca, Pfizer/BioNTech",696201,287007,983208
2021-03-11,"Johnson&Johnson, Moderna, Oxford/AstraZeneca, Pfizer/BioNTech",741059,295382,1036441
2021-03-12,"Johnson&Johnson, Moderna, Oxford/AstraZeneca, Pfizer/BioNTech, Čína",779820,303883,1083703
2021-03-13,"Johnson&Johnson, Moderna, Oxford/AstraZeneca, Pfizer/BioNTech",796933,305199,1102132
2021-03-14,"Johnson&Johnson, Moderna, Oxford/AstraZeneca, Pfizer/BioNTech",809051,306356,1115407
2021-03-15,"Johnson&Johnson, Moderna, Oxford/AstraZeneca, Pfizer/BioNTech",837446,315136,1152582
2021-03-16,"Johnson&Johnson, Moderna, Oxford/AstraZeneca, Pfizer/BioNTech",876344,325673,1202017
2021-03-17,"Moderna, Oxford/AstraZeneca, Pfizer/BioNTech",913829,336188,1250017
2021-03-18,"Johnson&Johnson, Moderna, Oxford/AstraZeneca, Pfizer/BioNTech",951836,348614,1300450
2021-03-19,"Johnson&Johnson, Moderna, Oxford/AstraZeneca, Pfizer/BioNTech",986357,362228,1348585
2021-03-20,"Johnson&Johnson, Moderna, Oxford/AstraZeneca, Pfizer/BioNTech",1001540,364258,1365798
2021-03-21,"Johnson&Johnson, Moderna, Oxford/AstraZeneca, Pfizer/BioNTech",1008988,365818,1374806
2021-03-22,"Indie/AstraZeneca, Johnson&Johnson, Moderna, Oxford/AstraZeneca, Pfizer/BioNTech",1033564,378319,1411883
2021-03-23,"Johnson&Johnson, Moderna, Oxford/AstraZeneca, Pfizer/BioNTech",1060241,391686,1451927
2021-03-24,"Johnson&Johnson, Moderna, Oxford/AstraZeneca, Pfizer/BioNTech",1087138,407429,1494567
2021-03-25,"Indie/AstraZeneca, Johnson&Johnson, Moderna, Oxford/AstraZeneca, Pfizer/BioNTech",1113499,425283,1538782
2021-03-26,"Johnson&Johnson, Moderna, Oxford/AstraZeneca, Pfizer/BioNTech",1138341,442796,1581137
2021-03-27,"Johnson&Johnson, Moderna, Oxford/AstraZeneca, Pfizer/BioNTech, Čína",1146804,447643,1594447
2021-03-28,"Moderna, Oxford/AstraZeneca, Pfizer/BioNTech",1152352,451791,1604143
2021-03-29,"Johnson&Johnson, Moderna, Oxford/AstraZeneca, Pfizer/BioNTech",1171513,472525,1644038
2021-03-30,"Johnson&Johnson, Moderna, Oxford/AstraZeneca, Pfizer/BioNTech",1196221,494713,1690934
2021-03-31,"Johnson&Johnson, Moderna, Oxford/AstraZeneca, Pfizer/BioNTech",1219381,521782,1741163
2021-04-01,"Indie/AstraZeneca, Johnson&Johnson, Moderna, Oxford/AstraZeneca, Pfizer/BioNTech",1245073,553839,1798912
2021-04-02,"Indie/AstraZeneca, Johnson&Johnson, Moderna, Oxford/AstraZeneca, Pfizer/BioNTech",1252058,566636,1818694
2021-04-03,"Johnson&Johnson, Moderna, Oxford/AstraZeneca, Pfizer/BioNTech",1255714,577569,1833283
2021-04-04,"Johnson&Johnson, Moderna, Oxford/AstraZeneca, Pfizer/BioNTech",1258261,586495,1844756
2021-04-05,"Johnson&Johnson, Moderna, Oxford/AstraZeneca, Pfizer/BioNTech",1260694,593700,1854394
2021-04-06,"Indie/AstraZeneca, Johnson&Johnson, Moderna, Oxford/AstraZeneca, Pfizer/BioNTech, Čína",1276915,622975,1899890
2021-04-07,"Johnson&Johnson, Moderna, Oxford/AstraZeneca, Pfizer/BioNTech",1300417,645214,1945631
2021-04-08,"Johnson&Johnson, Moderna, Oxford/AstraZeneca, Pfizer/BioNTech",1339238,676262,2015500
2021-04-09,"Indie/AstraZeneca, Johnson&Johnson, Moderna, Oxford/AstraZeneca, Pfizer/BioNTech",1378838,706463,2085301
2021-04-10,"Johnson&Johnson, Moderna, Oxford/AstraZeneca, Pfizer/BioNTech",1394407,721777,2116184
2021-04-11,"Johnson&Johnson, Moderna, Oxford/AstraZeneca, Pfizer/BioNTech",1404202,731834,2136036
2021-04-12,"Johnson&Johnson, Moderna, Oxford/AstraZeneca, Pfizer/BioNTech",1442525,756979,2199504
2021-04-13,"Moderna, Oxford/AstraZeneca, Pfizer/BioNTech",1478834,783022,2261856
2021-04-14,"Moderna, Oxford/AstraZeneca, Pfizer/BioNTech",1517725,810401,2328126
2021-04-15,"Moderna, Oxford/AstraZeneca, Pfizer/BioNTech",1565561,836182,2401743
2021-04-16,"Moderna, Oxford/AstraZeneca, Pfizer/BioNTech",1610283,861863,2472146
2021-04-17,"Indie/AstraZeneca, Moderna, Oxford/AstraZeneca, Pfizer/BioNTech",1627011,870888,2497899
2021-04-18,"Moderna, Oxford/AstraZeneca, Pfizer/BioNTech",1640012,875874,2515886
2021-04-19,"Johnson&Johnson, Moderna, Oxford/AstraZeneca, Pfizer/BioNTech",1683988,891315,2575303
2021-04-20,"Johnson&Johnson, Moderna, Oxford/AstraZeneca, Pfizer/BioNTech",1726579,907205,2633784
2021-04-21,"Moderna, Oxford/AstraZeneca, Pfizer/BioNTech",1774344,921576,2695920
2021-04-22,"Johnson&Johnson, Moderna, Oxford/AstraZeneca, Pfizer/BioNTech",1828876,938975,2767851
2021-04-23,"Johnson&Johnson, Moderna, Oxford/AstraZeneca, Pfizer/BioNTech",1878887,951041,2829928
2021-04-24,"Johnson&Johnson, Moderna, Oxford/AstraZeneca, Pfizer/BioNTech, Čína",1896764,956311,2853075
2021-04-25,"Johnson&Johnson, Moderna, Oxford/AstraZeneca, Pfizer/BioNTech",1911477,960316,2871793
2021-04-26,"Johnson&Johnson, Moderna, Oxford/AstraZeneca, Pfizer/BioNTech",1961095,967886,2928981
2021-04-27,"Johnson&Johnson, Moderna, Oxford/AstraZeneca, Pfizer/BioNTech",2010086,980140,2990226
2021-04-28,"Johnson&Johnson, Moderna, Oxford/AstraZeneca, Pfizer/BioNTech, Čína",2068871,994163,3063034
2021-04-29,"Johnson&Johnson, Moderna, Oxford/AstraZeneca, Pfizer/BioNTech",2134491,1010085,3144576
2021-04-30,"Johnson&Johnson, Moderna, Oxford/AstraZeneca, Pfizer/BioNTech",2196783,1020082,3216865
2021-05-01,"Johnson&Johnson, Moderna, Oxford/AstraZeneca, Pfizer/BioNTech",2216177,1023548,3239725
2021-05-02,"Johnson&Johnson, Moderna, Oxford/AstraZeneca, Pfizer/BioNTech",2235129,1025840,3260969
2021-05-03,"Johnson&Johnson, Moderna, Oxford/AstraZeneca, Pfizer/BioNTech",2302406,1030925,3333331
2021-05-04,"Johnson&Johnson, Moderna, Oxford/AstraZeneca, Pfizer/BioNTech",2368967,1039299,3408266
2021-05-05,"Johnson&Johnson, Moderna, Oxford/AstraZeneca, Pfizer/BioNTech",2442178,1048748,3490926
2021-05-06,"Johnson&Johnson, Moderna, Oxford/AstraZeneca, Pfizer/BioNTech",2522618,1059502,3582120
2021-05-07,"Indie/AstraZeneca, Johnson&Johnson, Moderna, Oxford/AstraZeneca, Pfizer/BioNTech",2599956,1069646,3669602
2021-05-08,"Johnson&Johnson, Moderna, Oxford/AstraZeneca, Pfizer/BioNTech",2629500,1071440,3700940
2021-05-09,"Johnson&Johnson, Moderna, Oxford/AstraZeneca, Pfizer/BioNTech",2653744,1072663,3726407
2021-05-10,"Johnson&Johnson, Moderna, Oxford/AstraZeneca, Pfizer/BioNTech",2726545,1079910,3806455
2021-05-11,"Johnson&Johnson, Moderna, Oxford/AstraZeneca, Pfizer/BioNTech",2802700,1088746,3891446
2021-05-12,"Johnson&Johnson, Moderna, Oxford/AstraZeneca, Pfizer/BioNTech",2882644,1097894,3980538
2021-05-13,"Johnson&Johnson, Moderna, Oxford/AstraZeneca, Pfizer/BioNTech",2966699,1107084,4073783
2021-05-14,"Johnson&Johnson, Moderna, Oxford/AstraZeneca, Pfizer/BioNTech",3046255,1114912,4161167
2021-05-15,"Johnson&Johnson, Moderna, Oxford/AstraZeneca, Pfizer/BioNTech",3078220,1117199,4195419
2021-05-16,"Johnson&Johnson, Moderna, Oxford/AstraZeneca, Pfizer/BioNTech",3104036,1118487,4222523
2021-05-17,"Indie/AstraZeneca, Johnson&Johnson, Moderna, Oxford/AstraZeneca, Pfizer/BioNTech",3176578,1125245,4301823
2021-05-18,"Indie/AstraZeneca, Johnson&Johnson, Moderna, Oxford/AstraZeneca, Pfizer/BioNTech",3248570,1138371,4386941
2021-05-19,"Johnson&Johnson, Moderna, Oxford/AstraZeneca, Pfizer/BioNTech",3326073,1153545,4479618
2021-05-20,"Johnson&Johnson, Moderna, Oxford/AstraZeneca, Pfizer/BioNTech",3401575,1180617,4582192
2021-05-21,"Johnson&Johnson, Moderna, Oxford/AstraZeneca, Pfizer/BioNTech",3470439,1208429,4678868
2021-05-22,"Johnson&Johnson, Moderna, Oxford/AstraZeneca, Pfizer/BioNTech",3502913,1219674,4722587
2021-05-23,"Johnson&Johnson, Moderna, Oxford/AstraZeneca, Pfizer/BioNTech",3525363,1228716,4754079
2021-05-24,"Johnson&Johnson, Moderna, Oxford/AstraZeneca, Pfizer/BioNTech",3572584,1262399,4834983
2021-05-25,"Indie/AstraZeneca, Johnson&Johnson, Moderna, Oxford/AstraZeneca, Pfizer/BioNTech",3624511,1298247,4922758
2021-05-26,"Johnson&Johnson, Moderna, Oxford/AstraZeneca, Pfizer/BioNTech, Čína",3692287,1335814,5028101
2021-05-27,"Indie/AstraZeneca, Johnson&Johnson, Moderna, Oxford/AstraZeneca, Pfizer/BioNTech",3753728,1383182,5136910
2021-05-28,"Johnson&Johnson, Moderna, Oxford/AstraZeneca, Pfizer/BioNTech",3815479,1429800,5245279
2021-05-29,"Indie/AstraZeneca, Johnson&Johnson, Moderna, Oxford/AstraZeneca, Pfizer/BioNTech",3844757,1446949,5291706
2021-05-30,"Johnson&Johnson, Moderna, Oxford/AstraZeneca, Pfizer/BioNTech, Čína",3867179,1461422,5328601
2021-05-31,"Indie/AstraZeneca, Johnson&Johnson, Moderna, Oxford/AstraZeneca, Pfizer/BioNTech",3922927,1508961,5431888
2021-06-01,"Johnson&Johnson, Moderna, Oxford/AstraZeneca, Pfizer/BioNTech",3982052,1557855,5539907
2021-06-02,"Indie/AstraZeneca, Johnson&Johnson, Moderna, Oxford/AstraZeneca, Pfizer/BioNTech",4045034,1611889,5656923
2021-06-03,"Johnson&Johnson, Moderna, Oxford/AstraZeneca, Pfizer/BioNTech",4103301,1672137,5775438
2021-06-04,"Johnson&Johnson, Moderna, Oxford/AstraZeneca, Pfizer/BioNTech",4166450,1729570,5896020
2021-06-05,"Indie/AstraZeneca, Johnson&Johnson, Moderna, Oxford/AstraZeneca, Pfizer/BioNTech",4200648,1748505,5949153
2021-06-06,"Johnson&Johnson, Moderna, Oxford/AstraZeneca, Pfizer/BioNTech",4227613,1763685,5991298
2021-06-07,"Johnson&Johnson, Moderna, Oxford/AstraZeneca, Pfizer/BioNTech",4291312,1819345,6110657
2021-06-08,"Indie/AstraZeneca, Johnson&Johnson, Moderna, Oxford/AstraZeneca, Pfizer/BioNTech",4355332,1874372,6229704
2021-06-09,"Indie/AstraZeneca, Johnson&Johnson, Moderna, Oxford/AstraZeneca, Pfizer/BioNTech",4414556,1939070,6353626
2021-06-10,"Johnson&Johnson, Moderna, Oxford/AstraZeneca, Pfizer/BioNTech",4468423,2010394,6478817
2021-06-11,"Johnson&Johnson, Moderna, Oxford/AstraZeneca, Pfizer/BioNTech",4520551,2080259,6600810
2021-06-12,"Indie/AstraZeneca, Johnson&Johnson, Moderna, Oxford/AstraZeneca, Pfizer/BioNTech, Čína",4552588,2101123,6653711
2021-06-13,"Johnson&Johnson, Moderna, Oxford/AstraZeneca, Pfizer/BioNTech",4576632,2119570,6696202
2021-06-14,"Johnson&Johnson, Moderna, Oxford/AstraZeneca, Pfizer/BioNTech, Čína",4619735,2193988,6813723
2021-06-15,"Johnson&Johnson, Moderna, Oxford/AstraZeneca, Pfizer/BioNTech",4664427,2266407,6930834
2021-06-16,"Johnson&Johnson, Moderna, Oxford/AstraZeneca, Pfizer/BioNTech",4707258,2344661,7051919
2021-06-17,"Johnson&Johnson, Moderna, Oxford/AstraZeneca, Pfizer/BioNTech",4746699,2427787,7174486
2021-06-18,"Johnson&Johnson, Moderna, Oxford/AstraZeneca, Pfizer/BioNTech",4789154,2508398,7297552
2021-06-19,"Johnson&Johnson, Moderna, Oxford/AstraZeneca, Pfizer/BioNTech, Čína",4810960,2537753,7348713
2021-06-20,"Johnson&Johnson, Moderna, Oxford/AstraZeneca, Pfizer/BioNTech, Čína",4828378,2561639,7390017
2021-06-21,"Johnson&Johnson, Moderna, Oxford/AstraZeneca, Pfizer/BioNTech, Čína",4860897,2640278,7501175
2021-06-22,"Johnson&Johnson, Moderna, Oxford/AstraZeneca, Pfizer/BioNTech",4893885,2722628,7616513
2021-06-23,"Johnson&Johnson, Moderna, Oxford/AstraZeneca, Pfizer/BioNTech",4925618,2807902,7733520
2021-06-24,"Johnson&Johnson, Moderna, Oxford/AstraZeneca, Pfizer/BioNTech, Čína",4955498,2897994,7853492
2021-06-25,"Johnson&Johnson, Moderna, Oxford/AstraZeneca, Pfizer/BioNTech",4986599,2984259,7970858
2021-06-26,"Johnson&Johnson, Moderna, Oxford/AstraZeneca, Pfizer/BioNTech",5002508,3019158,8021666
2021-06-27,"Johnson&Johnson, Moderna, Oxford/AstraZeneca, Pfizer/BioNTech, Čína",5016473,3045888,8062361
2021-06-28,"Johnson&Johnson, Moderna, Oxford/AstraZeneca, Pfizer/BioNTech",5044906,3131132,8176038
2021-06-29,"Johnson&Johnson, Moderna, Oxford/AstraZeneca, Pfizer/BioNTech",5074203,3217704,8291907
2021-06-30,"Johnson&Johnson, Moderna, Oxford/AstraZeneca, Pfizer/BioNTech",5101718,3308782,8410500
2021-07-01,"Johnson&Johnson, Moderna, Oxford/AstraZeneca, Pfizer/BioNTech",5125739,3398910,8524649
2021-07-02,"Johnson&Johnson, Moderna, Oxford/AstraZeneca, Pfizer/BioNTech",5152499,3484874,8637373
2021-07-03,"Indie/AstraZeneca, Johnson&Johnson, Moderna, Oxford/AstraZeneca, Pfizer/BioNTech",5159614,3516457,8676071
2021-07-04,"Johnson&Johnson, Moderna, Oxford/AstraZeneca, Pfizer/BioNTech",5167213,3538288,8705501
2021-07-05,"Johnson&Johnson, Moderna, Oxford/AstraZeneca, Pfizer/BioNTech",5174644,3563710,8738354
2021-07-06,"Johnson&Johnson, Moderna, Oxford/AstraZeneca, Pfizer/BioNTech, Čína",5180140,3591462,8771602
2021-07-07,"Johnson&Johnson, Moderna, Oxford/AstraZeneca, Pfizer/BioNTech",5205987,3670481,8876468
2021-07-08,"Johnson&Johnson, Moderna, Oxford/AstraZeneca, Pfizer/BioNTech",5232616,3740856,8973472
2021-07-09,"Johnson&Johnson, Moderna, Oxford/AstraZeneca, Pfizer/BioNTech",5260586,3810213,9070799
2021-07-10,"Indie/AstraZeneca, Johnson&Johnson, Moderna, Oxford/AstraZeneca, Pfizer/BioNTech",5269976,3838895,9108871
2021-07-11,"Johnson&Johnson, Moderna, Oxford/AstraZeneca, Pfizer/BioNTech",5278540,3861791,9140331
2021-07-12,"Johnson&Johnson, Moderna, Oxford/AstraZeneca, Pfizer/BioNTech, Čína",5306108,3930890,9236998
2021-07-13,"Johnson&Johnson, Moderna, Oxford/AstraZeneca, Pfizer/BioNTech",5332335,4000805,9333140
2021-07-14,"Johnson&Johnson, Moderna, Oxford/AstraZeneca, Pfizer/BioNTech",5358190,4072827,9431017
2021-07-15,"Indie/AstraZeneca, Johnson&Johnson, Moderna, Oxford/AstraZeneca, Pfizer/BioNTech",5387390,4138872,9526262
2021-07-16,"Johnson&Johnson, Moderna, Oxford/AstraZeneca, Pfizer/BioNTech",5415346,4211639,9626985
2021-07-17,"Johnson&Johnson, Moderna, Oxford/AstraZeneca, Pfizer/BioNTech, Čína",5424160,4243128,9667288
2021-07-18,"Johnson&Johnson, Moderna, Oxford/AstraZeneca, Pfizer/BioNTech, Čína",5432609,4269152,9701761
2021-07-19,"Johnson&Johnson, Moderna, Oxford/AstraZeneca, Pfizer/BioNTech",5455987,4336194,9792181
2021-07-20,"Johnson&Johnson, Moderna, Oxford/AstraZeneca, Pfizer/BioNTech",5477422,4403283,9880705
2021-07-21,"Indie/AstraZeneca, Johnson&Johnson, Moderna, Oxford/AstraZeneca, Pfizer/BioNTech",5500897,4466774,9967671
2021-07-22,"Johnson&Johnson, Moderna, Oxford/AstraZeneca, Pfizer/BioNTech",5523284,4525445,10048729
2021-07-23,"Johnson&Johnson, Moderna, Oxford/AstraZeneca, Pfizer/BioNTech",5546540,4580236,10126776
2021-07-24,"Indie/AstraZeneca, Johnson&Johnson, Moderna, Oxford/AstraZeneca, Pfizer/BioNTech, Čína",5553910,4607929,10161839
2021-07-25,"Johnson&Johnson, Moderna, Oxford/AstraZeneca, Pfizer/BioNTech",5560565,4630075,10190640
2021-07-26,"Johnson&Johnson, Moderna, Oxford/AstraZeneca, Pfizer/BioNTech",5584135,4678788,10262923
2021-07-27,"Johnson&Johnson, Moderna, Oxford/AstraZeneca, Pfizer/BioNTech, Čína",5606904,4725472,10332376
2021-07-28,"Johnson&Johnson, Moderna, Oxford/AstraZeneca, Pfizer/BioNTech",5628201,4771525,10399726
2021-07-29,"Johnson&Johnson, Moderna, Oxford/AstraZeneca, Pfizer/BioNTech",5649554,4813530,10463084
2021-07-30,"Johnson&Johnson, Moderna, Oxford/AstraZeneca, Pfizer/BioNTech",5672851,4856140,10528991
2021-07-31,"Indie/AstraZeneca, Johnson&Johnson, Moderna, Oxford/AstraZeneca, Pfizer/BioNTech",5681822,4875705,10557527
2021-08-01,"Johnson&Johnson, Moderna, Oxford/AstraZeneca, Pfizer/BioNTech, Čína",5688565,4891891,10580456
2021-08-02,"Johnson&Johnson, Moderna, Oxford/AstraZeneca, Pfizer/BioNTech",5707227,4929486,10636713
2021-08-03,"Johnson&Johnson, Moderna, Oxford/AstraZeneca, Pfizer/BioNTech",5724902,4967642,10692544
2021-08-04,"Johnson&Johnson, Moderna, Oxford/AstraZeneca, Pfizer/BioNTech",5741046,5004450,10745496
2021-08-05,"Johnson&Johnson, Moderna, Oxford/AstraZeneca, Pfizer/BioNTech",5757110,5044980,10802090
2021-08-06,"Johnson&Johnson, Moderna, Oxford/AstraZeneca, Pfizer/BioNTech",5773944,5088334,10862278
2021-08-07,"Johnson&Johnson, Moderna, Oxford/AstraZeneca, Pfizer/BioNTech",5779565,5106532,10886097
2021-08-08,"Johnson&Johnson, Moderna, Oxford/AstraZeneca, Pfizer/BioNTech",5783943,5122311,10906254
2021-08-09,"Indie/AstraZeneca, Johnson&Johnson, Moderna, Oxford/AstraZeneca, Pfizer/BioNTech",5796594,5167408,10964002
2021-08-10,"Johnson&Johnson, Moderna, Oxford/AstraZeneca, Pfizer/BioNTech",5808456,5207016,11015472
2021-08-11,"Indie/AstraZeneca, Johnson&Johnson, Moderna, Oxford/AstraZeneca, Pfizer/BioNTech",5819841,5250184,11070025
2021-08-12,"Johnson&Johnson, Moderna, Oxford/AstraZeneca, Pfizer/BioNTech",5831273,5287352,11118625
2021-08-13,"Johnson&Johnson, Moderna, Oxford/AstraZeneca, Pfizer/BioNTech",5842020,5327729,11169749
2021-08-14,"Johnson&Johnson, Moderna, Oxford/AstraZeneca, Pfizer/BioNTech",5845372,5338460,11183832
2021-08-15,"Johnson&Johnson, Moderna, Oxford/AstraZeneca, Pfizer/BioNTech",5847968,5348858,11196826
2021-08-16,"Indie/AstraZeneca, Johnson&Johnson, Moderna, Oxford/AstraZeneca, Pfizer/BioNTech, Čína",5857773,5382966,11240739
2021-08-17,"Johnson&Johnson, Moderna, Oxford/AstraZeneca, Pfizer/BioNTech",5867377,5410101,11277478
2021-08-18,"Johnson&Johnson, Moderna, Oxford/AstraZeneca, Pfizer/BioNTech",5876755,5449039,11325794
2021-08-19,"Johnson&Johnson, Moderna, Oxford/AstraZeneca, Pfizer/BioNTech",5886442,5487416,11373858
2021-08-20,"Johnson&Johnson, Moderna, Oxford/AstraZeneca, Pfizer/BioNTech",5897847,5527639,11425486
2021-08-21,"Indie/AstraZeneca, Johnson&Johnson, Moderna, Oxford/AstraZeneca, Pfizer/BioNTech",5900580,5540431,11441011
2021-08-22,"Johnson&Johnson, Moderna, Oxford/AstraZeneca, Pfizer/BioNTech",5902926,5552413,11455339
2021-08-23,"Indie/AstraZeneca, Johnson&Johnson, Moderna, Oxford/AstraZeneca, Pfizer/BioNTech",5913468,5591719,11505187
2021-08-24,"Johnson&Johnson, Moderna, Oxford/AstraZeneca, Pfizer/BioNTech",5923353,5624987,11548340
2021-08-25,"Indie/AstraZeneca, Johnson&Johnson, Moderna, Oxford/AstraZeneca, Pfizer/BioNTech",5932234,5653389,11585623
2021-08-26,"Johnson&Johnson, Moderna, Oxford/AstraZeneca, Pfizer/BioNTech",5940695,5679548,11620243
2021-08-27,"Indie/AstraZeneca, Johnson&Johnson, Moderna, Oxford/AstraZeneca, Pfizer/BioNTech",5951025,5705556,11656581
2021-08-28,"Johnson&Johnson, Moderna, Oxford/AstraZeneca, Pfizer/BioNTech",5953772,5712643,11666415
2021-08-29,"Johnson&Johnson, Moderna, Oxford/AstraZeneca, Pfizer/BioNTech, Čína",5956191,5719277,11675468
2021-08-30,"Johnson&Johnson, Moderna, Oxford/AstraZeneca, Pfizer/BioNTech",5964721,5741181,11705902
2021-08-31,"Indie/AstraZeneca, Johnson&Johnson, Moderna, Oxford/AstraZeneca, Pfizer/BioNTech",5972416,5759317,11731733
2021-09-01,"Johnson&Johnson, Moderna, Oxford/AstraZeneca, Pfizer/BioNTech",5978334,5773349,11751683
2021-09-02,"Johnson&Johnson, Moderna, Oxford/AstraZeneca, Pfizer/BioNTech",5985181,5787757,11772938
2021-09-03,"Johnson&Johnson, Moderna, Oxford/AstraZeneca, Pfizer/BioNTech",5994749,5803512,11798261
2021-09-04,"Indie/AstraZeneca, Johnson&Johnson, Moderna, Oxford/AstraZeneca, Pfizer/BioNTech",5996832,5807091,11803923
2021-09-05,"Johnson&Johnson, Moderna, Oxford/AstraZeneca, Pfizer/BioNTech",5998881,5809944,11808825
2021-09-06,"Indie/AstraZeneca, Johnson&Johnson, Moderna, Oxford/AstraZeneca, Pfizer/BioNTech",6005126,5822501,11827627
2021-09-07,"Johnson&Johnson, Moderna, Oxford/AstraZeneca, Pfizer/BioNTech",6009523,5833606,11843129
2021-09-08,"Johnson&Johnson, Moderna, Oxford/AstraZeneca, Pfizer/BioNTech, Čína",6015208,5843482,11858690
2021-09-09,"Johnson&Johnson, Moderna, Oxford/AstraZeneca, Pfizer/BioNTech",6021912,5853564,11875476
2021-09-10,"Johnson&Johnson, Moderna, Oxford/AstraZeneca, Pfizer/BioNTech",6029619,5865765,11895384
2021-09-11,"Indie/AstraZeneca, Johnson&Johnson, Moderna, Oxford/AstraZeneca, Pfizer/BioNTech",6031498,5868269,11899767
2021-09-12,"Johnson&Johnson, Moderna, Oxford/AstraZeneca, Pfizer/BioNTech",6032620,5869908,11902528
2021-09-13,"Johnson&Johnson, Moderna, Oxford/AstraZeneca, Pfizer/BioNTech",6038066,5880232,11918298
2021-09-14,"Johnson&Johnson, Moderna, Oxford/AstraZeneca, Pfizer/BioNTech",6043470,5889255,11932725
2021-09-15,"Johnson&Johnson, Moderna, Oxford/AstraZeneca, Pfizer/BioNTech",6048691,5897794,11946485
2021-09-16,"Johnson&Johnson, Moderna, Oxford/AstraZeneca, Pfizer/BioNTech",6054064,5906076,11960140
2021-09-17,"Johnson&Johnson, Moderna, Oxford/AstraZeneca, Pfizer/BioNTech",6060642,5916323,11976965
2021-09-18,"Johnson&Johnson, Moderna, Oxford/AstraZeneca, Pfizer/BioNTech",6062375,5918693,11981068
2021-09-19,"Johnson&Johnson, Moderna, Oxford/AstraZeneca, Pfizer/BioNTech",6063324,5920267,11983591
2021-09-20,"Johnson&Johnson, Moderna, Oxford/AstraZeneca, Pfizer/BioNTech",6067356,5928474,11995830
2021-09-21,"Johnson&Johnson, Moderna, Oxford/AstraZeneca, Pfizer/BioNTech",6071603,5936017,12007620
2021-09-22,"Johnson&Johnson, Moderna, Oxford/AstraZeneca, Pfizer/BioNTech, Čína",6075803,5941553,12017356
2021-09-23,"Johnson&Johnson, Moderna, Oxford/AstraZeneca, Pfizer/BioNTech",6080764,5947975,12028739
2021-09-24,"Johnson&Johnson, Moderna, Oxford/AstraZeneca, Pfizer/BioNTech",6086529,5957603,12044132
2021-09-25,"Johnson&Johnson, Moderna, Oxford/AstraZeneca, Pfizer/BioNTech",6088032,5959605,12047637
2021-09-26,"Johnson&Johnson, Moderna, Oxford/AstraZeneca, Pfizer/BioNTech",6088782,5961250,12050032
2021-09-27,"Indie/AstraZeneca, Johnson&Johnson, Moderna, Oxford/AstraZeneca, Pfizer/BioNTech, Čína",6092672,5967778,12060450
2021-09-28,"Johnson&Johnson, Moderna, Oxford/AstraZeneca, Pfizer/BioNTech",6093051,5968419,12061470
2021-09-29,"Johnson&Johnson, Moderna, Oxford/AstraZeneca, Pfizer/BioNTech",6096830,5975886,12072716
2021-09-30,"Johnson&Johnson, Moderna, Oxford/AstraZeneca, Pfizer/BioNTech",6101356,5983604,12084960
2021-10-01,"Johnson&Johnson, Moderna, Oxford/AstraZeneca, Pfizer/BioNTech, Čína",6105674,5991598,12097272
2021-10-02,"Johnson&Johnson, Moderna, Oxford/AstraZeneca, Pfizer/BioNTech, Čína",6106742,5993150,12099892
2021-10-03,"Johnson&Johnson, Moderna, Oxford/AstraZeneca, Pfizer/BioNTech",6107468,5994025,12101493
2021-10-04,"Johnson&Johnson, Moderna, Oxford/AstraZeneca, Pfizer/BioNTech",6110552,5999607,12110159
2021-10-05,"Johnson&Johnson, Moderna, Oxford/AstraZeneca, Pfizer/BioNTech",6113718,6004697,12118415
2021-10-06,"Johnson&Johnson, Moderna, Oxford/AstraZeneca, Pfizer/BioNTech",6117241,6009880,12127121
2021-10-07,"Johnson&Johnson, Moderna, Oxford/AstraZeneca, Pfizer/BioNTech",6120528,6015144,12135672
2021-10-08,"Johnson&Johnson, Moderna, Oxford/AstraZeneca, Pfizer/BioNTech",6125327,6021797,12147124
2021-10-09,"Indie/AstraZeneca, Johnson&Johnson, Moderna, Oxford/AstraZeneca, Pfizer/BioNTech",6126573,6023468,12150041
2021-10-10,"Johnson&Johnson, Moderna, Oxford/AstraZeneca, Pfizer/BioNTech",6127521,6024306,12151827
2021-10-11,"Johnson&Johnson, Moderna, Oxford/AstraZeneca, Pfizer/BioNTech",6130452,6028734,12159186
2021-10-12,"Johnson&Johnson, Moderna, Oxford/AstraZeneca, Pfizer/BioNTech",6133396,6032741,12166137
2021-10-13,"Johnson&Johnson, Moderna, Oxford/AstraZeneca, Pfizer/BioNTech",6136932,6036940,12173872
2021-10-14,"Johnson&Johnson, Moderna, Oxford/AstraZeneca, Pfizer/BioNTech",6140606,6041893,12182499
2021-10-15,"Johnson&Johnson, Moderna, Oxford/AstraZeneca, Pfizer/BioNTech",6145841,6048046,12193887
2021-10-16,"Johnson&Johnson, Moderna, Oxford/AstraZeneca, Pfizer/BioNTech",6147259,6049579,12196838
2021-10-17,"Johnson&Johnson, Moderna, Pfizer/BioNTech, Čína",6148585,6050639,12199224
2021-10-18,"Johnson&Johnson, Moderna, Oxford/AstraZeneca, Pfizer/BioNTech",6152699,6054751,12207450
2021-10-19,"Johnson&Johnson, Moderna, Oxford/AstraZeneca, Pfizer/BioNTech",6156283,6056854,12213137
2021-10-20,"Johnson&Johnson, Moderna, Oxford/AstraZeneca, Pfizer/BioNTech",6161176,6061320,12222496
2021-10-21,"Johnson&Johnson, Moderna, Oxford/AstraZeneca, Pfizer/BioNTech",6168945,6066933,12235878
2021-10-22,"Johnson&Johnson, Moderna, Oxford/AstraZeneca, Pfizer/BioNTech",6179410,6073439,12252849
2021-10-23,"Johnson&Johnson, Moderna, Oxford/AstraZeneca, Pfizer/BioNTech",6183095,6075653,12258748
2021-10-24,"Johnson&Johnson, Moderna, Oxford/AstraZeneca, Pfizer/BioNTech",6185781,6077434,12263215
2021-10-25,"Johnson&Johnson, Moderna, Oxford/AstraZeneca, Pfizer/BioNTech",6196295,6083258,12279553
2021-10-26,"Johnson&Johnson, Moderna, Oxford/AstraZeneca, Pfizer/BioNTech, Čína",6208292,6089809,12298101
2021-10-27,"Johnson&Johnson, Moderna, Oxford/AstraZeneca, Pfizer/BioNTech, Čína",6222902,6097227,12320129
2021-10-28,"Johnson&Johnson, Moderna, Oxford/AstraZeneca, Pfizer/BioNTech",6226336,6098919,12325255
2021-10-29,"Johnson&Johnson, Moderna, Oxford/AstraZeneca, Pfizer/BioNTech",6240783,6106911,12347694
2021-10-30,"Johnson&Johnson, Moderna, Oxford/AstraZeneca, Pfizer/BioNTech",6245310,6109839,12355149
2021-10-31,"Johnson&Johnson, Moderna, Oxford/AstraZeneca, Pfizer/BioNTech",6249072,6112316,12361388
2021-11-01,"Johnson&Johnson, Moderna, Oxford/AstraZeneca, Pfizer/BioNTech",6264270,6119998,12384268
2021-11-02,"Johnson&Johnson, Moderna, Oxford/AstraZeneca, Pfizer/BioNTech, Čína",6279722,6127558,12407280
2021-11-03,"Johnson&Johnson, Moderna, Oxford/AstraZeneca, Pfizer/BioNTech, Čína",6296910,6134852,12431762
2021-11-04,"Johnson&Johnson, Moderna, Oxford/AstraZeneca, Pfizer/BioNTech",6315257,6143032,12458289
2021-11-05,"Johnson&Johnson, Moderna, Oxford/AstraZeneca, Pfizer/BioNTech",6338061,6154326,12492387
2021-11-06,"Johnson&Johnson, Moderna, Oxford/AstraZeneca, Pfizer/BioNTech",6344579,6157386,12501965
2021-11-07,"Johnson&Johnson, Moderna, Oxford/AstraZeneca, Pfizer/BioNTech",6348609,6159825,12508434
2021-11-08,"Johnson&Johnson, Moderna, Oxford/AstraZeneca, Pfizer/BioNTech",6364874,6167455,12532329
2021-11-09,"Johnson&Johnson, Moderna, Oxford/AstraZeneca, Pfizer/BioNTech",6379691,6174760,12554451
2021-11-10,"Johnson&Johnson, Moderna, Oxford/AstraZeneca, Pfizer/BioNTech",6395430,6182147,12577577
2021-11-11,"Johnson&Johnson, Moderna, Oxford/AstraZeneca, Pfizer/BioNTech, Čína",6410908,6191258,12602166
2021-11-12,"Johnson&Johnson, Moderna, Oxford/AstraZeneca, Pfizer/BioNTech",6430710,6204058,12634768
2021-11-13,"Johnson&Johnson, Moderna, Oxford/AstraZeneca, Pfizer/BioNTech",6436107,6207939,12644046
2021-11-14,"Johnson&Johnson, Moderna, Oxford/AstraZeneca, Pfizer/BioNTech",6440006,6210949,12650955
2021-11-15,"Johnson&Johnson, Moderna, Oxford/AstraZeneca, Pfizer/BioNTech",6455094,6221657,12676751
2021-11-16,"Johnson&Johnson, Moderna, Oxford/AstraZeneca, Pfizer/BioNTech",6472625,6233638,12706263
2021-11-17,"Johnson&Johnson, Moderna, Oxford/AstraZeneca, Pfizer/BioNTech",6476870,6237211,12714081
2021-11-18,"Johnson&Johnson, Moderna, Oxford/AstraZeneca, Pfizer/BioNTech",6496283,6248903,12745186
2021-11-19,"Johnson&Johnson, Moderna, Oxford/AstraZeneca, Pfizer/BioNTech",6520894,6265883,12786777
2021-11-20,"Johnson&Johnson, Moderna, Oxford/AstraZeneca, Pfizer/BioNTech",6529471,6270870,12800341
2021-11-21,"Johnson&Johnson, Moderna, Oxford/AstraZeneca, Pfizer/BioNTech",6536239,6274648,12810887
2021-11-22,"Johnson&Johnson, Moderna, Oxford/AstraZeneca, Pfizer/BioNTech, Čína",6554748,6288763,12843511
2021-11-23,"Johnson&Johnson, Moderna, Oxford/AstraZeneca, Pfizer/BioNTech",6573816,6302030,12875846
2021-11-24,"Johnson&Johnson, Moderna, Oxford/AstraZeneca, Pfizer/BioNTech",6592827,6317883,12910710
2021-11-25,"Johnson&Johnson, Moderna, Oxford/AstraZeneca, Pfizer/BioNTech",6611971,6332930,12944901
2021-11-26,"Johnson&Johnson, Moderna, Oxford/AstraZeneca, Pfizer/BioNTech",6633630,6352072,12985702
2021-11-27,"Johnson&Johnson, Moderna, Oxford/AstraZeneca, Pfizer/BioNTech",6641102,6357629,12998731
2021-11-28,"Johnson&Johnson, Moderna, Oxford/AstraZeneca, Pfizer/BioNTech",6644435,6360769,13005204
2021-11-29,"Johnson&Johnson, Moderna, Oxford/AstraZeneca, Pfizer/BioNTech",6659641,6374432,13034073
2021-11-30,"Johnson&Johnson, Moderna, Oxford/AstraZeneca, Pfizer/BioNTech",6672844,6385665,13058509
2021-12-01,"Johnson&Johnson, Moderna, Oxford/AstraZeneca, Pfizer/BioNTech",6686886,6398125,13085011
2021-12-02,"Johnson&Johnson, Moderna, Oxford/AstraZeneca, Pfizer/BioNTech, Čína",6697529,6410623,13108152
2021-12-03,"Johnson&Johnson, Moderna, Oxford/AstraZeneca, Pfizer/BioNTech",6707169,6426204,13133373
2021-12-04,"Johnson&Johnson, Moderna, Pfizer/BioNTech",6709728,6430162,13139890
2021-12-05,"Johnson&Johnson, Moderna, Oxford/AstraZeneca, Pfizer/BioNTech",6711088,6432506,13143594
2021-12-06,"Johnson&Johnson, Moderna, Oxford/AstraZeneca, Pfizer/BioNTech",6719236,6444034,13163270
2021-12-07,"Johnson&Johnson, Moderna, Oxford/AstraZeneca, Pfizer/BioNTech",6727126,6456048,13183174
2021-12-08,"Johnson&Johnson, Moderna, Oxford/AstraZeneca, Pfizer/BioNTech",6735372,6461978,13197350
2021-12-09,"Johnson&Johnson, Moderna, Oxford/AstraZeneca, Pfizer/BioNTech",6742492,6474801,13217293
2021-12-10,"Johnson&Johnson, Moderna, Oxford/AstraZeneca, Pfizer/BioNTech",6749422,6492613,13242035
2021-12-11,"Johnson&Johnson, Moderna, Oxford/AstraZeneca, Pfizer/BioNTech",6751078,6497880,13248958
2021-12-12,"Johnson&Johnson, Moderna, Oxford/AstraZeneca, Pfizer/BioNTech",6752389,6502317,13254706
2021-12-13,"Johnson&Johnson, Moderna, Oxford/AstraZeneca, Pfizer/BioNTech",6758745,6515629,13274374
2021-12-14,"Johnson&Johnson, Moderna, Oxford/AstraZeneca, Pfizer/BioNTech",6764954,6529300,13294254
2021-12-15,"Johnson&Johnson, Moderna, Oxford/AstraZeneca, Pfizer/BioNTech",6771160,6542897,13314057
2021-12-16,"Johnson&Johnson, Moderna, Oxford/AstraZeneca, Pfizer/BioNTech",6778104,6557733,13335837
2021-12-17,"Johnson&Johnson, Moderna, Oxford/AstraZeneca, Pfizer/BioNTech",6786470,6575003,13361473
2021-12-18,"Johnson&Johnson, Moderna, Oxford/AstraZeneca, Pfizer/BioNTech",6789081,6580460,13369541
2021-12-19,"Johnson&Johnson, Moderna, Pfizer/BioNTech",6790853,6582964,13373817
2021-12-20,"Johnson&Johnson, Moderna, Oxford/AstraZeneca, Pfizer/BioNTech",6796705,6597028,13393733
2021-12-21,"Johnson&Johnson, Moderna, Oxford/AstraZeneca, Pfizer/BioNTech",6803368,6609038,13412406
2021-12-22,"Johnson&Johnson, Moderna, Oxford/AstraZeneca, Pfizer/BioNTech",6808414,6622098,13430512
2021-12-23,"Johnson&Johnson, Moderna, Oxford/AstraZeneca, Pfizer/BioNTech",6811289,6627703,13438992
2021-12-24,"Johnson&Johnson, Moderna, Oxford/AstraZeneca, Pfizer/BioNTech",6811335,6627807,13439142
2021-12-25,"Moderna, Pfizer/BioNTech",6811337,6627815,13439152
2021-12-26,"Moderna, Pfizer/BioNTech",6811439,6628018,13439457
2021-12-27,"Johnson&Johnson, Moderna, Pfizer/BioNTech",6815306,6637765,13453071
2021-12-28,"Johnson&Johnson, Moderna, Oxford/AstraZeneca, Pfizer/BioNTech",6820546,6645763,13466309
2021-12-29,"Johnson&Johnson, Moderna, Oxford/AstraZeneca, Pfizer/BioNTech",6824828,6653485,13478313
2021-12-30,"Johnson&Johnson, Moderna, Pfizer/BioNTech",6829129,6658919,13488048
2021-12-31,"Johnson&Johnson, Moderna, Pfizer/BioNTech",6829640,6660344,13489984
2022-01-01,"Moderna, Pfizer/BioNTech",6829646,6660362,13490008
2022-01-02,"Johnson&Johnson, Moderna, Pfizer/BioNTech",6830502,6661739,13492241
2022-01-03,"Johnson&Johnson, Moderna, Oxford/AstraZeneca, Pfizer/BioNTech",6834638,6670648,13505286
2022-01-04,"Johnson&Johnson, Moderna, Oxford/AstraZeneca, Pfizer/BioNTech",6839721,6678404,13518125
2022-01-05,"Johnson&Johnson, Moderna, Oxford/AstraZeneca, Pfizer/BioNTech",6845543,6686378,13531921
2022-01-06,"Johnson&Johnson, Moderna, Oxford/AstraZeneca, Pfizer/BioNTech",6852130,6694779,13546909
2022-01-07,"Johnson&Johnson, Moderna, Oxford/AstraZeneca, Pfizer/BioNTech",6860007,6705135,13565142
2022-01-08,"Johnson&Johnson, Moderna, Oxford/AstraZeneca, Pfizer/BioNTech",6862485,6707913,13570398
2022-01-09,"Johnson&Johnson, Moderna, Pfizer/BioNTech",6863568,6709609,13573177
2022-01-10,"Johnson&Johnson, Moderna, Oxford/AstraZeneca, Pfizer/BioNTech",6868075,6715802,13583877
2022-01-11,"Johnson&Johnson, Moderna, Oxford/AstraZeneca, Pfizer/BioNTech",6873524,6722561,13596085
2022-01-12,"Johnson&Johnson, Moderna, Oxford/AstraZeneca, Pfizer/BioNTech",6879481,6728204,13607685
2022-01-13,"Johnson&Johnson, Moderna, Oxford/AstraZeneca, Pfizer/BioNTech",6885370,6732979,13618349
2022-01-14,"Johnson&Johnson, Moderna, Oxford/AstraZeneca, Pfizer/BioNTech",6891672,6736610,13628282
2022-01-15,"Johnson&Johnson, Moderna, Oxford/AstraZeneca, Pfizer/BioNTech",6892948,6737266,13630214
2022-01-16,"Johnson&Johnson, Moderna, Oxford/AstraZeneca, Pfizer/BioNTech",6893638,6737703,13631341
2022-01-17,"Johnson&Johnson, Moderna, Oxford/AstraZeneca, Pfizer/BioNTech",6897193,6741659,13638852
2022-01-18,"Johnson&Johnson, Moderna, Oxford/AstraZeneca, Pfizer/BioNTech",6901042,6746612,13647654
2022-01-19,"Johnson&Johnson, Moderna, Oxford/AstraZeneca, Pfizer/BioNTech",6905112,6750543,13655655
2022-01-20,"Johnson&Johnson, Moderna, Oxford/AstraZeneca, Pfizer/BioNTech",6908710,6754998,13663708
2022-01-21,"Johnson&Johnson, Moderna, Oxford/AstraZeneca, Pfizer/BioNTech",6912708,6757526,13670234
2022-01-22,"Johnson&Johnson, Moderna, Pfizer/BioNTech",6913487,6757967,13671454
2022-01-23,"Johnson&Johnson, Moderna, Pfizer/BioNTech",6914048,6758601,13672649
2022-01-24,"Johnson&Johnson, Moderna, Oxford/AstraZeneca, Pfizer/BioNTech",6916320,6762037,13678357
2022-01-25,"Johnson&Johnson, Moderna, Oxford/AstraZeneca, Pfizer/BioNTech",6918678,6766031,13684709
2022-01-26,"Johnson&Johnson, Moderna, Oxford/AstraZeneca, Pfizer/BioNTech",6921062,6770600,13691662
2022-01-27,"Johnson&Johnson, Moderna, Oxford/AstraZeneca, Pfizer/BioNTech",6923384,6775411,13698795
2022-01-28,"Johnson&Johnson, Moderna, Oxford/AstraZeneca, Pfizer/BioNTech",6926302,6781578,13707880
2022-01-29,"Johnson&Johnson, Moderna, Oxford/AstraZeneca, Pfizer/BioNTech",6926904,6783229,13710133
2022-01-30,"Johnson&Johnson, Moderna, Pfizer/BioNTech",6927131,6784011,13711142
2022-01-31,"Johnson&Johnson, Moderna, Pfizer/BioNTech",6928672,6787938,13716610
2022-02-01,"Johnson&Johnson, Moderna, Pfizer/BioNTech",6930266,6791970,13722236
2022-02-02,"Johnson&Johnson, Moderna, Oxford/AstraZeneca, Pfizer/BioNTech",6931831,6796482,13728313
2022-02-03,"Johnson&Johnson, Moderna, Pfizer/BioNTech",6933211,6800967,13734178
2022-02-04,"Johnson&Johnson, Moderna, Pfizer/BioNTech",6934812,6806082,13740894
2022-02-05,"Johnson&Johnson, Moderna, Pfizer/BioNTech",6934985,6806692,13741677
2022-02-06,"Johnson&Johnson, Moderna, Pfizer/BioNTech",6935081,6807011,13742092
2022-02-07,"Johnson&Johnson, Moderna, Pfizer/BioNTech",6935784,6810220,13746004
2022-02-08,"Johnson&Johnson, Moderna, Pfizer/BioNTech",6936579,6813409,13749988
2022-02-09,"Johnson&Johnson, Moderna, Pfizer/BioNTech",6937401,6816783,13754184
2022-02-10,"Johnson&Johnson, Moderna, Pfizer/BioNTech",6938205,6819915,13758120
2022-02-11,"Johnson&Johnson, Moderna, Pfizer/BioNTech",6939159,6823830,13762989
2022-02-12,"Johnson&Johnson, Moderna, Pfizer/BioNTech",6939269,6824249,13763518
2022-02-13,"Johnson&Johnson, Moderna, Pfizer/BioNTech",6939306,6824687,13763993
2022-02-14,"Johnson&Johnson, Moderna, Pfizer/BioNTech",6939764,6826799,13766563
2022-02-15,"Johnson&Johnson, Moderna, Pfizer/BioNTech",6940317,6829009,13769326
2022-02-16,"Johnson&Johnson, Moderna, Pfizer/BioNTech",6940908,6831108,13772016
2022-02-17,"Johnson&Johnson, Moderna, Pfizer/BioNTech",6941503,6833450,13774953
2022-02-18,"Johnson&Johnson, Moderna, Oxford/AstraZeneca, Pfizer/BioNTech",6942145,6836503,13778648
2022-02-19,"Johnson&Johnson, Moderna, Pfizer/BioNTech",6942225,6836784,13779009
2022-02-20,"Johnson&Johnson, Moderna, Oxford/AstraZeneca, Pfizer/BioNTech",6942263,6836933,13779196
2022-02-21,"Johnson&Johnson, Moderna, Pfizer/BioNTech",6942627,6838633,13781260
2022-02-22,"Johnson&Johnson, Moderna, Oxford/AstraZeneca, Pfizer/BioNTech",6943020,6840331,13783351
2022-02-23,"Johnson&Johnson, Moderna, Pfizer/BioNTech",6943477,6841974,13785451
2022-02-24,"Johnson&Johnson, Moderna, Pfizer/BioNTech",6943885,6843605,13787490
2022-02-25,"Johnson&Johnson, Moderna, Pfizer/BioNTech",6944468,6845690,13790158
2022-02-26,"Johnson&Johnson, Moderna, Pfizer/BioNTech",6944529,6845851,13790380
2022-02-27,"Johnson&Johnson, Moderna, Pfizer/BioNTech",6944559,6845927,13790486
2022-02-28,"Johnson&Johnson, Moderna, Pfizer/BioNTech",6944805,6846903,13791708
2022-03-01,"Johnson&Johnson, Moderna, Pfizer/BioNTech",6945112,6847687,13792799
2022-03-02,"Johnson&Johnson, Moderna, Novavax, Pfizer/BioNTech",6945485,6848595,13794080
2022-03-03,"Johnson&Johnson, Moderna, Novavax, Pfizer/BioNTech",6945822,6849538,13795360
2022-03-04,"Johnson&Johnson, Moderna, Novavax, Pfizer/BioNTech",6946454,6850759,13797213
2022-03-05,"Johnson&Johnson, Moderna, Novavax, Pfizer/BioNTech",6946535,6850852,13797387
2022-03-06,"Moderna, Novavax, Pfizer/BioNTech",6946548,6850870,13797418
2022-03-07,"Johnson&Johnson, Moderna, Novavax, Pfizer/BioNTech",6946883,6851428,13798311
2022-03-08,"Johnson&Johnson, Moderna, Novavax, Pfizer/BioNTech",6947218,6851970,13799188
2022-03-09,"Johnson&Johnson, Moderna, Novavax, Pfizer/BioNTech",6947607,6852559,13800166
2022-03-10,"Johnson&Johnson, Moderna, Novavax, Pfizer/BioNTech",6948019,6853232,13801251
2022-03-11,"Johnson&Johnson, Moderna, Novavax, Pfizer/BioNTech",6948768,6854142,13802910
2022-03-12,"Johnson&Johnson, Moderna, Novavax, Pfizer/BioNTech",6948839,6854247,13803086
2022-03-13,"Johnson&Johnson, Moderna, Novavax, Pfizer/BioNTech",6948852,6854266,13803118
2022-03-14,"Johnson&Johnson, Moderna, Novavax, Pfizer/BioNTech",6949119,6854649,13803768
2022-03-15,"Johnson&Johnson, Moderna, Novavax, Pfizer/BioNTech",6949403,6855085,13804488
2022-03-16,"Johnson&Johnson, Moderna, Novavax, Pfizer/BioNTech",6949722,6855628,13805350
2022-03-17,"Johnson&Johnson, Moderna, Novavax, Oxford/AstraZeneca, Pfizer/BioNTech",6950018,6856060,13806078
2022-03-18,"Johnson&Johnson, Moderna, Novavax, Pfizer/BioNTech",6950715,6856855,13807570
2022-03-19,"Moderna, Novavax, Pfizer/BioNTech",6950771,6856900,13807671
2022-03-20,"Moderna, Novavax, Pfizer/BioNTech",6950789,6856912,13807701
2022-03-21,"Johnson&Johnson, Moderna, Novavax, Pfizer/BioNTech",6950977,6857239,13808216
2022-03-22,"Johnson&Johnson, Moderna, Novavax, Pfizer/BioNTech",6951218,6857638,13808856
2022-03-23,"Johnson&Johnson, Moderna, Novavax, Pfizer/BioNTech",6951555,6858077,13809632
2022-03-24,"Johnson&Johnson, Moderna, Novavax, Pfizer/BioNTech",6951866,6858550,13810416
2022-03-25,"Johnson&Johnson, Moderna, Novavax, Pfizer/BioNTech",6952361,6859359,13811720
2022-03-26,"Johnson&Johnson, Moderna, Novavax, Pfizer/BioNTech",6952413,6859437,13811850
2022-03-27,"Moderna, Novavax, Pfizer/BioNTech",6952429,6859454,13811883
2022-03-28,"Johnson&Johnson, Moderna, Novavax, Pfizer/BioNTech",6952583,6859832,13812415
2022-03-29,"Johnson&Johnson, Moderna, Novavax, Pfizer/BioNTech",6952845,6860238,13813083
2022-03-30,"Johnson&Johnson, Moderna, Novavax, Pfizer/BioNTech",6953150,6860731,13813881
2022-03-31,"Johnson&Johnson, Moderna, Novavax, Pfizer/BioNTech",6953448,6861223,13814671
2022-04-01,"Johnson&Johnson, Moderna, Novavax, Pfizer/BioNTech",6954059,6861983,13816042
2022-04-02,"Moderna, Novavax, Pfizer/BioNTech",6954116,6862068,13816184
2022-04-03,"Moderna, Novavax, Pfizer/BioNTech",6954129,6862097,13816226
2022-04-04,"Johnson&Johnson, Moderna, Novavax, Pfizer/BioNTech",6954306,6862379,13816685
2022-04-05,"Johnson&Johnson, Moderna, Novavax, Pfizer/BioNTech",6954497,6862615,13817112
2022-04-06,"Johnson&Johnson, Moderna, Novavax, Pfizer/BioNTech",6954714,6862961,13817675
2022-04-07,"Johnson&Johnson, Moderna, Novavax, Pfizer/BioNTech",6954938,6863379,13818317
2022-04-08,"Johnson&Johnson, Moderna, Novavax, Pfizer/BioNTech",6955392,6864102,13819494
2022-04-09,"Johnson&Johnson, Moderna, Novavax, Pfizer/BioNTech",6955452,6864174,13819626
2022-04-10,"Moderna, Novavax, Pfizer/BioNTech",6955465,6864183,13819648
2022-04-11,"Johnson&Johnson, Moderna, Novavax, Pfizer/BioNTech",6955627,6864414,13820041
2022-04-12,"Johnson&Johnson, Moderna, Novavax, Pfizer/BioNTech",6955874,6864712,13820586
2022-04-13,"Johnson&Johnson, Moderna, Novavax, Pfizer/BioNTech",6956115,6865066,13821181
2022-04-14,"Johnson&Johnson, Moderna, Novavax, Pfizer/BioNTech",6956377,6865451,13821828
2022-04-15,"Moderna, Novavax, Pfizer/BioNTech",6956393,6865482,13821875
2022-04-16,"Johnson&Johnson, Moderna, Novavax, Pfizer/BioNTech",6956413,6865516,13821929
2022-04-17,"Moderna, Novavax, Pfizer/BioNTech",6956414,6865517,13821931
2022-04-18,"Moderna, Novavax, Pfizer/BioNTech",6956428,6865534,13821962
2022-04-19,"Johnson&Johnson, Moderna, Novavax, Pfizer/BioNTech",6956567,6865872,13822439
2022-04-20,"Johnson&Johnson, Moderna, Novavax, Pfizer/BioNTech",6956790,6866262,13823052
2022-04-21,"Johnson&Johnson, Moderna, Novavax, Pfizer/BioNTech",6957007,6866686,13823693
2022-04-22,"Johnson&Johnson, Moderna, Novavax, Pfizer/BioNTech",6957471,6867513,13824984
2022-04-23,"Moderna, Novavax, Pfizer/BioNTech",6957502,6867592,13825094
2022-04-24,"Moderna, Novavax, Pfizer/BioNTech",6957507,6867603,13825110
2022-04-25,"Johnson&Johnson, Moderna, Novavax, Pfizer/BioNTech",6957663,6867811,13825474
2022-04-26,"Johnson&Johnson, Moderna, Novavax, Pfizer/BioNTech",6957803,6868075,13825878
2022-04-27,"Johnson&Johnson, Moderna, Novavax, Pfizer/BioNTech",6958070,6868405,13826475
2022-04-28,"Johnson&Johnson, Moderna, Novavax, Pfizer/BioNTech",6958264,6868695,13826959
2022-04-29,"Johnson&Johnson, Moderna, Novavax, Pfizer/BioNTech",6958699,6869284,13827983
2022-04-30,"Moderna, Novavax, Pfizer/BioNTech",6958740,6869351,13828091
2022-05-01,"Moderna, Novavax, Oxford/AstraZeneca, Pfizer/BioNTech",6958745,6869361,13828106
2022-05-02,"Johnson&Johnson, Moderna, Novavax, Pfizer/BioNTech",6958885,6869543,13828428
2022-05-03,"Johnson&Johnson, Moderna, Novavax, Pfizer/BioNTech",6959042,6869799,13828841
2022-05-04,"Johnson&Johnson, Moderna, Novavax, Pfizer/BioNTech",6959248,6870074,13829322
2022-05-05,"Johnson&Johnson, Moderna, Novavax, Pfizer/BioNTech",6959455,6870364,13829819
2022-05-06,"Johnson&Johnson, Moderna, Novavax, Pfizer/BioNTech",6959832,6870706,13830538
2022-05-07,"Moderna, Novavax, Pfizer/BioNTech",6959859,6870732,13830591
2022-05-08,"Moderna, Pfizer/BioNTech",6959860,6870740,13830600
2022-05-09,"Johnson&Johnson, Moderna, Novavax, Pfizer/BioNTech",6959968,6870830,13830798
2022-05-10,"Johnson&Johnson, Moderna, Novavax, Pfizer/BioNTech",6960123,6871067,13831190
2022-05-11,"Johnson&Johnson, Moderna, Novavax, Oxford/AstraZeneca, Pfizer/BioNTech",6960344,6871334,13831678
2022-05-12,"Johnson&Johnson, Moderna, Novavax, Pfizer/BioNTech",6960547,6871611,13832158
2022-05-13,"Johnson&Johnson, Moderna, Novavax, Pfizer/BioNTech",6960892,6872110,13833002
2022-05-14,"Johnson&Johnson, Moderna, Novavax, Pfizer/BioNTech",6960933,6872150,13833083
2022-05-15,"Johnson&Johnson, Moderna, Novavax, Pfizer/BioNTech",6960948,6872161,13833109
2022-05-16,"Johnson&Johnson, Moderna, Novavax, Pfizer/BioNTech",6961058,6872281,13833339
2022-05-17,"Johnson&Johnson, Moderna, Novavax, Pfizer/BioNTech",6961200,6872436,13833636
2022-05-18,"Johnson&Johnson, Moderna, Novavax, Pfizer/BioNTech",6961435,6872767,13834202
2022-05-19,"Johnson&Johnson, Moderna, Novavax, Pfizer/BioNTech",6961628,6873018,13834646
2022-05-20,"Johnson&Johnson, Moderna, Novavax, Pfizer/BioNTech",6961929,6873572,13835501
2022-05-21,"Johnson&Johnson, Moderna, Novavax, Pfizer/BioNTech",6961968,6873601,13835569
2022-05-22,"Moderna, Pfizer/BioNTech",6961977,6873608,13835585
2022-05-23,"Johnson&Johnson, Moderna, Novavax, Pfizer/BioNTech",6962099,6873763,13835862
2022-05-24,"Johnson&Johnson, Moderna, Novavax, Pfizer/BioNTech",6962231,6873936,13836167
2022-05-25,"Johnson&Johnson, Moderna, Novavax, Oxford/AstraZeneca, Pfizer/BioNTech",6962406,6874185,13836591
2022-05-26,"Johnson&Johnson, Moderna, Novavax, Pfizer/BioNTech",6962558,6874410,13836968
2022-05-27,"Johnson&Johnson, Moderna, Novavax, Pfizer/BioNTech",6962828,6874876,13837704
2022-05-28,"Moderna, Novavax, Pfizer/BioNTech",6962866,6874925,13837791
2022-05-29,"Moderna, Novavax, Pfizer/BioNTech",6962875,6874929,13837804
2022-05-30,"Johnson&Johnson, Moderna, Novavax, Pfizer/BioNTech",6962965,6875088,13838053
2022-05-31,"Johnson&Johnson, Moderna, Novavax, Pfizer/BioNTech",6963114,6875284,13838398
2022-06-01,"Johnson&Johnson, Moderna, Novavax, Pfizer/BioNTech",6963252,6875514,13838766
2022-06-02,"Moderna, Novavax, Pfizer/BioNTech",6963382,6875754,13839136
2022-06-03,"Johnson&Johnson, Moderna, Novavax, Pfizer/BioNTech",6963641,6876214,13839855
2022-06-04,"Johnson&Johnson, Moderna, Novavax, Pfizer/BioNTech",6963674,6876254,13839928
2022-06-05,"Moderna, Novavax, Pfizer/BioNTech",6963681,6876260,13839941
2022-06-06,"Johnson&Johnson, Moderna, Novavax, Pfizer/BioNTech",6963769,6876403,13840172
2022-06-07,"Johnson&Johnson, Moderna, Novavax, Pfizer/BioNTech",6963854,6876562,13840416
2022-06-08,"Johnson&Johnson, Moderna, Novavax, Pfizer/BioNTech",6963989,6876810,13840799
2022-06-09,"Johnson&Johnson, Moderna, Novavax, Pfizer/BioNTech",6964084,6877012,13841096
2022-06-10,"Johnson&Johnson, Moderna, Novavax, Pfizer/BioNTech",6964263,6877347,13841610
2022-06-11,"Moderna, Novavax, Pfizer/BioNTech",6964277,6877386,13841663
2022-06-12,"Moderna, Novavax, Pfizer/BioNTech",6964283,6877409,13841692
2022-06-13,"Johnson&Johnson, Moderna, Novavax, Oxford/AstraZeneca, Pfizer/BioNTech",6964335,6877532,13841867
2022-06-14,"Johnson&Johnson, Moderna, Novavax, Pfizer/BioNTech",6964415,6877680,13842095
2022-06-15,"Johnson&Johnson, Moderna, Novavax, Pfizer/BioNTech",6964490,6877875,13842365
2022-06-16,"Johnson&Johnson, Moderna, Novavax, Pfizer/BioNTech",6964555,6878052,13842607
2022-06-17,"Johnson&Johnson, Moderna, Novavax, Pfizer/BioNTech",6964707,6878339,13843046
2022-06-18,"Moderna, Novavax, Pfizer/BioNTech",6964720,6878378,13843098
2022-06-19,"Moderna, Pfizer/BioNTech",6964723,6878386,13843109
2022-06-20,"Johnson&Johnson, Moderna, Novavax, Pfizer/BioNTech",6964786,6878507,13843293
2022-06-21,"Johnson&Johnson, Moderna, Novavax, Pfizer/BioNTech",6964849,6878633,13843482
2022-06-22,"Johnson&Johnson, Moderna, Novavax, Pfizer/BioNTech",6964942,6878810,13843752
2022-06-23,"Johnson&Johnson, Moderna, Novavax, Pfizer/BioNTech",6965003,6878978,13843981
2022-06-24,"Johnson&Johnson, Moderna, Novavax, Pfizer/BioNTech",6965158,6879326,13844484
2022-06-25,"Moderna, Novavax, Pfizer/BioNTech",6965178,6879378,13844556
2022-06-26,"Moderna, Pfizer/BioNTech",6965179,6879388,13844567
2022-06-27,"Johnson&Johnson, Moderna, Novavax, Pfizer/BioNTech",6965245,6879503,13844748
2022-06-28,"Johnson&Johnson, Moderna, Novavax, Pfizer/BioNTech",6965316,6879623,13844939
2022-06-29,"Johnson&Johnson, Moderna, Novavax, Pfizer/BioNTech",6965437,6879807,13845244
2022-06-30,"Johnson&Johnson, Moderna, Novavax, Pfizer/BioNTech",6965522,6879955,13845477
2022-07-01,"Johnson&Johnson, Moderna, Novavax, Pfizer/BioNTech",6965687,6880198,13845885
2022-07-02,"Moderna, Novavax, Pfizer/BioNTech",6965700,6880205,13845905
2022-07-03,"Moderna, Pfizer/BioNTech",6965703,6880214,13845917
2022-07-04,"Johnson&Johnson, Moderna, Novavax, Pfizer/BioNTech",6965767,6880275,13846042
2022-07-05,"Novavax, Pfizer/BioNTech",6965768,6880276,13846044
2022-07-06,"Moderna, Pfizer/BioNTech",6965770,6880281,13846051
2022-07-07,"Johnson&Johnson, Moderna, Novavax, Pfizer/BioNTech",6965860,6880371,13846231
