date,vaccine,people_vaccinated,people_fully_vaccinated,total_vaccinations
2020-12-27,Pfizer/BioNTech,1283,0,1283
2020-12-28,Pfizer/BioNTech,3589,0,3589
2020-12-29,Pfizer/BioNTech,7057,1,7058
2020-12-30,Pfizer/BioNTech,10577,1,10578
2020-12-31,Pfizer/BioNTech,11889,1,11890
2021-01-01,"Moderna, Pfizer/BioNTech",12158,1,12159
2021-01-02,Pfizer/BioNTech,13438,1,13439
2021-01-03,"Moderna, Pfizer/BioNTech",14362,1,14363
2021-01-04,"Moderna, Pfizer/BioNTech",17975,1,17976
2021-01-05,"Moderna, Pfizer/BioNTech",22499,2,22501
2021-01-06,"Moderna, Pfizer/BioNTech",28347,3,28350
2021-01-07,"Moderna, Pfizer/BioNTech",36347,3,36350
2021-01-08,"Moderna, Pfizer/BioNTech",46398,4,46402
2021-01-09,"Moderna, Pfizer/BioNTech",48425,5,48430
2021-01-10,Pfizer/BioNTech,50193,6,50199
2021-01-11,Pfizer/BioNTech,60047,8,60055
2021-01-12,"Moderna, Pfizer/BioNTech",73502,10,73512
2021-01-13,Pfizer/BioNTech,87044,10,87054
2021-01-14,"Moderna, Pfizer/BioNTech",102291,14,102305
2021-01-15,"Moderna, Pfizer/BioNTech",116309,15,116324
2021-01-16,"Moderna, Pfizer/BioNTech",119712,19,119731
2021-01-17,"Moderna, Pfizer/BioNTech",122329,655,122984
2021-01-18,"Moderna, Pfizer/BioNTech",134819,2481,137300
2021-01-19,"Moderna, Pfizer/BioNTech",147424,5207,152631
2021-01-20,"Moderna, Pfizer/BioNTech",161114,7870,168984
2021-01-21,"Moderna, Pfizer/BioNTech",176766,9616,186382
2021-01-22,"Moderna, Pfizer/BioNTech",191651,10662,202313
2021-01-23,"Moderna, Pfizer/BioNTech",194972,11542,206514
2021-01-24,"Moderna, Pfizer/BioNTech",197227,12411,209638
2021-01-25,"Moderna, Pfizer/BioNTech",206873,15385,222258
2021-01-26,"Moderna, Pfizer/BioNTech",217414,19380,236794
2021-01-27,"Moderna, Pfizer/BioNTech",226442,23918,250360
2021-01-28,"Moderna, Pfizer/BioNTech",233543,30054,263597
2021-01-29,"Moderna, Pfizer/BioNTech",239759,37965,277724
2021-01-30,"Moderna, Pfizer/BioNTech",240498,39053,279551
2021-01-31,"Moderna, Pfizer/BioNTech",241213,40235,281448
2021-02-01,"Moderna, Pfizer/BioNTech",245193,48197,293390
2021-02-02,"Moderna, Pfizer/BioNTech",249340,58433,307773
2021-02-03,"Moderna, Pfizer/BioNTech",253763,69451,323214
2021-02-04,"Moderna, Pfizer/BioNTech",258662,82442,341104
2021-02-05,"Moderna, Pfizer/BioNTech",264130,93116,357246
2021-02-06,"Moderna, Oxford/AstraZeneca, Pfizer/BioNTech",264982,95484,360466
2021-02-07,"Moderna, Pfizer/BioNTech",265832,97985,363817
2021-02-08,"Moderna, Oxford/AstraZeneca, Pfizer/BioNTech",269918,109416,379334
2021-02-09,"Moderna, Oxford/AstraZeneca, Pfizer/BioNTech",275017,121328,396345
2021-02-10,"Moderna, Oxford/AstraZeneca, Pfizer/BioNTech",280527,134588,415115
2021-02-11,"Moderna, Oxford/AstraZeneca, Pfizer/BioNTech",286864,150802,437666
2021-02-12,"Moderna, Oxford/AstraZeneca, Pfizer/BioNTech",293688,165542,459230
2021-02-13,"Moderna, Oxford/AstraZeneca, Pfizer/BioNTech",295299,168531,463830
2021-02-14,"Moderna, Oxford/AstraZeneca, Pfizer/BioNTech",296301,169915,466216
2021-02-15,"Moderna, Oxford/AstraZeneca, Pfizer/BioNTech",302699,179281,481980
2021-02-16,"Moderna, Oxford/AstraZeneca, Pfizer/BioNTech",311417,188364,499781
2021-02-17,"Moderna, Oxford/AstraZeneca, Pfizer/BioNTech",321115,196670,517785
2021-02-18,"Moderna, Oxford/AstraZeneca, Pfizer/BioNTech",333434,204753,538187
2021-02-19,"Moderna, Oxford/AstraZeneca, Pfizer/BioNTech",345293,212126,557419
2021-02-20,"Moderna, Oxford/AstraZeneca, Pfizer/BioNTech",347294,213311,560605
2021-02-21,"Moderna, Oxford/AstraZeneca, Pfizer/BioNTech",348428,214335,562763
2021-02-22,"Moderna, Oxford/AstraZeneca, Pfizer/BioNTech",358552,220368,578920
2021-02-23,"Moderna, Oxford/AstraZeneca, Pfizer/BioNTech",371508,227351,598859
2021-02-24,"Moderna, Oxford/AstraZeneca, Pfizer/BioNTech",385384,233387,618771
2021-02-25,"Moderna, Oxford/AstraZeneca, Pfizer/BioNTech",403355,238938,642293
2021-02-26,"Moderna, Oxford/AstraZeneca, Pfizer/BioNTech",419525,244290,663815
2021-02-27,"Moderna, Oxford/AstraZeneca, Pfizer/BioNTech",422534,244847,667381
2021-02-28,"Moderna, Oxford/AstraZeneca, Pfizer/BioNTech",424884,245398,670282
2021-03-01,"Moderna, Oxford/AstraZeneca, Pfizer/BioNTech",444475,248847,693322
2021-03-02,"Moderna, Oxford/AstraZeneca, Pfizer/BioNTech",471701,252396,724097
2021-03-03,"Moderna, Oxford/AstraZeneca, Pfizer/BioNTech",502647,256901,759548
2021-03-04,"Moderna, Oxford/AstraZeneca, Pfizer/BioNTech",535933,261586,797519
2021-03-05,"Johnson&Johnson, Moderna, Oxford/AstraZeneca, Pfizer/BioNTech",564774,267008,831782
2021-03-06,"Johnson&Johnson, Moderna, Oxford/AstraZeneca, Pfizer/BioNTech",576922,267869,844791
2021-03-07,"Johnson&Johnson, Moderna, Oxford/AstraZeneca, Pfizer/BioNTech",588464,268710,857174
2021-03-08,"Johnson&Johnson, Moderna, Oxford/AstraZeneca, Pfizer/BioNTech",618211,273564,891775
2021-03-09,"Johnson&Johnson, Moderna, Oxford/AstraZeneca, Pfizer/BioNTech",654568,279946,934514
2021-03-10,"Johnson&Johnson, Moderna, Oxford/AstraZeneca, Pfizer/BioNTech",695884,286902,982786
2021-03-11,"Johnson&Johnson, Moderna, Oxford/AstraZeneca, Pfizer/BioNTech",740715,295274,1035989
2021-03-12,"Johnson&Johnson, Moderna, Oxford/AstraZeneca, Pfizer/BioNTech",779486,303767,1083253
2021-03-13,"Johnson&Johnson, Moderna, Oxford/AstraZeneca, Pfizer/BioNTech",796574,305076,1101650
2021-03-14,"Johnson&Johnson, Moderna, Oxford/AstraZeneca, Pfizer/BioNTech",808692,306230,1114922
2021-03-15,"Johnson&Johnson, Moderna, Oxford/AstraZeneca, Pfizer/BioNTech",837076,315006,1152082
2021-03-16,"Johnson&Johnson, Moderna, Oxford/AstraZeneca, Pfizer/BioNTech",875967,325543,1201510
2021-03-17,"Moderna, Oxford/AstraZeneca, Pfizer/BioNTech",913439,336050,1249489
2021-03-18,"Johnson&Johnson, Moderna, Oxford/AstraZeneca, Pfizer/BioNTech",951424,348462,1299886
2021-03-19,"Moderna, Oxford/AstraZeneca, Pfizer/BioNTech",985916,362073,1347989
2021-03-20,"Johnson&Johnson, Moderna, Oxford/AstraZeneca, Pfizer/BioNTech",1001070,364103,1365173
2021-03-21,"Johnson&Johnson, Moderna, Oxford/AstraZeneca, Pfizer/BioNTech",1008495,365661,1374156
2021-03-22,"Johnson&Johnson, Moderna, Oxford/AstraZeneca, Pfizer/BioNTech",1033071,378164,1411235
2021-03-23,"Johnson&Johnson, Moderna, Oxford/AstraZeneca, Pfizer/BioNTech",1059733,391519,1451252
2021-03-24,"Johnson&Johnson, Moderna, Oxford/AstraZeneca, Pfizer/BioNTech",1086604,407261,1493865
2021-03-25,"Moderna, Oxford/AstraZeneca, Pfizer/BioNTech",1112948,425113,1538061
2021-03-26,"Johnson&Johnson, Moderna, Oxford/AstraZeneca, Pfizer/BioNTech",1137767,442616,1580383
2021-03-27,"Johnson&Johnson, Moderna, Oxford/AstraZeneca, Pfizer/BioNTech",1146209,447461,1593670
2021-03-28,"Moderna, Oxford/AstraZeneca, Pfizer/BioNTech",1151751,451606,1603357
2021-03-29,"Johnson&Johnson, Moderna, Oxford/AstraZeneca, Pfizer/BioNTech",1170884,472341,1643225
2021-03-30,"Johnson&Johnson, Moderna, Oxford/AstraZeneca, Pfizer/BioNTech",1195573,494522,1690095
2021-03-31,"Johnson&Johnson, Moderna, Oxford/AstraZeneca, Pfizer/BioNTech",1218698,521586,1740284
2021-04-01,"Johnson&Johnson, Moderna, Oxford/AstraZeneca, Pfizer/BioNTech",1244347,553639,1797986
2021-04-02,"Johnson&Johnson, Moderna, Oxford/AstraZeneca, Pfizer/BioNTech",1251276,566429,1817705
2021-04-03,"Johnson&Johnson, Moderna, Oxford/AstraZeneca, Pfizer/BioNTech",1254902,577356,1832258
2021-04-04,"Johnson&Johnson, Moderna, Oxford/AstraZeneca, Pfizer/BioNTech",1257419,586277,1843696
2021-04-05,"Johnson&Johnson, Moderna, Oxford/AstraZeneca, Pfizer/BioNTech",1259831,593467,1853298
2021-04-06,"Johnson&Johnson, Moderna, Oxford/AstraZeneca, Pfizer/BioNTech",1275998,622725,1898723
2021-04-07,"Johnson&Johnson, Moderna, Oxford/AstraZeneca, Pfizer/BioNTech",1299438,644957,1944395
2021-04-08,"Johnson&Johnson, Moderna, Oxford/AstraZeneca, Pfizer/BioNTech",1338195,675981,2014176
2021-04-09,"Johnson&Johnson, Moderna, Oxford/AstraZeneca, Pfizer/BioNTech",1377761,706168,2083929
2021-04-10,"Johnson&Johnson, Moderna, Oxford/AstraZeneca, Pfizer/BioNTech",1393285,721462,2114747
2021-04-11,"Johnson&Johnson, Moderna, Oxford/AstraZeneca, Pfizer/BioNTech",1403073,731507,2134580
2021-04-12,"Johnson&Johnson, Moderna, Oxford/AstraZeneca, Pfizer/BioNTech",1441364,756650,2198014
2021-04-13,"Moderna, Oxford/AstraZeneca, Pfizer/BioNTech",1477635,782686,2260321
2021-04-14,"Moderna, Oxford/AstraZeneca, Pfizer/BioNTech",1516475,810049,2326524
2021-04-15,"Moderna, Oxford/AstraZeneca, Pfizer/BioNTech",1564288,835810,2400098
2021-04-16,"Moderna, Oxford/AstraZeneca, Pfizer/BioNTech",1608965,861469,2470434
2021-04-17,"Moderna, Oxford/AstraZeneca, Pfizer/BioNTech",1625661,870495,2496156
2021-04-18,"Moderna, Oxford/AstraZeneca, Pfizer/BioNTech",1638651,875476,2514127
2021-04-19,"Moderna, Oxford/AstraZeneca, Pfizer/BioNTech",1682614,890911,2573525
2021-04-20,"Johnson&Johnson, Moderna, Oxford/AstraZeneca, Pfizer/BioNTech",1725192,906775,2631967
2021-04-21,"Moderna, Oxford/AstraZeneca, Pfizer/BioNTech",1772933,921126,2694059
2021-04-22,"Johnson&Johnson, Moderna, Oxford/AstraZeneca, Pfizer/BioNTech",1827439,938514,2765953
2021-04-23,"Johnson&Johnson, Moderna, Oxford/AstraZeneca, Pfizer/BioNTech",1877430,950565,2827995
2021-04-24,"Johnson&Johnson, Moderna, Oxford/AstraZeneca, Pfizer/BioNTech",1895285,955816,2851101
2021-04-25,"Johnson&Johnson, Moderna, Oxford/AstraZeneca, Pfizer/BioNTech",1909983,959813,2869796
2021-04-26,"Johnson&Johnson, Moderna, Oxford/AstraZeneca, Pfizer/BioNTech",1959571,967365,2926936
2021-04-27,"Johnson&Johnson, Moderna, Oxford/AstraZeneca, Pfizer/BioNTech",2008553,979598,2988151
2021-04-28,"Johnson&Johnson, Moderna, Oxford/AstraZeneca, Pfizer/BioNTech",2067325,993605,3060930
2021-04-29,"Johnson&Johnson, Moderna, Oxford/AstraZeneca, Pfizer/BioNTech",2132901,1009506,3142407
2021-04-30,"Johnson&Johnson, Moderna, Oxford/AstraZeneca, Pfizer/BioNTech",2195153,1019484,3214637
2021-05-01,"Johnson&Johnson, Moderna, Oxford/AstraZeneca, Pfizer/BioNTech",2214504,1022937,3237441
2021-05-02,"Johnson&Johnson, Moderna, Oxford/AstraZeneca, Pfizer/BioNTech",2233436,1025210,3258646
2021-05-03,"Johnson&Johnson, Moderna, Oxford/AstraZeneca, Pfizer/BioNTech",2300690,1030274,3330964
2021-05-04,"Johnson&Johnson, Moderna, Oxford/AstraZeneca, Pfizer/BioNTech",2367206,1038616,3405822
2021-05-05,"Johnson&Johnson, Moderna, Oxford/AstraZeneca, Pfizer/BioNTech",2440383,1048027,3488410
2021-05-06,"Johnson&Johnson, Moderna, Oxford/AstraZeneca, Pfizer/BioNTech",2520797,1058759,3579556
2021-05-07,"Johnson&Johnson, Moderna, Oxford/AstraZeneca, Pfizer/BioNTech",2598078,1068842,3666920
2021-05-08,"Johnson&Johnson, Moderna, Oxford/AstraZeneca, Pfizer/BioNTech",2627548,1070616,3698164
2021-05-09,"Johnson&Johnson, Moderna, Oxford/AstraZeneca, Pfizer/BioNTech",2651763,1071829,3723592
2021-05-10,"Johnson&Johnson, Moderna, Oxford/AstraZeneca, Pfizer/BioNTech",2724548,1079057,3803605
2021-05-11,"Johnson&Johnson, Moderna, Oxford/AstraZeneca, Pfizer/BioNTech",2800661,1087875,3888536
2021-05-12,"Johnson&Johnson, Moderna, Oxford/AstraZeneca, Pfizer/BioNTech",2880542,1096990,3977532
2021-05-13,"Johnson&Johnson, Moderna, Oxford/AstraZeneca, Pfizer/BioNTech",2964564,1106154,4070718
2021-05-14,"Johnson&Johnson, Moderna, Oxford/AstraZeneca, Pfizer/BioNTech",3044041,1113951,4157992
2021-05-15,"Johnson&Johnson, Moderna, Oxford/AstraZeneca, Pfizer/BioNTech",3075958,1116205,4192163
2021-05-16,"Johnson&Johnson, Moderna, Oxford/AstraZeneca, Pfizer/BioNTech",3101743,1117476,4219219
2021-05-17,"Johnson&Johnson, Moderna, Oxford/AstraZeneca, Pfizer/BioNTech",3174270,1124210,4298480
2021-05-18,"Johnson&Johnson, Moderna, Oxford/AstraZeneca, Pfizer/BioNTech",3246222,1137291,4383513
2021-05-19,"Johnson&Johnson, Moderna, Oxford/AstraZeneca, Pfizer/BioNTech",3323689,1152429,4476118
2021-05-20,"Johnson&Johnson, Moderna, Oxford/AstraZeneca, Pfizer/BioNTech",3399157,1179466,4578623
2021-05-21,"Johnson&Johnson, Moderna, Oxford/AstraZeneca, Pfizer/BioNTech",3467945,1207236,4675181
2021-05-22,"Johnson&Johnson, Moderna, Oxford/AstraZeneca, Pfizer/BioNTech",3500344,1218431,4718775
2021-05-23,"Johnson&Johnson, Moderna, Oxford/AstraZeneca, Pfizer/BioNTech",3522725,1227466,4750191
2021-05-24,"Johnson&Johnson, Moderna, Oxford/AstraZeneca, Pfizer/BioNTech",3569868,1261125,4830993
2021-05-25,"Johnson&Johnson, Moderna, Oxford/AstraZeneca, Pfizer/BioNTech",3621731,1296938,4918669
2021-05-26,"Johnson&Johnson, Moderna, Oxford/AstraZeneca, Pfizer/BioNTech",3689492,1334469,5023961
2021-05-27,"Johnson&Johnson, Moderna, Oxford/AstraZeneca, Pfizer/BioNTech",3750885,1381805,5132690
2021-05-28,"Johnson&Johnson, Moderna, Oxford/AstraZeneca, Pfizer/BioNTech",3812587,1428386,5240973
2021-05-29,"Johnson&Johnson, Moderna, Oxford/AstraZeneca, Pfizer/BioNTech",3841781,1445490,5287271
2021-05-30,"Johnson&Johnson, Moderna, Oxford/AstraZeneca, Pfizer/BioNTech",3864153,1459933,5324086
2021-05-31,"Johnson&Johnson, Moderna, Oxford/AstraZeneca, Pfizer/BioNTech",3919889,1507451,5427340
2021-06-01,"Johnson&Johnson, Moderna, Oxford/AstraZeneca, Pfizer/BioNTech",3978922,1556295,5535217
2021-06-02,"Johnson&Johnson, Moderna, Oxford/AstraZeneca, Pfizer/BioNTech",4041831,1610286,5652117
2021-06-03,"Johnson&Johnson, Moderna, Oxford/AstraZeneca, Pfizer/BioNTech",4100057,1670495,5770552
2021-06-04,"Johnson&Johnson, Moderna, Oxford/AstraZeneca, Pfizer/BioNTech",4163149,1727910,5891059
2021-06-05,"Johnson&Johnson, Moderna, Oxford/AstraZeneca, Pfizer/BioNTech",4197294,1746765,5944059
2021-06-06,"Johnson&Johnson, Moderna, Oxford/AstraZeneca, Pfizer/BioNTech",4224212,1761914,5986126
2021-06-07,"Johnson&Johnson, Moderna, Oxford/AstraZeneca, Pfizer/BioNTech",4287889,1817538,6105427
2021-06-08,"Johnson&Johnson, Moderna, Oxford/AstraZeneca, Pfizer/BioNTech",4351857,1872526,6224383
2021-06-09,"Johnson&Johnson, Moderna, Oxford/AstraZeneca, Pfizer/BioNTech",4411033,1937138,6348171
2021-06-10,"Johnson&Johnson, Moderna, Oxford/AstraZeneca, Pfizer/BioNTech",4464869,2008373,6473242
2021-06-11,"Johnson&Johnson, Moderna, Oxford/AstraZeneca, Pfizer/BioNTech",4516962,2078131,6595093
2021-06-12,"Johnson&Johnson, Moderna, Oxford/AstraZeneca, Pfizer/BioNTech",4548971,2098928,6647899
2021-06-13,"Johnson&Johnson, Moderna, Oxford/AstraZeneca, Pfizer/BioNTech",4572988,2117329,6690317
2021-06-14,"Johnson&Johnson, Moderna, Oxford/AstraZeneca, Pfizer/BioNTech",4616059,2191716,6807775
2021-06-15,"Johnson&Johnson, Moderna, Oxford/AstraZeneca, Pfizer/BioNTech",4660707,2264066,6924773
2021-06-16,"Johnson&Johnson, Moderna, Oxford/AstraZeneca, Pfizer/BioNTech",4703455,2342288,7045743
2021-06-17,"Johnson&Johnson, Moderna, Oxford/AstraZeneca, Pfizer/BioNTech",4742834,2425361,7168195
2021-06-18,"Johnson&Johnson, Moderna, Oxford/AstraZeneca, Pfizer/BioNTech",4785231,2505890,7291121
2021-06-19,"Johnson&Johnson, Moderna, Oxford/AstraZeneca, Pfizer/BioNTech",4806987,2535172,7342159
2021-06-20,"Johnson&Johnson, Moderna, Oxford/AstraZeneca, Pfizer/BioNTech",4824351,2559000,7383351
2021-06-21,"Johnson&Johnson, Moderna, Oxford/AstraZeneca, Pfizer/BioNTech",4856846,2637582,7494428
2021-06-22,"Johnson&Johnson, Moderna, Oxford/AstraZeneca, Pfizer/BioNTech",4889792,2719826,7609618
2021-06-23,"Johnson&Johnson, Moderna, Oxford/AstraZeneca, Pfizer/BioNTech",4921441,2805021,7726462
2021-06-24,"Johnson&Johnson, Moderna, Oxford/AstraZeneca, Pfizer/BioNTech",4951272,2895024,7846296
2021-06-25,"Johnson&Johnson, Moderna, Oxford/AstraZeneca, Pfizer/BioNTech",4982325,2981158,7963483
2021-06-26,"Johnson&Johnson, Moderna, Oxford/AstraZeneca, Pfizer/BioNTech",4998190,3015973,8014163
2021-06-27,"Johnson&Johnson, Moderna, Oxford/AstraZeneca, Pfizer/BioNTech",5012132,3042626,8054758
2021-06-28,"Johnson&Johnson, Moderna, Oxford/AstraZeneca, Pfizer/BioNTech",5040539,3127789,8168328
2021-06-29,"Johnson&Johnson, Moderna, Oxford/AstraZeneca, Pfizer/BioNTech",5069805,3214250,8284055
2021-06-30,"Johnson&Johnson, Moderna, Oxford/AstraZeneca, Pfizer/BioNTech",5097285,3305224,8402509
2021-07-01,"Johnson&Johnson, Moderna, Oxford/AstraZeneca, Pfizer/BioNTech",5121245,3395260,8516505
2021-07-02,"Johnson&Johnson, Moderna, Oxford/AstraZeneca, Pfizer/BioNTech",5147946,3481096,8629042
2021-07-03,"Johnson&Johnson, Moderna, Oxford/AstraZeneca, Pfizer/BioNTech",5155022,3512600,8667622
2021-07-04,"Johnson&Johnson, Moderna, Oxford/AstraZeneca, Pfizer/BioNTech",5162577,3534390,8696967
2021-07-05,"Johnson&Johnson, Moderna, Oxford/AstraZeneca, Pfizer/BioNTech",5169950,3559754,8729704
2021-07-06,"Johnson&Johnson, Moderna, Oxford/AstraZeneca, Pfizer/BioNTech",5175366,3587393,8762759
2021-07-07,"Johnson&Johnson, Moderna, Oxford/AstraZeneca, Pfizer/BioNTech",5201147,3666345,8867492
2021-07-08,"Johnson&Johnson, Moderna, Oxford/AstraZeneca, Pfizer/BioNTech",5227742,3736645,8964387
2021-07-09,"Johnson&Johnson, Moderna, Oxford/AstraZeneca, Pfizer/BioNTech",5255656,3805905,9061561
2021-07-10,"Johnson&Johnson, Moderna, Oxford/AstraZeneca, Pfizer/BioNTech",5265005,3834532,9099537
2021-07-11,"Johnson&Johnson, Moderna, Oxford/AstraZeneca, Pfizer/BioNTech",5273528,3857394,9130922
2021-07-12,"Johnson&Johnson, Moderna, Oxford/AstraZeneca, Pfizer/BioNTech",5301038,3926458,9227496
2021-07-13,"Johnson&Johnson, Moderna, Oxford/AstraZeneca, Pfizer/BioNTech",5327216,3996293,9323509
2021-07-14,"Johnson&Johnson, Moderna, Oxford/AstraZeneca, Pfizer/BioNTech",5353012,4068239,9421251
2021-07-15,"Johnson&Johnson, Moderna, Oxford/AstraZeneca, Pfizer/BioNTech",5382170,4134200,9516370
2021-07-16,"Johnson&Johnson, Moderna, Oxford/AstraZeneca, Pfizer/BioNTech",5410084,4206881,9616965
2021-07-17,"Johnson&Johnson, Moderna, Oxford/AstraZeneca, Pfizer/BioNTech",5418851,4238300,9657151
2021-07-18,"Johnson&Johnson, Moderna, Oxford/AstraZeneca, Pfizer/BioNTech",5427289,4264278,9691567
2021-07-19,"Johnson&Johnson, Moderna, Oxford/AstraZeneca, Pfizer/BioNTech",5450631,4331280,9781911
2021-07-20,"Johnson&Johnson, Moderna, Oxford/AstraZeneca, Pfizer/BioNTech",5472007,4398291,9870298
2021-07-21,"Johnson&Johnson, Moderna, Oxford/AstraZeneca, Pfizer/BioNTech",5495450,4461718,9957168
2021-07-22,"Johnson&Johnson, Moderna, Oxford/AstraZeneca, Pfizer/BioNTech",5517805,4520294,10038099
2021-07-23,"Johnson&Johnson, Moderna, Oxford/AstraZeneca, Pfizer/BioNTech",5540993,4574997,10115990
2021-07-24,"Johnson&Johnson, Moderna, Oxford/AstraZeneca, Pfizer/BioNTech",5548303,4602637,10150940
2021-07-25,"Johnson&Johnson, Moderna, Oxford/AstraZeneca, Pfizer/BioNTech",5554913,4624740,10179653
2021-07-26,"Johnson&Johnson, Moderna, Oxford/AstraZeneca, Pfizer/BioNTech",5578447,4673379,10251826
2021-07-27,"Johnson&Johnson, Moderna, Oxford/AstraZeneca, Pfizer/BioNTech",5601167,4719968,10321135
2021-07-28,"Johnson&Johnson, Moderna, Oxford/AstraZeneca, Pfizer/BioNTech",5622410,4765901,10388311
2021-07-29,"Johnson&Johnson, Moderna, Oxford/AstraZeneca, Pfizer/BioNTech",5643723,4807805,10451528
2021-07-30,"Johnson&Johnson, Moderna, Oxford/AstraZeneca, Pfizer/BioNTech",5666993,4850302,10517295
2021-07-31,"Johnson&Johnson, Moderna, Oxford/AstraZeneca, Pfizer/BioNTech",5675913,4869808,10545721
2021-08-01,"Johnson&Johnson, Moderna, Oxford/AstraZeneca, Pfizer/BioNTech",5682627,4885958,10568585
2021-08-02,"Johnson&Johnson, Moderna, Oxford/AstraZeneca, Pfizer/BioNTech",5701248,4923466,10624714
2021-08-03,"Johnson&Johnson, Moderna, Oxford/AstraZeneca, Pfizer/BioNTech",5718872,4961522,10680394
2021-08-04,"Johnson&Johnson, Moderna, Oxford/AstraZeneca, Pfizer/BioNTech",5734964,4998212,10733176
2021-08-05,"Johnson&Johnson, Moderna, Oxford/AstraZeneca, Pfizer/BioNTech",5750993,5038637,10789630
2021-08-06,"Johnson&Johnson, Moderna, Oxford/AstraZeneca, Pfizer/BioNTech",5767769,5081873,10849642
2021-08-07,"Johnson&Johnson, Moderna, Oxford/AstraZeneca, Pfizer/BioNTech",5773360,5100017,10873377
2021-08-08,"Johnson&Johnson, Moderna, Oxford/AstraZeneca, Pfizer/BioNTech",5777716,5115751,10893467
2021-08-09,"Johnson&Johnson, Moderna, Oxford/AstraZeneca, Pfizer/BioNTech",5790350,5160764,10951114
2021-08-10,"Johnson&Johnson, Moderna, Oxford/AstraZeneca, Pfizer/BioNTech",5802182,5200287,11002469
2021-08-11,"Johnson&Johnson, Moderna, Oxford/AstraZeneca, Pfizer/BioNTech",5813538,5243377,11056915
2021-08-12,"Johnson&Johnson, Moderna, Oxford/AstraZeneca, Pfizer/BioNTech",5824954,5280458,11105412
2021-08-13,"Johnson&Johnson, Moderna, Oxford/AstraZeneca, Pfizer/BioNTech",5835676,5320756,11156432
2021-08-14,"Johnson&Johnson, Moderna, Oxford/AstraZeneca, Pfizer/BioNTech",5839009,5331439,11170448
2021-08-15,"Johnson&Johnson, Moderna, Oxford/AstraZeneca, Pfizer/BioNTech",5841590,5341796,11183386
2021-08-16,"Johnson&Johnson, Moderna, Oxford/AstraZeneca, Pfizer/BioNTech",5851377,5375840,11227217
2021-08-17,"Johnson&Johnson, Moderna, Oxford/AstraZeneca, Pfizer/BioNTech",5860969,5402912,11263881
2021-08-18,"Johnson&Johnson, Moderna, Oxford/AstraZeneca, Pfizer/BioNTech",5870337,5441757,11312094
2021-08-19,"Johnson&Johnson, Moderna, Oxford/AstraZeneca, Pfizer/BioNTech",5879999,5480077,11360076
2021-08-20,"Johnson&Johnson, Moderna, Oxford/AstraZeneca, Pfizer/BioNTech",5891381,5520241,11411622
2021-08-21,"Johnson&Johnson, Moderna, Oxford/AstraZeneca, Pfizer/BioNTech",5894097,5532983,11427080
2021-08-22,"Johnson&Johnson, Moderna, Oxford/AstraZeneca, Pfizer/BioNTech",5896436,5544937,11441373
2021-08-23,"Johnson&Johnson, Moderna, Oxford/AstraZeneca, Pfizer/BioNTech",5906965,5584176,11491141
2021-08-24,"Johnson&Johnson, Moderna, Oxford/AstraZeneca, Pfizer/BioNTech",5916830,5617397,11534227
2021-08-25,"Johnson&Johnson, Moderna, Oxford/AstraZeneca, Pfizer/BioNTech",5925692,5645747,11571439
2021-08-26,"Johnson&Johnson, Moderna, Oxford/AstraZeneca, Pfizer/BioNTech",5934136,5671857,11605993
2021-08-27,"Johnson&Johnson, Moderna, Oxford/AstraZeneca, Pfizer/BioNTech",5944453,5697790,11642243
2021-08-28,"Johnson&Johnson, Moderna, Oxford/AstraZeneca, Pfizer/BioNTech",5947175,5704820,11651995
2021-08-29,"Johnson&Johnson, Moderna, Oxford/AstraZeneca, Pfizer/BioNTech",5949582,5711436,11661018
2021-08-30,"Johnson&Johnson, Moderna, Oxford/AstraZeneca, Pfizer/BioNTech",5958106,5733288,11691394
2021-08-31,"Johnson&Johnson, Moderna, Oxford/AstraZeneca, Pfizer/BioNTech",5965776,5751348,11717124
2021-09-01,"Johnson&Johnson, Moderna, Oxford/AstraZeneca, Pfizer/BioNTech",5971659,5765328,11736987
2021-09-02,"Johnson&Johnson, Moderna, Oxford/AstraZeneca, Pfizer/BioNTech",5978492,5779704,11758196
2021-09-03,"Johnson&Johnson, Moderna, Oxford/AstraZeneca, Pfizer/BioNTech",5988045,5795395,11783440
2021-09-04,"Johnson&Johnson, Moderna, Oxford/AstraZeneca, Pfizer/BioNTech",5990114,5798944,11789058
2021-09-05,"Johnson&Johnson, Moderna, Oxford/AstraZeneca, Pfizer/BioNTech",5992152,5801784,11793936
2021-09-06,"Johnson&Johnson, Moderna, Oxford/AstraZeneca, Pfizer/BioNTech",5998386,5814297,11812683
2021-09-07,"Johnson&Johnson, Moderna, Oxford/AstraZeneca, Pfizer/BioNTech",6002776,5825386,11828162
2021-09-08,"Johnson&Johnson, Moderna, Oxford/AstraZeneca, Pfizer/BioNTech",6008440,5835221,11843661
2021-09-09,"Johnson&Johnson, Moderna, Oxford/AstraZeneca, Pfizer/BioNTech",6015121,5845273,11860394
2021-09-10,"Johnson&Johnson, Moderna, Oxford/AstraZeneca, Pfizer/BioNTech",6022805,5857441,11880246
2021-09-11,"Johnson&Johnson, Moderna, Oxford/AstraZeneca, Pfizer/BioNTech",6024667,5859915,11884582
2021-09-12,"Johnson&Johnson, Moderna, Oxford/AstraZeneca, Pfizer/BioNTech",6025781,5861539,11887320
2021-09-13,"Johnson&Johnson, Moderna, Oxford/AstraZeneca, Pfizer/BioNTech",6031208,5871824,11903032
2021-09-14,"Johnson&Johnson, Moderna, Oxford/AstraZeneca, Pfizer/BioNTech",6036592,5880830,11917422
2021-09-15,"Johnson&Johnson, Moderna, Oxford/AstraZeneca, Pfizer/BioNTech",6041783,5889345,11931128
2021-09-16,"Johnson&Johnson, Moderna, Oxford/AstraZeneca, Pfizer/BioNTech",6047123,5897608,11944731
2021-09-17,"Johnson&Johnson, Moderna, Oxford/AstraZeneca, Pfizer/BioNTech",6053692,5907829,11961521
2021-09-18,"Johnson&Johnson, Moderna, Oxford/AstraZeneca, Pfizer/BioNTech",6055414,5910181,11965595
2021-09-19,"Johnson&Johnson, Moderna, Oxford/AstraZeneca, Pfizer/BioNTech",6056355,5911746,11968101
2021-09-20,"Johnson&Johnson, Moderna, Oxford/AstraZeneca, Pfizer/BioNTech",6060366,5919935,11980301
2021-09-21,"Johnson&Johnson, Moderna, Oxford/AstraZeneca, Pfizer/BioNTech",6064590,5927462,11992052
2021-09-22,"Johnson&Johnson, Moderna, Oxford/AstraZeneca, Pfizer/BioNTech",6068766,5932972,12001738
2021-09-23,"Johnson&Johnson, Moderna, Oxford/AstraZeneca, Pfizer/BioNTech",6073742,5939371,12013113
2021-09-24,"Johnson&Johnson, Moderna, Oxford/AstraZeneca, Pfizer/BioNTech",6079501,5948983,12028484
2021-09-25,"Johnson&Johnson, Moderna, Oxford/AstraZeneca, Pfizer/BioNTech",6080994,5950977,12031971
2021-09-26,"Johnson&Johnson, Moderna, Pfizer/BioNTech",6081734,5952614,12034348
2021-09-27,"Johnson&Johnson, Moderna, Oxford/AstraZeneca, Pfizer/BioNTech",6085610,5959115,12044725
2021-09-28,"Johnson&Johnson, Moderna, Pfizer/BioNTech",6085968,5959729,12045697
2021-09-29,"Johnson&Johnson, Moderna, Oxford/AstraZeneca, Pfizer/BioNTech",6089741,5967180,12056921
2021-09-30,"Johnson&Johnson, Moderna, Oxford/AstraZeneca, Pfizer/BioNTech",6094239,5974870,12069109
2021-10-01,"Johnson&Johnson, Moderna, Oxford/AstraZeneca, Pfizer/BioNTech",6098531,5982831,12081362
2021-10-02,"Johnson&Johnson, Moderna, Oxford/AstraZeneca, Pfizer/BioNTech",6099591,5984367,12083958
2021-10-03,"Johnson&Johnson, Moderna, Pfizer/BioNTech",6100311,5985231,12085542
2021-10-04,"Johnson&Johnson, Moderna, Oxford/AstraZeneca, Pfizer/BioNTech",6103381,5990795,12094176
2021-10-05,"Johnson&Johnson, Moderna, Oxford/AstraZeneca, Pfizer/BioNTech",6106537,5995858,12102395
2021-10-06,"Johnson&Johnson, Moderna, Oxford/AstraZeneca, Pfizer/BioNTech",6110045,6001016,12111061
2021-10-07,"Johnson&Johnson, Moderna, Oxford/AstraZeneca, Pfizer/BioNTech",6113315,6006260,12119575
2021-10-08,"Johnson&Johnson, Moderna, Oxford/AstraZeneca, Pfizer/BioNTech",6118101,6012886,12130987
2021-10-09,"Johnson&Johnson, Moderna, Oxford/AstraZeneca, Pfizer/BioNTech",6119343,6014538,12133881
2021-10-10,"Johnson&Johnson, Moderna, Oxford/AstraZeneca, Pfizer/BioNTech",6120284,6015367,12135651
2021-10-11,"Johnson&Johnson, Moderna, Oxford/AstraZeneca, Pfizer/BioNTech",6123212,6019776,12142988
2021-10-12,"Johnson&Johnson, Moderna, Oxford/AstraZeneca, Pfizer/BioNTech",6126136,6023771,12149907
2021-10-13,"Johnson&Johnson, Moderna, Oxford/AstraZeneca, Pfizer/BioNTech",6129669,6027950,12157619
2021-10-14,"Johnson&Johnson, Moderna, Oxford/AstraZeneca, Pfizer/BioNTech",6133344,6032892,12166236
2021-10-15,"Johnson&Johnson, Moderna, Oxford/AstraZeneca, Pfizer/BioNTech",6138572,6039027,12177599
2021-10-16,"Johnson&Johnson, Moderna, Oxford/AstraZeneca, Pfizer/BioNTech",6139981,6040545,12180526
2021-10-17,"Johnson&Johnson, Moderna, Pfizer/BioNTech",6141301,6041598,12182899
2021-10-18,"Johnson&Johnson, Moderna, Oxford/AstraZeneca, Pfizer/BioNTech",6145414,6045691,12191105
2021-10-19,"Johnson&Johnson, Moderna, Oxford/AstraZeneca, Pfizer/BioNTech",6148991,6047779,12196770
2021-10-20,"Johnson&Johnson, Moderna, Oxford/AstraZeneca, Pfizer/BioNTech",6153862,6052227,12206089
2021-10-21,"Johnson&Johnson, Moderna, Oxford/AstraZeneca, Pfizer/BioNTech",6161626,6057821,12219447
2021-10-22,"Johnson&Johnson, Moderna, Oxford/AstraZeneca, Pfizer/BioNTech",6172067,6064318,12236385
2021-10-23,"Johnson&Johnson, Moderna, Pfizer/BioNTech",6175742,6066524,12242266
2021-10-24,"Johnson&Johnson, Moderna, Pfizer/BioNTech",6178427,6068301,12246728
2021-10-25,"Johnson&Johnson, Moderna, Oxford/AstraZeneca, Pfizer/BioNTech",6188910,6074095,12263005
2021-10-26,"Johnson&Johnson, Moderna, Oxford/AstraZeneca, Pfizer/BioNTech",6200894,6080635,12281529
2021-10-27,"Johnson&Johnson, Moderna, Oxford/AstraZeneca, Pfizer/BioNTech",6215496,6088032,12303528
2021-10-28,"Johnson&Johnson, Moderna, Oxford/AstraZeneca, Pfizer/BioNTech",6218910,6089705,12308615
2021-10-29,"Johnson&Johnson, Moderna, Oxford/AstraZeneca, Pfizer/BioNTech",6233326,6097665,12330991
2021-10-30,"Johnson&Johnson, Moderna, Pfizer/BioNTech",6237857,6100580,12338437
2021-10-31,"Johnson&Johnson, Moderna, Oxford/AstraZeneca, Pfizer/BioNTech",6241622,6103052,12344674
2021-11-01,"Johnson&Johnson, Moderna, Oxford/AstraZeneca, Pfizer/BioNTech",6256814,6110730,12367544
2021-11-02,"Johnson&Johnson, Moderna, Oxford/AstraZeneca, Pfizer/BioNTech",6272259,6118278,12390537
2021-11-03,"Johnson&Johnson, Moderna, Oxford/AstraZeneca, Pfizer/BioNTech",6289436,6125567,12415003
2021-11-04,"Johnson&Johnson, Moderna, Oxford/AstraZeneca, Pfizer/BioNTech",6307784,6133733,12441517
2021-11-05,"Johnson&Johnson, Moderna, Oxford/AstraZeneca, Pfizer/BioNTech",6330584,6144996,12475580
2021-11-06,"Johnson&Johnson, Moderna, Oxford/AstraZeneca, Pfizer/BioNTech",6337092,6148047,12485139
2021-11-07,"Johnson&Johnson, Moderna, Oxford/AstraZeneca, Pfizer/BioNTech",6341107,6150477,12491584
2021-11-08,"Johnson&Johnson, Moderna, Oxford/AstraZeneca, Pfizer/BioNTech",6357413,6158104,12515517
2021-11-09,"Johnson&Johnson, Moderna, Oxford/AstraZeneca, Pfizer/BioNTech",6372219,6165395,12537614
2021-11-10,"Johnson&Johnson, Moderna, Oxford/AstraZeneca, Pfizer/BioNTech",6387949,6172766,12560715
2021-11-11,"Johnson&Johnson, Moderna, Oxford/AstraZeneca, Pfizer/BioNTech",6403415,6181867,12585282
2021-11-12,"Johnson&Johnson, Moderna, Oxford/AstraZeneca, Pfizer/BioNTech",6423211,6194643,12617854
2021-11-13,"Johnson&Johnson, Moderna, Oxford/AstraZeneca, Pfizer/BioNTech",6428599,6198507,12627106
2021-11-14,"Johnson&Johnson, Moderna, Oxford/AstraZeneca, Pfizer/BioNTech",6432485,6201509,12633994
2021-11-15,"Johnson&Johnson, Moderna, Oxford/AstraZeneca, Pfizer/BioNTech",6447563,6212193,12659756
2021-11-16,"Johnson&Johnson, Moderna, Oxford/AstraZeneca, Pfizer/BioNTech",6465098,6224163,12689261
2021-11-17,"Johnson&Johnson, Moderna, Oxford/AstraZeneca, Pfizer/BioNTech",6469331,6227722,12697053
2021-11-18,"Johnson&Johnson, Moderna, Oxford/AstraZeneca, Pfizer/BioNTech",6488729,6239396,12728125
2021-11-19,"Johnson&Johnson, Moderna, Oxford/AstraZeneca, Pfizer/BioNTech",6513335,6256364,12769699
2021-11-20,"Johnson&Johnson, Moderna, Pfizer/BioNTech",6521904,6261338,12783242
2021-11-21,"Johnson&Johnson, Moderna, Oxford/AstraZeneca, Pfizer/BioNTech",6528675,6265110,12793785
2021-11-22,"Johnson&Johnson, Moderna, Oxford/AstraZeneca, Pfizer/BioNTech",6547179,6279212,12826391
2021-11-23,"Johnson&Johnson, Moderna, Oxford/AstraZeneca, Pfizer/BioNTech",6566223,6292462,12858685
2021-11-24,"Johnson&Johnson, Moderna, Oxford/AstraZeneca, Pfizer/BioNTech",6585185,6308296,12893481
2021-11-25,"Johnson&Johnson, Moderna, Oxford/AstraZeneca, Pfizer/BioNTech",6604311,6323314,12927625
2021-11-26,"Johnson&Johnson, Moderna, Oxford/AstraZeneca, Pfizer/BioNTech",6625921,6342429,12968350
2021-11-27,"Johnson&Johnson, Moderna, Oxford/AstraZeneca, Pfizer/BioNTech",6633372,6347974,12981346
2021-11-28,"Johnson&Johnson, Moderna, Oxford/AstraZeneca, Pfizer/BioNTech",6636701,6351106,12987807
2021-11-29,"Johnson&Johnson, Moderna, Oxford/AstraZeneca, Pfizer/BioNTech",6651844,6364756,13016600
2021-11-30,"Johnson&Johnson, Moderna, Oxford/AstraZeneca, Pfizer/BioNTech",6664953,6375970,13040923
2021-12-01,"Johnson&Johnson, Moderna, Oxford/AstraZeneca, Pfizer/BioNTech",6678906,6388399,13067305
2021-12-02,"Johnson&Johnson, Moderna, Oxford/AstraZeneca, Pfizer/BioNTech",6689453,6400878,13090331
2021-12-03,"Johnson&Johnson, Moderna, Oxford/AstraZeneca, Pfizer/BioNTech",6699043,6416432,13115475
2021-12-04,"Johnson&Johnson, Moderna, Pfizer/BioNTech",6701590,6420375,13121965
2021-12-05,"Johnson&Johnson, Moderna, Pfizer/BioNTech",6702933,6422708,13125641
2021-12-06,"Johnson&Johnson, Moderna, Oxford/AstraZeneca, Pfizer/BioNTech",6711049,6434218,13145267
2021-12-07,"Johnson&Johnson, Moderna, Oxford/AstraZeneca, Pfizer/BioNTech",6718852,6446201,13165053
2021-12-08,"Johnson&Johnson, Moderna, Oxford/AstraZeneca, Pfizer/BioNTech",6727049,6452110,13179159
2021-12-09,"Johnson&Johnson, Moderna, Oxford/AstraZeneca, Pfizer/BioNTech",6734114,6464912,13199026
2021-12-10,"Johnson&Johnson, Moderna, Oxford/AstraZeneca, Pfizer/BioNTech",6740981,6482696,13223677
2021-12-11,"Johnson&Johnson, Moderna, Pfizer/BioNTech",6742633,6487962,13230595
2021-12-12,"Johnson&Johnson, Moderna, Pfizer/BioNTech",6743945,6492391,13236336
2021-12-13,"Johnson&Johnson, Moderna, Oxford/AstraZeneca, Pfizer/BioNTech",6750295,6505676,13255971
2021-12-14,"Johnson&Johnson, Moderna, Oxford/AstraZeneca, Pfizer/BioNTech",6756482,6519316,13275798
2021-12-15,"Johnson&Johnson, Moderna, Oxford/AstraZeneca, Pfizer/BioNTech",6762645,6532898,13295543
2021-12-16,"Johnson&Johnson, Moderna, Oxford/AstraZeneca, Pfizer/BioNTech",6769496,6547666,13317162
2021-12-17,"Johnson&Johnson, Moderna, Oxford/AstraZeneca, Pfizer/BioNTech",6777753,6564878,13342631
2021-12-18,"Johnson&Johnson, Moderna, Pfizer/BioNTech",6780341,6570308,13350649
2021-12-19,"Johnson&Johnson, Moderna, Pfizer/BioNTech",6782106,6572802,13354908
2021-12-20,"Johnson&Johnson, Moderna, Oxford/AstraZeneca, Pfizer/BioNTech",6787860,6586777,13374637
2021-12-21,"Johnson&Johnson, Moderna, Oxford/AstraZeneca, Pfizer/BioNTech",6794480,6598712,13393192
2021-12-22,"Johnson&Johnson, Moderna, Pfizer/BioNTech",6799506,6611699,13411205
2021-12-23,"Johnson&Johnson, Moderna, Oxford/AstraZeneca, Pfizer/BioNTech",6802352,6617243,13419595
2021-12-24,"Johnson&Johnson, Moderna, Pfizer/BioNTech",6802397,6617339,13419736
2021-12-25,"Moderna, Pfizer/BioNTech",6802397,6617344,13419741
2021-12-26,"Moderna, Pfizer/BioNTech",6802495,6617538,13420033
2021-12-27,"Johnson&Johnson, Moderna, Pfizer/BioNTech",6806306,6627215,13433521
2021-12-28,"Johnson&Johnson, Moderna, Oxford/AstraZeneca, Pfizer/BioNTech",6811506,6635110,13446616
2021-12-29,"Johnson&Johnson, Moderna, Oxford/AstraZeneca, Pfizer/BioNTech",6815738,6642676,13458414
2021-12-30,"Johnson&Johnson, Moderna, Pfizer/BioNTech",6819858,6647981,13467839
2021-12-31,"Johnson&Johnson, Moderna, Oxford/AstraZeneca, Pfizer/BioNTech",6820357,6649376,13469733
2022-01-01,"Johnson&Johnson, Moderna, Pfizer/BioNTech",6820357,6649391,13469748
2022-01-02,"Johnson&Johnson, Moderna, Pfizer/BioNTech",6821145,6650673,13471818
