date,vaccine,people_vaccinated,people_fully_vaccinated,total_vaccinations
2020-12-27,Pfizer/BioNTech,1258,0,1258
2020-12-28,Pfizer/BioNTech,3557,0,3557
2020-12-29,Pfizer/BioNTech,7010,0,7010
2020-12-30,Pfizer/BioNTech,10492,0,10492
2020-12-31,Pfizer/BioNTech,11797,0,11797
2021-01-01,Pfizer/BioNTech,12058,0,12058
2021-01-02,Pfizer/BioNTech,13327,0,13327
2021-01-03,Pfizer/BioNTech,14242,0,14242
2021-01-04,Pfizer/BioNTech,17827,0,17827
2021-01-05,Pfizer/BioNTech,22325,0,22325
2021-01-06,Pfizer/BioNTech,28151,0,28151
2021-01-07,Pfizer/BioNTech,36105,0,36105
2021-01-08,Pfizer/BioNTech,46063,0,46063
2021-01-09,Pfizer/BioNTech,48077,0,48077
2021-01-10,Pfizer/BioNTech,49832,0,49832
2021-01-11,Pfizer/BioNTech,59641,0,59641
2021-01-12,Pfizer/BioNTech,73029,0,73029
2021-01-13,Pfizer/BioNTech,86521,0,86521
2021-01-14,"Moderna, Pfizer/BioNTech",101700,0,101700
2021-01-15,"Moderna, Pfizer/BioNTech",115651,0,115651
2021-01-16,"Moderna, Pfizer/BioNTech",119025,2,119027
2021-01-17,"Moderna, Pfizer/BioNTech",121621,639,122260
2021-01-18,"Moderna, Pfizer/BioNTech",134084,2456,136540
2021-01-19,"Moderna, Pfizer/BioNTech",146598,5161,151759
2021-01-20,"Moderna, Pfizer/BioNTech",160221,7798,168019
2021-01-21,"Moderna, Pfizer/BioNTech",175812,9527,185339
2021-01-22,"Moderna, Pfizer/BioNTech",190621,10567,201188
2021-01-23,"Moderna, Pfizer/BioNTech",193912,11437,205349
2021-01-24,"Moderna, Pfizer/BioNTech",196156,12303,208459
2021-01-25,"Moderna, Pfizer/BioNTech",205760,15264,221024
2021-01-26,"Moderna, Pfizer/BioNTech",216264,19228,235492
2021-01-27,"Moderna, Pfizer/BioNTech",225259,23732,248991
2021-01-28,"Moderna, Pfizer/BioNTech",232302,29831,262133
2021-01-29,"Moderna, Pfizer/BioNTech",238488,37674,276162
2021-01-30,"Moderna, Pfizer/BioNTech",239211,38759,277970
2021-01-31,"Moderna, Pfizer/BioNTech",239914,39933,279847
2021-02-01,"Moderna, Pfizer/BioNTech",243870,47829,291699
2021-02-02,"Moderna, Pfizer/BioNTech",247990,58024,306014
2021-02-03,"Moderna, Pfizer/BioNTech",252381,68990,321371
2021-02-04,"Moderna, Pfizer/BioNTech",257262,81932,339194
2021-02-05,"Moderna, Pfizer/BioNTech",262699,92563,355262
2021-02-06,"Moderna, Pfizer/BioNTech",263535,94904,358439
2021-02-07,"Moderna, Pfizer/BioNTech",264381,97380,361761
2021-02-08,"Moderna, Pfizer/BioNTech",268414,108744,377158
2021-02-09,"Moderna, Oxford/AstraZeneca, Pfizer/BioNTech",273486,120647,394133
2021-02-10,"Moderna, Pfizer/BioNTech",278958,133833,412791
2021-02-11,"Moderna, Oxford/AstraZeneca, Pfizer/BioNTech",285245,149979,435224
2021-02-12,"Moderna, Oxford/AstraZeneca, Pfizer/BioNTech",291960,164641,456601
2021-02-13,"Moderna, Oxford/AstraZeneca, Pfizer/BioNTech",293545,167614,461159
2021-02-14,"Moderna, Oxford/AstraZeneca, Pfizer/BioNTech",294535,168986,463521
2021-02-15,"Moderna, Oxford/AstraZeneca, Pfizer/BioNTech",300911,178300,479211
2021-02-16,"Moderna, Oxford/AstraZeneca, Pfizer/BioNTech",309598,187326,496924
2021-02-17,"Moderna, Oxford/AstraZeneca, Pfizer/BioNTech",319267,195583,514850
2021-02-18,"Moderna, Oxford/AstraZeneca, Pfizer/BioNTech",331543,203582,535125
2021-02-19,"Moderna, Oxford/AstraZeneca, Pfizer/BioNTech",343366,210875,554241
2021-02-20,"Moderna, Oxford/AstraZeneca, Pfizer/BioNTech",345333,212039,557372
2021-02-21,"Moderna, Oxford/AstraZeneca, Pfizer/BioNTech",346435,213048,559483
2021-02-22,"Moderna, Oxford/AstraZeneca, Pfizer/BioNTech",356526,219041,575567
2021-02-23,"Moderna, Oxford/AstraZeneca, Pfizer/BioNTech",369409,225978,595387
2021-02-24,"Moderna, Oxford/AstraZeneca, Pfizer/BioNTech",383233,231977,615210
2021-02-25,"Moderna, Oxford/AstraZeneca, Pfizer/BioNTech",401171,237497,638668
2021-02-26,"Moderna, Oxford/AstraZeneca, Pfizer/BioNTech",417293,242810,660103
2021-02-27,"Moderna, Oxford/AstraZeneca, Pfizer/BioNTech",420287,243358,663645
2021-02-28,"Moderna, Oxford/AstraZeneca, Pfizer/BioNTech",422628,243900,666528
2021-03-01,"Moderna, Oxford/AstraZeneca, Pfizer/BioNTech",442110,247304,689414
2021-03-02,"Moderna, Oxford/AstraZeneca, Pfizer/BioNTech",469255,250830,720085
2021-03-03,"Moderna, Oxford/AstraZeneca, Pfizer/BioNTech",500001,255306,755307
2021-03-04,"Moderna, Oxford/AstraZeneca, Pfizer/BioNTech",533119,259958,793077
2021-03-05,"Moderna, Oxford/AstraZeneca, Pfizer/BioNTech",561815,265333,827148
2021-03-06,"Moderna, Oxford/AstraZeneca, Pfizer/BioNTech",573905,266171,840076
2021-03-07,"Moderna, Oxford/AstraZeneca, Pfizer/BioNTech",585279,266999,852278
2021-03-08,"Moderna, Oxford/AstraZeneca, Pfizer/BioNTech",614866,271812,886678
2021-03-09,"Moderna, Oxford/AstraZeneca, Pfizer/BioNTech",651018,278160,929178
2021-03-10,"Moderna, Oxford/AstraZeneca, Pfizer/BioNTech",692126,285079,977205
2021-03-11,"Moderna, Oxford/AstraZeneca, Pfizer/BioNTech",736765,293409,1030174
2021-03-12,"Moderna, Oxford/AstraZeneca, Pfizer/BioNTech",775375,301836,1077211
2021-03-13,"Moderna, Oxford/AstraZeneca, Pfizer/BioNTech",792389,303121,1095510
2021-03-14,"Moderna, Oxford/AstraZeneca, Pfizer/BioNTech",804453,304251,1108704
2021-03-15,"Moderna, Oxford/AstraZeneca, Pfizer/BioNTech",832713,313003,1145716
2021-03-16,"Moderna, Oxford/AstraZeneca, Pfizer/BioNTech",871479,323487,1194966
2021-03-17,"Moderna, Oxford/AstraZeneca, Pfizer/BioNTech",908838,333950,1242788
2021-03-18,"Moderna, Oxford/AstraZeneca, Pfizer/BioNTech",946648,346316,1292964
2021-03-19,"Moderna, Oxford/AstraZeneca, Pfizer/BioNTech",980916,359882,1340798
2021-03-20,"Moderna, Oxford/AstraZeneca, Pfizer/BioNTech",995947,361891,1357838
2021-03-21,"Moderna, Oxford/AstraZeneca, Pfizer/BioNTech",1003316,363427,1366743
2021-03-22,"Moderna, Oxford/AstraZeneca, Pfizer/BioNTech",1027618,375859,1403477
2021-03-23,"Moderna, Oxford/AstraZeneca, Pfizer/BioNTech",1054063,389157,1443220
2021-03-24,"Moderna, Oxford/AstraZeneca, Pfizer/BioNTech",1080817,404812,1485629
2021-03-25,"Moderna, Oxford/AstraZeneca, Pfizer/BioNTech",1107022,422614,1529636
2021-03-26,"Moderna, Oxford/AstraZeneca, Pfizer/BioNTech",1131724,440052,1571776
2021-03-27,"Moderna, Oxford/AstraZeneca, Pfizer/BioNTech",1140112,444871,1584983
2021-03-28,"Moderna, Oxford/AstraZeneca, Pfizer/BioNTech",1145634,448992,1594626
2021-03-29,"Moderna, Oxford/AstraZeneca, Pfizer/BioNTech",1164518,469606,1634124
2021-03-30,"Moderna, Oxford/AstraZeneca, Pfizer/BioNTech",1189088,491696,1680784
2021-03-31,"Johnson&Johnson, Moderna, Oxford/AstraZeneca, Pfizer/BioNTech",1212053,518679,1730732
2021-04-01,"Moderna, Oxford/AstraZeneca, Pfizer/BioNTech",1237528,550577,1788105
2021-04-02,"Moderna, Oxford/AstraZeneca, Pfizer/BioNTech",1244356,563311,1807667
2021-04-03,"Moderna, Oxford/AstraZeneca, Pfizer/BioNTech",1247917,574198,1822115
2021-04-04,"Moderna, Oxford/AstraZeneca, Pfizer/BioNTech",1250379,582969,1833348
2021-04-05,"Moderna, Oxford/AstraZeneca, Pfizer/BioNTech",1252699,590114,1842813
2021-04-06,"Johnson&Johnson, Moderna, Oxford/AstraZeneca, Pfizer/BioNTech",1268720,619269,1887989
2021-04-07,"Moderna, Oxford/AstraZeneca, Pfizer/BioNTech",1291996,641344,1933340
2021-04-08,"Moderna, Oxford/AstraZeneca, Pfizer/BioNTech",1330399,672162,2002561
2021-04-09,"Johnson&Johnson, Moderna, Oxford/AstraZeneca, Pfizer/BioNTech",1369581,702108,2071689
2021-04-10,"Moderna, Oxford/AstraZeneca, Pfizer/BioNTech",1384900,717312,2102212
2021-04-11,"Moderna, Oxford/AstraZeneca, Pfizer/BioNTech",1394602,727305,2121907
2021-04-12,"Moderna, Oxford/AstraZeneca, Pfizer/BioNTech",1432589,752183,2184772
2021-04-13,"Moderna, Oxford/AstraZeneca, Pfizer/BioNTech",1468615,778041,2246656
2021-04-14,"Moderna, Oxford/AstraZeneca, Pfizer/BioNTech",1507236,805312,2312548
2021-04-15,"Moderna, Oxford/AstraZeneca, Pfizer/BioNTech",1554862,830931,2385793
2021-04-16,"Moderna, Oxford/AstraZeneca, Pfizer/BioNTech",1599319,856485,2455804
2021-04-17,"Moderna, Oxford/AstraZeneca, Pfizer/BioNTech",1615884,865474,2481358
2021-04-18,"Moderna, Oxford/AstraZeneca, Pfizer/BioNTech",1628795,870423,2499218
2021-04-19,"Moderna, Oxford/AstraZeneca, Pfizer/BioNTech",1672597,885778,2558375
2021-04-20,"Moderna, Oxford/AstraZeneca, Pfizer/BioNTech",1714589,901560,2616149
2021-04-21,"Moderna, Oxford/AstraZeneca, Pfizer/BioNTech",1762191,915783,2677974
2021-04-22,"Johnson&Johnson, Moderna, Oxford/AstraZeneca, Pfizer/BioNTech",1816552,933073,2749625
2021-04-23,"Johnson&Johnson, Moderna, Oxford/AstraZeneca, Pfizer/BioNTech",1866396,945031,2811427
2021-04-24,"Johnson&Johnson, Moderna, Oxford/AstraZeneca, Pfizer/BioNTech",1884161,950227,2834388
2021-04-25,"Johnson&Johnson, Moderna, Oxford/AstraZeneca, Pfizer/BioNTech",1898799,954207,2853006
2021-04-26,"Johnson&Johnson, Moderna, Oxford/AstraZeneca, Pfizer/BioNTech",1948253,961601,2909854
2021-04-27,"Johnson&Johnson, Moderna, Oxford/AstraZeneca, Pfizer/BioNTech",1997103,973718,2970821
2021-04-28,"Johnson&Johnson, Moderna, Oxford/AstraZeneca, Pfizer/BioNTech",2055726,987626,3043352
2021-04-29,"Johnson&Johnson, Moderna, Oxford/AstraZeneca, Pfizer/BioNTech",2121106,1003375,3124481
2021-04-30,"Johnson&Johnson, Moderna, Oxford/AstraZeneca, Pfizer/BioNTech",2183177,1013239,3196416
2021-05-01,"Johnson&Johnson, Moderna, Oxford/AstraZeneca, Pfizer/BioNTech",2202433,1016621,3219054
2021-05-02,"Johnson&Johnson, Moderna, Oxford/AstraZeneca, Pfizer/BioNTech",2221293,1018852,3240145
2021-05-03,"Johnson&Johnson, Moderna, Oxford/AstraZeneca, Pfizer/BioNTech",2288383,1023848,3312231
2021-05-04,"Johnson&Johnson, Moderna, Oxford/AstraZeneca, Pfizer/BioNTech",2354643,1032086,3386729
2021-05-05,"Johnson&Johnson, Moderna, Oxford/AstraZeneca, Pfizer/BioNTech",2427652,1041387,3469039
2021-05-06,"Johnson&Johnson, Moderna, Oxford/AstraZeneca, Pfizer/BioNTech",2507848,1051963,3559811
2021-05-07,"Johnson&Johnson, Moderna, Oxford/AstraZeneca, Pfizer/BioNTech",2584987,1061903,3646890
2021-05-08,"Johnson&Johnson, Moderna, Oxford/AstraZeneca, Pfizer/BioNTech",2614350,1063601,3677951
2021-05-09,"Johnson&Johnson, Moderna, Oxford/AstraZeneca, Pfizer/BioNTech",2638491,1064767,3703258
2021-05-10,"Johnson&Johnson, Moderna, Oxford/AstraZeneca, Pfizer/BioNTech",2711069,1071864,3782933
2021-05-11,"Johnson&Johnson, Moderna, Oxford/AstraZeneca, Pfizer/BioNTech",2786996,1080595,3867591
2021-05-12,"Johnson&Johnson, Moderna, Oxford/AstraZeneca, Pfizer/BioNTech",2866647,1089564,3956211
2021-05-13,"Johnson&Johnson, Moderna, Oxford/AstraZeneca, Pfizer/BioNTech",2950498,1098626,4049124
2021-05-14,"Johnson&Johnson, Moderna, Oxford/AstraZeneca, Pfizer/BioNTech",3029741,1106295,4136036
2021-05-15,"Johnson&Johnson, Moderna, Oxford/AstraZeneca, Pfizer/BioNTech",3061542,1108442,4169984
2021-05-16,"Johnson&Johnson, Moderna, Oxford/AstraZeneca, Pfizer/BioNTech",3087256,1109614,4196870
2021-05-17,"Johnson&Johnson, Moderna, Oxford/AstraZeneca, Pfizer/BioNTech",3159636,1116247,4275883
2021-05-18,"Johnson&Johnson, Moderna, Oxford/AstraZeneca, Pfizer/BioNTech",3231406,1129156,4360562
2021-05-19,"Johnson&Johnson, Moderna, Oxford/AstraZeneca, Pfizer/BioNTech",3308699,1144157,4452856
2021-05-20,"Johnson&Johnson, Moderna, Oxford/AstraZeneca, Pfizer/BioNTech",3383877,1171018,4554895
2021-05-21,"Johnson&Johnson, Moderna, Oxford/AstraZeneca, Pfizer/BioNTech",3452499,1198607,4651106
2021-05-22,"Johnson&Johnson, Moderna, Oxford/AstraZeneca, Pfizer/BioNTech",3484749,1209653,4694402
2021-05-23,"Johnson&Johnson, Moderna, Oxford/AstraZeneca, Pfizer/BioNTech",3507000,1218603,4725603
2021-05-24,"Johnson&Johnson, Moderna, Oxford/AstraZeneca, Pfizer/BioNTech",3553933,1252038,4805971
2021-05-25,"Johnson&Johnson, Moderna, Oxford/AstraZeneca, Pfizer/BioNTech",3605637,1287643,4893280
2021-05-26,"Johnson&Johnson, Moderna, Oxford/AstraZeneca, Pfizer/BioNTech",3673229,1325011,4998240
2021-05-27,"Johnson&Johnson, Moderna, Oxford/AstraZeneca, Pfizer/BioNTech",3734439,1372194,5106633
2021-05-28,"Johnson&Johnson, Moderna, Oxford/AstraZeneca, Pfizer/BioNTech",3795998,1418544,5214542
2021-05-29,"Johnson&Johnson, Moderna, Oxford/AstraZeneca, Pfizer/BioNTech",3825081,1435570,5260651
2021-05-30,"Johnson&Johnson, Moderna, Oxford/AstraZeneca, Pfizer/BioNTech",3847369,1449930,5297299
2021-05-31,"Johnson&Johnson, Moderna, Oxford/AstraZeneca, Pfizer/BioNTech",3902950,1497245,5400195
2021-06-01,"Johnson&Johnson, Moderna, Oxford/AstraZeneca, Pfizer/BioNTech",3961698,1545466,5507164
2021-06-02,"Johnson&Johnson, Moderna, Oxford/AstraZeneca, Pfizer/BioNTech",4024411,1599295,5623706
2021-06-03,"Johnson&Johnson, Moderna, Oxford/AstraZeneca, Pfizer/BioNTech",4082450,1659307,5741757
2021-06-04,"Johnson&Johnson, Moderna, Oxford/AstraZeneca, Pfizer/BioNTech",4145325,1716531,5861856
2021-06-05,"Johnson&Johnson, Moderna, Oxford/AstraZeneca, Pfizer/BioNTech",4179353,1735242,5914595
2021-06-06,"Johnson&Johnson, Moderna, Oxford/AstraZeneca, Pfizer/BioNTech",4206189,1750283,5956472
2021-06-07,"Johnson&Johnson, Moderna, Oxford/AstraZeneca, Pfizer/BioNTech",4269381,1805740,6075121
2021-06-08,"Johnson&Johnson, Moderna, Oxford/AstraZeneca, Pfizer/BioNTech",4332933,1860512,6193445
2021-06-09,"Johnson&Johnson, Moderna, Oxford/AstraZeneca, Pfizer/BioNTech",4391149,1924622,6315771
2021-06-10,"Johnson&Johnson, Moderna, Oxford/AstraZeneca, Pfizer/BioNTech",4443954,1995415,6439369
2021-06-11,"Johnson&Johnson, Moderna, Oxford/AstraZeneca, Pfizer/BioNTech",4495333,2064863,6560196
2021-06-12,"Johnson&Johnson, Moderna, Oxford/AstraZeneca, Pfizer/BioNTech",4527064,2085540,6612604
2021-06-13,"Johnson&Johnson, Moderna, Oxford/AstraZeneca, Pfizer/BioNTech",4550891,2103853,6654744
2021-06-14,"Johnson&Johnson, Moderna, Oxford/AstraZeneca, Pfizer/BioNTech",4593428,2177994,6771422
2021-06-15,"Johnson&Johnson, Moderna, Oxford/AstraZeneca, Pfizer/BioNTech",4637685,2250066,6887751
2021-06-16,"Johnson&Johnson, Moderna, Oxford/AstraZeneca, Pfizer/BioNTech",4679992,2328049,7008041
2021-06-17,"Johnson&Johnson, Moderna, Oxford/AstraZeneca, Pfizer/BioNTech",4718913,2410867,7129780
2021-06-18,"Johnson&Johnson, Moderna, Oxford/AstraZeneca, Pfizer/BioNTech",4760145,2491098,7251243
2021-06-19,"Johnson&Johnson, Moderna, Oxford/AstraZeneca, Pfizer/BioNTech",4781658,2520252,7301910
2021-06-20,"Johnson&Johnson, Moderna, Oxford/AstraZeneca, Pfizer/BioNTech",4798886,2543963,7342849
2021-06-21,"Johnson&Johnson, Moderna, Oxford/AstraZeneca, Pfizer/BioNTech",4831085,2622281,7453366
2021-06-22,"Johnson&Johnson, Moderna, Oxford/AstraZeneca, Pfizer/BioNTech",4863083,2704282,7567365
2021-06-23,"Johnson&Johnson, Moderna, Oxford/AstraZeneca, Pfizer/BioNTech",4893847,2789240,7683087
2021-06-24,"Johnson&Johnson, Moderna, Oxford/AstraZeneca, Pfizer/BioNTech",4923296,2879051,7802347
2021-06-25,"Johnson&Johnson, Moderna, Oxford/AstraZeneca, Pfizer/BioNTech",4953831,2964887,7918718
2021-06-26,"Johnson&Johnson, Moderna, Oxford/AstraZeneca, Pfizer/BioNTech",4969446,2999523,7968969
2021-06-27,"Johnson&Johnson, Moderna, Oxford/AstraZeneca, Pfizer/BioNTech",4983235,3026051,8009286
2021-06-28,"Johnson&Johnson, Moderna, Oxford/AstraZeneca, Pfizer/BioNTech",5011347,3110922,8122269
2021-06-29,"Johnson&Johnson, Moderna, Oxford/AstraZeneca, Pfizer/BioNTech",5040226,3197141,8237367
2021-06-30,"Johnson&Johnson, Moderna, Oxford/AstraZeneca, Pfizer/BioNTech",5067306,3287729,8355035
2021-07-01,"Johnson&Johnson, Moderna, Oxford/AstraZeneca, Pfizer/BioNTech",5090845,3377249,8468094
2021-07-02,"Johnson&Johnson, Moderna, Oxford/AstraZeneca, Pfizer/BioNTech",5117173,3462460,8579633
2021-07-03,"Johnson&Johnson, Moderna, Oxford/AstraZeneca, Pfizer/BioNTech",5124136,3493796,8617932
2021-07-04,"Johnson&Johnson, Moderna, Oxford/AstraZeneca, Pfizer/BioNTech",5131588,3515473,8647061
2021-07-05,"Johnson&Johnson, Moderna, Oxford/AstraZeneca, Pfizer/BioNTech",5138850,3540696,8679546
2021-07-06,"Johnson&Johnson, Moderna, Oxford/AstraZeneca, Pfizer/BioNTech",5144087,3568170,8712257
2021-07-07,"Johnson&Johnson, Moderna, Oxford/AstraZeneca, Pfizer/BioNTech",5169508,3646659,8816167
2021-07-08,"Johnson&Johnson, Moderna, Oxford/AstraZeneca, Pfizer/BioNTech",5195764,3716558,8912322
2021-07-09,"Johnson&Johnson, Moderna, Oxford/AstraZeneca, Pfizer/BioNTech",5223308,3785357,9008665
2021-07-10,"Johnson&Johnson, Moderna, Oxford/AstraZeneca, Pfizer/BioNTech",5232520,3813804,9046324
2021-07-11,"Johnson&Johnson, Moderna, Oxford/AstraZeneca, Pfizer/BioNTech",5240964,3836566,9077530
2021-07-12,"Johnson&Johnson, Moderna, Oxford/AstraZeneca, Pfizer/BioNTech",5267859,3904939,9172798
2021-07-13,"Johnson&Johnson, Moderna, Oxford/AstraZeneca, Pfizer/BioNTech",5293500,3974146,9267646
2021-07-14,"Johnson&Johnson, Moderna, Oxford/AstraZeneca, Pfizer/BioNTech",5318831,4045382,9364213
2021-07-15,"Johnson&Johnson, Moderna, Oxford/AstraZeneca, Pfizer/BioNTech",5347301,4110191,9457492
2021-07-16,"Johnson&Johnson, Moderna, Oxford/AstraZeneca, Pfizer/BioNTech",5373788,4180584,9554372
2021-07-17,"Johnson&Johnson, Moderna, Oxford/AstraZeneca, Pfizer/BioNTech",5382024,4211400,9593424
2021-07-18,"Johnson&Johnson, Moderna, Oxford/AstraZeneca, Pfizer/BioNTech",5389570,4236071,9625641
