date,vaccine,people_vaccinated,people_fully_vaccinated,total_vaccinations
2020-12-27,Pfizer/BioNTech,1283,0,1283
2020-12-28,Pfizer/BioNTech,3589,0,3589
2020-12-29,Pfizer/BioNTech,7059,1,7060
2020-12-30,Pfizer/BioNTech,10580,1,10581
2020-12-31,Pfizer/BioNTech,11892,1,11893
2021-01-01,"Moderna, Pfizer/BioNTech",12162,1,12163
2021-01-02,"Moderna, Pfizer/BioNTech",13444,1,13445
2021-01-03,"Moderna, Pfizer/BioNTech",14369,1,14370
2021-01-04,"Moderna, Pfizer/BioNTech",17985,1,17986
2021-01-05,"Moderna, Pfizer/BioNTech",22512,3,22515
2021-01-06,"Moderna, Pfizer/BioNTech",28360,4,28364
2021-01-07,"Moderna, Pfizer/BioNTech",36360,4,36364
2021-01-08,"Moderna, Pfizer/BioNTech",46413,5,46418
2021-01-09,"Moderna, Pfizer/BioNTech",48440,6,48446
2021-01-10,Pfizer/BioNTech,50212,7,50219
2021-01-11,"Moderna, Pfizer/BioNTech",60073,9,60082
2021-01-12,"Moderna, Pfizer/BioNTech",73532,11,73543
2021-01-13,"Moderna, Pfizer/BioNTech",87081,11,87092
2021-01-14,"Moderna, Pfizer/BioNTech",102337,15,102352
2021-01-15,"Moderna, Pfizer/BioNTech",116358,16,116374
2021-01-16,"Moderna, Pfizer/BioNTech",119761,20,119781
2021-01-17,"Moderna, Pfizer/BioNTech",122382,655,123037
2021-01-18,"Moderna, Pfizer/BioNTech",134877,2482,137359
2021-01-19,"Moderna, Pfizer/BioNTech",147489,5210,152699
2021-01-20,"Moderna, Pfizer/BioNTech",161183,7874,169057
2021-01-21,"Moderna, Pfizer/BioNTech",176840,9620,186460
2021-01-22,"Moderna, Pfizer/BioNTech",191734,10666,202400
2021-01-23,"Moderna, Pfizer/BioNTech",195055,11546,206601
2021-01-24,"Moderna, Pfizer/BioNTech",197311,12415,209726
2021-01-25,"Moderna, Pfizer/BioNTech",206964,15391,222355
2021-01-26,"Moderna, Pfizer/BioNTech",217513,19384,236897
2021-01-27,"Moderna, Pfizer/BioNTech",226545,23919,250464
2021-01-28,"Moderna, Pfizer/BioNTech",233649,30054,263703
2021-01-29,"Moderna, Pfizer/BioNTech",239867,37963,277830
2021-01-30,"Moderna, Pfizer/BioNTech",240608,39051,279659
2021-01-31,"Moderna, Pfizer/BioNTech",241324,40233,281557
2021-02-01,"Moderna, Pfizer/BioNTech",245306,48203,293509
2021-02-02,"Moderna, Pfizer/BioNTech",249458,58444,307902
2021-02-03,"Moderna, Pfizer/BioNTech",253883,69466,323349
2021-02-04,"Moderna, Pfizer/BioNTech",258789,82462,341251
2021-02-05,"Moderna, Pfizer/BioNTech",264260,93138,357398
2021-02-06,"Moderna, Oxford/AstraZeneca, Pfizer/BioNTech",265114,95505,360619
2021-02-07,"Moderna, Oxford/AstraZeneca, Pfizer/BioNTech",265965,98005,363970
2021-02-08,"Moderna, Oxford/AstraZeneca, Pfizer/BioNTech",270057,109442,379499
2021-02-09,"Moderna, Oxford/AstraZeneca, Pfizer/BioNTech",275164,121358,396522
2021-02-10,"Moderna, Oxford/AstraZeneca, Pfizer/BioNTech",280678,134619,415297
2021-02-11,"Moderna, Oxford/AstraZeneca, Pfizer/BioNTech",287019,150844,437863
2021-02-12,"Moderna, Oxford/AstraZeneca, Pfizer/BioNTech",293847,165589,459436
2021-02-13,"Moderna, Oxford/AstraZeneca, Pfizer/BioNTech",295460,168578,464038
2021-02-14,"Moderna, Oxford/AstraZeneca, Pfizer/BioNTech",296464,169964,466428
2021-02-15,"Moderna, Oxford/AstraZeneca, Pfizer/BioNTech",302863,179336,482199
2021-02-16,"Moderna, Oxford/AstraZeneca, Pfizer/BioNTech",311585,188423,500008
2021-02-17,"Moderna, Oxford/AstraZeneca, Pfizer/BioNTech",321286,196731,518017
2021-02-18,"Moderna, Oxford/AstraZeneca, Pfizer/BioNTech",333614,204816,538430
2021-02-19,"Moderna, Oxford/AstraZeneca, Pfizer/BioNTech",345479,212196,557675
2021-02-20,"Moderna, Oxford/AstraZeneca, Pfizer/BioNTech",347484,213382,560866
2021-02-21,"Moderna, Oxford/AstraZeneca, Pfizer/BioNTech",348620,214407,563027
2021-02-22,"Moderna, Oxford/AstraZeneca, Pfizer/BioNTech",358748,220443,579191
2021-02-23,"Moderna, Oxford/AstraZeneca, Pfizer/BioNTech",371715,227435,599150
2021-02-24,"Moderna, Oxford/AstraZeneca, Pfizer/BioNTech",385597,233476,619073
2021-02-25,"Moderna, Oxford/AstraZeneca, Pfizer/BioNTech",403579,239027,642606
2021-02-26,"Moderna, Oxford/AstraZeneca, Pfizer/BioNTech",419760,244387,664147
2021-02-27,"Moderna, Oxford/AstraZeneca, Pfizer/BioNTech",422770,244946,667716
2021-02-28,"Moderna, Oxford/AstraZeneca, Pfizer/BioNTech",425126,245498,670624
2021-03-01,"Moderna, Oxford/AstraZeneca, Pfizer/BioNTech",444723,248950,693673
2021-03-02,"Moderna, Oxford/AstraZeneca, Pfizer/BioNTech",471954,252500,724454
2021-03-03,"Moderna, Oxford/AstraZeneca, Pfizer/BioNTech",502909,257007,759916
2021-03-04,"Moderna, Oxford/AstraZeneca, Pfizer/BioNTech",536202,261697,797899
2021-03-05,"Johnson&Johnson, Moderna, Oxford/AstraZeneca, Pfizer/BioNTech",565050,267122,832172
2021-03-06,"Johnson&Johnson, Moderna, Oxford/AstraZeneca, Pfizer/BioNTech",577204,267987,845191
2021-03-07,"Johnson&Johnson, Moderna, Oxford/AstraZeneca, Pfizer/BioNTech",588752,268829,857581
2021-03-08,"Johnson&Johnson, Moderna, Oxford/AstraZeneca, Pfizer/BioNTech",618506,273691,892197
2021-03-09,"Johnson&Johnson, Moderna, Oxford/AstraZeneca, Pfizer/BioNTech",654875,280077,934952
2021-03-10,"Johnson&Johnson, Moderna, Oxford/AstraZeneca, Pfizer/BioNTech",696208,287037,983245
2021-03-11,"Johnson&Johnson, Moderna, Oxford/AstraZeneca, Pfizer/BioNTech",741057,295410,1036467
2021-03-12,"Johnson&Johnson, Moderna, Oxford/AstraZeneca, Pfizer/BioNTech",779831,303906,1083737
2021-03-13,"Johnson&Johnson, Moderna, Oxford/AstraZeneca, Pfizer/BioNTech",796939,305220,1102159
2021-03-14,"Johnson&Johnson, Moderna, Oxford/AstraZeneca, Pfizer/BioNTech",809059,306376,1115435
2021-03-15,"Johnson&Johnson, Moderna, Oxford/AstraZeneca, Pfizer/BioNTech",837456,315157,1152613
2021-03-16,"Johnson&Johnson, Moderna, Oxford/AstraZeneca, Pfizer/BioNTech",876351,325697,1202048
2021-03-17,"Moderna, Oxford/AstraZeneca, Pfizer/BioNTech",913844,336210,1250054
2021-03-18,"Johnson&Johnson, Moderna, Oxford/AstraZeneca, Pfizer/BioNTech",951856,348633,1300489
2021-03-19,"Moderna, Oxford/AstraZeneca, Pfizer/BioNTech",986372,362248,1348620
2021-03-20,"Johnson&Johnson, Moderna, Oxford/AstraZeneca, Pfizer/BioNTech",1001554,364280,1365834
2021-03-21,"Johnson&Johnson, Moderna, Oxford/AstraZeneca, Pfizer/BioNTech",1008994,365840,1374834
2021-03-22,"Johnson&Johnson, Moderna, Oxford/AstraZeneca, Pfizer/BioNTech",1033581,378344,1411925
2021-03-23,"Johnson&Johnson, Moderna, Oxford/AstraZeneca, Pfizer/BioNTech",1060254,391710,1451964
2021-03-24,"Johnson&Johnson, Moderna, Oxford/AstraZeneca, Pfizer/BioNTech",1087138,407456,1494594
2021-03-25,"Johnson&Johnson, Moderna, Oxford/AstraZeneca, Pfizer/BioNTech",1113496,425312,1538808
2021-03-26,"Johnson&Johnson, Moderna, Oxford/AstraZeneca, Pfizer/BioNTech",1138335,442822,1581157
2021-03-27,"Johnson&Johnson, Moderna, Oxford/AstraZeneca, Pfizer/BioNTech",1146789,447668,1594457
2021-03-28,"Moderna, Oxford/AstraZeneca, Pfizer/BioNTech",1152337,451816,1604153
2021-03-29,"Johnson&Johnson, Moderna, Oxford/AstraZeneca, Pfizer/BioNTech",1171490,472554,1644044
2021-03-30,"Johnson&Johnson, Moderna, Oxford/AstraZeneca, Pfizer/BioNTech",1196197,494740,1690937
2021-03-31,"Johnson&Johnson, Moderna, Oxford/AstraZeneca, Pfizer/BioNTech",1219352,521810,1741162
2021-04-01,"Johnson&Johnson, Moderna, Oxford/AstraZeneca, Pfizer/BioNTech",1245031,553875,1798906
2021-04-02,"Johnson&Johnson, Moderna, Oxford/AstraZeneca, Pfizer/BioNTech",1251997,566674,1818671
2021-04-03,"Johnson&Johnson, Moderna, Oxford/AstraZeneca, Pfizer/BioNTech",1255642,577607,1833249
2021-04-04,"Johnson&Johnson, Moderna, Oxford/AstraZeneca, Pfizer/BioNTech",1258177,586531,1844708
2021-04-05,"Johnson&Johnson, Moderna, Oxford/AstraZeneca, Pfizer/BioNTech",1260601,593734,1854335
2021-04-06,"Johnson&Johnson, Moderna, Oxford/AstraZeneca, Pfizer/BioNTech",1276808,623009,1899817
2021-04-07,"Johnson&Johnson, Moderna, Oxford/AstraZeneca, Pfizer/BioNTech",1300298,645251,1945549
2021-04-08,"Johnson&Johnson, Moderna, Oxford/AstraZeneca, Pfizer/BioNTech",1339101,676296,2015397
2021-04-09,"Johnson&Johnson, Moderna, Oxford/AstraZeneca, Pfizer/BioNTech",1378697,706492,2085189
2021-04-10,"Johnson&Johnson, Moderna, Oxford/AstraZeneca, Pfizer/BioNTech",1394254,721801,2116055
2021-04-11,"Johnson&Johnson, Moderna, Oxford/AstraZeneca, Pfizer/BioNTech",1404056,731856,2135912
2021-04-12,"Johnson&Johnson, Moderna, Oxford/AstraZeneca, Pfizer/BioNTech",1442384,757004,2199388
2021-04-13,"Moderna, Oxford/AstraZeneca, Pfizer/BioNTech",1478687,783050,2261737
2021-04-14,"Moderna, Oxford/AstraZeneca, Pfizer/BioNTech",1517566,810425,2327991
2021-04-15,"Moderna, Oxford/AstraZeneca, Pfizer/BioNTech",1565398,836204,2401602
2021-04-16,"Moderna, Oxford/AstraZeneca, Pfizer/BioNTech",1610104,861886,2471990
2021-04-17,"Moderna, Oxford/AstraZeneca, Pfizer/BioNTech",1626823,870915,2497738
2021-04-18,"Moderna, Oxford/AstraZeneca, Pfizer/BioNTech",1639824,875902,2515726
2021-04-19,"Moderna, Oxford/AstraZeneca, Pfizer/BioNTech",1683795,891349,2575144
2021-04-20,"Johnson&Johnson, Moderna, Oxford/AstraZeneca, Pfizer/BioNTech",1726387,907231,2633618
2021-04-21,"Moderna, Oxford/AstraZeneca, Pfizer/BioNTech",1774164,921598,2695762
2021-04-22,"Johnson&Johnson, Moderna, Oxford/AstraZeneca, Pfizer/BioNTech",1828696,938998,2767694
2021-04-23,"Johnson&Johnson, Moderna, Oxford/AstraZeneca, Pfizer/BioNTech",1878714,951064,2829778
2021-04-24,"Johnson&Johnson, Moderna, Oxford/AstraZeneca, Pfizer/BioNTech",1896585,956326,2852911
2021-04-25,"Johnson&Johnson, Moderna, Oxford/AstraZeneca, Pfizer/BioNTech",1911298,960326,2871624
2021-04-26,"Johnson&Johnson, Moderna, Oxford/AstraZeneca, Pfizer/BioNTech",1960916,967890,2928806
2021-04-27,"Johnson&Johnson, Moderna, Oxford/AstraZeneca, Pfizer/BioNTech",2009920,980140,2990060
2021-04-28,"Johnson&Johnson, Moderna, Oxford/AstraZeneca, Pfizer/BioNTech",2068710,994167,3062877
2021-04-29,"Johnson&Johnson, Moderna, Oxford/AstraZeneca, Pfizer/BioNTech",2134329,1010087,3144416
2021-04-30,"Johnson&Johnson, Moderna, Oxford/AstraZeneca, Pfizer/BioNTech",2196627,1020081,3216708
2021-05-01,"Johnson&Johnson, Moderna, Oxford/AstraZeneca, Pfizer/BioNTech",2216008,1023543,3239551
2021-05-02,"Johnson&Johnson, Moderna, Oxford/AstraZeneca, Pfizer/BioNTech",2234959,1025830,3260789
2021-05-03,"Johnson&Johnson, Moderna, Oxford/AstraZeneca, Pfizer/BioNTech",2302248,1030909,3333157
2021-05-04,"Johnson&Johnson, Moderna, Oxford/AstraZeneca, Pfizer/BioNTech",2368804,1039281,3408085
2021-05-05,"Johnson&Johnson, Moderna, Oxford/AstraZeneca, Pfizer/BioNTech",2442031,1048719,3490750
2021-05-06,"Johnson&Johnson, Moderna, Oxford/AstraZeneca, Pfizer/BioNTech",2522492,1059472,3581964
2021-05-07,"Johnson&Johnson, Moderna, Oxford/AstraZeneca, Pfizer/BioNTech",2599845,1069610,3669455
2021-05-08,"Johnson&Johnson, Moderna, Oxford/AstraZeneca, Pfizer/BioNTech",2629360,1071395,3700755
2021-05-09,"Johnson&Johnson, Moderna, Oxford/AstraZeneca, Pfizer/BioNTech",2653608,1072614,3726222
2021-05-10,"Johnson&Johnson, Moderna, Oxford/AstraZeneca, Pfizer/BioNTech",2726438,1079857,3806295
2021-05-11,"Johnson&Johnson, Moderna, Oxford/AstraZeneca, Pfizer/BioNTech",2802602,1088689,3891291
2021-05-12,"Johnson&Johnson, Moderna, Oxford/AstraZeneca, Pfizer/BioNTech",2882558,1097826,3980384
2021-05-13,"Johnson&Johnson, Moderna, Oxford/AstraZeneca, Pfizer/BioNTech",2966626,1107011,4073637
2021-05-14,"Johnson&Johnson, Moderna, Oxford/AstraZeneca, Pfizer/BioNTech",3046165,1114833,4160998
2021-05-15,"Johnson&Johnson, Moderna, Oxford/AstraZeneca, Pfizer/BioNTech",3078131,1117106,4195237
2021-05-16,"Johnson&Johnson, Moderna, Oxford/AstraZeneca, Pfizer/BioNTech",3103951,1118386,4222337
2021-05-17,"Johnson&Johnson, Moderna, Oxford/AstraZeneca, Pfizer/BioNTech",3176516,1125140,4301656
2021-05-18,"Johnson&Johnson, Moderna, Oxford/AstraZeneca, Pfizer/BioNTech",3248512,1138258,4386770
2021-05-19,"Johnson&Johnson, Moderna, Oxford/AstraZeneca, Pfizer/BioNTech",3326018,1153431,4479449
2021-05-20,"Johnson&Johnson, Moderna, Oxford/AstraZeneca, Pfizer/BioNTech",3401544,1180497,4582041
2021-05-21,"Johnson&Johnson, Moderna, Oxford/AstraZeneca, Pfizer/BioNTech",3470409,1208297,4678706
2021-05-22,"Johnson&Johnson, Moderna, Oxford/AstraZeneca, Pfizer/BioNTech",3502869,1219528,4722397
2021-05-23,"Johnson&Johnson, Moderna, Oxford/AstraZeneca, Pfizer/BioNTech",3525309,1228575,4753884
2021-05-24,"Johnson&Johnson, Moderna, Oxford/AstraZeneca, Pfizer/BioNTech",3572509,1262257,4834766
2021-05-25,"Johnson&Johnson, Moderna, Oxford/AstraZeneca, Pfizer/BioNTech",3624437,1298103,4922540
2021-05-26,"Johnson&Johnson, Moderna, Oxford/AstraZeneca, Pfizer/BioNTech",3692243,1335660,5027903
2021-05-27,"Johnson&Johnson, Moderna, Oxford/AstraZeneca, Pfizer/BioNTech",3753698,1383036,5136734
2021-05-28,"Johnson&Johnson, Moderna, Oxford/AstraZeneca, Pfizer/BioNTech",3815475,1429643,5245118
2021-05-29,"Johnson&Johnson, Moderna, Oxford/AstraZeneca, Pfizer/BioNTech",3844733,1446774,5291507
2021-05-30,"Johnson&Johnson, Moderna, Oxford/AstraZeneca, Pfizer/BioNTech",3867155,1461240,5328395
2021-05-31,"Johnson&Johnson, Moderna, Oxford/AstraZeneca, Pfizer/BioNTech",3922932,1508778,5431710
2021-06-01,"Johnson&Johnson, Moderna, Oxford/AstraZeneca, Pfizer/BioNTech",3982034,1557666,5539700
2021-06-02,"Johnson&Johnson, Moderna, Oxford/AstraZeneca, Pfizer/BioNTech",4045018,1611693,5656711
2021-06-03,"Johnson&Johnson, Moderna, Oxford/AstraZeneca, Pfizer/BioNTech",4103300,1671940,5775240
2021-06-04,"Johnson&Johnson, Moderna, Oxford/AstraZeneca, Pfizer/BioNTech",4166443,1729384,5895827
2021-06-05,"Johnson&Johnson, Moderna, Oxford/AstraZeneca, Pfizer/BioNTech",4200641,1748300,5948941
2021-06-06,"Johnson&Johnson, Moderna, Oxford/AstraZeneca, Pfizer/BioNTech",4227603,1763469,5991072
2021-06-07,"Johnson&Johnson, Moderna, Oxford/AstraZeneca, Pfizer/BioNTech",4291309,1819137,6110446
2021-06-08,"Johnson&Johnson, Moderna, Oxford/AstraZeneca, Pfizer/BioNTech",4355334,1874170,6229504
2021-06-09,"Johnson&Johnson, Moderna, Oxford/AstraZeneca, Pfizer/BioNTech",4414570,1938876,6353446
2021-06-10,"Johnson&Johnson, Moderna, Oxford/AstraZeneca, Pfizer/BioNTech",4468452,2010208,6478660
2021-06-11,"Johnson&Johnson, Moderna, Oxford/AstraZeneca, Pfizer/BioNTech",4520591,2080061,6600652
2021-06-12,"Johnson&Johnson, Moderna, Oxford/AstraZeneca, Pfizer/BioNTech",4552635,2100901,6653536
2021-06-13,"Johnson&Johnson, Moderna, Oxford/AstraZeneca, Pfizer/BioNTech",4576676,2119339,6696015
2021-06-14,"Johnson&Johnson, Moderna, Oxford/AstraZeneca, Pfizer/BioNTech",4619780,2193768,6813548
2021-06-15,"Johnson&Johnson, Moderna, Oxford/AstraZeneca, Pfizer/BioNTech",4664469,2266176,6930645
2021-06-16,"Johnson&Johnson, Moderna, Oxford/AstraZeneca, Pfizer/BioNTech",4707291,2344459,7051750
2021-06-17,"Johnson&Johnson, Moderna, Oxford/AstraZeneca, Pfizer/BioNTech",4746719,2427591,7174310
2021-06-18,"Johnson&Johnson, Moderna, Oxford/AstraZeneca, Pfizer/BioNTech",4789175,2508196,7297371
2021-06-19,"Johnson&Johnson, Moderna, Oxford/AstraZeneca, Pfizer/BioNTech",4810967,2537529,7348496
2021-06-20,"Johnson&Johnson, Moderna, Oxford/AstraZeneca, Pfizer/BioNTech",4828370,2561415,7389785
2021-06-21,"Johnson&Johnson, Moderna, Oxford/AstraZeneca, Pfizer/BioNTech",4860884,2640066,7500950
2021-06-22,"Johnson&Johnson, Moderna, Oxford/AstraZeneca, Pfizer/BioNTech",4893852,2722422,7616274
2021-06-23,"Johnson&Johnson, Moderna, Oxford/AstraZeneca, Pfizer/BioNTech",4925556,2807696,7733252
2021-06-24,"Johnson&Johnson, Moderna, Oxford/AstraZeneca, Pfizer/BioNTech",4955425,2897761,7853186
2021-06-25,"Johnson&Johnson, Moderna, Oxford/AstraZeneca, Pfizer/BioNTech",4986523,2984011,7970534
2021-06-26,"Johnson&Johnson, Moderna, Oxford/AstraZeneca, Pfizer/BioNTech",5002427,3018904,8021331
2021-06-27,"Johnson&Johnson, Moderna, Oxford/AstraZeneca, Pfizer/BioNTech",5016389,3045618,8062007
2021-06-28,"Johnson&Johnson, Moderna, Oxford/AstraZeneca, Pfizer/BioNTech",5044804,3130871,8175675
2021-06-29,"Johnson&Johnson, Moderna, Oxford/AstraZeneca, Pfizer/BioNTech",5074095,3217429,8291524
2021-06-30,"Johnson&Johnson, Moderna, Oxford/AstraZeneca, Pfizer/BioNTech",5101611,3308499,8410110
2021-07-01,"Johnson&Johnson, Moderna, Oxford/AstraZeneca, Pfizer/BioNTech",5125595,3398629,8524224
2021-07-02,"Johnson&Johnson, Moderna, Oxford/AstraZeneca, Pfizer/BioNTech",5152337,3484583,8636920
2021-07-03,"Johnson&Johnson, Moderna, Oxford/AstraZeneca, Pfizer/BioNTech",5159446,3516147,8675593
2021-07-04,"Johnson&Johnson, Moderna, Oxford/AstraZeneca, Pfizer/BioNTech",5167026,3537967,8704993
2021-07-05,"Johnson&Johnson, Moderna, Oxford/AstraZeneca, Pfizer/BioNTech",5174433,3563377,8737810
2021-07-06,"Johnson&Johnson, Moderna, Oxford/AstraZeneca, Pfizer/BioNTech",5179895,3591102,8770997
2021-07-07,"Johnson&Johnson, Moderna, Oxford/AstraZeneca, Pfizer/BioNTech",5205722,3670149,8875871
2021-07-08,"Johnson&Johnson, Moderna, Oxford/AstraZeneca, Pfizer/BioNTech",5232344,3740520,8972864
2021-07-09,"Johnson&Johnson, Moderna, Oxford/AstraZeneca, Pfizer/BioNTech",5260285,3809883,9070168
2021-07-10,"Johnson&Johnson, Moderna, Oxford/AstraZeneca, Pfizer/BioNTech",5269654,3838564,9108218
2021-07-11,"Johnson&Johnson, Moderna, Oxford/AstraZeneca, Pfizer/BioNTech",5278202,3861467,9139669
2021-07-12,"Johnson&Johnson, Moderna, Oxford/AstraZeneca, Pfizer/BioNTech",5305725,3930589,9236314
2021-07-13,"Johnson&Johnson, Moderna, Oxford/AstraZeneca, Pfizer/BioNTech",5331931,4000500,9332431
2021-07-14,"Johnson&Johnson, Moderna, Oxford/AstraZeneca, Pfizer/BioNTech",5357763,4072539,9430302
2021-07-15,"Johnson&Johnson, Moderna, Oxford/AstraZeneca, Pfizer/BioNTech",5386940,4138602,9525542
2021-07-16,"Johnson&Johnson, Moderna, Oxford/AstraZeneca, Pfizer/BioNTech",5414868,4211383,9626251
2021-07-17,"Johnson&Johnson, Moderna, Oxford/AstraZeneca, Pfizer/BioNTech",5423674,4242866,9666540
2021-07-18,"Johnson&Johnson, Moderna, Oxford/AstraZeneca, Pfizer/BioNTech",5432118,4268889,9701007
2021-07-19,"Johnson&Johnson, Moderna, Oxford/AstraZeneca, Pfizer/BioNTech",5455483,4335947,9791430
2021-07-20,"Johnson&Johnson, Moderna, Oxford/AstraZeneca, Pfizer/BioNTech",5476887,4403046,9879933
2021-07-21,"Johnson&Johnson, Moderna, Oxford/AstraZeneca, Pfizer/BioNTech",5500347,4466538,9966885
2021-07-22,"Johnson&Johnson, Moderna, Oxford/AstraZeneca, Pfizer/BioNTech",5522722,4525190,10047912
2021-07-23,"Johnson&Johnson, Moderna, Oxford/AstraZeneca, Pfizer/BioNTech",5545949,4579973,10125922
2021-07-24,"Johnson&Johnson, Moderna, Oxford/AstraZeneca, Pfizer/BioNTech",5553282,4607668,10160950
2021-07-25,"Johnson&Johnson, Moderna, Oxford/AstraZeneca, Pfizer/BioNTech",5559912,4629813,10189725
2021-07-26,"Johnson&Johnson, Moderna, Oxford/AstraZeneca, Pfizer/BioNTech",5583472,4678519,10261991
2021-07-27,"Johnson&Johnson, Moderna, Oxford/AstraZeneca, Pfizer/BioNTech",5606208,4725176,10331384
2021-07-28,"Johnson&Johnson, Moderna, Oxford/AstraZeneca, Pfizer/BioNTech",5627472,4771197,10398669
2021-07-29,"Johnson&Johnson, Moderna, Oxford/AstraZeneca, Pfizer/BioNTech",5648804,4813179,10461983
2021-07-30,"Johnson&Johnson, Moderna, Oxford/AstraZeneca, Pfizer/BioNTech",5672083,4855771,10527854
2021-07-31,"Johnson&Johnson, Moderna, Oxford/AstraZeneca, Pfizer/BioNTech",5681023,4875314,10556337
2021-08-01,"Johnson&Johnson, Moderna, Oxford/AstraZeneca, Pfizer/BioNTech",5687749,4891498,10579247
2021-08-02,"Johnson&Johnson, Moderna, Oxford/AstraZeneca, Pfizer/BioNTech",5706388,4929062,10635450
2021-08-03,"Johnson&Johnson, Moderna, Oxford/AstraZeneca, Pfizer/BioNTech",5724035,4967179,10691214
2021-08-04,"Johnson&Johnson, Moderna, Oxford/AstraZeneca, Pfizer/BioNTech",5740142,5003938,10744080
2021-08-05,"Johnson&Johnson, Moderna, Oxford/AstraZeneca, Pfizer/BioNTech",5756185,5044440,10800625
2021-08-06,"Johnson&Johnson, Moderna, Oxford/AstraZeneca, Pfizer/BioNTech",5772971,5087739,10860710
2021-08-07,"Johnson&Johnson, Moderna, Oxford/AstraZeneca, Pfizer/BioNTech",5778572,5105926,10884498
2021-08-08,"Johnson&Johnson, Moderna, Oxford/AstraZeneca, Pfizer/BioNTech",5782933,5121683,10904616
2021-08-09,"Johnson&Johnson, Moderna, Oxford/AstraZeneca, Pfizer/BioNTech",5795576,5166746,10962322
2021-08-10,"Johnson&Johnson, Moderna, Oxford/AstraZeneca, Pfizer/BioNTech",5807417,5206323,11013740
2021-08-11,"Johnson&Johnson, Moderna, Oxford/AstraZeneca, Pfizer/BioNTech",5818772,5249465,11068237
2021-08-12,"Johnson&Johnson, Moderna, Oxford/AstraZeneca, Pfizer/BioNTech",5830199,5286598,11116797
2021-08-13,"Johnson&Johnson, Moderna, Oxford/AstraZeneca, Pfizer/BioNTech",5840920,5326950,11167870
2021-08-14,"Johnson&Johnson, Moderna, Oxford/AstraZeneca, Pfizer/BioNTech",5844252,5337657,11181909
2021-08-15,"Johnson&Johnson, Moderna, Oxford/AstraZeneca, Pfizer/BioNTech",5846834,5348033,11194867
2021-08-16,"Johnson&Johnson, Moderna, Oxford/AstraZeneca, Pfizer/BioNTech",5856624,5382112,11238736
2021-08-17,"Johnson&Johnson, Moderna, Oxford/AstraZeneca, Pfizer/BioNTech",5866219,5409209,11275428
2021-08-18,"Johnson&Johnson, Moderna, Oxford/AstraZeneca, Pfizer/BioNTech",5875595,5448090,11323685
2021-08-19,"Johnson&Johnson, Moderna, Oxford/AstraZeneca, Pfizer/BioNTech",5885262,5486440,11371702
2021-08-20,"Johnson&Johnson, Moderna, Oxford/AstraZeneca, Pfizer/BioNTech",5896649,5526632,11423281
2021-08-21,"Johnson&Johnson, Moderna, Oxford/AstraZeneca, Pfizer/BioNTech",5899369,5539399,11438768
2021-08-22,"Johnson&Johnson, Moderna, Oxford/AstraZeneca, Pfizer/BioNTech",5901712,5551362,11453074
2021-08-23,"Johnson&Johnson, Moderna, Oxford/AstraZeneca, Pfizer/BioNTech",5912243,5590633,11502876
2021-08-24,"Johnson&Johnson, Moderna, Oxford/AstraZeneca, Pfizer/BioNTech",5922117,5623881,11545998
2021-08-25,"Johnson&Johnson, Moderna, Oxford/AstraZeneca, Pfizer/BioNTech",5930985,5652259,11583244
2021-08-26,"Johnson&Johnson, Moderna, Oxford/AstraZeneca, Pfizer/BioNTech",5939436,5678384,11617820
2021-08-27,"Johnson&Johnson, Moderna, Oxford/AstraZeneca, Pfizer/BioNTech",5949760,5704354,11654114
2021-08-28,"Johnson&Johnson, Moderna, Oxford/AstraZeneca, Pfizer/BioNTech",5952490,5711404,11663894
2021-08-29,"Johnson&Johnson, Moderna, Oxford/AstraZeneca, Pfizer/BioNTech",5954902,5718027,11672929
2021-08-30,"Johnson&Johnson, Moderna, Oxford/AstraZeneca, Pfizer/BioNTech",5963431,5739898,11703329
2021-08-31,"Johnson&Johnson, Moderna, Oxford/AstraZeneca, Pfizer/BioNTech",5971107,5757991,11729098
2021-09-01,"Johnson&Johnson, Moderna, Oxford/AstraZeneca, Pfizer/BioNTech",5977001,5771990,11748991
2021-09-02,"Johnson&Johnson, Moderna, Oxford/AstraZeneca, Pfizer/BioNTech",5983844,5786383,11770227
2021-09-03,"Johnson&Johnson, Moderna, Oxford/AstraZeneca, Pfizer/BioNTech",5993406,5802097,11795503
2021-09-04,"Johnson&Johnson, Moderna, Oxford/AstraZeneca, Pfizer/BioNTech",5995473,5805649,11801122
2021-09-05,"Johnson&Johnson, Moderna, Oxford/AstraZeneca, Pfizer/BioNTech",5997512,5808492,11806004
2021-09-06,"Johnson&Johnson, Moderna, Oxford/AstraZeneca, Pfizer/BioNTech",6003749,5821023,11824772
2021-09-07,"Johnson&Johnson, Moderna, Oxford/AstraZeneca, Pfizer/BioNTech",6008143,5832117,11840260
2021-09-08,"Johnson&Johnson, Moderna, Oxford/AstraZeneca, Pfizer/BioNTech",6013818,5841963,11855781
2021-09-09,"Johnson&Johnson, Moderna, Oxford/AstraZeneca, Pfizer/BioNTech",6020510,5852029,11872539
2021-09-10,"Johnson&Johnson, Moderna, Oxford/AstraZeneca, Pfizer/BioNTech",6028199,5864202,11892401
2021-09-11,"Johnson&Johnson, Moderna, Oxford/AstraZeneca, Pfizer/BioNTech",6030064,5866684,11896748
2021-09-12,"Johnson&Johnson, Moderna, Oxford/AstraZeneca, Pfizer/BioNTech",6031179,5868314,11899493
2021-09-13,"Johnson&Johnson, Moderna, Oxford/AstraZeneca, Pfizer/BioNTech",6036611,5878614,11915225
2021-09-14,"Johnson&Johnson, Moderna, Oxford/AstraZeneca, Pfizer/BioNTech",6042004,5887629,11929633
2021-09-15,"Johnson&Johnson, Moderna, Oxford/AstraZeneca, Pfizer/BioNTech",6047204,5896152,11943356
2021-09-16,"Johnson&Johnson, Moderna, Oxford/AstraZeneca, Pfizer/BioNTech",6052549,5904424,11956973
2021-09-17,"Johnson&Johnson, Moderna, Oxford/AstraZeneca, Pfizer/BioNTech",6059118,5914654,11973772
2021-09-18,"Johnson&Johnson, Moderna, Oxford/AstraZeneca, Pfizer/BioNTech",6060844,5917012,11977856
2021-09-19,"Johnson&Johnson, Moderna, Oxford/AstraZeneca, Pfizer/BioNTech",6061789,5918578,11980367
2021-09-20,"Johnson&Johnson, Moderna, Oxford/AstraZeneca, Pfizer/BioNTech",6065804,5926776,11992580
2021-09-21,"Johnson&Johnson, Moderna, Oxford/AstraZeneca, Pfizer/BioNTech",6070035,5934306,12004341
2021-09-22,"Johnson&Johnson, Moderna, Oxford/AstraZeneca, Pfizer/BioNTech",6074218,5939818,12014036
2021-09-23,"Johnson&Johnson, Moderna, Oxford/AstraZeneca, Pfizer/BioNTech",6079192,5946220,12025412
2021-09-24,"Johnson&Johnson, Moderna, Oxford/AstraZeneca, Pfizer/BioNTech",6084953,5955843,12040796
2021-09-25,"Johnson&Johnson, Moderna, Oxford/AstraZeneca, Pfizer/BioNTech",6086450,5957841,12044291
2021-09-26,"Johnson&Johnson, Moderna, Oxford/AstraZeneca, Pfizer/BioNTech",6087194,5959478,12046672
2021-09-27,"Johnson&Johnson, Moderna, Oxford/AstraZeneca, Pfizer/BioNTech",6091073,5965987,12057060
2021-09-28,"Johnson&Johnson, Moderna, Pfizer/BioNTech",6091438,5966609,12058047
2021-09-29,"Johnson&Johnson, Moderna, Oxford/AstraZeneca, Pfizer/BioNTech",6095214,5974069,12069283
2021-09-30,"Johnson&Johnson, Moderna, Oxford/AstraZeneca, Pfizer/BioNTech",6099718,5981765,12081483
2021-10-01,"Johnson&Johnson, Moderna, Oxford/AstraZeneca, Pfizer/BioNTech",6104018,5989737,12093755
2021-10-02,"Johnson&Johnson, Moderna, Oxford/AstraZeneca, Pfizer/BioNTech",6105081,5991277,12096358
2021-10-03,"Johnson&Johnson, Moderna, Pfizer/BioNTech",6105804,5992143,12097947
2021-10-04,"Johnson&Johnson, Moderna, Oxford/AstraZeneca, Pfizer/BioNTech",6108879,5997713,12106592
2021-10-05,"Johnson&Johnson, Moderna, Oxford/AstraZeneca, Pfizer/BioNTech",6112043,6002794,12114837
2021-10-06,"Johnson&Johnson, Moderna, Oxford/AstraZeneca, Pfizer/BioNTech",6115560,6007964,12123524
2021-10-07,"Johnson&Johnson, Moderna, Oxford/AstraZeneca, Pfizer/BioNTech",6118838,6013217,12132055
2021-10-08,"Johnson&Johnson, Moderna, Oxford/AstraZeneca, Pfizer/BioNTech",6123631,6019852,12143483
2021-10-09,"Johnson&Johnson, Moderna, Oxford/AstraZeneca, Pfizer/BioNTech",6124874,6021508,12146382
2021-10-10,"Johnson&Johnson, Moderna, Oxford/AstraZeneca, Pfizer/BioNTech",6125815,6022338,12148153
2021-10-11,"Johnson&Johnson, Moderna, Oxford/AstraZeneca, Pfizer/BioNTech",6128745,6026750,12155495
2021-10-12,"Johnson&Johnson, Moderna, Oxford/AstraZeneca, Pfizer/BioNTech",6131675,6030752,12162427
2021-10-13,"Johnson&Johnson, Moderna, Oxford/AstraZeneca, Pfizer/BioNTech",6135206,6034932,12170138
2021-10-14,"Johnson&Johnson, Moderna, Oxford/AstraZeneca, Pfizer/BioNTech",6138879,6039879,12178758
2021-10-15,"Johnson&Johnson, Moderna, Oxford/AstraZeneca, Pfizer/BioNTech",6144107,6046024,12190131
2021-10-16,"Johnson&Johnson, Moderna, Oxford/AstraZeneca, Pfizer/BioNTech",6145521,6047547,12193068
2021-10-17,"Johnson&Johnson, Moderna, Pfizer/BioNTech",6146846,6048600,12195446
2021-10-18,"Johnson&Johnson, Moderna, Oxford/AstraZeneca, Pfizer/BioNTech",6150961,6052691,12203652
2021-10-19,"Johnson&Johnson, Moderna, Oxford/AstraZeneca, Pfizer/BioNTech",6154539,6054787,12209326
2021-10-20,"Johnson&Johnson, Moderna, Oxford/AstraZeneca, Pfizer/BioNTech",6159419,6059231,12218650
2021-10-21,"Johnson&Johnson, Moderna, Oxford/AstraZeneca, Pfizer/BioNTech",6167187,6064832,12232019
2021-10-22,"Johnson&Johnson, Moderna, Oxford/AstraZeneca, Pfizer/BioNTech",6177636,6071335,12248971
2021-10-23,"Johnson&Johnson, Moderna, Oxford/AstraZeneca, Pfizer/BioNTech",6181313,6073543,12254856
2021-10-24,"Johnson&Johnson, Moderna, Pfizer/BioNTech",6183995,6075319,12259314
2021-10-25,"Johnson&Johnson, Moderna, Oxford/AstraZeneca, Pfizer/BioNTech",6194492,6081123,12275615
2021-10-26,"Johnson&Johnson, Moderna, Oxford/AstraZeneca, Pfizer/BioNTech",6206485,6087671,12294156
2021-10-27,"Johnson&Johnson, Moderna, Oxford/AstraZeneca, Pfizer/BioNTech",6221093,6095073,12316166
2021-10-28,"Johnson&Johnson, Moderna, Oxford/AstraZeneca, Pfizer/BioNTech",6224511,6096752,12321263
2021-10-29,"Johnson&Johnson, Moderna, Oxford/AstraZeneca, Pfizer/BioNTech",6238942,6104731,12343673
2021-10-30,"Johnson&Johnson, Moderna, Oxford/AstraZeneca, Pfizer/BioNTech",6243472,6107654,12351126
2021-10-31,"Johnson&Johnson, Moderna, Oxford/AstraZeneca, Pfizer/BioNTech",6247234,6110125,12357359
2021-11-01,"Johnson&Johnson, Moderna, Oxford/AstraZeneca, Pfizer/BioNTech",6262435,6117808,12380243
2021-11-02,"Johnson&Johnson, Moderna, Oxford/AstraZeneca, Pfizer/BioNTech",6277887,6125362,12403249
2021-11-03,"Johnson&Johnson, Moderna, Oxford/AstraZeneca, Pfizer/BioNTech",6295066,6132656,12427722
2021-11-04,"Johnson&Johnson, Moderna, Oxford/AstraZeneca, Pfizer/BioNTech",6313421,6140824,12454245
2021-11-05,"Johnson&Johnson, Moderna, Oxford/AstraZeneca, Pfizer/BioNTech",6336217,6152100,12488317
2021-11-06,"Johnson&Johnson, Moderna, Pfizer/BioNTech",6342730,6155152,12497882
2021-11-07,"Johnson&Johnson, Moderna, Oxford/AstraZeneca, Pfizer/BioNTech",6346752,6157589,12504341
2021-11-08,"Johnson&Johnson, Moderna, Oxford/AstraZeneca, Pfizer/BioNTech",6363023,6165221,12528244
2021-11-09,"Johnson&Johnson, Moderna, Oxford/AstraZeneca, Pfizer/BioNTech",6377832,6172514,12550346
2021-11-10,"Johnson&Johnson, Moderna, Oxford/AstraZeneca, Pfizer/BioNTech",6393573,6179889,12573462
2021-11-11,"Johnson&Johnson, Moderna, Oxford/AstraZeneca, Pfizer/BioNTech",6409044,6188994,12598038
2021-11-12,"Johnson&Johnson, Moderna, Oxford/AstraZeneca, Pfizer/BioNTech",6428849,6201786,12630635
2021-11-13,"Johnson&Johnson, Moderna, Oxford/AstraZeneca, Pfizer/BioNTech",6434239,6205654,12639893
2021-11-14,"Johnson&Johnson, Moderna, Oxford/AstraZeneca, Pfizer/BioNTech",6438131,6208657,12646788
2021-11-15,"Johnson&Johnson, Moderna, Oxford/AstraZeneca, Pfizer/BioNTech",6453210,6219345,12672555
2021-11-16,"Johnson&Johnson, Moderna, Oxford/AstraZeneca, Pfizer/BioNTech",6470753,6231326,12702079
2021-11-17,"Johnson&Johnson, Moderna, Oxford/AstraZeneca, Pfizer/BioNTech",6474995,6234889,12709884
2021-11-18,"Johnson&Johnson, Moderna, Oxford/AstraZeneca, Pfizer/BioNTech",6494411,6246573,12740984
2021-11-19,"Johnson&Johnson, Moderna, Oxford/AstraZeneca, Pfizer/BioNTech",6519018,6263541,12782559
2021-11-20,"Johnson&Johnson, Moderna, Pfizer/BioNTech",6527590,6268520,12796110
2021-11-21,"Johnson&Johnson, Moderna, Pfizer/BioNTech",6534361,6272291,12806652
2021-11-22,"Johnson&Johnson, Moderna, Oxford/AstraZeneca, Pfizer/BioNTech",6552875,6286401,12839276
2021-11-23,"Johnson&Johnson, Moderna, Oxford/AstraZeneca, Pfizer/BioNTech",6571935,6299656,12871591
2021-11-24,"Johnson&Johnson, Moderna, Oxford/AstraZeneca, Pfizer/BioNTech",6590947,6315496,12906443
2021-11-25,"Johnson&Johnson, Moderna, Oxford/AstraZeneca, Pfizer/BioNTech",6610099,6330523,12940622
2021-11-26,"Johnson&Johnson, Moderna, Oxford/AstraZeneca, Pfizer/BioNTech",6631751,6349658,12981409
2021-11-27,"Johnson&Johnson, Moderna, Oxford/AstraZeneca, Pfizer/BioNTech",6639223,6355213,12994436
2021-11-28,"Johnson&Johnson, Moderna, Oxford/AstraZeneca, Pfizer/BioNTech",6642559,6358346,13000905
2021-11-29,"Johnson&Johnson, Moderna, Oxford/AstraZeneca, Pfizer/BioNTech",6657767,6372002,13029769
2021-11-30,"Johnson&Johnson, Moderna, Oxford/AstraZeneca, Pfizer/BioNTech",6670971,6383236,13054207
2021-12-01,"Johnson&Johnson, Moderna, Oxford/AstraZeneca, Pfizer/BioNTech",6685000,6395688,13080688
2021-12-02,"Johnson&Johnson, Moderna, Oxford/AstraZeneca, Pfizer/BioNTech",6695635,6408180,13103815
2021-12-03,"Johnson&Johnson, Moderna, Oxford/AstraZeneca, Pfizer/BioNTech",6705280,6423749,13129029
2021-12-04,"Johnson&Johnson, Moderna, Pfizer/BioNTech",6707841,6427697,13135538
2021-12-05,"Johnson&Johnson, Moderna, Oxford/AstraZeneca, Pfizer/BioNTech",6709204,6430037,13139241
2021-12-06,"Johnson&Johnson, Moderna, Oxford/AstraZeneca, Pfizer/BioNTech",6717367,6441560,13158927
2021-12-07,"Johnson&Johnson, Moderna, Oxford/AstraZeneca, Pfizer/BioNTech",6725253,6453561,13178814
2021-12-08,"Johnson&Johnson, Moderna, Oxford/AstraZeneca, Pfizer/BioNTech",6733503,6459482,13192985
2021-12-09,"Johnson&Johnson, Moderna, Oxford/AstraZeneca, Pfizer/BioNTech",6740626,6472300,13212926
2021-12-10,"Johnson&Johnson, Moderna, Oxford/AstraZeneca, Pfizer/BioNTech",6747556,6490102,13237658
2021-12-11,"Johnson&Johnson, Moderna, Pfizer/BioNTech",6749216,6495373,13244589
2021-12-12,"Johnson&Johnson, Moderna, Oxford/AstraZeneca, Pfizer/BioNTech",6750525,6499805,13250330
2021-12-13,"Johnson&Johnson, Moderna, Oxford/AstraZeneca, Pfizer/BioNTech",6756879,6513114,13269993
2021-12-14,"Johnson&Johnson, Moderna, Oxford/AstraZeneca, Pfizer/BioNTech",6763105,6526781,13289886
2021-12-15,"Johnson&Johnson, Moderna, Oxford/AstraZeneca, Pfizer/BioNTech",6769307,6540381,13309688
2021-12-16,"Johnson&Johnson, Moderna, Oxford/AstraZeneca, Pfizer/BioNTech",6776244,6555216,13331460
2021-12-17,"Johnson&Johnson, Moderna, Oxford/AstraZeneca, Pfizer/BioNTech",6784611,6572474,13357085
2021-12-18,"Johnson&Johnson, Moderna, Oxford/AstraZeneca, Pfizer/BioNTech",6787221,6577921,13365142
2021-12-19,"Johnson&Johnson, Moderna, Pfizer/BioNTech",6788993,6580423,13369416
2021-12-20,"Johnson&Johnson, Moderna, Oxford/AstraZeneca, Pfizer/BioNTech",6794805,6594477,13389282
2021-12-21,"Johnson&Johnson, Moderna, Oxford/AstraZeneca, Pfizer/BioNTech",6801475,6606463,13407938
2021-12-22,"Johnson&Johnson, Moderna, Oxford/AstraZeneca, Pfizer/BioNTech",6806534,6619507,13426041
2021-12-23,"Johnson&Johnson, Moderna, Oxford/AstraZeneca, Pfizer/BioNTech",6809398,6625106,13434504
2021-12-24,"Johnson&Johnson, Moderna, Oxford/AstraZeneca, Pfizer/BioNTech",6809443,6625206,13434649
2021-12-25,"Moderna, Pfizer/BioNTech",6809444,6625213,13434657
2021-12-26,"Moderna, Pfizer/BioNTech",6809543,6625415,13434958
2021-12-27,"Johnson&Johnson, Moderna, Pfizer/BioNTech",6813407,6635150,13448557
2021-12-28,"Johnson&Johnson, Moderna, Oxford/AstraZeneca, Pfizer/BioNTech",6818643,6643128,13461771
2021-12-29,"Johnson&Johnson, Moderna, Oxford/AstraZeneca, Pfizer/BioNTech",6822924,6650838,13473762
2021-12-30,"Johnson&Johnson, Moderna, Pfizer/BioNTech",6827220,6656264,13483484
2021-12-31,"Johnson&Johnson, Moderna, Pfizer/BioNTech",6827727,6657680,13485407
2022-01-01,"Johnson&Johnson, Moderna, Pfizer/BioNTech",6827732,6657698,13485430
2022-01-02,"Johnson&Johnson, Moderna, Pfizer/BioNTech",6828582,6659079,13487661
2022-01-03,"Johnson&Johnson, Moderna, Oxford/AstraZeneca, Pfizer/BioNTech",6832695,6667970,13500665
2022-01-04,"Johnson&Johnson, Moderna, Oxford/AstraZeneca, Pfizer/BioNTech",6837775,6675743,13513518
2022-01-05,"Johnson&Johnson, Moderna, Oxford/AstraZeneca, Pfizer/BioNTech",6843568,6683704,13527272
2022-01-06,"Johnson&Johnson, Moderna, Oxford/AstraZeneca, Pfizer/BioNTech",6850144,6692125,13542269
2022-01-07,"Johnson&Johnson, Moderna, Oxford/AstraZeneca, Pfizer/BioNTech",6857999,6702465,13560464
2022-01-08,"Johnson&Johnson, Moderna, Oxford/AstraZeneca, Pfizer/BioNTech",6860481,6705247,13565728
2022-01-09,"Johnson&Johnson, Moderna, Pfizer/BioNTech",6861563,6706949,13568512
2022-01-10,"Johnson&Johnson, Moderna, Oxford/AstraZeneca, Pfizer/BioNTech",6866032,6713115,13579147
2022-01-11,"Johnson&Johnson, Moderna, Oxford/AstraZeneca, Pfizer/BioNTech",6871428,6719873,13591301
2022-01-12,"Johnson&Johnson, Moderna, Oxford/AstraZeneca, Pfizer/BioNTech",6877361,6725513,13602874
2022-01-13,"Johnson&Johnson, Moderna, Oxford/AstraZeneca, Pfizer/BioNTech",6883243,6730277,13613520
2022-01-14,"Johnson&Johnson, Moderna, Oxford/AstraZeneca, Pfizer/BioNTech",6889504,6733922,13623426
2022-01-15,"Johnson&Johnson, Moderna, Oxford/AstraZeneca, Pfizer/BioNTech",6890780,6734575,13625355
2022-01-16,"Johnson&Johnson, Moderna, Oxford/AstraZeneca, Pfizer/BioNTech",6891465,6735007,13626472
2022-01-17,"Johnson&Johnson, Moderna, Oxford/AstraZeneca, Pfizer/BioNTech",6894951,6738950,13633901
2022-01-18,"Johnson&Johnson, Moderna, Oxford/AstraZeneca, Pfizer/BioNTech",6898820,6743894,13642714
2022-01-19,"Johnson&Johnson, Moderna, Oxford/AstraZeneca, Pfizer/BioNTech",6902864,6747822,13650686
2022-01-20,"Johnson&Johnson, Moderna, Oxford/AstraZeneca, Pfizer/BioNTech",6906453,6752233,13658686
2022-01-21,"Johnson&Johnson, Moderna, Oxford/AstraZeneca, Pfizer/BioNTech",6910451,6754751,13665202
2022-01-22,"Johnson&Johnson, Moderna, Oxford/AstraZeneca, Pfizer/BioNTech",6911233,6755190,13666423
2022-01-23,"Johnson&Johnson, Moderna, Pfizer/BioNTech",6911802,6755823,13667625
2022-01-24,"Johnson&Johnson, Moderna, Oxford/AstraZeneca, Pfizer/BioNTech",6914062,6759240,13673302
2022-01-25,"Johnson&Johnson, Moderna, Oxford/AstraZeneca, Pfizer/BioNTech",6916407,6763213,13679620
2022-01-26,"Johnson&Johnson, Moderna, Oxford/AstraZeneca, Pfizer/BioNTech",6918794,6767758,13686552
2022-01-27,"Johnson&Johnson, Moderna, Oxford/AstraZeneca, Pfizer/BioNTech",6921144,6772559,13693703
2022-01-28,"Johnson&Johnson, Moderna, Oxford/AstraZeneca, Pfizer/BioNTech",6924060,6778675,13702735
2022-01-29,"Johnson&Johnson, Moderna, Pfizer/BioNTech",6924664,6780319,13704983
2022-01-30,"Johnson&Johnson, Moderna, Pfizer/BioNTech",6924891,6781093,13705984
2022-01-31,"Johnson&Johnson, Moderna, Pfizer/BioNTech",6926392,6784969,13711361
2022-02-01,"Johnson&Johnson, Moderna, Pfizer/BioNTech",6927937,6788894,13716831
2022-02-02,"Johnson&Johnson, Moderna, Pfizer/BioNTech",6929375,6793195,13722570
