date,vaccine,people_vaccinated,people_fully_vaccinated,total_vaccinations
2020-12-27,Pfizer/BioNTech,1274,0,1274
2020-12-28,Pfizer/BioNTech,3574,0,3574
2020-12-29,Pfizer/BioNTech,7030,0,7030
2020-12-30,Pfizer/BioNTech,10522,0,10522
2020-12-31,Pfizer/BioNTech,11827,0,11827
2021-01-01,"Moderna, Pfizer/BioNTech",12092,0,12092
2021-01-02,Pfizer/BioNTech,13365,0,13365
2021-01-03,Pfizer/BioNTech,14284,0,14284
2021-01-04,"Moderna, Pfizer/BioNTech",17878,0,17878
2021-01-05,"Moderna, Pfizer/BioNTech",22379,0,22379
2021-01-06,Pfizer/BioNTech,28216,0,28216
2021-01-07,Pfizer/BioNTech,36180,0,36180
2021-01-08,Pfizer/BioNTech,46150,0,46150
2021-01-09,Pfizer/BioNTech,48168,0,48168
2021-01-10,Pfizer/BioNTech,49926,2,49928
2021-01-11,Pfizer/BioNTech,59742,4,59746
2021-01-12,Pfizer/BioNTech,73142,6,73148
2021-01-13,Pfizer/BioNTech,86638,6,86644
2021-01-14,"Moderna, Pfizer/BioNTech",101828,8,101836
2021-01-15,"Moderna, Pfizer/BioNTech",115790,8,115798
2021-01-16,"Moderna, Pfizer/BioNTech",119168,10,119178
2021-01-17,"Moderna, Pfizer/BioNTech",121771,650,122421
2021-01-18,"Moderna, Pfizer/BioNTech",134237,2471,136708
2021-01-19,"Moderna, Pfizer/BioNTech",146787,5183,151970
2021-01-20,"Moderna, Pfizer/BioNTech",160415,7827,168242
2021-01-21,"Moderna, Pfizer/BioNTech",176013,9558,185571
2021-01-22,"Moderna, Pfizer/BioNTech",190827,10601,201428
2021-01-23,"Moderna, Pfizer/BioNTech",194120,11472,205592
2021-01-24,"Moderna, Pfizer/BioNTech",196363,12341,208704
2021-01-25,"Moderna, Pfizer/BioNTech",205978,15310,221288
2021-01-26,"Moderna, Pfizer/BioNTech",216488,19279,235767
2021-01-27,"Moderna, Pfizer/BioNTech",225491,23792,249283
2021-01-28,"Moderna, Pfizer/BioNTech",232552,29899,262451
2021-01-29,"Moderna, Pfizer/BioNTech",238745,37767,276512
2021-01-30,"Moderna, Pfizer/BioNTech",239475,38854,278329
2021-01-31,"Moderna, Pfizer/BioNTech",240181,40032,280213
2021-02-01,"Moderna, Pfizer/BioNTech",244140,47952,292092
2021-02-02,"Moderna, Pfizer/BioNTech",248264,58161,306425
2021-02-03,"Moderna, Pfizer/BioNTech",252664,69136,321800
2021-02-04,"Moderna, Pfizer/BioNTech",257553,82086,339639
2021-02-05,"Moderna, Pfizer/BioNTech",262996,92726,355722
2021-02-06,"Moderna, Pfizer/BioNTech",263836,95073,358909
2021-02-07,"Moderna, Pfizer/BioNTech",264684,97559,362243
2021-02-08,"Moderna, Oxford/AstraZeneca, Pfizer/BioNTech",268729,108932,377661
2021-02-09,"Moderna, Oxford/AstraZeneca, Pfizer/BioNTech",273802,120840,394642
2021-02-10,"Moderna, Pfizer/BioNTech",279282,134036,413318
2021-02-11,"Moderna, Oxford/AstraZeneca, Pfizer/BioNTech",285574,150199,435773
2021-02-12,"Moderna, Oxford/AstraZeneca, Pfizer/BioNTech",292301,164871,457172
2021-02-13,"Moderna, Oxford/AstraZeneca, Pfizer/BioNTech",293887,167848,461735
2021-02-14,"Moderna, Oxford/AstraZeneca, Pfizer/BioNTech",294878,169222,464100
2021-02-15,"Moderna, Oxford/AstraZeneca, Pfizer/BioNTech",301263,178549,479812
2021-02-16,"Moderna, Oxford/AstraZeneca, Pfizer/BioNTech",309961,187591,497552
2021-02-17,"Moderna, Oxford/AstraZeneca, Pfizer/BioNTech",319638,195860,515498
2021-02-18,"Moderna, Oxford/AstraZeneca, Pfizer/BioNTech",331924,203892,535816
2021-02-19,"Moderna, Oxford/AstraZeneca, Pfizer/BioNTech",343757,211198,554955
2021-02-20,"Moderna, Oxford/AstraZeneca, Pfizer/BioNTech",345731,212369,558100
2021-02-21,"Moderna, Oxford/AstraZeneca, Pfizer/BioNTech",346837,213382,560219
2021-02-22,"Moderna, Oxford/AstraZeneca, Pfizer/BioNTech",356934,219381,576315
2021-02-23,"Moderna, Oxford/AstraZeneca, Pfizer/BioNTech",369833,226328,596161
2021-02-24,"Moderna, Oxford/AstraZeneca, Pfizer/BioNTech",383674,232333,616007
2021-02-25,"Moderna, Oxford/AstraZeneca, Pfizer/BioNTech",401617,237862,639479
2021-02-26,"Moderna, Oxford/AstraZeneca, Pfizer/BioNTech",417750,243183,660933
2021-02-27,"Moderna, Oxford/AstraZeneca, Pfizer/BioNTech",420750,243732,664482
2021-02-28,"Moderna, Oxford/AstraZeneca, Pfizer/BioNTech",423092,244277,667369
2021-03-01,"Moderna, Oxford/AstraZeneca, Pfizer/BioNTech",442592,247690,690282
2021-03-02,"Moderna, Oxford/AstraZeneca, Pfizer/BioNTech",469762,251221,720983
2021-03-03,"Moderna, Oxford/AstraZeneca, Pfizer/BioNTech",500528,255705,756233
2021-03-04,"Moderna, Oxford/AstraZeneca, Pfizer/BioNTech",533676,260365,794041
2021-03-05,"Johnson&Johnson, Moderna, Oxford/AstraZeneca, Pfizer/BioNTech",562398,265751,828149
2021-03-06,"Johnson&Johnson, Moderna, Oxford/AstraZeneca, Pfizer/BioNTech",574499,266592,841091
2021-03-07,"Johnson&Johnson, Moderna, Oxford/AstraZeneca, Pfizer/BioNTech",585896,267424,853320
2021-03-08,"Johnson&Johnson, Moderna, Oxford/AstraZeneca, Pfizer/BioNTech",615504,272241,887745
2021-03-09,"Johnson&Johnson, Moderna, Oxford/AstraZeneca, Pfizer/BioNTech",651682,278594,930276
2021-03-10,"Moderna, Oxford/AstraZeneca, Pfizer/BioNTech",692827,285529,978356
2021-03-11,"Moderna, Oxford/AstraZeneca, Pfizer/BioNTech",737500,293869,1031369
2021-03-12,"Moderna, Oxford/AstraZeneca, Pfizer/BioNTech",776139,302310,1078449
2021-03-13,"Moderna, Oxford/AstraZeneca, Pfizer/BioNTech",793172,303595,1096767
2021-03-14,"Moderna, Oxford/AstraZeneca, Pfizer/BioNTech",805244,304729,1109973
2021-03-15,"Moderna, Oxford/AstraZeneca, Pfizer/BioNTech",833527,313489,1147016
2021-03-16,"Johnson&Johnson, Moderna, Oxford/AstraZeneca, Pfizer/BioNTech",872331,323990,1196321
2021-03-17,"Moderna, Oxford/AstraZeneca, Pfizer/BioNTech",909731,334460,1244191
2021-03-18,"Johnson&Johnson, Moderna, Oxford/AstraZeneca, Pfizer/BioNTech",947574,346841,1294415
2021-03-19,"Moderna, Oxford/AstraZeneca, Pfizer/BioNTech",981911,360419,1342330
2021-03-20,"Johnson&Johnson, Moderna, Oxford/AstraZeneca, Pfizer/BioNTech",997004,362431,1359435
2021-03-21,"Johnson&Johnson, Moderna, Oxford/AstraZeneca, Pfizer/BioNTech",1004389,363973,1368362
2021-03-22,"Johnson&Johnson, Moderna, Oxford/AstraZeneca, Pfizer/BioNTech",1028793,376431,1405224
2021-03-23,"Johnson&Johnson, Moderna, Oxford/AstraZeneca, Pfizer/BioNTech",1055304,389745,1445049
2021-03-24,"Moderna, Oxford/AstraZeneca, Pfizer/BioNTech",1082097,405432,1487529
2021-03-25,"Moderna, Oxford/AstraZeneca, Pfizer/BioNTech",1108360,423246,1531606
2021-03-26,"Moderna, Oxford/AstraZeneca, Pfizer/BioNTech",1133094,440702,1573796
2021-03-27,"Johnson&Johnson, Moderna, Oxford/AstraZeneca, Pfizer/BioNTech",1141501,445530,1587031
2021-03-28,"Moderna, Oxford/AstraZeneca, Pfizer/BioNTech",1147033,449658,1596691
2021-03-29,"Johnson&Johnson, Moderna, Oxford/AstraZeneca, Pfizer/BioNTech",1166052,470303,1636355
2021-03-30,"Moderna, Oxford/AstraZeneca, Pfizer/BioNTech",1190663,492413,1683076
2021-03-31,"Johnson&Johnson, Moderna, Oxford/AstraZeneca, Pfizer/BioNTech",1213668,519418,1733086
2021-04-01,"Johnson&Johnson, Moderna, Oxford/AstraZeneca, Pfizer/BioNTech",1239196,551346,1790542
2021-04-02,"Johnson&Johnson, Moderna, Oxford/AstraZeneca, Pfizer/BioNTech",1246052,564113,1810165
2021-04-03,"Johnson&Johnson, Moderna, Oxford/AstraZeneca, Pfizer/BioNTech",1249632,575011,1824643
2021-04-04,"Moderna, Oxford/AstraZeneca, Pfizer/BioNTech",1252100,583800,1835900
2021-04-05,"Johnson&Johnson, Moderna, Oxford/AstraZeneca, Pfizer/BioNTech",1254448,590959,1845407
2021-04-06,"Johnson&Johnson, Moderna, Oxford/AstraZeneca, Pfizer/BioNTech",1270502,620138,1890640
2021-04-07,"Johnson&Johnson, Moderna, Oxford/AstraZeneca, Pfizer/BioNTech",1293826,642254,1936080
2021-04-08,"Johnson&Johnson, Moderna, Oxford/AstraZeneca, Pfizer/BioNTech",1332301,673111,2005412
2021-04-09,"Johnson&Johnson, Moderna, Oxford/AstraZeneca, Pfizer/BioNTech",1371524,703114,2074638
2021-04-10,"Johnson&Johnson, Moderna, Oxford/AstraZeneca, Pfizer/BioNTech",1386886,718380,2105266
2021-04-11,"Johnson&Johnson, Moderna, Oxford/AstraZeneca, Pfizer/BioNTech",1396604,728389,2124993
2021-04-12,"Johnson&Johnson, Moderna, Oxford/AstraZeneca, Pfizer/BioNTech",1434654,753359,2188013
2021-04-13,"Moderna, Oxford/AstraZeneca, Pfizer/BioNTech",1470729,779265,2249994
2021-04-14,"Moderna, Oxford/AstraZeneca, Pfizer/BioNTech",1509419,806571,2315990
2021-04-15,"Moderna, Oxford/AstraZeneca, Pfizer/BioNTech",1557092,832240,2389332
2021-04-16,"Moderna, Oxford/AstraZeneca, Pfizer/BioNTech",1601592,857820,2459412
2021-04-17,"Moderna, Oxford/AstraZeneca, Pfizer/BioNTech",1618184,866820,2485004
2021-04-18,"Moderna, Oxford/AstraZeneca, Pfizer/BioNTech",1631113,871787,2502900
2021-04-19,"Moderna, Oxford/AstraZeneca, Pfizer/BioNTech",1674989,887168,2562157
2021-04-20,"Johnson&Johnson, Moderna, Oxford/AstraZeneca, Pfizer/BioNTech",1717079,902971,2620050
2021-04-21,"Moderna, Oxford/AstraZeneca, Pfizer/BioNTech",1764747,917220,2681967
2021-04-22,"Johnson&Johnson, Moderna, Oxford/AstraZeneca, Pfizer/BioNTech",1819170,934553,2753723
2021-04-23,"Johnson&Johnson, Moderna, Oxford/AstraZeneca, Pfizer/BioNTech",1869076,946525,2815601
2021-04-24,"Johnson&Johnson, Moderna, Oxford/AstraZeneca, Pfizer/BioNTech",1886868,951739,2838607
2021-04-25,"Johnson&Johnson, Moderna, Oxford/AstraZeneca, Pfizer/BioNTech",1901525,955727,2857252
2021-04-26,"Johnson&Johnson, Moderna, Oxford/AstraZeneca, Pfizer/BioNTech",1951070,963246,2914316
2021-04-27,"Johnson&Johnson, Moderna, Oxford/AstraZeneca, Pfizer/BioNTech",1999990,975400,2975390
2021-04-28,"Johnson&Johnson, Moderna, Oxford/AstraZeneca, Pfizer/BioNTech",2058693,989335,3048028
2021-04-29,"Johnson&Johnson, Moderna, Oxford/AstraZeneca, Pfizer/BioNTech",2124188,1005138,3129326
2021-04-30,"Johnson&Johnson, Moderna, Oxford/AstraZeneca, Pfizer/BioNTech",2186342,1015033,3201375
2021-05-01,"Johnson&Johnson, Moderna, Oxford/AstraZeneca, Pfizer/BioNTech",2205623,1018437,3224060
2021-05-02,"Johnson&Johnson, Moderna, Oxford/AstraZeneca, Pfizer/BioNTech",2224501,1020678,3245179
2021-05-03,"Johnson&Johnson, Moderna, Oxford/AstraZeneca, Pfizer/BioNTech",2291697,1025707,3317404
2021-05-04,"Johnson&Johnson, Moderna, Oxford/AstraZeneca, Pfizer/BioNTech",2358106,1033969,3392075
2021-05-05,"Johnson&Johnson, Moderna, Oxford/AstraZeneca, Pfizer/BioNTech",2431202,1043303,3474505
2021-05-06,"Johnson&Johnson, Moderna, Oxford/AstraZeneca, Pfizer/BioNTech",2511532,1053908,3565440
2021-05-07,"Johnson&Johnson, Moderna, Oxford/AstraZeneca, Pfizer/BioNTech",2588759,1063896,3652655
2021-05-08,"Johnson&Johnson, Moderna, Oxford/AstraZeneca, Pfizer/BioNTech",2618147,1065613,3683760
2021-05-09,"Johnson&Johnson, Moderna, Oxford/AstraZeneca, Pfizer/BioNTech",2642302,1066799,3709101
2021-05-10,"Johnson&Johnson, Moderna, Oxford/AstraZeneca, Pfizer/BioNTech",2714993,1073926,3788919
2021-05-11,"Johnson&Johnson, Moderna, Oxford/AstraZeneca, Pfizer/BioNTech",2791036,1082673,3873709
2021-05-12,"Johnson&Johnson, Moderna, Oxford/AstraZeneca, Pfizer/BioNTech",2870830,1091682,3962512
2021-05-13,"Johnson&Johnson, Moderna, Oxford/AstraZeneca, Pfizer/BioNTech",2954793,1100782,4055575
2021-05-14,"Johnson&Johnson, Moderna, Oxford/AstraZeneca, Pfizer/BioNTech",3034142,1108500,4142642
2021-05-15,"Johnson&Johnson, Moderna, Oxford/AstraZeneca, Pfizer/BioNTech",3065964,1110672,4176636
2021-05-16,"Johnson&Johnson, Moderna, Oxford/AstraZeneca, Pfizer/BioNTech",3091701,1111880,4203581
2021-05-17,"Johnson&Johnson, Moderna, Oxford/AstraZeneca, Pfizer/BioNTech",3164166,1118543,4282709
2021-05-18,"Johnson&Johnson, Moderna, Oxford/AstraZeneca, Pfizer/BioNTech",3236059,1131497,4367556
2021-05-19,"Johnson&Johnson, Moderna, Oxford/AstraZeneca, Pfizer/BioNTech",3313462,1146544,4460006
2021-05-20,"Johnson&Johnson, Moderna, Oxford/AstraZeneca, Pfizer/BioNTech",3388847,1173447,4562294
2021-05-21,"Johnson&Johnson, Moderna, Oxford/AstraZeneca, Pfizer/BioNTech",3457580,1201065,4658645
2021-05-22,"Johnson&Johnson, Moderna, Oxford/AstraZeneca, Pfizer/BioNTech",3489900,1212130,4702030
2021-05-23,"Johnson&Johnson, Moderna, Oxford/AstraZeneca, Pfizer/BioNTech",3512189,1221090,4733279
2021-05-24,"Johnson&Johnson, Moderna, Oxford/AstraZeneca, Pfizer/BioNTech",3559242,1254573,4813815
2021-05-25,"Johnson&Johnson, Moderna, Oxford/AstraZeneca, Pfizer/BioNTech",3611036,1290217,4901253
2021-05-26,"Johnson&Johnson, Moderna, Oxford/AstraZeneca, Pfizer/BioNTech",3678716,1327612,5006328
2021-05-27,"Johnson&Johnson, Moderna, Oxford/AstraZeneca, Pfizer/BioNTech",3740043,1374836,5114879
2021-05-28,"Johnson&Johnson, Moderna, Oxford/AstraZeneca, Pfizer/BioNTech",3801688,1421240,5222928
2021-05-29,"Johnson&Johnson, Moderna, Oxford/AstraZeneca, Pfizer/BioNTech",3830822,1438281,5269103
2021-05-30,"Johnson&Johnson, Moderna, Oxford/AstraZeneca, Pfizer/BioNTech",3853146,1452661,5305807
2021-05-31,"Johnson&Johnson, Moderna, Oxford/AstraZeneca, Pfizer/BioNTech",3908831,1500023,5408854
2021-06-01,"Johnson&Johnson, Moderna, Oxford/AstraZeneca, Pfizer/BioNTech",3967813,1548331,5516144
2021-06-02,"Johnson&Johnson, Moderna, Oxford/AstraZeneca, Pfizer/BioNTech",4030644,1602204,5632848
2021-06-03,"Johnson&Johnson, Moderna, Oxford/AstraZeneca, Pfizer/BioNTech",4088840,1662300,5751140
2021-06-04,"Johnson&Johnson, Moderna, Oxford/AstraZeneca, Pfizer/BioNTech",4151894,1719586,5871480
2021-06-05,"Johnson&Johnson, Moderna, Oxford/AstraZeneca, Pfizer/BioNTech",4186012,1738342,5924354
2021-06-06,"Johnson&Johnson, Moderna, Oxford/AstraZeneca, Pfizer/BioNTech",4212905,1753404,5966309
2021-06-07,"Johnson&Johnson, Moderna, Oxford/AstraZeneca, Pfizer/BioNTech",4276550,1808940,6085490
2021-06-08,"Johnson&Johnson, Moderna, Oxford/AstraZeneca, Pfizer/BioNTech",4340484,1863817,6204301
2021-06-09,"Johnson&Johnson, Moderna, Oxford/AstraZeneca, Pfizer/BioNTech",4399588,1928118,6327706
2021-06-10,"Johnson&Johnson, Moderna, Oxford/AstraZeneca, Pfizer/BioNTech",4453386,1999079,6452465
2021-06-11,"Johnson&Johnson, Moderna, Oxford/AstraZeneca, Pfizer/BioNTech",4505443,2068657,6574100
2021-06-12,"Johnson&Johnson, Moderna, Oxford/AstraZeneca, Pfizer/BioNTech",4537390,2089373,6626763
2021-06-13,"Johnson&Johnson, Moderna, Oxford/AstraZeneca, Pfizer/BioNTech",4561379,2107709,6669088
2021-06-14,"Johnson&Johnson, Moderna, Oxford/AstraZeneca, Pfizer/BioNTech",4604330,2181947,6786277
2021-06-15,"Johnson&Johnson, Moderna, Oxford/AstraZeneca, Pfizer/BioNTech",4648946,2254133,6903079
2021-06-16,"Johnson&Johnson, Moderna, Oxford/AstraZeneca, Pfizer/BioNTech",4691634,2332184,7023818
2021-06-17,"Johnson&Johnson, Moderna, Oxford/AstraZeneca, Pfizer/BioNTech",4730975,2415106,7146081
2021-06-18,"Johnson&Johnson, Moderna, Oxford/AstraZeneca, Pfizer/BioNTech",4773317,2495449,7268766
2021-06-19,"Johnson&Johnson, Moderna, Oxford/AstraZeneca, Pfizer/BioNTech",4795028,2524649,7319677
2021-06-20,"Johnson&Johnson, Moderna, Oxford/AstraZeneca, Pfizer/BioNTech",4812377,2548390,7360767
2021-06-21,"Johnson&Johnson, Moderna, Oxford/AstraZeneca, Pfizer/BioNTech",4844857,2626804,7471661
2021-06-22,"Johnson&Johnson, Moderna, Oxford/AstraZeneca, Pfizer/BioNTech",4877784,2708904,7586688
2021-06-23,"Johnson&Johnson, Moderna, Oxford/AstraZeneca, Pfizer/BioNTech",4909410,2793987,7703397
2021-06-24,"Johnson&Johnson, Moderna, Oxford/AstraZeneca, Pfizer/BioNTech",4939206,2883893,7823099
2021-06-25,"Johnson&Johnson, Moderna, Oxford/AstraZeneca, Pfizer/BioNTech",4970215,2969853,7940068
2021-06-26,"Johnson&Johnson, Moderna, Oxford/AstraZeneca, Pfizer/BioNTech",4986049,3004570,7990619
2021-06-27,"Johnson&Johnson, Moderna, Oxford/AstraZeneca, Pfizer/BioNTech",4999982,3031132,8031114
2021-06-28,"Johnson&Johnson, Moderna, Oxford/AstraZeneca, Pfizer/BioNTech",5028369,3116181,8144550
2021-06-29,"Johnson&Johnson, Moderna, Oxford/AstraZeneca, Pfizer/BioNTech",5057590,3202527,8260117
2021-06-30,"Johnson&Johnson, Moderna, Oxford/AstraZeneca, Pfizer/BioNTech",5085064,3293318,8378382
2021-07-01,"Johnson&Johnson, Moderna, Oxford/AstraZeneca, Pfizer/BioNTech",5108977,3383178,8492155
2021-07-02,"Johnson&Johnson, Moderna, Oxford/AstraZeneca, Pfizer/BioNTech",5135652,3468832,8604484
2021-07-03,"Johnson&Johnson, Moderna, Oxford/AstraZeneca, Pfizer/BioNTech",5142712,3500259,8642971
2021-07-04,"Johnson&Johnson, Moderna, Oxford/AstraZeneca, Pfizer/BioNTech",5150236,3521998,8672234
2021-07-05,"Johnson&Johnson, Moderna, Oxford/AstraZeneca, Pfizer/BioNTech",5157564,3547282,8704846
2021-07-06,"Johnson&Johnson, Moderna, Oxford/AstraZeneca, Pfizer/BioNTech",5162939,3574822,8737761
2021-07-07,"Johnson&Johnson, Moderna, Oxford/AstraZeneca, Pfizer/BioNTech",5188686,3653646,8842332
2021-07-08,"Johnson&Johnson, Moderna, Oxford/AstraZeneca, Pfizer/BioNTech",5215215,3723832,8939047
2021-07-09,"Johnson&Johnson, Moderna, Oxford/AstraZeneca, Pfizer/BioNTech",5243025,3792961,9035986
2021-07-10,"Johnson&Johnson, Moderna, Oxford/AstraZeneca, Pfizer/BioNTech",5252335,3821502,9073837
2021-07-11,"Johnson&Johnson, Moderna, Oxford/AstraZeneca, Pfizer/BioNTech",5260830,3844324,9105154
2021-07-12,"Johnson&Johnson, Moderna, Oxford/AstraZeneca, Pfizer/BioNTech",5288324,3913306,9201630
2021-07-13,"Johnson&Johnson, Moderna, Oxford/AstraZeneca, Pfizer/BioNTech",5314474,3983062,9297536
2021-07-14,"Johnson&Johnson, Moderna, Oxford/AstraZeneca, Pfizer/BioNTech",5340274,4054948,9395222
2021-07-15,"Johnson&Johnson, Moderna, Oxford/AstraZeneca, Pfizer/BioNTech",5369444,4120825,9490269
2021-07-16,"Johnson&Johnson, Moderna, Oxford/AstraZeneca, Pfizer/BioNTech",5397172,4193388,9590560
2021-07-17,"Johnson&Johnson, Moderna, Oxford/AstraZeneca, Pfizer/BioNTech",5405905,4224752,9630657
2021-07-18,"Johnson&Johnson, Moderna, Oxford/AstraZeneca, Pfizer/BioNTech",5414313,4250697,9665010
2021-07-19,"Johnson&Johnson, Moderna, Oxford/AstraZeneca, Pfizer/BioNTech",5437605,4317611,9755216
2021-07-20,"Johnson&Johnson, Moderna, Oxford/AstraZeneca, Pfizer/BioNTech",5458912,4384534,9843446
2021-07-21,"Johnson&Johnson, Moderna, Oxford/AstraZeneca, Pfizer/BioNTech",5482221,4447846,9930067
2021-07-22,"Johnson&Johnson, Moderna, Oxford/AstraZeneca, Pfizer/BioNTech",5504457,4506306,10010763
2021-07-23,"Johnson&Johnson, Moderna, Oxford/AstraZeneca, Pfizer/BioNTech",5527528,4560887,10088415
2021-07-24,"Johnson&Johnson, Moderna, Oxford/AstraZeneca, Pfizer/BioNTech",5534803,4588449,10123252
2021-07-25,"Johnson&Johnson, Moderna, Oxford/AstraZeneca, Pfizer/BioNTech",5541376,4610415,10151791
2021-07-26,"Johnson&Johnson, Moderna, Oxford/AstraZeneca, Pfizer/BioNTech",5564817,4658857,10223674
2021-07-27,"Johnson&Johnson, Moderna, Oxford/AstraZeneca, Pfizer/BioNTech",5587399,4705343,10292742
2021-07-28,"Johnson&Johnson, Moderna, Oxford/AstraZeneca, Pfizer/BioNTech",5608496,4751176,10359672
2021-07-29,"Johnson&Johnson, Moderna, Oxford/AstraZeneca, Pfizer/BioNTech",5629649,4792981,10422630
2021-07-30,"Johnson&Johnson, Moderna, Oxford/AstraZeneca, Pfizer/BioNTech",5652814,4835391,10488205
2021-07-31,"Johnson&Johnson, Moderna, Oxford/AstraZeneca, Pfizer/BioNTech",5661704,4854846,10516550
2021-08-01,"Johnson&Johnson, Moderna, Oxford/AstraZeneca, Pfizer/BioNTech",5668377,4870956,10539333
2021-08-02,"Johnson&Johnson, Moderna, Oxford/AstraZeneca, Pfizer/BioNTech",5686862,4908371,10595233
2021-08-03,"Johnson&Johnson, Moderna, Oxford/AstraZeneca, Pfizer/BioNTech",5704374,4946349,10650723
2021-08-04,"Johnson&Johnson, Moderna, Oxford/AstraZeneca, Pfizer/BioNTech",5720343,4982958,10703301
2021-08-05,"Johnson&Johnson, Moderna, Oxford/AstraZeneca, Pfizer/BioNTech",5736115,5023287,10759402
2021-08-06,"Johnson&Johnson, Moderna, Oxford/AstraZeneca, Pfizer/BioNTech",5752650,5066220,10818870
2021-08-07,"Johnson&Johnson, Moderna, Oxford/AstraZeneca, Pfizer/BioNTech",5758138,5084282,10842420
2021-08-08,"Johnson&Johnson, Moderna, Oxford/AstraZeneca, Pfizer/BioNTech",5762308,5099959,10862267
2021-08-09,"Johnson&Johnson, Moderna, Oxford/AstraZeneca, Pfizer/BioNTech",5774710,5144889,10919599
2021-08-10,"Johnson&Johnson, Moderna, Oxford/AstraZeneca, Pfizer/BioNTech",5786377,5184328,10970705
2021-08-11,"Johnson&Johnson, Moderna, Oxford/AstraZeneca, Pfizer/BioNTech",5797626,5227331,11024957
2021-08-12,"Johnson&Johnson, Moderna, Oxford/AstraZeneca, Pfizer/BioNTech",5808880,5264252,11073132
2021-08-13,"Johnson&Johnson, Moderna, Oxford/AstraZeneca, Pfizer/BioNTech",5819459,5304362,11123821
2021-08-14,"Johnson&Johnson, Moderna, Oxford/AstraZeneca, Pfizer/BioNTech",5822732,5314975,11137707
2021-08-15,"Johnson&Johnson, Moderna, Oxford/AstraZeneca, Pfizer/BioNTech",5825281,5325306,11150587
2021-08-16,"Johnson&Johnson, Moderna, Oxford/AstraZeneca, Pfizer/BioNTech",5834985,5359220,11194205
2021-08-17,"Johnson&Johnson, Moderna, Oxford/AstraZeneca, Pfizer/BioNTech",5844416,5386144,11230560
2021-08-18,"Johnson&Johnson, Moderna, Oxford/AstraZeneca, Pfizer/BioNTech",5853689,5424800,11278489
2021-08-19,"Johnson&Johnson, Moderna, Oxford/AstraZeneca, Pfizer/BioNTech",5863241,5462995,11326236
2021-08-20,"Johnson&Johnson, Moderna, Oxford/AstraZeneca, Pfizer/BioNTech",5874430,5503023,11377453
2021-08-21,"Johnson&Johnson, Moderna, Oxford/AstraZeneca, Pfizer/BioNTech",5877100,5515724,11392824
2021-08-22,"Johnson&Johnson, Moderna, Oxford/AstraZeneca, Pfizer/BioNTech",5879412,5527639,11407051
2021-08-23,"Johnson&Johnson, Moderna, Oxford/AstraZeneca, Pfizer/BioNTech",5889750,5566675,11456425
2021-08-24,"Johnson&Johnson, Moderna, Oxford/AstraZeneca, Pfizer/BioNTech",5899443,5599740,11499183
2021-08-25,"Johnson&Johnson, Moderna, Oxford/AstraZeneca, Pfizer/BioNTech",5908046,5627766,11535812
2021-08-26,"Johnson&Johnson, Moderna, Oxford/AstraZeneca, Pfizer/BioNTech",5916270,5653519,11569789
2021-08-27,"Johnson&Johnson, Moderna, Oxford/AstraZeneca, Pfizer/BioNTech",5926331,5679052,11605383
2021-08-28,"Johnson&Johnson, Moderna, Oxford/AstraZeneca, Pfizer/BioNTech",5928931,5685947,11614878
2021-08-29,"Johnson&Johnson, Moderna, Oxford/AstraZeneca, Pfizer/BioNTech",5931194,5692294,11623488
2021-08-30,"Johnson&Johnson, Moderna, Oxford/AstraZeneca, Pfizer/BioNTech",5939337,5713606,11652943
2021-08-31,"Johnson&Johnson, Moderna, Oxford/AstraZeneca, Pfizer/BioNTech",5946048,5730483,11676531
