date,vaccine,people_vaccinated,people_fully_vaccinated,total_vaccinations
2020-12-27,Pfizer/BioNTech,1281,0,1281
2020-12-28,Pfizer/BioNTech,3587,0,3587
2020-12-29,Pfizer/BioNTech,7054,0,7054
2020-12-30,Pfizer/BioNTech,10571,0,10571
2020-12-31,Pfizer/BioNTech,11880,0,11880
2021-01-01,"Moderna, Pfizer/BioNTech",12149,0,12149
2021-01-02,Pfizer/BioNTech,13427,0,13427
2021-01-03,Pfizer/BioNTech,14350,0,14350
2021-01-04,"Moderna, Pfizer/BioNTech",17962,0,17962
2021-01-05,"Moderna, Pfizer/BioNTech",22483,0,22483
2021-01-06,"Moderna, Pfizer/BioNTech",28327,1,28328
2021-01-07,"Moderna, Pfizer/BioNTech",36323,1,36324
2021-01-08,"Moderna, Pfizer/BioNTech",46375,2,46377
2021-01-09,"Moderna, Pfizer/BioNTech",48401,3,48404
2021-01-10,Pfizer/BioNTech,50168,4,50172
2021-01-11,Pfizer/BioNTech,60025,6,60031
2021-01-12,"Moderna, Pfizer/BioNTech",73470,8,73478
2021-01-13,Pfizer/BioNTech,87007,8,87015
2021-01-14,"Moderna, Pfizer/BioNTech",102251,12,102263
2021-01-15,"Moderna, Pfizer/BioNTech",116263,13,116276
2021-01-16,"Moderna, Pfizer/BioNTech",119662,16,119678
2021-01-17,"Moderna, Pfizer/BioNTech",122280,652,122932
2021-01-18,"Moderna, Pfizer/BioNTech",134765,2478,137243
2021-01-19,"Moderna, Pfizer/BioNTech",147369,5202,152571
2021-01-20,"Moderna, Pfizer/BioNTech",161052,7863,168915
2021-01-21,"Moderna, Pfizer/BioNTech",176702,9606,186308
2021-01-22,"Moderna, Pfizer/BioNTech",191582,10652,202234
2021-01-23,"Moderna, Pfizer/BioNTech",194903,11531,206434
2021-01-24,"Moderna, Pfizer/BioNTech",197158,12400,209558
2021-01-25,"Moderna, Pfizer/BioNTech",206797,15372,222169
2021-01-26,"Moderna, Pfizer/BioNTech",217337,19364,236701
2021-01-27,"Moderna, Pfizer/BioNTech",226368,23901,250269
2021-01-28,"Moderna, Pfizer/BioNTech",233468,30031,263499
2021-01-29,"Moderna, Pfizer/BioNTech",239681,37944,277625
2021-01-30,"Moderna, Pfizer/BioNTech",240419,39032,279451
2021-01-31,"Moderna, Pfizer/BioNTech",241133,40213,281346
2021-02-01,"Moderna, Pfizer/BioNTech",245113,48176,293289
2021-02-02,"Moderna, Pfizer/BioNTech",249258,58407,307665
2021-02-03,"Moderna, Pfizer/BioNTech",253679,69418,323097
2021-02-04,"Moderna, Pfizer/BioNTech",258578,82406,340984
2021-02-05,"Moderna, Pfizer/BioNTech",264045,93079,357124
2021-02-06,"Moderna, Oxford/AstraZeneca, Pfizer/BioNTech",264894,95445,360339
2021-02-07,"Moderna, Pfizer/BioNTech",265744,97946,363690
2021-02-08,"Moderna, Oxford/AstraZeneca, Pfizer/BioNTech",269826,109376,379202
2021-02-09,"Moderna, Oxford/AstraZeneca, Pfizer/BioNTech",274921,121287,396208
2021-02-10,"Moderna, Oxford/AstraZeneca, Pfizer/BioNTech",280429,134542,414971
2021-02-11,"Moderna, Oxford/AstraZeneca, Pfizer/BioNTech",286763,150757,437520
2021-02-12,"Moderna, Oxford/AstraZeneca, Pfizer/BioNTech",293582,165488,459070
2021-02-13,"Moderna, Oxford/AstraZeneca, Pfizer/BioNTech",295192,168477,463669
2021-02-14,"Moderna, Oxford/AstraZeneca, Pfizer/BioNTech",296194,169861,466055
2021-02-15,"Moderna, Oxford/AstraZeneca, Pfizer/BioNTech",302592,179218,481810
2021-02-16,"Moderna, Oxford/AstraZeneca, Pfizer/BioNTech",311309,188299,499608
2021-02-17,"Moderna, Oxford/AstraZeneca, Pfizer/BioNTech",321008,196604,517612
2021-02-18,"Moderna, Oxford/AstraZeneca, Pfizer/BioNTech",333325,204684,538009
2021-02-19,"Moderna, Oxford/AstraZeneca, Pfizer/BioNTech",345179,212046,557225
2021-02-20,"Moderna, Oxford/AstraZeneca, Pfizer/BioNTech",347179,213229,560408
2021-02-21,"Moderna, Oxford/AstraZeneca, Pfizer/BioNTech",348311,214252,562563
2021-02-22,"Moderna, Oxford/AstraZeneca, Pfizer/BioNTech",358430,220282,578712
2021-02-23,"Moderna, Oxford/AstraZeneca, Pfizer/BioNTech",371378,227262,598640
2021-02-24,"Moderna, Oxford/AstraZeneca, Pfizer/BioNTech",385247,233298,618545
2021-02-25,"Moderna, Oxford/AstraZeneca, Pfizer/BioNTech",403213,238847,642060
2021-02-26,"Moderna, Oxford/AstraZeneca, Pfizer/BioNTech",419379,244198,663577
2021-02-27,"Moderna, Oxford/AstraZeneca, Pfizer/BioNTech",422387,244754,667141
2021-02-28,"Moderna, Oxford/AstraZeneca, Pfizer/BioNTech",424733,245305,670038
2021-03-01,"Moderna, Oxford/AstraZeneca, Pfizer/BioNTech",444321,248752,693073
2021-03-02,"Moderna, Oxford/AstraZeneca, Pfizer/BioNTech",471539,252295,723834
2021-03-03,"Moderna, Oxford/AstraZeneca, Pfizer/BioNTech",502428,256799,759227
2021-03-04,"Moderna, Oxford/AstraZeneca, Pfizer/BioNTech",535702,261484,797186
2021-03-05,"Johnson&Johnson, Moderna, Oxford/AstraZeneca, Pfizer/BioNTech",564523,266903,831426
2021-03-06,"Johnson&Johnson, Moderna, Oxford/AstraZeneca, Pfizer/BioNTech",576669,267765,844434
2021-03-07,"Johnson&Johnson, Moderna, Oxford/AstraZeneca, Pfizer/BioNTech",588206,268605,856811
2021-03-08,"Johnson&Johnson, Moderna, Oxford/AstraZeneca, Pfizer/BioNTech",617944,273460,891404
2021-03-09,"Johnson&Johnson, Moderna, Oxford/AstraZeneca, Pfizer/BioNTech",654301,279839,934140
2021-03-10,"Moderna, Oxford/AstraZeneca, Pfizer/BioNTech",695613,286793,982406
2021-03-11,"Johnson&Johnson, Moderna, Oxford/AstraZeneca, Pfizer/BioNTech",740436,295161,1035597
2021-03-12,"Johnson&Johnson, Moderna, Oxford/AstraZeneca, Pfizer/BioNTech",779204,303654,1082858
2021-03-13,"Johnson&Johnson, Moderna, Oxford/AstraZeneca, Pfizer/BioNTech",796285,304961,1101246
2021-03-14,"Johnson&Johnson, Moderna, Oxford/AstraZeneca, Pfizer/BioNTech",808397,306113,1114510
2021-03-15,"Moderna, Oxford/AstraZeneca, Pfizer/BioNTech",836778,314887,1151665
2021-03-16,"Johnson&Johnson, Moderna, Oxford/AstraZeneca, Pfizer/BioNTech",875664,325423,1201087
2021-03-17,"Moderna, Oxford/AstraZeneca, Pfizer/BioNTech",913127,335927,1249054
2021-03-18,"Johnson&Johnson, Moderna, Oxford/AstraZeneca, Pfizer/BioNTech",951110,348339,1299449
2021-03-19,"Moderna, Oxford/AstraZeneca, Pfizer/BioNTech",985596,361945,1347541
2021-03-20,"Johnson&Johnson, Moderna, Oxford/AstraZeneca, Pfizer/BioNTech",1000735,363974,1364709
2021-03-21,"Johnson&Johnson, Moderna, Oxford/AstraZeneca, Pfizer/BioNTech",1008156,365531,1373687
2021-03-22,"Johnson&Johnson, Moderna, Oxford/AstraZeneca, Pfizer/BioNTech",1032716,378029,1410745
2021-03-23,"Johnson&Johnson, Moderna, Oxford/AstraZeneca, Pfizer/BioNTech",1059361,391377,1450738
2021-03-24,"Johnson&Johnson, Moderna, Oxford/AstraZeneca, Pfizer/BioNTech",1086217,407110,1493327
2021-03-25,"Moderna, Oxford/AstraZeneca, Pfizer/BioNTech",1112551,424959,1537510
2021-03-26,"Johnson&Johnson, Moderna, Oxford/AstraZeneca, Pfizer/BioNTech",1137359,442459,1579818
2021-03-27,"Johnson&Johnson, Moderna, Oxford/AstraZeneca, Pfizer/BioNTech",1145790,447307,1593097
2021-03-28,"Moderna, Oxford/AstraZeneca, Pfizer/BioNTech",1151328,451447,1602775
2021-03-29,"Johnson&Johnson, Moderna, Oxford/AstraZeneca, Pfizer/BioNTech",1170450,472182,1642632
2021-03-30,"Johnson&Johnson, Moderna, Oxford/AstraZeneca, Pfizer/BioNTech",1195145,494356,1689501
2021-03-31,"Johnson&Johnson, Moderna, Oxford/AstraZeneca, Pfizer/BioNTech",1218260,521411,1739671
2021-04-01,"Johnson&Johnson, Moderna, Oxford/AstraZeneca, Pfizer/BioNTech",1243898,553454,1797352
2021-04-02,"Johnson&Johnson, Moderna, Oxford/AstraZeneca, Pfizer/BioNTech",1250822,566240,1817062
2021-04-03,"Johnson&Johnson, Moderna, Oxford/AstraZeneca, Pfizer/BioNTech",1254444,577161,1831605
2021-04-04,"Johnson&Johnson, Moderna, Oxford/AstraZeneca, Pfizer/BioNTech",1256954,586080,1843034
2021-04-05,"Johnson&Johnson, Moderna, Oxford/AstraZeneca, Pfizer/BioNTech",1259360,593263,1852623
2021-04-06,"Johnson&Johnson, Moderna, Oxford/AstraZeneca, Pfizer/BioNTech",1275500,622516,1898016
2021-04-07,"Johnson&Johnson, Moderna, Oxford/AstraZeneca, Pfizer/BioNTech",1298927,644743,1943670
2021-04-08,"Johnson&Johnson, Moderna, Oxford/AstraZeneca, Pfizer/BioNTech",1337652,675760,2013412
2021-04-09,"Johnson&Johnson, Moderna, Oxford/AstraZeneca, Pfizer/BioNTech",1377191,705938,2083129
2021-04-10,"Johnson&Johnson, Moderna, Oxford/AstraZeneca, Pfizer/BioNTech",1392690,721228,2113918
2021-04-11,"Johnson&Johnson, Moderna, Oxford/AstraZeneca, Pfizer/BioNTech",1402470,731273,2133743
2021-04-12,"Johnson&Johnson, Moderna, Oxford/AstraZeneca, Pfizer/BioNTech",1440741,756410,2197151
2021-04-13,"Moderna, Oxford/AstraZeneca, Pfizer/BioNTech",1476995,782441,2259436
2021-04-14,"Moderna, Oxford/AstraZeneca, Pfizer/BioNTech",1515820,809799,2325619
2021-04-15,"Moderna, Oxford/AstraZeneca, Pfizer/BioNTech",1563610,835549,2399159
2021-04-16,"Moderna, Oxford/AstraZeneca, Pfizer/BioNTech",1608268,861191,2469459
2021-04-17,"Moderna, Oxford/AstraZeneca, Pfizer/BioNTech",1624959,870215,2495174
2021-04-18,"Moderna, Oxford/AstraZeneca, Pfizer/BioNTech",1637950,875196,2513146
2021-04-19,"Moderna, Oxford/AstraZeneca, Pfizer/BioNTech",1681930,890620,2572550
2021-04-20,"Johnson&Johnson, Moderna, Oxford/AstraZeneca, Pfizer/BioNTech",1724489,906477,2630966
2021-04-21,"Moderna, Oxford/AstraZeneca, Pfizer/BioNTech",1772221,920825,2693046
2021-04-22,"Johnson&Johnson, Moderna, Oxford/AstraZeneca, Pfizer/BioNTech",1826719,938200,2764919
2021-04-23,"Johnson&Johnson, Moderna, Oxford/AstraZeneca, Pfizer/BioNTech",1876688,950250,2826938
2021-04-24,"Johnson&Johnson, Moderna, Oxford/AstraZeneca, Pfizer/BioNTech",1894522,955495,2850017
2021-04-25,"Johnson&Johnson, Moderna, Oxford/AstraZeneca, Pfizer/BioNTech",1909215,959492,2868707
2021-04-26,"Johnson&Johnson, Moderna, Oxford/AstraZeneca, Pfizer/BioNTech",1958793,967042,2925835
2021-04-27,"Johnson&Johnson, Moderna, Oxford/AstraZeneca, Pfizer/BioNTech",2007754,979265,2987019
2021-04-28,"Johnson&Johnson, Moderna, Oxford/AstraZeneca, Pfizer/BioNTech",2066508,993262,3059770
2021-04-29,"Johnson&Johnson, Moderna, Oxford/AstraZeneca, Pfizer/BioNTech",2132057,1009151,3141208
2021-04-30,"Johnson&Johnson, Moderna, Oxford/AstraZeneca, Pfizer/BioNTech",2194298,1019118,3213416
2021-05-01,"Johnson&Johnson, Moderna, Oxford/AstraZeneca, Pfizer/BioNTech",2213631,1022566,3236197
2021-05-02,"Johnson&Johnson, Moderna, Oxford/AstraZeneca, Pfizer/BioNTech",2232546,1024832,3257378
2021-05-03,"Johnson&Johnson, Moderna, Oxford/AstraZeneca, Pfizer/BioNTech",2299790,1029886,3329676
2021-05-04,"Johnson&Johnson, Moderna, Oxford/AstraZeneca, Pfizer/BioNTech",2366292,1038220,3404512
2021-05-05,"Johnson&Johnson, Moderna, Oxford/AstraZeneca, Pfizer/BioNTech",2439455,1047620,3487075
2021-05-06,"Johnson&Johnson, Moderna, Oxford/AstraZeneca, Pfizer/BioNTech",2519837,1058337,3578174
2021-05-07,"Johnson&Johnson, Moderna, Oxford/AstraZeneca, Pfizer/BioNTech",2597080,1068398,3665478
2021-05-08,"Johnson&Johnson, Moderna, Oxford/AstraZeneca, Pfizer/BioNTech",2626517,1070162,3696679
2021-05-09,"Johnson&Johnson, Moderna, Oxford/AstraZeneca, Pfizer/BioNTech",2650715,1071369,3722084
2021-05-10,"Johnson&Johnson, Moderna, Oxford/AstraZeneca, Pfizer/BioNTech",2723477,1078582,3802059
2021-05-11,"Johnson&Johnson, Moderna, Oxford/AstraZeneca, Pfizer/BioNTech",2799572,1087376,3886948
2021-05-12,"Johnson&Johnson, Moderna, Oxford/AstraZeneca, Pfizer/BioNTech",2879425,1096476,3975901
2021-05-13,"Johnson&Johnson, Moderna, Oxford/AstraZeneca, Pfizer/BioNTech",2963434,1105635,4069069
2021-05-14,"Johnson&Johnson, Moderna, Oxford/AstraZeneca, Pfizer/BioNTech",3042866,1113419,4156285
2021-05-15,"Johnson&Johnson, Moderna, Oxford/AstraZeneca, Pfizer/BioNTech",3074749,1115666,4190415
2021-05-16,"Johnson&Johnson, Moderna, Oxford/AstraZeneca, Pfizer/BioNTech",3100508,1116928,4217436
2021-05-17,"Johnson&Johnson, Moderna, Oxford/AstraZeneca, Pfizer/BioNTech",3173005,1123651,4296656
2021-05-18,"Johnson&Johnson, Moderna, Oxford/AstraZeneca, Pfizer/BioNTech",3244926,1136713,4381639
2021-05-19,"Johnson&Johnson, Moderna, Oxford/AstraZeneca, Pfizer/BioNTech",3322374,1151843,4474217
2021-05-20,"Johnson&Johnson, Moderna, Oxford/AstraZeneca, Pfizer/BioNTech",3397798,1178861,4576659
2021-05-21,"Johnson&Johnson, Moderna, Oxford/AstraZeneca, Pfizer/BioNTech",3466545,1206609,4673154
2021-05-22,"Johnson&Johnson, Moderna, Oxford/AstraZeneca, Pfizer/BioNTech",3498911,1217783,4716694
2021-05-23,"Johnson&Johnson, Moderna, Oxford/AstraZeneca, Pfizer/BioNTech",3521260,1226815,4748075
2021-05-24,"Johnson&Johnson, Moderna, Oxford/AstraZeneca, Pfizer/BioNTech",3568379,1260464,4828843
2021-05-25,"Johnson&Johnson, Moderna, Oxford/AstraZeneca, Pfizer/BioNTech",3620212,1296254,4916466
2021-05-26,"Johnson&Johnson, Moderna, Oxford/AstraZeneca, Pfizer/BioNTech",3687955,1333762,5021717
2021-05-27,"Johnson&Johnson, Moderna, Oxford/AstraZeneca, Pfizer/BioNTech",3749327,1381075,5130402
2021-05-28,"Johnson&Johnson, Moderna, Oxford/AstraZeneca, Pfizer/BioNTech",3811007,1427631,5238638
2021-05-29,"Johnson&Johnson, Moderna, Oxford/AstraZeneca, Pfizer/BioNTech",3840174,1444728,5284902
2021-05-30,"Johnson&Johnson, Moderna, Oxford/AstraZeneca, Pfizer/BioNTech",3862527,1459161,5321688
2021-05-31,"Johnson&Johnson, Moderna, Oxford/AstraZeneca, Pfizer/BioNTech",3918253,1506693,5424946
2021-06-01,"Johnson&Johnson, Moderna, Oxford/AstraZeneca, Pfizer/BioNTech",3977259,1555519,5532778
2021-06-02,"Johnson&Johnson, Moderna, Oxford/AstraZeneca, Pfizer/BioNTech",4040127,1609475,5649602
2021-06-03,"Johnson&Johnson, Moderna, Oxford/AstraZeneca, Pfizer/BioNTech",4098332,1669659,5767991
2021-06-04,"Johnson&Johnson, Moderna, Oxford/AstraZeneca, Pfizer/BioNTech",4161400,1727053,5888453
2021-06-05,"Johnson&Johnson, Moderna, Oxford/AstraZeneca, Pfizer/BioNTech",4195529,1745878,5941407
2021-06-06,"Johnson&Johnson, Moderna, Oxford/AstraZeneca, Pfizer/BioNTech",4222435,1761004,5983439
2021-06-07,"Johnson&Johnson, Moderna, Oxford/AstraZeneca, Pfizer/BioNTech",4286110,1816610,6102720
2021-06-08,"Johnson&Johnson, Moderna, Oxford/AstraZeneca, Pfizer/BioNTech",4350073,1871576,6221649
2021-06-09,"Johnson&Johnson, Moderna, Oxford/AstraZeneca, Pfizer/BioNTech",4409223,1936104,6345327
2021-06-10,"Johnson&Johnson, Moderna, Oxford/AstraZeneca, Pfizer/BioNTech",4463075,2007278,6470353
2021-06-11,"Johnson&Johnson, Moderna, Oxford/AstraZeneca, Pfizer/BioNTech",4515159,2077012,6592171
2021-06-12,"Johnson&Johnson, Moderna, Oxford/AstraZeneca, Pfizer/BioNTech",4547155,2097785,6644940
2021-06-13,"Johnson&Johnson, Moderna, Oxford/AstraZeneca, Pfizer/BioNTech",4571162,2116167,6687329
2021-06-14,"Johnson&Johnson, Moderna, Oxford/AstraZeneca, Pfizer/BioNTech",4614226,2190515,6804741
2021-06-15,"Johnson&Johnson, Moderna, Oxford/AstraZeneca, Pfizer/BioNTech",4658857,2262825,6921682
2021-06-16,"Johnson&Johnson, Moderna, Oxford/AstraZeneca, Pfizer/BioNTech",4701580,2341008,7042588
2021-06-17,"Johnson&Johnson, Moderna, Oxford/AstraZeneca, Pfizer/BioNTech",4740945,2424030,7164975
2021-06-18,"Johnson&Johnson, Moderna, Oxford/AstraZeneca, Pfizer/BioNTech",4783330,2504491,7287821
2021-06-19,"Johnson&Johnson, Moderna, Oxford/AstraZeneca, Pfizer/BioNTech",4805080,2533737,7338817
2021-06-20,"Johnson&Johnson, Moderna, Oxford/AstraZeneca, Pfizer/BioNTech",4822441,2557535,7379976
2021-06-21,"Johnson&Johnson, Moderna, Oxford/AstraZeneca, Pfizer/BioNTech",4854937,2636056,7490993
2021-06-22,"Johnson&Johnson, Moderna, Oxford/AstraZeneca, Pfizer/BioNTech",4887888,2718267,7606155
2021-06-23,"Johnson&Johnson, Moderna, Oxford/AstraZeneca, Pfizer/BioNTech",4919525,2803430,7722955
2021-06-24,"Johnson&Johnson, Moderna, Oxford/AstraZeneca, Pfizer/BioNTech",4949351,2893388,7842739
2021-06-25,"Johnson&Johnson, Moderna, Oxford/AstraZeneca, Pfizer/BioNTech",4980399,2979457,7959856
2021-06-26,"Johnson&Johnson, Moderna, Oxford/AstraZeneca, Pfizer/BioNTech",4996257,3014232,8010489
2021-06-27,"Johnson&Johnson, Moderna, Oxford/AstraZeneca, Pfizer/BioNTech",5010195,3040850,8051045
2021-06-28,"Johnson&Johnson, Moderna, Oxford/AstraZeneca, Pfizer/BioNTech",5038595,3125977,8164572
2021-06-29,"Johnson&Johnson, Moderna, Oxford/AstraZeneca, Pfizer/BioNTech",5067855,3212386,8280241
2021-06-30,"Johnson&Johnson, Moderna, Oxford/AstraZeneca, Pfizer/BioNTech",5095332,3303309,8398641
2021-07-01,"Johnson&Johnson, Moderna, Oxford/AstraZeneca, Pfizer/BioNTech",5119298,3393308,8512606
2021-07-02,"Johnson&Johnson, Moderna, Oxford/AstraZeneca, Pfizer/BioNTech",5146000,3479099,8625099
2021-07-03,"Johnson&Johnson, Moderna, Oxford/AstraZeneca, Pfizer/BioNTech",5153072,3510581,8663653
2021-07-04,"Johnson&Johnson, Moderna, Oxford/AstraZeneca, Pfizer/BioNTech",5160621,3532355,8692976
2021-07-05,"Johnson&Johnson, Moderna, Oxford/AstraZeneca, Pfizer/BioNTech",5167982,3557700,8725682
2021-07-06,"Johnson&Johnson, Moderna, Oxford/AstraZeneca, Pfizer/BioNTech",5173388,3585317,8758705
2021-07-07,"Johnson&Johnson, Moderna, Oxford/AstraZeneca, Pfizer/BioNTech",5199165,3664237,8863402
2021-07-08,"Johnson&Johnson, Moderna, Oxford/AstraZeneca, Pfizer/BioNTech",5225750,3734503,8960253
2021-07-09,"Johnson&Johnson, Moderna, Oxford/AstraZeneca, Pfizer/BioNTech",5253659,3803715,9057374
2021-07-10,"Johnson&Johnson, Moderna, Oxford/AstraZeneca, Pfizer/BioNTech",5263000,3832304,9095304
2021-07-11,"Johnson&Johnson, Moderna, Oxford/AstraZeneca, Pfizer/BioNTech",5271520,3855161,9126681
2021-07-12,"Johnson&Johnson, Moderna, Oxford/AstraZeneca, Pfizer/BioNTech",5299036,3924196,9223232
2021-07-13,"Johnson&Johnson, Moderna, Oxford/AstraZeneca, Pfizer/BioNTech",5325206,3994006,9319212
2021-07-14,"Johnson&Johnson, Moderna, Oxford/AstraZeneca, Pfizer/BioNTech",5351007,4065921,9416928
2021-07-15,"Johnson&Johnson, Moderna, Oxford/AstraZeneca, Pfizer/BioNTech",5380171,4131861,9512032
2021-07-16,"Johnson&Johnson, Moderna, Oxford/AstraZeneca, Pfizer/BioNTech",5408078,4204508,9612586
2021-07-17,"Johnson&Johnson, Moderna, Oxford/AstraZeneca, Pfizer/BioNTech",5416841,4235903,9652744
2021-07-18,"Johnson&Johnson, Moderna, Oxford/AstraZeneca, Pfizer/BioNTech",5425278,4261870,9687148
2021-07-19,"Johnson&Johnson, Moderna, Oxford/AstraZeneca, Pfizer/BioNTech",5448619,4328841,9777460
2021-07-20,"Johnson&Johnson, Moderna, Oxford/AstraZeneca, Pfizer/BioNTech",5469990,4395820,9865810
2021-07-21,"Johnson&Johnson, Moderna, Oxford/AstraZeneca, Pfizer/BioNTech",5493433,4459222,9952655
2021-07-22,"Johnson&Johnson, Moderna, Oxford/AstraZeneca, Pfizer/BioNTech",5515784,4517779,10033563
2021-07-23,"Johnson&Johnson, Moderna, Oxford/AstraZeneca, Pfizer/BioNTech",5538969,4572457,10111426
2021-07-24,"Johnson&Johnson, Moderna, Oxford/AstraZeneca, Pfizer/BioNTech",5546276,4600081,10146357
2021-07-25,"Johnson&Johnson, Moderna, Oxford/AstraZeneca, Pfizer/BioNTech",5552886,4622176,10175062
2021-07-26,"Johnson&Johnson, Moderna, Oxford/AstraZeneca, Pfizer/BioNTech",5576414,4670791,10247205
2021-07-27,"Johnson&Johnson, Moderna, Oxford/AstraZeneca, Pfizer/BioNTech",5599133,4717352,10316485
2021-07-28,"Johnson&Johnson, Moderna, Oxford/AstraZeneca, Pfizer/BioNTech",5620373,4763265,10383638
2021-07-29,"Johnson&Johnson, Moderna, Oxford/AstraZeneca, Pfizer/BioNTech",5641682,4805146,10446828
2021-07-30,"Johnson&Johnson, Moderna, Oxford/AstraZeneca, Pfizer/BioNTech",5664946,4847632,10512578
2021-07-31,"Johnson&Johnson, Moderna, Oxford/AstraZeneca, Pfizer/BioNTech",5673864,4867133,10540997
2021-08-01,"Johnson&Johnson, Moderna, Oxford/AstraZeneca, Pfizer/BioNTech",5680577,4883279,10563856
2021-08-02,"Johnson&Johnson, Moderna, Oxford/AstraZeneca, Pfizer/BioNTech",5699195,4920775,10619970
2021-08-03,"Johnson&Johnson, Moderna, Oxford/AstraZeneca, Pfizer/BioNTech",5716815,4958816,10675631
2021-08-04,"Johnson&Johnson, Moderna, Oxford/AstraZeneca, Pfizer/BioNTech",5732901,4995498,10728399
2021-08-05,"Johnson&Johnson, Moderna, Oxford/AstraZeneca, Pfizer/BioNTech",5748924,5035914,10784838
2021-08-06,"Johnson&Johnson, Moderna, Oxford/AstraZeneca, Pfizer/BioNTech",5765699,5079138,10844837
2021-08-07,"Johnson&Johnson, Moderna, Oxford/AstraZeneca, Pfizer/BioNTech",5771287,5097276,10868563
2021-08-08,"Johnson&Johnson, Moderna, Oxford/AstraZeneca, Pfizer/BioNTech",5775639,5113006,10888645
2021-08-09,"Johnson&Johnson, Moderna, Oxford/AstraZeneca, Pfizer/BioNTech",5788273,5158008,10946281
2021-08-10,"Johnson&Johnson, Moderna, Oxford/AstraZeneca, Pfizer/BioNTech",5800098,5197527,10997625
2021-08-11,"Johnson&Johnson, Moderna, Oxford/AstraZeneca, Pfizer/BioNTech",5811452,5240610,11052062
2021-08-12,"Johnson&Johnson, Moderna, Oxford/AstraZeneca, Pfizer/BioNTech",5822866,5277686,11100552
2021-08-13,"Johnson&Johnson, Moderna, Oxford/AstraZeneca, Pfizer/BioNTech",5833582,5317974,11151556
2021-08-14,"Johnson&Johnson, Moderna, Oxford/AstraZeneca, Pfizer/BioNTech",5836917,5328651,11165568
2021-08-15,"Johnson&Johnson, Moderna, Oxford/AstraZeneca, Pfizer/BioNTech",5839500,5339006,11178506
2021-08-16,"Johnson&Johnson, Moderna, Oxford/AstraZeneca, Pfizer/BioNTech",5849283,5373038,11222321
2021-08-17,"Johnson&Johnson, Moderna, Oxford/AstraZeneca, Pfizer/BioNTech",5858871,5400098,11258969
2021-08-18,"Johnson&Johnson, Moderna, Oxford/AstraZeneca, Pfizer/BioNTech",5868236,5438936,11307172
2021-08-19,"Johnson&Johnson, Moderna, Oxford/AstraZeneca, Pfizer/BioNTech",5877896,5477254,11355150
2021-08-20,"Johnson&Johnson, Moderna, Oxford/AstraZeneca, Pfizer/BioNTech",5889273,5517414,11406687
2021-08-21,"Johnson&Johnson, Moderna, Oxford/AstraZeneca, Pfizer/BioNTech",5891987,5530151,11422138
2021-08-22,"Johnson&Johnson, Moderna, Oxford/AstraZeneca, Pfizer/BioNTech",5894326,5542104,11436430
2021-08-23,"Johnson&Johnson, Moderna, Oxford/AstraZeneca, Pfizer/BioNTech",5904853,5581341,11486194
2021-08-24,"Johnson&Johnson, Moderna, Oxford/AstraZeneca, Pfizer/BioNTech",5914718,5614562,11529280
2021-08-25,"Johnson&Johnson, Moderna, Oxford/AstraZeneca, Pfizer/BioNTech",5923579,5642904,11566483
2021-08-26,"Johnson&Johnson, Moderna, Oxford/AstraZeneca, Pfizer/BioNTech",5932020,5669009,11601029
2021-08-27,"Johnson&Johnson, Moderna, Oxford/AstraZeneca, Pfizer/BioNTech",5942332,5694929,11637261
2021-08-28,"Johnson&Johnson, Moderna, Oxford/AstraZeneca, Pfizer/BioNTech",5945053,5701958,11647011
2021-08-29,"Johnson&Johnson, Moderna, Oxford/AstraZeneca, Pfizer/BioNTech",5947456,5708570,11656026
2021-08-30,"Johnson&Johnson, Moderna, Oxford/AstraZeneca, Pfizer/BioNTech",5955973,5730416,11686389
2021-08-31,"Johnson&Johnson, Moderna, Oxford/AstraZeneca, Pfizer/BioNTech",5963638,5748473,11712111
2021-09-01,"Johnson&Johnson, Moderna, Oxford/AstraZeneca, Pfizer/BioNTech",5969518,5762445,11731963
2021-09-02,"Johnson&Johnson, Moderna, Oxford/AstraZeneca, Pfizer/BioNTech",5976344,5776809,11753153
2021-09-03,"Johnson&Johnson, Moderna, Oxford/AstraZeneca, Pfizer/BioNTech",5985895,5792493,11778388
2021-09-04,"Johnson&Johnson, Moderna, Oxford/AstraZeneca, Pfizer/BioNTech",5987958,5796040,11783998
2021-09-05,"Johnson&Johnson, Moderna, Oxford/AstraZeneca, Pfizer/BioNTech",5989991,5798880,11788871
2021-09-06,"Johnson&Johnson, Moderna, Oxford/AstraZeneca, Pfizer/BioNTech",5996219,5811392,11807611
2021-09-07,"Johnson&Johnson, Moderna, Oxford/AstraZeneca, Pfizer/BioNTech",6000596,5822479,11823075
2021-09-08,"Johnson&Johnson, Moderna, Oxford/AstraZeneca, Pfizer/BioNTech",6006253,5832308,11838561
2021-09-09,"Johnson&Johnson, Moderna, Oxford/AstraZeneca, Pfizer/BioNTech",6012931,5842361,11855292
2021-09-10,"Johnson&Johnson, Moderna, Oxford/AstraZeneca, Pfizer/BioNTech",6020612,5854523,11875135
2021-09-11,"Johnson&Johnson, Moderna, Oxford/AstraZeneca, Pfizer/BioNTech",6022473,5856995,11879468
2021-09-12,"Johnson&Johnson, Moderna, Oxford/AstraZeneca, Pfizer/BioNTech",6023587,5858618,11882205
2021-09-13,"Johnson&Johnson, Moderna, Oxford/AstraZeneca, Pfizer/BioNTech",6029008,5868901,11897909
2021-09-14,"Johnson&Johnson, Moderna, Oxford/AstraZeneca, Pfizer/BioNTech",6034392,5877901,11912293
2021-09-15,"Johnson&Johnson, Moderna, Oxford/AstraZeneca, Pfizer/BioNTech",6039580,5886413,11925993
2021-09-16,"Johnson&Johnson, Moderna, Oxford/AstraZeneca, Pfizer/BioNTech",6044922,5894673,11939595
2021-09-17,"Johnson&Johnson, Moderna, Oxford/AstraZeneca, Pfizer/BioNTech",6051487,5904883,11956370
2021-09-18,"Johnson&Johnson, Moderna, Oxford/AstraZeneca, Pfizer/BioNTech",6053211,5907232,11960443
2021-09-19,"Johnson&Johnson, Moderna, Oxford/AstraZeneca, Pfizer/BioNTech",6054151,5908796,11962947
2021-09-20,"Johnson&Johnson, Moderna, Oxford/AstraZeneca, Pfizer/BioNTech",6058157,5916980,11975137
2021-09-21,"Johnson&Johnson, Moderna, Oxford/AstraZeneca, Pfizer/BioNTech",6062384,5924506,11986890
2021-09-22,"Johnson&Johnson, Moderna, Oxford/AstraZeneca, Pfizer/BioNTech",6066559,5930013,11996572
2021-09-23,"Johnson&Johnson, Moderna, Oxford/AstraZeneca, Pfizer/BioNTech",6071534,5936411,12007945
2021-09-24,"Johnson&Johnson, Moderna, Oxford/AstraZeneca, Pfizer/BioNTech",6077286,5946017,12023303
2021-09-25,"Johnson&Johnson, Moderna, Oxford/AstraZeneca, Pfizer/BioNTech",6078776,5948003,12026779
2021-09-26,"Johnson&Johnson, Moderna, Pfizer/BioNTech",6079516,5949632,12029148
2021-09-27,"Johnson&Johnson, Moderna, Oxford/AstraZeneca, Pfizer/BioNTech",6083391,5956119,12039510
2021-09-28,"Johnson&Johnson, Moderna, Pfizer/BioNTech",6083749,5956724,12040473
2021-09-29,"Johnson&Johnson, Moderna, Oxford/AstraZeneca, Pfizer/BioNTech",6087519,5964166,12051685
2021-09-30,"Johnson&Johnson, Moderna, Oxford/AstraZeneca, Pfizer/BioNTech",6092014,5971852,12063866
2021-10-01,"Johnson&Johnson, Moderna, Oxford/AstraZeneca, Pfizer/BioNTech",6096299,5979805,12076104
2021-10-02,"Johnson&Johnson, Moderna, Oxford/AstraZeneca, Pfizer/BioNTech",6097358,5981340,12078698
2021-10-03,"Johnson&Johnson, Moderna, Pfizer/BioNTech",6098073,5982201,12080274
2021-10-04,"Johnson&Johnson, Moderna, Oxford/AstraZeneca, Pfizer/BioNTech",6101141,5987764,12088905
2021-10-05,"Johnson&Johnson, Moderna, Oxford/AstraZeneca, Pfizer/BioNTech",6104294,5992825,12097119
2021-10-06,"Johnson&Johnson, Moderna, Oxford/AstraZeneca, Pfizer/BioNTech",6107804,5997980,12105784
2021-10-07,"Johnson&Johnson, Moderna, Oxford/AstraZeneca, Pfizer/BioNTech",6111075,6003225,12114300
2021-10-08,"Johnson&Johnson, Moderna, Oxford/AstraZeneca, Pfizer/BioNTech",6115856,6009839,12125695
2021-10-09,"Johnson&Johnson, Moderna, Oxford/AstraZeneca, Pfizer/BioNTech",6117096,6011491,12128587
2021-10-10,"Johnson&Johnson, Moderna, Oxford/AstraZeneca, Pfizer/BioNTech",6118036,6012320,12130356
2021-10-11,"Johnson&Johnson, Moderna, Oxford/AstraZeneca, Pfizer/BioNTech",6120962,6016723,12137685
2021-10-12,"Johnson&Johnson, Moderna, Oxford/AstraZeneca, Pfizer/BioNTech",6123880,6020716,12144596
2021-10-13,"Johnson&Johnson, Moderna, Oxford/AstraZeneca, Pfizer/BioNTech",6127412,6024895,12152307
2021-10-14,"Johnson&Johnson, Moderna, Oxford/AstraZeneca, Pfizer/BioNTech",6131085,6029836,12160921
2021-10-15,"Johnson&Johnson, Moderna, Oxford/AstraZeneca, Pfizer/BioNTech",6136308,6035963,12172271
2021-10-16,"Johnson&Johnson, Moderna, Oxford/AstraZeneca, Pfizer/BioNTech",6137704,6037478,12175182
2021-10-17,"Johnson&Johnson, Moderna, Pfizer/BioNTech",6139023,6038530,12177553
2021-10-18,"Johnson&Johnson, Moderna, Oxford/AstraZeneca, Pfizer/BioNTech",6143132,6042621,12185753
2021-10-19,"Johnson&Johnson, Moderna, Oxford/AstraZeneca, Pfizer/BioNTech",6146701,6044705,12191406
2021-10-20,"Johnson&Johnson, Moderna, Oxford/AstraZeneca, Pfizer/BioNTech",6151563,6049147,12200710
2021-10-21,"Johnson&Johnson, Moderna, Oxford/AstraZeneca, Pfizer/BioNTech",6159315,6054733,12214048
2021-10-22,"Johnson&Johnson, Moderna, Oxford/AstraZeneca, Pfizer/BioNTech",6169754,6061231,12230985
2021-10-23,"Johnson&Johnson, Moderna, Pfizer/BioNTech",6173424,6063430,12236854
2021-10-24,"Johnson&Johnson, Moderna, Pfizer/BioNTech",6176107,6065202,12241309
2021-10-25,"Johnson&Johnson, Moderna, Oxford/AstraZeneca, Pfizer/BioNTech",6186583,6070995,12257578
2021-10-26,"Johnson&Johnson, Moderna, Oxford/AstraZeneca, Pfizer/BioNTech",6198502,6077528,12276030
2021-10-27,"Johnson&Johnson, Moderna, Oxford/AstraZeneca, Pfizer/BioNTech",6213096,6084922,12298018
2021-10-28,"Johnson&Johnson, Moderna, Oxford/AstraZeneca, Pfizer/BioNTech",6216500,6086591,12303091
2021-10-29,"Johnson&Johnson, Moderna, Oxford/AstraZeneca, Pfizer/BioNTech",6230917,6094553,12325470
2021-10-30,"Johnson&Johnson, Moderna, Pfizer/BioNTech",6235445,6097466,12332911
2021-10-31,"Johnson&Johnson, Moderna, Oxford/AstraZeneca, Pfizer/BioNTech",6239205,6099936,12339141
2021-11-01,"Johnson&Johnson, Moderna, Oxford/AstraZeneca, Pfizer/BioNTech",6254391,6107618,12362009
2021-11-02,"Johnson&Johnson, Moderna, Oxford/AstraZeneca, Pfizer/BioNTech",6269827,6115164,12384991
2021-11-03,"Johnson&Johnson, Moderna, Oxford/AstraZeneca, Pfizer/BioNTech",6286992,6122450,12409442
2021-11-04,"Johnson&Johnson, Moderna, Oxford/AstraZeneca, Pfizer/BioNTech",6305302,6130613,12435915
2021-11-05,"Johnson&Johnson, Moderna, Oxford/AstraZeneca, Pfizer/BioNTech",6328076,6141875,12469951
2021-11-06,"Johnson&Johnson, Moderna, Oxford/AstraZeneca, Pfizer/BioNTech",6334577,6144923,12479500
2021-11-07,"Johnson&Johnson, Moderna, Oxford/AstraZeneca, Pfizer/BioNTech",6338593,6147354,12485947
2021-11-08,"Johnson&Johnson, Moderna, Oxford/AstraZeneca, Pfizer/BioNTech",6354840,6154979,12509819
2021-11-09,"Johnson&Johnson, Moderna, Oxford/AstraZeneca, Pfizer/BioNTech",6369597,6162262,12531859
2021-11-10,"Johnson&Johnson, Moderna, Oxford/AstraZeneca, Pfizer/BioNTech",6385291,6169628,12554919
2021-11-11,"Johnson&Johnson, Moderna, Oxford/AstraZeneca, Pfizer/BioNTech",6400677,6178721,12579398
2021-11-12,"Johnson&Johnson, Moderna, Oxford/AstraZeneca, Pfizer/BioNTech",6420433,6191483,12611916
2021-11-13,"Johnson&Johnson, Moderna, Oxford/AstraZeneca, Pfizer/BioNTech",6425812,6195341,12621153
2021-11-14,"Johnson&Johnson, Moderna, Oxford/AstraZeneca, Pfizer/BioNTech",6429692,6198340,12628032
2021-11-15,"Johnson&Johnson, Moderna, Oxford/AstraZeneca, Pfizer/BioNTech",6444721,6209018,12653739
2021-11-16,"Johnson&Johnson, Moderna, Oxford/AstraZeneca, Pfizer/BioNTech",6462135,6220925,12683060
2021-11-17,"Johnson&Johnson, Moderna, Oxford/AstraZeneca, Pfizer/BioNTech",6466344,6224483,12690827
2021-11-18,"Johnson&Johnson, Moderna, Oxford/AstraZeneca, Pfizer/BioNTech",6485668,6236140,12721808
2021-11-19,"Johnson&Johnson, Moderna, Oxford/AstraZeneca, Pfizer/BioNTech",6510144,6253098,12763242
2021-11-20,"Johnson&Johnson, Moderna, Oxford/AstraZeneca, Pfizer/BioNTech",6518688,6258065,12776753
2021-11-21,"Johnson&Johnson, Moderna, Oxford/AstraZeneca, Pfizer/BioNTech",6525431,6261829,12787260
2021-11-22,"Johnson&Johnson, Moderna, Oxford/AstraZeneca, Pfizer/BioNTech",6543779,6275907,12819686
2021-11-23,"Johnson&Johnson, Moderna, Oxford/AstraZeneca, Pfizer/BioNTech",6562706,6289141,12851847
2021-11-24,"Johnson&Johnson, Moderna, Oxford/AstraZeneca, Pfizer/BioNTech",6581582,6304956,12886538
2021-11-25,"Johnson&Johnson, Moderna, Oxford/AstraZeneca, Pfizer/BioNTech",6600605,6319946,12920551
2021-11-26,"Johnson&Johnson, Moderna, Oxford/AstraZeneca, Pfizer/BioNTech",6622110,6339005,12961115
2021-11-27,"Johnson&Johnson, Moderna, Oxford/AstraZeneca, Pfizer/BioNTech",6629513,6344528,12974041
2021-11-28,"Johnson&Johnson, Moderna, Pfizer/BioNTech",6632823,6347654,12980477
2021-11-29,"Johnson&Johnson, Moderna, Oxford/AstraZeneca, Pfizer/BioNTech",6647950,6361256,13009206
2021-11-30,"Johnson&Johnson, Moderna, Oxford/AstraZeneca, Pfizer/BioNTech",6661070,6372421,13033491
2021-12-01,"Johnson&Johnson, Moderna, Oxford/AstraZeneca, Pfizer/BioNTech",6674976,6384796,13059772
2021-12-02,"Johnson&Johnson, Moderna, Oxford/AstraZeneca, Pfizer/BioNTech",6685531,6397204,13082735
2021-12-03,"Johnson&Johnson, Moderna, Oxford/AstraZeneca, Pfizer/BioNTech",6694966,6412639,13107605
2021-12-04,"Johnson&Johnson, Moderna, Oxford/AstraZeneca, Pfizer/BioNTech",6697489,6416564,13114053
2021-12-05,"Johnson&Johnson, Moderna, Oxford/AstraZeneca, Pfizer/BioNTech",6698826,6418878,13117704
2021-12-06,"Johnson&Johnson, Moderna, Oxford/AstraZeneca, Pfizer/BioNTech",6706901,6430325,13137226
2021-12-07,"Johnson&Johnson, Moderna, Oxford/AstraZeneca, Pfizer/BioNTech",6714649,6442214,13156863
2021-12-08,"Johnson&Johnson, Moderna, Oxford/AstraZeneca, Pfizer/BioNTech",6722824,6448045,13170869
2021-12-09,"Johnson&Johnson, Moderna, Oxford/AstraZeneca, Pfizer/BioNTech",6729835,6460723,13190558
2021-12-10,"Johnson&Johnson, Moderna, Oxford/AstraZeneca, Pfizer/BioNTech",6736564,6478281,13214845
2021-12-11,"Johnson&Johnson, Moderna, Oxford/AstraZeneca, Pfizer/BioNTech",6738186,6483505,13221691
2021-12-12,"Johnson&Johnson, Moderna, Oxford/AstraZeneca, Pfizer/BioNTech",6739481,6487927,13227408
2021-12-13,"Johnson&Johnson, Moderna, Oxford/AstraZeneca, Pfizer/BioNTech",6745411,6500611,13246022
