date,vaccine,people_vaccinated,people_fully_vaccinated,total_vaccinations
2020-12-27,Pfizer/BioNTech,1287,0,1287
2020-12-28,Pfizer/BioNTech,3591,0,3591
2020-12-29,Pfizer/BioNTech,7062,1,7063
2020-12-30,Pfizer/BioNTech,10582,1,10583
2020-12-31,Pfizer/BioNTech,11893,1,11894
2021-01-01,"Moderna, Pfizer/BioNTech",12163,1,12164
2021-01-02,"Moderna, Pfizer/BioNTech",13445,1,13446
2021-01-03,"Moderna, Pfizer/BioNTech",14371,1,14372
2021-01-04,"Moderna, Pfizer/BioNTech",17986,1,17987
2021-01-05,"Moderna, Pfizer/BioNTech",22513,3,22516
2021-01-06,"Moderna, Pfizer/BioNTech",28361,4,28365
2021-01-07,"Moderna, Pfizer/BioNTech",36362,4,36366
2021-01-08,"Moderna, Pfizer/BioNTech",46417,5,46422
2021-01-09,"Moderna, Pfizer/BioNTech",48445,7,48452
2021-01-10,Pfizer/BioNTech,50216,9,50225
2021-01-11,"Moderna, Pfizer/BioNTech",60077,11,60088
2021-01-12,"Moderna, Pfizer/BioNTech",73535,13,73548
2021-01-13,"Moderna, Pfizer/BioNTech",87085,13,87098
2021-01-14,"Moderna, Pfizer/BioNTech",102341,17,102358
2021-01-15,"Moderna, Pfizer/BioNTech",116364,18,116382
2021-01-16,"Moderna, Pfizer/BioNTech",119768,22,119790
2021-01-17,"Moderna, Pfizer/BioNTech",122389,658,123047
2021-01-18,"Moderna, Pfizer/BioNTech",134884,2485,137369
2021-01-19,"Moderna, Pfizer/BioNTech",147496,5214,152710
2021-01-20,"Moderna, Pfizer/BioNTech",161193,7878,169071
2021-01-21,"Moderna, Pfizer/BioNTech",176850,9620,186470
2021-01-22,"Moderna, Pfizer/BioNTech",191745,10666,202411
2021-01-23,"Moderna, Pfizer/BioNTech",195065,11545,206610
2021-01-24,"Moderna, Pfizer/BioNTech",197321,12415,209736
2021-01-25,"Moderna, Pfizer/BioNTech",206976,15390,222366
2021-01-26,"Moderna, Pfizer/BioNTech",217526,19382,236908
2021-01-27,"Moderna, Pfizer/BioNTech",226559,23918,250477
2021-01-28,"Moderna, Pfizer/BioNTech",233662,30053,263715
2021-01-29,"Moderna, Pfizer/BioNTech",239881,37963,277844
2021-01-30,"Moderna, Pfizer/BioNTech",240622,39051,279673
2021-01-31,"Moderna, Pfizer/BioNTech",241340,40233,281573
2021-02-01,"Moderna, Pfizer/BioNTech",245322,48204,293526
2021-02-02,"Moderna, Pfizer/BioNTech",249475,58444,307919
2021-02-03,"Moderna, Pfizer/BioNTech",253902,69468,323370
2021-02-04,"Moderna, Pfizer/BioNTech",258810,82462,341272
2021-02-05,"Moderna, Pfizer/BioNTech",264284,93139,357423
2021-02-06,"Moderna, Oxford/AstraZeneca, Pfizer/BioNTech",265141,95506,360647
2021-02-07,"Moderna, Oxford/AstraZeneca, Pfizer/BioNTech",265992,98006,363998
2021-02-08,"Moderna, Oxford/AstraZeneca, Pfizer/BioNTech",270087,109440,379527
2021-02-09,"Moderna, Oxford/AstraZeneca, Pfizer/BioNTech",275195,121355,396550
2021-02-10,"Moderna, Oxford/AstraZeneca, Pfizer/BioNTech",280711,134618,415329
2021-02-11,"Moderna, Oxford/AstraZeneca, Pfizer/BioNTech",287052,150841,437893
2021-02-12,"Moderna, Oxford/AstraZeneca, Pfizer/BioNTech",293883,165589,459472
2021-02-13,"Moderna, Oxford/AstraZeneca, Pfizer/BioNTech",295498,168578,464076
2021-02-14,"Moderna, Oxford/AstraZeneca, Pfizer/BioNTech",296503,169964,466467
2021-02-15,"Moderna, Oxford/AstraZeneca, Pfizer/BioNTech",302901,179335,482236
2021-02-16,"Moderna, Oxford/AstraZeneca, Pfizer/BioNTech",311623,188419,500042
2021-02-17,"Moderna, Oxford/AstraZeneca, Pfizer/BioNTech",321326,196729,518055
2021-02-18,"Moderna, Oxford/AstraZeneca, Pfizer/BioNTech",333656,204813,538469
2021-02-19,"Moderna, Oxford/AstraZeneca, Pfizer/BioNTech",345522,212193,557715
2021-02-20,"Moderna, Oxford/AstraZeneca, Pfizer/BioNTech",347532,213379,560911
2021-02-21,"Moderna, Oxford/AstraZeneca, Pfizer/BioNTech",348669,214405,563074
2021-02-22,"Moderna, Oxford/AstraZeneca, Pfizer/BioNTech",358797,220443,579240
2021-02-23,"Moderna, Oxford/AstraZeneca, Pfizer/BioNTech",371762,227435,599197
2021-02-24,"Moderna, Oxford/AstraZeneca, Pfizer/BioNTech",385645,233478,619123
2021-02-25,"Moderna, Oxford/AstraZeneca, Pfizer/BioNTech",403629,239029,642658
2021-02-26,"Moderna, Oxford/AstraZeneca, Pfizer/BioNTech",419809,244391,664200
2021-02-27,"Moderna, Oxford/AstraZeneca, Pfizer/BioNTech",422819,244951,667770
2021-02-28,"Moderna, Oxford/AstraZeneca, Pfizer/BioNTech",425177,245503,670680
2021-03-01,"Moderna, Oxford/AstraZeneca, Pfizer/BioNTech",444779,248954,693733
2021-03-02,"Moderna, Oxford/AstraZeneca, Pfizer/BioNTech",472009,252504,724513
2021-03-03,"Moderna, Oxford/AstraZeneca, Pfizer/BioNTech",502969,257015,759984
2021-03-04,"Moderna, Oxford/AstraZeneca, Pfizer/BioNTech",536264,261705,797969
2021-03-05,"Johnson&Johnson, Moderna, Oxford/AstraZeneca, Pfizer/BioNTech",565111,267132,832243
2021-03-06,"Johnson&Johnson, Moderna, Oxford/AstraZeneca, Pfizer/BioNTech",577268,267997,845265
2021-03-07,"Johnson&Johnson, Moderna, Oxford/AstraZeneca, Pfizer/BioNTech",588817,268839,857656
2021-03-08,"Johnson&Johnson, Moderna, Oxford/AstraZeneca, Pfizer/BioNTech",618567,273702,892269
2021-03-09,"Johnson&Johnson, Moderna, Oxford/AstraZeneca, Pfizer/BioNTech",654938,280088,935026
2021-03-10,"Johnson&Johnson, Moderna, Oxford/AstraZeneca, Pfizer/BioNTech",696275,287049,983324
2021-03-11,"Johnson&Johnson, Moderna, Oxford/AstraZeneca, Pfizer/BioNTech",741131,295423,1036554
2021-03-12,"Johnson&Johnson, Moderna, Oxford/AstraZeneca, Pfizer/BioNTech",779900,303920,1083820
2021-03-13,"Johnson&Johnson, Moderna, Oxford/AstraZeneca, Pfizer/BioNTech",797009,305235,1102244
2021-03-14,"Johnson&Johnson, Moderna, Oxford/AstraZeneca, Pfizer/BioNTech",809127,306391,1115518
2021-03-15,"Johnson&Johnson, Moderna, Oxford/AstraZeneca, Pfizer/BioNTech",837525,315174,1152699
2021-03-16,"Johnson&Johnson, Moderna, Oxford/AstraZeneca, Pfizer/BioNTech",876420,325712,1202132
2021-03-17,"Moderna, Oxford/AstraZeneca, Pfizer/BioNTech",913911,336225,1250136
2021-03-18,"Johnson&Johnson, Moderna, Oxford/AstraZeneca, Pfizer/BioNTech",951916,348650,1300566
2021-03-19,"Moderna, Oxford/AstraZeneca, Pfizer/BioNTech",986433,362264,1348697
2021-03-20,"Johnson&Johnson, Moderna, Oxford/AstraZeneca, Pfizer/BioNTech",1001614,364296,1365910
2021-03-21,"Johnson&Johnson, Moderna, Oxford/AstraZeneca, Pfizer/BioNTech",1009056,365856,1374912
2021-03-22,"Johnson&Johnson, Moderna, Oxford/AstraZeneca, Pfizer/BioNTech",1033634,378360,1411994
2021-03-23,"Johnson&Johnson, Moderna, Oxford/AstraZeneca, Pfizer/BioNTech",1060314,391726,1452040
2021-03-24,"Johnson&Johnson, Moderna, Oxford/AstraZeneca, Pfizer/BioNTech",1087202,407474,1494676
2021-03-25,"Johnson&Johnson, Moderna, Oxford/AstraZeneca, Pfizer/BioNTech",1113556,425330,1538886
2021-03-26,"Johnson&Johnson, Moderna, Oxford/AstraZeneca, Pfizer/BioNTech",1138398,442842,1581240
2021-03-27,"Johnson&Johnson, Moderna, Oxford/AstraZeneca, Pfizer/BioNTech",1146854,447688,1594542
2021-03-28,"Moderna, Oxford/AstraZeneca, Pfizer/BioNTech",1152402,451836,1604238
2021-03-29,"Johnson&Johnson, Moderna, Oxford/AstraZeneca, Pfizer/BioNTech",1171559,472574,1644133
2021-03-30,"Johnson&Johnson, Moderna, Oxford/AstraZeneca, Pfizer/BioNTech",1196270,494762,1691032
2021-03-31,"Johnson&Johnson, Moderna, Oxford/AstraZeneca, Pfizer/BioNTech",1219426,521832,1741258
2021-04-01,"Johnson&Johnson, Moderna, Oxford/AstraZeneca, Pfizer/BioNTech",1245112,553894,1799006
2021-04-02,"Johnson&Johnson, Moderna, Oxford/AstraZeneca, Pfizer/BioNTech",1252088,566696,1818784
2021-04-03,"Johnson&Johnson, Moderna, Oxford/AstraZeneca, Pfizer/BioNTech",1255738,577627,1833365
2021-04-04,"Johnson&Johnson, Moderna, Oxford/AstraZeneca, Pfizer/BioNTech",1258279,586552,1844831
2021-04-05,"Johnson&Johnson, Moderna, Oxford/AstraZeneca, Pfizer/BioNTech",1260708,593756,1854464
2021-04-06,"Johnson&Johnson, Moderna, Oxford/AstraZeneca, Pfizer/BioNTech",1276923,623032,1899955
2021-04-07,"Johnson&Johnson, Moderna, Oxford/AstraZeneca, Pfizer/BioNTech",1300426,645277,1945703
2021-04-08,"Johnson&Johnson, Moderna, Oxford/AstraZeneca, Pfizer/BioNTech",1339233,676324,2015557
2021-04-09,"Johnson&Johnson, Moderna, Oxford/AstraZeneca, Pfizer/BioNTech",1378833,706521,2085354
2021-04-10,"Johnson&Johnson, Moderna, Oxford/AstraZeneca, Pfizer/BioNTech",1394399,721833,2116232
2021-04-11,"Johnson&Johnson, Moderna, Oxford/AstraZeneca, Pfizer/BioNTech",1404194,731889,2136083
2021-04-12,"Johnson&Johnson, Moderna, Oxford/AstraZeneca, Pfizer/BioNTech",1442515,757035,2199550
2021-04-13,"Moderna, Oxford/AstraZeneca, Pfizer/BioNTech",1478821,783078,2261899
2021-04-14,"Moderna, Oxford/AstraZeneca, Pfizer/BioNTech",1517705,810454,2328159
2021-04-15,"Moderna, Oxford/AstraZeneca, Pfizer/BioNTech",1565540,836235,2401775
2021-04-16,"Moderna, Oxford/AstraZeneca, Pfizer/BioNTech",1610250,861921,2472171
2021-04-17,"Moderna, Oxford/AstraZeneca, Pfizer/BioNTech",1626974,870947,2497921
2021-04-18,"Moderna, Oxford/AstraZeneca, Pfizer/BioNTech",1639973,875933,2515906
2021-04-19,"Moderna, Oxford/AstraZeneca, Pfizer/BioNTech",1683945,891375,2575320
2021-04-20,"Johnson&Johnson, Moderna, Oxford/AstraZeneca, Pfizer/BioNTech",1726533,907265,2633798
2021-04-21,"Moderna, Oxford/AstraZeneca, Pfizer/BioNTech",1774305,921634,2695939
2021-04-22,"Johnson&Johnson, Moderna, Oxford/AstraZeneca, Pfizer/BioNTech",1828832,939032,2767864
2021-04-23,"Johnson&Johnson, Moderna, Oxford/AstraZeneca, Pfizer/BioNTech",1878850,951098,2829948
2021-04-24,"Johnson&Johnson, Moderna, Oxford/AstraZeneca, Pfizer/BioNTech",1896726,956364,2853090
2021-04-25,"Johnson&Johnson, Moderna, Oxford/AstraZeneca, Pfizer/BioNTech",1911436,960366,2871802
2021-04-26,"Johnson&Johnson, Moderna, Oxford/AstraZeneca, Pfizer/BioNTech",1961045,967935,2928980
2021-04-27,"Johnson&Johnson, Moderna, Oxford/AstraZeneca, Pfizer/BioNTech",2010041,980187,2990228
2021-04-28,"Johnson&Johnson, Moderna, Oxford/AstraZeneca, Pfizer/BioNTech",2068824,994215,3063039
2021-04-29,"Johnson&Johnson, Moderna, Oxford/AstraZeneca, Pfizer/BioNTech",2134443,1010133,3144576
2021-04-30,"Johnson&Johnson, Moderna, Oxford/AstraZeneca, Pfizer/BioNTech",2196740,1020128,3216868
2021-05-01,"Johnson&Johnson, Moderna, Oxford/AstraZeneca, Pfizer/BioNTech",2216126,1023591,3239717
2021-05-02,"Johnson&Johnson, Moderna, Oxford/AstraZeneca, Pfizer/BioNTech",2235077,1025880,3260957
2021-05-03,"Johnson&Johnson, Moderna, Oxford/AstraZeneca, Pfizer/BioNTech",2302357,1030962,3333319
2021-05-04,"Johnson&Johnson, Moderna, Oxford/AstraZeneca, Pfizer/BioNTech",2368910,1039338,3408248
2021-05-05,"Johnson&Johnson, Moderna, Oxford/AstraZeneca, Pfizer/BioNTech",2442118,1048785,3490903
2021-05-06,"Johnson&Johnson, Moderna, Oxford/AstraZeneca, Pfizer/BioNTech",2522565,1059540,3582105
2021-05-07,"Johnson&Johnson, Moderna, Oxford/AstraZeneca, Pfizer/BioNTech",2599899,1069683,3669582
2021-05-08,"Johnson&Johnson, Moderna, Oxford/AstraZeneca, Pfizer/BioNTech",2629429,1071472,3700901
2021-05-09,"Johnson&Johnson, Moderna, Oxford/AstraZeneca, Pfizer/BioNTech",2653664,1072692,3726356
2021-05-10,"Johnson&Johnson, Moderna, Oxford/AstraZeneca, Pfizer/BioNTech",2726470,1079940,3806410
2021-05-11,"Johnson&Johnson, Moderna, Oxford/AstraZeneca, Pfizer/BioNTech",2802620,1088775,3891395
2021-05-12,"Johnson&Johnson, Moderna, Oxford/AstraZeneca, Pfizer/BioNTech",2882569,1097921,3980490
2021-05-13,"Johnson&Johnson, Moderna, Oxford/AstraZeneca, Pfizer/BioNTech",2966625,1107111,4073736
2021-05-14,"Johnson&Johnson, Moderna, Oxford/AstraZeneca, Pfizer/BioNTech",3046172,1114942,4161114
2021-05-15,"Johnson&Johnson, Moderna, Oxford/AstraZeneca, Pfizer/BioNTech",3078135,1117226,4195361
2021-05-16,"Johnson&Johnson, Moderna, Oxford/AstraZeneca, Pfizer/BioNTech",3103944,1118511,4222455
2021-05-17,"Johnson&Johnson, Moderna, Oxford/AstraZeneca, Pfizer/BioNTech",3176490,1125270,4301760
2021-05-18,"Johnson&Johnson, Moderna, Oxford/AstraZeneca, Pfizer/BioNTech",3248476,1138392,4386868
2021-05-19,"Johnson&Johnson, Moderna, Oxford/AstraZeneca, Pfizer/BioNTech",3325973,1153567,4479540
2021-05-20,"Johnson&Johnson, Moderna, Oxford/AstraZeneca, Pfizer/BioNTech",3401466,1180638,4582104
2021-05-21,"Johnson&Johnson, Moderna, Oxford/AstraZeneca, Pfizer/BioNTech",3470318,1208451,4678769
2021-05-22,"Johnson&Johnson, Moderna, Oxford/AstraZeneca, Pfizer/BioNTech",3502773,1219689,4722462
2021-05-23,"Johnson&Johnson, Moderna, Oxford/AstraZeneca, Pfizer/BioNTech",3525221,1228731,4753952
2021-05-24,"Johnson&Johnson, Moderna, Oxford/AstraZeneca, Pfizer/BioNTech",3572431,1262410,4834841
2021-05-25,"Johnson&Johnson, Moderna, Oxford/AstraZeneca, Pfizer/BioNTech",3624347,1298259,4922606
2021-05-26,"Johnson&Johnson, Moderna, Oxford/AstraZeneca, Pfizer/BioNTech",3692114,1335822,5027936
2021-05-27,"Johnson&Johnson, Moderna, Oxford/AstraZeneca, Pfizer/BioNTech",3753550,1383194,5136744
2021-05-28,"Johnson&Johnson, Moderna, Oxford/AstraZeneca, Pfizer/BioNTech",3815304,1429808,5245112
2021-05-29,"Johnson&Johnson, Moderna, Oxford/AstraZeneca, Pfizer/BioNTech",3844562,1446951,5291513
2021-05-30,"Johnson&Johnson, Moderna, Oxford/AstraZeneca, Pfizer/BioNTech",3866969,1461415,5328384
2021-05-31,"Johnson&Johnson, Moderna, Oxford/AstraZeneca, Pfizer/BioNTech",3922723,1508953,5431676
2021-06-01,"Johnson&Johnson, Moderna, Oxford/AstraZeneca, Pfizer/BioNTech",3981826,1557839,5539665
2021-06-02,"Johnson&Johnson, Moderna, Oxford/AstraZeneca, Pfizer/BioNTech",4044791,1611875,5656666
2021-06-03,"Johnson&Johnson, Moderna, Oxford/AstraZeneca, Pfizer/BioNTech",4103044,1672124,5775168
2021-06-04,"Johnson&Johnson, Moderna, Oxford/AstraZeneca, Pfizer/BioNTech",4166175,1729567,5895742
2021-06-05,"Johnson&Johnson, Moderna, Oxford/AstraZeneca, Pfizer/BioNTech",4200363,1748492,5948855
2021-06-06,"Johnson&Johnson, Moderna, Oxford/AstraZeneca, Pfizer/BioNTech",4227323,1763667,5990990
2021-06-07,"Johnson&Johnson, Moderna, Oxford/AstraZeneca, Pfizer/BioNTech",4291023,1819321,6110344
2021-06-08,"Johnson&Johnson, Moderna, Oxford/AstraZeneca, Pfizer/BioNTech",4355038,1874357,6229395
2021-06-09,"Johnson&Johnson, Moderna, Oxford/AstraZeneca, Pfizer/BioNTech",4414259,1939062,6353321
2021-06-10,"Johnson&Johnson, Moderna, Oxford/AstraZeneca, Pfizer/BioNTech",4468123,2010387,6478510
2021-06-11,"Johnson&Johnson, Moderna, Oxford/AstraZeneca, Pfizer/BioNTech",4520253,2080247,6600500
2021-06-12,"Johnson&Johnson, Moderna, Oxford/AstraZeneca, Pfizer/BioNTech",4552270,2101101,6653371
2021-06-13,"Johnson&Johnson, Moderna, Oxford/AstraZeneca, Pfizer/BioNTech",4576316,2119546,6695862
2021-06-14,"Johnson&Johnson, Moderna, Oxford/AstraZeneca, Pfizer/BioNTech",4619403,2193965,6813368
2021-06-15,"Johnson&Johnson, Moderna, Oxford/AstraZeneca, Pfizer/BioNTech",4664082,2266378,6930460
2021-06-16,"Johnson&Johnson, Moderna, Oxford/AstraZeneca, Pfizer/BioNTech",4706901,2344640,7051541
2021-06-17,"Johnson&Johnson, Moderna, Oxford/AstraZeneca, Pfizer/BioNTech",4746340,2427760,7174100
2021-06-18,"Johnson&Johnson, Moderna, Oxford/AstraZeneca, Pfizer/BioNTech",4788790,2508368,7297158
2021-06-19,"Johnson&Johnson, Moderna, Oxford/AstraZeneca, Pfizer/BioNTech",4810579,2537711,7348290
2021-06-20,"Johnson&Johnson, Moderna, Oxford/AstraZeneca, Pfizer/BioNTech",4827990,2561582,7389572
2021-06-21,"Johnson&Johnson, Moderna, Oxford/AstraZeneca, Pfizer/BioNTech",4860505,2640223,7500728
2021-06-22,"Johnson&Johnson, Moderna, Oxford/AstraZeneca, Pfizer/BioNTech",4893478,2722564,7616042
2021-06-23,"Johnson&Johnson, Moderna, Oxford/AstraZeneca, Pfizer/BioNTech",4925192,2807833,7733025
2021-06-24,"Johnson&Johnson, Moderna, Oxford/AstraZeneca, Pfizer/BioNTech",4955054,2897904,7852958
2021-06-25,"Johnson&Johnson, Moderna, Oxford/AstraZeneca, Pfizer/BioNTech",4986148,2984155,7970303
2021-06-26,"Johnson&Johnson, Moderna, Oxford/AstraZeneca, Pfizer/BioNTech",5002049,3019044,8021093
2021-06-27,"Johnson&Johnson, Moderna, Oxford/AstraZeneca, Pfizer/BioNTech",5016010,3045762,8061772
2021-06-28,"Johnson&Johnson, Moderna, Oxford/AstraZeneca, Pfizer/BioNTech",5044430,3130993,8175423
2021-06-29,"Johnson&Johnson, Moderna, Oxford/AstraZeneca, Pfizer/BioNTech",5073715,3217553,8291268
2021-06-30,"Johnson&Johnson, Moderna, Oxford/AstraZeneca, Pfizer/BioNTech",5101220,3308603,8409823
2021-07-01,"Johnson&Johnson, Moderna, Oxford/AstraZeneca, Pfizer/BioNTech",5125203,3398709,8523912
2021-07-02,"Johnson&Johnson, Moderna, Oxford/AstraZeneca, Pfizer/BioNTech",5151952,3484642,8636594
2021-07-03,"Johnson&Johnson, Moderna, Oxford/AstraZeneca, Pfizer/BioNTech",5159054,3516215,8675269
2021-07-04,"Johnson&Johnson, Moderna, Oxford/AstraZeneca, Pfizer/BioNTech",5166640,3538038,8704678
2021-07-05,"Johnson&Johnson, Moderna, Oxford/AstraZeneca, Pfizer/BioNTech",5174053,3563451,8737504
2021-07-06,"Johnson&Johnson, Moderna, Oxford/AstraZeneca, Pfizer/BioNTech",5179519,3591175,8770694
2021-07-07,"Johnson&Johnson, Moderna, Oxford/AstraZeneca, Pfizer/BioNTech",5205350,3670177,8875527
2021-07-08,"Johnson&Johnson, Moderna, Oxford/AstraZeneca, Pfizer/BioNTech",5231964,3740526,8972490
2021-07-09,"Johnson&Johnson, Moderna, Oxford/AstraZeneca, Pfizer/BioNTech",5259913,3809864,9069777
2021-07-10,"Johnson&Johnson, Moderna, Oxford/AstraZeneca, Pfizer/BioNTech",5269293,3838537,9107830
2021-07-11,"Johnson&Johnson, Moderna, Oxford/AstraZeneca, Pfizer/BioNTech",5277845,3861429,9139274
2021-07-12,"Johnson&Johnson, Moderna, Oxford/AstraZeneca, Pfizer/BioNTech",5305381,3930523,9235904
2021-07-13,"Johnson&Johnson, Moderna, Oxford/AstraZeneca, Pfizer/BioNTech",5331585,4000419,9332004
2021-07-14,"Johnson&Johnson, Moderna, Oxford/AstraZeneca, Pfizer/BioNTech",5357420,4072433,9429853
2021-07-15,"Johnson&Johnson, Moderna, Oxford/AstraZeneca, Pfizer/BioNTech",5386611,4138469,9525080
2021-07-16,"Johnson&Johnson, Moderna, Oxford/AstraZeneca, Pfizer/BioNTech",5414538,4211226,9625764
2021-07-17,"Johnson&Johnson, Moderna, Oxford/AstraZeneca, Pfizer/BioNTech",5423340,4242708,9666048
2021-07-18,"Johnson&Johnson, Moderna, Oxford/AstraZeneca, Pfizer/BioNTech",5431784,4268720,9700504
2021-07-19,"Johnson&Johnson, Moderna, Oxford/AstraZeneca, Pfizer/BioNTech",5455157,4335768,9790925
2021-07-20,"Johnson&Johnson, Moderna, Oxford/AstraZeneca, Pfizer/BioNTech",5476566,4402848,9879414
2021-07-21,"Johnson&Johnson, Moderna, Oxford/AstraZeneca, Pfizer/BioNTech",5500024,4466319,9966343
2021-07-22,"Johnson&Johnson, Moderna, Oxford/AstraZeneca, Pfizer/BioNTech",5522398,4524963,10047361
2021-07-23,"Johnson&Johnson, Moderna, Oxford/AstraZeneca, Pfizer/BioNTech",5545624,4579733,10125357
2021-07-24,"Johnson&Johnson, Moderna, Oxford/AstraZeneca, Pfizer/BioNTech",5552969,4607412,10160381
2021-07-25,"Johnson&Johnson, Moderna, Oxford/AstraZeneca, Pfizer/BioNTech",5559603,4629552,10189155
2021-07-26,"Johnson&Johnson, Moderna, Oxford/AstraZeneca, Pfizer/BioNTech",5583159,4678251,10261410
2021-07-27,"Johnson&Johnson, Moderna, Oxford/AstraZeneca, Pfizer/BioNTech",5605906,4724918,10330824
2021-07-28,"Johnson&Johnson, Moderna, Oxford/AstraZeneca, Pfizer/BioNTech",5627186,4770944,10398130
2021-07-29,"Johnson&Johnson, Moderna, Oxford/AstraZeneca, Pfizer/BioNTech",5648521,4812934,10461455
2021-07-30,"Johnson&Johnson, Moderna, Oxford/AstraZeneca, Pfizer/BioNTech",5671801,4855523,10527324
2021-07-31,"Johnson&Johnson, Moderna, Oxford/AstraZeneca, Pfizer/BioNTech",5680746,4875065,10555811
2021-08-01,"Johnson&Johnson, Moderna, Oxford/AstraZeneca, Pfizer/BioNTech",5687474,4891249,10578723
2021-08-02,"Johnson&Johnson, Moderna, Oxford/AstraZeneca, Pfizer/BioNTech",5706118,4928819,10634937
2021-08-03,"Johnson&Johnson, Moderna, Oxford/AstraZeneca, Pfizer/BioNTech",5723769,4966939,10690708
2021-08-04,"Johnson&Johnson, Moderna, Oxford/AstraZeneca, Pfizer/BioNTech",5739891,5003719,10743610
2021-08-05,"Johnson&Johnson, Moderna, Oxford/AstraZeneca, Pfizer/BioNTech",5755930,5044222,10800152
2021-08-06,"Johnson&Johnson, Moderna, Oxford/AstraZeneca, Pfizer/BioNTech",5772729,5087536,10860265
2021-08-07,"Johnson&Johnson, Moderna, Oxford/AstraZeneca, Pfizer/BioNTech",5778333,5105718,10884051
2021-08-08,"Johnson&Johnson, Moderna, Oxford/AstraZeneca, Pfizer/BioNTech",5782701,5121481,10904182
2021-08-09,"Johnson&Johnson, Moderna, Oxford/AstraZeneca, Pfizer/BioNTech",5795343,5166558,10961901
2021-08-10,"Johnson&Johnson, Moderna, Oxford/AstraZeneca, Pfizer/BioNTech",5807188,5206145,11013333
2021-08-11,"Johnson&Johnson, Moderna, Oxford/AstraZeneca, Pfizer/BioNTech",5818547,5249289,11067836
2021-08-12,"Johnson&Johnson, Moderna, Oxford/AstraZeneca, Pfizer/BioNTech",5829972,5286440,11116412
2021-08-13,"Johnson&Johnson, Moderna, Oxford/AstraZeneca, Pfizer/BioNTech",5840699,5326799,11167498
2021-08-14,"Johnson&Johnson, Moderna, Oxford/AstraZeneca, Pfizer/BioNTech",5844036,5337514,11181550
2021-08-15,"Johnson&Johnson, Moderna, Oxford/AstraZeneca, Pfizer/BioNTech",5846622,5347901,11194523
2021-08-16,"Johnson&Johnson, Moderna, Oxford/AstraZeneca, Pfizer/BioNTech",5856414,5381987,11238401
2021-08-17,"Johnson&Johnson, Moderna, Oxford/AstraZeneca, Pfizer/BioNTech",5866009,5409095,11275104
2021-08-18,"Johnson&Johnson, Moderna, Oxford/AstraZeneca, Pfizer/BioNTech",5875387,5447996,11323383
2021-08-19,"Johnson&Johnson, Moderna, Oxford/AstraZeneca, Pfizer/BioNTech",5885065,5486354,11371419
2021-08-20,"Johnson&Johnson, Moderna, Oxford/AstraZeneca, Pfizer/BioNTech",5896456,5526549,11423005
2021-08-21,"Johnson&Johnson, Moderna, Oxford/AstraZeneca, Pfizer/BioNTech",5899178,5539316,11438494
2021-08-22,"Johnson&Johnson, Moderna, Oxford/AstraZeneca, Pfizer/BioNTech",5901523,5551285,11452808
2021-08-23,"Johnson&Johnson, Moderna, Oxford/AstraZeneca, Pfizer/BioNTech",5912057,5590564,11502621
2021-08-24,"Johnson&Johnson, Moderna, Oxford/AstraZeneca, Pfizer/BioNTech",5921935,5623822,11545757
2021-08-25,"Johnson&Johnson, Moderna, Oxford/AstraZeneca, Pfizer/BioNTech",5930800,5652201,11583001
2021-08-26,"Johnson&Johnson, Moderna, Oxford/AstraZeneca, Pfizer/BioNTech",5939252,5678330,11617582
2021-08-27,"Johnson&Johnson, Moderna, Oxford/AstraZeneca, Pfizer/BioNTech",5949581,5704310,11653891
2021-08-28,"Johnson&Johnson, Moderna, Oxford/AstraZeneca, Pfizer/BioNTech",5952314,5711367,11663681
2021-08-29,"Johnson&Johnson, Moderna, Oxford/AstraZeneca, Pfizer/BioNTech",5954726,5717987,11672713
2021-08-30,"Johnson&Johnson, Moderna, Oxford/AstraZeneca, Pfizer/BioNTech",5963256,5739864,11703120
2021-08-31,"Johnson&Johnson, Moderna, Oxford/AstraZeneca, Pfizer/BioNTech",5970935,5757967,11728902
2021-09-01,"Johnson&Johnson, Moderna, Oxford/AstraZeneca, Pfizer/BioNTech",5976833,5771984,11748817
2021-09-02,"Johnson&Johnson, Moderna, Oxford/AstraZeneca, Pfizer/BioNTech",5983676,5786375,11770051
2021-09-03,"Johnson&Johnson, Moderna, Oxford/AstraZeneca, Pfizer/BioNTech",5993240,5802103,11795343
2021-09-04,"Johnson&Johnson, Moderna, Oxford/AstraZeneca, Pfizer/BioNTech",5995309,5805659,11800968
2021-09-05,"Johnson&Johnson, Moderna, Oxford/AstraZeneca, Pfizer/BioNTech",5997348,5808506,11805854
2021-09-06,"Johnson&Johnson, Moderna, Oxford/AstraZeneca, Pfizer/BioNTech",6003586,5821048,11824634
2021-09-07,"Johnson&Johnson, Moderna, Oxford/AstraZeneca, Pfizer/BioNTech",6007980,5832130,11840110
2021-09-08,"Johnson&Johnson, Moderna, Oxford/AstraZeneca, Pfizer/BioNTech",6013656,5841991,11855647
2021-09-09,"Johnson&Johnson, Moderna, Oxford/AstraZeneca, Pfizer/BioNTech",6020357,5852059,11872416
2021-09-10,"Johnson&Johnson, Moderna, Oxford/AstraZeneca, Pfizer/BioNTech",6028050,5864236,11892286
2021-09-11,"Johnson&Johnson, Moderna, Oxford/AstraZeneca, Pfizer/BioNTech",6029916,5866719,11896635
2021-09-12,"Johnson&Johnson, Moderna, Oxford/AstraZeneca, Pfizer/BioNTech",6031034,5868351,11899385
2021-09-13,"Johnson&Johnson, Moderna, Oxford/AstraZeneca, Pfizer/BioNTech",6036470,5878655,11915125
2021-09-14,"Johnson&Johnson, Moderna, Oxford/AstraZeneca, Pfizer/BioNTech",6041866,5887673,11929539
2021-09-15,"Johnson&Johnson, Moderna, Oxford/AstraZeneca, Pfizer/BioNTech",6047067,5896202,11943269
2021-09-16,"Johnson&Johnson, Moderna, Oxford/AstraZeneca, Pfizer/BioNTech",6052415,5904477,11956892
2021-09-17,"Johnson&Johnson, Moderna, Oxford/AstraZeneca, Pfizer/BioNTech",6058986,5914713,11973699
2021-09-18,"Johnson&Johnson, Moderna, Oxford/AstraZeneca, Pfizer/BioNTech",6060713,5917072,11977785
2021-09-19,"Johnson&Johnson, Moderna, Oxford/AstraZeneca, Pfizer/BioNTech",6061660,5918641,11980301
2021-09-20,"Johnson&Johnson, Moderna, Oxford/AstraZeneca, Pfizer/BioNTech",6065677,5926841,11992518
2021-09-21,"Johnson&Johnson, Moderna, Oxford/AstraZeneca, Pfizer/BioNTech",6069912,5934372,12004284
2021-09-22,"Johnson&Johnson, Moderna, Oxford/AstraZeneca, Pfizer/BioNTech",6074105,5939886,12013991
2021-09-23,"Johnson&Johnson, Moderna, Oxford/AstraZeneca, Pfizer/BioNTech",6079078,5946292,12025370
2021-09-24,"Johnson&Johnson, Moderna, Oxford/AstraZeneca, Pfizer/BioNTech",6084840,5955915,12040755
2021-09-25,"Johnson&Johnson, Moderna, Oxford/AstraZeneca, Pfizer/BioNTech",6086335,5957914,12044249
2021-09-26,"Johnson&Johnson, Moderna, Oxford/AstraZeneca, Pfizer/BioNTech",6087079,5959551,12046630
2021-09-27,"Johnson&Johnson, Moderna, Oxford/AstraZeneca, Pfizer/BioNTech",6090959,5966063,12057022
2021-09-28,"Johnson&Johnson, Moderna, Pfizer/BioNTech",6091326,5966687,12058013
2021-09-29,"Johnson&Johnson, Moderna, Oxford/AstraZeneca, Pfizer/BioNTech",6095101,5974146,12069247
2021-09-30,"Johnson&Johnson, Moderna, Oxford/AstraZeneca, Pfizer/BioNTech",6099607,5981843,12081450
2021-10-01,"Johnson&Johnson, Moderna, Oxford/AstraZeneca, Pfizer/BioNTech",6103909,5989821,12093730
2021-10-02,"Johnson&Johnson, Moderna, Oxford/AstraZeneca, Pfizer/BioNTech",6104973,5991362,12096335
2021-10-03,"Johnson&Johnson, Moderna, Oxford/AstraZeneca, Pfizer/BioNTech",6105698,5992231,12097929
2021-10-04,"Johnson&Johnson, Moderna, Oxford/AstraZeneca, Pfizer/BioNTech",6108773,5997803,12106576
2021-10-05,"Johnson&Johnson, Moderna, Oxford/AstraZeneca, Pfizer/BioNTech",6111937,6002888,12114825
2021-10-06,"Johnson&Johnson, Moderna, Oxford/AstraZeneca, Pfizer/BioNTech",6115456,6008058,12123514
2021-10-07,"Johnson&Johnson, Moderna, Oxford/AstraZeneca, Pfizer/BioNTech",6118737,6013317,12132054
2021-10-08,"Johnson&Johnson, Moderna, Oxford/AstraZeneca, Pfizer/BioNTech",6123530,6019956,12143486
2021-10-09,"Johnson&Johnson, Moderna, Oxford/AstraZeneca, Pfizer/BioNTech",6124774,6021614,12146388
2021-10-10,"Johnson&Johnson, Moderna, Oxford/AstraZeneca, Pfizer/BioNTech",6125717,6022445,12148162
2021-10-11,"Johnson&Johnson, Moderna, Oxford/AstraZeneca, Pfizer/BioNTech",6128647,6026859,12155506
2021-10-12,"Johnson&Johnson, Moderna, Oxford/AstraZeneca, Pfizer/BioNTech",6131577,6030862,12162439
2021-10-13,"Johnson&Johnson, Moderna, Oxford/AstraZeneca, Pfizer/BioNTech",6135108,6035046,12170154
2021-10-14,"Johnson&Johnson, Moderna, Oxford/AstraZeneca, Pfizer/BioNTech",6138780,6039995,12178775
2021-10-15,"Johnson&Johnson, Moderna, Oxford/AstraZeneca, Pfizer/BioNTech",6144010,6046141,12190151
2021-10-16,"Johnson&Johnson, Moderna, Oxford/AstraZeneca, Pfizer/BioNTech",6145425,6047668,12193093
2021-10-17,"Johnson&Johnson, Moderna, Pfizer/BioNTech",6146752,6048721,12195473
2021-10-18,"Johnson&Johnson, Moderna, Oxford/AstraZeneca, Pfizer/BioNTech",6150867,6052817,12203684
2021-10-19,"Johnson&Johnson, Moderna, Oxford/AstraZeneca, Pfizer/BioNTech",6154447,6054914,12209361
2021-10-20,"Johnson&Johnson, Moderna, Oxford/AstraZeneca, Pfizer/BioNTech",6159326,6059362,12218688
2021-10-21,"Johnson&Johnson, Moderna, Oxford/AstraZeneca, Pfizer/BioNTech",6167091,6064963,12232054
2021-10-22,"Johnson&Johnson, Moderna, Oxford/AstraZeneca, Pfizer/BioNTech",6177546,6071466,12249012
2021-10-23,"Johnson&Johnson, Moderna, Oxford/AstraZeneca, Pfizer/BioNTech",6181221,6073672,12254893
2021-10-24,"Johnson&Johnson, Moderna, Oxford/AstraZeneca, Pfizer/BioNTech",6183905,6075452,12259357
2021-10-25,"Johnson&Johnson, Moderna, Oxford/AstraZeneca, Pfizer/BioNTech",6194400,6081256,12275656
2021-10-26,"Johnson&Johnson, Moderna, Oxford/AstraZeneca, Pfizer/BioNTech",6206391,6087805,12294196
2021-10-27,"Johnson&Johnson, Moderna, Oxford/AstraZeneca, Pfizer/BioNTech",6221001,6095209,12316210
2021-10-28,"Johnson&Johnson, Moderna, Oxford/AstraZeneca, Pfizer/BioNTech",6224423,6096892,12321315
2021-10-29,"Johnson&Johnson, Moderna, Oxford/AstraZeneca, Pfizer/BioNTech",6238860,6104875,12343735
2021-10-30,"Johnson&Johnson, Moderna, Oxford/AstraZeneca, Pfizer/BioNTech",6243389,6107799,12351188
2021-10-31,"Johnson&Johnson, Moderna, Oxford/AstraZeneca, Pfizer/BioNTech",6247151,6110270,12357421
2021-11-01,"Johnson&Johnson, Moderna, Oxford/AstraZeneca, Pfizer/BioNTech",6262350,6117956,12380306
2021-11-02,"Johnson&Johnson, Moderna, Oxford/AstraZeneca, Pfizer/BioNTech",6277800,6125512,12403312
2021-11-03,"Johnson&Johnson, Moderna, Oxford/AstraZeneca, Pfizer/BioNTech",6294981,6132808,12427789
2021-11-04,"Johnson&Johnson, Moderna, Oxford/AstraZeneca, Pfizer/BioNTech",6313332,6140975,12454307
2021-11-05,"Johnson&Johnson, Moderna, Oxford/AstraZeneca, Pfizer/BioNTech",6336132,6152258,12488390
2021-11-06,"Johnson&Johnson, Moderna, Oxford/AstraZeneca, Pfizer/BioNTech",6342646,6155312,12497958
2021-11-07,"Johnson&Johnson, Moderna, Oxford/AstraZeneca, Pfizer/BioNTech",6346667,6157748,12504415
2021-11-08,"Johnson&Johnson, Moderna, Oxford/AstraZeneca, Pfizer/BioNTech",6362937,6165380,12528317
2021-11-09,"Johnson&Johnson, Moderna, Oxford/AstraZeneca, Pfizer/BioNTech",6377745,6172676,12550421
2021-11-10,"Johnson&Johnson, Moderna, Oxford/AstraZeneca, Pfizer/BioNTech",6393489,6180057,12573546
2021-11-11,"Johnson&Johnson, Moderna, Oxford/AstraZeneca, Pfizer/BioNTech",6408959,6189160,12598119
2021-11-12,"Johnson&Johnson, Moderna, Oxford/AstraZeneca, Pfizer/BioNTech",6428767,6201962,12630729
2021-11-13,"Johnson&Johnson, Moderna, Oxford/AstraZeneca, Pfizer/BioNTech",6434158,6205833,12639991
2021-11-14,"Johnson&Johnson, Moderna, Oxford/AstraZeneca, Pfizer/BioNTech",6438050,6208836,12646886
2021-11-15,"Johnson&Johnson, Moderna, Oxford/AstraZeneca, Pfizer/BioNTech",6453124,6219526,12672650
2021-11-16,"Johnson&Johnson, Moderna, Oxford/AstraZeneca, Pfizer/BioNTech",6470664,6231505,12702169
2021-11-17,"Johnson&Johnson, Moderna, Oxford/AstraZeneca, Pfizer/BioNTech",6474906,6235068,12709974
2021-11-18,"Johnson&Johnson, Moderna, Oxford/AstraZeneca, Pfizer/BioNTech",6494327,6246759,12741086
2021-11-19,"Johnson&Johnson, Moderna, Oxford/AstraZeneca, Pfizer/BioNTech",6518934,6263731,12782665
2021-11-20,"Johnson&Johnson, Moderna, Oxford/AstraZeneca, Pfizer/BioNTech",6527511,6268711,12796222
2021-11-21,"Johnson&Johnson, Moderna, Pfizer/BioNTech",6534282,6272482,12806764
2021-11-22,"Johnson&Johnson, Moderna, Oxford/AstraZeneca, Pfizer/BioNTech",6552797,6286596,12839393
2021-11-23,"Johnson&Johnson, Moderna, Oxford/AstraZeneca, Pfizer/BioNTech",6571859,6299856,12871715
2021-11-24,"Johnson&Johnson, Moderna, Oxford/AstraZeneca, Pfizer/BioNTech",6590872,6315700,12906572
2021-11-25,"Johnson&Johnson, Moderna, Oxford/AstraZeneca, Pfizer/BioNTech",6610021,6330731,12940752
2021-11-26,"Johnson&Johnson, Moderna, Oxford/AstraZeneca, Pfizer/BioNTech",6631674,6349870,12981544
2021-11-27,"Johnson&Johnson, Moderna, Oxford/AstraZeneca, Pfizer/BioNTech",6639146,6355425,12994571
2021-11-28,"Johnson&Johnson, Moderna, Oxford/AstraZeneca, Pfizer/BioNTech",6642480,6358560,13001040
2021-11-29,"Johnson&Johnson, Moderna, Oxford/AstraZeneca, Pfizer/BioNTech",6657689,6372217,13029906
2021-11-30,"Johnson&Johnson, Moderna, Oxford/AstraZeneca, Pfizer/BioNTech",6670891,6383448,13054339
2021-12-01,"Johnson&Johnson, Moderna, Oxford/AstraZeneca, Pfizer/BioNTech",6684924,6395902,13080826
2021-12-02,"Johnson&Johnson, Moderna, Oxford/AstraZeneca, Pfizer/BioNTech",6695563,6408393,13103956
2021-12-03,"Johnson&Johnson, Moderna, Oxford/AstraZeneca, Pfizer/BioNTech",6705201,6423969,13129170
2021-12-04,"Johnson&Johnson, Moderna, Pfizer/BioNTech",6707760,6427918,13135678
2021-12-05,"Johnson&Johnson, Moderna, Oxford/AstraZeneca, Pfizer/BioNTech",6709120,6430258,13139378
2021-12-06,"Johnson&Johnson, Moderna, Oxford/AstraZeneca, Pfizer/BioNTech",6717266,6441783,13159049
2021-12-07,"Johnson&Johnson, Moderna, Oxford/AstraZeneca, Pfizer/BioNTech",6725153,6453791,13178944
2021-12-08,"Johnson&Johnson, Moderna, Oxford/AstraZeneca, Pfizer/BioNTech",6733396,6459718,13193114
2021-12-09,"Johnson&Johnson, Moderna, Oxford/AstraZeneca, Pfizer/BioNTech",6740517,6472536,13213053
2021-12-10,"Johnson&Johnson, Moderna, Oxford/AstraZeneca, Pfizer/BioNTech",6747449,6490339,13237788
2021-12-11,"Johnson&Johnson, Moderna, Pfizer/BioNTech",6749107,6495610,13244717
2021-12-12,"Johnson&Johnson, Moderna, Oxford/AstraZeneca, Pfizer/BioNTech",6750417,6500043,13250460
2021-12-13,"Johnson&Johnson, Moderna, Oxford/AstraZeneca, Pfizer/BioNTech",6756764,6513353,13270117
2021-12-14,"Johnson&Johnson, Moderna, Oxford/AstraZeneca, Pfizer/BioNTech",6762976,6527019,13289995
2021-12-15,"Johnson&Johnson, Moderna, Oxford/AstraZeneca, Pfizer/BioNTech",6769180,6540618,13309798
2021-12-16,"Johnson&Johnson, Moderna, Oxford/AstraZeneca, Pfizer/BioNTech",6776118,6555452,13331570
2021-12-17,"Johnson&Johnson, Moderna, Oxford/AstraZeneca, Pfizer/BioNTech",6784485,6572712,13357197
2021-12-18,"Johnson&Johnson, Moderna, Oxford/AstraZeneca, Pfizer/BioNTech",6787095,6578162,13365257
2021-12-19,"Johnson&Johnson, Moderna, Pfizer/BioNTech",6788867,6580665,13369532
2021-12-20,"Johnson&Johnson, Moderna, Oxford/AstraZeneca, Pfizer/BioNTech",6794708,6594729,13389437
2021-12-21,"Johnson&Johnson, Moderna, Oxford/AstraZeneca, Pfizer/BioNTech",6801368,6606719,13408087
2021-12-22,"Johnson&Johnson, Moderna, Oxford/AstraZeneca, Pfizer/BioNTech",6806411,6619772,13426183
2021-12-23,"Johnson&Johnson, Moderna, Oxford/AstraZeneca, Pfizer/BioNTech",6809277,6625374,13434651
2021-12-24,"Johnson&Johnson, Moderna, Oxford/AstraZeneca, Pfizer/BioNTech",6809323,6625474,13434797
2021-12-25,"Moderna, Pfizer/BioNTech",6809324,6625482,13434806
2021-12-26,"Moderna, Pfizer/BioNTech",6809425,6625683,13435108
2021-12-27,"Johnson&Johnson, Moderna, Pfizer/BioNTech",6813286,6635415,13448701
2021-12-28,"Johnson&Johnson, Moderna, Oxford/AstraZeneca, Pfizer/BioNTech",6818525,6643406,13461931
2021-12-29,"Johnson&Johnson, Moderna, Oxford/AstraZeneca, Pfizer/BioNTech",6822803,6651123,13473926
2021-12-30,"Johnson&Johnson, Moderna, Pfizer/BioNTech",6827101,6656555,13483656
2021-12-31,"Johnson&Johnson, Moderna, Pfizer/BioNTech",6827610,6657978,13485588
2022-01-01,"Johnson&Johnson, Moderna, Pfizer/BioNTech",6827615,6657996,13485611
2022-01-02,"Johnson&Johnson, Moderna, Pfizer/BioNTech",6828472,6659373,13487845
2022-01-03,"Johnson&Johnson, Moderna, Oxford/AstraZeneca, Pfizer/BioNTech",6832605,6668270,13500875
2022-01-04,"Johnson&Johnson, Moderna, Oxford/AstraZeneca, Pfizer/BioNTech",6837693,6676019,13513712
2022-01-05,"Johnson&Johnson, Moderna, Oxford/AstraZeneca, Pfizer/BioNTech",6843502,6683983,13527485
2022-01-06,"Johnson&Johnson, Moderna, Oxford/AstraZeneca, Pfizer/BioNTech",6850085,6692387,13542472
2022-01-07,"Johnson&Johnson, Moderna, Oxford/AstraZeneca, Pfizer/BioNTech",6857954,6702729,13560683
2022-01-08,"Johnson&Johnson, Moderna, Oxford/AstraZeneca, Pfizer/BioNTech",6860437,6705511,13565948
2022-01-09,"Johnson&Johnson, Moderna, Pfizer/BioNTech",6861518,6707204,13568722
2022-01-10,"Johnson&Johnson, Moderna, Oxford/AstraZeneca, Pfizer/BioNTech",6866009,6713388,13579397
2022-01-11,"Johnson&Johnson, Moderna, Oxford/AstraZeneca, Pfizer/BioNTech",6871447,6720141,13591588
2022-01-12,"Johnson&Johnson, Moderna, Oxford/AstraZeneca, Pfizer/BioNTech",6877397,6725783,13603180
2022-01-13,"Johnson&Johnson, Moderna, Oxford/AstraZeneca, Pfizer/BioNTech",6883275,6730550,13613825
2022-01-14,"Johnson&Johnson, Moderna, Oxford/AstraZeneca, Pfizer/BioNTech",6889568,6734179,13623747
2022-01-15,"Johnson&Johnson, Moderna, Oxford/AstraZeneca, Pfizer/BioNTech",6890846,6734833,13625679
2022-01-16,"Johnson&Johnson, Moderna, Oxford/AstraZeneca, Pfizer/BioNTech",6891533,6735270,13626803
2022-01-17,"Johnson&Johnson, Moderna, Oxford/AstraZeneca, Pfizer/BioNTech",6895069,6739220,13634289
2022-01-18,"Johnson&Johnson, Moderna, Oxford/AstraZeneca, Pfizer/BioNTech",6898915,6744168,13643083
2022-01-19,"Johnson&Johnson, Moderna, Oxford/AstraZeneca, Pfizer/BioNTech",6902973,6748100,13651073
2022-01-20,"Johnson&Johnson, Moderna, Oxford/AstraZeneca, Pfizer/BioNTech",6906565,6752536,13659101
2022-01-21,"Johnson&Johnson, Moderna, Oxford/AstraZeneca, Pfizer/BioNTech",6910557,6755062,13665619
2022-01-22,"Johnson&Johnson, Moderna, Pfizer/BioNTech",6911338,6755499,13666837
2022-01-23,"Johnson&Johnson, Moderna, Pfizer/BioNTech",6911899,6756133,13668032
2022-01-24,"Johnson&Johnson, Moderna, Oxford/AstraZeneca, Pfizer/BioNTech",6914149,6759566,13673715
2022-01-25,"Johnson&Johnson, Moderna, Oxford/AstraZeneca, Pfizer/BioNTech",6916502,6763558,13680060
2022-01-26,"Johnson&Johnson, Moderna, Oxford/AstraZeneca, Pfizer/BioNTech",6918882,6768121,13687003
2022-01-27,"Johnson&Johnson, Moderna, Oxford/AstraZeneca, Pfizer/BioNTech",6921208,6772930,13694138
2022-01-28,"Johnson&Johnson, Moderna, Oxford/AstraZeneca, Pfizer/BioNTech",6924115,6779075,13703190
2022-01-29,"Johnson&Johnson, Moderna, Pfizer/BioNTech",6924715,6780722,13705437
2022-01-30,"Johnson&Johnson, Moderna, Pfizer/BioNTech",6924944,6781499,13706443
2022-01-31,"Johnson&Johnson, Moderna, Pfizer/BioNTech",6926476,6785410,13711886
2022-02-01,"Johnson&Johnson, Moderna, Pfizer/BioNTech",6928049,6789433,13717482
2022-02-02,"Johnson&Johnson, Moderna, Pfizer/BioNTech",6929617,6793928,13723545
2022-02-03,"Johnson&Johnson, Moderna, Pfizer/BioNTech",6930987,6798399,13729386
2022-02-04,"Johnson&Johnson, Moderna, Pfizer/BioNTech",6932582,6803505,13736087
2022-02-05,"Johnson&Johnson, Moderna, Pfizer/BioNTech",6932764,6804114,13736878
2022-02-06,"Johnson&Johnson, Moderna, Pfizer/BioNTech",6932858,6804433,13737291
2022-02-07,"Johnson&Johnson, Moderna, Pfizer/BioNTech",6933554,6807635,13741189
2022-02-08,"Johnson&Johnson, Moderna, Pfizer/BioNTech",6934330,6810803,13745133
2022-02-09,"Johnson&Johnson, Moderna, Pfizer/BioNTech",6935144,6814164,13749308
2022-02-10,"Johnson&Johnson, Moderna, Pfizer/BioNTech",6935923,6817273,13753196
2022-02-11,"Johnson&Johnson, Moderna, Pfizer/BioNTech",6936851,6821175,13758026
2022-02-12,"Johnson&Johnson, Moderna, Pfizer/BioNTech",6936962,6821593,13758555
2022-02-13,"Johnson&Johnson, Moderna, Pfizer/BioNTech",6937000,6822030,13759030
2022-02-14,"Johnson&Johnson, Moderna, Pfizer/BioNTech",6937443,6824122,13761565
2022-02-15,"Johnson&Johnson, Moderna, Pfizer/BioNTech",6937987,6826312,13764299
2022-02-16,"Johnson&Johnson, Moderna, Pfizer/BioNTech",6938570,6828398,13766968
2022-02-17,"Johnson&Johnson, Moderna, Pfizer/BioNTech",6939162,6830725,13769887
2022-02-18,"Johnson&Johnson, Moderna, Pfizer/BioNTech",6939797,6833761,13773558
2022-02-19,"Johnson&Johnson, Moderna, Pfizer/BioNTech",6939878,6834043,13773921
2022-02-20,"Johnson&Johnson, Moderna, Pfizer/BioNTech",6939911,6834190,13774101
2022-02-21,"Johnson&Johnson, Moderna, Pfizer/BioNTech",6940254,6835851,13776105
2022-02-22,"Johnson&Johnson, Moderna, Pfizer/BioNTech",6940591,6837426,13778017
