date,vaccine,people_vaccinated,people_fully_vaccinated,total_vaccinations
2020-12-27,Pfizer/BioNTech,1278,0,1278
2020-12-28,Pfizer/BioNTech,3585,0,3585
2020-12-29,Pfizer/BioNTech,7052,0,7052
2020-12-30,Pfizer/BioNTech,10568,0,10568
2020-12-31,Pfizer/BioNTech,11876,0,11876
2021-01-01,"Moderna, Pfizer/BioNTech",12145,0,12145
2021-01-02,Pfizer/BioNTech,13423,0,13423
2021-01-03,Pfizer/BioNTech,14345,0,14345
2021-01-04,"Moderna, Pfizer/BioNTech",17954,0,17954
2021-01-05,"Moderna, Pfizer/BioNTech",22473,0,22473
2021-01-06,"Moderna, Pfizer/BioNTech",28315,1,28316
2021-01-07,"Moderna, Pfizer/BioNTech",36309,1,36310
2021-01-08,"Moderna, Pfizer/BioNTech",46361,1,46362
2021-01-09,"Moderna, Pfizer/BioNTech",48387,2,48389
2021-01-10,Pfizer/BioNTech,50154,3,50157
2021-01-11,Pfizer/BioNTech,60009,5,60014
2021-01-12,"Moderna, Pfizer/BioNTech",73454,7,73461
2021-01-13,Pfizer/BioNTech,86992,7,86999
2021-01-14,"Moderna, Pfizer/BioNTech",102232,11,102243
2021-01-15,"Moderna, Pfizer/BioNTech",116243,12,116255
2021-01-16,"Moderna, Pfizer/BioNTech",119639,15,119654
2021-01-17,"Moderna, Pfizer/BioNTech",122257,651,122908
2021-01-18,"Moderna, Pfizer/BioNTech",134740,2478,137218
2021-01-19,"Moderna, Pfizer/BioNTech",147344,5202,152546
2021-01-20,"Moderna, Pfizer/BioNTech",161024,7862,168886
2021-01-21,"Moderna, Pfizer/BioNTech",176676,9604,186280
2021-01-22,"Moderna, Pfizer/BioNTech",191553,10649,202202
2021-01-23,"Moderna, Pfizer/BioNTech",194874,11528,206402
2021-01-24,"Moderna, Pfizer/BioNTech",197128,12397,209525
2021-01-25,"Moderna, Pfizer/BioNTech",206767,15369,222136
2021-01-26,"Moderna, Pfizer/BioNTech",217303,19359,236662
2021-01-27,"Moderna, Pfizer/BioNTech",226331,23896,250227
2021-01-28,"Moderna, Pfizer/BioNTech",233427,30027,263454
2021-01-29,"Moderna, Pfizer/BioNTech",239637,37936,277573
2021-01-30,"Moderna, Pfizer/BioNTech",240374,39024,279398
2021-01-31,"Moderna, Pfizer/BioNTech",241087,40205,281292
2021-02-01,"Moderna, Pfizer/BioNTech",245067,48166,293233
2021-02-02,"Moderna, Pfizer/BioNTech",249210,58396,307606
2021-02-03,"Moderna, Pfizer/BioNTech",253629,69408,323037
2021-02-04,"Moderna, Pfizer/BioNTech",258525,82394,340919
2021-02-05,"Moderna, Pfizer/BioNTech",263991,93065,357056
2021-02-06,"Moderna, Oxford/AstraZeneca, Pfizer/BioNTech",264839,95429,360268
2021-02-07,"Moderna, Pfizer/BioNTech",265689,97930,363619
2021-02-08,"Moderna, Oxford/AstraZeneca, Pfizer/BioNTech",269771,109361,379132
2021-02-09,"Moderna, Oxford/AstraZeneca, Pfizer/BioNTech",274866,121271,396137
2021-02-10,"Moderna, Oxford/AstraZeneca, Pfizer/BioNTech",280373,134521,414894
2021-02-11,"Moderna, Oxford/AstraZeneca, Pfizer/BioNTech",286707,150734,437441
2021-02-12,"Moderna, Oxford/AstraZeneca, Pfizer/BioNTech",293523,165464,458987
2021-02-13,"Moderna, Oxford/AstraZeneca, Pfizer/BioNTech",295132,168452,463584
2021-02-14,"Moderna, Oxford/AstraZeneca, Pfizer/BioNTech",296135,169836,465971
2021-02-15,"Moderna, Oxford/AstraZeneca, Pfizer/BioNTech",302533,179193,481726
2021-02-16,"Moderna, Oxford/AstraZeneca, Pfizer/BioNTech",311250,188270,499520
2021-02-17,"Moderna, Oxford/AstraZeneca, Pfizer/BioNTech",320947,196575,517522
2021-02-18,"Moderna, Oxford/AstraZeneca, Pfizer/BioNTech",333264,204654,537918
2021-02-19,"Moderna, Oxford/AstraZeneca, Pfizer/BioNTech",345118,212014,557132
2021-02-20,"Moderna, Oxford/AstraZeneca, Pfizer/BioNTech",347113,213196,560309
2021-02-21,"Moderna, Oxford/AstraZeneca, Pfizer/BioNTech",348244,214219,562463
2021-02-22,"Moderna, Oxford/AstraZeneca, Pfizer/BioNTech",358364,220247,578611
2021-02-23,"Moderna, Oxford/AstraZeneca, Pfizer/BioNTech",371308,227224,598532
2021-02-24,"Moderna, Oxford/AstraZeneca, Pfizer/BioNTech",385179,233257,618436
2021-02-25,"Moderna, Oxford/AstraZeneca, Pfizer/BioNTech",403143,238803,641946
2021-02-26,"Moderna, Oxford/AstraZeneca, Pfizer/BioNTech",419308,244151,663459
2021-02-27,"Moderna, Oxford/AstraZeneca, Pfizer/BioNTech",422315,244708,667023
2021-02-28,"Moderna, Oxford/AstraZeneca, Pfizer/BioNTech",424661,245258,669919
2021-03-01,"Moderna, Oxford/AstraZeneca, Pfizer/BioNTech",444247,248703,692950
2021-03-02,"Moderna, Oxford/AstraZeneca, Pfizer/BioNTech",471466,252245,723711
2021-03-03,"Moderna, Oxford/AstraZeneca, Pfizer/BioNTech",502352,256748,759100
2021-03-04,"Moderna, Oxford/AstraZeneca, Pfizer/BioNTech",535621,261432,797053
2021-03-05,"Johnson&Johnson, Moderna, Oxford/AstraZeneca, Pfizer/BioNTech",564439,266850,831289
2021-03-06,"Johnson&Johnson, Moderna, Oxford/AstraZeneca, Pfizer/BioNTech",576582,267709,844291
2021-03-07,"Johnson&Johnson, Moderna, Oxford/AstraZeneca, Pfizer/BioNTech",588115,268550,856665
2021-03-08,"Johnson&Johnson, Moderna, Oxford/AstraZeneca, Pfizer/BioNTech",617852,273403,891255
2021-03-09,"Johnson&Johnson, Moderna, Oxford/AstraZeneca, Pfizer/BioNTech",654202,279782,933984
2021-03-10,"Moderna, Oxford/AstraZeneca, Pfizer/BioNTech",695509,286733,982242
2021-03-11,"Johnson&Johnson, Moderna, Oxford/AstraZeneca, Pfizer/BioNTech",740326,295102,1035428
2021-03-12,"Johnson&Johnson, Moderna, Oxford/AstraZeneca, Pfizer/BioNTech",779090,303593,1082683
2021-03-13,"Johnson&Johnson, Moderna, Oxford/AstraZeneca, Pfizer/BioNTech",796167,304897,1101064
2021-03-14,"Johnson&Johnson, Moderna, Oxford/AstraZeneca, Pfizer/BioNTech",808279,306049,1114328
2021-03-15,"Moderna, Oxford/AstraZeneca, Pfizer/BioNTech",836656,314822,1151478
2021-03-16,"Johnson&Johnson, Moderna, Oxford/AstraZeneca, Pfizer/BioNTech",875537,325355,1200892
2021-03-17,"Moderna, Oxford/AstraZeneca, Pfizer/BioNTech",912995,335859,1248854
2021-03-18,"Johnson&Johnson, Moderna, Oxford/AstraZeneca, Pfizer/BioNTech",950976,348271,1299247
2021-03-19,"Moderna, Oxford/AstraZeneca, Pfizer/BioNTech",985456,361875,1347331
2021-03-20,"Johnson&Johnson, Moderna, Oxford/AstraZeneca, Pfizer/BioNTech",1000592,363900,1364492
2021-03-21,"Johnson&Johnson, Moderna, Oxford/AstraZeneca, Pfizer/BioNTech",1008011,365456,1373467
2021-03-22,"Johnson&Johnson, Moderna, Oxford/AstraZeneca, Pfizer/BioNTech",1032563,377956,1410519
2021-03-23,"Johnson&Johnson, Moderna, Oxford/AstraZeneca, Pfizer/BioNTech",1059199,391304,1450503
2021-03-24,"Johnson&Johnson, Moderna, Oxford/AstraZeneca, Pfizer/BioNTech",1086050,407037,1493087
2021-03-25,"Moderna, Oxford/AstraZeneca, Pfizer/BioNTech",1112375,424884,1537259
2021-03-26,"Johnson&Johnson, Moderna, Oxford/AstraZeneca, Pfizer/BioNTech",1137179,442384,1579563
2021-03-27,"Johnson&Johnson, Moderna, Oxford/AstraZeneca, Pfizer/BioNTech",1145608,447230,1592838
2021-03-28,"Moderna, Oxford/AstraZeneca, Pfizer/BioNTech",1151146,451369,1602515
2021-03-29,"Johnson&Johnson, Moderna, Oxford/AstraZeneca, Pfizer/BioNTech",1170263,472103,1642366
2021-03-30,"Johnson&Johnson, Moderna, Oxford/AstraZeneca, Pfizer/BioNTech",1194951,494277,1689228
2021-03-31,"Johnson&Johnson, Moderna, Oxford/AstraZeneca, Pfizer/BioNTech",1218061,521329,1739390
2021-04-01,"Johnson&Johnson, Moderna, Oxford/AstraZeneca, Pfizer/BioNTech",1243685,553369,1797054
2021-04-02,"Johnson&Johnson, Moderna, Oxford/AstraZeneca, Pfizer/BioNTech",1250605,566155,1816760
2021-04-03,"Johnson&Johnson, Moderna, Oxford/AstraZeneca, Pfizer/BioNTech",1254224,577073,1831297
2021-04-04,"Johnson&Johnson, Moderna, Oxford/AstraZeneca, Pfizer/BioNTech",1256733,585991,1842724
2021-04-05,"Johnson&Johnson, Moderna, Oxford/AstraZeneca, Pfizer/BioNTech",1259134,593173,1852307
2021-04-06,"Johnson&Johnson, Moderna, Oxford/AstraZeneca, Pfizer/BioNTech",1275271,622424,1897695
2021-04-07,"Johnson&Johnson, Moderna, Oxford/AstraZeneca, Pfizer/BioNTech",1298686,644649,1943335
2021-04-08,"Johnson&Johnson, Moderna, Oxford/AstraZeneca, Pfizer/BioNTech",1337393,675668,2013061
2021-04-09,"Johnson&Johnson, Moderna, Oxford/AstraZeneca, Pfizer/BioNTech",1376926,705843,2082769
2021-04-10,"Johnson&Johnson, Moderna, Oxford/AstraZeneca, Pfizer/BioNTech",1392419,721131,2113550
2021-04-11,"Johnson&Johnson, Moderna, Oxford/AstraZeneca, Pfizer/BioNTech",1402194,731171,2133365
2021-04-12,"Johnson&Johnson, Moderna, Oxford/AstraZeneca, Pfizer/BioNTech",1440450,756302,2196752
2021-04-13,"Moderna, Oxford/AstraZeneca, Pfizer/BioNTech",1476697,782330,2259027
2021-04-14,"Moderna, Oxford/AstraZeneca, Pfizer/BioNTech",1515507,809682,2325189
2021-04-15,"Moderna, Oxford/AstraZeneca, Pfizer/BioNTech",1563285,835425,2398710
2021-04-16,"Moderna, Oxford/AstraZeneca, Pfizer/BioNTech",1607934,861064,2468998
2021-04-17,"Moderna, Oxford/AstraZeneca, Pfizer/BioNTech",1624623,870088,2494711
2021-04-18,"Moderna, Oxford/AstraZeneca, Pfizer/BioNTech",1637607,875069,2512676
2021-04-19,"Moderna, Oxford/AstraZeneca, Pfizer/BioNTech",1681585,890491,2572076
2021-04-20,"Johnson&Johnson, Moderna, Oxford/AstraZeneca, Pfizer/BioNTech",1724131,906347,2630478
2021-04-21,"Moderna, Oxford/AstraZeneca, Pfizer/BioNTech",1771854,920696,2692550
2021-04-22,"Johnson&Johnson, Moderna, Oxford/AstraZeneca, Pfizer/BioNTech",1826342,938069,2764411
2021-04-23,"Johnson&Johnson, Moderna, Oxford/AstraZeneca, Pfizer/BioNTech",1876303,950119,2826422
2021-04-24,"Johnson&Johnson, Moderna, Oxford/AstraZeneca, Pfizer/BioNTech",1894132,955360,2849492
2021-04-25,"Johnson&Johnson, Moderna, Oxford/AstraZeneca, Pfizer/BioNTech",1908819,959353,2868172
2021-04-26,"Johnson&Johnson, Moderna, Oxford/AstraZeneca, Pfizer/BioNTech",1958394,966901,2925295
2021-04-27,"Johnson&Johnson, Moderna, Oxford/AstraZeneca, Pfizer/BioNTech",2007357,979120,2986477
2021-04-28,"Johnson&Johnson, Moderna, Oxford/AstraZeneca, Pfizer/BioNTech",2066104,993109,3059213
2021-04-29,"Johnson&Johnson, Moderna, Oxford/AstraZeneca, Pfizer/BioNTech",2131647,1008998,3140645
2021-04-30,"Johnson&Johnson, Moderna, Oxford/AstraZeneca, Pfizer/BioNTech",2193881,1018958,3212839
2021-05-01,"Johnson&Johnson, Moderna, Oxford/AstraZeneca, Pfizer/BioNTech",2213211,1022403,3235614
2021-05-02,"Johnson&Johnson, Moderna, Oxford/AstraZeneca, Pfizer/BioNTech",2232124,1024669,3256793
2021-05-03,"Johnson&Johnson, Moderna, Oxford/AstraZeneca, Pfizer/BioNTech",2299363,1029722,3329085
2021-05-04,"Johnson&Johnson, Moderna, Oxford/AstraZeneca, Pfizer/BioNTech",2365850,1038050,3403900
2021-05-05,"Johnson&Johnson, Moderna, Oxford/AstraZeneca, Pfizer/BioNTech",2439006,1047445,3486451
2021-05-06,"Johnson&Johnson, Moderna, Oxford/AstraZeneca, Pfizer/BioNTech",2519385,1058151,3577536
2021-05-07,"Johnson&Johnson, Moderna, Oxford/AstraZeneca, Pfizer/BioNTech",2596614,1068208,3664822
2021-05-08,"Johnson&Johnson, Moderna, Oxford/AstraZeneca, Pfizer/BioNTech",2626043,1069968,3696011
2021-05-09,"Johnson&Johnson, Moderna, Oxford/AstraZeneca, Pfizer/BioNTech",2650231,1071168,3721399
2021-05-10,"Johnson&Johnson, Moderna, Oxford/AstraZeneca, Pfizer/BioNTech",2722978,1078376,3801354
2021-05-11,"Johnson&Johnson, Moderna, Oxford/AstraZeneca, Pfizer/BioNTech",2799068,1087165,3886233
2021-05-12,"Johnson&Johnson, Moderna, Oxford/AstraZeneca, Pfizer/BioNTech",2878913,1096260,3975173
2021-05-13,"Johnson&Johnson, Moderna, Oxford/AstraZeneca, Pfizer/BioNTech",2962920,1105415,4068335
2021-05-14,"Johnson&Johnson, Moderna, Oxford/AstraZeneca, Pfizer/BioNTech",3042340,1113195,4155535
2021-05-15,"Johnson&Johnson, Moderna, Oxford/AstraZeneca, Pfizer/BioNTech",3074209,1115437,4189646
2021-05-16,"Johnson&Johnson, Moderna, Oxford/AstraZeneca, Pfizer/BioNTech",3099964,1116696,4216660
2021-05-17,"Johnson&Johnson, Moderna, Oxford/AstraZeneca, Pfizer/BioNTech",3172458,1123417,4295875
2021-05-18,"Johnson&Johnson, Moderna, Oxford/AstraZeneca, Pfizer/BioNTech",3244373,1136469,4380842
2021-05-19,"Johnson&Johnson, Moderna, Oxford/AstraZeneca, Pfizer/BioNTech",3321817,1151595,4473412
2021-05-20,"Johnson&Johnson, Moderna, Oxford/AstraZeneca, Pfizer/BioNTech",3397232,1178612,4575844
2021-05-21,"Johnson&Johnson, Moderna, Oxford/AstraZeneca, Pfizer/BioNTech",3465975,1206358,4672333
2021-05-22,"Johnson&Johnson, Moderna, Oxford/AstraZeneca, Pfizer/BioNTech",3498332,1217529,4715861
2021-05-23,"Johnson&Johnson, Moderna, Oxford/AstraZeneca, Pfizer/BioNTech",3520677,1226555,4747232
2021-05-24,"Johnson&Johnson, Moderna, Oxford/AstraZeneca, Pfizer/BioNTech",3567796,1260201,4827997
2021-05-25,"Johnson&Johnson, Moderna, Oxford/AstraZeneca, Pfizer/BioNTech",3619611,1295972,4915583
2021-05-26,"Johnson&Johnson, Moderna, Oxford/AstraZeneca, Pfizer/BioNTech",3687345,1333462,5020807
2021-05-27,"Johnson&Johnson, Moderna, Oxford/AstraZeneca, Pfizer/BioNTech",3748714,1380763,5129477
2021-05-28,"Johnson&Johnson, Moderna, Oxford/AstraZeneca, Pfizer/BioNTech",3810396,1427311,5237707
2021-05-29,"Johnson&Johnson, Moderna, Oxford/AstraZeneca, Pfizer/BioNTech",3839560,1444405,5283965
2021-05-30,"Johnson&Johnson, Moderna, Oxford/AstraZeneca, Pfizer/BioNTech",3861913,1458830,5320743
2021-05-31,"Johnson&Johnson, Moderna, Oxford/AstraZeneca, Pfizer/BioNTech",3917633,1506355,5423988
2021-06-01,"Johnson&Johnson, Moderna, Oxford/AstraZeneca, Pfizer/BioNTech",3976639,1555172,5531811
2021-06-02,"Johnson&Johnson, Moderna, Oxford/AstraZeneca, Pfizer/BioNTech",4039508,1609127,5648635
2021-06-03,"Johnson&Johnson, Moderna, Oxford/AstraZeneca, Pfizer/BioNTech",4097713,1669296,5767009
2021-06-04,"Johnson&Johnson, Moderna, Oxford/AstraZeneca, Pfizer/BioNTech",4160777,1726671,5887448
2021-06-05,"Johnson&Johnson, Moderna, Oxford/AstraZeneca, Pfizer/BioNTech",4194903,1745481,5940384
2021-06-06,"Johnson&Johnson, Moderna, Oxford/AstraZeneca, Pfizer/BioNTech",4221809,1760599,5982408
2021-06-07,"Johnson&Johnson, Moderna, Oxford/AstraZeneca, Pfizer/BioNTech",4285477,1816197,6101674
2021-06-08,"Johnson&Johnson, Moderna, Oxford/AstraZeneca, Pfizer/BioNTech",4349439,1871146,6220585
2021-06-09,"Johnson&Johnson, Moderna, Oxford/AstraZeneca, Pfizer/BioNTech",4408596,1935635,6344231
2021-06-10,"Johnson&Johnson, Moderna, Oxford/AstraZeneca, Pfizer/BioNTech",4462458,2006776,6469234
2021-06-11,"Johnson&Johnson, Moderna, Oxford/AstraZeneca, Pfizer/BioNTech",4514545,2076482,6591027
2021-06-12,"Johnson&Johnson, Moderna, Oxford/AstraZeneca, Pfizer/BioNTech",4546540,2097244,6643784
2021-06-13,"Johnson&Johnson, Moderna, Oxford/AstraZeneca, Pfizer/BioNTech",4570547,2115621,6686168
2021-06-14,"Johnson&Johnson, Moderna, Oxford/AstraZeneca, Pfizer/BioNTech",4613611,2189950,6803561
2021-06-15,"Johnson&Johnson, Moderna, Oxford/AstraZeneca, Pfizer/BioNTech",4658245,2262245,6920490
2021-06-16,"Johnson&Johnson, Moderna, Oxford/AstraZeneca, Pfizer/BioNTech",4700974,2340417,7041391
2021-06-17,"Johnson&Johnson, Moderna, Oxford/AstraZeneca, Pfizer/BioNTech",4740345,2423434,7163779
2021-06-18,"Johnson&Johnson, Moderna, Oxford/AstraZeneca, Pfizer/BioNTech",4782729,2503873,7286602
2021-06-19,"Johnson&Johnson, Moderna, Oxford/AstraZeneca, Pfizer/BioNTech",4804477,2533111,7337588
2021-06-20,"Johnson&Johnson, Moderna, Oxford/AstraZeneca, Pfizer/BioNTech",4821838,2556905,7378743
2021-06-21,"Johnson&Johnson, Moderna, Oxford/AstraZeneca, Pfizer/BioNTech",4854336,2635415,7489751
2021-06-22,"Johnson&Johnson, Moderna, Oxford/AstraZeneca, Pfizer/BioNTech",4887285,2717615,7604900
2021-06-23,"Johnson&Johnson, Moderna, Oxford/AstraZeneca, Pfizer/BioNTech",4918928,2802766,7721694
2021-06-24,"Johnson&Johnson, Moderna, Oxford/AstraZeneca, Pfizer/BioNTech",4948760,2892716,7841476
2021-06-25,"Johnson&Johnson, Moderna, Oxford/AstraZeneca, Pfizer/BioNTech",4979808,2978779,7958587
2021-06-26,"Johnson&Johnson, Moderna, Oxford/AstraZeneca, Pfizer/BioNTech",4995664,3013545,8009209
2021-06-27,"Johnson&Johnson, Moderna, Oxford/AstraZeneca, Pfizer/BioNTech",5009601,3040157,8049758
2021-06-28,"Johnson&Johnson, Moderna, Oxford/AstraZeneca, Pfizer/BioNTech",5038003,3125274,8163277
2021-06-29,"Johnson&Johnson, Moderna, Oxford/AstraZeneca, Pfizer/BioNTech",5067262,3211677,8278939
2021-06-30,"Johnson&Johnson, Moderna, Oxford/AstraZeneca, Pfizer/BioNTech",5094744,3302581,8397325
2021-07-01,"Johnson&Johnson, Moderna, Oxford/AstraZeneca, Pfizer/BioNTech",5118710,3392570,8511280
2021-07-02,"Johnson&Johnson, Moderna, Oxford/AstraZeneca, Pfizer/BioNTech",5145414,3478354,8623768
2021-07-03,"Johnson&Johnson, Moderna, Oxford/AstraZeneca, Pfizer/BioNTech",5152488,3509827,8662315
2021-07-04,"Johnson&Johnson, Moderna, Oxford/AstraZeneca, Pfizer/BioNTech",5160037,3531599,8691636
2021-07-05,"Johnson&Johnson, Moderna, Oxford/AstraZeneca, Pfizer/BioNTech",5167397,3556943,8724340
2021-07-06,"Johnson&Johnson, Moderna, Oxford/AstraZeneca, Pfizer/BioNTech",5172801,3584557,8757358
2021-07-07,"Johnson&Johnson, Moderna, Oxford/AstraZeneca, Pfizer/BioNTech",5198580,3663473,8862053
2021-07-08,"Johnson&Johnson, Moderna, Oxford/AstraZeneca, Pfizer/BioNTech",5225173,3733736,8958909
2021-07-09,"Johnson&Johnson, Moderna, Oxford/AstraZeneca, Pfizer/BioNTech",5253082,3802942,9056024
2021-07-10,"Johnson&Johnson, Moderna, Oxford/AstraZeneca, Pfizer/BioNTech",5262422,3831528,9093950
2021-07-11,"Johnson&Johnson, Moderna, Oxford/AstraZeneca, Pfizer/BioNTech",5270942,3854384,9125326
2021-07-12,"Johnson&Johnson, Moderna, Oxford/AstraZeneca, Pfizer/BioNTech",5298458,3923411,9221869
2021-07-13,"Johnson&Johnson, Moderna, Oxford/AstraZeneca, Pfizer/BioNTech",5324626,3993215,9317841
2021-07-14,"Johnson&Johnson, Moderna, Oxford/AstraZeneca, Pfizer/BioNTech",5350427,4065121,9415548
2021-07-15,"Johnson&Johnson, Moderna, Oxford/AstraZeneca, Pfizer/BioNTech",5379592,4131058,9510650
2021-07-16,"Johnson&Johnson, Moderna, Oxford/AstraZeneca, Pfizer/BioNTech",5407494,4203699,9611193
2021-07-17,"Johnson&Johnson, Moderna, Oxford/AstraZeneca, Pfizer/BioNTech",5416255,4235092,9651347
2021-07-18,"Johnson&Johnson, Moderna, Oxford/AstraZeneca, Pfizer/BioNTech",5424692,4261058,9685750
2021-07-19,"Johnson&Johnson, Moderna, Oxford/AstraZeneca, Pfizer/BioNTech",5448031,4328024,9776055
2021-07-20,"Johnson&Johnson, Moderna, Oxford/AstraZeneca, Pfizer/BioNTech",5469405,4394997,9864402
2021-07-21,"Johnson&Johnson, Moderna, Oxford/AstraZeneca, Pfizer/BioNTech",5492848,4458389,9951237
2021-07-22,"Johnson&Johnson, Moderna, Oxford/AstraZeneca, Pfizer/BioNTech",5515199,4516943,10032142
2021-07-23,"Johnson&Johnson, Moderna, Oxford/AstraZeneca, Pfizer/BioNTech",5538384,4571619,10110003
2021-07-24,"Johnson&Johnson, Moderna, Oxford/AstraZeneca, Pfizer/BioNTech",5545691,4599239,10144930
2021-07-25,"Johnson&Johnson, Moderna, Oxford/AstraZeneca, Pfizer/BioNTech",5552299,4621334,10173633
2021-07-26,"Johnson&Johnson, Moderna, Oxford/AstraZeneca, Pfizer/BioNTech",5575827,4669945,10245772
2021-07-27,"Johnson&Johnson, Moderna, Oxford/AstraZeneca, Pfizer/BioNTech",5598547,4716506,10315053
2021-07-28,"Johnson&Johnson, Moderna, Oxford/AstraZeneca, Pfizer/BioNTech",5619787,4762413,10382200
2021-07-29,"Johnson&Johnson, Moderna, Oxford/AstraZeneca, Pfizer/BioNTech",5641094,4804289,10445383
2021-07-30,"Johnson&Johnson, Moderna, Oxford/AstraZeneca, Pfizer/BioNTech",5664355,4846771,10511126
2021-07-31,"Johnson&Johnson, Moderna, Oxford/AstraZeneca, Pfizer/BioNTech",5673270,4866268,10539538
2021-08-01,"Johnson&Johnson, Moderna, Oxford/AstraZeneca, Pfizer/BioNTech",5679981,4882415,10562396
2021-08-02,"Johnson&Johnson, Moderna, Oxford/AstraZeneca, Pfizer/BioNTech",5698597,4919912,10618509
2021-08-03,"Johnson&Johnson, Moderna, Oxford/AstraZeneca, Pfizer/BioNTech",5716221,4957955,10674176
2021-08-04,"Johnson&Johnson, Moderna, Oxford/AstraZeneca, Pfizer/BioNTech",5732301,4994633,10726934
2021-08-05,"Johnson&Johnson, Moderna, Oxford/AstraZeneca, Pfizer/BioNTech",5748320,5035047,10783367
2021-08-06,"Johnson&Johnson, Moderna, Oxford/AstraZeneca, Pfizer/BioNTech",5765097,5078266,10843363
2021-08-07,"Johnson&Johnson, Moderna, Oxford/AstraZeneca, Pfizer/BioNTech",5770682,5096403,10867085
2021-08-08,"Johnson&Johnson, Moderna, Oxford/AstraZeneca, Pfizer/BioNTech",5775032,5112134,10887166
2021-08-09,"Johnson&Johnson, Moderna, Oxford/AstraZeneca, Pfizer/BioNTech",5787668,5157136,10944804
2021-08-10,"Johnson&Johnson, Moderna, Oxford/AstraZeneca, Pfizer/BioNTech",5799494,5196654,10996148
2021-08-11,"Johnson&Johnson, Moderna, Oxford/AstraZeneca, Pfizer/BioNTech",5810846,5239738,11050584
2021-08-12,"Johnson&Johnson, Moderna, Oxford/AstraZeneca, Pfizer/BioNTech",5822261,5276814,11099075
2021-08-13,"Johnson&Johnson, Moderna, Oxford/AstraZeneca, Pfizer/BioNTech",5832975,5317102,11150077
2021-08-14,"Johnson&Johnson, Moderna, Oxford/AstraZeneca, Pfizer/BioNTech",5836310,5327779,11164089
2021-08-15,"Johnson&Johnson, Moderna, Oxford/AstraZeneca, Pfizer/BioNTech",5838889,5338133,11177022
2021-08-16,"Johnson&Johnson, Moderna, Oxford/AstraZeneca, Pfizer/BioNTech",5848669,5372165,11220834
2021-08-17,"Johnson&Johnson, Moderna, Oxford/AstraZeneca, Pfizer/BioNTech",5858258,5399225,11257483
2021-08-18,"Johnson&Johnson, Moderna, Oxford/AstraZeneca, Pfizer/BioNTech",5867621,5438060,11305681
2021-08-19,"Johnson&Johnson, Moderna, Oxford/AstraZeneca, Pfizer/BioNTech",5877281,5476377,11353658
2021-08-20,"Johnson&Johnson, Moderna, Oxford/AstraZeneca, Pfizer/BioNTech",5888655,5516532,11405187
2021-08-21,"Johnson&Johnson, Moderna, Oxford/AstraZeneca, Pfizer/BioNTech",5891369,5529267,11420636
2021-08-22,"Johnson&Johnson, Moderna, Oxford/AstraZeneca, Pfizer/BioNTech",5893708,5541219,11434927
2021-08-23,"Johnson&Johnson, Moderna, Oxford/AstraZeneca, Pfizer/BioNTech",5904235,5580452,11484687
2021-08-24,"Johnson&Johnson, Moderna, Oxford/AstraZeneca, Pfizer/BioNTech",5914098,5613672,11527770
2021-08-25,"Johnson&Johnson, Moderna, Oxford/AstraZeneca, Pfizer/BioNTech",5922959,5642010,11564969
2021-08-26,"Johnson&Johnson, Moderna, Oxford/AstraZeneca, Pfizer/BioNTech",5931400,5668111,11599511
2021-08-27,"Johnson&Johnson, Moderna, Oxford/AstraZeneca, Pfizer/BioNTech",5941710,5694031,11635741
2021-08-28,"Johnson&Johnson, Moderna, Oxford/AstraZeneca, Pfizer/BioNTech",5944431,5701058,11645489
2021-08-29,"Johnson&Johnson, Moderna, Oxford/AstraZeneca, Pfizer/BioNTech",5946833,5707669,11654502
2021-08-30,"Johnson&Johnson, Moderna, Oxford/AstraZeneca, Pfizer/BioNTech",5955350,5729516,11684866
2021-08-31,"Johnson&Johnson, Moderna, Oxford/AstraZeneca, Pfizer/BioNTech",5963013,5747570,11710583
2021-09-01,"Johnson&Johnson, Moderna, Oxford/AstraZeneca, Pfizer/BioNTech",5968894,5761542,11730436
2021-09-02,"Johnson&Johnson, Moderna, Oxford/AstraZeneca, Pfizer/BioNTech",5975720,5775907,11751627
2021-09-03,"Johnson&Johnson, Moderna, Oxford/AstraZeneca, Pfizer/BioNTech",5985270,5791590,11776860
2021-09-04,"Johnson&Johnson, Moderna, Oxford/AstraZeneca, Pfizer/BioNTech",5987332,5795136,11782468
2021-09-05,"Johnson&Johnson, Moderna, Oxford/AstraZeneca, Pfizer/BioNTech",5989364,5797975,11787339
2021-09-06,"Johnson&Johnson, Moderna, Oxford/AstraZeneca, Pfizer/BioNTech",5995591,5810482,11806073
2021-09-07,"Johnson&Johnson, Moderna, Oxford/AstraZeneca, Pfizer/BioNTech",5999967,5821567,11821534
2021-09-08,"Johnson&Johnson, Moderna, Oxford/AstraZeneca, Pfizer/BioNTech",6005624,5831395,11837019
2021-09-09,"Johnson&Johnson, Moderna, Oxford/AstraZeneca, Pfizer/BioNTech",6012298,5841443,11853741
2021-09-10,"Johnson&Johnson, Moderna, Oxford/AstraZeneca, Pfizer/BioNTech",6019979,5853605,11873584
2021-09-11,"Johnson&Johnson, Moderna, Oxford/AstraZeneca, Pfizer/BioNTech",6021840,5856076,11877916
2021-09-12,"Johnson&Johnson, Moderna, Oxford/AstraZeneca, Pfizer/BioNTech",6022954,5857698,11880652
2021-09-13,"Johnson&Johnson, Moderna, Oxford/AstraZeneca, Pfizer/BioNTech",6028378,5867982,11896360
2021-09-14,"Johnson&Johnson, Moderna, Oxford/AstraZeneca, Pfizer/BioNTech",6033760,5876980,11910740
2021-09-15,"Johnson&Johnson, Moderna, Oxford/AstraZeneca, Pfizer/BioNTech",6038947,5885489,11924436
2021-09-16,"Johnson&Johnson, Moderna, Oxford/AstraZeneca, Pfizer/BioNTech",6044289,5893748,11938037
2021-09-17,"Johnson&Johnson, Moderna, Oxford/AstraZeneca, Pfizer/BioNTech",6050853,5903954,11954807
2021-09-18,"Johnson&Johnson, Moderna, Oxford/AstraZeneca, Pfizer/BioNTech",6052577,5906303,11958880
2021-09-19,"Johnson&Johnson, Moderna, Oxford/AstraZeneca, Pfizer/BioNTech",6053518,5907866,11961384
2021-09-20,"Johnson&Johnson, Moderna, Oxford/AstraZeneca, Pfizer/BioNTech",6057523,5916051,11973574
2021-09-21,"Johnson&Johnson, Moderna, Oxford/AstraZeneca, Pfizer/BioNTech",6061748,5923574,11985322
2021-09-22,"Johnson&Johnson, Moderna, Oxford/AstraZeneca, Pfizer/BioNTech",6065920,5929080,11995000
2021-09-23,"Johnson&Johnson, Moderna, Oxford/AstraZeneca, Pfizer/BioNTech",6070896,5935479,12006375
2021-09-24,"Johnson&Johnson, Moderna, Oxford/AstraZeneca, Pfizer/BioNTech",6076649,5945085,12021734
2021-09-25,"Johnson&Johnson, Moderna, Oxford/AstraZeneca, Pfizer/BioNTech",6078139,5947071,12025210
2021-09-26,"Johnson&Johnson, Moderna, Pfizer/BioNTech",6078879,5948698,12027577
2021-09-27,"Johnson&Johnson, Moderna, Oxford/AstraZeneca, Pfizer/BioNTech",6082753,5955186,12037939
2021-09-28,"Johnson&Johnson, Moderna, Pfizer/BioNTech",6083109,5955788,12038897
2021-09-29,"Johnson&Johnson, Moderna, Oxford/AstraZeneca, Pfizer/BioNTech",6086880,5963231,12050111
2021-09-30,"Johnson&Johnson, Moderna, Oxford/AstraZeneca, Pfizer/BioNTech",6091375,5970914,12062289
2021-10-01,"Johnson&Johnson, Moderna, Oxford/AstraZeneca, Pfizer/BioNTech",6095660,5978865,12074525
2021-10-02,"Johnson&Johnson, Moderna, Oxford/AstraZeneca, Pfizer/BioNTech",6096719,5980399,12077118
2021-10-03,"Johnson&Johnson, Moderna, Pfizer/BioNTech",6097434,5981260,12078694
2021-10-04,"Johnson&Johnson, Moderna, Oxford/AstraZeneca, Pfizer/BioNTech",6100501,5986822,12087323
2021-10-05,"Johnson&Johnson, Moderna, Oxford/AstraZeneca, Pfizer/BioNTech",6103653,5991882,12095535
2021-10-06,"Johnson&Johnson, Moderna, Oxford/AstraZeneca, Pfizer/BioNTech",6107161,5997037,12104198
2021-10-07,"Johnson&Johnson, Moderna, Oxford/AstraZeneca, Pfizer/BioNTech",6110431,6002282,12112713
2021-10-08,"Johnson&Johnson, Moderna, Oxford/AstraZeneca, Pfizer/BioNTech",6115211,6008895,12124106
2021-10-09,"Johnson&Johnson, Moderna, Oxford/AstraZeneca, Pfizer/BioNTech",6116449,6010545,12126994
2021-10-10,"Johnson&Johnson, Moderna, Oxford/AstraZeneca, Pfizer/BioNTech",6117388,6011374,12128762
2021-10-11,"Johnson&Johnson, Moderna, Oxford/AstraZeneca, Pfizer/BioNTech",6120309,6015775,12136084
2021-10-12,"Johnson&Johnson, Moderna, Oxford/AstraZeneca, Pfizer/BioNTech",6123227,6019768,12142995
2021-10-13,"Johnson&Johnson, Moderna, Oxford/AstraZeneca, Pfizer/BioNTech",6126759,6023944,12150703
2021-10-14,"Johnson&Johnson, Moderna, Oxford/AstraZeneca, Pfizer/BioNTech",6130433,6028886,12159319
2021-10-15,"Johnson&Johnson, Moderna, Oxford/AstraZeneca, Pfizer/BioNTech",6135658,6035015,12170673
2021-10-16,"Johnson&Johnson, Moderna, Oxford/AstraZeneca, Pfizer/BioNTech",6137054,6036530,12173584
2021-10-17,"Johnson&Johnson, Moderna, Pfizer/BioNTech",6138373,6037582,12175955
2021-10-18,"Johnson&Johnson, Moderna, Oxford/AstraZeneca, Pfizer/BioNTech",6142482,6041673,12184155
2021-10-19,"Johnson&Johnson, Moderna, Oxford/AstraZeneca, Pfizer/BioNTech",6146049,6043756,12189805
2021-10-20,"Johnson&Johnson, Moderna, Oxford/AstraZeneca, Pfizer/BioNTech",6150907,6048198,12199105
2021-10-21,"Johnson&Johnson, Moderna, Oxford/AstraZeneca, Pfizer/BioNTech",6158650,6053784,12212434
2021-10-22,"Johnson&Johnson, Moderna, Oxford/AstraZeneca, Pfizer/BioNTech",6169090,6060282,12229372
2021-10-23,"Johnson&Johnson, Moderna, Pfizer/BioNTech",6172758,6062481,12235239
2021-10-24,"Johnson&Johnson, Moderna, Pfizer/BioNTech",6175440,6064253,12239693
2021-10-25,"Johnson&Johnson, Moderna, Oxford/AstraZeneca, Pfizer/BioNTech",6185916,6070044,12255960
2021-10-26,"Johnson&Johnson, Moderna, Oxford/AstraZeneca, Pfizer/BioNTech",6197832,6076574,12274406
2021-10-27,"Johnson&Johnson, Moderna, Oxford/AstraZeneca, Pfizer/BioNTech",6212423,6083966,12296389
2021-10-28,"Johnson&Johnson, Moderna, Oxford/AstraZeneca, Pfizer/BioNTech",6215825,6085634,12301459
2021-10-29,"Johnson&Johnson, Moderna, Oxford/AstraZeneca, Pfizer/BioNTech",6230238,6093593,12323831
2021-10-30,"Johnson&Johnson, Moderna, Pfizer/BioNTech",6234765,6096506,12331271
2021-10-31,"Johnson&Johnson, Moderna, Oxford/AstraZeneca, Pfizer/BioNTech",6238525,6098976,12337501
2021-11-01,"Johnson&Johnson, Moderna, Oxford/AstraZeneca, Pfizer/BioNTech",6253674,6106659,12360333
2021-11-02,"Johnson&Johnson, Moderna, Oxford/AstraZeneca, Pfizer/BioNTech",6269040,6114200,12383240
2021-11-03,"Johnson&Johnson, Moderna, Oxford/AstraZeneca, Pfizer/BioNTech",6286182,6121486,12407668
2021-11-04,"Johnson&Johnson, Moderna, Oxford/AstraZeneca, Pfizer/BioNTech",6304448,6129648,12434096
2021-11-05,"Johnson&Johnson, Moderna, Oxford/AstraZeneca, Pfizer/BioNTech",6327202,6140909,12468111
2021-11-06,"Johnson&Johnson, Moderna, Oxford/AstraZeneca, Pfizer/BioNTech",6333700,6143958,12477658
2021-11-07,"Johnson&Johnson, Moderna, Oxford/AstraZeneca, Pfizer/BioNTech",6337712,6146388,12484100
2021-11-08,"Johnson&Johnson, Moderna, Oxford/AstraZeneca, Pfizer/BioNTech",6353916,6154011,12507927
2021-11-09,"Johnson&Johnson, Moderna, Oxford/AstraZeneca, Pfizer/BioNTech",6368648,6161291,12529939
2021-11-10,"Johnson&Johnson, Moderna, Oxford/AstraZeneca, Pfizer/BioNTech",6384312,6168658,12552970
2021-11-11,"Johnson&Johnson, Moderna, Oxford/AstraZeneca, Pfizer/BioNTech",6399650,6177740,12577390
2021-11-12,"Johnson&Johnson, Moderna, Oxford/AstraZeneca, Pfizer/BioNTech",6419347,6190497,12609844
2021-11-13,"Johnson&Johnson, Moderna, Oxford/AstraZeneca, Pfizer/BioNTech",6424726,6194354,12619080
2021-11-14,"Johnson&Johnson, Moderna, Oxford/AstraZeneca, Pfizer/BioNTech",6428605,6197351,12625956
2021-11-15,"Johnson&Johnson, Moderna, Oxford/AstraZeneca, Pfizer/BioNTech",6443583,6208029,12651612
2021-11-16,"Johnson&Johnson, Moderna, Oxford/AstraZeneca, Pfizer/BioNTech",6460983,6219931,12680914
2021-11-17,"Johnson&Johnson, Moderna, Oxford/AstraZeneca, Pfizer/BioNTech",6465181,6223483,12688664
2021-11-18,"Johnson&Johnson, Moderna, Oxford/AstraZeneca, Pfizer/BioNTech",6484451,6235133,12719584
2021-11-19,"Johnson&Johnson, Moderna, Oxford/AstraZeneca, Pfizer/BioNTech",6508874,6252078,12760952
2021-11-20,"Johnson&Johnson, Moderna, Oxford/AstraZeneca, Pfizer/BioNTech",6517405,6257039,12774444
2021-11-21,"Johnson&Johnson, Moderna, Oxford/AstraZeneca, Pfizer/BioNTech",6524149,6260801,12784950
2021-11-22,"Johnson&Johnson, Moderna, Oxford/AstraZeneca, Pfizer/BioNTech",6542460,6274862,12817322
2021-11-23,"Johnson&Johnson, Moderna, Oxford/AstraZeneca, Pfizer/BioNTech",6561374,6288038,12849412
2021-11-24,"Johnson&Johnson, Moderna, Oxford/AstraZeneca, Pfizer/BioNTech",6580236,6303832,12884068
2021-11-25,"Johnson&Johnson, Moderna, Oxford/AstraZeneca, Pfizer/BioNTech",6599283,6318786,12918069
2021-11-26,"Johnson&Johnson, Moderna, Oxford/AstraZeneca, Pfizer/BioNTech",6620771,6337803,12958574
2021-11-27,"Johnson&Johnson, Moderna, Oxford/AstraZeneca, Pfizer/BioNTech",6628172,6343315,12971487
2021-11-28,"Johnson&Johnson, Moderna, Pfizer/BioNTech",6631483,6346440,12977923
2021-11-29,"Johnson&Johnson, Moderna, Oxford/AstraZeneca, Pfizer/BioNTech",6646607,6360039,13006646
2021-11-30,"Johnson&Johnson, Moderna, Oxford/AstraZeneca, Pfizer/BioNTech",6659702,6371161,13030863
2021-12-01,"Johnson&Johnson, Moderna, Oxford/AstraZeneca, Pfizer/BioNTech",6673570,6383505,13057075
2021-12-02,"Johnson&Johnson, Moderna, Oxford/AstraZeneca, Pfizer/BioNTech",6684102,6395875,13079977
2021-12-03,"Johnson&Johnson, Moderna, Oxford/AstraZeneca, Pfizer/BioNTech",6693439,6411198,13104637
2021-12-04,"Johnson&Johnson, Moderna, Oxford/AstraZeneca, Pfizer/BioNTech",6695936,6415101,13111037
2021-12-05,"Johnson&Johnson, Moderna, Oxford/AstraZeneca, Pfizer/BioNTech",6697270,6417413,13114683
2021-12-06,"Johnson&Johnson, Moderna, Oxford/AstraZeneca, Pfizer/BioNTech",6705259,6428737,13133996
2021-12-07,"Johnson&Johnson, Moderna, Oxford/AstraZeneca, Pfizer/BioNTech",6712874,6440461,13153335
2021-12-08,"Johnson&Johnson, Moderna, Oxford/AstraZeneca, Pfizer/BioNTech",6720593,6445877,13166470
