date,vaccine,people_vaccinated,people_fully_vaccinated,total_vaccinations
2020-12-27,Pfizer/BioNTech,1288,0,1288
2020-12-28,Pfizer/BioNTech,3591,0,3591
2020-12-29,Pfizer/BioNTech,7063,1,7064
2020-12-30,Pfizer/BioNTech,10580,1,10581
2020-12-31,Pfizer/BioNTech,11891,1,11892
2021-01-01,"Moderna, Pfizer/BioNTech",12160,1,12161
2021-01-02,"Moderna, Pfizer/BioNTech",13442,2,13444
2021-01-03,"Moderna, Pfizer/BioNTech",14369,2,14371
2021-01-04,"Moderna, Pfizer/BioNTech",17978,2,17980
2021-01-05,"Moderna, Pfizer/BioNTech",22503,3,22506
2021-01-06,"Moderna, Pfizer/BioNTech",28349,4,28353
2021-01-07,"Moderna, Pfizer/BioNTech",36347,4,36351
2021-01-08,"Moderna, Pfizer/BioNTech",46398,5,46403
2021-01-09,"Moderna, Pfizer/BioNTech",48425,7,48432
2021-01-10,Pfizer/BioNTech,50197,9,50206
2021-01-11,"Moderna, Pfizer/BioNTech",60053,11,60064
2021-01-12,"Moderna, Pfizer/BioNTech",73509,13,73522
2021-01-13,"Moderna, Pfizer/BioNTech",87055,13,87068
2021-01-14,"Moderna, Pfizer/BioNTech",102308,17,102325
2021-01-15,"Moderna, Pfizer/BioNTech",116329,18,116347
2021-01-16,"Moderna, Pfizer/BioNTech",119733,22,119755
2021-01-17,"Moderna, Pfizer/BioNTech",122355,658,123013
2021-01-18,"Moderna, Pfizer/BioNTech",134849,2485,137334
2021-01-19,"Moderna, Pfizer/BioNTech",147462,5214,152676
2021-01-20,"Moderna, Pfizer/BioNTech",161160,7878,169038
2021-01-21,"Moderna, Pfizer/BioNTech",176814,9620,186434
2021-01-22,"Moderna, Pfizer/BioNTech",191707,10664,202371
2021-01-23,"Moderna, Pfizer/BioNTech",195026,11541,206567
2021-01-24,"Moderna, Pfizer/BioNTech",197282,12412,209694
2021-01-25,"Moderna, Pfizer/BioNTech",206937,15383,222320
2021-01-26,"Moderna, Pfizer/BioNTech",217484,19375,236859
2021-01-27,"Moderna, Pfizer/BioNTech",226516,23910,250426
2021-01-28,"Moderna, Pfizer/BioNTech",233622,30042,263664
2021-01-29,"Moderna, Pfizer/BioNTech",239837,37949,277786
2021-01-30,"Moderna, Pfizer/BioNTech",240578,39037,279615
2021-01-31,"Moderna, Pfizer/BioNTech",241297,40219,281516
2021-02-01,"Moderna, Pfizer/BioNTech",245280,48188,293468
2021-02-02,"Moderna, Pfizer/BioNTech",249433,58428,307861
2021-02-03,"Moderna, Pfizer/BioNTech",253860,69448,323308
2021-02-04,"Moderna, Pfizer/BioNTech",258766,82442,341208
2021-02-05,"Moderna, Pfizer/BioNTech",264242,93117,357359
2021-02-06,"Moderna, Oxford/AstraZeneca, Pfizer/BioNTech",265101,95482,360583
2021-02-07,"Moderna, Oxford/AstraZeneca, Pfizer/BioNTech",265952,97982,363934
2021-02-08,"Moderna, Oxford/AstraZeneca, Pfizer/BioNTech",270047,109412,379459
2021-02-09,"Moderna, Oxford/AstraZeneca, Pfizer/BioNTech",275155,121328,396483
2021-02-10,"Moderna, Oxford/AstraZeneca, Pfizer/BioNTech",280674,134589,415263
2021-02-11,"Moderna, Oxford/AstraZeneca, Pfizer/BioNTech",287017,150809,437826
2021-02-12,"Moderna, Oxford/AstraZeneca, Pfizer/BioNTech",293847,165558,459405
2021-02-13,"Moderna, Oxford/AstraZeneca, Pfizer/BioNTech",295465,168546,464011
2021-02-14,"Moderna, Oxford/AstraZeneca, Pfizer/BioNTech",296471,169932,466403
2021-02-15,"Moderna, Oxford/AstraZeneca, Pfizer/BioNTech",302870,179303,482173
2021-02-16,"Moderna, Oxford/AstraZeneca, Pfizer/BioNTech",311591,188384,499975
2021-02-17,"Moderna, Oxford/AstraZeneca, Pfizer/BioNTech",321294,196695,517989
2021-02-18,"Moderna, Oxford/AstraZeneca, Pfizer/BioNTech",333624,204778,538402
2021-02-19,"Moderna, Oxford/AstraZeneca, Pfizer/BioNTech",345490,212154,557644
2021-02-20,"Moderna, Oxford/AstraZeneca, Pfizer/BioNTech",347500,213340,560840
2021-02-21,"Moderna, Oxford/AstraZeneca, Pfizer/BioNTech",348637,214366,563003
2021-02-22,"Moderna, Oxford/AstraZeneca, Pfizer/BioNTech",358764,220404,579168
2021-02-23,"Moderna, Oxford/AstraZeneca, Pfizer/BioNTech",371729,227395,599124
2021-02-24,"Moderna, Oxford/AstraZeneca, Pfizer/BioNTech",385614,233438,619052
2021-02-25,"Moderna, Oxford/AstraZeneca, Pfizer/BioNTech",403597,238990,642587
2021-02-26,"Moderna, Oxford/AstraZeneca, Pfizer/BioNTech",419780,244350,664130
2021-02-27,"Moderna, Oxford/AstraZeneca, Pfizer/BioNTech",422789,244911,667700
2021-02-28,"Moderna, Oxford/AstraZeneca, Pfizer/BioNTech",425147,245462,670609
2021-03-01,"Moderna, Oxford/AstraZeneca, Pfizer/BioNTech",444747,248912,693659
2021-03-02,"Moderna, Oxford/AstraZeneca, Pfizer/BioNTech",471975,252462,724437
2021-03-03,"Moderna, Oxford/AstraZeneca, Pfizer/BioNTech",502932,256973,759905
2021-03-04,"Moderna, Oxford/AstraZeneca, Pfizer/BioNTech",536220,261663,797883
2021-03-05,"Johnson&Johnson, Moderna, Oxford/AstraZeneca, Pfizer/BioNTech",565064,267092,832156
2021-03-06,"Johnson&Johnson, Moderna, Oxford/AstraZeneca, Pfizer/BioNTech",577224,267958,845182
2021-03-07,"Johnson&Johnson, Moderna, Oxford/AstraZeneca, Pfizer/BioNTech",588773,268801,857574
2021-03-08,"Johnson&Johnson, Moderna, Oxford/AstraZeneca, Pfizer/BioNTech",618523,273664,892187
2021-03-09,"Johnson&Johnson, Moderna, Oxford/AstraZeneca, Pfizer/BioNTech",654896,280052,934948
2021-03-10,"Johnson&Johnson, Moderna, Oxford/AstraZeneca, Pfizer/BioNTech",696231,287013,983244
2021-03-11,"Johnson&Johnson, Moderna, Oxford/AstraZeneca, Pfizer/BioNTech",741089,295389,1036478
2021-03-12,"Johnson&Johnson, Moderna, Oxford/AstraZeneca, Pfizer/BioNTech",779853,303889,1083742
2021-03-13,"Johnson&Johnson, Moderna, Oxford/AstraZeneca, Pfizer/BioNTech",796964,305204,1102168
2021-03-14,"Johnson&Johnson, Moderna, Oxford/AstraZeneca, Pfizer/BioNTech",809082,306360,1115442
2021-03-15,"Johnson&Johnson, Moderna, Oxford/AstraZeneca, Pfizer/BioNTech",837480,315142,1152622
2021-03-16,"Johnson&Johnson, Moderna, Oxford/AstraZeneca, Pfizer/BioNTech",876378,325679,1202057
2021-03-17,"Moderna, Oxford/AstraZeneca, Pfizer/BioNTech",913867,336194,1250061
2021-03-18,"Johnson&Johnson, Moderna, Oxford/AstraZeneca, Pfizer/BioNTech",951875,348619,1300494
2021-03-19,"Johnson&Johnson, Moderna, Oxford/AstraZeneca, Pfizer/BioNTech",986396,362234,1348630
2021-03-20,"Johnson&Johnson, Moderna, Oxford/AstraZeneca, Pfizer/BioNTech",1001581,364264,1365845
2021-03-21,"Johnson&Johnson, Moderna, Oxford/AstraZeneca, Pfizer/BioNTech",1009028,365824,1374852
2021-03-22,"Johnson&Johnson, Moderna, Oxford/AstraZeneca, Pfizer/BioNTech",1033607,378327,1411934
2021-03-23,"Johnson&Johnson, Moderna, Oxford/AstraZeneca, Pfizer/BioNTech",1060283,391694,1451977
2021-03-24,"Johnson&Johnson, Moderna, Oxford/AstraZeneca, Pfizer/BioNTech",1087178,407440,1494618
2021-03-25,"Johnson&Johnson, Moderna, Oxford/AstraZeneca, Pfizer/BioNTech",1113538,425296,1538834
2021-03-26,"Johnson&Johnson, Moderna, Oxford/AstraZeneca, Pfizer/BioNTech",1138381,442810,1581191
2021-03-27,"Johnson&Johnson, Moderna, Oxford/AstraZeneca, Pfizer/BioNTech",1146843,447656,1594499
2021-03-28,"Moderna, Oxford/AstraZeneca, Pfizer/BioNTech",1152391,451804,1604195
2021-03-29,"Johnson&Johnson, Moderna, Oxford/AstraZeneca, Pfizer/BioNTech",1171551,472542,1644093
2021-03-30,"Johnson&Johnson, Moderna, Oxford/AstraZeneca, Pfizer/BioNTech",1196262,494730,1690992
2021-03-31,"Johnson&Johnson, Moderna, Oxford/AstraZeneca, Pfizer/BioNTech",1219418,521799,1741217
2021-04-01,"Johnson&Johnson, Moderna, Oxford/AstraZeneca, Pfizer/BioNTech",1245105,553857,1798962
2021-04-02,"Johnson&Johnson, Moderna, Oxford/AstraZeneca, Pfizer/BioNTech",1252089,566655,1818744
2021-04-03,"Johnson&Johnson, Moderna, Oxford/AstraZeneca, Pfizer/BioNTech",1255743,577587,1833330
2021-04-04,"Johnson&Johnson, Moderna, Oxford/AstraZeneca, Pfizer/BioNTech",1258286,586510,1844796
2021-04-05,"Johnson&Johnson, Moderna, Oxford/AstraZeneca, Pfizer/BioNTech",1260719,593716,1854435
2021-04-06,"Johnson&Johnson, Moderna, Oxford/AstraZeneca, Pfizer/BioNTech",1276936,622991,1899927
2021-04-07,"Johnson&Johnson, Moderna, Oxford/AstraZeneca, Pfizer/BioNTech",1300442,645234,1945676
2021-04-08,"Johnson&Johnson, Moderna, Oxford/AstraZeneca, Pfizer/BioNTech",1339259,676281,2015540
2021-04-09,"Johnson&Johnson, Moderna, Oxford/AstraZeneca, Pfizer/BioNTech",1378858,706482,2085340
2021-04-10,"Johnson&Johnson, Moderna, Oxford/AstraZeneca, Pfizer/BioNTech",1394426,721795,2116221
2021-04-11,"Johnson&Johnson, Moderna, Oxford/AstraZeneca, Pfizer/BioNTech",1404221,731851,2136072
2021-04-12,"Johnson&Johnson, Moderna, Oxford/AstraZeneca, Pfizer/BioNTech",1442544,756997,2199541
2021-04-13,"Moderna, Oxford/AstraZeneca, Pfizer/BioNTech",1478853,783040,2261893
2021-04-14,"Moderna, Oxford/AstraZeneca, Pfizer/BioNTech",1517742,810417,2328159
2021-04-15,"Moderna, Oxford/AstraZeneca, Pfizer/BioNTech",1565578,836198,2401776
2021-04-16,"Moderna, Oxford/AstraZeneca, Pfizer/BioNTech",1610294,861881,2472175
2021-04-17,"Moderna, Oxford/AstraZeneca, Pfizer/BioNTech",1627020,870908,2497928
2021-04-18,"Moderna, Oxford/AstraZeneca, Pfizer/BioNTech",1640020,875894,2515914
2021-04-19,"Johnson&Johnson, Moderna, Oxford/AstraZeneca, Pfizer/BioNTech",1683995,891338,2575333
2021-04-20,"Johnson&Johnson, Moderna, Oxford/AstraZeneca, Pfizer/BioNTech",1726583,907228,2633811
2021-04-21,"Moderna, Oxford/AstraZeneca, Pfizer/BioNTech",1774351,921598,2695949
2021-04-22,"Johnson&Johnson, Moderna, Oxford/AstraZeneca, Pfizer/BioNTech",1828882,938998,2767880
2021-04-23,"Johnson&Johnson, Moderna, Oxford/AstraZeneca, Pfizer/BioNTech",1878895,951065,2829960
2021-04-24,"Johnson&Johnson, Moderna, Oxford/AstraZeneca, Pfizer/BioNTech",1896773,956332,2853105
2021-04-25,"Johnson&Johnson, Moderna, Oxford/AstraZeneca, Pfizer/BioNTech",1911487,960335,2871822
2021-04-26,"Johnson&Johnson, Moderna, Oxford/AstraZeneca, Pfizer/BioNTech",1961102,967906,2929008
2021-04-27,"Johnson&Johnson, Moderna, Oxford/AstraZeneca, Pfizer/BioNTech",2010091,980161,2990252
2021-04-28,"Johnson&Johnson, Moderna, Oxford/AstraZeneca, Pfizer/BioNTech",2068874,994186,3063060
2021-04-29,"Johnson&Johnson, Moderna, Oxford/AstraZeneca, Pfizer/BioNTech",2134495,1010107,3144602
2021-04-30,"Johnson&Johnson, Moderna, Oxford/AstraZeneca, Pfizer/BioNTech",2196792,1020104,3216896
2021-05-01,"Johnson&Johnson, Moderna, Oxford/AstraZeneca, Pfizer/BioNTech",2216185,1023569,3239754
2021-05-02,"Johnson&Johnson, Moderna, Oxford/AstraZeneca, Pfizer/BioNTech",2235138,1025860,3260998
2021-05-03,"Johnson&Johnson, Moderna, Oxford/AstraZeneca, Pfizer/BioNTech",2302417,1030945,3333362
2021-05-04,"Johnson&Johnson, Moderna, Oxford/AstraZeneca, Pfizer/BioNTech",2368980,1039317,3408297
2021-05-05,"Johnson&Johnson, Moderna, Oxford/AstraZeneca, Pfizer/BioNTech",2442194,1048767,3490961
2021-05-06,"Johnson&Johnson, Moderna, Oxford/AstraZeneca, Pfizer/BioNTech",2522643,1059519,3582162
2021-05-07,"Johnson&Johnson, Moderna, Oxford/AstraZeneca, Pfizer/BioNTech",2599979,1069665,3669644
2021-05-08,"Johnson&Johnson, Moderna, Oxford/AstraZeneca, Pfizer/BioNTech",2629521,1071459,3700980
2021-05-09,"Johnson&Johnson, Moderna, Oxford/AstraZeneca, Pfizer/BioNTech",2653762,1072684,3726446
2021-05-10,"Johnson&Johnson, Moderna, Oxford/AstraZeneca, Pfizer/BioNTech",2726564,1079931,3806495
2021-05-11,"Johnson&Johnson, Moderna, Oxford/AstraZeneca, Pfizer/BioNTech",2802719,1088764,3891483
2021-05-12,"Johnson&Johnson, Moderna, Oxford/AstraZeneca, Pfizer/BioNTech",2882669,1097911,3980580
2021-05-13,"Johnson&Johnson, Moderna, Oxford/AstraZeneca, Pfizer/BioNTech",2966728,1107107,4073835
2021-05-14,"Johnson&Johnson, Moderna, Oxford/AstraZeneca, Pfizer/BioNTech",3046286,1114938,4161224
2021-05-15,"Johnson&Johnson, Moderna, Oxford/AstraZeneca, Pfizer/BioNTech",3078254,1117225,4195479
2021-05-16,"Johnson&Johnson, Moderna, Oxford/AstraZeneca, Pfizer/BioNTech",3104070,1118512,4222582
2021-05-17,"Johnson&Johnson, Moderna, Oxford/AstraZeneca, Pfizer/BioNTech",3176612,1125271,4301883
2021-05-18,"Johnson&Johnson, Moderna, Oxford/AstraZeneca, Pfizer/BioNTech",3248608,1138395,4387003
2021-05-19,"Johnson&Johnson, Moderna, Oxford/AstraZeneca, Pfizer/BioNTech",3326108,1153570,4479678
2021-05-20,"Johnson&Johnson, Moderna, Oxford/AstraZeneca, Pfizer/BioNTech",3401608,1180641,4582249
2021-05-21,"Johnson&Johnson, Moderna, Oxford/AstraZeneca, Pfizer/BioNTech",3470466,1208450,4678916
2021-05-22,"Johnson&Johnson, Moderna, Oxford/AstraZeneca, Pfizer/BioNTech",3502939,1219695,4722634
2021-05-23,"Johnson&Johnson, Moderna, Oxford/AstraZeneca, Pfizer/BioNTech",3525390,1228738,4754128
2021-05-24,"Johnson&Johnson, Moderna, Oxford/AstraZeneca, Pfizer/BioNTech",3572608,1262419,4835027
2021-05-25,"Johnson&Johnson, Moderna, Oxford/AstraZeneca, Pfizer/BioNTech",3624532,1298270,4922802
2021-05-26,"Johnson&Johnson, Moderna, Oxford/AstraZeneca, Pfizer/BioNTech",3692303,1335835,5028138
2021-05-27,"Johnson&Johnson, Moderna, Oxford/AstraZeneca, Pfizer/BioNTech",3753738,1383204,5136942
2021-05-28,"Johnson&Johnson, Moderna, Oxford/AstraZeneca, Pfizer/BioNTech",3815494,1429822,5245316
2021-05-29,"Johnson&Johnson, Moderna, Oxford/AstraZeneca, Pfizer/BioNTech",3844769,1446970,5291739
2021-05-30,"Johnson&Johnson, Moderna, Oxford/AstraZeneca, Pfizer/BioNTech",3867186,1461443,5328629
2021-05-31,"Johnson&Johnson, Moderna, Oxford/AstraZeneca, Pfizer/BioNTech",3922934,1508979,5431913
2021-06-01,"Johnson&Johnson, Moderna, Oxford/AstraZeneca, Pfizer/BioNTech",3982054,1557873,5539927
2021-06-02,"Johnson&Johnson, Moderna, Oxford/AstraZeneca, Pfizer/BioNTech",4045037,1611915,5656952
2021-06-03,"Johnson&Johnson, Moderna, Oxford/AstraZeneca, Pfizer/BioNTech",4103302,1672168,5775470
2021-06-04,"Johnson&Johnson, Moderna, Oxford/AstraZeneca, Pfizer/BioNTech",4166451,1729606,5896057
2021-06-05,"Johnson&Johnson, Moderna, Oxford/AstraZeneca, Pfizer/BioNTech",4200642,1748540,5949182
2021-06-06,"Johnson&Johnson, Moderna, Oxford/AstraZeneca, Pfizer/BioNTech",4227605,1763721,5991326
2021-06-07,"Johnson&Johnson, Moderna, Oxford/AstraZeneca, Pfizer/BioNTech",4291309,1819377,6110686
2021-06-08,"Johnson&Johnson, Moderna, Oxford/AstraZeneca, Pfizer/BioNTech",4355326,1874409,6229735
2021-06-09,"Johnson&Johnson, Moderna, Oxford/AstraZeneca, Pfizer/BioNTech",4414550,1939113,6353663
2021-06-10,"Johnson&Johnson, Moderna, Oxford/AstraZeneca, Pfizer/BioNTech",4468420,2010448,6478868
2021-06-11,"Johnson&Johnson, Moderna, Oxford/AstraZeneca, Pfizer/BioNTech",4520558,2080309,6600867
2021-06-12,"Johnson&Johnson, Moderna, Oxford/AstraZeneca, Pfizer/BioNTech",4552587,2101173,6653760
2021-06-13,"Johnson&Johnson, Moderna, Oxford/AstraZeneca, Pfizer/BioNTech",4576632,2119617,6696249
2021-06-14,"Johnson&Johnson, Moderna, Oxford/AstraZeneca, Pfizer/BioNTech",4619736,2194038,6813774
2021-06-15,"Johnson&Johnson, Moderna, Oxford/AstraZeneca, Pfizer/BioNTech",4664422,2266456,6930878
2021-06-16,"Johnson&Johnson, Moderna, Oxford/AstraZeneca, Pfizer/BioNTech",4707249,2344714,7051963
2021-06-17,"Johnson&Johnson, Moderna, Oxford/AstraZeneca, Pfizer/BioNTech",4746695,2427839,7174534
2021-06-18,"Johnson&Johnson, Moderna, Oxford/AstraZeneca, Pfizer/BioNTech",4789148,2508452,7297600
2021-06-19,"Johnson&Johnson, Moderna, Oxford/AstraZeneca, Pfizer/BioNTech",4810947,2537805,7348752
2021-06-20,"Johnson&Johnson, Moderna, Oxford/AstraZeneca, Pfizer/BioNTech",4828361,2561691,7390052
2021-06-21,"Johnson&Johnson, Moderna, Oxford/AstraZeneca, Pfizer/BioNTech",4860879,2640333,7501212
2021-06-22,"Johnson&Johnson, Moderna, Oxford/AstraZeneca, Pfizer/BioNTech",4893862,2722685,7616547
2021-06-23,"Johnson&Johnson, Moderna, Oxford/AstraZeneca, Pfizer/BioNTech",4925592,2807957,7733549
2021-06-24,"Johnson&Johnson, Moderna, Oxford/AstraZeneca, Pfizer/BioNTech",4955470,2898041,7853511
2021-06-25,"Johnson&Johnson, Moderna, Oxford/AstraZeneca, Pfizer/BioNTech",4986572,2984303,7970875
2021-06-26,"Johnson&Johnson, Moderna, Oxford/AstraZeneca, Pfizer/BioNTech",5002476,3019202,8021678
2021-06-27,"Johnson&Johnson, Moderna, Oxford/AstraZeneca, Pfizer/BioNTech",5016437,3045929,8062366
2021-06-28,"Johnson&Johnson, Moderna, Oxford/AstraZeneca, Pfizer/BioNTech",5044865,3131172,8176037
2021-06-29,"Johnson&Johnson, Moderna, Oxford/AstraZeneca, Pfizer/BioNTech",5074165,3217746,8291911
2021-06-30,"Johnson&Johnson, Moderna, Oxford/AstraZeneca, Pfizer/BioNTech",5101677,3308814,8410491
2021-07-01,"Johnson&Johnson, Moderna, Oxford/AstraZeneca, Pfizer/BioNTech",5125687,3398937,8524624
2021-07-02,"Johnson&Johnson, Moderna, Oxford/AstraZeneca, Pfizer/BioNTech",5152447,3484896,8637343
2021-07-03,"Johnson&Johnson, Moderna, Oxford/AstraZeneca, Pfizer/BioNTech",5159557,3516478,8676035
2021-07-04,"Johnson&Johnson, Moderna, Oxford/AstraZeneca, Pfizer/BioNTech",5167153,3538308,8705461
2021-07-05,"Johnson&Johnson, Moderna, Oxford/AstraZeneca, Pfizer/BioNTech",5174581,3563726,8738307
2021-07-06,"Johnson&Johnson, Moderna, Oxford/AstraZeneca, Pfizer/BioNTech",5180067,3591469,8771536
2021-07-07,"Johnson&Johnson, Moderna, Oxford/AstraZeneca, Pfizer/BioNTech",5205906,3670483,8876389
2021-07-08,"Johnson&Johnson, Moderna, Oxford/AstraZeneca, Pfizer/BioNTech",5232529,3740854,8973383
2021-07-09,"Johnson&Johnson, Moderna, Oxford/AstraZeneca, Pfizer/BioNTech",5260491,3810209,9070700
2021-07-10,"Johnson&Johnson, Moderna, Oxford/AstraZeneca, Pfizer/BioNTech",5269880,3838888,9108768
2021-07-11,"Johnson&Johnson, Moderna, Oxford/AstraZeneca, Pfizer/BioNTech",5278441,3861782,9140223
2021-07-12,"Johnson&Johnson, Moderna, Oxford/AstraZeneca, Pfizer/BioNTech",5305994,3930880,9236874
2021-07-13,"Johnson&Johnson, Moderna, Oxford/AstraZeneca, Pfizer/BioNTech",5332207,4000784,9332991
2021-07-14,"Johnson&Johnson, Moderna, Oxford/AstraZeneca, Pfizer/BioNTech",5358053,4072805,9430858
2021-07-15,"Johnson&Johnson, Moderna, Oxford/AstraZeneca, Pfizer/BioNTech",5387250,4138852,9526102
2021-07-16,"Johnson&Johnson, Moderna, Oxford/AstraZeneca, Pfizer/BioNTech",5415194,4211616,9626810
2021-07-17,"Johnson&Johnson, Moderna, Oxford/AstraZeneca, Pfizer/BioNTech",5424000,4243100,9667100
2021-07-18,"Johnson&Johnson, Moderna, Oxford/AstraZeneca, Pfizer/BioNTech",5432448,4269121,9701569
2021-07-19,"Johnson&Johnson, Moderna, Oxford/AstraZeneca, Pfizer/BioNTech",5455825,4336169,9791994
2021-07-20,"Johnson&Johnson, Moderna, Oxford/AstraZeneca, Pfizer/BioNTech",5477243,4403260,9880503
2021-07-21,"Johnson&Johnson, Moderna, Oxford/AstraZeneca, Pfizer/BioNTech",5500706,4466747,9967453
2021-07-22,"Johnson&Johnson, Moderna, Oxford/AstraZeneca, Pfizer/BioNTech",5523082,4525410,10048492
2021-07-23,"Johnson&Johnson, Moderna, Oxford/AstraZeneca, Pfizer/BioNTech",5546328,4580199,10126527
2021-07-24,"Johnson&Johnson, Moderna, Oxford/AstraZeneca, Pfizer/BioNTech",5553683,4607889,10161572
2021-07-25,"Johnson&Johnson, Moderna, Oxford/AstraZeneca, Pfizer/BioNTech",5560327,4630034,10190361
2021-07-26,"Johnson&Johnson, Moderna, Oxford/AstraZeneca, Pfizer/BioNTech",5583887,4678748,10262635
2021-07-27,"Johnson&Johnson, Moderna, Oxford/AstraZeneca, Pfizer/BioNTech",5606650,4725428,10332078
2021-07-28,"Johnson&Johnson, Moderna, Oxford/AstraZeneca, Pfizer/BioNTech",5627939,4771472,10399411
2021-07-29,"Johnson&Johnson, Moderna, Oxford/AstraZeneca, Pfizer/BioNTech",5649288,4813480,10462768
2021-07-30,"Johnson&Johnson, Moderna, Oxford/AstraZeneca, Pfizer/BioNTech",5672578,4856083,10528661
2021-07-31,"Johnson&Johnson, Moderna, Oxford/AstraZeneca, Pfizer/BioNTech",5681542,4875640,10557182
2021-08-01,"Johnson&Johnson, Moderna, Oxford/AstraZeneca, Pfizer/BioNTech",5688275,4891824,10580099
2021-08-02,"Johnson&Johnson, Moderna, Oxford/AstraZeneca, Pfizer/BioNTech",5706925,4929413,10636338
2021-08-03,"Johnson&Johnson, Moderna, Oxford/AstraZeneca, Pfizer/BioNTech",5724584,4967555,10692139
2021-08-04,"Johnson&Johnson, Moderna, Oxford/AstraZeneca, Pfizer/BioNTech",5740722,5004354,10745076
2021-08-05,"Johnson&Johnson, Moderna, Oxford/AstraZeneca, Pfizer/BioNTech",5756773,5044868,10801641
2021-08-06,"Johnson&Johnson, Moderna, Oxford/AstraZeneca, Pfizer/BioNTech",5773588,5088207,10861795
2021-08-07,"Johnson&Johnson, Moderna, Oxford/AstraZeneca, Pfizer/BioNTech",5779201,5106399,10885600
2021-08-08,"Johnson&Johnson, Moderna, Oxford/AstraZeneca, Pfizer/BioNTech",5783574,5122176,10905750
2021-08-09,"Johnson&Johnson, Moderna, Oxford/AstraZeneca, Pfizer/BioNTech",5796217,5167266,10963483
2021-08-10,"Johnson&Johnson, Moderna, Oxford/AstraZeneca, Pfizer/BioNTech",5808070,5206866,11014936
2021-08-11,"Johnson&Johnson, Moderna, Oxford/AstraZeneca, Pfizer/BioNTech",5819445,5250022,11069467
2021-08-12,"Johnson&Johnson, Moderna, Oxford/AstraZeneca, Pfizer/BioNTech",5830873,5287182,11118055
2021-08-13,"Johnson&Johnson, Moderna, Oxford/AstraZeneca, Pfizer/BioNTech",5841607,5327553,11169160
2021-08-14,"Johnson&Johnson, Moderna, Oxford/AstraZeneca, Pfizer/BioNTech",5844949,5338271,11183220
2021-08-15,"Johnson&Johnson, Moderna, Oxford/AstraZeneca, Pfizer/BioNTech",5847543,5348665,11196208
2021-08-16,"Johnson&Johnson, Moderna, Oxford/AstraZeneca, Pfizer/BioNTech",5857341,5382765,11240106
2021-08-17,"Johnson&Johnson, Moderna, Oxford/AstraZeneca, Pfizer/BioNTech",5866943,5409889,11276832
2021-08-18,"Johnson&Johnson, Moderna, Oxford/AstraZeneca, Pfizer/BioNTech",5876321,5448805,11325126
2021-08-19,"Johnson&Johnson, Moderna, Oxford/AstraZeneca, Pfizer/BioNTech",5886007,5487177,11373184
2021-08-20,"Johnson&Johnson, Moderna, Oxford/AstraZeneca, Pfizer/BioNTech",5897404,5527382,11424786
2021-08-21,"Johnson&Johnson, Moderna, Oxford/AstraZeneca, Pfizer/BioNTech",5900130,5540163,11440293
2021-08-22,"Johnson&Johnson, Moderna, Oxford/AstraZeneca, Pfizer/BioNTech",5902476,5552141,11454617
2021-08-23,"Johnson&Johnson, Moderna, Oxford/AstraZeneca, Pfizer/BioNTech",5913010,5591429,11504439
2021-08-24,"Johnson&Johnson, Moderna, Oxford/AstraZeneca, Pfizer/BioNTech",5922894,5624698,11547592
2021-08-25,"Johnson&Johnson, Moderna, Oxford/AstraZeneca, Pfizer/BioNTech",5931767,5653084,11584851
2021-08-26,"Johnson&Johnson, Moderna, Oxford/AstraZeneca, Pfizer/BioNTech",5940226,5679225,11619451
2021-08-27,"Johnson&Johnson, Moderna, Oxford/AstraZeneca, Pfizer/BioNTech",5950555,5705221,11655776
2021-08-28,"Johnson&Johnson, Moderna, Oxford/AstraZeneca, Pfizer/BioNTech",5953297,5712296,11665593
2021-08-29,"Johnson&Johnson, Moderna, Oxford/AstraZeneca, Pfizer/BioNTech",5955712,5718924,11674636
2021-08-30,"Johnson&Johnson, Moderna, Oxford/AstraZeneca, Pfizer/BioNTech",5964244,5740813,11705057
2021-08-31,"Johnson&Johnson, Moderna, Oxford/AstraZeneca, Pfizer/BioNTech",5971933,5758931,11730864
2021-09-01,"Johnson&Johnson, Moderna, Oxford/AstraZeneca, Pfizer/BioNTech",5977848,5772957,11750805
2021-09-02,"Johnson&Johnson, Moderna, Oxford/AstraZeneca, Pfizer/BioNTech",5984689,5787353,11772042
2021-09-03,"Johnson&Johnson, Moderna, Oxford/AstraZeneca, Pfizer/BioNTech",5994252,5803097,11797349
2021-09-04,"Johnson&Johnson, Moderna, Oxford/AstraZeneca, Pfizer/BioNTech",5996326,5806661,11802987
2021-09-05,"Johnson&Johnson, Moderna, Oxford/AstraZeneca, Pfizer/BioNTech",5998370,5809512,11807882
2021-09-06,"Johnson&Johnson, Moderna, Oxford/AstraZeneca, Pfizer/BioNTech",6004610,5822065,11826675
2021-09-07,"Johnson&Johnson, Moderna, Oxford/AstraZeneca, Pfizer/BioNTech",6009007,5833161,11842168
2021-09-08,"Johnson&Johnson, Moderna, Oxford/AstraZeneca, Pfizer/BioNTech",6014687,5843030,11857717
2021-09-09,"Johnson&Johnson, Moderna, Oxford/AstraZeneca, Pfizer/BioNTech",6021387,5853104,11874491
2021-09-10,"Johnson&Johnson, Moderna, Oxford/AstraZeneca, Pfizer/BioNTech",6029090,5865293,11894383
2021-09-11,"Johnson&Johnson, Moderna, Oxford/AstraZeneca, Pfizer/BioNTech",6030962,5867787,11898749
2021-09-12,"Johnson&Johnson, Moderna, Oxford/AstraZeneca, Pfizer/BioNTech",6032083,5869423,11901506
2021-09-13,"Johnson&Johnson, Moderna, Oxford/AstraZeneca, Pfizer/BioNTech",6037528,5879738,11917266
2021-09-14,"Johnson&Johnson, Moderna, Oxford/AstraZeneca, Pfizer/BioNTech",6042927,5888758,11931685
2021-09-15,"Johnson&Johnson, Moderna, Oxford/AstraZeneca, Pfizer/BioNTech",6048137,5897291,11945428
2021-09-16,"Johnson&Johnson, Moderna, Oxford/AstraZeneca, Pfizer/BioNTech",6053499,5905575,11959074
2021-09-17,"Johnson&Johnson, Moderna, Oxford/AstraZeneca, Pfizer/BioNTech",6060071,5915816,11975887
2021-09-18,"Johnson&Johnson, Moderna, Oxford/AstraZeneca, Pfizer/BioNTech",6061803,5918181,11979984
2021-09-19,"Johnson&Johnson, Moderna, Oxford/AstraZeneca, Pfizer/BioNTech",6062749,5919753,11982502
2021-09-20,"Johnson&Johnson, Moderna, Oxford/AstraZeneca, Pfizer/BioNTech",6066775,5927958,11994733
2021-09-21,"Johnson&Johnson, Moderna, Oxford/AstraZeneca, Pfizer/BioNTech",6071016,5935499,12006515
2021-09-22,"Johnson&Johnson, Moderna, Oxford/AstraZeneca, Pfizer/BioNTech",6075210,5941028,12016238
2021-09-23,"Johnson&Johnson, Moderna, Oxford/AstraZeneca, Pfizer/BioNTech",6080181,5947443,12027624
2021-09-24,"Johnson&Johnson, Moderna, Oxford/AstraZeneca, Pfizer/BioNTech",6085943,5957062,12043005
2021-09-25,"Johnson&Johnson, Moderna, Oxford/AstraZeneca, Pfizer/BioNTech",6087442,5959065,12046507
2021-09-26,"Johnson&Johnson, Moderna, Oxford/AstraZeneca, Pfizer/BioNTech",6088187,5960707,12048894
2021-09-27,"Johnson&Johnson, Moderna, Oxford/AstraZeneca, Pfizer/BioNTech",6092073,5967226,12059299
2021-09-28,"Johnson&Johnson, Moderna, Oxford/AstraZeneca, Pfizer/BioNTech",6092447,5967862,12060309
2021-09-29,"Johnson&Johnson, Moderna, Oxford/AstraZeneca, Pfizer/BioNTech",6096223,5975328,12071551
2021-09-30,"Johnson&Johnson, Moderna, Oxford/AstraZeneca, Pfizer/BioNTech",6100744,5983033,12083777
2021-10-01,"Johnson&Johnson, Moderna, Oxford/AstraZeneca, Pfizer/BioNTech",6105056,5991021,12096077
2021-10-02,"Johnson&Johnson, Moderna, Oxford/AstraZeneca, Pfizer/BioNTech",6106119,5992567,12098686
2021-10-03,"Johnson&Johnson, Moderna, Oxford/AstraZeneca, Pfizer/BioNTech",6106844,5993439,12100283
2021-10-04,"Johnson&Johnson, Moderna, Oxford/AstraZeneca, Pfizer/BioNTech",6109924,5999019,12108943
2021-10-05,"Johnson&Johnson, Moderna, Oxford/AstraZeneca, Pfizer/BioNTech",6113087,6004107,12117194
2021-10-06,"Johnson&Johnson, Moderna, Oxford/AstraZeneca, Pfizer/BioNTech",6116608,6009285,12125893
2021-10-07,"Johnson&Johnson, Moderna, Oxford/AstraZeneca, Pfizer/BioNTech",6119892,6014548,12134440
2021-10-08,"Johnson&Johnson, Moderna, Oxford/AstraZeneca, Pfizer/BioNTech",6124686,6021193,12145879
2021-10-09,"Johnson&Johnson, Moderna, Oxford/AstraZeneca, Pfizer/BioNTech",6125931,6022860,12148791
2021-10-10,"Johnson&Johnson, Moderna, Oxford/AstraZeneca, Pfizer/BioNTech",6126875,6023693,12150568
2021-10-11,"Johnson&Johnson, Moderna, Oxford/AstraZeneca, Pfizer/BioNTech",6129806,6028113,12157919
2021-10-12,"Johnson&Johnson, Moderna, Oxford/AstraZeneca, Pfizer/BioNTech",6132741,6032116,12164857
2021-10-13,"Johnson&Johnson, Moderna, Oxford/AstraZeneca, Pfizer/BioNTech",6136273,6036304,12172577
2021-10-14,"Johnson&Johnson, Moderna, Oxford/AstraZeneca, Pfizer/BioNTech",6139945,6041254,12181199
2021-10-15,"Johnson&Johnson, Moderna, Oxford/AstraZeneca, Pfizer/BioNTech",6145175,6047404,12192579
2021-10-16,"Johnson&Johnson, Moderna, Oxford/AstraZeneca, Pfizer/BioNTech",6146589,6048929,12195518
2021-10-17,"Johnson&Johnson, Moderna, Pfizer/BioNTech",6147916,6049984,12197900
2021-10-18,"Johnson&Johnson, Moderna, Oxford/AstraZeneca, Pfizer/BioNTech",6152029,6054092,12206121
2021-10-19,"Johnson&Johnson, Moderna, Oxford/AstraZeneca, Pfizer/BioNTech",6155611,6056198,12211809
2021-10-20,"Johnson&Johnson, Moderna, Oxford/AstraZeneca, Pfizer/BioNTech",6160497,6060658,12221155
2021-10-21,"Johnson&Johnson, Moderna, Oxford/AstraZeneca, Pfizer/BioNTech",6168266,6066267,12234533
2021-10-22,"Johnson&Johnson, Moderna, Oxford/AstraZeneca, Pfizer/BioNTech",6178723,6072772,12251495
2021-10-23,"Johnson&Johnson, Moderna, Oxford/AstraZeneca, Pfizer/BioNTech",6182400,6074983,12257383
2021-10-24,"Johnson&Johnson, Moderna, Oxford/AstraZeneca, Pfizer/BioNTech",6185085,6076764,12261849
2021-10-25,"Johnson&Johnson, Moderna, Oxford/AstraZeneca, Pfizer/BioNTech",6195587,6082575,12278162
2021-10-26,"Johnson&Johnson, Moderna, Oxford/AstraZeneca, Pfizer/BioNTech",6207578,6089126,12296704
2021-10-27,"Johnson&Johnson, Moderna, Oxford/AstraZeneca, Pfizer/BioNTech",6222186,6096541,12318727
2021-10-28,"Johnson&Johnson, Moderna, Oxford/AstraZeneca, Pfizer/BioNTech",6225612,6098226,12323838
2021-10-29,"Johnson&Johnson, Moderna, Oxford/AstraZeneca, Pfizer/BioNTech",6240051,6106214,12346265
2021-10-30,"Johnson&Johnson, Moderna, Oxford/AstraZeneca, Pfizer/BioNTech",6244580,6109142,12353722
2021-10-31,"Johnson&Johnson, Moderna, Oxford/AstraZeneca, Pfizer/BioNTech",6248343,6111618,12359961
2021-11-01,"Johnson&Johnson, Moderna, Oxford/AstraZeneca, Pfizer/BioNTech",6263540,6119304,12382844
2021-11-02,"Johnson&Johnson, Moderna, Oxford/AstraZeneca, Pfizer/BioNTech",6278993,6126861,12405854
2021-11-03,"Johnson&Johnson, Moderna, Oxford/AstraZeneca, Pfizer/BioNTech",6296173,6134152,12430325
2021-11-04,"Johnson&Johnson, Moderna, Oxford/AstraZeneca, Pfizer/BioNTech",6314521,6142326,12456847
2021-11-05,"Johnson&Johnson, Moderna, Oxford/AstraZeneca, Pfizer/BioNTech",6337324,6153613,12490937
2021-11-06,"Johnson&Johnson, Moderna, Oxford/AstraZeneca, Pfizer/BioNTech",6343839,6156671,12500510
2021-11-07,"Johnson&Johnson, Moderna, Oxford/AstraZeneca, Pfizer/BioNTech",6347863,6159107,12506970
2021-11-08,"Johnson&Johnson, Moderna, Oxford/AstraZeneca, Pfizer/BioNTech",6364129,6166734,12530863
2021-11-09,"Johnson&Johnson, Moderna, Oxford/AstraZeneca, Pfizer/BioNTech",6378941,6174033,12552974
2021-11-10,"Johnson&Johnson, Moderna, Oxford/AstraZeneca, Pfizer/BioNTech",6394680,6181419,12576099
2021-11-11,"Johnson&Johnson, Moderna, Oxford/AstraZeneca, Pfizer/BioNTech",6410150,6190527,12600677
2021-11-12,"Johnson&Johnson, Moderna, Oxford/AstraZeneca, Pfizer/BioNTech",6429950,6203328,12633278
2021-11-13,"Johnson&Johnson, Moderna, Oxford/AstraZeneca, Pfizer/BioNTech",6435344,6207204,12642548
2021-11-14,"Johnson&Johnson, Moderna, Oxford/AstraZeneca, Pfizer/BioNTech",6439239,6210212,12649451
2021-11-15,"Johnson&Johnson, Moderna, Oxford/AstraZeneca, Pfizer/BioNTech",6454317,6220906,12675223
2021-11-16,"Johnson&Johnson, Moderna, Oxford/AstraZeneca, Pfizer/BioNTech",6471851,6232883,12704734
2021-11-17,"Johnson&Johnson, Moderna, Oxford/AstraZeneca, Pfizer/BioNTech",6476093,6236449,12712542
2021-11-18,"Johnson&Johnson, Moderna, Oxford/AstraZeneca, Pfizer/BioNTech",6495512,6248146,12743658
2021-11-19,"Johnson&Johnson, Moderna, Oxford/AstraZeneca, Pfizer/BioNTech",6520121,6265120,12785241
2021-11-20,"Johnson&Johnson, Moderna, Oxford/AstraZeneca, Pfizer/BioNTech",6528699,6270103,12798802
2021-11-21,"Johnson&Johnson, Moderna, Pfizer/BioNTech",6535468,6273876,12809344
2021-11-22,"Johnson&Johnson, Moderna, Oxford/AstraZeneca, Pfizer/BioNTech",6553976,6287989,12841965
2021-11-23,"Johnson&Johnson, Moderna, Oxford/AstraZeneca, Pfizer/BioNTech",6573041,6301251,12874292
2021-11-24,"Johnson&Johnson, Moderna, Oxford/AstraZeneca, Pfizer/BioNTech",6592054,6317102,12909156
2021-11-25,"Johnson&Johnson, Moderna, Oxford/AstraZeneca, Pfizer/BioNTech",6611198,6332139,12943337
2021-11-26,"Johnson&Johnson, Moderna, Oxford/AstraZeneca, Pfizer/BioNTech",6632854,6351277,12984131
2021-11-27,"Johnson&Johnson, Moderna, Oxford/AstraZeneca, Pfizer/BioNTech",6640324,6356832,12997156
2021-11-28,"Johnson&Johnson, Moderna, Oxford/AstraZeneca, Pfizer/BioNTech",6643657,6359968,13003625
2021-11-29,"Johnson&Johnson, Moderna, Oxford/AstraZeneca, Pfizer/BioNTech",6658866,6373629,13032495
2021-11-30,"Johnson&Johnson, Moderna, Oxford/AstraZeneca, Pfizer/BioNTech",6672068,6384858,13056926
2021-12-01,"Johnson&Johnson, Moderna, Oxford/AstraZeneca, Pfizer/BioNTech",6686104,6397314,13083418
2021-12-02,"Johnson&Johnson, Moderna, Oxford/AstraZeneca, Pfizer/BioNTech",6696744,6409805,13106549
2021-12-03,"Johnson&Johnson, Moderna, Oxford/AstraZeneca, Pfizer/BioNTech",6706384,6425384,13131768
2021-12-04,"Johnson&Johnson, Moderna, Pfizer/BioNTech",6708941,6429334,13138275
2021-12-05,"Johnson&Johnson, Moderna, Oxford/AstraZeneca, Pfizer/BioNTech",6710302,6431674,13141976
2021-12-06,"Johnson&Johnson, Moderna, Oxford/AstraZeneca, Pfizer/BioNTech",6718450,6443203,13161653
2021-12-07,"Johnson&Johnson, Moderna, Oxford/AstraZeneca, Pfizer/BioNTech",6726341,6455213,13181554
2021-12-08,"Johnson&Johnson, Moderna, Oxford/AstraZeneca, Pfizer/BioNTech",6734585,6461141,13195726
2021-12-09,"Johnson&Johnson, Moderna, Oxford/AstraZeneca, Pfizer/BioNTech",6741706,6473961,13215667
2021-12-10,"Johnson&Johnson, Moderna, Oxford/AstraZeneca, Pfizer/BioNTech",6748639,6491765,13240404
2021-12-11,"Johnson&Johnson, Moderna, Oxford/AstraZeneca, Pfizer/BioNTech",6750298,6497037,13247335
2021-12-12,"Johnson&Johnson, Moderna, Oxford/AstraZeneca, Pfizer/BioNTech",6751609,6501470,13253079
2021-12-13,"Johnson&Johnson, Moderna, Oxford/AstraZeneca, Pfizer/BioNTech",6757965,6514783,13272748
2021-12-14,"Johnson&Johnson, Moderna, Oxford/AstraZeneca, Pfizer/BioNTech",6764175,6528452,13292627
2021-12-15,"Johnson&Johnson, Moderna, Oxford/AstraZeneca, Pfizer/BioNTech",6770381,6542050,13312431
2021-12-16,"Johnson&Johnson, Moderna, Oxford/AstraZeneca, Pfizer/BioNTech",6777322,6556884,13334206
2021-12-17,"Johnson&Johnson, Moderna, Oxford/AstraZeneca, Pfizer/BioNTech",6785688,6574149,13359837
2021-12-18,"Johnson&Johnson, Moderna, Oxford/AstraZeneca, Pfizer/BioNTech",6788299,6579601,13367900
2021-12-19,"Johnson&Johnson, Moderna, Pfizer/BioNTech",6790070,6582105,13372175
2021-12-20,"Johnson&Johnson, Moderna, Oxford/AstraZeneca, Pfizer/BioNTech",6795926,6596167,13392093
2021-12-21,"Johnson&Johnson, Moderna, Oxford/AstraZeneca, Pfizer/BioNTech",6802588,6608162,13410750
2021-12-22,"Johnson&Johnson, Moderna, Oxford/AstraZeneca, Pfizer/BioNTech",6807636,6621220,13428856
2021-12-23,"Johnson&Johnson, Moderna, Oxford/AstraZeneca, Pfizer/BioNTech",6810510,6626822,13437332
2021-12-24,"Johnson&Johnson, Moderna, Oxford/AstraZeneca, Pfizer/BioNTech",6810556,6626924,13437480
2021-12-25,"Moderna, Pfizer/BioNTech",6810557,6626932,13437489
2021-12-26,"Moderna, Pfizer/BioNTech",6810659,6627135,13437794
2021-12-27,"Johnson&Johnson, Moderna, Pfizer/BioNTech",6814526,6636878,13451404
2021-12-28,"Johnson&Johnson, Moderna, Oxford/AstraZeneca, Pfizer/BioNTech",6819766,6644874,13464640
2021-12-29,"Johnson&Johnson, Moderna, Oxford/AstraZeneca, Pfizer/BioNTech",6824046,6652593,13476639
2021-12-30,"Johnson&Johnson, Moderna, Pfizer/BioNTech",6828347,6658026,13486373
2021-12-31,"Johnson&Johnson, Moderna, Pfizer/BioNTech",6828857,6659450,13488307
2022-01-01,"Johnson&Johnson, Moderna, Pfizer/BioNTech",6828863,6659468,13488331
2022-01-02,"Johnson&Johnson, Moderna, Pfizer/BioNTech",6829720,6660845,13490565
2022-01-03,"Johnson&Johnson, Moderna, Oxford/AstraZeneca, Pfizer/BioNTech",6833857,6669753,13503610
2022-01-04,"Johnson&Johnson, Moderna, Oxford/AstraZeneca, Pfizer/BioNTech",6838941,6677508,13516449
2022-01-05,"Johnson&Johnson, Moderna, Oxford/AstraZeneca, Pfizer/BioNTech",6844761,6685480,13530241
2022-01-06,"Johnson&Johnson, Moderna, Oxford/AstraZeneca, Pfizer/BioNTech",6851345,6693880,13545225
2022-01-07,"Johnson&Johnson, Moderna, Oxford/AstraZeneca, Pfizer/BioNTech",6859220,6704235,13563455
2022-01-08,"Johnson&Johnson, Moderna, Oxford/AstraZeneca, Pfizer/BioNTech",6861700,6707018,13568718
2022-01-09,"Johnson&Johnson, Moderna, Pfizer/BioNTech",6862783,6708713,13571496
2022-01-10,"Johnson&Johnson, Moderna, Oxford/AstraZeneca, Pfizer/BioNTech",6867286,6714902,13582188
2022-01-11,"Johnson&Johnson, Moderna, Oxford/AstraZeneca, Pfizer/BioNTech",6872725,6721655,13594380
2022-01-12,"Johnson&Johnson, Moderna, Oxford/AstraZeneca, Pfizer/BioNTech",6878682,6727298,13605980
2022-01-13,"Johnson&Johnson, Moderna, Oxford/AstraZeneca, Pfizer/BioNTech",6884565,6732075,13616640
2022-01-14,"Johnson&Johnson, Moderna, Oxford/AstraZeneca, Pfizer/BioNTech",6890866,6735707,13626573
2022-01-15,"Johnson&Johnson, Moderna, Oxford/AstraZeneca, Pfizer/BioNTech",6892142,6736363,13628505
2022-01-16,"Johnson&Johnson, Moderna, Oxford/AstraZeneca, Pfizer/BioNTech",6892830,6736800,13629630
2022-01-17,"Johnson&Johnson, Moderna, Oxford/AstraZeneca, Pfizer/BioNTech",6896384,6740756,13637140
2022-01-18,"Johnson&Johnson, Moderna, Oxford/AstraZeneca, Pfizer/BioNTech",6900234,6745705,13645939
2022-01-19,"Johnson&Johnson, Moderna, Oxford/AstraZeneca, Pfizer/BioNTech",6904304,6749636,13653940
2022-01-20,"Johnson&Johnson, Moderna, Oxford/AstraZeneca, Pfizer/BioNTech",6907896,6754092,13661988
2022-01-21,"Johnson&Johnson, Moderna, Oxford/AstraZeneca, Pfizer/BioNTech",6911890,6756620,13668510
2022-01-22,"Johnson&Johnson, Moderna, Pfizer/BioNTech",6912669,6757059,13669728
2022-01-23,"Johnson&Johnson, Moderna, Pfizer/BioNTech",6913230,6757693,13670923
2022-01-24,"Johnson&Johnson, Moderna, Oxford/AstraZeneca, Pfizer/BioNTech",6915500,6761128,13676628
2022-01-25,"Johnson&Johnson, Moderna, Oxford/AstraZeneca, Pfizer/BioNTech",6917855,6765123,13682978
2022-01-26,"Johnson&Johnson, Moderna, Oxford/AstraZeneca, Pfizer/BioNTech",6920240,6769689,13689929
2022-01-27,"Johnson&Johnson, Moderna, Oxford/AstraZeneca, Pfizer/BioNTech",6922559,6774501,13697060
2022-01-28,"Johnson&Johnson, Moderna, Oxford/AstraZeneca, Pfizer/BioNTech",6925475,6780664,13706139
2022-01-29,"Johnson&Johnson, Moderna, Oxford/AstraZeneca, Pfizer/BioNTech",6926075,6782315,13708390
2022-01-30,"Johnson&Johnson, Moderna, Pfizer/BioNTech",6926302,6783093,13709395
2022-01-31,"Johnson&Johnson, Moderna, Pfizer/BioNTech",6927844,6787016,13714860
2022-02-01,"Johnson&Johnson, Moderna, Pfizer/BioNTech",6929440,6791047,13720487
2022-02-02,"Johnson&Johnson, Moderna, Oxford/AstraZeneca, Pfizer/BioNTech",6931007,6795556,13726563
2022-02-03,"Johnson&Johnson, Moderna, Pfizer/BioNTech",6932379,6800034,13732413
2022-02-04,"Johnson&Johnson, Moderna, Pfizer/BioNTech",6933980,6805149,13739129
2022-02-05,"Johnson&Johnson, Moderna, Pfizer/BioNTech",6934153,6805758,13739911
2022-02-06,"Johnson&Johnson, Moderna, Pfizer/BioNTech",6934249,6806077,13740326
2022-02-07,"Johnson&Johnson, Moderna, Pfizer/BioNTech",6934950,6809286,13744236
2022-02-08,"Johnson&Johnson, Moderna, Pfizer/BioNTech",6935745,6812474,13748219
2022-02-09,"Johnson&Johnson, Moderna, Pfizer/BioNTech",6936570,6815845,13752415
2022-02-10,"Johnson&Johnson, Moderna, Pfizer/BioNTech",6937368,6818969,13756337
2022-02-11,"Johnson&Johnson, Moderna, Pfizer/BioNTech",6938322,6822883,13761205
2022-02-12,"Johnson&Johnson, Moderna, Pfizer/BioNTech",6938432,6823302,13761734
2022-02-13,"Johnson&Johnson, Moderna, Pfizer/BioNTech",6938467,6823739,13762206
2022-02-14,"Johnson&Johnson, Moderna, Pfizer/BioNTech",6938924,6825851,13764775
2022-02-15,"Johnson&Johnson, Moderna, Pfizer/BioNTech",6939477,6828058,13767535
2022-02-16,"Johnson&Johnson, Moderna, Pfizer/BioNTech",6940068,6830157,13770225
2022-02-17,"Johnson&Johnson, Moderna, Pfizer/BioNTech",6940662,6832497,13773159
2022-02-18,"Johnson&Johnson, Moderna, Oxford/AstraZeneca, Pfizer/BioNTech",6941303,6835549,13776852
2022-02-19,"Johnson&Johnson, Moderna, Pfizer/BioNTech",6941382,6835830,13777212
2022-02-20,"Johnson&Johnson, Moderna, Pfizer/BioNTech",6941417,6835979,13777396
2022-02-21,"Johnson&Johnson, Moderna, Pfizer/BioNTech",6941780,6837676,13779456
2022-02-22,"Johnson&Johnson, Moderna, Oxford/AstraZeneca, Pfizer/BioNTech",6942172,6839357,13781529
2022-02-23,"Johnson&Johnson, Moderna, Pfizer/BioNTech",6942628,6840999,13783627
2022-02-24,"Johnson&Johnson, Moderna, Pfizer/BioNTech",6943036,6842629,13785665
2022-02-25,"Johnson&Johnson, Moderna, Pfizer/BioNTech",6943619,6844713,13788332
2022-02-26,"Johnson&Johnson, Moderna, Pfizer/BioNTech",6943680,6844874,13788554
2022-02-27,"Johnson&Johnson, Moderna, Pfizer/BioNTech",6943710,6844950,13788660
2022-02-28,"Johnson&Johnson, Moderna, Pfizer/BioNTech",6943956,6845924,13789880
2022-03-01,"Johnson&Johnson, Moderna, Pfizer/BioNTech",6944261,6846708,13790969
2022-03-02,"Johnson&Johnson, Moderna, Novavax, Pfizer/BioNTech",6944631,6847615,13792246
2022-03-03,"Johnson&Johnson, Moderna, Novavax, Pfizer/BioNTech",6944966,6848558,13793524
2022-03-04,"Johnson&Johnson, Moderna, Novavax, Pfizer/BioNTech",6945592,6849779,13795371
2022-03-05,"Johnson&Johnson, Moderna, Novavax, Pfizer/BioNTech",6945673,6849870,13795543
2022-03-06,"Moderna, Novavax, Pfizer/BioNTech",6945685,6849888,13795573
2022-03-07,"Johnson&Johnson, Moderna, Novavax, Pfizer/BioNTech",6946020,6850445,13796465
2022-03-08,"Johnson&Johnson, Moderna, Novavax, Pfizer/BioNTech",6946355,6850987,13797342
2022-03-09,"Johnson&Johnson, Moderna, Novavax, Pfizer/BioNTech",6946742,6851574,13798316
2022-03-10,"Johnson&Johnson, Moderna, Novavax, Pfizer/BioNTech",6947153,6852245,13799398
2022-03-11,"Johnson&Johnson, Moderna, Novavax, Pfizer/BioNTech",6947892,6853153,13801045
2022-03-12,"Johnson&Johnson, Moderna, Novavax, Pfizer/BioNTech",6947960,6853258,13801218
2022-03-13,"Johnson&Johnson, Moderna, Novavax, Pfizer/BioNTech",6947973,6853276,13801249
2022-03-14,"Johnson&Johnson, Moderna, Novavax, Pfizer/BioNTech",6948238,6853655,13801893
2022-03-15,"Johnson&Johnson, Moderna, Novavax, Pfizer/BioNTech",6948521,6854091,13802612
2022-03-16,"Johnson&Johnson, Moderna, Novavax, Pfizer/BioNTech",6948838,6854633,13803471
2022-03-17,"Johnson&Johnson, Moderna, Novavax, Oxford/AstraZeneca, Pfizer/BioNTech",6949131,6855066,13804197
2022-03-18,"Johnson&Johnson, Moderna, Novavax, Pfizer/BioNTech",6949827,6855858,13805685
2022-03-19,"Moderna, Novavax, Pfizer/BioNTech",6949883,6855903,13805786
2022-03-20,"Moderna, Novavax, Pfizer/BioNTech",6949900,6855915,13805815
2022-03-21,"Johnson&Johnson, Moderna, Novavax, Pfizer/BioNTech",6950087,6856242,13806329
2022-03-22,"Johnson&Johnson, Moderna, Novavax, Pfizer/BioNTech",6950326,6856638,13806964
2022-03-23,"Johnson&Johnson, Moderna, Novavax, Pfizer/BioNTech",6950658,6857073,13807731
2022-03-24,"Johnson&Johnson, Moderna, Novavax, Pfizer/BioNTech",6950968,6857546,13808514
2022-03-25,"Johnson&Johnson, Moderna, Novavax, Pfizer/BioNTech",6951447,6858346,13809793
2022-03-26,"Johnson&Johnson, Moderna, Novavax, Pfizer/BioNTech",6951499,6858423,13809922
2022-03-27,"Moderna, Novavax, Pfizer/BioNTech",6951515,6858440,13809955
2022-03-28,"Johnson&Johnson, Moderna, Novavax, Pfizer/BioNTech",6951668,6858819,13810487
2022-03-29,"Johnson&Johnson, Moderna, Novavax, Pfizer/BioNTech",6951932,6859224,13811156
2022-03-30,"Johnson&Johnson, Moderna, Novavax, Pfizer/BioNTech",6952236,6859715,13811951
2022-03-31,"Johnson&Johnson, Moderna, Novavax, Pfizer/BioNTech",6952532,6860207,13812739
2022-04-01,"Johnson&Johnson, Moderna, Novavax, Pfizer/BioNTech",6953100,6860964,13814064
2022-04-02,"Moderna, Novavax, Pfizer/BioNTech",6953155,6861048,13814203
2022-04-03,"Moderna, Novavax, Pfizer/BioNTech",6953167,6861077,13814244
2022-04-04,"Johnson&Johnson, Moderna, Novavax, Pfizer/BioNTech",6953332,6861356,13814688
2022-04-05,"Johnson&Johnson, Moderna, Novavax, Pfizer/BioNTech",6953519,6861592,13815111
2022-04-06,"Johnson&Johnson, Moderna, Novavax, Pfizer/BioNTech",6953735,6861938,13815673
2022-04-07,"Johnson&Johnson, Moderna, Novavax, Pfizer/BioNTech",6953953,6862353,13816306
2022-04-08,"Johnson&Johnson, Moderna, Novavax, Pfizer/BioNTech",6954401,6863073,13817474
2022-04-09,"Johnson&Johnson, Moderna, Novavax, Pfizer/BioNTech",6954459,6863145,13817604
2022-04-10,"Moderna, Novavax, Pfizer/BioNTech",6954471,6863154,13817625
2022-04-11,"Johnson&Johnson, Moderna, Novavax, Pfizer/BioNTech",6954628,6863385,13818013
2022-04-12,"Johnson&Johnson, Moderna, Novavax, Pfizer/BioNTech",6954866,6863683,13818549
2022-04-13,"Johnson&Johnson, Moderna, Novavax, Pfizer/BioNTech",6955099,6864026,13819125
2022-04-14,"Johnson&Johnson, Moderna, Novavax, Pfizer/BioNTech",6955365,6864407,13819772
2022-04-15,"Moderna, Novavax, Pfizer/BioNTech",6955383,6864429,13819812
2022-04-16,"Moderna, Novavax, Pfizer/BioNTech",6955401,6864461,13819862
2022-04-17,"Moderna, Novavax, Pfizer/BioNTech",6955402,6864462,13819864
2022-04-18,"Moderna, Novavax, Pfizer/BioNTech",6955404,6864478,13819882
2022-04-19,"Johnson&Johnson, Moderna, Novavax, Pfizer/BioNTech",6955539,6864813,13820352
2022-04-20,"Johnson&Johnson, Moderna, Novavax, Pfizer/BioNTech",6955758,6865199,13820957
2022-04-21,"Johnson&Johnson, Moderna, Novavax, Pfizer/BioNTech",6955974,6865616,13821590
2022-04-22,"Johnson&Johnson, Moderna, Novavax, Pfizer/BioNTech",6956432,6866419,13822851
2022-04-23,"Moderna, Novavax, Pfizer/BioNTech",6956463,6866498,13822961
2022-04-24,"Moderna, Novavax, Pfizer/BioNTech",6956468,6866508,13822976
2022-04-25,"Johnson&Johnson, Moderna, Novavax, Pfizer/BioNTech",6956607,6866706,13823313
2022-04-26,"Johnson&Johnson, Moderna, Novavax, Pfizer/BioNTech",6956740,6866955,13823695
2022-04-27,"Johnson&Johnson, Moderna, Novavax, Pfizer/BioNTech",6957000,6867274,13824274
2022-04-28,"Johnson&Johnson, Moderna, Novavax, Pfizer/BioNTech",6957174,6867544,13824718
