date,vaccine,people_vaccinated,people_fully_vaccinated,total_vaccinations
2020-12-27,Pfizer/BioNTech,1286,0,1286
2020-12-28,Pfizer/BioNTech,3589,0,3589
2020-12-29,Pfizer/BioNTech,7059,1,7060
2020-12-30,Pfizer/BioNTech,10576,1,10577
2020-12-31,Pfizer/BioNTech,11889,1,11890
2021-01-01,"Moderna, Pfizer/BioNTech",12160,1,12161
2021-01-02,"Moderna, Pfizer/BioNTech",13446,2,13448
2021-01-03,"Moderna, Pfizer/BioNTech",14373,2,14375
2021-01-04,"Moderna, Pfizer/BioNTech",17979,3,17982
2021-01-05,"Moderna, Pfizer/BioNTech",22498,4,22502
2021-01-06,"Moderna, Pfizer/BioNTech",28341,5,28346
2021-01-07,"Moderna, Pfizer/BioNTech",36340,5,36345
2021-01-08,"Moderna, Pfizer/BioNTech",46392,6,46398
2021-01-09,"Moderna, Pfizer/BioNTech",48418,8,48426
2021-01-10,Pfizer/BioNTech,50190,10,50200
2021-01-11,"Moderna, Pfizer/BioNTech",60047,12,60059
2021-01-12,"Moderna, Pfizer/BioNTech",73503,14,73517
2021-01-13,"Moderna, Pfizer/BioNTech",87046,15,87061
2021-01-14,"Moderna, Pfizer/BioNTech",102295,19,102314
2021-01-15,"Moderna, Pfizer/BioNTech",116316,20,116336
2021-01-16,"Moderna, Pfizer/BioNTech",119720,24,119744
2021-01-17,"Moderna, Pfizer/BioNTech",122337,660,122997
2021-01-18,"Moderna, Pfizer/BioNTech",134827,2486,137313
2021-01-19,"Moderna, Pfizer/BioNTech",147437,5214,152651
2021-01-20,"Moderna, Pfizer/BioNTech",161134,7879,169013
2021-01-21,"Moderna, Pfizer/BioNTech",176785,9622,186407
2021-01-22,"Moderna, Pfizer/BioNTech",191672,10667,202339
2021-01-23,"Moderna, Pfizer/BioNTech",194990,11547,206537
2021-01-24,"Moderna, Pfizer/BioNTech",197245,12418,209663
2021-01-25,"Moderna, Pfizer/BioNTech",206900,15382,222282
2021-01-26,"Moderna, Pfizer/BioNTech",217446,19368,236814
2021-01-27,"Moderna, Pfizer/BioNTech",226478,23899,250377
2021-01-28,"Moderna, Pfizer/BioNTech",233586,30032,263618
2021-01-29,"Indie/AstraZeneca, Moderna, Pfizer/BioNTech",239802,37942,277744
2021-01-30,"Moderna, Pfizer/BioNTech",240543,39030,279573
2021-01-31,"Moderna, Pfizer/BioNTech",241262,40212,281474
2021-02-01,"Moderna, Pfizer/BioNTech",245246,48179,293425
2021-02-02,"Moderna, Pfizer/BioNTech",249402,58420,307822
2021-02-03,"Moderna, Pfizer/BioNTech",253828,69437,323265
2021-02-04,"Moderna, Pfizer/BioNTech",258735,82427,341162
2021-02-05,"Moderna, Pfizer/BioNTech",264209,93099,357308
2021-02-06,"Moderna, Oxford/AstraZeneca, Pfizer/BioNTech",265066,95465,360531
2021-02-07,"Moderna, Oxford/AstraZeneca, Pfizer/BioNTech",265917,97964,363881
2021-02-08,"Moderna, Oxford/AstraZeneca, Pfizer/BioNTech",270008,109389,379397
2021-02-09,"Moderna, Oxford/AstraZeneca, Pfizer/BioNTech",275121,121299,396420
2021-02-10,"Moderna, Oxford/AstraZeneca, Pfizer/BioNTech",280641,134558,415199
2021-02-11,"Moderna, Oxford/AstraZeneca, Pfizer/BioNTech",286983,150775,437758
2021-02-12,"Moderna, Oxford/AstraZeneca, Pfizer/BioNTech",293810,165518,459328
2021-02-13,"Moderna, Oxford/AstraZeneca, Pfizer/BioNTech",295428,168505,463933
2021-02-14,"Moderna, Oxford/AstraZeneca, Pfizer/BioNTech",296434,169891,466325
2021-02-15,"Moderna, Oxford/AstraZeneca, Pfizer/BioNTech",302832,179261,482093
2021-02-16,"Moderna, Oxford/AstraZeneca, Pfizer/BioNTech",311549,188341,499890
2021-02-17,"Moderna, Oxford/AstraZeneca, Pfizer/BioNTech",321251,196654,517905
2021-02-18,"Moderna, Oxford/AstraZeneca, Pfizer/BioNTech",333578,204737,538315
2021-02-19,"Moderna, Oxford/AstraZeneca, Pfizer/BioNTech",345444,212114,557558
2021-02-20,"Moderna, Oxford/AstraZeneca, Pfizer/BioNTech",347454,213300,560754
2021-02-21,"Moderna, Oxford/AstraZeneca, Pfizer/BioNTech",348592,214326,562918
2021-02-22,"Moderna, Oxford/AstraZeneca, Pfizer/BioNTech",358716,220364,579080
2021-02-23,"Moderna, Oxford/AstraZeneca, Pfizer/BioNTech",371680,227355,599035
2021-02-24,"Moderna, Oxford/AstraZeneca, Pfizer/BioNTech",385561,233395,618956
2021-02-25,"Moderna, Oxford/AstraZeneca, Pfizer/BioNTech",403543,238946,642489
2021-02-26,"Moderna, Oxford/AstraZeneca, Pfizer/BioNTech",419723,244305,664028
2021-02-27,"Moderna, Oxford/AstraZeneca, Pfizer/BioNTech",422733,244864,667597
2021-02-28,"Moderna, Oxford/AstraZeneca, Pfizer/BioNTech",425091,245415,670506
2021-03-01,"Moderna, Oxford/AstraZeneca, Pfizer/BioNTech",444692,248862,693554
2021-03-02,"Indie/AstraZeneca, Moderna, Oxford/AstraZeneca, Pfizer/BioNTech",471924,252417,724341
2021-03-03,"Moderna, Oxford/AstraZeneca, Pfizer/BioNTech",502877,256928,759805
2021-03-04,"Moderna, Oxford/AstraZeneca, Pfizer/BioNTech",536162,261619,797781
2021-03-05,"Johnson&Johnson, Moderna, Oxford/AstraZeneca, Pfizer/BioNTech",565012,267047,832059
2021-03-06,"Johnson&Johnson, Moderna, Oxford/AstraZeneca, Pfizer/BioNTech",577172,267913,845085
2021-03-07,"Johnson&Johnson, Moderna, Oxford/AstraZeneca, Pfizer/BioNTech",588720,268756,857476
2021-03-08,"Johnson&Johnson, Moderna, Oxford/AstraZeneca, Pfizer/BioNTech",618466,273618,892084
2021-03-09,"Johnson&Johnson, Moderna, Oxford/AstraZeneca, Pfizer/BioNTech",654840,280002,934842
2021-03-10,"Johnson&Johnson, Moderna, Oxford/AstraZeneca, Pfizer/BioNTech",696169,286962,983131
2021-03-11,"Johnson&Johnson, Moderna, Oxford/AstraZeneca, Pfizer/BioNTech",741027,295337,1036364
2021-03-12,"Johnson&Johnson, Moderna, Oxford/AstraZeneca, Pfizer/BioNTech, Čína",779787,303838,1083625
2021-03-13,"Johnson&Johnson, Moderna, Oxford/AstraZeneca, Pfizer/BioNTech",796900,305154,1102054
2021-03-14,"Johnson&Johnson, Moderna, Oxford/AstraZeneca, Pfizer/BioNTech",809019,306312,1115331
2021-03-15,"Johnson&Johnson, Moderna, Oxford/AstraZeneca, Pfizer/BioNTech",837418,315091,1152509
2021-03-16,"Johnson&Johnson, Moderna, Oxford/AstraZeneca, Pfizer/BioNTech",876314,325626,1201940
2021-03-17,"Moderna, Oxford/AstraZeneca, Pfizer/BioNTech",913801,336141,1249942
2021-03-18,"Johnson&Johnson, Moderna, Oxford/AstraZeneca, Pfizer/BioNTech",951807,348566,1300373
2021-03-19,"Johnson&Johnson, Moderna, Oxford/AstraZeneca, Pfizer/BioNTech",986324,362180,1348504
2021-03-20,"Johnson&Johnson, Moderna, Oxford/AstraZeneca, Pfizer/BioNTech",1001509,364210,1365719
2021-03-21,"Johnson&Johnson, Moderna, Oxford/AstraZeneca, Pfizer/BioNTech",1008958,365770,1374728
2021-03-22,"Indie/AstraZeneca, Johnson&Johnson, Moderna, Oxford/AstraZeneca, Pfizer/BioNTech",1033534,378270,1411804
2021-03-23,"Johnson&Johnson, Moderna, Oxford/AstraZeneca, Pfizer/BioNTech",1060212,391638,1451850
2021-03-24,"Indie/AstraZeneca, Johnson&Johnson, Moderna, Oxford/AstraZeneca, Pfizer/BioNTech",1087110,407381,1494491
2021-03-25,"Indie/AstraZeneca, Johnson&Johnson, Moderna, Oxford/AstraZeneca, Pfizer/BioNTech",1113470,425235,1538705
2021-03-26,"Johnson&Johnson, Moderna, Oxford/AstraZeneca, Pfizer/BioNTech",1138310,442749,1581059
2021-03-27,"Johnson&Johnson, Moderna, Oxford/AstraZeneca, Pfizer/BioNTech, Čína",1146773,447596,1594369
2021-03-28,"Moderna, Oxford/AstraZeneca, Pfizer/BioNTech, Čína",1152321,451744,1604065
2021-03-29,"Johnson&Johnson, Moderna, Oxford/AstraZeneca, Pfizer/BioNTech",1171481,472479,1643960
2021-03-30,"Johnson&Johnson, Moderna, Oxford/AstraZeneca, Pfizer/BioNTech",1196189,494667,1690856
2021-03-31,"Johnson&Johnson, Moderna, Oxford/AstraZeneca, Pfizer/BioNTech",1219348,521734,1741082
2021-04-01,"Indie/AstraZeneca, Johnson&Johnson, Moderna, Oxford/AstraZeneca, Pfizer/BioNTech",1245042,553792,1798834
2021-04-02,"Indie/AstraZeneca, Johnson&Johnson, Moderna, Oxford/AstraZeneca, Pfizer/BioNTech",1252025,566590,1818615
2021-04-03,"Johnson&Johnson, Moderna, Oxford/AstraZeneca, Pfizer/BioNTech",1255682,577524,1833206
2021-04-04,"Johnson&Johnson, Moderna, Oxford/AstraZeneca, Pfizer/BioNTech",1258229,586451,1844680
2021-04-05,"Johnson&Johnson, Moderna, Oxford/AstraZeneca, Pfizer/BioNTech",1260661,593656,1854317
2021-04-06,"Indie/AstraZeneca, Johnson&Johnson, Moderna, Oxford/AstraZeneca, Pfizer/BioNTech, Čína",1276880,622933,1899813
2021-04-07,"Johnson&Johnson, Moderna, Oxford/AstraZeneca, Pfizer/BioNTech",1300382,645173,1945555
2021-04-08,"Johnson&Johnson, Moderna, Oxford/AstraZeneca, Pfizer/BioNTech",1339202,676220,2015422
2021-04-09,"Indie/AstraZeneca, Johnson&Johnson, Moderna, Oxford/AstraZeneca, Pfizer/BioNTech, Čína",1378807,706420,2085227
2021-04-10,"Johnson&Johnson, Moderna, Oxford/AstraZeneca, Pfizer/BioNTech",1394377,721736,2116113
2021-04-11,"Johnson&Johnson, Moderna, Oxford/AstraZeneca, Pfizer/BioNTech",1404173,731794,2135967
2021-04-12,"Johnson&Johnson, Moderna, Oxford/AstraZeneca, Pfizer/BioNTech",1442492,756940,2199432
2021-04-13,"Indie/AstraZeneca, Moderna, Oxford/AstraZeneca, Pfizer/BioNTech",1478802,782983,2261785
2021-04-14,"Moderna, Oxford/AstraZeneca, Pfizer/BioNTech",1517690,810362,2328052
2021-04-15,"Moderna, Oxford/AstraZeneca, Pfizer/BioNTech",1565526,836143,2401669
2021-04-16,"Moderna, Oxford/AstraZeneca, Pfizer/BioNTech",1610243,861822,2472065
2021-04-17,"Indie/AstraZeneca, Moderna, Oxford/AstraZeneca, Pfizer/BioNTech",1626970,870848,2497818
2021-04-18,"Moderna, Oxford/AstraZeneca, Pfizer/BioNTech, Čína",1639972,875834,2515806
2021-04-19,"Johnson&Johnson, Moderna, Oxford/AstraZeneca, Pfizer/BioNTech",1683944,891274,2575218
2021-04-20,"Johnson&Johnson, Moderna, Oxford/AstraZeneca, Pfizer/BioNTech",1726533,907164,2633697
2021-04-21,"Moderna, Oxford/AstraZeneca, Pfizer/BioNTech",1774297,921535,2695832
2021-04-22,"Johnson&Johnson, Moderna, Oxford/AstraZeneca, Pfizer/BioNTech",1828827,938937,2767764
2021-04-23,"Johnson&Johnson, Moderna, Oxford/AstraZeneca, Pfizer/BioNTech",1878840,951002,2829842
2021-04-24,"Johnson&Johnson, Moderna, Oxford/AstraZeneca, Pfizer/BioNTech, Čína",1896719,956272,2852991
2021-04-25,"Johnson&Johnson, Moderna, Oxford/AstraZeneca, Pfizer/BioNTech",1911432,960276,2871708
2021-04-26,"Johnson&Johnson, Moderna, Oxford/AstraZeneca, Pfizer/BioNTech",1961049,967843,2928892
2021-04-27,"Johnson&Johnson, Moderna, Oxford/AstraZeneca, Pfizer/BioNTech",2010040,980095,2990135
2021-04-28,"Johnson&Johnson, Moderna, Oxford/AstraZeneca, Pfizer/BioNTech, Čína",2068823,994118,3062941
2021-04-29,"Indie/AstraZeneca, Johnson&Johnson, Moderna, Oxford/AstraZeneca, Pfizer/BioNTech",2134444,1010040,3144484
2021-04-30,"Indie/AstraZeneca, Johnson&Johnson, Moderna, Oxford/AstraZeneca, Pfizer/BioNTech",2196733,1020037,3216770
2021-05-01,"Johnson&Johnson, Moderna, Oxford/AstraZeneca, Pfizer/BioNTech",2216127,1023505,3239632
2021-05-02,"Johnson&Johnson, Moderna, Oxford/AstraZeneca, Pfizer/BioNTech",2235081,1025798,3260879
2021-05-03,"Johnson&Johnson, Moderna, Oxford/AstraZeneca, Pfizer/BioNTech",2302356,1030883,3333239
2021-05-04,"Johnson&Johnson, Moderna, Oxford/AstraZeneca, Pfizer/BioNTech",2368916,1039256,3408172
2021-05-05,"Johnson&Johnson, Moderna, Oxford/AstraZeneca, Pfizer/BioNTech",2442126,1048705,3490831
2021-05-06,"Johnson&Johnson, Moderna, Oxford/AstraZeneca, Pfizer/BioNTech",2522570,1059457,3582027
2021-05-07,"Indie/AstraZeneca, Johnson&Johnson, Moderna, Oxford/AstraZeneca, Pfizer/BioNTech",2599912,1069601,3669513
2021-05-08,"Johnson&Johnson, Moderna, Oxford/AstraZeneca, Pfizer/BioNTech",2629457,1071395,3700852
2021-05-09,"Johnson&Johnson, Moderna, Oxford/AstraZeneca, Pfizer/BioNTech",2653699,1072619,3726318
2021-05-10,"Johnson&Johnson, Moderna, Oxford/AstraZeneca, Pfizer/BioNTech",2726497,1079865,3806362
2021-05-11,"Johnson&Johnson, Moderna, Oxford/AstraZeneca, Pfizer/BioNTech",2802654,1088700,3891354
2021-05-12,"Johnson&Johnson, Moderna, Oxford/AstraZeneca, Pfizer/BioNTech",2882600,1097846,3980446
2021-05-13,"Johnson&Johnson, Moderna, Oxford/AstraZeneca, Pfizer/BioNTech",2966657,1107035,4073692
2021-05-14,"Johnson&Johnson, Moderna, Oxford/AstraZeneca, Pfizer/BioNTech",3046218,1114863,4161081
2021-05-15,"Johnson&Johnson, Moderna, Oxford/AstraZeneca, Pfizer/BioNTech",3078186,1117150,4195336
2021-05-16,"Johnson&Johnson, Moderna, Oxford/AstraZeneca, Pfizer/BioNTech",3104005,1118438,4222443
2021-05-17,"Indie/AstraZeneca, Johnson&Johnson, Moderna, Oxford/AstraZeneca, Pfizer/BioNTech",3176547,1125196,4301743
2021-05-18,"Indie/AstraZeneca, Johnson&Johnson, Moderna, Oxford/AstraZeneca, Pfizer/BioNTech",3248542,1138323,4386865
2021-05-19,"Johnson&Johnson, Moderna, Oxford/AstraZeneca, Pfizer/BioNTech",3326044,1153497,4479541
2021-05-20,"Johnson&Johnson, Moderna, Oxford/AstraZeneca, Pfizer/BioNTech",3401549,1180569,4582118
2021-05-21,"Johnson&Johnson, Moderna, Oxford/AstraZeneca, Pfizer/BioNTech",3470416,1208381,4678797
2021-05-22,"Johnson&Johnson, Moderna, Oxford/AstraZeneca, Pfizer/BioNTech",3502889,1219627,4722516
2021-05-23,"Johnson&Johnson, Moderna, Oxford/AstraZeneca, Pfizer/BioNTech, Čína",3525342,1228670,4754012
2021-05-24,"Johnson&Johnson, Moderna, Oxford/AstraZeneca, Pfizer/BioNTech",3572563,1262348,4834911
2021-05-25,"Indie/AstraZeneca, Johnson&Johnson, Moderna, Oxford/AstraZeneca, Pfizer/BioNTech",3624489,1298195,4922684
2021-05-26,"Johnson&Johnson, Moderna, Oxford/AstraZeneca, Pfizer/BioNTech, Čína",3692267,1335755,5028022
2021-05-27,"Indie/AstraZeneca, Johnson&Johnson, Moderna, Oxford/AstraZeneca, Pfizer/BioNTech",3753713,1383124,5136837
2021-05-28,"Johnson&Johnson, Moderna, Oxford/AstraZeneca, Pfizer/BioNTech",3815467,1429736,5245203
2021-05-29,"Indie/AstraZeneca, Johnson&Johnson, Moderna, Oxford/AstraZeneca, Pfizer/BioNTech",3844747,1446888,5291635
2021-05-30,"Johnson&Johnson, Moderna, Oxford/AstraZeneca, Pfizer/BioNTech, Čína",3867170,1461361,5328531
2021-05-31,"Indie/AstraZeneca, Johnson&Johnson, Moderna, Oxford/AstraZeneca, Pfizer/BioNTech",3922919,1508893,5431812
2021-06-01,"Johnson&Johnson, Moderna, Oxford/AstraZeneca, Pfizer/BioNTech",3982047,1557787,5539834
2021-06-02,"Indie/AstraZeneca, Johnson&Johnson, Moderna, Oxford/AstraZeneca, Pfizer/BioNTech, Čína",4045030,1611819,5656849
2021-06-03,"Johnson&Johnson, Moderna, Oxford/AstraZeneca, Pfizer/BioNTech",4103300,1672066,5775366
2021-06-04,"Johnson&Johnson, Moderna, Oxford/AstraZeneca, Pfizer/BioNTech",4166451,1729498,5895949
2021-06-05,"Indie/AstraZeneca, Johnson&Johnson, Moderna, Oxford/AstraZeneca, Pfizer/BioNTech",4200652,1748435,5949087
2021-06-06,"Johnson&Johnson, Moderna, Oxford/AstraZeneca, Pfizer/BioNTech",4227617,1763616,5991233
2021-06-07,"Johnson&Johnson, Moderna, Oxford/AstraZeneca, Pfizer/BioNTech, Čína",4291318,1819277,6110595
2021-06-08,"Indie/AstraZeneca, Johnson&Johnson, Moderna, Oxford/AstraZeneca, Pfizer/BioNTech",4355339,1874303,6229642
2021-06-09,"Indie/AstraZeneca, Johnson&Johnson, Moderna, Oxford/AstraZeneca, Pfizer/BioNTech",4414567,1938996,6353563
2021-06-10,"Indie/AstraZeneca, Johnson&Johnson, Moderna, Oxford/AstraZeneca, Pfizer/BioNTech, Čína",4468438,2010319,6478757
2021-06-11,"Indie/Bahrat Biotech, Johnson&Johnson, Moderna, Oxford/AstraZeneca, Pfizer/BioNTech, Čína",4520570,2080185,6600755
2021-06-12,"Indie/AstraZeneca, Johnson&Johnson, Moderna, Oxford/AstraZeneca, Pfizer/BioNTech, Čína",4552609,2101047,6653656
2021-06-13,"Johnson&Johnson, Moderna, Oxford/AstraZeneca, Pfizer/BioNTech",4576656,2119497,6696153
2021-06-14,"Johnson&Johnson, Moderna, Oxford/AstraZeneca, Pfizer/BioNTech, Čína",4619762,2193914,6813676
2021-06-15,"Johnson&Johnson, Moderna, Oxford/AstraZeneca, Pfizer/BioNTech, Čína",4664458,2266331,6930789
2021-06-16,"Johnson&Johnson, Moderna, Oxford/AstraZeneca, Pfizer/BioNTech",4707295,2344586,7051881
2021-06-17,"Johnson&Johnson, Moderna, Oxford/AstraZeneca, Pfizer/BioNTech",4746741,2427711,7174452
2021-06-18,"Johnson&Johnson, Moderna, Oxford/AstraZeneca, Pfizer/BioNTech",4789199,2508328,7297527
2021-06-19,"Johnson&Johnson, Moderna, Oxford/AstraZeneca, Pfizer/BioNTech, Čína",4811008,2537684,7348692
2021-06-20,"Johnson&Johnson, Moderna, Oxford/AstraZeneca, Pfizer/BioNTech, Čína",4828424,2561568,7389992
2021-06-21,"Johnson&Johnson, Moderna, Oxford/AstraZeneca, Pfizer/BioNTech, Čína",4860947,2640205,7501152
2021-06-22,"Johnson&Johnson, Moderna, Oxford/AstraZeneca, Pfizer/BioNTech",4893938,2722558,7616496
2021-06-23,"Johnson&Johnson, Moderna, Oxford/AstraZeneca, Pfizer/BioNTech",4925676,2807835,7733511
2021-06-24,"Indie/AstraZeneca, Johnson&Johnson, Moderna, Oxford/AstraZeneca, Pfizer/BioNTech, Čína",4955563,2897929,7853492
2021-06-25,"Johnson&Johnson, Moderna, Oxford/AstraZeneca, Pfizer/BioNTech",4986665,2984199,7970864
2021-06-26,"Johnson&Johnson, Moderna, Oxford/AstraZeneca, Pfizer/BioNTech",5002578,3019100,8021678
2021-06-27,"Johnson&Johnson, Moderna, Oxford/AstraZeneca, Pfizer/BioNTech, Čína",5016542,3045829,8062371
2021-06-28,"Johnson&Johnson, Moderna, Oxford/AstraZeneca, Pfizer/BioNTech",5044976,3131074,8176050
2021-06-29,"Johnson&Johnson, Moderna, Oxford/AstraZeneca, Pfizer/BioNTech, Čína",5074277,3217650,8291927
2021-06-30,"Johnson&Johnson, Moderna, Oxford/AstraZeneca, Pfizer/BioNTech",5101796,3308727,8410523
2021-07-01,"Johnson&Johnson, Moderna, Oxford/AstraZeneca, Pfizer/BioNTech",5125823,3398855,8524678
2021-07-02,"Johnson&Johnson, Moderna, Oxford/AstraZeneca, Pfizer/BioNTech",5152586,3484819,8637405
2021-07-03,"Indie/AstraZeneca, Johnson&Johnson, Moderna, Oxford/AstraZeneca, Pfizer/BioNTech, Čína",5159704,3516403,8676107
2021-07-04,"Johnson&Johnson, Moderna, Oxford/AstraZeneca, Pfizer/BioNTech",5167304,3538235,8705539
2021-07-05,"Johnson&Johnson, Moderna, Oxford/AstraZeneca, Pfizer/BioNTech",5174737,3563660,8738397
2021-07-06,"Johnson&Johnson, Moderna, Oxford/AstraZeneca, Pfizer/BioNTech, Čína",5180236,3591417,8771653
2021-07-07,"Johnson&Johnson, Moderna, Oxford/AstraZeneca, Pfizer/BioNTech",5206089,3670440,8876529
2021-07-08,"Johnson&Johnson, Moderna, Oxford/AstraZeneca, Pfizer/BioNTech",5232725,3740820,8973545
2021-07-09,"Indie/AstraZeneca, Indie/Bahrat Biotech, Johnson&Johnson, Moderna, Oxford/AstraZeneca, Pfizer/BioNTech, Čína",5260699,3810181,9070880
2021-07-10,"Indie/AstraZeneca, Johnson&Johnson, Moderna, Oxford/AstraZeneca, Pfizer/BioNTech, Čína",5270092,3838865,9108957
2021-07-11,"Johnson&Johnson, Moderna, Oxford/AstraZeneca, Pfizer/BioNTech",5278656,3861762,9140418
2021-07-12,"Johnson&Johnson, Moderna, Oxford/AstraZeneca, Pfizer/BioNTech, Čína",5306226,3930866,9237092
2021-07-13,"Johnson&Johnson, Moderna, Oxford/AstraZeneca, Pfizer/BioNTech",5332456,4000784,9333240
2021-07-14,"Johnson&Johnson, Moderna, Oxford/AstraZeneca, Pfizer/BioNTech",5358313,4072805,9431118
2021-07-15,"Indie/AstraZeneca, Johnson&Johnson, Moderna, Oxford/AstraZeneca, Pfizer/BioNTech, Čína",5387516,4138851,9526367
2021-07-16,"Johnson&Johnson, Moderna, Oxford/AstraZeneca, Pfizer/BioNTech",5415476,4211618,9627094
2021-07-17,"Johnson&Johnson, Moderna, Oxford/AstraZeneca, Pfizer/BioNTech, Čína",5424292,4243110,9667402
2021-07-18,"Johnson&Johnson, Moderna, Oxford/AstraZeneca, Pfizer/BioNTech, Čína",5432742,4269135,9701877
2021-07-19,"Johnson&Johnson, Moderna, Oxford/AstraZeneca, Pfizer/BioNTech",5456126,4336176,9792302
2021-07-20,"Johnson&Johnson, Moderna, Oxford/AstraZeneca, Pfizer/BioNTech, Čína",5477566,4403268,9880834
2021-07-21,"Indie/AstraZeneca, Johnson&Johnson, Moderna, Oxford/AstraZeneca, Pfizer/BioNTech",5501046,4466763,9967809
2021-07-22,"Johnson&Johnson, Moderna, Oxford/AstraZeneca, Pfizer/BioNTech",5523433,4525433,10048866
2021-07-23,"Johnson&Johnson, Moderna, Oxford/AstraZeneca, Pfizer/BioNTech",5546695,4580228,10126923
2021-07-24,"Indie/AstraZeneca, Johnson&Johnson, Moderna, Oxford/AstraZeneca, Pfizer/BioNTech, Čína",5554068,4607923,10161991
2021-07-25,"Johnson&Johnson, Moderna, Oxford/AstraZeneca, Pfizer/BioNTech",5560726,4630070,10190796
2021-07-26,"Indie/AstraZeneca, Johnson&Johnson, Moderna, Oxford/AstraZeneca, Pfizer/BioNTech",5584297,4678784,10263081
2021-07-27,"Johnson&Johnson, Moderna, Oxford/AstraZeneca, Pfizer/BioNTech, Čína",5607071,4725470,10332541
2021-07-28,"Johnson&Johnson, Moderna, Oxford/AstraZeneca, Pfizer/BioNTech",5628372,4771531,10399903
2021-07-29,"Johnson&Johnson, Moderna, Oxford/AstraZeneca, Pfizer/BioNTech",5649729,4813542,10463271
2021-07-30,"Indie/AstraZeneca, Johnson&Johnson, Moderna, Oxford/AstraZeneca, Pfizer/BioNTech",5673035,4856159,10529194
2021-07-31,"Indie/AstraZeneca, Johnson&Johnson, Moderna, Oxford/AstraZeneca, Pfizer/BioNTech, Čína",5682007,4875727,10557734
2021-08-01,"Johnson&Johnson, Moderna, Oxford/AstraZeneca, Pfizer/BioNTech, Čína",5688753,4891913,10580666
2021-08-02,"Johnson&Johnson, Moderna, Oxford/AstraZeneca, Pfizer/BioNTech",5707416,4929509,10636925
2021-08-03,"Johnson&Johnson, Moderna, Oxford/AstraZeneca, Pfizer/BioNTech",5725094,4967667,10692761
2021-08-04,"Johnson&Johnson, Moderna, Oxford/AstraZeneca, Pfizer/BioNTech",5741241,5004478,10745719
2021-08-05,"Johnson&Johnson, Moderna, Oxford/AstraZeneca, Pfizer/BioNTech",5757312,5045010,10802322
2021-08-06,"Johnson&Johnson, Moderna, Oxford/AstraZeneca, Pfizer/BioNTech",5774151,5088367,10862518
2021-08-07,"Johnson&Johnson, Moderna, Oxford/AstraZeneca, Pfizer/BioNTech, Čína",5779775,5106567,10886342
2021-08-08,"Johnson&Johnson, Moderna, Oxford/AstraZeneca, Pfizer/BioNTech",5784155,5122347,10906502
2021-08-09,"Indie/AstraZeneca, Johnson&Johnson, Moderna, Oxford/AstraZeneca, Pfizer/BioNTech",5796805,5167447,10964252
2021-08-10,"Johnson&Johnson, Moderna, Oxford/AstraZeneca, Pfizer/BioNTech, Čína",5808671,5207063,11015734
2021-08-11,"Indie/AstraZeneca, Johnson&Johnson, Moderna, Oxford/AstraZeneca, Pfizer/BioNTech, Čína",5820054,5250235,11070289
2021-08-12,"Johnson&Johnson, Moderna, Oxford/AstraZeneca, Pfizer/BioNTech",5831484,5287408,11118892
2021-08-13,"Johnson&Johnson, Moderna, Oxford/AstraZeneca, Pfizer/BioNTech",5842233,5327790,11170023
2021-08-14,"Johnson&Johnson, Moderna, Oxford/AstraZeneca, Pfizer/BioNTech",5845585,5338521,11184106
2021-08-15,"Johnson&Johnson, Moderna, Oxford/AstraZeneca, Pfizer/BioNTech",5848183,5348919,11197102
2021-08-16,"Indie/AstraZeneca, Johnson&Johnson, Moderna, Oxford/AstraZeneca, Pfizer/BioNTech, Čína",5857990,5383029,11241019
2021-08-17,"Johnson&Johnson, Moderna, Oxford/AstraZeneca, Pfizer/BioNTech",5867594,5410167,11277761
2021-08-18,"Johnson&Johnson, Moderna, Oxford/AstraZeneca, Pfizer/BioNTech",5876978,5449109,11326087
2021-08-19,"Johnson&Johnson, Moderna, Oxford/AstraZeneca, Pfizer/BioNTech",5886665,5487488,11374153
2021-08-20,"Johnson&Johnson, Moderna, Oxford/AstraZeneca, Pfizer/BioNTech",5898072,5527721,11425793
2021-08-21,"Indie/AstraZeneca, Johnson&Johnson, Moderna, Oxford/AstraZeneca, Pfizer/BioNTech",5900805,5540516,11441321
2021-08-22,"Johnson&Johnson, Moderna, Oxford/AstraZeneca, Pfizer/BioNTech",5903153,5552500,11455653
2021-08-23,"Indie/AstraZeneca, Johnson&Johnson, Moderna, Oxford/AstraZeneca, Pfizer/BioNTech",5913700,5591809,11505509
2021-08-24,"Johnson&Johnson, Moderna, Oxford/AstraZeneca, Pfizer/BioNTech",5923587,5625079,11548666
2021-08-25,"Indie/AstraZeneca, Johnson&Johnson, Moderna, Oxford/AstraZeneca, Pfizer/BioNTech",5932470,5653485,11585955
2021-08-26,"Johnson&Johnson, Moderna, Oxford/AstraZeneca, Pfizer/BioNTech",5940932,5679651,11620583
2021-08-27,"Indie/AstraZeneca, Johnson&Johnson, Moderna, Oxford/AstraZeneca, Pfizer/BioNTech",5951267,5705677,11656944
2021-08-28,"Johnson&Johnson, Moderna, Oxford/AstraZeneca, Pfizer/BioNTech",5954016,5712767,11666783
2021-08-29,"Johnson&Johnson, Moderna, Oxford/AstraZeneca, Pfizer/BioNTech, Čína",5956435,5719401,11675836
2021-08-30,"Johnson&Johnson, Moderna, Oxford/AstraZeneca, Pfizer/BioNTech",5964966,5741307,11706273
2021-08-31,"Indie/AstraZeneca, Johnson&Johnson, Moderna, Oxford/AstraZeneca, Pfizer/BioNTech, Čína",5972663,5759448,11732111
2021-09-01,"Johnson&Johnson, Moderna, Oxford/AstraZeneca, Pfizer/BioNTech",5978588,5773484,11752072
2021-09-02,"Johnson&Johnson, Moderna, Oxford/AstraZeneca, Pfizer/BioNTech",5985438,5787892,11773330
2021-09-03,"Johnson&Johnson, Moderna, Oxford/AstraZeneca, Pfizer/BioNTech",5995008,5803649,11798657
2021-09-04,"Indie/AstraZeneca, Johnson&Johnson, Moderna, Oxford/AstraZeneca, Pfizer/BioNTech",5997094,5807228,11804322
2021-09-05,"Johnson&Johnson, Moderna, Oxford/AstraZeneca, Pfizer/BioNTech",5999145,5810083,11809228
2021-09-06,"Indie/AstraZeneca, Johnson&Johnson, Moderna, Oxford/AstraZeneca, Pfizer/BioNTech",6005394,5822644,11828038
2021-09-07,"Johnson&Johnson, Moderna, Oxford/AstraZeneca, Pfizer/BioNTech, Čína",6009792,5833752,11843544
2021-09-08,"Johnson&Johnson, Moderna, Oxford/AstraZeneca, Pfizer/BioNTech, Čína",6015478,5843632,11859110
2021-09-09,"Indie/AstraZeneca, Johnson&Johnson, Moderna, Oxford/AstraZeneca, Pfizer/BioNTech",6022180,5853714,11875894
2021-09-10,"Johnson&Johnson, Moderna, Oxford/AstraZeneca, Pfizer/BioNTech, Čína",6029896,5865920,11895816
2021-09-11,"Indie/AstraZeneca, Johnson&Johnson, Moderna, Oxford/AstraZeneca, Pfizer/BioNTech, Čína",6031776,5868427,11900203
2021-09-12,"Johnson&Johnson, Moderna, Oxford/AstraZeneca, Pfizer/BioNTech",6032898,5870069,11902967
2021-09-13,"Johnson&Johnson, Moderna, Oxford/AstraZeneca, Pfizer/BioNTech",6038349,5880395,11918744
2021-09-14,"Johnson&Johnson, Moderna, Oxford/AstraZeneca, Pfizer/BioNTech",6043756,5889420,11933176
2021-09-15,"Johnson&Johnson, Moderna, Oxford/AstraZeneca, Pfizer/BioNTech",6048977,5897960,11946937
2021-09-16,"Johnson&Johnson, Moderna, Oxford/AstraZeneca, Pfizer/BioNTech",6054352,5906243,11960595
2021-09-17,"Johnson&Johnson, Moderna, Oxford/AstraZeneca, Pfizer/BioNTech",6060932,5916493,11977425
2021-09-18,"Johnson&Johnson, Moderna, Oxford/AstraZeneca, Pfizer/BioNTech, Čína",6062668,5918864,11981532
2021-09-19,"Johnson&Johnson, Moderna, Oxford/AstraZeneca, Pfizer/BioNTech",6063622,5920438,11984060
2021-09-20,"Johnson&Johnson, Moderna, Oxford/AstraZeneca, Pfizer/BioNTech",6067655,5928647,11996302
2021-09-21,"Johnson&Johnson, Moderna, Oxford/AstraZeneca, Pfizer/BioNTech",6071903,5936193,12008096
2021-09-22,"Johnson&Johnson, Moderna, Oxford/AstraZeneca, Pfizer/BioNTech, Čína",6076104,5941734,12017838
2021-09-23,"Johnson&Johnson, Moderna, Oxford/AstraZeneca, Pfizer/BioNTech",6081069,5948160,12029229
2021-09-24,"Johnson&Johnson, Moderna, Oxford/AstraZeneca, Pfizer/BioNTech",6086835,5957789,12044624
2021-09-25,"Johnson&Johnson, Moderna, Oxford/AstraZeneca, Pfizer/BioNTech",6088338,5959792,12048130
2021-09-26,"Johnson&Johnson, Moderna, Oxford/AstraZeneca, Pfizer/BioNTech",6089088,5961437,12050525
2021-09-27,"Indie/AstraZeneca, Johnson&Johnson, Moderna, Oxford/AstraZeneca, Pfizer/BioNTech, Čína",6092980,5967966,12060946
2021-09-28,"Johnson&Johnson, Moderna, Oxford/AstraZeneca, Pfizer/BioNTech, Čína",6093359,5968611,12061970
2021-09-29,"Indie/AstraZeneca, Johnson&Johnson, Moderna, Oxford/AstraZeneca, Pfizer/BioNTech, Čína",6097139,5976082,12073221
2021-09-30,"Johnson&Johnson, Moderna, Oxford/AstraZeneca, Pfizer/BioNTech",6101664,5983803,12085467
2021-10-01,"Indie/AstraZeneca, Johnson&Johnson, Moderna, Oxford/AstraZeneca, Pfizer/BioNTech, Čína",6105984,5991801,12097785
2021-10-02,"Johnson&Johnson, Moderna, Oxford/AstraZeneca, Pfizer/BioNTech, Čína",6107053,5993357,12100410
2021-10-03,"Johnson&Johnson, Moderna, Oxford/AstraZeneca, Pfizer/BioNTech",6107780,5994232,12102012
2021-10-04,"Johnson&Johnson, Moderna, Oxford/AstraZeneca, Pfizer/BioNTech",6110865,5999818,12110683
2021-10-05,"Johnson&Johnson, Moderna, Oxford/AstraZeneca, Pfizer/BioNTech, Čína",6114031,6004912,12118943
2021-10-06,"Johnson&Johnson, Moderna, Oxford/AstraZeneca, Pfizer/BioNTech",6117556,6010096,12127652
2021-10-07,"Johnson&Johnson, Moderna, Oxford/AstraZeneca, Pfizer/BioNTech",6120845,6015361,12136206
2021-10-08,"Johnson&Johnson, Moderna, Oxford/AstraZeneca, Pfizer/BioNTech",6125649,6022018,12147667
2021-10-09,"Indie/AstraZeneca, Johnson&Johnson, Moderna, Oxford/AstraZeneca, Pfizer/BioNTech",6126895,6023691,12150586
2021-10-10,"Johnson&Johnson, Moderna, Oxford/AstraZeneca, Pfizer/BioNTech",6127845,6024532,12152377
2021-10-11,"Johnson&Johnson, Moderna, Oxford/AstraZeneca, Pfizer/BioNTech",6130777,6028962,12159739
2021-10-12,"Johnson&Johnson, Moderna, Oxford/AstraZeneca, Pfizer/BioNTech",6133724,6032970,12166694
2021-10-13,"Johnson&Johnson, Moderna, Oxford/AstraZeneca, Pfizer/BioNTech",6137263,6037174,12174437
2021-10-14,"Johnson&Johnson, Moderna, Oxford/AstraZeneca, Pfizer/BioNTech",6140937,6042129,12183066
2021-10-15,"Johnson&Johnson, Moderna, Oxford/AstraZeneca, Pfizer/BioNTech",6146177,6048286,12194463
2021-10-16,"Johnson&Johnson, Moderna, Oxford/AstraZeneca, Pfizer/BioNTech",6147597,6049820,12197417
2021-10-17,"Johnson&Johnson, Moderna, Pfizer/BioNTech, Čína",6148924,6050881,12199805
2021-10-18,"Johnson&Johnson, Moderna, Oxford/AstraZeneca, Pfizer/BioNTech",6153041,6054991,12208032
2021-10-19,"Johnson&Johnson, Moderna, Oxford/AstraZeneca, Pfizer/BioNTech",6156628,6057095,12213723
2021-10-20,"Johnson&Johnson, Moderna, Oxford/AstraZeneca, Pfizer/BioNTech",6161523,6061560,12223083
2021-10-21,"Johnson&Johnson, Moderna, Oxford/AstraZeneca, Pfizer/BioNTech",6169294,6067173,12236467
2021-10-22,"Indie/AstraZeneca, Johnson&Johnson, Moderna, Oxford/AstraZeneca, Pfizer/BioNTech",6179763,6073680,12253443
2021-10-23,"Johnson&Johnson, Moderna, Oxford/AstraZeneca, Pfizer/BioNTech",6183448,6075894,12259342
2021-10-24,"Johnson&Johnson, Moderna, Oxford/AstraZeneca, Pfizer/BioNTech",6186138,6077679,12263817
2021-10-25,"Johnson&Johnson, Moderna, Oxford/AstraZeneca, Pfizer/BioNTech, Čína",6196655,6083505,12280160
2021-10-26,"Johnson&Johnson, Moderna, Oxford/AstraZeneca, Pfizer/BioNTech, Čína",6208655,6090059,12298714
2021-10-27,"Johnson&Johnson, Moderna, Oxford/AstraZeneca, Pfizer/BioNTech, Čína",6223262,6097477,12320739
2021-10-28,"Johnson&Johnson, Moderna, Oxford/AstraZeneca, Pfizer/BioNTech",6226697,6099174,12325871
2021-10-29,"Johnson&Johnson, Moderna, Oxford/AstraZeneca, Pfizer/BioNTech",6241144,6107170,12348314
2021-10-30,"Johnson&Johnson, Moderna, Oxford/AstraZeneca, Pfizer/BioNTech",6245674,6110097,12355771
2021-10-31,"Johnson&Johnson, Moderna, Oxford/AstraZeneca, Pfizer/BioNTech",6249439,6112578,12362017
2021-11-01,"Johnson&Johnson, Moderna, Oxford/AstraZeneca, Pfizer/BioNTech",6264639,6120260,12384899
2021-11-02,"Johnson&Johnson, Moderna, Oxford/AstraZeneca, Pfizer/BioNTech, Čína",6280094,6127821,12407915
2021-11-03,"Johnson&Johnson, Moderna, Oxford/AstraZeneca, Pfizer/BioNTech, Čína",6297286,6135117,12432403
2021-11-04,"Johnson&Johnson, Moderna, Oxford/AstraZeneca, Pfizer/BioNTech",6315630,6143294,12458924
2021-11-05,"Johnson&Johnson, Moderna, Oxford/AstraZeneca, Pfizer/BioNTech",6338438,6154588,12493026
2021-11-06,"Johnson&Johnson, Moderna, Oxford/AstraZeneca, Pfizer/BioNTech",6344956,6157651,12502607
2021-11-07,"Johnson&Johnson, Moderna, Oxford/AstraZeneca, Pfizer/BioNTech",6348987,6160093,12509080
2021-11-08,"Johnson&Johnson, Moderna, Oxford/AstraZeneca, Pfizer/BioNTech",6365257,6167725,12532982
2021-11-09,"Johnson&Johnson, Moderna, Oxford/AstraZeneca, Pfizer/BioNTech",6380075,6175038,12555113
2021-11-10,"Johnson&Johnson, Moderna, Oxford/AstraZeneca, Pfizer/BioNTech",6395815,6182426,12578241
2021-11-11,"Johnson&Johnson, Moderna, Oxford/AstraZeneca, Pfizer/BioNTech, Čína",6411293,6191537,12602830
2021-11-12,"Johnson&Johnson, Moderna, Oxford/AstraZeneca, Pfizer/BioNTech",6431101,6204343,12635444
2021-11-13,"Johnson&Johnson, Moderna, Oxford/AstraZeneca, Pfizer/BioNTech",6436498,6208224,12644722
2021-11-14,"Johnson&Johnson, Moderna, Oxford/AstraZeneca, Pfizer/BioNTech",6440405,6211235,12651640
2021-11-15,"Johnson&Johnson, Moderna, Oxford/AstraZeneca, Pfizer/BioNTech",6455498,6221946,12677444
2021-11-16,"Johnson&Johnson, Moderna, Oxford/AstraZeneca, Pfizer/BioNTech",6473025,6233926,12706951
2021-11-17,"Johnson&Johnson, Moderna, Oxford/AstraZeneca, Pfizer/BioNTech",6477273,6237498,12714771
2021-11-18,"Johnson&Johnson, Moderna, Oxford/AstraZeneca, Pfizer/BioNTech",6496686,6249193,12745879
2021-11-19,"Johnson&Johnson, Moderna, Oxford/AstraZeneca, Pfizer/BioNTech",6521297,6266178,12787475
2021-11-20,"Johnson&Johnson, Moderna, Oxford/AstraZeneca, Pfizer/BioNTech",6529875,6271166,12801041
2021-11-21,"Johnson&Johnson, Moderna, Oxford/AstraZeneca, Pfizer/BioNTech",6536642,6274947,12811589
2021-11-22,"Johnson&Johnson, Moderna, Oxford/AstraZeneca, Pfizer/BioNTech, Čína",6555155,6289070,12844225
2021-11-23,"Johnson&Johnson, Moderna, Oxford/AstraZeneca, Pfizer/BioNTech",6574224,6302338,12876562
2021-11-24,"Johnson&Johnson, Moderna, Oxford/AstraZeneca, Pfizer/BioNTech",6593235,6318196,12911431
2021-11-25,"Johnson&Johnson, Moderna, Oxford/AstraZeneca, Pfizer/BioNTech",6612384,6333244,12945628
2021-11-26,"Johnson&Johnson, Moderna, Oxford/AstraZeneca, Pfizer/BioNTech",6634048,6352393,12986441
2021-11-27,"Johnson&Johnson, Moderna, Oxford/AstraZeneca, Pfizer/BioNTech",6641526,6357953,12999479
2021-11-28,"Johnson&Johnson, Moderna, Oxford/AstraZeneca, Pfizer/BioNTech",6644861,6361094,13005955
2021-11-29,"Johnson&Johnson, Moderna, Oxford/AstraZeneca, Pfizer/BioNTech",6660069,6374758,13034827
2021-11-30,"Johnson&Johnson, Moderna, Oxford/AstraZeneca, Pfizer/BioNTech",6673273,6385991,13059264
2021-12-01,"Johnson&Johnson, Moderna, Oxford/AstraZeneca, Pfizer/BioNTech",6687317,6398453,13085770
2021-12-02,"Johnson&Johnson, Moderna, Oxford/AstraZeneca, Pfizer/BioNTech, Čína",6697962,6410952,13108914
2021-12-03,"Johnson&Johnson, Moderna, Oxford/AstraZeneca, Pfizer/BioNTech",6707604,6426535,13134139
2021-12-04,"Johnson&Johnson, Moderna, Pfizer/BioNTech",6710164,6430495,13140659
2021-12-05,"Johnson&Johnson, Moderna, Oxford/AstraZeneca, Pfizer/BioNTech",6711525,6432840,13144365
2021-12-06,"Johnson&Johnson, Moderna, Oxford/AstraZeneca, Pfizer/BioNTech",6719677,6444371,13164048
2021-12-07,"Johnson&Johnson, Moderna, Oxford/AstraZeneca, Pfizer/BioNTech",6727568,6456386,13183954
2021-12-08,"Johnson&Johnson, Moderna, Oxford/AstraZeneca, Pfizer/BioNTech",6735814,6462318,13198132
2021-12-09,"Johnson&Johnson, Moderna, Oxford/AstraZeneca, Pfizer/BioNTech",6742935,6475147,13218082
2021-12-10,"Johnson&Johnson, Moderna, Oxford/AstraZeneca, Pfizer/BioNTech",6749866,6492961,13242827
2021-12-11,"Johnson&Johnson, Moderna, Oxford/AstraZeneca, Pfizer/BioNTech",6751522,6498229,13249751
2021-12-12,"Johnson&Johnson, Moderna, Oxford/AstraZeneca, Pfizer/BioNTech",6752834,6502673,13255507
2021-12-13,"Johnson&Johnson, Moderna, Oxford/AstraZeneca, Pfizer/BioNTech",6759191,6515991,13275182
2021-12-14,"Johnson&Johnson, Moderna, Oxford/AstraZeneca, Pfizer/BioNTech",6765401,6529665,13295066
2021-12-15,"Johnson&Johnson, Moderna, Oxford/AstraZeneca, Pfizer/BioNTech",6771607,6543264,13314871
2021-12-16,"Johnson&Johnson, Moderna, Oxford/AstraZeneca, Pfizer/BioNTech",6778552,6558102,13336654
2021-12-17,"Johnson&Johnson, Moderna, Oxford/AstraZeneca, Pfizer/BioNTech",6786918,6575377,13362295
2021-12-18,"Johnson&Johnson, Moderna, Oxford/AstraZeneca, Pfizer/BioNTech",6789529,6580838,13370367
2021-12-19,"Johnson&Johnson, Moderna, Pfizer/BioNTech",6791303,6583344,13374647
2021-12-20,"Johnson&Johnson, Moderna, Oxford/AstraZeneca, Pfizer/BioNTech",6797159,6597410,13394569
2021-12-21,"Johnson&Johnson, Moderna, Oxford/AstraZeneca, Pfizer/BioNTech",6803823,6609421,13413244
2021-12-22,"Johnson&Johnson, Moderna, Oxford/AstraZeneca, Pfizer/BioNTech",6808868,6622480,13431348
2021-12-23,"Johnson&Johnson, Moderna, Oxford/AstraZeneca, Pfizer/BioNTech",6811745,6628088,13439833
2021-12-24,"Johnson&Johnson, Moderna, Oxford/AstraZeneca, Pfizer/BioNTech",6811791,6628192,13439983
2021-12-25,"Moderna, Pfizer/BioNTech",6811793,6628201,13439994
2021-12-26,"Moderna, Pfizer/BioNTech",6811895,6628404,13440299
2021-12-27,"Johnson&Johnson, Moderna, Pfizer/BioNTech",6815760,6638151,13453911
2021-12-28,"Johnson&Johnson, Moderna, Oxford/AstraZeneca, Pfizer/BioNTech",6821002,6646153,13467155
2021-12-29,"Johnson&Johnson, Moderna, Oxford/AstraZeneca, Pfizer/BioNTech",6825284,6653875,13479159
2021-12-30,"Johnson&Johnson, Moderna, Pfizer/BioNTech",6829586,6659308,13488894
2021-12-31,"Johnson&Johnson, Moderna, Pfizer/BioNTech",6830097,6660733,13490830
2022-01-01,"Moderna, Pfizer/BioNTech",6830103,6660751,13490854
2022-01-02,"Johnson&Johnson, Moderna, Pfizer/BioNTech",6830959,6662130,13493089
2022-01-03,"Johnson&Johnson, Moderna, Oxford/AstraZeneca, Pfizer/BioNTech",6835096,6671040,13506136
2022-01-04,"Johnson&Johnson, Moderna, Oxford/AstraZeneca, Pfizer/BioNTech",6840179,6678799,13518978
2022-01-05,"Johnson&Johnson, Moderna, Oxford/AstraZeneca, Pfizer/BioNTech, Čína",6846002,6686776,13532778
2022-01-06,"Johnson&Johnson, Moderna, Oxford/AstraZeneca, Pfizer/BioNTech",6852593,6695177,13547770
2022-01-07,"Johnson&Johnson, Moderna, Oxford/AstraZeneca, Pfizer/BioNTech",6860473,6705535,13566008
2022-01-08,"Johnson&Johnson, Moderna, Oxford/AstraZeneca, Pfizer/BioNTech",6862951,6708313,13571264
2022-01-09,"Johnson&Johnson, Moderna, Pfizer/BioNTech",6864033,6710011,13574044
2022-01-10,"Johnson&Johnson, Moderna, Oxford/AstraZeneca, Pfizer/BioNTech",6868541,6716205,13584746
2022-01-11,"Johnson&Johnson, Moderna, Oxford/AstraZeneca, Pfizer/BioNTech",6873990,6722964,13596954
2022-01-12,"Johnson&Johnson, Moderna, Oxford/AstraZeneca, Pfizer/BioNTech",6879951,6728607,13608558
2022-01-13,"Johnson&Johnson, Moderna, Oxford/AstraZeneca, Pfizer/BioNTech",6885840,6733382,13619222
2022-01-14,"Johnson&Johnson, Moderna, Oxford/AstraZeneca, Pfizer/BioNTech",6892145,6737016,13629161
2022-01-15,"Johnson&Johnson, Moderna, Oxford/AstraZeneca, Pfizer/BioNTech",6893421,6737673,13631094
2022-01-16,"Johnson&Johnson, Moderna, Oxford/AstraZeneca, Pfizer/BioNTech",6894111,6738110,13632221
2022-01-17,"Johnson&Johnson, Moderna, Oxford/AstraZeneca, Pfizer/BioNTech",6897666,6742068,13639734
2022-01-18,"Johnson&Johnson, Moderna, Oxford/AstraZeneca, Pfizer/BioNTech",6901515,6747023,13648538
2022-01-19,"Johnson&Johnson, Moderna, Oxford/AstraZeneca, Pfizer/BioNTech",6905585,6750954,13656539
2022-01-20,"Johnson&Johnson, Moderna, Oxford/AstraZeneca, Pfizer/BioNTech",6909184,6755410,13664594
2022-01-21,"Johnson&Johnson, Moderna, Oxford/AstraZeneca, Pfizer/BioNTech",6913182,6757938,13671120
2022-01-22,"Johnson&Johnson, Moderna, Pfizer/BioNTech",6913962,6758379,13672341
2022-01-23,"Johnson&Johnson, Moderna, Pfizer/BioNTech",6914523,6759013,13673536
2022-01-24,"Johnson&Johnson, Moderna, Oxford/AstraZeneca, Pfizer/BioNTech",6916798,6762451,13679249
2022-01-25,"Johnson&Johnson, Moderna, Oxford/AstraZeneca, Pfizer/BioNTech",6919158,6766445,13685603
2022-01-26,"Johnson&Johnson, Moderna, Oxford/AstraZeneca, Pfizer/BioNTech",6921543,6771014,13692557
2022-01-27,"Johnson&Johnson, Moderna, Oxford/AstraZeneca, Pfizer/BioNTech",6923865,6775829,13699694
2022-01-28,"Johnson&Johnson, Moderna, Oxford/AstraZeneca, Pfizer/BioNTech",6926783,6781996,13708779
2022-01-29,"Johnson&Johnson, Moderna, Oxford/AstraZeneca, Pfizer/BioNTech",6927386,6783647,13711033
2022-01-30,"Johnson&Johnson, Moderna, Pfizer/BioNTech",6927614,6784429,13712043
2022-01-31,"Johnson&Johnson, Moderna, Pfizer/BioNTech",6929155,6788356,13717511
2022-02-01,"Johnson&Johnson, Moderna, Pfizer/BioNTech",6930751,6792389,13723140
2022-02-02,"Johnson&Johnson, Moderna, Oxford/AstraZeneca, Pfizer/BioNTech",6932316,6796903,13729219
2022-02-03,"Johnson&Johnson, Moderna, Pfizer/BioNTech",6933696,6801390,13735086
2022-02-04,"Johnson&Johnson, Moderna, Pfizer/BioNTech",6935296,6806507,13741803
2022-02-05,"Johnson&Johnson, Moderna, Pfizer/BioNTech",6935469,6807117,13742586
2022-02-06,"Johnson&Johnson, Moderna, Pfizer/BioNTech",6935565,6807436,13743001
2022-02-07,"Johnson&Johnson, Moderna, Pfizer/BioNTech",6936268,6810645,13746913
2022-02-08,"Johnson&Johnson, Moderna, Pfizer/BioNTech",6937062,6813834,13750896
2022-02-09,"Johnson&Johnson, Moderna, Pfizer/BioNTech",6937884,6817208,13755092
2022-02-10,"Johnson&Johnson, Moderna, Pfizer/BioNTech",6938694,6820341,13759035
2022-02-11,"Johnson&Johnson, Moderna, Pfizer/BioNTech",6939648,6824256,13763904
2022-02-12,"Johnson&Johnson, Moderna, Pfizer/BioNTech",6939758,6824675,13764433
2022-02-13,"Johnson&Johnson, Moderna, Pfizer/BioNTech",6939795,6825113,13764908
2022-02-14,"Johnson&Johnson, Moderna, Pfizer/BioNTech",6940254,6827226,13767480
2022-02-15,"Johnson&Johnson, Moderna, Pfizer/BioNTech",6940807,6829436,13770243
2022-02-16,"Johnson&Johnson, Moderna, Pfizer/BioNTech",6941398,6831537,13772935
2022-02-17,"Johnson&Johnson, Moderna, Pfizer/BioNTech",6941993,6833879,13775872
2022-02-18,"Johnson&Johnson, Moderna, Oxford/AstraZeneca, Pfizer/BioNTech",6942635,6836932,13779567
2022-02-19,"Johnson&Johnson, Moderna, Pfizer/BioNTech",6942715,6837213,13779928
2022-02-20,"Johnson&Johnson, Moderna, Oxford/AstraZeneca, Pfizer/BioNTech",6942753,6837362,13780115
2022-02-21,"Johnson&Johnson, Moderna, Oxford/AstraZeneca, Pfizer/BioNTech",6943117,6839062,13782179
2022-02-22,"Johnson&Johnson, Moderna, Oxford/AstraZeneca, Pfizer/BioNTech",6943510,6840760,13784270
2022-02-23,"Johnson&Johnson, Moderna, Pfizer/BioNTech",6943967,6842403,13786370
2022-02-24,"Johnson&Johnson, Moderna, Pfizer/BioNTech",6944375,6844034,13788409
2022-02-25,"Johnson&Johnson, Moderna, Pfizer/BioNTech",6944958,6846118,13791076
2022-02-26,"Johnson&Johnson, Moderna, Pfizer/BioNTech",6945017,6846279,13791296
2022-02-27,"Johnson&Johnson, Moderna, Pfizer/BioNTech",6945047,6846355,13791402
2022-02-28,"Johnson&Johnson, Moderna, Pfizer/BioNTech",6945293,6847332,13792625
2022-03-01,"Johnson&Johnson, Moderna, Pfizer/BioNTech",6945600,6848117,13793717
2022-03-02,"Johnson&Johnson, Moderna, Novavax, Pfizer/BioNTech",6945973,6849025,13794998
2022-03-03,"Johnson&Johnson, Moderna, Novavax, Pfizer/BioNTech",6946310,6849968,13796278
2022-03-04,"Johnson&Johnson, Moderna, Novavax, Pfizer/BioNTech",6946944,6851189,13798133
2022-03-05,"Johnson&Johnson, Moderna, Novavax, Pfizer/BioNTech",6947025,6851282,13798307
2022-03-06,"Moderna, Novavax, Pfizer/BioNTech",6947038,6851300,13798338
2022-03-07,"Johnson&Johnson, Moderna, Novavax, Pfizer/BioNTech",6947373,6851858,13799231
2022-03-08,"Johnson&Johnson, Moderna, Novavax, Pfizer/BioNTech",6947708,6852400,13800108
2022-03-09,"Johnson&Johnson, Moderna, Novavax, Pfizer/BioNTech",6948097,6852995,13801092
2022-03-10,"Johnson&Johnson, Moderna, Novavax, Pfizer/BioNTech",6948510,6853668,13802178
2022-03-11,"Johnson&Johnson, Moderna, Novavax, Pfizer/BioNTech",6949259,6854578,13803837
2022-03-12,"Johnson&Johnson, Moderna, Novavax, Pfizer/BioNTech",6949330,6854683,13804013
2022-03-13,"Johnson&Johnson, Moderna, Novavax, Pfizer/BioNTech",6949343,6854702,13804045
2022-03-14,"Johnson&Johnson, Moderna, Novavax, Pfizer/BioNTech",6949610,6855085,13804695
2022-03-15,"Johnson&Johnson, Moderna, Novavax, Pfizer/BioNTech",6949894,6855521,13805415
2022-03-16,"Johnson&Johnson, Moderna, Novavax, Pfizer/BioNTech",6950213,6856064,13806277
2022-03-17,"Johnson&Johnson, Moderna, Novavax, Oxford/AstraZeneca, Pfizer/BioNTech",6950509,6856496,13807005
2022-03-18,"Johnson&Johnson, Moderna, Novavax, Pfizer/BioNTech",6951206,6857292,13808498
2022-03-19,"Moderna, Novavax, Pfizer/BioNTech",6951262,6857337,13808599
2022-03-20,"Moderna, Novavax, Pfizer/BioNTech",6951280,6857349,13808629
2022-03-21,"Johnson&Johnson, Moderna, Novavax, Pfizer/BioNTech",6951468,6857676,13809144
2022-03-22,"Johnson&Johnson, Moderna, Novavax, Pfizer/BioNTech",6951710,6858075,13809785
2022-03-23,"Johnson&Johnson, Moderna, Novavax, Pfizer/BioNTech",6952047,6858514,13810561
2022-03-24,"Johnson&Johnson, Moderna, Novavax, Pfizer/BioNTech",6952358,6858987,13811345
2022-03-25,"Johnson&Johnson, Moderna, Novavax, Pfizer/BioNTech",6952854,6859797,13812651
2022-03-26,"Johnson&Johnson, Moderna, Novavax, Pfizer/BioNTech",6952906,6859876,13812782
2022-03-27,"Moderna, Novavax, Pfizer/BioNTech",6952922,6859893,13812815
2022-03-28,"Johnson&Johnson, Moderna, Novavax, Pfizer/BioNTech",6953076,6860271,13813347
2022-03-29,"Johnson&Johnson, Moderna, Novavax, Pfizer/BioNTech",6953338,6860677,13814015
2022-03-30,"Johnson&Johnson, Moderna, Novavax, Pfizer/BioNTech",6953643,6861170,13814813
2022-03-31,"Johnson&Johnson, Moderna, Novavax, Pfizer/BioNTech",6953940,6861663,13815603
2022-04-01,"Johnson&Johnson, Moderna, Novavax, Pfizer/BioNTech",6954550,6862423,13816973
2022-04-02,"Moderna, Novavax, Pfizer/BioNTech",6954607,6862507,13817114
2022-04-03,"Moderna, Novavax, Pfizer/BioNTech",6954620,6862536,13817156
2022-04-04,"Johnson&Johnson, Moderna, Novavax, Pfizer/BioNTech",6954797,6862818,13817615
2022-04-05,"Johnson&Johnson, Moderna, Novavax, Pfizer/BioNTech",6954988,6863054,13818042
2022-04-06,"Johnson&Johnson, Moderna, Novavax, Pfizer/BioNTech",6955205,6863400,13818605
2022-04-07,"Johnson&Johnson, Moderna, Novavax, Pfizer/BioNTech",6955429,6863818,13819247
2022-04-08,"Johnson&Johnson, Moderna, Novavax, Pfizer/BioNTech",6955883,6864542,13820425
2022-04-09,"Johnson&Johnson, Moderna, Novavax, Pfizer/BioNTech",6955943,6864614,13820557
2022-04-10,"Moderna, Novavax, Pfizer/BioNTech",6955956,6864623,13820579
2022-04-11,"Johnson&Johnson, Moderna, Novavax, Pfizer/BioNTech",6956118,6864854,13820972
2022-04-12,"Johnson&Johnson, Moderna, Novavax, Pfizer/BioNTech",6956365,6865153,13821518
2022-04-13,"Johnson&Johnson, Moderna, Novavax, Pfizer/BioNTech",6956606,6865508,13822114
2022-04-14,"Johnson&Johnson, Moderna, Novavax, Pfizer/BioNTech",6956868,6865895,13822763
2022-04-15,"Moderna, Novavax, Pfizer/BioNTech",6956884,6865926,13822810
2022-04-16,"Johnson&Johnson, Moderna, Novavax, Pfizer/BioNTech",6956904,6865960,13822864
2022-04-17,"Moderna, Novavax, Pfizer/BioNTech",6956905,6865961,13822866
2022-04-18,"Johnson&Johnson, Moderna, Novavax, Pfizer/BioNTech",6956920,6865979,13822899
2022-04-19,"Johnson&Johnson, Moderna, Novavax, Pfizer/BioNTech",6957059,6866317,13823376
2022-04-20,"Johnson&Johnson, Moderna, Novavax, Pfizer/BioNTech, Čína",6957282,6866707,13823989
2022-04-21,"Johnson&Johnson, Moderna, Novavax, Pfizer/BioNTech",6957499,6867131,13824630
2022-04-22,"Johnson&Johnson, Moderna, Novavax, Pfizer/BioNTech",6957963,6867959,13825922
2022-04-23,"Moderna, Novavax, Pfizer/BioNTech",6957994,6868038,13826032
2022-04-24,"Moderna, Novavax, Pfizer/BioNTech",6957999,6868049,13826048
2022-04-25,"Johnson&Johnson, Moderna, Novavax, Pfizer/BioNTech",6958155,6868257,13826412
2022-04-26,"Johnson&Johnson, Moderna, Novavax, Pfizer/BioNTech",6958295,6868521,13826816
2022-04-27,"Johnson&Johnson, Moderna, Novavax, Pfizer/BioNTech",6958562,6868851,13827413
2022-04-28,"Johnson&Johnson, Moderna, Novavax, Pfizer/BioNTech",6958756,6869141,13827897
2022-04-29,"Johnson&Johnson, Moderna, Novavax, Pfizer/BioNTech",6959192,6869730,13828922
2022-04-30,"Moderna, Novavax, Pfizer/BioNTech",6959233,6869797,13829030
2022-05-01,"Moderna, Novavax, Oxford/AstraZeneca, Pfizer/BioNTech",6959238,6869807,13829045
2022-05-02,"Johnson&Johnson, Moderna, Novavax, Pfizer/BioNTech",6959378,6869989,13829367
2022-05-03,"Johnson&Johnson, Moderna, Novavax, Pfizer/BioNTech",6959535,6870245,13829780
2022-05-04,"Johnson&Johnson, Moderna, Novavax, Pfizer/BioNTech",6959741,6870520,13830261
2022-05-05,"Johnson&Johnson, Moderna, Novavax, Pfizer/BioNTech",6959948,6870810,13830758
2022-05-06,"Johnson&Johnson, Moderna, Novavax, Pfizer/BioNTech",6960325,6871152,13831477
2022-05-07,"Moderna, Novavax, Pfizer/BioNTech",6960352,6871178,13831530
2022-05-08,"Moderna, Pfizer/BioNTech",6960353,6871186,13831539
2022-05-09,"Johnson&Johnson, Moderna, Novavax, Pfizer/BioNTech",6960461,6871276,13831737
2022-05-10,"Johnson&Johnson, Moderna, Novavax, Pfizer/BioNTech",6960616,6871513,13832129
2022-05-11,"Johnson&Johnson, Moderna, Novavax, Oxford/AstraZeneca, Pfizer/BioNTech",6960838,6871780,13832618
2022-05-12,"Johnson&Johnson, Moderna, Novavax, Pfizer/BioNTech",6961041,6872057,13833098
2022-05-13,"Johnson&Johnson, Moderna, Novavax, Pfizer/BioNTech",6961386,6872556,13833942
2022-05-14,"Johnson&Johnson, Moderna, Novavax, Pfizer/BioNTech",6961427,6872596,13834023
2022-05-15,"Johnson&Johnson, Moderna, Novavax, Pfizer/BioNTech",6961442,6872607,13834049
2022-05-16,"Johnson&Johnson, Moderna, Novavax, Pfizer/BioNTech",6961552,6872727,13834279
2022-05-17,"Johnson&Johnson, Moderna, Novavax, Pfizer/BioNTech",6961694,6872885,13834579
2022-05-18,"Indie/AstraZeneca, Johnson&Johnson, Moderna, Novavax, Pfizer/BioNTech",6961931,6873217,13835148
2022-05-19,"Johnson&Johnson, Moderna, Novavax, Pfizer/BioNTech",6962125,6873468,13835593
2022-05-20,"Johnson&Johnson, Moderna, Novavax, Pfizer/BioNTech",6962429,6874023,13836452
2022-05-21,"Johnson&Johnson, Moderna, Novavax, Pfizer/BioNTech",6962468,6874052,13836520
2022-05-22,"Moderna, Pfizer/BioNTech",6962477,6874059,13836536
2022-05-23,"Johnson&Johnson, Moderna, Novavax, Pfizer/BioNTech",6962599,6874214,13836813
2022-05-24,"Johnson&Johnson, Moderna, Novavax, Pfizer/BioNTech",6962730,6874387,13837117
2022-05-25,"Indie/AstraZeneca, Johnson&Johnson, Moderna, Novavax, Oxford/AstraZeneca, Pfizer/BioNTech",6962908,6874636,13837544
2022-05-26,"Johnson&Johnson, Moderna, Novavax, Pfizer/BioNTech",6963060,6874861,13837921
2022-05-27,"Johnson&Johnson, Moderna, Novavax, Pfizer/BioNTech",6963330,6875327,13838657
2022-05-28,"Moderna, Novavax, Pfizer/BioNTech",6963368,6875376,13838744
2022-05-29,"Moderna, Novavax, Pfizer/BioNTech",6963377,6875380,13838757
2022-05-30,"Johnson&Johnson, Moderna, Novavax, Pfizer/BioNTech",6963467,6875540,13839007
2022-05-31,"Johnson&Johnson, Moderna, Novavax, Pfizer/BioNTech",6963616,6875736,13839352
2022-06-01,"Johnson&Johnson, Moderna, Novavax, Pfizer/BioNTech",6963755,6875966,13839721
2022-06-02,"Moderna, Novavax, Pfizer/BioNTech",6963885,6876206,13840091
2022-06-03,"Johnson&Johnson, Moderna, Novavax, Pfizer/BioNTech",6964144,6876666,13840810
2022-06-04,"Johnson&Johnson, Moderna, Novavax, Pfizer/BioNTech",6964178,6876706,13840884
2022-06-05,"Moderna, Novavax, Pfizer/BioNTech",6964185,6876712,13840897
2022-06-06,"Johnson&Johnson, Moderna, Novavax, Pfizer/BioNTech",6964275,6876855,13841130
2022-06-07,"Johnson&Johnson, Moderna, Novavax, Pfizer/BioNTech",6964360,6877014,13841374
2022-06-08,"Johnson&Johnson, Moderna, Novavax, Pfizer/BioNTech",6964496,6877262,13841758
2022-06-09,"Johnson&Johnson, Moderna, Novavax, Pfizer/BioNTech",6964593,6877464,13842057
2022-06-10,"Johnson&Johnson, Moderna, Novavax, Pfizer/BioNTech",6964776,6877802,13842578
2022-06-11,"Moderna, Novavax, Pfizer/BioNTech",6964790,6877841,13842631
2022-06-12,"Moderna, Novavax, Pfizer/BioNTech",6964796,6877864,13842660
2022-06-13,"Johnson&Johnson, Moderna, Novavax, Oxford/AstraZeneca, Pfizer/BioNTech",6964861,6877987,13842848
2022-06-14,"Johnson&Johnson, Moderna, Novavax, Pfizer/BioNTech",6964941,6878135,13843076
2022-06-15,"Johnson&Johnson, Moderna, Novavax, Pfizer/BioNTech",6965024,6878330,13843354
2022-06-16,"Johnson&Johnson, Moderna, Novavax, Pfizer/BioNTech",6965090,6878507,13843597
2022-06-17,"Johnson&Johnson, Moderna, Novavax, Pfizer/BioNTech",6965243,6878795,13844038
2022-06-18,"Moderna, Novavax, Pfizer/BioNTech",6965255,6878834,13844089
2022-06-19,"Moderna, Pfizer/BioNTech",6965258,6878842,13844100
2022-06-20,"Johnson&Johnson, Moderna, Novavax, Pfizer/BioNTech",6965324,6878965,13844289
2022-06-21,"Johnson&Johnson, Moderna, Novavax, Pfizer/BioNTech",6965387,6879091,13844478
2022-06-22,"Johnson&Johnson, Moderna, Novavax, Pfizer/BioNTech",6965486,6879274,13844760
2022-06-23,"Johnson&Johnson, Moderna, Novavax, Pfizer/BioNTech",6965546,6879442,13844988
2022-06-24,"Johnson&Johnson, Moderna, Novavax, Pfizer/BioNTech",6965707,6879793,13845500
2022-06-25,"Moderna, Novavax, Pfizer/BioNTech",6965726,6879845,13845571
2022-06-26,"Moderna, Pfizer/BioNTech",6965727,6879855,13845582
2022-06-27,"Johnson&Johnson, Moderna, Novavax, Pfizer/BioNTech",6965794,6879971,13845765
2022-06-28,"Johnson&Johnson, Moderna, Novavax, Pfizer/BioNTech",6965868,6880091,13845959
2022-06-29,"Johnson&Johnson, Moderna, Novavax, Pfizer/BioNTech",6965993,6880276,13846269
2022-06-30,"Johnson&Johnson, Moderna, Novavax, Pfizer/BioNTech",6966079,6880427,13846506
2022-07-01,"Johnson&Johnson, Moderna, Novavax, Pfizer/BioNTech",6966249,6880675,13846924
2022-07-02,"Moderna, Novavax, Pfizer/BioNTech",6966262,6880682,13846944
2022-07-03,"Moderna, Pfizer/BioNTech",6966265,6880692,13846957
2022-07-04,"Johnson&Johnson, Moderna, Novavax, Pfizer/BioNTech",6966335,6880759,13847094
2022-07-05,"Novavax, Pfizer/BioNTech",6966336,6880760,13847096
2022-07-06,"Moderna, Pfizer/BioNTech",6966338,6880765,13847103
2022-07-07,"Johnson&Johnson, Moderna, Novavax, Pfizer/BioNTech",6966443,6880866,13847309
2022-07-08,"Indie/AstraZeneca, Johnson&Johnson, Moderna, Novavax, Oxford/AstraZeneca, Pfizer/BioNTech",6966594,6881059,13847653
2022-07-09,"Johnson&Johnson, Moderna, Novavax, Pfizer/BioNTech",6966603,6881067,13847670
2022-07-10,"Moderna, Pfizer/BioNTech",6966607,6881077,13847684
2022-07-11,"Johnson&Johnson, Moderna, Novavax, Pfizer/BioNTech",6966697,6881163,13847860
2022-07-12,"Johnson&Johnson, Moderna, Novavax, Pfizer/BioNTech",6966789,6881258,13848047
2022-07-13,"Johnson&Johnson, Moderna, Novavax, Pfizer/BioNTech",6966958,6881386,13848344
2022-07-14,"Johnson&Johnson, Moderna, Novavax, Pfizer/BioNTech",6967087,6881482,13848569
2022-07-15,"Johnson&Johnson, Moderna, Novavax, Pfizer/BioNTech",6967340,6881694,13849034
2022-07-16,"Johnson&Johnson, Moderna, Novavax, Pfizer/BioNTech",6967376,6881726,13849102
2022-07-17,"Moderna, Pfizer/BioNTech",6967379,6881733,13849112
2022-07-18,"Johnson&Johnson, Moderna, Novavax, Oxford/AstraZeneca, Pfizer/BioNTech",6967505,6881835,13849340
2022-07-19,"Johnson&Johnson, Moderna, Novavax, Pfizer/BioNTech",6967603,6881903,13849506
2022-07-20,"Johnson&Johnson, Moderna, Novavax, Pfizer/BioNTech",6967699,6882009,13849708
2022-07-21,"Johnson&Johnson, Moderna, Novavax, Pfizer/BioNTech",6967815,6882091,13849906
2022-07-22,"Johnson&Johnson, Moderna, Novavax, Pfizer/BioNTech",6968014,6882283,13850297
