date,vaccine,people_vaccinated,people_fully_vaccinated,total_vaccinations
2020-12-27,Pfizer/BioNTech,1286,0,1286
2020-12-28,Pfizer/BioNTech,3589,0,3589
2020-12-29,Pfizer/BioNTech,7060,1,7061
2020-12-30,Pfizer/BioNTech,10576,1,10577
2020-12-31,Pfizer/BioNTech,11889,1,11890
2021-01-01,"Moderna, Pfizer/BioNTech",12160,1,12161
2021-01-02,"Moderna, Pfizer/BioNTech",13446,2,13448
2021-01-03,"Moderna, Pfizer/BioNTech",14373,2,14375
2021-01-04,"Moderna, Pfizer/BioNTech",17983,2,17985
2021-01-05,"Moderna, Pfizer/BioNTech",22508,3,22511
2021-01-06,"Moderna, Pfizer/BioNTech",28354,4,28358
2021-01-07,"Moderna, Pfizer/BioNTech",36353,4,36357
2021-01-08,"Moderna, Pfizer/BioNTech",46406,5,46411
2021-01-09,"Moderna, Pfizer/BioNTech",48432,7,48439
2021-01-10,Pfizer/BioNTech,50204,9,50213
2021-01-11,"Moderna, Pfizer/BioNTech",60061,11,60072
2021-01-12,"Moderna, Pfizer/BioNTech",73516,13,73529
2021-01-13,"Moderna, Pfizer/BioNTech",87062,14,87076
2021-01-14,"Moderna, Pfizer/BioNTech",102313,18,102331
2021-01-15,"Moderna, Pfizer/BioNTech",116333,19,116352
2021-01-16,"Moderna, Pfizer/BioNTech",119737,23,119760
2021-01-17,"Moderna, Pfizer/BioNTech",122358,659,123017
2021-01-18,"Moderna, Pfizer/BioNTech",134850,2485,137335
2021-01-19,"Moderna, Pfizer/BioNTech",147459,5214,152673
2021-01-20,"Moderna, Pfizer/BioNTech",161157,7879,169036
2021-01-21,"Moderna, Pfizer/BioNTech",176810,9622,186432
2021-01-22,"Moderna, Pfizer/BioNTech",191702,10667,202369
2021-01-23,"Moderna, Pfizer/BioNTech",195020,11547,206567
2021-01-24,"Moderna, Pfizer/BioNTech",197276,12418,209694
2021-01-25,"Moderna, Pfizer/BioNTech",206931,15388,222319
2021-01-26,"Moderna, Pfizer/BioNTech",217479,19379,236858
2021-01-27,"Moderna, Pfizer/BioNTech",226511,23914,250425
2021-01-28,"Moderna, Pfizer/BioNTech",233617,30048,263665
2021-01-29,"Moderna, Pfizer/BioNTech",239833,37957,277790
2021-01-30,"Moderna, Pfizer/BioNTech",240574,39045,279619
2021-01-31,"Moderna, Pfizer/BioNTech",241293,40227,281520
2021-02-01,"Moderna, Pfizer/BioNTech",245276,48197,293473
2021-02-02,"Moderna, Pfizer/BioNTech",249431,58437,307868
2021-02-03,"Moderna, Pfizer/BioNTech",253858,69457,323315
2021-02-04,"Moderna, Pfizer/BioNTech",258765,82448,341213
2021-02-05,"Moderna, Pfizer/BioNTech",264239,93122,357361
2021-02-06,"Moderna, Oxford/AstraZeneca, Pfizer/BioNTech",265096,95488,360584
2021-02-07,"Moderna, Oxford/AstraZeneca, Pfizer/BioNTech",265947,97988,363935
2021-02-08,"Moderna, Oxford/AstraZeneca, Pfizer/BioNTech",270040,109416,379456
2021-02-09,"Moderna, Oxford/AstraZeneca, Pfizer/BioNTech",275152,121327,396479
2021-02-10,"Moderna, Oxford/AstraZeneca, Pfizer/BioNTech",280671,134588,415259
2021-02-11,"Moderna, Oxford/AstraZeneca, Pfizer/BioNTech",287013,150808,437821
2021-02-12,"Moderna, Oxford/AstraZeneca, Pfizer/BioNTech",293841,165558,459399
2021-02-13,"Moderna, Oxford/AstraZeneca, Pfizer/BioNTech",295459,168545,464004
2021-02-14,"Moderna, Oxford/AstraZeneca, Pfizer/BioNTech",296465,169932,466397
2021-02-15,"Moderna, Oxford/AstraZeneca, Pfizer/BioNTech",302865,179303,482168
2021-02-16,"Moderna, Oxford/AstraZeneca, Pfizer/BioNTech",311586,188384,499970
2021-02-17,"Moderna, Oxford/AstraZeneca, Pfizer/BioNTech",321288,196696,517984
2021-02-18,"Moderna, Oxford/AstraZeneca, Pfizer/BioNTech",333618,204779,538397
2021-02-19,"Moderna, Oxford/AstraZeneca, Pfizer/BioNTech",345485,212156,557641
2021-02-20,"Moderna, Oxford/AstraZeneca, Pfizer/BioNTech",347495,213342,560837
2021-02-21,"Moderna, Oxford/AstraZeneca, Pfizer/BioNTech",348632,214368,563000
2021-02-22,"Moderna, Oxford/AstraZeneca, Pfizer/BioNTech",358756,220405,579161
2021-02-23,"Moderna, Oxford/AstraZeneca, Pfizer/BioNTech",371721,227397,599118
2021-02-24,"Moderna, Oxford/AstraZeneca, Pfizer/BioNTech",385605,233439,619044
2021-02-25,"Moderna, Oxford/AstraZeneca, Pfizer/BioNTech",403589,238990,642579
2021-02-26,"Moderna, Oxford/AstraZeneca, Pfizer/BioNTech",419769,244350,664119
2021-02-27,"Moderna, Oxford/AstraZeneca, Pfizer/BioNTech",422778,244909,667687
2021-02-28,"Moderna, Oxford/AstraZeneca, Pfizer/BioNTech",425136,245460,670596
2021-03-01,"Moderna, Oxford/AstraZeneca, Pfizer/BioNTech",444736,248909,693645
2021-03-02,"Moderna, Oxford/AstraZeneca, Pfizer/BioNTech",471965,252463,724428
2021-03-03,"Moderna, Oxford/AstraZeneca, Pfizer/BioNTech",502921,256975,759896
2021-03-04,"Moderna, Oxford/AstraZeneca, Pfizer/BioNTech",536206,261666,797872
2021-03-05,"Johnson&Johnson, Moderna, Oxford/AstraZeneca, Pfizer/BioNTech",565053,267095,832148
2021-03-06,"Johnson&Johnson, Moderna, Oxford/AstraZeneca, Pfizer/BioNTech",577213,267961,845174
2021-03-07,"Johnson&Johnson, Moderna, Oxford/AstraZeneca, Pfizer/BioNTech",588763,268804,857567
2021-03-08,"Johnson&Johnson, Moderna, Oxford/AstraZeneca, Pfizer/BioNTech",618514,273667,892181
2021-03-09,"Johnson&Johnson, Moderna, Oxford/AstraZeneca, Pfizer/BioNTech",654887,280055,934942
2021-03-10,"Johnson&Johnson, Moderna, Oxford/AstraZeneca, Pfizer/BioNTech",696220,287015,983235
2021-03-11,"Johnson&Johnson, Moderna, Oxford/AstraZeneca, Pfizer/BioNTech",741078,295390,1036468
2021-03-12,"Johnson&Johnson, Moderna, Oxford/AstraZeneca, Pfizer/BioNTech, Čína",779840,303891,1083731
2021-03-13,"Johnson&Johnson, Moderna, Oxford/AstraZeneca, Pfizer/BioNTech",796952,305207,1102159
2021-03-14,"Johnson&Johnson, Moderna, Oxford/AstraZeneca, Pfizer/BioNTech",809071,306364,1115435
2021-03-15,"Johnson&Johnson, Moderna, Oxford/AstraZeneca, Pfizer/BioNTech",837467,315144,1152611
2021-03-16,"Johnson&Johnson, Moderna, Oxford/AstraZeneca, Pfizer/BioNTech",876365,325681,1202046
2021-03-17,"Moderna, Oxford/AstraZeneca, Pfizer/BioNTech",913852,336196,1250048
2021-03-18,"Johnson&Johnson, Moderna, Oxford/AstraZeneca, Pfizer/BioNTech",951860,348622,1300482
2021-03-19,"Johnson&Johnson, Moderna, Oxford/AstraZeneca, Pfizer/BioNTech",986380,362236,1348616
2021-03-20,"Johnson&Johnson, Moderna, Oxford/AstraZeneca, Pfizer/BioNTech",1001564,364266,1365830
2021-03-21,"Johnson&Johnson, Moderna, Oxford/AstraZeneca, Pfizer/BioNTech",1009012,365826,1374838
2021-03-22,"Johnson&Johnson, Moderna, Oxford/AstraZeneca, Pfizer/BioNTech",1033588,378327,1411915
2021-03-23,"Johnson&Johnson, Moderna, Oxford/AstraZeneca, Pfizer/BioNTech",1060265,391694,1451959
2021-03-24,"Johnson&Johnson, Moderna, Oxford/AstraZeneca, Pfizer/BioNTech",1087162,407440,1494602
2021-03-25,"Johnson&Johnson, Moderna, Oxford/AstraZeneca, Pfizer/BioNTech",1113522,425295,1538817
2021-03-26,"Johnson&Johnson, Moderna, Oxford/AstraZeneca, Pfizer/BioNTech",1138365,442808,1581173
2021-03-27,"Johnson&Johnson, Moderna, Oxford/AstraZeneca, Pfizer/BioNTech, Čína",1146828,447654,1594482
2021-03-28,"Moderna, Oxford/AstraZeneca, Pfizer/BioNTech",1152377,451802,1604179
2021-03-29,"Johnson&Johnson, Moderna, Oxford/AstraZeneca, Pfizer/BioNTech",1171538,472538,1644076
2021-03-30,"Johnson&Johnson, Moderna, Oxford/AstraZeneca, Pfizer/BioNTech",1196247,494726,1690973
2021-03-31,"Johnson&Johnson, Moderna, Oxford/AstraZeneca, Pfizer/BioNTech",1219406,521795,1741201
2021-04-01,"Johnson&Johnson, Moderna, Oxford/AstraZeneca, Pfizer/BioNTech",1245097,553853,1798950
2021-04-02,"Johnson&Johnson, Moderna, Oxford/AstraZeneca, Pfizer/BioNTech",1252081,566649,1818730
2021-04-03,"Johnson&Johnson, Moderna, Oxford/AstraZeneca, Pfizer/BioNTech",1255736,577582,1833318
2021-04-04,"Johnson&Johnson, Moderna, Oxford/AstraZeneca, Pfizer/BioNTech",1258282,586508,1844790
2021-04-05,"Johnson&Johnson, Moderna, Oxford/AstraZeneca, Pfizer/BioNTech",1260715,593713,1854428
2021-04-06,"Johnson&Johnson, Moderna, Oxford/AstraZeneca, Pfizer/BioNTech, Čína",1276934,622989,1899923
2021-04-07,"Johnson&Johnson, Moderna, Oxford/AstraZeneca, Pfizer/BioNTech",1300438,645228,1945666
2021-04-08,"Johnson&Johnson, Moderna, Oxford/AstraZeneca, Pfizer/BioNTech",1339258,676276,2015534
2021-04-09,"Johnson&Johnson, Moderna, Oxford/AstraZeneca, Pfizer/BioNTech",1378855,706477,2085332
2021-04-10,"Johnson&Johnson, Moderna, Oxford/AstraZeneca, Pfizer/BioNTech",1394424,721791,2116215
2021-04-11,"Johnson&Johnson, Moderna, Oxford/AstraZeneca, Pfizer/BioNTech",1404219,731848,2136067
2021-04-12,"Johnson&Johnson, Moderna, Oxford/AstraZeneca, Pfizer/BioNTech",1442542,756994,2199536
2021-04-13,"Moderna, Oxford/AstraZeneca, Pfizer/BioNTech",1478850,783037,2261887
2021-04-14,"Moderna, Oxford/AstraZeneca, Pfizer/BioNTech",1517740,810417,2328157
2021-04-15,"Moderna, Oxford/AstraZeneca, Pfizer/BioNTech",1565576,836199,2401775
2021-04-16,"Moderna, Oxford/AstraZeneca, Pfizer/BioNTech",1610298,861882,2472180
2021-04-17,"Indie/AstraZeneca, Moderna, Oxford/AstraZeneca, Pfizer/BioNTech",1627026,870908,2497934
2021-04-18,"Moderna, Oxford/AstraZeneca, Pfizer/BioNTech",1640026,875894,2515920
2021-04-19,"Johnson&Johnson, Moderna, Oxford/AstraZeneca, Pfizer/BioNTech",1684002,891336,2575338
2021-04-20,"Johnson&Johnson, Moderna, Oxford/AstraZeneca, Pfizer/BioNTech",1726593,907226,2633819
2021-04-21,"Moderna, Oxford/AstraZeneca, Pfizer/BioNTech",1774359,921597,2695956
2021-04-22,"Johnson&Johnson, Moderna, Oxford/AstraZeneca, Pfizer/BioNTech",1828891,938997,2767888
2021-04-23,"Johnson&Johnson, Moderna, Oxford/AstraZeneca, Pfizer/BioNTech",1878905,951064,2829969
2021-04-24,"Johnson&Johnson, Moderna, Oxford/AstraZeneca, Pfizer/BioNTech, Čína",1896782,956334,2853116
2021-04-25,"Johnson&Johnson, Moderna, Oxford/AstraZeneca, Pfizer/BioNTech",1911495,960339,2871834
2021-04-26,"Johnson&Johnson, Moderna, Oxford/AstraZeneca, Pfizer/BioNTech",1961110,967909,2929019
2021-04-27,"Johnson&Johnson, Moderna, Oxford/AstraZeneca, Pfizer/BioNTech",2010100,980164,2990264
2021-04-28,"Johnson&Johnson, Moderna, Oxford/AstraZeneca, Pfizer/BioNTech",2068882,994187,3063069
2021-04-29,"Johnson&Johnson, Moderna, Oxford/AstraZeneca, Pfizer/BioNTech",2134503,1010109,3144612
2021-04-30,"Johnson&Johnson, Moderna, Oxford/AstraZeneca, Pfizer/BioNTech",2196796,1020105,3216901
2021-05-01,"Johnson&Johnson, Moderna, Oxford/AstraZeneca, Pfizer/BioNTech",2216191,1023571,3239762
2021-05-02,"Johnson&Johnson, Moderna, Oxford/AstraZeneca, Pfizer/BioNTech",2235143,1025862,3261005
2021-05-03,"Johnson&Johnson, Moderna, Oxford/AstraZeneca, Pfizer/BioNTech",2302420,1030946,3333366
2021-05-04,"Johnson&Johnson, Moderna, Oxford/AstraZeneca, Pfizer/BioNTech",2368980,1039321,3408301
2021-05-05,"Johnson&Johnson, Moderna, Oxford/AstraZeneca, Pfizer/BioNTech",2442193,1048769,3490962
2021-05-06,"Johnson&Johnson, Moderna, Oxford/AstraZeneca, Pfizer/BioNTech",2522634,1059522,3582156
2021-05-07,"Johnson&Johnson, Moderna, Oxford/AstraZeneca, Pfizer/BioNTech",2599973,1069668,3669641
2021-05-08,"Johnson&Johnson, Moderna, Oxford/AstraZeneca, Pfizer/BioNTech",2629518,1071462,3700980
2021-05-09,"Johnson&Johnson, Moderna, Oxford/AstraZeneca, Pfizer/BioNTech",2653762,1072686,3726448
2021-05-10,"Johnson&Johnson, Moderna, Oxford/AstraZeneca, Pfizer/BioNTech",2726563,1079933,3806496
2021-05-11,"Johnson&Johnson, Moderna, Oxford/AstraZeneca, Pfizer/BioNTech",2802716,1088769,3891485
2021-05-12,"Johnson&Johnson, Moderna, Oxford/AstraZeneca, Pfizer/BioNTech",2882663,1097917,3980580
2021-05-13,"Johnson&Johnson, Moderna, Oxford/AstraZeneca, Pfizer/BioNTech",2966718,1107109,4073827
2021-05-14,"Johnson&Johnson, Moderna, Oxford/AstraZeneca, Pfizer/BioNTech",3046276,1114937,4161213
2021-05-15,"Johnson&Johnson, Moderna, Oxford/AstraZeneca, Pfizer/BioNTech",3078244,1117224,4195468
2021-05-16,"Johnson&Johnson, Moderna, Oxford/AstraZeneca, Pfizer/BioNTech",3104060,1118511,4222571
2021-05-17,"Indie/AstraZeneca, Johnson&Johnson, Moderna, Oxford/AstraZeneca, Pfizer/BioNTech",3176603,1125271,4301874
2021-05-18,"Indie/AstraZeneca, Johnson&Johnson, Moderna, Oxford/AstraZeneca, Pfizer/BioNTech",3248598,1138398,4386996
2021-05-19,"Johnson&Johnson, Moderna, Oxford/AstraZeneca, Pfizer/BioNTech",3326099,1153574,4479673
2021-05-20,"Johnson&Johnson, Moderna, Oxford/AstraZeneca, Pfizer/BioNTech",3401599,1180646,4582245
2021-05-21,"Johnson&Johnson, Moderna, Oxford/AstraZeneca, Pfizer/BioNTech",3470461,1208458,4678919
2021-05-22,"Johnson&Johnson, Moderna, Oxford/AstraZeneca, Pfizer/BioNTech",3502936,1219703,4722639
2021-05-23,"Johnson&Johnson, Moderna, Oxford/AstraZeneca, Pfizer/BioNTech",3525387,1228745,4754132
2021-05-24,"Johnson&Johnson, Moderna, Oxford/AstraZeneca, Pfizer/BioNTech",3572608,1262427,4835035
2021-05-25,"Indie/AstraZeneca, Johnson&Johnson, Moderna, Oxford/AstraZeneca, Pfizer/BioNTech",3624535,1298274,4922809
2021-05-26,"Johnson&Johnson, Moderna, Oxford/AstraZeneca, Pfizer/BioNTech",3692307,1335839,5028146
2021-05-27,"Indie/AstraZeneca, Johnson&Johnson, Moderna, Oxford/AstraZeneca, Pfizer/BioNTech",3753749,1383206,5136955
2021-05-28,"Johnson&Johnson, Moderna, Oxford/AstraZeneca, Pfizer/BioNTech",3815501,1429824,5245325
2021-05-29,"Johnson&Johnson, Moderna, Oxford/AstraZeneca, Pfizer/BioNTech",3844777,1446973,5291750
2021-05-30,"Johnson&Johnson, Moderna, Oxford/AstraZeneca, Pfizer/BioNTech, Čína",3867199,1461446,5328645
2021-05-31,"Indie/AstraZeneca, Johnson&Johnson, Moderna, Oxford/AstraZeneca, Pfizer/BioNTech",3922949,1508987,5431936
2021-06-01,"Johnson&Johnson, Moderna, Oxford/AstraZeneca, Pfizer/BioNTech",3982074,1557882,5539956
2021-06-02,"Johnson&Johnson, Moderna, Oxford/AstraZeneca, Pfizer/BioNTech",4045060,1611919,5656979
2021-06-03,"Johnson&Johnson, Moderna, Oxford/AstraZeneca, Pfizer/BioNTech",4103325,1672169,5775494
2021-06-04,"Johnson&Johnson, Moderna, Oxford/AstraZeneca, Pfizer/BioNTech",4166474,1729605,5896079
2021-06-05,"Johnson&Johnson, Moderna, Oxford/AstraZeneca, Pfizer/BioNTech",4200669,1748540,5949209
2021-06-06,"Johnson&Johnson, Moderna, Oxford/AstraZeneca, Pfizer/BioNTech",4227632,1763720,5991352
2021-06-07,"Johnson&Johnson, Moderna, Oxford/AstraZeneca, Pfizer/BioNTech",4291334,1819375,6110709
2021-06-08,"Indie/AstraZeneca, Johnson&Johnson, Moderna, Oxford/AstraZeneca, Pfizer/BioNTech",4355353,1874403,6229756
2021-06-09,"Indie/AstraZeneca, Johnson&Johnson, Moderna, Oxford/AstraZeneca, Pfizer/BioNTech",4414580,1939105,6353685
2021-06-10,"Johnson&Johnson, Moderna, Oxford/AstraZeneca, Pfizer/BioNTech",4468448,2010434,6478882
2021-06-11,"Johnson&Johnson, Moderna, Oxford/AstraZeneca, Pfizer/BioNTech",4520581,2080295,6600876
2021-06-12,"Johnson&Johnson, Moderna, Oxford/AstraZeneca, Pfizer/BioNTech",4552616,2101160,6653776
2021-06-13,"Johnson&Johnson, Moderna, Oxford/AstraZeneca, Pfizer/BioNTech",4576661,2119607,6696268
2021-06-14,"Johnson&Johnson, Moderna, Oxford/AstraZeneca, Pfizer/BioNTech, Čína",4619765,2194025,6813790
2021-06-15,"Johnson&Johnson, Moderna, Oxford/AstraZeneca, Pfizer/BioNTech",4664456,2266442,6930898
2021-06-16,"Johnson&Johnson, Moderna, Oxford/AstraZeneca, Pfizer/BioNTech",4707289,2344700,7051989
2021-06-17,"Johnson&Johnson, Moderna, Oxford/AstraZeneca, Pfizer/BioNTech",4746731,2427828,7174559
2021-06-18,"Johnson&Johnson, Moderna, Oxford/AstraZeneca, Pfizer/BioNTech",4789185,2508440,7297625
2021-06-19,"Johnson&Johnson, Moderna, Oxford/AstraZeneca, Pfizer/BioNTech, Čína",4810989,2537795,7348784
2021-06-20,"Johnson&Johnson, Moderna, Oxford/AstraZeneca, Pfizer/BioNTech, Čína",4828407,2561683,7390090
2021-06-21,"Johnson&Johnson, Moderna, Oxford/AstraZeneca, Pfizer/BioNTech, Čína",4860924,2640323,7501247
2021-06-22,"Johnson&Johnson, Moderna, Oxford/AstraZeneca, Pfizer/BioNTech",4893910,2722674,7616584
2021-06-23,"Johnson&Johnson, Moderna, Oxford/AstraZeneca, Pfizer/BioNTech",4925642,2807947,7733589
2021-06-24,"Johnson&Johnson, Moderna, Oxford/AstraZeneca, Pfizer/BioNTech",4955523,2898035,7853558
2021-06-25,"Johnson&Johnson, Moderna, Oxford/AstraZeneca, Pfizer/BioNTech",4986624,2984300,7970924
2021-06-26,"Johnson&Johnson, Moderna, Oxford/AstraZeneca, Pfizer/BioNTech",5002531,3019200,8021731
2021-06-27,"Johnson&Johnson, Moderna, Oxford/AstraZeneca, Pfizer/BioNTech",5016495,3045929,8062424
2021-06-28,"Johnson&Johnson, Moderna, Oxford/AstraZeneca, Pfizer/BioNTech",5044926,3131173,8176099
2021-06-29,"Johnson&Johnson, Moderna, Oxford/AstraZeneca, Pfizer/BioNTech",5074225,3217750,8291975
2021-06-30,"Johnson&Johnson, Moderna, Oxford/AstraZeneca, Pfizer/BioNTech",5101740,3308824,8410564
2021-07-01,"Johnson&Johnson, Moderna, Oxford/AstraZeneca, Pfizer/BioNTech",5125759,3398951,8524710
2021-07-02,"Johnson&Johnson, Moderna, Oxford/AstraZeneca, Pfizer/BioNTech",5152516,3484912,8637428
2021-07-03,"Johnson&Johnson, Moderna, Oxford/AstraZeneca, Pfizer/BioNTech",5159631,3516491,8676122
2021-07-04,"Johnson&Johnson, Moderna, Oxford/AstraZeneca, Pfizer/BioNTech",5167230,3538323,8705553
2021-07-05,"Johnson&Johnson, Moderna, Oxford/AstraZeneca, Pfizer/BioNTech",5174661,3563745,8738406
2021-07-06,"Johnson&Johnson, Moderna, Oxford/AstraZeneca, Pfizer/BioNTech, Čína",5180157,3591495,8771652
2021-07-07,"Johnson&Johnson, Moderna, Oxford/AstraZeneca, Pfizer/BioNTech",5206008,3670513,8876521
2021-07-08,"Johnson&Johnson, Moderna, Oxford/AstraZeneca, Pfizer/BioNTech",5232635,3740888,8973523
2021-07-09,"Johnson&Johnson, Moderna, Oxford/AstraZeneca, Pfizer/BioNTech",5260605,3810244,9070849
2021-07-10,"Indie/AstraZeneca, Johnson&Johnson, Moderna, Oxford/AstraZeneca, Pfizer/BioNTech",5269996,3838926,9108922
2021-07-11,"Johnson&Johnson, Moderna, Oxford/AstraZeneca, Pfizer/BioNTech",5278559,3861821,9140380
2021-07-12,"Johnson&Johnson, Moderna, Oxford/AstraZeneca, Pfizer/BioNTech, Čína",5306127,3930920,9237047
2021-07-13,"Johnson&Johnson, Moderna, Oxford/AstraZeneca, Pfizer/BioNTech",5332350,4000833,9333183
2021-07-14,"Johnson&Johnson, Moderna, Oxford/AstraZeneca, Pfizer/BioNTech",5358207,4072859,9431066
2021-07-15,"Indie/AstraZeneca, Johnson&Johnson, Moderna, Oxford/AstraZeneca, Pfizer/BioNTech",5387404,4138903,9526307
2021-07-16,"Johnson&Johnson, Moderna, Oxford/AstraZeneca, Pfizer/BioNTech",5415357,4211669,9627026
2021-07-17,"Johnson&Johnson, Moderna, Oxford/AstraZeneca, Pfizer/BioNTech, Čína",5424171,4243158,9667329
2021-07-18,"Johnson&Johnson, Moderna, Oxford/AstraZeneca, Pfizer/BioNTech, Čína",5432622,4269181,9701803
2021-07-19,"Johnson&Johnson, Moderna, Oxford/AstraZeneca, Pfizer/BioNTech",5456000,4336224,9792224
2021-07-20,"Johnson&Johnson, Moderna, Oxford/AstraZeneca, Pfizer/BioNTech",5477433,4403312,9880745
2021-07-21,"Indie/AstraZeneca, Johnson&Johnson, Moderna, Oxford/AstraZeneca, Pfizer/BioNTech",5500904,4466801,9967705
2021-07-22,"Johnson&Johnson, Moderna, Oxford/AstraZeneca, Pfizer/BioNTech",5523291,4525471,10048762
2021-07-23,"Johnson&Johnson, Moderna, Oxford/AstraZeneca, Pfizer/BioNTech",5546546,4580262,10126808
2021-07-24,"Johnson&Johnson, Moderna, Oxford/AstraZeneca, Pfizer/BioNTech",5553914,4607954,10161868
2021-07-25,"Johnson&Johnson, Moderna, Oxford/AstraZeneca, Pfizer/BioNTech",5560569,4630101,10190670
2021-07-26,"Johnson&Johnson, Moderna, Oxford/AstraZeneca, Pfizer/BioNTech",5584138,4678814,10262952
2021-07-27,"Johnson&Johnson, Moderna, Oxford/AstraZeneca, Pfizer/BioNTech, Čína",5606903,4725498,10332401
2021-07-28,"Johnson&Johnson, Moderna, Oxford/AstraZeneca, Pfizer/BioNTech",5628201,4771550,10399751
2021-07-29,"Johnson&Johnson, Moderna, Oxford/AstraZeneca, Pfizer/BioNTech",5649555,4813557,10463112
2021-07-30,"Johnson&Johnson, Moderna, Oxford/AstraZeneca, Pfizer/BioNTech",5672852,4856167,10529019
2021-07-31,"Johnson&Johnson, Moderna, Oxford/AstraZeneca, Pfizer/BioNTech",5681821,4875731,10557552
2021-08-01,"Johnson&Johnson, Moderna, Oxford/AstraZeneca, Pfizer/BioNTech",5688561,4891918,10580479
2021-08-02,"Johnson&Johnson, Moderna, Oxford/AstraZeneca, Pfizer/BioNTech",5707220,4929514,10636734
2021-08-03,"Johnson&Johnson, Moderna, Oxford/AstraZeneca, Pfizer/BioNTech",5724895,4967667,10692562
2021-08-04,"Johnson&Johnson, Moderna, Oxford/AstraZeneca, Pfizer/BioNTech",5741037,5004472,10745509
2021-08-05,"Johnson&Johnson, Moderna, Oxford/AstraZeneca, Pfizer/BioNTech",5757100,5044996,10802096
2021-08-06,"Johnson&Johnson, Moderna, Oxford/AstraZeneca, Pfizer/BioNTech",5773932,5088345,10862277
2021-08-07,"Johnson&Johnson, Moderna, Oxford/AstraZeneca, Pfizer/BioNTech",5779551,5106543,10886094
2021-08-08,"Johnson&Johnson, Moderna, Oxford/AstraZeneca, Pfizer/BioNTech",5783928,5122321,10906249
2021-08-09,"Indie/AstraZeneca, Johnson&Johnson, Moderna, Oxford/AstraZeneca, Pfizer/BioNTech",5796577,5167416,10963993
2021-08-10,"Johnson&Johnson, Moderna, Oxford/AstraZeneca, Pfizer/BioNTech",5808438,5207025,11015463
2021-08-11,"Indie/AstraZeneca, Johnson&Johnson, Moderna, Oxford/AstraZeneca, Pfizer/BioNTech",5819822,5250194,11070016
2021-08-12,"Johnson&Johnson, Moderna, Oxford/AstraZeneca, Pfizer/BioNTech",5831255,5287364,11118619
2021-08-13,"Johnson&Johnson, Moderna, Oxford/AstraZeneca, Pfizer/BioNTech",5842002,5327742,11169744
2021-08-14,"Johnson&Johnson, Moderna, Oxford/AstraZeneca, Pfizer/BioNTech",5845354,5338473,11183827
2021-08-15,"Johnson&Johnson, Moderna, Oxford/AstraZeneca, Pfizer/BioNTech",5847950,5348871,11196821
2021-08-16,"Johnson&Johnson, Moderna, Oxford/AstraZeneca, Pfizer/BioNTech",5857751,5382978,11240729
2021-08-17,"Johnson&Johnson, Moderna, Oxford/AstraZeneca, Pfizer/BioNTech",5867355,5410111,11277466
2021-08-18,"Johnson&Johnson, Moderna, Oxford/AstraZeneca, Pfizer/BioNTech",5876735,5449049,11325784
2021-08-19,"Johnson&Johnson, Moderna, Oxford/AstraZeneca, Pfizer/BioNTech",5886422,5487426,11373848
2021-08-20,"Johnson&Johnson, Moderna, Oxford/AstraZeneca, Pfizer/BioNTech",5897824,5527645,11425469
2021-08-21,"Johnson&Johnson, Moderna, Oxford/AstraZeneca, Pfizer/BioNTech",5900557,5540435,11440992
2021-08-22,"Johnson&Johnson, Moderna, Oxford/AstraZeneca, Pfizer/BioNTech",5902903,5552419,11455322
2021-08-23,"Indie/AstraZeneca, Johnson&Johnson, Moderna, Oxford/AstraZeneca, Pfizer/BioNTech",5913444,5591720,11505164
2021-08-24,"Johnson&Johnson, Moderna, Oxford/AstraZeneca, Pfizer/BioNTech",5923331,5624988,11548319
2021-08-25,"Indie/AstraZeneca, Johnson&Johnson, Moderna, Oxford/AstraZeneca, Pfizer/BioNTech",5932211,5653388,11585599
2021-08-26,"Johnson&Johnson, Moderna, Oxford/AstraZeneca, Pfizer/BioNTech",5940670,5679543,11620213
2021-08-27,"Johnson&Johnson, Moderna, Oxford/AstraZeneca, Pfizer/BioNTech",5951003,5705551,11656554
2021-08-28,"Johnson&Johnson, Moderna, Oxford/AstraZeneca, Pfizer/BioNTech",5953749,5712637,11666386
2021-08-29,"Johnson&Johnson, Moderna, Oxford/AstraZeneca, Pfizer/BioNTech",5956168,5719271,11675439
2021-08-30,"Johnson&Johnson, Moderna, Oxford/AstraZeneca, Pfizer/BioNTech",5964698,5741171,11705869
2021-08-31,"Indie/AstraZeneca, Johnson&Johnson, Moderna, Oxford/AstraZeneca, Pfizer/BioNTech",5972390,5759305,11731695
2021-09-01,"Johnson&Johnson, Moderna, Oxford/AstraZeneca, Pfizer/BioNTech",5978309,5773336,11751645
2021-09-02,"Johnson&Johnson, Moderna, Oxford/AstraZeneca, Pfizer/BioNTech",5985157,5787746,11772903
2021-09-03,"Johnson&Johnson, Moderna, Oxford/AstraZeneca, Pfizer/BioNTech",5994720,5803498,11798218
2021-09-04,"Johnson&Johnson, Moderna, Oxford/AstraZeneca, Pfizer/BioNTech",5996800,5807071,11803871
2021-09-05,"Johnson&Johnson, Moderna, Oxford/AstraZeneca, Pfizer/BioNTech",5998849,5809924,11808773
2021-09-06,"Indie/AstraZeneca, Johnson&Johnson, Moderna, Oxford/AstraZeneca, Pfizer/BioNTech",6005092,5822481,11827573
2021-09-07,"Johnson&Johnson, Moderna, Oxford/AstraZeneca, Pfizer/BioNTech",6009488,5833585,11843073
2021-09-08,"Johnson&Johnson, Moderna, Oxford/AstraZeneca, Pfizer/BioNTech",6015169,5843462,11858631
2021-09-09,"Johnson&Johnson, Moderna, Oxford/AstraZeneca, Pfizer/BioNTech",6021875,5853546,11875421
2021-09-10,"Johnson&Johnson, Moderna, Oxford/AstraZeneca, Pfizer/BioNTech",6029582,5865744,11895326
2021-09-11,"Johnson&Johnson, Moderna, Oxford/AstraZeneca, Pfizer/BioNTech",6031460,5868246,11899706
2021-09-12,"Johnson&Johnson, Moderna, Oxford/AstraZeneca, Pfizer/BioNTech",6032580,5869884,11902464
2021-09-13,"Johnson&Johnson, Moderna, Oxford/AstraZeneca, Pfizer/BioNTech",6038026,5880204,11918230
2021-09-14,"Johnson&Johnson, Moderna, Oxford/AstraZeneca, Pfizer/BioNTech",6043433,5889230,11932663
2021-09-15,"Johnson&Johnson, Moderna, Oxford/AstraZeneca, Pfizer/BioNTech",6048650,5897768,11946418
2021-09-16,"Johnson&Johnson, Moderna, Oxford/AstraZeneca, Pfizer/BioNTech",6054023,5906050,11960073
2021-09-17,"Johnson&Johnson, Moderna, Oxford/AstraZeneca, Pfizer/BioNTech",6060599,5916296,11976895
2021-09-18,"Johnson&Johnson, Moderna, Oxford/AstraZeneca, Pfizer/BioNTech",6062332,5918665,11980997
2021-09-19,"Johnson&Johnson, Moderna, Oxford/AstraZeneca, Pfizer/BioNTech",6063279,5920239,11983518
2021-09-20,"Johnson&Johnson, Moderna, Oxford/AstraZeneca, Pfizer/BioNTech",6067312,5928444,11995756
2021-09-21,"Johnson&Johnson, Moderna, Oxford/AstraZeneca, Pfizer/BioNTech",6071558,5935986,12007544
2021-09-22,"Johnson&Johnson, Moderna, Oxford/AstraZeneca, Pfizer/BioNTech",6075756,5941520,12017276
2021-09-23,"Johnson&Johnson, Moderna, Oxford/AstraZeneca, Pfizer/BioNTech",6080719,5947944,12028663
2021-09-24,"Johnson&Johnson, Moderna, Oxford/AstraZeneca, Pfizer/BioNTech",6086485,5957568,12044053
2021-09-25,"Johnson&Johnson, Moderna, Oxford/AstraZeneca, Pfizer/BioNTech",6087988,5959571,12047559
2021-09-26,"Johnson&Johnson, Moderna, Oxford/AstraZeneca, Pfizer/BioNTech",6088735,5961216,12049951
2021-09-27,"Johnson&Johnson, Moderna, Oxford/AstraZeneca, Pfizer/BioNTech",6092625,5967737,12060362
2021-09-28,"Johnson&Johnson, Moderna, Oxford/AstraZeneca, Pfizer/BioNTech",6093004,5968378,12061382
2021-09-29,"Johnson&Johnson, Moderna, Oxford/AstraZeneca, Pfizer/BioNTech",6096783,5975843,12072626
2021-09-30,"Johnson&Johnson, Moderna, Oxford/AstraZeneca, Pfizer/BioNTech",6101307,5983560,12084867
2021-10-01,"Johnson&Johnson, Moderna, Oxford/AstraZeneca, Pfizer/BioNTech",6105624,5991553,12097177
2021-10-02,"Johnson&Johnson, Moderna, Oxford/AstraZeneca, Pfizer/BioNTech",6106690,5993102,12099792
2021-10-03,"Johnson&Johnson, Moderna, Oxford/AstraZeneca, Pfizer/BioNTech",6107415,5993977,12101392
2021-10-04,"Johnson&Johnson, Moderna, Oxford/AstraZeneca, Pfizer/BioNTech",6110497,5999559,12110056
2021-10-05,"Johnson&Johnson, Moderna, Oxford/AstraZeneca, Pfizer/BioNTech",6113661,6004649,12118310
2021-10-06,"Johnson&Johnson, Moderna, Oxford/AstraZeneca, Pfizer/BioNTech",6117186,6009831,12127017
2021-10-07,"Johnson&Johnson, Moderna, Oxford/AstraZeneca, Pfizer/BioNTech",6120473,6015095,12135568
2021-10-08,"Johnson&Johnson, Moderna, Oxford/AstraZeneca, Pfizer/BioNTech",6125272,6021746,12147018
2021-10-09,"Indie/AstraZeneca, Johnson&Johnson, Moderna, Oxford/AstraZeneca, Pfizer/BioNTech",6126517,6023417,12149934
2021-10-10,"Johnson&Johnson, Moderna, Oxford/AstraZeneca, Pfizer/BioNTech",6127465,6024255,12151720
2021-10-11,"Johnson&Johnson, Moderna, Oxford/AstraZeneca, Pfizer/BioNTech",6130395,6028681,12159076
2021-10-12,"Johnson&Johnson, Moderna, Oxford/AstraZeneca, Pfizer/BioNTech",6133338,6032686,12166024
2021-10-13,"Johnson&Johnson, Moderna, Oxford/AstraZeneca, Pfizer/BioNTech",6136874,6036884,12173758
2021-10-14,"Johnson&Johnson, Moderna, Oxford/AstraZeneca, Pfizer/BioNTech",6140549,6041836,12182385
2021-10-15,"Johnson&Johnson, Moderna, Oxford/AstraZeneca, Pfizer/BioNTech",6145784,6047989,12193773
2021-10-16,"Johnson&Johnson, Moderna, Oxford/AstraZeneca, Pfizer/BioNTech",6147201,6049522,12196723
2021-10-17,"Johnson&Johnson, Moderna, Pfizer/BioNTech",6148527,6050579,12199106
2021-10-18,"Johnson&Johnson, Moderna, Oxford/AstraZeneca, Pfizer/BioNTech",6152641,6054689,12207330
2021-10-19,"Johnson&Johnson, Moderna, Oxford/AstraZeneca, Pfizer/BioNTech",6156223,6056795,12213018
2021-10-20,"Johnson&Johnson, Moderna, Oxford/AstraZeneca, Pfizer/BioNTech",6161115,6061260,12222375
2021-10-21,"Johnson&Johnson, Moderna, Oxford/AstraZeneca, Pfizer/BioNTech",6168887,6066873,12235760
2021-10-22,"Johnson&Johnson, Moderna, Oxford/AstraZeneca, Pfizer/BioNTech",6179347,6073378,12252725
2021-10-23,"Johnson&Johnson, Moderna, Oxford/AstraZeneca, Pfizer/BioNTech",6183030,6075591,12258621
2021-10-24,"Johnson&Johnson, Moderna, Oxford/AstraZeneca, Pfizer/BioNTech",6185717,6077370,12263087
2021-10-25,"Johnson&Johnson, Moderna, Oxford/AstraZeneca, Pfizer/BioNTech",6196230,6083192,12279422
2021-10-26,"Johnson&Johnson, Moderna, Oxford/AstraZeneca, Pfizer/BioNTech",6208227,6089746,12297973
2021-10-27,"Johnson&Johnson, Moderna, Oxford/AstraZeneca, Pfizer/BioNTech, Čína",6222839,6097165,12320004
2021-10-28,"Johnson&Johnson, Moderna, Oxford/AstraZeneca, Pfizer/BioNTech",6226272,6098854,12325126
2021-10-29,"Johnson&Johnson, Moderna, Oxford/AstraZeneca, Pfizer/BioNTech",6240716,6106845,12347561
2021-10-30,"Johnson&Johnson, Moderna, Oxford/AstraZeneca, Pfizer/BioNTech",6245247,6109777,12355024
2021-10-31,"Johnson&Johnson, Moderna, Oxford/AstraZeneca, Pfizer/BioNTech",6249009,6112253,12361262
2021-11-01,"Johnson&Johnson, Moderna, Oxford/AstraZeneca, Pfizer/BioNTech",6264207,6119934,12384141
2021-11-02,"Johnson&Johnson, Moderna, Oxford/AstraZeneca, Pfizer/BioNTech",6279658,6127495,12407153
2021-11-03,"Johnson&Johnson, Moderna, Oxford/AstraZeneca, Pfizer/BioNTech",6296842,6134788,12431630
2021-11-04,"Johnson&Johnson, Moderna, Oxford/AstraZeneca, Pfizer/BioNTech",6315190,6142969,12458159
2021-11-05,"Johnson&Johnson, Moderna, Oxford/AstraZeneca, Pfizer/BioNTech",6337994,6154260,12492254
2021-11-06,"Johnson&Johnson, Moderna, Oxford/AstraZeneca, Pfizer/BioNTech",6344512,6157320,12501832
2021-11-07,"Johnson&Johnson, Moderna, Oxford/AstraZeneca, Pfizer/BioNTech",6348538,6159756,12508294
2021-11-08,"Johnson&Johnson, Moderna, Oxford/AstraZeneca, Pfizer/BioNTech",6364804,6167386,12532190
2021-11-09,"Johnson&Johnson, Moderna, Oxford/AstraZeneca, Pfizer/BioNTech",6379617,6174687,12554304
2021-11-10,"Johnson&Johnson, Moderna, Oxford/AstraZeneca, Pfizer/BioNTech",6395356,6182075,12577431
2021-11-11,"Johnson&Johnson, Moderna, Oxford/AstraZeneca, Pfizer/BioNTech, Čína",6410833,6191186,12602019
2021-11-12,"Johnson&Johnson, Moderna, Oxford/AstraZeneca, Pfizer/BioNTech",6430636,6203986,12634622
2021-11-13,"Johnson&Johnson, Moderna, Oxford/AstraZeneca, Pfizer/BioNTech",6436033,6207866,12643899
2021-11-14,"Johnson&Johnson, Moderna, Oxford/AstraZeneca, Pfizer/BioNTech",6439932,6210876,12650808
2021-11-15,"Johnson&Johnson, Moderna, Oxford/AstraZeneca, Pfizer/BioNTech",6455021,6221585,12676606
2021-11-16,"Johnson&Johnson, Moderna, Oxford/AstraZeneca, Pfizer/BioNTech",6472552,6233565,12706117
2021-11-17,"Johnson&Johnson, Moderna, Oxford/AstraZeneca, Pfizer/BioNTech",6476796,6237135,12713931
2021-11-18,"Johnson&Johnson, Moderna, Oxford/AstraZeneca, Pfizer/BioNTech",6496210,6248828,12745038
2021-11-19,"Johnson&Johnson, Moderna, Oxford/AstraZeneca, Pfizer/BioNTech",6520820,6265807,12786627
2021-11-20,"Johnson&Johnson, Moderna, Oxford/AstraZeneca, Pfizer/BioNTech",6529397,6270794,12800191
2021-11-21,"Johnson&Johnson, Moderna, Oxford/AstraZeneca, Pfizer/BioNTech",6536165,6274570,12810735
2021-11-22,"Johnson&Johnson, Moderna, Oxford/AstraZeneca, Pfizer/BioNTech",6554674,6288684,12843358
2021-11-23,"Johnson&Johnson, Moderna, Oxford/AstraZeneca, Pfizer/BioNTech",6573743,6301951,12875694
2021-11-24,"Johnson&Johnson, Moderna, Oxford/AstraZeneca, Pfizer/BioNTech",6592757,6317804,12910561
2021-11-25,"Johnson&Johnson, Moderna, Oxford/AstraZeneca, Pfizer/BioNTech",6611901,6332851,12944752
2021-11-26,"Johnson&Johnson, Moderna, Oxford/AstraZeneca, Pfizer/BioNTech",6633559,6351993,12985552
2021-11-27,"Johnson&Johnson, Moderna, Oxford/AstraZeneca, Pfizer/BioNTech",6641031,6357550,12998581
2021-11-28,"Johnson&Johnson, Moderna, Oxford/AstraZeneca, Pfizer/BioNTech",6644364,6360690,13005054
2021-11-29,"Johnson&Johnson, Moderna, Oxford/AstraZeneca, Pfizer/BioNTech",6659573,6374354,13033927
2021-11-30,"Johnson&Johnson, Moderna, Oxford/AstraZeneca, Pfizer/BioNTech",6672774,6385586,13058360
2021-12-01,"Johnson&Johnson, Moderna, Oxford/AstraZeneca, Pfizer/BioNTech",6686813,6398047,13084860
2021-12-02,"Johnson&Johnson, Moderna, Oxford/AstraZeneca, Pfizer/BioNTech",6697456,6410543,13107999
2021-12-03,"Johnson&Johnson, Moderna, Oxford/AstraZeneca, Pfizer/BioNTech",6707096,6426123,13133219
2021-12-04,"Johnson&Johnson, Moderna, Pfizer/BioNTech",6709653,6430081,13139734
2021-12-05,"Johnson&Johnson, Moderna, Oxford/AstraZeneca, Pfizer/BioNTech",6711014,6432426,13143440
2021-12-06,"Johnson&Johnson, Moderna, Oxford/AstraZeneca, Pfizer/BioNTech",6719163,6443955,13163118
2021-12-07,"Johnson&Johnson, Moderna, Oxford/AstraZeneca, Pfizer/BioNTech",6727053,6455968,13183021
2021-12-08,"Johnson&Johnson, Moderna, Oxford/AstraZeneca, Pfizer/BioNTech",6735299,6461897,13197196
2021-12-09,"Johnson&Johnson, Moderna, Oxford/AstraZeneca, Pfizer/BioNTech",6742420,6474721,13217141
2021-12-10,"Johnson&Johnson, Moderna, Oxford/AstraZeneca, Pfizer/BioNTech",6749350,6492528,13241878
2021-12-11,"Johnson&Johnson, Moderna, Oxford/AstraZeneca, Pfizer/BioNTech",6751005,6497795,13248800
2021-12-12,"Johnson&Johnson, Moderna, Oxford/AstraZeneca, Pfizer/BioNTech",6752316,6502232,13254548
2021-12-13,"Johnson&Johnson, Moderna, Oxford/AstraZeneca, Pfizer/BioNTech",6758672,6515544,13274216
2021-12-14,"Johnson&Johnson, Moderna, Oxford/AstraZeneca, Pfizer/BioNTech",6764883,6529216,13294099
2021-12-15,"Johnson&Johnson, Moderna, Oxford/AstraZeneca, Pfizer/BioNTech",6771090,6542815,13313905
2021-12-16,"Johnson&Johnson, Moderna, Oxford/AstraZeneca, Pfizer/BioNTech",6778033,6557650,13335683
2021-12-17,"Johnson&Johnson, Moderna, Oxford/AstraZeneca, Pfizer/BioNTech",6786397,6574920,13361317
2021-12-18,"Johnson&Johnson, Moderna, Oxford/AstraZeneca, Pfizer/BioNTech",6789008,6580376,13369384
2021-12-19,"Johnson&Johnson, Moderna, Pfizer/BioNTech",6790780,6582880,13373660
2021-12-20,"Johnson&Johnson, Moderna, Oxford/AstraZeneca, Pfizer/BioNTech",6796631,6596943,13393574
2021-12-21,"Johnson&Johnson, Moderna, Oxford/AstraZeneca, Pfizer/BioNTech",6803294,6608946,13412240
2021-12-22,"Johnson&Johnson, Moderna, Oxford/AstraZeneca, Pfizer/BioNTech",6808341,6622006,13430347
2021-12-23,"Johnson&Johnson, Moderna, Oxford/AstraZeneca, Pfizer/BioNTech",6811215,6627610,13438825
2021-12-24,"Johnson&Johnson, Moderna, Oxford/AstraZeneca, Pfizer/BioNTech",6811261,6627714,13438975
2021-12-25,"Moderna, Pfizer/BioNTech",6811262,6627722,13438984
2021-12-26,"Moderna, Pfizer/BioNTech",6811364,6627925,13439289
2021-12-27,"Johnson&Johnson, Moderna, Pfizer/BioNTech",6815231,6637671,13452902
2021-12-28,"Johnson&Johnson, Moderna, Oxford/AstraZeneca, Pfizer/BioNTech",6820471,6645669,13466140
2021-12-29,"Johnson&Johnson, Moderna, Oxford/AstraZeneca, Pfizer/BioNTech",6824753,6653390,13478143
2021-12-30,"Johnson&Johnson, Moderna, Pfizer/BioNTech",6829054,6658824,13487878
2021-12-31,"Johnson&Johnson, Moderna, Pfizer/BioNTech",6829565,6660249,13489814
2022-01-01,"Moderna, Pfizer/BioNTech",6829571,6660267,13489838
2022-01-02,"Johnson&Johnson, Moderna, Pfizer/BioNTech",6830427,6661644,13492071
2022-01-03,"Johnson&Johnson, Moderna, Oxford/AstraZeneca, Pfizer/BioNTech",6834563,6670553,13505116
2022-01-04,"Johnson&Johnson, Moderna, Oxford/AstraZeneca, Pfizer/BioNTech",6839647,6678310,13517957
2022-01-05,"Johnson&Johnson, Moderna, Oxford/AstraZeneca, Pfizer/BioNTech",6845469,6686284,13531753
2022-01-06,"Johnson&Johnson, Moderna, Oxford/AstraZeneca, Pfizer/BioNTech",6852055,6694685,13546740
2022-01-07,"Johnson&Johnson, Moderna, Oxford/AstraZeneca, Pfizer/BioNTech",6859930,6705041,13564971
2022-01-08,"Johnson&Johnson, Moderna, Oxford/AstraZeneca, Pfizer/BioNTech",6862409,6707819,13570228
2022-01-09,"Johnson&Johnson, Moderna, Pfizer/BioNTech",6863492,6709514,13573006
2022-01-10,"Johnson&Johnson, Moderna, Oxford/AstraZeneca, Pfizer/BioNTech",6867999,6715705,13583704
2022-01-11,"Johnson&Johnson, Moderna, Oxford/AstraZeneca, Pfizer/BioNTech",6873448,6722461,13595909
2022-01-12,"Johnson&Johnson, Moderna, Oxford/AstraZeneca, Pfizer/BioNTech",6879405,6728103,13607508
2022-01-13,"Johnson&Johnson, Moderna, Oxford/AstraZeneca, Pfizer/BioNTech",6885294,6732878,13618172
2022-01-14,"Johnson&Johnson, Moderna, Oxford/AstraZeneca, Pfizer/BioNTech",6891596,6736509,13628105
2022-01-15,"Johnson&Johnson, Moderna, Oxford/AstraZeneca, Pfizer/BioNTech",6892872,6737165,13630037
2022-01-16,"Johnson&Johnson, Moderna, Oxford/AstraZeneca, Pfizer/BioNTech",6893562,6737602,13631164
2022-01-17,"Johnson&Johnson, Moderna, Oxford/AstraZeneca, Pfizer/BioNTech",6897117,6741558,13638675
2022-01-18,"Johnson&Johnson, Moderna, Oxford/AstraZeneca, Pfizer/BioNTech",6900966,6746509,13647475
2022-01-19,"Johnson&Johnson, Moderna, Oxford/AstraZeneca, Pfizer/BioNTech",6905034,6750441,13655475
2022-01-20,"Johnson&Johnson, Moderna, Oxford/AstraZeneca, Pfizer/BioNTech",6908629,6754896,13663525
2022-01-21,"Johnson&Johnson, Moderna, Oxford/AstraZeneca, Pfizer/BioNTech",6912627,6757424,13670051
2022-01-22,"Johnson&Johnson, Moderna, Pfizer/BioNTech",6913406,6757865,13671271
2022-01-23,"Johnson&Johnson, Moderna, Pfizer/BioNTech",6913967,6758499,13672466
2022-01-24,"Johnson&Johnson, Moderna, Oxford/AstraZeneca, Pfizer/BioNTech",6916239,6761934,13678173
2022-01-25,"Johnson&Johnson, Moderna, Oxford/AstraZeneca, Pfizer/BioNTech",6918597,6765928,13684525
2022-01-26,"Johnson&Johnson, Moderna, Oxford/AstraZeneca, Pfizer/BioNTech",6920982,6770496,13691478
2022-01-27,"Johnson&Johnson, Moderna, Oxford/AstraZeneca, Pfizer/BioNTech",6923304,6775308,13698612
2022-01-28,"Johnson&Johnson, Moderna, Oxford/AstraZeneca, Pfizer/BioNTech",6926221,6781471,13707692
2022-01-29,"Johnson&Johnson, Moderna, Oxford/AstraZeneca, Pfizer/BioNTech",6926823,6783122,13709945
2022-01-30,"Johnson&Johnson, Moderna, Pfizer/BioNTech",6927050,6783904,13710954
2022-01-31,"Johnson&Johnson, Moderna, Pfizer/BioNTech",6928591,6787831,13716422
2022-02-01,"Johnson&Johnson, Moderna, Pfizer/BioNTech",6930186,6791863,13722049
2022-02-02,"Johnson&Johnson, Moderna, Oxford/AstraZeneca, Pfizer/BioNTech",6931752,6796373,13728125
2022-02-03,"Johnson&Johnson, Moderna, Pfizer/BioNTech",6933132,6800858,13733990
2022-02-04,"Johnson&Johnson, Moderna, Pfizer/BioNTech",6934733,6805973,13740706
2022-02-05,"Johnson&Johnson, Moderna, Pfizer/BioNTech",6934906,6806583,13741489
2022-02-06,"Johnson&Johnson, Moderna, Pfizer/BioNTech",6935002,6806902,13741904
2022-02-07,"Johnson&Johnson, Moderna, Pfizer/BioNTech",6935705,6810111,13745816
2022-02-08,"Johnson&Johnson, Moderna, Pfizer/BioNTech",6936500,6813300,13749800
2022-02-09,"Johnson&Johnson, Moderna, Pfizer/BioNTech",6937322,6816673,13753995
2022-02-10,"Johnson&Johnson, Moderna, Pfizer/BioNTech",6938124,6819800,13757924
2022-02-11,"Johnson&Johnson, Moderna, Pfizer/BioNTech",6939078,6823715,13762793
2022-02-12,"Johnson&Johnson, Moderna, Pfizer/BioNTech",6939188,6824134,13763322
2022-02-13,"Johnson&Johnson, Moderna, Pfizer/BioNTech",6939225,6824572,13763797
2022-02-14,"Johnson&Johnson, Moderna, Pfizer/BioNTech",6939683,6826684,13766367
2022-02-15,"Johnson&Johnson, Moderna, Pfizer/BioNTech",6940236,6828894,13769130
2022-02-16,"Johnson&Johnson, Moderna, Pfizer/BioNTech",6940827,6830993,13771820
2022-02-17,"Johnson&Johnson, Moderna, Pfizer/BioNTech",6941421,6833335,13774756
2022-02-18,"Johnson&Johnson, Moderna, Oxford/AstraZeneca, Pfizer/BioNTech",6942063,6836388,13778451
2022-02-19,"Johnson&Johnson, Moderna, Pfizer/BioNTech",6942142,6836669,13778811
2022-02-20,"Johnson&Johnson, Moderna, Oxford/AstraZeneca, Pfizer/BioNTech",6942180,6836818,13778998
2022-02-21,"Johnson&Johnson, Moderna, Pfizer/BioNTech",6942544,6838517,13781061
2022-02-22,"Johnson&Johnson, Moderna, Oxford/AstraZeneca, Pfizer/BioNTech",6942936,6840215,13783151
2022-02-23,"Johnson&Johnson, Moderna, Pfizer/BioNTech",6943392,6841858,13785250
2022-02-24,"Johnson&Johnson, Moderna, Pfizer/BioNTech",6943800,6843489,13787289
2022-02-25,"Johnson&Johnson, Moderna, Pfizer/BioNTech",6944383,6845573,13789956
2022-02-26,"Johnson&Johnson, Moderna, Pfizer/BioNTech",6944444,6845734,13790178
2022-02-27,"Johnson&Johnson, Moderna, Pfizer/BioNTech",6944474,6845810,13790284
2022-02-28,"Johnson&Johnson, Moderna, Pfizer/BioNTech",6944720,6846786,13791506
2022-03-01,"Johnson&Johnson, Moderna, Pfizer/BioNTech",6945027,6847570,13792597
2022-03-02,"Johnson&Johnson, Moderna, Novavax, Pfizer/BioNTech",6945400,6848478,13793878
2022-03-03,"Johnson&Johnson, Moderna, Novavax, Pfizer/BioNTech",6945737,6849421,13795158
2022-03-04,"Johnson&Johnson, Moderna, Novavax, Pfizer/BioNTech",6946367,6850642,13797009
2022-03-05,"Johnson&Johnson, Moderna, Novavax, Pfizer/BioNTech",6946448,6850735,13797183
2022-03-06,"Moderna, Novavax, Pfizer/BioNTech",6946461,6850753,13797214
2022-03-07,"Johnson&Johnson, Moderna, Novavax, Pfizer/BioNTech",6946796,6851311,13798107
2022-03-08,"Johnson&Johnson, Moderna, Novavax, Pfizer/BioNTech",6947131,6851853,13798984
2022-03-09,"Johnson&Johnson, Moderna, Novavax, Pfizer/BioNTech",6947520,6852442,13799962
2022-03-10,"Johnson&Johnson, Moderna, Novavax, Pfizer/BioNTech",6947932,6853113,13801045
2022-03-11,"Johnson&Johnson, Moderna, Novavax, Pfizer/BioNTech",6948681,6854023,13802704
2022-03-12,"Johnson&Johnson, Moderna, Novavax, Pfizer/BioNTech",6948752,6854128,13802880
2022-03-13,"Johnson&Johnson, Moderna, Novavax, Pfizer/BioNTech",6948765,6854146,13802911
2022-03-14,"Johnson&Johnson, Moderna, Novavax, Pfizer/BioNTech",6949032,6854528,13803560
2022-03-15,"Johnson&Johnson, Moderna, Novavax, Pfizer/BioNTech",6949316,6854964,13804280
2022-03-16,"Johnson&Johnson, Moderna, Novavax, Pfizer/BioNTech",6949635,6855507,13805142
2022-03-17,"Johnson&Johnson, Moderna, Novavax, Oxford/AstraZeneca, Pfizer/BioNTech",6949931,6855940,13805871
2022-03-18,"Johnson&Johnson, Moderna, Novavax, Pfizer/BioNTech",6950629,6856735,13807364
2022-03-19,"Moderna, Novavax, Pfizer/BioNTech",6950685,6856780,13807465
2022-03-20,"Moderna, Novavax, Pfizer/BioNTech",6950703,6856792,13807495
2022-03-21,"Johnson&Johnson, Moderna, Novavax, Pfizer/BioNTech",6950891,6857119,13808010
2022-03-22,"Johnson&Johnson, Moderna, Novavax, Pfizer/BioNTech",6951132,6857517,13808649
2022-03-23,"Johnson&Johnson, Moderna, Novavax, Pfizer/BioNTech",6951469,6857955,13809424
2022-03-24,"Johnson&Johnson, Moderna, Novavax, Pfizer/BioNTech",6951780,6858428,13810208
2022-03-25,"Johnson&Johnson, Moderna, Novavax, Pfizer/BioNTech",6952274,6859233,13811507
2022-03-26,"Johnson&Johnson, Moderna, Novavax, Pfizer/BioNTech",6952326,6859311,13811637
2022-03-27,"Moderna, Novavax, Pfizer/BioNTech",6952342,6859328,13811670
2022-03-28,"Johnson&Johnson, Moderna, Novavax, Pfizer/BioNTech",6952497,6859706,13812203
2022-03-29,"Johnson&Johnson, Moderna, Novavax, Pfizer/BioNTech",6952759,6860112,13812871
2022-03-30,"Johnson&Johnson, Moderna, Novavax, Pfizer/BioNTech",6953064,6860605,13813669
2022-03-31,"Johnson&Johnson, Moderna, Novavax, Pfizer/BioNTech",6953362,6861097,13814459
2022-04-01,"Johnson&Johnson, Moderna, Novavax, Pfizer/BioNTech",6953973,6861858,13815831
2022-04-02,"Moderna, Novavax, Pfizer/BioNTech",6954030,6861943,13815973
2022-04-03,"Moderna, Novavax, Pfizer/BioNTech",6954043,6861972,13816015
2022-04-04,"Johnson&Johnson, Moderna, Novavax, Pfizer/BioNTech",6954220,6862254,13816474
2022-04-05,"Johnson&Johnson, Moderna, Novavax, Pfizer/BioNTech",6954411,6862490,13816901
2022-04-06,"Johnson&Johnson, Moderna, Novavax, Pfizer/BioNTech",6954628,6862836,13817464
2022-04-07,"Johnson&Johnson, Moderna, Novavax, Pfizer/BioNTech",6954850,6863254,13818104
2022-04-08,"Johnson&Johnson, Moderna, Novavax, Pfizer/BioNTech",6955304,6863977,13819281
2022-04-09,"Johnson&Johnson, Moderna, Novavax, Pfizer/BioNTech",6955363,6864049,13819412
2022-04-10,"Moderna, Novavax, Pfizer/BioNTech",6955375,6864058,13819433
2022-04-11,"Johnson&Johnson, Moderna, Novavax, Pfizer/BioNTech",6955537,6864289,13819826
2022-04-12,"Johnson&Johnson, Moderna, Novavax, Pfizer/BioNTech",6955784,6864587,13820371
2022-04-13,"Johnson&Johnson, Moderna, Novavax, Pfizer/BioNTech",6956025,6864941,13820966
2022-04-14,"Johnson&Johnson, Moderna, Novavax, Pfizer/BioNTech",6956287,6865326,13821613
2022-04-15,"Moderna, Novavax, Pfizer/BioNTech",6956303,6865357,13821660
2022-04-16,"Johnson&Johnson, Moderna, Novavax, Pfizer/BioNTech",6956323,6865391,13821714
2022-04-17,"Moderna, Novavax, Pfizer/BioNTech",6956324,6865392,13821716
2022-04-18,"Moderna, Novavax, Pfizer/BioNTech",6956338,6865409,13821747
2022-04-19,"Johnson&Johnson, Moderna, Novavax, Pfizer/BioNTech",6956477,6865747,13822224
2022-04-20,"Johnson&Johnson, Moderna, Novavax, Pfizer/BioNTech",6956700,6866137,13822837
2022-04-21,"Johnson&Johnson, Moderna, Novavax, Pfizer/BioNTech",6956917,6866561,13823478
2022-04-22,"Johnson&Johnson, Moderna, Novavax, Pfizer/BioNTech",6957382,6867388,13824770
2022-04-23,"Moderna, Novavax, Pfizer/BioNTech",6957413,6867467,13824880
2022-04-24,"Moderna, Novavax, Pfizer/BioNTech",6957418,6867478,13824896
2022-04-25,"Johnson&Johnson, Moderna, Novavax, Pfizer/BioNTech",6957573,6867686,13825259
2022-04-26,"Johnson&Johnson, Moderna, Novavax, Pfizer/BioNTech",6957713,6867950,13825663
2022-04-27,"Johnson&Johnson, Moderna, Novavax, Pfizer/BioNTech",6957980,6868280,13826260
2022-04-28,"Johnson&Johnson, Moderna, Novavax, Pfizer/BioNTech",6958175,6868568,13826743
2022-04-29,"Johnson&Johnson, Moderna, Novavax, Pfizer/BioNTech",6958610,6869157,13827767
2022-04-30,"Moderna, Novavax, Pfizer/BioNTech",6958650,6869224,13827874
2022-05-01,"Moderna, Novavax, Oxford/AstraZeneca, Pfizer/BioNTech",6958655,6869233,13827888
2022-05-02,"Johnson&Johnson, Moderna, Novavax, Pfizer/BioNTech",6958785,6869415,13828200
2022-05-03,"Johnson&Johnson, Moderna, Novavax, Pfizer/BioNTech",6958942,6869671,13828613
2022-05-04,"Johnson&Johnson, Moderna, Novavax, Pfizer/BioNTech",6959147,6869946,13829093
2022-05-05,"Johnson&Johnson, Moderna, Novavax, Pfizer/BioNTech",6959354,6870236,13829590
2022-05-06,"Johnson&Johnson, Moderna, Novavax, Pfizer/BioNTech",6959729,6870578,13830307
2022-05-07,"Moderna, Novavax, Pfizer/BioNTech",6959756,6870604,13830360
2022-05-08,"Moderna, Pfizer/BioNTech",6959757,6870612,13830369
2022-05-09,"Johnson&Johnson, Moderna, Novavax, Pfizer/BioNTech",6959865,6870702,13830567
2022-05-10,"Johnson&Johnson, Moderna, Novavax, Pfizer/BioNTech",6960019,6870939,13830958
2022-05-11,"Johnson&Johnson, Moderna, Novavax, Oxford/AstraZeneca, Pfizer/BioNTech",6960239,6871206,13831445
2022-05-12,"Johnson&Johnson, Moderna, Novavax, Pfizer/BioNTech",6960438,6871483,13831921
2022-05-13,"Johnson&Johnson, Moderna, Novavax, Pfizer/BioNTech",6960783,6871980,13832763
2022-05-14,"Johnson&Johnson, Moderna, Novavax, Pfizer/BioNTech",6960824,6872020,13832844
2022-05-15,"Johnson&Johnson, Moderna, Novavax, Pfizer/BioNTech",6960837,6872031,13832868
2022-05-16,"Johnson&Johnson, Moderna, Novavax, Pfizer/BioNTech",6960942,6872151,13833093
2022-05-17,"Johnson&Johnson, Moderna, Novavax, Pfizer/BioNTech",6961083,6872306,13833389
2022-05-18,"Johnson&Johnson, Moderna, Novavax, Pfizer/BioNTech",6961310,6872637,13833947
2022-05-19,"Johnson&Johnson, Moderna, Novavax, Pfizer/BioNTech",6961499,6872888,13834387
2022-05-20,"Johnson&Johnson, Moderna, Novavax, Pfizer/BioNTech",6961798,6873438,13835236
2022-05-21,"Johnson&Johnson, Moderna, Novavax, Pfizer/BioNTech",6961837,6873467,13835304
2022-05-22,"Moderna, Pfizer/BioNTech",6961845,6873473,13835318
2022-05-23,"Johnson&Johnson, Moderna, Novavax, Pfizer/BioNTech",6961966,6873628,13835594
2022-05-24,"Johnson&Johnson, Moderna, Novavax, Pfizer/BioNTech",6962098,6873801,13835899
2022-05-25,"Johnson&Johnson, Moderna, Novavax, Oxford/AstraZeneca, Pfizer/BioNTech",6962271,6874050,13836321
2022-05-26,"Johnson&Johnson, Moderna, Novavax, Pfizer/BioNTech",6962424,6874275,13836699
2022-05-27,"Johnson&Johnson, Moderna, Novavax, Pfizer/BioNTech",6962689,6874742,13837431
2022-05-28,"Moderna, Novavax, Pfizer/BioNTech",6962726,6874791,13837517
2022-05-29,"Moderna, Novavax, Pfizer/BioNTech",6962735,6874795,13837530
2022-05-30,"Johnson&Johnson, Moderna, Novavax, Pfizer/BioNTech",6962814,6874951,13837765
2022-05-31,"Johnson&Johnson, Moderna, Novavax, Pfizer/BioNTech",6962959,6875147,13838106
2022-06-01,"Johnson&Johnson, Moderna, Novavax, Pfizer/BioNTech",6963083,6875377,13838460
2022-06-02,"Moderna, Novavax, Pfizer/BioNTech",6963216,6875607,13838823
2022-06-03,"Johnson&Johnson, Moderna, Novavax, Pfizer/BioNTech",6963472,6876065,13839537
2022-06-04,"Johnson&Johnson, Moderna, Novavax, Pfizer/BioNTech",6963505,6876105,13839610
2022-06-05,"Moderna, Novavax, Pfizer/BioNTech",6963512,6876111,13839623
2022-06-06,"Johnson&Johnson, Moderna, Novavax, Pfizer/BioNTech",6963594,6876252,13839846
2022-06-07,"Johnson&Johnson, Moderna, Novavax, Pfizer/BioNTech",6963681,6876404,13840085
2022-06-08,"Johnson&Johnson, Moderna, Novavax, Pfizer/BioNTech",6963814,6876651,13840465
2022-06-09,"Johnson&Johnson, Moderna, Novavax, Pfizer/BioNTech",6963908,6876851,13840759
2022-06-10,"Johnson&Johnson, Moderna, Novavax, Pfizer/BioNTech",6964084,6877181,13841265
2022-06-11,"Moderna, Novavax, Pfizer/BioNTech",6964098,6877220,13841318
2022-06-12,"Moderna, Novavax, Pfizer/BioNTech",6964104,6877243,13841347
2022-06-13,"Johnson&Johnson, Moderna, Novavax, Oxford/AstraZeneca, Pfizer/BioNTech",6964151,6877362,13841513
2022-06-14,"Johnson&Johnson, Moderna, Novavax, Pfizer/BioNTech",6964229,6877502,13841731
2022-06-15,"Johnson&Johnson, Moderna, Novavax, Pfizer/BioNTech",6964304,6877685,13841989
2022-06-16,"Johnson&Johnson, Moderna, Novavax, Pfizer/BioNTech",6964368,6877850,13842218
