date,vaccine,people_vaccinated,people_fully_vaccinated,total_vaccinations
2020-12-27,Pfizer/BioNTech,1286,0,1286
2020-12-28,Pfizer/BioNTech,3589,0,3589
2020-12-29,Pfizer/BioNTech,7060,1,7061
2020-12-30,Pfizer/BioNTech,10576,1,10577
2020-12-31,Pfizer/BioNTech,11889,1,11890
2021-01-01,"Moderna, Pfizer/BioNTech",12160,1,12161
2021-01-02,"Moderna, Pfizer/BioNTech",13446,2,13448
2021-01-03,"Moderna, Pfizer/BioNTech",14373,2,14375
2021-01-04,"Moderna, Pfizer/BioNTech",17982,3,17985
2021-01-05,"Moderna, Pfizer/BioNTech",22507,4,22511
2021-01-06,"Moderna, Pfizer/BioNTech",28353,5,28358
2021-01-07,"Moderna, Pfizer/BioNTech",36352,5,36357
2021-01-08,"Moderna, Pfizer/BioNTech",46405,6,46411
2021-01-09,"Moderna, Pfizer/BioNTech",48431,8,48439
2021-01-10,Pfizer/BioNTech,50203,10,50213
2021-01-11,"Moderna, Pfizer/BioNTech",60060,12,60072
2021-01-12,"Moderna, Pfizer/BioNTech",73515,14,73529
2021-01-13,"Moderna, Pfizer/BioNTech",87061,15,87076
2021-01-14,"Moderna, Pfizer/BioNTech",102312,19,102331
2021-01-15,"Moderna, Pfizer/BioNTech",116332,20,116352
2021-01-16,"Moderna, Pfizer/BioNTech",119736,24,119760
2021-01-17,"Moderna, Pfizer/BioNTech",122356,660,123016
2021-01-18,"Moderna, Pfizer/BioNTech",134847,2486,137333
2021-01-19,"Moderna, Pfizer/BioNTech",147458,5215,152673
2021-01-20,"Moderna, Pfizer/BioNTech",161155,7880,169035
2021-01-21,"Moderna, Pfizer/BioNTech",176808,9623,186431
2021-01-22,"Moderna, Pfizer/BioNTech",191699,10668,202367
2021-01-23,"Moderna, Pfizer/BioNTech",195017,11548,206565
2021-01-24,"Moderna, Pfizer/BioNTech",197273,12419,209692
2021-01-25,"Moderna, Pfizer/BioNTech",206928,15388,222316
2021-01-26,"Moderna, Pfizer/BioNTech",217476,19379,236855
2021-01-27,"Moderna, Pfizer/BioNTech",226508,23914,250422
2021-01-28,"Moderna, Pfizer/BioNTech",233614,30048,263662
2021-01-29,"Indie/AstraZeneca, Moderna, Pfizer/BioNTech",239831,37958,277789
2021-01-30,"Moderna, Pfizer/BioNTech",240572,39046,279618
2021-01-31,"Moderna, Pfizer/BioNTech",241291,40228,281519
2021-02-01,"Moderna, Pfizer/BioNTech",245274,48197,293471
2021-02-02,"Moderna, Pfizer/BioNTech",249430,58437,307867
2021-02-03,"Moderna, Pfizer/BioNTech",253857,69457,323314
2021-02-04,"Moderna, Pfizer/BioNTech",258764,82448,341212
2021-02-05,"Moderna, Pfizer/BioNTech",264238,93122,357360
2021-02-06,"Moderna, Oxford/AstraZeneca, Pfizer/BioNTech",265095,95488,360583
2021-02-07,"Moderna, Oxford/AstraZeneca, Pfizer/BioNTech",265946,97988,363934
2021-02-08,"Moderna, Oxford/AstraZeneca, Pfizer/BioNTech",270037,109415,379452
2021-02-09,"Moderna, Oxford/AstraZeneca, Pfizer/BioNTech",275149,121328,396477
2021-02-10,"Moderna, Oxford/AstraZeneca, Pfizer/BioNTech",280668,134588,415256
2021-02-11,"Moderna, Oxford/AstraZeneca, Pfizer/BioNTech",287010,150808,437818
2021-02-12,"Moderna, Oxford/AstraZeneca, Pfizer/BioNTech",293838,165556,459394
2021-02-13,"Moderna, Oxford/AstraZeneca, Pfizer/BioNTech",295456,168543,463999
2021-02-14,"Moderna, Oxford/AstraZeneca, Pfizer/BioNTech",296462,169930,466392
2021-02-15,"Moderna, Oxford/AstraZeneca, Pfizer/BioNTech",302862,179301,482163
2021-02-16,"Moderna, Oxford/AstraZeneca, Pfizer/BioNTech",311582,188382,499964
2021-02-17,"Moderna, Oxford/AstraZeneca, Pfizer/BioNTech",321284,196694,517978
2021-02-18,"Moderna, Oxford/AstraZeneca, Pfizer/BioNTech",333613,204777,538390
2021-02-19,"Moderna, Oxford/AstraZeneca, Pfizer/BioNTech",345480,212154,557634
2021-02-20,"Moderna, Oxford/AstraZeneca, Pfizer/BioNTech",347490,213340,560830
2021-02-21,"Moderna, Oxford/AstraZeneca, Pfizer/BioNTech",348627,214366,562993
2021-02-22,"Moderna, Oxford/AstraZeneca, Pfizer/BioNTech",358751,220403,579154
2021-02-23,"Moderna, Oxford/AstraZeneca, Pfizer/BioNTech",371716,227395,599111
2021-02-24,"Moderna, Oxford/AstraZeneca, Pfizer/BioNTech",385599,233437,619036
2021-02-25,"Moderna, Oxford/AstraZeneca, Pfizer/BioNTech",403582,238988,642570
2021-02-26,"Moderna, Oxford/AstraZeneca, Pfizer/BioNTech",419762,244348,664110
2021-02-27,"Moderna, Oxford/AstraZeneca, Pfizer/BioNTech",422771,244907,667678
2021-02-28,"Moderna, Oxford/AstraZeneca, Pfizer/BioNTech",425129,245458,670587
2021-03-01,"Moderna, Oxford/AstraZeneca, Pfizer/BioNTech",444729,248905,693634
2021-03-02,"Indie/AstraZeneca, Moderna, Oxford/AstraZeneca, Pfizer/BioNTech",471958,252460,724418
2021-03-03,"Moderna, Oxford/AstraZeneca, Pfizer/BioNTech",502914,256972,759886
2021-03-04,"Moderna, Oxford/AstraZeneca, Pfizer/BioNTech",536199,261663,797862
2021-03-05,"Johnson&Johnson, Moderna, Oxford/AstraZeneca, Pfizer/BioNTech",565045,267092,832137
2021-03-06,"Johnson&Johnson, Moderna, Oxford/AstraZeneca, Pfizer/BioNTech",577205,267958,845163
2021-03-07,"Johnson&Johnson, Moderna, Oxford/AstraZeneca, Pfizer/BioNTech",588755,268801,857556
2021-03-08,"Johnson&Johnson, Moderna, Oxford/AstraZeneca, Pfizer/BioNTech",618504,273664,892168
2021-03-09,"Johnson&Johnson, Moderna, Oxford/AstraZeneca, Pfizer/BioNTech",654877,280051,934928
2021-03-10,"Johnson&Johnson, Moderna, Oxford/AstraZeneca, Pfizer/BioNTech",696210,287011,983221
2021-03-11,"Johnson&Johnson, Moderna, Oxford/AstraZeneca, Pfizer/BioNTech",741068,295386,1036454
2021-03-12,"Johnson&Johnson, Moderna, Oxford/AstraZeneca, Pfizer/BioNTech, Čína",779830,303887,1083717
2021-03-13,"Johnson&Johnson, Moderna, Oxford/AstraZeneca, Pfizer/BioNTech",796943,305203,1102146
2021-03-14,"Johnson&Johnson, Moderna, Oxford/AstraZeneca, Pfizer/BioNTech",809061,306360,1115421
2021-03-15,"Johnson&Johnson, Moderna, Oxford/AstraZeneca, Pfizer/BioNTech",837456,315140,1152596
2021-03-16,"Johnson&Johnson, Moderna, Oxford/AstraZeneca, Pfizer/BioNTech",876354,325677,1202031
2021-03-17,"Moderna, Oxford/AstraZeneca, Pfizer/BioNTech",913839,336192,1250031
2021-03-18,"Johnson&Johnson, Moderna, Oxford/AstraZeneca, Pfizer/BioNTech",951846,348618,1300464
2021-03-19,"Johnson&Johnson, Moderna, Oxford/AstraZeneca, Pfizer/BioNTech",986368,362232,1348600
2021-03-20,"Johnson&Johnson, Moderna, Oxford/AstraZeneca, Pfizer/BioNTech",1001551,364262,1365813
2021-03-21,"Johnson&Johnson, Moderna, Oxford/AstraZeneca, Pfizer/BioNTech",1008999,365822,1374821
2021-03-22,"Indie/AstraZeneca, Johnson&Johnson, Moderna, Oxford/AstraZeneca, Pfizer/BioNTech",1033575,378323,1411898
2021-03-23,"Johnson&Johnson, Moderna, Oxford/AstraZeneca, Pfizer/BioNTech",1060252,391690,1451942
2021-03-24,"Johnson&Johnson, Moderna, Oxford/AstraZeneca, Pfizer/BioNTech",1087149,407435,1494584
2021-03-25,"Indie/AstraZeneca, Johnson&Johnson, Moderna, Oxford/AstraZeneca, Pfizer/BioNTech",1113510,425290,1538800
2021-03-26,"Johnson&Johnson, Moderna, Oxford/AstraZeneca, Pfizer/BioNTech",1138352,442803,1581155
2021-03-27,"Johnson&Johnson, Moderna, Oxford/AstraZeneca, Pfizer/BioNTech, Čína",1146815,447650,1594465
2021-03-28,"Moderna, Oxford/AstraZeneca, Pfizer/BioNTech",1152363,451798,1604161
2021-03-29,"Johnson&Johnson, Moderna, Oxford/AstraZeneca, Pfizer/BioNTech",1171524,472531,1644055
2021-03-30,"Johnson&Johnson, Moderna, Oxford/AstraZeneca, Pfizer/BioNTech",1196233,494719,1690952
2021-03-31,"Johnson&Johnson, Moderna, Oxford/AstraZeneca, Pfizer/BioNTech",1219393,521788,1741181
2021-04-01,"Indie/AstraZeneca, Johnson&Johnson, Moderna, Oxford/AstraZeneca, Pfizer/BioNTech",1245084,553845,1798929
2021-04-02,"Indie/AstraZeneca, Johnson&Johnson, Moderna, Oxford/AstraZeneca, Pfizer/BioNTech",1252069,566641,1818710
2021-04-03,"Johnson&Johnson, Moderna, Oxford/AstraZeneca, Pfizer/BioNTech",1255724,577574,1833298
2021-04-04,"Johnson&Johnson, Moderna, Oxford/AstraZeneca, Pfizer/BioNTech",1258270,586499,1844769
2021-04-05,"Johnson&Johnson, Moderna, Oxford/AstraZeneca, Pfizer/BioNTech",1260703,593704,1854407
2021-04-06,"Indie/AstraZeneca, Johnson&Johnson, Moderna, Oxford/AstraZeneca, Pfizer/BioNTech, Čína",1276924,622980,1899904
2021-04-07,"Johnson&Johnson, Moderna, Oxford/AstraZeneca, Pfizer/BioNTech",1300426,645219,1945645
2021-04-08,"Johnson&Johnson, Moderna, Oxford/AstraZeneca, Pfizer/BioNTech",1339247,676267,2015514
2021-04-09,"Indie/AstraZeneca, Johnson&Johnson, Moderna, Oxford/AstraZeneca, Pfizer/BioNTech",1378846,706469,2085315
2021-04-10,"Johnson&Johnson, Moderna, Oxford/AstraZeneca, Pfizer/BioNTech",1394415,721783,2116198
2021-04-11,"Johnson&Johnson, Moderna, Oxford/AstraZeneca, Pfizer/BioNTech",1404210,731840,2136050
2021-04-12,"Johnson&Johnson, Moderna, Oxford/AstraZeneca, Pfizer/BioNTech",1442533,756985,2199518
2021-04-13,"Moderna, Oxford/AstraZeneca, Pfizer/BioNTech",1478842,783028,2261870
2021-04-14,"Moderna, Oxford/AstraZeneca, Pfizer/BioNTech",1517733,810407,2328140
2021-04-15,"Moderna, Oxford/AstraZeneca, Pfizer/BioNTech",1565569,836188,2401757
2021-04-16,"Moderna, Oxford/AstraZeneca, Pfizer/BioNTech",1610291,861869,2472160
2021-04-17,"Indie/AstraZeneca, Moderna, Oxford/AstraZeneca, Pfizer/BioNTech",1627019,870894,2497913
2021-04-18,"Moderna, Oxford/AstraZeneca, Pfizer/BioNTech",1640020,875880,2515900
2021-04-19,"Johnson&Johnson, Moderna, Oxford/AstraZeneca, Pfizer/BioNTech",1683996,891321,2575317
2021-04-20,"Johnson&Johnson, Moderna, Oxford/AstraZeneca, Pfizer/BioNTech",1726587,907211,2633798
2021-04-21,"Moderna, Oxford/AstraZeneca, Pfizer/BioNTech",1774353,921582,2695935
2021-04-22,"Johnson&Johnson, Moderna, Oxford/AstraZeneca, Pfizer/BioNTech",1828886,938981,2767867
2021-04-23,"Johnson&Johnson, Moderna, Oxford/AstraZeneca, Pfizer/BioNTech",1878897,951048,2829945
2021-04-24,"Johnson&Johnson, Moderna, Oxford/AstraZeneca, Pfizer/BioNTech, Čína",1896774,956318,2853092
2021-04-25,"Johnson&Johnson, Moderna, Oxford/AstraZeneca, Pfizer/BioNTech",1911487,960323,2871810
2021-04-26,"Johnson&Johnson, Moderna, Oxford/AstraZeneca, Pfizer/BioNTech",1961102,967893,2928995
2021-04-27,"Johnson&Johnson, Moderna, Oxford/AstraZeneca, Pfizer/BioNTech",2010093,980147,2990240
2021-04-28,"Johnson&Johnson, Moderna, Oxford/AstraZeneca, Pfizer/BioNTech",2068877,994170,3063047
2021-04-29,"Johnson&Johnson, Moderna, Oxford/AstraZeneca, Pfizer/BioNTech",2134498,1010092,3144590
2021-04-30,"Johnson&Johnson, Moderna, Oxford/AstraZeneca, Pfizer/BioNTech",2196790,1020088,3216878
2021-05-01,"Johnson&Johnson, Moderna, Oxford/AstraZeneca, Pfizer/BioNTech",2216184,1023554,3239738
2021-05-02,"Johnson&Johnson, Moderna, Oxford/AstraZeneca, Pfizer/BioNTech",2235136,1025845,3260981
2021-05-03,"Johnson&Johnson, Moderna, Oxford/AstraZeneca, Pfizer/BioNTech",2302413,1030930,3333343
2021-05-04,"Johnson&Johnson, Moderna, Oxford/AstraZeneca, Pfizer/BioNTech",2368974,1039305,3408279
2021-05-05,"Johnson&Johnson, Moderna, Oxford/AstraZeneca, Pfizer/BioNTech",2442186,1048754,3490940
2021-05-06,"Johnson&Johnson, Moderna, Oxford/AstraZeneca, Pfizer/BioNTech",2522626,1059508,3582134
2021-05-07,"Indie/AstraZeneca, Johnson&Johnson, Moderna, Oxford/AstraZeneca, Pfizer/BioNTech",2599966,1069654,3669620
2021-05-08,"Johnson&Johnson, Moderna, Oxford/AstraZeneca, Pfizer/BioNTech",2629511,1071448,3700959
2021-05-09,"Johnson&Johnson, Moderna, Oxford/AstraZeneca, Pfizer/BioNTech",2653755,1072671,3726426
2021-05-10,"Johnson&Johnson, Moderna, Oxford/AstraZeneca, Pfizer/BioNTech",2726556,1079918,3806474
2021-05-11,"Johnson&Johnson, Moderna, Oxford/AstraZeneca, Pfizer/BioNTech",2802712,1088754,3891466
2021-05-12,"Johnson&Johnson, Moderna, Oxford/AstraZeneca, Pfizer/BioNTech",2882656,1097901,3980557
2021-05-13,"Johnson&Johnson, Moderna, Oxford/AstraZeneca, Pfizer/BioNTech",2966713,1107091,4073804
2021-05-14,"Johnson&Johnson, Moderna, Oxford/AstraZeneca, Pfizer/BioNTech",3046270,1114919,4161189
2021-05-15,"Johnson&Johnson, Moderna, Oxford/AstraZeneca, Pfizer/BioNTech",3078235,1117206,4195441
2021-05-16,"Johnson&Johnson, Moderna, Oxford/AstraZeneca, Pfizer/BioNTech",3104051,1118493,4222544
2021-05-17,"Indie/AstraZeneca, Johnson&Johnson, Moderna, Oxford/AstraZeneca, Pfizer/BioNTech",3176592,1125252,4301844
2021-05-18,"Indie/AstraZeneca, Johnson&Johnson, Moderna, Oxford/AstraZeneca, Pfizer/BioNTech",3248586,1138379,4386965
2021-05-19,"Johnson&Johnson, Moderna, Oxford/AstraZeneca, Pfizer/BioNTech",3326089,1153554,4479643
2021-05-20,"Johnson&Johnson, Moderna, Oxford/AstraZeneca, Pfizer/BioNTech",3401590,1180626,4582216
2021-05-21,"Johnson&Johnson, Moderna, Oxford/AstraZeneca, Pfizer/BioNTech",3470454,1208437,4678891
2021-05-22,"Johnson&Johnson, Moderna, Oxford/AstraZeneca, Pfizer/BioNTech",3502929,1219682,4722611
2021-05-23,"Johnson&Johnson, Moderna, Oxford/AstraZeneca, Pfizer/BioNTech",3525380,1228724,4754104
2021-05-24,"Johnson&Johnson, Moderna, Oxford/AstraZeneca, Pfizer/BioNTech",3572601,1262407,4835008
2021-05-25,"Indie/AstraZeneca, Johnson&Johnson, Moderna, Oxford/AstraZeneca, Pfizer/BioNTech",3624527,1298254,4922781
2021-05-26,"Johnson&Johnson, Moderna, Oxford/AstraZeneca, Pfizer/BioNTech",3692301,1335819,5028120
2021-05-27,"Indie/AstraZeneca, Johnson&Johnson, Moderna, Oxford/AstraZeneca, Pfizer/BioNTech",3753742,1383187,5136929
2021-05-28,"Johnson&Johnson, Moderna, Oxford/AstraZeneca, Pfizer/BioNTech",3815494,1429805,5245299
2021-05-29,"Indie/AstraZeneca, Johnson&Johnson, Moderna, Oxford/AstraZeneca, Pfizer/BioNTech",3844772,1446954,5291726
2021-05-30,"Johnson&Johnson, Moderna, Oxford/AstraZeneca, Pfizer/BioNTech, Čína",3867194,1461427,5328621
2021-05-31,"Indie/AstraZeneca, Johnson&Johnson, Moderna, Oxford/AstraZeneca, Pfizer/BioNTech",3922942,1508967,5431909
2021-06-01,"Johnson&Johnson, Moderna, Oxford/AstraZeneca, Pfizer/BioNTech",3982067,1557862,5539929
2021-06-02,"Johnson&Johnson, Moderna, Oxford/AstraZeneca, Pfizer/BioNTech",4045050,1611898,5656948
2021-06-03,"Johnson&Johnson, Moderna, Oxford/AstraZeneca, Pfizer/BioNTech",4103318,1672149,5775467
2021-06-04,"Johnson&Johnson, Moderna, Oxford/AstraZeneca, Pfizer/BioNTech",4166467,1729582,5896049
2021-06-05,"Indie/AstraZeneca, Johnson&Johnson, Moderna, Oxford/AstraZeneca, Pfizer/BioNTech",4200663,1748517,5949180
2021-06-06,"Johnson&Johnson, Moderna, Oxford/AstraZeneca, Pfizer/BioNTech",4227627,1763697,5991324
2021-06-07,"Johnson&Johnson, Moderna, Oxford/AstraZeneca, Pfizer/BioNTech",4291325,1819352,6110677
2021-06-08,"Indie/AstraZeneca, Johnson&Johnson, Moderna, Oxford/AstraZeneca, Pfizer/BioNTech",4355345,1874381,6229726
2021-06-09,"Indie/AstraZeneca, Johnson&Johnson, Moderna, Oxford/AstraZeneca, Pfizer/BioNTech",4414571,1939082,6353653
2021-06-10,"Johnson&Johnson, Moderna, Oxford/AstraZeneca, Pfizer/BioNTech",4468438,2010408,6478846
2021-06-11,"Johnson&Johnson, Moderna, Oxford/AstraZeneca, Pfizer/BioNTech",4520567,2080272,6600839
2021-06-12,"Indie/AstraZeneca, Johnson&Johnson, Moderna, Oxford/AstraZeneca, Pfizer/BioNTech",4552603,2101136,6653739
2021-06-13,"Johnson&Johnson, Moderna, Oxford/AstraZeneca, Pfizer/BioNTech",4576647,2119583,6696230
2021-06-14,"Johnson&Johnson, Moderna, Oxford/AstraZeneca, Pfizer/BioNTech, Čína",4619750,2194001,6813751
2021-06-15,"Johnson&Johnson, Moderna, Oxford/AstraZeneca, Pfizer/BioNTech",4664443,2266420,6930863
2021-06-16,"Johnson&Johnson, Moderna, Oxford/AstraZeneca, Pfizer/BioNTech",4707276,2344676,7051952
2021-06-17,"Johnson&Johnson, Moderna, Oxford/AstraZeneca, Pfizer/BioNTech",4746716,2427803,7174519
2021-06-18,"Johnson&Johnson, Moderna, Oxford/AstraZeneca, Pfizer/BioNTech",4789170,2508414,7297584
2021-06-19,"Johnson&Johnson, Moderna, Oxford/AstraZeneca, Pfizer/BioNTech, Čína",4810976,2537770,7348746
2021-06-20,"Johnson&Johnson, Moderna, Oxford/AstraZeneca, Pfizer/BioNTech, Čína",4828393,2561658,7390051
2021-06-21,"Johnson&Johnson, Moderna, Oxford/AstraZeneca, Pfizer/BioNTech, Čína",4860912,2640297,7501209
2021-06-22,"Johnson&Johnson, Moderna, Oxford/AstraZeneca, Pfizer/BioNTech",4893900,2722648,7616548
2021-06-23,"Johnson&Johnson, Moderna, Oxford/AstraZeneca, Pfizer/BioNTech",4925632,2807922,7733554
2021-06-24,"Johnson&Johnson, Moderna, Oxford/AstraZeneca, Pfizer/BioNTech, Čína",4955513,2898013,7853526
2021-06-25,"Johnson&Johnson, Moderna, Oxford/AstraZeneca, Pfizer/BioNTech",4986614,2984278,7970892
2021-06-26,"Johnson&Johnson, Moderna, Oxford/AstraZeneca, Pfizer/BioNTech",5002522,3019176,8021698
2021-06-27,"Johnson&Johnson, Moderna, Oxford/AstraZeneca, Pfizer/BioNTech",5016487,3045905,8062392
2021-06-28,"Johnson&Johnson, Moderna, Oxford/AstraZeneca, Pfizer/BioNTech",5044919,3131150,8176069
2021-06-29,"Johnson&Johnson, Moderna, Oxford/AstraZeneca, Pfizer/BioNTech",5074218,3217725,8291943
2021-06-30,"Johnson&Johnson, Moderna, Oxford/AstraZeneca, Pfizer/BioNTech",5101734,3308803,8410537
2021-07-01,"Johnson&Johnson, Moderna, Oxford/AstraZeneca, Pfizer/BioNTech",5125755,3398931,8524686
2021-07-02,"Johnson&Johnson, Moderna, Oxford/AstraZeneca, Pfizer/BioNTech",5152514,3484894,8637408
2021-07-03,"Indie/AstraZeneca, Johnson&Johnson, Moderna, Oxford/AstraZeneca, Pfizer/BioNTech",5159629,3516475,8676104
2021-07-04,"Johnson&Johnson, Moderna, Oxford/AstraZeneca, Pfizer/BioNTech",5167228,3538307,8705535
2021-07-05,"Johnson&Johnson, Moderna, Oxford/AstraZeneca, Pfizer/BioNTech",5174659,3563729,8738388
2021-07-06,"Johnson&Johnson, Moderna, Oxford/AstraZeneca, Pfizer/BioNTech, Čína",5180155,3591481,8771636
2021-07-07,"Johnson&Johnson, Moderna, Oxford/AstraZeneca, Pfizer/BioNTech",5206006,3670500,8876506
2021-07-08,"Johnson&Johnson, Moderna, Oxford/AstraZeneca, Pfizer/BioNTech",5232634,3740876,8973510
2021-07-09,"Johnson&Johnson, Moderna, Oxford/AstraZeneca, Pfizer/BioNTech",5260604,3810233,9070837
2021-07-10,"Indie/AstraZeneca, Johnson&Johnson, Moderna, Oxford/AstraZeneca, Pfizer/BioNTech",5269994,3838915,9108909
2021-07-11,"Johnson&Johnson, Moderna, Oxford/AstraZeneca, Pfizer/BioNTech",5278557,3861811,9140368
2021-07-12,"Johnson&Johnson, Moderna, Oxford/AstraZeneca, Pfizer/BioNTech, Čína",5306126,3930910,9237036
2021-07-13,"Johnson&Johnson, Moderna, Oxford/AstraZeneca, Pfizer/BioNTech",5332352,4000825,9333177
2021-07-14,"Johnson&Johnson, Moderna, Oxford/AstraZeneca, Pfizer/BioNTech",5358206,4072848,9431054
2021-07-15,"Indie/AstraZeneca, Johnson&Johnson, Moderna, Oxford/AstraZeneca, Pfizer/BioNTech",5387405,4138893,9526298
2021-07-16,"Johnson&Johnson, Moderna, Oxford/AstraZeneca, Pfizer/BioNTech",5415361,4211660,9627021
2021-07-17,"Johnson&Johnson, Moderna, Oxford/AstraZeneca, Pfizer/BioNTech, Čína",5424175,4243149,9667324
2021-07-18,"Johnson&Johnson, Moderna, Oxford/AstraZeneca, Pfizer/BioNTech, Čína",5432624,4269173,9701797
2021-07-19,"Johnson&Johnson, Moderna, Oxford/AstraZeneca, Pfizer/BioNTech",5456001,4336214,9792215
2021-07-20,"Johnson&Johnson, Moderna, Oxford/AstraZeneca, Pfizer/BioNTech",5477435,4403303,9880738
2021-07-21,"Indie/AstraZeneca, Johnson&Johnson, Moderna, Oxford/AstraZeneca, Pfizer/BioNTech",5500910,4466794,9967704
2021-07-22,"Johnson&Johnson, Moderna, Oxford/AstraZeneca, Pfizer/BioNTech",5523300,4525467,10048767
2021-07-23,"Johnson&Johnson, Moderna, Oxford/AstraZeneca, Pfizer/BioNTech",5546555,4580256,10126811
2021-07-24,"Johnson&Johnson, Moderna, Oxford/AstraZeneca, Pfizer/BioNTech",5553923,4607948,10161871
2021-07-25,"Johnson&Johnson, Moderna, Oxford/AstraZeneca, Pfizer/BioNTech",5560577,4630094,10190671
2021-07-26,"Johnson&Johnson, Moderna, Oxford/AstraZeneca, Pfizer/BioNTech",5584147,4678807,10262954
2021-07-27,"Johnson&Johnson, Moderna, Oxford/AstraZeneca, Pfizer/BioNTech, Čína",5606914,4725492,10332406
2021-07-28,"Johnson&Johnson, Moderna, Oxford/AstraZeneca, Pfizer/BioNTech",5628211,4771545,10399756
2021-07-29,"Johnson&Johnson, Moderna, Oxford/AstraZeneca, Pfizer/BioNTech",5649567,4813552,10463119
2021-07-30,"Johnson&Johnson, Moderna, Oxford/AstraZeneca, Pfizer/BioNTech",5672863,4856162,10529025
2021-07-31,"Indie/AstraZeneca, Johnson&Johnson, Moderna, Oxford/AstraZeneca, Pfizer/BioNTech",5681834,4875727,10557561
2021-08-01,"Johnson&Johnson, Moderna, Oxford/AstraZeneca, Pfizer/BioNTech, Čína",5688577,4891913,10580490
2021-08-02,"Johnson&Johnson, Moderna, Oxford/AstraZeneca, Pfizer/BioNTech",5707237,4929509,10636746
2021-08-03,"Johnson&Johnson, Moderna, Oxford/AstraZeneca, Pfizer/BioNTech",5724911,4967665,10692576
2021-08-04,"Johnson&Johnson, Moderna, Oxford/AstraZeneca, Pfizer/BioNTech",5741054,5004473,10745527
2021-08-05,"Johnson&Johnson, Moderna, Oxford/AstraZeneca, Pfizer/BioNTech",5757118,5045001,10802119
2021-08-06,"Johnson&Johnson, Moderna, Oxford/AstraZeneca, Pfizer/BioNTech",5773951,5088355,10862306
2021-08-07,"Johnson&Johnson, Moderna, Oxford/AstraZeneca, Pfizer/BioNTech",5779571,5106553,10886124
2021-08-08,"Johnson&Johnson, Moderna, Oxford/AstraZeneca, Pfizer/BioNTech",5783948,5122331,10906279
2021-08-09,"Indie/AstraZeneca, Johnson&Johnson, Moderna, Oxford/AstraZeneca, Pfizer/BioNTech",5796598,5167427,10964025
2021-08-10,"Johnson&Johnson, Moderna, Oxford/AstraZeneca, Pfizer/BioNTech",5808459,5207035,11015494
2021-08-11,"Indie/AstraZeneca, Johnson&Johnson, Moderna, Oxford/AstraZeneca, Pfizer/BioNTech",5819843,5250203,11070046
2021-08-12,"Johnson&Johnson, Moderna, Oxford/AstraZeneca, Pfizer/BioNTech",5831276,5287374,11118650
2021-08-13,"Johnson&Johnson, Moderna, Oxford/AstraZeneca, Pfizer/BioNTech",5842025,5327752,11169777
2021-08-14,"Johnson&Johnson, Moderna, Oxford/AstraZeneca, Pfizer/BioNTech",5845377,5338483,11183860
2021-08-15,"Johnson&Johnson, Moderna, Oxford/AstraZeneca, Pfizer/BioNTech",5847973,5348881,11196854
2021-08-16,"Indie/AstraZeneca, Johnson&Johnson, Moderna, Oxford/AstraZeneca, Pfizer/BioNTech, Čína",5857778,5382988,11240766
2021-08-17,"Johnson&Johnson, Moderna, Oxford/AstraZeneca, Pfizer/BioNTech",5867382,5410122,11277504
2021-08-18,"Johnson&Johnson, Moderna, Oxford/AstraZeneca, Pfizer/BioNTech",5876761,5449060,11325821
2021-08-19,"Johnson&Johnson, Moderna, Oxford/AstraZeneca, Pfizer/BioNTech",5886448,5487437,11373885
2021-08-20,"Johnson&Johnson, Moderna, Oxford/AstraZeneca, Pfizer/BioNTech",5897852,5527659,11425511
2021-08-21,"Indie/AstraZeneca, Johnson&Johnson, Moderna, Oxford/AstraZeneca, Pfizer/BioNTech",5900587,5540451,11441038
2021-08-22,"Johnson&Johnson, Moderna, Oxford/AstraZeneca, Pfizer/BioNTech",5902933,5552433,11455366
2021-08-23,"Indie/AstraZeneca, Johnson&Johnson, Moderna, Oxford/AstraZeneca, Pfizer/BioNTech",5913475,5591739,11505214
2021-08-24,"Johnson&Johnson, Moderna, Oxford/AstraZeneca, Pfizer/BioNTech",5923360,5625007,11548367
2021-08-25,"Indie/AstraZeneca, Johnson&Johnson, Moderna, Oxford/AstraZeneca, Pfizer/BioNTech",5932240,5653408,11585648
2021-08-26,"Johnson&Johnson, Moderna, Oxford/AstraZeneca, Pfizer/BioNTech",5940701,5679567,11620268
2021-08-27,"Johnson&Johnson, Moderna, Oxford/AstraZeneca, Pfizer/BioNTech",5951032,5705573,11656605
2021-08-28,"Johnson&Johnson, Moderna, Oxford/AstraZeneca, Pfizer/BioNTech",5953778,5712659,11666437
2021-08-29,"Johnson&Johnson, Moderna, Oxford/AstraZeneca, Pfizer/BioNTech",5956197,5719292,11675489
2021-08-30,"Johnson&Johnson, Moderna, Oxford/AstraZeneca, Pfizer/BioNTech",5964728,5741194,11705922
2021-08-31,"Indie/AstraZeneca, Johnson&Johnson, Moderna, Oxford/AstraZeneca, Pfizer/BioNTech",5972422,5759330,11731752
2021-09-01,"Johnson&Johnson, Moderna, Oxford/AstraZeneca, Pfizer/BioNTech",5978341,5773362,11751703
2021-09-02,"Johnson&Johnson, Moderna, Oxford/AstraZeneca, Pfizer/BioNTech",5985188,5787771,11772959
2021-09-03,"Johnson&Johnson, Moderna, Oxford/AstraZeneca, Pfizer/BioNTech",5994753,5803525,11798278
2021-09-04,"Indie/AstraZeneca, Johnson&Johnson, Moderna, Oxford/AstraZeneca, Pfizer/BioNTech",5996833,5807102,11803935
2021-09-05,"Johnson&Johnson, Moderna, Oxford/AstraZeneca, Pfizer/BioNTech",5998882,5809955,11808837
2021-09-06,"Indie/AstraZeneca, Johnson&Johnson, Moderna, Oxford/AstraZeneca, Pfizer/BioNTech",6005125,5822512,11827637
2021-09-07,"Johnson&Johnson, Moderna, Oxford/AstraZeneca, Pfizer/BioNTech",6009522,5833616,11843138
2021-09-08,"Johnson&Johnson, Moderna, Oxford/AstraZeneca, Pfizer/BioNTech, Čína",6015205,5843492,11858697
2021-09-09,"Johnson&Johnson, Moderna, Oxford/AstraZeneca, Pfizer/BioNTech",6021909,5853574,11875483
2021-09-10,"Johnson&Johnson, Moderna, Oxford/AstraZeneca, Pfizer/BioNTech",6029616,5865774,11895390
2021-09-11,"Indie/AstraZeneca, Johnson&Johnson, Moderna, Oxford/AstraZeneca, Pfizer/BioNTech",6031494,5868278,11899772
2021-09-12,"Johnson&Johnson, Moderna, Oxford/AstraZeneca, Pfizer/BioNTech",6032614,5869917,11902531
2021-09-13,"Johnson&Johnson, Moderna, Oxford/AstraZeneca, Pfizer/BioNTech",6038060,5880241,11918301
2021-09-14,"Johnson&Johnson, Moderna, Oxford/AstraZeneca, Pfizer/BioNTech",6043466,5889264,11932730
2021-09-15,"Johnson&Johnson, Moderna, Oxford/AstraZeneca, Pfizer/BioNTech",6048683,5897803,11946486
2021-09-16,"Johnson&Johnson, Moderna, Oxford/AstraZeneca, Pfizer/BioNTech",6054055,5906085,11960140
2021-09-17,"Johnson&Johnson, Moderna, Oxford/AstraZeneca, Pfizer/BioNTech",6060632,5916332,11976964
2021-09-18,"Johnson&Johnson, Moderna, Oxford/AstraZeneca, Pfizer/BioNTech",6062365,5918701,11981066
2021-09-19,"Johnson&Johnson, Moderna, Oxford/AstraZeneca, Pfizer/BioNTech",6063313,5920275,11983588
2021-09-20,"Johnson&Johnson, Moderna, Oxford/AstraZeneca, Pfizer/BioNTech",6067345,5928481,11995826
2021-09-21,"Johnson&Johnson, Moderna, Oxford/AstraZeneca, Pfizer/BioNTech",6071592,5936024,12007616
2021-09-22,"Johnson&Johnson, Moderna, Oxford/AstraZeneca, Pfizer/BioNTech, Čína",6075792,5941559,12017351
2021-09-23,"Johnson&Johnson, Moderna, Oxford/AstraZeneca, Pfizer/BioNTech",6080754,5947982,12028736
2021-09-24,"Johnson&Johnson, Moderna, Oxford/AstraZeneca, Pfizer/BioNTech",6086519,5957606,12044125
2021-09-25,"Johnson&Johnson, Moderna, Oxford/AstraZeneca, Pfizer/BioNTech",6088022,5959608,12047630
2021-09-26,"Johnson&Johnson, Moderna, Oxford/AstraZeneca, Pfizer/BioNTech",6088770,5961253,12050023
2021-09-27,"Indie/AstraZeneca, Johnson&Johnson, Moderna, Oxford/AstraZeneca, Pfizer/BioNTech, Čína",6092660,5967778,12060438
2021-09-28,"Johnson&Johnson, Moderna, Oxford/AstraZeneca, Pfizer/BioNTech",6093039,5968419,12061458
2021-09-29,"Johnson&Johnson, Moderna, Oxford/AstraZeneca, Pfizer/BioNTech",6096818,5975885,12072703
2021-09-30,"Johnson&Johnson, Moderna, Oxford/AstraZeneca, Pfizer/BioNTech",6101342,5983603,12084945
2021-10-01,"Johnson&Johnson, Moderna, Oxford/AstraZeneca, Pfizer/BioNTech, Čína",6105660,5991596,12097256
2021-10-02,"Johnson&Johnson, Moderna, Oxford/AstraZeneca, Pfizer/BioNTech, Čína",6106727,5993146,12099873
2021-10-03,"Johnson&Johnson, Moderna, Oxford/AstraZeneca, Pfizer/BioNTech",6107452,5994021,12101473
2021-10-04,"Johnson&Johnson, Moderna, Oxford/AstraZeneca, Pfizer/BioNTech",6110534,5999603,12110137
2021-10-05,"Johnson&Johnson, Moderna, Oxford/AstraZeneca, Pfizer/BioNTech",6113698,6004693,12118391
2021-10-06,"Johnson&Johnson, Moderna, Oxford/AstraZeneca, Pfizer/BioNTech",6117221,6009873,12127094
2021-10-07,"Johnson&Johnson, Moderna, Oxford/AstraZeneca, Pfizer/BioNTech",6120508,6015136,12135644
2021-10-08,"Johnson&Johnson, Moderna, Oxford/AstraZeneca, Pfizer/BioNTech",6125306,6021787,12147093
2021-10-09,"Indie/AstraZeneca, Johnson&Johnson, Moderna, Oxford/AstraZeneca, Pfizer/BioNTech",6126552,6023458,12150010
2021-10-10,"Johnson&Johnson, Moderna, Oxford/AstraZeneca, Pfizer/BioNTech",6127500,6024296,12151796
2021-10-11,"Johnson&Johnson, Moderna, Oxford/AstraZeneca, Pfizer/BioNTech",6130430,6028724,12159154
2021-10-12,"Johnson&Johnson, Moderna, Oxford/AstraZeneca, Pfizer/BioNTech",6133373,6032729,12166102
2021-10-13,"Johnson&Johnson, Moderna, Oxford/AstraZeneca, Pfizer/BioNTech",6136909,6036928,12173837
2021-10-14,"Johnson&Johnson, Moderna, Oxford/AstraZeneca, Pfizer/BioNTech",6140584,6041881,12182465
2021-10-15,"Johnson&Johnson, Moderna, Oxford/AstraZeneca, Pfizer/BioNTech",6145819,6048034,12193853
2021-10-16,"Johnson&Johnson, Moderna, Oxford/AstraZeneca, Pfizer/BioNTech",6147236,6049567,12196803
2021-10-17,"Johnson&Johnson, Moderna, Pfizer/BioNTech, Čína",6148562,6050626,12199188
2021-10-18,"Johnson&Johnson, Moderna, Oxford/AstraZeneca, Pfizer/BioNTech",6152676,6054736,12207412
2021-10-19,"Johnson&Johnson, Moderna, Oxford/AstraZeneca, Pfizer/BioNTech",6156260,6056840,12213100
2021-10-20,"Johnson&Johnson, Moderna, Oxford/AstraZeneca, Pfizer/BioNTech",6161153,6061305,12222458
2021-10-21,"Johnson&Johnson, Moderna, Oxford/AstraZeneca, Pfizer/BioNTech",6168924,6066918,12235842
2021-10-22,"Johnson&Johnson, Moderna, Oxford/AstraZeneca, Pfizer/BioNTech",6179388,6073423,12252811
2021-10-23,"Johnson&Johnson, Moderna, Oxford/AstraZeneca, Pfizer/BioNTech",6183072,6075636,12258708
2021-10-24,"Johnson&Johnson, Moderna, Oxford/AstraZeneca, Pfizer/BioNTech",6185759,6077415,12263174
2021-10-25,"Johnson&Johnson, Moderna, Oxford/AstraZeneca, Pfizer/BioNTech",6196273,6083237,12279510
2021-10-26,"Johnson&Johnson, Moderna, Oxford/AstraZeneca, Pfizer/BioNTech",6208270,6089790,12298060
2021-10-27,"Johnson&Johnson, Moderna, Oxford/AstraZeneca, Pfizer/BioNTech, Čína",6222880,6097208,12320088
2021-10-28,"Johnson&Johnson, Moderna, Oxford/AstraZeneca, Pfizer/BioNTech",6226313,6098899,12325212
2021-10-29,"Johnson&Johnson, Moderna, Oxford/AstraZeneca, Pfizer/BioNTech",6240759,6106890,12347649
2021-10-30,"Johnson&Johnson, Moderna, Oxford/AstraZeneca, Pfizer/BioNTech",6245290,6109822,12355112
2021-10-31,"Johnson&Johnson, Moderna, Oxford/AstraZeneca, Pfizer/BioNTech",6249052,6112299,12361351
2021-11-01,"Johnson&Johnson, Moderna, Oxford/AstraZeneca, Pfizer/BioNTech",6264250,6119981,12384231
2021-11-02,"Johnson&Johnson, Moderna, Oxford/AstraZeneca, Pfizer/BioNTech",6279701,6127541,12407242
2021-11-03,"Johnson&Johnson, Moderna, Oxford/AstraZeneca, Pfizer/BioNTech, Čína",6296888,6134835,12431723
2021-11-04,"Johnson&Johnson, Moderna, Oxford/AstraZeneca, Pfizer/BioNTech",6315235,6143015,12458250
2021-11-05,"Johnson&Johnson, Moderna, Oxford/AstraZeneca, Pfizer/BioNTech",6338039,6154307,12492346
2021-11-06,"Johnson&Johnson, Moderna, Oxford/AstraZeneca, Pfizer/BioNTech",6344557,6157367,12501924
2021-11-07,"Johnson&Johnson, Moderna, Oxford/AstraZeneca, Pfizer/BioNTech",6348586,6159805,12508391
2021-11-08,"Johnson&Johnson, Moderna, Oxford/AstraZeneca, Pfizer/BioNTech",6364851,6167434,12532285
2021-11-09,"Johnson&Johnson, Moderna, Oxford/AstraZeneca, Pfizer/BioNTech",6379665,6174739,12554404
2021-11-10,"Johnson&Johnson, Moderna, Oxford/AstraZeneca, Pfizer/BioNTech",6395403,6182127,12577530
2021-11-11,"Johnson&Johnson, Moderna, Oxford/AstraZeneca, Pfizer/BioNTech, Čína",6410880,6191237,12602117
2021-11-12,"Johnson&Johnson, Moderna, Oxford/AstraZeneca, Pfizer/BioNTech",6430683,6204037,12634720
2021-11-13,"Johnson&Johnson, Moderna, Oxford/AstraZeneca, Pfizer/BioNTech",6436080,6207918,12643998
2021-11-14,"Johnson&Johnson, Moderna, Oxford/AstraZeneca, Pfizer/BioNTech",6439979,6210928,12650907
2021-11-15,"Johnson&Johnson, Moderna, Oxford/AstraZeneca, Pfizer/BioNTech",6455067,6221637,12676704
2021-11-16,"Johnson&Johnson, Moderna, Oxford/AstraZeneca, Pfizer/BioNTech",6472598,6233617,12706215
2021-11-17,"Johnson&Johnson, Moderna, Oxford/AstraZeneca, Pfizer/BioNTech",6476843,6237188,12714031
2021-11-18,"Johnson&Johnson, Moderna, Oxford/AstraZeneca, Pfizer/BioNTech",6496257,6248882,12745139
2021-11-19,"Johnson&Johnson, Moderna, Oxford/AstraZeneca, Pfizer/BioNTech",6520868,6265862,12786730
2021-11-20,"Johnson&Johnson, Moderna, Oxford/AstraZeneca, Pfizer/BioNTech",6529445,6270849,12800294
2021-11-21,"Johnson&Johnson, Moderna, Oxford/AstraZeneca, Pfizer/BioNTech",6536213,6274626,12810839
2021-11-22,"Johnson&Johnson, Moderna, Oxford/AstraZeneca, Pfizer/BioNTech",6554723,6288741,12843464
2021-11-23,"Johnson&Johnson, Moderna, Oxford/AstraZeneca, Pfizer/BioNTech",6573789,6302007,12875796
2021-11-24,"Johnson&Johnson, Moderna, Oxford/AstraZeneca, Pfizer/BioNTech",6592800,6317861,12910661
2021-11-25,"Johnson&Johnson, Moderna, Oxford/AstraZeneca, Pfizer/BioNTech",6611945,6332908,12944853
2021-11-26,"Johnson&Johnson, Moderna, Oxford/AstraZeneca, Pfizer/BioNTech",6633603,6352050,12985653
2021-11-27,"Johnson&Johnson, Moderna, Oxford/AstraZeneca, Pfizer/BioNTech",6641075,6357607,12998682
2021-11-28,"Johnson&Johnson, Moderna, Oxford/AstraZeneca, Pfizer/BioNTech",6644408,6360747,13005155
2021-11-29,"Johnson&Johnson, Moderna, Oxford/AstraZeneca, Pfizer/BioNTech",6659615,6374411,13034026
2021-11-30,"Johnson&Johnson, Moderna, Oxford/AstraZeneca, Pfizer/BioNTech",6672818,6385644,13058462
2021-12-01,"Johnson&Johnson, Moderna, Oxford/AstraZeneca, Pfizer/BioNTech",6686860,6398105,13084965
2021-12-02,"Johnson&Johnson, Moderna, Oxford/AstraZeneca, Pfizer/BioNTech",6697503,6410601,13108104
2021-12-03,"Johnson&Johnson, Moderna, Oxford/AstraZeneca, Pfizer/BioNTech",6707142,6426181,13133323
2021-12-04,"Johnson&Johnson, Moderna, Pfizer/BioNTech",6709699,6430139,13139838
2021-12-05,"Johnson&Johnson, Moderna, Oxford/AstraZeneca, Pfizer/BioNTech",6711060,6432484,13143544
2021-12-06,"Johnson&Johnson, Moderna, Oxford/AstraZeneca, Pfizer/BioNTech",6719209,6444013,13163222
2021-12-07,"Johnson&Johnson, Moderna, Oxford/AstraZeneca, Pfizer/BioNTech",6727099,6456026,13183125
2021-12-08,"Johnson&Johnson, Moderna, Oxford/AstraZeneca, Pfizer/BioNTech",6735345,6461956,13197301
2021-12-09,"Johnson&Johnson, Moderna, Oxford/AstraZeneca, Pfizer/BioNTech",6742465,6474779,13217244
2021-12-10,"Johnson&Johnson, Moderna, Oxford/AstraZeneca, Pfizer/BioNTech",6749395,6492587,13241982
2021-12-11,"Johnson&Johnson, Moderna, Oxford/AstraZeneca, Pfizer/BioNTech",6751051,6497854,13248905
2021-12-12,"Johnson&Johnson, Moderna, Oxford/AstraZeneca, Pfizer/BioNTech",6752362,6502291,13254653
2021-12-13,"Johnson&Johnson, Moderna, Oxford/AstraZeneca, Pfizer/BioNTech",6758718,6515603,13274321
2021-12-14,"Johnson&Johnson, Moderna, Oxford/AstraZeneca, Pfizer/BioNTech",6764928,6529274,13294202
2021-12-15,"Johnson&Johnson, Moderna, Oxford/AstraZeneca, Pfizer/BioNTech",6771135,6542871,13314006
2021-12-16,"Johnson&Johnson, Moderna, Oxford/AstraZeneca, Pfizer/BioNTech",6778079,6557707,13335786
2021-12-17,"Johnson&Johnson, Moderna, Oxford/AstraZeneca, Pfizer/BioNTech",6786445,6574977,13361422
2021-12-18,"Johnson&Johnson, Moderna, Oxford/AstraZeneca, Pfizer/BioNTech",6789056,6580434,13369490
2021-12-19,"Johnson&Johnson, Moderna, Pfizer/BioNTech",6790828,6582938,13373766
2021-12-20,"Johnson&Johnson, Moderna, Oxford/AstraZeneca, Pfizer/BioNTech",6796679,6597001,13393680
2021-12-21,"Johnson&Johnson, Moderna, Oxford/AstraZeneca, Pfizer/BioNTech",6803341,6609008,13412349
2021-12-22,"Johnson&Johnson, Moderna, Oxford/AstraZeneca, Pfizer/BioNTech",6808388,6622068,13430456
2021-12-23,"Johnson&Johnson, Moderna, Oxford/AstraZeneca, Pfizer/BioNTech",6811263,6627672,13438935
2021-12-24,"Johnson&Johnson, Moderna, Oxford/AstraZeneca, Pfizer/BioNTech",6811309,6627776,13439085
2021-12-25,"Moderna, Pfizer/BioNTech",6811311,6627784,13439095
2021-12-26,"Moderna, Pfizer/BioNTech",6811413,6627987,13439400
2021-12-27,"Johnson&Johnson, Moderna, Pfizer/BioNTech",6815280,6637733,13453013
2021-12-28,"Johnson&Johnson, Moderna, Oxford/AstraZeneca, Pfizer/BioNTech",6820520,6645731,13466251
2021-12-29,"Johnson&Johnson, Moderna, Oxford/AstraZeneca, Pfizer/BioNTech",6824802,6653452,13478254
2021-12-30,"Johnson&Johnson, Moderna, Pfizer/BioNTech",6829103,6658886,13487989
2021-12-31,"Johnson&Johnson, Moderna, Pfizer/BioNTech",6829614,6660311,13489925
2022-01-01,"Moderna, Pfizer/BioNTech",6829620,6660329,13489949
2022-01-02,"Johnson&Johnson, Moderna, Pfizer/BioNTech",6830476,6661706,13492182
2022-01-03,"Johnson&Johnson, Moderna, Oxford/AstraZeneca, Pfizer/BioNTech",6834612,6670615,13505227
2022-01-04,"Johnson&Johnson, Moderna, Oxford/AstraZeneca, Pfizer/BioNTech",6839695,6678371,13518066
2022-01-05,"Johnson&Johnson, Moderna, Oxford/AstraZeneca, Pfizer/BioNTech",6845517,6686345,13531862
2022-01-06,"Johnson&Johnson, Moderna, Oxford/AstraZeneca, Pfizer/BioNTech",6852103,6694746,13546849
2022-01-07,"Johnson&Johnson, Moderna, Oxford/AstraZeneca, Pfizer/BioNTech",6859980,6705102,13565082
2022-01-08,"Johnson&Johnson, Moderna, Oxford/AstraZeneca, Pfizer/BioNTech",6862458,6707880,13570338
2022-01-09,"Johnson&Johnson, Moderna, Pfizer/BioNTech",6863541,6709576,13573117
2022-01-10,"Johnson&Johnson, Moderna, Oxford/AstraZeneca, Pfizer/BioNTech",6868048,6715769,13583817
2022-01-11,"Johnson&Johnson, Moderna, Oxford/AstraZeneca, Pfizer/BioNTech",6873497,6722526,13596023
2022-01-12,"Johnson&Johnson, Moderna, Oxford/AstraZeneca, Pfizer/BioNTech",6879454,6728169,13607623
2022-01-13,"Johnson&Johnson, Moderna, Oxford/AstraZeneca, Pfizer/BioNTech",6885343,6732945,13618288
2022-01-14,"Johnson&Johnson, Moderna, Oxford/AstraZeneca, Pfizer/BioNTech",6891645,6736576,13628221
2022-01-15,"Johnson&Johnson, Moderna, Oxford/AstraZeneca, Pfizer/BioNTech",6892921,6737232,13630153
2022-01-16,"Johnson&Johnson, Moderna, Oxford/AstraZeneca, Pfizer/BioNTech",6893611,6737669,13631280
2022-01-17,"Johnson&Johnson, Moderna, Oxford/AstraZeneca, Pfizer/BioNTech",6897166,6741625,13638791
2022-01-18,"Johnson&Johnson, Moderna, Oxford/AstraZeneca, Pfizer/BioNTech",6901015,6746576,13647591
2022-01-19,"Johnson&Johnson, Moderna, Oxford/AstraZeneca, Pfizer/BioNTech",6905084,6750508,13655592
2022-01-20,"Johnson&Johnson, Moderna, Oxford/AstraZeneca, Pfizer/BioNTech",6908682,6754963,13663645
2022-01-21,"Johnson&Johnson, Moderna, Oxford/AstraZeneca, Pfizer/BioNTech",6912680,6757491,13670171
2022-01-22,"Johnson&Johnson, Moderna, Pfizer/BioNTech",6913459,6757932,13671391
2022-01-23,"Johnson&Johnson, Moderna, Pfizer/BioNTech",6914020,6758566,13672586
2022-01-24,"Johnson&Johnson, Moderna, Oxford/AstraZeneca, Pfizer/BioNTech",6916292,6762002,13678294
2022-01-25,"Johnson&Johnson, Moderna, Oxford/AstraZeneca, Pfizer/BioNTech",6918650,6765996,13684646
2022-01-26,"Johnson&Johnson, Moderna, Oxford/AstraZeneca, Pfizer/BioNTech",6921035,6770565,13691600
2022-01-27,"Johnson&Johnson, Moderna, Oxford/AstraZeneca, Pfizer/BioNTech",6923357,6775377,13698734
2022-01-28,"Johnson&Johnson, Moderna, Oxford/AstraZeneca, Pfizer/BioNTech",6926275,6781541,13707816
2022-01-29,"Johnson&Johnson, Moderna, Oxford/AstraZeneca, Pfizer/BioNTech",6926877,6783192,13710069
2022-01-30,"Johnson&Johnson, Moderna, Pfizer/BioNTech",6927104,6783974,13711078
2022-01-31,"Johnson&Johnson, Moderna, Pfizer/BioNTech",6928645,6787901,13716546
2022-02-01,"Johnson&Johnson, Moderna, Pfizer/BioNTech",6930239,6791933,13722172
2022-02-02,"Johnson&Johnson, Moderna, Oxford/AstraZeneca, Pfizer/BioNTech",6931804,6796445,13728249
2022-02-03,"Johnson&Johnson, Moderna, Pfizer/BioNTech",6933184,6800930,13734114
2022-02-04,"Johnson&Johnson, Moderna, Pfizer/BioNTech",6934785,6806045,13740830
2022-02-05,"Johnson&Johnson, Moderna, Pfizer/BioNTech",6934958,6806655,13741613
2022-02-06,"Johnson&Johnson, Moderna, Pfizer/BioNTech",6935054,6806974,13742028
2022-02-07,"Johnson&Johnson, Moderna, Pfizer/BioNTech",6935757,6810183,13745940
2022-02-08,"Johnson&Johnson, Moderna, Pfizer/BioNTech",6936552,6813372,13749924
2022-02-09,"Johnson&Johnson, Moderna, Pfizer/BioNTech",6937374,6816746,13754120
2022-02-10,"Johnson&Johnson, Moderna, Pfizer/BioNTech",6938176,6819877,13758053
2022-02-11,"Johnson&Johnson, Moderna, Pfizer/BioNTech",6939130,6823792,13762922
2022-02-12,"Johnson&Johnson, Moderna, Pfizer/BioNTech",6939240,6824211,13763451
2022-02-13,"Johnson&Johnson, Moderna, Pfizer/BioNTech",6939277,6824649,13763926
2022-02-14,"Johnson&Johnson, Moderna, Pfizer/BioNTech",6939735,6826761,13766496
2022-02-15,"Johnson&Johnson, Moderna, Pfizer/BioNTech",6940288,6828971,13769259
2022-02-16,"Johnson&Johnson, Moderna, Pfizer/BioNTech",6940879,6831070,13771949
2022-02-17,"Johnson&Johnson, Moderna, Pfizer/BioNTech",6941474,6833412,13774886
2022-02-18,"Johnson&Johnson, Moderna, Oxford/AstraZeneca, Pfizer/BioNTech",6942116,6836465,13778581
2022-02-19,"Johnson&Johnson, Moderna, Pfizer/BioNTech",6942196,6836746,13778942
2022-02-20,"Johnson&Johnson, Moderna, Oxford/AstraZeneca, Pfizer/BioNTech",6942234,6836895,13779129
2022-02-21,"Johnson&Johnson, Moderna, Pfizer/BioNTech",6942598,6838595,13781193
2022-02-22,"Johnson&Johnson, Moderna, Oxford/AstraZeneca, Pfizer/BioNTech",6942991,6840293,13783284
2022-02-23,"Johnson&Johnson, Moderna, Pfizer/BioNTech",6943448,6841936,13785384
2022-02-24,"Johnson&Johnson, Moderna, Pfizer/BioNTech",6943856,6843567,13787423
2022-02-25,"Johnson&Johnson, Moderna, Pfizer/BioNTech",6944439,6845652,13790091
2022-02-26,"Johnson&Johnson, Moderna, Pfizer/BioNTech",6944500,6845813,13790313
2022-02-27,"Johnson&Johnson, Moderna, Pfizer/BioNTech",6944530,6845889,13790419
2022-02-28,"Johnson&Johnson, Moderna, Pfizer/BioNTech",6944776,6846865,13791641
2022-03-01,"Johnson&Johnson, Moderna, Pfizer/BioNTech",6945083,6847649,13792732
2022-03-02,"Johnson&Johnson, Moderna, Novavax, Pfizer/BioNTech",6945456,6848557,13794013
2022-03-03,"Johnson&Johnson, Moderna, Novavax, Pfizer/BioNTech",6945793,6849500,13795293
2022-03-04,"Johnson&Johnson, Moderna, Novavax, Pfizer/BioNTech",6946425,6850721,13797146
2022-03-05,"Johnson&Johnson, Moderna, Novavax, Pfizer/BioNTech",6946506,6850814,13797320
2022-03-06,"Moderna, Novavax, Pfizer/BioNTech",6946519,6850832,13797351
2022-03-07,"Johnson&Johnson, Moderna, Novavax, Pfizer/BioNTech",6946854,6851390,13798244
2022-03-08,"Johnson&Johnson, Moderna, Novavax, Pfizer/BioNTech",6947189,6851932,13799121
2022-03-09,"Johnson&Johnson, Moderna, Novavax, Pfizer/BioNTech",6947578,6852521,13800099
2022-03-10,"Johnson&Johnson, Moderna, Novavax, Pfizer/BioNTech",6947990,6853192,13801182
2022-03-11,"Johnson&Johnson, Moderna, Novavax, Pfizer/BioNTech",6948739,6854102,13802841
2022-03-12,"Johnson&Johnson, Moderna, Novavax, Pfizer/BioNTech",6948810,6854207,13803017
2022-03-13,"Johnson&Johnson, Moderna, Novavax, Pfizer/BioNTech",6948823,6854226,13803049
2022-03-14,"Johnson&Johnson, Moderna, Novavax, Pfizer/BioNTech",6949090,6854609,13803699
2022-03-15,"Johnson&Johnson, Moderna, Novavax, Pfizer/BioNTech",6949374,6855045,13804419
2022-03-16,"Johnson&Johnson, Moderna, Novavax, Pfizer/BioNTech",6949693,6855588,13805281
2022-03-17,"Johnson&Johnson, Moderna, Novavax, Oxford/AstraZeneca, Pfizer/BioNTech",6949989,6856020,13806009
2022-03-18,"Johnson&Johnson, Moderna, Novavax, Pfizer/BioNTech",6950687,6856815,13807502
2022-03-19,"Moderna, Novavax, Pfizer/BioNTech",6950743,6856860,13807603
2022-03-20,"Moderna, Novavax, Pfizer/BioNTech",6950761,6856872,13807633
2022-03-21,"Johnson&Johnson, Moderna, Novavax, Pfizer/BioNTech",6950949,6857199,13808148
2022-03-22,"Johnson&Johnson, Moderna, Novavax, Pfizer/BioNTech",6951190,6857598,13808788
2022-03-23,"Johnson&Johnson, Moderna, Novavax, Pfizer/BioNTech",6951527,6858037,13809564
2022-03-24,"Johnson&Johnson, Moderna, Novavax, Pfizer/BioNTech",6951838,6858510,13810348
2022-03-25,"Johnson&Johnson, Moderna, Novavax, Pfizer/BioNTech",6952333,6859319,13811652
2022-03-26,"Johnson&Johnson, Moderna, Novavax, Pfizer/BioNTech",6952385,6859397,13811782
2022-03-27,"Moderna, Novavax, Pfizer/BioNTech",6952401,6859414,13811815
2022-03-28,"Johnson&Johnson, Moderna, Novavax, Pfizer/BioNTech",6952555,6859792,13812347
2022-03-29,"Johnson&Johnson, Moderna, Novavax, Pfizer/BioNTech",6952817,6860198,13813015
2022-03-30,"Johnson&Johnson, Moderna, Novavax, Pfizer/BioNTech",6953122,6860691,13813813
2022-03-31,"Johnson&Johnson, Moderna, Novavax, Pfizer/BioNTech",6953420,6861183,13814603
2022-04-01,"Johnson&Johnson, Moderna, Novavax, Pfizer/BioNTech",6954031,6861943,13815974
2022-04-02,"Moderna, Novavax, Pfizer/BioNTech",6954088,6862028,13816116
2022-04-03,"Moderna, Novavax, Pfizer/BioNTech",6954101,6862057,13816158
2022-04-04,"Johnson&Johnson, Moderna, Novavax, Pfizer/BioNTech",6954278,6862339,13816617
2022-04-05,"Johnson&Johnson, Moderna, Novavax, Pfizer/BioNTech",6954469,6862575,13817044
2022-04-06,"Johnson&Johnson, Moderna, Novavax, Pfizer/BioNTech",6954686,6862921,13817607
2022-04-07,"Johnson&Johnson, Moderna, Novavax, Pfizer/BioNTech",6954910,6863339,13818249
2022-04-08,"Johnson&Johnson, Moderna, Novavax, Pfizer/BioNTech",6955364,6864062,13819426
2022-04-09,"Johnson&Johnson, Moderna, Novavax, Pfizer/BioNTech",6955424,6864134,13819558
2022-04-10,"Moderna, Novavax, Pfizer/BioNTech",6955437,6864143,13819580
2022-04-11,"Johnson&Johnson, Moderna, Novavax, Pfizer/BioNTech",6955599,6864374,13819973
2022-04-12,"Johnson&Johnson, Moderna, Novavax, Pfizer/BioNTech",6955846,6864672,13820518
2022-04-13,"Johnson&Johnson, Moderna, Novavax, Pfizer/BioNTech",6956087,6865026,13821113
2022-04-14,"Johnson&Johnson, Moderna, Novavax, Pfizer/BioNTech",6956349,6865411,13821760
2022-04-15,"Moderna, Novavax, Pfizer/BioNTech",6956365,6865442,13821807
2022-04-16,"Johnson&Johnson, Moderna, Novavax, Pfizer/BioNTech",6956385,6865476,13821861
2022-04-17,"Moderna, Novavax, Pfizer/BioNTech",6956386,6865477,13821863
2022-04-18,"Moderna, Novavax, Pfizer/BioNTech",6956400,6865494,13821894
2022-04-19,"Johnson&Johnson, Moderna, Novavax, Pfizer/BioNTech",6956539,6865832,13822371
2022-04-20,"Johnson&Johnson, Moderna, Novavax, Pfizer/BioNTech",6956762,6866222,13822984
2022-04-21,"Johnson&Johnson, Moderna, Novavax, Pfizer/BioNTech",6956979,6866646,13823625
2022-04-22,"Johnson&Johnson, Moderna, Novavax, Pfizer/BioNTech",6957444,6867473,13824917
2022-04-23,"Moderna, Novavax, Pfizer/BioNTech",6957475,6867552,13825027
2022-04-24,"Moderna, Novavax, Pfizer/BioNTech",6957480,6867563,13825043
2022-04-25,"Johnson&Johnson, Moderna, Novavax, Pfizer/BioNTech",6957636,6867771,13825407
2022-04-26,"Johnson&Johnson, Moderna, Novavax, Pfizer/BioNTech",6957776,6868035,13825811
2022-04-27,"Johnson&Johnson, Moderna, Novavax, Pfizer/BioNTech",6958043,6868365,13826408
2022-04-28,"Johnson&Johnson, Moderna, Novavax, Pfizer/BioNTech",6958237,6868655,13826892
2022-04-29,"Johnson&Johnson, Moderna, Novavax, Pfizer/BioNTech",6958672,6869244,13827916
2022-04-30,"Moderna, Novavax, Pfizer/BioNTech",6958712,6869311,13828023
2022-05-01,"Moderna, Novavax, Oxford/AstraZeneca, Pfizer/BioNTech",6958717,6869321,13828038
2022-05-02,"Johnson&Johnson, Moderna, Novavax, Pfizer/BioNTech",6958847,6869503,13828350
2022-05-03,"Johnson&Johnson, Moderna, Novavax, Pfizer/BioNTech",6959004,6869759,13828763
2022-05-04,"Johnson&Johnson, Moderna, Novavax, Pfizer/BioNTech",6959210,6870034,13829244
2022-05-05,"Johnson&Johnson, Moderna, Novavax, Pfizer/BioNTech",6959417,6870324,13829741
2022-05-06,"Johnson&Johnson, Moderna, Novavax, Pfizer/BioNTech",6959793,6870666,13830459
2022-05-07,"Moderna, Novavax, Pfizer/BioNTech",6959820,6870692,13830512
2022-05-08,"Moderna, Pfizer/BioNTech",6959821,6870700,13830521
2022-05-09,"Johnson&Johnson, Moderna, Novavax, Pfizer/BioNTech",6959929,6870790,13830719
2022-05-10,"Johnson&Johnson, Moderna, Novavax, Pfizer/BioNTech",6960084,6871027,13831111
2022-05-11,"Johnson&Johnson, Moderna, Novavax, Oxford/AstraZeneca, Pfizer/BioNTech",6960304,6871294,13831598
2022-05-12,"Johnson&Johnson, Moderna, Novavax, Pfizer/BioNTech",6960504,6871571,13832075
2022-05-13,"Johnson&Johnson, Moderna, Novavax, Pfizer/BioNTech",6960850,6872070,13832920
2022-05-14,"Johnson&Johnson, Moderna, Novavax, Pfizer/BioNTech",6960891,6872110,13833001
2022-05-15,"Johnson&Johnson, Moderna, Novavax, Pfizer/BioNTech",6960904,6872121,13833025
2022-05-16,"Johnson&Johnson, Moderna, Novavax, Pfizer/BioNTech",6961014,6872241,13833255
2022-05-17,"Johnson&Johnson, Moderna, Novavax, Pfizer/BioNTech",6961156,6872396,13833552
2022-05-18,"Johnson&Johnson, Moderna, Novavax, Pfizer/BioNTech",6961392,6872727,13834119
2022-05-19,"Johnson&Johnson, Moderna, Novavax, Pfizer/BioNTech",6961585,6872978,13834563
2022-05-20,"Johnson&Johnson, Moderna, Novavax, Pfizer/BioNTech",6961885,6873531,13835416
2022-05-21,"Johnson&Johnson, Moderna, Novavax, Pfizer/BioNTech",6961924,6873560,13835484
2022-05-22,"Moderna, Pfizer/BioNTech",6961932,6873567,13835499
2022-05-23,"Johnson&Johnson, Moderna, Novavax, Pfizer/BioNTech",6962054,6873722,13835776
2022-05-24,"Johnson&Johnson, Moderna, Novavax, Pfizer/BioNTech",6962186,6873895,13836081
2022-05-25,"Johnson&Johnson, Moderna, Novavax, Oxford/AstraZeneca, Pfizer/BioNTech",6962361,6874144,13836505
2022-05-26,"Johnson&Johnson, Moderna, Novavax, Pfizer/BioNTech",6962513,6874369,13836882
2022-05-27,"Johnson&Johnson, Moderna, Novavax, Pfizer/BioNTech",6962780,6874835,13837615
2022-05-28,"Moderna, Novavax, Pfizer/BioNTech",6962817,6874884,13837701
2022-05-29,"Moderna, Novavax, Pfizer/BioNTech",6962826,6874888,13837714
2022-05-30,"Johnson&Johnson, Moderna, Novavax, Pfizer/BioNTech",6962913,6875045,13837958
2022-05-31,"Johnson&Johnson, Moderna, Novavax, Pfizer/BioNTech",6963062,6875241,13838303
2022-06-01,"Johnson&Johnson, Moderna, Novavax, Pfizer/BioNTech",6963190,6875471,13838661
2022-06-02,"Moderna, Novavax, Pfizer/BioNTech",6963315,6875702,13839017
2022-06-03,"Johnson&Johnson, Moderna, Novavax, Pfizer/BioNTech",6963572,6876161,13839733
2022-06-04,"Johnson&Johnson, Moderna, Novavax, Pfizer/BioNTech",6963605,6876201,13839806
2022-06-05,"Moderna, Novavax, Pfizer/BioNTech",6963612,6876207,13839819
2022-06-06,"Johnson&Johnson, Moderna, Novavax, Pfizer/BioNTech",6963700,6876349,13840049
2022-06-07,"Johnson&Johnson, Moderna, Novavax, Pfizer/BioNTech",6963783,6876507,13840290
2022-06-08,"Johnson&Johnson, Moderna, Novavax, Pfizer/BioNTech",6963917,6876755,13840672
2022-06-09,"Johnson&Johnson, Moderna, Novavax, Pfizer/BioNTech",6964012,6876956,13840968
2022-06-10,"Johnson&Johnson, Moderna, Novavax, Pfizer/BioNTech",6964187,6877288,13841475
2022-06-11,"Moderna, Novavax, Pfizer/BioNTech",6964201,6877327,13841528
2022-06-12,"Moderna, Novavax, Pfizer/BioNTech",6964207,6877350,13841557
2022-06-13,"Johnson&Johnson, Moderna, Novavax, Oxford/AstraZeneca, Pfizer/BioNTech",6964257,6877473,13841730
2022-06-14,"Johnson&Johnson, Moderna, Novavax, Pfizer/BioNTech",6964337,6877621,13841958
2022-06-15,"Johnson&Johnson, Moderna, Novavax, Pfizer/BioNTech",6964416,6877810,13842226
2022-06-16,"Johnson&Johnson, Moderna, Novavax, Pfizer/BioNTech",6964486,6877986,13842472
2022-06-17,"Johnson&Johnson, Moderna, Novavax, Pfizer/BioNTech",6964638,6878272,13842910
2022-06-18,"Moderna, Novavax, Pfizer/BioNTech",6964651,6878311,13842962
2022-06-19,"Moderna, Pfizer/BioNTech",6964654,6878319,13842973
2022-06-20,"Johnson&Johnson, Moderna, Novavax, Pfizer/BioNTech",6964714,6878436,13843150
2022-06-21,"Johnson&Johnson, Moderna, Novavax, Pfizer/BioNTech",6964776,6878562,13843338
2022-06-22,"Johnson&Johnson, Moderna, Novavax, Pfizer/BioNTech",6964870,6878738,13843608
2022-06-23,"Johnson&Johnson, Moderna, Novavax, Pfizer/BioNTech",6964931,6878904,13843835
2022-06-24,"Johnson&Johnson, Moderna, Novavax, Pfizer/BioNTech",6965083,6879248,13844331
2022-06-25,"Moderna, Novavax, Pfizer/BioNTech",6965103,6879300,13844403
2022-06-26,"Moderna, Pfizer/BioNTech",6965104,6879310,13844414
2022-06-27,"Johnson&Johnson, Moderna, Novavax, Pfizer/BioNTech",6965165,6879421,13844586
2022-06-28,"Johnson&Johnson, Moderna, Novavax, Pfizer/BioNTech",6965223,6879524,13844747
