date,vaccine,people_vaccinated,people_fully_vaccinated,total_vaccinations
2020-12-27,Pfizer/BioNTech,1253,0,1253
2020-12-28,Pfizer/BioNTech,3544,0,3544
2020-12-29,Pfizer/BioNTech,6993,0,6993
2020-12-30,Pfizer/BioNTech,10471,0,10471
2020-12-31,Pfizer/BioNTech,11777,0,11777
2021-01-01,Pfizer/BioNTech,12038,0,12038
2021-01-02,Pfizer/BioNTech,13303,0,13303
2021-01-03,Pfizer/BioNTech,14217,0,14217
2021-01-04,Pfizer/BioNTech,17792,0,17792
2021-01-05,Pfizer/BioNTech,22284,0,22284
2021-01-06,Pfizer/BioNTech,28103,0,28103
2021-01-07,Pfizer/BioNTech,36047,0,36047
2021-01-08,Pfizer/BioNTech,45988,0,45988
2021-01-09,Pfizer/BioNTech,48000,0,48000
2021-01-10,Pfizer/BioNTech,49751,0,49751
2021-01-11,Pfizer/BioNTech,59555,0,59555
2021-01-12,Pfizer/BioNTech,72926,0,72926
2021-01-13,Pfizer/BioNTech,86400,0,86400
2021-01-14,"Moderna, Pfizer/BioNTech",101563,0,101563
2021-01-15,"Moderna, Pfizer/BioNTech",115502,0,115502
2021-01-16,"Moderna, Pfizer/BioNTech",118875,2,118877
2021-01-17,"Moderna, Pfizer/BioNTech",121471,636,122107
2021-01-18,"Moderna, Pfizer/BioNTech",133921,2449,136370
2021-01-19,"Moderna, Pfizer/BioNTech",146426,5151,151577
2021-01-20,"Moderna, Pfizer/BioNTech",160035,7781,167816
2021-01-21,"Moderna, Pfizer/BioNTech",175599,9503,185102
2021-01-22,"Moderna, Pfizer/BioNTech",190397,10537,200934
2021-01-23,"Moderna, Pfizer/BioNTech",193678,11404,205082
2021-01-24,"Moderna, Pfizer/BioNTech",195923,12267,208190
2021-01-25,"Moderna, Pfizer/BioNTech",205519,15222,220741
2021-01-26,"Moderna, Pfizer/BioNTech",216012,19179,235191
2021-01-27,"Moderna, Pfizer/BioNTech",225003,23675,248678
2021-01-28,"Moderna, Pfizer/BioNTech",232031,29766,261797
2021-01-29,"Moderna, Pfizer/BioNTech",238209,37586,275795
2021-01-30,"Moderna, Pfizer/BioNTech",238927,38668,277595
2021-01-31,"Moderna, Pfizer/BioNTech",239630,39840,279470
2021-02-01,"Moderna, Pfizer/BioNTech",243579,47727,291306
2021-02-02,"Moderna, Pfizer/BioNTech",247696,57906,305602
2021-02-03,"Moderna, Pfizer/BioNTech",252084,68858,320942
2021-02-04,"Moderna, Pfizer/BioNTech",256961,81777,338738
2021-02-05,"Moderna, Pfizer/BioNTech",262397,92401,354798
2021-02-06,"Moderna, Pfizer/BioNTech",263233,94738,357971
2021-02-07,"Moderna, Pfizer/BioNTech",264079,97214,361293
2021-02-08,"Moderna, Pfizer/BioNTech",268105,108564,376669
2021-02-09,"Moderna, Oxford/AstraZeneca, Pfizer/BioNTech",273170,120459,393629
2021-02-10,"Moderna, Pfizer/BioNTech",278635,133633,412268
2021-02-11,"Moderna, Oxford/AstraZeneca, Pfizer/BioNTech",284913,149749,434662
2021-02-12,"Moderna, Oxford/AstraZeneca, Pfizer/BioNTech",291619,164390,456009
2021-02-13,"Moderna, Oxford/AstraZeneca, Pfizer/BioNTech",293197,167361,460558
2021-02-14,"Moderna, Oxford/AstraZeneca, Pfizer/BioNTech",294185,168729,462914
2021-02-15,"Moderna, Oxford/AstraZeneca, Pfizer/BioNTech",300529,178034,478563
2021-02-16,"Moderna, Oxford/AstraZeneca, Pfizer/BioNTech",309194,187051,496245
2021-02-17,"Moderna, Oxford/AstraZeneca, Pfizer/BioNTech",318855,195298,514153
2021-02-18,"Moderna, Oxford/AstraZeneca, Pfizer/BioNTech",331123,203283,534406
2021-02-19,"Moderna, Oxford/AstraZeneca, Pfizer/BioNTech",342933,210572,553505
2021-02-20,"Moderna, Oxford/AstraZeneca, Pfizer/BioNTech",344867,211735,556602
2021-02-21,"Moderna, Oxford/AstraZeneca, Pfizer/BioNTech",345891,212741,558632
2021-02-22,"Moderna, Oxford/AstraZeneca, Pfizer/BioNTech",355973,218731,574704
2021-02-23,"Moderna, Oxford/AstraZeneca, Pfizer/BioNTech",368839,225667,594506
2021-02-24,"Moderna, Oxford/AstraZeneca, Pfizer/BioNTech",382648,231663,614311
2021-02-25,"Moderna, Oxford/AstraZeneca, Pfizer/BioNTech",400569,237178,637747
2021-02-26,"Moderna, Oxford/AstraZeneca, Pfizer/BioNTech",416668,242491,659159
2021-02-27,"Moderna, Oxford/AstraZeneca, Pfizer/BioNTech",419602,243039,662641
2021-02-28,"Moderna, Oxford/AstraZeneca, Pfizer/BioNTech",421939,243580,665519
2021-03-01,"Moderna, Oxford/AstraZeneca, Pfizer/BioNTech",441304,246975,688279
2021-03-02,"Moderna, Oxford/AstraZeneca, Pfizer/BioNTech",468394,250499,718893
2021-03-03,"Moderna, Oxford/AstraZeneca, Pfizer/BioNTech",498996,254972,753968
2021-03-04,"Moderna, Oxford/AstraZeneca, Pfizer/BioNTech",532069,259622,791691
2021-03-05,"Moderna, Oxford/AstraZeneca, Pfizer/BioNTech",560735,264986,825721
2021-03-06,"Moderna, Oxford/AstraZeneca, Pfizer/BioNTech",572808,265822,838630
2021-03-07,"Moderna, Oxford/AstraZeneca, Pfizer/BioNTech",584150,266650,850800
2021-03-08,"Moderna, Oxford/AstraZeneca, Pfizer/BioNTech",613705,271459,885164
2021-03-09,"Moderna, Oxford/AstraZeneca, Pfizer/BioNTech",649836,277792,927628
2021-03-10,"Moderna, Oxford/AstraZeneca, Pfizer/BioNTech",690892,284702,975594
2021-03-11,"Moderna, Oxford/AstraZeneca, Pfizer/BioNTech",735467,293019,1028486
2021-03-12,"Moderna, Oxford/AstraZeneca, Pfizer/BioNTech",774020,301441,1075461
2021-03-13,"Moderna, Oxford/AstraZeneca, Pfizer/BioNTech",791019,302725,1093744
2021-03-14,"Moderna, Oxford/AstraZeneca, Pfizer/BioNTech",803047,303851,1106898
2021-03-15,"Moderna, Oxford/AstraZeneca, Pfizer/BioNTech",831236,312597,1143833
2021-03-16,"Moderna, Oxford/AstraZeneca, Pfizer/BioNTech",869927,323065,1192992
2021-03-17,"Moderna, Oxford/AstraZeneca, Pfizer/BioNTech",907214,333518,1240732
2021-03-18,"Moderna, Oxford/AstraZeneca, Pfizer/BioNTech",944932,345877,1290809
2021-03-19,"Moderna, Oxford/AstraZeneca, Pfizer/BioNTech",979113,359419,1338532
2021-03-20,"Moderna, Oxford/AstraZeneca, Pfizer/BioNTech",994122,361425,1355547
2021-03-21,"Moderna, Oxford/AstraZeneca, Pfizer/BioNTech",1001485,362955,1364440
2021-03-22,"Moderna, Oxford/AstraZeneca, Pfizer/BioNTech",1025663,375347,1401010
2021-03-23,"Moderna, Oxford/AstraZeneca, Pfizer/BioNTech",1051969,388593,1440562
2021-03-24,"Moderna, Oxford/AstraZeneca, Pfizer/BioNTech",1078523,404229,1482752
2021-03-25,"Moderna, Oxford/AstraZeneca, Pfizer/BioNTech",1104624,422022,1526646
2021-03-26,"Moderna, Oxford/AstraZeneca, Pfizer/BioNTech",1129237,439443,1568680
2021-03-27,"Moderna, Oxford/AstraZeneca, Pfizer/BioNTech",1137608,444253,1581861
2021-03-28,"Moderna, Oxford/AstraZeneca, Pfizer/BioNTech",1143111,448365,1591476
2021-03-29,"Moderna, Oxford/AstraZeneca, Pfizer/BioNTech",1161861,468953,1630814
2021-03-30,"Moderna, Oxford/AstraZeneca, Pfizer/BioNTech",1186321,491027,1677348
2021-03-31,"Moderna, Oxford/AstraZeneca, Pfizer/BioNTech",1209185,517976,1727161
2021-04-01,"Moderna, Oxford/AstraZeneca, Pfizer/BioNTech",1234545,549833,1784378
2021-04-02,"Moderna, Oxford/AstraZeneca, Pfizer/BioNTech",1241341,562540,1803881
2021-04-03,"Moderna, Oxford/AstraZeneca, Pfizer/BioNTech",1244892,573419,1818311
2021-04-04,"Moderna, Oxford/AstraZeneca, Pfizer/BioNTech",1247358,582153,1829511
2021-04-05,"Moderna, Oxford/AstraZeneca, Pfizer/BioNTech",1249668,589295,1838963
2021-04-06,"Moderna, Oxford/AstraZeneca, Pfizer/BioNTech",1265651,618434,1884085
2021-04-07,"Moderna, Oxford/AstraZeneca, Pfizer/BioNTech",1288825,640479,1929304
2021-04-08,"Moderna, Oxford/AstraZeneca, Pfizer/BioNTech",1326989,671277,1998266
2021-04-09,"Moderna, Oxford/AstraZeneca, Pfizer/BioNTech",1365859,701180,2067039
2021-04-10,"Moderna, Oxford/AstraZeneca, Pfizer/BioNTech",1381142,716370,2097512
2021-04-11,"Moderna, Oxford/AstraZeneca, Pfizer/BioNTech",1390837,726352,2117189
2021-04-12,"Moderna, Oxford/AstraZeneca, Pfizer/BioNTech",1428554,751142,2179696
2021-04-13,"Moderna, Oxford/AstraZeneca, Pfizer/BioNTech",1464356,776952,2241308
2021-04-14,"Moderna, Oxford/AstraZeneca, Pfizer/BioNTech",1502800,804208,2307008
2021-04-15,"Moderna, Oxford/AstraZeneca, Pfizer/BioNTech",1550259,829777,2380036
2021-04-16,"Moderna, Oxford/AstraZeneca, Pfizer/BioNTech",1594553,855312,2449865
2021-04-17,"Moderna, Oxford/AstraZeneca, Pfizer/BioNTech",1611094,864296,2475390
2021-04-18,"Moderna, Oxford/AstraZeneca, Pfizer/BioNTech",1623991,869240,2493231
2021-04-19,"Moderna, Oxford/AstraZeneca, Pfizer/BioNTech",1667586,884569,2552155
2021-04-20,"Moderna, Oxford/AstraZeneca, Pfizer/BioNTech",1709443,900310,2609753
2021-04-21,"Moderna, Oxford/AstraZeneca, Pfizer/BioNTech",1756961,914414,2671375
2021-04-22,"Johnson&Johnson, Moderna, Oxford/AstraZeneca, Pfizer/BioNTech",1811119,931692,2742811
2021-04-23,"Johnson&Johnson, Moderna, Oxford/AstraZeneca, Pfizer/BioNTech",1860845,943640,2804485
2021-04-24,"Johnson&Johnson, Moderna, Oxford/AstraZeneca, Pfizer/BioNTech",1878573,948829,2827402
2021-04-25,"Johnson&Johnson, Moderna, Oxford/AstraZeneca, Pfizer/BioNTech",1893172,952804,2845976
2021-04-26,"Johnson&Johnson, Moderna, Oxford/AstraZeneca, Pfizer/BioNTech",1942533,960158,2902691
2021-04-27,"Johnson&Johnson, Moderna, Oxford/AstraZeneca, Pfizer/BioNTech",1991258,972267,2963525
2021-04-28,"Johnson&Johnson, Moderna, Oxford/AstraZeneca, Pfizer/BioNTech",2049667,986143,3035810
2021-04-29,"Johnson&Johnson, Moderna, Oxford/AstraZeneca, Pfizer/BioNTech",2114747,1001864,3116611
2021-04-30,"Johnson&Johnson, Moderna, Oxford/AstraZeneca, Pfizer/BioNTech",2176642,1011712,3188354
2021-05-01,"Johnson&Johnson, Moderna, Oxford/AstraZeneca, Pfizer/BioNTech",2195873,1015076,3210949
2021-05-02,"Johnson&Johnson, Moderna, Oxford/AstraZeneca, Pfizer/BioNTech",2214703,1017301,3232004
2021-05-03,"Johnson&Johnson, Moderna, Oxford/AstraZeneca, Pfizer/BioNTech",2281630,1022291,3303921
2021-05-04,"Johnson&Johnson, Moderna, Oxford/AstraZeneca, Pfizer/BioNTech",2347435,1030537,3377972
2021-05-05,"Johnson&Johnson, Moderna, Oxford/AstraZeneca, Pfizer/BioNTech",2420028,1039834,3459862
2021-05-06,"Johnson&Johnson, Moderna, Oxford/AstraZeneca, Pfizer/BioNTech",2499663,1050393,3550056
2021-05-07,"Johnson&Johnson, Moderna, Oxford/AstraZeneca, Pfizer/BioNTech",2576360,1060315,3636675
2021-05-08,"Johnson&Johnson, Moderna, Oxford/AstraZeneca, Pfizer/BioNTech",2605592,1062008,3667600
2021-05-09,"Johnson&Johnson, Moderna, Oxford/AstraZeneca, Pfizer/BioNTech",2629605,1063174,3692779
2021-05-10,"Johnson&Johnson, Moderna, Oxford/AstraZeneca, Pfizer/BioNTech",2701701,1070268,3771969
2021-05-11,"Johnson&Johnson, Moderna, Oxford/AstraZeneca, Pfizer/BioNTech",2777173,1078995,3856168
2021-05-12,"Johnson&Johnson, Moderna, Oxford/AstraZeneca, Pfizer/BioNTech",2856332,1087936,3944268
2021-05-13,"Johnson&Johnson, Moderna, Oxford/AstraZeneca, Pfizer/BioNTech",2939613,1096989,4036602
2021-05-14,"Johnson&Johnson, Moderna, Oxford/AstraZeneca, Pfizer/BioNTech",3018285,1104644,4122929
2021-05-15,"Johnson&Johnson, Moderna, Oxford/AstraZeneca, Pfizer/BioNTech",3049902,1106778,4156680
2021-05-16,"Johnson&Johnson, Moderna, Oxford/AstraZeneca, Pfizer/BioNTech",3075545,1107954,4183499
2021-05-17,"Johnson&Johnson, Moderna, Oxford/AstraZeneca, Pfizer/BioNTech",3147496,1114577,4262073
2021-05-18,"Johnson&Johnson, Moderna, Oxford/AstraZeneca, Pfizer/BioNTech",3218840,1127458,4346298
2021-05-19,"Johnson&Johnson, Moderna, Oxford/AstraZeneca, Pfizer/BioNTech",3295542,1142456,4437998
2021-05-20,"Johnson&Johnson, Moderna, Oxford/AstraZeneca, Pfizer/BioNTech",3370294,1169269,4539563
2021-05-21,"Johnson&Johnson, Moderna, Oxford/AstraZeneca, Pfizer/BioNTech",3438416,1196832,4635248
2021-05-22,"Johnson&Johnson, Moderna, Oxford/AstraZeneca, Pfizer/BioNTech",3470410,1207863,4678273
2021-05-23,"Johnson&Johnson, Moderna, Oxford/AstraZeneca, Pfizer/BioNTech",3492536,1216806,4709342
2021-05-24,"Johnson&Johnson, Moderna, Oxford/AstraZeneca, Pfizer/BioNTech",3539213,1250204,4789417
2021-05-25,"Johnson&Johnson, Moderna, Oxford/AstraZeneca, Pfizer/BioNTech",3590492,1285733,4876225
2021-05-26,"Johnson&Johnson, Moderna, Oxford/AstraZeneca, Pfizer/BioNTech",3657615,1323089,4980704
2021-05-27,"Johnson&Johnson, Moderna, Oxford/AstraZeneca, Pfizer/BioNTech",3718364,1370128,5088492
2021-05-28,"Johnson&Johnson, Moderna, Oxford/AstraZeneca, Pfizer/BioNTech",3779451,1416420,5195871
2021-05-29,"Johnson&Johnson, Moderna, Oxford/AstraZeneca, Pfizer/BioNTech",3808324,1433404,5241728
2021-05-30,"Johnson&Johnson, Moderna, Oxford/AstraZeneca, Pfizer/BioNTech",3830449,1447750,5278199
2021-05-31,"Johnson&Johnson, Moderna, Oxford/AstraZeneca, Pfizer/BioNTech",3885044,1494998,5380042
2021-06-01,"Johnson&Johnson, Moderna, Oxford/AstraZeneca, Pfizer/BioNTech",3943069,1543068,5486137
2021-06-02,"Johnson&Johnson, Moderna, Oxford/AstraZeneca, Pfizer/BioNTech",4005281,1596809,5602090
2021-06-03,"Johnson&Johnson, Moderna, Oxford/AstraZeneca, Pfizer/BioNTech",4062911,1656585,5719496
2021-06-04,"Johnson&Johnson, Moderna, Oxford/AstraZeneca, Pfizer/BioNTech",4124938,1713562,5838500
2021-06-05,"Johnson&Johnson, Moderna, Oxford/AstraZeneca, Pfizer/BioNTech",4158651,1732188,5890839
2021-06-06,"Johnson&Johnson, Moderna, Oxford/AstraZeneca, Pfizer/BioNTech",4185373,1747179,5932552
2021-06-07,"Johnson&Johnson, Moderna, Oxford/AstraZeneca, Pfizer/BioNTech",4248067,1802311,6050378
2021-06-08,"Johnson&Johnson, Moderna, Oxford/AstraZeneca, Pfizer/BioNTech",4311190,1856868,6168058
2021-06-09,"Johnson&Johnson, Moderna, Oxford/AstraZeneca, Pfizer/BioNTech",4367932,1919684,6287616
2021-06-10,"Johnson&Johnson, Moderna, Oxford/AstraZeneca, Pfizer/BioNTech",4418428,1988269,6406697
2021-06-11,"Johnson&Johnson, Moderna, Oxford/AstraZeneca, Pfizer/BioNTech",4468013,2056393,6524406
2021-06-12,"Johnson&Johnson, Moderna, Oxford/AstraZeneca, Pfizer/BioNTech",4498775,2076928,6575703
2021-06-13,"Johnson&Johnson, Moderna, Oxford/AstraZeneca, Pfizer/BioNTech",4522428,2094940,6617368
2021-06-14,"Johnson&Johnson, Moderna, Oxford/AstraZeneca, Pfizer/BioNTech",4563348,2166731,6730079
