date,vaccine,people_vaccinated,people_fully_vaccinated,total_vaccinations
2020-12-13,Pfizer/BioNTech,1,0,1
2020-12-14,Pfizer/BioNTech,2,0,2
2020-12-20,Pfizer/BioNTech,5,0,5
2020-12-22,Pfizer/BioNTech,8,0,8
2020-12-23,Pfizer/BioNTech,9,0,9
2020-12-27,Pfizer/BioNTech,1267,0,1267
2020-12-28,Pfizer/BioNTech,3567,0,3567
2020-12-29,Pfizer/BioNTech,7021,0,7021
2020-12-30,Pfizer/BioNTech,10510,0,10510
2020-12-31,Pfizer/BioNTech,11816,0,11816
2021-01-01,Pfizer/BioNTech,12078,0,12078
2021-01-02,Pfizer/BioNTech,13348,0,13348
2021-01-03,Pfizer/BioNTech,14264,0,14264
2021-01-04,"Moderna, Pfizer/BioNTech",17851,0,17851
2021-01-05,Pfizer/BioNTech,22350,0,22350
2021-01-06,Pfizer/BioNTech,28181,0,28181
2021-01-07,Pfizer/BioNTech,36138,0,36138
2021-01-08,Pfizer/BioNTech,46100,0,46100
2021-01-09,Pfizer/BioNTech,48115,0,48115
2021-01-10,Pfizer/BioNTech,49871,0,49871
2021-01-11,Pfizer/BioNTech,59684,0,59684
2021-01-12,"Moderna, Pfizer/BioNTech",73079,0,73079
2021-01-13,Pfizer/BioNTech,86572,0,86572
2021-01-14,"Moderna, Pfizer/BioNTech",101754,0,101754
2021-01-15,"Moderna, Pfizer/BioNTech",115709,0,115709
2021-01-16,"Moderna, Pfizer/BioNTech",119084,2,119086
2021-01-17,"Moderna, Pfizer/BioNTech",121684,639,122323
2021-01-18,"Moderna, Pfizer/BioNTech",134151,2458,136609
2021-01-19,"Moderna, Pfizer/BioNTech",146670,5165,151835
2021-01-20,"Moderna, Pfizer/BioNTech",160296,7805,168101
2021-01-21,"Moderna, Pfizer/BioNTech",175889,9534,185423
2021-01-22,"Moderna, Pfizer/BioNTech",190699,10576,201275
2021-01-23,"Moderna, Pfizer/BioNTech",193992,11446,205438
2021-01-24,"Moderna, Pfizer/BioNTech",196236,12312,208548
2021-01-25,"Moderna, Pfizer/BioNTech",205843,15274,221117
2021-01-26,"Moderna, Pfizer/BioNTech",216349,19243,235592
2021-01-27,"Moderna, Pfizer/BioNTech",225348,23750,249098
2021-01-28,"Moderna, Pfizer/BioNTech",232403,29850,262253
2021-01-29,"Moderna, Pfizer/BioNTech",238592,37701,276293
2021-01-30,"Moderna, Pfizer/BioNTech",239318,38787,278105
2021-01-31,"Moderna, Pfizer/BioNTech",240021,39961,279982
2021-02-01,"Moderna, Pfizer/BioNTech",243978,47861,291839
2021-02-02,"Moderna, Pfizer/BioNTech",248098,58061,306159
2021-02-03,"Moderna, Pfizer/BioNTech",252492,69030,321522
2021-02-04,"Moderna, Pfizer/BioNTech",257376,81974,339350
2021-02-05,"Moderna, Pfizer/BioNTech",262817,92612,355429
2021-02-06,"Moderna, Pfizer/BioNTech",263654,94954,358608
2021-02-07,"Moderna, Pfizer/BioNTech",264502,97431,361933
2021-02-08,"Moderna, Pfizer/BioNTech",268535,108801,377336
2021-02-09,"Moderna, Oxford/AstraZeneca, Pfizer/BioNTech",273607,120705,394312
2021-02-10,"Moderna, Pfizer/BioNTech",279082,133895,412977
2021-02-11,"Moderna, Oxford/AstraZeneca, Pfizer/BioNTech",285371,150044,435415
2021-02-12,"Moderna, Oxford/AstraZeneca, Pfizer/BioNTech",292092,164710,456802
2021-02-13,"Moderna, Oxford/AstraZeneca, Pfizer/BioNTech",293677,167686,461363
2021-02-14,"Moderna, Oxford/AstraZeneca, Pfizer/BioNTech",294668,169059,463727
2021-02-15,"Moderna, Oxford/AstraZeneca, Pfizer/BioNTech",301048,178377,479425
2021-02-16,"Moderna, Oxford/AstraZeneca, Pfizer/BioNTech",309741,187407,497148
2021-02-17,"Moderna, Oxford/AstraZeneca, Pfizer/BioNTech",319413,195670,515083
2021-02-18,"Moderna, Oxford/AstraZeneca, Pfizer/BioNTech",331696,203679,535375
2021-02-19,"Moderna, Oxford/AstraZeneca, Pfizer/BioNTech",343522,210977,554499
2021-02-20,"Moderna, Oxford/AstraZeneca, Pfizer/BioNTech",345491,212143,557634
2021-02-21,"Moderna, Oxford/AstraZeneca, Pfizer/BioNTech",346595,213152,559747
2021-02-22,"Moderna, Oxford/AstraZeneca, Pfizer/BioNTech",356689,219148,575837
2021-02-23,"Moderna, Oxford/AstraZeneca, Pfizer/BioNTech",369580,226087,595667
2021-02-24,"Moderna, Oxford/AstraZeneca, Pfizer/BioNTech",383409,232089,615498
2021-02-25,"Moderna, Oxford/AstraZeneca, Pfizer/BioNTech",401345,237613,638958
2021-02-26,"Moderna, Oxford/AstraZeneca, Pfizer/BioNTech",417471,242929,660400
2021-02-27,"Moderna, Oxford/AstraZeneca, Pfizer/BioNTech",420466,243477,663943
2021-02-28,"Moderna, Oxford/AstraZeneca, Pfizer/BioNTech",422807,244022,666829
2021-03-01,"Moderna, Oxford/AstraZeneca, Pfizer/BioNTech",442297,247426,689723
2021-03-02,"Moderna, Oxford/AstraZeneca, Pfizer/BioNTech",469457,250953,720410
2021-03-03,"Moderna, Oxford/AstraZeneca, Pfizer/BioNTech",500218,255429,755647
2021-03-04,"Moderna, Oxford/AstraZeneca, Pfizer/BioNTech",533354,260085,793439
2021-03-05,"Johnson&Johnson, Moderna, Oxford/AstraZeneca, Pfizer/BioNTech",562059,265462,827521
2021-03-06,"Moderna, Oxford/AstraZeneca, Pfizer/BioNTech",574150,266301,840451
2021-03-07,"Johnson&Johnson, Moderna, Oxford/AstraZeneca, Pfizer/BioNTech",585539,267132,852671
2021-03-08,"Moderna, Oxford/AstraZeneca, Pfizer/BioNTech",615137,271946,887083
2021-03-09,"Moderna, Oxford/AstraZeneca, Pfizer/BioNTech",651299,278296,929595
2021-03-10,"Moderna, Oxford/AstraZeneca, Pfizer/BioNTech",692428,285219,977647
2021-03-11,"Moderna, Oxford/AstraZeneca, Pfizer/BioNTech",737081,293555,1030636
2021-03-12,"Moderna, Oxford/AstraZeneca, Pfizer/BioNTech",775703,301987,1077690
2021-03-13,"Moderna, Oxford/AstraZeneca, Pfizer/BioNTech",792726,303272,1095998
2021-03-14,"Moderna, Oxford/AstraZeneca, Pfizer/BioNTech",804793,304403,1109196
2021-03-15,"Moderna, Oxford/AstraZeneca, Pfizer/BioNTech",833063,313158,1146221
2021-03-16,"Moderna, Oxford/AstraZeneca, Pfizer/BioNTech",871845,323651,1195496
2021-03-17,"Moderna, Oxford/AstraZeneca, Pfizer/BioNTech",909232,334116,1243348
2021-03-18,"Johnson&Johnson, Moderna, Oxford/AstraZeneca, Pfizer/BioNTech",947059,346489,1293548
2021-03-19,"Johnson&Johnson, Moderna, Oxford/AstraZeneca, Pfizer/BioNTech",981365,360061,1341426
2021-03-20,"Moderna, Oxford/AstraZeneca, Pfizer/BioNTech",996439,362070,1358509
2021-03-21,"Moderna, Oxford/AstraZeneca, Pfizer/BioNTech",1003812,363608,1367420
2021-03-22,"Johnson&Johnson, Moderna, Oxford/AstraZeneca, Pfizer/BioNTech",1028162,376047,1404209
2021-03-23,"Johnson&Johnson, Moderna, Oxford/AstraZeneca, Pfizer/BioNTech",1054651,389351,1444002
2021-03-24,"Moderna, Oxford/AstraZeneca, Pfizer/BioNTech",1081427,405013,1486440
2021-03-25,"Moderna, Oxford/AstraZeneca, Pfizer/BioNTech",1107659,422819,1530478
2021-03-26,"Moderna, Oxford/AstraZeneca, Pfizer/BioNTech",1132374,440263,1572637
2021-03-27,"Johnson&Johnson, Moderna, Oxford/AstraZeneca, Pfizer/BioNTech",1140771,445089,1585860
2021-03-28,"Moderna, Oxford/AstraZeneca, Pfizer/BioNTech",1146297,449212,1595509
2021-03-29,"Johnson&Johnson, Moderna, Oxford/AstraZeneca, Pfizer/BioNTech",1165296,469840,1635136
2021-03-30,"Moderna, Oxford/AstraZeneca, Pfizer/BioNTech",1189886,491943,1681829
2021-03-31,"Johnson&Johnson, Moderna, Oxford/AstraZeneca, Pfizer/BioNTech",1212867,518937,1731804
2021-04-01,"Johnson&Johnson, Moderna, Oxford/AstraZeneca, Pfizer/BioNTech",1238368,550847,1789215
2021-04-02,"Johnson&Johnson, Moderna, Oxford/AstraZeneca, Pfizer/BioNTech",1245204,563593,1808797
2021-04-03,"Moderna, Oxford/AstraZeneca, Pfizer/BioNTech",1248766,574484,1823250
2021-04-04,"Moderna, Oxford/AstraZeneca, Pfizer/BioNTech",1251232,583268,1834500
2021-04-05,"Johnson&Johnson, Moderna, Oxford/AstraZeneca, Pfizer/BioNTech",1253562,590419,1843981
2021-04-06,"Johnson&Johnson, Moderna, Oxford/AstraZeneca, Pfizer/BioNTech",1269593,619584,1889177
2021-04-07,"Johnson&Johnson, Moderna, Oxford/AstraZeneca, Pfizer/BioNTech",1292896,641679,1934575
2021-04-08,"Johnson&Johnson, Moderna, Oxford/AstraZeneca, Pfizer/BioNTech",1331336,672514,2003850
2021-04-09,"Johnson&Johnson, Moderna, Oxford/AstraZeneca, Pfizer/BioNTech",1370539,702491,2073030
2021-04-10,"Johnson&Johnson, Moderna, Oxford/AstraZeneca, Pfizer/BioNTech",1385876,717744,2103620
2021-04-11,"Johnson&Johnson, Moderna, Oxford/AstraZeneca, Pfizer/BioNTech",1395586,727745,2123331
2021-04-12,"Moderna, Oxford/AstraZeneca, Pfizer/BioNTech",1433602,752653,2186255
2021-04-13,"Moderna, Oxford/AstraZeneca, Pfizer/BioNTech",1469651,778541,2248192
2021-04-14,"Moderna, Oxford/AstraZeneca, Pfizer/BioNTech",1508313,805827,2314140
2021-04-15,"Moderna, Oxford/AstraZeneca, Pfizer/BioNTech",1555951,831477,2387428
2021-04-16,"Johnson&Johnson, Moderna, Oxford/AstraZeneca, Pfizer/BioNTech",1600426,857040,2457466
2021-04-17,"Moderna, Oxford/AstraZeneca, Pfizer/BioNTech",1617004,866031,2483035
2021-04-18,"Moderna, Oxford/AstraZeneca, Pfizer/BioNTech",1629923,870982,2500905
2021-04-19,"Moderna, Oxford/AstraZeneca, Pfizer/BioNTech",1673768,886343,2560111
2021-04-20,"Moderna, Oxford/AstraZeneca, Pfizer/BioNTech",1715833,902132,2617965
2021-04-21,"Johnson&Johnson, Moderna, Oxford/AstraZeneca, Pfizer/BioNTech",1763480,916366,2679846
2021-04-22,"Johnson&Johnson, Moderna, Oxford/AstraZeneca, Pfizer/BioNTech",1817871,933666,2751537
2021-04-23,"Johnson&Johnson, Moderna, Oxford/AstraZeneca, Pfizer/BioNTech",1867738,945630,2813368
2021-04-24,"Johnson&Johnson, Moderna, Oxford/AstraZeneca, Pfizer/BioNTech",1885513,950830,2836343
2021-04-25,"Johnson&Johnson, Moderna, Oxford/AstraZeneca, Pfizer/BioNTech",1900158,954811,2854969
2021-04-26,"Johnson&Johnson, Moderna, Oxford/AstraZeneca, Pfizer/BioNTech",1949653,962320,2911973
2021-04-27,"Johnson&Johnson, Moderna, Oxford/AstraZeneca, Pfizer/BioNTech",1998545,974455,2973000
2021-04-28,"Johnson&Johnson, Moderna, Oxford/AstraZeneca, Pfizer/BioNTech",2057221,988380,3045601
2021-04-29,"Johnson&Johnson, Moderna, Oxford/AstraZeneca, Pfizer/BioNTech",2122668,1004147,3126815
2021-04-30,"Johnson&Johnson, Moderna, Oxford/AstraZeneca, Pfizer/BioNTech",2184781,1014028,3198809
2021-05-01,"Johnson&Johnson, Moderna, Oxford/AstraZeneca, Pfizer/BioNTech",2204047,1017412,3221459
2021-05-02,"Johnson&Johnson, Moderna, Oxford/AstraZeneca, Pfizer/BioNTech",2222918,1019648,3242566
2021-05-03,"Johnson&Johnson, Moderna, Oxford/AstraZeneca, Pfizer/BioNTech",2290048,1024665,3314713
2021-05-04,"Johnson&Johnson, Moderna, Oxford/AstraZeneca, Pfizer/BioNTech",2356415,1032910,3389325
2021-05-05,"Johnson&Johnson, Moderna, Oxford/AstraZeneca, Pfizer/BioNTech",2429484,1042223,3471707
2021-05-06,"Johnson&Johnson, Moderna, Oxford/AstraZeneca, Pfizer/BioNTech",2509724,1052811,3562535
2021-05-07,"Johnson&Johnson, Moderna, Oxford/AstraZeneca, Pfizer/BioNTech",2586902,1062767,3649669
2021-05-08,"Johnson&Johnson, Moderna, Oxford/AstraZeneca, Pfizer/BioNTech",2616274,1064468,3680742
2021-05-09,"Johnson&Johnson, Moderna, Oxford/AstraZeneca, Pfizer/BioNTech",2640420,1065638,3706058
2021-05-10,"Johnson&Johnson, Moderna, Oxford/AstraZeneca, Pfizer/BioNTech",2713053,1072746,3785799
2021-05-11,"Johnson&Johnson, Moderna, Oxford/AstraZeneca, Pfizer/BioNTech",2789051,1081487,3870538
2021-05-12,"Johnson&Johnson, Moderna, Oxford/AstraZeneca, Pfizer/BioNTech",2868782,1090473,3959255
2021-05-13,"Johnson&Johnson, Moderna, Oxford/AstraZeneca, Pfizer/BioNTech",2952677,1099546,4052223
2021-05-14,"Johnson&Johnson, Moderna, Oxford/AstraZeneca, Pfizer/BioNTech",3031969,1107235,4139204
2021-05-15,"Johnson&Johnson, Moderna, Oxford/AstraZeneca, Pfizer/BioNTech",3063780,1109394,4173174
2021-05-16,"Johnson&Johnson, Moderna, Oxford/AstraZeneca, Pfizer/BioNTech",3089503,1110572,4200075
2021-05-17,"Johnson&Johnson, Moderna, Oxford/AstraZeneca, Pfizer/BioNTech",3161920,1117216,4279136
2021-05-18,"Johnson&Johnson, Moderna, Oxford/AstraZeneca, Pfizer/BioNTech",3233756,1130150,4363906
2021-05-19,"Johnson&Johnson, Moderna, Oxford/AstraZeneca, Pfizer/BioNTech",3311086,1145172,4456258
2021-05-20,"Johnson&Johnson, Moderna, Oxford/AstraZeneca, Pfizer/BioNTech",3386355,1172043,4558398
2021-05-21,"Johnson&Johnson, Moderna, Oxford/AstraZeneca, Pfizer/BioNTech",3455031,1199645,4654676
2021-05-22,"Johnson&Johnson, Moderna, Oxford/AstraZeneca, Pfizer/BioNTech",3487294,1210694,4697988
2021-05-23,"Johnson&Johnson, Moderna, Oxford/AstraZeneca, Pfizer/BioNTech",3509563,1219651,4729214
2021-05-24,"Johnson&Johnson, Moderna, Oxford/AstraZeneca, Pfizer/BioNTech",3556566,1253112,4809678
2021-05-25,"Johnson&Johnson, Moderna, Oxford/AstraZeneca, Pfizer/BioNTech",3608313,1288727,4897040
2021-05-26,"Johnson&Johnson, Moderna, Oxford/AstraZeneca, Pfizer/BioNTech",3675956,1326106,5002062
2021-05-27,"Johnson&Johnson, Moderna, Oxford/AstraZeneca, Pfizer/BioNTech",3737208,1373301,5110509
2021-05-28,"Johnson&Johnson, Moderna, Oxford/AstraZeneca, Pfizer/BioNTech",3798809,1419665,5218474
2021-05-29,"Johnson&Johnson, Moderna, Oxford/AstraZeneca, Pfizer/BioNTech",3827913,1436693,5264606
2021-05-30,"Johnson&Johnson, Moderna, Oxford/AstraZeneca, Pfizer/BioNTech",3850218,1451060,5301278
2021-05-31,"Johnson&Johnson, Moderna, Oxford/AstraZeneca, Pfizer/BioNTech",3905847,1498397,5404244
2021-06-01,"Johnson&Johnson, Moderna, Oxford/AstraZeneca, Pfizer/BioNTech",3964734,1546669,5511403
2021-06-02,"Johnson&Johnson, Moderna, Oxford/AstraZeneca, Pfizer/BioNTech",4027521,1600522,5628043
2021-06-03,"Johnson&Johnson, Moderna, Oxford/AstraZeneca, Pfizer/BioNTech",4085616,1660553,5746169
2021-06-04,"Johnson&Johnson, Moderna, Oxford/AstraZeneca, Pfizer/BioNTech",4148582,1717800,5866382
2021-06-05,"Johnson&Johnson, Moderna, Oxford/AstraZeneca, Pfizer/BioNTech",4182647,1736528,5919175
2021-06-06,"Johnson&Johnson, Moderna, Oxford/AstraZeneca, Pfizer/BioNTech",4209508,1751578,5961086
2021-06-07,"Johnson&Johnson, Moderna, Oxford/AstraZeneca, Pfizer/BioNTech",4273031,1807065,6080096
2021-06-08,"Johnson&Johnson, Moderna, Oxford/AstraZeneca, Pfizer/BioNTech",4336847,1861902,6198749
2021-06-09,"Johnson&Johnson, Moderna, Oxford/AstraZeneca, Pfizer/BioNTech",4395787,1926094,6321881
2021-06-10,"Johnson&Johnson, Moderna, Oxford/AstraZeneca, Pfizer/BioNTech",4449325,1996957,6446282
2021-06-11,"Johnson&Johnson, Moderna, Oxford/AstraZeneca, Pfizer/BioNTech",4501222,2066466,6567688
2021-06-12,"Johnson&Johnson, Moderna, Oxford/AstraZeneca, Pfizer/BioNTech",4533110,2087157,6620267
2021-06-13,"Johnson&Johnson, Moderna, Oxford/AstraZeneca, Pfizer/BioNTech",4557077,2105480,6662557
2021-06-14,"Johnson&Johnson, Moderna, Oxford/AstraZeneca, Pfizer/BioNTech",4599365,2179658,6779023
2021-06-15,"Johnson&Johnson, Moderna, Oxford/AstraZeneca, Pfizer/BioNTech",4643388,2251808,6895196
2021-06-16,"Johnson&Johnson, Moderna, Oxford/AstraZeneca, Pfizer/BioNTech",4685335,2329820,7015155
2021-06-17,"Johnson&Johnson, Moderna, Oxford/AstraZeneca, Pfizer/BioNTech",4724142,2412672,7136814
2021-06-18,"Johnson&Johnson, Moderna, Oxford/AstraZeneca, Pfizer/BioNTech",4765496,2492939,7258435
2021-06-19,"Johnson&Johnson, Moderna, Oxford/AstraZeneca, Pfizer/BioNTech",4787103,2522116,7309219
2021-06-20,"Johnson&Johnson, Moderna, Oxford/AstraZeneca, Pfizer/BioNTech",4804359,2545837,7350196
2021-06-21,"Johnson&Johnson, Moderna, Oxford/AstraZeneca, Pfizer/BioNTech",4836654,2624201,7460855
2021-06-22,"Johnson&Johnson, Moderna, Oxford/AstraZeneca, Pfizer/BioNTech",4868730,2706254,7574984
2021-06-23,"Johnson&Johnson, Moderna, Oxford/AstraZeneca, Pfizer/BioNTech",4899563,2791274,7690837
2021-06-24,"Johnson&Johnson, Moderna, Oxford/AstraZeneca, Pfizer/BioNTech",4929131,2881140,7810271
2021-06-25,"Johnson&Johnson, Moderna, Oxford/AstraZeneca, Pfizer/BioNTech",4959760,2967035,7926795
2021-06-26,"Johnson&Johnson, Moderna, Oxford/AstraZeneca, Pfizer/BioNTech",4975422,3001703,7977125
2021-06-27,"Johnson&Johnson, Moderna, Oxford/AstraZeneca, Pfizer/BioNTech",4989243,3028244,8017487
2021-06-28,"Johnson&Johnson, Moderna, Oxford/AstraZeneca, Pfizer/BioNTech",5017362,3113192,8130554
2021-06-29,"Johnson&Johnson, Moderna, Oxford/AstraZeneca, Pfizer/BioNTech",5046246,3199465,8245711
2021-06-30,"Johnson&Johnson, Moderna, Oxford/AstraZeneca, Pfizer/BioNTech",5073475,3290128,8363603
2021-07-01,"Johnson&Johnson, Moderna, Oxford/AstraZeneca, Pfizer/BioNTech",5096952,3379799,8476751
2021-07-02,"Johnson&Johnson, Moderna, Oxford/AstraZeneca, Pfizer/BioNTech",5123269,3465231,8588500
2021-07-03,"Johnson&Johnson, Moderna, Oxford/AstraZeneca, Pfizer/BioNTech",5130231,3496605,8626836
2021-07-04,"Johnson&Johnson, Moderna, Oxford/AstraZeneca, Pfizer/BioNTech",5137685,3518321,8656006
2021-07-05,"Johnson&Johnson, Moderna, Oxford/AstraZeneca, Pfizer/BioNTech",5144938,3543567,8688505
2021-07-06,"Johnson&Johnson, Moderna, Oxford/AstraZeneca, Pfizer/BioNTech",5150242,3571067,8721309
2021-07-07,"Johnson&Johnson, Moderna, Oxford/AstraZeneca, Pfizer/BioNTech",5175653,3649710,8825363
2021-07-08,"Johnson&Johnson, Moderna, Oxford/AstraZeneca, Pfizer/BioNTech",5201961,3719773,8921734
2021-07-09,"Johnson&Johnson, Moderna, Oxford/AstraZeneca, Pfizer/BioNTech",5229491,3788740,9018231
2021-07-10,"Johnson&Johnson, Moderna, Oxford/AstraZeneca, Pfizer/BioNTech",5238708,3817221,9055929
2021-07-11,"Johnson&Johnson, Moderna, Oxford/AstraZeneca, Pfizer/BioNTech",5247151,3840013,9087164
2021-07-12,"Johnson&Johnson, Moderna, Oxford/AstraZeneca, Pfizer/BioNTech",5274306,3908811,9183117
2021-07-13,"Johnson&Johnson, Moderna, Oxford/AstraZeneca, Pfizer/BioNTech",5300129,3978385,9278514
2021-07-14,"Johnson&Johnson, Moderna, Oxford/AstraZeneca, Pfizer/BioNTech",5325758,4050077,9375835
2021-07-15,"Johnson&Johnson, Moderna, Oxford/AstraZeneca, Pfizer/BioNTech",5354563,4115694,9470257
2021-07-16,"Johnson&Johnson, Moderna, Oxford/AstraZeneca, Pfizer/BioNTech",5381968,4187982,9569950
2021-07-17,"Johnson&Johnson, Moderna, Oxford/AstraZeneca, Pfizer/BioNTech",5390605,4219268,9609873
2021-07-18,"Johnson&Johnson, Moderna, Oxford/AstraZeneca, Pfizer/BioNTech",5398711,4244886,9643597
2021-07-19,"Johnson&Johnson, Moderna, Oxford/AstraZeneca, Pfizer/BioNTech",5421632,4311289,9732921
2021-07-20,"Johnson&Johnson, Moderna, Oxford/AstraZeneca, Pfizer/BioNTech",5442746,4377880,9820626
2021-07-21,"Johnson&Johnson, Moderna, Oxford/AstraZeneca, Pfizer/BioNTech",5465579,4440704,9906283
2021-07-22,"Johnson&Johnson, Moderna, Oxford/AstraZeneca, Pfizer/BioNTech",5487558,4498614,9986172
2021-07-23,"Johnson&Johnson, Moderna, Oxford/AstraZeneca, Pfizer/BioNTech",5510142,4552471,10062613
2021-07-24,"Johnson&Johnson, Moderna, Oxford/AstraZeneca, Pfizer/BioNTech",5517187,4579729,10096916
2021-07-25,"Johnson&Johnson, Moderna, Oxford/AstraZeneca, Pfizer/BioNTech",5523477,4601392,10124869
2021-07-26,"Johnson&Johnson, Moderna, Oxford/AstraZeneca, Pfizer/BioNTech",5546253,4648416,10194669
2021-07-27,"Johnson&Johnson, Moderna, Oxford/AstraZeneca, Pfizer/BioNTech",5567927,4693431,10261358
2021-07-28,"Johnson&Johnson, Moderna, Oxford/AstraZeneca, Pfizer/BioNTech",5588184,4737637,10325821
2021-07-29,"Johnson&Johnson, Moderna, Oxford/AstraZeneca, Pfizer/BioNTech",5607620,4777031,10384651
