date,vaccine,people_vaccinated,people_fully_vaccinated,total_vaccinations
2020-12-27,Pfizer/BioNTech,1286,0,1286
2020-12-28,Pfizer/BioNTech,3589,0,3589
2020-12-29,Pfizer/BioNTech,7060,1,7061
2020-12-30,Pfizer/BioNTech,10576,1,10577
2020-12-31,Pfizer/BioNTech,11889,1,11890
2021-01-01,"Moderna, Pfizer/BioNTech",12160,1,12161
2021-01-02,"Moderna, Pfizer/BioNTech",13446,2,13448
2021-01-03,"Moderna, Pfizer/BioNTech",14373,2,14375
2021-01-04,"Moderna, Pfizer/BioNTech",17983,2,17985
2021-01-05,"Moderna, Pfizer/BioNTech",22508,3,22511
2021-01-06,"Moderna, Pfizer/BioNTech",28354,4,28358
2021-01-07,"Moderna, Pfizer/BioNTech",36353,4,36357
2021-01-08,"Moderna, Pfizer/BioNTech",46406,5,46411
2021-01-09,"Moderna, Pfizer/BioNTech",48432,7,48439
2021-01-10,Pfizer/BioNTech,50204,9,50213
2021-01-11,"Moderna, Pfizer/BioNTech",60061,11,60072
2021-01-12,"Moderna, Pfizer/BioNTech",73516,13,73529
2021-01-13,"Moderna, Pfizer/BioNTech",87062,14,87076
2021-01-14,"Moderna, Pfizer/BioNTech",102315,18,102333
2021-01-15,"Moderna, Pfizer/BioNTech",116335,19,116354
2021-01-16,"Moderna, Pfizer/BioNTech",119739,23,119762
2021-01-17,"Moderna, Pfizer/BioNTech",122360,659,123019
2021-01-18,"Moderna, Pfizer/BioNTech",134853,2485,137338
2021-01-19,"Moderna, Pfizer/BioNTech",147462,5214,152676
2021-01-20,"Moderna, Pfizer/BioNTech",161160,7879,169039
2021-01-21,"Moderna, Pfizer/BioNTech",176813,9622,186435
2021-01-22,"Moderna, Pfizer/BioNTech",191705,10667,202372
2021-01-23,"Moderna, Pfizer/BioNTech",195023,11547,206570
2021-01-24,"Moderna, Pfizer/BioNTech",197279,12418,209697
2021-01-25,"Moderna, Pfizer/BioNTech",206934,15388,222322
2021-01-26,"Moderna, Pfizer/BioNTech",217482,19379,236861
2021-01-27,"Moderna, Pfizer/BioNTech",226514,23914,250428
2021-01-28,"Moderna, Pfizer/BioNTech",233620,30048,263668
2021-01-29,"Moderna, Pfizer/BioNTech",239836,37957,277793
2021-01-30,"Moderna, Pfizer/BioNTech",240577,39045,279622
2021-01-31,"Moderna, Pfizer/BioNTech",241296,40227,281523
2021-02-01,"Moderna, Pfizer/BioNTech",245279,48197,293476
2021-02-02,"Moderna, Pfizer/BioNTech",249434,58437,307871
2021-02-03,"Moderna, Pfizer/BioNTech",253861,69457,323318
2021-02-04,"Moderna, Pfizer/BioNTech",258768,82450,341218
2021-02-05,"Moderna, Pfizer/BioNTech",264242,93124,357366
2021-02-06,"Moderna, Oxford/AstraZeneca, Pfizer/BioNTech",265099,95490,360589
2021-02-07,"Moderna, Oxford/AstraZeneca, Pfizer/BioNTech",265950,97990,363940
2021-02-08,"Moderna, Oxford/AstraZeneca, Pfizer/BioNTech",270043,109419,379462
2021-02-09,"Moderna, Oxford/AstraZeneca, Pfizer/BioNTech",275155,121330,396485
2021-02-10,"Moderna, Oxford/AstraZeneca, Pfizer/BioNTech",280674,134591,415265
2021-02-11,"Moderna, Oxford/AstraZeneca, Pfizer/BioNTech",287016,150811,437827
2021-02-12,"Moderna, Oxford/AstraZeneca, Pfizer/BioNTech",293844,165561,459405
2021-02-13,"Moderna, Oxford/AstraZeneca, Pfizer/BioNTech",295462,168548,464010
2021-02-14,"Moderna, Oxford/AstraZeneca, Pfizer/BioNTech",296468,169935,466403
2021-02-15,"Moderna, Oxford/AstraZeneca, Pfizer/BioNTech",302868,179306,482174
2021-02-16,"Moderna, Oxford/AstraZeneca, Pfizer/BioNTech",311589,188387,499976
2021-02-17,"Moderna, Oxford/AstraZeneca, Pfizer/BioNTech",321291,196699,517990
2021-02-18,"Moderna, Oxford/AstraZeneca, Pfizer/BioNTech",333621,204782,538403
2021-02-19,"Moderna, Oxford/AstraZeneca, Pfizer/BioNTech",345488,212159,557647
2021-02-20,"Moderna, Oxford/AstraZeneca, Pfizer/BioNTech",347498,213345,560843
2021-02-21,"Moderna, Oxford/AstraZeneca, Pfizer/BioNTech",348635,214371,563006
2021-02-22,"Moderna, Oxford/AstraZeneca, Pfizer/BioNTech",358759,220408,579167
2021-02-23,"Moderna, Oxford/AstraZeneca, Pfizer/BioNTech",371724,227400,599124
2021-02-24,"Moderna, Oxford/AstraZeneca, Pfizer/BioNTech",385608,233442,619050
2021-02-25,"Moderna, Oxford/AstraZeneca, Pfizer/BioNTech",403592,238993,642585
2021-02-26,"Moderna, Oxford/AstraZeneca, Pfizer/BioNTech",419773,244353,664126
2021-02-27,"Moderna, Oxford/AstraZeneca, Pfizer/BioNTech",422782,244912,667694
2021-02-28,"Moderna, Oxford/AstraZeneca, Pfizer/BioNTech",425140,245463,670603
2021-03-01,"Moderna, Oxford/AstraZeneca, Pfizer/BioNTech",444740,248912,693652
2021-03-02,"Moderna, Oxford/AstraZeneca, Pfizer/BioNTech",471968,252466,724434
2021-03-03,"Moderna, Oxford/AstraZeneca, Pfizer/BioNTech",502924,256978,759902
2021-03-04,"Moderna, Oxford/AstraZeneca, Pfizer/BioNTech",536209,261669,797878
2021-03-05,"Johnson&Johnson, Moderna, Oxford/AstraZeneca, Pfizer/BioNTech",565056,267098,832154
2021-03-06,"Johnson&Johnson, Moderna, Oxford/AstraZeneca, Pfizer/BioNTech",577216,267964,845180
2021-03-07,"Johnson&Johnson, Moderna, Oxford/AstraZeneca, Pfizer/BioNTech",588766,268807,857573
2021-03-08,"Johnson&Johnson, Moderna, Oxford/AstraZeneca, Pfizer/BioNTech",618517,273670,892187
2021-03-09,"Johnson&Johnson, Moderna, Oxford/AstraZeneca, Pfizer/BioNTech",654890,280058,934948
2021-03-10,"Johnson&Johnson, Moderna, Oxford/AstraZeneca, Pfizer/BioNTech",696223,287018,983241
2021-03-11,"Johnson&Johnson, Moderna, Oxford/AstraZeneca, Pfizer/BioNTech",741081,295393,1036474
2021-03-12,"Johnson&Johnson, Moderna, Oxford/AstraZeneca, Pfizer/BioNTech, Čína",779843,303894,1083737
2021-03-13,"Johnson&Johnson, Moderna, Oxford/AstraZeneca, Pfizer/BioNTech",796955,305210,1102165
2021-03-14,"Johnson&Johnson, Moderna, Oxford/AstraZeneca, Pfizer/BioNTech",809074,306367,1115441
2021-03-15,"Johnson&Johnson, Moderna, Oxford/AstraZeneca, Pfizer/BioNTech",837470,315147,1152617
2021-03-16,"Johnson&Johnson, Moderna, Oxford/AstraZeneca, Pfizer/BioNTech",876368,325684,1202052
2021-03-17,"Moderna, Oxford/AstraZeneca, Pfizer/BioNTech",913855,336199,1250054
2021-03-18,"Johnson&Johnson, Moderna, Oxford/AstraZeneca, Pfizer/BioNTech",951863,348625,1300488
2021-03-19,"Johnson&Johnson, Moderna, Oxford/AstraZeneca, Pfizer/BioNTech",986383,362240,1348623
2021-03-20,"Johnson&Johnson, Moderna, Oxford/AstraZeneca, Pfizer/BioNTech",1001567,364270,1365837
2021-03-21,"Johnson&Johnson, Moderna, Oxford/AstraZeneca, Pfizer/BioNTech",1009016,365830,1374846
2021-03-22,"Johnson&Johnson, Moderna, Oxford/AstraZeneca, Pfizer/BioNTech",1033592,378331,1411923
2021-03-23,"Johnson&Johnson, Moderna, Oxford/AstraZeneca, Pfizer/BioNTech",1060269,391698,1451967
2021-03-24,"Johnson&Johnson, Moderna, Oxford/AstraZeneca, Pfizer/BioNTech",1087166,407444,1494610
2021-03-25,"Johnson&Johnson, Moderna, Oxford/AstraZeneca, Pfizer/BioNTech",1113526,425299,1538825
2021-03-26,"Johnson&Johnson, Moderna, Oxford/AstraZeneca, Pfizer/BioNTech",1138369,442812,1581181
2021-03-27,"Johnson&Johnson, Moderna, Oxford/AstraZeneca, Pfizer/BioNTech, Čína",1146832,447658,1594490
2021-03-28,"Moderna, Oxford/AstraZeneca, Pfizer/BioNTech",1152381,451806,1604187
2021-03-29,"Johnson&Johnson, Moderna, Oxford/AstraZeneca, Pfizer/BioNTech",1171543,472542,1644085
2021-03-30,"Johnson&Johnson, Moderna, Oxford/AstraZeneca, Pfizer/BioNTech",1196252,494729,1690981
2021-03-31,"Johnson&Johnson, Moderna, Oxford/AstraZeneca, Pfizer/BioNTech",1219411,521798,1741209
2021-04-01,"Johnson&Johnson, Moderna, Oxford/AstraZeneca, Pfizer/BioNTech",1245102,553856,1798958
2021-04-02,"Johnson&Johnson, Moderna, Oxford/AstraZeneca, Pfizer/BioNTech",1252086,566652,1818738
2021-04-03,"Johnson&Johnson, Moderna, Oxford/AstraZeneca, Pfizer/BioNTech",1255741,577585,1833326
2021-04-04,"Johnson&Johnson, Moderna, Oxford/AstraZeneca, Pfizer/BioNTech",1258287,586511,1844798
2021-04-05,"Johnson&Johnson, Moderna, Oxford/AstraZeneca, Pfizer/BioNTech",1260720,593716,1854436
2021-04-06,"Johnson&Johnson, Moderna, Oxford/AstraZeneca, Pfizer/BioNTech, Čína",1276939,622992,1899931
2021-04-07,"Johnson&Johnson, Moderna, Oxford/AstraZeneca, Pfizer/BioNTech",1300443,645231,1945674
2021-04-08,"Johnson&Johnson, Moderna, Oxford/AstraZeneca, Pfizer/BioNTech",1339265,676280,2015545
2021-04-09,"Johnson&Johnson, Moderna, Oxford/AstraZeneca, Pfizer/BioNTech",1378862,706481,2085343
2021-04-10,"Johnson&Johnson, Moderna, Oxford/AstraZeneca, Pfizer/BioNTech",1394431,721795,2116226
2021-04-11,"Johnson&Johnson, Moderna, Oxford/AstraZeneca, Pfizer/BioNTech",1404226,731853,2136079
2021-04-12,"Johnson&Johnson, Moderna, Oxford/AstraZeneca, Pfizer/BioNTech",1442549,756999,2199548
2021-04-13,"Moderna, Oxford/AstraZeneca, Pfizer/BioNTech",1478857,783042,2261899
2021-04-14,"Moderna, Oxford/AstraZeneca, Pfizer/BioNTech",1517747,810422,2328169
2021-04-15,"Moderna, Oxford/AstraZeneca, Pfizer/BioNTech",1565583,836204,2401787
2021-04-16,"Moderna, Oxford/AstraZeneca, Pfizer/BioNTech",1610304,861887,2472191
2021-04-17,"Indie/AstraZeneca, Moderna, Oxford/AstraZeneca, Pfizer/BioNTech",1627032,870913,2497945
2021-04-18,"Moderna, Oxford/AstraZeneca, Pfizer/BioNTech",1640032,875899,2515931
2021-04-19,"Johnson&Johnson, Moderna, Oxford/AstraZeneca, Pfizer/BioNTech",1684008,891342,2575350
2021-04-20,"Johnson&Johnson, Moderna, Oxford/AstraZeneca, Pfizer/BioNTech",1726598,907232,2633830
2021-04-21,"Moderna, Oxford/AstraZeneca, Pfizer/BioNTech",1774364,921603,2695967
2021-04-22,"Johnson&Johnson, Moderna, Oxford/AstraZeneca, Pfizer/BioNTech",1828896,939003,2767899
2021-04-23,"Johnson&Johnson, Moderna, Oxford/AstraZeneca, Pfizer/BioNTech",1878910,951070,2829980
2021-04-24,"Johnson&Johnson, Moderna, Oxford/AstraZeneca, Pfizer/BioNTech, Čína",1896787,956340,2853127
2021-04-25,"Johnson&Johnson, Moderna, Oxford/AstraZeneca, Pfizer/BioNTech",1911500,960345,2871845
2021-04-26,"Johnson&Johnson, Moderna, Oxford/AstraZeneca, Pfizer/BioNTech",1961115,967915,2929030
2021-04-27,"Johnson&Johnson, Moderna, Oxford/AstraZeneca, Pfizer/BioNTech",2010105,980170,2990275
2021-04-28,"Johnson&Johnson, Moderna, Oxford/AstraZeneca, Pfizer/BioNTech",2068887,994193,3063080
2021-04-29,"Johnson&Johnson, Moderna, Oxford/AstraZeneca, Pfizer/BioNTech",2134508,1010115,3144623
2021-04-30,"Johnson&Johnson, Moderna, Oxford/AstraZeneca, Pfizer/BioNTech",2196802,1020111,3216913
2021-05-01,"Johnson&Johnson, Moderna, Oxford/AstraZeneca, Pfizer/BioNTech",2216197,1023577,3239774
2021-05-02,"Johnson&Johnson, Moderna, Oxford/AstraZeneca, Pfizer/BioNTech",2235149,1025868,3261017
2021-05-03,"Johnson&Johnson, Moderna, Oxford/AstraZeneca, Pfizer/BioNTech",2302426,1030952,3333378
2021-05-04,"Johnson&Johnson, Moderna, Oxford/AstraZeneca, Pfizer/BioNTech",2368986,1039327,3408313
2021-05-05,"Johnson&Johnson, Moderna, Oxford/AstraZeneca, Pfizer/BioNTech",2442199,1048775,3490974
2021-05-06,"Johnson&Johnson, Moderna, Oxford/AstraZeneca, Pfizer/BioNTech",2522639,1059528,3582167
2021-05-07,"Johnson&Johnson, Moderna, Oxford/AstraZeneca, Pfizer/BioNTech",2599978,1069674,3669652
2021-05-08,"Johnson&Johnson, Moderna, Oxford/AstraZeneca, Pfizer/BioNTech",2629523,1071468,3700991
2021-05-09,"Johnson&Johnson, Moderna, Oxford/AstraZeneca, Pfizer/BioNTech",2653766,1072692,3726458
2021-05-10,"Johnson&Johnson, Moderna, Oxford/AstraZeneca, Pfizer/BioNTech",2726567,1079939,3806506
2021-05-11,"Johnson&Johnson, Moderna, Oxford/AstraZeneca, Pfizer/BioNTech",2802720,1088774,3891494
2021-05-12,"Johnson&Johnson, Moderna, Oxford/AstraZeneca, Pfizer/BioNTech",2882667,1097922,3980589
2021-05-13,"Johnson&Johnson, Moderna, Oxford/AstraZeneca, Pfizer/BioNTech",2966721,1107114,4073835
2021-05-14,"Johnson&Johnson, Moderna, Oxford/AstraZeneca, Pfizer/BioNTech",3046277,1114942,4161219
2021-05-15,"Johnson&Johnson, Moderna, Oxford/AstraZeneca, Pfizer/BioNTech",3078245,1117229,4195474
2021-05-16,"Johnson&Johnson, Moderna, Oxford/AstraZeneca, Pfizer/BioNTech",3104061,1118516,4222577
2021-05-17,"Indie/AstraZeneca, Johnson&Johnson, Moderna, Oxford/AstraZeneca, Pfizer/BioNTech",3176605,1125276,4301881
2021-05-18,"Indie/AstraZeneca, Johnson&Johnson, Moderna, Oxford/AstraZeneca, Pfizer/BioNTech",3248600,1138403,4387003
2021-05-19,"Johnson&Johnson, Moderna, Oxford/AstraZeneca, Pfizer/BioNTech",3326101,1153579,4479680
2021-05-20,"Johnson&Johnson, Moderna, Oxford/AstraZeneca, Pfizer/BioNTech",3401602,1180651,4582253
2021-05-21,"Johnson&Johnson, Moderna, Oxford/AstraZeneca, Pfizer/BioNTech",3470464,1208463,4678927
2021-05-22,"Johnson&Johnson, Moderna, Oxford/AstraZeneca, Pfizer/BioNTech",3502939,1219708,4722647
2021-05-23,"Johnson&Johnson, Moderna, Oxford/AstraZeneca, Pfizer/BioNTech",3525390,1228750,4754140
2021-05-24,"Johnson&Johnson, Moderna, Oxford/AstraZeneca, Pfizer/BioNTech",3572611,1262432,4835043
2021-05-25,"Indie/AstraZeneca, Johnson&Johnson, Moderna, Oxford/AstraZeneca, Pfizer/BioNTech",3624538,1298279,4922817
2021-05-26,"Johnson&Johnson, Moderna, Oxford/AstraZeneca, Pfizer/BioNTech",3692310,1335844,5028154
2021-05-27,"Indie/AstraZeneca, Johnson&Johnson, Moderna, Oxford/AstraZeneca, Pfizer/BioNTech",3753752,1383211,5136963
2021-05-28,"Johnson&Johnson, Moderna, Oxford/AstraZeneca, Pfizer/BioNTech",3815504,1429829,5245333
2021-05-29,"Johnson&Johnson, Moderna, Oxford/AstraZeneca, Pfizer/BioNTech",3844780,1446978,5291758
2021-05-30,"Johnson&Johnson, Moderna, Oxford/AstraZeneca, Pfizer/BioNTech, Čína",3867203,1461451,5328654
2021-05-31,"Indie/AstraZeneca, Johnson&Johnson, Moderna, Oxford/AstraZeneca, Pfizer/BioNTech",3922953,1508992,5431945
2021-06-01,"Johnson&Johnson, Moderna, Oxford/AstraZeneca, Pfizer/BioNTech",3982077,1557887,5539964
2021-06-02,"Johnson&Johnson, Moderna, Oxford/AstraZeneca, Pfizer/BioNTech",4045063,1611924,5656987
2021-06-03,"Johnson&Johnson, Moderna, Oxford/AstraZeneca, Pfizer/BioNTech",4103328,1672173,5775501
2021-06-04,"Johnson&Johnson, Moderna, Oxford/AstraZeneca, Pfizer/BioNTech",4166477,1729609,5896086
2021-06-05,"Johnson&Johnson, Moderna, Oxford/AstraZeneca, Pfizer/BioNTech",4200672,1748544,5949216
2021-06-06,"Johnson&Johnson, Moderna, Oxford/AstraZeneca, Pfizer/BioNTech",4227635,1763724,5991359
2021-06-07,"Johnson&Johnson, Moderna, Oxford/AstraZeneca, Pfizer/BioNTech",4291339,1819380,6110719
2021-06-08,"Indie/AstraZeneca, Johnson&Johnson, Moderna, Oxford/AstraZeneca, Pfizer/BioNTech",4355358,1874408,6229766
2021-06-09,"Indie/AstraZeneca, Johnson&Johnson, Moderna, Oxford/AstraZeneca, Pfizer/BioNTech",4414585,1939110,6353695
2021-06-10,"Johnson&Johnson, Moderna, Oxford/AstraZeneca, Pfizer/BioNTech",4468454,2010440,6478894
2021-06-11,"Johnson&Johnson, Moderna, Oxford/AstraZeneca, Pfizer/BioNTech",4520587,2080302,6600889
2021-06-12,"Johnson&Johnson, Moderna, Oxford/AstraZeneca, Pfizer/BioNTech",4552622,2101167,6653789
2021-06-13,"Johnson&Johnson, Moderna, Oxford/AstraZeneca, Pfizer/BioNTech",4576667,2119614,6696281
2021-06-14,"Johnson&Johnson, Moderna, Oxford/AstraZeneca, Pfizer/BioNTech, Čína",4619771,2194031,6813802
2021-06-15,"Johnson&Johnson, Moderna, Oxford/AstraZeneca, Pfizer/BioNTech",4664462,2266448,6930910
2021-06-16,"Johnson&Johnson, Moderna, Oxford/AstraZeneca, Pfizer/BioNTech",4707296,2344706,7052002
2021-06-17,"Johnson&Johnson, Moderna, Oxford/AstraZeneca, Pfizer/BioNTech",4746738,2427834,7174572
2021-06-18,"Johnson&Johnson, Moderna, Oxford/AstraZeneca, Pfizer/BioNTech",4789192,2508446,7297638
2021-06-19,"Johnson&Johnson, Moderna, Oxford/AstraZeneca, Pfizer/BioNTech, Čína",4810996,2537801,7348797
2021-06-20,"Johnson&Johnson, Moderna, Oxford/AstraZeneca, Pfizer/BioNTech, Čína",4828413,2561689,7390102
2021-06-21,"Johnson&Johnson, Moderna, Oxford/AstraZeneca, Pfizer/BioNTech, Čína",4860931,2640329,7501260
2021-06-22,"Johnson&Johnson, Moderna, Oxford/AstraZeneca, Pfizer/BioNTech",4893919,2722681,7616600
2021-06-23,"Johnson&Johnson, Moderna, Oxford/AstraZeneca, Pfizer/BioNTech",4925651,2807954,7733605
2021-06-24,"Johnson&Johnson, Moderna, Oxford/AstraZeneca, Pfizer/BioNTech",4955532,2898042,7853574
2021-06-25,"Johnson&Johnson, Moderna, Oxford/AstraZeneca, Pfizer/BioNTech",4986633,2984307,7970940
2021-06-26,"Johnson&Johnson, Moderna, Oxford/AstraZeneca, Pfizer/BioNTech",5002540,3019207,8021747
2021-06-27,"Johnson&Johnson, Moderna, Oxford/AstraZeneca, Pfizer/BioNTech",5016504,3045936,8062440
2021-06-28,"Johnson&Johnson, Moderna, Oxford/AstraZeneca, Pfizer/BioNTech",5044935,3131179,8176114
2021-06-29,"Johnson&Johnson, Moderna, Oxford/AstraZeneca, Pfizer/BioNTech",5074236,3217756,8291992
2021-06-30,"Johnson&Johnson, Moderna, Oxford/AstraZeneca, Pfizer/BioNTech",5101750,3308830,8410580
2021-07-01,"Johnson&Johnson, Moderna, Oxford/AstraZeneca, Pfizer/BioNTech",5125769,3398957,8524726
2021-07-02,"Johnson&Johnson, Moderna, Oxford/AstraZeneca, Pfizer/BioNTech",5152526,3484919,8637445
2021-07-03,"Johnson&Johnson, Moderna, Oxford/AstraZeneca, Pfizer/BioNTech",5159641,3516498,8676139
2021-07-04,"Johnson&Johnson, Moderna, Oxford/AstraZeneca, Pfizer/BioNTech",5167240,3538330,8705570
2021-07-05,"Johnson&Johnson, Moderna, Oxford/AstraZeneca, Pfizer/BioNTech",5174671,3563752,8738423
2021-07-06,"Johnson&Johnson, Moderna, Oxford/AstraZeneca, Pfizer/BioNTech, Čína",5180166,3591502,8771668
2021-07-07,"Johnson&Johnson, Moderna, Oxford/AstraZeneca, Pfizer/BioNTech",5206017,3670520,8876537
2021-07-08,"Johnson&Johnson, Moderna, Oxford/AstraZeneca, Pfizer/BioNTech",5232643,3740895,8973538
2021-07-09,"Johnson&Johnson, Moderna, Oxford/AstraZeneca, Pfizer/BioNTech",5260613,3810251,9070864
2021-07-10,"Indie/AstraZeneca, Johnson&Johnson, Moderna, Oxford/AstraZeneca, Pfizer/BioNTech",5270004,3838933,9108937
2021-07-11,"Johnson&Johnson, Moderna, Oxford/AstraZeneca, Pfizer/BioNTech",5278567,3861829,9140396
2021-07-12,"Johnson&Johnson, Moderna, Oxford/AstraZeneca, Pfizer/BioNTech, Čína",5306135,3930928,9237063
2021-07-13,"Johnson&Johnson, Moderna, Oxford/AstraZeneca, Pfizer/BioNTech",5332358,4000841,9333199
2021-07-14,"Johnson&Johnson, Moderna, Oxford/AstraZeneca, Pfizer/BioNTech",5358214,4072867,9431081
2021-07-15,"Indie/AstraZeneca, Johnson&Johnson, Moderna, Oxford/AstraZeneca, Pfizer/BioNTech",5387410,4138911,9526321
2021-07-16,"Johnson&Johnson, Moderna, Oxford/AstraZeneca, Pfizer/BioNTech",5415364,4211676,9627040
2021-07-17,"Johnson&Johnson, Moderna, Oxford/AstraZeneca, Pfizer/BioNTech, Čína",5424178,4243165,9667343
2021-07-18,"Johnson&Johnson, Moderna, Oxford/AstraZeneca, Pfizer/BioNTech, Čína",5432629,4269187,9701816
2021-07-19,"Johnson&Johnson, Moderna, Oxford/AstraZeneca, Pfizer/BioNTech",5456007,4336231,9792238
2021-07-20,"Johnson&Johnson, Moderna, Oxford/AstraZeneca, Pfizer/BioNTech",5477440,4403319,9880759
2021-07-21,"Indie/AstraZeneca, Johnson&Johnson, Moderna, Oxford/AstraZeneca, Pfizer/BioNTech",5500910,4466809,9967719
2021-07-22,"Johnson&Johnson, Moderna, Oxford/AstraZeneca, Pfizer/BioNTech",5523297,4525478,10048775
2021-07-23,"Johnson&Johnson, Moderna, Oxford/AstraZeneca, Pfizer/BioNTech",5546551,4580269,10126820
2021-07-24,"Johnson&Johnson, Moderna, Oxford/AstraZeneca, Pfizer/BioNTech",5553918,4607961,10161879
2021-07-25,"Johnson&Johnson, Moderna, Oxford/AstraZeneca, Pfizer/BioNTech",5560571,4630108,10190679
2021-07-26,"Johnson&Johnson, Moderna, Oxford/AstraZeneca, Pfizer/BioNTech",5584140,4678821,10262961
2021-07-27,"Johnson&Johnson, Moderna, Oxford/AstraZeneca, Pfizer/BioNTech, Čína",5606905,4725505,10332410
2021-07-28,"Johnson&Johnson, Moderna, Oxford/AstraZeneca, Pfizer/BioNTech",5628203,4771558,10399761
2021-07-29,"Johnson&Johnson, Moderna, Oxford/AstraZeneca, Pfizer/BioNTech",5649557,4813565,10463122
2021-07-30,"Johnson&Johnson, Moderna, Oxford/AstraZeneca, Pfizer/BioNTech",5672854,4856174,10529028
2021-07-31,"Johnson&Johnson, Moderna, Oxford/AstraZeneca, Pfizer/BioNTech",5681823,4875738,10557561
2021-08-01,"Johnson&Johnson, Moderna, Oxford/AstraZeneca, Pfizer/BioNTech",5688563,4891925,10580488
2021-08-02,"Johnson&Johnson, Moderna, Oxford/AstraZeneca, Pfizer/BioNTech",5707222,4929520,10636742
2021-08-03,"Johnson&Johnson, Moderna, Oxford/AstraZeneca, Pfizer/BioNTech",5724897,4967673,10692570
2021-08-04,"Johnson&Johnson, Moderna, Oxford/AstraZeneca, Pfizer/BioNTech",5741039,5004476,10745515
2021-08-05,"Johnson&Johnson, Moderna, Oxford/AstraZeneca, Pfizer/BioNTech",5757102,5045000,10802102
2021-08-06,"Johnson&Johnson, Moderna, Oxford/AstraZeneca, Pfizer/BioNTech",5773934,5088349,10862283
2021-08-07,"Johnson&Johnson, Moderna, Oxford/AstraZeneca, Pfizer/BioNTech",5779553,5106547,10886100
2021-08-08,"Johnson&Johnson, Moderna, Oxford/AstraZeneca, Pfizer/BioNTech",5783930,5122325,10906255
2021-08-09,"Indie/AstraZeneca, Johnson&Johnson, Moderna, Oxford/AstraZeneca, Pfizer/BioNTech",5796579,5167420,10963999
2021-08-10,"Johnson&Johnson, Moderna, Oxford/AstraZeneca, Pfizer/BioNTech",5808440,5207030,11015470
2021-08-11,"Indie/AstraZeneca, Johnson&Johnson, Moderna, Oxford/AstraZeneca, Pfizer/BioNTech",5819824,5250198,11070022
2021-08-12,"Johnson&Johnson, Moderna, Oxford/AstraZeneca, Pfizer/BioNTech",5831257,5287367,11118624
2021-08-13,"Johnson&Johnson, Moderna, Oxford/AstraZeneca, Pfizer/BioNTech",5842004,5327744,11169748
2021-08-14,"Johnson&Johnson, Moderna, Oxford/AstraZeneca, Pfizer/BioNTech",5845354,5338475,11183829
2021-08-15,"Johnson&Johnson, Moderna, Oxford/AstraZeneca, Pfizer/BioNTech",5847950,5348873,11196823
2021-08-16,"Johnson&Johnson, Moderna, Oxford/AstraZeneca, Pfizer/BioNTech",5857750,5382980,11240730
2021-08-17,"Johnson&Johnson, Moderna, Oxford/AstraZeneca, Pfizer/BioNTech",5867354,5410113,11277467
2021-08-18,"Johnson&Johnson, Moderna, Oxford/AstraZeneca, Pfizer/BioNTech",5876734,5449050,11325784
2021-08-19,"Johnson&Johnson, Moderna, Oxford/AstraZeneca, Pfizer/BioNTech",5886420,5487428,11373848
2021-08-20,"Johnson&Johnson, Moderna, Oxford/AstraZeneca, Pfizer/BioNTech",5897822,5527647,11425469
2021-08-21,"Johnson&Johnson, Moderna, Oxford/AstraZeneca, Pfizer/BioNTech",5900555,5540437,11440992
2021-08-22,"Johnson&Johnson, Moderna, Oxford/AstraZeneca, Pfizer/BioNTech",5902901,5552421,11455322
2021-08-23,"Indie/AstraZeneca, Johnson&Johnson, Moderna, Oxford/AstraZeneca, Pfizer/BioNTech",5913442,5591723,11505165
2021-08-24,"Johnson&Johnson, Moderna, Oxford/AstraZeneca, Pfizer/BioNTech",5923328,5624991,11548319
2021-08-25,"Indie/AstraZeneca, Johnson&Johnson, Moderna, Oxford/AstraZeneca, Pfizer/BioNTech",5932208,5653390,11585598
2021-08-26,"Johnson&Johnson, Moderna, Oxford/AstraZeneca, Pfizer/BioNTech",5940666,5679543,11620209
2021-08-27,"Johnson&Johnson, Moderna, Oxford/AstraZeneca, Pfizer/BioNTech",5950998,5705551,11656549
2021-08-28,"Johnson&Johnson, Moderna, Oxford/AstraZeneca, Pfizer/BioNTech",5953744,5712637,11666381
2021-08-29,"Johnson&Johnson, Moderna, Oxford/AstraZeneca, Pfizer/BioNTech",5956163,5719271,11675434
2021-08-30,"Johnson&Johnson, Moderna, Oxford/AstraZeneca, Pfizer/BioNTech",5964694,5741171,11705865
2021-08-31,"Indie/AstraZeneca, Johnson&Johnson, Moderna, Oxford/AstraZeneca, Pfizer/BioNTech",5972386,5759305,11731691
2021-09-01,"Johnson&Johnson, Moderna, Oxford/AstraZeneca, Pfizer/BioNTech",5978305,5773336,11751641
2021-09-02,"Johnson&Johnson, Moderna, Oxford/AstraZeneca, Pfizer/BioNTech",5985153,5787746,11772899
2021-09-03,"Johnson&Johnson, Moderna, Oxford/AstraZeneca, Pfizer/BioNTech",5994715,5803498,11798213
2021-09-04,"Johnson&Johnson, Moderna, Oxford/AstraZeneca, Pfizer/BioNTech",5996795,5807071,11803866
2021-09-05,"Johnson&Johnson, Moderna, Oxford/AstraZeneca, Pfizer/BioNTech",5998844,5809924,11808768
2021-09-06,"Indie/AstraZeneca, Johnson&Johnson, Moderna, Oxford/AstraZeneca, Pfizer/BioNTech",6005087,5822481,11827568
2021-09-07,"Johnson&Johnson, Moderna, Oxford/AstraZeneca, Pfizer/BioNTech",6009483,5833584,11843067
2021-09-08,"Johnson&Johnson, Moderna, Oxford/AstraZeneca, Pfizer/BioNTech",6015164,5843461,11858625
2021-09-09,"Johnson&Johnson, Moderna, Oxford/AstraZeneca, Pfizer/BioNTech",6021870,5853544,11875414
2021-09-10,"Johnson&Johnson, Moderna, Oxford/AstraZeneca, Pfizer/BioNTech",6029577,5865742,11895319
2021-09-11,"Johnson&Johnson, Moderna, Oxford/AstraZeneca, Pfizer/BioNTech",6031455,5868243,11899698
2021-09-12,"Johnson&Johnson, Moderna, Oxford/AstraZeneca, Pfizer/BioNTech",6032575,5869881,11902456
2021-09-13,"Johnson&Johnson, Moderna, Oxford/AstraZeneca, Pfizer/BioNTech",6038021,5880201,11918222
2021-09-14,"Johnson&Johnson, Moderna, Oxford/AstraZeneca, Pfizer/BioNTech",6043428,5889227,11932655
2021-09-15,"Johnson&Johnson, Moderna, Oxford/AstraZeneca, Pfizer/BioNTech",6048644,5897764,11946408
2021-09-16,"Johnson&Johnson, Moderna, Oxford/AstraZeneca, Pfizer/BioNTech",6054016,5906045,11960061
2021-09-17,"Johnson&Johnson, Moderna, Oxford/AstraZeneca, Pfizer/BioNTech",6060592,5916290,11976882
2021-09-18,"Johnson&Johnson, Moderna, Oxford/AstraZeneca, Pfizer/BioNTech",6062325,5918659,11980984
2021-09-19,"Johnson&Johnson, Moderna, Oxford/AstraZeneca, Pfizer/BioNTech",6063272,5920233,11983505
2021-09-20,"Johnson&Johnson, Moderna, Oxford/AstraZeneca, Pfizer/BioNTech",6067305,5928440,11995745
2021-09-21,"Johnson&Johnson, Moderna, Oxford/AstraZeneca, Pfizer/BioNTech",6071551,5935982,12007533
2021-09-22,"Johnson&Johnson, Moderna, Oxford/AstraZeneca, Pfizer/BioNTech",6075749,5941516,12017265
2021-09-23,"Johnson&Johnson, Moderna, Oxford/AstraZeneca, Pfizer/BioNTech",6080712,5947940,12028652
2021-09-24,"Johnson&Johnson, Moderna, Oxford/AstraZeneca, Pfizer/BioNTech",6086480,5957565,12044045
2021-09-25,"Johnson&Johnson, Moderna, Oxford/AstraZeneca, Pfizer/BioNTech",6087983,5959568,12047551
2021-09-26,"Johnson&Johnson, Moderna, Oxford/AstraZeneca, Pfizer/BioNTech",6088730,5961213,12049943
2021-09-27,"Johnson&Johnson, Moderna, Oxford/AstraZeneca, Pfizer/BioNTech",6092620,5967733,12060353
2021-09-28,"Johnson&Johnson, Moderna, Oxford/AstraZeneca, Pfizer/BioNTech",6092999,5968373,12061372
2021-09-29,"Johnson&Johnson, Moderna, Oxford/AstraZeneca, Pfizer/BioNTech",6096778,5975838,12072616
2021-09-30,"Johnson&Johnson, Moderna, Oxford/AstraZeneca, Pfizer/BioNTech",6101302,5983555,12084857
2021-10-01,"Johnson&Johnson, Moderna, Oxford/AstraZeneca, Pfizer/BioNTech",6105618,5991548,12097166
2021-10-02,"Johnson&Johnson, Moderna, Oxford/AstraZeneca, Pfizer/BioNTech",6106684,5993097,12099781
2021-10-03,"Johnson&Johnson, Moderna, Oxford/AstraZeneca, Pfizer/BioNTech",6107409,5993972,12101381
2021-10-04,"Johnson&Johnson, Moderna, Oxford/AstraZeneca, Pfizer/BioNTech",6110491,5999554,12110045
2021-10-05,"Johnson&Johnson, Moderna, Oxford/AstraZeneca, Pfizer/BioNTech",6113655,6004644,12118299
2021-10-06,"Johnson&Johnson, Moderna, Oxford/AstraZeneca, Pfizer/BioNTech",6117180,6009826,12127006
2021-10-07,"Johnson&Johnson, Moderna, Oxford/AstraZeneca, Pfizer/BioNTech",6120467,6015089,12135556
2021-10-08,"Johnson&Johnson, Moderna, Oxford/AstraZeneca, Pfizer/BioNTech",6125266,6021740,12147006
2021-10-09,"Indie/AstraZeneca, Johnson&Johnson, Moderna, Oxford/AstraZeneca, Pfizer/BioNTech",6126511,6023411,12149922
2021-10-10,"Johnson&Johnson, Moderna, Oxford/AstraZeneca, Pfizer/BioNTech",6127459,6024249,12151708
2021-10-11,"Johnson&Johnson, Moderna, Oxford/AstraZeneca, Pfizer/BioNTech",6130389,6028675,12159064
2021-10-12,"Johnson&Johnson, Moderna, Oxford/AstraZeneca, Pfizer/BioNTech",6133332,6032680,12166012
2021-10-13,"Johnson&Johnson, Moderna, Oxford/AstraZeneca, Pfizer/BioNTech",6136868,6036877,12173745
2021-10-14,"Johnson&Johnson, Moderna, Oxford/AstraZeneca, Pfizer/BioNTech",6140543,6041829,12182372
2021-10-15,"Johnson&Johnson, Moderna, Oxford/AstraZeneca, Pfizer/BioNTech",6145778,6047982,12193760
2021-10-16,"Johnson&Johnson, Moderna, Oxford/AstraZeneca, Pfizer/BioNTech",6147194,6049515,12196709
2021-10-17,"Johnson&Johnson, Moderna, Pfizer/BioNTech",6148520,6050572,12199092
2021-10-18,"Johnson&Johnson, Moderna, Oxford/AstraZeneca, Pfizer/BioNTech",6152634,6054681,12207315
2021-10-19,"Johnson&Johnson, Moderna, Oxford/AstraZeneca, Pfizer/BioNTech",6156216,6056787,12213003
2021-10-20,"Johnson&Johnson, Moderna, Oxford/AstraZeneca, Pfizer/BioNTech",6161108,6061252,12222360
2021-10-21,"Johnson&Johnson, Moderna, Oxford/AstraZeneca, Pfizer/BioNTech",6168880,6066865,12235745
2021-10-22,"Johnson&Johnson, Moderna, Oxford/AstraZeneca, Pfizer/BioNTech",6179340,6073370,12252710
2021-10-23,"Johnson&Johnson, Moderna, Oxford/AstraZeneca, Pfizer/BioNTech",6183023,6075583,12258606
2021-10-24,"Johnson&Johnson, Moderna, Oxford/AstraZeneca, Pfizer/BioNTech",6185710,6077362,12263072
2021-10-25,"Johnson&Johnson, Moderna, Oxford/AstraZeneca, Pfizer/BioNTech",6196223,6083184,12279407
2021-10-26,"Johnson&Johnson, Moderna, Oxford/AstraZeneca, Pfizer/BioNTech",6208220,6089738,12297958
2021-10-27,"Johnson&Johnson, Moderna, Oxford/AstraZeneca, Pfizer/BioNTech, Čína",6222833,6097157,12319990
2021-10-28,"Johnson&Johnson, Moderna, Oxford/AstraZeneca, Pfizer/BioNTech",6226264,6098846,12325110
2021-10-29,"Johnson&Johnson, Moderna, Oxford/AstraZeneca, Pfizer/BioNTech",6240708,6106837,12347545
2021-10-30,"Johnson&Johnson, Moderna, Oxford/AstraZeneca, Pfizer/BioNTech",6245239,6109769,12355008
2021-10-31,"Johnson&Johnson, Moderna, Oxford/AstraZeneca, Pfizer/BioNTech",6249001,6112245,12361246
2021-11-01,"Johnson&Johnson, Moderna, Oxford/AstraZeneca, Pfizer/BioNTech",6264199,6119926,12384125
2021-11-02,"Johnson&Johnson, Moderna, Oxford/AstraZeneca, Pfizer/BioNTech",6279651,6127488,12407139
2021-11-03,"Johnson&Johnson, Moderna, Oxford/AstraZeneca, Pfizer/BioNTech",6296835,6134781,12431616
2021-11-04,"Johnson&Johnson, Moderna, Oxford/AstraZeneca, Pfizer/BioNTech",6315183,6142961,12458144
2021-11-05,"Johnson&Johnson, Moderna, Oxford/AstraZeneca, Pfizer/BioNTech",6337987,6154252,12492239
2021-11-06,"Johnson&Johnson, Moderna, Oxford/AstraZeneca, Pfizer/BioNTech",6344505,6157312,12501817
2021-11-07,"Johnson&Johnson, Moderna, Oxford/AstraZeneca, Pfizer/BioNTech",6348531,6159748,12508279
2021-11-08,"Johnson&Johnson, Moderna, Oxford/AstraZeneca, Pfizer/BioNTech",6364797,6167378,12532175
2021-11-09,"Johnson&Johnson, Moderna, Oxford/AstraZeneca, Pfizer/BioNTech",6379610,6174679,12554289
2021-11-10,"Johnson&Johnson, Moderna, Oxford/AstraZeneca, Pfizer/BioNTech",6395349,6182067,12577416
2021-11-11,"Johnson&Johnson, Moderna, Oxford/AstraZeneca, Pfizer/BioNTech, Čína",6410826,6191178,12602004
2021-11-12,"Johnson&Johnson, Moderna, Oxford/AstraZeneca, Pfizer/BioNTech",6430629,6203978,12634607
2021-11-13,"Johnson&Johnson, Moderna, Oxford/AstraZeneca, Pfizer/BioNTech",6436026,6207858,12643884
2021-11-14,"Johnson&Johnson, Moderna, Oxford/AstraZeneca, Pfizer/BioNTech",6439925,6210868,12650793
2021-11-15,"Johnson&Johnson, Moderna, Oxford/AstraZeneca, Pfizer/BioNTech",6455014,6221577,12676591
2021-11-16,"Johnson&Johnson, Moderna, Oxford/AstraZeneca, Pfizer/BioNTech",6472545,6233555,12706100
2021-11-17,"Johnson&Johnson, Moderna, Oxford/AstraZeneca, Pfizer/BioNTech",6476789,6237125,12713914
2021-11-18,"Johnson&Johnson, Moderna, Oxford/AstraZeneca, Pfizer/BioNTech",6496203,6248818,12745021
2021-11-19,"Johnson&Johnson, Moderna, Oxford/AstraZeneca, Pfizer/BioNTech",6520813,6265797,12786610
2021-11-20,"Johnson&Johnson, Moderna, Oxford/AstraZeneca, Pfizer/BioNTech",6529390,6270784,12800174
2021-11-21,"Johnson&Johnson, Moderna, Oxford/AstraZeneca, Pfizer/BioNTech",6536158,6274560,12810718
2021-11-22,"Johnson&Johnson, Moderna, Oxford/AstraZeneca, Pfizer/BioNTech",6554667,6288675,12843342
2021-11-23,"Johnson&Johnson, Moderna, Oxford/AstraZeneca, Pfizer/BioNTech",6573736,6301942,12875678
2021-11-24,"Johnson&Johnson, Moderna, Oxford/AstraZeneca, Pfizer/BioNTech",6592750,6317795,12910545
2021-11-25,"Johnson&Johnson, Moderna, Oxford/AstraZeneca, Pfizer/BioNTech",6611894,6332842,12944736
2021-11-26,"Johnson&Johnson, Moderna, Oxford/AstraZeneca, Pfizer/BioNTech",6633552,6351984,12985536
2021-11-27,"Johnson&Johnson, Moderna, Oxford/AstraZeneca, Pfizer/BioNTech",6641024,6357540,12998564
2021-11-28,"Johnson&Johnson, Moderna, Oxford/AstraZeneca, Pfizer/BioNTech",6644357,6360680,13005037
2021-11-29,"Johnson&Johnson, Moderna, Oxford/AstraZeneca, Pfizer/BioNTech",6659566,6374344,13033910
2021-11-30,"Johnson&Johnson, Moderna, Oxford/AstraZeneca, Pfizer/BioNTech",6672767,6385576,13058343
2021-12-01,"Johnson&Johnson, Moderna, Oxford/AstraZeneca, Pfizer/BioNTech",6686806,6398037,13084843
2021-12-02,"Johnson&Johnson, Moderna, Oxford/AstraZeneca, Pfizer/BioNTech",6697449,6410533,13107982
2021-12-03,"Johnson&Johnson, Moderna, Oxford/AstraZeneca, Pfizer/BioNTech",6707088,6426113,13133201
2021-12-04,"Johnson&Johnson, Moderna, Pfizer/BioNTech",6709645,6430071,13139716
2021-12-05,"Johnson&Johnson, Moderna, Oxford/AstraZeneca, Pfizer/BioNTech",6711006,6432416,13143422
2021-12-06,"Johnson&Johnson, Moderna, Oxford/AstraZeneca, Pfizer/BioNTech",6719155,6443945,13163100
2021-12-07,"Johnson&Johnson, Moderna, Oxford/AstraZeneca, Pfizer/BioNTech",6727045,6455957,13183002
2021-12-08,"Johnson&Johnson, Moderna, Oxford/AstraZeneca, Pfizer/BioNTech",6735291,6461886,13197177
2021-12-09,"Johnson&Johnson, Moderna, Oxford/AstraZeneca, Pfizer/BioNTech",6742412,6474710,13217122
2021-12-10,"Johnson&Johnson, Moderna, Oxford/AstraZeneca, Pfizer/BioNTech",6749342,6492517,13241859
2021-12-11,"Johnson&Johnson, Moderna, Oxford/AstraZeneca, Pfizer/BioNTech",6750997,6497784,13248781
2021-12-12,"Johnson&Johnson, Moderna, Oxford/AstraZeneca, Pfizer/BioNTech",6752308,6502221,13254529
2021-12-13,"Johnson&Johnson, Moderna, Oxford/AstraZeneca, Pfizer/BioNTech",6758664,6515533,13274197
2021-12-14,"Johnson&Johnson, Moderna, Oxford/AstraZeneca, Pfizer/BioNTech",6764875,6529205,13294080
2021-12-15,"Johnson&Johnson, Moderna, Oxford/AstraZeneca, Pfizer/BioNTech",6771082,6542804,13313886
2021-12-16,"Johnson&Johnson, Moderna, Oxford/AstraZeneca, Pfizer/BioNTech",6778025,6557639,13335664
2021-12-17,"Johnson&Johnson, Moderna, Oxford/AstraZeneca, Pfizer/BioNTech",6786389,6574909,13361298
2021-12-18,"Johnson&Johnson, Moderna, Oxford/AstraZeneca, Pfizer/BioNTech",6789000,6580365,13369365
2021-12-19,"Johnson&Johnson, Moderna, Pfizer/BioNTech",6790772,6582869,13373641
2021-12-20,"Johnson&Johnson, Moderna, Oxford/AstraZeneca, Pfizer/BioNTech",6796623,6596932,13393555
2021-12-21,"Johnson&Johnson, Moderna, Oxford/AstraZeneca, Pfizer/BioNTech",6803286,6608934,13412220
2021-12-22,"Johnson&Johnson, Moderna, Oxford/AstraZeneca, Pfizer/BioNTech",6808332,6621993,13430325
2021-12-23,"Johnson&Johnson, Moderna, Oxford/AstraZeneca, Pfizer/BioNTech",6811206,6627597,13438803
2021-12-24,"Johnson&Johnson, Moderna, Oxford/AstraZeneca, Pfizer/BioNTech",6811252,6627701,13438953
2021-12-25,"Moderna, Pfizer/BioNTech",6811253,6627709,13438962
2021-12-26,"Moderna, Pfizer/BioNTech",6811355,6627912,13439267
2021-12-27,"Johnson&Johnson, Moderna, Pfizer/BioNTech",6815222,6637657,13452879
2021-12-28,"Johnson&Johnson, Moderna, Oxford/AstraZeneca, Pfizer/BioNTech",6820462,6645655,13466117
2021-12-29,"Johnson&Johnson, Moderna, Oxford/AstraZeneca, Pfizer/BioNTech",6824744,6653376,13478120
2021-12-30,"Johnson&Johnson, Moderna, Pfizer/BioNTech",6829045,6658809,13487854
2021-12-31,"Johnson&Johnson, Moderna, Pfizer/BioNTech",6829556,6660234,13489790
2022-01-01,"Moderna, Pfizer/BioNTech",6829562,6660252,13489814
2022-01-02,"Johnson&Johnson, Moderna, Pfizer/BioNTech",6830418,6661629,13492047
2022-01-03,"Johnson&Johnson, Moderna, Oxford/AstraZeneca, Pfizer/BioNTech",6834554,6670538,13505092
2022-01-04,"Johnson&Johnson, Moderna, Oxford/AstraZeneca, Pfizer/BioNTech",6839637,6678295,13517932
2022-01-05,"Johnson&Johnson, Moderna, Oxford/AstraZeneca, Pfizer/BioNTech",6845459,6686269,13531728
2022-01-06,"Johnson&Johnson, Moderna, Oxford/AstraZeneca, Pfizer/BioNTech",6852045,6694670,13546715
2022-01-07,"Johnson&Johnson, Moderna, Oxford/AstraZeneca, Pfizer/BioNTech",6859920,6705026,13564946
2022-01-08,"Johnson&Johnson, Moderna, Oxford/AstraZeneca, Pfizer/BioNTech",6862399,6707804,13570203
2022-01-09,"Johnson&Johnson, Moderna, Pfizer/BioNTech",6863482,6709499,13572981
2022-01-10,"Johnson&Johnson, Moderna, Oxford/AstraZeneca, Pfizer/BioNTech",6867989,6715690,13583679
2022-01-11,"Johnson&Johnson, Moderna, Oxford/AstraZeneca, Pfizer/BioNTech",6873437,6722446,13595883
2022-01-12,"Johnson&Johnson, Moderna, Oxford/AstraZeneca, Pfizer/BioNTech",6879394,6728088,13607482
2022-01-13,"Johnson&Johnson, Moderna, Oxford/AstraZeneca, Pfizer/BioNTech",6885283,6732863,13618146
2022-01-14,"Johnson&Johnson, Moderna, Oxford/AstraZeneca, Pfizer/BioNTech",6891586,6736494,13628080
2022-01-15,"Johnson&Johnson, Moderna, Oxford/AstraZeneca, Pfizer/BioNTech",6892862,6737150,13630012
2022-01-16,"Johnson&Johnson, Moderna, Oxford/AstraZeneca, Pfizer/BioNTech",6893552,6737587,13631139
2022-01-17,"Johnson&Johnson, Moderna, Oxford/AstraZeneca, Pfizer/BioNTech",6897107,6741543,13638650
2022-01-18,"Johnson&Johnson, Moderna, Oxford/AstraZeneca, Pfizer/BioNTech",6900956,6746494,13647450
2022-01-19,"Johnson&Johnson, Moderna, Oxford/AstraZeneca, Pfizer/BioNTech",6905025,6750426,13655451
2022-01-20,"Johnson&Johnson, Moderna, Oxford/AstraZeneca, Pfizer/BioNTech",6908620,6754881,13663501
2022-01-21,"Johnson&Johnson, Moderna, Oxford/AstraZeneca, Pfizer/BioNTech",6912618,6757409,13670027
2022-01-22,"Johnson&Johnson, Moderna, Pfizer/BioNTech",6913397,6757850,13671247
2022-01-23,"Johnson&Johnson, Moderna, Pfizer/BioNTech",6913958,6758484,13672442
2022-01-24,"Johnson&Johnson, Moderna, Oxford/AstraZeneca, Pfizer/BioNTech",6916230,6761919,13678149
2022-01-25,"Johnson&Johnson, Moderna, Oxford/AstraZeneca, Pfizer/BioNTech",6918588,6765913,13684501
2022-01-26,"Johnson&Johnson, Moderna, Oxford/AstraZeneca, Pfizer/BioNTech",6920973,6770481,13691454
2022-01-27,"Johnson&Johnson, Moderna, Oxford/AstraZeneca, Pfizer/BioNTech",6923295,6775293,13698588
2022-01-28,"Johnson&Johnson, Moderna, Oxford/AstraZeneca, Pfizer/BioNTech",6926212,6781456,13707668
2022-01-29,"Johnson&Johnson, Moderna, Oxford/AstraZeneca, Pfizer/BioNTech",6926814,6783107,13709921
2022-01-30,"Johnson&Johnson, Moderna, Pfizer/BioNTech",6927041,6783889,13710930
2022-01-31,"Johnson&Johnson, Moderna, Pfizer/BioNTech",6928582,6787816,13716398
2022-02-01,"Johnson&Johnson, Moderna, Pfizer/BioNTech",6930177,6791848,13722025
2022-02-02,"Johnson&Johnson, Moderna, Oxford/AstraZeneca, Pfizer/BioNTech",6931743,6796358,13728101
2022-02-03,"Johnson&Johnson, Moderna, Pfizer/BioNTech",6933123,6800843,13733966
2022-02-04,"Johnson&Johnson, Moderna, Pfizer/BioNTech",6934724,6805958,13740682
2022-02-05,"Johnson&Johnson, Moderna, Pfizer/BioNTech",6934897,6806568,13741465
2022-02-06,"Johnson&Johnson, Moderna, Pfizer/BioNTech",6934993,6806887,13741880
2022-02-07,"Johnson&Johnson, Moderna, Pfizer/BioNTech",6935696,6810096,13745792
2022-02-08,"Johnson&Johnson, Moderna, Pfizer/BioNTech",6936491,6813285,13749776
2022-02-09,"Johnson&Johnson, Moderna, Pfizer/BioNTech",6937313,6816659,13753972
2022-02-10,"Johnson&Johnson, Moderna, Pfizer/BioNTech",6938115,6819786,13757901
2022-02-11,"Johnson&Johnson, Moderna, Pfizer/BioNTech",6939069,6823701,13762770
2022-02-12,"Johnson&Johnson, Moderna, Pfizer/BioNTech",6939179,6824120,13763299
2022-02-13,"Johnson&Johnson, Moderna, Pfizer/BioNTech",6939216,6824558,13763774
2022-02-14,"Johnson&Johnson, Moderna, Pfizer/BioNTech",6939674,6826669,13766343
2022-02-15,"Johnson&Johnson, Moderna, Pfizer/BioNTech",6940227,6828879,13769106
2022-02-16,"Johnson&Johnson, Moderna, Pfizer/BioNTech",6940818,6830978,13771796
2022-02-17,"Johnson&Johnson, Moderna, Pfizer/BioNTech",6941412,6833320,13774732
2022-02-18,"Johnson&Johnson, Moderna, Oxford/AstraZeneca, Pfizer/BioNTech",6942054,6836373,13778427
2022-02-19,"Johnson&Johnson, Moderna, Pfizer/BioNTech",6942133,6836654,13778787
2022-02-20,"Johnson&Johnson, Moderna, Oxford/AstraZeneca, Pfizer/BioNTech",6942170,6836803,13778973
2022-02-21,"Johnson&Johnson, Moderna, Pfizer/BioNTech",6942534,6838502,13781036
2022-02-22,"Johnson&Johnson, Moderna, Oxford/AstraZeneca, Pfizer/BioNTech",6942926,6840199,13783125
2022-02-23,"Johnson&Johnson, Moderna, Pfizer/BioNTech",6943382,6841842,13785224
2022-02-24,"Johnson&Johnson, Moderna, Pfizer/BioNTech",6943790,6843473,13787263
2022-02-25,"Johnson&Johnson, Moderna, Pfizer/BioNTech",6944373,6845557,13789930
2022-02-26,"Johnson&Johnson, Moderna, Pfizer/BioNTech",6944434,6845718,13790152
2022-02-27,"Johnson&Johnson, Moderna, Pfizer/BioNTech",6944464,6845794,13790258
2022-02-28,"Johnson&Johnson, Moderna, Pfizer/BioNTech",6944710,6846770,13791480
2022-03-01,"Johnson&Johnson, Moderna, Pfizer/BioNTech",6945017,6847554,13792571
2022-03-02,"Johnson&Johnson, Moderna, Novavax, Pfizer/BioNTech",6945390,6848462,13793852
2022-03-03,"Johnson&Johnson, Moderna, Novavax, Pfizer/BioNTech",6945727,6849405,13795132
2022-03-04,"Johnson&Johnson, Moderna, Novavax, Pfizer/BioNTech",6946357,6850626,13796983
2022-03-05,"Johnson&Johnson, Moderna, Novavax, Pfizer/BioNTech",6946438,6850719,13797157
2022-03-06,"Moderna, Novavax, Pfizer/BioNTech",6946451,6850737,13797188
2022-03-07,"Johnson&Johnson, Moderna, Novavax, Pfizer/BioNTech",6946786,6851295,13798081
2022-03-08,"Johnson&Johnson, Moderna, Novavax, Pfizer/BioNTech",6947121,6851837,13798958
2022-03-09,"Johnson&Johnson, Moderna, Novavax, Pfizer/BioNTech",6947510,6852426,13799936
2022-03-10,"Johnson&Johnson, Moderna, Novavax, Pfizer/BioNTech",6947922,6853097,13801019
2022-03-11,"Johnson&Johnson, Moderna, Novavax, Pfizer/BioNTech",6948671,6854007,13802678
2022-03-12,"Johnson&Johnson, Moderna, Novavax, Pfizer/BioNTech",6948739,6854112,13802851
2022-03-13,"Johnson&Johnson, Moderna, Novavax, Pfizer/BioNTech",6948752,6854130,13802882
2022-03-14,"Johnson&Johnson, Moderna, Novavax, Pfizer/BioNTech",6949019,6854512,13803531
2022-03-15,"Johnson&Johnson, Moderna, Novavax, Pfizer/BioNTech",6949303,6854948,13804251
2022-03-16,"Johnson&Johnson, Moderna, Novavax, Pfizer/BioNTech",6949621,6855491,13805112
2022-03-17,"Johnson&Johnson, Moderna, Novavax, Oxford/AstraZeneca, Pfizer/BioNTech",6949917,6855924,13805841
2022-03-18,"Johnson&Johnson, Moderna, Novavax, Pfizer/BioNTech",6950615,6856719,13807334
2022-03-19,"Moderna, Novavax, Pfizer/BioNTech",6950671,6856764,13807435
2022-03-20,"Moderna, Novavax, Pfizer/BioNTech",6950689,6856776,13807465
2022-03-21,"Johnson&Johnson, Moderna, Novavax, Pfizer/BioNTech",6950877,6857103,13807980
2022-03-22,"Johnson&Johnson, Moderna, Novavax, Pfizer/BioNTech",6951118,6857501,13808619
2022-03-23,"Johnson&Johnson, Moderna, Novavax, Pfizer/BioNTech",6951455,6857939,13809394
2022-03-24,"Johnson&Johnson, Moderna, Novavax, Pfizer/BioNTech",6951766,6858412,13810178
2022-03-25,"Johnson&Johnson, Moderna, Novavax, Pfizer/BioNTech",6952261,6859217,13811478
2022-03-26,"Johnson&Johnson, Moderna, Novavax, Pfizer/BioNTech",6952313,6859295,13811608
2022-03-27,"Moderna, Novavax, Pfizer/BioNTech",6952329,6859312,13811641
2022-03-28,"Johnson&Johnson, Moderna, Novavax, Pfizer/BioNTech",6952484,6859690,13812174
2022-03-29,"Johnson&Johnson, Moderna, Novavax, Pfizer/BioNTech",6952746,6860096,13812842
2022-03-30,"Johnson&Johnson, Moderna, Novavax, Pfizer/BioNTech",6953051,6860589,13813640
2022-03-31,"Johnson&Johnson, Moderna, Novavax, Pfizer/BioNTech",6953349,6861081,13814430
2022-04-01,"Johnson&Johnson, Moderna, Novavax, Pfizer/BioNTech",6953960,6861842,13815802
2022-04-02,"Moderna, Novavax, Pfizer/BioNTech",6954015,6861927,13815942
2022-04-03,"Moderna, Novavax, Pfizer/BioNTech",6954028,6861956,13815984
2022-04-04,"Johnson&Johnson, Moderna, Novavax, Pfizer/BioNTech",6954205,6862238,13816443
2022-04-05,"Johnson&Johnson, Moderna, Novavax, Pfizer/BioNTech",6954396,6862474,13816870
2022-04-06,"Johnson&Johnson, Moderna, Novavax, Pfizer/BioNTech",6954613,6862820,13817433
2022-04-07,"Johnson&Johnson, Moderna, Novavax, Pfizer/BioNTech",6954835,6863238,13818073
2022-04-08,"Johnson&Johnson, Moderna, Novavax, Pfizer/BioNTech",6955289,6863961,13819250
2022-04-09,"Johnson&Johnson, Moderna, Novavax, Pfizer/BioNTech",6955348,6864033,13819381
2022-04-10,"Moderna, Novavax, Pfizer/BioNTech",6955360,6864042,13819402
2022-04-11,"Johnson&Johnson, Moderna, Novavax, Pfizer/BioNTech",6955522,6864273,13819795
2022-04-12,"Johnson&Johnson, Moderna, Novavax, Pfizer/BioNTech",6955769,6864571,13820340
2022-04-13,"Johnson&Johnson, Moderna, Novavax, Pfizer/BioNTech",6956010,6864925,13820935
2022-04-14,"Johnson&Johnson, Moderna, Novavax, Pfizer/BioNTech",6956272,6865310,13821582
2022-04-15,"Moderna, Novavax, Pfizer/BioNTech",6956288,6865338,13821626
2022-04-16,"Johnson&Johnson, Moderna, Novavax, Pfizer/BioNTech",6956308,6865372,13821680
2022-04-17,"Moderna, Novavax, Pfizer/BioNTech",6956309,6865373,13821682
2022-04-18,"Moderna, Novavax, Pfizer/BioNTech",6956323,6865390,13821713
2022-04-19,"Johnson&Johnson, Moderna, Novavax, Pfizer/BioNTech",6956462,6865728,13822190
2022-04-20,"Johnson&Johnson, Moderna, Novavax, Pfizer/BioNTech",6956685,6866118,13822803
2022-04-21,"Johnson&Johnson, Moderna, Novavax, Pfizer/BioNTech",6956902,6866542,13823444
2022-04-22,"Johnson&Johnson, Moderna, Novavax, Pfizer/BioNTech",6957367,6867369,13824736
2022-04-23,"Moderna, Novavax, Pfizer/BioNTech",6957398,6867448,13824846
2022-04-24,"Moderna, Novavax, Pfizer/BioNTech",6957403,6867459,13824862
2022-04-25,"Johnson&Johnson, Moderna, Novavax, Pfizer/BioNTech",6957558,6867667,13825225
2022-04-26,"Johnson&Johnson, Moderna, Novavax, Pfizer/BioNTech",6957698,6867931,13825629
2022-04-27,"Johnson&Johnson, Moderna, Novavax, Pfizer/BioNTech",6957966,6868261,13826227
2022-04-28,"Johnson&Johnson, Moderna, Novavax, Pfizer/BioNTech",6958161,6868549,13826710
2022-04-29,"Johnson&Johnson, Moderna, Novavax, Pfizer/BioNTech",6958596,6869138,13827734
2022-04-30,"Moderna, Novavax, Pfizer/BioNTech",6958636,6869205,13827841
2022-05-01,"Moderna, Novavax, Oxford/AstraZeneca, Pfizer/BioNTech",6958641,6869214,13827855
2022-05-02,"Johnson&Johnson, Moderna, Novavax, Pfizer/BioNTech",6958766,6869396,13828162
2022-05-03,"Johnson&Johnson, Moderna, Novavax, Pfizer/BioNTech",6958922,6869652,13828574
2022-05-04,"Johnson&Johnson, Moderna, Novavax, Pfizer/BioNTech",6959127,6869927,13829054
2022-05-05,"Johnson&Johnson, Moderna, Novavax, Pfizer/BioNTech",6959334,6870217,13829551
2022-05-06,"Johnson&Johnson, Moderna, Novavax, Pfizer/BioNTech",6959708,6870559,13830267
2022-05-07,"Moderna, Novavax, Pfizer/BioNTech",6959735,6870585,13830320
2022-05-08,"Moderna, Pfizer/BioNTech",6959736,6870593,13830329
2022-05-09,"Johnson&Johnson, Moderna, Novavax, Pfizer/BioNTech",6959844,6870683,13830527
2022-05-10,"Johnson&Johnson, Moderna, Novavax, Pfizer/BioNTech",6959998,6870920,13830918
2022-05-11,"Johnson&Johnson, Moderna, Novavax, Oxford/AstraZeneca, Pfizer/BioNTech",6960218,6871187,13831405
2022-05-12,"Johnson&Johnson, Moderna, Novavax, Pfizer/BioNTech",6960417,6871464,13831881
2022-05-13,"Johnson&Johnson, Moderna, Novavax, Pfizer/BioNTech",6960759,6871961,13832720
2022-05-14,"Johnson&Johnson, Moderna, Novavax, Pfizer/BioNTech",6960800,6872001,13832801
2022-05-15,"Johnson&Johnson, Moderna, Novavax, Pfizer/BioNTech",6960813,6872012,13832825
2022-05-16,"Johnson&Johnson, Moderna, Novavax, Pfizer/BioNTech",6960918,6872132,13833050
2022-05-17,"Johnson&Johnson, Moderna, Novavax, Pfizer/BioNTech",6961059,6872287,13833346
2022-05-18,"Johnson&Johnson, Moderna, Novavax, Pfizer/BioNTech",6961286,6872618,13833904
2022-05-19,"Johnson&Johnson, Moderna, Novavax, Pfizer/BioNTech",6961472,6872869,13834341
2022-05-20,"Johnson&Johnson, Moderna, Novavax, Pfizer/BioNTech",6961770,6873419,13835189
2022-05-21,"Johnson&Johnson, Moderna, Novavax, Pfizer/BioNTech",6961809,6873448,13835257
2022-05-22,"Moderna, Pfizer/BioNTech",6961817,6873454,13835271
2022-05-23,"Johnson&Johnson, Moderna, Novavax, Pfizer/BioNTech",6961938,6873609,13835547
2022-05-24,"Johnson&Johnson, Moderna, Novavax, Pfizer/BioNTech",6962067,6873782,13835849
2022-05-25,"Johnson&Johnson, Moderna, Novavax, Oxford/AstraZeneca, Pfizer/BioNTech",6962239,6874031,13836270
2022-05-26,"Johnson&Johnson, Moderna, Novavax, Pfizer/BioNTech",6962392,6874256,13836648
2022-05-27,"Johnson&Johnson, Moderna, Novavax, Pfizer/BioNTech",6962658,6874723,13837381
2022-05-28,"Moderna, Novavax, Pfizer/BioNTech",6962695,6874772,13837467
2022-05-29,"Moderna, Novavax, Pfizer/BioNTech",6962704,6874776,13837480
2022-05-30,"Johnson&Johnson, Moderna, Novavax, Pfizer/BioNTech",6962783,6874932,13837715
2022-05-31,"Johnson&Johnson, Moderna, Novavax, Pfizer/BioNTech",6962928,6875128,13838056
2022-06-01,"Johnson&Johnson, Moderna, Novavax, Pfizer/BioNTech",6963051,6875358,13838409
2022-06-02,"Moderna, Novavax, Pfizer/BioNTech",6963184,6875589,13838773
2022-06-03,"Johnson&Johnson, Moderna, Novavax, Pfizer/BioNTech",6963440,6876047,13839487
2022-06-04,"Johnson&Johnson, Moderna, Novavax, Pfizer/BioNTech",6963473,6876087,13839560
2022-06-05,"Moderna, Novavax, Pfizer/BioNTech",6963480,6876093,13839573
2022-06-06,"Johnson&Johnson, Moderna, Novavax, Pfizer/BioNTech",6963562,6876234,13839796
2022-06-07,"Johnson&Johnson, Moderna, Novavax, Pfizer/BioNTech",6963649,6876386,13840035
2022-06-08,"Johnson&Johnson, Moderna, Novavax, Pfizer/BioNTech",6963781,6876632,13840413
2022-06-09,"Johnson&Johnson, Moderna, Novavax, Pfizer/BioNTech",6963874,6876830,13840704
2022-06-10,"Johnson&Johnson, Moderna, Novavax, Pfizer/BioNTech",6964051,6877155,13841206
2022-06-11,"Moderna, Novavax, Pfizer/BioNTech",6964065,6877194,13841259
2022-06-12,"Moderna, Novavax, Pfizer/BioNTech",6964071,6877217,13841288
2022-06-13,"Johnson&Johnson, Moderna, Novavax, Oxford/AstraZeneca, Pfizer/BioNTech",6964119,6877334,13841453
2022-06-14,"Johnson&Johnson, Moderna, Novavax, Pfizer/BioNTech",6964187,6877455,13841642
