date,vaccine,people_vaccinated,people_fully_vaccinated,total_vaccinations
2020-12-27,Pfizer/BioNTech,1258,0,1258
2020-12-28,Pfizer/BioNTech,3555,0,3555
2020-12-29,Pfizer/BioNTech,7005,0,7005
2020-12-30,Pfizer/BioNTech,10477,0,10477
2020-12-31,Pfizer/BioNTech,11791,0,11791
2021-01-01,Pfizer/BioNTech,12054,0,12054
2021-01-02,Pfizer/BioNTech,13312,0,13312
2021-01-03,Pfizer/BioNTech,14229,0,14229
2021-01-04,Pfizer/BioNTech,17808,0,17808
2021-01-05,Pfizer/BioNTech,22329,0,22329
2021-01-06,Pfizer/BioNTech,28159,0,28159
2021-01-07,Pfizer/BioNTech,36128,0,36128
2021-01-08,Pfizer/BioNTech,46090,0,46090
2021-01-09,Pfizer/BioNTech,48099,0,48099
2021-01-10,Pfizer/BioNTech,49822,0,49822
2021-01-11,Pfizer/BioNTech,59620,0,59620
2021-01-12,Pfizer/BioNTech,73017,0,73017
2021-01-13,Pfizer/BioNTech,86516,0,86516
2021-01-14,"Moderna, Pfizer/BioNTech",101707,0,101707
2021-01-15,"Moderna, Pfizer/BioNTech",115645,0,115645
2021-01-16,"Moderna, Pfizer/BioNTech",119023,0,119023
2021-01-17,"Moderna, Pfizer/BioNTech",121619,634,122253
2021-01-18,"Moderna, Pfizer/BioNTech",134076,2437,136513
2021-01-19,"Moderna, Pfizer/BioNTech",146496,5137,151633
2021-01-20,"Moderna, Pfizer/BioNTech",160045,7759,167804
2021-01-21,"Moderna, Pfizer/BioNTech",175524,9482,185006
2021-01-22,"Moderna, Pfizer/BioNTech",190251,10518,200769
2021-01-23,"Moderna, Pfizer/BioNTech",193513,11383,204896
2021-01-24,"Moderna, Pfizer/BioNTech",195753,12244,207997
2021-01-25,"Moderna, Pfizer/BioNTech",205356,15186,220542
2021-01-26,"Moderna, Pfizer/BioNTech",215836,19144,234980
2021-01-27,"Moderna, Pfizer/BioNTech",224779,23630,248409
2021-01-28,"Moderna, Pfizer/BioNTech",231807,29712,261519
2021-01-29,"Moderna, Pfizer/BioNTech",237982,37489,275471
2021-01-30,"Moderna, Pfizer/BioNTech",238697,38570,277267
2021-01-31,Pfizer/BioNTech,239396,39708,279104
2021-02-01,"Moderna, Pfizer/BioNTech",243214,47554,290768
2021-02-02,"Moderna, Pfizer/BioNTech",247317,57699,305016
2021-02-03,"Moderna, Pfizer/BioNTech",251697,68640,320337
2021-02-04,"Moderna, Pfizer/BioNTech",256567,81526,338093
2021-02-05,"Moderna, Pfizer/BioNTech",261967,92105,354072
2021-02-06,"Moderna, Pfizer/BioNTech",262799,94429,357228
2021-02-07,"Moderna, Pfizer/BioNTech",263642,96892,360534
2021-02-08,"Moderna, Pfizer/BioNTech",267640,108200,375840
2021-02-09,"Moderna, Pfizer/BioNTech",272664,120028,392692
2021-02-10,"Moderna, Pfizer/BioNTech",278165,133097,411262
2021-02-11,"Moderna, Oxford/AstraZeneca, Pfizer/BioNTech",284356,149037,433393
2021-02-12,"Moderna, Oxford/AstraZeneca, Pfizer/BioNTech",291023,163620,454643
2021-02-13,"Moderna, Oxford/AstraZeneca, Pfizer/BioNTech",292594,166569,459163
2021-02-14,"Moderna, Oxford/AstraZeneca, Pfizer/BioNTech",293572,167934,461506
2021-02-15,"Moderna, Oxford/AstraZeneca, Pfizer/BioNTech",299881,177215,477096
2021-02-16,"Moderna, Oxford/AstraZeneca, Pfizer/BioNTech",308434,186098,494532
2021-02-17,"Moderna, Oxford/AstraZeneca, Pfizer/BioNTech",318009,194300,512309
2021-02-18,"Moderna, Oxford/AstraZeneca, Pfizer/BioNTech",330187,202182,532369
2021-02-19,"Moderna, Oxford/AstraZeneca, Pfizer/BioNTech",341865,209374,551239
2021-02-20,"Moderna, Oxford/AstraZeneca, Pfizer/BioNTech",343733,210536,554269
2021-02-21,"Moderna, Oxford/AstraZeneca, Pfizer/BioNTech",344747,211539,556286
2021-02-22,"Moderna, Oxford/AstraZeneca, Pfizer/BioNTech",354683,217500,572183
2021-02-23,"Moderna, Oxford/AstraZeneca, Pfizer/BioNTech",367336,224377,591713
2021-02-24,"Moderna, Oxford/AstraZeneca, Pfizer/BioNTech",381033,230318,611351
2021-02-25,"Moderna, Oxford/AstraZeneca, Pfizer/BioNTech",398669,235806,634475
2021-02-26,"Moderna, Oxford/AstraZeneca, Pfizer/BioNTech",414554,241036,655590
2021-02-27,"Moderna, Oxford/AstraZeneca, Pfizer/BioNTech",417441,241580,659021
2021-02-28,"Moderna, Oxford/AstraZeneca, Pfizer/BioNTech",419757,242118,661875
2021-03-01,"Moderna, Oxford/AstraZeneca, Pfizer/BioNTech",438755,245424,684179
2021-03-02,"Moderna, Oxford/AstraZeneca, Pfizer/BioNTech",465299,248909,714208
2021-03-03,"Moderna, Oxford/AstraZeneca, Pfizer/BioNTech",495050,253299,748349
2021-03-04,"Moderna, Oxford/AstraZeneca, Pfizer/BioNTech",527088,257849,784937
2021-03-05,"Moderna, Oxford/AstraZeneca, Pfizer/BioNTech",554880,263148,818028
2021-03-06,"Moderna, Oxford/AstraZeneca, Pfizer/BioNTech",566185,263976,830161
2021-03-07,"Moderna, Oxford/AstraZeneca, Pfizer/BioNTech",576963,264797,841760
2021-03-08,"Moderna, Oxford/AstraZeneca, Pfizer/BioNTech",605915,269479,875394
2021-03-09,"Moderna, Oxford/AstraZeneca, Pfizer/BioNTech",641104,275752,916856
2021-03-10,"Moderna, Oxford/AstraZeneca, Pfizer/BioNTech",681442,282595,964037
2021-03-11,"Moderna, Oxford/AstraZeneca, Pfizer/BioNTech",725186,290690,1015876
2021-03-12,"Moderna, Oxford/AstraZeneca, Pfizer/BioNTech",763086,298953,1062039
2021-03-13,"Moderna, Oxford/AstraZeneca, Pfizer/BioNTech",779778,300215,1079993
2021-03-14,"Moderna, Oxford/AstraZeneca, Pfizer/BioNTech",791511,301318,1092829
2021-03-15,"Moderna, Oxford/AstraZeneca, Pfizer/BioNTech",818935,309948,1128883
2021-03-16,"Moderna, Oxford/AstraZeneca, Pfizer/BioNTech",856592,320201,1176793
2021-03-17,"Moderna, Oxford/AstraZeneca, Pfizer/BioNTech",892498,330501,1222999
2021-03-18,"Moderna, Oxford/AstraZeneca, Pfizer/BioNTech",927842,342428,1270270
2021-03-19,"Moderna, Oxford/AstraZeneca, Pfizer/BioNTech",954306,354097,1308403
