date,vaccine,people_vaccinated,people_fully_vaccinated,total_vaccinations
2020-12-27,Pfizer/BioNTech,1280,0,1280
2020-12-28,Pfizer/BioNTech,3586,0,3586
2020-12-29,Pfizer/BioNTech,7054,0,7054
2020-12-30,Pfizer/BioNTech,10571,0,10571
2020-12-31,Pfizer/BioNTech,11880,0,11880
2021-01-01,"Moderna, Pfizer/BioNTech",12149,0,12149
2021-01-02,Pfizer/BioNTech,13427,0,13427
2021-01-03,Pfizer/BioNTech,14349,0,14349
2021-01-04,"Moderna, Pfizer/BioNTech",17961,0,17961
2021-01-05,"Moderna, Pfizer/BioNTech",22481,0,22481
2021-01-06,"Moderna, Pfizer/BioNTech",28324,1,28325
2021-01-07,"Moderna, Pfizer/BioNTech",36319,1,36320
2021-01-08,"Moderna, Pfizer/BioNTech",46370,2,46372
2021-01-09,"Moderna, Pfizer/BioNTech",48396,3,48399
2021-01-10,Pfizer/BioNTech,50163,4,50167
2021-01-11,Pfizer/BioNTech,60020,6,60026
2021-01-12,"Moderna, Pfizer/BioNTech",73465,8,73473
2021-01-13,Pfizer/BioNTech,87002,8,87010
2021-01-14,"Moderna, Pfizer/BioNTech",102243,12,102255
2021-01-15,"Moderna, Pfizer/BioNTech",116254,13,116267
2021-01-16,"Moderna, Pfizer/BioNTech",119652,16,119668
2021-01-17,"Moderna, Pfizer/BioNTech",122270,652,122922
2021-01-18,"Moderna, Pfizer/BioNTech",134755,2478,137233
2021-01-19,"Moderna, Pfizer/BioNTech",147359,5203,152562
2021-01-20,"Moderna, Pfizer/BioNTech",161041,7864,168905
2021-01-21,"Moderna, Pfizer/BioNTech",176692,9607,186299
2021-01-22,"Moderna, Pfizer/BioNTech",191571,10652,202223
2021-01-23,"Moderna, Pfizer/BioNTech",194892,11531,206423
2021-01-24,"Moderna, Pfizer/BioNTech",197146,12400,209546
2021-01-25,"Moderna, Pfizer/BioNTech",206785,15372,222157
2021-01-26,"Moderna, Pfizer/BioNTech",217323,19364,236687
2021-01-27,"Moderna, Pfizer/BioNTech",226353,23901,250254
2021-01-28,"Moderna, Pfizer/BioNTech",233453,30031,263484
2021-01-29,"Moderna, Pfizer/BioNTech",239665,37943,277608
2021-01-30,"Moderna, Pfizer/BioNTech",240403,39031,279434
2021-01-31,"Moderna, Pfizer/BioNTech",241116,40212,281328
2021-02-01,"Moderna, Pfizer/BioNTech",245096,48175,293271
2021-02-02,"Moderna, Pfizer/BioNTech",249241,58406,307647
2021-02-03,"Moderna, Pfizer/BioNTech",253662,69418,323080
2021-02-04,"Moderna, Pfizer/BioNTech",258561,82405,340966
2021-02-05,"Moderna, Pfizer/BioNTech",264027,93078,357105
2021-02-06,"Moderna, Oxford/AstraZeneca, Pfizer/BioNTech",264875,95444,360319
2021-02-07,"Moderna, Pfizer/BioNTech",265725,97945,363670
2021-02-08,"Moderna, Oxford/AstraZeneca, Pfizer/BioNTech",269807,109376,379183
2021-02-09,"Moderna, Oxford/AstraZeneca, Pfizer/BioNTech",274902,121286,396188
2021-02-10,"Moderna, Oxford/AstraZeneca, Pfizer/BioNTech",280410,134540,414950
2021-02-11,"Moderna, Oxford/AstraZeneca, Pfizer/BioNTech",286744,150754,437498
2021-02-12,"Moderna, Oxford/AstraZeneca, Pfizer/BioNTech",293562,165484,459046
2021-02-13,"Moderna, Oxford/AstraZeneca, Pfizer/BioNTech",295172,168472,463644
2021-02-14,"Moderna, Oxford/AstraZeneca, Pfizer/BioNTech",296174,169856,466030
2021-02-15,"Moderna, Oxford/AstraZeneca, Pfizer/BioNTech",302572,179213,481785
2021-02-16,"Moderna, Oxford/AstraZeneca, Pfizer/BioNTech",311289,188293,499582
2021-02-17,"Moderna, Oxford/AstraZeneca, Pfizer/BioNTech",320986,196598,517584
2021-02-18,"Moderna, Oxford/AstraZeneca, Pfizer/BioNTech",333303,204678,537981
2021-02-19,"Moderna, Oxford/AstraZeneca, Pfizer/BioNTech",345158,212039,557197
2021-02-20,"Moderna, Oxford/AstraZeneca, Pfizer/BioNTech",347158,213222,560380
2021-02-21,"Moderna, Oxford/AstraZeneca, Pfizer/BioNTech",348289,214245,562534
2021-02-22,"Moderna, Oxford/AstraZeneca, Pfizer/BioNTech",358408,220273,578681
2021-02-23,"Moderna, Oxford/AstraZeneca, Pfizer/BioNTech",371353,227251,598604
2021-02-24,"Moderna, Oxford/AstraZeneca, Pfizer/BioNTech",385224,233285,618509
2021-02-25,"Moderna, Oxford/AstraZeneca, Pfizer/BioNTech",403190,238834,642024
2021-02-26,"Moderna, Oxford/AstraZeneca, Pfizer/BioNTech",419353,244184,663537
2021-02-27,"Moderna, Oxford/AstraZeneca, Pfizer/BioNTech",422361,244740,667101
2021-02-28,"Moderna, Oxford/AstraZeneca, Pfizer/BioNTech",424707,245290,669997
2021-03-01,"Moderna, Oxford/AstraZeneca, Pfizer/BioNTech",444294,248737,693031
2021-03-02,"Moderna, Oxford/AstraZeneca, Pfizer/BioNTech",471514,252280,723794
2021-03-03,"Moderna, Oxford/AstraZeneca, Pfizer/BioNTech",502401,256785,759186
2021-03-04,"Moderna, Oxford/AstraZeneca, Pfizer/BioNTech",535673,261470,797143
2021-03-05,"Johnson&Johnson, Moderna, Oxford/AstraZeneca, Pfizer/BioNTech",564491,266889,831380
2021-03-06,"Johnson&Johnson, Moderna, Oxford/AstraZeneca, Pfizer/BioNTech",576635,267750,844385
2021-03-07,"Johnson&Johnson, Moderna, Oxford/AstraZeneca, Pfizer/BioNTech",588170,268590,856760
2021-03-08,"Johnson&Johnson, Moderna, Oxford/AstraZeneca, Pfizer/BioNTech",617905,273444,891349
2021-03-09,"Johnson&Johnson, Moderna, Oxford/AstraZeneca, Pfizer/BioNTech",654261,279823,934084
2021-03-10,"Moderna, Oxford/AstraZeneca, Pfizer/BioNTech",695574,286775,982349
2021-03-11,"Johnson&Johnson, Moderna, Oxford/AstraZeneca, Pfizer/BioNTech",740396,295143,1035539
2021-03-12,"Johnson&Johnson, Moderna, Oxford/AstraZeneca, Pfizer/BioNTech",779163,303636,1082799
2021-03-13,"Johnson&Johnson, Moderna, Oxford/AstraZeneca, Pfizer/BioNTech",796242,304943,1101185
2021-03-14,"Johnson&Johnson, Moderna, Oxford/AstraZeneca, Pfizer/BioNTech",808354,306095,1114449
2021-03-15,"Moderna, Oxford/AstraZeneca, Pfizer/BioNTech",836735,314868,1151603
2021-03-16,"Johnson&Johnson, Moderna, Oxford/AstraZeneca, Pfizer/BioNTech",875623,325402,1201025
2021-03-17,"Moderna, Oxford/AstraZeneca, Pfizer/BioNTech",913085,335906,1248991
2021-03-18,"Johnson&Johnson, Moderna, Oxford/AstraZeneca, Pfizer/BioNTech",951065,348317,1299382
2021-03-19,"Moderna, Oxford/AstraZeneca, Pfizer/BioNTech",985551,361922,1347473
2021-03-20,"Johnson&Johnson, Moderna, Oxford/AstraZeneca, Pfizer/BioNTech",1000688,363951,1364639
2021-03-21,"Johnson&Johnson, Moderna, Oxford/AstraZeneca, Pfizer/BioNTech",1008108,365508,1373616
2021-03-22,"Johnson&Johnson, Moderna, Oxford/AstraZeneca, Pfizer/BioNTech",1032669,378007,1410676
2021-03-23,"Johnson&Johnson, Moderna, Oxford/AstraZeneca, Pfizer/BioNTech",1059313,391355,1450668
2021-03-24,"Johnson&Johnson, Moderna, Oxford/AstraZeneca, Pfizer/BioNTech",1086167,407088,1493255
2021-03-25,"Moderna, Oxford/AstraZeneca, Pfizer/BioNTech",1112497,424936,1537433
2021-03-26,"Johnson&Johnson, Moderna, Oxford/AstraZeneca, Pfizer/BioNTech",1137305,442435,1579740
2021-03-27,"Johnson&Johnson, Moderna, Oxford/AstraZeneca, Pfizer/BioNTech",1145736,447281,1593017
2021-03-28,"Moderna, Oxford/AstraZeneca, Pfizer/BioNTech",1151274,451420,1602694
2021-03-29,"Johnson&Johnson, Moderna, Oxford/AstraZeneca, Pfizer/BioNTech",1170394,472155,1642549
2021-03-30,"Johnson&Johnson, Moderna, Oxford/AstraZeneca, Pfizer/BioNTech",1195085,494329,1689414
2021-03-31,"Johnson&Johnson, Moderna, Oxford/AstraZeneca, Pfizer/BioNTech",1218197,521384,1739581
2021-04-01,"Johnson&Johnson, Moderna, Oxford/AstraZeneca, Pfizer/BioNTech",1243830,553426,1797256
2021-04-02,"Johnson&Johnson, Moderna, Oxford/AstraZeneca, Pfizer/BioNTech",1250753,566212,1816965
2021-04-03,"Johnson&Johnson, Moderna, Oxford/AstraZeneca, Pfizer/BioNTech",1254374,577132,1831506
2021-04-04,"Johnson&Johnson, Moderna, Oxford/AstraZeneca, Pfizer/BioNTech",1256884,586050,1842934
2021-04-05,"Johnson&Johnson, Moderna, Oxford/AstraZeneca, Pfizer/BioNTech",1259287,593232,1852519
2021-04-06,"Johnson&Johnson, Moderna, Oxford/AstraZeneca, Pfizer/BioNTech",1275427,622486,1897913
2021-04-07,"Johnson&Johnson, Moderna, Oxford/AstraZeneca, Pfizer/BioNTech",1298849,644713,1943562
2021-04-08,"Johnson&Johnson, Moderna, Oxford/AstraZeneca, Pfizer/BioNTech",1337572,675731,2013303
2021-04-09,"Johnson&Johnson, Moderna, Oxford/AstraZeneca, Pfizer/BioNTech",1377110,705908,2083018
2021-04-10,"Johnson&Johnson, Moderna, Oxford/AstraZeneca, Pfizer/BioNTech",1392606,721197,2113803
2021-04-11,"Johnson&Johnson, Moderna, Oxford/AstraZeneca, Pfizer/BioNTech",1402385,731239,2133624
2021-04-12,"Johnson&Johnson, Moderna, Oxford/AstraZeneca, Pfizer/BioNTech",1440649,756372,2197021
2021-04-13,"Moderna, Oxford/AstraZeneca, Pfizer/BioNTech",1476901,782403,2259304
2021-04-14,"Moderna, Oxford/AstraZeneca, Pfizer/BioNTech",1515722,809759,2325481
2021-04-15,"Moderna, Oxford/AstraZeneca, Pfizer/BioNTech",1563508,835507,2399015
2021-04-16,"Moderna, Oxford/AstraZeneca, Pfizer/BioNTech",1608166,861148,2469314
2021-04-17,"Moderna, Oxford/AstraZeneca, Pfizer/BioNTech",1624856,870172,2495028
2021-04-18,"Moderna, Oxford/AstraZeneca, Pfizer/BioNTech",1637845,875153,2512998
2021-04-19,"Moderna, Oxford/AstraZeneca, Pfizer/BioNTech",1681820,890575,2572395
2021-04-20,"Johnson&Johnson, Moderna, Oxford/AstraZeneca, Pfizer/BioNTech",1724374,906430,2630804
2021-04-21,"Moderna, Oxford/AstraZeneca, Pfizer/BioNTech",1772102,920777,2692879
2021-04-22,"Johnson&Johnson, Moderna, Oxford/AstraZeneca, Pfizer/BioNTech",1826593,938151,2764744
2021-04-23,"Johnson&Johnson, Moderna, Oxford/AstraZeneca, Pfizer/BioNTech",1876558,950199,2826757
2021-04-24,"Johnson&Johnson, Moderna, Oxford/AstraZeneca, Pfizer/BioNTech",1894391,955442,2849833
2021-04-25,"Johnson&Johnson, Moderna, Oxford/AstraZeneca, Pfizer/BioNTech",1909082,959439,2868521
2021-04-26,"Johnson&Johnson, Moderna, Oxford/AstraZeneca, Pfizer/BioNTech",1958658,966989,2925647
2021-04-27,"Johnson&Johnson, Moderna, Oxford/AstraZeneca, Pfizer/BioNTech",2007619,979209,2986828
2021-04-28,"Johnson&Johnson, Moderna, Oxford/AstraZeneca, Pfizer/BioNTech",2066369,993203,3059572
2021-04-29,"Johnson&Johnson, Moderna, Oxford/AstraZeneca, Pfizer/BioNTech",2131915,1009094,3141009
2021-04-30,"Johnson&Johnson, Moderna, Oxford/AstraZeneca, Pfizer/BioNTech",2194153,1019059,3213212
2021-05-01,"Johnson&Johnson, Moderna, Oxford/AstraZeneca, Pfizer/BioNTech",2213484,1022505,3235989
2021-05-02,"Johnson&Johnson, Moderna, Oxford/AstraZeneca, Pfizer/BioNTech",2232400,1024771,3257171
2021-05-03,"Johnson&Johnson, Moderna, Oxford/AstraZeneca, Pfizer/BioNTech",2299642,1029825,3329467
2021-05-04,"Johnson&Johnson, Moderna, Oxford/AstraZeneca, Pfizer/BioNTech",2366141,1038157,3404298
2021-05-05,"Johnson&Johnson, Moderna, Oxford/AstraZeneca, Pfizer/BioNTech",2439301,1047555,3486856
2021-05-06,"Johnson&Johnson, Moderna, Oxford/AstraZeneca, Pfizer/BioNTech",2519681,1058271,3577952
2021-05-07,"Johnson&Johnson, Moderna, Oxford/AstraZeneca, Pfizer/BioNTech",2596918,1068331,3665249
2021-05-08,"Johnson&Johnson, Moderna, Oxford/AstraZeneca, Pfizer/BioNTech",2626352,1070094,3696446
2021-05-09,"Johnson&Johnson, Moderna, Oxford/AstraZeneca, Pfizer/BioNTech",2650544,1071298,3721842
2021-05-10,"Johnson&Johnson, Moderna, Oxford/AstraZeneca, Pfizer/BioNTech",2723300,1078510,3801810
2021-05-11,"Johnson&Johnson, Moderna, Oxford/AstraZeneca, Pfizer/BioNTech",2799393,1087302,3886695
2021-05-12,"Johnson&Johnson, Moderna, Oxford/AstraZeneca, Pfizer/BioNTech",2879243,1096399,3975642
2021-05-13,"Johnson&Johnson, Moderna, Oxford/AstraZeneca, Pfizer/BioNTech",2963248,1105555,4068803
2021-05-14,"Johnson&Johnson, Moderna, Oxford/AstraZeneca, Pfizer/BioNTech",3042677,1113337,4156014
2021-05-15,"Johnson&Johnson, Moderna, Oxford/AstraZeneca, Pfizer/BioNTech",3074555,1115583,4190138
2021-05-16,"Johnson&Johnson, Moderna, Oxford/AstraZeneca, Pfizer/BioNTech",3100312,1116844,4217156
2021-05-17,"Johnson&Johnson, Moderna, Oxford/AstraZeneca, Pfizer/BioNTech",3172807,1123565,4296372
2021-05-18,"Johnson&Johnson, Moderna, Oxford/AstraZeneca, Pfizer/BioNTech",3244725,1136627,4381352
2021-05-19,"Johnson&Johnson, Moderna, Oxford/AstraZeneca, Pfizer/BioNTech",3322169,1151753,4473922
2021-05-20,"Johnson&Johnson, Moderna, Oxford/AstraZeneca, Pfizer/BioNTech",3397583,1178770,4576353
2021-05-21,"Johnson&Johnson, Moderna, Oxford/AstraZeneca, Pfizer/BioNTech",3466326,1206521,4672847
2021-05-22,"Johnson&Johnson, Moderna, Oxford/AstraZeneca, Pfizer/BioNTech",3498690,1217693,4716383
2021-05-23,"Johnson&Johnson, Moderna, Oxford/AstraZeneca, Pfizer/BioNTech",3521037,1226724,4747761
2021-05-24,"Johnson&Johnson, Moderna, Oxford/AstraZeneca, Pfizer/BioNTech",3568155,1260369,4828524
2021-05-25,"Johnson&Johnson, Moderna, Oxford/AstraZeneca, Pfizer/BioNTech",3619971,1296143,4916114
2021-05-26,"Johnson&Johnson, Moderna, Oxford/AstraZeneca, Pfizer/BioNTech",3687703,1333642,5021345
2021-05-27,"Johnson&Johnson, Moderna, Oxford/AstraZeneca, Pfizer/BioNTech",3749074,1380949,5130023
2021-05-28,"Johnson&Johnson, Moderna, Oxford/AstraZeneca, Pfizer/BioNTech",3810754,1427500,5238254
2021-05-29,"Johnson&Johnson, Moderna, Oxford/AstraZeneca, Pfizer/BioNTech",3839921,1444595,5284516
2021-05-30,"Johnson&Johnson, Moderna, Oxford/AstraZeneca, Pfizer/BioNTech",3862274,1459023,5321297
2021-05-31,"Johnson&Johnson, Moderna, Oxford/AstraZeneca, Pfizer/BioNTech",3917997,1506552,5424549
2021-06-01,"Johnson&Johnson, Moderna, Oxford/AstraZeneca, Pfizer/BioNTech",3977000,1555374,5532374
2021-06-02,"Johnson&Johnson, Moderna, Oxford/AstraZeneca, Pfizer/BioNTech",4039870,1609329,5649199
2021-06-03,"Johnson&Johnson, Moderna, Oxford/AstraZeneca, Pfizer/BioNTech",4098073,1669508,5767581
2021-06-04,"Johnson&Johnson, Moderna, Oxford/AstraZeneca, Pfizer/BioNTech",4161139,1726894,5888033
2021-06-05,"Johnson&Johnson, Moderna, Oxford/AstraZeneca, Pfizer/BioNTech",4195266,1745718,5940984
2021-06-06,"Johnson&Johnson, Moderna, Oxford/AstraZeneca, Pfizer/BioNTech",4222171,1760843,5983014
2021-06-07,"Johnson&Johnson, Moderna, Oxford/AstraZeneca, Pfizer/BioNTech",4285844,1816443,6102287
2021-06-08,"Johnson&Johnson, Moderna, Oxford/AstraZeneca, Pfizer/BioNTech",4349806,1871404,6221210
2021-06-09,"Johnson&Johnson, Moderna, Oxford/AstraZeneca, Pfizer/BioNTech",4408956,1935921,6344877
2021-06-10,"Johnson&Johnson, Moderna, Oxford/AstraZeneca, Pfizer/BioNTech",4462813,2007080,6469893
2021-06-11,"Johnson&Johnson, Moderna, Oxford/AstraZeneca, Pfizer/BioNTech",4514898,2076798,6591696
2021-06-12,"Johnson&Johnson, Moderna, Oxford/AstraZeneca, Pfizer/BioNTech",4546894,2097566,6644460
2021-06-13,"Johnson&Johnson, Moderna, Oxford/AstraZeneca, Pfizer/BioNTech",4570901,2115946,6686847
2021-06-14,"Johnson&Johnson, Moderna, Oxford/AstraZeneca, Pfizer/BioNTech",4613962,2190284,6804246
2021-06-15,"Johnson&Johnson, Moderna, Oxford/AstraZeneca, Pfizer/BioNTech",4658594,2262589,6921183
2021-06-16,"Johnson&Johnson, Moderna, Oxford/AstraZeneca, Pfizer/BioNTech",4701318,2340774,7042092
2021-06-17,"Johnson&Johnson, Moderna, Oxford/AstraZeneca, Pfizer/BioNTech",4740684,2423791,7164475
2021-06-18,"Johnson&Johnson, Moderna, Oxford/AstraZeneca, Pfizer/BioNTech",4783068,2504245,7287313
2021-06-19,"Johnson&Johnson, Moderna, Oxford/AstraZeneca, Pfizer/BioNTech",4804816,2533489,7338305
2021-06-20,"Johnson&Johnson, Moderna, Oxford/AstraZeneca, Pfizer/BioNTech",4822179,2557285,7379464
2021-06-21,"Johnson&Johnson, Moderna, Oxford/AstraZeneca, Pfizer/BioNTech",4854675,2635802,7490477
2021-06-22,"Johnson&Johnson, Moderna, Oxford/AstraZeneca, Pfizer/BioNTech",4887623,2718006,7605629
2021-06-23,"Johnson&Johnson, Moderna, Oxford/AstraZeneca, Pfizer/BioNTech",4919262,2803164,7722426
2021-06-24,"Johnson&Johnson, Moderna, Oxford/AstraZeneca, Pfizer/BioNTech",4949090,2893117,7842207
2021-06-25,"Johnson&Johnson, Moderna, Oxford/AstraZeneca, Pfizer/BioNTech",4980138,2979185,7959323
2021-06-26,"Johnson&Johnson, Moderna, Oxford/AstraZeneca, Pfizer/BioNTech",4995996,3013955,8009951
2021-06-27,"Johnson&Johnson, Moderna, Oxford/AstraZeneca, Pfizer/BioNTech",5009934,3040569,8050503
2021-06-28,"Johnson&Johnson, Moderna, Oxford/AstraZeneca, Pfizer/BioNTech",5038332,3125690,8164022
2021-06-29,"Johnson&Johnson, Moderna, Oxford/AstraZeneca, Pfizer/BioNTech",5067593,3212094,8279687
2021-06-30,"Johnson&Johnson, Moderna, Oxford/AstraZeneca, Pfizer/BioNTech",5095070,3303011,8398081
2021-07-01,"Johnson&Johnson, Moderna, Oxford/AstraZeneca, Pfizer/BioNTech",5119037,3393007,8512044
2021-07-02,"Johnson&Johnson, Moderna, Oxford/AstraZeneca, Pfizer/BioNTech",5145741,3478798,8624539
2021-07-03,"Johnson&Johnson, Moderna, Oxford/AstraZeneca, Pfizer/BioNTech",5152813,3510278,8663091
2021-07-04,"Johnson&Johnson, Moderna, Oxford/AstraZeneca, Pfizer/BioNTech",5160362,3532051,8692413
2021-07-05,"Johnson&Johnson, Moderna, Oxford/AstraZeneca, Pfizer/BioNTech",5167723,3557396,8725119
2021-07-06,"Johnson&Johnson, Moderna, Oxford/AstraZeneca, Pfizer/BioNTech",5173127,3585009,8758136
2021-07-07,"Johnson&Johnson, Moderna, Oxford/AstraZeneca, Pfizer/BioNTech",5198905,3663928,8862833
2021-07-08,"Johnson&Johnson, Moderna, Oxford/AstraZeneca, Pfizer/BioNTech",5225489,3734190,8959679
2021-07-09,"Johnson&Johnson, Moderna, Oxford/AstraZeneca, Pfizer/BioNTech",5253399,3803397,9056796
2021-07-10,"Johnson&Johnson, Moderna, Oxford/AstraZeneca, Pfizer/BioNTech",5262740,3831985,9094725
2021-07-11,"Johnson&Johnson, Moderna, Oxford/AstraZeneca, Pfizer/BioNTech",5271260,3854841,9126101
2021-07-12,"Johnson&Johnson, Moderna, Oxford/AstraZeneca, Pfizer/BioNTech",5298776,3923874,9222650
2021-07-13,"Johnson&Johnson, Moderna, Oxford/AstraZeneca, Pfizer/BioNTech",5324945,3993680,9318625
2021-07-14,"Johnson&Johnson, Moderna, Oxford/AstraZeneca, Pfizer/BioNTech",5350743,4065591,9416334
2021-07-15,"Johnson&Johnson, Moderna, Oxford/AstraZeneca, Pfizer/BioNTech",5379907,4131530,9511437
2021-07-16,"Johnson&Johnson, Moderna, Oxford/AstraZeneca, Pfizer/BioNTech",5407813,4204176,9611989
2021-07-17,"Johnson&Johnson, Moderna, Oxford/AstraZeneca, Pfizer/BioNTech",5416576,4235571,9652147
2021-07-18,"Johnson&Johnson, Moderna, Oxford/AstraZeneca, Pfizer/BioNTech",5425013,4261538,9686551
2021-07-19,"Johnson&Johnson, Moderna, Oxford/AstraZeneca, Pfizer/BioNTech",5448352,4328505,9776857
2021-07-20,"Johnson&Johnson, Moderna, Oxford/AstraZeneca, Pfizer/BioNTech",5469724,4395482,9865206
2021-07-21,"Johnson&Johnson, Moderna, Oxford/AstraZeneca, Pfizer/BioNTech",5493167,4458881,9952048
2021-07-22,"Johnson&Johnson, Moderna, Oxford/AstraZeneca, Pfizer/BioNTech",5515518,4517436,10032954
2021-07-23,"Johnson&Johnson, Moderna, Oxford/AstraZeneca, Pfizer/BioNTech",5538701,4572112,10110813
2021-07-24,"Johnson&Johnson, Moderna, Oxford/AstraZeneca, Pfizer/BioNTech",5546008,4599733,10145741
2021-07-25,"Johnson&Johnson, Moderna, Oxford/AstraZeneca, Pfizer/BioNTech",5552617,4621828,10174445
2021-07-26,"Johnson&Johnson, Moderna, Oxford/AstraZeneca, Pfizer/BioNTech",5576145,4670441,10246586
2021-07-27,"Johnson&Johnson, Moderna, Oxford/AstraZeneca, Pfizer/BioNTech",5598863,4717001,10315864
2021-07-28,"Johnson&Johnson, Moderna, Oxford/AstraZeneca, Pfizer/BioNTech",5620104,4762914,10383018
2021-07-29,"Johnson&Johnson, Moderna, Oxford/AstraZeneca, Pfizer/BioNTech",5641413,4804793,10446206
2021-07-30,"Johnson&Johnson, Moderna, Oxford/AstraZeneca, Pfizer/BioNTech",5664676,4847276,10511952
2021-07-31,"Johnson&Johnson, Moderna, Oxford/AstraZeneca, Pfizer/BioNTech",5673593,4866776,10540369
2021-08-01,"Johnson&Johnson, Moderna, Oxford/AstraZeneca, Pfizer/BioNTech",5680305,4882923,10563228
2021-08-02,"Johnson&Johnson, Moderna, Oxford/AstraZeneca, Pfizer/BioNTech",5698922,4920419,10619341
2021-08-03,"Johnson&Johnson, Moderna, Oxford/AstraZeneca, Pfizer/BioNTech",5716545,4958462,10675007
2021-08-04,"Johnson&Johnson, Moderna, Oxford/AstraZeneca, Pfizer/BioNTech",5732628,4995143,10727771
2021-08-05,"Johnson&Johnson, Moderna, Oxford/AstraZeneca, Pfizer/BioNTech",5748648,5035559,10784207
2021-08-06,"Johnson&Johnson, Moderna, Oxford/AstraZeneca, Pfizer/BioNTech",5765422,5078782,10844204
2021-08-07,"Johnson&Johnson, Moderna, Oxford/AstraZeneca, Pfizer/BioNTech",5771010,5096921,10867931
2021-08-08,"Johnson&Johnson, Moderna, Oxford/AstraZeneca, Pfizer/BioNTech",5775361,5112651,10888012
2021-08-09,"Johnson&Johnson, Moderna, Oxford/AstraZeneca, Pfizer/BioNTech",5787995,5157654,10945649
2021-08-10,"Johnson&Johnson, Moderna, Oxford/AstraZeneca, Pfizer/BioNTech",5799820,5197174,10996994
2021-08-11,"Johnson&Johnson, Moderna, Oxford/AstraZeneca, Pfizer/BioNTech",5811173,5240257,11051430
2021-08-12,"Johnson&Johnson, Moderna, Oxford/AstraZeneca, Pfizer/BioNTech",5822587,5277332,11099919
2021-08-13,"Johnson&Johnson, Moderna, Oxford/AstraZeneca, Pfizer/BioNTech",5833302,5317621,11150923
2021-08-14,"Johnson&Johnson, Moderna, Oxford/AstraZeneca, Pfizer/BioNTech",5836637,5328298,11164935
2021-08-15,"Johnson&Johnson, Moderna, Oxford/AstraZeneca, Pfizer/BioNTech",5839220,5338653,11177873
2021-08-16,"Johnson&Johnson, Moderna, Oxford/AstraZeneca, Pfizer/BioNTech",5849001,5372684,11221685
2021-08-17,"Johnson&Johnson, Moderna, Oxford/AstraZeneca, Pfizer/BioNTech",5858590,5399745,11258335
2021-08-18,"Johnson&Johnson, Moderna, Oxford/AstraZeneca, Pfizer/BioNTech",5867954,5438582,11306536
2021-08-19,"Johnson&Johnson, Moderna, Oxford/AstraZeneca, Pfizer/BioNTech",5877614,5476899,11354513
2021-08-20,"Johnson&Johnson, Moderna, Oxford/AstraZeneca, Pfizer/BioNTech",5888990,5517057,11406047
2021-08-21,"Johnson&Johnson, Moderna, Oxford/AstraZeneca, Pfizer/BioNTech",5891704,5529792,11421496
2021-08-22,"Johnson&Johnson, Moderna, Oxford/AstraZeneca, Pfizer/BioNTech",5894043,5541744,11435787
2021-08-23,"Johnson&Johnson, Moderna, Oxford/AstraZeneca, Pfizer/BioNTech",5904570,5580979,11485549
2021-08-24,"Johnson&Johnson, Moderna, Oxford/AstraZeneca, Pfizer/BioNTech",5914434,5614200,11528634
2021-08-25,"Johnson&Johnson, Moderna, Oxford/AstraZeneca, Pfizer/BioNTech",5923295,5642540,11565835
2021-08-26,"Johnson&Johnson, Moderna, Oxford/AstraZeneca, Pfizer/BioNTech",5931735,5668644,11600379
2021-08-27,"Johnson&Johnson, Moderna, Oxford/AstraZeneca, Pfizer/BioNTech",5942046,5694563,11636609
2021-08-28,"Johnson&Johnson, Moderna, Oxford/AstraZeneca, Pfizer/BioNTech",5944767,5701591,11646358
2021-08-29,"Johnson&Johnson, Moderna, Oxford/AstraZeneca, Pfizer/BioNTech",5947169,5708203,11655372
2021-08-30,"Johnson&Johnson, Moderna, Oxford/AstraZeneca, Pfizer/BioNTech",5955686,5730049,11685735
2021-08-31,"Johnson&Johnson, Moderna, Oxford/AstraZeneca, Pfizer/BioNTech",5963350,5748106,11711456
2021-09-01,"Johnson&Johnson, Moderna, Oxford/AstraZeneca, Pfizer/BioNTech",5969231,5762078,11731309
2021-09-02,"Johnson&Johnson, Moderna, Oxford/AstraZeneca, Pfizer/BioNTech",5976056,5776442,11752498
2021-09-03,"Johnson&Johnson, Moderna, Oxford/AstraZeneca, Pfizer/BioNTech",5985607,5792125,11777732
2021-09-04,"Johnson&Johnson, Moderna, Oxford/AstraZeneca, Pfizer/BioNTech",5987670,5795672,11783342
2021-09-05,"Johnson&Johnson, Moderna, Oxford/AstraZeneca, Pfizer/BioNTech",5989702,5798511,11788213
2021-09-06,"Johnson&Johnson, Moderna, Oxford/AstraZeneca, Pfizer/BioNTech",5995930,5811022,11806952
2021-09-07,"Johnson&Johnson, Moderna, Oxford/AstraZeneca, Pfizer/BioNTech",6000306,5822108,11822414
2021-09-08,"Johnson&Johnson, Moderna, Oxford/AstraZeneca, Pfizer/BioNTech",6005963,5831936,11837899
2021-09-09,"Johnson&Johnson, Moderna, Oxford/AstraZeneca, Pfizer/BioNTech",6012638,5841985,11854623
2021-09-10,"Johnson&Johnson, Moderna, Oxford/AstraZeneca, Pfizer/BioNTech",6020318,5854148,11874466
2021-09-11,"Johnson&Johnson, Moderna, Oxford/AstraZeneca, Pfizer/BioNTech",6022179,5856619,11878798
2021-09-12,"Johnson&Johnson, Moderna, Oxford/AstraZeneca, Pfizer/BioNTech",6023293,5858241,11881534
2021-09-13,"Johnson&Johnson, Moderna, Oxford/AstraZeneca, Pfizer/BioNTech",6028716,5868525,11897241
2021-09-14,"Johnson&Johnson, Moderna, Oxford/AstraZeneca, Pfizer/BioNTech",6034098,5877523,11911621
2021-09-15,"Johnson&Johnson, Moderna, Oxford/AstraZeneca, Pfizer/BioNTech",6039285,5886032,11925317
2021-09-16,"Johnson&Johnson, Moderna, Oxford/AstraZeneca, Pfizer/BioNTech",6044627,5894290,11938917
2021-09-17,"Johnson&Johnson, Moderna, Oxford/AstraZeneca, Pfizer/BioNTech",6051192,5904498,11955690
2021-09-18,"Johnson&Johnson, Moderna, Oxford/AstraZeneca, Pfizer/BioNTech",6052916,5906847,11959763
2021-09-19,"Johnson&Johnson, Moderna, Oxford/AstraZeneca, Pfizer/BioNTech",6053857,5908410,11962267
2021-09-20,"Johnson&Johnson, Moderna, Oxford/AstraZeneca, Pfizer/BioNTech",6057863,5916594,11974457
2021-09-21,"Johnson&Johnson, Moderna, Oxford/AstraZeneca, Pfizer/BioNTech",6062090,5924118,11986208
2021-09-22,"Johnson&Johnson, Moderna, Oxford/AstraZeneca, Pfizer/BioNTech",6066263,5929624,11995887
2021-09-23,"Johnson&Johnson, Moderna, Oxford/AstraZeneca, Pfizer/BioNTech",6071239,5936023,12007262
2021-09-24,"Johnson&Johnson, Moderna, Oxford/AstraZeneca, Pfizer/BioNTech",6076991,5945629,12022620
2021-09-25,"Johnson&Johnson, Moderna, Oxford/AstraZeneca, Pfizer/BioNTech",6078481,5947615,12026096
2021-09-26,"Johnson&Johnson, Moderna, Pfizer/BioNTech",6079221,5949244,12028465
2021-09-27,"Johnson&Johnson, Moderna, Oxford/AstraZeneca, Pfizer/BioNTech",6083095,5955731,12038826
2021-09-28,"Johnson&Johnson, Moderna, Pfizer/BioNTech",6083452,5956333,12039785
2021-09-29,"Johnson&Johnson, Moderna, Oxford/AstraZeneca, Pfizer/BioNTech",6087222,5963775,12050997
2021-09-30,"Johnson&Johnson, Moderna, Oxford/AstraZeneca, Pfizer/BioNTech",6091717,5971458,12063175
2021-10-01,"Johnson&Johnson, Moderna, Oxford/AstraZeneca, Pfizer/BioNTech",6096002,5979411,12075413
2021-10-02,"Johnson&Johnson, Moderna, Oxford/AstraZeneca, Pfizer/BioNTech",6097061,5980946,12078007
2021-10-03,"Johnson&Johnson, Moderna, Pfizer/BioNTech",6097776,5981807,12079583
2021-10-04,"Johnson&Johnson, Moderna, Oxford/AstraZeneca, Pfizer/BioNTech",6100843,5987370,12088213
2021-10-05,"Johnson&Johnson, Moderna, Oxford/AstraZeneca, Pfizer/BioNTech",6103996,5992430,12096426
2021-10-06,"Johnson&Johnson, Moderna, Oxford/AstraZeneca, Pfizer/BioNTech",6107504,5997585,12105089
2021-10-07,"Johnson&Johnson, Moderna, Oxford/AstraZeneca, Pfizer/BioNTech",6110774,6002830,12113604
2021-10-08,"Johnson&Johnson, Moderna, Oxford/AstraZeneca, Pfizer/BioNTech",6115555,6009443,12124998
2021-10-09,"Johnson&Johnson, Moderna, Oxford/AstraZeneca, Pfizer/BioNTech",6116793,6011093,12127886
2021-10-10,"Johnson&Johnson, Moderna, Oxford/AstraZeneca, Pfizer/BioNTech",6117733,6011922,12129655
2021-10-11,"Johnson&Johnson, Moderna, Oxford/AstraZeneca, Pfizer/BioNTech",6120659,6016326,12136985
2021-10-12,"Johnson&Johnson, Moderna, Oxford/AstraZeneca, Pfizer/BioNTech",6123577,6020319,12143896
2021-10-13,"Johnson&Johnson, Moderna, Oxford/AstraZeneca, Pfizer/BioNTech",6127109,6024496,12151605
2021-10-14,"Johnson&Johnson, Moderna, Oxford/AstraZeneca, Pfizer/BioNTech",6130784,6029439,12160223
2021-10-15,"Johnson&Johnson, Moderna, Oxford/AstraZeneca, Pfizer/BioNTech",6136009,6035568,12171577
2021-10-16,"Johnson&Johnson, Moderna, Oxford/AstraZeneca, Pfizer/BioNTech",6137405,6037083,12174488
2021-10-17,"Johnson&Johnson, Moderna, Pfizer/BioNTech",6138724,6038135,12176859
2021-10-18,"Johnson&Johnson, Moderna, Oxford/AstraZeneca, Pfizer/BioNTech",6142833,6042226,12185059
2021-10-19,"Johnson&Johnson, Moderna, Oxford/AstraZeneca, Pfizer/BioNTech",6146402,6044310,12190712
2021-10-20,"Johnson&Johnson, Moderna, Oxford/AstraZeneca, Pfizer/BioNTech",6151263,6048752,12200015
2021-10-21,"Johnson&Johnson, Moderna, Oxford/AstraZeneca, Pfizer/BioNTech",6159014,6054338,12213352
2021-10-22,"Johnson&Johnson, Moderna, Oxford/AstraZeneca, Pfizer/BioNTech",6169453,6060836,12230289
2021-10-23,"Johnson&Johnson, Moderna, Pfizer/BioNTech",6173123,6063035,12236158
2021-10-24,"Johnson&Johnson, Moderna, Pfizer/BioNTech",6175806,6064807,12240613
2021-10-25,"Johnson&Johnson, Moderna, Oxford/AstraZeneca, Pfizer/BioNTech",6186281,6070600,12256881
2021-10-26,"Johnson&Johnson, Moderna, Oxford/AstraZeneca, Pfizer/BioNTech",6198200,6077132,12275332
2021-10-27,"Johnson&Johnson, Moderna, Oxford/AstraZeneca, Pfizer/BioNTech",6212794,6084525,12297319
2021-10-28,"Johnson&Johnson, Moderna, Oxford/AstraZeneca, Pfizer/BioNTech",6216198,6086194,12302392
2021-10-29,"Johnson&Johnson, Moderna, Oxford/AstraZeneca, Pfizer/BioNTech",6230615,6094155,12324770
2021-10-30,"Johnson&Johnson, Moderna, Pfizer/BioNTech",6235142,6097068,12332210
2021-10-31,"Johnson&Johnson, Moderna, Oxford/AstraZeneca, Pfizer/BioNTech",6238902,6099538,12338440
2021-11-01,"Johnson&Johnson, Moderna, Oxford/AstraZeneca, Pfizer/BioNTech",6254087,6107219,12361306
2021-11-02,"Johnson&Johnson, Moderna, Oxford/AstraZeneca, Pfizer/BioNTech",6269493,6114764,12384257
2021-11-03,"Johnson&Johnson, Moderna, Oxford/AstraZeneca, Pfizer/BioNTech",6286645,6122051,12408696
2021-11-04,"Johnson&Johnson, Moderna, Oxford/AstraZeneca, Pfizer/BioNTech",6304942,6130213,12435155
2021-11-05,"Johnson&Johnson, Moderna, Oxford/AstraZeneca, Pfizer/BioNTech",6327710,6141475,12469185
2021-11-06,"Johnson&Johnson, Moderna, Oxford/AstraZeneca, Pfizer/BioNTech",6334210,6144523,12478733
2021-11-07,"Johnson&Johnson, Moderna, Oxford/AstraZeneca, Pfizer/BioNTech",6338226,6146954,12485180
2021-11-08,"Johnson&Johnson, Moderna, Oxford/AstraZeneca, Pfizer/BioNTech",6354450,6154578,12509028
2021-11-09,"Johnson&Johnson, Moderna, Oxford/AstraZeneca, Pfizer/BioNTech",6369200,6161860,12531060
2021-11-10,"Johnson&Johnson, Moderna, Oxford/AstraZeneca, Pfizer/BioNTech",6384894,6169227,12554121
2021-11-11,"Johnson&Johnson, Moderna, Oxford/AstraZeneca, Pfizer/BioNTech",6400274,6178320,12578594
2021-11-12,"Johnson&Johnson, Moderna, Oxford/AstraZeneca, Pfizer/BioNTech",6419991,6191080,12611071
2021-11-13,"Johnson&Johnson, Moderna, Oxford/AstraZeneca, Pfizer/BioNTech",6425370,6194937,12620307
2021-11-14,"Johnson&Johnson, Moderna, Oxford/AstraZeneca, Pfizer/BioNTech",6429249,6197936,12627185
2021-11-15,"Johnson&Johnson, Moderna, Oxford/AstraZeneca, Pfizer/BioNTech",6444240,6208614,12652854
2021-11-16,"Johnson&Johnson, Moderna, Oxford/AstraZeneca, Pfizer/BioNTech",6461654,6220521,12682175
2021-11-17,"Johnson&Johnson, Moderna, Oxford/AstraZeneca, Pfizer/BioNTech",6465859,6224076,12689935
2021-11-18,"Johnson&Johnson, Moderna, Oxford/AstraZeneca, Pfizer/BioNTech",6485169,6235728,12720897
2021-11-19,"Johnson&Johnson, Moderna, Oxford/AstraZeneca, Pfizer/BioNTech",6509614,6252684,12762298
2021-11-20,"Johnson&Johnson, Moderna, Oxford/AstraZeneca, Pfizer/BioNTech",6518147,6257647,12775794
2021-11-21,"Johnson&Johnson, Moderna, Oxford/AstraZeneca, Pfizer/BioNTech",6524891,6261410,12786301
2021-11-22,"Johnson&Johnson, Moderna, Oxford/AstraZeneca, Pfizer/BioNTech",6543205,6275484,12818689
2021-11-23,"Johnson&Johnson, Moderna, Oxford/AstraZeneca, Pfizer/BioNTech",6562132,6288695,12850827
2021-11-24,"Johnson&Johnson, Moderna, Oxford/AstraZeneca, Pfizer/BioNTech",6581001,6304500,12885501
2021-11-25,"Johnson&Johnson, Moderna, Oxford/AstraZeneca, Pfizer/BioNTech",6600027,6319462,12919489
2021-11-26,"Johnson&Johnson, Moderna, Oxford/AstraZeneca, Pfizer/BioNTech",6621523,6338505,12960028
2021-11-27,"Johnson&Johnson, Moderna, Oxford/AstraZeneca, Pfizer/BioNTech",6628924,6344019,12972943
2021-11-28,"Johnson&Johnson, Moderna, Pfizer/BioNTech",6632233,6347145,12979378
2021-11-29,"Johnson&Johnson, Moderna, Oxford/AstraZeneca, Pfizer/BioNTech",6647362,6360742,13008104
2021-11-30,"Johnson&Johnson, Moderna, Oxford/AstraZeneca, Pfizer/BioNTech",6660474,6371899,13032373
2021-12-01,"Johnson&Johnson, Moderna, Oxford/AstraZeneca, Pfizer/BioNTech",6674360,6384246,13058606
2021-12-02,"Johnson&Johnson, Moderna, Oxford/AstraZeneca, Pfizer/BioNTech",6684907,6396641,13081548
2021-12-03,"Johnson&Johnson, Moderna, Oxford/AstraZeneca, Pfizer/BioNTech",6694340,6412053,13106393
2021-12-04,"Johnson&Johnson, Moderna, Oxford/AstraZeneca, Pfizer/BioNTech",6696853,6415966,13112819
2021-12-05,"Johnson&Johnson, Moderna, Oxford/AstraZeneca, Pfizer/BioNTech",6698188,6418279,13116467
2021-12-06,"Johnson&Johnson, Moderna, Oxford/AstraZeneca, Pfizer/BioNTech",6706223,6429676,13135899
2021-12-07,"Johnson&Johnson, Moderna, Oxford/AstraZeneca, Pfizer/BioNTech",6713921,6441535,13155456
2021-12-08,"Johnson&Johnson, Moderna, Oxford/AstraZeneca, Pfizer/BioNTech",6722067,6447342,13169409
2021-12-09,"Johnson&Johnson, Moderna, Oxford/AstraZeneca, Pfizer/BioNTech",6728990,6459916,13188906
2021-12-10,"Johnson&Johnson, Moderna, Oxford/AstraZeneca, Pfizer/BioNTech",6735225,6476944,13212169
