date,vaccine,people_vaccinated,people_fully_vaccinated,total_vaccinations
2020-12-27,Pfizer/BioNTech,1281,0,1281
2020-12-28,Pfizer/BioNTech,3586,0,3586
2020-12-29,Pfizer/BioNTech,7051,0,7051
2020-12-30,Pfizer/BioNTech,10563,0,10563
2020-12-31,Pfizer/BioNTech,11867,0,11867
2021-01-01,"Moderna, Pfizer/BioNTech",12137,0,12137
2021-01-02,Pfizer/BioNTech,13413,0,13413
2021-01-03,Pfizer/BioNTech,14335,0,14335
2021-01-04,"Moderna, Pfizer/BioNTech",17941,0,17941
2021-01-05,"Moderna, Pfizer/BioNTech",22451,0,22451
2021-01-06,"Moderna, Pfizer/BioNTech",28286,1,28287
2021-01-07,"Moderna, Pfizer/BioNTech",36267,1,36268
2021-01-08,Pfizer/BioNTech,46306,1,46307
2021-01-09,"Moderna, Pfizer/BioNTech",48320,2,48322
2021-01-10,Pfizer/BioNTech,50073,4,50077
2021-01-11,Pfizer/BioNTech,59919,6,59925
2021-01-12,"Moderna, Pfizer/BioNTech",73314,8,73322
2021-01-13,Pfizer/BioNTech,86832,8,86840
2021-01-14,"Moderna, Pfizer/BioNTech",102056,12,102068
2021-01-15,"Moderna, Pfizer/BioNTech",116055,12,116067
2021-01-16,"Moderna, Pfizer/BioNTech",119437,15,119452
2021-01-17,"Moderna, Pfizer/BioNTech",122048,654,122702
2021-01-18,"Moderna, Pfizer/BioNTech",134521,2479,137000
2021-01-19,"Moderna, Pfizer/BioNTech",147106,5201,152307
2021-01-20,"Moderna, Pfizer/BioNTech",160772,7854,168626
2021-01-21,"Moderna, Pfizer/BioNTech",176411,9594,186005
2021-01-22,"Moderna, Pfizer/BioNTech",191265,10638,201903
2021-01-23,"Moderna, Pfizer/BioNTech",194578,11516,206094
2021-01-24,"Moderna, Pfizer/BioNTech",196831,12385,209216
2021-01-25,"Moderna, Pfizer/BioNTech",206466,15356,221822
2021-01-26,"Moderna, Pfizer/BioNTech",216999,19340,236339
2021-01-27,"Moderna, Pfizer/BioNTech",226023,23871,249894
2021-01-28,"Moderna, Pfizer/BioNTech",233112,29992,263104
2021-01-29,"Moderna, Pfizer/BioNTech",239314,37892,277206
2021-01-30,"Moderna, Pfizer/BioNTech",240046,38979,279025
2021-01-31,"Moderna, Pfizer/BioNTech",240757,40160,280917
2021-02-01,"Moderna, Pfizer/BioNTech",244732,48109,292841
2021-02-02,"Moderna, Pfizer/BioNTech",248862,58336,307198
2021-02-03,"Moderna, Pfizer/BioNTech",253274,69332,322606
2021-02-04,"Moderna, Pfizer/BioNTech",258166,82304,340470
2021-02-05,"Moderna, Pfizer/BioNTech",263620,92970,356590
2021-02-06,"Moderna, Oxford/AstraZeneca, Pfizer/BioNTech",264465,95324,359789
2021-02-07,"Moderna, Pfizer/BioNTech",265311,97820,363131
2021-02-08,"Moderna, Oxford/AstraZeneca, Pfizer/BioNTech",269379,109203,378582
2021-02-09,"Moderna, Oxford/AstraZeneca, Pfizer/BioNTech",274468,121112,395580
2021-02-10,"Moderna, Oxford/AstraZeneca, Pfizer/BioNTech",279967,134342,414309
2021-02-11,"Moderna, Oxford/AstraZeneca, Pfizer/BioNTech",286284,150551,436835
2021-02-12,"Moderna, Oxford/AstraZeneca, Pfizer/BioNTech",293036,165258,458294
2021-02-13,"Moderna, Oxford/AstraZeneca, Pfizer/BioNTech",294638,168236,462874
2021-02-14,"Moderna, Oxford/AstraZeneca, Pfizer/BioNTech",295637,169618,465255
2021-02-15,"Moderna, Oxford/AstraZeneca, Pfizer/BioNTech",302035,178964,480999
2021-02-16,"Moderna, Oxford/AstraZeneca, Pfizer/BioNTech",310748,188030,498778
2021-02-17,"Moderna, Oxford/AstraZeneca, Pfizer/BioNTech",320442,196323,516765
2021-02-18,"Moderna, Oxford/AstraZeneca, Pfizer/BioNTech",332750,204383,537133
2021-02-19,"Moderna, Oxford/AstraZeneca, Pfizer/BioNTech",344595,211721,556316
2021-02-20,"Moderna, Oxford/AstraZeneca, Pfizer/BioNTech",346585,212899,559484
2021-02-21,"Moderna, Oxford/AstraZeneca, Pfizer/BioNTech",347708,213918,561626
2021-02-22,"Moderna, Oxford/AstraZeneca, Pfizer/BioNTech",357819,219937,577756
2021-02-23,"Moderna, Oxford/AstraZeneca, Pfizer/BioNTech",370755,226899,597654
2021-02-24,"Moderna, Oxford/AstraZeneca, Pfizer/BioNTech",384617,232926,617543
2021-02-25,"Moderna, Oxford/AstraZeneca, Pfizer/BioNTech",402579,238463,641042
2021-02-26,"Moderna, Oxford/AstraZeneca, Pfizer/BioNTech",418732,243794,662526
2021-02-27,"Moderna, Oxford/AstraZeneca, Pfizer/BioNTech",421734,244348,666082
2021-02-28,"Moderna, Oxford/AstraZeneca, Pfizer/BioNTech",424073,244894,668967
2021-03-01,"Moderna, Oxford/AstraZeneca, Pfizer/BioNTech",443638,248332,691970
2021-03-02,"Moderna, Oxford/AstraZeneca, Pfizer/BioNTech",470845,251869,722714
2021-03-03,"Moderna, Oxford/AstraZeneca, Pfizer/BioNTech",501688,256365,758053
2021-03-04,"Moderna, Oxford/AstraZeneca, Pfizer/BioNTech",534923,261040,795963
2021-03-05,"Johnson&Johnson, Moderna, Oxford/AstraZeneca, Pfizer/BioNTech",563722,266443,830165
2021-03-06,"Johnson&Johnson, Moderna, Oxford/AstraZeneca, Pfizer/BioNTech",575855,267296,843151
2021-03-07,"Johnson&Johnson, Moderna, Oxford/AstraZeneca, Pfizer/BioNTech",587380,268133,855513
2021-03-08,"Johnson&Johnson, Moderna, Oxford/AstraZeneca, Pfizer/BioNTech",617081,272974,890055
2021-03-09,"Johnson&Johnson, Moderna, Oxford/AstraZeneca, Pfizer/BioNTech",653411,279345,932756
2021-03-10,"Moderna, Oxford/AstraZeneca, Pfizer/BioNTech",694685,286288,980973
2021-03-11,"Johnson&Johnson, Moderna, Oxford/AstraZeneca, Pfizer/BioNTech",739475,294650,1034125
2021-03-12,"Johnson&Johnson, Moderna, Oxford/AstraZeneca, Pfizer/BioNTech",778251,303099,1081350
2021-03-13,"Moderna, Oxford/AstraZeneca, Pfizer/BioNTech",795311,304398,1099709
2021-03-14,"Moderna, Oxford/AstraZeneca, Pfizer/BioNTech",807410,305543,1112953
2021-03-15,"Moderna, Oxford/AstraZeneca, Pfizer/BioNTech",835772,314307,1150079
2021-03-16,"Johnson&Johnson, Moderna, Oxford/AstraZeneca, Pfizer/BioNTech",874643,324829,1199472
2021-03-17,"Moderna, Oxford/AstraZeneca, Pfizer/BioNTech",912094,335320,1247414
2021-03-18,"Johnson&Johnson, Moderna, Oxford/AstraZeneca, Pfizer/BioNTech",950035,347722,1297757
2021-03-19,"Moderna, Oxford/AstraZeneca, Pfizer/BioNTech",984479,361317,1345796
2021-03-20,"Johnson&Johnson, Moderna, Oxford/AstraZeneca, Pfizer/BioNTech",999603,363329,1362932
2021-03-21,"Johnson&Johnson, Moderna, Oxford/AstraZeneca, Pfizer/BioNTech",1007004,364875,1371879
2021-03-22,"Johnson&Johnson, Moderna, Oxford/AstraZeneca, Pfizer/BioNTech",1031519,377370,1408889
2021-03-23,"Johnson&Johnson, Moderna, Oxford/AstraZeneca, Pfizer/BioNTech",1058127,390711,1448838
2021-03-24,"Johnson&Johnson, Moderna, Oxford/AstraZeneca, Pfizer/BioNTech",1084956,406427,1491383
2021-03-25,"Moderna, Oxford/AstraZeneca, Pfizer/BioNTech",1111257,424259,1535516
2021-03-26,"Moderna, Oxford/AstraZeneca, Pfizer/BioNTech",1136039,441743,1577782
2021-03-27,"Johnson&Johnson, Moderna, Oxford/AstraZeneca, Pfizer/BioNTech",1144456,446584,1591040
2021-03-28,"Moderna, Oxford/AstraZeneca, Pfizer/BioNTech",1149984,450721,1600705
2021-03-29,"Johnson&Johnson, Moderna, Oxford/AstraZeneca, Pfizer/BioNTech",1169087,471427,1640514
2021-03-30,"Johnson&Johnson, Moderna, Oxford/AstraZeneca, Pfizer/BioNTech",1193763,493592,1687355
2021-03-31,"Johnson&Johnson, Moderna, Oxford/AstraZeneca, Pfizer/BioNTech",1216838,520629,1737467
2021-04-01,"Johnson&Johnson, Moderna, Oxford/AstraZeneca, Pfizer/BioNTech",1242425,552664,1795089
2021-04-02,"Johnson&Johnson, Moderna, Oxford/AstraZeneca, Pfizer/BioNTech",1249323,565448,1814771
2021-04-03,"Johnson&Johnson, Moderna, Oxford/AstraZeneca, Pfizer/BioNTech",1252924,576357,1829281
2021-04-04,"Johnson&Johnson, Moderna, Oxford/AstraZeneca, Pfizer/BioNTech",1255416,585262,1840678
2021-04-05,"Johnson&Johnson, Moderna, Oxford/AstraZeneca, Pfizer/BioNTech",1257793,592436,1850229
2021-04-06,"Johnson&Johnson, Moderna, Oxford/AstraZeneca, Pfizer/BioNTech",1273898,621661,1895559
2021-04-07,"Johnson&Johnson, Moderna, Oxford/AstraZeneca, Pfizer/BioNTech",1297279,643875,1941154
2021-04-08,"Johnson&Johnson, Moderna, Oxford/AstraZeneca, Pfizer/BioNTech",1335927,674877,2010804
2021-04-09,"Johnson&Johnson, Moderna, Oxford/AstraZeneca, Pfizer/BioNTech",1375422,705040,2080462
2021-04-10,"Johnson&Johnson, Moderna, Oxford/AstraZeneca, Pfizer/BioNTech",1390878,720321,2111199
2021-04-11,"Johnson&Johnson, Moderna, Oxford/AstraZeneca, Pfizer/BioNTech",1400634,730348,2130982
2021-04-12,"Johnson&Johnson, Moderna, Oxford/AstraZeneca, Pfizer/BioNTech",1438856,755459,2194315
2021-04-13,"Moderna, Oxford/AstraZeneca, Pfizer/BioNTech",1475076,781480,2256556
2021-04-14,"Moderna, Oxford/AstraZeneca, Pfizer/BioNTech",1513849,808816,2322665
2021-04-15,"Moderna, Oxford/AstraZeneca, Pfizer/BioNTech",1561604,834513,2396117
2021-04-16,"Moderna, Oxford/AstraZeneca, Pfizer/BioNTech",1606225,860126,2466351
2021-04-17,"Moderna, Oxford/AstraZeneca, Pfizer/BioNTech",1622886,869145,2492031
2021-04-18,"Moderna, Oxford/AstraZeneca, Pfizer/BioNTech",1635853,874125,2509978
2021-04-19,"Moderna, Oxford/AstraZeneca, Pfizer/BioNTech",1679828,889571,2569399
2021-04-20,"Johnson&Johnson, Moderna, Oxford/AstraZeneca, Pfizer/BioNTech",1722349,905419,2627768
2021-04-21,"Moderna, Oxford/AstraZeneca, Pfizer/BioNTech",1770046,919750,2689796
2021-04-22,"Johnson&Johnson, Moderna, Oxford/AstraZeneca, Pfizer/BioNTech",1824513,937116,2761629
2021-04-23,"Johnson&Johnson, Moderna, Oxford/AstraZeneca, Pfizer/BioNTech",1874438,949146,2823584
2021-04-24,"Johnson&Johnson, Moderna, Oxford/AstraZeneca, Pfizer/BioNTech",1892252,954380,2846632
2021-04-25,"Johnson&Johnson, Moderna, Oxford/AstraZeneca, Pfizer/BioNTech",1906923,958365,2865288
2021-04-26,"Johnson&Johnson, Moderna, Oxford/AstraZeneca, Pfizer/BioNTech",1956482,965901,2922383
2021-04-27,"Johnson&Johnson, Moderna, Oxford/AstraZeneca, Pfizer/BioNTech",2005440,978109,2983549
2021-04-28,"Johnson&Johnson, Moderna, Oxford/AstraZeneca, Pfizer/BioNTech",2064166,992080,3056246
2021-04-29,"Johnson&Johnson, Moderna, Oxford/AstraZeneca, Pfizer/BioNTech",2129699,1007933,3137632
2021-04-30,"Johnson&Johnson, Moderna, Oxford/AstraZeneca, Pfizer/BioNTech",2191895,1017866,3209761
2021-05-01,"Johnson&Johnson, Moderna, Oxford/AstraZeneca, Pfizer/BioNTech",2211191,1021289,3232480
2021-05-02,"Johnson&Johnson, Moderna, Oxford/AstraZeneca, Pfizer/BioNTech",2230089,1023545,3253634
2021-05-03,"Johnson&Johnson, Moderna, Oxford/AstraZeneca, Pfizer/BioNTech",2297307,1028591,3325898
2021-05-04,"Johnson&Johnson, Moderna, Oxford/AstraZeneca, Pfizer/BioNTech",2363771,1036892,3400663
2021-05-05,"Johnson&Johnson, Moderna, Oxford/AstraZeneca, Pfizer/BioNTech",2436899,1046264,3483163
2021-05-06,"Johnson&Johnson, Moderna, Oxford/AstraZeneca, Pfizer/BioNTech",2517268,1056943,3574211
2021-05-07,"Johnson&Johnson, Moderna, Oxford/AstraZeneca, Pfizer/BioNTech",2594491,1066968,3661459
2021-05-08,"Johnson&Johnson, Moderna, Oxford/AstraZeneca, Pfizer/BioNTech",2623895,1068708,3692603
2021-05-09,"Johnson&Johnson, Moderna, Oxford/AstraZeneca, Pfizer/BioNTech",2648066,1069897,3717963
2021-05-10,"Johnson&Johnson, Moderna, Oxford/AstraZeneca, Pfizer/BioNTech",2720798,1077091,3797889
2021-05-11,"Johnson&Johnson, Moderna, Oxford/AstraZeneca, Pfizer/BioNTech",2796874,1085868,3882742
2021-05-12,"Johnson&Johnson, Moderna, Oxford/AstraZeneca, Pfizer/BioNTech",2876701,1094918,3971619
2021-05-13,"Johnson&Johnson, Moderna, Oxford/AstraZeneca, Pfizer/BioNTech",2960692,1104049,4064741
2021-05-14,"Johnson&Johnson, Moderna, Oxford/AstraZeneca, Pfizer/BioNTech",3040092,1111782,4151874
2021-05-15,"Johnson&Johnson, Moderna, Oxford/AstraZeneca, Pfizer/BioNTech",3071935,1113983,4185918
2021-05-16,"Johnson&Johnson, Moderna, Oxford/AstraZeneca, Pfizer/BioNTech",3097679,1115227,4212906
2021-05-17,"Johnson&Johnson, Moderna, Oxford/AstraZeneca, Pfizer/BioNTech",3170156,1121909,4292065
2021-05-18,"Johnson&Johnson, Moderna, Oxford/AstraZeneca, Pfizer/BioNTech",3242063,1134907,4376970
2021-05-19,"Johnson&Johnson, Moderna, Oxford/AstraZeneca, Pfizer/BioNTech",3319493,1150003,4469496
2021-05-20,"Johnson&Johnson, Moderna, Oxford/AstraZeneca, Pfizer/BioNTech",3394893,1176972,4571865
2021-05-21,"Johnson&Johnson, Moderna, Oxford/AstraZeneca, Pfizer/BioNTech",3463627,1204658,4668285
2021-05-22,"Johnson&Johnson, Moderna, Oxford/AstraZeneca, Pfizer/BioNTech",3495964,1215795,4711759
2021-05-23,"Johnson&Johnson, Moderna, Oxford/AstraZeneca, Pfizer/BioNTech",3518277,1224802,4743079
2021-05-24,"Johnson&Johnson, Moderna, Oxford/AstraZeneca, Pfizer/BioNTech",3565392,1258407,4823799
2021-05-25,"Johnson&Johnson, Moderna, Oxford/AstraZeneca, Pfizer/BioNTech",3617224,1294161,4911385
2021-05-26,"Johnson&Johnson, Moderna, Oxford/AstraZeneca, Pfizer/BioNTech",3684950,1331639,5016589
2021-05-27,"Johnson&Johnson, Moderna, Oxford/AstraZeneca, Pfizer/BioNTech",3746316,1378906,5125222
2021-05-28,"Johnson&Johnson, Moderna, Oxford/AstraZeneca, Pfizer/BioNTech",3807983,1425403,5233386
2021-05-29,"Johnson&Johnson, Moderna, Oxford/AstraZeneca, Pfizer/BioNTech",3837134,1442475,5279609
2021-05-30,"Johnson&Johnson, Moderna, Oxford/AstraZeneca, Pfizer/BioNTech",3859474,1456883,5316357
2021-05-31,"Johnson&Johnson, Moderna, Oxford/AstraZeneca, Pfizer/BioNTech",3915193,1504395,5419588
2021-06-01,"Johnson&Johnson, Moderna, Oxford/AstraZeneca, Pfizer/BioNTech",3974204,1553177,5527381
2021-06-02,"Johnson&Johnson, Moderna, Oxford/AstraZeneca, Pfizer/BioNTech",4037072,1607085,5644157
2021-06-03,"Johnson&Johnson, Moderna, Oxford/AstraZeneca, Pfizer/BioNTech",4095282,1667238,5762520
2021-06-04,"Johnson&Johnson, Moderna, Oxford/AstraZeneca, Pfizer/BioNTech",4158351,1724557,5882908
2021-06-05,"Johnson&Johnson, Moderna, Oxford/AstraZeneca, Pfizer/BioNTech",4192476,1743334,5935810
2021-06-06,"Johnson&Johnson, Moderna, Oxford/AstraZeneca, Pfizer/BioNTech",4219376,1758428,5977804
2021-06-07,"Johnson&Johnson, Moderna, Oxford/AstraZeneca, Pfizer/BioNTech",4283041,1814002,6097043
2021-06-08,"Johnson&Johnson, Moderna, Oxford/AstraZeneca, Pfizer/BioNTech",4347008,1868914,6215922
2021-06-09,"Johnson&Johnson, Moderna, Oxford/AstraZeneca, Pfizer/BioNTech",4406191,1933288,6339479
2021-06-10,"Johnson&Johnson, Moderna, Oxford/AstraZeneca, Pfizer/BioNTech",4460068,2004322,6464390
2021-06-11,"Johnson&Johnson, Moderna, Oxford/AstraZeneca, Pfizer/BioNTech",4512160,2073978,6586138
2021-06-12,"Johnson&Johnson, Moderna, Oxford/AstraZeneca, Pfizer/BioNTech",4544140,2094706,6638846
2021-06-13,"Johnson&Johnson, Moderna, Oxford/AstraZeneca, Pfizer/BioNTech",4568141,2113064,6681205
2021-06-14,"Johnson&Johnson, Moderna, Oxford/AstraZeneca, Pfizer/BioNTech",4611203,2187363,6798566
2021-06-15,"Johnson&Johnson, Moderna, Oxford/AstraZeneca, Pfizer/BioNTech",4655842,2259616,6915458
2021-06-16,"Johnson&Johnson, Moderna, Oxford/AstraZeneca, Pfizer/BioNTech",4698560,2337748,7036308
2021-06-17,"Johnson&Johnson, Moderna, Oxford/AstraZeneca, Pfizer/BioNTech",4737925,2420720,7158645
2021-06-18,"Johnson&Johnson, Moderna, Oxford/AstraZeneca, Pfizer/BioNTech",4780304,2501132,7281436
2021-06-19,"Johnson&Johnson, Moderna, Oxford/AstraZeneca, Pfizer/BioNTech",4802043,2530347,7332390
2021-06-20,"Johnson&Johnson, Moderna, Oxford/AstraZeneca, Pfizer/BioNTech",4819397,2554111,7373508
2021-06-21,"Johnson&Johnson, Moderna, Oxford/AstraZeneca, Pfizer/BioNTech",4851894,2632590,7484484
2021-06-22,"Johnson&Johnson, Moderna, Oxford/AstraZeneca, Pfizer/BioNTech",4884849,2714751,7599600
2021-06-23,"Johnson&Johnson, Moderna, Oxford/AstraZeneca, Pfizer/BioNTech",4916488,2799878,7716366
2021-06-24,"Johnson&Johnson, Moderna, Oxford/AstraZeneca, Pfizer/BioNTech",4946320,2889813,7836133
2021-06-25,"Johnson&Johnson, Moderna, Oxford/AstraZeneca, Pfizer/BioNTech",4977359,2975851,7953210
2021-06-26,"Johnson&Johnson, Moderna, Oxford/AstraZeneca, Pfizer/BioNTech",4993210,3010593,8003803
2021-06-27,"Johnson&Johnson, Moderna, Oxford/AstraZeneca, Pfizer/BioNTech",5007143,3037183,8044326
2021-06-28,"Johnson&Johnson, Moderna, Oxford/AstraZeneca, Pfizer/BioNTech",5035553,3122270,8157823
2021-06-29,"Johnson&Johnson, Moderna, Oxford/AstraZeneca, Pfizer/BioNTech",5064812,3208644,8273456
2021-06-30,"Johnson&Johnson, Moderna, Oxford/AstraZeneca, Pfizer/BioNTech",5092296,3299495,8391791
2021-07-01,"Johnson&Johnson, Moderna, Oxford/AstraZeneca, Pfizer/BioNTech",5116265,3389433,8505698
2021-07-02,"Johnson&Johnson, Moderna, Oxford/AstraZeneca, Pfizer/BioNTech",5142968,3475157,8618125
2021-07-03,"Johnson&Johnson, Moderna, Oxford/AstraZeneca, Pfizer/BioNTech",5150037,3506612,8656649
2021-07-04,"Johnson&Johnson, Moderna, Oxford/AstraZeneca, Pfizer/BioNTech",5157581,3528374,8685955
2021-07-05,"Johnson&Johnson, Moderna, Oxford/AstraZeneca, Pfizer/BioNTech",5164928,3553692,8718620
2021-07-06,"Johnson&Johnson, Moderna, Oxford/AstraZeneca, Pfizer/BioNTech",5170323,3581267,8751590
2021-07-07,"Johnson&Johnson, Moderna, Oxford/AstraZeneca, Pfizer/BioNTech",5196098,3660141,8856239
2021-07-08,"Johnson&Johnson, Moderna, Oxford/AstraZeneca, Pfizer/BioNTech",5222681,3730369,8953050
2021-07-09,"Johnson&Johnson, Moderna, Oxford/AstraZeneca, Pfizer/BioNTech",5250576,3799545,9050121
2021-07-10,"Johnson&Johnson, Moderna, Oxford/AstraZeneca, Pfizer/BioNTech",5259912,3828110,9088022
2021-07-11,"Johnson&Johnson, Moderna, Oxford/AstraZeneca, Pfizer/BioNTech",5268426,3850960,9119386
2021-07-12,"Johnson&Johnson, Moderna, Oxford/AstraZeneca, Pfizer/BioNTech",5295941,3919982,9215923
2021-07-13,"Johnson&Johnson, Moderna, Oxford/AstraZeneca, Pfizer/BioNTech",5322101,3989766,9311867
2021-07-14,"Johnson&Johnson, Moderna, Oxford/AstraZeneca, Pfizer/BioNTech",5347900,4061668,9409568
2021-07-15,"Johnson&Johnson, Moderna, Oxford/AstraZeneca, Pfizer/BioNTech",5377057,4127582,9504639
2021-07-16,"Johnson&Johnson, Moderna, Oxford/AstraZeneca, Pfizer/BioNTech",5404952,4200196,9605148
2021-07-17,"Johnson&Johnson, Moderna, Oxford/AstraZeneca, Pfizer/BioNTech",5413707,4231580,9645287
2021-07-18,"Johnson&Johnson, Moderna, Oxford/AstraZeneca, Pfizer/BioNTech",5422137,4257539,9679676
2021-07-19,"Johnson&Johnson, Moderna, Oxford/AstraZeneca, Pfizer/BioNTech",5445470,4324488,9769958
2021-07-20,"Johnson&Johnson, Moderna, Oxford/AstraZeneca, Pfizer/BioNTech",5466847,4391443,9858290
2021-07-21,"Johnson&Johnson, Moderna, Oxford/AstraZeneca, Pfizer/BioNTech",5490287,4454807,9945094
2021-07-22,"Johnson&Johnson, Moderna, Oxford/AstraZeneca, Pfizer/BioNTech",5512626,4513343,10025969
2021-07-23,"Johnson&Johnson, Moderna, Oxford/AstraZeneca, Pfizer/BioNTech",5535796,4567988,10103784
2021-07-24,"Johnson&Johnson, Moderna, Oxford/AstraZeneca, Pfizer/BioNTech",5543097,4595592,10138689
2021-07-25,"Johnson&Johnson, Moderna, Oxford/AstraZeneca, Pfizer/BioNTech",5549696,4617676,10167372
2021-07-26,"Johnson&Johnson, Moderna, Oxford/AstraZeneca, Pfizer/BioNTech",5573205,4666244,10239449
2021-07-27,"Johnson&Johnson, Moderna, Oxford/AstraZeneca, Pfizer/BioNTech",5595923,4712787,10308710
2021-07-28,"Johnson&Johnson, Moderna, Oxford/AstraZeneca, Pfizer/BioNTech",5617146,4758670,10375816
2021-07-29,"Johnson&Johnson, Moderna, Oxford/AstraZeneca, Pfizer/BioNTech",5638445,4800523,10438968
2021-07-30,"Johnson&Johnson, Moderna, Oxford/AstraZeneca, Pfizer/BioNTech",5661703,4842985,10504688
2021-07-31,"Johnson&Johnson, Moderna, Oxford/AstraZeneca, Pfizer/BioNTech",5670616,4862478,10533094
2021-08-01,"Johnson&Johnson, Moderna, Oxford/AstraZeneca, Pfizer/BioNTech",5677325,4878606,10555931
2021-08-02,"Johnson&Johnson, Moderna, Oxford/AstraZeneca, Pfizer/BioNTech",5695933,4916082,10612015
2021-08-03,"Johnson&Johnson, Moderna, Oxford/AstraZeneca, Pfizer/BioNTech",5713547,4954102,10667649
2021-08-04,"Johnson&Johnson, Moderna, Oxford/AstraZeneca, Pfizer/BioNTech",5729615,4990747,10720362
2021-08-05,"Johnson&Johnson, Moderna, Oxford/AstraZeneca, Pfizer/BioNTech",5745617,5031131,10776748
2021-08-06,"Johnson&Johnson, Moderna, Oxford/AstraZeneca, Pfizer/BioNTech",5762383,5074326,10836709
2021-08-07,"Johnson&Johnson, Moderna, Oxford/AstraZeneca, Pfizer/BioNTech",5767962,5092447,10860409
2021-08-08,"Johnson&Johnson, Moderna, Oxford/AstraZeneca, Pfizer/BioNTech",5772308,5108167,10880475
2021-08-09,"Johnson&Johnson, Moderna, Oxford/AstraZeneca, Pfizer/BioNTech",5784936,5153155,10938091
2021-08-10,"Johnson&Johnson, Moderna, Oxford/AstraZeneca, Pfizer/BioNTech",5796750,5192659,10989409
2021-08-11,"Johnson&Johnson, Moderna, Oxford/AstraZeneca, Pfizer/BioNTech",5808093,5235731,11043824
2021-08-12,"Johnson&Johnson, Moderna, Oxford/AstraZeneca, Pfizer/BioNTech",5819487,5272794,11092281
2021-08-13,"Johnson&Johnson, Moderna, Oxford/AstraZeneca, Pfizer/BioNTech",5830170,5313049,11143219
2021-08-14,"Johnson&Johnson, Moderna, Oxford/AstraZeneca, Pfizer/BioNTech",5833502,5323722,11157224
2021-08-15,"Johnson&Johnson, Moderna, Oxford/AstraZeneca, Pfizer/BioNTech",5836075,5334073,11170148
2021-08-16,"Johnson&Johnson, Moderna, Oxford/AstraZeneca, Pfizer/BioNTech",5845841,5368082,11213923
2021-08-17,"Johnson&Johnson, Moderna, Oxford/AstraZeneca, Pfizer/BioNTech",5855419,5395127,11250546
2021-08-18,"Johnson&Johnson, Moderna, Oxford/AstraZeneca, Pfizer/BioNTech",5864782,5433941,11298723
2021-08-19,"Johnson&Johnson, Moderna, Oxford/AstraZeneca, Pfizer/BioNTech",5874439,5472243,11346682
2021-08-20,"Johnson&Johnson, Moderna, Oxford/AstraZeneca, Pfizer/BioNTech",5885773,5512382,11398155
2021-08-21,"Johnson&Johnson, Moderna, Oxford/AstraZeneca, Pfizer/BioNTech",5888480,5525110,11413590
2021-08-22,"Johnson&Johnson, Moderna, Oxford/AstraZeneca, Pfizer/BioNTech",5890814,5537057,11427871
2021-08-23,"Johnson&Johnson, Moderna, Oxford/AstraZeneca, Pfizer/BioNTech",5901332,5576251,11477583
2021-08-24,"Johnson&Johnson, Moderna, Oxford/AstraZeneca, Pfizer/BioNTech",5911187,5609450,11520637
2021-08-25,"Johnson&Johnson, Moderna, Oxford/AstraZeneca, Pfizer/BioNTech",5920036,5637761,11557797
2021-08-26,"Johnson&Johnson, Moderna, Oxford/AstraZeneca, Pfizer/BioNTech",5928464,5663841,11592305
2021-08-27,"Johnson&Johnson, Moderna, Oxford/AstraZeneca, Pfizer/BioNTech",5938767,5689744,11628511
2021-08-28,"Johnson&Johnson, Moderna, Oxford/AstraZeneca, Pfizer/BioNTech",5941480,5696764,11638244
2021-08-29,"Johnson&Johnson, Moderna, Oxford/AstraZeneca, Pfizer/BioNTech",5943880,5703369,11647249
2021-08-30,"Johnson&Johnson, Moderna, Oxford/AstraZeneca, Pfizer/BioNTech",5952386,5725189,11677575
2021-08-31,"Johnson&Johnson, Moderna, Oxford/AstraZeneca, Pfizer/BioNTech",5960033,5743233,11703266
2021-09-01,"Johnson&Johnson, Moderna, Oxford/AstraZeneca, Pfizer/BioNTech",5965905,5757192,11723097
2021-09-02,"Johnson&Johnson, Moderna, Oxford/AstraZeneca, Pfizer/BioNTech",5972699,5771532,11744231
2021-09-03,"Johnson&Johnson, Moderna, Oxford/AstraZeneca, Pfizer/BioNTech",5982201,5787177,11769378
2021-09-04,"Johnson&Johnson, Moderna, Oxford/AstraZeneca, Pfizer/BioNTech",5984254,5790715,11774969
2021-09-05,"Johnson&Johnson, Moderna, Oxford/AstraZeneca, Pfizer/BioNTech",5986283,5793542,11779825
2021-09-06,"Johnson&Johnson, Moderna, Oxford/AstraZeneca, Pfizer/BioNTech",5992454,5806026,11798480
2021-09-07,"Johnson&Johnson, Moderna, Oxford/AstraZeneca, Pfizer/BioNTech",5996805,5817096,11813901
2021-09-08,"Johnson&Johnson, Moderna, Oxford/AstraZeneca, Pfizer/BioNTech",6002450,5826914,11829364
2021-09-09,"Johnson&Johnson, Moderna, Oxford/AstraZeneca, Pfizer/BioNTech",6009093,5836957,11846050
2021-09-10,"Johnson&Johnson, Moderna, Oxford/AstraZeneca, Pfizer/BioNTech",6016737,5849102,11865839
2021-09-11,"Johnson&Johnson, Moderna, Pfizer/BioNTech",6018591,5851567,11870158
2021-09-12,"Johnson&Johnson, Moderna, Oxford/AstraZeneca, Pfizer/BioNTech",6019703,5853186,11872889
2021-09-13,"Johnson&Johnson, Moderna, Oxford/AstraZeneca, Pfizer/BioNTech",6025115,5863432,11888547
2021-09-14,"Johnson&Johnson, Moderna, Oxford/AstraZeneca, Pfizer/BioNTech",6030480,5872423,11902903
2021-09-15,"Johnson&Johnson, Moderna, Oxford/AstraZeneca, Pfizer/BioNTech",6035658,5880929,11916587
2021-09-16,"Johnson&Johnson, Moderna, Oxford/AstraZeneca, Pfizer/BioNTech",6040930,5889176,11930106
2021-09-17,"Johnson&Johnson, Moderna, Oxford/AstraZeneca, Pfizer/BioNTech",6047469,5899366,11946835
2021-09-18,"Johnson&Johnson, Moderna, Oxford/AstraZeneca, Pfizer/BioNTech",6049190,5901708,11950898
2021-09-19,"Johnson&Johnson, Moderna, Oxford/AstraZeneca, Pfizer/BioNTech",6050128,5903269,11953397
2021-09-20,"Johnson&Johnson, Moderna, Oxford/AstraZeneca, Pfizer/BioNTech",6054109,5911440,11965549
2021-09-21,"Johnson&Johnson, Moderna, Oxford/AstraZeneca, Pfizer/BioNTech",6058232,5918952,11977184
2021-09-22,"Johnson&Johnson, Moderna, Oxford/AstraZeneca, Pfizer/BioNTech",6062390,5924454,11986844
2021-09-23,"Johnson&Johnson, Moderna, Oxford/AstraZeneca, Pfizer/BioNTech",6067351,5930846,11998197
2021-09-24,"Johnson&Johnson, Moderna, Oxford/AstraZeneca, Pfizer/BioNTech",6073090,5940447,12013537
2021-09-25,"Johnson&Johnson, Moderna, Pfizer/BioNTech",6074578,5942423,12017001
2021-09-26,"Johnson&Johnson, Moderna, Pfizer/BioNTech",6075316,5944046,12019362
2021-09-27,"Johnson&Johnson, Moderna, Oxford/AstraZeneca, Pfizer/BioNTech",6079138,5950516,12029654
2021-09-28,"Johnson&Johnson, Moderna, Pfizer/BioNTech",6079491,5951111,12030602
2021-09-29,"Johnson&Johnson, Moderna, Oxford/AstraZeneca, Pfizer/BioNTech",6083249,5958535,12041784
2021-09-30,"Johnson&Johnson, Moderna, Oxford/AstraZeneca, Pfizer/BioNTech",6087646,5966192,12053838
2021-10-01,"Johnson&Johnson, Moderna, Oxford/AstraZeneca, Pfizer/BioNTech",6091878,5974129,12066007
2021-10-02,"Johnson&Johnson, Moderna, Pfizer/BioNTech",6092917,5975656,12068573
2021-10-03,"Johnson&Johnson, Moderna, Pfizer/BioNTech",6093620,5976517,12070137
2021-10-04,"Johnson&Johnson, Moderna, Oxford/AstraZeneca, Pfizer/BioNTech",6096620,5982068,12078688
2021-10-05,"Johnson&Johnson, Moderna, Oxford/AstraZeneca, Pfizer/BioNTech",6099669,5987116,12086785
2021-10-06,"Johnson&Johnson, Moderna, Oxford/AstraZeneca, Pfizer/BioNTech",6103113,5992257,12095370
2021-10-07,"Johnson&Johnson, Moderna, Oxford/AstraZeneca, Pfizer/BioNTech",6106286,5997445,12103731
2021-10-08,"Johnson&Johnson, Moderna, Oxford/AstraZeneca, Pfizer/BioNTech",6111006,6004023,12115029
2021-10-09,"Johnson&Johnson, Moderna, Pfizer/BioNTech",6112238,6005666,12117904
2021-10-10,"Johnson&Johnson, Moderna, Pfizer/BioNTech",6113168,6006493,12119661
2021-10-11,"Johnson&Johnson, Moderna, Oxford/AstraZeneca, Pfizer/BioNTech",6116027,6010853,12126880
2021-10-12,"Johnson&Johnson, Moderna, Oxford/AstraZeneca, Pfizer/BioNTech",6118744,6014767,12133511
2021-10-13,"Johnson&Johnson, Moderna, Oxford/AstraZeneca, Pfizer/BioNTech",6122154,6018896,12141050
2021-10-14,"Johnson&Johnson, Moderna, Oxford/AstraZeneca, Pfizer/BioNTech",6125706,6023828,12149534
2021-10-15,"Johnson&Johnson, Moderna, Oxford/AstraZeneca, Pfizer/BioNTech",6130806,6029951,12160757
2021-10-16,"Johnson&Johnson, Moderna, Pfizer/BioNTech",6132176,6031461,12163637
2021-10-17,"Johnson&Johnson, Moderna, Pfizer/BioNTech",6133492,6032512,12166004
2021-10-18,"Johnson&Johnson, Moderna, Oxford/AstraZeneca, Pfizer/BioNTech",6137470,6036554,12174024
2021-10-19,"Johnson&Johnson, Moderna, Oxford/AstraZeneca, Pfizer/BioNTech",6140921,6038629,12179550
2021-10-20,"Johnson&Johnson, Moderna, Oxford/AstraZeneca, Pfizer/BioNTech",6145698,6043045,12188743
2021-10-21,"Johnson&Johnson, Moderna, Oxford/AstraZeneca, Pfizer/BioNTech",6153257,6048531,12201788
2021-10-22,"Johnson&Johnson, Moderna, Oxford/AstraZeneca, Pfizer/BioNTech",6163583,6055008,12218591
2021-10-23,"Johnson&Johnson, Moderna, Pfizer/BioNTech",6167211,6057203,12224414
2021-10-24,"Johnson&Johnson, Moderna, Pfizer/BioNTech",6169885,6058973,12228858
2021-10-25,"Johnson&Johnson, Moderna, Oxford/AstraZeneca, Pfizer/BioNTech",6180179,6064736,12244915
2021-10-26,"Johnson&Johnson, Moderna, Oxford/AstraZeneca, Pfizer/BioNTech",6191790,6071190,12262980
2021-10-27,"Johnson&Johnson, Moderna, Oxford/AstraZeneca, Pfizer/BioNTech",6206138,6078510,12284648
2021-10-28,"Johnson&Johnson, Moderna, Pfizer/BioNTech",6209468,6080141,12289609
2021-10-29,"Johnson&Johnson, Moderna, Oxford/AstraZeneca, Pfizer/BioNTech",6223629,6087987,12311616
2021-10-30,"Johnson&Johnson, Moderna, Pfizer/BioNTech",6228089,6090868,12318957
2021-10-31,"Johnson&Johnson, Moderna, Oxford/AstraZeneca, Pfizer/BioNTech",6231804,6093319,12325123
2021-11-01,"Johnson&Johnson, Moderna, Oxford/AstraZeneca, Pfizer/BioNTech",6246557,6100800,12347357
2021-11-02,"Johnson&Johnson, Moderna, Oxford/AstraZeneca, Pfizer/BioNTech",6261660,6108172,12369832
2021-11-03,"Johnson&Johnson, Moderna, Oxford/AstraZeneca, Pfizer/BioNTech",6278481,6115290,12393771
2021-11-04,"Johnson&Johnson, Moderna, Oxford/AstraZeneca, Pfizer/BioNTech",6296374,6123203,12419577
2021-11-05,"Johnson&Johnson, Moderna, Oxford/AstraZeneca, Pfizer/BioNTech",6318606,6134101,12452707
2021-11-06,"Johnson&Johnson, Moderna, Oxford/AstraZeneca, Pfizer/BioNTech",6324405,6136513,12460918
2021-11-07,"Johnson&Johnson, Moderna, Oxford/AstraZeneca, Pfizer/BioNTech",6327823,6138383,12466206
2021-11-08,"Johnson&Johnson, Moderna, Oxford/AstraZeneca, Pfizer/BioNTech",6342878,6145104,12487982
2021-11-09,"Johnson&Johnson, Moderna, Oxford/AstraZeneca, Pfizer/BioNTech",6356158,6151314,12507472
