date,vaccine,people_vaccinated,people_fully_vaccinated,total_vaccinations
2020-12-27,Pfizer/BioNTech,1250,0,1250
2020-12-28,Pfizer/BioNTech,3545,0,3545
2020-12-29,Pfizer/BioNTech,6988,0,6988
2020-12-30,Pfizer/BioNTech,10458,0,10458
2020-12-31,Pfizer/BioNTech,11763,0,11763
2021-01-01,Pfizer/BioNTech,12023,0,12023
2021-01-02,Pfizer/BioNTech,13272,0,13272
2021-01-03,Pfizer/BioNTech,14185,0,14185
2021-01-04,Pfizer/BioNTech,17751,0,17751
2021-01-05,Pfizer/BioNTech,22243,0,22243
2021-01-06,Pfizer/BioNTech,28056,0,28056
2021-01-07,Pfizer/BioNTech,36008,0,36008
2021-01-08,Pfizer/BioNTech,45929,0,45929
2021-01-09,Pfizer/BioNTech,47937,0,47937
2021-01-10,Pfizer/BioNTech,49660,0,49660
2021-01-11,Pfizer/BioNTech,59437,0,59437
2021-01-12,Pfizer/BioNTech,72786,0,72786
2021-01-13,Pfizer/BioNTech,86253,0,86253
2021-01-14,"Moderna, Pfizer/BioNTech",101413,0,101413
2021-01-15,"Moderna, Pfizer/BioNTech",115332,0,115332
2021-01-16,"Moderna, Pfizer/BioNTech",118703,2,118705
2021-01-17,"Moderna, Pfizer/BioNTech",121296,634,121930
2021-01-18,"Moderna, Pfizer/BioNTech",133749,2359,136108
2021-01-19,"Moderna, Pfizer/BioNTech",146250,5056,151306
2021-01-20,"Moderna, Pfizer/BioNTech",159789,7672,167461
2021-01-21,"Moderna, Pfizer/BioNTech",175325,9390,184715
2021-01-22,"Moderna, Pfizer/BioNTech",190051,10423,200474
2021-01-23,"Moderna, Pfizer/BioNTech",193319,11288,204607
2021-01-24,"Moderna, Pfizer/BioNTech",195558,12149,207707
2021-01-25,"Moderna, Pfizer/BioNTech",205157,15087,220244
2021-01-26,"Moderna, Pfizer/BioNTech",215640,19036,234676
2021-01-27,"Moderna, Pfizer/BioNTech",224613,23517,248130
2021-01-28,"Moderna, Pfizer/BioNTech",231642,29594,261236
2021-01-29,"Moderna, Pfizer/BioNTech",237816,37378,275194
2021-01-30,"Moderna, Pfizer/BioNTech",238533,38457,276990
2021-01-31,Pfizer/BioNTech,239234,39597,278831
2021-02-01,"Moderna, Pfizer/BioNTech",243168,47458,290626
2021-02-02,"Moderna, Pfizer/BioNTech",247282,57608,304890
2021-02-03,"Moderna, Pfizer/BioNTech",251663,68546,320209
2021-02-04,"Moderna, Pfizer/BioNTech",256530,81442,337972
2021-02-05,"Moderna, Pfizer/BioNTech",261957,92033,353990
2021-02-06,"Moderna, Pfizer/BioNTech",262790,94361,357151
2021-02-07,"Moderna, Pfizer/BioNTech",263633,96830,360463
2021-02-08,"Moderna, Pfizer/BioNTech",267639,108150,375789
2021-02-09,"Moderna, Pfizer/BioNTech",272671,119983,392654
2021-02-10,"Moderna, Pfizer/BioNTech",278187,133059,411246
2021-02-11,"Moderna, Oxford/AstraZeneca, Pfizer/BioNTech",284460,149105,433565
2021-02-12,"Moderna, Oxford/AstraZeneca, Pfizer/BioNTech",291157,163698,454855
2021-02-13,"Moderna, Oxford/AstraZeneca, Pfizer/BioNTech",292725,166650,459375
2021-02-14,"Moderna, Oxford/AstraZeneca, Pfizer/BioNTech",293713,168015,461728
2021-02-15,"Moderna, Oxford/AstraZeneca, Pfizer/BioNTech",300082,177304,477386
2021-02-16,"Moderna, Oxford/AstraZeneca, Pfizer/BioNTech",308706,186286,494992
2021-02-17,"Moderna, Oxford/AstraZeneca, Pfizer/BioNTech",318342,194453,512795
2021-02-18,"Moderna, Oxford/AstraZeneca, Pfizer/BioNTech",330575,202420,532995
2021-02-19,"Moderna, Oxford/AstraZeneca, Pfizer/BioNTech",342302,209630,551932
2021-02-20,"Moderna, Oxford/AstraZeneca, Pfizer/BioNTech",344214,210792,555006
2021-02-21,"Moderna, Oxford/AstraZeneca, Pfizer/BioNTech",345232,211794,557026
2021-02-22,"Moderna, Oxford/AstraZeneca, Pfizer/BioNTech",355284,217766,573050
2021-02-23,"Moderna, Oxford/AstraZeneca, Pfizer/BioNTech",368075,224650,592725
2021-02-24,"Moderna, Oxford/AstraZeneca, Pfizer/BioNTech",381831,230625,612456
2021-02-25,"Moderna, Oxford/AstraZeneca, Pfizer/BioNTech",399674,236123,635797
2021-02-26,"Moderna, Oxford/AstraZeneca, Pfizer/BioNTech",415663,241376,657039
2021-02-27,"Moderna, Oxford/AstraZeneca, Pfizer/BioNTech",418589,241924,660513
2021-02-28,"Moderna, Oxford/AstraZeneca, Pfizer/BioNTech",420916,242463,663379
2021-03-01,"Moderna, Oxford/AstraZeneca, Pfizer/BioNTech",440179,245885,686064
2021-03-02,"Moderna, Oxford/AstraZeneca, Pfizer/BioNTech",466945,249391,716336
2021-03-03,"Moderna, Oxford/AstraZeneca, Pfizer/BioNTech",497255,253852,751107
2021-03-04,"Moderna, Oxford/AstraZeneca, Pfizer/BioNTech",529865,258462,788327
2021-03-05,"Moderna, Oxford/AstraZeneca, Pfizer/BioNTech",558286,263785,822071
2021-03-06,"Moderna, Oxford/AstraZeneca, Pfizer/BioNTech",570234,264603,834837
2021-03-07,"Moderna, Oxford/AstraZeneca, Pfizer/BioNTech",581577,265426,847003
2021-03-08,"Moderna, Oxford/AstraZeneca, Pfizer/BioNTech",611006,270208,881214
2021-03-09,"Moderna, Oxford/AstraZeneca, Pfizer/BioNTech",646826,276518,923344
2021-03-10,"Moderna, Oxford/AstraZeneca, Pfizer/BioNTech",687630,283404,971034
2021-03-11,"Moderna, Oxford/AstraZeneca, Pfizer/BioNTech",731945,291692,1023637
2021-03-12,"Moderna, Oxford/AstraZeneca, Pfizer/BioNTech",770226,300029,1070255
2021-03-13,"Moderna, Oxford/AstraZeneca, Pfizer/BioNTech",787150,301295,1088445
2021-03-14,"Moderna, Oxford/AstraZeneca, Pfizer/BioNTech",799168,302416,1101584
2021-03-15,"Moderna, Oxford/AstraZeneca, Pfizer/BioNTech",827151,311106,1138257
2021-03-16,"Moderna, Oxford/AstraZeneca, Pfizer/BioNTech",865578,321516,1187094
2021-03-17,"Moderna, Oxford/AstraZeneca, Pfizer/BioNTech",902662,331937,1234599
2021-03-18,"Moderna, Oxford/AstraZeneca, Pfizer/BioNTech",940105,344257,1284362
2021-03-19,"Moderna, Oxford/AstraZeneca, Pfizer/BioNTech",974033,357740,1331773
2021-03-20,"Moderna, Oxford/AstraZeneca, Pfizer/BioNTech",988977,359736,1348713
2021-03-21,"Moderna, Oxford/AstraZeneca, Pfizer/BioNTech",996308,361255,1357563
2021-03-22,"Moderna, Oxford/AstraZeneca, Pfizer/BioNTech",1020332,373584,1393916
2021-03-23,"Moderna, Oxford/AstraZeneca, Pfizer/BioNTech",1046346,386792,1433138
2021-03-24,"Moderna, Oxford/AstraZeneca, Pfizer/BioNTech",1072804,402340,1475144
2021-03-25,"Moderna, Oxford/AstraZeneca, Pfizer/BioNTech",1098759,420091,1518850
2021-03-26,"Moderna, Oxford/AstraZeneca, Pfizer/BioNTech",1123135,437417,1560552
2021-03-27,"Moderna, Oxford/AstraZeneca, Pfizer/BioNTech",1131451,442161,1573612
2021-03-28,"Moderna, Oxford/AstraZeneca, Pfizer/BioNTech",1136917,446241,1583158
2021-03-29,"Moderna, Oxford/AstraZeneca, Pfizer/BioNTech",1155702,466707,1622409
2021-03-30,"Moderna, Oxford/AstraZeneca, Pfizer/BioNTech",1180050,488673,1668723
2021-03-31,"Moderna, Oxford/AstraZeneca, Pfizer/BioNTech",1202674,515372,1718046
2021-04-01,"Moderna, Oxford/AstraZeneca, Pfizer/BioNTech",1227630,547060,1774690
2021-04-02,"Moderna, Oxford/AstraZeneca, Pfizer/BioNTech",1234298,559728,1794026
2021-04-03,"Moderna, Oxford/AstraZeneca, Pfizer/BioNTech",1237738,570574,1808312
2021-04-04,"Moderna, Oxford/AstraZeneca, Pfizer/BioNTech",1240187,579274,1819461
2021-04-05,"Moderna, Oxford/AstraZeneca, Pfizer/BioNTech",1242459,586391,1828850
2021-04-06,"Moderna, Oxford/AstraZeneca, Pfizer/BioNTech",1258232,615346,1873578
2021-04-07,"Moderna, Oxford/AstraZeneca, Pfizer/BioNTech",1281172,637187,1918359
2021-04-08,"Moderna, Oxford/AstraZeneca, Pfizer/BioNTech",1318422,667772,1986194
2021-04-09,"Moderna, Oxford/AstraZeneca, Pfizer/BioNTech",1356260,697407,2053667
2021-04-10,"Moderna, Oxford/AstraZeneca, Pfizer/BioNTech",1371251,712510,2083761
2021-04-11,"Moderna, Oxford/AstraZeneca, Pfizer/BioNTech",1380735,722469,2103204
2021-04-12,"Moderna, Oxford/AstraZeneca, Pfizer/BioNTech",1417809,747003,2164812
2021-04-13,"Moderna, Oxford/AstraZeneca, Pfizer/BioNTech",1452866,772584,2225450
2021-04-14,"Moderna, Oxford/AstraZeneca, Pfizer/BioNTech",1490651,799604,2290255
2021-04-15,"Moderna, Oxford/AstraZeneca, Pfizer/BioNTech",1537150,824770,2361920
2021-04-16,"Moderna, Oxford/AstraZeneca, Pfizer/BioNTech",1580275,849502,2429777
2021-04-17,"Moderna, Oxford/AstraZeneca, Pfizer/BioNTech",1596524,858425,2454949
2021-04-18,"Moderna, Oxford/AstraZeneca, Pfizer/BioNTech",1609196,863341,2472537
2021-04-19,"Moderna, Oxford/AstraZeneca, Pfizer/BioNTech",1649668,877954,2527622
