date,vaccine,people_vaccinated,people_fully_vaccinated,total_vaccinations
2020-12-27,Pfizer/BioNTech,1281,0,1281
2020-12-28,Pfizer/BioNTech,3586,0,3586
2020-12-29,Pfizer/BioNTech,7051,0,7051
2020-12-30,Pfizer/BioNTech,10563,0,10563
2020-12-31,Pfizer/BioNTech,11867,0,11867
2021-01-01,"Moderna, Pfizer/BioNTech",12136,0,12136
2021-01-02,Pfizer/BioNTech,13411,0,13411
2021-01-03,Pfizer/BioNTech,14333,0,14333
2021-01-04,"Moderna, Pfizer/BioNTech",17940,0,17940
2021-01-05,"Moderna, Pfizer/BioNTech",22451,0,22451
2021-01-06,"Moderna, Pfizer/BioNTech",28287,1,28288
2021-01-07,"Moderna, Pfizer/BioNTech",36269,1,36270
2021-01-08,"Moderna, Pfizer/BioNTech",46308,1,46309
2021-01-09,"Moderna, Pfizer/BioNTech",48324,2,48326
2021-01-10,Pfizer/BioNTech,50074,4,50078
2021-01-11,Pfizer/BioNTech,59921,6,59927
2021-01-12,"Moderna, Pfizer/BioNTech",73366,8,73374
2021-01-13,Pfizer/BioNTech,86882,8,86890
2021-01-14,"Moderna, Pfizer/BioNTech",102091,12,102103
2021-01-15,"Moderna, Pfizer/BioNTech",116091,12,116103
2021-01-16,"Moderna, Pfizer/BioNTech",119475,15,119490
2021-01-17,"Moderna, Pfizer/BioNTech",122087,654,122741
2021-01-18,"Moderna, Pfizer/BioNTech",134562,2479,137041
2021-01-19,"Moderna, Pfizer/BioNTech",147154,5201,152355
2021-01-20,"Moderna, Pfizer/BioNTech",160821,7854,168675
2021-01-21,"Moderna, Pfizer/BioNTech",176465,9594,186059
2021-01-22,"Moderna, Pfizer/BioNTech",191327,10638,201965
2021-01-23,"Moderna, Pfizer/BioNTech",194642,11516,206158
2021-01-24,"Moderna, Pfizer/BioNTech",196895,12384,209279
2021-01-25,"Moderna, Pfizer/BioNTech",206529,15356,221885
2021-01-26,"Moderna, Pfizer/BioNTech",217062,19342,236404
2021-01-27,"Moderna, Pfizer/BioNTech",226086,23875,249961
2021-01-28,"Moderna, Pfizer/BioNTech",233176,29998,263174
2021-01-29,"Moderna, Pfizer/BioNTech",239380,37898,277278
2021-01-30,"Moderna, Pfizer/BioNTech",240114,38986,279100
2021-01-31,"Moderna, Pfizer/BioNTech",240825,40167,280992
2021-02-01,"Moderna, Pfizer/BioNTech",244800,48118,292918
2021-02-02,"Moderna, Pfizer/BioNTech",248934,58347,307281
2021-02-03,"Moderna, Pfizer/BioNTech",253347,69343,322690
2021-02-04,"Moderna, Pfizer/BioNTech",258241,82317,340558
2021-02-05,"Moderna, Pfizer/BioNTech",263696,92981,356677
2021-02-06,"Moderna, Oxford/AstraZeneca, Pfizer/BioNTech",264543,95338,359881
2021-02-07,"Moderna, Pfizer/BioNTech",265389,97834,363223
2021-02-08,"Moderna, Oxford/AstraZeneca, Pfizer/BioNTech",269459,109247,378706
2021-02-09,"Moderna, Oxford/AstraZeneca, Pfizer/BioNTech",274547,121129,395676
2021-02-10,"Moderna, Oxford/AstraZeneca, Pfizer/BioNTech",280048,134360,414408
2021-02-11,"Moderna, Oxford/AstraZeneca, Pfizer/BioNTech",286367,150562,436929
2021-02-12,"Moderna, Oxford/AstraZeneca, Pfizer/BioNTech",293125,165277,458402
2021-02-13,"Moderna, Oxford/AstraZeneca, Pfizer/BioNTech",294729,168255,462984
2021-02-14,"Moderna, Oxford/AstraZeneca, Pfizer/BioNTech",295728,169637,465365
2021-02-15,"Moderna, Oxford/AstraZeneca, Pfizer/BioNTech",302126,178986,481112
2021-02-16,"Moderna, Oxford/AstraZeneca, Pfizer/BioNTech",310840,188055,498895
2021-02-17,"Moderna, Oxford/AstraZeneca, Pfizer/BioNTech",320535,196355,516890
2021-02-18,"Moderna, Oxford/AstraZeneca, Pfizer/BioNTech",332846,204417,537263
2021-02-19,"Moderna, Oxford/AstraZeneca, Pfizer/BioNTech",344692,211762,556454
2021-02-20,"Moderna, Oxford/AstraZeneca, Pfizer/BioNTech",346684,212942,559626
2021-02-21,"Moderna, Oxford/AstraZeneca, Pfizer/BioNTech",347810,213961,561771
2021-02-22,"Moderna, Oxford/AstraZeneca, Pfizer/BioNTech",357921,219982,577903
2021-02-23,"Moderna, Oxford/AstraZeneca, Pfizer/BioNTech",370857,226947,597804
2021-02-24,"Moderna, Oxford/AstraZeneca, Pfizer/BioNTech",384723,232977,617700
2021-02-25,"Moderna, Oxford/AstraZeneca, Pfizer/BioNTech",402685,238520,641205
2021-02-26,"Moderna, Oxford/AstraZeneca, Pfizer/BioNTech",418839,243854,662693
2021-02-27,"Moderna, Oxford/AstraZeneca, Pfizer/BioNTech",421843,244409,666252
2021-02-28,"Moderna, Oxford/AstraZeneca, Pfizer/BioNTech",424185,244956,669141
2021-03-01,"Moderna, Oxford/AstraZeneca, Pfizer/BioNTech",443754,248396,692150
2021-03-02,"Moderna, Oxford/AstraZeneca, Pfizer/BioNTech",470963,251935,722898
2021-03-03,"Moderna, Oxford/AstraZeneca, Pfizer/BioNTech",501808,256432,758240
2021-03-04,"Moderna, Oxford/AstraZeneca, Pfizer/BioNTech",535045,261108,796153
2021-03-05,"Johnson&Johnson, Moderna, Oxford/AstraZeneca, Pfizer/BioNTech",563843,266514,830357
2021-03-06,"Johnson&Johnson, Moderna, Oxford/AstraZeneca, Pfizer/BioNTech",575980,267366,843346
2021-03-07,"Johnson&Johnson, Moderna, Oxford/AstraZeneca, Pfizer/BioNTech",587508,268203,855711
2021-03-08,"Johnson&Johnson, Moderna, Oxford/AstraZeneca, Pfizer/BioNTech",617212,273045,890257
2021-03-09,"Johnson&Johnson, Moderna, Oxford/AstraZeneca, Pfizer/BioNTech",653546,279417,932963
2021-03-10,"Moderna, Oxford/AstraZeneca, Pfizer/BioNTech",694823,286358,981181
2021-03-11,"Johnson&Johnson, Moderna, Oxford/AstraZeneca, Pfizer/BioNTech",739616,294720,1034336
2021-03-12,"Johnson&Johnson, Moderna, Oxford/AstraZeneca, Pfizer/BioNTech",778391,303175,1081566
2021-03-13,"Johnson&Johnson, Moderna, Oxford/AstraZeneca, Pfizer/BioNTech",795454,304476,1099930
2021-03-14,"Moderna, Oxford/AstraZeneca, Pfizer/BioNTech",807554,305622,1113176
2021-03-15,"Moderna, Oxford/AstraZeneca, Pfizer/BioNTech",835917,314387,1150304
2021-03-16,"Johnson&Johnson, Moderna, Oxford/AstraZeneca, Pfizer/BioNTech",874786,324909,1199695
2021-03-17,"Moderna, Oxford/AstraZeneca, Pfizer/BioNTech",912234,335403,1247637
2021-03-18,"Johnson&Johnson, Moderna, Oxford/AstraZeneca, Pfizer/BioNTech",950177,347804,1297981
2021-03-19,"Moderna, Oxford/AstraZeneca, Pfizer/BioNTech",984627,361400,1346027
2021-03-20,"Johnson&Johnson, Moderna, Oxford/AstraZeneca, Pfizer/BioNTech",999749,363414,1363163
2021-03-21,"Johnson&Johnson, Moderna, Oxford/AstraZeneca, Pfizer/BioNTech",1007154,364963,1372117
2021-03-22,"Johnson&Johnson, Moderna, Oxford/AstraZeneca, Pfizer/BioNTech",1031673,377460,1409133
2021-03-23,"Johnson&Johnson, Moderna, Oxford/AstraZeneca, Pfizer/BioNTech",1058283,390804,1449087
2021-03-24,"Johnson&Johnson, Moderna, Oxford/AstraZeneca, Pfizer/BioNTech",1085111,406524,1491635
2021-03-25,"Moderna, Oxford/AstraZeneca, Pfizer/BioNTech",1111412,424357,1535769
2021-03-26,"Johnson&Johnson, Moderna, Oxford/AstraZeneca, Pfizer/BioNTech",1136196,441842,1578038
2021-03-27,"Johnson&Johnson, Moderna, Oxford/AstraZeneca, Pfizer/BioNTech",1144614,446685,1591299
2021-03-28,"Moderna, Oxford/AstraZeneca, Pfizer/BioNTech",1150147,450823,1600970
2021-03-29,"Johnson&Johnson, Moderna, Oxford/AstraZeneca, Pfizer/BioNTech",1169254,471531,1640785
2021-03-30,"Johnson&Johnson, Moderna, Oxford/AstraZeneca, Pfizer/BioNTech",1193931,493698,1687629
2021-03-31,"Johnson&Johnson, Moderna, Oxford/AstraZeneca, Pfizer/BioNTech",1217004,520737,1737741
2021-04-01,"Johnson&Johnson, Moderna, Oxford/AstraZeneca, Pfizer/BioNTech",1242596,552775,1795371
2021-04-02,"Johnson&Johnson, Moderna, Oxford/AstraZeneca, Pfizer/BioNTech",1249497,565559,1815056
2021-04-03,"Johnson&Johnson, Moderna, Oxford/AstraZeneca, Pfizer/BioNTech",1253099,576472,1829571
2021-04-04,"Johnson&Johnson, Moderna, Oxford/AstraZeneca, Pfizer/BioNTech",1255595,585379,1840974
2021-04-05,"Johnson&Johnson, Moderna, Oxford/AstraZeneca, Pfizer/BioNTech",1257973,592553,1850526
2021-04-06,"Johnson&Johnson, Moderna, Oxford/AstraZeneca, Pfizer/BioNTech",1274079,621784,1895863
2021-04-07,"Johnson&Johnson, Moderna, Oxford/AstraZeneca, Pfizer/BioNTech",1297463,643999,1941462
2021-04-08,"Johnson&Johnson, Moderna, Oxford/AstraZeneca, Pfizer/BioNTech",1336116,675001,2011117
2021-04-09,"Johnson&Johnson, Moderna, Oxford/AstraZeneca, Pfizer/BioNTech",1375619,705168,2080787
2021-04-10,"Johnson&Johnson, Moderna, Oxford/AstraZeneca, Pfizer/BioNTech",1391078,720453,2111531
2021-04-11,"Johnson&Johnson, Moderna, Oxford/AstraZeneca, Pfizer/BioNTech",1400837,730483,2131320
2021-04-12,"Johnson&Johnson, Moderna, Oxford/AstraZeneca, Pfizer/BioNTech",1439061,755597,2194658
2021-04-13,"Moderna, Oxford/AstraZeneca, Pfizer/BioNTech",1475281,781618,2256899
2021-04-14,"Moderna, Oxford/AstraZeneca, Pfizer/BioNTech",1514057,808958,2323015
2021-04-15,"Moderna, Oxford/AstraZeneca, Pfizer/BioNTech",1561814,834656,2396470
2021-04-16,"Moderna, Oxford/AstraZeneca, Pfizer/BioNTech",1606436,860274,2466710
2021-04-17,"Moderna, Oxford/AstraZeneca, Pfizer/BioNTech",1623101,869293,2492394
2021-04-18,"Moderna, Oxford/AstraZeneca, Pfizer/BioNTech",1636072,874274,2510346
2021-04-19,"Moderna, Oxford/AstraZeneca, Pfizer/BioNTech",1680048,889724,2569772
2021-04-20,"Johnson&Johnson, Moderna, Oxford/AstraZeneca, Pfizer/BioNTech",1722571,905577,2628148
2021-04-21,"Moderna, Oxford/AstraZeneca, Pfizer/BioNTech",1770270,919909,2690179
2021-04-22,"Johnson&Johnson, Moderna, Oxford/AstraZeneca, Pfizer/BioNTech",1824739,937275,2762014
2021-04-23,"Johnson&Johnson, Moderna, Oxford/AstraZeneca, Pfizer/BioNTech",1874665,949310,2823975
2021-04-24,"Johnson&Johnson, Moderna, Oxford/AstraZeneca, Pfizer/BioNTech",1892480,954545,2847025
2021-04-25,"Johnson&Johnson, Moderna, Oxford/AstraZeneca, Pfizer/BioNTech",1907151,958531,2865682
2021-04-26,"Johnson&Johnson, Moderna, Oxford/AstraZeneca, Pfizer/BioNTech",1956708,966068,2922776
2021-04-27,"Johnson&Johnson, Moderna, Oxford/AstraZeneca, Pfizer/BioNTech",2005668,978275,2983943
2021-04-28,"Johnson&Johnson, Moderna, Oxford/AstraZeneca, Pfizer/BioNTech",2064397,992248,3056645
2021-04-29,"Johnson&Johnson, Moderna, Oxford/AstraZeneca, Pfizer/BioNTech",2129929,1008105,3138034
2021-04-30,"Johnson&Johnson, Moderna, Oxford/AstraZeneca, Pfizer/BioNTech",2192120,1018042,3210162
2021-05-01,"Johnson&Johnson, Moderna, Oxford/AstraZeneca, Pfizer/BioNTech",2211419,1021467,3232886
2021-05-02,"Johnson&Johnson, Moderna, Oxford/AstraZeneca, Pfizer/BioNTech",2230319,1023724,3254043
2021-05-03,"Johnson&Johnson, Moderna, Oxford/AstraZeneca, Pfizer/BioNTech",2297538,1028771,3326309
2021-05-04,"Johnson&Johnson, Moderna, Oxford/AstraZeneca, Pfizer/BioNTech",2363999,1037070,3401069
2021-05-05,"Johnson&Johnson, Moderna, Oxford/AstraZeneca, Pfizer/BioNTech",2437133,1046446,3483579
2021-05-06,"Johnson&Johnson, Moderna, Oxford/AstraZeneca, Pfizer/BioNTech",2517501,1057131,3574632
2021-05-07,"Johnson&Johnson, Moderna, Oxford/AstraZeneca, Pfizer/BioNTech",2594721,1067161,3661882
2021-05-08,"Johnson&Johnson, Moderna, Oxford/AstraZeneca, Pfizer/BioNTech",2624127,1068904,3693031
2021-05-09,"Johnson&Johnson, Moderna, Oxford/AstraZeneca, Pfizer/BioNTech",2648299,1070096,3718395
2021-05-10,"Johnson&Johnson, Moderna, Oxford/AstraZeneca, Pfizer/BioNTech",2721031,1077295,3798326
2021-05-11,"Johnson&Johnson, Moderna, Oxford/AstraZeneca, Pfizer/BioNTech",2797106,1086075,3883181
2021-05-12,"Johnson&Johnson, Moderna, Oxford/AstraZeneca, Pfizer/BioNTech",2876928,1095131,3972059
2021-05-13,"Johnson&Johnson, Moderna, Oxford/AstraZeneca, Pfizer/BioNTech",2960920,1104262,4065182
2021-05-14,"Johnson&Johnson, Moderna, Oxford/AstraZeneca, Pfizer/BioNTech",3040320,1111999,4152319
2021-05-15,"Johnson&Johnson, Moderna, Oxford/AstraZeneca, Pfizer/BioNTech",3072165,1114202,4186367
2021-05-16,"Johnson&Johnson, Moderna, Oxford/AstraZeneca, Pfizer/BioNTech",3097908,1115446,4213354
2021-05-17,"Johnson&Johnson, Moderna, Oxford/AstraZeneca, Pfizer/BioNTech",3170384,1122129,4292513
2021-05-18,"Johnson&Johnson, Moderna, Oxford/AstraZeneca, Pfizer/BioNTech",3242285,1135132,4377417
2021-05-19,"Johnson&Johnson, Moderna, Oxford/AstraZeneca, Pfizer/BioNTech",3319716,1150230,4469946
2021-05-20,"Johnson&Johnson, Moderna, Oxford/AstraZeneca, Pfizer/BioNTech",3395116,1177202,4572318
2021-05-21,"Johnson&Johnson, Moderna, Oxford/AstraZeneca, Pfizer/BioNTech",3463850,1204893,4668743
2021-05-22,"Johnson&Johnson, Moderna, Oxford/AstraZeneca, Pfizer/BioNTech",3496188,1216033,4712221
2021-05-23,"Johnson&Johnson, Moderna, Oxford/AstraZeneca, Pfizer/BioNTech",3518503,1225042,4743545
2021-05-24,"Johnson&Johnson, Moderna, Oxford/AstraZeneca, Pfizer/BioNTech",3565616,1258647,4824263
2021-05-25,"Johnson&Johnson, Moderna, Oxford/AstraZeneca, Pfizer/BioNTech",3617448,1294401,4911849
2021-05-26,"Johnson&Johnson, Moderna, Oxford/AstraZeneca, Pfizer/BioNTech",3685175,1331879,5017054
2021-05-27,"Johnson&Johnson, Moderna, Oxford/AstraZeneca, Pfizer/BioNTech",3746542,1379151,5125693
2021-05-28,"Johnson&Johnson, Moderna, Oxford/AstraZeneca, Pfizer/BioNTech",3808211,1425648,5233859
2021-05-29,"Johnson&Johnson, Moderna, Oxford/AstraZeneca, Pfizer/BioNTech",3837363,1442720,5280083
2021-05-30,"Johnson&Johnson, Moderna, Oxford/AstraZeneca, Pfizer/BioNTech",3859704,1457128,5316832
2021-05-31,"Johnson&Johnson, Moderna, Oxford/AstraZeneca, Pfizer/BioNTech",3915422,1504641,5420063
2021-06-01,"Johnson&Johnson, Moderna, Oxford/AstraZeneca, Pfizer/BioNTech",3974433,1553426,5527859
2021-06-02,"Johnson&Johnson, Moderna, Oxford/AstraZeneca, Pfizer/BioNTech",4037299,1607334,5644633
2021-06-03,"Johnson&Johnson, Moderna, Oxford/AstraZeneca, Pfizer/BioNTech",4095509,1667489,5762998
2021-06-04,"Johnson&Johnson, Moderna, Oxford/AstraZeneca, Pfizer/BioNTech",4158578,1724809,5883387
2021-06-05,"Johnson&Johnson, Moderna, Oxford/AstraZeneca, Pfizer/BioNTech",4192704,1743588,5936292
2021-06-06,"Johnson&Johnson, Moderna, Oxford/AstraZeneca, Pfizer/BioNTech",4219605,1758682,5978287
2021-06-07,"Johnson&Johnson, Moderna, Oxford/AstraZeneca, Pfizer/BioNTech",4283273,1814257,6097530
2021-06-08,"Johnson&Johnson, Moderna, Oxford/AstraZeneca, Pfizer/BioNTech",4347239,1869171,6216410
2021-06-09,"Johnson&Johnson, Moderna, Oxford/AstraZeneca, Pfizer/BioNTech",4406420,1933552,6339972
2021-06-10,"Johnson&Johnson, Moderna, Oxford/AstraZeneca, Pfizer/BioNTech",4460300,2004595,6464895
2021-06-11,"Johnson&Johnson, Moderna, Oxford/AstraZeneca, Pfizer/BioNTech",4512393,2074253,6586646
2021-06-12,"Johnson&Johnson, Moderna, Oxford/AstraZeneca, Pfizer/BioNTech",4544375,2094982,6639357
2021-06-13,"Johnson&Johnson, Moderna, Oxford/AstraZeneca, Pfizer/BioNTech",4568376,2113343,6681719
2021-06-14,"Johnson&Johnson, Moderna, Oxford/AstraZeneca, Pfizer/BioNTech",4611439,2187645,6799084
2021-06-15,"Johnson&Johnson, Moderna, Oxford/AstraZeneca, Pfizer/BioNTech",4656078,2259900,6915978
2021-06-16,"Johnson&Johnson, Moderna, Oxford/AstraZeneca, Pfizer/BioNTech",4698799,2338034,7036833
2021-06-17,"Johnson&Johnson, Moderna, Oxford/AstraZeneca, Pfizer/BioNTech",4738168,2421008,7159176
2021-06-18,"Johnson&Johnson, Moderna, Oxford/AstraZeneca, Pfizer/BioNTech",4780548,2501422,7281970
2021-06-19,"Johnson&Johnson, Moderna, Oxford/AstraZeneca, Pfizer/BioNTech",4802287,2530639,7332926
2021-06-20,"Johnson&Johnson, Moderna, Oxford/AstraZeneca, Pfizer/BioNTech",4819641,2554407,7374048
2021-06-21,"Johnson&Johnson, Moderna, Oxford/AstraZeneca, Pfizer/BioNTech",4852138,2632889,7485027
2021-06-22,"Johnson&Johnson, Moderna, Oxford/AstraZeneca, Pfizer/BioNTech",4885093,2715052,7600145
2021-06-23,"Johnson&Johnson, Moderna, Oxford/AstraZeneca, Pfizer/BioNTech",4916734,2800181,7716915
2021-06-24,"Johnson&Johnson, Moderna, Oxford/AstraZeneca, Pfizer/BioNTech",4946567,2890119,7836686
2021-06-25,"Johnson&Johnson, Moderna, Oxford/AstraZeneca, Pfizer/BioNTech",4977605,2976161,7953766
2021-06-26,"Johnson&Johnson, Moderna, Oxford/AstraZeneca, Pfizer/BioNTech",4993456,3010904,8004360
2021-06-27,"Johnson&Johnson, Moderna, Oxford/AstraZeneca, Pfizer/BioNTech",5007389,3037495,8044884
2021-06-28,"Johnson&Johnson, Moderna, Oxford/AstraZeneca, Pfizer/BioNTech",5035797,3122578,8158375
2021-06-29,"Johnson&Johnson, Moderna, Oxford/AstraZeneca, Pfizer/BioNTech",5065058,3208951,8274009
2021-06-30,"Johnson&Johnson, Moderna, Oxford/AstraZeneca, Pfizer/BioNTech",5092543,3299809,8392352
2021-07-01,"Johnson&Johnson, Moderna, Oxford/AstraZeneca, Pfizer/BioNTech",5116510,3389751,8506261
2021-07-02,"Johnson&Johnson, Moderna, Oxford/AstraZeneca, Pfizer/BioNTech",5143217,3475481,8618698
2021-07-03,"Johnson&Johnson, Moderna, Oxford/AstraZeneca, Pfizer/BioNTech",5150288,3506937,8657225
2021-07-04,"Johnson&Johnson, Moderna, Oxford/AstraZeneca, Pfizer/BioNTech",5157834,3528700,8686534
2021-07-05,"Johnson&Johnson, Moderna, Oxford/AstraZeneca, Pfizer/BioNTech",5165181,3554018,8719199
2021-07-06,"Johnson&Johnson, Moderna, Oxford/AstraZeneca, Pfizer/BioNTech",5170577,3581597,8752174
2021-07-07,"Johnson&Johnson, Moderna, Oxford/AstraZeneca, Pfizer/BioNTech",5196350,3660476,8856826
2021-07-08,"Johnson&Johnson, Moderna, Oxford/AstraZeneca, Pfizer/BioNTech",5222938,3730708,8953646
2021-07-09,"Johnson&Johnson, Moderna, Oxford/AstraZeneca, Pfizer/BioNTech",5250832,3799887,9050719
2021-07-10,"Johnson&Johnson, Moderna, Oxford/AstraZeneca, Pfizer/BioNTech",5260170,3828453,9088623
2021-07-11,"Johnson&Johnson, Moderna, Oxford/AstraZeneca, Pfizer/BioNTech",5268685,3851303,9119988
2021-07-12,"Johnson&Johnson, Moderna, Oxford/AstraZeneca, Pfizer/BioNTech",5296200,3920327,9216527
2021-07-13,"Johnson&Johnson, Moderna, Oxford/AstraZeneca, Pfizer/BioNTech",5322365,3990113,9312478
2021-07-14,"Johnson&Johnson, Moderna, Oxford/AstraZeneca, Pfizer/BioNTech",5348164,4062016,9410180
2021-07-15,"Johnson&Johnson, Moderna, Oxford/AstraZeneca, Pfizer/BioNTech",5377324,4127935,9505259
2021-07-16,"Johnson&Johnson, Moderna, Oxford/AstraZeneca, Pfizer/BioNTech",5405218,4200550,9605768
2021-07-17,"Johnson&Johnson, Moderna, Oxford/AstraZeneca, Pfizer/BioNTech",5413972,4231934,9645906
2021-07-18,"Johnson&Johnson, Moderna, Oxford/AstraZeneca, Pfizer/BioNTech",5422404,4257895,9680299
2021-07-19,"Johnson&Johnson, Moderna, Oxford/AstraZeneca, Pfizer/BioNTech",5445737,4324845,9770582
2021-07-20,"Johnson&Johnson, Moderna, Oxford/AstraZeneca, Pfizer/BioNTech",5467113,4391808,9858921
2021-07-21,"Johnson&Johnson, Moderna, Oxford/AstraZeneca, Pfizer/BioNTech",5490556,4455177,9945733
2021-07-22,"Johnson&Johnson, Moderna, Oxford/AstraZeneca, Pfizer/BioNTech",5512895,4513715,10026610
2021-07-23,"Johnson&Johnson, Moderna, Oxford/AstraZeneca, Pfizer/BioNTech",5536068,4568361,10104429
2021-07-24,"Johnson&Johnson, Moderna, Oxford/AstraZeneca, Pfizer/BioNTech",5543371,4595966,10139337
2021-07-25,"Johnson&Johnson, Moderna, Oxford/AstraZeneca, Pfizer/BioNTech",5549970,4618050,10168020
2021-07-26,"Johnson&Johnson, Moderna, Oxford/AstraZeneca, Pfizer/BioNTech",5573484,4666620,10240104
2021-07-27,"Johnson&Johnson, Moderna, Oxford/AstraZeneca, Pfizer/BioNTech",5596200,4713162,10309362
2021-07-28,"Johnson&Johnson, Moderna, Oxford/AstraZeneca, Pfizer/BioNTech",5617426,4759050,10376476
2021-07-29,"Johnson&Johnson, Moderna, Oxford/AstraZeneca, Pfizer/BioNTech",5638726,4800908,10439634
2021-07-30,"Johnson&Johnson, Moderna, Oxford/AstraZeneca, Pfizer/BioNTech",5661983,4843370,10505353
2021-07-31,"Johnson&Johnson, Moderna, Oxford/AstraZeneca, Pfizer/BioNTech",5670896,4862864,10533760
2021-08-01,"Johnson&Johnson, Moderna, Oxford/AstraZeneca, Pfizer/BioNTech",5677605,4878993,10556598
2021-08-02,"Johnson&Johnson, Moderna, Oxford/AstraZeneca, Pfizer/BioNTech",5696214,4916470,10612684
2021-08-03,"Johnson&Johnson, Moderna, Oxford/AstraZeneca, Pfizer/BioNTech",5713832,4954495,10668327
2021-08-04,"Johnson&Johnson, Moderna, Oxford/AstraZeneca, Pfizer/BioNTech",5729906,4991142,10721048
2021-08-05,"Johnson&Johnson, Moderna, Oxford/AstraZeneca, Pfizer/BioNTech",5745910,5031530,10777440
2021-08-06,"Johnson&Johnson, Moderna, Oxford/AstraZeneca, Pfizer/BioNTech",5762676,5074729,10837405
2021-08-07,"Johnson&Johnson, Moderna, Oxford/AstraZeneca, Pfizer/BioNTech",5768257,5092852,10861109
2021-08-08,"Johnson&Johnson, Moderna, Oxford/AstraZeneca, Pfizer/BioNTech",5772603,5108573,10881176
2021-08-09,"Johnson&Johnson, Moderna, Oxford/AstraZeneca, Pfizer/BioNTech",5785232,5153564,10938796
2021-08-10,"Johnson&Johnson, Moderna, Oxford/AstraZeneca, Pfizer/BioNTech",5797049,5193069,10990118
2021-08-11,"Johnson&Johnson, Moderna, Oxford/AstraZeneca, Pfizer/BioNTech",5808394,5236142,11044536
2021-08-12,"Johnson&Johnson, Moderna, Oxford/AstraZeneca, Pfizer/BioNTech",5819791,5273206,11092997
2021-08-13,"Johnson&Johnson, Moderna, Oxford/AstraZeneca, Pfizer/BioNTech",5830480,5313466,11143946
2021-08-14,"Johnson&Johnson, Moderna, Oxford/AstraZeneca, Pfizer/BioNTech",5833814,5324141,11157955
2021-08-15,"Johnson&Johnson, Moderna, Oxford/AstraZeneca, Pfizer/BioNTech",5836387,5334493,11170880
2021-08-16,"Johnson&Johnson, Moderna, Oxford/AstraZeneca, Pfizer/BioNTech",5846153,5368501,11214654
2021-08-17,"Johnson&Johnson, Moderna, Oxford/AstraZeneca, Pfizer/BioNTech",5855737,5395547,11251284
2021-08-18,"Johnson&Johnson, Moderna, Oxford/AstraZeneca, Pfizer/BioNTech",5865101,5434365,11299466
2021-08-19,"Johnson&Johnson, Moderna, Oxford/AstraZeneca, Pfizer/BioNTech",5874759,5472668,11347427
2021-08-20,"Johnson&Johnson, Moderna, Oxford/AstraZeneca, Pfizer/BioNTech",5886093,5512812,11398905
2021-08-21,"Johnson&Johnson, Moderna, Oxford/AstraZeneca, Pfizer/BioNTech",5888803,5525542,11414345
2021-08-22,"Johnson&Johnson, Moderna, Oxford/AstraZeneca, Pfizer/BioNTech",5891139,5537491,11428630
2021-08-23,"Johnson&Johnson, Moderna, Oxford/AstraZeneca, Pfizer/BioNTech",5901661,5576696,11478357
2021-08-24,"Johnson&Johnson, Moderna, Oxford/AstraZeneca, Pfizer/BioNTech",5911518,5609897,11521415
2021-08-25,"Johnson&Johnson, Moderna, Oxford/AstraZeneca, Pfizer/BioNTech",5920370,5638216,11558586
2021-08-26,"Johnson&Johnson, Moderna, Oxford/AstraZeneca, Pfizer/BioNTech",5928802,5664300,11593102
2021-08-27,"Johnson&Johnson, Moderna, Oxford/AstraZeneca, Pfizer/BioNTech",5939107,5690204,11629311
2021-08-28,"Johnson&Johnson, Moderna, Oxford/AstraZeneca, Pfizer/BioNTech",5941820,5697226,11639046
2021-08-29,"Johnson&Johnson, Moderna, Oxford/AstraZeneca, Pfizer/BioNTech",5944222,5703831,11648053
2021-08-30,"Johnson&Johnson, Moderna, Oxford/AstraZeneca, Pfizer/BioNTech",5952735,5725656,11678391
2021-08-31,"Johnson&Johnson, Moderna, Oxford/AstraZeneca, Pfizer/BioNTech",5960382,5743700,11704082
2021-09-01,"Johnson&Johnson, Moderna, Oxford/AstraZeneca, Pfizer/BioNTech",5966259,5757663,11723922
2021-09-02,"Johnson&Johnson, Moderna, Oxford/AstraZeneca, Pfizer/BioNTech",5973067,5772016,11745083
2021-09-03,"Johnson&Johnson, Moderna, Oxford/AstraZeneca, Pfizer/BioNTech",5982609,5787681,11770290
2021-09-04,"Johnson&Johnson, Moderna, Oxford/AstraZeneca, Pfizer/BioNTech",5984664,5791223,11775887
2021-09-05,"Johnson&Johnson, Moderna, Oxford/AstraZeneca, Pfizer/BioNTech",5986695,5794051,11780746
2021-09-06,"Johnson&Johnson, Moderna, Oxford/AstraZeneca, Pfizer/BioNTech",5992873,5806538,11799411
2021-09-07,"Johnson&Johnson, Moderna, Oxford/AstraZeneca, Pfizer/BioNTech",5997225,5817612,11814837
2021-09-08,"Johnson&Johnson, Moderna, Oxford/AstraZeneca, Pfizer/BioNTech",6002871,5827432,11830303
2021-09-09,"Johnson&Johnson, Moderna, Oxford/AstraZeneca, Pfizer/BioNTech",6009515,5837477,11846992
2021-09-10,"Johnson&Johnson, Moderna, Oxford/AstraZeneca, Pfizer/BioNTech",6017160,5849625,11866785
2021-09-11,"Johnson&Johnson, Moderna, Oxford/AstraZeneca, Pfizer/BioNTech",6019015,5852093,11871108
2021-09-12,"Johnson&Johnson, Moderna, Oxford/AstraZeneca, Pfizer/BioNTech",6020127,5853711,11873838
2021-09-13,"Johnson&Johnson, Moderna, Oxford/AstraZeneca, Pfizer/BioNTech",6025542,5863959,11889501
2021-09-14,"Johnson&Johnson, Moderna, Oxford/AstraZeneca, Pfizer/BioNTech",6030910,5872951,11903861
2021-09-15,"Johnson&Johnson, Moderna, Oxford/AstraZeneca, Pfizer/BioNTech",6036092,5881458,11917550
2021-09-16,"Johnson&Johnson, Moderna, Oxford/AstraZeneca, Pfizer/BioNTech",6041375,5889707,11931082
2021-09-17,"Johnson&Johnson, Moderna, Oxford/AstraZeneca, Pfizer/BioNTech",6047916,5899900,11947816
2021-09-18,"Johnson&Johnson, Moderna, Oxford/AstraZeneca, Pfizer/BioNTech",6049638,5902245,11951883
2021-09-19,"Johnson&Johnson, Moderna, Oxford/AstraZeneca, Pfizer/BioNTech",6050576,5903806,11954382
2021-09-20,"Johnson&Johnson, Moderna, Oxford/AstraZeneca, Pfizer/BioNTech",6054565,5911985,11966550
2021-09-21,"Johnson&Johnson, Moderna, Oxford/AstraZeneca, Pfizer/BioNTech",6058689,5919500,11978189
2021-09-22,"Johnson&Johnson, Moderna, Oxford/AstraZeneca, Pfizer/BioNTech",6062850,5925004,11987854
2021-09-23,"Johnson&Johnson, Moderna, Oxford/AstraZeneca, Pfizer/BioNTech",6067814,5931398,11999212
2021-09-24,"Johnson&Johnson, Moderna, Oxford/AstraZeneca, Pfizer/BioNTech",6073554,5941001,12014555
2021-09-25,"Johnson&Johnson, Moderna, Pfizer/BioNTech",6075043,5942981,12018024
2021-09-26,"Johnson&Johnson, Moderna, Pfizer/BioNTech",6075781,5944604,12020385
2021-09-27,"Johnson&Johnson, Moderna, Oxford/AstraZeneca, Pfizer/BioNTech",6079635,5951077,12030712
2021-09-28,"Johnson&Johnson, Moderna, Pfizer/BioNTech",6079989,5951674,12031663
2021-09-29,"Johnson&Johnson, Moderna, Oxford/AstraZeneca, Pfizer/BioNTech",6083750,5959102,12042852
2021-09-30,"Johnson&Johnson, Moderna, Oxford/AstraZeneca, Pfizer/BioNTech",6088178,5966762,12054940
2021-10-01,"Johnson&Johnson, Moderna, Oxford/AstraZeneca, Pfizer/BioNTech",6092422,5974702,12067124
2021-10-02,"Johnson&Johnson, Moderna, Pfizer/BioNTech",6093463,5976230,12069693
2021-10-03,"Johnson&Johnson, Moderna, Pfizer/BioNTech",6094166,5977091,12071257
2021-10-04,"Johnson&Johnson, Moderna, Oxford/AstraZeneca, Pfizer/BioNTech",6097193,5982649,12079842
2021-10-05,"Johnson&Johnson, Moderna, Oxford/AstraZeneca, Pfizer/BioNTech",6100273,5987702,12087975
2021-10-06,"Johnson&Johnson, Moderna, Oxford/AstraZeneca, Pfizer/BioNTech",6103735,5992851,12096586
2021-10-07,"Johnson&Johnson, Moderna, Oxford/AstraZeneca, Pfizer/BioNTech",6106921,5998040,12104961
2021-10-08,"Johnson&Johnson, Moderna, Oxford/AstraZeneca, Pfizer/BioNTech",6111643,6004650,12116293
2021-10-09,"Johnson&Johnson, Moderna, Pfizer/BioNTech",6112875,6006294,12119169
2021-10-10,"Johnson&Johnson, Moderna, Pfizer/BioNTech",6113812,6007121,12120933
2021-10-11,"Johnson&Johnson, Moderna, Oxford/AstraZeneca, Pfizer/BioNTech",6116680,6011493,12128173
2021-10-12,"Johnson&Johnson, Moderna, Oxford/AstraZeneca, Pfizer/BioNTech",6119422,6015410,12134832
2021-10-13,"Johnson&Johnson, Moderna, Oxford/AstraZeneca, Pfizer/BioNTech",6122840,6019539,12142379
2021-10-14,"Johnson&Johnson, Moderna, Oxford/AstraZeneca, Pfizer/BioNTech",6126404,6024473,12150877
2021-10-15,"Johnson&Johnson, Moderna, Oxford/AstraZeneca, Pfizer/BioNTech",6131509,6030598,12162107
2021-10-16,"Johnson&Johnson, Moderna, Pfizer/BioNTech",6132877,6032109,12164986
2021-10-17,"Johnson&Johnson, Moderna, Pfizer/BioNTech",6134194,6033160,12167354
2021-10-18,"Johnson&Johnson, Moderna, Oxford/AstraZeneca, Pfizer/BioNTech",6138176,6037243,12175419
2021-10-19,"Johnson&Johnson, Moderna, Oxford/AstraZeneca, Pfizer/BioNTech",6141630,6039315,12180945
2021-10-20,"Johnson&Johnson, Moderna, Oxford/AstraZeneca, Pfizer/BioNTech",6146389,6043740,12190129
2021-10-21,"Johnson&Johnson, Moderna, Oxford/AstraZeneca, Pfizer/BioNTech",6153963,6049259,12203222
2021-10-22,"Johnson&Johnson, Moderna, Oxford/AstraZeneca, Pfizer/BioNTech",6164274,6055740,12220014
2021-10-23,"Johnson&Johnson, Moderna, Pfizer/BioNTech",6167917,6057937,12225854
2021-10-24,"Johnson&Johnson, Moderna, Pfizer/BioNTech",6170593,6059708,12230301
2021-10-25,"Johnson&Johnson, Moderna, Oxford/AstraZeneca, Pfizer/BioNTech",6180898,6065490,12246388
2021-10-26,"Johnson&Johnson, Moderna, Oxford/AstraZeneca, Pfizer/BioNTech",6192553,6071983,12264536
2021-10-27,"Johnson&Johnson, Moderna, Oxford/AstraZeneca, Pfizer/BioNTech",6206955,6079359,12286314
2021-10-28,"Johnson&Johnson, Moderna, Pfizer/BioNTech",6210288,6080997,12291285
2021-10-29,"Johnson&Johnson, Moderna, Oxford/AstraZeneca, Pfizer/BioNTech",6224541,6088931,12313472
2021-10-30,"Johnson&Johnson, Moderna, Pfizer/BioNTech",6229004,6091816,12320820
2021-10-31,"Johnson&Johnson, Moderna, Oxford/AstraZeneca, Pfizer/BioNTech",6232725,6094272,12326997
2021-11-01,"Johnson&Johnson, Moderna, Oxford/AstraZeneca, Pfizer/BioNTech",6247625,6101868,12349493
2021-11-02,"Johnson&Johnson, Moderna, Oxford/AstraZeneca, Pfizer/BioNTech",6262813,6109304,12372117
2021-11-03,"Johnson&Johnson, Moderna, Oxford/AstraZeneca, Pfizer/BioNTech",6279752,6116520,12396272
2021-11-04,"Johnson&Johnson, Moderna, Oxford/AstraZeneca, Pfizer/BioNTech",6297770,6124539,12422309
2021-11-05,"Johnson&Johnson, Moderna, Oxford/AstraZeneca, Pfizer/BioNTech",6320286,6135647,12455933
2021-11-06,"Johnson&Johnson, Moderna, Oxford/AstraZeneca, Pfizer/BioNTech",6326682,6138646,12465328
2021-11-07,"Johnson&Johnson, Moderna, Oxford/AstraZeneca, Pfizer/BioNTech",6330596,6141006,12471602
2021-11-08,"Johnson&Johnson, Moderna, Oxford/AstraZeneca, Pfizer/BioNTech",6346083,6148024,12494107
2021-11-09,"Johnson&Johnson, Moderna, Oxford/AstraZeneca, Pfizer/BioNTech",6360147,6154711,12514858
2021-11-10,"Johnson&Johnson, Moderna, Oxford/AstraZeneca, Pfizer/BioNTech",6375018,6161353,12536371
2021-11-11,"Johnson&Johnson, Moderna, Oxford/AstraZeneca, Pfizer/BioNTech",6389513,6169609,12559122
2021-11-12,"Johnson&Johnson, Moderna, Oxford/AstraZeneca, Pfizer/BioNTech",6407836,6181262,12589098
2021-11-13,"Johnson&Johnson, Moderna, Oxford/AstraZeneca, Pfizer/BioNTech",6412895,6184815,12597710
2021-11-14,"Johnson&Johnson, Moderna, Oxford/AstraZeneca, Pfizer/BioNTech",6416049,6187080,12603129
