date,vaccine,people_vaccinated,people_fully_vaccinated,total_vaccinations
2020-12-27,Pfizer/BioNTech,1279,0,1279
2020-12-28,Pfizer/BioNTech,3584,0,3584
2020-12-29,Pfizer/BioNTech,7049,0,7049
2020-12-30,Pfizer/BioNTech,10562,0,10562
2020-12-31,Pfizer/BioNTech,11866,0,11866
2021-01-01,"Moderna, Pfizer/BioNTech",12135,0,12135
2021-01-02,Pfizer/BioNTech,13411,0,13411
2021-01-03,Pfizer/BioNTech,14333,0,14333
2021-01-04,"Moderna, Pfizer/BioNTech",17940,0,17940
2021-01-05,"Moderna, Pfizer/BioNTech",22450,0,22450
2021-01-06,"Moderna, Pfizer/BioNTech",28287,1,28288
2021-01-07,"Moderna, Pfizer/BioNTech",36274,1,36275
2021-01-08,"Moderna, Pfizer/BioNTech",46314,1,46315
2021-01-09,"Moderna, Pfizer/BioNTech",48331,2,48333
2021-01-10,Pfizer/BioNTech,50081,4,50085
2021-01-11,Pfizer/BioNTech,59928,6,59934
2021-01-12,"Moderna, Pfizer/BioNTech",73371,8,73379
2021-01-13,Pfizer/BioNTech,86890,8,86898
2021-01-14,"Moderna, Pfizer/BioNTech",102103,12,102115
2021-01-15,"Moderna, Pfizer/BioNTech",116104,12,116116
2021-01-16,"Moderna, Pfizer/BioNTech",119488,15,119503
2021-01-17,"Moderna, Pfizer/BioNTech",122101,652,122753
2021-01-18,"Moderna, Pfizer/BioNTech",134575,2477,137052
2021-01-19,"Moderna, Pfizer/BioNTech",147169,5199,152368
2021-01-20,"Moderna, Pfizer/BioNTech",160836,7854,168690
2021-01-21,"Moderna, Pfizer/BioNTech",176480,9593,186073
2021-01-22,"Moderna, Pfizer/BioNTech",191344,10637,201981
2021-01-23,"Moderna, Pfizer/BioNTech",194659,11515,206174
2021-01-24,"Moderna, Pfizer/BioNTech",196912,12383,209295
2021-01-25,"Moderna, Pfizer/BioNTech",206548,15357,221905
2021-01-26,"Moderna, Pfizer/BioNTech",217080,19341,236421
2021-01-27,"Moderna, Pfizer/BioNTech",226106,23875,249981
2021-01-28,"Moderna, Pfizer/BioNTech",233199,29999,263198
2021-01-29,"Moderna, Pfizer/BioNTech",239404,37899,277303
2021-01-30,"Moderna, Pfizer/BioNTech",240138,38987,279125
2021-01-31,"Moderna, Pfizer/BioNTech",240849,40168,281017
2021-02-01,"Moderna, Pfizer/BioNTech",244824,48119,292943
2021-02-02,"Moderna, Pfizer/BioNTech",248957,58348,307305
2021-02-03,"Moderna, Pfizer/BioNTech",253372,69346,322718
2021-02-04,"Moderna, Pfizer/BioNTech",258265,82324,340589
2021-02-05,"Moderna, Pfizer/BioNTech",263724,92989,356713
2021-02-06,"Moderna, Oxford/AstraZeneca, Pfizer/BioNTech",264571,95346,359917
2021-02-07,"Moderna, Pfizer/BioNTech",265417,97843,363260
2021-02-08,"Moderna, Oxford/AstraZeneca, Pfizer/BioNTech",269488,109257,378745
2021-02-09,"Moderna, Oxford/AstraZeneca, Pfizer/BioNTech",274577,121141,395718
2021-02-10,"Moderna, Oxford/AstraZeneca, Pfizer/BioNTech",280078,134373,414451
2021-02-11,"Moderna, Oxford/AstraZeneca, Pfizer/BioNTech",286397,150577,436974
2021-02-12,"Moderna, Oxford/AstraZeneca, Pfizer/BioNTech",293158,165292,458450
2021-02-13,"Moderna, Oxford/AstraZeneca, Pfizer/BioNTech",294764,168270,463034
2021-02-14,"Moderna, Oxford/AstraZeneca, Pfizer/BioNTech",295764,169653,465417
2021-02-15,"Moderna, Oxford/AstraZeneca, Pfizer/BioNTech",302160,179004,481164
2021-02-16,"Moderna, Oxford/AstraZeneca, Pfizer/BioNTech",310875,188074,498949
2021-02-17,"Moderna, Oxford/AstraZeneca, Pfizer/BioNTech",320571,196375,516946
2021-02-18,"Moderna, Oxford/AstraZeneca, Pfizer/BioNTech",332881,204440,537321
2021-02-19,"Moderna, Oxford/AstraZeneca, Pfizer/BioNTech",344726,211787,556513
2021-02-20,"Moderna, Oxford/AstraZeneca, Pfizer/BioNTech",346718,212967,559685
2021-02-21,"Moderna, Oxford/AstraZeneca, Pfizer/BioNTech",347844,213986,561830
2021-02-22,"Moderna, Oxford/AstraZeneca, Pfizer/BioNTech",357956,220009,577965
2021-02-23,"Moderna, Oxford/AstraZeneca, Pfizer/BioNTech",370895,226973,597868
2021-02-24,"Moderna, Oxford/AstraZeneca, Pfizer/BioNTech",384761,233005,617766
2021-02-25,"Moderna, Oxford/AstraZeneca, Pfizer/BioNTech",402724,238548,641272
2021-02-26,"Moderna, Oxford/AstraZeneca, Pfizer/BioNTech",418879,243885,662764
2021-02-27,"Moderna, Oxford/AstraZeneca, Pfizer/BioNTech",421885,244440,666325
2021-02-28,"Moderna, Oxford/AstraZeneca, Pfizer/BioNTech",424228,244987,669215
2021-03-01,"Moderna, Oxford/AstraZeneca, Pfizer/BioNTech",443797,248426,692223
2021-03-02,"Moderna, Oxford/AstraZeneca, Pfizer/BioNTech",471006,251964,722970
2021-03-03,"Moderna, Oxford/AstraZeneca, Pfizer/BioNTech",501856,256462,758318
2021-03-04,"Moderna, Oxford/AstraZeneca, Pfizer/BioNTech",535094,261138,796232
2021-03-05,"Johnson&Johnson, Moderna, Oxford/AstraZeneca, Pfizer/BioNTech",563889,266546,830435
2021-03-06,"Johnson&Johnson, Moderna, Oxford/AstraZeneca, Pfizer/BioNTech",576025,267398,843423
2021-03-07,"Johnson&Johnson, Moderna, Oxford/AstraZeneca, Pfizer/BioNTech",587554,268236,855790
2021-03-08,"Johnson&Johnson, Moderna, Oxford/AstraZeneca, Pfizer/BioNTech",617259,273079,890338
2021-03-09,"Johnson&Johnson, Moderna, Oxford/AstraZeneca, Pfizer/BioNTech",653594,279454,933048
2021-03-10,"Moderna, Oxford/AstraZeneca, Pfizer/BioNTech",694870,286395,981265
2021-03-11,"Johnson&Johnson, Moderna, Oxford/AstraZeneca, Pfizer/BioNTech",739662,294757,1034419
2021-03-12,"Johnson&Johnson, Moderna, Oxford/AstraZeneca, Pfizer/BioNTech",778436,303213,1081649
2021-03-13,"Johnson&Johnson, Moderna, Oxford/AstraZeneca, Pfizer/BioNTech",795499,304515,1100014
2021-03-14,"Moderna, Oxford/AstraZeneca, Pfizer/BioNTech",807599,305661,1113260
2021-03-15,"Moderna, Oxford/AstraZeneca, Pfizer/BioNTech",835966,314425,1150391
2021-03-16,"Johnson&Johnson, Moderna, Oxford/AstraZeneca, Pfizer/BioNTech",874840,324949,1199789
2021-03-17,"Moderna, Oxford/AstraZeneca, Pfizer/BioNTech",912290,335445,1247735
2021-03-18,"Johnson&Johnson, Moderna, Oxford/AstraZeneca, Pfizer/BioNTech",950233,347846,1298079
2021-03-19,"Moderna, Oxford/AstraZeneca, Pfizer/BioNTech",984684,361442,1346126
2021-03-20,"Johnson&Johnson, Moderna, Oxford/AstraZeneca, Pfizer/BioNTech",999809,363458,1363267
2021-03-21,"Johnson&Johnson, Moderna, Oxford/AstraZeneca, Pfizer/BioNTech",1007214,365008,1372222
2021-03-22,"Johnson&Johnson, Moderna, Oxford/AstraZeneca, Pfizer/BioNTech",1031731,377505,1409236
2021-03-23,"Johnson&Johnson, Moderna, Oxford/AstraZeneca, Pfizer/BioNTech",1058342,390848,1449190
2021-03-24,"Johnson&Johnson, Moderna, Oxford/AstraZeneca, Pfizer/BioNTech",1085171,406571,1491742
2021-03-25,"Moderna, Oxford/AstraZeneca, Pfizer/BioNTech",1111474,424404,1535878
2021-03-26,"Johnson&Johnson, Moderna, Oxford/AstraZeneca, Pfizer/BioNTech",1136263,441888,1578151
2021-03-27,"Johnson&Johnson, Moderna, Oxford/AstraZeneca, Pfizer/BioNTech",1144681,446731,1591412
2021-03-28,"Moderna, Oxford/AstraZeneca, Pfizer/BioNTech",1150214,450869,1601083
2021-03-29,"Johnson&Johnson, Moderna, Oxford/AstraZeneca, Pfizer/BioNTech",1169323,471582,1640905
2021-03-30,"Johnson&Johnson, Moderna, Oxford/AstraZeneca, Pfizer/BioNTech",1194003,493749,1687752
2021-03-31,"Johnson&Johnson, Moderna, Oxford/AstraZeneca, Pfizer/BioNTech",1217081,520791,1737872
2021-04-01,"Johnson&Johnson, Moderna, Oxford/AstraZeneca, Pfizer/BioNTech",1242672,552828,1795500
2021-04-02,"Johnson&Johnson, Moderna, Oxford/AstraZeneca, Pfizer/BioNTech",1249574,565611,1815185
2021-04-03,"Johnson&Johnson, Moderna, Oxford/AstraZeneca, Pfizer/BioNTech",1253177,576525,1829702
2021-04-04,"Johnson&Johnson, Moderna, Oxford/AstraZeneca, Pfizer/BioNTech",1255673,585434,1841107
2021-04-05,"Johnson&Johnson, Moderna, Oxford/AstraZeneca, Pfizer/BioNTech",1258054,592610,1850664
2021-04-06,"Johnson&Johnson, Moderna, Oxford/AstraZeneca, Pfizer/BioNTech",1274158,621841,1895999
2021-04-07,"Johnson&Johnson, Moderna, Oxford/AstraZeneca, Pfizer/BioNTech",1297542,644058,1941600
2021-04-08,"Johnson&Johnson, Moderna, Oxford/AstraZeneca, Pfizer/BioNTech",1336208,675061,2011269
2021-04-09,"Johnson&Johnson, Moderna, Oxford/AstraZeneca, Pfizer/BioNTech",1375716,705228,2080944
2021-04-10,"Johnson&Johnson, Moderna, Oxford/AstraZeneca, Pfizer/BioNTech",1391178,720515,2111693
2021-04-11,"Johnson&Johnson, Moderna, Oxford/AstraZeneca, Pfizer/BioNTech",1400939,730546,2131485
2021-04-12,"Johnson&Johnson, Moderna, Oxford/AstraZeneca, Pfizer/BioNTech",1439163,755661,2194824
2021-04-13,"Moderna, Oxford/AstraZeneca, Pfizer/BioNTech",1475383,781688,2257071
2021-04-14,"Moderna, Oxford/AstraZeneca, Pfizer/BioNTech",1514161,809030,2323191
2021-04-15,"Moderna, Oxford/AstraZeneca, Pfizer/BioNTech",1561920,834729,2396649
2021-04-16,"Moderna, Oxford/AstraZeneca, Pfizer/BioNTech",1606543,860350,2466893
2021-04-17,"Moderna, Oxford/AstraZeneca, Pfizer/BioNTech",1623212,869369,2492581
2021-04-18,"Moderna, Oxford/AstraZeneca, Pfizer/BioNTech",1636183,874350,2510533
2021-04-19,"Moderna, Oxford/AstraZeneca, Pfizer/BioNTech",1680159,889801,2569960
2021-04-20,"Johnson&Johnson, Moderna, Oxford/AstraZeneca, Pfizer/BioNTech",1722682,905655,2628337
2021-04-21,"Moderna, Oxford/AstraZeneca, Pfizer/BioNTech",1770384,919988,2690372
2021-04-22,"Johnson&Johnson, Moderna, Oxford/AstraZeneca, Pfizer/BioNTech",1824852,937355,2762207
2021-04-23,"Johnson&Johnson, Moderna, Oxford/AstraZeneca, Pfizer/BioNTech",1874781,949391,2824172
2021-04-24,"Johnson&Johnson, Moderna, Oxford/AstraZeneca, Pfizer/BioNTech",1892598,954626,2847224
2021-04-25,"Johnson&Johnson, Moderna, Oxford/AstraZeneca, Pfizer/BioNTech",1907270,958612,2865882
2021-04-26,"Johnson&Johnson, Moderna, Oxford/AstraZeneca, Pfizer/BioNTech",1956825,966148,2922973
2021-04-27,"Johnson&Johnson, Moderna, Oxford/AstraZeneca, Pfizer/BioNTech",2005780,978356,2984136
2021-04-28,"Johnson&Johnson, Moderna, Oxford/AstraZeneca, Pfizer/BioNTech",2064510,992330,3056840
2021-04-29,"Johnson&Johnson, Moderna, Oxford/AstraZeneca, Pfizer/BioNTech",2130043,1008192,3138235
2021-04-30,"Johnson&Johnson, Moderna, Oxford/AstraZeneca, Pfizer/BioNTech",2192235,1018134,3210369
2021-05-01,"Johnson&Johnson, Moderna, Oxford/AstraZeneca, Pfizer/BioNTech",2211535,1021561,3233096
2021-05-02,"Johnson&Johnson, Moderna, Oxford/AstraZeneca, Pfizer/BioNTech",2230435,1023820,3254255
2021-05-03,"Johnson&Johnson, Moderna, Oxford/AstraZeneca, Pfizer/BioNTech",2297652,1028865,3326517
2021-05-04,"Johnson&Johnson, Moderna, Oxford/AstraZeneca, Pfizer/BioNTech",2364117,1037171,3401288
2021-05-05,"Johnson&Johnson, Moderna, Oxford/AstraZeneca, Pfizer/BioNTech",2437249,1046551,3483800
2021-05-06,"Johnson&Johnson, Moderna, Oxford/AstraZeneca, Pfizer/BioNTech",2517612,1057235,3574847
2021-05-07,"Johnson&Johnson, Moderna, Oxford/AstraZeneca, Pfizer/BioNTech",2594828,1067264,3662092
2021-05-08,"Johnson&Johnson, Moderna, Oxford/AstraZeneca, Pfizer/BioNTech",2624235,1069008,3693243
2021-05-09,"Johnson&Johnson, Moderna, Oxford/AstraZeneca, Pfizer/BioNTech",2648407,1070200,3718607
2021-05-10,"Johnson&Johnson, Moderna, Oxford/AstraZeneca, Pfizer/BioNTech",2721136,1077400,3798536
2021-05-11,"Johnson&Johnson, Moderna, Oxford/AstraZeneca, Pfizer/BioNTech",2797210,1086179,3883389
2021-05-12,"Johnson&Johnson, Moderna, Oxford/AstraZeneca, Pfizer/BioNTech",2877035,1095245,3972280
2021-05-13,"Johnson&Johnson, Moderna, Oxford/AstraZeneca, Pfizer/BioNTech",2961025,1104378,4065403
2021-05-14,"Johnson&Johnson, Moderna, Oxford/AstraZeneca, Pfizer/BioNTech",3040423,1112118,4152541
2021-05-15,"Johnson&Johnson, Moderna, Oxford/AstraZeneca, Pfizer/BioNTech",3072268,1114323,4186591
2021-05-16,"Johnson&Johnson, Moderna, Oxford/AstraZeneca, Pfizer/BioNTech",3098011,1115569,4213580
2021-05-17,"Johnson&Johnson, Moderna, Oxford/AstraZeneca, Pfizer/BioNTech",3170489,1122253,4292742
2021-05-18,"Johnson&Johnson, Moderna, Oxford/AstraZeneca, Pfizer/BioNTech",3242388,1135256,4377644
2021-05-19,"Johnson&Johnson, Moderna, Oxford/AstraZeneca, Pfizer/BioNTech",3319820,1150353,4470173
2021-05-20,"Johnson&Johnson, Moderna, Oxford/AstraZeneca, Pfizer/BioNTech",3395221,1177331,4572552
2021-05-21,"Johnson&Johnson, Moderna, Oxford/AstraZeneca, Pfizer/BioNTech",3463954,1205022,4668976
2021-05-22,"Johnson&Johnson, Moderna, Oxford/AstraZeneca, Pfizer/BioNTech",3496293,1216163,4712456
2021-05-23,"Johnson&Johnson, Moderna, Oxford/AstraZeneca, Pfizer/BioNTech",3518609,1225172,4743781
2021-05-24,"Johnson&Johnson, Moderna, Oxford/AstraZeneca, Pfizer/BioNTech",3565723,1258777,4824500
2021-05-25,"Johnson&Johnson, Moderna, Oxford/AstraZeneca, Pfizer/BioNTech",3617556,1294530,4912086
2021-05-26,"Johnson&Johnson, Moderna, Oxford/AstraZeneca, Pfizer/BioNTech",3685283,1332009,5017292
2021-05-27,"Johnson&Johnson, Moderna, Oxford/AstraZeneca, Pfizer/BioNTech",3746652,1379282,5125934
2021-05-28,"Johnson&Johnson, Moderna, Oxford/AstraZeneca, Pfizer/BioNTech",3808320,1425779,5234099
2021-05-29,"Johnson&Johnson, Moderna, Oxford/AstraZeneca, Pfizer/BioNTech",3837473,1442851,5280324
2021-05-30,"Johnson&Johnson, Moderna, Oxford/AstraZeneca, Pfizer/BioNTech",3859815,1457258,5317073
2021-05-31,"Johnson&Johnson, Moderna, Oxford/AstraZeneca, Pfizer/BioNTech",3915531,1504771,5420302
2021-06-01,"Johnson&Johnson, Moderna, Oxford/AstraZeneca, Pfizer/BioNTech",3974542,1553559,5528101
2021-06-02,"Johnson&Johnson, Moderna, Oxford/AstraZeneca, Pfizer/BioNTech",4037409,1607470,5644879
2021-06-03,"Johnson&Johnson, Moderna, Oxford/AstraZeneca, Pfizer/BioNTech",4095619,1667625,5763244
2021-06-04,"Johnson&Johnson, Moderna, Oxford/AstraZeneca, Pfizer/BioNTech",4158686,1724946,5883632
2021-06-05,"Johnson&Johnson, Moderna, Oxford/AstraZeneca, Pfizer/BioNTech",4192811,1743726,5936537
2021-06-06,"Johnson&Johnson, Moderna, Oxford/AstraZeneca, Pfizer/BioNTech",4219712,1758820,5978532
2021-06-07,"Johnson&Johnson, Moderna, Oxford/AstraZeneca, Pfizer/BioNTech",4283380,1814397,6097777
2021-06-08,"Johnson&Johnson, Moderna, Oxford/AstraZeneca, Pfizer/BioNTech",4347349,1869312,6216661
2021-06-09,"Johnson&Johnson, Moderna, Oxford/AstraZeneca, Pfizer/BioNTech",4406532,1933706,6340238
2021-06-10,"Johnson&Johnson, Moderna, Oxford/AstraZeneca, Pfizer/BioNTech",4460413,2004755,6465168
2021-06-11,"Johnson&Johnson, Moderna, Oxford/AstraZeneca, Pfizer/BioNTech",4512506,2074417,6586923
2021-06-12,"Johnson&Johnson, Moderna, Oxford/AstraZeneca, Pfizer/BioNTech",4544489,2095146,6639635
2021-06-13,"Johnson&Johnson, Moderna, Oxford/AstraZeneca, Pfizer/BioNTech",4568490,2113508,6681998
2021-06-14,"Johnson&Johnson, Moderna, Oxford/AstraZeneca, Pfizer/BioNTech",4611550,2187811,6799361
2021-06-15,"Johnson&Johnson, Moderna, Oxford/AstraZeneca, Pfizer/BioNTech",4656190,2260067,6916257
2021-06-16,"Johnson&Johnson, Moderna, Oxford/AstraZeneca, Pfizer/BioNTech",4698912,2338202,7037114
2021-06-17,"Johnson&Johnson, Moderna, Oxford/AstraZeneca, Pfizer/BioNTech",4738282,2421178,7159460
2021-06-18,"Johnson&Johnson, Moderna, Oxford/AstraZeneca, Pfizer/BioNTech",4780663,2501593,7282256
2021-06-19,"Johnson&Johnson, Moderna, Oxford/AstraZeneca, Pfizer/BioNTech",4802403,2530812,7333215
2021-06-20,"Johnson&Johnson, Moderna, Oxford/AstraZeneca, Pfizer/BioNTech",4819758,2554583,7374341
2021-06-21,"Johnson&Johnson, Moderna, Oxford/AstraZeneca, Pfizer/BioNTech",4852258,2633065,7485323
2021-06-22,"Johnson&Johnson, Moderna, Oxford/AstraZeneca, Pfizer/BioNTech",4885211,2715233,7600444
2021-06-23,"Johnson&Johnson, Moderna, Oxford/AstraZeneca, Pfizer/BioNTech",4916855,2800367,7717222
2021-06-24,"Johnson&Johnson, Moderna, Oxford/AstraZeneca, Pfizer/BioNTech",4946689,2890306,7836995
2021-06-25,"Johnson&Johnson, Moderna, Oxford/AstraZeneca, Pfizer/BioNTech",4977732,2976349,7954081
2021-06-26,"Johnson&Johnson, Moderna, Oxford/AstraZeneca, Pfizer/BioNTech",4993585,3011094,8004679
2021-06-27,"Johnson&Johnson, Moderna, Oxford/AstraZeneca, Pfizer/BioNTech",5007519,3037686,8045205
2021-06-28,"Johnson&Johnson, Moderna, Oxford/AstraZeneca, Pfizer/BioNTech",5035928,3122771,8158699
2021-06-29,"Johnson&Johnson, Moderna, Oxford/AstraZeneca, Pfizer/BioNTech",5065190,3209145,8274335
2021-06-30,"Johnson&Johnson, Moderna, Oxford/AstraZeneca, Pfizer/BioNTech",5092673,3300006,8392679
2021-07-01,"Johnson&Johnson, Moderna, Oxford/AstraZeneca, Pfizer/BioNTech",5116640,3389951,8506591
2021-07-02,"Johnson&Johnson, Moderna, Oxford/AstraZeneca, Pfizer/BioNTech",5143351,3475684,8619035
2021-07-03,"Johnson&Johnson, Moderna, Oxford/AstraZeneca, Pfizer/BioNTech",5150422,3507142,8657564
2021-07-04,"Johnson&Johnson, Moderna, Oxford/AstraZeneca, Pfizer/BioNTech",5157968,3528905,8686873
2021-07-05,"Johnson&Johnson, Moderna, Oxford/AstraZeneca, Pfizer/BioNTech",5165319,3554223,8719542
2021-07-06,"Johnson&Johnson, Moderna, Oxford/AstraZeneca, Pfizer/BioNTech",5170716,3581802,8752518
2021-07-07,"Johnson&Johnson, Moderna, Oxford/AstraZeneca, Pfizer/BioNTech",5196491,3660684,8857175
2021-07-08,"Johnson&Johnson, Moderna, Oxford/AstraZeneca, Pfizer/BioNTech",5223078,3730916,8953994
2021-07-09,"Johnson&Johnson, Moderna, Oxford/AstraZeneca, Pfizer/BioNTech",5250974,3800096,9051070
2021-07-10,"Johnson&Johnson, Moderna, Oxford/AstraZeneca, Pfizer/BioNTech",5260311,3828664,9088975
2021-07-11,"Johnson&Johnson, Moderna, Oxford/AstraZeneca, Pfizer/BioNTech",5268826,3851515,9120341
2021-07-12,"Johnson&Johnson, Moderna, Oxford/AstraZeneca, Pfizer/BioNTech",5296343,3920538,9216881
2021-07-13,"Johnson&Johnson, Moderna, Oxford/AstraZeneca, Pfizer/BioNTech",5322508,3990326,9312834
2021-07-14,"Johnson&Johnson, Moderna, Oxford/AstraZeneca, Pfizer/BioNTech",5348307,4062231,9410538
2021-07-15,"Johnson&Johnson, Moderna, Oxford/AstraZeneca, Pfizer/BioNTech",5377471,4128151,9505622
2021-07-16,"Johnson&Johnson, Moderna, Oxford/AstraZeneca, Pfizer/BioNTech",5405366,4200767,9606133
2021-07-17,"Johnson&Johnson, Moderna, Oxford/AstraZeneca, Pfizer/BioNTech",5414123,4232151,9646274
2021-07-18,"Johnson&Johnson, Moderna, Oxford/AstraZeneca, Pfizer/BioNTech",5422556,4258113,9680669
2021-07-19,"Johnson&Johnson, Moderna, Oxford/AstraZeneca, Pfizer/BioNTech",5445890,4325062,9770952
2021-07-20,"Johnson&Johnson, Moderna, Oxford/AstraZeneca, Pfizer/BioNTech",5467267,4392027,9859294
2021-07-21,"Johnson&Johnson, Moderna, Oxford/AstraZeneca, Pfizer/BioNTech",5490711,4455401,9946112
2021-07-22,"Johnson&Johnson, Moderna, Oxford/AstraZeneca, Pfizer/BioNTech",5513053,4513941,10026994
2021-07-23,"Johnson&Johnson, Moderna, Oxford/AstraZeneca, Pfizer/BioNTech",5536230,4568593,10104823
2021-07-24,"Johnson&Johnson, Moderna, Oxford/AstraZeneca, Pfizer/BioNTech",5543533,4596200,10139733
2021-07-25,"Johnson&Johnson, Moderna, Oxford/AstraZeneca, Pfizer/BioNTech",5550134,4618285,10168419
2021-07-26,"Johnson&Johnson, Moderna, Oxford/AstraZeneca, Pfizer/BioNTech",5573648,4666861,10240509
2021-07-27,"Johnson&Johnson, Moderna, Oxford/AstraZeneca, Pfizer/BioNTech",5596366,4713409,10309775
2021-07-28,"Johnson&Johnson, Moderna, Oxford/AstraZeneca, Pfizer/BioNTech",5617592,4759298,10376890
2021-07-29,"Johnson&Johnson, Moderna, Oxford/AstraZeneca, Pfizer/BioNTech",5638893,4801158,10440051
2021-07-30,"Johnson&Johnson, Moderna, Oxford/AstraZeneca, Pfizer/BioNTech",5662148,4843622,10505770
2021-07-31,"Johnson&Johnson, Moderna, Oxford/AstraZeneca, Pfizer/BioNTech",5671062,4863116,10534178
2021-08-01,"Johnson&Johnson, Moderna, Oxford/AstraZeneca, Pfizer/BioNTech",5677774,4879247,10557021
2021-08-02,"Johnson&Johnson, Moderna, Oxford/AstraZeneca, Pfizer/BioNTech",5696385,4916725,10613110
2021-08-03,"Johnson&Johnson, Moderna, Oxford/AstraZeneca, Pfizer/BioNTech",5714005,4954751,10668756
2021-08-04,"Johnson&Johnson, Moderna, Oxford/AstraZeneca, Pfizer/BioNTech",5730078,4991403,10721481
2021-08-05,"Johnson&Johnson, Moderna, Oxford/AstraZeneca, Pfizer/BioNTech",5746083,5031792,10777875
2021-08-06,"Johnson&Johnson, Moderna, Oxford/AstraZeneca, Pfizer/BioNTech",5762851,5074995,10837846
2021-08-07,"Johnson&Johnson, Moderna, Oxford/AstraZeneca, Pfizer/BioNTech",5768432,5093122,10861554
2021-08-08,"Johnson&Johnson, Moderna, Oxford/AstraZeneca, Pfizer/BioNTech",5772779,5108843,10881622
2021-08-09,"Johnson&Johnson, Moderna, Oxford/AstraZeneca, Pfizer/BioNTech",5785408,5153835,10939243
2021-08-10,"Johnson&Johnson, Moderna, Oxford/AstraZeneca, Pfizer/BioNTech",5797228,5193345,10990573
2021-08-11,"Johnson&Johnson, Moderna, Oxford/AstraZeneca, Pfizer/BioNTech",5808574,5236418,11044992
2021-08-12,"Johnson&Johnson, Moderna, Oxford/AstraZeneca, Pfizer/BioNTech",5819972,5273483,11093455
2021-08-13,"Johnson&Johnson, Moderna, Oxford/AstraZeneca, Pfizer/BioNTech",5830662,5313746,11144408
2021-08-14,"Johnson&Johnson, Moderna, Oxford/AstraZeneca, Pfizer/BioNTech",5833996,5324421,11158417
2021-08-15,"Johnson&Johnson, Moderna, Oxford/AstraZeneca, Pfizer/BioNTech",5836569,5334773,11171342
2021-08-16,"Johnson&Johnson, Moderna, Oxford/AstraZeneca, Pfizer/BioNTech",5846334,5368786,11215120
2021-08-17,"Johnson&Johnson, Moderna, Oxford/AstraZeneca, Pfizer/BioNTech",5855918,5395834,11251752
2021-08-18,"Johnson&Johnson, Moderna, Oxford/AstraZeneca, Pfizer/BioNTech",5865282,5434655,11299937
2021-08-19,"Johnson&Johnson, Moderna, Oxford/AstraZeneca, Pfizer/BioNTech",5874940,5472960,11347900
2021-08-20,"Johnson&Johnson, Moderna, Oxford/AstraZeneca, Pfizer/BioNTech",5886277,5513105,11399382
2021-08-21,"Johnson&Johnson, Moderna, Oxford/AstraZeneca, Pfizer/BioNTech",5888987,5525835,11414822
2021-08-22,"Johnson&Johnson, Moderna, Oxford/AstraZeneca, Pfizer/BioNTech",5891324,5537784,11429108
2021-08-23,"Johnson&Johnson, Moderna, Oxford/AstraZeneca, Pfizer/BioNTech",5901845,5576991,11478836
2021-08-24,"Johnson&Johnson, Moderna, Oxford/AstraZeneca, Pfizer/BioNTech",5911701,5610194,11521895
2021-08-25,"Johnson&Johnson, Moderna, Oxford/AstraZeneca, Pfizer/BioNTech",5920553,5638515,11559068
2021-08-26,"Johnson&Johnson, Moderna, Oxford/AstraZeneca, Pfizer/BioNTech",5928988,5664603,11593591
2021-08-27,"Johnson&Johnson, Moderna, Oxford/AstraZeneca, Pfizer/BioNTech",5939293,5690510,11629803
2021-08-28,"Johnson&Johnson, Moderna, Oxford/AstraZeneca, Pfizer/BioNTech",5942006,5697532,11639538
2021-08-29,"Johnson&Johnson, Moderna, Oxford/AstraZeneca, Pfizer/BioNTech",5944407,5704138,11648545
2021-08-30,"Johnson&Johnson, Moderna, Oxford/AstraZeneca, Pfizer/BioNTech",5952920,5725968,11678888
2021-08-31,"Johnson&Johnson, Moderna, Oxford/AstraZeneca, Pfizer/BioNTech",5960569,5744015,11704584
2021-09-01,"Johnson&Johnson, Moderna, Oxford/AstraZeneca, Pfizer/BioNTech",5966445,5757981,11724426
2021-09-02,"Johnson&Johnson, Moderna, Oxford/AstraZeneca, Pfizer/BioNTech",5973254,5772335,11745589
2021-09-03,"Johnson&Johnson, Moderna, Oxford/AstraZeneca, Pfizer/BioNTech",5982796,5788001,11770797
2021-09-04,"Johnson&Johnson, Moderna, Oxford/AstraZeneca, Pfizer/BioNTech",5984852,5791543,11776395
2021-09-05,"Johnson&Johnson, Moderna, Oxford/AstraZeneca, Pfizer/BioNTech",5986883,5794372,11781255
2021-09-06,"Johnson&Johnson, Moderna, Oxford/AstraZeneca, Pfizer/BioNTech",5993067,5806860,11799927
2021-09-07,"Johnson&Johnson, Moderna, Oxford/AstraZeneca, Pfizer/BioNTech",5997419,5817934,11815353
2021-09-08,"Johnson&Johnson, Moderna, Oxford/AstraZeneca, Pfizer/BioNTech",6003066,5827756,11830822
2021-09-09,"Johnson&Johnson, Moderna, Oxford/AstraZeneca, Pfizer/BioNTech",6009711,5837801,11847512
2021-09-10,"Johnson&Johnson, Moderna, Oxford/AstraZeneca, Pfizer/BioNTech",6017357,5849951,11867308
2021-09-11,"Johnson&Johnson, Moderna, Oxford/AstraZeneca, Pfizer/BioNTech",6019214,5852419,11871633
2021-09-12,"Johnson&Johnson, Moderna, Oxford/AstraZeneca, Pfizer/BioNTech",6020326,5854038,11874364
2021-09-13,"Johnson&Johnson, Moderna, Oxford/AstraZeneca, Pfizer/BioNTech",6025739,5864286,11890025
2021-09-14,"Johnson&Johnson, Moderna, Oxford/AstraZeneca, Pfizer/BioNTech",6031107,5873278,11904385
2021-09-15,"Johnson&Johnson, Moderna, Oxford/AstraZeneca, Pfizer/BioNTech",6036288,5881785,11918073
2021-09-16,"Johnson&Johnson, Moderna, Oxford/AstraZeneca, Pfizer/BioNTech",6041571,5890034,11931605
2021-09-17,"Johnson&Johnson, Moderna, Oxford/AstraZeneca, Pfizer/BioNTech",6048113,5900228,11948341
2021-09-18,"Johnson&Johnson, Moderna, Oxford/AstraZeneca, Pfizer/BioNTech",6049835,5902573,11952408
2021-09-19,"Johnson&Johnson, Moderna, Oxford/AstraZeneca, Pfizer/BioNTech",6050774,5904134,11954908
2021-09-20,"Johnson&Johnson, Moderna, Oxford/AstraZeneca, Pfizer/BioNTech",6054764,5912315,11967079
2021-09-21,"Johnson&Johnson, Moderna, Oxford/AstraZeneca, Pfizer/BioNTech",6058908,5919834,11978742
2021-09-22,"Johnson&Johnson, Moderna, Oxford/AstraZeneca, Pfizer/BioNTech",6063069,5925338,11988407
2021-09-23,"Johnson&Johnson, Moderna, Oxford/AstraZeneca, Pfizer/BioNTech",6068033,5931734,11999767
2021-09-24,"Johnson&Johnson, Moderna, Oxford/AstraZeneca, Pfizer/BioNTech",6073772,5941336,12015108
2021-09-25,"Johnson&Johnson, Moderna, Pfizer/BioNTech",6075261,5943317,12018578
2021-09-26,"Johnson&Johnson, Moderna, Pfizer/BioNTech",6075999,5944940,12020939
2021-09-27,"Johnson&Johnson, Moderna, Oxford/AstraZeneca, Pfizer/BioNTech",6079856,5951414,12031270
2021-09-28,"Johnson&Johnson, Moderna, Pfizer/BioNTech",6080211,5952013,12032224
2021-09-29,"Johnson&Johnson, Moderna, Oxford/AstraZeneca, Pfizer/BioNTech",6083976,5959444,12043420
2021-09-30,"Johnson&Johnson, Moderna, Oxford/AstraZeneca, Pfizer/BioNTech",6088458,5967105,12055563
2021-10-01,"Johnson&Johnson, Moderna, Oxford/AstraZeneca, Pfizer/BioNTech",6092706,5975046,12067752
2021-10-02,"Johnson&Johnson, Moderna, Pfizer/BioNTech",6093748,5976574,12070322
2021-10-03,"Johnson&Johnson, Moderna, Pfizer/BioNTech",6094452,5977435,12071887
2021-10-04,"Johnson&Johnson, Moderna, Oxford/AstraZeneca, Pfizer/BioNTech",6097493,5982993,12080486
2021-10-05,"Johnson&Johnson, Moderna, Oxford/AstraZeneca, Pfizer/BioNTech",6100575,5988046,12088621
2021-10-06,"Johnson&Johnson, Moderna, Oxford/AstraZeneca, Pfizer/BioNTech",6104058,5993194,12097252
2021-10-07,"Johnson&Johnson, Moderna, Oxford/AstraZeneca, Pfizer/BioNTech",6107298,5998383,12105681
2021-10-08,"Johnson&Johnson, Moderna, Oxford/AstraZeneca, Pfizer/BioNTech",6112057,6004994,12117051
2021-10-09,"Johnson&Johnson, Moderna, Pfizer/BioNTech",6113289,6006639,12119928
2021-10-10,"Johnson&Johnson, Moderna, Pfizer/BioNTech",6114226,6007466,12121692
2021-10-11,"Johnson&Johnson, Moderna, Oxford/AstraZeneca, Pfizer/BioNTech",6117116,6011842,12128958
2021-10-12,"Johnson&Johnson, Moderna, Oxford/AstraZeneca, Pfizer/BioNTech",6119877,6015779,12135656
2021-10-13,"Johnson&Johnson, Moderna, Oxford/AstraZeneca, Pfizer/BioNTech",6123303,6019907,12143210
2021-10-14,"Johnson&Johnson, Moderna, Oxford/AstraZeneca, Pfizer/BioNTech",6126887,6024841,12151728
2021-10-15,"Johnson&Johnson, Moderna, Oxford/AstraZeneca, Pfizer/BioNTech",6131997,6030968,12162965
2021-10-16,"Johnson&Johnson, Moderna, Oxford/AstraZeneca, Pfizer/BioNTech",6133365,6032480,12165845
2021-10-17,"Johnson&Johnson, Moderna, Pfizer/BioNTech",6134683,6033531,12168214
2021-10-18,"Johnson&Johnson, Moderna, Oxford/AstraZeneca, Pfizer/BioNTech",6138665,6037614,12176279
2021-10-19,"Johnson&Johnson, Moderna, Oxford/AstraZeneca, Pfizer/BioNTech",6142122,6039688,12181810
2021-10-20,"Johnson&Johnson, Moderna, Oxford/AstraZeneca, Pfizer/BioNTech",6146886,6044116,12191002
2021-10-21,"Johnson&Johnson, Moderna, Oxford/AstraZeneca, Pfizer/BioNTech",6154466,6049689,12204155
2021-10-22,"Johnson&Johnson, Moderna, Oxford/AstraZeneca, Pfizer/BioNTech",6164793,6056172,12220965
2021-10-23,"Johnson&Johnson, Moderna, Pfizer/BioNTech",6168439,6058369,12226808
2021-10-24,"Johnson&Johnson, Moderna, Pfizer/BioNTech",6171117,6060140,12231257
2021-10-25,"Johnson&Johnson, Moderna, Oxford/AstraZeneca, Pfizer/BioNTech",6181450,6065925,12247375
2021-10-26,"Johnson&Johnson, Moderna, Oxford/AstraZeneca, Pfizer/BioNTech",6193167,6072416,12265583
2021-10-27,"Johnson&Johnson, Moderna, Oxford/AstraZeneca, Pfizer/BioNTech",6207555,6079799,12287354
2021-10-28,"Johnson&Johnson, Moderna, Pfizer/BioNTech",6210891,6081461,12292352
2021-10-29,"Johnson&Johnson, Moderna, Oxford/AstraZeneca, Pfizer/BioNTech",6225157,6089403,12314560
2021-10-30,"Johnson&Johnson, Moderna, Pfizer/BioNTech",6229646,6092304,12321950
2021-10-31,"Johnson&Johnson, Moderna, Oxford/AstraZeneca, Pfizer/BioNTech",6233368,6094763,12328131
2021-11-01,"Johnson&Johnson, Moderna, Oxford/AstraZeneca, Pfizer/BioNTech",6248298,6102388,12350686
2021-11-02,"Johnson&Johnson, Moderna, Oxford/AstraZeneca, Pfizer/BioNTech",6263502,6109837,12373339
2021-11-03,"Johnson&Johnson, Moderna, Oxford/AstraZeneca, Pfizer/BioNTech",6280481,6117083,12397564
2021-11-04,"Johnson&Johnson, Moderna, Oxford/AstraZeneca, Pfizer/BioNTech",6298579,6125167,12423746
2021-11-05,"Johnson&Johnson, Moderna, Oxford/AstraZeneca, Pfizer/BioNTech",6321161,6136326,12457487
2021-11-06,"Johnson&Johnson, Moderna, Oxford/AstraZeneca, Pfizer/BioNTech",6327575,6139339,12466914
2021-11-07,"Johnson&Johnson, Moderna, Oxford/AstraZeneca, Pfizer/BioNTech",6331561,6141765,12473326
2021-11-08,"Johnson&Johnson, Moderna, Oxford/AstraZeneca, Pfizer/BioNTech",6347509,6149223,12496732
2021-11-09,"Johnson&Johnson, Moderna, Oxford/AstraZeneca, Pfizer/BioNTech",6361703,6156033,12517736
2021-11-10,"Johnson&Johnson, Moderna, Oxford/AstraZeneca, Pfizer/BioNTech",6376921,6162999,12539920
2021-11-11,"Johnson&Johnson, Moderna, Oxford/AstraZeneca, Pfizer/BioNTech",6391633,6171435,12563068
2021-11-12,"Johnson&Johnson, Moderna, Oxford/AstraZeneca, Pfizer/BioNTech",6410647,6183591,12594238
2021-11-13,"Johnson&Johnson, Moderna, Oxford/AstraZeneca, Pfizer/BioNTech",6415763,6187208,12602971
2021-11-14,"Johnson&Johnson, Moderna, Oxford/AstraZeneca, Pfizer/BioNTech",6419324,6189897,12609221
2021-11-15,"Johnson&Johnson, Moderna, Oxford/AstraZeneca, Pfizer/BioNTech",6433522,6199693,12633215
2021-11-16,"Johnson&Johnson, Moderna, Oxford/AstraZeneca, Pfizer/BioNTech",6450039,6210789,12660828
2021-11-17,"Johnson&Johnson, Moderna, Oxford/AstraZeneca, Pfizer/BioNTech",6453406,6213699,12667105
