date,vaccine,people_vaccinated,people_fully_vaccinated,total_vaccinations
2020-12-27,Pfizer/BioNTech,1272,0,1272
2020-12-28,Pfizer/BioNTech,3572,0,3572
2020-12-29,Pfizer/BioNTech,7028,0,7028
2020-12-30,Pfizer/BioNTech,10520,0,10520
2020-12-31,Pfizer/BioNTech,11826,0,11826
2021-01-01,"Moderna, Pfizer/BioNTech",12091,0,12091
2021-01-02,Pfizer/BioNTech,13364,0,13364
2021-01-03,Pfizer/BioNTech,14283,0,14283
2021-01-04,"Moderna, Pfizer/BioNTech",17877,0,17877
2021-01-05,"Moderna, Pfizer/BioNTech",22378,0,22378
2021-01-06,Pfizer/BioNTech,28214,0,28214
2021-01-07,Pfizer/BioNTech,36178,0,36178
2021-01-08,Pfizer/BioNTech,46148,0,46148
2021-01-09,Pfizer/BioNTech,48166,0,48166
2021-01-10,Pfizer/BioNTech,49924,1,49925
2021-01-11,Pfizer/BioNTech,59739,2,59741
2021-01-12,Pfizer/BioNTech,73139,4,73143
2021-01-13,Pfizer/BioNTech,86635,4,86639
2021-01-14,"Moderna, Pfizer/BioNTech",101825,6,101831
2021-01-15,"Moderna, Pfizer/BioNTech",115787,6,115793
2021-01-16,"Moderna, Pfizer/BioNTech",119164,8,119172
2021-01-17,"Moderna, Pfizer/BioNTech",121767,648,122415
2021-01-18,"Moderna, Pfizer/BioNTech",134234,2469,136703
2021-01-19,"Moderna, Pfizer/BioNTech",146784,5181,151965
2021-01-20,"Moderna, Pfizer/BioNTech",160412,7824,168236
2021-01-21,"Moderna, Pfizer/BioNTech",176010,9555,185565
2021-01-22,"Moderna, Pfizer/BioNTech",190824,10598,201422
2021-01-23,"Moderna, Pfizer/BioNTech",194117,11469,205586
2021-01-24,"Moderna, Pfizer/BioNTech",196361,12338,208699
2021-01-25,"Moderna, Pfizer/BioNTech",205976,15307,221283
2021-01-26,"Moderna, Pfizer/BioNTech",216486,19277,235763
2021-01-27,"Moderna, Pfizer/BioNTech",225489,23789,249278
2021-01-28,"Moderna, Pfizer/BioNTech",232550,29896,262446
2021-01-29,"Moderna, Pfizer/BioNTech",238743,37764,276507
2021-01-30,"Moderna, Pfizer/BioNTech",239473,38851,278324
2021-01-31,"Moderna, Pfizer/BioNTech",240179,40029,280208
2021-02-01,"Moderna, Pfizer/BioNTech",244138,47949,292087
2021-02-02,"Moderna, Pfizer/BioNTech",248262,58158,306420
2021-02-03,"Moderna, Pfizer/BioNTech",252661,69133,321794
2021-02-04,"Moderna, Pfizer/BioNTech",257550,82083,339633
2021-02-05,"Moderna, Pfizer/BioNTech",262993,92723,355716
2021-02-06,"Moderna, Pfizer/BioNTech",263833,95070,358903
2021-02-07,"Moderna, Pfizer/BioNTech",264681,97556,362237
2021-02-08,"Moderna, Oxford/AstraZeneca, Pfizer/BioNTech",268726,108929,377655
2021-02-09,"Moderna, Oxford/AstraZeneca, Pfizer/BioNTech",273799,120837,394636
2021-02-10,"Moderna, Pfizer/BioNTech",279279,134033,413312
2021-02-11,"Moderna, Oxford/AstraZeneca, Pfizer/BioNTech",285571,150196,435767
2021-02-12,"Moderna, Oxford/AstraZeneca, Pfizer/BioNTech",292298,164868,457166
2021-02-13,"Moderna, Oxford/AstraZeneca, Pfizer/BioNTech",293884,167845,461729
2021-02-14,"Moderna, Oxford/AstraZeneca, Pfizer/BioNTech",294875,169219,464094
2021-02-15,"Moderna, Oxford/AstraZeneca, Pfizer/BioNTech",301260,178547,479807
2021-02-16,"Moderna, Oxford/AstraZeneca, Pfizer/BioNTech",309957,187589,497546
2021-02-17,"Moderna, Oxford/AstraZeneca, Pfizer/BioNTech",319634,195858,515492
2021-02-18,"Moderna, Oxford/AstraZeneca, Pfizer/BioNTech",331920,203890,535810
2021-02-19,"Moderna, Oxford/AstraZeneca, Pfizer/BioNTech",343753,211196,554949
2021-02-20,"Moderna, Oxford/AstraZeneca, Pfizer/BioNTech",345727,212367,558094
2021-02-21,"Moderna, Oxford/AstraZeneca, Pfizer/BioNTech",346833,213380,560213
2021-02-22,"Moderna, Oxford/AstraZeneca, Pfizer/BioNTech",356930,219379,576309
2021-02-23,"Moderna, Oxford/AstraZeneca, Pfizer/BioNTech",369829,226326,596155
2021-02-24,"Moderna, Oxford/AstraZeneca, Pfizer/BioNTech",383670,232330,616000
2021-02-25,"Moderna, Oxford/AstraZeneca, Pfizer/BioNTech",401612,237858,639470
2021-02-26,"Moderna, Oxford/AstraZeneca, Pfizer/BioNTech",417745,243179,660924
2021-02-27,"Moderna, Oxford/AstraZeneca, Pfizer/BioNTech",420745,243728,664473
2021-02-28,"Moderna, Oxford/AstraZeneca, Pfizer/BioNTech",423087,244273,667360
2021-03-01,"Moderna, Oxford/AstraZeneca, Pfizer/BioNTech",442587,247686,690273
2021-03-02,"Moderna, Oxford/AstraZeneca, Pfizer/BioNTech",469757,251217,720974
2021-03-03,"Moderna, Oxford/AstraZeneca, Pfizer/BioNTech",500524,255701,756225
2021-03-04,"Moderna, Oxford/AstraZeneca, Pfizer/BioNTech",533671,260361,794032
2021-03-05,"Johnson&Johnson, Moderna, Oxford/AstraZeneca, Pfizer/BioNTech",562393,265747,828140
2021-03-06,"Johnson&Johnson, Moderna, Oxford/AstraZeneca, Pfizer/BioNTech",574493,266588,841081
2021-03-07,"Johnson&Johnson, Moderna, Oxford/AstraZeneca, Pfizer/BioNTech",585890,267420,853310
2021-03-08,"Johnson&Johnson, Moderna, Oxford/AstraZeneca, Pfizer/BioNTech",615498,272237,887735
2021-03-09,"Johnson&Johnson, Moderna, Oxford/AstraZeneca, Pfizer/BioNTech",651674,278590,930264
2021-03-10,"Moderna, Oxford/AstraZeneca, Pfizer/BioNTech",692819,285525,978344
2021-03-11,"Moderna, Oxford/AstraZeneca, Pfizer/BioNTech",737492,293865,1031357
2021-03-12,"Moderna, Oxford/AstraZeneca, Pfizer/BioNTech",776131,302306,1078437
2021-03-13,"Moderna, Oxford/AstraZeneca, Pfizer/BioNTech",793164,303591,1096755
2021-03-14,"Moderna, Oxford/AstraZeneca, Pfizer/BioNTech",805234,304725,1109959
2021-03-15,"Moderna, Oxford/AstraZeneca, Pfizer/BioNTech",833517,313485,1147002
2021-03-16,"Johnson&Johnson, Moderna, Oxford/AstraZeneca, Pfizer/BioNTech",872321,323986,1196307
2021-03-17,"Moderna, Oxford/AstraZeneca, Pfizer/BioNTech",909722,334456,1244178
2021-03-18,"Johnson&Johnson, Moderna, Oxford/AstraZeneca, Pfizer/BioNTech",947565,346837,1294402
2021-03-19,"Moderna, Oxford/AstraZeneca, Pfizer/BioNTech",981899,360415,1342314
2021-03-20,"Johnson&Johnson, Moderna, Oxford/AstraZeneca, Pfizer/BioNTech",996991,362427,1359418
2021-03-21,"Johnson&Johnson, Moderna, Oxford/AstraZeneca, Pfizer/BioNTech",1004376,363969,1368345
2021-03-22,"Johnson&Johnson, Moderna, Oxford/AstraZeneca, Pfizer/BioNTech",1028780,376427,1405207
2021-03-23,"Johnson&Johnson, Moderna, Oxford/AstraZeneca, Pfizer/BioNTech",1055290,389741,1445031
2021-03-24,"Moderna, Oxford/AstraZeneca, Pfizer/BioNTech",1082083,405428,1487511
2021-03-25,"Moderna, Oxford/AstraZeneca, Pfizer/BioNTech",1108346,423242,1531588
2021-03-26,"Moderna, Oxford/AstraZeneca, Pfizer/BioNTech",1133080,440698,1573778
2021-03-27,"Johnson&Johnson, Moderna, Oxford/AstraZeneca, Pfizer/BioNTech",1141487,445526,1587013
2021-03-28,"Moderna, Oxford/AstraZeneca, Pfizer/BioNTech",1147019,449654,1596673
2021-03-29,"Johnson&Johnson, Moderna, Oxford/AstraZeneca, Pfizer/BioNTech",1166036,470298,1636334
2021-03-30,"Moderna, Oxford/AstraZeneca, Pfizer/BioNTech",1190647,492408,1683055
2021-03-31,"Johnson&Johnson, Moderna, Oxford/AstraZeneca, Pfizer/BioNTech",1213652,519413,1733065
2021-04-01,"Johnson&Johnson, Moderna, Oxford/AstraZeneca, Pfizer/BioNTech",1239180,551341,1790521
2021-04-02,"Johnson&Johnson, Moderna, Oxford/AstraZeneca, Pfizer/BioNTech",1246036,564107,1810143
2021-04-03,"Johnson&Johnson, Moderna, Oxford/AstraZeneca, Pfizer/BioNTech",1249614,575005,1824619
2021-04-04,"Moderna, Oxford/AstraZeneca, Pfizer/BioNTech",1252082,583794,1835876
2021-04-05,"Johnson&Johnson, Moderna, Oxford/AstraZeneca, Pfizer/BioNTech",1254429,590953,1845382
2021-04-06,"Johnson&Johnson, Moderna, Oxford/AstraZeneca, Pfizer/BioNTech",1270482,620132,1890614
2021-04-07,"Johnson&Johnson, Moderna, Oxford/AstraZeneca, Pfizer/BioNTech",1293805,642248,1936053
2021-04-08,"Johnson&Johnson, Moderna, Oxford/AstraZeneca, Pfizer/BioNTech",1332279,673103,2005382
2021-04-09,"Johnson&Johnson, Moderna, Oxford/AstraZeneca, Pfizer/BioNTech",1371503,703102,2074605
2021-04-10,"Johnson&Johnson, Moderna, Oxford/AstraZeneca, Pfizer/BioNTech",1386865,718368,2105233
2021-04-11,"Johnson&Johnson, Moderna, Oxford/AstraZeneca, Pfizer/BioNTech",1396583,728377,2124960
2021-04-12,"Johnson&Johnson, Moderna, Oxford/AstraZeneca, Pfizer/BioNTech",1434632,753347,2187979
2021-04-13,"Moderna, Oxford/AstraZeneca, Pfizer/BioNTech",1470706,779253,2249959
2021-04-14,"Moderna, Oxford/AstraZeneca, Pfizer/BioNTech",1509396,806558,2315954
2021-04-15,"Moderna, Oxford/AstraZeneca, Pfizer/BioNTech",1557067,832227,2389294
2021-04-16,"Moderna, Oxford/AstraZeneca, Pfizer/BioNTech",1601567,857807,2459374
2021-04-17,"Moderna, Oxford/AstraZeneca, Pfizer/BioNTech",1618157,866807,2484964
2021-04-18,"Moderna, Oxford/AstraZeneca, Pfizer/BioNTech",1631084,871774,2502858
2021-04-19,"Moderna, Oxford/AstraZeneca, Pfizer/BioNTech",1674958,887153,2562111
2021-04-20,"Johnson&Johnson, Moderna, Oxford/AstraZeneca, Pfizer/BioNTech",1717047,902956,2620003
2021-04-21,"Moderna, Oxford/AstraZeneca, Pfizer/BioNTech",1764715,917205,2681920
2021-04-22,"Johnson&Johnson, Moderna, Oxford/AstraZeneca, Pfizer/BioNTech",1819136,934538,2753674
2021-04-23,"Johnson&Johnson, Moderna, Oxford/AstraZeneca, Pfizer/BioNTech",1869041,946510,2815551
2021-04-24,"Johnson&Johnson, Moderna, Oxford/AstraZeneca, Pfizer/BioNTech",1886833,951724,2838557
2021-04-25,"Johnson&Johnson, Moderna, Oxford/AstraZeneca, Pfizer/BioNTech",1901490,955712,2857202
2021-04-26,"Johnson&Johnson, Moderna, Oxford/AstraZeneca, Pfizer/BioNTech",1951035,963231,2914266
2021-04-27,"Johnson&Johnson, Moderna, Oxford/AstraZeneca, Pfizer/BioNTech",1999955,975385,2975340
2021-04-28,"Johnson&Johnson, Moderna, Oxford/AstraZeneca, Pfizer/BioNTech",2058657,989319,3047976
2021-04-29,"Johnson&Johnson, Moderna, Oxford/AstraZeneca, Pfizer/BioNTech",2124150,1005122,3129272
2021-04-30,"Johnson&Johnson, Moderna, Oxford/AstraZeneca, Pfizer/BioNTech",2186301,1015015,3201316
2021-05-01,"Johnson&Johnson, Moderna, Oxford/AstraZeneca, Pfizer/BioNTech",2205581,1018418,3223999
2021-05-02,"Johnson&Johnson, Moderna, Oxford/AstraZeneca, Pfizer/BioNTech",2224458,1020659,3245117
2021-05-03,"Johnson&Johnson, Moderna, Oxford/AstraZeneca, Pfizer/BioNTech",2291653,1025688,3317341
2021-05-04,"Johnson&Johnson, Moderna, Oxford/AstraZeneca, Pfizer/BioNTech",2358061,1033948,3392009
2021-05-05,"Johnson&Johnson, Moderna, Oxford/AstraZeneca, Pfizer/BioNTech",2431155,1043281,3474436
2021-05-06,"Johnson&Johnson, Moderna, Oxford/AstraZeneca, Pfizer/BioNTech",2511485,1053886,3565371
2021-05-07,"Johnson&Johnson, Moderna, Oxford/AstraZeneca, Pfizer/BioNTech",2588709,1063873,3652582
2021-05-08,"Johnson&Johnson, Moderna, Oxford/AstraZeneca, Pfizer/BioNTech",2618096,1065589,3683685
2021-05-09,"Johnson&Johnson, Moderna, Oxford/AstraZeneca, Pfizer/BioNTech",2642250,1066774,3709024
2021-05-10,"Johnson&Johnson, Moderna, Oxford/AstraZeneca, Pfizer/BioNTech",2714939,1073901,3788840
2021-05-11,"Johnson&Johnson, Moderna, Oxford/AstraZeneca, Pfizer/BioNTech",2790983,1082648,3873631
2021-05-12,"Johnson&Johnson, Moderna, Oxford/AstraZeneca, Pfizer/BioNTech",2870775,1091657,3962432
2021-05-13,"Johnson&Johnson, Moderna, Oxford/AstraZeneca, Pfizer/BioNTech",2954738,1100757,4055495
2021-05-14,"Johnson&Johnson, Moderna, Oxford/AstraZeneca, Pfizer/BioNTech",3034086,1108475,4142561
2021-05-15,"Johnson&Johnson, Moderna, Oxford/AstraZeneca, Pfizer/BioNTech",3065907,1110647,4176554
2021-05-16,"Johnson&Johnson, Moderna, Oxford/AstraZeneca, Pfizer/BioNTech",3091644,1111854,4203498
2021-05-17,"Johnson&Johnson, Moderna, Oxford/AstraZeneca, Pfizer/BioNTech",3164110,1118517,4282627
2021-05-18,"Johnson&Johnson, Moderna, Oxford/AstraZeneca, Pfizer/BioNTech",3236001,1131470,4367471
2021-05-19,"Johnson&Johnson, Moderna, Oxford/AstraZeneca, Pfizer/BioNTech",3313403,1146516,4459919
2021-05-20,"Johnson&Johnson, Moderna, Oxford/AstraZeneca, Pfizer/BioNTech",3388785,1173418,4562203
2021-05-21,"Johnson&Johnson, Moderna, Oxford/AstraZeneca, Pfizer/BioNTech",3457518,1201037,4658555
2021-05-22,"Johnson&Johnson, Moderna, Oxford/AstraZeneca, Pfizer/BioNTech",3489837,1212102,4701939
2021-05-23,"Johnson&Johnson, Moderna, Oxford/AstraZeneca, Pfizer/BioNTech",3512126,1221062,4733188
2021-05-24,"Johnson&Johnson, Moderna, Oxford/AstraZeneca, Pfizer/BioNTech",3559175,1254544,4813719
2021-05-25,"Johnson&Johnson, Moderna, Oxford/AstraZeneca, Pfizer/BioNTech",3610969,1290188,4901157
2021-05-26,"Johnson&Johnson, Moderna, Oxford/AstraZeneca, Pfizer/BioNTech",3678650,1327582,5006232
2021-05-27,"Johnson&Johnson, Moderna, Oxford/AstraZeneca, Pfizer/BioNTech",3739976,1374806,5114782
2021-05-28,"Johnson&Johnson, Moderna, Oxford/AstraZeneca, Pfizer/BioNTech",3801620,1421209,5222829
2021-05-29,"Johnson&Johnson, Moderna, Oxford/AstraZeneca, Pfizer/BioNTech",3830753,1438249,5269002
2021-05-30,"Johnson&Johnson, Moderna, Oxford/AstraZeneca, Pfizer/BioNTech",3853078,1452628,5305706
2021-05-31,"Johnson&Johnson, Moderna, Oxford/AstraZeneca, Pfizer/BioNTech",3908763,1499988,5408751
2021-06-01,"Johnson&Johnson, Moderna, Oxford/AstraZeneca, Pfizer/BioNTech",3967744,1548294,5516038
2021-06-02,"Johnson&Johnson, Moderna, Oxford/AstraZeneca, Pfizer/BioNTech",4030575,1602167,5632742
2021-06-03,"Johnson&Johnson, Moderna, Oxford/AstraZeneca, Pfizer/BioNTech",4088769,1662260,5751029
2021-06-04,"Johnson&Johnson, Moderna, Oxford/AstraZeneca, Pfizer/BioNTech",4151819,1719544,5871363
2021-06-05,"Johnson&Johnson, Moderna, Oxford/AstraZeneca, Pfizer/BioNTech",4185936,1738299,5924235
2021-06-06,"Johnson&Johnson, Moderna, Oxford/AstraZeneca, Pfizer/BioNTech",4212829,1753361,5966190
2021-06-07,"Johnson&Johnson, Moderna, Oxford/AstraZeneca, Pfizer/BioNTech",4276473,1808895,6085368
2021-06-08,"Johnson&Johnson, Moderna, Oxford/AstraZeneca, Pfizer/BioNTech",4340408,1863771,6204179
2021-06-09,"Johnson&Johnson, Moderna, Oxford/AstraZeneca, Pfizer/BioNTech",4399511,1928069,6327580
2021-06-10,"Johnson&Johnson, Moderna, Oxford/AstraZeneca, Pfizer/BioNTech",4453309,1999029,6452338
2021-06-11,"Johnson&Johnson, Moderna, Oxford/AstraZeneca, Pfizer/BioNTech",4505364,2068606,6573970
2021-06-12,"Johnson&Johnson, Moderna, Oxford/AstraZeneca, Pfizer/BioNTech",4537312,2089319,6626631
2021-06-13,"Johnson&Johnson, Moderna, Oxford/AstraZeneca, Pfizer/BioNTech",4561301,2107655,6668956
2021-06-14,"Johnson&Johnson, Moderna, Oxford/AstraZeneca, Pfizer/BioNTech",4604252,2181891,6786143
2021-06-15,"Johnson&Johnson, Moderna, Oxford/AstraZeneca, Pfizer/BioNTech",4648868,2254076,6902944
2021-06-16,"Johnson&Johnson, Moderna, Oxford/AstraZeneca, Pfizer/BioNTech",4691555,2332128,7023683
2021-06-17,"Johnson&Johnson, Moderna, Oxford/AstraZeneca, Pfizer/BioNTech",4730896,2415046,7145942
2021-06-18,"Johnson&Johnson, Moderna, Oxford/AstraZeneca, Pfizer/BioNTech",4773242,2495377,7268619
2021-06-19,"Johnson&Johnson, Moderna, Oxford/AstraZeneca, Pfizer/BioNTech",4794953,2524576,7319529
2021-06-20,"Johnson&Johnson, Moderna, Oxford/AstraZeneca, Pfizer/BioNTech",4812301,2548316,7360617
2021-06-21,"Johnson&Johnson, Moderna, Oxford/AstraZeneca, Pfizer/BioNTech",4844782,2626725,7471507
2021-06-22,"Johnson&Johnson, Moderna, Oxford/AstraZeneca, Pfizer/BioNTech",4877707,2708822,7586529
2021-06-23,"Johnson&Johnson, Moderna, Oxford/AstraZeneca, Pfizer/BioNTech",4909333,2793900,7703233
2021-06-24,"Johnson&Johnson, Moderna, Oxford/AstraZeneca, Pfizer/BioNTech",4939127,2883803,7822930
2021-06-25,"Johnson&Johnson, Moderna, Oxford/AstraZeneca, Pfizer/BioNTech",4970136,2969761,7939897
2021-06-26,"Johnson&Johnson, Moderna, Oxford/AstraZeneca, Pfizer/BioNTech",4985967,3004474,7990441
2021-06-27,"Johnson&Johnson, Moderna, Oxford/AstraZeneca, Pfizer/BioNTech",4999900,3031035,8030935
2021-06-28,"Johnson&Johnson, Moderna, Oxford/AstraZeneca, Pfizer/BioNTech",5028282,3116083,8144365
2021-06-29,"Johnson&Johnson, Moderna, Oxford/AstraZeneca, Pfizer/BioNTech",5057501,3202428,8259929
2021-06-30,"Johnson&Johnson, Moderna, Oxford/AstraZeneca, Pfizer/BioNTech",5084974,3293213,8378187
2021-07-01,"Johnson&Johnson, Moderna, Oxford/AstraZeneca, Pfizer/BioNTech",5108885,3383068,8491953
2021-07-02,"Johnson&Johnson, Moderna, Oxford/AstraZeneca, Pfizer/BioNTech",5135561,3468714,8604275
2021-07-03,"Johnson&Johnson, Moderna, Oxford/AstraZeneca, Pfizer/BioNTech",5142620,3500138,8642758
2021-07-04,"Johnson&Johnson, Moderna, Oxford/AstraZeneca, Pfizer/BioNTech",5150142,3521873,8672015
2021-07-05,"Johnson&Johnson, Moderna, Oxford/AstraZeneca, Pfizer/BioNTech",5157468,3547154,8704622
2021-07-06,"Johnson&Johnson, Moderna, Oxford/AstraZeneca, Pfizer/BioNTech",5162841,3574692,8737533
2021-07-07,"Johnson&Johnson, Moderna, Oxford/AstraZeneca, Pfizer/BioNTech",5188586,3653511,8842097
2021-07-08,"Johnson&Johnson, Moderna, Oxford/AstraZeneca, Pfizer/BioNTech",5215115,3723695,8938810
2021-07-09,"Johnson&Johnson, Moderna, Oxford/AstraZeneca, Pfizer/BioNTech",5242922,3792824,9035746
2021-07-10,"Johnson&Johnson, Moderna, Oxford/AstraZeneca, Pfizer/BioNTech",5252228,3821364,9073592
2021-07-11,"Johnson&Johnson, Moderna, Oxford/AstraZeneca, Pfizer/BioNTech",5260720,3844185,9104905
2021-07-12,"Johnson&Johnson, Moderna, Oxford/AstraZeneca, Pfizer/BioNTech",5288213,3913163,9201376
2021-07-13,"Johnson&Johnson, Moderna, Oxford/AstraZeneca, Pfizer/BioNTech",5314361,3982916,9297277
2021-07-14,"Johnson&Johnson, Moderna, Oxford/AstraZeneca, Pfizer/BioNTech",5340162,4054801,9394963
2021-07-15,"Johnson&Johnson, Moderna, Oxford/AstraZeneca, Pfizer/BioNTech",5369329,4120676,9490005
2021-07-16,"Johnson&Johnson, Moderna, Oxford/AstraZeneca, Pfizer/BioNTech",5397054,4193234,9590288
2021-07-17,"Johnson&Johnson, Moderna, Oxford/AstraZeneca, Pfizer/BioNTech",5405784,4224596,9630380
2021-07-18,"Johnson&Johnson, Moderna, Oxford/AstraZeneca, Pfizer/BioNTech",5414192,4250540,9664732
2021-07-19,"Johnson&Johnson, Moderna, Oxford/AstraZeneca, Pfizer/BioNTech",5437480,4317450,9754930
2021-07-20,"Johnson&Johnson, Moderna, Oxford/AstraZeneca, Pfizer/BioNTech",5458771,4384371,9843142
2021-07-21,"Johnson&Johnson, Moderna, Oxford/AstraZeneca, Pfizer/BioNTech",5482077,4447676,9929753
2021-07-22,"Johnson&Johnson, Moderna, Oxford/AstraZeneca, Pfizer/BioNTech",5504310,4506134,10010444
2021-07-23,"Johnson&Johnson, Moderna, Oxford/AstraZeneca, Pfizer/BioNTech",5527377,4560712,10088089
2021-07-24,"Johnson&Johnson, Moderna, Oxford/AstraZeneca, Pfizer/BioNTech",5534650,4588267,10122917
2021-07-25,"Johnson&Johnson, Moderna, Oxford/AstraZeneca, Pfizer/BioNTech",5541223,4610234,10151457
2021-07-26,"Johnson&Johnson, Moderna, Oxford/AstraZeneca, Pfizer/BioNTech",5564658,4658669,10223327
2021-07-27,"Johnson&Johnson, Moderna, Oxford/AstraZeneca, Pfizer/BioNTech",5587226,4705147,10292373
2021-07-28,"Johnson&Johnson, Moderna, Oxford/AstraZeneca, Pfizer/BioNTech",5608319,4750975,10359294
2021-07-29,"Johnson&Johnson, Moderna, Oxford/AstraZeneca, Pfizer/BioNTech",5629471,4792779,10422250
2021-07-30,"Johnson&Johnson, Moderna, Oxford/AstraZeneca, Pfizer/BioNTech",5652629,4835184,10487813
2021-07-31,"Johnson&Johnson, Moderna, Oxford/AstraZeneca, Pfizer/BioNTech",5661516,4854639,10516155
2021-08-01,"Johnson&Johnson, Moderna, Oxford/AstraZeneca, Pfizer/BioNTech",5668187,4870749,10538936
2021-08-02,"Johnson&Johnson, Moderna, Oxford/AstraZeneca, Pfizer/BioNTech",5686649,4908142,10594791
2021-08-03,"Johnson&Johnson, Moderna, Oxford/AstraZeneca, Pfizer/BioNTech",5704154,4946117,10650271
2021-08-04,"Johnson&Johnson, Moderna, Oxford/AstraZeneca, Pfizer/BioNTech",5720119,4982721,10702840
2021-08-05,"Johnson&Johnson, Moderna, Oxford/AstraZeneca, Pfizer/BioNTech",5735852,5023048,10758900
2021-08-06,"Johnson&Johnson, Moderna, Oxford/AstraZeneca, Pfizer/BioNTech",5752355,5065959,10818314
2021-08-07,"Johnson&Johnson, Moderna, Oxford/AstraZeneca, Pfizer/BioNTech",5757837,5084014,10841851
2021-08-08,"Johnson&Johnson, Moderna, Oxford/AstraZeneca, Pfizer/BioNTech",5762003,5099688,10861691
2021-08-09,"Johnson&Johnson, Moderna, Oxford/AstraZeneca, Pfizer/BioNTech",5774415,5144609,10919024
2021-08-10,"Johnson&Johnson, Moderna, Oxford/AstraZeneca, Pfizer/BioNTech",5786087,5184047,10970134
2021-08-11,"Johnson&Johnson, Moderna, Oxford/AstraZeneca, Pfizer/BioNTech",5797332,5227041,11024373
2021-08-12,"Johnson&Johnson, Moderna, Oxford/AstraZeneca, Pfizer/BioNTech",5808583,5263954,11072537
2021-08-13,"Johnson&Johnson, Moderna, Oxford/AstraZeneca, Pfizer/BioNTech",5819156,5304039,11123195
2021-08-14,"Johnson&Johnson, Moderna, Oxford/AstraZeneca, Pfizer/BioNTech",5822427,5314648,11137075
2021-08-15,"Johnson&Johnson, Moderna, Oxford/AstraZeneca, Pfizer/BioNTech",5824976,5324977,11149953
2021-08-16,"Johnson&Johnson, Moderna, Oxford/AstraZeneca, Pfizer/BioNTech",5834678,5358875,11193553
2021-08-17,"Johnson&Johnson, Moderna, Oxford/AstraZeneca, Pfizer/BioNTech",5844108,5385790,11229898
2021-08-18,"Johnson&Johnson, Moderna, Oxford/AstraZeneca, Pfizer/BioNTech",5853379,5424435,11277814
2021-08-19,"Johnson&Johnson, Moderna, Oxford/AstraZeneca, Pfizer/BioNTech",5862931,5462626,11325557
2021-08-20,"Johnson&Johnson, Moderna, Oxford/AstraZeneca, Pfizer/BioNTech",5874117,5502647,11376764
2021-08-21,"Johnson&Johnson, Moderna, Oxford/AstraZeneca, Pfizer/BioNTech",5876786,5515346,11392132
2021-08-22,"Johnson&Johnson, Moderna, Oxford/AstraZeneca, Pfizer/BioNTech",5879101,5527257,11406358
2021-08-23,"Johnson&Johnson, Moderna, Oxford/AstraZeneca, Pfizer/BioNTech",5889423,5566271,11455694
2021-08-24,"Johnson&Johnson, Moderna, Oxford/AstraZeneca, Pfizer/BioNTech",5899115,5599331,11498446
2021-08-25,"Johnson&Johnson, Moderna, Oxford/AstraZeneca, Pfizer/BioNTech",5907709,5627338,11535047
2021-08-26,"Johnson&Johnson, Moderna, Oxford/AstraZeneca, Pfizer/BioNTech",5915875,5653022,11568897
2021-08-27,"Johnson&Johnson, Moderna, Oxford/AstraZeneca, Pfizer/BioNTech",5925877,5678437,11604314
2021-08-28,"Johnson&Johnson, Moderna, Oxford/AstraZeneca, Pfizer/BioNTech",5928468,5685328,11613796
2021-08-29,"Johnson&Johnson, Moderna, Oxford/AstraZeneca, Pfizer/BioNTech",5930684,5691612,11622296
2021-08-30,"Johnson&Johnson, Moderna, Oxford/AstraZeneca, Pfizer/BioNTech",5938129,5712106,11650235
