date,vaccine,people_vaccinated,people_fully_vaccinated,total_vaccinations
2020-12-27,Pfizer/BioNTech,1279,0,1279
2020-12-28,Pfizer/BioNTech,3586,0,3586
2020-12-29,Pfizer/BioNTech,7053,0,7053
2020-12-30,Pfizer/BioNTech,10569,0,10569
2020-12-31,Pfizer/BioNTech,11875,0,11875
2021-01-01,"Moderna, Pfizer/BioNTech",12144,0,12144
2021-01-02,Pfizer/BioNTech,13422,0,13422
2021-01-03,Pfizer/BioNTech,14344,0,14344
2021-01-04,"Moderna, Pfizer/BioNTech",17952,0,17952
2021-01-05,"Moderna, Pfizer/BioNTech",22471,0,22471
2021-01-06,"Moderna, Pfizer/BioNTech",28312,1,28313
2021-01-07,"Moderna, Pfizer/BioNTech",36304,1,36305
2021-01-08,"Moderna, Pfizer/BioNTech",46357,1,46358
2021-01-09,"Moderna, Pfizer/BioNTech",48382,2,48384
2021-01-10,Pfizer/BioNTech,50149,4,50153
2021-01-11,Pfizer/BioNTech,60002,6,60008
2021-01-12,"Moderna, Pfizer/BioNTech",73449,8,73457
2021-01-13,Pfizer/BioNTech,86988,8,86996
2021-01-14,"Moderna, Pfizer/BioNTech",102221,12,102233
2021-01-15,"Moderna, Pfizer/BioNTech",116229,13,116242
2021-01-16,"Moderna, Pfizer/BioNTech",119626,16,119642
2021-01-17,"Moderna, Pfizer/BioNTech",122243,652,122895
2021-01-18,"Moderna, Pfizer/BioNTech",134724,2479,137203
2021-01-19,"Moderna, Pfizer/BioNTech",147325,5203,152528
2021-01-20,"Moderna, Pfizer/BioNTech",161004,7861,168865
2021-01-21,"Moderna, Pfizer/BioNTech",176655,9603,186258
2021-01-22,"Moderna, Pfizer/BioNTech",191531,10648,202179
2021-01-23,"Moderna, Pfizer/BioNTech",194852,11527,206379
2021-01-24,"Moderna, Pfizer/BioNTech",197106,12396,209502
2021-01-25,"Moderna, Pfizer/BioNTech",206746,15369,222115
2021-01-26,"Moderna, Pfizer/BioNTech",217283,19359,236642
2021-01-27,"Moderna, Pfizer/BioNTech",226310,23896,250206
2021-01-28,"Moderna, Pfizer/BioNTech",233404,30024,263428
2021-01-29,"Moderna, Pfizer/BioNTech",239614,37934,277548
2021-01-30,"Moderna, Pfizer/BioNTech",240350,39022,279372
2021-01-31,"Moderna, Pfizer/BioNTech",241063,40203,281266
2021-02-01,"Moderna, Pfizer/BioNTech",245042,48160,293202
2021-02-02,"Moderna, Pfizer/BioNTech",249183,58390,307573
2021-02-03,"Moderna, Pfizer/BioNTech",253601,69398,322999
2021-02-04,"Moderna, Pfizer/BioNTech",258497,82382,340879
2021-02-05,"Moderna, Pfizer/BioNTech",263963,93053,357016
2021-02-06,"Moderna, Oxford/AstraZeneca, Pfizer/BioNTech",264810,95418,360228
2021-02-07,"Moderna, Pfizer/BioNTech",265658,97919,363577
2021-02-08,"Moderna, Oxford/AstraZeneca, Pfizer/BioNTech",269739,109350,379089
2021-02-09,"Moderna, Oxford/AstraZeneca, Pfizer/BioNTech",274832,121260,396092
2021-02-10,"Moderna, Oxford/AstraZeneca, Pfizer/BioNTech",280336,134507,414843
2021-02-11,"Moderna, Oxford/AstraZeneca, Pfizer/BioNTech",286667,150717,437384
2021-02-12,"Moderna, Oxford/AstraZeneca, Pfizer/BioNTech",293482,165446,458928
2021-02-13,"Moderna, Oxford/AstraZeneca, Pfizer/BioNTech",295091,168434,463525
2021-02-14,"Moderna, Oxford/AstraZeneca, Pfizer/BioNTech",296094,169818,465912
2021-02-15,"Moderna, Oxford/AstraZeneca, Pfizer/BioNTech",302492,179174,481666
2021-02-16,"Moderna, Oxford/AstraZeneca, Pfizer/BioNTech",311208,188248,499456
2021-02-17,"Moderna, Oxford/AstraZeneca, Pfizer/BioNTech",320904,196552,517456
2021-02-18,"Moderna, Oxford/AstraZeneca, Pfizer/BioNTech",333220,204628,537848
2021-02-19,"Moderna, Oxford/AstraZeneca, Pfizer/BioNTech",345073,211988,557061
2021-02-20,"Moderna, Oxford/AstraZeneca, Pfizer/BioNTech",347068,213169,560237
2021-02-21,"Moderna, Oxford/AstraZeneca, Pfizer/BioNTech",348198,214192,562390
2021-02-22,"Moderna, Oxford/AstraZeneca, Pfizer/BioNTech",358319,220221,578540
2021-02-23,"Moderna, Oxford/AstraZeneca, Pfizer/BioNTech",371262,227196,598458
2021-02-24,"Moderna, Oxford/AstraZeneca, Pfizer/BioNTech",385134,233229,618363
2021-02-25,"Moderna, Oxford/AstraZeneca, Pfizer/BioNTech",403099,238775,641874
2021-02-26,"Moderna, Oxford/AstraZeneca, Pfizer/BioNTech",419264,244121,663385
2021-02-27,"Moderna, Oxford/AstraZeneca, Pfizer/BioNTech",422272,244678,666950
2021-02-28,"Moderna, Oxford/AstraZeneca, Pfizer/BioNTech",424618,245225,669843
2021-03-01,"Moderna, Oxford/AstraZeneca, Pfizer/BioNTech",444200,248669,692869
2021-03-02,"Moderna, Oxford/AstraZeneca, Pfizer/BioNTech",471416,252209,723625
2021-03-03,"Moderna, Oxford/AstraZeneca, Pfizer/BioNTech",502292,256710,759002
2021-03-04,"Moderna, Oxford/AstraZeneca, Pfizer/BioNTech",535561,261391,796952
2021-03-05,"Johnson&Johnson, Moderna, Oxford/AstraZeneca, Pfizer/BioNTech",564372,266808,831180
2021-03-06,"Johnson&Johnson, Moderna, Oxford/AstraZeneca, Pfizer/BioNTech",576512,267666,844178
2021-03-07,"Johnson&Johnson, Moderna, Oxford/AstraZeneca, Pfizer/BioNTech",588046,268507,856553
2021-03-08,"Johnson&Johnson, Moderna, Oxford/AstraZeneca, Pfizer/BioNTech",617775,273359,891134
2021-03-09,"Johnson&Johnson, Moderna, Oxford/AstraZeneca, Pfizer/BioNTech",654125,279737,933862
2021-03-10,"Moderna, Oxford/AstraZeneca, Pfizer/BioNTech",695428,286686,982114
2021-03-11,"Johnson&Johnson, Moderna, Oxford/AstraZeneca, Pfizer/BioNTech",740244,295054,1035298
2021-03-12,"Johnson&Johnson, Moderna, Oxford/AstraZeneca, Pfizer/BioNTech",779003,303543,1082546
2021-03-13,"Johnson&Johnson, Moderna, Oxford/AstraZeneca, Pfizer/BioNTech",796077,304847,1100924
2021-03-14,"Johnson&Johnson, Moderna, Oxford/AstraZeneca, Pfizer/BioNTech",808184,305999,1114183
2021-03-15,"Moderna, Oxford/AstraZeneca, Pfizer/BioNTech",836559,314771,1151330
2021-03-16,"Johnson&Johnson, Moderna, Oxford/AstraZeneca, Pfizer/BioNTech",875434,325303,1200737
2021-03-17,"Moderna, Oxford/AstraZeneca, Pfizer/BioNTech",912889,335808,1248697
2021-03-18,"Johnson&Johnson, Moderna, Oxford/AstraZeneca, Pfizer/BioNTech",950865,348221,1299086
2021-03-19,"Moderna, Oxford/AstraZeneca, Pfizer/BioNTech",985339,361826,1347165
2021-03-20,"Johnson&Johnson, Moderna, Oxford/AstraZeneca, Pfizer/BioNTech",1000470,363848,1364318
2021-03-21,"Johnson&Johnson, Moderna, Oxford/AstraZeneca, Pfizer/BioNTech",1007887,365404,1373291
2021-03-22,"Johnson&Johnson, Moderna, Oxford/AstraZeneca, Pfizer/BioNTech",1032429,377903,1410332
2021-03-23,"Johnson&Johnson, Moderna, Oxford/AstraZeneca, Pfizer/BioNTech",1059057,391251,1450308
2021-03-24,"Johnson&Johnson, Moderna, Oxford/AstraZeneca, Pfizer/BioNTech",1085905,406983,1492888
2021-03-25,"Moderna, Oxford/AstraZeneca, Pfizer/BioNTech",1112222,424827,1537049
2021-03-26,"Johnson&Johnson, Moderna, Oxford/AstraZeneca, Pfizer/BioNTech",1137018,442321,1579339
2021-03-27,"Johnson&Johnson, Moderna, Oxford/AstraZeneca, Pfizer/BioNTech",1145445,447166,1592611
2021-03-28,"Moderna, Oxford/AstraZeneca, Pfizer/BioNTech",1150981,451304,1602285
2021-03-29,"Johnson&Johnson, Moderna, Oxford/AstraZeneca, Pfizer/BioNTech",1170093,472037,1642130
2021-03-30,"Johnson&Johnson, Moderna, Oxford/AstraZeneca, Pfizer/BioNTech",1194785,494209,1688994
2021-03-31,"Johnson&Johnson, Moderna, Oxford/AstraZeneca, Pfizer/BioNTech",1217892,521262,1739154
2021-04-01,"Johnson&Johnson, Moderna, Oxford/AstraZeneca, Pfizer/BioNTech",1243509,553302,1796811
2021-04-02,"Johnson&Johnson, Moderna, Oxford/AstraZeneca, Pfizer/BioNTech",1250427,566087,1816514
2021-04-03,"Johnson&Johnson, Moderna, Oxford/AstraZeneca, Pfizer/BioNTech",1254040,577003,1831043
2021-04-04,"Johnson&Johnson, Moderna, Oxford/AstraZeneca, Pfizer/BioNTech",1256546,585921,1842467
2021-04-05,"Johnson&Johnson, Moderna, Oxford/AstraZeneca, Pfizer/BioNTech",1258946,593101,1852047
2021-04-06,"Johnson&Johnson, Moderna, Oxford/AstraZeneca, Pfizer/BioNTech",1275073,622349,1897422
2021-04-07,"Johnson&Johnson, Moderna, Oxford/AstraZeneca, Pfizer/BioNTech",1298483,644572,1943055
2021-04-08,"Johnson&Johnson, Moderna, Oxford/AstraZeneca, Pfizer/BioNTech",1337185,675585,2012770
2021-04-09,"Johnson&Johnson, Moderna, Oxford/AstraZeneca, Pfizer/BioNTech",1376716,705754,2082470
2021-04-10,"Johnson&Johnson, Moderna, Oxford/AstraZeneca, Pfizer/BioNTech",1392206,721042,2113248
2021-04-11,"Johnson&Johnson, Moderna, Oxford/AstraZeneca, Pfizer/BioNTech",1401979,731078,2133057
2021-04-12,"Johnson&Johnson, Moderna, Oxford/AstraZeneca, Pfizer/BioNTech",1440223,756204,2196427
2021-04-13,"Moderna, Oxford/AstraZeneca, Pfizer/BioNTech",1476467,782235,2258702
2021-04-14,"Moderna, Oxford/AstraZeneca, Pfizer/BioNTech",1515271,809582,2324853
2021-04-15,"Moderna, Oxford/AstraZeneca, Pfizer/BioNTech",1563044,835296,2398340
2021-04-16,"Moderna, Oxford/AstraZeneca, Pfizer/BioNTech",1607688,860928,2468616
2021-04-17,"Moderna, Oxford/AstraZeneca, Pfizer/BioNTech",1624377,869952,2494329
2021-04-18,"Moderna, Oxford/AstraZeneca, Pfizer/BioNTech",1637360,874932,2512292
2021-04-19,"Moderna, Oxford/AstraZeneca, Pfizer/BioNTech",1681332,890390,2571722
2021-04-20,"Johnson&Johnson, Moderna, Oxford/AstraZeneca, Pfizer/BioNTech",1723872,906247,2630119
2021-04-21,"Moderna, Oxford/AstraZeneca, Pfizer/BioNTech",1771591,920594,2692185
2021-04-22,"Johnson&Johnson, Moderna, Oxford/AstraZeneca, Pfizer/BioNTech",1826073,937967,2764040
2021-04-23,"Johnson&Johnson, Moderna, Oxford/AstraZeneca, Pfizer/BioNTech",1876024,950016,2826040
2021-04-24,"Johnson&Johnson, Moderna, Oxford/AstraZeneca, Pfizer/BioNTech",1893850,955255,2849105
2021-04-25,"Johnson&Johnson, Moderna, Oxford/AstraZeneca, Pfizer/BioNTech",1908535,959245,2867780
2021-04-26,"Johnson&Johnson, Moderna, Oxford/AstraZeneca, Pfizer/BioNTech",1958101,966791,2924892
2021-04-27,"Johnson&Johnson, Moderna, Oxford/AstraZeneca, Pfizer/BioNTech",2007063,979010,2986073
2021-04-28,"Johnson&Johnson, Moderna, Oxford/AstraZeneca, Pfizer/BioNTech",2065803,992994,3058797
2021-04-29,"Johnson&Johnson, Moderna, Oxford/AstraZeneca, Pfizer/BioNTech",2131341,1008877,3140218
2021-04-30,"Johnson&Johnson, Moderna, Oxford/AstraZeneca, Pfizer/BioNTech",2193569,1018837,3212406
2021-05-01,"Johnson&Johnson, Moderna, Oxford/AstraZeneca, Pfizer/BioNTech",2212888,1022280,3235168
2021-05-02,"Johnson&Johnson, Moderna, Oxford/AstraZeneca, Pfizer/BioNTech",2231797,1024544,3256341
2021-05-03,"Johnson&Johnson, Moderna, Oxford/AstraZeneca, Pfizer/BioNTech",2299035,1029597,3328632
2021-05-04,"Johnson&Johnson, Moderna, Oxford/AstraZeneca, Pfizer/BioNTech",2365516,1037918,3403434
2021-05-05,"Johnson&Johnson, Moderna, Oxford/AstraZeneca, Pfizer/BioNTech",2438662,1047310,3485972
2021-05-06,"Johnson&Johnson, Moderna, Oxford/AstraZeneca, Pfizer/BioNTech",2519041,1058012,3577053
2021-05-07,"Johnson&Johnson, Moderna, Oxford/AstraZeneca, Pfizer/BioNTech",2596266,1068067,3664333
2021-05-08,"Johnson&Johnson, Moderna, Oxford/AstraZeneca, Pfizer/BioNTech",2625693,1069823,3695516
2021-05-09,"Johnson&Johnson, Moderna, Oxford/AstraZeneca, Pfizer/BioNTech",2649878,1071022,3720900
2021-05-10,"Johnson&Johnson, Moderna, Oxford/AstraZeneca, Pfizer/BioNTech",2722613,1078229,3800842
2021-05-11,"Johnson&Johnson, Moderna, Oxford/AstraZeneca, Pfizer/BioNTech",2798701,1087018,3885719
2021-05-12,"Johnson&Johnson, Moderna, Oxford/AstraZeneca, Pfizer/BioNTech",2878536,1096107,3974643
2021-05-13,"Johnson&Johnson, Moderna, Oxford/AstraZeneca, Pfizer/BioNTech",2962536,1105258,4067794
2021-05-14,"Johnson&Johnson, Moderna, Oxford/AstraZeneca, Pfizer/BioNTech",3041948,1113029,4154977
2021-05-15,"Johnson&Johnson, Moderna, Oxford/AstraZeneca, Pfizer/BioNTech",3073811,1115265,4189076
2021-05-16,"Johnson&Johnson, Moderna, Oxford/AstraZeneca, Pfizer/BioNTech",3099559,1116523,4216082
2021-05-17,"Johnson&Johnson, Moderna, Oxford/AstraZeneca, Pfizer/BioNTech",3172049,1123240,4295289
2021-05-18,"Johnson&Johnson, Moderna, Oxford/AstraZeneca, Pfizer/BioNTech",3243960,1136285,4380245
2021-05-19,"Johnson&Johnson, Moderna, Oxford/AstraZeneca, Pfizer/BioNTech",3321399,1151402,4472801
2021-05-20,"Johnson&Johnson, Moderna, Oxford/AstraZeneca, Pfizer/BioNTech",3396807,1178412,4575219
2021-05-21,"Johnson&Johnson, Moderna, Oxford/AstraZeneca, Pfizer/BioNTech",3465547,1206152,4671699
2021-05-22,"Johnson&Johnson, Moderna, Oxford/AstraZeneca, Pfizer/BioNTech",3497901,1217321,4715222
2021-05-23,"Johnson&Johnson, Moderna, Oxford/AstraZeneca, Pfizer/BioNTech",3520238,1226345,4746583
2021-05-24,"Johnson&Johnson, Moderna, Oxford/AstraZeneca, Pfizer/BioNTech",3567353,1259984,4827337
2021-05-25,"Johnson&Johnson, Moderna, Oxford/AstraZeneca, Pfizer/BioNTech",3619171,1295752,4914923
2021-05-26,"Johnson&Johnson, Moderna, Oxford/AstraZeneca, Pfizer/BioNTech",3686901,1333239,5020140
2021-05-27,"Johnson&Johnson, Moderna, Oxford/AstraZeneca, Pfizer/BioNTech",3748273,1380533,5128806
2021-05-28,"Johnson&Johnson, Moderna, Oxford/AstraZeneca, Pfizer/BioNTech",3809950,1427074,5237024
2021-05-29,"Johnson&Johnson, Moderna, Oxford/AstraZeneca, Pfizer/BioNTech",3839112,1444167,5283279
2021-05-30,"Johnson&Johnson, Moderna, Oxford/AstraZeneca, Pfizer/BioNTech",3861461,1458590,5320051
2021-05-31,"Johnson&Johnson, Moderna, Oxford/AstraZeneca, Pfizer/BioNTech",3917176,1506104,5423280
2021-06-01,"Johnson&Johnson, Moderna, Oxford/AstraZeneca, Pfizer/BioNTech",3976182,1554919,5531101
2021-06-02,"Johnson&Johnson, Moderna, Oxford/AstraZeneca, Pfizer/BioNTech",4039051,1608863,5647914
2021-06-03,"Johnson&Johnson, Moderna, Oxford/AstraZeneca, Pfizer/BioNTech",4097259,1669032,5766291
2021-06-04,"Johnson&Johnson, Moderna, Oxford/AstraZeneca, Pfizer/BioNTech",4160319,1726385,5886704
2021-06-05,"Johnson&Johnson, Moderna, Oxford/AstraZeneca, Pfizer/BioNTech",4194444,1745182,5939626
2021-06-06,"Johnson&Johnson, Moderna, Oxford/AstraZeneca, Pfizer/BioNTech",4221349,1760288,5981637
2021-06-07,"Johnson&Johnson, Moderna, Oxford/AstraZeneca, Pfizer/BioNTech",4285015,1815871,6100886
2021-06-08,"Johnson&Johnson, Moderna, Oxford/AstraZeneca, Pfizer/BioNTech",4348983,1870815,6219798
2021-06-09,"Johnson&Johnson, Moderna, Oxford/AstraZeneca, Pfizer/BioNTech",4408152,1935283,6343435
2021-06-10,"Johnson&Johnson, Moderna, Oxford/AstraZeneca, Pfizer/BioNTech",4462014,2006379,6468393
2021-06-11,"Johnson&Johnson, Moderna, Oxford/AstraZeneca, Pfizer/BioNTech",4514104,2076072,6590176
2021-06-12,"Johnson&Johnson, Moderna, Oxford/AstraZeneca, Pfizer/BioNTech",4546099,2096823,6642922
2021-06-13,"Johnson&Johnson, Moderna, Oxford/AstraZeneca, Pfizer/BioNTech",4570107,2115195,6685302
2021-06-14,"Johnson&Johnson, Moderna, Oxford/AstraZeneca, Pfizer/BioNTech",4613171,2189523,6802694
2021-06-15,"Johnson&Johnson, Moderna, Oxford/AstraZeneca, Pfizer/BioNTech",4657811,2261810,6919621
2021-06-16,"Johnson&Johnson, Moderna, Oxford/AstraZeneca, Pfizer/BioNTech",4700536,2339977,7040513
2021-06-17,"Johnson&Johnson, Moderna, Oxford/AstraZeneca, Pfizer/BioNTech",4739906,2422984,7162890
2021-06-18,"Johnson&Johnson, Moderna, Oxford/AstraZeneca, Pfizer/BioNTech",4782281,2503417,7285698
2021-06-19,"Johnson&Johnson, Moderna, Oxford/AstraZeneca, Pfizer/BioNTech",4804025,2532648,7336673
2021-06-20,"Johnson&Johnson, Moderna, Oxford/AstraZeneca, Pfizer/BioNTech",4821384,2556437,7377821
2021-06-21,"Johnson&Johnson, Moderna, Oxford/AstraZeneca, Pfizer/BioNTech",4853881,2634936,7488817
2021-06-22,"Johnson&Johnson, Moderna, Oxford/AstraZeneca, Pfizer/BioNTech",4886831,2717124,7603955
2021-06-23,"Johnson&Johnson, Moderna, Oxford/AstraZeneca, Pfizer/BioNTech",4918478,2802271,7720749
2021-06-24,"Johnson&Johnson, Moderna, Oxford/AstraZeneca, Pfizer/BioNTech",4948309,2892227,7840536
2021-06-25,"Johnson&Johnson, Moderna, Oxford/AstraZeneca, Pfizer/BioNTech",4979355,2978294,7957649
2021-06-26,"Johnson&Johnson, Moderna, Oxford/AstraZeneca, Pfizer/BioNTech",4995209,3013055,8008264
2021-06-27,"Johnson&Johnson, Moderna, Oxford/AstraZeneca, Pfizer/BioNTech",5009145,3039662,8048807
2021-06-28,"Johnson&Johnson, Moderna, Oxford/AstraZeneca, Pfizer/BioNTech",5037544,3124770,8162314
2021-06-29,"Johnson&Johnson, Moderna, Oxford/AstraZeneca, Pfizer/BioNTech",5066804,3211162,8277966
2021-06-30,"Johnson&Johnson, Moderna, Oxford/AstraZeneca, Pfizer/BioNTech",5094288,3302052,8396340
2021-07-01,"Johnson&Johnson, Moderna, Oxford/AstraZeneca, Pfizer/BioNTech",5118252,3392018,8510270
2021-07-02,"Johnson&Johnson, Moderna, Oxford/AstraZeneca, Pfizer/BioNTech",5144959,3477777,8622736
2021-07-03,"Johnson&Johnson, Moderna, Oxford/AstraZeneca, Pfizer/BioNTech",5152032,3509247,8661279
2021-07-04,"Johnson&Johnson, Moderna, Oxford/AstraZeneca, Pfizer/BioNTech",5159581,3531017,8690598
2021-07-05,"Johnson&Johnson, Moderna, Oxford/AstraZeneca, Pfizer/BioNTech",5166941,3556345,8723286
2021-07-06,"Johnson&Johnson, Moderna, Oxford/AstraZeneca, Pfizer/BioNTech",5172343,3583940,8756283
2021-07-07,"Johnson&Johnson, Moderna, Oxford/AstraZeneca, Pfizer/BioNTech",5198118,3662840,8860958
2021-07-08,"Johnson&Johnson, Moderna, Oxford/AstraZeneca, Pfizer/BioNTech",5224710,3733095,8957805
2021-07-09,"Johnson&Johnson, Moderna, Oxford/AstraZeneca, Pfizer/BioNTech",5252617,3802293,9054910
2021-07-10,"Johnson&Johnson, Moderna, Oxford/AstraZeneca, Pfizer/BioNTech",5261956,3830875,9092831
2021-07-11,"Johnson&Johnson, Moderna, Oxford/AstraZeneca, Pfizer/BioNTech",5270474,3853730,9124204
2021-07-12,"Johnson&Johnson, Moderna, Oxford/AstraZeneca, Pfizer/BioNTech",5297993,3922757,9220750
2021-07-13,"Johnson&Johnson, Moderna, Oxford/AstraZeneca, Pfizer/BioNTech",5324159,3992565,9316724
2021-07-14,"Johnson&Johnson, Moderna, Oxford/AstraZeneca, Pfizer/BioNTech",5349957,4064473,9414430
2021-07-15,"Johnson&Johnson, Moderna, Oxford/AstraZeneca, Pfizer/BioNTech",5379122,4130412,9509534
2021-07-16,"Johnson&Johnson, Moderna, Oxford/AstraZeneca, Pfizer/BioNTech",5407024,4203049,9610073
2021-07-17,"Johnson&Johnson, Moderna, Oxford/AstraZeneca, Pfizer/BioNTech",5415787,4234440,9650227
2021-07-18,"Johnson&Johnson, Moderna, Oxford/AstraZeneca, Pfizer/BioNTech",5424222,4260404,9684626
2021-07-19,"Johnson&Johnson, Moderna, Oxford/AstraZeneca, Pfizer/BioNTech",5447563,4327366,9774929
2021-07-20,"Johnson&Johnson, Moderna, Oxford/AstraZeneca, Pfizer/BioNTech",5468938,4394335,9863273
2021-07-21,"Johnson&Johnson, Moderna, Oxford/AstraZeneca, Pfizer/BioNTech",5492380,4457725,9950105
2021-07-22,"Johnson&Johnson, Moderna, Oxford/AstraZeneca, Pfizer/BioNTech",5514731,4516276,10031007
2021-07-23,"Johnson&Johnson, Moderna, Oxford/AstraZeneca, Pfizer/BioNTech",5537914,4570948,10108862
2021-07-24,"Johnson&Johnson, Moderna, Oxford/AstraZeneca, Pfizer/BioNTech",5545219,4598566,10143785
2021-07-25,"Johnson&Johnson, Moderna, Oxford/AstraZeneca, Pfizer/BioNTech",5551826,4620660,10172486
2021-07-26,"Johnson&Johnson, Moderna, Oxford/AstraZeneca, Pfizer/BioNTech",5575351,4669262,10244613
2021-07-27,"Johnson&Johnson, Moderna, Oxford/AstraZeneca, Pfizer/BioNTech",5598071,4715822,10313893
2021-07-28,"Johnson&Johnson, Moderna, Oxford/AstraZeneca, Pfizer/BioNTech",5619306,4761721,10381027
2021-07-29,"Johnson&Johnson, Moderna, Oxford/AstraZeneca, Pfizer/BioNTech",5640612,4803594,10444206
2021-07-30,"Johnson&Johnson, Moderna, Oxford/AstraZeneca, Pfizer/BioNTech",5663873,4846070,10509943
2021-07-31,"Johnson&Johnson, Moderna, Oxford/AstraZeneca, Pfizer/BioNTech",5672787,4865565,10538352
2021-08-01,"Johnson&Johnson, Moderna, Oxford/AstraZeneca, Pfizer/BioNTech",5679500,4881706,10561206
2021-08-02,"Johnson&Johnson, Moderna, Oxford/AstraZeneca, Pfizer/BioNTech",5698113,4919201,10617314
2021-08-03,"Johnson&Johnson, Moderna, Oxford/AstraZeneca, Pfizer/BioNTech",5715734,4957242,10672976
2021-08-04,"Johnson&Johnson, Moderna, Oxford/AstraZeneca, Pfizer/BioNTech",5731815,4993916,10725731
2021-08-05,"Johnson&Johnson, Moderna, Oxford/AstraZeneca, Pfizer/BioNTech",5747832,5034324,10782156
2021-08-06,"Johnson&Johnson, Moderna, Oxford/AstraZeneca, Pfizer/BioNTech",5764610,5077541,10842151
2021-08-07,"Johnson&Johnson, Moderna, Oxford/AstraZeneca, Pfizer/BioNTech",5770195,5095676,10865871
2021-08-08,"Johnson&Johnson, Moderna, Oxford/AstraZeneca, Pfizer/BioNTech",5774545,5111404,10885949
2021-08-09,"Johnson&Johnson, Moderna, Oxford/AstraZeneca, Pfizer/BioNTech",5787181,5156402,10943583
2021-08-10,"Johnson&Johnson, Moderna, Oxford/AstraZeneca, Pfizer/BioNTech",5799008,5195920,10994928
2021-08-11,"Johnson&Johnson, Moderna, Oxford/AstraZeneca, Pfizer/BioNTech",5810360,5239003,11049363
2021-08-12,"Johnson&Johnson, Moderna, Oxford/AstraZeneca, Pfizer/BioNTech",5821774,5276081,11097855
2021-08-13,"Johnson&Johnson, Moderna, Oxford/AstraZeneca, Pfizer/BioNTech",5832486,5316365,11148851
2021-08-14,"Johnson&Johnson, Moderna, Oxford/AstraZeneca, Pfizer/BioNTech",5835821,5327042,11162863
2021-08-15,"Johnson&Johnson, Moderna, Oxford/AstraZeneca, Pfizer/BioNTech",5838400,5337395,11175795
2021-08-16,"Johnson&Johnson, Moderna, Oxford/AstraZeneca, Pfizer/BioNTech",5848178,5371427,11219605
2021-08-17,"Johnson&Johnson, Moderna, Oxford/AstraZeneca, Pfizer/BioNTech",5857766,5398486,11256252
2021-08-18,"Johnson&Johnson, Moderna, Oxford/AstraZeneca, Pfizer/BioNTech",5867129,5437316,11304445
2021-08-19,"Johnson&Johnson, Moderna, Oxford/AstraZeneca, Pfizer/BioNTech",5876789,5475628,11352417
2021-08-20,"Johnson&Johnson, Moderna, Oxford/AstraZeneca, Pfizer/BioNTech",5888167,5515782,11403949
2021-08-21,"Johnson&Johnson, Moderna, Oxford/AstraZeneca, Pfizer/BioNTech",5890880,5528516,11419396
2021-08-22,"Johnson&Johnson, Moderna, Oxford/AstraZeneca, Pfizer/BioNTech",5893218,5540468,11433686
2021-08-23,"Johnson&Johnson, Moderna, Oxford/AstraZeneca, Pfizer/BioNTech",5903746,5579697,11483443
2021-08-24,"Johnson&Johnson, Moderna, Oxford/AstraZeneca, Pfizer/BioNTech",5913608,5612914,11526522
2021-08-25,"Johnson&Johnson, Moderna, Oxford/AstraZeneca, Pfizer/BioNTech",5922468,5641249,11563717
2021-08-26,"Johnson&Johnson, Moderna, Oxford/AstraZeneca, Pfizer/BioNTech",5930910,5667349,11598259
2021-08-27,"Johnson&Johnson, Moderna, Oxford/AstraZeneca, Pfizer/BioNTech",5941219,5693267,11634486
2021-08-28,"Johnson&Johnson, Moderna, Oxford/AstraZeneca, Pfizer/BioNTech",5943940,5700292,11644232
2021-08-29,"Johnson&Johnson, Moderna, Oxford/AstraZeneca, Pfizer/BioNTech",5946342,5706903,11653245
2021-08-30,"Johnson&Johnson, Moderna, Oxford/AstraZeneca, Pfizer/BioNTech",5954860,5728748,11683608
2021-08-31,"Johnson&Johnson, Moderna, Oxford/AstraZeneca, Pfizer/BioNTech",5962520,5746799,11709319
2021-09-01,"Johnson&Johnson, Moderna, Oxford/AstraZeneca, Pfizer/BioNTech",5968400,5760772,11729172
2021-09-02,"Johnson&Johnson, Moderna, Oxford/AstraZeneca, Pfizer/BioNTech",5975225,5775137,11750362
2021-09-03,"Johnson&Johnson, Moderna, Oxford/AstraZeneca, Pfizer/BioNTech",5984774,5790819,11775593
2021-09-04,"Johnson&Johnson, Moderna, Oxford/AstraZeneca, Pfizer/BioNTech",5986836,5794365,11781201
2021-09-05,"Johnson&Johnson, Moderna, Oxford/AstraZeneca, Pfizer/BioNTech",5988868,5797204,11786072
2021-09-06,"Johnson&Johnson, Moderna, Oxford/AstraZeneca, Pfizer/BioNTech",5995092,5809710,11804802
2021-09-07,"Johnson&Johnson, Moderna, Oxford/AstraZeneca, Pfizer/BioNTech",5999466,5820793,11820259
2021-09-08,"Johnson&Johnson, Moderna, Oxford/AstraZeneca, Pfizer/BioNTech",6005123,5830621,11835744
2021-09-09,"Johnson&Johnson, Moderna, Oxford/AstraZeneca, Pfizer/BioNTech",6011797,5840668,11852465
2021-09-10,"Johnson&Johnson, Moderna, Oxford/AstraZeneca, Pfizer/BioNTech",6019474,5852829,11872303
2021-09-11,"Johnson&Johnson, Moderna, Oxford/AstraZeneca, Pfizer/BioNTech",6021335,5855300,11876635
2021-09-12,"Johnson&Johnson, Moderna, Oxford/AstraZeneca, Pfizer/BioNTech",6022448,5856920,11879368
2021-09-13,"Johnson&Johnson, Moderna, Oxford/AstraZeneca, Pfizer/BioNTech",6027872,5867204,11895076
2021-09-14,"Johnson&Johnson, Moderna, Oxford/AstraZeneca, Pfizer/BioNTech",6033251,5876198,11909449
2021-09-15,"Johnson&Johnson, Moderna, Oxford/AstraZeneca, Pfizer/BioNTech",6038437,5884706,11923143
2021-09-16,"Johnson&Johnson, Moderna, Oxford/AstraZeneca, Pfizer/BioNTech",6043779,5892963,11936742
2021-09-17,"Johnson&Johnson, Moderna, Oxford/AstraZeneca, Pfizer/BioNTech",6050341,5903166,11953507
2021-09-18,"Johnson&Johnson, Moderna, Oxford/AstraZeneca, Pfizer/BioNTech",6052064,5905515,11957579
2021-09-19,"Johnson&Johnson, Moderna, Oxford/AstraZeneca, Pfizer/BioNTech",6053004,5907078,11960082
2021-09-20,"Johnson&Johnson, Moderna, Oxford/AstraZeneca, Pfizer/BioNTech",6057007,5915262,11972269
2021-09-21,"Johnson&Johnson, Moderna, Oxford/AstraZeneca, Pfizer/BioNTech",6061232,5922784,11984016
2021-09-22,"Johnson&Johnson, Moderna, Oxford/AstraZeneca, Pfizer/BioNTech",6065405,5928289,11993694
2021-09-23,"Johnson&Johnson, Moderna, Oxford/AstraZeneca, Pfizer/BioNTech",6070381,5934690,12005071
2021-09-24,"Johnson&Johnson, Moderna, Oxford/AstraZeneca, Pfizer/BioNTech",6076132,5944296,12020428
2021-09-25,"Johnson&Johnson, Moderna, Oxford/AstraZeneca, Pfizer/BioNTech",6077622,5946282,12023904
2021-09-26,"Johnson&Johnson, Moderna, Pfizer/BioNTech",6078362,5947910,12026272
2021-09-27,"Johnson&Johnson, Moderna, Oxford/AstraZeneca, Pfizer/BioNTech",6082234,5954396,12036630
2021-09-28,"Johnson&Johnson, Moderna, Pfizer/BioNTech",6082590,5954997,12037587
2021-09-29,"Johnson&Johnson, Moderna, Oxford/AstraZeneca, Pfizer/BioNTech",6086359,5962438,12048797
2021-09-30,"Johnson&Johnson, Moderna, Oxford/AstraZeneca, Pfizer/BioNTech",6090852,5970120,12060972
2021-10-01,"Johnson&Johnson, Moderna, Oxford/AstraZeneca, Pfizer/BioNTech",6095135,5978070,12073205
2021-10-02,"Johnson&Johnson, Moderna, Oxford/AstraZeneca, Pfizer/BioNTech",6096194,5979604,12075798
2021-10-03,"Johnson&Johnson, Moderna, Pfizer/BioNTech",6096909,5980465,12077374
2021-10-04,"Johnson&Johnson, Moderna, Oxford/AstraZeneca, Pfizer/BioNTech",6099976,5986027,12086003
2021-10-05,"Johnson&Johnson, Moderna, Oxford/AstraZeneca, Pfizer/BioNTech",6103127,5991085,12094212
2021-10-06,"Johnson&Johnson, Moderna, Oxford/AstraZeneca, Pfizer/BioNTech",6106634,5996238,12102872
2021-10-07,"Johnson&Johnson, Moderna, Oxford/AstraZeneca, Pfizer/BioNTech",6109904,6001483,12111387
2021-10-08,"Johnson&Johnson, Moderna, Oxford/AstraZeneca, Pfizer/BioNTech",6114683,6008095,12122778
2021-10-09,"Johnson&Johnson, Moderna, Oxford/AstraZeneca, Pfizer/BioNTech",6115921,6009745,12125666
2021-10-10,"Johnson&Johnson, Moderna, Oxford/AstraZeneca, Pfizer/BioNTech",6116861,6010574,12127435
2021-10-11,"Johnson&Johnson, Moderna, Oxford/AstraZeneca, Pfizer/BioNTech",6119782,6014975,12134757
2021-10-12,"Johnson&Johnson, Moderna, Oxford/AstraZeneca, Pfizer/BioNTech",6122694,6018968,12141662
2021-10-13,"Johnson&Johnson, Moderna, Oxford/AstraZeneca, Pfizer/BioNTech",6126223,6023144,12149367
2021-10-14,"Johnson&Johnson, Moderna, Oxford/AstraZeneca, Pfizer/BioNTech",6129896,6028085,12157981
2021-10-15,"Johnson&Johnson, Moderna, Oxford/AstraZeneca, Pfizer/BioNTech",6135117,6034214,12169331
2021-10-16,"Johnson&Johnson, Moderna, Oxford/AstraZeneca, Pfizer/BioNTech",6136512,6035728,12172240
2021-10-17,"Johnson&Johnson, Moderna, Pfizer/BioNTech",6137831,6036779,12174610
2021-10-18,"Johnson&Johnson, Moderna, Oxford/AstraZeneca, Pfizer/BioNTech",6141940,6040868,12182808
2021-10-19,"Johnson&Johnson, Moderna, Oxford/AstraZeneca, Pfizer/BioNTech",6145483,6042951,12188434
2021-10-20,"Johnson&Johnson, Moderna, Oxford/AstraZeneca, Pfizer/BioNTech",6150336,6047392,12197728
2021-10-21,"Johnson&Johnson, Moderna, Oxford/AstraZeneca, Pfizer/BioNTech",6158067,6052979,12211046
2021-10-22,"Johnson&Johnson, Moderna, Oxford/AstraZeneca, Pfizer/BioNTech",6168497,6059476,12227973
2021-10-23,"Johnson&Johnson, Moderna, Pfizer/BioNTech",6172158,6061675,12233833
2021-10-24,"Johnson&Johnson, Moderna, Pfizer/BioNTech",6174840,6063447,12238287
2021-10-25,"Johnson&Johnson, Moderna, Oxford/AstraZeneca, Pfizer/BioNTech",6185299,6069239,12254538
2021-10-26,"Johnson&Johnson, Moderna, Oxford/AstraZeneca, Pfizer/BioNTech",6197192,6075769,12272961
2021-10-27,"Johnson&Johnson, Moderna, Oxford/AstraZeneca, Pfizer/BioNTech",6211708,6083161,12294869
2021-10-28,"Johnson&Johnson, Moderna, Pfizer/BioNTech",6215057,6084828,12299885
2021-10-29,"Johnson&Johnson, Moderna, Oxford/AstraZeneca, Pfizer/BioNTech",6229419,6092788,12322207
2021-10-30,"Johnson&Johnson, Moderna, Pfizer/BioNTech",6233942,6095698,12329640
2021-10-31,"Johnson&Johnson, Moderna, Oxford/AstraZeneca, Pfizer/BioNTech",6237697,6098165,12335862
2021-11-01,"Johnson&Johnson, Moderna, Oxford/AstraZeneca, Pfizer/BioNTech",6252795,6105847,12358642
2021-11-02,"Johnson&Johnson, Moderna, Oxford/AstraZeneca, Pfizer/BioNTech",6268086,6113384,12381470
2021-11-03,"Johnson&Johnson, Moderna, Oxford/AstraZeneca, Pfizer/BioNTech",6285168,6120670,12405838
2021-11-04,"Johnson&Johnson, Moderna, Oxford/AstraZeneca, Pfizer/BioNTech",6303367,6128832,12432199
2021-11-05,"Johnson&Johnson, Moderna, Oxford/AstraZeneca, Pfizer/BioNTech",6326059,6140087,12466146
2021-11-06,"Johnson&Johnson, Moderna, Oxford/AstraZeneca, Pfizer/BioNTech",6332544,6143136,12475680
2021-11-07,"Johnson&Johnson, Moderna, Oxford/AstraZeneca, Pfizer/BioNTech",6336558,6145566,12482124
2021-11-08,"Johnson&Johnson, Moderna, Oxford/AstraZeneca, Pfizer/BioNTech",6352714,6153187,12505901
2021-11-09,"Johnson&Johnson, Moderna, Oxford/AstraZeneca, Pfizer/BioNTech",6367415,6160470,12527885
2021-11-10,"Johnson&Johnson, Moderna, Oxford/AstraZeneca, Pfizer/BioNTech",6383046,6167835,12550881
2021-11-11,"Johnson&Johnson, Moderna, Oxford/AstraZeneca, Pfizer/BioNTech",6398368,6176908,12575276
2021-11-12,"Johnson&Johnson, Moderna, Oxford/AstraZeneca, Pfizer/BioNTech",6418019,6189654,12607673
2021-11-13,"Johnson&Johnson, Moderna, Oxford/AstraZeneca, Pfizer/BioNTech",6423401,6193511,12616912
2021-11-14,"Johnson&Johnson, Moderna, Oxford/AstraZeneca, Pfizer/BioNTech",6427259,6196504,12623763
2021-11-15,"Johnson&Johnson, Moderna, Oxford/AstraZeneca, Pfizer/BioNTech",6442282,6207170,12649452
2021-11-16,"Johnson&Johnson, Moderna, Oxford/AstraZeneca, Pfizer/BioNTech",6459717,6219063,12678780
2021-11-17,"Johnson&Johnson, Moderna, Oxford/AstraZeneca, Pfizer/BioNTech",6463898,6222613,12686511
2021-11-18,"Johnson&Johnson, Moderna, Oxford/AstraZeneca, Pfizer/BioNTech",6483177,6234255,12717432
2021-11-19,"Johnson&Johnson, Moderna, Oxford/AstraZeneca, Pfizer/BioNTech",6507589,6251149,12758738
2021-11-20,"Johnson&Johnson, Moderna, Oxford/AstraZeneca, Pfizer/BioNTech",6516102,6256102,12772204
2021-11-21,"Johnson&Johnson, Moderna, Oxford/AstraZeneca, Pfizer/BioNTech",6522846,6259852,12782698
2021-11-22,"Johnson&Johnson, Moderna, Oxford/AstraZeneca, Pfizer/BioNTech",6541143,6273856,12814999
2021-11-23,"Johnson&Johnson, Moderna, Oxford/AstraZeneca, Pfizer/BioNTech",6560061,6286977,12847038
2021-11-24,"Johnson&Johnson, Moderna, Oxford/AstraZeneca, Pfizer/BioNTech",6578911,6302729,12881640
2021-11-25,"Johnson&Johnson, Moderna, Oxford/AstraZeneca, Pfizer/BioNTech",6597955,6317618,12915573
2021-11-26,"Johnson&Johnson, Moderna, Oxford/AstraZeneca, Pfizer/BioNTech",6619349,6336514,12955863
2021-11-27,"Johnson&Johnson, Moderna, Oxford/AstraZeneca, Pfizer/BioNTech",6626728,6342004,12968732
2021-11-28,"Johnson&Johnson, Moderna, Pfizer/BioNTech",6630029,6345124,12975153
2021-11-29,"Johnson&Johnson, Moderna, Oxford/AstraZeneca, Pfizer/BioNTech",6645032,6358650,13003682
2021-11-30,"Johnson&Johnson, Moderna, Oxford/AstraZeneca, Pfizer/BioNTech",6657993,6369630,13027623
2021-12-01,"Johnson&Johnson, Moderna, Oxford/AstraZeneca, Pfizer/BioNTech",6671740,6381818,13053558
2021-12-02,"Johnson&Johnson, Moderna, Oxford/AstraZeneca, Pfizer/BioNTech",6682134,6393995,13076129
2021-12-03,"Johnson&Johnson, Moderna, Oxford/AstraZeneca, Pfizer/BioNTech",6691120,6408900,13100020
2021-12-04,"Johnson&Johnson, Moderna, Oxford/AstraZeneca, Pfizer/BioNTech",6693322,6412449,13105771
