date,vaccine,people_vaccinated,people_fully_vaccinated,total_vaccinations
2020-12-27,Pfizer/BioNTech,1250,0,1250
2020-12-28,Pfizer/BioNTech,3548,0,3548
2020-12-29,Pfizer/BioNTech,6993,0,6993
2020-12-30,Pfizer/BioNTech,10467,0,10467
2020-12-31,Pfizer/BioNTech,11773,0,11773
2021-01-01,Pfizer/BioNTech,12034,0,12034
2021-01-02,Pfizer/BioNTech,13300,0,13300
2021-01-03,Pfizer/BioNTech,14214,0,14214
2021-01-04,Pfizer/BioNTech,17780,0,17780
2021-01-05,Pfizer/BioNTech,22275,0,22275
2021-01-06,Pfizer/BioNTech,28090,0,28090
2021-01-07,Pfizer/BioNTech,36026,0,36026
2021-01-08,Pfizer/BioNTech,45953,0,45953
2021-01-09,Pfizer/BioNTech,47965,0,47965
2021-01-10,Pfizer/BioNTech,49714,0,49714
2021-01-11,Pfizer/BioNTech,59499,0,59499
2021-01-12,Pfizer/BioNTech,72849,0,72849
2021-01-13,Pfizer/BioNTech,86323,0,86323
2021-01-14,"Moderna, Pfizer/BioNTech",101481,0,101481
2021-01-15,"Moderna, Pfizer/BioNTech",115405,0,115405
2021-01-16,"Moderna, Pfizer/BioNTech",118778,2,118780
2021-01-17,"Moderna, Pfizer/BioNTech",121372,635,122007
2021-01-18,"Moderna, Pfizer/BioNTech",133820,2365,136185
2021-01-19,"Moderna, Pfizer/BioNTech",146322,5062,151384
2021-01-20,"Moderna, Pfizer/BioNTech",159863,7681,167544
2021-01-21,"Moderna, Pfizer/BioNTech",175401,9400,184801
2021-01-22,"Moderna, Pfizer/BioNTech",190138,10434,200572
2021-01-23,"Moderna, Pfizer/BioNTech",193412,11299,204711
2021-01-24,"Moderna, Pfizer/BioNTech",195656,12160,207816
2021-01-25,"Moderna, Pfizer/BioNTech",205253,15101,220354
2021-01-26,"Moderna, Pfizer/BioNTech",215747,19056,234803
2021-01-27,"Moderna, Pfizer/BioNTech",224729,23544,248273
2021-01-28,"Moderna, Pfizer/BioNTech",231759,29621,261380
2021-01-29,"Moderna, Pfizer/BioNTech",237933,37418,275351
2021-01-30,"Moderna, Pfizer/BioNTech",238651,38500,277151
2021-01-31,Pfizer/BioNTech,239352,39669,279021
2021-02-01,"Moderna, Pfizer/BioNTech",243290,47539,290829
2021-02-02,"Moderna, Pfizer/BioNTech",247405,57697,305102
2021-02-03,"Moderna, Pfizer/BioNTech",251786,68638,320424
2021-02-04,"Moderna, Pfizer/BioNTech",256656,81534,338190
2021-02-05,"Moderna, Pfizer/BioNTech",262087,92141,354228
2021-02-06,"Moderna, Pfizer/BioNTech",262923,94474,357397
2021-02-07,"Moderna, Pfizer/BioNTech",263767,96944,360711
2021-02-08,"Moderna, Pfizer/BioNTech",267775,108265,376040
2021-02-09,"Moderna, Pfizer/BioNTech",272812,120102,392914
2021-02-10,"Moderna, Pfizer/BioNTech",278331,133189,411520
2021-02-11,"Moderna, Oxford/AstraZeneca, Pfizer/BioNTech",284609,149249,433858
2021-02-12,"Moderna, Oxford/AstraZeneca, Pfizer/BioNTech",291318,163854,455172
2021-02-13,"Moderna, Oxford/AstraZeneca, Pfizer/BioNTech",292886,166811,459697
2021-02-14,"Moderna, Oxford/AstraZeneca, Pfizer/BioNTech",293874,168176,462050
2021-02-15,"Moderna, Oxford/AstraZeneca, Pfizer/BioNTech",300211,177471,477682
2021-02-16,"Moderna, Oxford/AstraZeneca, Pfizer/BioNTech",308818,186453,495271
2021-02-17,"Moderna, Oxford/AstraZeneca, Pfizer/BioNTech",318464,194627,513091
2021-02-18,"Moderna, Oxford/AstraZeneca, Pfizer/BioNTech",330704,202600,533304
2021-02-19,"Moderna, Oxford/AstraZeneca, Pfizer/BioNTech",342446,209823,552269
2021-02-20,"Moderna, Oxford/AstraZeneca, Pfizer/BioNTech",344366,210985,555351
2021-02-21,"Moderna, Oxford/AstraZeneca, Pfizer/BioNTech",345389,211991,557380
2021-02-22,"Moderna, Oxford/AstraZeneca, Pfizer/BioNTech",355450,217967,573417
2021-02-23,"Moderna, Oxford/AstraZeneca, Pfizer/BioNTech",368251,224888,593139
2021-02-24,"Moderna, Oxford/AstraZeneca, Pfizer/BioNTech",382014,230875,612889
2021-02-25,"Moderna, Oxford/AstraZeneca, Pfizer/BioNTech",399871,236378,636249
2021-02-26,"Moderna, Oxford/AstraZeneca, Pfizer/BioNTech",415889,241684,657573
2021-02-27,"Moderna, Oxford/AstraZeneca, Pfizer/BioNTech",418817,242232,661049
2021-02-28,"Moderna, Oxford/AstraZeneca, Pfizer/BioNTech",421144,242771,663915
2021-03-01,"Moderna, Oxford/AstraZeneca, Pfizer/BioNTech",440425,246148,686573
2021-03-02,"Moderna, Oxford/AstraZeneca, Pfizer/BioNTech",467223,249660,716883
2021-03-03,"Moderna, Oxford/AstraZeneca, Pfizer/BioNTech",497560,254126,751686
2021-03-04,"Moderna, Oxford/AstraZeneca, Pfizer/BioNTech",530374,258741,789115
2021-03-05,"Moderna, Oxford/AstraZeneca, Pfizer/BioNTech",558847,264071,822918
2021-03-06,"Moderna, Oxford/AstraZeneca, Pfizer/BioNTech",570806,264893,835699
2021-03-07,"Moderna, Oxford/AstraZeneca, Pfizer/BioNTech",582157,265716,847873
2021-03-08,"Moderna, Oxford/AstraZeneca, Pfizer/BioNTech",611617,270508,882125
2021-03-09,"Moderna, Oxford/AstraZeneca, Pfizer/BioNTech",647515,276822,924337
2021-03-10,"Moderna, Oxford/AstraZeneca, Pfizer/BioNTech",688363,283716,972079
2021-03-11,"Moderna, Oxford/AstraZeneca, Pfizer/BioNTech",732719,292009,1024728
2021-03-12,"Moderna, Oxford/AstraZeneca, Pfizer/BioNTech",771047,300352,1071399
2021-03-13,"Moderna, Oxford/AstraZeneca, Pfizer/BioNTech",788000,301624,1089624
2021-03-14,"Moderna, Oxford/AstraZeneca, Pfizer/BioNTech",800026,302749,1102775
2021-03-15,"Moderna, Oxford/AstraZeneca, Pfizer/BioNTech",828063,311451,1139514
2021-03-16,"Moderna, Oxford/AstraZeneca, Pfizer/BioNTech",866600,321871,1188471
2021-03-17,"Moderna, Oxford/AstraZeneca, Pfizer/BioNTech",903736,332298,1236034
2021-03-18,"Moderna, Oxford/AstraZeneca, Pfizer/BioNTech",941239,344628,1285867
2021-03-19,"Moderna, Oxford/AstraZeneca, Pfizer/BioNTech",975192,358127,1333319
2021-03-20,"Moderna, Oxford/AstraZeneca, Pfizer/BioNTech",990155,360126,1350281
2021-03-21,"Moderna, Oxford/AstraZeneca, Pfizer/BioNTech",997488,361652,1359140
2021-03-22,"Moderna, Oxford/AstraZeneca, Pfizer/BioNTech",1021551,373993,1395544
2021-03-23,"Moderna, Oxford/AstraZeneca, Pfizer/BioNTech",1047785,387210,1434995
2021-03-24,"Moderna, Oxford/AstraZeneca, Pfizer/BioNTech",1074274,402775,1477049
2021-03-25,"Moderna, Oxford/AstraZeneca, Pfizer/BioNTech",1100307,420542,1520849
2021-03-26,"Moderna, Oxford/AstraZeneca, Pfizer/BioNTech",1124772,437924,1562696
2021-03-27,"Moderna, Oxford/AstraZeneca, Pfizer/BioNTech",1133104,442679,1575783
2021-03-28,"Moderna, Oxford/AstraZeneca, Pfizer/BioNTech",1138578,446770,1585348
2021-03-29,"Moderna, Oxford/AstraZeneca, Pfizer/BioNTech",1157367,467261,1624628
2021-03-30,"Moderna, Oxford/AstraZeneca, Pfizer/BioNTech",1181748,489262,1671010
2021-03-31,"Moderna, Oxford/AstraZeneca, Pfizer/BioNTech",1204523,516054,1720577
2021-04-01,"Moderna, Oxford/AstraZeneca, Pfizer/BioNTech",1229750,547791,1777541
2021-04-02,"Moderna, Oxford/AstraZeneca, Pfizer/BioNTech",1236446,560471,1796917
2021-04-03,"Moderna, Oxford/AstraZeneca, Pfizer/BioNTech",1239908,571334,1811242
2021-04-04,"Moderna, Oxford/AstraZeneca, Pfizer/BioNTech",1242359,580059,1822418
2021-04-05,"Moderna, Oxford/AstraZeneca, Pfizer/BioNTech",1244643,587181,1831824
2021-04-06,"Moderna, Oxford/AstraZeneca, Pfizer/BioNTech",1260521,616186,1876707
2021-04-07,"Moderna, Oxford/AstraZeneca, Pfizer/BioNTech",1283548,638136,1921684
2021-04-08,"Moderna, Oxford/AstraZeneca, Pfizer/BioNTech",1321329,668856,1990185
2021-04-09,"Moderna, Oxford/AstraZeneca, Pfizer/BioNTech",1359610,698644,2058254
2021-04-10,"Moderna, Oxford/AstraZeneca, Pfizer/BioNTech",1374845,713788,2088633
2021-04-11,"Moderna, Oxford/AstraZeneca, Pfizer/BioNTech",1384489,723761,2108250
2021-04-12,"Moderna, Oxford/AstraZeneca, Pfizer/BioNTech",1421865,748370,2170235
2021-04-13,"Moderna, Oxford/AstraZeneca, Pfizer/BioNTech",1457265,774103,2231368
2021-04-14,"Moderna, Oxford/AstraZeneca, Pfizer/BioNTech",1495415,801253,2296668
2021-04-15,"Moderna, Oxford/AstraZeneca, Pfizer/BioNTech",1542500,826713,2369213
2021-04-16,"Moderna, Oxford/AstraZeneca, Pfizer/BioNTech",1586511,852173,2438684
2021-04-17,"Moderna, Oxford/AstraZeneca, Pfizer/BioNTech",1602943,861125,2464068
2021-04-18,"Moderna, Oxford/AstraZeneca, Pfizer/BioNTech",1615818,866058,2481876
2021-04-19,"Moderna, Oxford/AstraZeneca, Pfizer/BioNTech",1659223,881318,2540541
2021-04-20,"Moderna, Oxford/AstraZeneca, Pfizer/BioNTech",1700941,896999,2597940
2021-04-21,"Moderna, Oxford/AstraZeneca, Pfizer/BioNTech",1747996,911038,2659034
2021-04-22,"Johnson&Johnson, Moderna, Oxford/AstraZeneca, Pfizer/BioNTech",1801776,928244,2730020
2021-04-23,"Johnson&Johnson, Moderna, Oxford/AstraZeneca, Pfizer/BioNTech",1850829,940134,2790963
2021-04-24,"Johnson&Johnson, Moderna, Oxford/AstraZeneca, Pfizer/BioNTech",1868367,945303,2813670
2021-04-25,"Johnson&Johnson, Moderna, Oxford/AstraZeneca, Pfizer/BioNTech",1882829,949260,2832089
2021-04-26,"Johnson&Johnson, Moderna, Oxford/AstraZeneca, Pfizer/BioNTech",1931674,956688,2888362
2021-04-27,"Johnson&Johnson, Moderna, Oxford/AstraZeneca, Pfizer/BioNTech",1979815,968712,2948527
2021-04-28,"Johnson&Johnson, Moderna, Oxford/AstraZeneca, Pfizer/BioNTech",2037773,982474,3020247
2021-04-29,"Johnson&Johnson, Moderna, Oxford/AstraZeneca, Pfizer/BioNTech",2101806,997995,3099801
2021-04-30,"Johnson&Johnson, Moderna, Oxford/AstraZeneca, Pfizer/BioNTech",2162906,1007673,3170579
2021-05-01,"Johnson&Johnson, Moderna, Oxford/AstraZeneca, Pfizer/BioNTech",2181981,1010986,3192967
2021-05-02,"Johnson&Johnson, Moderna, Oxford/AstraZeneca, Pfizer/BioNTech",2200627,1013193,3213820
2021-05-03,"Johnson&Johnson, Moderna, Oxford/AstraZeneca, Pfizer/BioNTech",2266512,1018058,3284570
2021-05-04,"Johnson&Johnson, Moderna, Oxford/AstraZeneca, Pfizer/BioNTech",2331256,1026190,3357446
2021-05-05,"Johnson&Johnson, Moderna, Oxford/AstraZeneca, Pfizer/BioNTech",2402641,1035329,3437970
2021-05-06,"Johnson&Johnson, Moderna, Oxford/AstraZeneca, Pfizer/BioNTech",2476421,1045154,3521575
