date,vaccine,people_vaccinated,people_fully_vaccinated,total_vaccinations
2020-12-27,Pfizer/BioNTech,1268,0,1268
2020-12-28,Pfizer/BioNTech,3571,0,3571
2020-12-29,Pfizer/BioNTech,7029,0,7029
2020-12-30,Pfizer/BioNTech,10535,0,10535
2020-12-31,Pfizer/BioNTech,11842,0,11842
2021-01-01,"Moderna, Pfizer/BioNTech",12108,0,12108
2021-01-02,Pfizer/BioNTech,13380,0,13380
2021-01-03,Pfizer/BioNTech,14301,0,14301
2021-01-04,"Moderna, Pfizer/BioNTech",17901,1,17902
2021-01-05,"Moderna, Pfizer/BioNTech",22407,1,22408
2021-01-06,Pfizer/BioNTech,28248,1,28249
2021-01-07,"Moderna, Pfizer/BioNTech",36226,1,36227
2021-01-08,Pfizer/BioNTech,46222,1,46223
2021-01-09,"Moderna, Pfizer/BioNTech",48243,1,48244
2021-01-10,Pfizer/BioNTech,50002,3,50005
2021-01-11,Pfizer/BioNTech,59826,5,59831
2021-01-12,Pfizer/BioNTech,73235,7,73242
2021-01-13,Pfizer/BioNTech,86748,7,86755
2021-01-14,"Moderna, Pfizer/BioNTech",101947,9,101956
2021-01-15,"Moderna, Pfizer/BioNTech",115927,9,115936
2021-01-16,"Moderna, Pfizer/BioNTech",119306,12,119318
2021-01-17,"Moderna, Pfizer/BioNTech",121910,649,122559
2021-01-18,"Moderna, Pfizer/BioNTech",134385,2470,136855
2021-01-19,"Moderna, Pfizer/BioNTech",146947,5188,152135
2021-01-20,"Moderna, Pfizer/BioNTech",160590,7838,168428
2021-01-21,"Moderna, Pfizer/BioNTech",176208,9575,185783
2021-01-22,"Moderna, Pfizer/BioNTech",191052,10620,201672
2021-01-23,"Moderna, Pfizer/BioNTech",194351,11492,205843
2021-01-24,"Moderna, Pfizer/BioNTech",196600,12361,208961
2021-01-25,"Moderna, Pfizer/BioNTech",206226,15331,221557
2021-01-26,"Moderna, Pfizer/BioNTech",216758,19303,236061
2021-01-27,"Moderna, Pfizer/BioNTech",225776,23825,249601
2021-01-28,"Moderna, Pfizer/BioNTech",232851,29945,262796
2021-01-29,"Moderna, Pfizer/BioNTech",239046,37827,276873
2021-01-30,"Moderna, Pfizer/BioNTech",239776,38915,278691
2021-01-31,"Moderna, Pfizer/BioNTech",240486,40095,280581
2021-02-01,"Moderna, Pfizer/BioNTech",244450,48021,292471
2021-02-02,"Moderna, Pfizer/BioNTech",248577,58241,306818
2021-02-03,"Moderna, Pfizer/BioNTech",252987,69226,322213
2021-02-04,"Moderna, Pfizer/BioNTech",257878,82178,340056
2021-02-05,"Moderna, Pfizer/BioNTech",263327,92826,356153
2021-02-06,"Moderna, Pfizer/BioNTech",264168,95175,359343
2021-02-07,"Moderna, Pfizer/BioNTech",265015,97662,362677
2021-02-08,"Moderna, Oxford/AstraZeneca, Pfizer/BioNTech",269080,109045,378125
2021-02-09,"Moderna, Oxford/AstraZeneca, Pfizer/BioNTech",274163,120961,395124
2021-02-10,"Moderna, Pfizer/BioNTech",279654,134171,413825
2021-02-11,"Moderna, Oxford/AstraZeneca, Pfizer/BioNTech",285957,150349,436306
2021-02-12,"Moderna, Oxford/AstraZeneca, Pfizer/BioNTech",292701,165038,457739
2021-02-13,"Moderna, Oxford/AstraZeneca, Pfizer/BioNTech",294291,168018,462309
2021-02-14,"Moderna, Oxford/AstraZeneca, Pfizer/BioNTech",295282,169397,464679
2021-02-15,"Moderna, Oxford/AstraZeneca, Pfizer/BioNTech",301675,178729,480404
2021-02-16,"Moderna, Oxford/AstraZeneca, Pfizer/BioNTech",310381,187781,498162
2021-02-17,"Moderna, Oxford/AstraZeneca, Pfizer/BioNTech",320064,196070,516134
2021-02-18,"Moderna, Oxford/AstraZeneca, Pfizer/BioNTech",332366,204111,536477
2021-02-19,"Moderna, Oxford/AstraZeneca, Pfizer/BioNTech",344210,211430,555640
2021-02-20,"Moderna, Oxford/AstraZeneca, Pfizer/BioNTech",346191,212606,558797
2021-02-21,"Moderna, Oxford/AstraZeneca, Pfizer/BioNTech",347303,213621,560924
2021-02-22,"Moderna, Oxford/AstraZeneca, Pfizer/BioNTech",357419,219626,577045
2021-02-23,"Moderna, Oxford/AstraZeneca, Pfizer/BioNTech",370348,226586,596934
2021-02-24,"Moderna, Oxford/AstraZeneca, Pfizer/BioNTech",384208,232605,616813
2021-02-25,"Moderna, Oxford/AstraZeneca, Pfizer/BioNTech",402159,238137,640296
2021-02-26,"Moderna, Oxford/AstraZeneca, Pfizer/BioNTech",418313,243464,661777
2021-02-27,"Moderna, Oxford/AstraZeneca, Pfizer/BioNTech",421319,244014,665333
2021-02-28,"Moderna, Oxford/AstraZeneca, Pfizer/BioNTech",423662,244559,668221
2021-03-01,"Moderna, Oxford/AstraZeneca, Pfizer/BioNTech",443198,247985,691183
2021-03-02,"Moderna, Oxford/AstraZeneca, Pfizer/BioNTech",470397,251520,721917
2021-03-03,"Moderna, Oxford/AstraZeneca, Pfizer/BioNTech",501228,256008,757236
2021-03-04,"Moderna, Oxford/AstraZeneca, Pfizer/BioNTech",534432,260671,795103
2021-03-05,"Johnson&Johnson, Moderna, Oxford/AstraZeneca, Pfizer/BioNTech",563217,266069,829286
2021-03-06,"Johnson&Johnson, Moderna, Oxford/AstraZeneca, Pfizer/BioNTech",575344,266916,842260
2021-03-07,"Johnson&Johnson, Moderna, Oxford/AstraZeneca, Pfizer/BioNTech",586861,267749,854610
2021-03-08,"Johnson&Johnson, Moderna, Oxford/AstraZeneca, Pfizer/BioNTech",616540,272577,889117
2021-03-09,"Johnson&Johnson, Moderna, Oxford/AstraZeneca, Pfizer/BioNTech",652796,278937,931733
2021-03-10,"Moderna, Oxford/AstraZeneca, Pfizer/BioNTech",694049,285867,979916
2021-03-11,"Johnson&Johnson, Moderna, Oxford/AstraZeneca, Pfizer/BioNTech",738832,294217,1033049
2021-03-12,"Johnson&Johnson, Moderna, Oxford/AstraZeneca, Pfizer/BioNTech",777597,302663,1080260
2021-03-13,"Moderna, Oxford/AstraZeneca, Pfizer/BioNTech",794645,303952,1098597
2021-03-14,"Moderna, Oxford/AstraZeneca, Pfizer/BioNTech",806738,305087,1111825
2021-03-15,"Moderna, Oxford/AstraZeneca, Pfizer/BioNTech",835090,313855,1148945
2021-03-16,"Johnson&Johnson, Moderna, Oxford/AstraZeneca, Pfizer/BioNTech",873926,324371,1198297
2021-03-17,"Moderna, Oxford/AstraZeneca, Pfizer/BioNTech",911363,334855,1246218
2021-03-18,"Johnson&Johnson, Moderna, Oxford/AstraZeneca, Pfizer/BioNTech",949297,347247,1296544
2021-03-19,"Moderna, Oxford/AstraZeneca, Pfizer/BioNTech",983734,360834,1344568
2021-03-20,"Johnson&Johnson, Moderna, Oxford/AstraZeneca, Pfizer/BioNTech",998848,362848,1361696
2021-03-21,"Johnson&Johnson, Moderna, Oxford/AstraZeneca, Pfizer/BioNTech",1006239,364392,1370631
2021-03-22,"Johnson&Johnson, Moderna, Oxford/AstraZeneca, Pfizer/BioNTech",1030750,376878,1407628
2021-03-23,"Johnson&Johnson, Moderna, Oxford/AstraZeneca, Pfizer/BioNTech",1057347,390208,1447555
2021-03-24,"Johnson&Johnson, Moderna, Oxford/AstraZeneca, Pfizer/BioNTech",1084168,405913,1490081
2021-03-25,"Moderna, Oxford/AstraZeneca, Pfizer/BioNTech",1110458,423738,1534196
2021-03-26,"Moderna, Oxford/AstraZeneca, Pfizer/BioNTech",1135227,441213,1576440
2021-03-27,"Johnson&Johnson, Moderna, Oxford/AstraZeneca, Pfizer/BioNTech",1143642,446044,1589686
2021-03-28,"Moderna, Oxford/AstraZeneca, Pfizer/BioNTech",1149170,450175,1599345
2021-03-29,"Johnson&Johnson, Moderna, Oxford/AstraZeneca, Pfizer/BioNTech",1168244,470864,1639108
2021-03-30,"Johnson&Johnson, Moderna, Oxford/AstraZeneca, Pfizer/BioNTech",1192907,493021,1685928
2021-03-31,"Johnson&Johnson, Moderna, Oxford/AstraZeneca, Pfizer/BioNTech",1215964,520054,1736018
2021-04-01,"Johnson&Johnson, Moderna, Oxford/AstraZeneca, Pfizer/BioNTech",1241532,552072,1793604
2021-04-02,"Johnson&Johnson, Moderna, Oxford/AstraZeneca, Pfizer/BioNTech",1248420,564850,1813270
2021-04-03,"Johnson&Johnson, Moderna, Oxford/AstraZeneca, Pfizer/BioNTech",1252015,575753,1827768
2021-04-04,"Johnson&Johnson, Moderna, Oxford/AstraZeneca, Pfizer/BioNTech",1254504,584648,1839152
2021-04-05,"Johnson&Johnson, Moderna, Oxford/AstraZeneca, Pfizer/BioNTech",1256873,591817,1848690
2021-04-06,"Johnson&Johnson, Moderna, Oxford/AstraZeneca, Pfizer/BioNTech",1272959,621031,1893990
2021-04-07,"Johnson&Johnson, Moderna, Oxford/AstraZeneca, Pfizer/BioNTech",1296321,643221,1939542
2021-04-08,"Johnson&Johnson, Moderna, Oxford/AstraZeneca, Pfizer/BioNTech",1334952,674209,2009161
2021-04-09,"Johnson&Johnson, Moderna, Oxford/AstraZeneca, Pfizer/BioNTech",1374421,704368,2078789
2021-04-10,"Johnson&Johnson, Moderna, Oxford/AstraZeneca, Pfizer/BioNTech",1389864,719641,2109505
2021-04-11,"Johnson&Johnson, Moderna, Oxford/AstraZeneca, Pfizer/BioNTech",1399607,729656,2129263
2021-04-12,"Johnson&Johnson, Moderna, Oxford/AstraZeneca, Pfizer/BioNTech",1437820,754742,2192562
2021-04-13,"Moderna, Oxford/AstraZeneca, Pfizer/BioNTech",1474017,780736,2254753
2021-04-14,"Moderna, Oxford/AstraZeneca, Pfizer/BioNTech",1512781,808066,2320847
2021-04-15,"Moderna, Oxford/AstraZeneca, Pfizer/BioNTech",1560524,833753,2394277
2021-04-16,"Moderna, Oxford/AstraZeneca, Pfizer/BioNTech",1605124,859352,2464476
2021-04-17,"Moderna, Oxford/AstraZeneca, Pfizer/BioNTech",1621780,868363,2490143
2021-04-18,"Moderna, Oxford/AstraZeneca, Pfizer/BioNTech",1634739,873338,2508077
2021-04-19,"Moderna, Oxford/AstraZeneca, Pfizer/BioNTech",1678700,888770,2567470
2021-04-20,"Johnson&Johnson, Moderna, Oxford/AstraZeneca, Pfizer/BioNTech",1721213,904613,2625826
2021-04-21,"Moderna, Oxford/AstraZeneca, Pfizer/BioNTech",1768906,918894,2687800
2021-04-22,"Johnson&Johnson, Moderna, Oxford/AstraZeneca, Pfizer/BioNTech",1823355,936252,2759607
2021-04-23,"Johnson&Johnson, Moderna, Oxford/AstraZeneca, Pfizer/BioNTech",1873270,948281,2821551
2021-04-24,"Johnson&Johnson, Moderna, Oxford/AstraZeneca, Pfizer/BioNTech",1891078,953510,2844588
2021-04-25,"Johnson&Johnson, Moderna, Oxford/AstraZeneca, Pfizer/BioNTech",1905746,957492,2863238
2021-04-26,"Johnson&Johnson, Moderna, Oxford/AstraZeneca, Pfizer/BioNTech",1955308,965030,2920338
2021-04-27,"Johnson&Johnson, Moderna, Oxford/AstraZeneca, Pfizer/BioNTech",2004259,977222,2981481
2021-04-28,"Johnson&Johnson, Moderna, Oxford/AstraZeneca, Pfizer/BioNTech",2062977,991182,3054159
2021-04-29,"Johnson&Johnson, Moderna, Oxford/AstraZeneca, Pfizer/BioNTech",2128512,1007024,3135536
2021-04-30,"Johnson&Johnson, Moderna, Oxford/AstraZeneca, Pfizer/BioNTech",2190695,1016941,3207636
2021-05-01,"Johnson&Johnson, Moderna, Oxford/AstraZeneca, Pfizer/BioNTech",2209985,1020356,3230341
2021-05-02,"Johnson&Johnson, Moderna, Oxford/AstraZeneca, Pfizer/BioNTech",2228877,1022604,3251481
2021-05-03,"Johnson&Johnson, Moderna, Oxford/AstraZeneca, Pfizer/BioNTech",2296095,1027649,3323744
2021-05-04,"Johnson&Johnson, Moderna, Oxford/AstraZeneca, Pfizer/BioNTech",2362558,1035944,3398502
2021-05-05,"Johnson&Johnson, Moderna, Oxford/AstraZeneca, Pfizer/BioNTech",2435677,1045304,3480981
2021-05-06,"Johnson&Johnson, Moderna, Oxford/AstraZeneca, Pfizer/BioNTech",2516038,1055970,3572008
2021-05-07,"Johnson&Johnson, Moderna, Oxford/AstraZeneca, Pfizer/BioNTech",2593299,1066020,3659319
2021-05-08,"Johnson&Johnson, Moderna, Oxford/AstraZeneca, Pfizer/BioNTech",2622697,1067753,3690450
2021-05-09,"Johnson&Johnson, Moderna, Oxford/AstraZeneca, Pfizer/BioNTech",2646865,1068940,3715805
2021-05-10,"Johnson&Johnson, Moderna, Oxford/AstraZeneca, Pfizer/BioNTech",2719593,1076115,3795708
2021-05-11,"Johnson&Johnson, Moderna, Oxford/AstraZeneca, Pfizer/BioNTech",2795658,1084880,3880538
2021-05-12,"Johnson&Johnson, Moderna, Oxford/AstraZeneca, Pfizer/BioNTech",2875473,1093918,3969391
2021-05-13,"Johnson&Johnson, Moderna, Oxford/AstraZeneca, Pfizer/BioNTech",2959461,1103044,4062505
2021-05-14,"Johnson&Johnson, Moderna, Oxford/AstraZeneca, Pfizer/BioNTech",3038855,1110767,4149622
2021-05-15,"Johnson&Johnson, Moderna, Oxford/AstraZeneca, Pfizer/BioNTech",3070689,1112955,4183644
2021-05-16,"Johnson&Johnson, Moderna, Oxford/AstraZeneca, Pfizer/BioNTech",3096432,1114193,4210625
2021-05-17,"Johnson&Johnson, Moderna, Oxford/AstraZeneca, Pfizer/BioNTech",3168910,1120872,4289782
2021-05-18,"Johnson&Johnson, Moderna, Oxford/AstraZeneca, Pfizer/BioNTech",3240811,1133855,4374666
2021-05-19,"Johnson&Johnson, Moderna, Oxford/AstraZeneca, Pfizer/BioNTech",3318246,1148941,4467187
2021-05-20,"Johnson&Johnson, Moderna, Oxford/AstraZeneca, Pfizer/BioNTech",3393650,1175901,4569551
2021-05-21,"Johnson&Johnson, Moderna, Oxford/AstraZeneca, Pfizer/BioNTech",3462395,1203574,4665969
2021-05-22,"Johnson&Johnson, Moderna, Oxford/AstraZeneca, Pfizer/BioNTech",3494723,1214706,4709429
2021-05-23,"Johnson&Johnson, Moderna, Oxford/AstraZeneca, Pfizer/BioNTech",3517025,1223707,4740732
2021-05-24,"Johnson&Johnson, Moderna, Oxford/AstraZeneca, Pfizer/BioNTech",3564098,1257301,4821399
2021-05-25,"Johnson&Johnson, Moderna, Oxford/AstraZeneca, Pfizer/BioNTech",3615929,1293038,4908967
2021-05-26,"Johnson&Johnson, Moderna, Oxford/AstraZeneca, Pfizer/BioNTech",3683651,1330508,5014159
2021-05-27,"Johnson&Johnson, Moderna, Oxford/AstraZeneca, Pfizer/BioNTech",3744997,1377767,5122764
2021-05-28,"Johnson&Johnson, Moderna, Oxford/AstraZeneca, Pfizer/BioNTech",3806657,1424246,5230903
2021-05-29,"Johnson&Johnson, Moderna, Oxford/AstraZeneca, Pfizer/BioNTech",3835801,1441312,5277113
2021-05-30,"Johnson&Johnson, Moderna, Oxford/AstraZeneca, Pfizer/BioNTech",3858139,1455715,5313854
2021-05-31,"Johnson&Johnson, Moderna, Oxford/AstraZeneca, Pfizer/BioNTech",3913850,1503204,5417054
2021-06-01,"Johnson&Johnson, Moderna, Oxford/AstraZeneca, Pfizer/BioNTech",3972859,1551962,5524821
2021-06-02,"Johnson&Johnson, Moderna, Oxford/AstraZeneca, Pfizer/BioNTech",4035725,1605850,5641575
2021-06-03,"Johnson&Johnson, Moderna, Oxford/AstraZeneca, Pfizer/BioNTech",4093941,1665986,5759927
2021-06-04,"Johnson&Johnson, Moderna, Oxford/AstraZeneca, Pfizer/BioNTech",4157009,1723289,5880298
2021-06-05,"Johnson&Johnson, Moderna, Oxford/AstraZeneca, Pfizer/BioNTech",4191135,1742056,5933191
2021-06-06,"Johnson&Johnson, Moderna, Oxford/AstraZeneca, Pfizer/BioNTech",4218035,1757144,5975179
2021-06-07,"Johnson&Johnson, Moderna, Oxford/AstraZeneca, Pfizer/BioNTech",4281702,1812700,6094402
2021-06-08,"Johnson&Johnson, Moderna, Oxford/AstraZeneca, Pfizer/BioNTech",4345663,1867595,6213258
2021-06-09,"Johnson&Johnson, Moderna, Oxford/AstraZeneca, Pfizer/BioNTech",4404837,1931922,6336759
2021-06-10,"Johnson&Johnson, Moderna, Oxford/AstraZeneca, Pfizer/BioNTech",4458712,2002913,6461625
2021-06-11,"Johnson&Johnson, Moderna, Oxford/AstraZeneca, Pfizer/BioNTech",4510797,2072519,6583316
2021-06-12,"Johnson&Johnson, Moderna, Oxford/AstraZeneca, Pfizer/BioNTech",4542774,2093244,6636018
2021-06-13,"Johnson&Johnson, Moderna, Oxford/AstraZeneca, Pfizer/BioNTech",4566780,2111593,6678373
2021-06-14,"Johnson&Johnson, Moderna, Oxford/AstraZeneca, Pfizer/BioNTech",4609802,2185878,6795680
2021-06-15,"Johnson&Johnson, Moderna, Oxford/AstraZeneca, Pfizer/BioNTech",4654430,2258112,6912542
2021-06-16,"Johnson&Johnson, Moderna, Oxford/AstraZeneca, Pfizer/BioNTech",4697155,2336214,7033369
2021-06-17,"Johnson&Johnson, Moderna, Oxford/AstraZeneca, Pfizer/BioNTech",4736521,2419155,7155676
2021-06-18,"Johnson&Johnson, Moderna, Oxford/AstraZeneca, Pfizer/BioNTech",4778897,2499528,7278425
2021-06-19,"Johnson&Johnson, Moderna, Oxford/AstraZeneca, Pfizer/BioNTech",4800631,2528738,7329369
2021-06-20,"Johnson&Johnson, Moderna, Oxford/AstraZeneca, Pfizer/BioNTech",4817990,2552494,7370484
2021-06-21,"Johnson&Johnson, Moderna, Oxford/AstraZeneca, Pfizer/BioNTech",4850495,2630959,7481454
2021-06-22,"Johnson&Johnson, Moderna, Oxford/AstraZeneca, Pfizer/BioNTech",4883444,2713102,7596546
2021-06-23,"Johnson&Johnson, Moderna, Oxford/AstraZeneca, Pfizer/BioNTech",4915086,2798217,7713303
2021-06-24,"Johnson&Johnson, Moderna, Oxford/AstraZeneca, Pfizer/BioNTech",4944916,2888143,7833059
2021-06-25,"Johnson&Johnson, Moderna, Oxford/AstraZeneca, Pfizer/BioNTech",4975949,2974152,7950101
2021-06-26,"Johnson&Johnson, Moderna, Oxford/AstraZeneca, Pfizer/BioNTech",4991799,3008882,8000681
2021-06-27,"Johnson&Johnson, Moderna, Oxford/AstraZeneca, Pfizer/BioNTech",5005739,3035465,8041204
2021-06-28,"Johnson&Johnson, Moderna, Oxford/AstraZeneca, Pfizer/BioNTech",5034157,3120545,8154702
2021-06-29,"Johnson&Johnson, Moderna, Oxford/AstraZeneca, Pfizer/BioNTech",5063407,3206919,8270326
2021-06-30,"Johnson&Johnson, Moderna, Oxford/AstraZeneca, Pfizer/BioNTech",5090905,3297762,8388667
2021-07-01,"Johnson&Johnson, Moderna, Oxford/AstraZeneca, Pfizer/BioNTech",5114849,3387672,8502521
2021-07-02,"Johnson&Johnson, Moderna, Oxford/AstraZeneca, Pfizer/BioNTech",5141564,3473363,8614927
2021-07-03,"Johnson&Johnson, Moderna, Oxford/AstraZeneca, Pfizer/BioNTech",5148634,3504805,8653439
2021-07-04,"Johnson&Johnson, Moderna, Oxford/AstraZeneca, Pfizer/BioNTech",5156176,3526559,8682735
2021-07-05,"Johnson&Johnson, Moderna, Oxford/AstraZeneca, Pfizer/BioNTech",5163519,3551868,8715387
2021-07-06,"Johnson&Johnson, Moderna, Oxford/AstraZeneca, Pfizer/BioNTech",5168907,3579434,8748341
2021-07-07,"Johnson&Johnson, Moderna, Oxford/AstraZeneca, Pfizer/BioNTech",5194690,3658293,8852983
2021-07-08,"Johnson&Johnson, Moderna, Oxford/AstraZeneca, Pfizer/BioNTech",5221269,3728502,8949771
2021-07-09,"Johnson&Johnson, Moderna, Oxford/AstraZeneca, Pfizer/BioNTech",5249166,3797651,9046817
2021-07-10,"Johnson&Johnson, Moderna, Oxford/AstraZeneca, Pfizer/BioNTech",5258500,3826206,9084706
2021-07-11,"Johnson&Johnson, Moderna, Oxford/AstraZeneca, Pfizer/BioNTech",5267016,3849047,9116063
2021-07-12,"Johnson&Johnson, Moderna, Oxford/AstraZeneca, Pfizer/BioNTech",5294540,3918044,9212584
2021-07-13,"Johnson&Johnson, Moderna, Oxford/AstraZeneca, Pfizer/BioNTech",5320732,3987817,9308549
2021-07-14,"Johnson&Johnson, Moderna, Oxford/AstraZeneca, Pfizer/BioNTech",5346563,4059702,9406265
2021-07-15,"Johnson&Johnson, Moderna, Oxford/AstraZeneca, Pfizer/BioNTech",5375761,4125608,9501369
2021-07-16,"Johnson&Johnson, Moderna, Oxford/AstraZeneca, Pfizer/BioNTech",5403687,4198204,9601891
2021-07-17,"Johnson&Johnson, Moderna, Oxford/AstraZeneca, Pfizer/BioNTech",5412437,4229579,9642016
2021-07-18,"Johnson&Johnson, Moderna, Oxford/AstraZeneca, Pfizer/BioNTech",5420871,4255539,9676410
2021-07-19,"Johnson&Johnson, Moderna, Oxford/AstraZeneca, Pfizer/BioNTech",5444205,4322470,9766675
2021-07-20,"Johnson&Johnson, Moderna, Oxford/AstraZeneca, Pfizer/BioNTech",5465578,4389415,9854993
2021-07-21,"Johnson&Johnson, Moderna, Oxford/AstraZeneca, Pfizer/BioNTech",5489011,4452760,9941771
2021-07-22,"Johnson&Johnson, Moderna, Oxford/AstraZeneca, Pfizer/BioNTech",5511344,4511273,10022617
2021-07-23,"Johnson&Johnson, Moderna, Oxford/AstraZeneca, Pfizer/BioNTech",5534512,4565899,10100411
2021-07-24,"Johnson&Johnson, Moderna, Oxford/AstraZeneca, Pfizer/BioNTech",5541806,4593490,10135296
2021-07-25,"Johnson&Johnson, Moderna, Oxford/AstraZeneca, Pfizer/BioNTech",5548404,4615483,10163887
2021-07-26,"Johnson&Johnson, Moderna, Oxford/AstraZeneca, Pfizer/BioNTech",5571901,4664034,10235935
2021-07-27,"Johnson&Johnson, Moderna, Oxford/AstraZeneca, Pfizer/BioNTech",5594594,4710552,10305146
2021-07-28,"Johnson&Johnson, Moderna, Oxford/AstraZeneca, Pfizer/BioNTech",5615810,4756420,10372230
2021-07-29,"Johnson&Johnson, Moderna, Oxford/AstraZeneca, Pfizer/BioNTech",5637086,4798251,10435337
2021-07-30,"Johnson&Johnson, Moderna, Oxford/AstraZeneca, Pfizer/BioNTech",5660342,4840697,10501039
2021-07-31,"Johnson&Johnson, Moderna, Oxford/AstraZeneca, Pfizer/BioNTech",5669259,4860182,10529441
2021-08-01,"Johnson&Johnson, Moderna, Oxford/AstraZeneca, Pfizer/BioNTech",5675966,4876307,10552273
2021-08-02,"Johnson&Johnson, Moderna, Oxford/AstraZeneca, Pfizer/BioNTech",5694558,4913768,10608326
2021-08-03,"Johnson&Johnson, Moderna, Oxford/AstraZeneca, Pfizer/BioNTech",5712161,4951781,10663942
2021-08-04,"Johnson&Johnson, Moderna, Oxford/AstraZeneca, Pfizer/BioNTech",5728218,4988418,10716636
2021-08-05,"Johnson&Johnson, Moderna, Oxford/AstraZeneca, Pfizer/BioNTech",5744207,5028788,10772995
2021-08-06,"Johnson&Johnson, Moderna, Oxford/AstraZeneca, Pfizer/BioNTech",5760962,5071952,10832914
2021-08-07,"Johnson&Johnson, Moderna, Oxford/AstraZeneca, Pfizer/BioNTech",5766531,5090066,10856597
2021-08-08,"Johnson&Johnson, Moderna, Oxford/AstraZeneca, Pfizer/BioNTech",5770877,5105783,10876660
2021-08-09,"Johnson&Johnson, Moderna, Oxford/AstraZeneca, Pfizer/BioNTech",5783494,5150761,10934255
2021-08-10,"Johnson&Johnson, Moderna, Oxford/AstraZeneca, Pfizer/BioNTech",5795291,5190242,10985533
2021-08-11,"Johnson&Johnson, Moderna, Oxford/AstraZeneca, Pfizer/BioNTech",5806629,5233297,11039926
2021-08-12,"Johnson&Johnson, Moderna, Oxford/AstraZeneca, Pfizer/BioNTech",5818012,5270291,11088303
2021-08-13,"Johnson&Johnson, Moderna, Oxford/AstraZeneca, Pfizer/BioNTech",5828676,5310525,11139201
2021-08-14,"Johnson&Johnson, Moderna, Oxford/AstraZeneca, Pfizer/BioNTech",5832011,5321186,11153197
2021-08-15,"Johnson&Johnson, Moderna, Oxford/AstraZeneca, Pfizer/BioNTech",5834587,5331535,11166122
2021-08-16,"Johnson&Johnson, Moderna, Oxford/AstraZeneca, Pfizer/BioNTech",5844352,5365521,11209873
2021-08-17,"Johnson&Johnson, Moderna, Oxford/AstraZeneca, Pfizer/BioNTech",5853910,5392550,11246460
2021-08-18,"Johnson&Johnson, Moderna, Oxford/AstraZeneca, Pfizer/BioNTech",5863260,5431342,11294602
2021-08-19,"Johnson&Johnson, Moderna, Oxford/AstraZeneca, Pfizer/BioNTech",5872873,5469611,11342484
2021-08-20,"Johnson&Johnson, Moderna, Oxford/AstraZeneca, Pfizer/BioNTech",5884192,5509724,11393916
2021-08-21,"Johnson&Johnson, Moderna, Oxford/AstraZeneca, Pfizer/BioNTech",5886891,5522451,11409342
2021-08-22,"Johnson&Johnson, Moderna, Oxford/AstraZeneca, Pfizer/BioNTech",5889229,5534392,11423621
2021-08-23,"Johnson&Johnson, Moderna, Oxford/AstraZeneca, Pfizer/BioNTech",5899721,5573561,11473282
2021-08-24,"Johnson&Johnson, Moderna, Oxford/AstraZeneca, Pfizer/BioNTech",5909560,5606741,11516301
2021-08-25,"Johnson&Johnson, Moderna, Oxford/AstraZeneca, Pfizer/BioNTech",5918384,5635034,11553418
2021-08-26,"Johnson&Johnson, Moderna, Oxford/AstraZeneca, Pfizer/BioNTech",5926793,5661083,11587876
2021-08-27,"Johnson&Johnson, Moderna, Oxford/AstraZeneca, Pfizer/BioNTech",5937079,5686963,11624042
2021-08-28,"Johnson&Johnson, Moderna, Oxford/AstraZeneca, Pfizer/BioNTech",5939791,5693973,11633764
2021-08-29,"Johnson&Johnson, Moderna, Oxford/AstraZeneca, Pfizer/BioNTech",5942190,5700581,11642771
2021-08-30,"Johnson&Johnson, Moderna, Oxford/AstraZeneca, Pfizer/BioNTech",5950676,5722384,11673060
2021-08-31,"Johnson&Johnson, Moderna, Oxford/AstraZeneca, Pfizer/BioNTech",5958302,5740404,11698706
2021-09-01,"Johnson&Johnson, Moderna, Oxford/AstraZeneca, Pfizer/BioNTech",5964143,5754334,11718477
2021-09-02,"Johnson&Johnson, Moderna, Oxford/AstraZeneca, Pfizer/BioNTech",5970861,5768662,11739523
2021-09-03,"Johnson&Johnson, Moderna, Oxford/AstraZeneca, Pfizer/BioNTech",5980279,5784285,11764564
2021-09-04,"Johnson&Johnson, Moderna, Oxford/AstraZeneca, Pfizer/BioNTech",5982321,5787814,11770135
2021-09-05,"Johnson&Johnson, Moderna, Oxford/AstraZeneca, Pfizer/BioNTech",5984346,5790638,11774984
2021-09-06,"Johnson&Johnson, Moderna, Oxford/AstraZeneca, Pfizer/BioNTech",5990458,5803106,11793564
2021-09-07,"Johnson&Johnson, Moderna, Oxford/AstraZeneca, Pfizer/BioNTech",5994785,5814147,11808932
2021-09-08,"Johnson&Johnson, Moderna, Oxford/AstraZeneca, Pfizer/BioNTech",6000346,5823950,11824296
2021-09-09,"Johnson&Johnson, Moderna, Oxford/AstraZeneca, Pfizer/BioNTech",6006953,5833978,11840931
2021-09-10,"Johnson&Johnson, Moderna, Oxford/AstraZeneca, Pfizer/BioNTech",6014509,5846093,11860602
2021-09-11,"Johnson&Johnson, Moderna, Pfizer/BioNTech",6016360,5848555,11864915
2021-09-12,"Johnson&Johnson, Moderna, Oxford/AstraZeneca, Pfizer/BioNTech",6017463,5850168,11867631
2021-09-13,"Johnson&Johnson, Moderna, Oxford/AstraZeneca, Pfizer/BioNTech",6022788,5860370,11883158
2021-09-14,"Johnson&Johnson, Moderna, Oxford/AstraZeneca, Pfizer/BioNTech",6028047,5869297,11897344
2021-09-15,"Johnson&Johnson, Moderna, Oxford/AstraZeneca, Pfizer/BioNTech",6033134,5877739,11910873
2021-09-16,"Johnson&Johnson, Moderna, Oxford/AstraZeneca, Pfizer/BioNTech",6038284,5885950,11924234
2021-09-17,"Johnson&Johnson, Moderna, Oxford/AstraZeneca, Pfizer/BioNTech",6044643,5896019,11940662
2021-09-18,"Johnson&Johnson, Moderna, Pfizer/BioNTech",6046342,5898348,11944690
2021-09-19,"Johnson&Johnson, Moderna, Pfizer/BioNTech",6047272,5899903,11947175
2021-09-20,"Johnson&Johnson, Moderna, Oxford/AstraZeneca, Pfizer/BioNTech",6051106,5907979,11959085
2021-09-21,"Johnson&Johnson, Moderna, Oxford/AstraZeneca, Pfizer/BioNTech",6055102,5915447,11970549
2021-09-22,"Johnson&Johnson, Moderna, Oxford/AstraZeneca, Pfizer/BioNTech",6059130,5920876,11980006
2021-09-23,"Johnson&Johnson, Moderna, Oxford/AstraZeneca, Pfizer/BioNTech",6064014,5927212,11991226
2021-09-24,"Johnson&Johnson, Moderna, Oxford/AstraZeneca, Pfizer/BioNTech",6069573,5936668,12006241
2021-09-25,"Johnson&Johnson, Moderna, Oxford/AstraZeneca, Pfizer/BioNTech",6071024,5938615,12009639
2021-09-26,"Johnson&Johnson, Moderna, Pfizer/BioNTech",6071760,5940229,12011989
2021-09-27,"Johnson&Johnson, Moderna, Oxford/AstraZeneca, Pfizer/BioNTech",6075521,5946627,12022148
2021-09-28,"Johnson&Johnson, Moderna, Pfizer/BioNTech",6075840,5947211,12023051
2021-09-29,"Johnson&Johnson, Moderna, Oxford/AstraZeneca, Pfizer/BioNTech",6079487,5954508,12033995
2021-09-30,"Johnson&Johnson, Moderna, Oxford/AstraZeneca, Pfizer/BioNTech",6083755,5962056,12045811
2021-10-01,"Johnson&Johnson, Moderna, Oxford/AstraZeneca, Pfizer/BioNTech",6087713,5969795,12057508
2021-10-02,"Johnson&Johnson, Moderna, Pfizer/BioNTech",6088752,5971318,12060070
2021-10-03,"Johnson&Johnson, Moderna, Pfizer/BioNTech",6089420,5972147,12061567
2021-10-04,"Johnson&Johnson, Moderna, Oxford/AstraZeneca, Pfizer/BioNTech",6092212,5977425,12069637
2021-10-05,"Johnson&Johnson, Moderna, Oxford/AstraZeneca, Pfizer/BioNTech",6094785,5981952,12076737
