date,vaccine,people_vaccinated,people_fully_vaccinated,total_vaccinations
2020-12-27,Pfizer/BioNTech,1286,0,1286
2020-12-28,Pfizer/BioNTech,3589,0,3589
2020-12-29,Pfizer/BioNTech,7060,1,7061
2020-12-30,Pfizer/BioNTech,10576,1,10577
2020-12-31,Pfizer/BioNTech,11889,1,11890
2021-01-01,"Moderna, Pfizer/BioNTech",12160,1,12161
2021-01-02,"Moderna, Pfizer/BioNTech",13446,2,13448
2021-01-03,"Moderna, Pfizer/BioNTech",14373,2,14375
2021-01-04,"Moderna, Pfizer/BioNTech",17979,3,17982
2021-01-05,"Moderna, Pfizer/BioNTech",22497,4,22501
2021-01-06,"Moderna, Pfizer/BioNTech",28338,5,28343
2021-01-07,"Moderna, Pfizer/BioNTech",36335,5,36340
2021-01-08,"Moderna, Pfizer/BioNTech",46387,6,46393
2021-01-09,"Moderna, Pfizer/BioNTech",48413,8,48421
2021-01-10,Pfizer/BioNTech,50185,10,50195
2021-01-11,"Moderna, Pfizer/BioNTech",60040,12,60052
2021-01-12,"Moderna, Pfizer/BioNTech",73494,14,73508
2021-01-13,"Moderna, Pfizer/BioNTech",87037,15,87052
2021-01-14,"Moderna, Pfizer/BioNTech",102286,19,102305
2021-01-15,"Moderna, Pfizer/BioNTech",116305,20,116325
2021-01-16,"Moderna, Pfizer/BioNTech",119709,24,119733
2021-01-17,"Moderna, Pfizer/BioNTech",122327,660,122987
2021-01-18,"Moderna, Pfizer/BioNTech",134817,2486,137303
2021-01-19,"Moderna, Pfizer/BioNTech",147426,5215,152641
2021-01-20,"Moderna, Pfizer/BioNTech",161122,7880,169002
2021-01-21,"Moderna, Pfizer/BioNTech",176775,9623,186398
2021-01-22,"Moderna, Pfizer/BioNTech",191665,10668,202333
2021-01-23,"Moderna, Pfizer/BioNTech",194983,11548,206531
2021-01-24,"Moderna, Pfizer/BioNTech",197239,12419,209658
2021-01-25,"Moderna, Pfizer/BioNTech",206894,15383,222277
2021-01-26,"Moderna, Pfizer/BioNTech",217440,19369,236809
2021-01-27,"Moderna, Pfizer/BioNTech",226471,23900,250371
2021-01-28,"Moderna, Pfizer/BioNTech",233577,30033,263610
2021-01-29,"Indie/AstraZeneca, Moderna, Pfizer/BioNTech",239792,37942,277734
2021-01-30,"Moderna, Pfizer/BioNTech",240533,39030,279563
2021-01-31,"Moderna, Pfizer/BioNTech",241252,40212,281464
2021-02-01,"Moderna, Pfizer/BioNTech",245235,48179,293414
2021-02-02,"Moderna, Pfizer/BioNTech",249391,58419,307810
2021-02-03,"Moderna, Pfizer/BioNTech",253818,69437,323255
2021-02-04,"Moderna, Pfizer/BioNTech",258725,82427,341152
2021-02-05,"Moderna, Pfizer/BioNTech",264199,93099,357298
2021-02-06,"Moderna, Oxford/AstraZeneca, Pfizer/BioNTech",265056,95465,360521
2021-02-07,"Moderna, Oxford/AstraZeneca, Pfizer/BioNTech",265907,97964,363871
2021-02-08,"Moderna, Oxford/AstraZeneca, Pfizer/BioNTech",269998,109390,379388
2021-02-09,"Moderna, Oxford/AstraZeneca, Pfizer/BioNTech",275110,121302,396412
2021-02-10,"Moderna, Oxford/AstraZeneca, Pfizer/BioNTech",280630,134559,415189
2021-02-11,"Moderna, Oxford/AstraZeneca, Pfizer/BioNTech",286972,150778,437750
2021-02-12,"Moderna, Oxford/AstraZeneca, Pfizer/BioNTech",293800,165525,459325
2021-02-13,"Moderna, Oxford/AstraZeneca, Pfizer/BioNTech",295418,168512,463930
2021-02-14,"Moderna, Oxford/AstraZeneca, Pfizer/BioNTech",296424,169898,466322
2021-02-15,"Moderna, Oxford/AstraZeneca, Pfizer/BioNTech",302823,179269,482092
2021-02-16,"Moderna, Oxford/AstraZeneca, Pfizer/BioNTech",311539,188349,499888
2021-02-17,"Moderna, Oxford/AstraZeneca, Pfizer/BioNTech",321241,196661,517902
2021-02-18,"Moderna, Oxford/AstraZeneca, Pfizer/BioNTech",333569,204744,538313
2021-02-19,"Moderna, Oxford/AstraZeneca, Pfizer/BioNTech",345435,212121,557556
2021-02-20,"Moderna, Oxford/AstraZeneca, Pfizer/BioNTech",347445,213307,560752
2021-02-21,"Moderna, Oxford/AstraZeneca, Pfizer/BioNTech",348582,214333,562915
2021-02-22,"Moderna, Oxford/AstraZeneca, Pfizer/BioNTech",358706,220370,579076
2021-02-23,"Moderna, Oxford/AstraZeneca, Pfizer/BioNTech",371670,227360,599030
2021-02-24,"Moderna, Oxford/AstraZeneca, Pfizer/BioNTech",385552,233401,618953
2021-02-25,"Moderna, Oxford/AstraZeneca, Pfizer/BioNTech",403532,238952,642484
2021-02-26,"Moderna, Oxford/AstraZeneca, Pfizer/BioNTech",419711,244311,664022
2021-02-27,"Moderna, Oxford/AstraZeneca, Pfizer/BioNTech",422720,244869,667589
2021-02-28,"Moderna, Oxford/AstraZeneca, Pfizer/BioNTech",425078,245420,670498
2021-03-01,"Moderna, Oxford/AstraZeneca, Pfizer/BioNTech",444677,248867,693544
2021-03-02,"Indie/AstraZeneca, Moderna, Oxford/AstraZeneca, Pfizer/BioNTech",471909,252422,724331
2021-03-03,"Moderna, Oxford/AstraZeneca, Pfizer/BioNTech",502862,256934,759796
2021-03-04,"Moderna, Oxford/AstraZeneca, Pfizer/BioNTech",536147,261625,797772
2021-03-05,"Johnson&Johnson, Moderna, Oxford/AstraZeneca, Pfizer/BioNTech",564994,267054,832048
2021-03-06,"Johnson&Johnson, Moderna, Oxford/AstraZeneca, Pfizer/BioNTech",577154,267920,845074
2021-03-07,"Johnson&Johnson, Moderna, Oxford/AstraZeneca, Pfizer/BioNTech",588704,268763,857467
2021-03-08,"Johnson&Johnson, Moderna, Oxford/AstraZeneca, Pfizer/BioNTech",618452,273625,892077
2021-03-09,"Johnson&Johnson, Moderna, Oxford/AstraZeneca, Pfizer/BioNTech",654824,280010,934834
2021-03-10,"Johnson&Johnson, Moderna, Oxford/AstraZeneca, Pfizer/BioNTech",696157,286970,983127
2021-03-11,"Johnson&Johnson, Moderna, Oxford/AstraZeneca, Pfizer/BioNTech",741015,295345,1036360
2021-03-12,"Johnson&Johnson, Moderna, Oxford/AstraZeneca, Pfizer/BioNTech, Čína",779776,303846,1083622
2021-03-13,"Johnson&Johnson, Moderna, Oxford/AstraZeneca, Pfizer/BioNTech",796889,305162,1102051
2021-03-14,"Johnson&Johnson, Moderna, Oxford/AstraZeneca, Pfizer/BioNTech",809007,306319,1115326
2021-03-15,"Johnson&Johnson, Moderna, Oxford/AstraZeneca, Pfizer/BioNTech",837403,315099,1152502
2021-03-16,"Johnson&Johnson, Moderna, Oxford/AstraZeneca, Pfizer/BioNTech",876301,325634,1201935
2021-03-17,"Moderna, Oxford/AstraZeneca, Pfizer/BioNTech",913789,336149,1249938
2021-03-18,"Johnson&Johnson, Moderna, Oxford/AstraZeneca, Pfizer/BioNTech",951794,348572,1300366
2021-03-19,"Johnson&Johnson, Moderna, Oxford/AstraZeneca, Pfizer/BioNTech",986312,362186,1348498
2021-03-20,"Johnson&Johnson, Moderna, Oxford/AstraZeneca, Pfizer/BioNTech",1001494,364216,1365710
2021-03-21,"Johnson&Johnson, Moderna, Oxford/AstraZeneca, Pfizer/BioNTech",1008942,365776,1374718
2021-03-22,"Indie/AstraZeneca, Johnson&Johnson, Moderna, Oxford/AstraZeneca, Pfizer/BioNTech",1033518,378276,1411794
2021-03-23,"Johnson&Johnson, Moderna, Oxford/AstraZeneca, Pfizer/BioNTech",1060195,391644,1451839
2021-03-24,"Johnson&Johnson, Moderna, Oxford/AstraZeneca, Pfizer/BioNTech",1087092,407387,1494479
2021-03-25,"Indie/AstraZeneca, Johnson&Johnson, Moderna, Oxford/AstraZeneca, Pfizer/BioNTech",1113452,425241,1538693
2021-03-26,"Johnson&Johnson, Moderna, Oxford/AstraZeneca, Pfizer/BioNTech",1138292,442754,1581046
2021-03-27,"Johnson&Johnson, Moderna, Oxford/AstraZeneca, Pfizer/BioNTech, Čína",1146755,447601,1594356
2021-03-28,"Moderna, Oxford/AstraZeneca, Pfizer/BioNTech, Čína",1152303,451749,1604052
2021-03-29,"Johnson&Johnson, Moderna, Oxford/AstraZeneca, Pfizer/BioNTech",1171462,472483,1643945
2021-03-30,"Johnson&Johnson, Moderna, Oxford/AstraZeneca, Pfizer/BioNTech",1196171,494671,1690842
2021-03-31,"Johnson&Johnson, Moderna, Oxford/AstraZeneca, Pfizer/BioNTech",1219330,521740,1741070
2021-04-01,"Indie/AstraZeneca, Johnson&Johnson, Moderna, Oxford/AstraZeneca, Pfizer/BioNTech",1245021,553797,1798818
2021-04-02,"Indie/AstraZeneca, Johnson&Johnson, Moderna, Oxford/AstraZeneca, Pfizer/BioNTech",1252005,566595,1818600
2021-04-03,"Johnson&Johnson, Moderna, Oxford/AstraZeneca, Pfizer/BioNTech",1255661,577528,1833189
2021-04-04,"Johnson&Johnson, Moderna, Oxford/AstraZeneca, Pfizer/BioNTech",1258207,586454,1844661
2021-04-05,"Johnson&Johnson, Moderna, Oxford/AstraZeneca, Pfizer/BioNTech",1260640,593659,1854299
2021-04-06,"Indie/AstraZeneca, Johnson&Johnson, Moderna, Oxford/AstraZeneca, Pfizer/BioNTech, Čína",1276859,622934,1899793
2021-04-07,"Johnson&Johnson, Moderna, Oxford/AstraZeneca, Pfizer/BioNTech",1300361,645173,1945534
2021-04-08,"Johnson&Johnson, Moderna, Oxford/AstraZeneca, Pfizer/BioNTech",1339181,676221,2015402
2021-04-09,"Indie/AstraZeneca, Johnson&Johnson, Moderna, Oxford/AstraZeneca, Pfizer/BioNTech",1378781,706421,2085202
2021-04-10,"Johnson&Johnson, Moderna, Oxford/AstraZeneca, Pfizer/BioNTech",1394350,721735,2116085
2021-04-11,"Johnson&Johnson, Moderna, Oxford/AstraZeneca, Pfizer/BioNTech",1404145,731792,2135937
2021-04-12,"Johnson&Johnson, Moderna, Oxford/AstraZeneca, Pfizer/BioNTech",1442465,756938,2199403
2021-04-13,"Moderna, Oxford/AstraZeneca, Pfizer/BioNTech",1478774,782981,2261755
2021-04-14,"Moderna, Oxford/AstraZeneca, Pfizer/BioNTech",1517663,810360,2328023
2021-04-15,"Moderna, Oxford/AstraZeneca, Pfizer/BioNTech",1565498,836141,2401639
2021-04-16,"Moderna, Oxford/AstraZeneca, Pfizer/BioNTech",1610219,861820,2472039
2021-04-17,"Indie/AstraZeneca, Moderna, Oxford/AstraZeneca, Pfizer/BioNTech",1626947,870845,2497792
2021-04-18,"Moderna, Oxford/AstraZeneca, Pfizer/BioNTech, Čína",1639948,875832,2515780
2021-04-19,"Johnson&Johnson, Moderna, Oxford/AstraZeneca, Pfizer/BioNTech",1683922,891271,2575193
2021-04-20,"Johnson&Johnson, Moderna, Oxford/AstraZeneca, Pfizer/BioNTech",1726511,907161,2633672
2021-04-21,"Moderna, Oxford/AstraZeneca, Pfizer/BioNTech",1774276,921532,2695808
2021-04-22,"Johnson&Johnson, Moderna, Oxford/AstraZeneca, Pfizer/BioNTech",1828806,938931,2767737
2021-04-23,"Johnson&Johnson, Moderna, Oxford/AstraZeneca, Pfizer/BioNTech",1878817,950996,2829813
2021-04-24,"Johnson&Johnson, Moderna, Oxford/AstraZeneca, Pfizer/BioNTech, Čína",1896694,956266,2852960
2021-04-25,"Johnson&Johnson, Moderna, Oxford/AstraZeneca, Pfizer/BioNTech",1911407,960269,2871676
2021-04-26,"Johnson&Johnson, Moderna, Oxford/AstraZeneca, Pfizer/BioNTech",1961024,967837,2928861
2021-04-27,"Johnson&Johnson, Moderna, Oxford/AstraZeneca, Pfizer/BioNTech",2010015,980089,2990104
2021-04-28,"Johnson&Johnson, Moderna, Oxford/AstraZeneca, Pfizer/BioNTech, Čína",2068796,994112,3062908
2021-04-29,"Johnson&Johnson, Moderna, Oxford/AstraZeneca, Pfizer/BioNTech",2134416,1010033,3144449
2021-04-30,"Johnson&Johnson, Moderna, Oxford/AstraZeneca, Pfizer/BioNTech",2196708,1020030,3216738
2021-05-01,"Johnson&Johnson, Moderna, Oxford/AstraZeneca, Pfizer/BioNTech",2216101,1023496,3239597
2021-05-02,"Johnson&Johnson, Moderna, Oxford/AstraZeneca, Pfizer/BioNTech",2235053,1025788,3260841
2021-05-03,"Johnson&Johnson, Moderna, Oxford/AstraZeneca, Pfizer/BioNTech",2302329,1030873,3333202
2021-05-04,"Johnson&Johnson, Moderna, Oxford/AstraZeneca, Pfizer/BioNTech",2368889,1039247,3408136
2021-05-05,"Johnson&Johnson, Moderna, Oxford/AstraZeneca, Pfizer/BioNTech",2442096,1048696,3490792
2021-05-06,"Johnson&Johnson, Moderna, Oxford/AstraZeneca, Pfizer/BioNTech",2522538,1059448,3581986
2021-05-07,"Indie/AstraZeneca, Johnson&Johnson, Moderna, Oxford/AstraZeneca, Pfizer/BioNTech",2599876,1069592,3669468
2021-05-08,"Johnson&Johnson, Moderna, Oxford/AstraZeneca, Pfizer/BioNTech",2629421,1071386,3700807
2021-05-09,"Johnson&Johnson, Moderna, Oxford/AstraZeneca, Pfizer/BioNTech",2653664,1072609,3726273
2021-05-10,"Johnson&Johnson, Moderna, Oxford/AstraZeneca, Pfizer/BioNTech",2726465,1079856,3806321
2021-05-11,"Johnson&Johnson, Moderna, Oxford/AstraZeneca, Pfizer/BioNTech",2802620,1088692,3891312
2021-05-12,"Johnson&Johnson, Moderna, Oxford/AstraZeneca, Pfizer/BioNTech",2882563,1097839,3980402
2021-05-13,"Johnson&Johnson, Moderna, Oxford/AstraZeneca, Pfizer/BioNTech",2966617,1107027,4073644
2021-05-14,"Johnson&Johnson, Moderna, Oxford/AstraZeneca, Pfizer/BioNTech",3046174,1114854,4161028
2021-05-15,"Johnson&Johnson, Moderna, Oxford/AstraZeneca, Pfizer/BioNTech",3078141,1117141,4195282
2021-05-16,"Johnson&Johnson, Moderna, Oxford/AstraZeneca, Pfizer/BioNTech",3103959,1118429,4222388
2021-05-17,"Indie/AstraZeneca, Johnson&Johnson, Moderna, Oxford/AstraZeneca, Pfizer/BioNTech",3176501,1125187,4301688
2021-05-18,"Indie/AstraZeneca, Johnson&Johnson, Moderna, Oxford/AstraZeneca, Pfizer/BioNTech",3248494,1138313,4386807
2021-05-19,"Johnson&Johnson, Moderna, Oxford/AstraZeneca, Pfizer/BioNTech",3325997,1153487,4479484
2021-05-20,"Johnson&Johnson, Moderna, Oxford/AstraZeneca, Pfizer/BioNTech",3401498,1180559,4582057
2021-05-21,"Johnson&Johnson, Moderna, Oxford/AstraZeneca, Pfizer/BioNTech",3470361,1208371,4678732
2021-05-22,"Johnson&Johnson, Moderna, Oxford/AstraZeneca, Pfizer/BioNTech",3502836,1219616,4722452
2021-05-23,"Johnson&Johnson, Moderna, Oxford/AstraZeneca, Pfizer/BioNTech",3525287,1228659,4753946
2021-05-24,"Johnson&Johnson, Moderna, Oxford/AstraZeneca, Pfizer/BioNTech",3572507,1262339,4834846
2021-05-25,"Indie/AstraZeneca, Johnson&Johnson, Moderna, Oxford/AstraZeneca, Pfizer/BioNTech",3624434,1298187,4922621
2021-05-26,"Johnson&Johnson, Moderna, Oxford/AstraZeneca, Pfizer/BioNTech, Čína",3692211,1335749,5027960
2021-05-27,"Indie/AstraZeneca, Johnson&Johnson, Moderna, Oxford/AstraZeneca, Pfizer/BioNTech",3753651,1383118,5136769
2021-05-28,"Johnson&Johnson, Moderna, Oxford/AstraZeneca, Pfizer/BioNTech",3815402,1429736,5245138
2021-05-29,"Indie/AstraZeneca, Johnson&Johnson, Moderna, Oxford/AstraZeneca, Pfizer/BioNTech",3844681,1446887,5291568
2021-05-30,"Johnson&Johnson, Moderna, Oxford/AstraZeneca, Pfizer/BioNTech, Čína",3867102,1461360,5328462
2021-05-31,"Indie/AstraZeneca, Johnson&Johnson, Moderna, Oxford/AstraZeneca, Pfizer/BioNTech",3922850,1508896,5431746
2021-06-01,"Johnson&Johnson, Moderna, Oxford/AstraZeneca, Pfizer/BioNTech",3981976,1557789,5539765
2021-06-02,"Indie/AstraZeneca, Johnson&Johnson, Moderna, Oxford/AstraZeneca, Pfizer/BioNTech, Čína",4044958,1611823,5656781
2021-06-03,"Johnson&Johnson, Moderna, Oxford/AstraZeneca, Pfizer/BioNTech",4103226,1672070,5775296
2021-06-04,"Johnson&Johnson, Moderna, Oxford/AstraZeneca, Pfizer/BioNTech",4166376,1729502,5895878
2021-06-05,"Indie/AstraZeneca, Johnson&Johnson, Moderna, Oxford/AstraZeneca, Pfizer/BioNTech",4200576,1748438,5949014
2021-06-06,"Johnson&Johnson, Moderna, Oxford/AstraZeneca, Pfizer/BioNTech",4227540,1763619,5991159
2021-06-07,"Johnson&Johnson, Moderna, Oxford/AstraZeneca, Pfizer/BioNTech",4291238,1819279,6110517
2021-06-08,"Indie/AstraZeneca, Johnson&Johnson, Moderna, Oxford/AstraZeneca, Pfizer/BioNTech",4355259,1874307,6229566
2021-06-09,"Indie/AstraZeneca, Johnson&Johnson, Moderna, Oxford/AstraZeneca, Pfizer/BioNTech",4414483,1938999,6353482
2021-06-10,"Indie/AstraZeneca, Johnson&Johnson, Moderna, Oxford/AstraZeneca, Pfizer/BioNTech",4468352,2010323,6478675
2021-06-11,"Johnson&Johnson, Moderna, Oxford/AstraZeneca, Pfizer/BioNTech",4520479,2080187,6600666
2021-06-12,"Indie/AstraZeneca, Johnson&Johnson, Moderna, Oxford/AstraZeneca, Pfizer/BioNTech, Čína",4552518,2101051,6653569
2021-06-13,"Johnson&Johnson, Moderna, Oxford/AstraZeneca, Pfizer/BioNTech",4576562,2119499,6696061
2021-06-14,"Johnson&Johnson, Moderna, Oxford/AstraZeneca, Pfizer/BioNTech, Čína",4619666,2193917,6813583
2021-06-15,"Johnson&Johnson, Moderna, Oxford/AstraZeneca, Pfizer/BioNTech",4664357,2266334,6930691
2021-06-16,"Johnson&Johnson, Moderna, Oxford/AstraZeneca, Pfizer/BioNTech",4707189,2344587,7051776
2021-06-17,"Johnson&Johnson, Moderna, Oxford/AstraZeneca, Pfizer/BioNTech",4746630,2427712,7174342
2021-06-18,"Johnson&Johnson, Moderna, Oxford/AstraZeneca, Pfizer/BioNTech",4789085,2508323,7297408
2021-06-19,"Johnson&Johnson, Moderna, Oxford/AstraZeneca, Pfizer/BioNTech, Čína",4810891,2537679,7348570
2021-06-20,"Johnson&Johnson, Moderna, Oxford/AstraZeneca, Pfizer/BioNTech, Čína",4828307,2561564,7389871
2021-06-21,"Johnson&Johnson, Moderna, Oxford/AstraZeneca, Pfizer/BioNTech, Čína",4860827,2640203,7501030
2021-06-22,"Johnson&Johnson, Moderna, Oxford/AstraZeneca, Pfizer/BioNTech",4893813,2722553,7616366
2021-06-23,"Johnson&Johnson, Moderna, Oxford/AstraZeneca, Pfizer/BioNTech",4925547,2807827,7733374
2021-06-24,"Johnson&Johnson, Moderna, Oxford/AstraZeneca, Pfizer/BioNTech, Čína",4955429,2897918,7853347
2021-06-25,"Johnson&Johnson, Moderna, Oxford/AstraZeneca, Pfizer/BioNTech",4986527,2984184,7970711
2021-06-26,"Johnson&Johnson, Moderna, Oxford/AstraZeneca, Pfizer/BioNTech",5002435,3019084,8021519
2021-06-27,"Johnson&Johnson, Moderna, Oxford/AstraZeneca, Pfizer/BioNTech, Čína",5016399,3045813,8062212
2021-06-28,"Johnson&Johnson, Moderna, Oxford/AstraZeneca, Pfizer/BioNTech",5044831,3131057,8175888
2021-06-29,"Johnson&Johnson, Moderna, Oxford/AstraZeneca, Pfizer/BioNTech, Čína",5074127,3217629,8291756
2021-06-30,"Johnson&Johnson, Moderna, Oxford/AstraZeneca, Pfizer/BioNTech",5101643,3308708,8410351
2021-07-01,"Johnson&Johnson, Moderna, Oxford/AstraZeneca, Pfizer/BioNTech",5125664,3398834,8524498
2021-07-02,"Johnson&Johnson, Moderna, Oxford/AstraZeneca, Pfizer/BioNTech",5152424,3484798,8637222
2021-07-03,"Indie/AstraZeneca, Johnson&Johnson, Moderna, Oxford/AstraZeneca, Pfizer/BioNTech",5159538,3516381,8675919
2021-07-04,"Johnson&Johnson, Moderna, Oxford/AstraZeneca, Pfizer/BioNTech",5167137,3538213,8705350
2021-07-05,"Johnson&Johnson, Moderna, Oxford/AstraZeneca, Pfizer/BioNTech",5174569,3563638,8738207
2021-07-06,"Johnson&Johnson, Moderna, Oxford/AstraZeneca, Pfizer/BioNTech, Čína",5180065,3591392,8771457
2021-07-07,"Johnson&Johnson, Moderna, Oxford/AstraZeneca, Pfizer/BioNTech",5205912,3670412,8876324
2021-07-08,"Johnson&Johnson, Moderna, Oxford/AstraZeneca, Pfizer/BioNTech",5232542,3740787,8973329
2021-07-09,"Indie/AstraZeneca, Johnson&Johnson, Moderna, Oxford/AstraZeneca, Pfizer/BioNTech",5260514,3810144,9070658
2021-07-10,"Indie/AstraZeneca, Johnson&Johnson, Moderna, Oxford/AstraZeneca, Pfizer/BioNTech",5269905,3838826,9108731
2021-07-11,"Johnson&Johnson, Moderna, Oxford/AstraZeneca, Pfizer/BioNTech",5278469,3861722,9140191
2021-07-12,"Johnson&Johnson, Moderna, Oxford/AstraZeneca, Pfizer/BioNTech, Čína",5306035,3930822,9236857
2021-07-13,"Johnson&Johnson, Moderna, Oxford/AstraZeneca, Pfizer/BioNTech",5332264,4000740,9333004
2021-07-14,"Johnson&Johnson, Moderna, Oxford/AstraZeneca, Pfizer/BioNTech",5358118,4072761,9430879
2021-07-15,"Indie/AstraZeneca, Johnson&Johnson, Moderna, Oxford/AstraZeneca, Pfizer/BioNTech",5387318,4138805,9526123
2021-07-16,"Johnson&Johnson, Moderna, Oxford/AstraZeneca, Pfizer/BioNTech",5415274,4211569,9626843
2021-07-17,"Johnson&Johnson, Moderna, Oxford/AstraZeneca, Pfizer/BioNTech, Čína",5424089,4243059,9667148
2021-07-18,"Johnson&Johnson, Moderna, Oxford/AstraZeneca, Pfizer/BioNTech, Čína",5432539,4269083,9701622
2021-07-19,"Johnson&Johnson, Moderna, Oxford/AstraZeneca, Pfizer/BioNTech",5455919,4336122,9792041
2021-07-20,"Johnson&Johnson, Moderna, Oxford/AstraZeneca, Pfizer/BioNTech",5477357,4403214,9880571
2021-07-21,"Indie/AstraZeneca, Johnson&Johnson, Moderna, Oxford/AstraZeneca, Pfizer/BioNTech",5500832,4466706,9967538
2021-07-22,"Johnson&Johnson, Moderna, Oxford/AstraZeneca, Pfizer/BioNTech",5523220,4525377,10048597
2021-07-23,"Johnson&Johnson, Moderna, Oxford/AstraZeneca, Pfizer/BioNTech",5546476,4580168,10126644
2021-07-24,"Indie/AstraZeneca, Johnson&Johnson, Moderna, Oxford/AstraZeneca, Pfizer/BioNTech, Čína",5553846,4607862,10161708
2021-07-25,"Johnson&Johnson, Moderna, Oxford/AstraZeneca, Pfizer/BioNTech",5560502,4630008,10190510
2021-07-26,"Johnson&Johnson, Moderna, Oxford/AstraZeneca, Pfizer/BioNTech",5584071,4678719,10262790
2021-07-27,"Johnson&Johnson, Moderna, Oxford/AstraZeneca, Pfizer/BioNTech, Čína",5606840,4725402,10332242
2021-07-28,"Johnson&Johnson, Moderna, Oxford/AstraZeneca, Pfizer/BioNTech",5628138,4771456,10399594
2021-07-29,"Johnson&Johnson, Moderna, Oxford/AstraZeneca, Pfizer/BioNTech",5649493,4813461,10462954
2021-07-30,"Johnson&Johnson, Moderna, Oxford/AstraZeneca, Pfizer/BioNTech",5672790,4856071,10528861
2021-07-31,"Indie/AstraZeneca, Johnson&Johnson, Moderna, Oxford/AstraZeneca, Pfizer/BioNTech",5681761,4875635,10557396
2021-08-01,"Johnson&Johnson, Moderna, Oxford/AstraZeneca, Pfizer/BioNTech, Čína",5688504,4891820,10580324
2021-08-02,"Johnson&Johnson, Moderna, Oxford/AstraZeneca, Pfizer/BioNTech",5707165,4929413,10636578
2021-08-03,"Johnson&Johnson, Moderna, Oxford/AstraZeneca, Pfizer/BioNTech",5724841,4967568,10692409
2021-08-04,"Johnson&Johnson, Moderna, Oxford/AstraZeneca, Pfizer/BioNTech",5740986,5004376,10745362
2021-08-05,"Johnson&Johnson, Moderna, Oxford/AstraZeneca, Pfizer/BioNTech",5757050,5044906,10801956
2021-08-06,"Johnson&Johnson, Moderna, Oxford/AstraZeneca, Pfizer/BioNTech",5773884,5088260,10862144
2021-08-07,"Johnson&Johnson, Moderna, Oxford/AstraZeneca, Pfizer/BioNTech",5779506,5106459,10885965
2021-08-08,"Johnson&Johnson, Moderna, Oxford/AstraZeneca, Pfizer/BioNTech",5783884,5122238,10906122
2021-08-09,"Indie/AstraZeneca, Johnson&Johnson, Moderna, Oxford/AstraZeneca, Pfizer/BioNTech",5796534,5167334,10963868
2021-08-10,"Johnson&Johnson, Moderna, Oxford/AstraZeneca, Pfizer/BioNTech, Čína",5808399,5206942,11015341
2021-08-11,"Indie/AstraZeneca, Johnson&Johnson, Moderna, Oxford/AstraZeneca, Pfizer/BioNTech",5819783,5250110,11069893
2021-08-12,"Johnson&Johnson, Moderna, Oxford/AstraZeneca, Pfizer/BioNTech",5831215,5287278,11118493
2021-08-13,"Johnson&Johnson, Moderna, Oxford/AstraZeneca, Pfizer/BioNTech",5841964,5327659,11169623
2021-08-14,"Johnson&Johnson, Moderna, Oxford/AstraZeneca, Pfizer/BioNTech",5845316,5338390,11183706
2021-08-15,"Johnson&Johnson, Moderna, Oxford/AstraZeneca, Pfizer/BioNTech",5847913,5348788,11196701
2021-08-16,"Indie/AstraZeneca, Johnson&Johnson, Moderna, Oxford/AstraZeneca, Pfizer/BioNTech, Čína",5857718,5382897,11240615
2021-08-17,"Johnson&Johnson, Moderna, Oxford/AstraZeneca, Pfizer/BioNTech",5867322,5410032,11277354
2021-08-18,"Johnson&Johnson, Moderna, Oxford/AstraZeneca, Pfizer/BioNTech",5876703,5448970,11325673
2021-08-19,"Johnson&Johnson, Moderna, Oxford/AstraZeneca, Pfizer/BioNTech",5886390,5487349,11373739
2021-08-20,"Johnson&Johnson, Moderna, Oxford/AstraZeneca, Pfizer/BioNTech",5897795,5527573,11425368
2021-08-21,"Indie/AstraZeneca, Johnson&Johnson, Moderna, Oxford/AstraZeneca, Pfizer/BioNTech",5900528,5540366,11440894
2021-08-22,"Johnson&Johnson, Moderna, Oxford/AstraZeneca, Pfizer/BioNTech",5902874,5552348,11455222
2021-08-23,"Indie/AstraZeneca, Johnson&Johnson, Moderna, Oxford/AstraZeneca, Pfizer/BioNTech",5913416,5591656,11505072
2021-08-24,"Johnson&Johnson, Moderna, Oxford/AstraZeneca, Pfizer/BioNTech",5923302,5624924,11548226
2021-08-25,"Indie/AstraZeneca, Johnson&Johnson, Moderna, Oxford/AstraZeneca, Pfizer/BioNTech",5932184,5653326,11585510
2021-08-26,"Johnson&Johnson, Moderna, Oxford/AstraZeneca, Pfizer/BioNTech",5940645,5679486,11620131
2021-08-27,"Indie/AstraZeneca, Johnson&Johnson, Moderna, Oxford/AstraZeneca, Pfizer/BioNTech",5950976,5705495,11656471
2021-08-28,"Johnson&Johnson, Moderna, Oxford/AstraZeneca, Pfizer/BioNTech",5953725,5712585,11666310
2021-08-29,"Johnson&Johnson, Moderna, Oxford/AstraZeneca, Pfizer/BioNTech, Čína",5956144,5719219,11675363
2021-08-30,"Johnson&Johnson, Moderna, Oxford/AstraZeneca, Pfizer/BioNTech",5964673,5741122,11705795
2021-08-31,"Indie/AstraZeneca, Johnson&Johnson, Moderna, Oxford/AstraZeneca, Pfizer/BioNTech, Čína",5972370,5759259,11731629
2021-09-01,"Johnson&Johnson, Moderna, Oxford/AstraZeneca, Pfizer/BioNTech",5978288,5773291,11751579
2021-09-02,"Johnson&Johnson, Moderna, Oxford/AstraZeneca, Pfizer/BioNTech",5985136,5787699,11772835
2021-09-03,"Johnson&Johnson, Moderna, Oxford/AstraZeneca, Pfizer/BioNTech",5994704,5803455,11798159
2021-09-04,"Indie/AstraZeneca, Johnson&Johnson, Moderna, Oxford/AstraZeneca, Pfizer/BioNTech",5996789,5807034,11803823
2021-09-05,"Johnson&Johnson, Moderna, Oxford/AstraZeneca, Pfizer/BioNTech",5998839,5809887,11808726
2021-09-06,"Indie/AstraZeneca, Johnson&Johnson, Moderna, Oxford/AstraZeneca, Pfizer/BioNTech",6005086,5822447,11827533
2021-09-07,"Johnson&Johnson, Moderna, Oxford/AstraZeneca, Pfizer/BioNTech",6009483,5833554,11843037
2021-09-08,"Johnson&Johnson, Moderna, Oxford/AstraZeneca, Pfizer/BioNTech, Čína",6015168,5843432,11858600
2021-09-09,"Indie/AstraZeneca, Johnson&Johnson, Moderna, Oxford/AstraZeneca, Pfizer/BioNTech",6021871,5853515,11875386
2021-09-10,"Johnson&Johnson, Moderna, Oxford/AstraZeneca, Pfizer/BioNTech",6029581,5865718,11895299
2021-09-11,"Indie/AstraZeneca, Johnson&Johnson, Moderna, Oxford/AstraZeneca, Pfizer/BioNTech",6031461,5868222,11899683
2021-09-12,"Johnson&Johnson, Moderna, Oxford/AstraZeneca, Pfizer/BioNTech",6032583,5869861,11902444
2021-09-13,"Johnson&Johnson, Moderna, Oxford/AstraZeneca, Pfizer/BioNTech",6038028,5880186,11918214
2021-09-14,"Johnson&Johnson, Moderna, Oxford/AstraZeneca, Pfizer/BioNTech",6043433,5889210,11932643
2021-09-15,"Johnson&Johnson, Moderna, Oxford/AstraZeneca, Pfizer/BioNTech",6048652,5897749,11946401
2021-09-16,"Johnson&Johnson, Moderna, Oxford/AstraZeneca, Pfizer/BioNTech",6054027,5906032,11960059
2021-09-17,"Johnson&Johnson, Moderna, Oxford/AstraZeneca, Pfizer/BioNTech",6060605,5916280,11976885
2021-09-18,"Johnson&Johnson, Moderna, Oxford/AstraZeneca, Pfizer/BioNTech, Čína",6062339,5918651,11980990
2021-09-19,"Johnson&Johnson, Moderna, Oxford/AstraZeneca, Pfizer/BioNTech",6063288,5920225,11983513
2021-09-20,"Johnson&Johnson, Moderna, Oxford/AstraZeneca, Pfizer/BioNTech",6067320,5928431,11995751
2021-09-21,"Johnson&Johnson, Moderna, Oxford/AstraZeneca, Pfizer/BioNTech",6071567,5935976,12007543
2021-09-22,"Johnson&Johnson, Moderna, Oxford/AstraZeneca, Pfizer/BioNTech, Čína",6075766,5941511,12017277
2021-09-23,"Johnson&Johnson, Moderna, Oxford/AstraZeneca, Pfizer/BioNTech",6080727,5947933,12028660
2021-09-24,"Johnson&Johnson, Moderna, Oxford/AstraZeneca, Pfizer/BioNTech",6086493,5957561,12044054
2021-09-25,"Johnson&Johnson, Moderna, Oxford/AstraZeneca, Pfizer/BioNTech",6087996,5959564,12047560
2021-09-26,"Johnson&Johnson, Moderna, Oxford/AstraZeneca, Pfizer/BioNTech",6088746,5961209,12049955
2021-09-27,"Indie/AstraZeneca, Johnson&Johnson, Moderna, Oxford/AstraZeneca, Pfizer/BioNTech, Čína",6092637,5967737,12060374
2021-09-28,"Johnson&Johnson, Moderna, Oxford/AstraZeneca, Pfizer/BioNTech",6093016,5968379,12061395
2021-09-29,"Johnson&Johnson, Moderna, Oxford/AstraZeneca, Pfizer/BioNTech",6096795,5975846,12072641
2021-09-30,"Johnson&Johnson, Moderna, Oxford/AstraZeneca, Pfizer/BioNTech",6101322,5983564,12084886
2021-10-01,"Indie/AstraZeneca, Johnson&Johnson, Moderna, Oxford/AstraZeneca, Pfizer/BioNTech, Čína",6105639,5991560,12097199
2021-10-02,"Johnson&Johnson, Moderna, Oxford/AstraZeneca, Pfizer/BioNTech, Čína",6106707,5993115,12099822
2021-10-03,"Johnson&Johnson, Moderna, Oxford/AstraZeneca, Pfizer/BioNTech",6107434,5993990,12101424
2021-10-04,"Johnson&Johnson, Moderna, Oxford/AstraZeneca, Pfizer/BioNTech",6110518,5999572,12110090
2021-10-05,"Johnson&Johnson, Moderna, Oxford/AstraZeneca, Pfizer/BioNTech",6113684,6004664,12118348
2021-10-06,"Johnson&Johnson, Moderna, Oxford/AstraZeneca, Pfizer/BioNTech",6117208,6009847,12127055
2021-10-07,"Johnson&Johnson, Moderna, Oxford/AstraZeneca, Pfizer/BioNTech",6120495,6015112,12135607
2021-10-08,"Johnson&Johnson, Moderna, Oxford/AstraZeneca, Pfizer/BioNTech",6125294,6021764,12147058
2021-10-09,"Indie/AstraZeneca, Johnson&Johnson, Moderna, Oxford/AstraZeneca, Pfizer/BioNTech",6126540,6023435,12149975
2021-10-10,"Johnson&Johnson, Moderna, Oxford/AstraZeneca, Pfizer/BioNTech",6127490,6024273,12151763
2021-10-11,"Johnson&Johnson, Moderna, Oxford/AstraZeneca, Pfizer/BioNTech",6130421,6028701,12159122
2021-10-12,"Johnson&Johnson, Moderna, Oxford/AstraZeneca, Pfizer/BioNTech",6133366,6032708,12166074
2021-10-13,"Johnson&Johnson, Moderna, Oxford/AstraZeneca, Pfizer/BioNTech",6136902,6036907,12173809
2021-10-14,"Johnson&Johnson, Moderna, Oxford/AstraZeneca, Pfizer/BioNTech",6140576,6041861,12182437
2021-10-15,"Johnson&Johnson, Moderna, Oxford/AstraZeneca, Pfizer/BioNTech",6145812,6048015,12193827
2021-10-16,"Johnson&Johnson, Moderna, Oxford/AstraZeneca, Pfizer/BioNTech",6147232,6049549,12196781
2021-10-17,"Johnson&Johnson, Moderna, Pfizer/BioNTech, Čína",6148558,6050609,12199167
2021-10-18,"Johnson&Johnson, Moderna, Oxford/AstraZeneca, Pfizer/BioNTech",6152670,6054719,12207389
2021-10-19,"Johnson&Johnson, Moderna, Oxford/AstraZeneca, Pfizer/BioNTech",6156255,6056822,12213077
2021-10-20,"Johnson&Johnson, Moderna, Oxford/AstraZeneca, Pfizer/BioNTech",6161148,6061288,12222436
2021-10-21,"Johnson&Johnson, Moderna, Oxford/AstraZeneca, Pfizer/BioNTech",6168918,6066902,12235820
2021-10-22,"Johnson&Johnson, Moderna, Oxford/AstraZeneca, Pfizer/BioNTech",6179384,6073408,12252792
2021-10-23,"Johnson&Johnson, Moderna, Oxford/AstraZeneca, Pfizer/BioNTech",6183069,6075622,12258691
2021-10-24,"Johnson&Johnson, Moderna, Oxford/AstraZeneca, Pfizer/BioNTech",6185755,6077403,12263158
2021-10-25,"Johnson&Johnson, Moderna, Oxford/AstraZeneca, Pfizer/BioNTech",6196268,6083226,12279494
2021-10-26,"Johnson&Johnson, Moderna, Oxford/AstraZeneca, Pfizer/BioNTech, Čína",6208265,6089778,12298043
2021-10-27,"Johnson&Johnson, Moderna, Oxford/AstraZeneca, Pfizer/BioNTech, Čína",6222874,6097196,12320070
2021-10-28,"Johnson&Johnson, Moderna, Oxford/AstraZeneca, Pfizer/BioNTech",6226308,6098889,12325197
2021-10-29,"Johnson&Johnson, Moderna, Oxford/AstraZeneca, Pfizer/BioNTech",6240755,6106882,12347637
2021-10-30,"Johnson&Johnson, Moderna, Oxford/AstraZeneca, Pfizer/BioNTech",6245284,6109810,12355094
2021-10-31,"Johnson&Johnson, Moderna, Oxford/AstraZeneca, Pfizer/BioNTech",6249047,6112289,12361336
2021-11-01,"Johnson&Johnson, Moderna, Oxford/AstraZeneca, Pfizer/BioNTech",6264244,6119970,12384214
2021-11-02,"Johnson&Johnson, Moderna, Oxford/AstraZeneca, Pfizer/BioNTech, Čína",6279695,6127529,12407224
2021-11-03,"Johnson&Johnson, Moderna, Oxford/AstraZeneca, Pfizer/BioNTech, Čína",6296883,6134823,12431706
2021-11-04,"Johnson&Johnson, Moderna, Oxford/AstraZeneca, Pfizer/BioNTech",6315225,6142998,12458223
2021-11-05,"Johnson&Johnson, Moderna, Oxford/AstraZeneca, Pfizer/BioNTech",6338030,6154292,12492322
2021-11-06,"Johnson&Johnson, Moderna, Oxford/AstraZeneca, Pfizer/BioNTech",6344548,6157354,12501902
2021-11-07,"Johnson&Johnson, Moderna, Oxford/AstraZeneca, Pfizer/BioNTech",6348578,6159795,12508373
2021-11-08,"Johnson&Johnson, Moderna, Oxford/AstraZeneca, Pfizer/BioNTech",6364845,6167425,12532270
2021-11-09,"Johnson&Johnson, Moderna, Oxford/AstraZeneca, Pfizer/BioNTech",6379662,6174731,12554393
2021-11-10,"Johnson&Johnson, Moderna, Oxford/AstraZeneca, Pfizer/BioNTech",6395401,6182118,12577519
2021-11-11,"Johnson&Johnson, Moderna, Oxford/AstraZeneca, Pfizer/BioNTech, Čína",6410880,6191229,12602109
2021-11-12,"Johnson&Johnson, Moderna, Oxford/AstraZeneca, Pfizer/BioNTech",6430682,6204029,12634711
2021-11-13,"Johnson&Johnson, Moderna, Oxford/AstraZeneca, Pfizer/BioNTech",6436079,6207910,12643989
2021-11-14,"Johnson&Johnson, Moderna, Oxford/AstraZeneca, Pfizer/BioNTech",6439978,6210920,12650898
2021-11-15,"Johnson&Johnson, Moderna, Oxford/AstraZeneca, Pfizer/BioNTech",6455066,6221629,12676695
2021-11-16,"Johnson&Johnson, Moderna, Oxford/AstraZeneca, Pfizer/BioNTech",6472596,6233608,12706204
2021-11-17,"Johnson&Johnson, Moderna, Oxford/AstraZeneca, Pfizer/BioNTech",6476841,6237181,12714022
2021-11-18,"Johnson&Johnson, Moderna, Oxford/AstraZeneca, Pfizer/BioNTech",6496254,6248873,12745127
2021-11-19,"Johnson&Johnson, Moderna, Oxford/AstraZeneca, Pfizer/BioNTech",6520865,6265855,12786720
2021-11-20,"Johnson&Johnson, Moderna, Oxford/AstraZeneca, Pfizer/BioNTech",6529442,6270843,12800285
2021-11-21,"Johnson&Johnson, Moderna, Oxford/AstraZeneca, Pfizer/BioNTech",6536210,6274621,12810831
2021-11-22,"Johnson&Johnson, Moderna, Oxford/AstraZeneca, Pfizer/BioNTech, Čína",6554718,6288737,12843455
2021-11-23,"Johnson&Johnson, Moderna, Oxford/AstraZeneca, Pfizer/BioNTech",6573786,6302004,12875790
2021-11-24,"Johnson&Johnson, Moderna, Oxford/AstraZeneca, Pfizer/BioNTech",6592797,6317857,12910654
2021-11-25,"Johnson&Johnson, Moderna, Oxford/AstraZeneca, Pfizer/BioNTech",6611940,6332903,12944843
2021-11-26,"Johnson&Johnson, Moderna, Oxford/AstraZeneca, Pfizer/BioNTech",6633599,6352046,12985645
2021-11-27,"Johnson&Johnson, Moderna, Oxford/AstraZeneca, Pfizer/BioNTech",6641071,6357603,12998674
2021-11-28,"Johnson&Johnson, Moderna, Oxford/AstraZeneca, Pfizer/BioNTech",6644404,6360743,13005147
2021-11-29,"Johnson&Johnson, Moderna, Oxford/AstraZeneca, Pfizer/BioNTech",6659610,6374406,13034016
2021-11-30,"Johnson&Johnson, Moderna, Oxford/AstraZeneca, Pfizer/BioNTech",6672813,6385639,13058452
2021-12-01,"Johnson&Johnson, Moderna, Oxford/AstraZeneca, Pfizer/BioNTech",6686855,6398099,13084954
2021-12-02,"Johnson&Johnson, Moderna, Oxford/AstraZeneca, Pfizer/BioNTech, Čína",6697498,6410597,13108095
2021-12-03,"Johnson&Johnson, Moderna, Oxford/AstraZeneca, Pfizer/BioNTech",6707138,6426178,13133316
2021-12-04,"Johnson&Johnson, Moderna, Pfizer/BioNTech",6709698,6430136,13139834
2021-12-05,"Johnson&Johnson, Moderna, Oxford/AstraZeneca, Pfizer/BioNTech",6711058,6432481,13143539
2021-12-06,"Johnson&Johnson, Moderna, Oxford/AstraZeneca, Pfizer/BioNTech",6719207,6444010,13163217
2021-12-07,"Johnson&Johnson, Moderna, Oxford/AstraZeneca, Pfizer/BioNTech",6727097,6456025,13183122
2021-12-08,"Johnson&Johnson, Moderna, Oxford/AstraZeneca, Pfizer/BioNTech",6735343,6461955,13197298
2021-12-09,"Johnson&Johnson, Moderna, Oxford/AstraZeneca, Pfizer/BioNTech",6742462,6474780,13217242
2021-12-10,"Johnson&Johnson, Moderna, Oxford/AstraZeneca, Pfizer/BioNTech",6749392,6492592,13241984
2021-12-11,"Johnson&Johnson, Moderna, Oxford/AstraZeneca, Pfizer/BioNTech",6751048,6497859,13248907
2021-12-12,"Johnson&Johnson, Moderna, Oxford/AstraZeneca, Pfizer/BioNTech",6752359,6502296,13254655
2021-12-13,"Johnson&Johnson, Moderna, Oxford/AstraZeneca, Pfizer/BioNTech",6758716,6515607,13274323
2021-12-14,"Johnson&Johnson, Moderna, Oxford/AstraZeneca, Pfizer/BioNTech",6764926,6529279,13294205
2021-12-15,"Johnson&Johnson, Moderna, Oxford/AstraZeneca, Pfizer/BioNTech",6771132,6542876,13314008
2021-12-16,"Johnson&Johnson, Moderna, Oxford/AstraZeneca, Pfizer/BioNTech",6778076,6557712,13335788
2021-12-17,"Johnson&Johnson, Moderna, Oxford/AstraZeneca, Pfizer/BioNTech",6786441,6574982,13361423
2021-12-18,"Johnson&Johnson, Moderna, Oxford/AstraZeneca, Pfizer/BioNTech",6789052,6580439,13369491
2021-12-19,"Johnson&Johnson, Moderna, Pfizer/BioNTech",6790824,6582943,13373767
2021-12-20,"Johnson&Johnson, Moderna, Oxford/AstraZeneca, Pfizer/BioNTech",6796676,6597007,13393683
2021-12-21,"Johnson&Johnson, Moderna, Oxford/AstraZeneca, Pfizer/BioNTech",6803339,6609017,13412356
2021-12-22,"Johnson&Johnson, Moderna, Oxford/AstraZeneca, Pfizer/BioNTech",6808385,6622077,13430462
2021-12-23,"Johnson&Johnson, Moderna, Oxford/AstraZeneca, Pfizer/BioNTech",6811260,6627682,13438942
2021-12-24,"Johnson&Johnson, Moderna, Oxford/AstraZeneca, Pfizer/BioNTech",6811306,6627786,13439092
2021-12-25,"Moderna, Pfizer/BioNTech",6811308,6627794,13439102
2021-12-26,"Moderna, Pfizer/BioNTech",6811410,6627997,13439407
2021-12-27,"Johnson&Johnson, Moderna, Pfizer/BioNTech",6815277,6637744,13453021
2021-12-28,"Johnson&Johnson, Moderna, Oxford/AstraZeneca, Pfizer/BioNTech",6820518,6645743,13466261
2021-12-29,"Johnson&Johnson, Moderna, Oxford/AstraZeneca, Pfizer/BioNTech",6824800,6653465,13478265
2021-12-30,"Johnson&Johnson, Moderna, Pfizer/BioNTech",6829101,6658898,13487999
2021-12-31,"Johnson&Johnson, Moderna, Pfizer/BioNTech",6829612,6660323,13489935
2022-01-01,"Moderna, Pfizer/BioNTech",6829618,6660341,13489959
2022-01-02,"Johnson&Johnson, Moderna, Pfizer/BioNTech",6830474,6661718,13492192
2022-01-03,"Johnson&Johnson, Moderna, Oxford/AstraZeneca, Pfizer/BioNTech",6834611,6670628,13505239
2022-01-04,"Johnson&Johnson, Moderna, Oxford/AstraZeneca, Pfizer/BioNTech",6839694,6678385,13518079
2022-01-05,"Johnson&Johnson, Moderna, Oxford/AstraZeneca, Pfizer/BioNTech, Čína",6845516,6686360,13531876
2022-01-06,"Johnson&Johnson, Moderna, Oxford/AstraZeneca, Pfizer/BioNTech",6852104,6694761,13546865
2022-01-07,"Johnson&Johnson, Moderna, Oxford/AstraZeneca, Pfizer/BioNTech",6859982,6705117,13565099
2022-01-08,"Johnson&Johnson, Moderna, Oxford/AstraZeneca, Pfizer/BioNTech",6862460,6707895,13570355
2022-01-09,"Johnson&Johnson, Moderna, Pfizer/BioNTech",6863542,6709591,13573133
2022-01-10,"Johnson&Johnson, Moderna, Oxford/AstraZeneca, Pfizer/BioNTech",6868049,6715784,13583833
2022-01-11,"Johnson&Johnson, Moderna, Oxford/AstraZeneca, Pfizer/BioNTech",6873498,6722543,13596041
2022-01-12,"Johnson&Johnson, Moderna, Oxford/AstraZeneca, Pfizer/BioNTech",6879456,6728186,13607642
2022-01-13,"Johnson&Johnson, Moderna, Oxford/AstraZeneca, Pfizer/BioNTech",6885345,6732961,13618306
2022-01-14,"Johnson&Johnson, Moderna, Oxford/AstraZeneca, Pfizer/BioNTech",6891647,6736593,13628240
2022-01-15,"Johnson&Johnson, Moderna, Oxford/AstraZeneca, Pfizer/BioNTech",6892923,6737249,13630172
2022-01-16,"Johnson&Johnson, Moderna, Oxford/AstraZeneca, Pfizer/BioNTech",6893613,6737686,13631299
2022-01-17,"Johnson&Johnson, Moderna, Oxford/AstraZeneca, Pfizer/BioNTech",6897168,6741642,13638810
2022-01-18,"Johnson&Johnson, Moderna, Oxford/AstraZeneca, Pfizer/BioNTech",6901017,6746596,13647613
2022-01-19,"Johnson&Johnson, Moderna, Oxford/AstraZeneca, Pfizer/BioNTech",6905087,6750527,13655614
2022-01-20,"Johnson&Johnson, Moderna, Oxford/AstraZeneca, Pfizer/BioNTech",6908685,6754982,13663667
2022-01-21,"Johnson&Johnson, Moderna, Oxford/AstraZeneca, Pfizer/BioNTech",6912682,6757510,13670192
2022-01-22,"Johnson&Johnson, Moderna, Pfizer/BioNTech",6913462,6757951,13671413
2022-01-23,"Johnson&Johnson, Moderna, Pfizer/BioNTech",6914023,6758585,13672608
2022-01-24,"Johnson&Johnson, Moderna, Oxford/AstraZeneca, Pfizer/BioNTech",6916295,6762022,13678317
2022-01-25,"Johnson&Johnson, Moderna, Oxford/AstraZeneca, Pfizer/BioNTech",6918653,6766016,13684669
2022-01-26,"Johnson&Johnson, Moderna, Oxford/AstraZeneca, Pfizer/BioNTech",6921037,6770585,13691622
2022-01-27,"Johnson&Johnson, Moderna, Oxford/AstraZeneca, Pfizer/BioNTech",6923359,6775398,13698757
2022-01-28,"Johnson&Johnson, Moderna, Oxford/AstraZeneca, Pfizer/BioNTech",6926277,6781565,13707842
2022-01-29,"Johnson&Johnson, Moderna, Oxford/AstraZeneca, Pfizer/BioNTech",6926879,6783216,13710095
2022-01-30,"Johnson&Johnson, Moderna, Pfizer/BioNTech",6927106,6783998,13711104
2022-01-31,"Johnson&Johnson, Moderna, Pfizer/BioNTech",6928648,6787925,13716573
2022-02-01,"Johnson&Johnson, Moderna, Pfizer/BioNTech",6930243,6791957,13722200
2022-02-02,"Johnson&Johnson, Moderna, Oxford/AstraZeneca, Pfizer/BioNTech",6931808,6796470,13728278
2022-02-03,"Johnson&Johnson, Moderna, Pfizer/BioNTech",6933188,6800955,13734143
2022-02-04,"Johnson&Johnson, Moderna, Pfizer/BioNTech",6934789,6806071,13740860
2022-02-05,"Johnson&Johnson, Moderna, Pfizer/BioNTech",6934962,6806681,13741643
2022-02-06,"Johnson&Johnson, Moderna, Pfizer/BioNTech",6935058,6807000,13742058
2022-02-07,"Johnson&Johnson, Moderna, Pfizer/BioNTech",6935761,6810209,13745970
2022-02-08,"Johnson&Johnson, Moderna, Pfizer/BioNTech",6936556,6813398,13749954
2022-02-09,"Johnson&Johnson, Moderna, Pfizer/BioNTech",6937378,6816772,13754150
2022-02-10,"Johnson&Johnson, Moderna, Pfizer/BioNTech",6938188,6819904,13758092
2022-02-11,"Johnson&Johnson, Moderna, Pfizer/BioNTech",6939142,6823819,13762961
2022-02-12,"Johnson&Johnson, Moderna, Pfizer/BioNTech",6939252,6824238,13763490
2022-02-13,"Johnson&Johnson, Moderna, Pfizer/BioNTech",6939289,6824676,13763965
2022-02-14,"Johnson&Johnson, Moderna, Pfizer/BioNTech",6939747,6826788,13766535
2022-02-15,"Johnson&Johnson, Moderna, Pfizer/BioNTech",6940300,6828998,13769298
2022-02-16,"Johnson&Johnson, Moderna, Pfizer/BioNTech",6940891,6831097,13771988
2022-02-17,"Johnson&Johnson, Moderna, Pfizer/BioNTech",6941486,6833439,13774925
2022-02-18,"Johnson&Johnson, Moderna, Oxford/AstraZeneca, Pfizer/BioNTech",6942128,6836492,13778620
2022-02-19,"Johnson&Johnson, Moderna, Pfizer/BioNTech",6942208,6836773,13778981
2022-02-20,"Johnson&Johnson, Moderna, Oxford/AstraZeneca, Pfizer/BioNTech",6942246,6836922,13779168
2022-02-21,"Johnson&Johnson, Moderna, Pfizer/BioNTech",6942610,6838622,13781232
2022-02-22,"Johnson&Johnson, Moderna, Oxford/AstraZeneca, Pfizer/BioNTech",6943003,6840320,13783323
2022-02-23,"Johnson&Johnson, Moderna, Pfizer/BioNTech",6943460,6841963,13785423
2022-02-24,"Johnson&Johnson, Moderna, Pfizer/BioNTech",6943868,6843594,13787462
2022-02-25,"Johnson&Johnson, Moderna, Pfizer/BioNTech",6944451,6845679,13790130
2022-02-26,"Johnson&Johnson, Moderna, Pfizer/BioNTech",6944510,6845840,13790350
2022-02-27,"Johnson&Johnson, Moderna, Pfizer/BioNTech",6944540,6845916,13790456
2022-02-28,"Johnson&Johnson, Moderna, Pfizer/BioNTech",6944786,6846893,13791679
2022-03-01,"Johnson&Johnson, Moderna, Pfizer/BioNTech",6945093,6847678,13792771
2022-03-02,"Johnson&Johnson, Moderna, Novavax, Pfizer/BioNTech",6945466,6848586,13794052
2022-03-03,"Johnson&Johnson, Moderna, Novavax, Pfizer/BioNTech",6945803,6849529,13795332
2022-03-04,"Johnson&Johnson, Moderna, Novavax, Pfizer/BioNTech",6946433,6850750,13797183
2022-03-05,"Johnson&Johnson, Moderna, Novavax, Pfizer/BioNTech",6946514,6850843,13797357
2022-03-06,"Moderna, Novavax, Pfizer/BioNTech",6946527,6850861,13797388
2022-03-07,"Johnson&Johnson, Moderna, Novavax, Pfizer/BioNTech",6946862,6851419,13798281
2022-03-08,"Johnson&Johnson, Moderna, Novavax, Pfizer/BioNTech",6947197,6851961,13799158
2022-03-09,"Johnson&Johnson, Moderna, Novavax, Pfizer/BioNTech",6947586,6852556,13800142
2022-03-10,"Johnson&Johnson, Moderna, Novavax, Pfizer/BioNTech",6947998,6853229,13801227
2022-03-11,"Johnson&Johnson, Moderna, Novavax, Pfizer/BioNTech",6948747,6854139,13802886
2022-03-12,"Johnson&Johnson, Moderna, Novavax, Pfizer/BioNTech",6948818,6854244,13803062
2022-03-13,"Johnson&Johnson, Moderna, Novavax, Pfizer/BioNTech",6948831,6854263,13803094
2022-03-14,"Johnson&Johnson, Moderna, Novavax, Pfizer/BioNTech",6949098,6854646,13803744
2022-03-15,"Johnson&Johnson, Moderna, Novavax, Pfizer/BioNTech",6949382,6855082,13804464
2022-03-16,"Johnson&Johnson, Moderna, Novavax, Pfizer/BioNTech",6949701,6855625,13805326
2022-03-17,"Johnson&Johnson, Moderna, Novavax, Oxford/AstraZeneca, Pfizer/BioNTech",6949997,6856057,13806054
2022-03-18,"Johnson&Johnson, Moderna, Novavax, Pfizer/BioNTech",6950694,6856852,13807546
2022-03-19,"Moderna, Novavax, Pfizer/BioNTech",6950750,6856897,13807647
2022-03-20,"Moderna, Novavax, Pfizer/BioNTech",6950768,6856909,13807677
2022-03-21,"Johnson&Johnson, Moderna, Novavax, Pfizer/BioNTech",6950956,6857236,13808192
2022-03-22,"Johnson&Johnson, Moderna, Novavax, Pfizer/BioNTech",6951197,6857635,13808832
2022-03-23,"Johnson&Johnson, Moderna, Novavax, Pfizer/BioNTech",6951534,6858074,13809608
2022-03-24,"Johnson&Johnson, Moderna, Novavax, Pfizer/BioNTech",6951845,6858547,13810392
2022-03-25,"Johnson&Johnson, Moderna, Novavax, Pfizer/BioNTech",6952340,6859356,13811696
2022-03-26,"Johnson&Johnson, Moderna, Novavax, Pfizer/BioNTech",6952392,6859434,13811826
2022-03-27,"Moderna, Novavax, Pfizer/BioNTech",6952408,6859451,13811859
2022-03-28,"Johnson&Johnson, Moderna, Novavax, Pfizer/BioNTech",6952562,6859829,13812391
2022-03-29,"Johnson&Johnson, Moderna, Novavax, Pfizer/BioNTech",6952824,6860235,13813059
2022-03-30,"Johnson&Johnson, Moderna, Novavax, Pfizer/BioNTech",6953129,6860728,13813857
2022-03-31,"Johnson&Johnson, Moderna, Novavax, Pfizer/BioNTech",6953427,6861220,13814647
2022-04-01,"Johnson&Johnson, Moderna, Novavax, Pfizer/BioNTech",6954038,6861980,13816018
2022-04-02,"Moderna, Novavax, Pfizer/BioNTech",6954095,6862064,13816159
2022-04-03,"Moderna, Novavax, Pfizer/BioNTech",6954108,6862093,13816201
2022-04-04,"Johnson&Johnson, Moderna, Novavax, Pfizer/BioNTech",6954285,6862375,13816660
2022-04-05,"Johnson&Johnson, Moderna, Novavax, Pfizer/BioNTech",6954476,6862611,13817087
2022-04-06,"Johnson&Johnson, Moderna, Novavax, Pfizer/BioNTech",6954693,6862957,13817650
2022-04-07,"Johnson&Johnson, Moderna, Novavax, Pfizer/BioNTech",6954917,6863375,13818292
2022-04-08,"Johnson&Johnson, Moderna, Novavax, Pfizer/BioNTech",6955371,6864098,13819469
2022-04-09,"Johnson&Johnson, Moderna, Novavax, Pfizer/BioNTech",6955431,6864170,13819601
2022-04-10,"Moderna, Novavax, Pfizer/BioNTech",6955444,6864179,13819623
2022-04-11,"Johnson&Johnson, Moderna, Novavax, Pfizer/BioNTech",6955606,6864410,13820016
2022-04-12,"Johnson&Johnson, Moderna, Novavax, Pfizer/BioNTech",6955853,6864708,13820561
2022-04-13,"Johnson&Johnson, Moderna, Novavax, Pfizer/BioNTech",6956094,6865062,13821156
2022-04-14,"Johnson&Johnson, Moderna, Novavax, Pfizer/BioNTech",6956356,6865447,13821803
2022-04-15,"Moderna, Novavax, Pfizer/BioNTech",6956372,6865478,13821850
2022-04-16,"Johnson&Johnson, Moderna, Novavax, Pfizer/BioNTech",6956392,6865512,13821904
2022-04-17,"Moderna, Novavax, Pfizer/BioNTech",6956393,6865513,13821906
2022-04-18,"Moderna, Novavax, Pfizer/BioNTech",6956407,6865530,13821937
2022-04-19,"Johnson&Johnson, Moderna, Novavax, Pfizer/BioNTech",6956546,6865868,13822414
2022-04-20,"Johnson&Johnson, Moderna, Novavax, Pfizer/BioNTech, Čína",6956769,6866258,13823027
2022-04-21,"Johnson&Johnson, Moderna, Novavax, Pfizer/BioNTech",6956986,6866682,13823668
2022-04-22,"Johnson&Johnson, Moderna, Novavax, Pfizer/BioNTech",6957450,6867510,13824960
2022-04-23,"Moderna, Novavax, Pfizer/BioNTech",6957481,6867589,13825070
2022-04-24,"Moderna, Novavax, Pfizer/BioNTech",6957486,6867600,13825086
2022-04-25,"Johnson&Johnson, Moderna, Novavax, Pfizer/BioNTech",6957642,6867808,13825450
2022-04-26,"Johnson&Johnson, Moderna, Novavax, Pfizer/BioNTech",6957782,6868072,13825854
2022-04-27,"Johnson&Johnson, Moderna, Novavax, Pfizer/BioNTech",6958049,6868402,13826451
2022-04-28,"Johnson&Johnson, Moderna, Novavax, Pfizer/BioNTech",6958243,6868692,13826935
2022-04-29,"Johnson&Johnson, Moderna, Novavax, Pfizer/BioNTech",6958678,6869281,13827959
2022-04-30,"Moderna, Novavax, Pfizer/BioNTech",6958719,6869348,13828067
2022-05-01,"Moderna, Novavax, Oxford/AstraZeneca, Pfizer/BioNTech",6958724,6869358,13828082
2022-05-02,"Johnson&Johnson, Moderna, Novavax, Pfizer/BioNTech",6958864,6869540,13828404
2022-05-03,"Johnson&Johnson, Moderna, Novavax, Pfizer/BioNTech",6959021,6869796,13828817
2022-05-04,"Johnson&Johnson, Moderna, Novavax, Pfizer/BioNTech",6959227,6870071,13829298
2022-05-05,"Johnson&Johnson, Moderna, Novavax, Pfizer/BioNTech",6959434,6870361,13829795
2022-05-06,"Johnson&Johnson, Moderna, Novavax, Pfizer/BioNTech",6959810,6870703,13830513
2022-05-07,"Moderna, Novavax, Pfizer/BioNTech",6959837,6870729,13830566
2022-05-08,"Moderna, Pfizer/BioNTech",6959838,6870737,13830575
2022-05-09,"Johnson&Johnson, Moderna, Novavax, Pfizer/BioNTech",6959946,6870827,13830773
2022-05-10,"Johnson&Johnson, Moderna, Novavax, Pfizer/BioNTech",6960101,6871064,13831165
2022-05-11,"Johnson&Johnson, Moderna, Novavax, Oxford/AstraZeneca, Pfizer/BioNTech",6960323,6871331,13831654
2022-05-12,"Johnson&Johnson, Moderna, Novavax, Pfizer/BioNTech",6960526,6871608,13832134
2022-05-13,"Johnson&Johnson, Moderna, Novavax, Pfizer/BioNTech",6960871,6872107,13832978
2022-05-14,"Johnson&Johnson, Moderna, Novavax, Pfizer/BioNTech",6960912,6872147,13833059
2022-05-15,"Johnson&Johnson, Moderna, Novavax, Pfizer/BioNTech",6960927,6872158,13833085
2022-05-16,"Johnson&Johnson, Moderna, Novavax, Pfizer/BioNTech",6961037,6872278,13833315
2022-05-17,"Johnson&Johnson, Moderna, Novavax, Pfizer/BioNTech",6961179,6872433,13833612
2022-05-18,"Johnson&Johnson, Moderna, Novavax, Pfizer/BioNTech",6961416,6872765,13834181
2022-05-19,"Johnson&Johnson, Moderna, Novavax, Pfizer/BioNTech",6961610,6873016,13834626
2022-05-20,"Johnson&Johnson, Moderna, Novavax, Pfizer/BioNTech",6961911,6873570,13835481
2022-05-21,"Johnson&Johnson, Moderna, Novavax, Pfizer/BioNTech",6961950,6873599,13835549
2022-05-22,"Moderna, Pfizer/BioNTech",6961959,6873606,13835565
2022-05-23,"Johnson&Johnson, Moderna, Novavax, Pfizer/BioNTech",6962081,6873761,13835842
2022-05-24,"Johnson&Johnson, Moderna, Novavax, Pfizer/BioNTech",6962212,6873934,13836146
2022-05-25,"Johnson&Johnson, Moderna, Novavax, Oxford/AstraZeneca, Pfizer/BioNTech",6962389,6874183,13836572
2022-05-26,"Johnson&Johnson, Moderna, Novavax, Pfizer/BioNTech",6962541,6874408,13836949
2022-05-27,"Johnson&Johnson, Moderna, Novavax, Pfizer/BioNTech",6962811,6874874,13837685
2022-05-28,"Moderna, Novavax, Pfizer/BioNTech",6962849,6874923,13837772
2022-05-29,"Moderna, Novavax, Pfizer/BioNTech",6962858,6874927,13837785
2022-05-30,"Johnson&Johnson, Moderna, Novavax, Pfizer/BioNTech",6962948,6875087,13838035
2022-05-31,"Johnson&Johnson, Moderna, Novavax, Pfizer/BioNTech",6963097,6875283,13838380
2022-06-01,"Johnson&Johnson, Moderna, Novavax, Pfizer/BioNTech",6963235,6875513,13838748
2022-06-02,"Moderna, Novavax, Pfizer/BioNTech",6963365,6875753,13839118
2022-06-03,"Johnson&Johnson, Moderna, Novavax, Pfizer/BioNTech",6963624,6876213,13839837
2022-06-04,"Johnson&Johnson, Moderna, Novavax, Pfizer/BioNTech",6963658,6876253,13839911
2022-06-05,"Moderna, Novavax, Pfizer/BioNTech",6963665,6876259,13839924
2022-06-06,"Johnson&Johnson, Moderna, Novavax, Pfizer/BioNTech",6963754,6876402,13840156
2022-06-07,"Johnson&Johnson, Moderna, Novavax, Pfizer/BioNTech",6963839,6876561,13840400
2022-06-08,"Johnson&Johnson, Moderna, Novavax, Pfizer/BioNTech",6963974,6876809,13840783
2022-06-09,"Johnson&Johnson, Moderna, Novavax, Pfizer/BioNTech",6964069,6877011,13841080
2022-06-10,"Johnson&Johnson, Moderna, Novavax, Pfizer/BioNTech",6964249,6877346,13841595
2022-06-11,"Moderna, Novavax, Pfizer/BioNTech",6964263,6877385,13841648
2022-06-12,"Moderna, Novavax, Pfizer/BioNTech",6964269,6877408,13841677
2022-06-13,"Johnson&Johnson, Moderna, Novavax, Oxford/AstraZeneca, Pfizer/BioNTech",6964322,6877531,13841853
2022-06-14,"Johnson&Johnson, Moderna, Novavax, Pfizer/BioNTech",6964402,6877679,13842081
2022-06-15,"Johnson&Johnson, Moderna, Novavax, Pfizer/BioNTech",6964481,6877874,13842355
2022-06-16,"Johnson&Johnson, Moderna, Novavax, Pfizer/BioNTech",6964546,6878051,13842597
2022-06-17,"Johnson&Johnson, Moderna, Novavax, Pfizer/BioNTech",6964698,6878338,13843036
2022-06-18,"Moderna, Novavax, Pfizer/BioNTech",6964710,6878377,13843087
2022-06-19,"Moderna, Pfizer/BioNTech",6964713,6878385,13843098
2022-06-20,"Johnson&Johnson, Moderna, Novavax, Pfizer/BioNTech",6964777,6878506,13843283
2022-06-21,"Johnson&Johnson, Moderna, Novavax, Pfizer/BioNTech",6964840,6878632,13843472
2022-06-22,"Johnson&Johnson, Moderna, Novavax, Pfizer/BioNTech",6964936,6878815,13843751
2022-06-23,"Johnson&Johnson, Moderna, Novavax, Pfizer/BioNTech",6964996,6878983,13843979
2022-06-24,"Johnson&Johnson, Moderna, Novavax, Pfizer/BioNTech",6965150,6879333,13844483
2022-06-25,"Moderna, Novavax, Pfizer/BioNTech",6965170,6879385,13844555
2022-06-26,"Moderna, Pfizer/BioNTech",6965171,6879395,13844566
2022-06-27,"Johnson&Johnson, Moderna, Novavax, Pfizer/BioNTech",6965237,6879510,13844747
2022-06-28,"Johnson&Johnson, Moderna, Novavax, Pfizer/BioNTech",6965308,6879630,13844938
2022-06-29,"Johnson&Johnson, Moderna, Novavax, Pfizer/BioNTech",6965429,6879814,13845243
2022-06-30,"Johnson&Johnson, Moderna, Novavax, Pfizer/BioNTech",6965514,6879963,13845477
2022-07-01,"Johnson&Johnson, Moderna, Novavax, Pfizer/BioNTech",6965679,6880208,13845887
2022-07-02,"Moderna, Novavax, Pfizer/BioNTech",6965692,6880215,13845907
2022-07-03,"Moderna, Pfizer/BioNTech",6965695,6880224,13845919
2022-07-04,"Johnson&Johnson, Moderna, Novavax, Pfizer/BioNTech",6965763,6880289,13846052
2022-07-05,"Novavax, Pfizer/BioNTech",6965764,6880290,13846054
2022-07-06,"Moderna, Pfizer/BioNTech",6965766,6880295,13846061
2022-07-07,"Johnson&Johnson, Moderna, Novavax, Pfizer/BioNTech",6965870,6880394,13846264
2022-07-08,"Indie/AstraZeneca, Johnson&Johnson, Moderna, Novavax, Oxford/AstraZeneca, Pfizer/BioNTech",6966017,6880574,13846591
2022-07-09,"Johnson&Johnson, Moderna, Novavax, Pfizer/BioNTech",6966026,6880582,13846608
2022-07-10,"Moderna, Pfizer/BioNTech",6966030,6880592,13846622
2022-07-11,"Johnson&Johnson, Moderna, Novavax, Pfizer/BioNTech",6966115,6880674,13846789
2022-07-12,"Johnson&Johnson, Moderna, Novavax, Pfizer/BioNTech",6966207,6880765,13846972
2022-07-13,"Johnson&Johnson, Moderna, Novavax, Pfizer/BioNTech",6966361,6880890,13847251
