date,vaccine,people_vaccinated,people_fully_vaccinated,total_vaccinations
2020-12-27,Pfizer/BioNTech,1251,0,1251
2020-12-28,Pfizer/BioNTech,3546,0,3546
2020-12-29,Pfizer/BioNTech,6990,0,6990
2020-12-30,Pfizer/BioNTech,10464,0,10464
2020-12-31,Pfizer/BioNTech,11770,0,11770
2021-01-01,Pfizer/BioNTech,12030,0,12030
2021-01-02,Pfizer/BioNTech,13296,0,13296
2021-01-03,Pfizer/BioNTech,14210,0,14210
2021-01-04,Pfizer/BioNTech,17775,0,17775
2021-01-05,Pfizer/BioNTech,22268,0,22268
2021-01-06,Pfizer/BioNTech,28082,0,28082
2021-01-07,Pfizer/BioNTech,36020,0,36020
2021-01-08,Pfizer/BioNTech,45944,0,45944
2021-01-09,Pfizer/BioNTech,47955,0,47955
2021-01-10,Pfizer/BioNTech,49679,0,49679
2021-01-11,Pfizer/BioNTech,59462,0,59462
2021-01-12,Pfizer/BioNTech,72812,0,72812
2021-01-13,Pfizer/BioNTech,86277,0,86277
2021-01-14,"Moderna, Pfizer/BioNTech",101434,0,101434
2021-01-15,"Moderna, Pfizer/BioNTech",115352,0,115352
2021-01-16,"Moderna, Pfizer/BioNTech",118723,2,118725
2021-01-17,"Moderna, Pfizer/BioNTech",121317,634,121951
2021-01-18,"Moderna, Pfizer/BioNTech",133770,2360,136130
2021-01-19,"Moderna, Pfizer/BioNTech",146271,5057,151328
2021-01-20,"Moderna, Pfizer/BioNTech",159812,7676,167488
2021-01-21,"Moderna, Pfizer/BioNTech",175349,9394,184743
2021-01-22,"Moderna, Pfizer/BioNTech",190079,10426,200505
2021-01-23,"Moderna, Pfizer/BioNTech",193352,11291,204643
2021-01-24,"Moderna, Pfizer/BioNTech",195594,12152,207746
2021-01-25,"Moderna, Pfizer/BioNTech",205193,15092,220285
2021-01-26,"Moderna, Pfizer/BioNTech",215686,19043,234729
2021-01-27,"Moderna, Pfizer/BioNTech",224666,23525,248191
2021-01-28,"Moderna, Pfizer/BioNTech",231695,29603,261298
2021-01-29,"Moderna, Pfizer/BioNTech",237868,37394,275262
2021-01-30,"Moderna, Pfizer/BioNTech",238585,38475,277060
2021-01-31,Pfizer/BioNTech,239286,39617,278903
2021-02-01,"Moderna, Pfizer/BioNTech",243225,47481,290706
2021-02-02,"Moderna, Pfizer/BioNTech",247339,57636,304975
2021-02-03,"Moderna, Pfizer/BioNTech",251720,68574,320294
2021-02-04,"Moderna, Pfizer/BioNTech",256589,81467,338056
2021-02-05,"Moderna, Pfizer/BioNTech",262020,92062,354082
2021-02-06,"Moderna, Pfizer/BioNTech",262856,94391,357247
2021-02-07,"Moderna, Pfizer/BioNTech",263699,96861,360560
2021-02-08,"Moderna, Pfizer/BioNTech",267706,108182,375888
2021-02-09,"Moderna, Pfizer/BioNTech",272738,120017,392755
2021-02-10,"Moderna, Pfizer/BioNTech",278256,133096,411352
2021-02-11,"Moderna, Oxford/AstraZeneca, Pfizer/BioNTech",284529,149148,433677
2021-02-12,"Moderna, Oxford/AstraZeneca, Pfizer/BioNTech",291237,163746,454983
2021-02-13,"Moderna, Oxford/AstraZeneca, Pfizer/BioNTech",292805,166703,459508
2021-02-14,"Moderna, Oxford/AstraZeneca, Pfizer/BioNTech",293793,168068,461861
2021-02-15,"Moderna, Oxford/AstraZeneca, Pfizer/BioNTech",300129,177360,477489
2021-02-16,"Moderna, Oxford/AstraZeneca, Pfizer/BioNTech",308733,186343,495076
2021-02-17,"Moderna, Oxford/AstraZeneca, Pfizer/BioNTech",318378,194516,512894
2021-02-18,"Moderna, Oxford/AstraZeneca, Pfizer/BioNTech",330614,202488,533102
2021-02-19,"Moderna, Oxford/AstraZeneca, Pfizer/BioNTech",342349,209704,552053
2021-02-20,"Moderna, Oxford/AstraZeneca, Pfizer/BioNTech",344263,210866,555129
2021-02-21,"Moderna, Oxford/AstraZeneca, Pfizer/BioNTech",345283,211871,557154
2021-02-22,"Moderna, Oxford/AstraZeneca, Pfizer/BioNTech",355343,217845,573188
2021-02-23,"Moderna, Oxford/AstraZeneca, Pfizer/BioNTech",368141,224741,592882
2021-02-24,"Moderna, Oxford/AstraZeneca, Pfizer/BioNTech",381901,230724,612625
2021-02-25,"Moderna, Oxford/AstraZeneca, Pfizer/BioNTech",399753,236225,635978
2021-02-26,"Moderna, Oxford/AstraZeneca, Pfizer/BioNTech",415769,241518,657287
2021-02-27,"Moderna, Oxford/AstraZeneca, Pfizer/BioNTech",418696,242066,660762
2021-02-28,"Moderna, Oxford/AstraZeneca, Pfizer/BioNTech",421024,242605,663629
2021-03-01,"Moderna, Oxford/AstraZeneca, Pfizer/BioNTech",440289,245992,686281
2021-03-02,"Moderna, Oxford/AstraZeneca, Pfizer/BioNTech",467075,249499,716574
2021-03-03,"Moderna, Oxford/AstraZeneca, Pfizer/BioNTech",497399,253962,751361
2021-03-04,"Moderna, Oxford/AstraZeneca, Pfizer/BioNTech",530193,258573,788766
2021-03-05,"Moderna, Oxford/AstraZeneca, Pfizer/BioNTech",558626,263900,822526
2021-03-06,"Moderna, Oxford/AstraZeneca, Pfizer/BioNTech",570583,264722,835305
2021-03-07,"Moderna, Oxford/AstraZeneca, Pfizer/BioNTech",581934,265545,847479
2021-03-08,"Moderna, Oxford/AstraZeneca, Pfizer/BioNTech",611371,270330,881701
2021-03-09,"Moderna, Oxford/AstraZeneca, Pfizer/BioNTech",647224,276642,923866
2021-03-10,"Moderna, Oxford/AstraZeneca, Pfizer/BioNTech",688060,283531,971591
2021-03-11,"Moderna, Oxford/AstraZeneca, Pfizer/BioNTech",732405,291820,1024225
2021-03-12,"Moderna, Oxford/AstraZeneca, Pfizer/BioNTech",770722,300158,1070880
2021-03-13,"Moderna, Oxford/AstraZeneca, Pfizer/BioNTech",787653,301425,1089078
2021-03-14,"Moderna, Oxford/AstraZeneca, Pfizer/BioNTech",799675,302548,1102223
2021-03-15,"Moderna, Oxford/AstraZeneca, Pfizer/BioNTech",827700,311247,1138947
2021-03-16,"Moderna, Oxford/AstraZeneca, Pfizer/BioNTech",866180,321663,1187843
2021-03-17,"Moderna, Oxford/AstraZeneca, Pfizer/BioNTech",903303,332088,1235391
2021-03-18,"Moderna, Oxford/AstraZeneca, Pfizer/BioNTech",940781,344414,1285195
2021-03-19,"Moderna, Oxford/AstraZeneca, Pfizer/BioNTech",974744,357904,1332648
2021-03-20,"Moderna, Oxford/AstraZeneca, Pfizer/BioNTech",989696,359902,1349598
2021-03-21,"Moderna, Oxford/AstraZeneca, Pfizer/BioNTech",997031,361422,1358453
2021-03-22,"Moderna, Oxford/AstraZeneca, Pfizer/BioNTech",1021091,373761,1394852
2021-03-23,"Moderna, Oxford/AstraZeneca, Pfizer/BioNTech",1047286,386976,1434262
2021-03-24,"Moderna, Oxford/AstraZeneca, Pfizer/BioNTech",1073760,402537,1476297
2021-03-25,"Moderna, Oxford/AstraZeneca, Pfizer/BioNTech",1099757,420297,1520054
2021-03-26,"Moderna, Oxford/AstraZeneca, Pfizer/BioNTech",1124195,437657,1561852
2021-03-27,"Moderna, Oxford/AstraZeneca, Pfizer/BioNTech",1132522,442406,1574928
2021-03-28,"Moderna, Oxford/AstraZeneca, Pfizer/BioNTech",1137997,446494,1584491
2021-03-29,"Moderna, Oxford/AstraZeneca, Pfizer/BioNTech",1156734,466972,1623706
2021-03-30,"Moderna, Oxford/AstraZeneca, Pfizer/BioNTech",1181086,488956,1670042
2021-03-31,"Moderna, Oxford/AstraZeneca, Pfizer/BioNTech",1203818,515718,1719536
2021-04-01,"Moderna, Oxford/AstraZeneca, Pfizer/BioNTech",1228901,547431,1776332
2021-04-02,"Moderna, Oxford/AstraZeneca, Pfizer/BioNTech",1235587,560106,1795693
2021-04-03,"Moderna, Oxford/AstraZeneca, Pfizer/BioNTech",1239039,570958,1809997
2021-04-04,"Moderna, Oxford/AstraZeneca, Pfizer/BioNTech",1241491,579673,1821164
2021-04-05,"Moderna, Oxford/AstraZeneca, Pfizer/BioNTech",1243767,586793,1830560
2021-04-06,"Moderna, Oxford/AstraZeneca, Pfizer/BioNTech",1259602,615776,1875378
2021-04-07,"Moderna, Oxford/AstraZeneca, Pfizer/BioNTech",1282587,637705,1920292
2021-04-08,"Moderna, Oxford/AstraZeneca, Pfizer/BioNTech",1320154,668399,1988553
2021-04-09,"Moderna, Oxford/AstraZeneca, Pfizer/BioNTech",1358292,698136,2056428
2021-04-10,"Moderna, Oxford/AstraZeneca, Pfizer/BioNTech",1373519,713251,2086770
2021-04-11,"Moderna, Oxford/AstraZeneca, Pfizer/BioNTech",1383149,723220,2106369
2021-04-12,"Moderna, Oxford/AstraZeneca, Pfizer/BioNTech",1420463,747798,2168261
2021-04-13,"Moderna, Oxford/AstraZeneca, Pfizer/BioNTech",1455746,773466,2229212
2021-04-14,"Moderna, Oxford/AstraZeneca, Pfizer/BioNTech",1493824,800592,2294416
2021-04-15,"Moderna, Oxford/AstraZeneca, Pfizer/BioNTech",1540831,826006,2366837
2021-04-16,"Moderna, Oxford/AstraZeneca, Pfizer/BioNTech",1584774,851381,2436155
2021-04-17,"Moderna, Oxford/AstraZeneca, Pfizer/BioNTech",1601199,860324,2461523
2021-04-18,"Moderna, Oxford/AstraZeneca, Pfizer/BioNTech",1614068,865257,2479325
2021-04-19,"Moderna, Oxford/AstraZeneca, Pfizer/BioNTech",1657341,880491,2537832
2021-04-20,"Moderna, Oxford/AstraZeneca, Pfizer/BioNTech",1698911,896108,2595019
2021-04-21,"Moderna, Oxford/AstraZeneca, Pfizer/BioNTech",1745863,910109,2655972
2021-04-22,"Johnson&Johnson, Moderna, Oxford/AstraZeneca, Pfizer/BioNTech",1799403,927251,2726654
2021-04-23,"Johnson&Johnson, Moderna, Oxford/AstraZeneca, Pfizer/BioNTech",1848224,939111,2787335
2021-04-24,"Johnson&Johnson, Moderna, Oxford/AstraZeneca, Pfizer/BioNTech",1865754,944273,2810027
2021-04-25,"Johnson&Johnson, Moderna, Oxford/AstraZeneca, Pfizer/BioNTech",1880195,948222,2828417
2021-04-26,"Johnson&Johnson, Moderna, Oxford/AstraZeneca, Pfizer/BioNTech",1928516,955264,2883780
2021-04-27,"Johnson&Johnson, Moderna, Oxford/AstraZeneca, Pfizer/BioNTech",1973632,966625,2940257
