date,vaccine,people_vaccinated,people_fully_vaccinated,total_vaccinations
2020-12-27,Pfizer/BioNTech,1278,0,1278
2020-12-28,Pfizer/BioNTech,3582,0,3582
2020-12-29,Pfizer/BioNTech,7044,0,7044
2020-12-30,Pfizer/BioNTech,10551,0,10551
2020-12-31,Pfizer/BioNTech,11854,0,11854
2021-01-01,"Moderna, Pfizer/BioNTech",12121,0,12121
2021-01-02,Pfizer/BioNTech,13399,0,13399
2021-01-03,Pfizer/BioNTech,14320,0,14320
2021-01-04,"Moderna, Pfizer/BioNTech",17922,0,17922
2021-01-05,"Moderna, Pfizer/BioNTech",22426,0,22426
2021-01-06,Pfizer/BioNTech,28259,0,28259
2021-01-07,"Moderna, Pfizer/BioNTech",36234,0,36234
2021-01-08,Pfizer/BioNTech,46268,0,46268
2021-01-09,"Moderna, Pfizer/BioNTech",48291,1,48292
2021-01-10,Pfizer/BioNTech,50055,3,50058
2021-01-11,Pfizer/BioNTech,59897,5,59902
2021-01-12,"Moderna, Pfizer/BioNTech",73288,7,73295
2021-01-13,Pfizer/BioNTech,86804,7,86811
2021-01-14,"Moderna, Pfizer/BioNTech",102012,9,102021
2021-01-15,"Moderna, Pfizer/BioNTech",116002,9,116011
2021-01-16,"Moderna, Pfizer/BioNTech",119386,12,119398
2021-01-17,"Moderna, Pfizer/BioNTech",121992,650,122642
2021-01-18,"Moderna, Pfizer/BioNTech",134469,2472,136941
2021-01-19,"Moderna, Pfizer/BioNTech",147039,5193,152232
2021-01-20,"Moderna, Pfizer/BioNTech",160691,7842,168533
2021-01-21,"Moderna, Pfizer/BioNTech",176316,9576,185892
2021-01-22,"Moderna, Pfizer/BioNTech",191161,10618,201779
2021-01-23,"Moderna, Pfizer/BioNTech",194469,11496,205965
2021-01-24,"Moderna, Pfizer/BioNTech",196720,12366,209086
2021-01-25,"Moderna, Pfizer/BioNTech",206351,15336,221687
2021-01-26,"Moderna, Pfizer/BioNTech",216883,19312,236195
2021-01-27,"Moderna, Pfizer/BioNTech",225907,23835,249742
2021-01-28,"Moderna, Pfizer/BioNTech",232987,29957,262944
2021-01-29,"Moderna, Pfizer/BioNTech",239183,37852,277035
2021-01-30,"Moderna, Pfizer/BioNTech",239913,38940,278853
2021-01-31,"Moderna, Pfizer/BioNTech",240624,40121,280745
2021-02-01,"Moderna, Pfizer/BioNTech",244591,48061,292652
2021-02-02,"Moderna, Pfizer/BioNTech",248718,58285,307003
2021-02-03,"Moderna, Pfizer/BioNTech",253128,69277,322405
2021-02-04,"Moderna, Pfizer/BioNTech",258019,82233,340252
2021-02-05,"Moderna, Pfizer/BioNTech",263467,92887,356354
2021-02-06,"Moderna, Oxford/AstraZeneca, Pfizer/BioNTech",264310,95237,359547
2021-02-07,"Moderna, Pfizer/BioNTech",265157,97723,362880
2021-02-08,"Moderna, Oxford/AstraZeneca, Pfizer/BioNTech",269222,109109,378331
2021-02-09,"Moderna, Oxford/AstraZeneca, Pfizer/BioNTech",274306,121033,395339
2021-02-10,"Moderna, Pfizer/BioNTech",279797,134254,414051
2021-02-11,"Moderna, Oxford/AstraZeneca, Pfizer/BioNTech",286102,150445,436547
2021-02-12,"Moderna, Oxford/AstraZeneca, Pfizer/BioNTech",292847,165141,457988
2021-02-13,"Moderna, Oxford/AstraZeneca, Pfizer/BioNTech",294442,168119,462561
2021-02-14,"Moderna, Oxford/AstraZeneca, Pfizer/BioNTech",295438,169497,464935
2021-02-15,"Moderna, Oxford/AstraZeneca, Pfizer/BioNTech",301829,178835,480664
2021-02-16,"Moderna, Oxford/AstraZeneca, Pfizer/BioNTech",310539,187888,498427
2021-02-17,"Moderna, Oxford/AstraZeneca, Pfizer/BioNTech",320226,196179,516405
2021-02-18,"Moderna, Oxford/AstraZeneca, Pfizer/BioNTech",332531,204226,536757
2021-02-19,"Moderna, Oxford/AstraZeneca, Pfizer/BioNTech",344377,211548,555925
2021-02-20,"Moderna, Oxford/AstraZeneca, Pfizer/BioNTech",346359,212723,559082
2021-02-21,"Moderna, Oxford/AstraZeneca, Pfizer/BioNTech",347473,213740,561213
2021-02-22,"Moderna, Oxford/AstraZeneca, Pfizer/BioNTech",357592,219750,577342
2021-02-23,"Moderna, Oxford/AstraZeneca, Pfizer/BioNTech",370523,226711,597234
2021-02-24,"Moderna, Oxford/AstraZeneca, Pfizer/BioNTech",384387,232734,617121
2021-02-25,"Moderna, Oxford/AstraZeneca, Pfizer/BioNTech",402344,238269,640613
2021-02-26,"Moderna, Oxford/AstraZeneca, Pfizer/BioNTech",418497,243598,662095
2021-02-27,"Moderna, Oxford/AstraZeneca, Pfizer/BioNTech",421499,244148,665647
2021-02-28,"Moderna, Oxford/AstraZeneca, Pfizer/BioNTech",423838,244693,668531
2021-03-01,"Moderna, Oxford/AstraZeneca, Pfizer/BioNTech",443392,248120,691512
2021-03-02,"Moderna, Oxford/AstraZeneca, Pfizer/BioNTech",470596,251656,722252
2021-03-03,"Moderna, Oxford/AstraZeneca, Pfizer/BioNTech",501431,256146,757577
2021-03-04,"Moderna, Oxford/AstraZeneca, Pfizer/BioNTech",534648,260809,795457
2021-03-05,"Johnson&Johnson, Moderna, Oxford/AstraZeneca, Pfizer/BioNTech",563445,266206,829651
2021-03-06,"Johnson&Johnson, Moderna, Oxford/AstraZeneca, Pfizer/BioNTech",575574,267054,842628
2021-03-07,"Johnson&Johnson, Moderna, Oxford/AstraZeneca, Pfizer/BioNTech",587094,267888,854982
2021-03-08,"Johnson&Johnson, Moderna, Oxford/AstraZeneca, Pfizer/BioNTech",616785,272721,889506
2021-03-09,"Johnson&Johnson, Moderna, Oxford/AstraZeneca, Pfizer/BioNTech",653055,279084,932139
2021-03-10,"Moderna, Oxford/AstraZeneca, Pfizer/BioNTech",694321,286022,980343
2021-03-11,"Johnson&Johnson, Moderna, Oxford/AstraZeneca, Pfizer/BioNTech",739110,294372,1033482
2021-03-12,"Johnson&Johnson, Moderna, Oxford/AstraZeneca, Pfizer/BioNTech",777881,302820,1080701
2021-03-13,"Moderna, Oxford/AstraZeneca, Pfizer/BioNTech",794931,304113,1099044
2021-03-14,"Moderna, Oxford/AstraZeneca, Pfizer/BioNTech",807026,305249,1112275
2021-03-15,"Moderna, Oxford/AstraZeneca, Pfizer/BioNTech",835382,314016,1149398
2021-03-16,"Johnson&Johnson, Moderna, Oxford/AstraZeneca, Pfizer/BioNTech",874241,324535,1198776
2021-03-17,"Moderna, Oxford/AstraZeneca, Pfizer/BioNTech",911690,335024,1246714
2021-03-18,"Johnson&Johnson, Moderna, Oxford/AstraZeneca, Pfizer/BioNTech",949627,347422,1297049
2021-03-19,"Moderna, Oxford/AstraZeneca, Pfizer/BioNTech",984068,361013,1345081
2021-03-20,"Johnson&Johnson, Moderna, Oxford/AstraZeneca, Pfizer/BioNTech",999185,363023,1362208
2021-03-21,"Johnson&Johnson, Moderna, Oxford/AstraZeneca, Pfizer/BioNTech",1006577,364565,1371142
2021-03-22,"Johnson&Johnson, Moderna, Oxford/AstraZeneca, Pfizer/BioNTech",1031093,377056,1408149
2021-03-23,"Johnson&Johnson, Moderna, Oxford/AstraZeneca, Pfizer/BioNTech",1057691,390388,1448079
2021-03-24,"Johnson&Johnson, Moderna, Oxford/AstraZeneca, Pfizer/BioNTech",1084517,406093,1490610
2021-03-25,"Moderna, Oxford/AstraZeneca, Pfizer/BioNTech",1110809,423922,1534731
2021-03-26,"Moderna, Oxford/AstraZeneca, Pfizer/BioNTech",1135585,441404,1576989
2021-03-27,"Johnson&Johnson, Moderna, Oxford/AstraZeneca, Pfizer/BioNTech",1144001,446237,1590238
2021-03-28,"Moderna, Oxford/AstraZeneca, Pfizer/BioNTech",1149529,450370,1599899
2021-03-29,"Johnson&Johnson, Moderna, Oxford/AstraZeneca, Pfizer/BioNTech",1168623,471066,1639689
2021-03-30,"Johnson&Johnson, Moderna, Oxford/AstraZeneca, Pfizer/BioNTech",1193299,493225,1686524
2021-03-31,"Johnson&Johnson, Moderna, Oxford/AstraZeneca, Pfizer/BioNTech",1216367,520260,1736627
2021-04-01,"Johnson&Johnson, Moderna, Oxford/AstraZeneca, Pfizer/BioNTech",1241939,552287,1794226
2021-04-02,"Johnson&Johnson, Moderna, Oxford/AstraZeneca, Pfizer/BioNTech",1248830,565067,1813897
2021-04-03,"Johnson&Johnson, Moderna, Oxford/AstraZeneca, Pfizer/BioNTech",1252428,575971,1828399
2021-04-04,"Johnson&Johnson, Moderna, Oxford/AstraZeneca, Pfizer/BioNTech",1254918,584868,1839786
2021-04-05,"Johnson&Johnson, Moderna, Oxford/AstraZeneca, Pfizer/BioNTech",1257291,592038,1849329
2021-04-06,"Johnson&Johnson, Moderna, Oxford/AstraZeneca, Pfizer/BioNTech",1273382,621254,1894636
2021-04-07,"Johnson&Johnson, Moderna, Oxford/AstraZeneca, Pfizer/BioNTech",1296749,643451,1940200
2021-04-08,"Johnson&Johnson, Moderna, Oxford/AstraZeneca, Pfizer/BioNTech",1335390,674440,2009830
2021-04-09,"Johnson&Johnson, Moderna, Oxford/AstraZeneca, Pfizer/BioNTech",1374870,704601,2079471
2021-04-10,"Johnson&Johnson, Moderna, Oxford/AstraZeneca, Pfizer/BioNTech",1390314,719874,2110188
2021-04-11,"Johnson&Johnson, Moderna, Oxford/AstraZeneca, Pfizer/BioNTech",1400065,729890,2129955
2021-04-12,"Johnson&Johnson, Moderna, Oxford/AstraZeneca, Pfizer/BioNTech",1438283,754987,2193270
2021-04-13,"Moderna, Oxford/AstraZeneca, Pfizer/BioNTech",1474487,781002,2255489
2021-04-14,"Moderna, Oxford/AstraZeneca, Pfizer/BioNTech",1513253,808332,2321585
2021-04-15,"Moderna, Oxford/AstraZeneca, Pfizer/BioNTech",1561003,834021,2395024
2021-04-16,"Moderna, Oxford/AstraZeneca, Pfizer/BioNTech",1605614,859632,2465246
2021-04-17,"Moderna, Oxford/AstraZeneca, Pfizer/BioNTech",1622273,868643,2490916
2021-04-18,"Moderna, Oxford/AstraZeneca, Pfizer/BioNTech",1635236,873619,2508855
2021-04-19,"Moderna, Oxford/AstraZeneca, Pfizer/BioNTech",1679206,889057,2568263
2021-04-20,"Johnson&Johnson, Moderna, Oxford/AstraZeneca, Pfizer/BioNTech",1721721,904902,2626623
2021-04-21,"Moderna, Oxford/AstraZeneca, Pfizer/BioNTech",1769415,919223,2688638
2021-04-22,"Johnson&Johnson, Moderna, Oxford/AstraZeneca, Pfizer/BioNTech",1823872,936579,2760451
2021-04-23,"Johnson&Johnson, Moderna, Oxford/AstraZeneca, Pfizer/BioNTech",1873792,948609,2822401
2021-04-24,"Johnson&Johnson, Moderna, Oxford/AstraZeneca, Pfizer/BioNTech",1891601,953839,2845440
2021-04-25,"Johnson&Johnson, Moderna, Oxford/AstraZeneca, Pfizer/BioNTech",1906271,957821,2864092
2021-04-26,"Johnson&Johnson, Moderna, Oxford/AstraZeneca, Pfizer/BioNTech",1955837,965361,2921198
2021-04-27,"Johnson&Johnson, Moderna, Oxford/AstraZeneca, Pfizer/BioNTech",2004794,977557,2982351
2021-04-28,"Johnson&Johnson, Moderna, Oxford/AstraZeneca, Pfizer/BioNTech",2063522,991520,3055042
2021-04-29,"Johnson&Johnson, Moderna, Oxford/AstraZeneca, Pfizer/BioNTech",2129060,1007367,3136427
2021-04-30,"Johnson&Johnson, Moderna, Oxford/AstraZeneca, Pfizer/BioNTech",2191249,1017294,3208543
2021-05-01,"Johnson&Johnson, Moderna, Oxford/AstraZeneca, Pfizer/BioNTech",2210541,1020711,3231252
2021-05-02,"Johnson&Johnson, Moderna, Oxford/AstraZeneca, Pfizer/BioNTech",2229434,1022961,3252395
2021-05-03,"Johnson&Johnson, Moderna, Oxford/AstraZeneca, Pfizer/BioNTech",2296654,1028006,3324660
2021-05-04,"Johnson&Johnson, Moderna, Oxford/AstraZeneca, Pfizer/BioNTech",2363129,1036306,3399435
2021-05-05,"Johnson&Johnson, Moderna, Oxford/AstraZeneca, Pfizer/BioNTech",2436257,1045668,3481925
2021-05-06,"Johnson&Johnson, Moderna, Oxford/AstraZeneca, Pfizer/BioNTech",2516620,1056341,3572961
2021-05-07,"Johnson&Johnson, Moderna, Oxford/AstraZeneca, Pfizer/BioNTech",2593885,1066398,3660283
2021-05-08,"Johnson&Johnson, Moderna, Oxford/AstraZeneca, Pfizer/BioNTech",2623285,1068135,3691420
2021-05-09,"Johnson&Johnson, Moderna, Oxford/AstraZeneca, Pfizer/BioNTech",2647453,1069322,3716775
2021-05-10,"Johnson&Johnson, Moderna, Oxford/AstraZeneca, Pfizer/BioNTech",2720186,1076512,3796698
2021-05-11,"Johnson&Johnson, Moderna, Oxford/AstraZeneca, Pfizer/BioNTech",2796253,1085278,3881531
2021-05-12,"Johnson&Johnson, Moderna, Oxford/AstraZeneca, Pfizer/BioNTech",2876074,1094318,3970392
2021-05-13,"Johnson&Johnson, Moderna, Oxford/AstraZeneca, Pfizer/BioNTech",2960063,1103446,4063509
2021-05-14,"Johnson&Johnson, Moderna, Oxford/AstraZeneca, Pfizer/BioNTech",3039462,1111172,4150634
2021-05-15,"Johnson&Johnson, Moderna, Oxford/AstraZeneca, Pfizer/BioNTech",3071300,1113359,4184659
2021-05-16,"Johnson&Johnson, Moderna, Oxford/AstraZeneca, Pfizer/BioNTech",3097044,1114598,4211642
2021-05-17,"Johnson&Johnson, Moderna, Oxford/AstraZeneca, Pfizer/BioNTech",3169523,1121279,4290802
2021-05-18,"Johnson&Johnson, Moderna, Oxford/AstraZeneca, Pfizer/BioNTech",3241428,1134266,4375694
2021-05-19,"Johnson&Johnson, Moderna, Oxford/AstraZeneca, Pfizer/BioNTech",3318864,1149357,4468221
2021-05-20,"Johnson&Johnson, Moderna, Oxford/AstraZeneca, Pfizer/BioNTech",3394262,1176319,4570581
2021-05-21,"Johnson&Johnson, Moderna, Oxford/AstraZeneca, Pfizer/BioNTech",3462994,1204001,4666995
2021-05-22,"Johnson&Johnson, Moderna, Oxford/AstraZeneca, Pfizer/BioNTech",3495328,1215136,4710464
2021-05-23,"Johnson&Johnson, Moderna, Oxford/AstraZeneca, Pfizer/BioNTech",3517632,1224141,4741773
2021-05-24,"Johnson&Johnson, Moderna, Oxford/AstraZeneca, Pfizer/BioNTech",3564708,1257741,4822449
2021-05-25,"Johnson&Johnson, Moderna, Oxford/AstraZeneca, Pfizer/BioNTech",3616542,1293485,4910027
2021-05-26,"Johnson&Johnson, Moderna, Oxford/AstraZeneca, Pfizer/BioNTech",3684271,1330957,5015228
2021-05-27,"Johnson&Johnson, Moderna, Oxford/AstraZeneca, Pfizer/BioNTech",3745620,1378219,5123839
2021-05-28,"Johnson&Johnson, Moderna, Oxford/AstraZeneca, Pfizer/BioNTech",3807279,1424711,5231990
2021-05-29,"Johnson&Johnson, Moderna, Oxford/AstraZeneca, Pfizer/BioNTech",3836427,1441779,5278206
2021-05-30,"Johnson&Johnson, Moderna, Oxford/AstraZeneca, Pfizer/BioNTech",3858765,1456185,5314950
2021-05-31,"Johnson&Johnson, Moderna, Oxford/AstraZeneca, Pfizer/BioNTech",3914479,1503688,5418167
2021-06-01,"Johnson&Johnson, Moderna, Oxford/AstraZeneca, Pfizer/BioNTech",3973495,1552454,5525949
2021-06-02,"Johnson&Johnson, Moderna, Oxford/AstraZeneca, Pfizer/BioNTech",4036362,1606350,5642712
2021-06-03,"Johnson&Johnson, Moderna, Oxford/AstraZeneca, Pfizer/BioNTech",4094574,1666493,5761067
2021-06-04,"Johnson&Johnson, Moderna, Oxford/AstraZeneca, Pfizer/BioNTech",4157646,1723801,5881447
2021-06-05,"Johnson&Johnson, Moderna, Oxford/AstraZeneca, Pfizer/BioNTech",4191773,1742572,5934345
2021-06-06,"Johnson&Johnson, Moderna, Oxford/AstraZeneca, Pfizer/BioNTech",4218671,1757664,5976335
2021-06-07,"Johnson&Johnson, Moderna, Oxford/AstraZeneca, Pfizer/BioNTech",4282333,1813231,6095564
2021-06-08,"Johnson&Johnson, Moderna, Oxford/AstraZeneca, Pfizer/BioNTech",4346293,1868133,6214426
2021-06-09,"Johnson&Johnson, Moderna, Oxford/AstraZeneca, Pfizer/BioNTech",4405471,1932479,6337950
2021-06-10,"Johnson&Johnson, Moderna, Oxford/AstraZeneca, Pfizer/BioNTech",4459346,2003486,6462832
2021-06-11,"Johnson&Johnson, Moderna, Oxford/AstraZeneca, Pfizer/BioNTech",4511423,2073111,6584534
2021-06-12,"Johnson&Johnson, Moderna, Oxford/AstraZeneca, Pfizer/BioNTech",4543401,2093836,6637237
2021-06-13,"Johnson&Johnson, Moderna, Oxford/AstraZeneca, Pfizer/BioNTech",4567401,2112189,6679590
2021-06-14,"Johnson&Johnson, Moderna, Oxford/AstraZeneca, Pfizer/BioNTech",4610463,2186477,6796940
2021-06-15,"Johnson&Johnson, Moderna, Oxford/AstraZeneca, Pfizer/BioNTech",4655091,2258719,6913810
2021-06-16,"Johnson&Johnson, Moderna, Oxford/AstraZeneca, Pfizer/BioNTech",4697812,2336842,7034654
2021-06-17,"Johnson&Johnson, Moderna, Oxford/AstraZeneca, Pfizer/BioNTech",4737175,2419803,7156978
2021-06-18,"Johnson&Johnson, Moderna, Oxford/AstraZeneca, Pfizer/BioNTech",4779555,2500195,7279750
2021-06-19,"Johnson&Johnson, Moderna, Oxford/AstraZeneca, Pfizer/BioNTech",4801285,2529408,7330693
2021-06-20,"Johnson&Johnson, Moderna, Oxford/AstraZeneca, Pfizer/BioNTech",4818639,2553165,7371804
2021-06-21,"Johnson&Johnson, Moderna, Oxford/AstraZeneca, Pfizer/BioNTech",4851138,2631633,7482771
2021-06-22,"Johnson&Johnson, Moderna, Oxford/AstraZeneca, Pfizer/BioNTech",4884091,2713787,7597878
2021-06-23,"Johnson&Johnson, Moderna, Oxford/AstraZeneca, Pfizer/BioNTech",4915733,2798904,7714637
2021-06-24,"Johnson&Johnson, Moderna, Oxford/AstraZeneca, Pfizer/BioNTech",4945558,2888834,7834392
2021-06-25,"Johnson&Johnson, Moderna, Oxford/AstraZeneca, Pfizer/BioNTech",4976595,2974849,7951444
2021-06-26,"Johnson&Johnson, Moderna, Oxford/AstraZeneca, Pfizer/BioNTech",4992448,3009581,8002029
2021-06-27,"Johnson&Johnson, Moderna, Oxford/AstraZeneca, Pfizer/BioNTech",5006387,3036168,8042555
2021-06-28,"Johnson&Johnson, Moderna, Oxford/AstraZeneca, Pfizer/BioNTech",5034802,3121249,8156051
2021-06-29,"Johnson&Johnson, Moderna, Oxford/AstraZeneca, Pfizer/BioNTech",5064055,3207623,8271678
2021-06-30,"Johnson&Johnson, Moderna, Oxford/AstraZeneca, Pfizer/BioNTech",5091552,3298463,8390015
2021-07-01,"Johnson&Johnson, Moderna, Oxford/AstraZeneca, Pfizer/BioNTech",5115493,3388367,8503860
2021-07-02,"Johnson&Johnson, Moderna, Oxford/AstraZeneca, Pfizer/BioNTech",5142209,3474073,8616282
2021-07-03,"Johnson&Johnson, Moderna, Oxford/AstraZeneca, Pfizer/BioNTech",5149277,3505520,8654797
2021-07-04,"Johnson&Johnson, Moderna, Oxford/AstraZeneca, Pfizer/BioNTech",5156818,3527279,8684097
2021-07-05,"Johnson&Johnson, Moderna, Oxford/AstraZeneca, Pfizer/BioNTech",5164163,3552591,8716754
2021-07-06,"Johnson&Johnson, Moderna, Oxford/AstraZeneca, Pfizer/BioNTech",5169554,3580158,8749712
2021-07-07,"Johnson&Johnson, Moderna, Oxford/AstraZeneca, Pfizer/BioNTech",5195330,3659022,8854352
2021-07-08,"Johnson&Johnson, Moderna, Oxford/AstraZeneca, Pfizer/BioNTech",5221906,3729237,8951143
2021-07-09,"Johnson&Johnson, Moderna, Oxford/AstraZeneca, Pfizer/BioNTech",5249803,3798396,9048199
2021-07-10,"Johnson&Johnson, Moderna, Oxford/AstraZeneca, Pfizer/BioNTech",5259134,3826955,9086089
2021-07-11,"Johnson&Johnson, Moderna, Oxford/AstraZeneca, Pfizer/BioNTech",5267649,3849800,9117449
2021-07-12,"Johnson&Johnson, Moderna, Oxford/AstraZeneca, Pfizer/BioNTech",5295174,3918812,9213986
2021-07-13,"Johnson&Johnson, Moderna, Oxford/AstraZeneca, Pfizer/BioNTech",5321360,3988591,9309951
2021-07-14,"Johnson&Johnson, Moderna, Oxford/AstraZeneca, Pfizer/BioNTech",5347193,4060480,9407673
2021-07-15,"Johnson&Johnson, Moderna, Oxford/AstraZeneca, Pfizer/BioNTech",5376380,4126389,9502769
2021-07-16,"Johnson&Johnson, Moderna, Oxford/AstraZeneca, Pfizer/BioNTech",5404307,4198995,9603302
2021-07-17,"Johnson&Johnson, Moderna, Oxford/AstraZeneca, Pfizer/BioNTech",5413058,4230374,9643432
2021-07-18,"Johnson&Johnson, Moderna, Oxford/AstraZeneca, Pfizer/BioNTech",5421490,4256332,9677822
2021-07-19,"Johnson&Johnson, Moderna, Oxford/AstraZeneca, Pfizer/BioNTech",5444820,4323265,9768085
2021-07-20,"Johnson&Johnson, Moderna, Oxford/AstraZeneca, Pfizer/BioNTech",5466200,4390211,9856411
2021-07-21,"Johnson&Johnson, Moderna, Oxford/AstraZeneca, Pfizer/BioNTech",5489639,4453558,9943197
2021-07-22,"Johnson&Johnson, Moderna, Oxford/AstraZeneca, Pfizer/BioNTech",5511976,4512082,10024058
2021-07-23,"Johnson&Johnson, Moderna, Oxford/AstraZeneca, Pfizer/BioNTech",5535140,4566705,10101845
2021-07-24,"Johnson&Johnson, Moderna, Oxford/AstraZeneca, Pfizer/BioNTech",5542438,4594307,10136745
2021-07-25,"Johnson&Johnson, Moderna, Oxford/AstraZeneca, Pfizer/BioNTech",5549035,4616382,10165417
2021-07-26,"Johnson&Johnson, Moderna, Oxford/AstraZeneca, Pfizer/BioNTech",5572532,4664935,10237467
2021-07-27,"Johnson&Johnson, Moderna, Oxford/AstraZeneca, Pfizer/BioNTech",5595235,4711463,10306698
2021-07-28,"Johnson&Johnson, Moderna, Oxford/AstraZeneca, Pfizer/BioNTech",5616452,4757333,10373785
2021-07-29,"Johnson&Johnson, Moderna, Oxford/AstraZeneca, Pfizer/BioNTech",5637734,4799178,10436912
2021-07-30,"Johnson&Johnson, Moderna, Oxford/AstraZeneca, Pfizer/BioNTech",5660989,4841628,10502617
2021-07-31,"Johnson&Johnson, Moderna, Oxford/AstraZeneca, Pfizer/BioNTech",5669902,4861114,10531016
2021-08-01,"Johnson&Johnson, Moderna, Oxford/AstraZeneca, Pfizer/BioNTech",5676607,4877239,10553846
2021-08-02,"Johnson&Johnson, Moderna, Oxford/AstraZeneca, Pfizer/BioNTech",5695202,4914707,10609909
2021-08-03,"Johnson&Johnson, Moderna, Oxford/AstraZeneca, Pfizer/BioNTech",5712810,4952725,10665535
2021-08-04,"Johnson&Johnson, Moderna, Oxford/AstraZeneca, Pfizer/BioNTech",5728874,4989370,10718244
2021-08-05,"Johnson&Johnson, Moderna, Oxford/AstraZeneca, Pfizer/BioNTech",5744871,5029743,10774614
2021-08-06,"Johnson&Johnson, Moderna, Oxford/AstraZeneca, Pfizer/BioNTech",5761630,5072931,10834561
2021-08-07,"Johnson&Johnson, Moderna, Oxford/AstraZeneca, Pfizer/BioNTech",5767201,5091050,10858251
2021-08-08,"Johnson&Johnson, Moderna, Oxford/AstraZeneca, Pfizer/BioNTech",5771548,5106770,10878318
2021-08-09,"Johnson&Johnson, Moderna, Oxford/AstraZeneca, Pfizer/BioNTech",5784172,5151747,10935919
2021-08-10,"Johnson&Johnson, Moderna, Oxford/AstraZeneca, Pfizer/BioNTech",5795977,5191239,10987216
2021-08-11,"Johnson&Johnson, Moderna, Oxford/AstraZeneca, Pfizer/BioNTech",5807315,5234308,11041623
2021-08-12,"Johnson&Johnson, Moderna, Oxford/AstraZeneca, Pfizer/BioNTech",5818706,5271307,11090013
2021-08-13,"Johnson&Johnson, Moderna, Oxford/AstraZeneca, Pfizer/BioNTech",5829377,5311544,11140921
2021-08-14,"Johnson&Johnson, Moderna, Oxford/AstraZeneca, Pfizer/BioNTech",5832708,5322211,11154919
2021-08-15,"Johnson&Johnson, Moderna, Oxford/AstraZeneca, Pfizer/BioNTech",5835281,5332561,11167842
2021-08-16,"Johnson&Johnson, Moderna, Oxford/AstraZeneca, Pfizer/BioNTech",5845043,5366554,11211597
2021-08-17,"Johnson&Johnson, Moderna, Oxford/AstraZeneca, Pfizer/BioNTech",5854609,5393589,11248198
2021-08-18,"Johnson&Johnson, Moderna, Oxford/AstraZeneca, Pfizer/BioNTech",5863964,5432390,11296354
2021-08-19,"Johnson&Johnson, Moderna, Oxford/AstraZeneca, Pfizer/BioNTech",5873614,5470682,11344296
2021-08-20,"Johnson&Johnson, Moderna, Oxford/AstraZeneca, Pfizer/BioNTech",5884943,5510801,11395744
2021-08-21,"Johnson&Johnson, Moderna, Oxford/AstraZeneca, Pfizer/BioNTech",5887646,5523528,11411174
2021-08-22,"Johnson&Johnson, Moderna, Oxford/AstraZeneca, Pfizer/BioNTech",5889977,5535472,11425449
2021-08-23,"Johnson&Johnson, Moderna, Oxford/AstraZeneca, Pfizer/BioNTech",5900484,5574652,11475136
2021-08-24,"Johnson&Johnson, Moderna, Oxford/AstraZeneca, Pfizer/BioNTech",5910333,5607836,11518169
2021-08-25,"Johnson&Johnson, Moderna, Oxford/AstraZeneca, Pfizer/BioNTech",5919165,5636134,11555299
2021-08-26,"Johnson&Johnson, Moderna, Oxford/AstraZeneca, Pfizer/BioNTech",5927582,5662188,11589770
2021-08-27,"Johnson&Johnson, Moderna, Oxford/AstraZeneca, Pfizer/BioNTech",5937881,5688076,11625957
2021-08-28,"Johnson&Johnson, Moderna, Oxford/AstraZeneca, Pfizer/BioNTech",5940592,5695085,11635677
2021-08-29,"Johnson&Johnson, Moderna, Oxford/AstraZeneca, Pfizer/BioNTech",5942993,5701693,11644686
2021-08-30,"Johnson&Johnson, Moderna, Oxford/AstraZeneca, Pfizer/BioNTech",5951491,5723501,11674992
2021-08-31,"Johnson&Johnson, Moderna, Oxford/AstraZeneca, Pfizer/BioNTech",5959133,5741530,11700663
2021-09-01,"Johnson&Johnson, Moderna, Oxford/AstraZeneca, Pfizer/BioNTech",5964996,5755474,11720470
2021-09-02,"Johnson&Johnson, Moderna, Oxford/AstraZeneca, Pfizer/BioNTech",5971775,5769804,11741579
2021-09-03,"Johnson&Johnson, Moderna, Oxford/AstraZeneca, Pfizer/BioNTech",5981237,5785433,11766670
2021-09-04,"Johnson&Johnson, Moderna, Oxford/AstraZeneca, Pfizer/BioNTech",5983286,5788963,11772249
2021-09-05,"Johnson&Johnson, Moderna, Oxford/AstraZeneca, Pfizer/BioNTech",5985310,5791788,11777098
2021-09-06,"Johnson&Johnson, Moderna, Oxford/AstraZeneca, Pfizer/BioNTech",5991472,5804259,11795731
2021-09-07,"Johnson&Johnson, Moderna, Oxford/AstraZeneca, Pfizer/BioNTech",5995815,5815314,11811129
2021-09-08,"Johnson&Johnson, Moderna, Oxford/AstraZeneca, Pfizer/BioNTech",6001438,5825121,11826559
2021-09-09,"Johnson&Johnson, Moderna, Oxford/AstraZeneca, Pfizer/BioNTech",6008065,5835154,11843219
2021-09-10,"Johnson&Johnson, Moderna, Oxford/AstraZeneca, Pfizer/BioNTech",6015679,5847294,11862973
2021-09-11,"Johnson&Johnson, Moderna, Pfizer/BioNTech",6017531,5849754,11867285
2021-09-12,"Johnson&Johnson, Moderna, Oxford/AstraZeneca, Pfizer/BioNTech",6018635,5851371,11870006
2021-09-13,"Johnson&Johnson, Moderna, Oxford/AstraZeneca, Pfizer/BioNTech",6024023,5861608,11885631
2021-09-14,"Johnson&Johnson, Moderna, Oxford/AstraZeneca, Pfizer/BioNTech",6029354,5870587,11899941
2021-09-15,"Johnson&Johnson, Moderna, Oxford/AstraZeneca, Pfizer/BioNTech",6034499,5879082,11913581
2021-09-16,"Johnson&Johnson, Moderna, Oxford/AstraZeneca, Pfizer/BioNTech",6039711,5887323,11927034
2021-09-17,"Johnson&Johnson, Moderna, Oxford/AstraZeneca, Pfizer/BioNTech",6046208,5897503,11943711
2021-09-18,"Johnson&Johnson, Moderna, Pfizer/BioNTech",6047923,5899834,11947757
2021-09-19,"Johnson&Johnson, Moderna, Oxford/AstraZeneca, Pfizer/BioNTech",6048857,5901393,11950250
2021-09-20,"Johnson&Johnson, Moderna, Oxford/AstraZeneca, Pfizer/BioNTech",6052781,5909542,11962323
2021-09-21,"Johnson&Johnson, Moderna, Oxford/AstraZeneca, Pfizer/BioNTech",6056820,5917039,11973859
2021-09-22,"Johnson&Johnson, Moderna, Oxford/AstraZeneca, Pfizer/BioNTech",6060898,5922531,11983429
2021-09-23,"Johnson&Johnson, Moderna, Oxford/AstraZeneca, Pfizer/BioNTech",6065808,5928902,11994710
2021-09-24,"Johnson&Johnson, Moderna, Oxford/AstraZeneca, Pfizer/BioNTech",6071425,5938412,12009837
2021-09-25,"Johnson&Johnson, Moderna, Pfizer/BioNTech",6072883,5940368,12013251
2021-09-26,"Johnson&Johnson, Moderna, Pfizer/BioNTech",6073616,5941985,12015601
2021-09-27,"Johnson&Johnson, Moderna, Oxford/AstraZeneca, Pfizer/BioNTech",6077393,5948432,12025825
2021-09-28,"Johnson&Johnson, Moderna, Pfizer/BioNTech",6077719,5949024,12026743
2021-09-29,"Johnson&Johnson, Moderna, Oxford/AstraZeneca, Pfizer/BioNTech",6081385,5956386,12037771
2021-09-30,"Johnson&Johnson, Moderna, Oxford/AstraZeneca, Pfizer/BioNTech",6085729,5964012,12049741
2021-10-01,"Johnson&Johnson, Moderna, Oxford/AstraZeneca, Pfizer/BioNTech",6089758,5971832,12061590
2021-10-02,"Johnson&Johnson, Moderna, Pfizer/BioNTech",6090794,5973357,12064151
2021-10-03,"Johnson&Johnson, Moderna, Pfizer/BioNTech",6091493,5974217,12065710
2021-10-04,"Johnson&Johnson, Moderna, Oxford/AstraZeneca, Pfizer/BioNTech",6094421,5979703,12074124
2021-10-05,"Johnson&Johnson, Moderna, Oxford/AstraZeneca, Pfizer/BioNTech",6097293,5984583,12081876
2021-10-06,"Johnson&Johnson, Moderna, Oxford/AstraZeneca, Pfizer/BioNTech",6100649,5989623,12090272
2021-10-07,"Johnson&Johnson, Moderna, Oxford/AstraZeneca, Pfizer/BioNTech",6103762,5994760,12098522
2021-10-08,"Johnson&Johnson, Moderna, Oxford/AstraZeneca, Pfizer/BioNTech",6108464,6001307,12109771
2021-10-09,"Johnson&Johnson, Moderna, Pfizer/BioNTech",6109686,6002941,12112627
2021-10-10,"Johnson&Johnson, Moderna, Pfizer/BioNTech",6110600,6003766,12114366
2021-10-11,"Johnson&Johnson, Moderna, Oxford/AstraZeneca, Pfizer/BioNTech",6113440,6008097,12121537
2021-10-12,"Johnson&Johnson, Moderna, Oxford/AstraZeneca, Pfizer/BioNTech",6116039,6011884,12127923
2021-10-13,"Johnson&Johnson, Moderna, Oxford/AstraZeneca, Pfizer/BioNTech",6119332,6015884,12135216
2021-10-14,"Johnson&Johnson, Moderna, Oxford/AstraZeneca, Pfizer/BioNTech",6122827,6020723,12143550
2021-10-15,"Johnson&Johnson, Moderna, Oxford/AstraZeneca, Pfizer/BioNTech",6127773,6026682,12154455
2021-10-16,"Johnson&Johnson, Moderna, Pfizer/BioNTech",6129123,6028183,12157306
2021-10-17,"Johnson&Johnson, Moderna, Pfizer/BioNTech",6130417,6029216,12159633
2021-10-18,"Johnson&Johnson, Moderna, Oxford/AstraZeneca, Pfizer/BioNTech",6134161,6033007,12167168
2021-10-19,"Johnson&Johnson, Moderna, Oxford/AstraZeneca, Pfizer/BioNTech",6137371,6034816,12172187
2021-10-20,"Johnson&Johnson, Moderna, Oxford/AstraZeneca, Pfizer/BioNTech",6141683,6038753,12180436
2021-10-21,"Johnson&Johnson, Moderna, Oxford/AstraZeneca, Pfizer/BioNTech",6148627,6043708,12192335
