date,vaccine,people_vaccinated,people_fully_vaccinated,total_vaccinations
2020-12-27,Pfizer/BioNTech,1286,0,1286
2020-12-28,Pfizer/BioNTech,3589,0,3589
2020-12-29,Pfizer/BioNTech,7059,1,7060
2020-12-30,Pfizer/BioNTech,10576,1,10577
2020-12-31,Pfizer/BioNTech,11888,1,11889
2021-01-01,"Moderna, Pfizer/BioNTech",12159,1,12160
2021-01-02,"Moderna, Pfizer/BioNTech",13445,2,13447
2021-01-03,"Moderna, Pfizer/BioNTech",14372,2,14374
2021-01-04,"Moderna, Pfizer/BioNTech",17982,2,17984
2021-01-05,"Moderna, Pfizer/BioNTech",22507,3,22510
2021-01-06,"Moderna, Pfizer/BioNTech",28353,4,28357
2021-01-07,"Moderna, Pfizer/BioNTech",36352,4,36356
2021-01-08,"Moderna, Pfizer/BioNTech",46406,5,46411
2021-01-09,"Moderna, Pfizer/BioNTech",48432,7,48439
2021-01-10,Pfizer/BioNTech,50204,9,50213
2021-01-11,"Moderna, Pfizer/BioNTech",60061,11,60072
2021-01-12,"Moderna, Pfizer/BioNTech",73516,13,73529
2021-01-13,"Moderna, Pfizer/BioNTech",87062,13,87075
2021-01-14,"Moderna, Pfizer/BioNTech",102315,17,102332
2021-01-15,"Moderna, Pfizer/BioNTech",116335,18,116353
2021-01-16,"Moderna, Pfizer/BioNTech",119739,22,119761
2021-01-17,"Moderna, Pfizer/BioNTech",122360,657,123017
2021-01-18,"Moderna, Pfizer/BioNTech",134853,2484,137337
2021-01-19,"Moderna, Pfizer/BioNTech",147464,5213,152677
2021-01-20,"Moderna, Pfizer/BioNTech",161162,7878,169040
2021-01-21,"Moderna, Pfizer/BioNTech",176815,9621,186436
2021-01-22,"Moderna, Pfizer/BioNTech",191707,10666,202373
2021-01-23,"Moderna, Pfizer/BioNTech",195025,11546,206571
2021-01-24,"Moderna, Pfizer/BioNTech",197281,12417,209698
2021-01-25,"Moderna, Pfizer/BioNTech",206936,15387,222323
2021-01-26,"Moderna, Pfizer/BioNTech",217483,19378,236861
2021-01-27,"Moderna, Pfizer/BioNTech",226515,23913,250428
2021-01-28,"Moderna, Pfizer/BioNTech",233621,30047,263668
2021-01-29,"Moderna, Pfizer/BioNTech",239837,37957,277794
2021-01-30,"Moderna, Pfizer/BioNTech",240578,39045,279623
2021-01-31,"Moderna, Pfizer/BioNTech",241297,40227,281524
2021-02-01,"Moderna, Pfizer/BioNTech",245280,48197,293477
2021-02-02,"Moderna, Pfizer/BioNTech",249435,58437,307872
2021-02-03,"Moderna, Pfizer/BioNTech",253862,69457,323319
2021-02-04,"Moderna, Pfizer/BioNTech",258769,82450,341219
2021-02-05,"Moderna, Pfizer/BioNTech",264245,93124,357369
2021-02-06,"Moderna, Oxford/AstraZeneca, Pfizer/BioNTech",265102,95490,360592
2021-02-07,"Moderna, Oxford/AstraZeneca, Pfizer/BioNTech",265953,97990,363943
2021-02-08,"Moderna, Oxford/AstraZeneca, Pfizer/BioNTech",270046,109419,379465
2021-02-09,"Moderna, Oxford/AstraZeneca, Pfizer/BioNTech",275157,121332,396489
2021-02-10,"Moderna, Oxford/AstraZeneca, Pfizer/BioNTech",280676,134593,415269
2021-02-11,"Moderna, Oxford/AstraZeneca, Pfizer/BioNTech",287018,150813,437831
2021-02-12,"Moderna, Oxford/AstraZeneca, Pfizer/BioNTech",293846,165563,459409
2021-02-13,"Moderna, Oxford/AstraZeneca, Pfizer/BioNTech",295464,168550,464014
2021-02-14,"Moderna, Oxford/AstraZeneca, Pfizer/BioNTech",296470,169937,466407
2021-02-15,"Moderna, Oxford/AstraZeneca, Pfizer/BioNTech",302870,179308,482178
2021-02-16,"Moderna, Oxford/AstraZeneca, Pfizer/BioNTech",311591,188389,499980
2021-02-17,"Moderna, Oxford/AstraZeneca, Pfizer/BioNTech",321293,196700,517993
2021-02-18,"Moderna, Oxford/AstraZeneca, Pfizer/BioNTech",333623,204783,538406
2021-02-19,"Moderna, Oxford/AstraZeneca, Pfizer/BioNTech",345490,212160,557650
2021-02-20,"Moderna, Oxford/AstraZeneca, Pfizer/BioNTech",347500,213346,560846
2021-02-21,"Moderna, Oxford/AstraZeneca, Pfizer/BioNTech",348637,214372,563009
2021-02-22,"Moderna, Oxford/AstraZeneca, Pfizer/BioNTech",358761,220409,579170
2021-02-23,"Moderna, Oxford/AstraZeneca, Pfizer/BioNTech",371726,227400,599126
2021-02-24,"Moderna, Oxford/AstraZeneca, Pfizer/BioNTech",385610,233443,619053
2021-02-25,"Moderna, Oxford/AstraZeneca, Pfizer/BioNTech",403594,238994,642588
2021-02-26,"Moderna, Oxford/AstraZeneca, Pfizer/BioNTech",419775,244354,664129
2021-02-27,"Moderna, Oxford/AstraZeneca, Pfizer/BioNTech",422784,244913,667697
2021-02-28,"Moderna, Oxford/AstraZeneca, Pfizer/BioNTech",425142,245464,670606
2021-03-01,"Moderna, Oxford/AstraZeneca, Pfizer/BioNTech",444742,248913,693655
2021-03-02,"Moderna, Oxford/AstraZeneca, Pfizer/BioNTech",471970,252466,724436
2021-03-03,"Moderna, Oxford/AstraZeneca, Pfizer/BioNTech",502927,256978,759905
2021-03-04,"Moderna, Oxford/AstraZeneca, Pfizer/BioNTech",536213,261669,797882
2021-03-05,"Johnson&Johnson, Moderna, Oxford/AstraZeneca, Pfizer/BioNTech",565060,267099,832159
2021-03-06,"Johnson&Johnson, Moderna, Oxford/AstraZeneca, Pfizer/BioNTech",577220,267965,845185
2021-03-07,"Johnson&Johnson, Moderna, Oxford/AstraZeneca, Pfizer/BioNTech",588770,268808,857578
2021-03-08,"Johnson&Johnson, Moderna, Oxford/AstraZeneca, Pfizer/BioNTech",618520,273671,892191
2021-03-09,"Johnson&Johnson, Moderna, Oxford/AstraZeneca, Pfizer/BioNTech",654893,280059,934952
2021-03-10,"Johnson&Johnson, Moderna, Oxford/AstraZeneca, Pfizer/BioNTech",696226,287019,983245
2021-03-11,"Johnson&Johnson, Moderna, Oxford/AstraZeneca, Pfizer/BioNTech",741084,295394,1036478
2021-03-12,"Johnson&Johnson, Moderna, Oxford/AstraZeneca, Pfizer/BioNTech, Čína",779846,303895,1083741
2021-03-13,"Johnson&Johnson, Moderna, Oxford/AstraZeneca, Pfizer/BioNTech",796956,305210,1102166
2021-03-14,"Johnson&Johnson, Moderna, Oxford/AstraZeneca, Pfizer/BioNTech",809075,306367,1115442
2021-03-15,"Johnson&Johnson, Moderna, Oxford/AstraZeneca, Pfizer/BioNTech",837473,315147,1152620
2021-03-16,"Johnson&Johnson, Moderna, Oxford/AstraZeneca, Pfizer/BioNTech",876371,325684,1202055
2021-03-17,"Moderna, Oxford/AstraZeneca, Pfizer/BioNTech",913859,336199,1250058
2021-03-18,"Johnson&Johnson, Moderna, Oxford/AstraZeneca, Pfizer/BioNTech",951867,348625,1300492
2021-03-19,"Johnson&Johnson, Moderna, Oxford/AstraZeneca, Pfizer/BioNTech",986387,362240,1348627
2021-03-20,"Johnson&Johnson, Moderna, Oxford/AstraZeneca, Pfizer/BioNTech",1001570,364270,1365840
2021-03-21,"Johnson&Johnson, Moderna, Oxford/AstraZeneca, Pfizer/BioNTech",1009019,365830,1374849
2021-03-22,"Johnson&Johnson, Moderna, Oxford/AstraZeneca, Pfizer/BioNTech",1033596,378331,1411927
2021-03-23,"Johnson&Johnson, Moderna, Oxford/AstraZeneca, Pfizer/BioNTech",1060273,391698,1451971
2021-03-24,"Johnson&Johnson, Moderna, Oxford/AstraZeneca, Pfizer/BioNTech",1087170,407445,1494615
2021-03-25,"Johnson&Johnson, Moderna, Oxford/AstraZeneca, Pfizer/BioNTech",1113531,425300,1538831
2021-03-26,"Johnson&Johnson, Moderna, Oxford/AstraZeneca, Pfizer/BioNTech",1138374,442814,1581188
2021-03-27,"Johnson&Johnson, Moderna, Oxford/AstraZeneca, Pfizer/BioNTech",1146836,447660,1594496
2021-03-28,"Moderna, Oxford/AstraZeneca, Pfizer/BioNTech",1152385,451808,1604193
2021-03-29,"Johnson&Johnson, Moderna, Oxford/AstraZeneca, Pfizer/BioNTech",1171547,472544,1644091
2021-03-30,"Johnson&Johnson, Moderna, Oxford/AstraZeneca, Pfizer/BioNTech",1196257,494731,1690988
2021-03-31,"Johnson&Johnson, Moderna, Oxford/AstraZeneca, Pfizer/BioNTech",1219416,521800,1741216
2021-04-01,"Johnson&Johnson, Moderna, Oxford/AstraZeneca, Pfizer/BioNTech",1245106,553858,1798964
2021-04-02,"Johnson&Johnson, Moderna, Oxford/AstraZeneca, Pfizer/BioNTech",1252090,566654,1818744
2021-04-03,"Johnson&Johnson, Moderna, Oxford/AstraZeneca, Pfizer/BioNTech",1255745,577586,1833331
2021-04-04,"Johnson&Johnson, Moderna, Oxford/AstraZeneca, Pfizer/BioNTech",1258291,586512,1844803
2021-04-05,"Johnson&Johnson, Moderna, Oxford/AstraZeneca, Pfizer/BioNTech",1260725,593718,1854443
2021-04-06,"Johnson&Johnson, Moderna, Oxford/AstraZeneca, Pfizer/BioNTech, Čína",1276943,622994,1899937
2021-04-07,"Johnson&Johnson, Moderna, Oxford/AstraZeneca, Pfizer/BioNTech",1300448,645235,1945683
2021-04-08,"Johnson&Johnson, Moderna, Oxford/AstraZeneca, Pfizer/BioNTech",1339269,676284,2015553
2021-04-09,"Johnson&Johnson, Moderna, Oxford/AstraZeneca, Pfizer/BioNTech",1378868,706485,2085353
2021-04-10,"Johnson&Johnson, Moderna, Oxford/AstraZeneca, Pfizer/BioNTech",1394437,721798,2116235
2021-04-11,"Johnson&Johnson, Moderna, Oxford/AstraZeneca, Pfizer/BioNTech",1404232,731856,2136088
2021-04-12,"Johnson&Johnson, Moderna, Oxford/AstraZeneca, Pfizer/BioNTech",1442555,757003,2199558
2021-04-13,"Moderna, Oxford/AstraZeneca, Pfizer/BioNTech",1478864,783046,2261910
2021-04-14,"Moderna, Oxford/AstraZeneca, Pfizer/BioNTech",1517754,810426,2328180
2021-04-15,"Moderna, Oxford/AstraZeneca, Pfizer/BioNTech",1565590,836208,2401798
2021-04-16,"Moderna, Oxford/AstraZeneca, Pfizer/BioNTech",1610310,861890,2472200
2021-04-17,"Indie/AstraZeneca, Moderna, Oxford/AstraZeneca, Pfizer/BioNTech",1627039,870917,2497956
2021-04-18,"Moderna, Oxford/AstraZeneca, Pfizer/BioNTech",1640039,875903,2515942
2021-04-19,"Johnson&Johnson, Moderna, Oxford/AstraZeneca, Pfizer/BioNTech",1684016,891347,2575363
2021-04-20,"Johnson&Johnson, Moderna, Oxford/AstraZeneca, Pfizer/BioNTech",1726606,907237,2633843
2021-04-21,"Moderna, Oxford/AstraZeneca, Pfizer/BioNTech",1774371,921608,2695979
2021-04-22,"Johnson&Johnson, Moderna, Oxford/AstraZeneca, Pfizer/BioNTech",1828903,939008,2767911
2021-04-23,"Johnson&Johnson, Moderna, Oxford/AstraZeneca, Pfizer/BioNTech",1878917,951075,2829992
2021-04-24,"Johnson&Johnson, Moderna, Oxford/AstraZeneca, Pfizer/BioNTech",1896795,956344,2853139
2021-04-25,"Johnson&Johnson, Moderna, Oxford/AstraZeneca, Pfizer/BioNTech",1911508,960349,2871857
2021-04-26,"Johnson&Johnson, Moderna, Oxford/AstraZeneca, Pfizer/BioNTech",1961122,967919,2929041
2021-04-27,"Johnson&Johnson, Moderna, Oxford/AstraZeneca, Pfizer/BioNTech",2010115,980175,2990290
2021-04-28,"Johnson&Johnson, Moderna, Oxford/AstraZeneca, Pfizer/BioNTech",2068899,994201,3063100
2021-04-29,"Johnson&Johnson, Moderna, Oxford/AstraZeneca, Pfizer/BioNTech",2134519,1010123,3144642
2021-04-30,"Johnson&Johnson, Moderna, Oxford/AstraZeneca, Pfizer/BioNTech",2196813,1020119,3216932
2021-05-01,"Johnson&Johnson, Moderna, Oxford/AstraZeneca, Pfizer/BioNTech",2216207,1023585,3239792
2021-05-02,"Johnson&Johnson, Moderna, Oxford/AstraZeneca, Pfizer/BioNTech",2235159,1025876,3261035
2021-05-03,"Johnson&Johnson, Moderna, Oxford/AstraZeneca, Pfizer/BioNTech",2302436,1030960,3333396
2021-05-04,"Johnson&Johnson, Moderna, Oxford/AstraZeneca, Pfizer/BioNTech",2368997,1039334,3408331
2021-05-05,"Johnson&Johnson, Moderna, Oxford/AstraZeneca, Pfizer/BioNTech",2442209,1048782,3490991
2021-05-06,"Johnson&Johnson, Moderna, Oxford/AstraZeneca, Pfizer/BioNTech",2522650,1059535,3582185
2021-05-07,"Johnson&Johnson, Moderna, Oxford/AstraZeneca, Pfizer/BioNTech",2599990,1069681,3669671
2021-05-08,"Johnson&Johnson, Moderna, Oxford/AstraZeneca, Pfizer/BioNTech",2629534,1071475,3701009
2021-05-09,"Johnson&Johnson, Moderna, Oxford/AstraZeneca, Pfizer/BioNTech",2653777,1072699,3726476
2021-05-10,"Johnson&Johnson, Moderna, Oxford/AstraZeneca, Pfizer/BioNTech",2726579,1079946,3806525
2021-05-11,"Johnson&Johnson, Moderna, Oxford/AstraZeneca, Pfizer/BioNTech",2802732,1088781,3891513
2021-05-12,"Johnson&Johnson, Moderna, Oxford/AstraZeneca, Pfizer/BioNTech",2882678,1097929,3980607
2021-05-13,"Johnson&Johnson, Moderna, Oxford/AstraZeneca, Pfizer/BioNTech",2966732,1107122,4073854
2021-05-14,"Johnson&Johnson, Moderna, Oxford/AstraZeneca, Pfizer/BioNTech",3046291,1114950,4161241
2021-05-15,"Johnson&Johnson, Moderna, Oxford/AstraZeneca, Pfizer/BioNTech",3078259,1117237,4195496
2021-05-16,"Johnson&Johnson, Moderna, Oxford/AstraZeneca, Pfizer/BioNTech",3104075,1118524,4222599
2021-05-17,"Indie/AstraZeneca, Johnson&Johnson, Moderna, Oxford/AstraZeneca, Pfizer/BioNTech",3176620,1125284,4301904
2021-05-18,"Indie/AstraZeneca, Johnson&Johnson, Moderna, Oxford/AstraZeneca, Pfizer/BioNTech",3248616,1138411,4387027
2021-05-19,"Johnson&Johnson, Moderna, Oxford/AstraZeneca, Pfizer/BioNTech",3326117,1153587,4479704
2021-05-20,"Johnson&Johnson, Moderna, Oxford/AstraZeneca, Pfizer/BioNTech",3401618,1180660,4582278
2021-05-21,"Johnson&Johnson, Moderna, Oxford/AstraZeneca, Pfizer/BioNTech",3470479,1208471,4678950
2021-05-22,"Johnson&Johnson, Moderna, Oxford/AstraZeneca, Pfizer/BioNTech",3502956,1219716,4722672
2021-05-23,"Johnson&Johnson, Moderna, Oxford/AstraZeneca, Pfizer/BioNTech",3525407,1228758,4754165
2021-05-24,"Johnson&Johnson, Moderna, Oxford/AstraZeneca, Pfizer/BioNTech",3572629,1262440,4835069
2021-05-25,"Johnson&Johnson, Moderna, Oxford/AstraZeneca, Pfizer/BioNTech",3624552,1298288,4922840
2021-05-26,"Johnson&Johnson, Moderna, Oxford/AstraZeneca, Pfizer/BioNTech",3692324,1335852,5028176
2021-05-27,"Indie/AstraZeneca, Johnson&Johnson, Moderna, Oxford/AstraZeneca, Pfizer/BioNTech",3753763,1383221,5136984
2021-05-28,"Johnson&Johnson, Moderna, Oxford/AstraZeneca, Pfizer/BioNTech",3815521,1429839,5245360
2021-05-29,"Johnson&Johnson, Moderna, Oxford/AstraZeneca, Pfizer/BioNTech",3844797,1446987,5291784
2021-05-30,"Johnson&Johnson, Moderna, Oxford/AstraZeneca, Pfizer/BioNTech, Čína",3867219,1461460,5328679
2021-05-31,"Indie/AstraZeneca, Johnson&Johnson, Moderna, Oxford/AstraZeneca, Pfizer/BioNTech",3922971,1509000,5431971
2021-06-01,"Johnson&Johnson, Moderna, Oxford/AstraZeneca, Pfizer/BioNTech",3982092,1557895,5539987
2021-06-02,"Johnson&Johnson, Moderna, Oxford/AstraZeneca, Pfizer/BioNTech",4045077,1611932,5657009
2021-06-03,"Johnson&Johnson, Moderna, Oxford/AstraZeneca, Pfizer/BioNTech",4103342,1672181,5775523
2021-06-04,"Johnson&Johnson, Moderna, Oxford/AstraZeneca, Pfizer/BioNTech",4166492,1729618,5896110
2021-06-05,"Johnson&Johnson, Moderna, Oxford/AstraZeneca, Pfizer/BioNTech",4200689,1748553,5949242
2021-06-06,"Johnson&Johnson, Moderna, Oxford/AstraZeneca, Pfizer/BioNTech",4227653,1763734,5991387
2021-06-07,"Johnson&Johnson, Moderna, Oxford/AstraZeneca, Pfizer/BioNTech",4291357,1819390,6110747
2021-06-08,"Indie/AstraZeneca, Johnson&Johnson, Moderna, Oxford/AstraZeneca, Pfizer/BioNTech",4355377,1874422,6229799
2021-06-09,"Johnson&Johnson, Moderna, Oxford/AstraZeneca, Pfizer/BioNTech",4414605,1939124,6353729
2021-06-10,"Johnson&Johnson, Moderna, Oxford/AstraZeneca, Pfizer/BioNTech",4468472,2010453,6478925
2021-06-11,"Johnson&Johnson, Moderna, Oxford/AstraZeneca, Pfizer/BioNTech",4520608,2080316,6600924
2021-06-12,"Johnson&Johnson, Moderna, Oxford/AstraZeneca, Pfizer/BioNTech",4552643,2101180,6653823
2021-06-13,"Johnson&Johnson, Moderna, Oxford/AstraZeneca, Pfizer/BioNTech",4576687,2119626,6696313
2021-06-14,"Johnson&Johnson, Moderna, Oxford/AstraZeneca, Pfizer/BioNTech, Čína",4619791,2194044,6813835
2021-06-15,"Johnson&Johnson, Moderna, Oxford/AstraZeneca, Pfizer/BioNTech",4664481,2266460,6930941
2021-06-16,"Johnson&Johnson, Moderna, Oxford/AstraZeneca, Pfizer/BioNTech",4707312,2344717,7052029
2021-06-17,"Johnson&Johnson, Moderna, Oxford/AstraZeneca, Pfizer/BioNTech",4746753,2427842,7174595
2021-06-18,"Johnson&Johnson, Moderna, Oxford/AstraZeneca, Pfizer/BioNTech",4789206,2508455,7297661
2021-06-19,"Johnson&Johnson, Moderna, Oxford/AstraZeneca, Pfizer/BioNTech, Čína",4811009,2537809,7348818
2021-06-20,"Johnson&Johnson, Moderna, Oxford/AstraZeneca, Pfizer/BioNTech",4828425,2561697,7390122
2021-06-21,"Johnson&Johnson, Moderna, Oxford/AstraZeneca, Pfizer/BioNTech, Čína",4860943,2640339,7501282
2021-06-22,"Johnson&Johnson, Moderna, Oxford/AstraZeneca, Pfizer/BioNTech",4893929,2722691,7616620
2021-06-23,"Johnson&Johnson, Moderna, Oxford/AstraZeneca, Pfizer/BioNTech",4925663,2807964,7733627
2021-06-24,"Johnson&Johnson, Moderna, Oxford/AstraZeneca, Pfizer/BioNTech",4955543,2898049,7853592
2021-06-25,"Johnson&Johnson, Moderna, Oxford/AstraZeneca, Pfizer/BioNTech",4986642,2984317,7970959
2021-06-26,"Johnson&Johnson, Moderna, Oxford/AstraZeneca, Pfizer/BioNTech",5002549,3019217,8021766
2021-06-27,"Johnson&Johnson, Moderna, Oxford/AstraZeneca, Pfizer/BioNTech",5016513,3045946,8062459
2021-06-28,"Johnson&Johnson, Moderna, Oxford/AstraZeneca, Pfizer/BioNTech",5044944,3131191,8176135
2021-06-29,"Johnson&Johnson, Moderna, Oxford/AstraZeneca, Pfizer/BioNTech",5074246,3217768,8292014
2021-06-30,"Johnson&Johnson, Moderna, Oxford/AstraZeneca, Pfizer/BioNTech",5101761,3308841,8410602
2021-07-01,"Johnson&Johnson, Moderna, Oxford/AstraZeneca, Pfizer/BioNTech",5125779,3398969,8524748
2021-07-02,"Johnson&Johnson, Moderna, Oxford/AstraZeneca, Pfizer/BioNTech",5152536,3484931,8637467
2021-07-03,"Johnson&Johnson, Moderna, Oxford/AstraZeneca, Pfizer/BioNTech",5159650,3516515,8676165
2021-07-04,"Johnson&Johnson, Moderna, Oxford/AstraZeneca, Pfizer/BioNTech",5167248,3538346,8705594
2021-07-05,"Johnson&Johnson, Moderna, Oxford/AstraZeneca, Pfizer/BioNTech",5174680,3563767,8738447
2021-07-06,"Johnson&Johnson, Moderna, Oxford/AstraZeneca, Pfizer/BioNTech, Čína",5180175,3591516,8771691
2021-07-07,"Johnson&Johnson, Moderna, Oxford/AstraZeneca, Pfizer/BioNTech",5206023,3670532,8876555
2021-07-08,"Johnson&Johnson, Moderna, Oxford/AstraZeneca, Pfizer/BioNTech",5232648,3740905,8973553
2021-07-09,"Johnson&Johnson, Moderna, Oxford/AstraZeneca, Pfizer/BioNTech",5260619,3810263,9070882
2021-07-10,"Johnson&Johnson, Moderna, Oxford/AstraZeneca, Pfizer/BioNTech",5270008,3838945,9108953
2021-07-11,"Johnson&Johnson, Moderna, Oxford/AstraZeneca, Pfizer/BioNTech",5278571,3861841,9140412
2021-07-12,"Johnson&Johnson, Moderna, Oxford/AstraZeneca, Pfizer/BioNTech, Čína",5306136,3930940,9237076
2021-07-13,"Johnson&Johnson, Moderna, Oxford/AstraZeneca, Pfizer/BioNTech",5332360,4000850,9333210
2021-07-14,"Johnson&Johnson, Moderna, Oxford/AstraZeneca, Pfizer/BioNTech",5358212,4072876,9431088
2021-07-15,"Indie/AstraZeneca, Johnson&Johnson, Moderna, Oxford/AstraZeneca, Pfizer/BioNTech",5387408,4138920,9526328
2021-07-16,"Johnson&Johnson, Moderna, Oxford/AstraZeneca, Pfizer/BioNTech",5415359,4211686,9627045
2021-07-17,"Johnson&Johnson, Moderna, Oxford/AstraZeneca, Pfizer/BioNTech, Čína",5424172,4243176,9667348
2021-07-18,"Johnson&Johnson, Moderna, Oxford/AstraZeneca, Pfizer/BioNTech",5432624,4269199,9701823
2021-07-19,"Johnson&Johnson, Moderna, Oxford/AstraZeneca, Pfizer/BioNTech",5456003,4336246,9792249
2021-07-20,"Johnson&Johnson, Moderna, Oxford/AstraZeneca, Pfizer/BioNTech",5477433,4403336,9880769
2021-07-21,"Johnson&Johnson, Moderna, Oxford/AstraZeneca, Pfizer/BioNTech",5500903,4466827,9967730
2021-07-22,"Johnson&Johnson, Moderna, Oxford/AstraZeneca, Pfizer/BioNTech",5523288,4525495,10048783
2021-07-23,"Johnson&Johnson, Moderna, Oxford/AstraZeneca, Pfizer/BioNTech",5546543,4580285,10126828
2021-07-24,"Johnson&Johnson, Moderna, Oxford/AstraZeneca, Pfizer/BioNTech",5553906,4607976,10161882
2021-07-25,"Johnson&Johnson, Moderna, Oxford/AstraZeneca, Pfizer/BioNTech",5560558,4630121,10190679
2021-07-26,"Johnson&Johnson, Moderna, Oxford/AstraZeneca, Pfizer/BioNTech",5584126,4678837,10262963
2021-07-27,"Johnson&Johnson, Moderna, Oxford/AstraZeneca, Pfizer/BioNTech, Čína",5606891,4725519,10332410
2021-07-28,"Johnson&Johnson, Moderna, Oxford/AstraZeneca, Pfizer/BioNTech",5628187,4771572,10399759
2021-07-29,"Johnson&Johnson, Moderna, Oxford/AstraZeneca, Pfizer/BioNTech",5649541,4813579,10463120
2021-07-30,"Johnson&Johnson, Moderna, Oxford/AstraZeneca, Pfizer/BioNTech",5672837,4856186,10529023
2021-07-31,"Johnson&Johnson, Moderna, Oxford/AstraZeneca, Pfizer/BioNTech",5681803,4875747,10557550
2021-08-01,"Johnson&Johnson, Moderna, Oxford/AstraZeneca, Pfizer/BioNTech",5688543,4891934,10580477
2021-08-02,"Johnson&Johnson, Moderna, Oxford/AstraZeneca, Pfizer/BioNTech",5707203,4929528,10636731
2021-08-03,"Johnson&Johnson, Moderna, Oxford/AstraZeneca, Pfizer/BioNTech",5724875,4967676,10692551
2021-08-04,"Johnson&Johnson, Moderna, Oxford/AstraZeneca, Pfizer/BioNTech",5741017,5004478,10745495
2021-08-05,"Johnson&Johnson, Moderna, Oxford/AstraZeneca, Pfizer/BioNTech",5757077,5044998,10802075
2021-08-06,"Johnson&Johnson, Moderna, Oxford/AstraZeneca, Pfizer/BioNTech",5773903,5088347,10862250
2021-08-07,"Johnson&Johnson, Moderna, Oxford/AstraZeneca, Pfizer/BioNTech",5779522,5106544,10886066
2021-08-08,"Johnson&Johnson, Moderna, Oxford/AstraZeneca, Pfizer/BioNTech",5783895,5122321,10906216
2021-08-09,"Indie/AstraZeneca, Johnson&Johnson, Moderna, Oxford/AstraZeneca, Pfizer/BioNTech",5796543,5167416,10963959
2021-08-10,"Johnson&Johnson, Moderna, Oxford/AstraZeneca, Pfizer/BioNTech",5808403,5207025,11015428
2021-08-11,"Indie/AstraZeneca, Johnson&Johnson, Moderna, Oxford/AstraZeneca, Pfizer/BioNTech",5819786,5250188,11069974
2021-08-12,"Johnson&Johnson, Moderna, Oxford/AstraZeneca, Pfizer/BioNTech",5831217,5287356,11118573
2021-08-13,"Johnson&Johnson, Moderna, Oxford/AstraZeneca, Pfizer/BioNTech",5841960,5327730,11169690
2021-08-14,"Johnson&Johnson, Moderna, Oxford/AstraZeneca, Pfizer/BioNTech",5845310,5338460,11183770
2021-08-15,"Johnson&Johnson, Moderna, Oxford/AstraZeneca, Pfizer/BioNTech",5847906,5348857,11196763
2021-08-16,"Johnson&Johnson, Moderna, Oxford/AstraZeneca, Pfizer/BioNTech",5857707,5382961,11240668
2021-08-17,"Johnson&Johnson, Moderna, Oxford/AstraZeneca, Pfizer/BioNTech",5867313,5410091,11277404
2021-08-18,"Johnson&Johnson, Moderna, Oxford/AstraZeneca, Pfizer/BioNTech",5876692,5449025,11325717
2021-08-19,"Johnson&Johnson, Moderna, Oxford/AstraZeneca, Pfizer/BioNTech",5886376,5487402,11373778
2021-08-20,"Johnson&Johnson, Moderna, Oxford/AstraZeneca, Pfizer/BioNTech",5897777,5527622,11425399
2021-08-21,"Johnson&Johnson, Moderna, Oxford/AstraZeneca, Pfizer/BioNTech",5900507,5540411,11440918
2021-08-22,"Johnson&Johnson, Moderna, Oxford/AstraZeneca, Pfizer/BioNTech",5902853,5552394,11455247
2021-08-23,"Johnson&Johnson, Moderna, Oxford/AstraZeneca, Pfizer/BioNTech",5913394,5591695,11505089
2021-08-24,"Johnson&Johnson, Moderna, Oxford/AstraZeneca, Pfizer/BioNTech",5923279,5624964,11548243
2021-08-25,"Indie/AstraZeneca, Johnson&Johnson, Moderna, Oxford/AstraZeneca, Pfizer/BioNTech",5932158,5653360,11585518
2021-08-26,"Johnson&Johnson, Moderna, Oxford/AstraZeneca, Pfizer/BioNTech",5940616,5679511,11620127
2021-08-27,"Johnson&Johnson, Moderna, Oxford/AstraZeneca, Pfizer/BioNTech",5950946,5705517,11656463
2021-08-28,"Johnson&Johnson, Moderna, Oxford/AstraZeneca, Pfizer/BioNTech",5953692,5712604,11666296
2021-08-29,"Johnson&Johnson, Moderna, Oxford/AstraZeneca, Pfizer/BioNTech",5956109,5719234,11675343
2021-08-30,"Johnson&Johnson, Moderna, Oxford/AstraZeneca, Pfizer/BioNTech",5964642,5741132,11705774
2021-08-31,"Indie/AstraZeneca, Johnson&Johnson, Moderna, Oxford/AstraZeneca, Pfizer/BioNTech",5972333,5759265,11731598
2021-09-01,"Johnson&Johnson, Moderna, Oxford/AstraZeneca, Pfizer/BioNTech",5978250,5773295,11751545
2021-09-02,"Johnson&Johnson, Moderna, Oxford/AstraZeneca, Pfizer/BioNTech",5985095,5787705,11772800
2021-09-03,"Johnson&Johnson, Moderna, Oxford/AstraZeneca, Pfizer/BioNTech",5994658,5803451,11798109
2021-09-04,"Johnson&Johnson, Moderna, Oxford/AstraZeneca, Pfizer/BioNTech",5996736,5807023,11803759
2021-09-05,"Johnson&Johnson, Moderna, Oxford/AstraZeneca, Pfizer/BioNTech",5998784,5809875,11808659
2021-09-06,"Johnson&Johnson, Moderna, Oxford/AstraZeneca, Pfizer/BioNTech",6005026,5822431,11827457
2021-09-07,"Johnson&Johnson, Moderna, Oxford/AstraZeneca, Pfizer/BioNTech",6009422,5833536,11842958
2021-09-08,"Johnson&Johnson, Moderna, Oxford/AstraZeneca, Pfizer/BioNTech",6015104,5843412,11858516
2021-09-09,"Johnson&Johnson, Moderna, Oxford/AstraZeneca, Pfizer/BioNTech",6021810,5853491,11875301
2021-09-10,"Johnson&Johnson, Moderna, Oxford/AstraZeneca, Pfizer/BioNTech",6029517,5865686,11895203
2021-09-11,"Johnson&Johnson, Moderna, Oxford/AstraZeneca, Pfizer/BioNTech",6031393,5868186,11899579
2021-09-12,"Johnson&Johnson, Moderna, Oxford/AstraZeneca, Pfizer/BioNTech",6032513,5869824,11902337
2021-09-13,"Johnson&Johnson, Moderna, Oxford/AstraZeneca, Pfizer/BioNTech",6037958,5880141,11918099
2021-09-14,"Johnson&Johnson, Moderna, Oxford/AstraZeneca, Pfizer/BioNTech",6043364,5889168,11932532
2021-09-15,"Johnson&Johnson, Moderna, Oxford/AstraZeneca, Pfizer/BioNTech",6048580,5897705,11946285
2021-09-16,"Johnson&Johnson, Moderna, Oxford/AstraZeneca, Pfizer/BioNTech",6053952,5905986,11959938
2021-09-17,"Johnson&Johnson, Moderna, Oxford/AstraZeneca, Pfizer/BioNTech",6060528,5916230,11976758
2021-09-18,"Johnson&Johnson, Moderna, Oxford/AstraZeneca, Pfizer/BioNTech",6062261,5918599,11980860
2021-09-19,"Johnson&Johnson, Moderna, Oxford/AstraZeneca, Pfizer/BioNTech",6063207,5920173,11983380
2021-09-20,"Johnson&Johnson, Moderna, Oxford/AstraZeneca, Pfizer/BioNTech",6067239,5928380,11995619
2021-09-21,"Johnson&Johnson, Moderna, Oxford/AstraZeneca, Pfizer/BioNTech",6071483,5935919,12007402
2021-09-22,"Johnson&Johnson, Moderna, Oxford/AstraZeneca, Pfizer/BioNTech",6075682,5941453,12017135
2021-09-23,"Johnson&Johnson, Moderna, Oxford/AstraZeneca, Pfizer/BioNTech",6080648,5947873,12028521
2021-09-24,"Johnson&Johnson, Moderna, Oxford/AstraZeneca, Pfizer/BioNTech",6086416,5957499,12043915
2021-09-25,"Johnson&Johnson, Moderna, Oxford/AstraZeneca, Pfizer/BioNTech",6087919,5959502,12047421
2021-09-26,"Johnson&Johnson, Moderna, Oxford/AstraZeneca, Pfizer/BioNTech",6088666,5961147,12049813
2021-09-27,"Johnson&Johnson, Moderna, Oxford/AstraZeneca, Pfizer/BioNTech",6092553,5967667,12060220
2021-09-28,"Johnson&Johnson, Moderna, Oxford/AstraZeneca, Pfizer/BioNTech",6092930,5968306,12061236
2021-09-29,"Johnson&Johnson, Moderna, Oxford/AstraZeneca, Pfizer/BioNTech",6096709,5975771,12072480
2021-09-30,"Johnson&Johnson, Moderna, Oxford/AstraZeneca, Pfizer/BioNTech",6101233,5983486,12084719
2021-10-01,"Johnson&Johnson, Moderna, Oxford/AstraZeneca, Pfizer/BioNTech",6105547,5991478,12097025
2021-10-02,"Johnson&Johnson, Moderna, Oxford/AstraZeneca, Pfizer/BioNTech",6106612,5993025,12099637
2021-10-03,"Johnson&Johnson, Moderna, Oxford/AstraZeneca, Pfizer/BioNTech",6107337,5993900,12101237
2021-10-04,"Johnson&Johnson, Moderna, Oxford/AstraZeneca, Pfizer/BioNTech",6110419,5999483,12109902
2021-10-05,"Johnson&Johnson, Moderna, Oxford/AstraZeneca, Pfizer/BioNTech",6113583,6004573,12118156
2021-10-06,"Johnson&Johnson, Moderna, Oxford/AstraZeneca, Pfizer/BioNTech",6117108,6009756,12126864
2021-10-07,"Johnson&Johnson, Moderna, Oxford/AstraZeneca, Pfizer/BioNTech",6120393,6015019,12135412
2021-10-08,"Johnson&Johnson, Moderna, Oxford/AstraZeneca, Pfizer/BioNTech",6125193,6021670,12146863
2021-10-09,"Johnson&Johnson, Moderna, Oxford/AstraZeneca, Pfizer/BioNTech",6126437,6023339,12149776
2021-10-10,"Johnson&Johnson, Moderna, Oxford/AstraZeneca, Pfizer/BioNTech",6127383,6024177,12151560
2021-10-11,"Johnson&Johnson, Moderna, Oxford/AstraZeneca, Pfizer/BioNTech",6130313,6028602,12158915
2021-10-12,"Johnson&Johnson, Moderna, Oxford/AstraZeneca, Pfizer/BioNTech",6133255,6032606,12165861
2021-10-13,"Johnson&Johnson, Moderna, Oxford/AstraZeneca, Pfizer/BioNTech",6136789,6036802,12173591
2021-10-14,"Johnson&Johnson, Moderna, Oxford/AstraZeneca, Pfizer/BioNTech",6140463,6041756,12182219
2021-10-15,"Johnson&Johnson, Moderna, Oxford/AstraZeneca, Pfizer/BioNTech",6145696,6047909,12193605
2021-10-16,"Johnson&Johnson, Moderna, Oxford/AstraZeneca, Pfizer/BioNTech",6147110,6049440,12196550
2021-10-17,"Johnson&Johnson, Moderna, Pfizer/BioNTech",6148436,6050497,12198933
2021-10-18,"Johnson&Johnson, Moderna, Oxford/AstraZeneca, Pfizer/BioNTech",6152550,6054607,12207157
2021-10-19,"Johnson&Johnson, Moderna, Oxford/AstraZeneca, Pfizer/BioNTech",6156132,6056712,12212844
2021-10-20,"Johnson&Johnson, Moderna, Oxford/AstraZeneca, Pfizer/BioNTech",6161024,6061176,12222200
2021-10-21,"Johnson&Johnson, Moderna, Oxford/AstraZeneca, Pfizer/BioNTech",6168796,6066788,12235584
2021-10-22,"Johnson&Johnson, Moderna, Oxford/AstraZeneca, Pfizer/BioNTech",6179256,6073293,12252549
2021-10-23,"Johnson&Johnson, Moderna, Oxford/AstraZeneca, Pfizer/BioNTech",6182937,6075505,12258442
2021-10-24,"Johnson&Johnson, Moderna, Oxford/AstraZeneca, Pfizer/BioNTech",6185625,6077285,12262910
2021-10-25,"Johnson&Johnson, Moderna, Oxford/AstraZeneca, Pfizer/BioNTech",6196138,6083104,12279242
2021-10-26,"Johnson&Johnson, Moderna, Oxford/AstraZeneca, Pfizer/BioNTech",6208135,6089658,12297793
2021-10-27,"Johnson&Johnson, Moderna, Oxford/AstraZeneca, Pfizer/BioNTech, Čína",6222750,6097076,12319826
2021-10-28,"Johnson&Johnson, Moderna, Oxford/AstraZeneca, Pfizer/BioNTech",6226180,6098764,12324944
2021-10-29,"Johnson&Johnson, Moderna, Oxford/AstraZeneca, Pfizer/BioNTech",6240623,6106755,12347378
2021-10-30,"Johnson&Johnson, Moderna, Oxford/AstraZeneca, Pfizer/BioNTech",6245154,6109687,12354841
2021-10-31,"Johnson&Johnson, Moderna, Oxford/AstraZeneca, Pfizer/BioNTech",6248918,6112164,12361082
2021-11-01,"Johnson&Johnson, Moderna, Oxford/AstraZeneca, Pfizer/BioNTech",6264116,6119847,12383963
2021-11-02,"Johnson&Johnson, Moderna, Oxford/AstraZeneca, Pfizer/BioNTech",6279568,6127409,12406977
2021-11-03,"Johnson&Johnson, Moderna, Oxford/AstraZeneca, Pfizer/BioNTech",6296749,6134700,12431449
2021-11-04,"Johnson&Johnson, Moderna, Oxford/AstraZeneca, Pfizer/BioNTech",6315097,6142877,12457974
2021-11-05,"Johnson&Johnson, Moderna, Oxford/AstraZeneca, Pfizer/BioNTech",6337901,6154168,12492069
2021-11-06,"Johnson&Johnson, Moderna, Oxford/AstraZeneca, Pfizer/BioNTech",6344421,6157227,12501648
2021-11-07,"Johnson&Johnson, Moderna, Oxford/AstraZeneca, Pfizer/BioNTech",6348447,6159663,12508110
2021-11-08,"Johnson&Johnson, Moderna, Oxford/AstraZeneca, Pfizer/BioNTech",6364713,6167293,12532006
2021-11-09,"Johnson&Johnson, Moderna, Oxford/AstraZeneca, Pfizer/BioNTech",6379525,6174592,12554117
2021-11-10,"Johnson&Johnson, Moderna, Oxford/AstraZeneca, Pfizer/BioNTech",6395263,6181980,12577243
2021-11-11,"Johnson&Johnson, Moderna, Oxford/AstraZeneca, Pfizer/BioNTech, Čína",6410739,6191091,12601830
2021-11-12,"Johnson&Johnson, Moderna, Oxford/AstraZeneca, Pfizer/BioNTech",6430544,6203893,12634437
2021-11-13,"Johnson&Johnson, Moderna, Oxford/AstraZeneca, Pfizer/BioNTech",6435939,6207769,12643708
2021-11-14,"Johnson&Johnson, Moderna, Oxford/AstraZeneca, Pfizer/BioNTech",6439837,6210779,12650616
2021-11-15,"Johnson&Johnson, Moderna, Oxford/AstraZeneca, Pfizer/BioNTech",6454924,6221488,12676412
2021-11-16,"Johnson&Johnson, Moderna, Oxford/AstraZeneca, Pfizer/BioNTech",6472453,6233462,12705915
2021-11-17,"Johnson&Johnson, Moderna, Oxford/AstraZeneca, Pfizer/BioNTech",6476696,6237032,12713728
2021-11-18,"Johnson&Johnson, Moderna, Oxford/AstraZeneca, Pfizer/BioNTech",6496108,6248726,12744834
2021-11-19,"Johnson&Johnson, Moderna, Oxford/AstraZeneca, Pfizer/BioNTech",6520717,6265705,12786422
2021-11-20,"Johnson&Johnson, Moderna, Oxford/AstraZeneca, Pfizer/BioNTech",6529294,6270692,12799986
2021-11-21,"Johnson&Johnson, Moderna, Oxford/AstraZeneca, Pfizer/BioNTech",6536062,6274468,12810530
2021-11-22,"Johnson&Johnson, Moderna, Oxford/AstraZeneca, Pfizer/BioNTech",6554572,6288583,12843155
2021-11-23,"Johnson&Johnson, Moderna, Oxford/AstraZeneca, Pfizer/BioNTech",6573641,6301850,12875491
2021-11-24,"Johnson&Johnson, Moderna, Oxford/AstraZeneca, Pfizer/BioNTech",6592655,6317702,12910357
2021-11-25,"Johnson&Johnson, Moderna, Oxford/AstraZeneca, Pfizer/BioNTech",6611798,6332747,12944545
2021-11-26,"Johnson&Johnson, Moderna, Oxford/AstraZeneca, Pfizer/BioNTech",6633456,6351888,12985344
2021-11-27,"Johnson&Johnson, Moderna, Oxford/AstraZeneca, Pfizer/BioNTech",6640926,6357444,12998370
2021-11-28,"Johnson&Johnson, Moderna, Oxford/AstraZeneca, Pfizer/BioNTech",6644259,6360584,13004843
2021-11-29,"Johnson&Johnson, Moderna, Oxford/AstraZeneca, Pfizer/BioNTech",6659467,6374247,13033714
2021-11-30,"Johnson&Johnson, Moderna, Oxford/AstraZeneca, Pfizer/BioNTech",6672668,6385478,13058146
2021-12-01,"Johnson&Johnson, Moderna, Oxford/AstraZeneca, Pfizer/BioNTech",6686706,6397937,13084643
2021-12-02,"Johnson&Johnson, Moderna, Oxford/AstraZeneca, Pfizer/BioNTech",6697349,6410433,13107782
2021-12-03,"Johnson&Johnson, Moderna, Oxford/AstraZeneca, Pfizer/BioNTech",6706988,6426015,13133003
2021-12-04,"Johnson&Johnson, Moderna, Pfizer/BioNTech",6709545,6429973,13139518
2021-12-05,"Johnson&Johnson, Moderna, Oxford/AstraZeneca, Pfizer/BioNTech",6710906,6432318,13143224
2021-12-06,"Johnson&Johnson, Moderna, Oxford/AstraZeneca, Pfizer/BioNTech",6719055,6443844,13162899
2021-12-07,"Johnson&Johnson, Moderna, Oxford/AstraZeneca, Pfizer/BioNTech",6726946,6455855,13182801
2021-12-08,"Johnson&Johnson, Moderna, Oxford/AstraZeneca, Pfizer/BioNTech",6735192,6461784,13196976
2021-12-09,"Johnson&Johnson, Moderna, Oxford/AstraZeneca, Pfizer/BioNTech",6742314,6474609,13216923
2021-12-10,"Johnson&Johnson, Moderna, Oxford/AstraZeneca, Pfizer/BioNTech",6749244,6492414,13241658
2021-12-11,"Johnson&Johnson, Moderna, Oxford/AstraZeneca, Pfizer/BioNTech",6750899,6497682,13248581
2021-12-12,"Johnson&Johnson, Moderna, Oxford/AstraZeneca, Pfizer/BioNTech",6752210,6502118,13254328
2021-12-13,"Johnson&Johnson, Moderna, Oxford/AstraZeneca, Pfizer/BioNTech",6758565,6515431,13273996
2021-12-14,"Johnson&Johnson, Moderna, Oxford/AstraZeneca, Pfizer/BioNTech",6764776,6529102,13293878
2021-12-15,"Johnson&Johnson, Moderna, Oxford/AstraZeneca, Pfizer/BioNTech",6770983,6542701,13313684
2021-12-16,"Johnson&Johnson, Moderna, Oxford/AstraZeneca, Pfizer/BioNTech",6777924,6557535,13335459
2021-12-17,"Johnson&Johnson, Moderna, Oxford/AstraZeneca, Pfizer/BioNTech",6786288,6574803,13361091
2021-12-18,"Johnson&Johnson, Moderna, Oxford/AstraZeneca, Pfizer/BioNTech",6788899,6580257,13369156
2021-12-19,"Johnson&Johnson, Moderna, Pfizer/BioNTech",6790671,6582761,13373432
2021-12-20,"Johnson&Johnson, Moderna, Oxford/AstraZeneca, Pfizer/BioNTech",6796528,6596824,13393352
2021-12-21,"Johnson&Johnson, Moderna, Oxford/AstraZeneca, Pfizer/BioNTech",6803190,6608821,13412011
2021-12-22,"Johnson&Johnson, Moderna, Oxford/AstraZeneca, Pfizer/BioNTech",6808236,6621879,13430115
2021-12-23,"Johnson&Johnson, Moderna, Oxford/AstraZeneca, Pfizer/BioNTech",6811110,6627483,13438593
2021-12-24,"Johnson&Johnson, Moderna, Oxford/AstraZeneca, Pfizer/BioNTech",6811156,6627587,13438743
2021-12-25,"Moderna, Pfizer/BioNTech",6811157,6627595,13438752
2021-12-26,"Moderna, Pfizer/BioNTech",6811259,6627798,13439057
2021-12-27,"Johnson&Johnson, Moderna, Pfizer/BioNTech",6815127,6637544,13452671
2021-12-28,"Johnson&Johnson, Moderna, Oxford/AstraZeneca, Pfizer/BioNTech",6820367,6645541,13465908
2021-12-29,"Johnson&Johnson, Moderna, Oxford/AstraZeneca, Pfizer/BioNTech",6824649,6653261,13477910
2021-12-30,"Johnson&Johnson, Moderna, Pfizer/BioNTech",6828950,6658694,13487644
2021-12-31,"Johnson&Johnson, Moderna, Pfizer/BioNTech",6829460,6660118,13489578
2022-01-01,"Moderna, Pfizer/BioNTech",6829466,6660136,13489602
2022-01-02,"Johnson&Johnson, Moderna, Pfizer/BioNTech",6830322,6661513,13491835
2022-01-03,"Johnson&Johnson, Moderna, Oxford/AstraZeneca, Pfizer/BioNTech",6834459,6670422,13504881
2022-01-04,"Johnson&Johnson, Moderna, Oxford/AstraZeneca, Pfizer/BioNTech",6839542,6678179,13517721
2022-01-05,"Johnson&Johnson, Moderna, Oxford/AstraZeneca, Pfizer/BioNTech",6845364,6686152,13531516
2022-01-06,"Johnson&Johnson, Moderna, Oxford/AstraZeneca, Pfizer/BioNTech",6851950,6694553,13546503
2022-01-07,"Johnson&Johnson, Moderna, Oxford/AstraZeneca, Pfizer/BioNTech",6859825,6704908,13564733
2022-01-08,"Johnson&Johnson, Moderna, Oxford/AstraZeneca, Pfizer/BioNTech",6862304,6707686,13569990
2022-01-09,"Johnson&Johnson, Moderna, Pfizer/BioNTech",6863387,6709381,13572768
2022-01-10,"Johnson&Johnson, Moderna, Oxford/AstraZeneca, Pfizer/BioNTech",6867895,6715573,13583468
2022-01-11,"Johnson&Johnson, Moderna, Oxford/AstraZeneca, Pfizer/BioNTech",6873342,6722329,13595671
2022-01-12,"Johnson&Johnson, Moderna, Oxford/AstraZeneca, Pfizer/BioNTech",6879299,6727972,13607271
2022-01-13,"Johnson&Johnson, Moderna, Oxford/AstraZeneca, Pfizer/BioNTech",6885188,6732747,13617935
2022-01-14,"Johnson&Johnson, Moderna, Oxford/AstraZeneca, Pfizer/BioNTech",6891491,6736378,13627869
2022-01-15,"Johnson&Johnson, Moderna, Oxford/AstraZeneca, Pfizer/BioNTech",6892767,6737034,13629801
2022-01-16,"Johnson&Johnson, Moderna, Oxford/AstraZeneca, Pfizer/BioNTech",6893457,6737471,13630928
2022-01-17,"Johnson&Johnson, Moderna, Oxford/AstraZeneca, Pfizer/BioNTech",6897012,6741427,13638439
2022-01-18,"Johnson&Johnson, Moderna, Oxford/AstraZeneca, Pfizer/BioNTech",6900860,6746377,13647237
2022-01-19,"Johnson&Johnson, Moderna, Oxford/AstraZeneca, Pfizer/BioNTech",6904929,6750309,13655238
2022-01-20,"Johnson&Johnson, Moderna, Oxford/AstraZeneca, Pfizer/BioNTech",6908521,6754765,13663286
2022-01-21,"Johnson&Johnson, Moderna, Oxford/AstraZeneca, Pfizer/BioNTech",6912512,6757293,13669805
2022-01-22,"Johnson&Johnson, Moderna, Pfizer/BioNTech",6913291,6757734,13671025
2022-01-23,"Johnson&Johnson, Moderna, Pfizer/BioNTech",6913852,6758368,13672220
2022-01-24,"Johnson&Johnson, Moderna, Oxford/AstraZeneca, Pfizer/BioNTech",6916124,6761803,13677927
2022-01-25,"Johnson&Johnson, Moderna, Oxford/AstraZeneca, Pfizer/BioNTech",6918480,6765797,13684277
2022-01-26,"Johnson&Johnson, Moderna, Oxford/AstraZeneca, Pfizer/BioNTech",6920865,6770365,13691230
2022-01-27,"Johnson&Johnson, Moderna, Oxford/AstraZeneca, Pfizer/BioNTech",6923184,6775178,13698362
2022-01-28,"Johnson&Johnson, Moderna, Oxford/AstraZeneca, Pfizer/BioNTech",6926100,6781340,13707440
2022-01-29,"Johnson&Johnson, Moderna, Oxford/AstraZeneca, Pfizer/BioNTech",6926702,6782991,13709693
2022-01-30,"Johnson&Johnson, Moderna, Pfizer/BioNTech",6926929,6783773,13710702
2022-01-31,"Johnson&Johnson, Moderna, Pfizer/BioNTech",6928470,6787698,13716168
2022-02-01,"Johnson&Johnson, Moderna, Pfizer/BioNTech",6930065,6791730,13721795
2022-02-02,"Johnson&Johnson, Moderna, Oxford/AstraZeneca, Pfizer/BioNTech",6931632,6796239,13727871
2022-02-03,"Johnson&Johnson, Moderna, Pfizer/BioNTech",6933012,6800724,13733736
2022-02-04,"Johnson&Johnson, Moderna, Pfizer/BioNTech",6934613,6805839,13740452
2022-02-05,"Johnson&Johnson, Moderna, Pfizer/BioNTech",6934786,6806449,13741235
2022-02-06,"Johnson&Johnson, Moderna, Pfizer/BioNTech",6934882,6806768,13741650
2022-02-07,"Johnson&Johnson, Moderna, Pfizer/BioNTech",6935585,6809977,13745562
2022-02-08,"Johnson&Johnson, Moderna, Pfizer/BioNTech",6936380,6813166,13749546
2022-02-09,"Johnson&Johnson, Moderna, Pfizer/BioNTech",6937203,6816539,13753742
2022-02-10,"Johnson&Johnson, Moderna, Pfizer/BioNTech",6938005,6819665,13757670
2022-02-11,"Johnson&Johnson, Moderna, Pfizer/BioNTech",6938959,6823579,13762538
2022-02-12,"Johnson&Johnson, Moderna, Pfizer/BioNTech",6939069,6823998,13763067
2022-02-13,"Johnson&Johnson, Moderna, Pfizer/BioNTech",6939106,6824435,13763541
2022-02-14,"Johnson&Johnson, Moderna, Pfizer/BioNTech",6939564,6826546,13766110
2022-02-15,"Johnson&Johnson, Moderna, Pfizer/BioNTech",6940117,6828756,13768873
2022-02-16,"Johnson&Johnson, Moderna, Pfizer/BioNTech",6940708,6830855,13771563
2022-02-17,"Johnson&Johnson, Moderna, Pfizer/BioNTech",6941302,6833197,13774499
2022-02-18,"Johnson&Johnson, Moderna, Oxford/AstraZeneca, Pfizer/BioNTech",6941944,6836250,13778194
2022-02-19,"Johnson&Johnson, Moderna, Pfizer/BioNTech",6942023,6836531,13778554
2022-02-20,"Johnson&Johnson, Moderna, Pfizer/BioNTech",6942059,6836680,13778739
2022-02-21,"Johnson&Johnson, Moderna, Pfizer/BioNTech",6942423,6838379,13780802
2022-02-22,"Johnson&Johnson, Moderna, Oxford/AstraZeneca, Pfizer/BioNTech",6942815,6840068,13782883
2022-02-23,"Johnson&Johnson, Moderna, Pfizer/BioNTech",6943271,6841711,13784982
2022-02-24,"Johnson&Johnson, Moderna, Pfizer/BioNTech",6943679,6843342,13787021
2022-02-25,"Johnson&Johnson, Moderna, Pfizer/BioNTech",6944262,6845426,13789688
2022-02-26,"Johnson&Johnson, Moderna, Pfizer/BioNTech",6944323,6845587,13789910
2022-02-27,"Johnson&Johnson, Moderna, Pfizer/BioNTech",6944353,6845663,13790016
2022-02-28,"Johnson&Johnson, Moderna, Pfizer/BioNTech",6944599,6846639,13791238
2022-03-01,"Johnson&Johnson, Moderna, Pfizer/BioNTech",6944904,6847423,13792327
2022-03-02,"Johnson&Johnson, Moderna, Novavax, Pfizer/BioNTech",6945276,6848330,13793606
2022-03-03,"Johnson&Johnson, Moderna, Novavax, Pfizer/BioNTech",6945611,6849273,13794884
2022-03-04,"Johnson&Johnson, Moderna, Novavax, Pfizer/BioNTech",6946238,6850494,13796732
2022-03-05,"Johnson&Johnson, Moderna, Novavax, Pfizer/BioNTech",6946319,6850585,13796904
2022-03-06,"Moderna, Novavax, Pfizer/BioNTech",6946332,6850603,13796935
2022-03-07,"Johnson&Johnson, Moderna, Novavax, Pfizer/BioNTech",6946667,6851161,13797828
2022-03-08,"Johnson&Johnson, Moderna, Novavax, Pfizer/BioNTech",6947002,6851703,13798705
2022-03-09,"Johnson&Johnson, Moderna, Novavax, Pfizer/BioNTech",6947391,6852292,13799683
2022-03-10,"Johnson&Johnson, Moderna, Novavax, Pfizer/BioNTech",6947802,6852963,13800765
2022-03-11,"Johnson&Johnson, Moderna, Novavax, Pfizer/BioNTech",6948552,6853873,13802425
2022-03-12,"Johnson&Johnson, Moderna, Novavax, Pfizer/BioNTech",6948620,6853978,13802598
2022-03-13,"Johnson&Johnson, Moderna, Novavax, Pfizer/BioNTech",6948633,6853996,13802629
2022-03-14,"Johnson&Johnson, Moderna, Novavax, Pfizer/BioNTech",6948900,6854378,13803278
2022-03-15,"Johnson&Johnson, Moderna, Novavax, Pfizer/BioNTech",6949184,6854814,13803998
2022-03-16,"Johnson&Johnson, Moderna, Novavax, Pfizer/BioNTech",6949502,6855357,13804859
2022-03-17,"Johnson&Johnson, Moderna, Novavax, Oxford/AstraZeneca, Pfizer/BioNTech",6949798,6855790,13805588
2022-03-18,"Johnson&Johnson, Moderna, Novavax, Pfizer/BioNTech",6950495,6856585,13807080
2022-03-19,"Moderna, Novavax, Pfizer/BioNTech",6950551,6856630,13807181
2022-03-20,"Moderna, Novavax, Pfizer/BioNTech",6950569,6856642,13807211
2022-03-21,"Johnson&Johnson, Moderna, Novavax, Pfizer/BioNTech",6950757,6856969,13807726
2022-03-22,"Johnson&Johnson, Moderna, Novavax, Pfizer/BioNTech",6950998,6857365,13808363
2022-03-23,"Johnson&Johnson, Moderna, Novavax, Pfizer/BioNTech",6951335,6857803,13809138
2022-03-24,"Johnson&Johnson, Moderna, Novavax, Pfizer/BioNTech",6951646,6858276,13809922
2022-03-25,"Johnson&Johnson, Moderna, Novavax, Pfizer/BioNTech",6952141,6859078,13811219
2022-03-26,"Johnson&Johnson, Moderna, Novavax, Pfizer/BioNTech",6952193,6859156,13811349
2022-03-27,"Moderna, Novavax, Pfizer/BioNTech",6952209,6859173,13811382
2022-03-28,"Johnson&Johnson, Moderna, Novavax, Pfizer/BioNTech",6952364,6859552,13811916
2022-03-29,"Johnson&Johnson, Moderna, Novavax, Pfizer/BioNTech",6952626,6859958,13812584
2022-03-30,"Johnson&Johnson, Moderna, Novavax, Pfizer/BioNTech",6952931,6860451,13813382
2022-03-31,"Johnson&Johnson, Moderna, Novavax, Pfizer/BioNTech",6953229,6860943,13814172
2022-04-01,"Johnson&Johnson, Moderna, Novavax, Pfizer/BioNTech",6953839,6861702,13815541
2022-04-02,"Moderna, Novavax, Pfizer/BioNTech",6953894,6861786,13815680
2022-04-03,"Moderna, Novavax, Pfizer/BioNTech",6953906,6861815,13815721
2022-04-04,"Johnson&Johnson, Moderna, Novavax, Pfizer/BioNTech",6954083,6862096,13816179
2022-04-05,"Johnson&Johnson, Moderna, Novavax, Pfizer/BioNTech",6954275,6862332,13816607
2022-04-06,"Johnson&Johnson, Moderna, Novavax, Pfizer/BioNTech",6954492,6862678,13817170
2022-04-07,"Johnson&Johnson, Moderna, Novavax, Pfizer/BioNTech",6954714,6863096,13817810
2022-04-08,"Johnson&Johnson, Moderna, Novavax, Pfizer/BioNTech",6955168,6863818,13818986
2022-04-09,"Johnson&Johnson, Moderna, Novavax, Pfizer/BioNTech",6955227,6863890,13819117
2022-04-10,"Moderna, Novavax, Pfizer/BioNTech",6955239,6863899,13819138
2022-04-11,"Johnson&Johnson, Moderna, Novavax, Pfizer/BioNTech",6955400,6864130,13819530
2022-04-12,"Johnson&Johnson, Moderna, Novavax, Pfizer/BioNTech",6955647,6864428,13820075
2022-04-13,"Johnson&Johnson, Moderna, Novavax, Pfizer/BioNTech",6955888,6864782,13820670
2022-04-14,"Johnson&Johnson, Moderna, Novavax, Pfizer/BioNTech",6956149,6865167,13821316
2022-04-15,"Moderna, Novavax, Pfizer/BioNTech",6956165,6865194,13821359
2022-04-16,"Johnson&Johnson, Moderna, Novavax, Pfizer/BioNTech",6956185,6865228,13821413
2022-04-17,"Moderna, Novavax, Pfizer/BioNTech",6956186,6865229,13821415
2022-04-18,"Moderna, Novavax, Pfizer/BioNTech",6956200,6865246,13821446
2022-04-19,"Johnson&Johnson, Moderna, Novavax, Pfizer/BioNTech",6956339,6865584,13821923
2022-04-20,"Johnson&Johnson, Moderna, Novavax, Pfizer/BioNTech",6956560,6865974,13822534
2022-04-21,"Johnson&Johnson, Moderna, Novavax, Pfizer/BioNTech",6956776,6866398,13823174
2022-04-22,"Johnson&Johnson, Moderna, Novavax, Pfizer/BioNTech",6957242,6867224,13824466
2022-04-23,"Moderna, Novavax, Pfizer/BioNTech",6957273,6867303,13824576
2022-04-24,"Moderna, Novavax, Pfizer/BioNTech",6957278,6867314,13824592
2022-04-25,"Johnson&Johnson, Moderna, Novavax, Pfizer/BioNTech",6957431,6867522,13824953
2022-04-26,"Johnson&Johnson, Moderna, Novavax, Pfizer/BioNTech",6957571,6867786,13825357
2022-04-27,"Johnson&Johnson, Moderna, Novavax, Pfizer/BioNTech",6957837,6868116,13825953
2022-04-28,"Johnson&Johnson, Moderna, Novavax, Pfizer/BioNTech",6958032,6868404,13826436
2022-04-29,"Johnson&Johnson, Moderna, Novavax, Pfizer/BioNTech",6958465,6868993,13827458
2022-04-30,"Moderna, Novavax, Pfizer/BioNTech",6958505,6869059,13827564
2022-05-01,"Moderna, Novavax, Pfizer/BioNTech",6958510,6869067,13827577
2022-05-02,"Johnson&Johnson, Moderna, Novavax, Pfizer/BioNTech",6958632,6869248,13827880
2022-05-03,"Johnson&Johnson, Moderna, Novavax, Pfizer/BioNTech",6958784,6869504,13828288
2022-05-04,"Johnson&Johnson, Moderna, Novavax, Pfizer/BioNTech",6958987,6869779,13828766
2022-05-05,"Johnson&Johnson, Moderna, Novavax, Pfizer/BioNTech",6959194,6870068,13829262
2022-05-06,"Johnson&Johnson, Moderna, Novavax, Pfizer/BioNTech",6959563,6870410,13829973
2022-05-07,"Moderna, Novavax, Pfizer/BioNTech",6959590,6870436,13830026
2022-05-08,"Moderna, Pfizer/BioNTech",6959591,6870444,13830035
2022-05-09,"Johnson&Johnson, Moderna, Novavax, Pfizer/BioNTech",6959692,6870533,13830225
2022-05-10,"Johnson&Johnson, Moderna, Novavax, Pfizer/BioNTech",6959842,6870770,13830612
2022-05-11,"Johnson&Johnson, Moderna, Novavax, Oxford/AstraZeneca, Pfizer/BioNTech",6960063,6871036,13831099
2022-05-12,"Johnson&Johnson, Moderna, Novavax, Pfizer/BioNTech",6960261,6871310,13831571
2022-05-13,"Johnson&Johnson, Moderna, Novavax, Pfizer/BioNTech",6960594,6871807,13832401
2022-05-14,"Johnson&Johnson, Moderna, Novavax, Pfizer/BioNTech",6960635,6871847,13832482
2022-05-15,"Johnson&Johnson, Moderna, Novavax, Pfizer/BioNTech",6960648,6871858,13832506
2022-05-16,"Johnson&Johnson, Moderna, Novavax, Pfizer/BioNTech",6960750,6871977,13832727
2022-05-17,"Johnson&Johnson, Moderna, Novavax, Pfizer/BioNTech",6960891,6872131,13833022
2022-05-18,"Johnson&Johnson, Moderna, Novavax, Pfizer/BioNTech",6961119,6872460,13833579
2022-05-19,"Johnson&Johnson, Moderna, Novavax, Pfizer/BioNTech",6961306,6872711,13834017
2022-05-20,"Johnson&Johnson, Moderna, Novavax, Pfizer/BioNTech",6961600,6873259,13834859
2022-05-21,"Johnson&Johnson, Moderna, Novavax, Pfizer/BioNTech",6961641,6873288,13834929
2022-05-22,"Moderna, Pfizer/BioNTech",6961649,6873294,13834943
2022-05-23,"Johnson&Johnson, Moderna, Novavax, Pfizer/BioNTech",6961765,6873447,13835212
2022-05-24,"Johnson&Johnson, Moderna, Novavax, Pfizer/BioNTech",6961893,6873618,13835511
2022-05-25,"Johnson&Johnson, Moderna, Novavax, Oxford/AstraZeneca, Pfizer/BioNTech",6962061,6873867,13835928
2022-05-26,"Johnson&Johnson, Moderna, Novavax, Pfizer/BioNTech",6962215,6874092,13836307
2022-05-27,"Johnson&Johnson, Moderna, Novavax, Pfizer/BioNTech",6962483,6874554,13837037
2022-05-28,"Moderna, Novavax, Pfizer/BioNTech",6962520,6874603,13837123
2022-05-29,"Moderna, Novavax, Pfizer/BioNTech",6962529,6874607,13837136
2022-05-30,"Johnson&Johnson, Moderna, Novavax, Pfizer/BioNTech",6962607,6874759,13837366
2022-05-31,"Johnson&Johnson, Moderna, Novavax, Pfizer/BioNTech",6962747,6874951,13837698
2022-06-01,"Johnson&Johnson, Moderna, Novavax, Pfizer/BioNTech",6962858,6875172,13838030
2022-06-02,"Moderna, Novavax, Pfizer/BioNTech",6962979,6875377,13838356
