date,vaccine,people_vaccinated,people_fully_vaccinated,total_vaccinations
2020-12-27,Pfizer/BioNTech,1269,0,1269
2020-12-28,Pfizer/BioNTech,3572,0,3572
2020-12-29,Pfizer/BioNTech,7029,0,7029
2020-12-30,Pfizer/BioNTech,10535,0,10535
2020-12-31,Pfizer/BioNTech,11842,0,11842
2021-01-01,"Moderna, Pfizer/BioNTech",12109,0,12109
2021-01-02,Pfizer/BioNTech,13382,0,13382
2021-01-03,Pfizer/BioNTech,14303,0,14303
2021-01-04,"Moderna, Pfizer/BioNTech",17903,1,17904
2021-01-05,"Moderna, Pfizer/BioNTech",22411,1,22412
2021-01-06,Pfizer/BioNTech,28251,1,28252
2021-01-07,"Moderna, Pfizer/BioNTech",36228,1,36229
2021-01-08,Pfizer/BioNTech,46223,1,46224
2021-01-09,"Moderna, Pfizer/BioNTech",48244,1,48245
2021-01-10,Pfizer/BioNTech,50003,3,50006
2021-01-11,Pfizer/BioNTech,59826,5,59831
2021-01-12,Pfizer/BioNTech,73235,7,73242
2021-01-13,Pfizer/BioNTech,86748,7,86755
2021-01-14,"Moderna, Pfizer/BioNTech",101946,9,101955
2021-01-15,"Moderna, Pfizer/BioNTech",115926,9,115935
2021-01-16,"Moderna, Pfizer/BioNTech",119305,12,119317
2021-01-17,"Moderna, Pfizer/BioNTech",121909,650,122559
2021-01-18,"Moderna, Pfizer/BioNTech",134384,2471,136855
2021-01-19,"Moderna, Pfizer/BioNTech",146947,5189,152136
2021-01-20,"Moderna, Pfizer/BioNTech",160590,7839,168429
2021-01-21,"Moderna, Pfizer/BioNTech",176208,9576,185784
2021-01-22,"Moderna, Pfizer/BioNTech",191052,10621,201673
2021-01-23,"Moderna, Pfizer/BioNTech",194351,11493,205844
2021-01-24,"Moderna, Pfizer/BioNTech",196600,12363,208963
2021-01-25,"Moderna, Pfizer/BioNTech",206226,15333,221559
2021-01-26,"Moderna, Pfizer/BioNTech",216758,19305,236063
2021-01-27,"Moderna, Pfizer/BioNTech",225776,23826,249602
2021-01-28,"Moderna, Pfizer/BioNTech",232851,29946,262797
2021-01-29,"Moderna, Pfizer/BioNTech",239046,37828,276874
2021-01-30,"Moderna, Pfizer/BioNTech",239776,38916,278692
2021-01-31,"Moderna, Pfizer/BioNTech",240486,40096,280582
2021-02-01,"Moderna, Pfizer/BioNTech",244450,48022,292472
2021-02-02,"Moderna, Pfizer/BioNTech",248577,58243,306820
2021-02-03,"Moderna, Pfizer/BioNTech",252987,69230,322217
2021-02-04,"Moderna, Pfizer/BioNTech",257878,82182,340060
2021-02-05,"Moderna, Pfizer/BioNTech",263327,92830,356157
2021-02-06,"Moderna, Pfizer/BioNTech",264168,95178,359346
2021-02-07,"Moderna, Pfizer/BioNTech",265015,97665,362680
2021-02-08,"Moderna, Oxford/AstraZeneca, Pfizer/BioNTech",269080,109048,378128
2021-02-09,"Moderna, Oxford/AstraZeneca, Pfizer/BioNTech",274163,120964,395127
2021-02-10,"Moderna, Pfizer/BioNTech",279654,134174,413828
2021-02-11,"Moderna, Oxford/AstraZeneca, Pfizer/BioNTech",285957,150353,436310
2021-02-12,"Moderna, Oxford/AstraZeneca, Pfizer/BioNTech",292700,165042,457742
2021-02-13,"Moderna, Oxford/AstraZeneca, Pfizer/BioNTech",294290,168023,462313
2021-02-14,"Moderna, Oxford/AstraZeneca, Pfizer/BioNTech",295281,169402,464683
2021-02-15,"Moderna, Oxford/AstraZeneca, Pfizer/BioNTech",301673,178736,480409
2021-02-16,"Moderna, Oxford/AstraZeneca, Pfizer/BioNTech",310379,187788,498167
2021-02-17,"Moderna, Oxford/AstraZeneca, Pfizer/BioNTech",320061,196077,516138
2021-02-18,"Moderna, Oxford/AstraZeneca, Pfizer/BioNTech",332363,204118,536481
2021-02-19,"Moderna, Oxford/AstraZeneca, Pfizer/BioNTech",344207,211437,555644
2021-02-20,"Moderna, Oxford/AstraZeneca, Pfizer/BioNTech",346188,212613,558801
2021-02-21,"Moderna, Oxford/AstraZeneca, Pfizer/BioNTech",347300,213628,560928
2021-02-22,"Moderna, Oxford/AstraZeneca, Pfizer/BioNTech",357417,219633,577050
2021-02-23,"Moderna, Oxford/AstraZeneca, Pfizer/BioNTech",370346,226593,596939
2021-02-24,"Moderna, Oxford/AstraZeneca, Pfizer/BioNTech",384206,232612,616818
2021-02-25,"Moderna, Oxford/AstraZeneca, Pfizer/BioNTech",402157,238144,640301
2021-02-26,"Moderna, Oxford/AstraZeneca, Pfizer/BioNTech",418311,243471,661782
2021-02-27,"Moderna, Oxford/AstraZeneca, Pfizer/BioNTech",421317,244021,665338
2021-02-28,"Moderna, Oxford/AstraZeneca, Pfizer/BioNTech",423660,244566,668226
2021-03-01,"Moderna, Oxford/AstraZeneca, Pfizer/BioNTech",443198,247992,691190
2021-03-02,"Moderna, Oxford/AstraZeneca, Pfizer/BioNTech",470397,251527,721924
2021-03-03,"Moderna, Oxford/AstraZeneca, Pfizer/BioNTech",501227,256015,757242
2021-03-04,"Moderna, Oxford/AstraZeneca, Pfizer/BioNTech",534432,260679,795111
2021-03-05,"Johnson&Johnson, Moderna, Oxford/AstraZeneca, Pfizer/BioNTech",563219,266077,829296
2021-03-06,"Johnson&Johnson, Moderna, Oxford/AstraZeneca, Pfizer/BioNTech",575346,266924,842270
2021-03-07,"Johnson&Johnson, Moderna, Oxford/AstraZeneca, Pfizer/BioNTech",586863,267757,854620
2021-03-08,"Johnson&Johnson, Moderna, Oxford/AstraZeneca, Pfizer/BioNTech",616544,272586,889130
2021-03-09,"Johnson&Johnson, Moderna, Oxford/AstraZeneca, Pfizer/BioNTech",652801,278946,931747
2021-03-10,"Moderna, Oxford/AstraZeneca, Pfizer/BioNTech",694056,285876,979932
2021-03-11,"Johnson&Johnson, Moderna, Oxford/AstraZeneca, Pfizer/BioNTech",738840,294225,1033065
2021-03-12,"Johnson&Johnson, Moderna, Oxford/AstraZeneca, Pfizer/BioNTech",777605,302671,1080276
2021-03-13,"Moderna, Oxford/AstraZeneca, Pfizer/BioNTech",794653,303960,1098613
2021-03-14,"Moderna, Oxford/AstraZeneca, Pfizer/BioNTech",806746,305095,1111841
2021-03-15,"Moderna, Oxford/AstraZeneca, Pfizer/BioNTech",835099,313863,1148962
2021-03-16,"Johnson&Johnson, Moderna, Oxford/AstraZeneca, Pfizer/BioNTech",873935,324379,1198314
2021-03-17,"Moderna, Oxford/AstraZeneca, Pfizer/BioNTech",911372,334863,1246235
2021-03-18,"Johnson&Johnson, Moderna, Oxford/AstraZeneca, Pfizer/BioNTech",949306,347255,1296561
2021-03-19,"Moderna, Oxford/AstraZeneca, Pfizer/BioNTech",983743,360842,1344585
2021-03-20,"Johnson&Johnson, Moderna, Oxford/AstraZeneca, Pfizer/BioNTech",998857,362856,1361713
2021-03-21,"Johnson&Johnson, Moderna, Oxford/AstraZeneca, Pfizer/BioNTech",1006248,364400,1370648
2021-03-22,"Johnson&Johnson, Moderna, Oxford/AstraZeneca, Pfizer/BioNTech",1030759,376887,1407646
2021-03-23,"Johnson&Johnson, Moderna, Oxford/AstraZeneca, Pfizer/BioNTech",1057357,390217,1447574
2021-03-24,"Johnson&Johnson, Moderna, Oxford/AstraZeneca, Pfizer/BioNTech",1084178,405922,1490100
2021-03-25,"Moderna, Oxford/AstraZeneca, Pfizer/BioNTech",1110468,423748,1534216
2021-03-26,"Moderna, Oxford/AstraZeneca, Pfizer/BioNTech",1135236,441225,1576461
2021-03-27,"Johnson&Johnson, Moderna, Oxford/AstraZeneca, Pfizer/BioNTech",1143651,446056,1589707
2021-03-28,"Moderna, Oxford/AstraZeneca, Pfizer/BioNTech",1149179,450187,1599366
2021-03-29,"Johnson&Johnson, Moderna, Oxford/AstraZeneca, Pfizer/BioNTech",1168253,470877,1639130
2021-03-30,"Johnson&Johnson, Moderna, Oxford/AstraZeneca, Pfizer/BioNTech",1192916,493035,1685951
2021-03-31,"Johnson&Johnson, Moderna, Oxford/AstraZeneca, Pfizer/BioNTech",1215973,520068,1736041
2021-04-01,"Johnson&Johnson, Moderna, Oxford/AstraZeneca, Pfizer/BioNTech",1241541,552088,1793629
2021-04-02,"Johnson&Johnson, Moderna, Oxford/AstraZeneca, Pfizer/BioNTech",1248429,564866,1813295
2021-04-03,"Johnson&Johnson, Moderna, Oxford/AstraZeneca, Pfizer/BioNTech",1252024,575769,1827793
2021-04-04,"Johnson&Johnson, Moderna, Oxford/AstraZeneca, Pfizer/BioNTech",1254513,584664,1839177
2021-04-05,"Johnson&Johnson, Moderna, Oxford/AstraZeneca, Pfizer/BioNTech",1256882,591834,1848716
2021-04-06,"Johnson&Johnson, Moderna, Oxford/AstraZeneca, Pfizer/BioNTech",1272969,621048,1894017
2021-04-07,"Johnson&Johnson, Moderna, Oxford/AstraZeneca, Pfizer/BioNTech",1296333,643238,1939571
2021-04-08,"Johnson&Johnson, Moderna, Oxford/AstraZeneca, Pfizer/BioNTech",1334963,674226,2009189
2021-04-09,"Johnson&Johnson, Moderna, Oxford/AstraZeneca, Pfizer/BioNTech",1374434,704385,2078819
2021-04-10,"Johnson&Johnson, Moderna, Oxford/AstraZeneca, Pfizer/BioNTech",1389876,719658,2109534
2021-04-11,"Johnson&Johnson, Moderna, Oxford/AstraZeneca, Pfizer/BioNTech",1399619,729673,2129292
2021-04-12,"Johnson&Johnson, Moderna, Oxford/AstraZeneca, Pfizer/BioNTech",1437832,754759,2192591
2021-04-13,"Moderna, Oxford/AstraZeneca, Pfizer/BioNTech",1474028,780754,2254782
2021-04-14,"Moderna, Oxford/AstraZeneca, Pfizer/BioNTech",1512792,808084,2320876
2021-04-15,"Moderna, Oxford/AstraZeneca, Pfizer/BioNTech",1560536,833771,2394307
2021-04-16,"Moderna, Oxford/AstraZeneca, Pfizer/BioNTech",1605137,859370,2464507
2021-04-17,"Moderna, Oxford/AstraZeneca, Pfizer/BioNTech",1621793,868381,2490174
2021-04-18,"Moderna, Oxford/AstraZeneca, Pfizer/BioNTech",1634752,873356,2508108
2021-04-19,"Moderna, Oxford/AstraZeneca, Pfizer/BioNTech",1678713,888788,2567501
2021-04-20,"Johnson&Johnson, Moderna, Oxford/AstraZeneca, Pfizer/BioNTech",1721226,904631,2625857
2021-04-21,"Moderna, Oxford/AstraZeneca, Pfizer/BioNTech",1768919,918912,2687831
2021-04-22,"Johnson&Johnson, Moderna, Oxford/AstraZeneca, Pfizer/BioNTech",1823369,936270,2759639
2021-04-23,"Johnson&Johnson, Moderna, Oxford/AstraZeneca, Pfizer/BioNTech",1873285,948299,2821584
2021-04-24,"Johnson&Johnson, Moderna, Oxford/AstraZeneca, Pfizer/BioNTech",1891093,953528,2844621
2021-04-25,"Johnson&Johnson, Moderna, Oxford/AstraZeneca, Pfizer/BioNTech",1905761,957510,2863271
2021-04-26,"Johnson&Johnson, Moderna, Oxford/AstraZeneca, Pfizer/BioNTech",1955323,965048,2920371
2021-04-27,"Johnson&Johnson, Moderna, Oxford/AstraZeneca, Pfizer/BioNTech",2004274,977241,2981515
2021-04-28,"Johnson&Johnson, Moderna, Oxford/AstraZeneca, Pfizer/BioNTech",2062992,991202,3054194
2021-04-29,"Johnson&Johnson, Moderna, Oxford/AstraZeneca, Pfizer/BioNTech",2128527,1007044,3135571
2021-04-30,"Johnson&Johnson, Moderna, Oxford/AstraZeneca, Pfizer/BioNTech",2190709,1016963,3207672
2021-05-01,"Johnson&Johnson, Moderna, Oxford/AstraZeneca, Pfizer/BioNTech",2209999,1020378,3230377
2021-05-02,"Johnson&Johnson, Moderna, Oxford/AstraZeneca, Pfizer/BioNTech",2228891,1022626,3251517
2021-05-03,"Johnson&Johnson, Moderna, Oxford/AstraZeneca, Pfizer/BioNTech",2296109,1027671,3323780
2021-05-04,"Johnson&Johnson, Moderna, Oxford/AstraZeneca, Pfizer/BioNTech",2362576,1035966,3398542
2021-05-05,"Johnson&Johnson, Moderna, Oxford/AstraZeneca, Pfizer/BioNTech",2435696,1045326,3481022
2021-05-06,"Johnson&Johnson, Moderna, Oxford/AstraZeneca, Pfizer/BioNTech",2516058,1055994,3572052
2021-05-07,"Johnson&Johnson, Moderna, Oxford/AstraZeneca, Pfizer/BioNTech",2593320,1066045,3659365
2021-05-08,"Johnson&Johnson, Moderna, Oxford/AstraZeneca, Pfizer/BioNTech",2622717,1067778,3690495
2021-05-09,"Johnson&Johnson, Moderna, Oxford/AstraZeneca, Pfizer/BioNTech",2646885,1068965,3715850
2021-05-10,"Johnson&Johnson, Moderna, Oxford/AstraZeneca, Pfizer/BioNTech",2719614,1076140,3795754
2021-05-11,"Johnson&Johnson, Moderna, Oxford/AstraZeneca, Pfizer/BioNTech",2795680,1084905,3880585
2021-05-12,"Johnson&Johnson, Moderna, Oxford/AstraZeneca, Pfizer/BioNTech",2875495,1093944,3969439
2021-05-13,"Johnson&Johnson, Moderna, Oxford/AstraZeneca, Pfizer/BioNTech",2959483,1103070,4062553
2021-05-14,"Johnson&Johnson, Moderna, Oxford/AstraZeneca, Pfizer/BioNTech",3038877,1110793,4149670
2021-05-15,"Johnson&Johnson, Moderna, Oxford/AstraZeneca, Pfizer/BioNTech",3070711,1112981,4183692
2021-05-16,"Johnson&Johnson, Moderna, Oxford/AstraZeneca, Pfizer/BioNTech",3096454,1114219,4210673
2021-05-17,"Johnson&Johnson, Moderna, Oxford/AstraZeneca, Pfizer/BioNTech",3168932,1120898,4289830
2021-05-18,"Johnson&Johnson, Moderna, Oxford/AstraZeneca, Pfizer/BioNTech",3240833,1133881,4374714
2021-05-19,"Johnson&Johnson, Moderna, Oxford/AstraZeneca, Pfizer/BioNTech",3318269,1148967,4467236
2021-05-20,"Johnson&Johnson, Moderna, Oxford/AstraZeneca, Pfizer/BioNTech",3393673,1175927,4569600
2021-05-21,"Johnson&Johnson, Moderna, Oxford/AstraZeneca, Pfizer/BioNTech",3462418,1203601,4666019
2021-05-22,"Johnson&Johnson, Moderna, Oxford/AstraZeneca, Pfizer/BioNTech",3494747,1214733,4709480
2021-05-23,"Johnson&Johnson, Moderna, Oxford/AstraZeneca, Pfizer/BioNTech",3517049,1223734,4740783
2021-05-24,"Johnson&Johnson, Moderna, Oxford/AstraZeneca, Pfizer/BioNTech",3564125,1257328,4821453
2021-05-25,"Johnson&Johnson, Moderna, Oxford/AstraZeneca, Pfizer/BioNTech",3615958,1293065,4909023
2021-05-26,"Johnson&Johnson, Moderna, Oxford/AstraZeneca, Pfizer/BioNTech",3683682,1330535,5014217
2021-05-27,"Johnson&Johnson, Moderna, Oxford/AstraZeneca, Pfizer/BioNTech",3745033,1377794,5122827
2021-05-28,"Johnson&Johnson, Moderna, Oxford/AstraZeneca, Pfizer/BioNTech",3806692,1424274,5230966
2021-05-29,"Johnson&Johnson, Moderna, Oxford/AstraZeneca, Pfizer/BioNTech",3835836,1441340,5277176
2021-05-30,"Johnson&Johnson, Moderna, Oxford/AstraZeneca, Pfizer/BioNTech",3858174,1455743,5313917
2021-05-31,"Johnson&Johnson, Moderna, Oxford/AstraZeneca, Pfizer/BioNTech",3913885,1503233,5417118
2021-06-01,"Johnson&Johnson, Moderna, Oxford/AstraZeneca, Pfizer/BioNTech",3972894,1551993,5524887
2021-06-02,"Johnson&Johnson, Moderna, Oxford/AstraZeneca, Pfizer/BioNTech",4035760,1605881,5641641
2021-06-03,"Johnson&Johnson, Moderna, Oxford/AstraZeneca, Pfizer/BioNTech",4093977,1666019,5759996
2021-06-04,"Johnson&Johnson, Moderna, Oxford/AstraZeneca, Pfizer/BioNTech",4157047,1723322,5880369
2021-06-05,"Johnson&Johnson, Moderna, Oxford/AstraZeneca, Pfizer/BioNTech",4191173,1742090,5933263
2021-06-06,"Johnson&Johnson, Moderna, Oxford/AstraZeneca, Pfizer/BioNTech",4218073,1757178,5975251
2021-06-07,"Johnson&Johnson, Moderna, Oxford/AstraZeneca, Pfizer/BioNTech",4281742,1812734,6094476
2021-06-08,"Johnson&Johnson, Moderna, Oxford/AstraZeneca, Pfizer/BioNTech",4345703,1867629,6213332
2021-06-09,"Johnson&Johnson, Moderna, Oxford/AstraZeneca, Pfizer/BioNTech",4404877,1931957,6336834
2021-06-10,"Johnson&Johnson, Moderna, Oxford/AstraZeneca, Pfizer/BioNTech",4458751,2002950,6461701
2021-06-11,"Johnson&Johnson, Moderna, Oxford/AstraZeneca, Pfizer/BioNTech",4510837,2072559,6583396
2021-06-12,"Johnson&Johnson, Moderna, Oxford/AstraZeneca, Pfizer/BioNTech",4542814,2093284,6636098
2021-06-13,"Johnson&Johnson, Moderna, Oxford/AstraZeneca, Pfizer/BioNTech",4566819,2111633,6678452
2021-06-14,"Johnson&Johnson, Moderna, Oxford/AstraZeneca, Pfizer/BioNTech",4609842,2185918,6795760
2021-06-15,"Johnson&Johnson, Moderna, Oxford/AstraZeneca, Pfizer/BioNTech",4654470,2258154,6912624
2021-06-16,"Johnson&Johnson, Moderna, Oxford/AstraZeneca, Pfizer/BioNTech",4697195,2336258,7033453
2021-06-17,"Johnson&Johnson, Moderna, Oxford/AstraZeneca, Pfizer/BioNTech",4736561,2419206,7155767
2021-06-18,"Johnson&Johnson, Moderna, Oxford/AstraZeneca, Pfizer/BioNTech",4778937,2499580,7278517
2021-06-19,"Johnson&Johnson, Moderna, Oxford/AstraZeneca, Pfizer/BioNTech",4800672,2528790,7329462
2021-06-20,"Johnson&Johnson, Moderna, Oxford/AstraZeneca, Pfizer/BioNTech",4818031,2552546,7370577
2021-06-21,"Johnson&Johnson, Moderna, Oxford/AstraZeneca, Pfizer/BioNTech",4850535,2631013,7481548
2021-06-22,"Johnson&Johnson, Moderna, Oxford/AstraZeneca, Pfizer/BioNTech",4883490,2713158,7596648
2021-06-23,"Johnson&Johnson, Moderna, Oxford/AstraZeneca, Pfizer/BioNTech",4915132,2798273,7713405
2021-06-24,"Johnson&Johnson, Moderna, Oxford/AstraZeneca, Pfizer/BioNTech",4944966,2888199,7833165
2021-06-25,"Johnson&Johnson, Moderna, Oxford/AstraZeneca, Pfizer/BioNTech",4976000,2974208,7950208
2021-06-26,"Johnson&Johnson, Moderna, Oxford/AstraZeneca, Pfizer/BioNTech",4991849,3008938,8000787
2021-06-27,"Johnson&Johnson, Moderna, Oxford/AstraZeneca, Pfizer/BioNTech",5005789,3035521,8041310
2021-06-28,"Johnson&Johnson, Moderna, Oxford/AstraZeneca, Pfizer/BioNTech",5034208,3120602,8154810
2021-06-29,"Johnson&Johnson, Moderna, Oxford/AstraZeneca, Pfizer/BioNTech",5063459,3206976,8270435
2021-06-30,"Johnson&Johnson, Moderna, Oxford/AstraZeneca, Pfizer/BioNTech",5090958,3297818,8388776
2021-07-01,"Johnson&Johnson, Moderna, Oxford/AstraZeneca, Pfizer/BioNTech",5114900,3387728,8502628
2021-07-02,"Johnson&Johnson, Moderna, Oxford/AstraZeneca, Pfizer/BioNTech",5141618,3473422,8615040
2021-07-03,"Johnson&Johnson, Moderna, Oxford/AstraZeneca, Pfizer/BioNTech",5148687,3504865,8653552
2021-07-04,"Johnson&Johnson, Moderna, Oxford/AstraZeneca, Pfizer/BioNTech",5156230,3526619,8682849
2021-07-05,"Johnson&Johnson, Moderna, Oxford/AstraZeneca, Pfizer/BioNTech",5163573,3551928,8715501
2021-07-06,"Johnson&Johnson, Moderna, Oxford/AstraZeneca, Pfizer/BioNTech",5168962,3579494,8748456
2021-07-07,"Johnson&Johnson, Moderna, Oxford/AstraZeneca, Pfizer/BioNTech",5194745,3658353,8853098
2021-07-08,"Johnson&Johnson, Moderna, Oxford/AstraZeneca, Pfizer/BioNTech",5221324,3728565,8949889
2021-07-09,"Johnson&Johnson, Moderna, Oxford/AstraZeneca, Pfizer/BioNTech",5249221,3797716,9046937
2021-07-10,"Johnson&Johnson, Moderna, Oxford/AstraZeneca, Pfizer/BioNTech",5258556,3826273,9084829
2021-07-11,"Johnson&Johnson, Moderna, Oxford/AstraZeneca, Pfizer/BioNTech",5267072,3849114,9116186
2021-07-12,"Johnson&Johnson, Moderna, Oxford/AstraZeneca, Pfizer/BioNTech",5294596,3918111,9212707
2021-07-13,"Johnson&Johnson, Moderna, Oxford/AstraZeneca, Pfizer/BioNTech",5320789,3987886,9308675
2021-07-14,"Johnson&Johnson, Moderna, Oxford/AstraZeneca, Pfizer/BioNTech",5346623,4059771,9406394
2021-07-15,"Johnson&Johnson, Moderna, Oxford/AstraZeneca, Pfizer/BioNTech",5375820,4125678,9501498
2021-07-16,"Johnson&Johnson, Moderna, Oxford/AstraZeneca, Pfizer/BioNTech",5403748,4198275,9602023
2021-07-17,"Johnson&Johnson, Moderna, Oxford/AstraZeneca, Pfizer/BioNTech",5412497,4229650,9642147
2021-07-18,"Johnson&Johnson, Moderna, Oxford/AstraZeneca, Pfizer/BioNTech",5420931,4255610,9676541
2021-07-19,"Johnson&Johnson, Moderna, Oxford/AstraZeneca, Pfizer/BioNTech",5444266,4322543,9766809
2021-07-20,"Johnson&Johnson, Moderna, Oxford/AstraZeneca, Pfizer/BioNTech",5465639,4389490,9855129
2021-07-21,"Johnson&Johnson, Moderna, Oxford/AstraZeneca, Pfizer/BioNTech",5489074,4452835,9941909
2021-07-22,"Johnson&Johnson, Moderna, Oxford/AstraZeneca, Pfizer/BioNTech",5511406,4511351,10022757
2021-07-23,"Johnson&Johnson, Moderna, Oxford/AstraZeneca, Pfizer/BioNTech",5534573,4565979,10100552
2021-07-24,"Johnson&Johnson, Moderna, Oxford/AstraZeneca, Pfizer/BioNTech",5541869,4593576,10135445
2021-07-25,"Johnson&Johnson, Moderna, Oxford/AstraZeneca, Pfizer/BioNTech",5548467,4615569,10164036
2021-07-26,"Johnson&Johnson, Moderna, Oxford/AstraZeneca, Pfizer/BioNTech",5571966,4664120,10236086
2021-07-27,"Johnson&Johnson, Moderna, Oxford/AstraZeneca, Pfizer/BioNTech",5594659,4710638,10305297
2021-07-28,"Johnson&Johnson, Moderna, Oxford/AstraZeneca, Pfizer/BioNTech",5615877,4756508,10372385
2021-07-29,"Johnson&Johnson, Moderna, Oxford/AstraZeneca, Pfizer/BioNTech",5637153,4798339,10435492
2021-07-30,"Johnson&Johnson, Moderna, Oxford/AstraZeneca, Pfizer/BioNTech",5660408,4840786,10501194
2021-07-31,"Johnson&Johnson, Moderna, Oxford/AstraZeneca, Pfizer/BioNTech",5669323,4860273,10529596
2021-08-01,"Johnson&Johnson, Moderna, Oxford/AstraZeneca, Pfizer/BioNTech",5676031,4876398,10552429
2021-08-02,"Johnson&Johnson, Moderna, Oxford/AstraZeneca, Pfizer/BioNTech",5694624,4913860,10608484
2021-08-03,"Johnson&Johnson, Moderna, Oxford/AstraZeneca, Pfizer/BioNTech",5712229,4951875,10664104
2021-08-04,"Johnson&Johnson, Moderna, Oxford/AstraZeneca, Pfizer/BioNTech",5728287,4988513,10716800
2021-08-05,"Johnson&Johnson, Moderna, Oxford/AstraZeneca, Pfizer/BioNTech",5744278,5028885,10773163
2021-08-06,"Johnson&Johnson, Moderna, Oxford/AstraZeneca, Pfizer/BioNTech",5761033,5072049,10833082
2021-08-07,"Johnson&Johnson, Moderna, Oxford/AstraZeneca, Pfizer/BioNTech",5766602,5090163,10856765
2021-08-08,"Johnson&Johnson, Moderna, Oxford/AstraZeneca, Pfizer/BioNTech",5770948,5105880,10876828
2021-08-09,"Johnson&Johnson, Moderna, Oxford/AstraZeneca, Pfizer/BioNTech",5783567,5150860,10934427
2021-08-10,"Johnson&Johnson, Moderna, Oxford/AstraZeneca, Pfizer/BioNTech",5795365,5190343,10985708
2021-08-11,"Johnson&Johnson, Moderna, Oxford/AstraZeneca, Pfizer/BioNTech",5806703,5233399,11040102
2021-08-12,"Johnson&Johnson, Moderna, Oxford/AstraZeneca, Pfizer/BioNTech",5818087,5270393,11088480
2021-08-13,"Johnson&Johnson, Moderna, Oxford/AstraZeneca, Pfizer/BioNTech",5828752,5310628,11139380
2021-08-14,"Johnson&Johnson, Moderna, Oxford/AstraZeneca, Pfizer/BioNTech",5832087,5321290,11153377
2021-08-15,"Johnson&Johnson, Moderna, Oxford/AstraZeneca, Pfizer/BioNTech",5834663,5331639,11166302
2021-08-16,"Johnson&Johnson, Moderna, Oxford/AstraZeneca, Pfizer/BioNTech",5844428,5365626,11210054
2021-08-17,"Johnson&Johnson, Moderna, Oxford/AstraZeneca, Pfizer/BioNTech",5853986,5392655,11246641
2021-08-18,"Johnson&Johnson, Moderna, Oxford/AstraZeneca, Pfizer/BioNTech",5863335,5431450,11294785
2021-08-19,"Johnson&Johnson, Moderna, Oxford/AstraZeneca, Pfizer/BioNTech",5872955,5469727,11342682
2021-08-20,"Johnson&Johnson, Moderna, Oxford/AstraZeneca, Pfizer/BioNTech",5884275,5509842,11394117
2021-08-21,"Johnson&Johnson, Moderna, Oxford/AstraZeneca, Pfizer/BioNTech",5886976,5522570,11409546
2021-08-22,"Johnson&Johnson, Moderna, Oxford/AstraZeneca, Pfizer/BioNTech",5889314,5534511,11423825
2021-08-23,"Johnson&Johnson, Moderna, Oxford/AstraZeneca, Pfizer/BioNTech",5899806,5573681,11473487
2021-08-24,"Johnson&Johnson, Moderna, Oxford/AstraZeneca, Pfizer/BioNTech",5909645,5606862,11516507
2021-08-25,"Johnson&Johnson, Moderna, Oxford/AstraZeneca, Pfizer/BioNTech",5918468,5635155,11553623
2021-08-26,"Johnson&Johnson, Moderna, Oxford/AstraZeneca, Pfizer/BioNTech",5926877,5661205,11588082
2021-08-27,"Johnson&Johnson, Moderna, Oxford/AstraZeneca, Pfizer/BioNTech",5937164,5687087,11624251
2021-08-28,"Johnson&Johnson, Moderna, Oxford/AstraZeneca, Pfizer/BioNTech",5939876,5694097,11633973
2021-08-29,"Johnson&Johnson, Moderna, Oxford/AstraZeneca, Pfizer/BioNTech",5942277,5700706,11642983
2021-08-30,"Johnson&Johnson, Moderna, Oxford/AstraZeneca, Pfizer/BioNTech",5950764,5722510,11673274
2021-08-31,"Johnson&Johnson, Moderna, Oxford/AstraZeneca, Pfizer/BioNTech",5958391,5740531,11698922
2021-09-01,"Johnson&Johnson, Moderna, Oxford/AstraZeneca, Pfizer/BioNTech",5964234,5754461,11718695
2021-09-02,"Johnson&Johnson, Moderna, Oxford/AstraZeneca, Pfizer/BioNTech",5970962,5768789,11739751
2021-09-03,"Johnson&Johnson, Moderna, Oxford/AstraZeneca, Pfizer/BioNTech",5980383,5784413,11764796
2021-09-04,"Johnson&Johnson, Moderna, Oxford/AstraZeneca, Pfizer/BioNTech",5982426,5787941,11770367
2021-09-05,"Johnson&Johnson, Moderna, Oxford/AstraZeneca, Pfizer/BioNTech",5984451,5790765,11775216
2021-09-06,"Johnson&Johnson, Moderna, Oxford/AstraZeneca, Pfizer/BioNTech",5990567,5803235,11793802
2021-09-07,"Johnson&Johnson, Moderna, Oxford/AstraZeneca, Pfizer/BioNTech",5994897,5814278,11809175
2021-09-08,"Johnson&Johnson, Moderna, Oxford/AstraZeneca, Pfizer/BioNTech",6000465,5824079,11824544
2021-09-09,"Johnson&Johnson, Moderna, Oxford/AstraZeneca, Pfizer/BioNTech",6007073,5834109,11841182
2021-09-10,"Johnson&Johnson, Moderna, Oxford/AstraZeneca, Pfizer/BioNTech",6014637,5846228,11860865
2021-09-11,"Johnson&Johnson, Moderna, Pfizer/BioNTech",6016490,5848690,11865180
2021-09-12,"Johnson&Johnson, Moderna, Oxford/AstraZeneca, Pfizer/BioNTech",6017594,5850303,11867897
2021-09-13,"Johnson&Johnson, Moderna, Oxford/AstraZeneca, Pfizer/BioNTech",6022918,5860506,11883424
2021-09-14,"Johnson&Johnson, Moderna, Oxford/AstraZeneca, Pfizer/BioNTech",6028178,5869434,11897612
2021-09-15,"Johnson&Johnson, Moderna, Oxford/AstraZeneca, Pfizer/BioNTech",6033261,5877875,11911136
2021-09-16,"Johnson&Johnson, Moderna, Oxford/AstraZeneca, Pfizer/BioNTech",6038410,5886088,11924498
2021-09-17,"Johnson&Johnson, Moderna, Oxford/AstraZeneca, Pfizer/BioNTech",6044768,5896159,11940927
2021-09-18,"Johnson&Johnson, Moderna, Pfizer/BioNTech",6046467,5898489,11944956
2021-09-19,"Johnson&Johnson, Moderna, Pfizer/BioNTech",6047397,5900045,11947442
2021-09-20,"Johnson&Johnson, Moderna, Oxford/AstraZeneca, Pfizer/BioNTech",6051231,5908121,11959352
2021-09-21,"Johnson&Johnson, Moderna, Oxford/AstraZeneca, Pfizer/BioNTech",6055226,5915590,11970816
2021-09-22,"Johnson&Johnson, Moderna, Oxford/AstraZeneca, Pfizer/BioNTech",6059254,5921021,11980275
2021-09-23,"Johnson&Johnson, Moderna, Oxford/AstraZeneca, Pfizer/BioNTech",6064136,5927355,11991491
2021-09-24,"Johnson&Johnson, Moderna, Oxford/AstraZeneca, Pfizer/BioNTech",6069694,5936812,12006506
2021-09-25,"Johnson&Johnson, Moderna, Oxford/AstraZeneca, Pfizer/BioNTech",6071145,5938759,12009904
2021-09-26,"Johnson&Johnson, Moderna, Pfizer/BioNTech",6071881,5940373,12012254
2021-09-27,"Johnson&Johnson, Moderna, Oxford/AstraZeneca, Pfizer/BioNTech",6075642,5946773,12022415
2021-09-28,"Johnson&Johnson, Moderna, Pfizer/BioNTech",6075959,5947356,12023315
2021-09-29,"Johnson&Johnson, Moderna, Oxford/AstraZeneca, Pfizer/BioNTech",6079612,5954663,12034275
2021-09-30,"Johnson&Johnson, Moderna, Oxford/AstraZeneca, Pfizer/BioNTech",6083896,5962229,12046125
2021-10-01,"Johnson&Johnson, Moderna, Oxford/AstraZeneca, Pfizer/BioNTech",6087873,5969982,12057855
2021-10-02,"Johnson&Johnson, Moderna, Pfizer/BioNTech",6088912,5971505,12060417
2021-10-03,"Johnson&Johnson, Moderna, Pfizer/BioNTech",6089607,5972361,12061968
2021-10-04,"Johnson&Johnson, Moderna, Oxford/AstraZeneca, Pfizer/BioNTech",6092490,5977738,12070228
2021-10-05,"Johnson&Johnson, Moderna, Oxford/AstraZeneca, Pfizer/BioNTech",6095267,5982510,12077777
2021-10-06,"Johnson&Johnson, Moderna, Oxford/AstraZeneca, Pfizer/BioNTech",6098298,5987122,12085420
