date,vaccine,people_vaccinated,people_fully_vaccinated,total_vaccinations
2020-12-27,Pfizer/BioNTech,1258,0,1258
2020-12-28,Pfizer/BioNTech,3557,0,3557
2020-12-29,Pfizer/BioNTech,7011,0,7011
2020-12-30,Pfizer/BioNTech,10497,0,10497
2020-12-31,Pfizer/BioNTech,11802,0,11802
2021-01-01,Pfizer/BioNTech,12063,0,12063
2021-01-02,Pfizer/BioNTech,13332,0,13332
2021-01-03,Pfizer/BioNTech,14247,0,14247
2021-01-04,Pfizer/BioNTech,17834,0,17834
2021-01-05,Pfizer/BioNTech,22332,0,22332
2021-01-06,Pfizer/BioNTech,28159,0,28159
2021-01-07,Pfizer/BioNTech,36115,0,36115
2021-01-08,Pfizer/BioNTech,46077,0,46077
2021-01-09,Pfizer/BioNTech,48092,0,48092
2021-01-10,Pfizer/BioNTech,49847,0,49847
2021-01-11,Pfizer/BioNTech,59658,0,59658
2021-01-12,Pfizer/BioNTech,73049,0,73049
2021-01-13,Pfizer/BioNTech,86541,0,86541
2021-01-14,"Moderna, Pfizer/BioNTech",101721,0,101721
2021-01-15,"Moderna, Pfizer/BioNTech",115675,0,115675
2021-01-16,"Moderna, Pfizer/BioNTech",119049,2,119051
2021-01-17,"Moderna, Pfizer/BioNTech",121648,639,122287
2021-01-18,"Moderna, Pfizer/BioNTech",134112,2456,136568
2021-01-19,"Moderna, Pfizer/BioNTech",146628,5163,151791
2021-01-20,"Moderna, Pfizer/BioNTech",160251,7801,168052
2021-01-21,"Moderna, Pfizer/BioNTech",175842,9530,185372
2021-01-22,"Moderna, Pfizer/BioNTech",190651,10571,201222
2021-01-23,"Moderna, Pfizer/BioNTech",193943,11441,205384
2021-01-24,"Moderna, Pfizer/BioNTech",196187,12307,208494
2021-01-25,"Moderna, Pfizer/BioNTech",205791,15268,221059
2021-01-26,"Moderna, Pfizer/BioNTech",216297,19233,235530
2021-01-27,"Moderna, Pfizer/BioNTech",225293,23738,249031
2021-01-28,"Moderna, Pfizer/BioNTech",232344,29838,262182
2021-01-29,"Moderna, Pfizer/BioNTech",238531,37687,276218
2021-01-30,"Moderna, Pfizer/BioNTech",239254,38772,278026
2021-01-31,"Moderna, Pfizer/BioNTech",239957,39946,279903
2021-02-01,"Moderna, Pfizer/BioNTech",243912,47845,291757
2021-02-02,"Moderna, Pfizer/BioNTech",248033,58044,306077
2021-02-03,"Moderna, Pfizer/BioNTech",252425,69012,321437
2021-02-04,"Moderna, Pfizer/BioNTech",257308,81954,339262
2021-02-05,"Moderna, Pfizer/BioNTech",262748,92587,355335
2021-02-06,"Moderna, Pfizer/BioNTech",263585,94928,358513
2021-02-07,"Moderna, Pfizer/BioNTech",264432,97405,361837
2021-02-08,"Moderna, Pfizer/BioNTech",268465,108771,377236
2021-02-09,"Moderna, Oxford/AstraZeneca, Pfizer/BioNTech",273537,120674,394211
2021-02-10,"Moderna, Pfizer/BioNTech",279011,133862,412873
2021-02-11,"Moderna, Oxford/AstraZeneca, Pfizer/BioNTech",285300,150009,435309
2021-02-12,"Moderna, Oxford/AstraZeneca, Pfizer/BioNTech",292018,164671,456689
2021-02-13,"Moderna, Oxford/AstraZeneca, Pfizer/BioNTech",293603,167645,461248
2021-02-14,"Moderna, Oxford/AstraZeneca, Pfizer/BioNTech",294593,169018,463611
2021-02-15,"Moderna, Oxford/AstraZeneca, Pfizer/BioNTech",300972,178333,479305
2021-02-16,"Moderna, Oxford/AstraZeneca, Pfizer/BioNTech",309661,187362,497023
2021-02-17,"Moderna, Oxford/AstraZeneca, Pfizer/BioNTech",319331,195621,514952
2021-02-18,"Moderna, Oxford/AstraZeneca, Pfizer/BioNTech",331611,203626,535237
2021-02-19,"Moderna, Oxford/AstraZeneca, Pfizer/BioNTech",343437,210922,554359
2021-02-20,"Moderna, Oxford/AstraZeneca, Pfizer/BioNTech",345404,212087,557491
2021-02-21,"Moderna, Oxford/AstraZeneca, Pfizer/BioNTech",346507,213096,559603
2021-02-22,"Moderna, Oxford/AstraZeneca, Pfizer/BioNTech",356598,219089,575687
2021-02-23,"Moderna, Oxford/AstraZeneca, Pfizer/BioNTech",369482,226027,595509
2021-02-24,"Moderna, Oxford/AstraZeneca, Pfizer/BioNTech",383307,232026,615333
2021-02-25,"Moderna, Oxford/AstraZeneca, Pfizer/BioNTech",401246,237548,638794
2021-02-26,"Moderna, Oxford/AstraZeneca, Pfizer/BioNTech",417370,242862,660232
2021-02-27,"Moderna, Oxford/AstraZeneca, Pfizer/BioNTech",420364,243410,663774
2021-02-28,"Moderna, Oxford/AstraZeneca, Pfizer/BioNTech",422705,243955,666660
2021-03-01,"Moderna, Oxford/AstraZeneca, Pfizer/BioNTech",442188,247359,689547
2021-03-02,"Moderna, Oxford/AstraZeneca, Pfizer/BioNTech",469338,250885,720223
2021-03-03,"Moderna, Oxford/AstraZeneca, Pfizer/BioNTech",500088,255361,755449
2021-03-04,"Moderna, Oxford/AstraZeneca, Pfizer/BioNTech",533214,260016,793230
2021-03-05,"Johnson&Johnson, Moderna, Oxford/AstraZeneca, Pfizer/BioNTech",561918,265392,827310
2021-03-06,"Moderna, Oxford/AstraZeneca, Pfizer/BioNTech",574009,266231,840240
2021-03-07,"Moderna, Oxford/AstraZeneca, Pfizer/BioNTech",585386,267059,852445
2021-03-08,"Moderna, Oxford/AstraZeneca, Pfizer/BioNTech",614977,271873,886850
2021-03-09,"Moderna, Oxford/AstraZeneca, Pfizer/BioNTech",651133,278222,929355
2021-03-10,"Moderna, Oxford/AstraZeneca, Pfizer/BioNTech",692248,285145,977393
2021-03-11,"Moderna, Oxford/AstraZeneca, Pfizer/BioNTech",736892,293475,1030367
2021-03-12,"Moderna, Oxford/AstraZeneca, Pfizer/BioNTech",775504,301906,1077410
2021-03-13,"Moderna, Oxford/AstraZeneca, Pfizer/BioNTech",792519,303191,1095710
2021-03-14,"Moderna, Oxford/AstraZeneca, Pfizer/BioNTech",804583,304321,1108904
2021-03-15,"Moderna, Oxford/AstraZeneca, Pfizer/BioNTech",832849,313075,1145924
2021-03-16,"Moderna, Oxford/AstraZeneca, Pfizer/BioNTech",871621,323561,1195182
2021-03-17,"Moderna, Oxford/AstraZeneca, Pfizer/BioNTech",908989,334024,1243013
2021-03-18,"Johnson&Johnson, Moderna, Oxford/AstraZeneca, Pfizer/BioNTech",946808,346395,1293203
2021-03-19,"Moderna, Oxford/AstraZeneca, Pfizer/BioNTech",981080,359963,1341043
2021-03-20,"Moderna, Oxford/AstraZeneca, Pfizer/BioNTech",996115,361972,1358087
2021-03-21,"Moderna, Oxford/AstraZeneca, Pfizer/BioNTech",1003486,363509,1366995
2021-03-22,"Johnson&Johnson, Moderna, Oxford/AstraZeneca, Pfizer/BioNTech",1027809,375943,1403752
2021-03-23,"Johnson&Johnson, Moderna, Oxford/AstraZeneca, Pfizer/BioNTech",1054279,389243,1443522
2021-03-24,"Moderna, Oxford/AstraZeneca, Pfizer/BioNTech",1081043,404899,1485942
2021-03-25,"Moderna, Oxford/AstraZeneca, Pfizer/BioNTech",1107258,422702,1529960
2021-03-26,"Moderna, Oxford/AstraZeneca, Pfizer/BioNTech",1131963,440143,1572106
2021-03-27,"Johnson&Johnson, Moderna, Oxford/AstraZeneca, Pfizer/BioNTech",1140354,444964,1585318
2021-03-28,"Moderna, Oxford/AstraZeneca, Pfizer/BioNTech",1145877,449085,1594962
2021-03-29,"Moderna, Oxford/AstraZeneca, Pfizer/BioNTech",1164772,469703,1634475
2021-03-30,"Moderna, Oxford/AstraZeneca, Pfizer/BioNTech",1189345,491800,1681145
2021-03-31,"Johnson&Johnson, Moderna, Oxford/AstraZeneca, Pfizer/BioNTech",1212317,518784,1731101
2021-04-01,"Moderna, Oxford/AstraZeneca, Pfizer/BioNTech",1237802,550685,1788487
2021-04-02,"Johnson&Johnson, Moderna, Oxford/AstraZeneca, Pfizer/BioNTech",1244631,563421,1808052
2021-04-03,"Moderna, Oxford/AstraZeneca, Pfizer/BioNTech",1248193,574310,1822503
2021-04-04,"Moderna, Oxford/AstraZeneca, Pfizer/BioNTech",1250655,583084,1833739
2021-04-05,"Johnson&Johnson, Moderna, Oxford/AstraZeneca, Pfizer/BioNTech",1252976,590231,1843207
2021-04-06,"Johnson&Johnson, Moderna, Oxford/AstraZeneca, Pfizer/BioNTech",1269002,619389,1888391
2021-04-07,"Johnson&Johnson, Moderna, Oxford/AstraZeneca, Pfizer/BioNTech",1292285,641470,1933755
2021-04-08,"Johnson&Johnson, Moderna, Oxford/AstraZeneca, Pfizer/BioNTech",1330699,672293,2002992
2021-04-09,"Johnson&Johnson, Moderna, Oxford/AstraZeneca, Pfizer/BioNTech",1369893,702244,2072137
2021-04-10,"Johnson&Johnson, Moderna, Oxford/AstraZeneca, Pfizer/BioNTech",1385221,717455,2102676
2021-04-11,"Moderna, Oxford/AstraZeneca, Pfizer/BioNTech",1394928,727451,2122379
2021-04-12,"Moderna, Oxford/AstraZeneca, Pfizer/BioNTech",1432933,752344,2185277
2021-04-13,"Moderna, Oxford/AstraZeneca, Pfizer/BioNTech",1468973,778213,2247186
2021-04-14,"Moderna, Oxford/AstraZeneca, Pfizer/BioNTech",1507621,805490,2313111
2021-04-15,"Moderna, Oxford/AstraZeneca, Pfizer/BioNTech",1555251,831119,2386370
2021-04-16,"Johnson&Johnson, Moderna, Oxford/AstraZeneca, Pfizer/BioNTech",1599713,856677,2456390
2021-04-17,"Moderna, Oxford/AstraZeneca, Pfizer/BioNTech",1616281,865666,2481947
2021-04-18,"Moderna, Oxford/AstraZeneca, Pfizer/BioNTech",1629197,870616,2499813
2021-04-19,"Moderna, Oxford/AstraZeneca, Pfizer/BioNTech",1673024,885973,2558997
2021-04-20,"Moderna, Oxford/AstraZeneca, Pfizer/BioNTech",1715064,901756,2616820
2021-04-21,"Johnson&Johnson, Moderna, Oxford/AstraZeneca, Pfizer/BioNTech",1762700,915981,2678681
2021-04-22,"Johnson&Johnson, Moderna, Oxford/AstraZeneca, Pfizer/BioNTech",1817072,933275,2750347
2021-04-23,"Johnson&Johnson, Moderna, Oxford/AstraZeneca, Pfizer/BioNTech",1866926,945237,2812163
2021-04-24,"Johnson&Johnson, Moderna, Oxford/AstraZeneca, Pfizer/BioNTech",1884693,950435,2835128
2021-04-25,"Johnson&Johnson, Moderna, Oxford/AstraZeneca, Pfizer/BioNTech",1899334,954416,2853750
2021-04-26,"Johnson&Johnson, Moderna, Oxford/AstraZeneca, Pfizer/BioNTech",1948798,961817,2910615
2021-04-27,"Johnson&Johnson, Moderna, Oxford/AstraZeneca, Pfizer/BioNTech",1997665,973936,2971601
2021-04-28,"Johnson&Johnson, Moderna, Oxford/AstraZeneca, Pfizer/BioNTech",2056306,987850,3044156
2021-04-29,"Johnson&Johnson, Moderna, Oxford/AstraZeneca, Pfizer/BioNTech",2121704,1003605,3125309
2021-04-30,"Johnson&Johnson, Moderna, Oxford/AstraZeneca, Pfizer/BioNTech",2183795,1013474,3197269
2021-05-01,"Johnson&Johnson, Moderna, Oxford/AstraZeneca, Pfizer/BioNTech",2203057,1016857,3219914
2021-05-02,"Johnson&Johnson, Moderna, Oxford/AstraZeneca, Pfizer/BioNTech",2221922,1019089,3241011
2021-05-03,"Johnson&Johnson, Moderna, Oxford/AstraZeneca, Pfizer/BioNTech",2289033,1024099,3313132
2021-05-04,"Johnson&Johnson, Moderna, Oxford/AstraZeneca, Pfizer/BioNTech",2355332,1032339,3387671
2021-05-05,"Johnson&Johnson, Moderna, Oxford/AstraZeneca, Pfizer/BioNTech",2428360,1041643,3470003
2021-05-06,"Johnson&Johnson, Moderna, Oxford/AstraZeneca, Pfizer/BioNTech",2508575,1052221,3560796
2021-05-07,"Johnson&Johnson, Moderna, Oxford/AstraZeneca, Pfizer/BioNTech",2585726,1062168,3647894
2021-05-08,"Johnson&Johnson, Moderna, Oxford/AstraZeneca, Pfizer/BioNTech",2615091,1063866,3678957
2021-05-09,"Johnson&Johnson, Moderna, Oxford/AstraZeneca, Pfizer/BioNTech",2639233,1065035,3704268
2021-05-10,"Johnson&Johnson, Moderna, Oxford/AstraZeneca, Pfizer/BioNTech",2711824,1072137,3783961
2021-05-11,"Johnson&Johnson, Moderna, Oxford/AstraZeneca, Pfizer/BioNTech",2787768,1080871,3868639
2021-05-12,"Johnson&Johnson, Moderna, Oxford/AstraZeneca, Pfizer/BioNTech",2867432,1089843,3957275
2021-05-13,"Johnson&Johnson, Moderna, Oxford/AstraZeneca, Pfizer/BioNTech",2951295,1098909,4050204
2021-05-14,"Johnson&Johnson, Moderna, Oxford/AstraZeneca, Pfizer/BioNTech",3030555,1106586,4137141
2021-05-15,"Johnson&Johnson, Moderna, Oxford/AstraZeneca, Pfizer/BioNTech",3062357,1108735,4171092
2021-05-16,"Johnson&Johnson, Moderna, Oxford/AstraZeneca, Pfizer/BioNTech",3088075,1109911,4197986
2021-05-17,"Johnson&Johnson, Moderna, Oxford/AstraZeneca, Pfizer/BioNTech",3160468,1116545,4277013
2021-05-18,"Johnson&Johnson, Moderna, Oxford/AstraZeneca, Pfizer/BioNTech",3232270,1129469,4361739
2021-05-19,"Johnson&Johnson, Moderna, Oxford/AstraZeneca, Pfizer/BioNTech",3309577,1144484,4454061
2021-05-20,"Johnson&Johnson, Moderna, Oxford/AstraZeneca, Pfizer/BioNTech",3384771,1171352,4556123
2021-05-21,"Johnson&Johnson, Moderna, Oxford/AstraZeneca, Pfizer/BioNTech",3453412,1198946,4652358
2021-05-22,"Johnson&Johnson, Moderna, Oxford/AstraZeneca, Pfizer/BioNTech",3485670,1209994,4695664
2021-05-23,"Johnson&Johnson, Moderna, Oxford/AstraZeneca, Pfizer/BioNTech",3507928,1218946,4726874
2021-05-24,"Johnson&Johnson, Moderna, Oxford/AstraZeneca, Pfizer/BioNTech",3554899,1252395,4807294
2021-05-25,"Johnson&Johnson, Moderna, Oxford/AstraZeneca, Pfizer/BioNTech",3606624,1288002,4894626
2021-05-26,"Johnson&Johnson, Moderna, Oxford/AstraZeneca, Pfizer/BioNTech",3674239,1325370,4999609
2021-05-27,"Johnson&Johnson, Moderna, Oxford/AstraZeneca, Pfizer/BioNTech",3735465,1372558,5108023
2021-05-28,"Johnson&Johnson, Moderna, Oxford/AstraZeneca, Pfizer/BioNTech",3797041,1418914,5215955
2021-05-29,"Johnson&Johnson, Moderna, Oxford/AstraZeneca, Pfizer/BioNTech",3826131,1435940,5262071
2021-05-30,"Johnson&Johnson, Moderna, Oxford/AstraZeneca, Pfizer/BioNTech",3848424,1450302,5298726
2021-05-31,"Johnson&Johnson, Moderna, Oxford/AstraZeneca, Pfizer/BioNTech",3904025,1497624,5401649
2021-06-01,"Johnson&Johnson, Moderna, Oxford/AstraZeneca, Pfizer/BioNTech",3962841,1545874,5508715
2021-06-02,"Johnson&Johnson, Moderna, Oxford/AstraZeneca, Pfizer/BioNTech",4025584,1599714,5625298
2021-06-03,"Johnson&Johnson, Moderna, Oxford/AstraZeneca, Pfizer/BioNTech",4083649,1659733,5743382
2021-06-04,"Johnson&Johnson, Moderna, Oxford/AstraZeneca, Pfizer/BioNTech",4146575,1716964,5863539
2021-06-05,"Johnson&Johnson, Moderna, Oxford/AstraZeneca, Pfizer/BioNTech",4180622,1735681,5916303
2021-06-06,"Johnson&Johnson, Moderna, Oxford/AstraZeneca, Pfizer/BioNTech",4207466,1750724,5958190
2021-06-07,"Johnson&Johnson, Moderna, Oxford/AstraZeneca, Pfizer/BioNTech",4270937,1806196,6077133
2021-06-08,"Johnson&Johnson, Moderna, Oxford/AstraZeneca, Pfizer/BioNTech",4334701,1861007,6195708
2021-06-09,"Johnson&Johnson, Moderna, Oxford/AstraZeneca, Pfizer/BioNTech",4393552,1925143,6318695
2021-06-10,"Johnson&Johnson, Moderna, Oxford/AstraZeneca, Pfizer/BioNTech",4446424,1995969,6442393
2021-06-11,"Johnson&Johnson, Moderna, Oxford/AstraZeneca, Pfizer/BioNTech",4497856,2065441,6563297
2021-06-12,"Johnson&Johnson, Moderna, Oxford/AstraZeneca, Pfizer/BioNTech",4529619,2086126,6615745
2021-06-13,"Johnson&Johnson, Moderna, Oxford/AstraZeneca, Pfizer/BioNTech",4553459,2104445,6657904
2021-06-14,"Johnson&Johnson, Moderna, Oxford/AstraZeneca, Pfizer/BioNTech",4596036,2178597,6774633
2021-06-15,"Johnson&Johnson, Moderna, Oxford/AstraZeneca, Pfizer/BioNTech",4640331,2250729,6891060
2021-06-16,"Johnson&Johnson, Moderna, Oxford/AstraZeneca, Pfizer/BioNTech",4682669,2328726,7011395
2021-06-17,"Johnson&Johnson, Moderna, Oxford/AstraZeneca, Pfizer/BioNTech",4721614,2411562,7133176
2021-06-18,"Johnson&Johnson, Moderna, Oxford/AstraZeneca, Pfizer/BioNTech",4762892,2491812,7254704
2021-06-19,"Johnson&Johnson, Moderna, Oxford/AstraZeneca, Pfizer/BioNTech",4784420,2520968,7305388
2021-06-20,"Johnson&Johnson, Moderna, Oxford/AstraZeneca, Pfizer/BioNTech",4801649,2544682,7346331
2021-06-21,"Johnson&Johnson, Moderna, Oxford/AstraZeneca, Pfizer/BioNTech",4833896,2623018,7456914
2021-06-22,"Johnson&Johnson, Moderna, Oxford/AstraZeneca, Pfizer/BioNTech",4865913,2705038,7570951
2021-06-23,"Johnson&Johnson, Moderna, Oxford/AstraZeneca, Pfizer/BioNTech",4896705,2790014,7686719
2021-06-24,"Johnson&Johnson, Moderna, Oxford/AstraZeneca, Pfizer/BioNTech",4926162,2879851,7806013
2021-06-25,"Johnson&Johnson, Moderna, Oxford/AstraZeneca, Pfizer/BioNTech",4956721,2965708,7922429
2021-06-26,"Johnson&Johnson, Moderna, Oxford/AstraZeneca, Pfizer/BioNTech",4972345,3000356,7972701
2021-06-27,"Johnson&Johnson, Moderna, Oxford/AstraZeneca, Pfizer/BioNTech",4986134,3026889,8013023
2021-06-28,"Johnson&Johnson, Moderna, Oxford/AstraZeneca, Pfizer/BioNTech",5014184,3111810,8125994
2021-06-29,"Johnson&Johnson, Moderna, Oxford/AstraZeneca, Pfizer/BioNTech",5042992,3198063,8241055
2021-06-30,"Johnson&Johnson, Moderna, Oxford/AstraZeneca, Pfizer/BioNTech",5069997,3288689,8358686
2021-07-01,"Johnson&Johnson, Moderna, Oxford/AstraZeneca, Pfizer/BioNTech",5093529,3378275,8471804
2021-07-02,"Johnson&Johnson, Moderna, Oxford/AstraZeneca, Pfizer/BioNTech",5119841,3463602,8583443
2021-07-03,"Johnson&Johnson, Moderna, Oxford/AstraZeneca, Pfizer/BioNTech",5126799,3494953,8621752
2021-07-04,"Johnson&Johnson, Moderna, Oxford/AstraZeneca, Pfizer/BioNTech",5134251,3516648,8650899
2021-07-05,"Johnson&Johnson, Moderna, Oxford/AstraZeneca, Pfizer/BioNTech",5141508,3541882,8683390
2021-07-06,"Johnson&Johnson, Moderna, Oxford/AstraZeneca, Pfizer/BioNTech",5146819,3569367,8716186
2021-07-07,"Johnson&Johnson, Moderna, Oxford/AstraZeneca, Pfizer/BioNTech",5172243,3647927,8820170
2021-07-08,"Johnson&Johnson, Moderna, Oxford/AstraZeneca, Pfizer/BioNTech",5198586,3717895,8916481
2021-07-09,"Johnson&Johnson, Moderna, Oxford/AstraZeneca, Pfizer/BioNTech",5226145,3786757,9012902
2021-07-10,"Johnson&Johnson, Moderna, Oxford/AstraZeneca, Pfizer/BioNTech",5235359,3815216,9050575
2021-07-11,"Johnson&Johnson, Moderna, Oxford/AstraZeneca, Pfizer/BioNTech",5243805,3837988,9081793
2021-07-12,"Johnson&Johnson, Moderna, Oxford/AstraZeneca, Pfizer/BioNTech",5270925,3906660,9177585
2021-07-13,"Johnson&Johnson, Moderna, Oxford/AstraZeneca, Pfizer/BioNTech",5296712,3976111,9272823
2021-07-14,"Johnson&Johnson, Moderna, Oxford/AstraZeneca, Pfizer/BioNTech",5322044,4047399,9369443
2021-07-15,"Johnson&Johnson, Moderna, Oxford/AstraZeneca, Pfizer/BioNTech",5350675,4112754,9463429
2021-07-16,"Johnson&Johnson, Moderna, Oxford/AstraZeneca, Pfizer/BioNTech",5377718,4184569,9562287
2021-07-17,"Johnson&Johnson, Moderna, Oxford/AstraZeneca, Pfizer/BioNTech",5386046,4215473,9601519
2021-07-18,"Johnson&Johnson, Moderna, Oxford/AstraZeneca, Pfizer/BioNTech",5393755,4240854,9634609
2021-07-19,"Johnson&Johnson, Moderna, Oxford/AstraZeneca, Pfizer/BioNTech",5416287,4306973,9723260
2021-07-20,"Johnson&Johnson, Moderna, Oxford/AstraZeneca, Pfizer/BioNTech",5437131,4373120,9810251
2021-07-21,"Johnson&Johnson, Moderna, Oxford/AstraZeneca, Pfizer/BioNTech",5458799,4434066,9892865
