date,vaccine,people_vaccinated,people_fully_vaccinated,total_vaccinations
2020-12-27,Pfizer/BioNTech,1287,0,1287
2020-12-28,Pfizer/BioNTech,3590,0,3590
2020-12-29,Pfizer/BioNTech,7062,1,7063
2020-12-30,Pfizer/BioNTech,10579,1,10580
2020-12-31,Pfizer/BioNTech,11890,1,11891
2021-01-01,"Moderna, Pfizer/BioNTech",12159,1,12160
2021-01-02,"Moderna, Pfizer/BioNTech",13442,1,13443
2021-01-03,"Moderna, Pfizer/BioNTech",14369,1,14370
2021-01-04,"Moderna, Pfizer/BioNTech",17980,1,17981
2021-01-05,"Moderna, Pfizer/BioNTech",22506,2,22508
2021-01-06,"Moderna, Pfizer/BioNTech",28353,3,28356
2021-01-07,"Moderna, Pfizer/BioNTech",36352,3,36355
2021-01-08,"Moderna, Pfizer/BioNTech",46404,4,46408
2021-01-09,"Moderna, Pfizer/BioNTech",48432,6,48438
2021-01-10,Pfizer/BioNTech,50203,8,50211
2021-01-11,"Moderna, Pfizer/BioNTech",60060,10,60070
2021-01-12,"Moderna, Pfizer/BioNTech",73516,12,73528
2021-01-13,"Moderna, Pfizer/BioNTech",87066,12,87078
2021-01-14,"Moderna, Pfizer/BioNTech",102320,16,102336
2021-01-15,"Moderna, Pfizer/BioNTech",116341,17,116358
2021-01-16,"Moderna, Pfizer/BioNTech",119745,21,119766
2021-01-17,"Moderna, Pfizer/BioNTech",122366,657,123023
2021-01-18,"Moderna, Pfizer/BioNTech",134860,2484,137344
2021-01-19,"Moderna, Pfizer/BioNTech",147474,5213,152687
2021-01-20,"Moderna, Pfizer/BioNTech",161172,7877,169049
2021-01-21,"Moderna, Pfizer/BioNTech",176827,9619,186446
2021-01-22,"Moderna, Pfizer/BioNTech",191721,10663,202384
2021-01-23,"Moderna, Pfizer/BioNTech",195040,11541,206581
2021-01-24,"Moderna, Pfizer/BioNTech",197296,12412,209708
2021-01-25,"Moderna, Pfizer/BioNTech",206951,15384,222335
2021-01-26,"Moderna, Pfizer/BioNTech",217498,19376,236874
2021-01-27,"Moderna, Pfizer/BioNTech",226531,23911,250442
2021-01-28,"Moderna, Pfizer/BioNTech",233637,30044,263681
2021-01-29,"Moderna, Pfizer/BioNTech",239855,37953,277808
2021-01-30,"Moderna, Pfizer/BioNTech",240596,39041,279637
2021-01-31,"Moderna, Pfizer/BioNTech",241314,40223,281537
2021-02-01,"Moderna, Pfizer/BioNTech",245295,48192,293487
2021-02-02,"Moderna, Pfizer/BioNTech",249448,58432,307880
2021-02-03,"Moderna, Pfizer/BioNTech",253874,69455,323329
2021-02-04,"Moderna, Pfizer/BioNTech",258782,82450,341232
2021-02-05,"Moderna, Pfizer/BioNTech",264257,93125,357382
2021-02-06,"Moderna, Oxford/AstraZeneca, Pfizer/BioNTech",265115,95491,360606
2021-02-07,"Moderna, Oxford/AstraZeneca, Pfizer/BioNTech",265967,97991,363958
2021-02-08,"Moderna, Oxford/AstraZeneca, Pfizer/BioNTech",270062,109422,379484
2021-02-09,"Moderna, Oxford/AstraZeneca, Pfizer/BioNTech",275170,121336,396506
2021-02-10,"Moderna, Oxford/AstraZeneca, Pfizer/BioNTech",280689,134597,415286
2021-02-11,"Moderna, Oxford/AstraZeneca, Pfizer/BioNTech",287032,150817,437849
2021-02-12,"Moderna, Oxford/AstraZeneca, Pfizer/BioNTech",293862,165566,459428
2021-02-13,"Moderna, Oxford/AstraZeneca, Pfizer/BioNTech",295479,168554,464033
2021-02-14,"Moderna, Oxford/AstraZeneca, Pfizer/BioNTech",296485,169940,466425
2021-02-15,"Moderna, Oxford/AstraZeneca, Pfizer/BioNTech",302884,179311,482195
2021-02-16,"Moderna, Oxford/AstraZeneca, Pfizer/BioNTech",311608,188394,500002
2021-02-17,"Moderna, Oxford/AstraZeneca, Pfizer/BioNTech",321311,196705,518016
2021-02-18,"Moderna, Oxford/AstraZeneca, Pfizer/BioNTech",333642,204790,538432
2021-02-19,"Moderna, Oxford/AstraZeneca, Pfizer/BioNTech",345508,212166,557674
2021-02-20,"Moderna, Oxford/AstraZeneca, Pfizer/BioNTech",347518,213352,560870
2021-02-21,"Moderna, Oxford/AstraZeneca, Pfizer/BioNTech",348655,214378,563033
2021-02-22,"Moderna, Oxford/AstraZeneca, Pfizer/BioNTech",358783,220416,579199
2021-02-23,"Moderna, Oxford/AstraZeneca, Pfizer/BioNTech",371747,227407,599154
2021-02-24,"Moderna, Oxford/AstraZeneca, Pfizer/BioNTech",385632,233450,619082
2021-02-25,"Moderna, Oxford/AstraZeneca, Pfizer/BioNTech",403616,239002,642618
2021-02-26,"Moderna, Oxford/AstraZeneca, Pfizer/BioNTech",419798,244364,664162
2021-02-27,"Moderna, Oxford/AstraZeneca, Pfizer/BioNTech",422807,244924,667731
2021-02-28,"Moderna, Oxford/AstraZeneca, Pfizer/BioNTech",425165,245476,670641
2021-03-01,"Moderna, Oxford/AstraZeneca, Pfizer/BioNTech",444767,248926,693693
2021-03-02,"Moderna, Oxford/AstraZeneca, Pfizer/BioNTech",471996,252476,724472
2021-03-03,"Moderna, Oxford/AstraZeneca, Pfizer/BioNTech",502956,256987,759943
2021-03-04,"Moderna, Oxford/AstraZeneca, Pfizer/BioNTech",536248,261678,797926
2021-03-05,"Johnson&Johnson, Moderna, Oxford/AstraZeneca, Pfizer/BioNTech",565095,267106,832201
2021-03-06,"Johnson&Johnson, Moderna, Oxford/AstraZeneca, Pfizer/BioNTech",577254,267972,845226
2021-03-07,"Johnson&Johnson, Moderna, Oxford/AstraZeneca, Pfizer/BioNTech",588803,268815,857618
2021-03-08,"Johnson&Johnson, Moderna, Oxford/AstraZeneca, Pfizer/BioNTech",618552,273678,892230
2021-03-09,"Johnson&Johnson, Moderna, Oxford/AstraZeneca, Pfizer/BioNTech",654921,280066,934987
2021-03-10,"Johnson&Johnson, Moderna, Oxford/AstraZeneca, Pfizer/BioNTech",696260,287027,983287
2021-03-11,"Johnson&Johnson, Moderna, Oxford/AstraZeneca, Pfizer/BioNTech",741117,295404,1036521
2021-03-12,"Johnson&Johnson, Moderna, Oxford/AstraZeneca, Pfizer/BioNTech",779884,303903,1083787
2021-03-13,"Johnson&Johnson, Moderna, Oxford/AstraZeneca, Pfizer/BioNTech",796994,305218,1102212
2021-03-14,"Johnson&Johnson, Moderna, Oxford/AstraZeneca, Pfizer/BioNTech",809113,306374,1115487
2021-03-15,"Johnson&Johnson, Moderna, Oxford/AstraZeneca, Pfizer/BioNTech",837511,315157,1152668
2021-03-16,"Johnson&Johnson, Moderna, Oxford/AstraZeneca, Pfizer/BioNTech",876407,325695,1202102
2021-03-17,"Moderna, Oxford/AstraZeneca, Pfizer/BioNTech",913898,336210,1250108
2021-03-18,"Johnson&Johnson, Moderna, Oxford/AstraZeneca, Pfizer/BioNTech",951905,348635,1300540
2021-03-19,"Johnson&Johnson, Moderna, Oxford/AstraZeneca, Pfizer/BioNTech",986423,362250,1348673
2021-03-20,"Johnson&Johnson, Moderna, Oxford/AstraZeneca, Pfizer/BioNTech",1001607,364280,1365887
2021-03-21,"Johnson&Johnson, Moderna, Oxford/AstraZeneca, Pfizer/BioNTech",1009052,365840,1374892
2021-03-22,"Johnson&Johnson, Moderna, Oxford/AstraZeneca, Pfizer/BioNTech",1033631,378345,1411976
2021-03-23,"Johnson&Johnson, Moderna, Oxford/AstraZeneca, Pfizer/BioNTech",1060307,391711,1452018
2021-03-24,"Johnson&Johnson, Moderna, Oxford/AstraZeneca, Pfizer/BioNTech",1087198,407459,1494657
2021-03-25,"Johnson&Johnson, Moderna, Oxford/AstraZeneca, Pfizer/BioNTech",1113557,425315,1538872
2021-03-26,"Johnson&Johnson, Moderna, Oxford/AstraZeneca, Pfizer/BioNTech",1138399,442830,1581229
2021-03-27,"Johnson&Johnson, Moderna, Oxford/AstraZeneca, Pfizer/BioNTech",1146860,447676,1594536
2021-03-28,"Moderna, Oxford/AstraZeneca, Pfizer/BioNTech",1152408,451824,1604232
2021-03-29,"Johnson&Johnson, Moderna, Oxford/AstraZeneca, Pfizer/BioNTech",1171567,472561,1644128
2021-03-30,"Johnson&Johnson, Moderna, Oxford/AstraZeneca, Pfizer/BioNTech",1196277,494748,1691025
2021-03-31,"Johnson&Johnson, Moderna, Oxford/AstraZeneca, Pfizer/BioNTech",1219433,521818,1741251
2021-04-01,"Johnson&Johnson, Moderna, Oxford/AstraZeneca, Pfizer/BioNTech",1245119,553879,1798998
2021-04-02,"Johnson&Johnson, Moderna, Oxford/AstraZeneca, Pfizer/BioNTech",1252102,566678,1818780
2021-04-03,"Johnson&Johnson, Moderna, Oxford/AstraZeneca, Pfizer/BioNTech",1255753,577610,1833363
2021-04-04,"Johnson&Johnson, Moderna, Oxford/AstraZeneca, Pfizer/BioNTech",1258296,586535,1844831
2021-04-05,"Johnson&Johnson, Moderna, Oxford/AstraZeneca, Pfizer/BioNTech",1260727,593740,1854467
2021-04-06,"Johnson&Johnson, Moderna, Oxford/AstraZeneca, Pfizer/BioNTech",1276943,623016,1899959
2021-04-07,"Johnson&Johnson, Moderna, Oxford/AstraZeneca, Pfizer/BioNTech",1300447,645263,1945710
2021-04-08,"Johnson&Johnson, Moderna, Oxford/AstraZeneca, Pfizer/BioNTech",1339259,676309,2015568
2021-04-09,"Johnson&Johnson, Moderna, Oxford/AstraZeneca, Pfizer/BioNTech",1378859,706509,2085368
2021-04-10,"Johnson&Johnson, Moderna, Oxford/AstraZeneca, Pfizer/BioNTech",1394428,721822,2116250
2021-04-11,"Johnson&Johnson, Moderna, Oxford/AstraZeneca, Pfizer/BioNTech",1404223,731878,2136101
2021-04-12,"Johnson&Johnson, Moderna, Oxford/AstraZeneca, Pfizer/BioNTech",1442545,757024,2199569
2021-04-13,"Moderna, Oxford/AstraZeneca, Pfizer/BioNTech",1478853,783066,2261919
2021-04-14,"Moderna, Oxford/AstraZeneca, Pfizer/BioNTech",1517739,810442,2328181
2021-04-15,"Moderna, Oxford/AstraZeneca, Pfizer/BioNTech",1565571,836223,2401794
2021-04-16,"Moderna, Oxford/AstraZeneca, Pfizer/BioNTech",1610285,861909,2472194
2021-04-17,"Moderna, Oxford/AstraZeneca, Pfizer/BioNTech",1627012,870936,2497948
2021-04-18,"Moderna, Oxford/AstraZeneca, Pfizer/BioNTech",1640011,875922,2515933
2021-04-19,"Johnson&Johnson, Moderna, Oxford/AstraZeneca, Pfizer/BioNTech",1683985,891366,2575351
2021-04-20,"Johnson&Johnson, Moderna, Oxford/AstraZeneca, Pfizer/BioNTech",1726573,907255,2633828
2021-04-21,"Moderna, Oxford/AstraZeneca, Pfizer/BioNTech",1774345,921624,2695969
2021-04-22,"Johnson&Johnson, Moderna, Oxford/AstraZeneca, Pfizer/BioNTech",1828873,939023,2767896
2021-04-23,"Johnson&Johnson, Moderna, Oxford/AstraZeneca, Pfizer/BioNTech",1878889,951090,2829979
2021-04-24,"Johnson&Johnson, Moderna, Oxford/AstraZeneca, Pfizer/BioNTech",1896767,956357,2853124
2021-04-25,"Johnson&Johnson, Moderna, Oxford/AstraZeneca, Pfizer/BioNTech",1911481,960360,2871841
2021-04-26,"Johnson&Johnson, Moderna, Oxford/AstraZeneca, Pfizer/BioNTech",1961092,967930,2929022
2021-04-27,"Johnson&Johnson, Moderna, Oxford/AstraZeneca, Pfizer/BioNTech",2010083,980182,2990265
2021-04-28,"Johnson&Johnson, Moderna, Oxford/AstraZeneca, Pfizer/BioNTech",2068866,994211,3063077
2021-04-29,"Johnson&Johnson, Moderna, Oxford/AstraZeneca, Pfizer/BioNTech",2134486,1010131,3144617
2021-04-30,"Johnson&Johnson, Moderna, Oxford/AstraZeneca, Pfizer/BioNTech",2196782,1020126,3216908
2021-05-01,"Johnson&Johnson, Moderna, Oxford/AstraZeneca, Pfizer/BioNTech",2216170,1023591,3239761
2021-05-02,"Johnson&Johnson, Moderna, Oxford/AstraZeneca, Pfizer/BioNTech",2235125,1025882,3261007
2021-05-03,"Johnson&Johnson, Moderna, Oxford/AstraZeneca, Pfizer/BioNTech",2302407,1030964,3333371
2021-05-04,"Johnson&Johnson, Moderna, Oxford/AstraZeneca, Pfizer/BioNTech",2368966,1039339,3408305
2021-05-05,"Johnson&Johnson, Moderna, Oxford/AstraZeneca, Pfizer/BioNTech",2442178,1048788,3490966
2021-05-06,"Johnson&Johnson, Moderna, Oxford/AstraZeneca, Pfizer/BioNTech",2522625,1059544,3582169
2021-05-07,"Johnson&Johnson, Moderna, Oxford/AstraZeneca, Pfizer/BioNTech",2599959,1069689,3669648
2021-05-08,"Johnson&Johnson, Moderna, Oxford/AstraZeneca, Pfizer/BioNTech",2629498,1071483,3700981
2021-05-09,"Johnson&Johnson, Moderna, Oxford/AstraZeneca, Pfizer/BioNTech",2653736,1072704,3726440
2021-05-10,"Johnson&Johnson, Moderna, Oxford/AstraZeneca, Pfizer/BioNTech",2726545,1079954,3806499
2021-05-11,"Johnson&Johnson, Moderna, Oxford/AstraZeneca, Pfizer/BioNTech",2802705,1088790,3891495
2021-05-12,"Johnson&Johnson, Moderna, Oxford/AstraZeneca, Pfizer/BioNTech",2882656,1097938,3980594
2021-05-13,"Johnson&Johnson, Moderna, Oxford/AstraZeneca, Pfizer/BioNTech",2966711,1107133,4073844
2021-05-14,"Johnson&Johnson, Moderna, Oxford/AstraZeneca, Pfizer/BioNTech",3046264,1114964,4161228
2021-05-15,"Johnson&Johnson, Moderna, Oxford/AstraZeneca, Pfizer/BioNTech",3078234,1117251,4195485
2021-05-16,"Johnson&Johnson, Moderna, Oxford/AstraZeneca, Pfizer/BioNTech",3104048,1118538,4222586
2021-05-17,"Johnson&Johnson, Moderna, Oxford/AstraZeneca, Pfizer/BioNTech",3176592,1125295,4301887
2021-05-18,"Johnson&Johnson, Moderna, Oxford/AstraZeneca, Pfizer/BioNTech",3248586,1138417,4387003
2021-05-19,"Johnson&Johnson, Moderna, Oxford/AstraZeneca, Pfizer/BioNTech",3326088,1153593,4479681
2021-05-20,"Johnson&Johnson, Moderna, Oxford/AstraZeneca, Pfizer/BioNTech",3401583,1180665,4582248
2021-05-21,"Johnson&Johnson, Moderna, Oxford/AstraZeneca, Pfizer/BioNTech",3470441,1208475,4678916
2021-05-22,"Johnson&Johnson, Moderna, Oxford/AstraZeneca, Pfizer/BioNTech",3502904,1219718,4722622
2021-05-23,"Johnson&Johnson, Moderna, Oxford/AstraZeneca, Pfizer/BioNTech",3525354,1228761,4754115
2021-05-24,"Johnson&Johnson, Moderna, Oxford/AstraZeneca, Pfizer/BioNTech",3572575,1262442,4835017
2021-05-25,"Johnson&Johnson, Moderna, Oxford/AstraZeneca, Pfizer/BioNTech",3624492,1298291,4922783
2021-05-26,"Johnson&Johnson, Moderna, Oxford/AstraZeneca, Pfizer/BioNTech",3692261,1335855,5028116
2021-05-27,"Johnson&Johnson, Moderna, Oxford/AstraZeneca, Pfizer/BioNTech",3753697,1383222,5136919
2021-05-28,"Johnson&Johnson, Moderna, Oxford/AstraZeneca, Pfizer/BioNTech",3815450,1429838,5245288
2021-05-29,"Johnson&Johnson, Moderna, Oxford/AstraZeneca, Pfizer/BioNTech",3844716,1446984,5291700
2021-05-30,"Johnson&Johnson, Moderna, Oxford/AstraZeneca, Pfizer/BioNTech",3867129,1461457,5328586
2021-05-31,"Johnson&Johnson, Moderna, Oxford/AstraZeneca, Pfizer/BioNTech",3922877,1508995,5431872
2021-06-01,"Johnson&Johnson, Moderna, Oxford/AstraZeneca, Pfizer/BioNTech",3981983,1557887,5539870
2021-06-02,"Johnson&Johnson, Moderna, Oxford/AstraZeneca, Pfizer/BioNTech",4044962,1611930,5656892
2021-06-03,"Johnson&Johnson, Moderna, Oxford/AstraZeneca, Pfizer/BioNTech",4103218,1672182,5775400
2021-06-04,"Johnson&Johnson, Moderna, Oxford/AstraZeneca, Pfizer/BioNTech",4166360,1729621,5895981
2021-06-05,"Johnson&Johnson, Moderna, Oxford/AstraZeneca, Pfizer/BioNTech",4200548,1748552,5949100
2021-06-06,"Johnson&Johnson, Moderna, Oxford/AstraZeneca, Pfizer/BioNTech",4227508,1763732,5991240
2021-06-07,"Johnson&Johnson, Moderna, Oxford/AstraZeneca, Pfizer/BioNTech",4291209,1819386,6110595
2021-06-08,"Johnson&Johnson, Moderna, Oxford/AstraZeneca, Pfizer/BioNTech",4355230,1874425,6229655
2021-06-09,"Johnson&Johnson, Moderna, Oxford/AstraZeneca, Pfizer/BioNTech",4414453,1939131,6353584
2021-06-10,"Johnson&Johnson, Moderna, Oxford/AstraZeneca, Pfizer/BioNTech",4468320,2010468,6478788
2021-06-11,"Johnson&Johnson, Moderna, Oxford/AstraZeneca, Pfizer/BioNTech",4520453,2080329,6600782
2021-06-12,"Johnson&Johnson, Moderna, Oxford/AstraZeneca, Pfizer/BioNTech",4552476,2101191,6653667
2021-06-13,"Johnson&Johnson, Moderna, Oxford/AstraZeneca, Pfizer/BioNTech",4576521,2119637,6696158
2021-06-14,"Johnson&Johnson, Moderna, Oxford/AstraZeneca, Pfizer/BioNTech",4619613,2194058,6813671
2021-06-15,"Johnson&Johnson, Moderna, Oxford/AstraZeneca, Pfizer/BioNTech",4664294,2266475,6930769
2021-06-16,"Johnson&Johnson, Moderna, Oxford/AstraZeneca, Pfizer/BioNTech",4707121,2344741,7051862
2021-06-17,"Johnson&Johnson, Moderna, Oxford/AstraZeneca, Pfizer/BioNTech",4746563,2427865,7174428
2021-06-18,"Johnson&Johnson, Moderna, Oxford/AstraZeneca, Pfizer/BioNTech",4789010,2508473,7297483
2021-06-19,"Johnson&Johnson, Moderna, Oxford/AstraZeneca, Pfizer/BioNTech",4810804,2537822,7348626
2021-06-20,"Johnson&Johnson, Moderna, Oxford/AstraZeneca, Pfizer/BioNTech",4828219,2561703,7389922
2021-06-21,"Johnson&Johnson, Moderna, Oxford/AstraZeneca, Pfizer/BioNTech",4860732,2640343,7501075
2021-06-22,"Johnson&Johnson, Moderna, Oxford/AstraZeneca, Pfizer/BioNTech",4893712,2722698,7616410
2021-06-23,"Johnson&Johnson, Moderna, Oxford/AstraZeneca, Pfizer/BioNTech",4925436,2807968,7733404
2021-06-24,"Johnson&Johnson, Moderna, Oxford/AstraZeneca, Pfizer/BioNTech",4955307,2898048,7853355
2021-06-25,"Johnson&Johnson, Moderna, Oxford/AstraZeneca, Pfizer/BioNTech",4986403,2984303,7970706
2021-06-26,"Johnson&Johnson, Moderna, Oxford/AstraZeneca, Pfizer/BioNTech",5002310,3019197,8021507
2021-06-27,"Johnson&Johnson, Moderna, Oxford/AstraZeneca, Pfizer/BioNTech",5016270,3045917,8062187
2021-06-28,"Johnson&Johnson, Moderna, Oxford/AstraZeneca, Pfizer/BioNTech",5044694,3131153,8175847
2021-06-29,"Johnson&Johnson, Moderna, Oxford/AstraZeneca, Pfizer/BioNTech",5073988,3217719,8291707
2021-06-30,"Johnson&Johnson, Moderna, Oxford/AstraZeneca, Pfizer/BioNTech",5101499,3308775,8410274
2021-07-01,"Johnson&Johnson, Moderna, Oxford/AstraZeneca, Pfizer/BioNTech",5125495,3398887,8524382
2021-07-02,"Johnson&Johnson, Moderna, Oxford/AstraZeneca, Pfizer/BioNTech",5152248,3484834,8637082
2021-07-03,"Johnson&Johnson, Moderna, Oxford/AstraZeneca, Pfizer/BioNTech",5159352,3516412,8675764
2021-07-04,"Johnson&Johnson, Moderna, Oxford/AstraZeneca, Pfizer/BioNTech",5166942,3538241,8705183
2021-07-05,"Johnson&Johnson, Moderna, Oxford/AstraZeneca, Pfizer/BioNTech",5174365,3563658,8738023
2021-07-06,"Johnson&Johnson, Moderna, Oxford/AstraZeneca, Pfizer/BioNTech",5179839,3591392,8771231
2021-07-07,"Johnson&Johnson, Moderna, Oxford/AstraZeneca, Pfizer/BioNTech",5205674,3670395,8876069
2021-07-08,"Johnson&Johnson, Moderna, Oxford/AstraZeneca, Pfizer/BioNTech",5232292,3740743,8973035
2021-07-09,"Johnson&Johnson, Moderna, Oxford/AstraZeneca, Pfizer/BioNTech",5260246,3810085,9070331
2021-07-10,"Johnson&Johnson, Moderna, Oxford/AstraZeneca, Pfizer/BioNTech",5269633,3838763,9108396
2021-07-11,"Johnson&Johnson, Moderna, Oxford/AstraZeneca, Pfizer/BioNTech",5278191,3861656,9139847
2021-07-12,"Johnson&Johnson, Moderna, Oxford/AstraZeneca, Pfizer/BioNTech",5305731,3930753,9236484
2021-07-13,"Johnson&Johnson, Moderna, Oxford/AstraZeneca, Pfizer/BioNTech",5331937,4000654,9332591
2021-07-14,"Johnson&Johnson, Moderna, Oxford/AstraZeneca, Pfizer/BioNTech",5357777,4072673,9430450
2021-07-15,"Johnson&Johnson, Moderna, Oxford/AstraZeneca, Pfizer/BioNTech",5386972,4138720,9525692
2021-07-16,"Johnson&Johnson, Moderna, Oxford/AstraZeneca, Pfizer/BioNTech",5414910,4211484,9626394
2021-07-17,"Johnson&Johnson, Moderna, Oxford/AstraZeneca, Pfizer/BioNTech",5423718,4242965,9666683
2021-07-18,"Johnson&Johnson, Moderna, Oxford/AstraZeneca, Pfizer/BioNTech",5432163,4268982,9701145
2021-07-19,"Johnson&Johnson, Moderna, Oxford/AstraZeneca, Pfizer/BioNTech",5455536,4336030,9791566
2021-07-20,"Johnson&Johnson, Moderna, Oxford/AstraZeneca, Pfizer/BioNTech",5476951,4403113,9880064
2021-07-21,"Johnson&Johnson, Moderna, Oxford/AstraZeneca, Pfizer/BioNTech",5500411,4466593,9967004
2021-07-22,"Johnson&Johnson, Moderna, Oxford/AstraZeneca, Pfizer/BioNTech",5522783,4525249,10048032
2021-07-23,"Johnson&Johnson, Moderna, Oxford/AstraZeneca, Pfizer/BioNTech",5546020,4580026,10126046
2021-07-24,"Johnson&Johnson, Moderna, Oxford/AstraZeneca, Pfizer/BioNTech",5553370,4607709,10161079
2021-07-25,"Johnson&Johnson, Moderna, Oxford/AstraZeneca, Pfizer/BioNTech",5560007,4629854,10189861
2021-07-26,"Johnson&Johnson, Moderna, Oxford/AstraZeneca, Pfizer/BioNTech",5583567,4678562,10262129
2021-07-27,"Johnson&Johnson, Moderna, Oxford/AstraZeneca, Pfizer/BioNTech",5606323,4725237,10331560
2021-07-28,"Johnson&Johnson, Moderna, Oxford/AstraZeneca, Pfizer/BioNTech",5627604,4771275,10398879
2021-07-29,"Johnson&Johnson, Moderna, Oxford/AstraZeneca, Pfizer/BioNTech",5648947,4813275,10462222
2021-07-30,"Johnson&Johnson, Moderna, Oxford/AstraZeneca, Pfizer/BioNTech",5672231,4855867,10528098
2021-07-31,"Johnson&Johnson, Moderna, Oxford/AstraZeneca, Pfizer/BioNTech",5681182,4875416,10556598
2021-08-01,"Johnson&Johnson, Moderna, Oxford/AstraZeneca, Pfizer/BioNTech",5687917,4891602,10579519
2021-08-02,"Johnson&Johnson, Moderna, Oxford/AstraZeneca, Pfizer/BioNTech",5706566,4929181,10635747
2021-08-03,"Johnson&Johnson, Moderna, Oxford/AstraZeneca, Pfizer/BioNTech",5724220,4967311,10691531
2021-08-04,"Johnson&Johnson, Moderna, Oxford/AstraZeneca, Pfizer/BioNTech",5740349,5004096,10744445
2021-08-05,"Johnson&Johnson, Moderna, Oxford/AstraZeneca, Pfizer/BioNTech",5756395,5044606,10801001
2021-08-06,"Johnson&Johnson, Moderna, Oxford/AstraZeneca, Pfizer/BioNTech",5773201,5087927,10861128
2021-08-07,"Johnson&Johnson, Moderna, Oxford/AstraZeneca, Pfizer/BioNTech",5778811,5106113,10884924
2021-08-08,"Johnson&Johnson, Moderna, Oxford/AstraZeneca, Pfizer/BioNTech",5783180,5121883,10905063
2021-08-09,"Johnson&Johnson, Moderna, Oxford/AstraZeneca, Pfizer/BioNTech",5795822,5166962,10962784
2021-08-10,"Johnson&Johnson, Moderna, Oxford/AstraZeneca, Pfizer/BioNTech",5807670,5206557,11014227
2021-08-11,"Johnson&Johnson, Moderna, Oxford/AstraZeneca, Pfizer/BioNTech",5819042,5249707,11068749
2021-08-12,"Johnson&Johnson, Moderna, Oxford/AstraZeneca, Pfizer/BioNTech",5830470,5286864,11117334
2021-08-13,"Johnson&Johnson, Moderna, Oxford/AstraZeneca, Pfizer/BioNTech",5841204,5327231,11168435
2021-08-14,"Johnson&Johnson, Moderna, Oxford/AstraZeneca, Pfizer/BioNTech",5844544,5337947,11182491
2021-08-15,"Johnson&Johnson, Moderna, Oxford/AstraZeneca, Pfizer/BioNTech",5847133,5348338,11195471
2021-08-16,"Johnson&Johnson, Moderna, Oxford/AstraZeneca, Pfizer/BioNTech",5856929,5382430,11239359
2021-08-17,"Johnson&Johnson, Moderna, Oxford/AstraZeneca, Pfizer/BioNTech",5866529,5409538,11276067
2021-08-18,"Johnson&Johnson, Moderna, Oxford/AstraZeneca, Pfizer/BioNTech",5875907,5448449,11324356
2021-08-19,"Johnson&Johnson, Moderna, Oxford/AstraZeneca, Pfizer/BioNTech",5885587,5486816,11372403
2021-08-20,"Johnson&Johnson, Moderna, Oxford/AstraZeneca, Pfizer/BioNTech",5896984,5527015,11423999
2021-08-21,"Johnson&Johnson, Moderna, Oxford/AstraZeneca, Pfizer/BioNTech",5899708,5539788,11439496
2021-08-22,"Johnson&Johnson, Moderna, Oxford/AstraZeneca, Pfizer/BioNTech",5902054,5551761,11453815
2021-08-23,"Johnson&Johnson, Moderna, Oxford/AstraZeneca, Pfizer/BioNTech",5912586,5591049,11503635
2021-08-24,"Johnson&Johnson, Moderna, Oxford/AstraZeneca, Pfizer/BioNTech",5922467,5624315,11546782
2021-08-25,"Johnson&Johnson, Moderna, Oxford/AstraZeneca, Pfizer/BioNTech",5931331,5652693,11584024
2021-08-26,"Johnson&Johnson, Moderna, Oxford/AstraZeneca, Pfizer/BioNTech",5939787,5678823,11618610
2021-08-27,"Johnson&Johnson, Moderna, Oxford/AstraZeneca, Pfizer/BioNTech",5950118,5704813,11654931
2021-08-28,"Johnson&Johnson, Moderna, Oxford/AstraZeneca, Pfizer/BioNTech",5952856,5711881,11664737
2021-08-29,"Johnson&Johnson, Moderna, Oxford/AstraZeneca, Pfizer/BioNTech",5955268,5718505,11673773
2021-08-30,"Johnson&Johnson, Moderna, Oxford/AstraZeneca, Pfizer/BioNTech",5963795,5740387,11704182
2021-08-31,"Johnson&Johnson, Moderna, Oxford/AstraZeneca, Pfizer/BioNTech",5971481,5758500,11729981
2021-09-01,"Johnson&Johnson, Moderna, Oxford/AstraZeneca, Pfizer/BioNTech",5977392,5772522,11749914
2021-09-02,"Johnson&Johnson, Moderna, Oxford/AstraZeneca, Pfizer/BioNTech",5984241,5786916,11771157
2021-09-03,"Johnson&Johnson, Moderna, Oxford/AstraZeneca, Pfizer/BioNTech",5993807,5802653,11796460
2021-09-04,"Johnson&Johnson, Moderna, Oxford/AstraZeneca, Pfizer/BioNTech",5995878,5806212,11802090
2021-09-05,"Johnson&Johnson, Moderna, Oxford/AstraZeneca, Pfizer/BioNTech",5997918,5809062,11806980
2021-09-06,"Johnson&Johnson, Moderna, Oxford/AstraZeneca, Pfizer/BioNTech",6004158,5821609,11825767
2021-09-07,"Johnson&Johnson, Moderna, Oxford/AstraZeneca, Pfizer/BioNTech",6008553,5832697,11841250
2021-09-08,"Johnson&Johnson, Moderna, Oxford/AstraZeneca, Pfizer/BioNTech",6014230,5842561,11856791
2021-09-09,"Johnson&Johnson, Moderna, Oxford/AstraZeneca, Pfizer/BioNTech",6020931,5852633,11873564
2021-09-10,"Johnson&Johnson, Moderna, Oxford/AstraZeneca, Pfizer/BioNTech",6028629,5864817,11893446
2021-09-11,"Johnson&Johnson, Moderna, Oxford/AstraZeneca, Pfizer/BioNTech",6030499,5867304,11897803
2021-09-12,"Johnson&Johnson, Moderna, Oxford/AstraZeneca, Pfizer/BioNTech",6031617,5868937,11900554
2021-09-13,"Johnson&Johnson, Moderna, Oxford/AstraZeneca, Pfizer/BioNTech",6037057,5879245,11916302
2021-09-14,"Johnson&Johnson, Moderna, Oxford/AstraZeneca, Pfizer/BioNTech",6042455,5888263,11930718
2021-09-15,"Johnson&Johnson, Moderna, Oxford/AstraZeneca, Pfizer/BioNTech",6047663,5896791,11944454
2021-09-16,"Johnson&Johnson, Moderna, Oxford/AstraZeneca, Pfizer/BioNTech",6053020,5905072,11958092
2021-09-17,"Johnson&Johnson, Moderna, Oxford/AstraZeneca, Pfizer/BioNTech",6059593,5915311,11974904
2021-09-18,"Johnson&Johnson, Moderna, Oxford/AstraZeneca, Pfizer/BioNTech",6061321,5917675,11978996
2021-09-19,"Johnson&Johnson, Moderna, Oxford/AstraZeneca, Pfizer/BioNTech",6062267,5919244,11981511
2021-09-20,"Johnson&Johnson, Moderna, Oxford/AstraZeneca, Pfizer/BioNTech",6066284,5927445,11993729
2021-09-21,"Johnson&Johnson, Moderna, Oxford/AstraZeneca, Pfizer/BioNTech",6070522,5934984,12005506
2021-09-22,"Johnson&Johnson, Moderna, Oxford/AstraZeneca, Pfizer/BioNTech",6074717,5940508,12015225
2021-09-23,"Johnson&Johnson, Moderna, Oxford/AstraZeneca, Pfizer/BioNTech",6079694,5946926,12026620
2021-09-24,"Johnson&Johnson, Moderna, Oxford/AstraZeneca, Pfizer/BioNTech",6085454,5956547,12042001
2021-09-25,"Johnson&Johnson, Moderna, Oxford/AstraZeneca, Pfizer/BioNTech",6086951,5958547,12045498
2021-09-26,"Johnson&Johnson, Moderna, Oxford/AstraZeneca, Pfizer/BioNTech",6087696,5960187,12047883
2021-09-27,"Johnson&Johnson, Moderna, Oxford/AstraZeneca, Pfizer/BioNTech",6091580,5966703,12058283
2021-09-28,"Johnson&Johnson, Moderna, Oxford/AstraZeneca, Pfizer/BioNTech",6091949,5967333,12059282
2021-09-29,"Johnson&Johnson, Moderna, Oxford/AstraZeneca, Pfizer/BioNTech",6095726,5974798,12070524
2021-09-30,"Johnson&Johnson, Moderna, Oxford/AstraZeneca, Pfizer/BioNTech",6100239,5982500,12082739
2021-10-01,"Johnson&Johnson, Moderna, Oxford/AstraZeneca, Pfizer/BioNTech",6104543,5990484,12095027
2021-10-02,"Johnson&Johnson, Moderna, Oxford/AstraZeneca, Pfizer/BioNTech",6105606,5992031,12097637
2021-10-03,"Johnson&Johnson, Moderna, Oxford/AstraZeneca, Pfizer/BioNTech",6106331,5992902,12099233
2021-10-04,"Johnson&Johnson, Moderna, Oxford/AstraZeneca, Pfizer/BioNTech",6109406,5998477,12107883
2021-10-05,"Johnson&Johnson, Moderna, Oxford/AstraZeneca, Pfizer/BioNTech",6112567,6003560,12116127
2021-10-06,"Johnson&Johnson, Moderna, Oxford/AstraZeneca, Pfizer/BioNTech",6116086,6008734,12124820
2021-10-07,"Johnson&Johnson, Moderna, Oxford/AstraZeneca, Pfizer/BioNTech",6119370,6013995,12133365
2021-10-08,"Johnson&Johnson, Moderna, Oxford/AstraZeneca, Pfizer/BioNTech",6124164,6020639,12144803
2021-10-09,"Johnson&Johnson, Moderna, Oxford/AstraZeneca, Pfizer/BioNTech",6125410,6022304,12147714
2021-10-10,"Johnson&Johnson, Moderna, Oxford/AstraZeneca, Pfizer/BioNTech",6126354,6023136,12149490
2021-10-11,"Johnson&Johnson, Moderna, Oxford/AstraZeneca, Pfizer/BioNTech",6129284,6027551,12156835
2021-10-12,"Johnson&Johnson, Moderna, Oxford/AstraZeneca, Pfizer/BioNTech",6132219,6031557,12163776
2021-10-13,"Johnson&Johnson, Moderna, Oxford/AstraZeneca, Pfizer/BioNTech",6135750,6035741,12171491
2021-10-14,"Johnson&Johnson, Moderna, Oxford/AstraZeneca, Pfizer/BioNTech",6139423,6040690,12180113
2021-10-15,"Johnson&Johnson, Moderna, Oxford/AstraZeneca, Pfizer/BioNTech",6144652,6046837,12191489
2021-10-16,"Johnson&Johnson, Moderna, Oxford/AstraZeneca, Pfizer/BioNTech",6146067,6048365,12194432
2021-10-17,"Johnson&Johnson, Moderna, Pfizer/BioNTech",6147394,6049420,12196814
2021-10-18,"Johnson&Johnson, Moderna, Oxford/AstraZeneca, Pfizer/BioNTech",6151508,6053520,12205028
2021-10-19,"Johnson&Johnson, Moderna, Oxford/AstraZeneca, Pfizer/BioNTech",6155088,6055619,12210707
2021-10-20,"Johnson&Johnson, Moderna, Oxford/AstraZeneca, Pfizer/BioNTech",6159972,6060074,12220046
2021-10-21,"Johnson&Johnson, Moderna, Oxford/AstraZeneca, Pfizer/BioNTech",6167738,6065678,12233416
2021-10-22,"Johnson&Johnson, Moderna, Oxford/AstraZeneca, Pfizer/BioNTech",6178192,6072183,12250375
2021-10-23,"Johnson&Johnson, Moderna, Oxford/AstraZeneca, Pfizer/BioNTech",6181865,6074388,12256253
2021-10-24,"Johnson&Johnson, Moderna, Oxford/AstraZeneca, Pfizer/BioNTech",6184550,6076169,12260719
2021-10-25,"Johnson&Johnson, Moderna, Oxford/AstraZeneca, Pfizer/BioNTech",6195049,6081977,12277026
2021-10-26,"Johnson&Johnson, Moderna, Oxford/AstraZeneca, Pfizer/BioNTech",6207039,6088527,12295566
2021-10-27,"Johnson&Johnson, Moderna, Oxford/AstraZeneca, Pfizer/BioNTech",6221648,6095934,12317582
2021-10-28,"Johnson&Johnson, Moderna, Oxford/AstraZeneca, Pfizer/BioNTech",6225072,6097618,12322690
2021-10-29,"Johnson&Johnson, Moderna, Oxford/AstraZeneca, Pfizer/BioNTech",6239509,6105606,12345115
2021-10-30,"Johnson&Johnson, Moderna, Oxford/AstraZeneca, Pfizer/BioNTech",6244038,6108533,12352571
2021-10-31,"Johnson&Johnson, Moderna, Oxford/AstraZeneca, Pfizer/BioNTech",6247801,6111007,12358808
2021-11-01,"Johnson&Johnson, Moderna, Oxford/AstraZeneca, Pfizer/BioNTech",6262996,6118692,12381688
2021-11-02,"Johnson&Johnson, Moderna, Oxford/AstraZeneca, Pfizer/BioNTech",6278449,6126249,12404698
2021-11-03,"Johnson&Johnson, Moderna, Oxford/AstraZeneca, Pfizer/BioNTech",6295628,6133543,12429171
2021-11-04,"Johnson&Johnson, Moderna, Oxford/AstraZeneca, Pfizer/BioNTech",6313980,6141715,12455695
2021-11-05,"Johnson&Johnson, Moderna, Oxford/AstraZeneca, Pfizer/BioNTech",6336778,6152996,12489774
2021-11-06,"Johnson&Johnson, Moderna, Oxford/AstraZeneca, Pfizer/BioNTech",6343295,6156052,12499347
2021-11-07,"Johnson&Johnson, Moderna, Oxford/AstraZeneca, Pfizer/BioNTech",6347316,6158488,12505804
2021-11-08,"Johnson&Johnson, Moderna, Oxford/AstraZeneca, Pfizer/BioNTech",6363584,6166117,12529701
2021-11-09,"Johnson&Johnson, Moderna, Oxford/AstraZeneca, Pfizer/BioNTech",6378392,6173416,12551808
2021-11-10,"Johnson&Johnson, Moderna, Oxford/AstraZeneca, Pfizer/BioNTech",6394129,6180798,12574927
2021-11-11,"Johnson&Johnson, Moderna, Oxford/AstraZeneca, Pfizer/BioNTech",6409598,6189902,12599500
2021-11-12,"Johnson&Johnson, Moderna, Oxford/AstraZeneca, Pfizer/BioNTech",6429401,6202703,12632104
2021-11-13,"Johnson&Johnson, Moderna, Oxford/AstraZeneca, Pfizer/BioNTech",6434794,6206575,12641369
2021-11-14,"Johnson&Johnson, Moderna, Oxford/AstraZeneca, Pfizer/BioNTech",6438688,6209580,12648268
2021-11-15,"Johnson&Johnson, Moderna, Oxford/AstraZeneca, Pfizer/BioNTech",6453769,6220273,12674042
2021-11-16,"Johnson&Johnson, Moderna, Oxford/AstraZeneca, Pfizer/BioNTech",6471311,6232255,12703566
2021-11-17,"Johnson&Johnson, Moderna, Oxford/AstraZeneca, Pfizer/BioNTech",6475552,6235820,12711372
2021-11-18,"Johnson&Johnson, Moderna, Oxford/AstraZeneca, Pfizer/BioNTech",6494973,6247513,12742486
2021-11-19,"Johnson&Johnson, Moderna, Oxford/AstraZeneca, Pfizer/BioNTech",6519581,6264484,12784065
2021-11-20,"Johnson&Johnson, Moderna, Oxford/AstraZeneca, Pfizer/BioNTech",6528160,6269466,12797626
2021-11-21,"Johnson&Johnson, Moderna, Pfizer/BioNTech",6534929,6273239,12808168
2021-11-22,"Johnson&Johnson, Moderna, Oxford/AstraZeneca, Pfizer/BioNTech",6553439,6287351,12840790
2021-11-23,"Johnson&Johnson, Moderna, Oxford/AstraZeneca, Pfizer/BioNTech",6572505,6300610,12873115
2021-11-24,"Johnson&Johnson, Moderna, Oxford/AstraZeneca, Pfizer/BioNTech",6591520,6316457,12907977
2021-11-25,"Johnson&Johnson, Moderna, Oxford/AstraZeneca, Pfizer/BioNTech",6610666,6331491,12942157
2021-11-26,"Johnson&Johnson, Moderna, Oxford/AstraZeneca, Pfizer/BioNTech",6632320,6350626,12982946
2021-11-27,"Johnson&Johnson, Moderna, Oxford/AstraZeneca, Pfizer/BioNTech",6639789,6356181,12995970
2021-11-28,"Johnson&Johnson, Moderna, Oxford/AstraZeneca, Pfizer/BioNTech",6643122,6359316,13002438
2021-11-29,"Johnson&Johnson, Moderna, Oxford/AstraZeneca, Pfizer/BioNTech",6658331,6372973,13031304
2021-11-30,"Johnson&Johnson, Moderna, Oxford/AstraZeneca, Pfizer/BioNTech",6671534,6384204,13055738
2021-12-01,"Johnson&Johnson, Moderna, Oxford/AstraZeneca, Pfizer/BioNTech",6685571,6396659,13082230
2021-12-02,"Johnson&Johnson, Moderna, Oxford/AstraZeneca, Pfizer/BioNTech",6696207,6409149,13105356
2021-12-03,"Johnson&Johnson, Moderna, Oxford/AstraZeneca, Pfizer/BioNTech",6705848,6424723,13130571
2021-12-04,"Johnson&Johnson, Moderna, Pfizer/BioNTech",6708405,6428673,13137078
2021-12-05,"Johnson&Johnson, Moderna, Oxford/AstraZeneca, Pfizer/BioNTech",6709765,6431011,13140776
2021-12-06,"Johnson&Johnson, Moderna, Oxford/AstraZeneca, Pfizer/BioNTech",6717911,6442540,13160451
2021-12-07,"Johnson&Johnson, Moderna, Oxford/AstraZeneca, Pfizer/BioNTech",6725801,6454549,13180350
2021-12-08,"Johnson&Johnson, Moderna, Oxford/AstraZeneca, Pfizer/BioNTech",6734043,6460477,13194520
2021-12-09,"Johnson&Johnson, Moderna, Oxford/AstraZeneca, Pfizer/BioNTech",6741164,6473295,13214459
2021-12-10,"Johnson&Johnson, Moderna, Oxford/AstraZeneca, Pfizer/BioNTech",6748096,6491100,13239196
2021-12-11,"Johnson&Johnson, Moderna, Pfizer/BioNTech",6749754,6496372,13246126
2021-12-12,"Johnson&Johnson, Moderna, Oxford/AstraZeneca, Pfizer/BioNTech",6751065,6500805,13251870
2021-12-13,"Johnson&Johnson, Moderna, Oxford/AstraZeneca, Pfizer/BioNTech",6757413,6514115,13271528
2021-12-14,"Johnson&Johnson, Moderna, Oxford/AstraZeneca, Pfizer/BioNTech",6763623,6527784,13291407
2021-12-15,"Johnson&Johnson, Moderna, Oxford/AstraZeneca, Pfizer/BioNTech",6769829,6541383,13311212
2021-12-16,"Johnson&Johnson, Moderna, Oxford/AstraZeneca, Pfizer/BioNTech",6776770,6556217,13332987
2021-12-17,"Johnson&Johnson, Moderna, Oxford/AstraZeneca, Pfizer/BioNTech",6785136,6573482,13358618
2021-12-18,"Johnson&Johnson, Moderna, Oxford/AstraZeneca, Pfizer/BioNTech",6787747,6578933,13366680
2021-12-19,"Johnson&Johnson, Moderna, Pfizer/BioNTech",6789518,6581437,13370955
2021-12-20,"Johnson&Johnson, Moderna, Oxford/AstraZeneca, Pfizer/BioNTech",6795371,6595501,13390872
2021-12-21,"Johnson&Johnson, Moderna, Oxford/AstraZeneca, Pfizer/BioNTech",6802032,6607494,13409526
2021-12-22,"Johnson&Johnson, Moderna, Oxford/AstraZeneca, Pfizer/BioNTech",6807081,6620551,13427632
2021-12-23,"Johnson&Johnson, Moderna, Oxford/AstraZeneca, Pfizer/BioNTech",6809954,6626152,13436106
2021-12-24,"Johnson&Johnson, Moderna, Oxford/AstraZeneca, Pfizer/BioNTech",6810000,6626253,13436253
2021-12-25,"Moderna, Pfizer/BioNTech",6810001,6626261,13436262
2021-12-26,"Moderna, Pfizer/BioNTech",6810103,6626464,13436567
2021-12-27,"Johnson&Johnson, Moderna, Pfizer/BioNTech",6813970,6636201,13450171
2021-12-28,"Johnson&Johnson, Moderna, Oxford/AstraZeneca, Pfizer/BioNTech",6819211,6644196,13463407
2021-12-29,"Johnson&Johnson, Moderna, Oxford/AstraZeneca, Pfizer/BioNTech",6823492,6651915,13475407
2021-12-30,"Johnson&Johnson, Moderna, Pfizer/BioNTech",6827790,6657347,13485137
2021-12-31,"Johnson&Johnson, Moderna, Pfizer/BioNTech",6828300,6658770,13487070
2022-01-01,"Johnson&Johnson, Moderna, Pfizer/BioNTech",6828305,6658788,13487093
2022-01-02,"Johnson&Johnson, Moderna, Pfizer/BioNTech",6829162,6660165,13489327
2022-01-03,"Johnson&Johnson, Moderna, Oxford/AstraZeneca, Pfizer/BioNTech",6833296,6669067,13502363
2022-01-04,"Johnson&Johnson, Moderna, Oxford/AstraZeneca, Pfizer/BioNTech",6838382,6676819,13515201
2022-01-05,"Johnson&Johnson, Moderna, Oxford/AstraZeneca, Pfizer/BioNTech",6844202,6684788,13528990
2022-01-06,"Johnson&Johnson, Moderna, Oxford/AstraZeneca, Pfizer/BioNTech",6850788,6693189,13543977
2022-01-07,"Johnson&Johnson, Moderna, Oxford/AstraZeneca, Pfizer/BioNTech",6858663,6703544,13562207
2022-01-08,"Johnson&Johnson, Moderna, Oxford/AstraZeneca, Pfizer/BioNTech",6861143,6706327,13567470
2022-01-09,"Johnson&Johnson, Moderna, Pfizer/BioNTech",6862225,6708021,13570246
2022-01-10,"Johnson&Johnson, Moderna, Oxford/AstraZeneca, Pfizer/BioNTech",6866721,6714207,13580928
2022-01-11,"Johnson&Johnson, Moderna, Oxford/AstraZeneca, Pfizer/BioNTech",6872159,6720961,13593120
2022-01-12,"Johnson&Johnson, Moderna, Oxford/AstraZeneca, Pfizer/BioNTech",6878109,6726604,13604713
2022-01-13,"Johnson&Johnson, Moderna, Oxford/AstraZeneca, Pfizer/BioNTech",6883992,6731380,13615372
2022-01-14,"Johnson&Johnson, Moderna, Oxford/AstraZeneca, Pfizer/BioNTech",6890291,6735012,13625303
2022-01-15,"Johnson&Johnson, Moderna, Oxford/AstraZeneca, Pfizer/BioNTech",6891568,6735666,13627234
2022-01-16,"Johnson&Johnson, Moderna, Oxford/AstraZeneca, Pfizer/BioNTech",6892255,6736103,13628358
2022-01-17,"Johnson&Johnson, Moderna, Oxford/AstraZeneca, Pfizer/BioNTech",6895808,6740059,13635867
2022-01-18,"Johnson&Johnson, Moderna, Oxford/AstraZeneca, Pfizer/BioNTech",6899659,6745008,13644667
2022-01-19,"Johnson&Johnson, Moderna, Oxford/AstraZeneca, Pfizer/BioNTech",6903727,6748940,13652667
2022-01-20,"Johnson&Johnson, Moderna, Oxford/AstraZeneca, Pfizer/BioNTech",6907321,6753389,13660710
2022-01-21,"Johnson&Johnson, Moderna, Oxford/AstraZeneca, Pfizer/BioNTech",6911316,6755916,13667232
2022-01-22,"Johnson&Johnson, Moderna, Pfizer/BioNTech",6912095,6756354,13668449
2022-01-23,"Johnson&Johnson, Moderna, Pfizer/BioNTech",6912656,6756988,13669644
2022-01-24,"Johnson&Johnson, Moderna, Oxford/AstraZeneca, Pfizer/BioNTech",6914922,6760422,13675344
2022-01-25,"Johnson&Johnson, Moderna, Oxford/AstraZeneca, Pfizer/BioNTech",6917275,6764416,13681691
2022-01-26,"Johnson&Johnson, Moderna, Oxford/AstraZeneca, Pfizer/BioNTech",6919660,6768980,13688640
2022-01-27,"Johnson&Johnson, Moderna, Oxford/AstraZeneca, Pfizer/BioNTech",6921983,6773791,13695774
2022-01-28,"Johnson&Johnson, Moderna, Oxford/AstraZeneca, Pfizer/BioNTech",6924894,6779951,13704845
2022-01-29,"Johnson&Johnson, Moderna, Oxford/AstraZeneca, Pfizer/BioNTech",6925494,6781602,13707096
2022-01-30,"Johnson&Johnson, Moderna, Pfizer/BioNTech",6925721,6782379,13708100
2022-01-31,"Johnson&Johnson, Moderna, Pfizer/BioNTech",6927260,6786296,13713556
2022-02-01,"Johnson&Johnson, Moderna, Pfizer/BioNTech",6928855,6790328,13719183
2022-02-02,"Johnson&Johnson, Moderna, Pfizer/BioNTech",6930422,6794830,13725252
2022-02-03,"Johnson&Johnson, Moderna, Pfizer/BioNTech",6931795,6799306,13731101
2022-02-04,"Johnson&Johnson, Moderna, Pfizer/BioNTech",6933396,6804420,13737816
2022-02-05,"Johnson&Johnson, Moderna, Pfizer/BioNTech",6933569,6805029,13738598
2022-02-06,"Johnson&Johnson, Moderna, Pfizer/BioNTech",6933663,6805348,13739011
2022-02-07,"Johnson&Johnson, Moderna, Pfizer/BioNTech",6934361,6808557,13742918
2022-02-08,"Johnson&Johnson, Moderna, Pfizer/BioNTech",6935153,6811741,13746894
2022-02-09,"Johnson&Johnson, Moderna, Pfizer/BioNTech",6935977,6815111,13751088
2022-02-10,"Johnson&Johnson, Moderna, Pfizer/BioNTech",6936759,6818235,13754994
2022-02-11,"Johnson&Johnson, Moderna, Pfizer/BioNTech",6937706,6822143,13759849
2022-02-12,"Johnson&Johnson, Moderna, Pfizer/BioNTech",6937816,6822561,13760377
2022-02-13,"Johnson&Johnson, Moderna, Pfizer/BioNTech",6937849,6822998,13760847
2022-02-14,"Johnson&Johnson, Moderna, Pfizer/BioNTech",6938302,6825108,13763410
2022-02-15,"Johnson&Johnson, Moderna, Pfizer/BioNTech",6938851,6827310,13766161
2022-02-16,"Johnson&Johnson, Moderna, Pfizer/BioNTech",6939434,6829406,13768840
2022-02-17,"Johnson&Johnson, Moderna, Pfizer/BioNTech",6940026,6831743,13771769
2022-02-18,"Johnson&Johnson, Moderna, Oxford/AstraZeneca, Pfizer/BioNTech",6940665,6834793,13775458
2022-02-19,"Johnson&Johnson, Moderna, Pfizer/BioNTech",6940744,6835074,13775818
2022-02-20,"Johnson&Johnson, Moderna, Pfizer/BioNTech",6940778,6835223,13776001
2022-02-21,"Johnson&Johnson, Moderna, Pfizer/BioNTech",6941132,6836920,13778052
2022-02-22,"Johnson&Johnson, Moderna, Oxford/AstraZeneca, Pfizer/BioNTech",6941507,6838596,13780103
2022-02-23,"Johnson&Johnson, Moderna, Pfizer/BioNTech",6941953,6840236,13782189
2022-02-24,"Johnson&Johnson, Moderna, Pfizer/BioNTech",6942359,6841864,13784223
2022-02-25,"Johnson&Johnson, Moderna, Pfizer/BioNTech",6942939,6843945,13786884
2022-02-26,"Johnson&Johnson, Moderna, Pfizer/BioNTech",6943000,6844104,13787104
2022-02-27,"Johnson&Johnson, Moderna, Pfizer/BioNTech",6943035,6844180,13787215
2022-02-28,"Johnson&Johnson, Moderna, Pfizer/BioNTech",6943274,6845149,13788423
2022-03-01,"Johnson&Johnson, Moderna, Pfizer/BioNTech",6943516,6845921,13789437
2022-03-02,"Johnson&Johnson, Moderna, Novavax, Pfizer/BioNTech",6943852,6846827,13790679
2022-03-03,"Johnson&Johnson, Moderna, Novavax, Pfizer/BioNTech",6944175,6847768,13791943
2022-03-04,"Johnson&Johnson, Moderna, Novavax, Pfizer/BioNTech",6944791,6848979,13793770
2022-03-05,"Johnson&Johnson, Moderna, Novavax, Pfizer/BioNTech",6944868,6849070,13793938
2022-03-06,"Moderna, Novavax, Pfizer/BioNTech",6944879,6849088,13793967
2022-03-07,"Johnson&Johnson, Moderna, Novavax, Pfizer/BioNTech",6945216,6849643,13794859
2022-03-08,"Johnson&Johnson, Moderna, Novavax, Pfizer/BioNTech",6945552,6850179,13795731
2022-03-09,"Johnson&Johnson, Moderna, Novavax, Pfizer/BioNTech",6945932,6850756,13796688
2022-03-10,"Johnson&Johnson, Moderna, Novavax, Pfizer/BioNTech",6946332,6851422,13797754
2022-03-11,"Johnson&Johnson, Moderna, Novavax, Pfizer/BioNTech",6947063,6852325,13799388
2022-03-12,"Johnson&Johnson, Moderna, Novavax, Pfizer/BioNTech",6947131,6852430,13799561
2022-03-13,"Johnson&Johnson, Moderna, Novavax, Pfizer/BioNTech",6947144,6852448,13799592
2022-03-14,"Johnson&Johnson, Moderna, Novavax, Pfizer/BioNTech",6947403,6852820,13800223
2022-03-15,"Johnson&Johnson, Moderna, Novavax, Pfizer/BioNTech",6947677,6853255,13800932
2022-03-16,"Johnson&Johnson, Moderna, Novavax, Pfizer/BioNTech",6947984,6853778,13801762
2022-03-17,"Johnson&Johnson, Moderna, Novavax, Oxford/AstraZeneca, Pfizer/BioNTech",6948264,6854196,13802460
2022-03-18,"Johnson&Johnson, Moderna, Novavax, Pfizer/BioNTech",6948933,6854957,13803890
2022-03-19,"Moderna, Novavax, Pfizer/BioNTech",6948990,6855002,13803992
2022-03-20,"Moderna, Novavax, Pfizer/BioNTech",6949007,6855011,13804018
