date,vaccine,people_vaccinated,people_fully_vaccinated,total_vaccinations
2020-12-27,Pfizer/BioNTech,1272,0,1272
2020-12-28,Pfizer/BioNTech,3573,0,3573
2020-12-29,Pfizer/BioNTech,7030,0,7030
2020-12-30,Pfizer/BioNTech,10534,0,10534
2020-12-31,Pfizer/BioNTech,11840,0,11840
2021-01-01,"Moderna, Pfizer/BioNTech",12106,0,12106
2021-01-02,Pfizer/BioNTech,13380,0,13380
2021-01-03,Pfizer/BioNTech,14300,0,14300
2021-01-04,"Moderna, Pfizer/BioNTech",17898,0,17898
2021-01-05,"Moderna, Pfizer/BioNTech",22409,0,22409
2021-01-06,Pfizer/BioNTech,28246,0,28246
2021-01-07,"Moderna, Pfizer/BioNTech",36223,0,36223
2021-01-08,Pfizer/BioNTech,46221,0,46221
2021-01-09,"Moderna, Pfizer/BioNTech",48242,0,48242
2021-01-10,Pfizer/BioNTech,50001,2,50003
2021-01-11,Pfizer/BioNTech,59827,4,59831
2021-01-12,Pfizer/BioNTech,73236,6,73242
2021-01-13,Pfizer/BioNTech,86749,6,86755
2021-01-14,"Moderna, Pfizer/BioNTech",101948,8,101956
2021-01-15,"Moderna, Pfizer/BioNTech",115929,8,115937
2021-01-16,"Moderna, Pfizer/BioNTech",119310,11,119321
2021-01-17,"Moderna, Pfizer/BioNTech",121915,649,122564
2021-01-18,"Moderna, Pfizer/BioNTech",134391,2471,136862
2021-01-19,"Moderna, Pfizer/BioNTech",146954,5189,152143
2021-01-20,"Moderna, Pfizer/BioNTech",160597,7837,168434
2021-01-21,"Moderna, Pfizer/BioNTech",176215,9570,185785
2021-01-22,"Moderna, Pfizer/BioNTech",191059,10613,201672
2021-01-23,"Moderna, Pfizer/BioNTech",194358,11487,205845
2021-01-24,"Moderna, Pfizer/BioNTech",196606,12356,208962
2021-01-25,"Moderna, Pfizer/BioNTech",206233,15324,221557
2021-01-26,"Moderna, Pfizer/BioNTech",216765,19298,236063
2021-01-27,"Moderna, Pfizer/BioNTech",225783,23819,249602
2021-01-28,"Moderna, Pfizer/BioNTech",232858,29937,262795
2021-01-29,"Moderna, Pfizer/BioNTech",239053,37822,276875
2021-01-30,"Moderna, Pfizer/BioNTech",239783,38910,278693
2021-01-31,"Moderna, Pfizer/BioNTech",240492,40090,280582
2021-02-01,"Moderna, Pfizer/BioNTech",244456,48017,292473
2021-02-02,"Moderna, Pfizer/BioNTech",248583,58241,306824
2021-02-03,"Moderna, Pfizer/BioNTech",252993,69229,322222
2021-02-04,"Moderna, Pfizer/BioNTech",257883,82183,340066
2021-02-05,"Moderna, Pfizer/BioNTech",263332,92831,356163
2021-02-06,"Moderna, Pfizer/BioNTech",264173,95180,359353
2021-02-07,"Moderna, Pfizer/BioNTech",265020,97667,362687
2021-02-08,"Moderna, Oxford/AstraZeneca, Pfizer/BioNTech",269085,109053,378138
2021-02-09,"Moderna, Oxford/AstraZeneca, Pfizer/BioNTech",274169,120971,395140
2021-02-10,"Moderna, Pfizer/BioNTech",279660,134178,413838
2021-02-11,"Moderna, Oxford/AstraZeneca, Pfizer/BioNTech",285963,150359,436322
2021-02-12,"Moderna, Oxford/AstraZeneca, Pfizer/BioNTech",292707,165049,457756
2021-02-13,"Moderna, Oxford/AstraZeneca, Pfizer/BioNTech",294298,168029,462327
2021-02-14,"Moderna, Oxford/AstraZeneca, Pfizer/BioNTech",295289,169407,464696
2021-02-15,"Moderna, Oxford/AstraZeneca, Pfizer/BioNTech",301681,178742,480423
2021-02-16,"Moderna, Oxford/AstraZeneca, Pfizer/BioNTech",310386,187794,498180
2021-02-17,"Moderna, Oxford/AstraZeneca, Pfizer/BioNTech",320068,196083,516151
2021-02-18,"Moderna, Oxford/AstraZeneca, Pfizer/BioNTech",332370,204124,536494
2021-02-19,"Moderna, Oxford/AstraZeneca, Pfizer/BioNTech",344214,211443,555657
2021-02-20,"Moderna, Oxford/AstraZeneca, Pfizer/BioNTech",346195,212619,558814
2021-02-21,"Moderna, Oxford/AstraZeneca, Pfizer/BioNTech",347307,213634,560941
2021-02-22,"Moderna, Oxford/AstraZeneca, Pfizer/BioNTech",357425,219639,577064
2021-02-23,"Moderna, Oxford/AstraZeneca, Pfizer/BioNTech",370354,226599,596953
2021-02-24,"Moderna, Oxford/AstraZeneca, Pfizer/BioNTech",384214,232618,616832
2021-02-25,"Moderna, Oxford/AstraZeneca, Pfizer/BioNTech",402167,238150,640317
2021-02-26,"Moderna, Oxford/AstraZeneca, Pfizer/BioNTech",418323,243477,661800
2021-02-27,"Moderna, Oxford/AstraZeneca, Pfizer/BioNTech",421324,244027,665351
2021-02-28,"Moderna, Oxford/AstraZeneca, Pfizer/BioNTech",423663,244571,668234
2021-03-01,"Moderna, Oxford/AstraZeneca, Pfizer/BioNTech",443200,247998,691198
2021-03-02,"Moderna, Oxford/AstraZeneca, Pfizer/BioNTech",470400,251533,721933
2021-03-03,"Moderna, Oxford/AstraZeneca, Pfizer/BioNTech",501230,256021,757251
2021-03-04,"Moderna, Oxford/AstraZeneca, Pfizer/BioNTech",534436,260685,795121
2021-03-05,"Johnson&Johnson, Moderna, Oxford/AstraZeneca, Pfizer/BioNTech",563225,266083,829308
2021-03-06,"Johnson&Johnson, Moderna, Oxford/AstraZeneca, Pfizer/BioNTech",575351,266931,842282
2021-03-07,"Johnson&Johnson, Moderna, Oxford/AstraZeneca, Pfizer/BioNTech",586868,267764,854632
2021-03-08,"Johnson&Johnson, Moderna, Oxford/AstraZeneca, Pfizer/BioNTech",616551,272593,889144
2021-03-09,"Johnson&Johnson, Moderna, Oxford/AstraZeneca, Pfizer/BioNTech",652807,278952,931759
2021-03-10,"Moderna, Oxford/AstraZeneca, Pfizer/BioNTech",694064,285882,979946
2021-03-11,"Johnson&Johnson, Moderna, Oxford/AstraZeneca, Pfizer/BioNTech",738850,294231,1033081
2021-03-12,"Johnson&Johnson, Moderna, Oxford/AstraZeneca, Pfizer/BioNTech",777615,302677,1080292
2021-03-13,"Moderna, Oxford/AstraZeneca, Pfizer/BioNTech",794663,303966,1098629
2021-03-14,"Moderna, Oxford/AstraZeneca, Pfizer/BioNTech",806756,305101,1111857
2021-03-15,"Moderna, Oxford/AstraZeneca, Pfizer/BioNTech",835109,313869,1148978
2021-03-16,"Johnson&Johnson, Moderna, Oxford/AstraZeneca, Pfizer/BioNTech",873948,324386,1198334
2021-03-17,"Moderna, Oxford/AstraZeneca, Pfizer/BioNTech",911387,334871,1246258
2021-03-18,"Johnson&Johnson, Moderna, Oxford/AstraZeneca, Pfizer/BioNTech",949321,347264,1296585
2021-03-19,"Moderna, Oxford/AstraZeneca, Pfizer/BioNTech",983758,360850,1344608
2021-03-20,"Johnson&Johnson, Moderna, Oxford/AstraZeneca, Pfizer/BioNTech",998873,362860,1361733
2021-03-21,"Johnson&Johnson, Moderna, Oxford/AstraZeneca, Pfizer/BioNTech",1006264,364401,1370665
2021-03-22,"Johnson&Johnson, Moderna, Oxford/AstraZeneca, Pfizer/BioNTech",1030773,376888,1407661
2021-03-23,"Johnson&Johnson, Moderna, Oxford/AstraZeneca, Pfizer/BioNTech",1057371,390216,1447587
2021-03-24,"Johnson&Johnson, Moderna, Oxford/AstraZeneca, Pfizer/BioNTech",1084193,405921,1490114
2021-03-25,"Moderna, Oxford/AstraZeneca, Pfizer/BioNTech",1110484,423748,1534232
2021-03-26,"Moderna, Oxford/AstraZeneca, Pfizer/BioNTech",1135253,441227,1576480
2021-03-27,"Johnson&Johnson, Moderna, Oxford/AstraZeneca, Pfizer/BioNTech",1143668,446058,1589726
2021-03-28,"Moderna, Oxford/AstraZeneca, Pfizer/BioNTech",1149195,450190,1599385
2021-03-29,"Johnson&Johnson, Moderna, Oxford/AstraZeneca, Pfizer/BioNTech",1168287,470881,1639168
2021-03-30,"Johnson&Johnson, Moderna, Oxford/AstraZeneca, Pfizer/BioNTech",1192961,493038,1685999
2021-03-31,"Johnson&Johnson, Moderna, Oxford/AstraZeneca, Pfizer/BioNTech",1216027,520072,1736099
2021-04-01,"Johnson&Johnson, Moderna, Oxford/AstraZeneca, Pfizer/BioNTech",1241595,552094,1793689
2021-04-02,"Johnson&Johnson, Moderna, Oxford/AstraZeneca, Pfizer/BioNTech",1248484,564872,1813356
2021-04-03,"Johnson&Johnson, Moderna, Oxford/AstraZeneca, Pfizer/BioNTech",1252079,575775,1827854
2021-04-04,"Johnson&Johnson, Moderna, Oxford/AstraZeneca, Pfizer/BioNTech",1254568,584670,1839238
2021-04-05,"Johnson&Johnson, Moderna, Oxford/AstraZeneca, Pfizer/BioNTech",1256937,591840,1848777
2021-04-06,"Johnson&Johnson, Moderna, Oxford/AstraZeneca, Pfizer/BioNTech",1273025,621054,1894079
2021-04-07,"Johnson&Johnson, Moderna, Oxford/AstraZeneca, Pfizer/BioNTech",1296389,643244,1939633
2021-04-08,"Johnson&Johnson, Moderna, Oxford/AstraZeneca, Pfizer/BioNTech",1335022,674233,2009255
2021-04-09,"Johnson&Johnson, Moderna, Oxford/AstraZeneca, Pfizer/BioNTech",1374494,704392,2078886
2021-04-10,"Johnson&Johnson, Moderna, Oxford/AstraZeneca, Pfizer/BioNTech",1389936,719665,2109601
2021-04-11,"Johnson&Johnson, Moderna, Oxford/AstraZeneca, Pfizer/BioNTech",1399682,729680,2129362
2021-04-12,"Johnson&Johnson, Moderna, Oxford/AstraZeneca, Pfizer/BioNTech",1437895,754766,2192661
2021-04-13,"Moderna, Oxford/AstraZeneca, Pfizer/BioNTech",1474092,780760,2254852
2021-04-14,"Moderna, Oxford/AstraZeneca, Pfizer/BioNTech",1512855,808092,2320947
2021-04-15,"Moderna, Oxford/AstraZeneca, Pfizer/BioNTech",1560601,833780,2394381
2021-04-16,"Moderna, Oxford/AstraZeneca, Pfizer/BioNTech",1605203,859379,2464582
2021-04-17,"Moderna, Oxford/AstraZeneca, Pfizer/BioNTech",1621859,868391,2490250
2021-04-18,"Moderna, Oxford/AstraZeneca, Pfizer/BioNTech",1634821,873366,2508187
2021-04-19,"Moderna, Oxford/AstraZeneca, Pfizer/BioNTech",1678792,888798,2567590
2021-04-20,"Johnson&Johnson, Moderna, Oxford/AstraZeneca, Pfizer/BioNTech",1721307,904641,2625948
2021-04-21,"Moderna, Oxford/AstraZeneca, Pfizer/BioNTech",1768999,918960,2687959
2021-04-22,"Johnson&Johnson, Moderna, Oxford/AstraZeneca, Pfizer/BioNTech",1823451,936317,2759768
2021-04-23,"Johnson&Johnson, Moderna, Oxford/AstraZeneca, Pfizer/BioNTech",1873366,948346,2821712
2021-04-24,"Johnson&Johnson, Moderna, Oxford/AstraZeneca, Pfizer/BioNTech",1891174,953575,2844749
2021-04-25,"Johnson&Johnson, Moderna, Oxford/AstraZeneca, Pfizer/BioNTech",1905842,957557,2863399
2021-04-26,"Johnson&Johnson, Moderna, Oxford/AstraZeneca, Pfizer/BioNTech",1955405,965095,2920500
2021-04-27,"Johnson&Johnson, Moderna, Oxford/AstraZeneca, Pfizer/BioNTech",2004356,977288,2981644
2021-04-28,"Johnson&Johnson, Moderna, Oxford/AstraZeneca, Pfizer/BioNTech",2063074,991249,3054323
2021-04-29,"Johnson&Johnson, Moderna, Oxford/AstraZeneca, Pfizer/BioNTech",2128610,1007090,3135700
2021-04-30,"Johnson&Johnson, Moderna, Oxford/AstraZeneca, Pfizer/BioNTech",2190795,1017012,3207807
2021-05-01,"Johnson&Johnson, Moderna, Oxford/AstraZeneca, Pfizer/BioNTech",2210085,1020427,3230512
2021-05-02,"Johnson&Johnson, Moderna, Oxford/AstraZeneca, Pfizer/BioNTech",2228978,1022676,3251654
2021-05-03,"Johnson&Johnson, Moderna, Oxford/AstraZeneca, Pfizer/BioNTech",2296198,1027721,3323919
2021-05-04,"Johnson&Johnson, Moderna, Oxford/AstraZeneca, Pfizer/BioNTech",2362664,1036017,3398681
2021-05-05,"Johnson&Johnson, Moderna, Oxford/AstraZeneca, Pfizer/BioNTech",2435784,1045377,3481161
2021-05-06,"Johnson&Johnson, Moderna, Oxford/AstraZeneca, Pfizer/BioNTech",2516146,1056046,3572192
2021-05-07,"Johnson&Johnson, Moderna, Oxford/AstraZeneca, Pfizer/BioNTech",2593409,1066098,3659507
2021-05-08,"Johnson&Johnson, Moderna, Oxford/AstraZeneca, Pfizer/BioNTech",2622807,1067833,3690640
2021-05-09,"Johnson&Johnson, Moderna, Oxford/AstraZeneca, Pfizer/BioNTech",2646975,1069020,3715995
2021-05-10,"Johnson&Johnson, Moderna, Oxford/AstraZeneca, Pfizer/BioNTech",2719706,1076195,3795901
2021-05-11,"Johnson&Johnson, Moderna, Oxford/AstraZeneca, Pfizer/BioNTech",2795772,1084960,3880732
2021-05-12,"Johnson&Johnson, Moderna, Oxford/AstraZeneca, Pfizer/BioNTech",2875587,1094000,3969587
2021-05-13,"Johnson&Johnson, Moderna, Oxford/AstraZeneca, Pfizer/BioNTech",2959575,1103127,4062702
2021-05-14,"Johnson&Johnson, Moderna, Oxford/AstraZeneca, Pfizer/BioNTech",3038970,1110850,4149820
2021-05-15,"Johnson&Johnson, Moderna, Oxford/AstraZeneca, Pfizer/BioNTech",3070807,1113037,4183844
2021-05-16,"Johnson&Johnson, Moderna, Oxford/AstraZeneca, Pfizer/BioNTech",3096551,1114276,4210827
2021-05-17,"Johnson&Johnson, Moderna, Oxford/AstraZeneca, Pfizer/BioNTech",3169029,1120955,4289984
2021-05-18,"Johnson&Johnson, Moderna, Oxford/AstraZeneca, Pfizer/BioNTech",3240929,1133939,4374868
2021-05-19,"Johnson&Johnson, Moderna, Oxford/AstraZeneca, Pfizer/BioNTech",3318366,1149027,4467393
2021-05-20,"Johnson&Johnson, Moderna, Oxford/AstraZeneca, Pfizer/BioNTech",3393773,1175989,4569762
2021-05-21,"Johnson&Johnson, Moderna, Oxford/AstraZeneca, Pfizer/BioNTech",3462516,1203668,4666184
2021-05-22,"Johnson&Johnson, Moderna, Oxford/AstraZeneca, Pfizer/BioNTech",3494845,1214799,4709644
2021-05-23,"Johnson&Johnson, Moderna, Oxford/AstraZeneca, Pfizer/BioNTech",3517151,1223802,4740953
2021-05-24,"Johnson&Johnson, Moderna, Oxford/AstraZeneca, Pfizer/BioNTech",3564227,1257398,4821625
2021-05-25,"Johnson&Johnson, Moderna, Oxford/AstraZeneca, Pfizer/BioNTech",3616060,1293135,4909195
2021-05-26,"Johnson&Johnson, Moderna, Oxford/AstraZeneca, Pfizer/BioNTech",3683785,1330605,5014390
2021-05-27,"Johnson&Johnson, Moderna, Oxford/AstraZeneca, Pfizer/BioNTech",3745136,1377865,5123001
2021-05-28,"Johnson&Johnson, Moderna, Oxford/AstraZeneca, Pfizer/BioNTech",3806795,1424348,5231143
2021-05-29,"Johnson&Johnson, Moderna, Oxford/AstraZeneca, Pfizer/BioNTech",3835940,1441414,5277354
2021-05-30,"Johnson&Johnson, Moderna, Oxford/AstraZeneca, Pfizer/BioNTech",3858277,1455819,5314096
2021-05-31,"Johnson&Johnson, Moderna, Oxford/AstraZeneca, Pfizer/BioNTech",3913987,1503318,5417305
2021-06-01,"Johnson&Johnson, Moderna, Oxford/AstraZeneca, Pfizer/BioNTech",3972996,1552079,5525075
2021-06-02,"Johnson&Johnson, Moderna, Oxford/AstraZeneca, Pfizer/BioNTech",4035861,1605969,5641830
2021-06-03,"Johnson&Johnson, Moderna, Oxford/AstraZeneca, Pfizer/BioNTech",4094078,1666109,5760187
2021-06-04,"Johnson&Johnson, Moderna, Oxford/AstraZeneca, Pfizer/BioNTech",4157148,1723413,5880561
2021-06-05,"Johnson&Johnson, Moderna, Oxford/AstraZeneca, Pfizer/BioNTech",4191274,1742181,5933455
2021-06-06,"Johnson&Johnson, Moderna, Oxford/AstraZeneca, Pfizer/BioNTech",4218174,1757270,5975444
2021-06-07,"Johnson&Johnson, Moderna, Oxford/AstraZeneca, Pfizer/BioNTech",4281843,1812829,6094672
2021-06-08,"Johnson&Johnson, Moderna, Oxford/AstraZeneca, Pfizer/BioNTech",4345804,1867724,6213528
2021-06-09,"Johnson&Johnson, Moderna, Oxford/AstraZeneca, Pfizer/BioNTech",4404979,1932054,6337033
2021-06-10,"Johnson&Johnson, Moderna, Oxford/AstraZeneca, Pfizer/BioNTech",4458857,2003049,6461906
2021-06-11,"Johnson&Johnson, Moderna, Oxford/AstraZeneca, Pfizer/BioNTech",4510942,2072660,6583602
2021-06-12,"Johnson&Johnson, Moderna, Oxford/AstraZeneca, Pfizer/BioNTech",4542920,2093385,6636305
2021-06-13,"Johnson&Johnson, Moderna, Oxford/AstraZeneca, Pfizer/BioNTech",4566926,2111735,6678661
2021-06-14,"Johnson&Johnson, Moderna, Oxford/AstraZeneca, Pfizer/BioNTech",4609974,2186022,6795996
2021-06-15,"Johnson&Johnson, Moderna, Oxford/AstraZeneca, Pfizer/BioNTech",4654606,2258259,6912865
2021-06-16,"Johnson&Johnson, Moderna, Oxford/AstraZeneca, Pfizer/BioNTech",4697332,2336369,7033701
2021-06-17,"Johnson&Johnson, Moderna, Oxford/AstraZeneca, Pfizer/BioNTech",4736699,2419317,7156016
2021-06-18,"Johnson&Johnson, Moderna, Oxford/AstraZeneca, Pfizer/BioNTech",4779073,2499692,7278765
2021-06-19,"Johnson&Johnson, Moderna, Oxford/AstraZeneca, Pfizer/BioNTech",4800806,2528903,7329709
2021-06-20,"Johnson&Johnson, Moderna, Oxford/AstraZeneca, Pfizer/BioNTech",4818162,2552659,7370821
2021-06-21,"Johnson&Johnson, Moderna, Oxford/AstraZeneca, Pfizer/BioNTech",4850667,2631126,7481793
2021-06-22,"Johnson&Johnson, Moderna, Oxford/AstraZeneca, Pfizer/BioNTech",4883620,2713273,7596893
2021-06-23,"Johnson&Johnson, Moderna, Oxford/AstraZeneca, Pfizer/BioNTech",4915262,2798389,7713651
2021-06-24,"Johnson&Johnson, Moderna, Oxford/AstraZeneca, Pfizer/BioNTech",4945095,2888316,7833411
2021-06-25,"Johnson&Johnson, Moderna, Oxford/AstraZeneca, Pfizer/BioNTech",4976130,2974325,7950455
2021-06-26,"Johnson&Johnson, Moderna, Oxford/AstraZeneca, Pfizer/BioNTech",4991980,3009055,8001035
2021-06-27,"Johnson&Johnson, Moderna, Oxford/AstraZeneca, Pfizer/BioNTech",5005919,3035640,8041559
2021-06-28,"Johnson&Johnson, Moderna, Oxford/AstraZeneca, Pfizer/BioNTech",5034337,3120723,8155060
2021-06-29,"Johnson&Johnson, Moderna, Oxford/AstraZeneca, Pfizer/BioNTech",5063586,3207098,8270684
2021-06-30,"Johnson&Johnson, Moderna, Oxford/AstraZeneca, Pfizer/BioNTech",5091085,3297940,8389025
2021-07-01,"Johnson&Johnson, Moderna, Oxford/AstraZeneca, Pfizer/BioNTech",5115028,3387851,8502879
2021-07-02,"Johnson&Johnson, Moderna, Oxford/AstraZeneca, Pfizer/BioNTech",5141748,3473548,8615296
2021-07-03,"Johnson&Johnson, Moderna, Oxford/AstraZeneca, Pfizer/BioNTech",5148817,3504992,8653809
2021-07-04,"Johnson&Johnson, Moderna, Oxford/AstraZeneca, Pfizer/BioNTech",5156359,3526747,8683106
2021-07-05,"Johnson&Johnson, Moderna, Oxford/AstraZeneca, Pfizer/BioNTech",5163703,3552056,8715759
2021-07-06,"Johnson&Johnson, Moderna, Oxford/AstraZeneca, Pfizer/BioNTech",5169094,3579622,8748716
2021-07-07,"Johnson&Johnson, Moderna, Oxford/AstraZeneca, Pfizer/BioNTech",5194876,3658480,8853356
2021-07-08,"Johnson&Johnson, Moderna, Oxford/AstraZeneca, Pfizer/BioNTech",5221457,3728692,8950149
2021-07-09,"Johnson&Johnson, Moderna, Oxford/AstraZeneca, Pfizer/BioNTech",5249356,3797842,9047198
2021-07-10,"Johnson&Johnson, Moderna, Oxford/AstraZeneca, Pfizer/BioNTech",5258690,3826398,9085088
2021-07-11,"Johnson&Johnson, Moderna, Oxford/AstraZeneca, Pfizer/BioNTech",5267206,3849240,9116446
2021-07-12,"Johnson&Johnson, Moderna, Oxford/AstraZeneca, Pfizer/BioNTech",5294734,3918240,9212974
2021-07-13,"Johnson&Johnson, Moderna, Oxford/AstraZeneca, Pfizer/BioNTech",5320926,3988015,9308941
2021-07-14,"Johnson&Johnson, Moderna, Oxford/AstraZeneca, Pfizer/BioNTech",5346762,4059900,9406662
2021-07-15,"Johnson&Johnson, Moderna, Oxford/AstraZeneca, Pfizer/BioNTech",5375959,4125808,9501767
2021-07-16,"Johnson&Johnson, Moderna, Oxford/AstraZeneca, Pfizer/BioNTech",5403886,4198407,9602293
2021-07-17,"Johnson&Johnson, Moderna, Oxford/AstraZeneca, Pfizer/BioNTech",5412635,4229783,9642418
2021-07-18,"Johnson&Johnson, Moderna, Oxford/AstraZeneca, Pfizer/BioNTech",5421069,4255743,9676812
2021-07-19,"Johnson&Johnson, Moderna, Oxford/AstraZeneca, Pfizer/BioNTech",5444405,4322676,9767081
2021-07-20,"Johnson&Johnson, Moderna, Oxford/AstraZeneca, Pfizer/BioNTech",5465782,4389623,9855405
2021-07-21,"Johnson&Johnson, Moderna, Oxford/AstraZeneca, Pfizer/BioNTech",5489220,4452970,9942190
2021-07-22,"Johnson&Johnson, Moderna, Oxford/AstraZeneca, Pfizer/BioNTech",5511553,4511489,10023042
2021-07-23,"Johnson&Johnson, Moderna, Oxford/AstraZeneca, Pfizer/BioNTech",5534719,4566116,10100835
2021-07-24,"Johnson&Johnson, Moderna, Oxford/AstraZeneca, Pfizer/BioNTech",5542015,4593714,10135729
2021-07-25,"Johnson&Johnson, Moderna, Oxford/AstraZeneca, Pfizer/BioNTech",5548613,4615747,10164360
2021-07-26,"Johnson&Johnson, Moderna, Oxford/AstraZeneca, Pfizer/BioNTech",5572110,4664301,10236411
2021-07-27,"Johnson&Johnson, Moderna, Oxford/AstraZeneca, Pfizer/BioNTech",5594806,4710826,10305632
2021-07-28,"Johnson&Johnson, Moderna, Oxford/AstraZeneca, Pfizer/BioNTech",5616025,4756696,10372721
2021-07-29,"Johnson&Johnson, Moderna, Oxford/AstraZeneca, Pfizer/BioNTech",5637303,4798531,10435834
2021-07-30,"Johnson&Johnson, Moderna, Oxford/AstraZeneca, Pfizer/BioNTech",5660560,4840977,10501537
2021-07-31,"Johnson&Johnson, Moderna, Oxford/AstraZeneca, Pfizer/BioNTech",5669475,4860463,10529938
2021-08-01,"Johnson&Johnson, Moderna, Oxford/AstraZeneca, Pfizer/BioNTech",5676183,4876587,10552770
2021-08-02,"Johnson&Johnson, Moderna, Oxford/AstraZeneca, Pfizer/BioNTech",5694778,4914051,10608829
2021-08-03,"Johnson&Johnson, Moderna, Oxford/AstraZeneca, Pfizer/BioNTech",5712383,4952068,10664451
2021-08-04,"Johnson&Johnson, Moderna, Oxford/AstraZeneca, Pfizer/BioNTech",5728443,4988709,10717152
2021-08-05,"Johnson&Johnson, Moderna, Oxford/AstraZeneca, Pfizer/BioNTech",5744433,5029081,10773514
2021-08-06,"Johnson&Johnson, Moderna, Oxford/AstraZeneca, Pfizer/BioNTech",5761182,5072248,10833430
2021-08-07,"Johnson&Johnson, Moderna, Oxford/AstraZeneca, Pfizer/BioNTech",5766752,5090363,10857115
2021-08-08,"Johnson&Johnson, Moderna, Oxford/AstraZeneca, Pfizer/BioNTech",5771097,5106079,10877176
2021-08-09,"Johnson&Johnson, Moderna, Oxford/AstraZeneca, Pfizer/BioNTech",5783715,5151061,10934776
2021-08-10,"Johnson&Johnson, Moderna, Oxford/AstraZeneca, Pfizer/BioNTech",5795516,5190548,10986064
2021-08-11,"Johnson&Johnson, Moderna, Oxford/AstraZeneca, Pfizer/BioNTech",5806851,5233609,11040460
2021-08-12,"Johnson&Johnson, Moderna, Oxford/AstraZeneca, Pfizer/BioNTech",5818242,5270603,11088845
2021-08-13,"Johnson&Johnson, Moderna, Oxford/AstraZeneca, Pfizer/BioNTech",5828910,5310837,11139747
2021-08-14,"Johnson&Johnson, Moderna, Oxford/AstraZeneca, Pfizer/BioNTech",5832246,5321499,11153745
2021-08-15,"Johnson&Johnson, Moderna, Oxford/AstraZeneca, Pfizer/BioNTech",5834820,5331849,11166669
2021-08-16,"Johnson&Johnson, Moderna, Oxford/AstraZeneca, Pfizer/BioNTech",5844585,5365837,11210422
2021-08-17,"Johnson&Johnson, Moderna, Oxford/AstraZeneca, Pfizer/BioNTech",5854143,5392866,11247009
2021-08-18,"Johnson&Johnson, Moderna, Oxford/AstraZeneca, Pfizer/BioNTech",5863493,5431661,11295154
2021-08-19,"Johnson&Johnson, Moderna, Oxford/AstraZeneca, Pfizer/BioNTech",5873113,5469939,11343052
2021-08-20,"Johnson&Johnson, Moderna, Oxford/AstraZeneca, Pfizer/BioNTech",5884433,5510058,11394491
2021-08-21,"Johnson&Johnson, Moderna, Oxford/AstraZeneca, Pfizer/BioNTech",5887135,5522786,11409921
2021-08-22,"Johnson&Johnson, Moderna, Oxford/AstraZeneca, Pfizer/BioNTech",5889473,5534728,11424201
2021-08-23,"Johnson&Johnson, Moderna, Oxford/AstraZeneca, Pfizer/BioNTech",5899964,5573900,11473864
2021-08-24,"Johnson&Johnson, Moderna, Oxford/AstraZeneca, Pfizer/BioNTech",5909804,5607082,11516886
2021-08-25,"Johnson&Johnson, Moderna, Oxford/AstraZeneca, Pfizer/BioNTech",5918632,5635377,11554009
2021-08-26,"Johnson&Johnson, Moderna, Oxford/AstraZeneca, Pfizer/BioNTech",5927044,5661428,11588472
2021-08-27,"Johnson&Johnson, Moderna, Oxford/AstraZeneca, Pfizer/BioNTech",5937337,5687308,11624645
2021-08-28,"Johnson&Johnson, Moderna, Oxford/AstraZeneca, Pfizer/BioNTech",5940049,5694319,11634368
2021-08-29,"Johnson&Johnson, Moderna, Oxford/AstraZeneca, Pfizer/BioNTech",5942451,5700929,11643380
2021-08-30,"Johnson&Johnson, Moderna, Oxford/AstraZeneca, Pfizer/BioNTech",5950942,5722735,11673677
2021-08-31,"Johnson&Johnson, Moderna, Oxford/AstraZeneca, Pfizer/BioNTech",5958570,5740758,11699328
2021-09-01,"Johnson&Johnson, Moderna, Oxford/AstraZeneca, Pfizer/BioNTech",5964416,5754689,11719105
2021-09-02,"Johnson&Johnson, Moderna, Oxford/AstraZeneca, Pfizer/BioNTech",5971149,5769016,11740165
2021-09-03,"Johnson&Johnson, Moderna, Oxford/AstraZeneca, Pfizer/BioNTech",5980575,5784640,11765215
2021-09-04,"Johnson&Johnson, Moderna, Oxford/AstraZeneca, Pfizer/BioNTech",5982623,5788170,11770793
2021-09-05,"Johnson&Johnson, Moderna, Oxford/AstraZeneca, Pfizer/BioNTech",5984647,5790995,11775642
2021-09-06,"Johnson&Johnson, Moderna, Oxford/AstraZeneca, Pfizer/BioNTech",5990769,5803465,11794234
2021-09-07,"Johnson&Johnson, Moderna, Oxford/AstraZeneca, Pfizer/BioNTech",5995102,5814507,11809609
2021-09-08,"Johnson&Johnson, Moderna, Oxford/AstraZeneca, Pfizer/BioNTech",6000681,5824307,11824988
2021-09-09,"Johnson&Johnson, Moderna, Oxford/AstraZeneca, Pfizer/BioNTech",6007292,5834337,11841629
2021-09-10,"Johnson&Johnson, Moderna, Oxford/AstraZeneca, Pfizer/BioNTech",6014884,5846465,11861349
2021-09-11,"Johnson&Johnson, Moderna, Pfizer/BioNTech",6016739,5848927,11865666
2021-09-12,"Johnson&Johnson, Moderna, Oxford/AstraZeneca, Pfizer/BioNTech",6017843,5850541,11868384
2021-09-13,"Johnson&Johnson, Moderna, Oxford/AstraZeneca, Pfizer/BioNTech",6023203,5860780,11883983
2021-09-14,"Johnson&Johnson, Moderna, Oxford/AstraZeneca, Pfizer/BioNTech",6028469,5869712,11898181
2021-09-15,"Johnson&Johnson, Moderna, Oxford/AstraZeneca, Pfizer/BioNTech",6033562,5878159,11911721
2021-09-16,"Johnson&Johnson, Moderna, Oxford/AstraZeneca, Pfizer/BioNTech",6038736,5886375,11925111
2021-09-17,"Johnson&Johnson, Moderna, Oxford/AstraZeneca, Pfizer/BioNTech",6045126,5896457,11941583
2021-09-18,"Johnson&Johnson, Moderna, Pfizer/BioNTech",6046832,5898787,11945619
2021-09-19,"Johnson&Johnson, Moderna, Oxford/AstraZeneca, Pfizer/BioNTech",6047766,5900345,11948111
2021-09-20,"Johnson&Johnson, Moderna, Oxford/AstraZeneca, Pfizer/BioNTech",6051602,5908426,11960028
2021-09-21,"Johnson&Johnson, Moderna, Oxford/AstraZeneca, Pfizer/BioNTech",6055605,5915899,11971504
2021-09-22,"Johnson&Johnson, Moderna, Oxford/AstraZeneca, Pfizer/BioNTech",6059636,5921339,11980975
2021-09-23,"Johnson&Johnson, Moderna, Oxford/AstraZeneca, Pfizer/BioNTech",6064520,5927695,11992215
2021-09-24,"Johnson&Johnson, Moderna, Oxford/AstraZeneca, Pfizer/BioNTech",6070082,5937160,12007242
2021-09-25,"Johnson&Johnson, Moderna, Oxford/AstraZeneca, Pfizer/BioNTech",6071532,5939107,12010639
2021-09-26,"Johnson&Johnson, Moderna, Pfizer/BioNTech",6072268,5940720,12012988
2021-09-27,"Johnson&Johnson, Moderna, Oxford/AstraZeneca, Pfizer/BioNTech",6076027,5947127,12023154
2021-09-28,"Johnson&Johnson, Moderna, Pfizer/BioNTech",6076344,5947711,12024055
2021-09-29,"Johnson&Johnson, Moderna, Oxford/AstraZeneca, Pfizer/BioNTech",6079997,5955025,12035022
2021-09-30,"Johnson&Johnson, Moderna, Oxford/AstraZeneca, Pfizer/BioNTech",6084287,5962595,12046882
2021-10-01,"Johnson&Johnson, Moderna, Oxford/AstraZeneca, Pfizer/BioNTech",6088276,5970367,12058643
2021-10-02,"Johnson&Johnson, Moderna, Pfizer/BioNTech",6089315,5971892,12061207
2021-10-03,"Johnson&Johnson, Moderna, Pfizer/BioNTech",6090010,5972748,12062758
2021-10-04,"Johnson&Johnson, Moderna, Oxford/AstraZeneca, Pfizer/BioNTech",6092926,5978151,12071077
2021-10-05,"Johnson&Johnson, Moderna, Oxford/AstraZeneca, Pfizer/BioNTech",6095776,5982999,12078775
2021-10-06,"Johnson&Johnson, Moderna, Oxford/AstraZeneca, Pfizer/BioNTech",6099092,5987974,12087066
2021-10-07,"Johnson&Johnson, Moderna, Oxford/AstraZeneca, Pfizer/BioNTech",6102094,5992990,12095084
2021-10-08,"Johnson&Johnson, Moderna, Oxford/AstraZeneca, Pfizer/BioNTech",6106445,5999251,12105696
2021-10-09,"Johnson&Johnson, Moderna, Pfizer/BioNTech",6107544,6000742,12108286
2021-10-10,"Johnson&Johnson, Moderna, Pfizer/BioNTech",6108232,6001346,12109578
