date,vaccine,people_vaccinated,people_fully_vaccinated,total_vaccinations
2020-12-27,Pfizer/BioNTech,1284,0,1284
2020-12-28,Pfizer/BioNTech,3589,0,3589
2020-12-29,Pfizer/BioNTech,7052,1,7053
2020-12-30,Pfizer/BioNTech,10573,1,10574
2020-12-31,Pfizer/BioNTech,11880,1,11881
2021-01-01,"Moderna, Pfizer/BioNTech",12150,1,12151
2021-01-02,"Moderna, Pfizer/BioNTech",13432,1,13433
2021-01-03,"Moderna, Pfizer/BioNTech",14357,1,14358
2021-01-04,"Moderna, Pfizer/BioNTech",17974,1,17975
2021-01-05,"Moderna, Pfizer/BioNTech",22502,3,22505
2021-01-06,"Moderna, Pfizer/BioNTech",28350,4,28354
2021-01-07,"Moderna, Pfizer/BioNTech",36341,4,36345
2021-01-08,"Moderna, Pfizer/BioNTech",46393,5,46398
2021-01-09,"Moderna, Pfizer/BioNTech",48420,6,48426
2021-01-10,Pfizer/BioNTech,50190,8,50198
2021-01-11,"Moderna, Pfizer/BioNTech",60048,10,60058
2021-01-12,"Moderna, Pfizer/BioNTech",73506,12,73518
2021-01-13,"Moderna, Pfizer/BioNTech",87057,12,87069
2021-01-14,"Moderna, Pfizer/BioNTech",102310,16,102326
2021-01-15,"Moderna, Pfizer/BioNTech",116331,17,116348
2021-01-16,"Moderna, Pfizer/BioNTech",119734,21,119755
2021-01-17,"Moderna, Pfizer/BioNTech",122355,655,123010
2021-01-18,"Moderna, Pfizer/BioNTech",134850,2482,137332
2021-01-19,"Moderna, Pfizer/BioNTech",147462,5205,152667
2021-01-20,"Moderna, Pfizer/BioNTech",161156,7868,169024
2021-01-21,"Moderna, Pfizer/BioNTech",176812,9611,186423
2021-01-22,"Moderna, Pfizer/BioNTech",191704,10654,202358
2021-01-23,"Moderna, Pfizer/BioNTech",195025,11534,206559
2021-01-24,"Moderna, Pfizer/BioNTech",197281,12403,209684
2021-01-25,"Moderna, Pfizer/BioNTech",206933,15380,222313
2021-01-26,"Moderna, Pfizer/BioNTech",217482,19373,236855
2021-01-27,"Moderna, Pfizer/BioNTech",226514,23908,250422
2021-01-28,"Moderna, Pfizer/BioNTech",233618,30034,263652
2021-01-29,"Moderna, Pfizer/BioNTech",239836,37941,277777
2021-01-30,"Moderna, Pfizer/BioNTech",240577,39029,279606
2021-01-31,"Moderna, Pfizer/BioNTech",241293,40211,281504
2021-02-01,"Moderna, Pfizer/BioNTech",245274,48179,293453
2021-02-02,"Moderna, Pfizer/BioNTech",249426,58419,307845
2021-02-03,"Moderna, Pfizer/BioNTech",253851,69442,323293
2021-02-04,"Moderna, Pfizer/BioNTech",258758,82433,341191
2021-02-05,"Moderna, Pfizer/BioNTech",264230,93105,357335
2021-02-06,"Moderna, Oxford/AstraZeneca, Pfizer/BioNTech",265086,95472,360558
2021-02-07,"Moderna, Oxford/AstraZeneca, Pfizer/BioNTech",265937,97972,363909
2021-02-08,"Moderna, Oxford/AstraZeneca, Pfizer/BioNTech",270030,109410,379440
2021-02-09,"Moderna, Oxford/AstraZeneca, Pfizer/BioNTech",275138,121326,396464
2021-02-10,"Moderna, Oxford/AstraZeneca, Pfizer/BioNTech",280653,134587,415240
2021-02-11,"Moderna, Oxford/AstraZeneca, Pfizer/BioNTech",286993,150811,437804
2021-02-12,"Moderna, Oxford/AstraZeneca, Pfizer/BioNTech",293824,165555,459379
2021-02-13,"Moderna, Oxford/AstraZeneca, Pfizer/BioNTech",295438,168544,463982
2021-02-14,"Moderna, Oxford/AstraZeneca, Pfizer/BioNTech",296442,169930,466372
2021-02-15,"Moderna, Oxford/AstraZeneca, Pfizer/BioNTech",302839,179301,482140
2021-02-16,"Moderna, Oxford/AstraZeneca, Pfizer/BioNTech",311560,188386,499946
2021-02-17,"Moderna, Oxford/AstraZeneca, Pfizer/BioNTech",321259,196695,517954
2021-02-18,"Moderna, Oxford/AstraZeneca, Pfizer/BioNTech",333590,204780,538370
2021-02-19,"Moderna, Oxford/AstraZeneca, Pfizer/BioNTech",345456,212160,557616
2021-02-20,"Moderna, Oxford/AstraZeneca, Pfizer/BioNTech",347463,213346,560809
2021-02-21,"Moderna, Oxford/AstraZeneca, Pfizer/BioNTech",348599,214371,562970
2021-02-22,"Moderna, Oxford/AstraZeneca, Pfizer/BioNTech",358724,220406,579130
2021-02-23,"Moderna, Oxford/AstraZeneca, Pfizer/BioNTech",371691,227398,599089
2021-02-24,"Moderna, Oxford/AstraZeneca, Pfizer/BioNTech",385574,233438,619012
2021-02-25,"Moderna, Oxford/AstraZeneca, Pfizer/BioNTech",403556,238989,642545
2021-02-26,"Moderna, Oxford/AstraZeneca, Pfizer/BioNTech",419736,244350,664086
2021-02-27,"Moderna, Oxford/AstraZeneca, Pfizer/BioNTech",422746,244909,667655
2021-02-28,"Moderna, Oxford/AstraZeneca, Pfizer/BioNTech",425104,245461,670565
2021-03-01,"Moderna, Oxford/AstraZeneca, Pfizer/BioNTech",444701,248913,693614
2021-03-02,"Moderna, Oxford/AstraZeneca, Pfizer/BioNTech",471929,252462,724391
2021-03-03,"Moderna, Oxford/AstraZeneca, Pfizer/BioNTech",502886,256972,759858
2021-03-04,"Moderna, Oxford/AstraZeneca, Pfizer/BioNTech",536182,261662,797844
2021-03-05,"Johnson&Johnson, Moderna, Oxford/AstraZeneca, Pfizer/BioNTech",565031,267088,832119
2021-03-06,"Johnson&Johnson, Moderna, Oxford/AstraZeneca, Pfizer/BioNTech",577185,267953,845138
2021-03-07,"Johnson&Johnson, Moderna, Oxford/AstraZeneca, Pfizer/BioNTech",588734,268795,857529
2021-03-08,"Johnson&Johnson, Moderna, Oxford/AstraZeneca, Pfizer/BioNTech",618488,273657,892145
2021-03-09,"Johnson&Johnson, Moderna, Oxford/AstraZeneca, Pfizer/BioNTech",654855,280043,934898
2021-03-10,"Johnson&Johnson, Moderna, Oxford/AstraZeneca, Pfizer/BioNTech",696189,287003,983192
2021-03-11,"Johnson&Johnson, Moderna, Oxford/AstraZeneca, Pfizer/BioNTech",741041,295377,1036418
2021-03-12,"Johnson&Johnson, Moderna, Oxford/AstraZeneca, Pfizer/BioNTech",779813,303874,1083687
2021-03-13,"Johnson&Johnson, Moderna, Oxford/AstraZeneca, Pfizer/BioNTech",796922,305189,1102111
2021-03-14,"Johnson&Johnson, Moderna, Oxford/AstraZeneca, Pfizer/BioNTech",809041,306345,1115386
2021-03-15,"Johnson&Johnson, Moderna, Oxford/AstraZeneca, Pfizer/BioNTech",837427,315125,1152552
2021-03-16,"Johnson&Johnson, Moderna, Oxford/AstraZeneca, Pfizer/BioNTech",876316,325664,1201980
2021-03-17,"Moderna, Oxford/AstraZeneca, Pfizer/BioNTech",913807,336176,1249983
2021-03-18,"Johnson&Johnson, Moderna, Oxford/AstraZeneca, Pfizer/BioNTech",951816,348600,1300416
2021-03-19,"Moderna, Oxford/AstraZeneca, Pfizer/BioNTech",986330,362215,1348545
2021-03-20,"Johnson&Johnson, Moderna, Oxford/AstraZeneca, Pfizer/BioNTech",1001513,364247,1365760
2021-03-21,"Johnson&Johnson, Moderna, Oxford/AstraZeneca, Pfizer/BioNTech",1008954,365807,1374761
2021-03-22,"Johnson&Johnson, Moderna, Oxford/AstraZeneca, Pfizer/BioNTech",1033541,378310,1411851
2021-03-23,"Johnson&Johnson, Moderna, Oxford/AstraZeneca, Pfizer/BioNTech",1060213,391676,1451889
2021-03-24,"Johnson&Johnson, Moderna, Oxford/AstraZeneca, Pfizer/BioNTech",1087096,407422,1494518
2021-03-25,"Johnson&Johnson, Moderna, Oxford/AstraZeneca, Pfizer/BioNTech",1113454,425278,1538732
2021-03-26,"Johnson&Johnson, Moderna, Oxford/AstraZeneca, Pfizer/BioNTech",1138294,442789,1581083
2021-03-27,"Johnson&Johnson, Moderna, Oxford/AstraZeneca, Pfizer/BioNTech",1146750,447635,1594385
2021-03-28,"Moderna, Oxford/AstraZeneca, Pfizer/BioNTech",1152299,451783,1604082
2021-03-29,"Johnson&Johnson, Moderna, Oxford/AstraZeneca, Pfizer/BioNTech",1171451,472520,1643971
2021-03-30,"Johnson&Johnson, Moderna, Oxford/AstraZeneca, Pfizer/BioNTech",1196161,494702,1690863
2021-03-31,"Johnson&Johnson, Moderna, Oxford/AstraZeneca, Pfizer/BioNTech",1219318,521772,1741090
2021-04-01,"Johnson&Johnson, Moderna, Oxford/AstraZeneca, Pfizer/BioNTech",1244997,553837,1798834
2021-04-02,"Johnson&Johnson, Moderna, Oxford/AstraZeneca, Pfizer/BioNTech",1251968,566639,1818607
2021-04-03,"Johnson&Johnson, Moderna, Oxford/AstraZeneca, Pfizer/BioNTech",1255617,577571,1833188
2021-04-04,"Johnson&Johnson, Moderna, Oxford/AstraZeneca, Pfizer/BioNTech",1258154,586495,1844649
2021-04-05,"Johnson&Johnson, Moderna, Oxford/AstraZeneca, Pfizer/BioNTech",1260580,593696,1854276
2021-04-06,"Johnson&Johnson, Moderna, Oxford/AstraZeneca, Pfizer/BioNTech",1276793,622973,1899766
2021-04-07,"Johnson&Johnson, Moderna, Oxford/AstraZeneca, Pfizer/BioNTech",1300288,645217,1945505
2021-04-08,"Johnson&Johnson, Moderna, Oxford/AstraZeneca, Pfizer/BioNTech",1339092,676263,2015355
2021-04-09,"Johnson&Johnson, Moderna, Oxford/AstraZeneca, Pfizer/BioNTech",1378690,706460,2085150
2021-04-10,"Johnson&Johnson, Moderna, Oxford/AstraZeneca, Pfizer/BioNTech",1394248,721769,2116017
2021-04-11,"Johnson&Johnson, Moderna, Oxford/AstraZeneca, Pfizer/BioNTech",1404050,731823,2135873
2021-04-12,"Johnson&Johnson, Moderna, Oxford/AstraZeneca, Pfizer/BioNTech",1442379,756964,2199343
2021-04-13,"Moderna, Oxford/AstraZeneca, Pfizer/BioNTech",1478683,783005,2261688
2021-04-14,"Moderna, Oxford/AstraZeneca, Pfizer/BioNTech",1517564,810376,2327940
2021-04-15,"Moderna, Oxford/AstraZeneca, Pfizer/BioNTech",1565395,836155,2401550
2021-04-16,"Moderna, Oxford/AstraZeneca, Pfizer/BioNTech",1610102,861837,2471939
2021-04-17,"Moderna, Oxford/AstraZeneca, Pfizer/BioNTech",1626825,870866,2497691
2021-04-18,"Moderna, Oxford/AstraZeneca, Pfizer/BioNTech",1639825,875853,2515678
2021-04-19,"Moderna, Oxford/AstraZeneca, Pfizer/BioNTech",1683796,891300,2575096
2021-04-20,"Johnson&Johnson, Moderna, Oxford/AstraZeneca, Pfizer/BioNTech",1726389,907185,2633574
2021-04-21,"Moderna, Oxford/AstraZeneca, Pfizer/BioNTech",1774166,921555,2695721
2021-04-22,"Johnson&Johnson, Moderna, Oxford/AstraZeneca, Pfizer/BioNTech",1828693,938956,2767649
2021-04-23,"Johnson&Johnson, Moderna, Oxford/AstraZeneca, Pfizer/BioNTech",1878712,951022,2829734
2021-04-24,"Johnson&Johnson, Moderna, Oxford/AstraZeneca, Pfizer/BioNTech",1896585,956286,2852871
2021-04-25,"Johnson&Johnson, Moderna, Oxford/AstraZeneca, Pfizer/BioNTech",1911297,960286,2871583
2021-04-26,"Johnson&Johnson, Moderna, Oxford/AstraZeneca, Pfizer/BioNTech",1960917,967853,2928770
2021-04-27,"Johnson&Johnson, Moderna, Oxford/AstraZeneca, Pfizer/BioNTech",2009920,980106,2990026
2021-04-28,"Johnson&Johnson, Moderna, Oxford/AstraZeneca, Pfizer/BioNTech",2068712,994136,3062848
2021-04-29,"Johnson&Johnson, Moderna, Oxford/AstraZeneca, Pfizer/BioNTech",2134333,1010055,3144388
2021-04-30,"Johnson&Johnson, Moderna, Oxford/AstraZeneca, Pfizer/BioNTech",2196634,1020049,3216683
2021-05-01,"Johnson&Johnson, Moderna, Oxford/AstraZeneca, Pfizer/BioNTech",2216020,1023511,3239531
2021-05-02,"Johnson&Johnson, Moderna, Oxford/AstraZeneca, Pfizer/BioNTech",2234970,1025799,3260769
2021-05-03,"Johnson&Johnson, Moderna, Oxford/AstraZeneca, Pfizer/BioNTech",2302261,1030879,3333140
2021-05-04,"Johnson&Johnson, Moderna, Oxford/AstraZeneca, Pfizer/BioNTech",2368815,1039252,3408067
2021-05-05,"Johnson&Johnson, Moderna, Oxford/AstraZeneca, Pfizer/BioNTech",2442044,1048696,3490740
2021-05-06,"Johnson&Johnson, Moderna, Oxford/AstraZeneca, Pfizer/BioNTech",2522505,1059447,3581952
2021-05-07,"Johnson&Johnson, Moderna, Oxford/AstraZeneca, Pfizer/BioNTech",2599854,1069587,3669441
2021-05-08,"Johnson&Johnson, Moderna, Oxford/AstraZeneca, Pfizer/BioNTech",2629372,1071373,3700745
2021-05-09,"Johnson&Johnson, Moderna, Oxford/AstraZeneca, Pfizer/BioNTech",2653622,1072594,3726216
2021-05-10,"Johnson&Johnson, Moderna, Oxford/AstraZeneca, Pfizer/BioNTech",2726455,1079838,3806293
2021-05-11,"Johnson&Johnson, Moderna, Oxford/AstraZeneca, Pfizer/BioNTech",2802619,1088670,3891289
2021-05-12,"Johnson&Johnson, Moderna, Oxford/AstraZeneca, Pfizer/BioNTech",2882580,1097809,3980389
2021-05-13,"Johnson&Johnson, Moderna, Oxford/AstraZeneca, Pfizer/BioNTech",2966649,1106998,4073647
2021-05-14,"Johnson&Johnson, Moderna, Oxford/AstraZeneca, Pfizer/BioNTech",3046195,1114824,4161019
2021-05-15,"Johnson&Johnson, Moderna, Oxford/AstraZeneca, Pfizer/BioNTech",3078165,1117103,4195268
2021-05-16,"Johnson&Johnson, Moderna, Oxford/AstraZeneca, Pfizer/BioNTech",3103988,1118385,4222373
2021-05-17,"Johnson&Johnson, Moderna, Oxford/AstraZeneca, Pfizer/BioNTech",3176554,1125138,4301692
2021-05-18,"Johnson&Johnson, Moderna, Oxford/AstraZeneca, Pfizer/BioNTech",3248546,1138257,4386803
2021-05-19,"Johnson&Johnson, Moderna, Oxford/AstraZeneca, Pfizer/BioNTech",3326055,1153430,4479485
2021-05-20,"Johnson&Johnson, Moderna, Oxford/AstraZeneca, Pfizer/BioNTech",3401579,1180498,4582077
2021-05-21,"Johnson&Johnson, Moderna, Oxford/AstraZeneca, Pfizer/BioNTech",3470447,1208301,4678748
2021-05-22,"Johnson&Johnson, Moderna, Oxford/AstraZeneca, Pfizer/BioNTech",3502905,1219533,4722438
2021-05-23,"Johnson&Johnson, Moderna, Oxford/AstraZeneca, Pfizer/BioNTech",3525348,1228580,4753928
2021-05-24,"Johnson&Johnson, Moderna, Oxford/AstraZeneca, Pfizer/BioNTech",3572549,1262269,4834818
2021-05-25,"Johnson&Johnson, Moderna, Oxford/AstraZeneca, Pfizer/BioNTech",3624471,1298120,4922591
2021-05-26,"Johnson&Johnson, Moderna, Oxford/AstraZeneca, Pfizer/BioNTech",3692269,1335676,5027945
2021-05-27,"Johnson&Johnson, Moderna, Oxford/AstraZeneca, Pfizer/BioNTech",3753725,1383050,5136775
2021-05-28,"Johnson&Johnson, Moderna, Oxford/AstraZeneca, Pfizer/BioNTech",3815504,1429662,5245166
2021-05-29,"Johnson&Johnson, Moderna, Oxford/AstraZeneca, Pfizer/BioNTech",3844768,1446796,5291564
2021-05-30,"Johnson&Johnson, Moderna, Oxford/AstraZeneca, Pfizer/BioNTech",3867191,1461261,5328452
2021-05-31,"Johnson&Johnson, Moderna, Oxford/AstraZeneca, Pfizer/BioNTech",3922970,1508803,5431773
2021-06-01,"Johnson&Johnson, Moderna, Oxford/AstraZeneca, Pfizer/BioNTech",3982067,1557689,5539756
2021-06-02,"Johnson&Johnson, Moderna, Oxford/AstraZeneca, Pfizer/BioNTech",4045046,1611718,5656764
2021-06-03,"Johnson&Johnson, Moderna, Oxford/AstraZeneca, Pfizer/BioNTech",4103315,1671968,5775283
2021-06-04,"Johnson&Johnson, Moderna, Oxford/AstraZeneca, Pfizer/BioNTech",4166453,1729409,5895862
2021-06-05,"Johnson&Johnson, Moderna, Oxford/AstraZeneca, Pfizer/BioNTech",4200655,1748332,5948987
2021-06-06,"Johnson&Johnson, Moderna, Oxford/AstraZeneca, Pfizer/BioNTech",4227618,1763508,5991126
2021-06-07,"Johnson&Johnson, Moderna, Oxford/AstraZeneca, Pfizer/BioNTech",4291313,1819173,6110486
2021-06-08,"Johnson&Johnson, Moderna, Oxford/AstraZeneca, Pfizer/BioNTech",4355333,1874207,6229540
2021-06-09,"Johnson&Johnson, Moderna, Oxford/AstraZeneca, Pfizer/BioNTech",4414562,1938918,6353480
2021-06-10,"Johnson&Johnson, Moderna, Oxford/AstraZeneca, Pfizer/BioNTech",4468435,2010249,6478684
2021-06-11,"Johnson&Johnson, Moderna, Oxford/AstraZeneca, Pfizer/BioNTech",4520569,2080110,6600679
2021-06-12,"Johnson&Johnson, Moderna, Oxford/AstraZeneca, Pfizer/BioNTech",4552616,2100956,6653572
2021-06-13,"Johnson&Johnson, Moderna, Oxford/AstraZeneca, Pfizer/BioNTech",4576655,2119397,6696052
2021-06-14,"Johnson&Johnson, Moderna, Oxford/AstraZeneca, Pfizer/BioNTech",4619754,2193825,6813579
2021-06-15,"Johnson&Johnson, Moderna, Oxford/AstraZeneca, Pfizer/BioNTech",4664438,2266236,6930674
2021-06-16,"Johnson&Johnson, Moderna, Oxford/AstraZeneca, Pfizer/BioNTech",4707251,2344517,7051768
2021-06-17,"Johnson&Johnson, Moderna, Oxford/AstraZeneca, Pfizer/BioNTech",4746686,2427653,7174339
2021-06-18,"Johnson&Johnson, Moderna, Oxford/AstraZeneca, Pfizer/BioNTech",4789144,2508261,7297405
2021-06-19,"Johnson&Johnson, Moderna, Oxford/AstraZeneca, Pfizer/BioNTech",4810938,2537596,7348534
2021-06-20,"Johnson&Johnson, Moderna, Oxford/AstraZeneca, Pfizer/BioNTech",4828344,2561485,7389829
2021-06-21,"Johnson&Johnson, Moderna, Oxford/AstraZeneca, Pfizer/BioNTech",4860858,2640142,7501000
2021-06-22,"Johnson&Johnson, Moderna, Oxford/AstraZeneca, Pfizer/BioNTech",4893823,2722495,7616318
2021-06-23,"Johnson&Johnson, Moderna, Oxford/AstraZeneca, Pfizer/BioNTech",4925534,2807772,7733306
2021-06-24,"Johnson&Johnson, Moderna, Oxford/AstraZeneca, Pfizer/BioNTech",4955404,2897836,7853240
2021-06-25,"Johnson&Johnson, Moderna, Oxford/AstraZeneca, Pfizer/BioNTech",4986499,2984087,7970586
2021-06-26,"Johnson&Johnson, Moderna, Oxford/AstraZeneca, Pfizer/BioNTech",5002407,3018978,8021385
2021-06-27,"Johnson&Johnson, Moderna, Oxford/AstraZeneca, Pfizer/BioNTech",5016373,3045701,8062074
2021-06-28,"Johnson&Johnson, Moderna, Oxford/AstraZeneca, Pfizer/BioNTech",5044787,3130951,8175738
2021-06-29,"Johnson&Johnson, Moderna, Oxford/AstraZeneca, Pfizer/BioNTech",5074076,3217509,8291585
2021-06-30,"Johnson&Johnson, Moderna, Oxford/AstraZeneca, Pfizer/BioNTech",5101594,3308577,8410171
2021-07-01,"Johnson&Johnson, Moderna, Oxford/AstraZeneca, Pfizer/BioNTech",5125584,3398709,8524293
2021-07-02,"Johnson&Johnson, Moderna, Oxford/AstraZeneca, Pfizer/BioNTech",5152323,3484663,8636986
2021-07-03,"Johnson&Johnson, Moderna, Oxford/AstraZeneca, Pfizer/BioNTech",5159435,3516236,8675671
2021-07-04,"Johnson&Johnson, Moderna, Oxford/AstraZeneca, Pfizer/BioNTech",5167016,3538057,8705073
2021-07-05,"Johnson&Johnson, Moderna, Oxford/AstraZeneca, Pfizer/BioNTech",5174426,3563468,8737894
2021-07-06,"Johnson&Johnson, Moderna, Oxford/AstraZeneca, Pfizer/BioNTech",5179890,3591193,8771083
2021-07-07,"Johnson&Johnson, Moderna, Oxford/AstraZeneca, Pfizer/BioNTech",5205716,3670234,8875950
2021-07-08,"Johnson&Johnson, Moderna, Oxford/AstraZeneca, Pfizer/BioNTech",5232334,3740604,8972938
2021-07-09,"Johnson&Johnson, Moderna, Oxford/AstraZeneca, Pfizer/BioNTech",5260277,3809969,9070246
2021-07-10,"Johnson&Johnson, Moderna, Oxford/AstraZeneca, Pfizer/BioNTech",5269645,3838649,9108294
2021-07-11,"Johnson&Johnson, Moderna, Oxford/AstraZeneca, Pfizer/BioNTech",5278193,3861553,9139746
2021-07-12,"Johnson&Johnson, Moderna, Oxford/AstraZeneca, Pfizer/BioNTech",5305722,3930674,9236396
2021-07-13,"Johnson&Johnson, Moderna, Oxford/AstraZeneca, Pfizer/BioNTech",5331925,4000578,9332503
2021-07-14,"Johnson&Johnson, Moderna, Oxford/AstraZeneca, Pfizer/BioNTech",5357757,4072619,9430376
2021-07-15,"Johnson&Johnson, Moderna, Oxford/AstraZeneca, Pfizer/BioNTech",5386940,4138668,9525608
2021-07-16,"Johnson&Johnson, Moderna, Oxford/AstraZeneca, Pfizer/BioNTech",5414861,4211443,9626304
2021-07-17,"Johnson&Johnson, Moderna, Oxford/AstraZeneca, Pfizer/BioNTech",5423665,4242927,9666592
2021-07-18,"Johnson&Johnson, Moderna, Oxford/AstraZeneca, Pfizer/BioNTech",5432111,4268950,9701061
2021-07-19,"Johnson&Johnson, Moderna, Oxford/AstraZeneca, Pfizer/BioNTech",5455478,4336005,9791483
2021-07-20,"Johnson&Johnson, Moderna, Oxford/AstraZeneca, Pfizer/BioNTech",5476881,4403094,9879975
2021-07-21,"Johnson&Johnson, Moderna, Oxford/AstraZeneca, Pfizer/BioNTech",5500337,4466584,9966921
2021-07-22,"Johnson&Johnson, Moderna, Oxford/AstraZeneca, Pfizer/BioNTech",5522713,4525234,10047947
2021-07-23,"Johnson&Johnson, Moderna, Oxford/AstraZeneca, Pfizer/BioNTech",5545938,4580009,10125947
2021-07-24,"Johnson&Johnson, Moderna, Oxford/AstraZeneca, Pfizer/BioNTech",5553273,4607708,10160981
2021-07-25,"Johnson&Johnson, Moderna, Oxford/AstraZeneca, Pfizer/BioNTech",5559906,4629855,10189761
2021-07-26,"Johnson&Johnson, Moderna, Oxford/AstraZeneca, Pfizer/BioNTech",5583458,4678562,10262020
2021-07-27,"Johnson&Johnson, Moderna, Oxford/AstraZeneca, Pfizer/BioNTech",5606199,4725217,10331416
2021-07-28,"Johnson&Johnson, Moderna, Oxford/AstraZeneca, Pfizer/BioNTech",5627465,4771242,10398707
2021-07-29,"Johnson&Johnson, Moderna, Oxford/AstraZeneca, Pfizer/BioNTech",5648795,4813228,10462023
2021-07-30,"Johnson&Johnson, Moderna, Oxford/AstraZeneca, Pfizer/BioNTech",5672072,4855824,10527896
2021-07-31,"Johnson&Johnson, Moderna, Oxford/AstraZeneca, Pfizer/BioNTech",5681013,4875369,10556382
2021-08-01,"Johnson&Johnson, Moderna, Oxford/AstraZeneca, Pfizer/BioNTech",5687741,4891558,10579299
2021-08-02,"Johnson&Johnson, Moderna, Oxford/AstraZeneca, Pfizer/BioNTech",5706379,4929121,10635500
2021-08-03,"Johnson&Johnson, Moderna, Oxford/AstraZeneca, Pfizer/BioNTech",5724027,4967244,10691271
2021-08-04,"Johnson&Johnson, Moderna, Oxford/AstraZeneca, Pfizer/BioNTech",5740142,5004009,10744151
2021-08-05,"Johnson&Johnson, Moderna, Oxford/AstraZeneca, Pfizer/BioNTech",5756187,5044512,10800699
2021-08-06,"Johnson&Johnson, Moderna, Oxford/AstraZeneca, Pfizer/BioNTech",5772970,5087807,10860777
2021-08-07,"Johnson&Johnson, Moderna, Oxford/AstraZeneca, Pfizer/BioNTech",5778569,5106000,10884569
2021-08-08,"Johnson&Johnson, Moderna, Oxford/AstraZeneca, Pfizer/BioNTech",5782930,5121762,10904692
2021-08-09,"Johnson&Johnson, Moderna, Oxford/AstraZeneca, Pfizer/BioNTech",5795572,5166828,10962400
2021-08-10,"Johnson&Johnson, Moderna, Oxford/AstraZeneca, Pfizer/BioNTech",5807414,5206408,11013822
2021-08-11,"Johnson&Johnson, Moderna, Oxford/AstraZeneca, Pfizer/BioNTech",5818767,5249545,11068312
2021-08-12,"Johnson&Johnson, Moderna, Oxford/AstraZeneca, Pfizer/BioNTech",5830193,5286682,11116875
2021-08-13,"Johnson&Johnson, Moderna, Oxford/AstraZeneca, Pfizer/BioNTech",5840918,5327030,11167948
2021-08-14,"Johnson&Johnson, Moderna, Oxford/AstraZeneca, Pfizer/BioNTech",5844251,5337744,11181995
2021-08-15,"Johnson&Johnson, Moderna, Oxford/AstraZeneca, Pfizer/BioNTech",5846835,5348123,11194958
2021-08-16,"Johnson&Johnson, Moderna, Oxford/AstraZeneca, Pfizer/BioNTech",5856625,5382196,11238821
2021-08-17,"Johnson&Johnson, Moderna, Oxford/AstraZeneca, Pfizer/BioNTech",5866219,5409288,11275507
2021-08-18,"Johnson&Johnson, Moderna, Oxford/AstraZeneca, Pfizer/BioNTech",5875596,5448168,11323764
2021-08-19,"Johnson&Johnson, Moderna, Oxford/AstraZeneca, Pfizer/BioNTech",5885265,5486520,11371785
2021-08-20,"Johnson&Johnson, Moderna, Oxford/AstraZeneca, Pfizer/BioNTech",5896652,5526710,11423362
2021-08-21,"Johnson&Johnson, Moderna, Oxford/AstraZeneca, Pfizer/BioNTech",5899372,5539473,11438845
2021-08-22,"Johnson&Johnson, Moderna, Oxford/AstraZeneca, Pfizer/BioNTech",5901716,5551439,11453155
2021-08-23,"Johnson&Johnson, Moderna, Oxford/AstraZeneca, Pfizer/BioNTech",5912244,5590710,11502954
2021-08-24,"Johnson&Johnson, Moderna, Oxford/AstraZeneca, Pfizer/BioNTech",5922118,5623960,11546078
2021-08-25,"Johnson&Johnson, Moderna, Oxford/AstraZeneca, Pfizer/BioNTech",5930984,5652337,11583321
2021-08-26,"Johnson&Johnson, Moderna, Oxford/AstraZeneca, Pfizer/BioNTech",5939434,5678465,11617899
2021-08-27,"Johnson&Johnson, Moderna, Oxford/AstraZeneca, Pfizer/BioNTech",5949760,5704432,11654192
2021-08-28,"Johnson&Johnson, Moderna, Oxford/AstraZeneca, Pfizer/BioNTech",5952491,5711486,11663977
2021-08-29,"Johnson&Johnson, Moderna, Oxford/AstraZeneca, Pfizer/BioNTech",5954903,5718106,11673009
2021-08-30,"Johnson&Johnson, Moderna, Oxford/AstraZeneca, Pfizer/BioNTech",5963429,5739980,11703409
2021-08-31,"Johnson&Johnson, Moderna, Oxford/AstraZeneca, Pfizer/BioNTech",5971105,5758074,11729179
2021-09-01,"Johnson&Johnson, Moderna, Oxford/AstraZeneca, Pfizer/BioNTech",5976999,5772073,11749072
2021-09-02,"Johnson&Johnson, Moderna, Oxford/AstraZeneca, Pfizer/BioNTech",5983841,5786466,11770307
2021-09-03,"Johnson&Johnson, Moderna, Oxford/AstraZeneca, Pfizer/BioNTech",5993401,5802183,11795584
2021-09-04,"Johnson&Johnson, Moderna, Oxford/AstraZeneca, Pfizer/BioNTech",5995468,5805737,11801205
2021-09-05,"Johnson&Johnson, Moderna, Oxford/AstraZeneca, Pfizer/BioNTech",5997507,5808581,11806088
2021-09-06,"Johnson&Johnson, Moderna, Oxford/AstraZeneca, Pfizer/BioNTech",6003745,5821116,11824861
2021-09-07,"Johnson&Johnson, Moderna, Oxford/AstraZeneca, Pfizer/BioNTech",6008139,5832210,11840349
2021-09-08,"Johnson&Johnson, Moderna, Oxford/AstraZeneca, Pfizer/BioNTech",6013813,5842056,11855869
2021-09-09,"Johnson&Johnson, Moderna, Oxford/AstraZeneca, Pfizer/BioNTech",6020507,5852123,11872630
2021-09-10,"Johnson&Johnson, Moderna, Oxford/AstraZeneca, Pfizer/BioNTech",6028200,5864298,11892498
2021-09-11,"Johnson&Johnson, Moderna, Oxford/AstraZeneca, Pfizer/BioNTech",6030065,5866780,11896845
2021-09-12,"Johnson&Johnson, Moderna, Oxford/AstraZeneca, Pfizer/BioNTech",6031183,5868412,11899595
2021-09-13,"Johnson&Johnson, Moderna, Oxford/AstraZeneca, Pfizer/BioNTech",6036613,5878708,11915321
2021-09-14,"Johnson&Johnson, Moderna, Oxford/AstraZeneca, Pfizer/BioNTech",6042008,5887725,11929733
2021-09-15,"Johnson&Johnson, Moderna, Oxford/AstraZeneca, Pfizer/BioNTech",6047210,5896247,11943457
2021-09-16,"Johnson&Johnson, Moderna, Oxford/AstraZeneca, Pfizer/BioNTech",6052555,5904518,11957073
2021-09-17,"Johnson&Johnson, Moderna, Oxford/AstraZeneca, Pfizer/BioNTech",6059123,5914749,11973872
2021-09-18,"Johnson&Johnson, Moderna, Oxford/AstraZeneca, Pfizer/BioNTech",6060850,5917108,11977958
2021-09-19,"Johnson&Johnson, Moderna, Oxford/AstraZeneca, Pfizer/BioNTech",6061796,5918675,11980471
2021-09-20,"Johnson&Johnson, Moderna, Oxford/AstraZeneca, Pfizer/BioNTech",6065811,5926869,11992680
2021-09-21,"Johnson&Johnson, Moderna, Oxford/AstraZeneca, Pfizer/BioNTech",6070044,5934399,12004443
2021-09-22,"Johnson&Johnson, Moderna, Oxford/AstraZeneca, Pfizer/BioNTech",6074230,5939909,12014139
2021-09-23,"Johnson&Johnson, Moderna, Oxford/AstraZeneca, Pfizer/BioNTech",6079205,5946315,12025520
2021-09-24,"Johnson&Johnson, Moderna, Oxford/AstraZeneca, Pfizer/BioNTech",6084965,5955936,12040901
2021-09-25,"Johnson&Johnson, Moderna, Oxford/AstraZeneca, Pfizer/BioNTech",6086462,5957934,12044396
2021-09-26,"Johnson&Johnson, Moderna, Oxford/AstraZeneca, Pfizer/BioNTech",6087206,5959571,12046777
2021-09-27,"Johnson&Johnson, Moderna, Oxford/AstraZeneca, Pfizer/BioNTech",6091085,5966081,12057166
2021-09-28,"Johnson&Johnson, Moderna, Pfizer/BioNTech",6091450,5966705,12058155
2021-09-29,"Johnson&Johnson, Moderna, Oxford/AstraZeneca, Pfizer/BioNTech",6095226,5974164,12069390
2021-09-30,"Johnson&Johnson, Moderna, Oxford/AstraZeneca, Pfizer/BioNTech",6099732,5981858,12081590
2021-10-01,"Johnson&Johnson, Moderna, Oxford/AstraZeneca, Pfizer/BioNTech",6104034,5989833,12093867
2021-10-02,"Johnson&Johnson, Moderna, Oxford/AstraZeneca, Pfizer/BioNTech",6105097,5991373,12096470
2021-10-03,"Johnson&Johnson, Moderna, Pfizer/BioNTech",6105820,5992240,12098060
2021-10-04,"Johnson&Johnson, Moderna, Oxford/AstraZeneca, Pfizer/BioNTech",6108897,5997808,12106705
2021-10-05,"Johnson&Johnson, Moderna, Oxford/AstraZeneca, Pfizer/BioNTech",6112060,6002889,12114949
2021-10-06,"Johnson&Johnson, Moderna, Oxford/AstraZeneca, Pfizer/BioNTech",6115579,6008059,12123638
2021-10-07,"Johnson&Johnson, Moderna, Oxford/AstraZeneca, Pfizer/BioNTech",6118859,6013314,12132173
2021-10-08,"Johnson&Johnson, Moderna, Oxford/AstraZeneca, Pfizer/BioNTech",6123652,6019950,12143602
2021-10-09,"Johnson&Johnson, Moderna, Oxford/AstraZeneca, Pfizer/BioNTech",6124895,6021606,12146501
2021-10-10,"Johnson&Johnson, Moderna, Oxford/AstraZeneca, Pfizer/BioNTech",6125837,6022436,12148273
2021-10-11,"Johnson&Johnson, Moderna, Oxford/AstraZeneca, Pfizer/BioNTech",6128767,6026848,12155615
2021-10-12,"Johnson&Johnson, Moderna, Oxford/AstraZeneca, Pfizer/BioNTech",6131696,6030851,12162547
2021-10-13,"Johnson&Johnson, Moderna, Oxford/AstraZeneca, Pfizer/BioNTech",6135227,6035032,12170259
2021-10-14,"Johnson&Johnson, Moderna, Oxford/AstraZeneca, Pfizer/BioNTech",6138898,6039979,12178877
2021-10-15,"Johnson&Johnson, Moderna, Oxford/AstraZeneca, Pfizer/BioNTech",6144127,6046123,12190250
2021-10-16,"Johnson&Johnson, Moderna, Oxford/AstraZeneca, Pfizer/BioNTech",6145541,6047648,12193189
2021-10-17,"Johnson&Johnson, Moderna, Pfizer/BioNTech",6146866,6048701,12195567
2021-10-18,"Johnson&Johnson, Moderna, Oxford/AstraZeneca, Pfizer/BioNTech",6150982,6052795,12203777
2021-10-19,"Johnson&Johnson, Moderna, Oxford/AstraZeneca, Pfizer/BioNTech",6154560,6054890,12209450
2021-10-20,"Johnson&Johnson, Moderna, Oxford/AstraZeneca, Pfizer/BioNTech",6159440,6059338,12218778
2021-10-21,"Johnson&Johnson, Moderna, Oxford/AstraZeneca, Pfizer/BioNTech",6167208,6064939,12232147
2021-10-22,"Johnson&Johnson, Moderna, Oxford/AstraZeneca, Pfizer/BioNTech",6177662,6071443,12249105
2021-10-23,"Johnson&Johnson, Moderna, Oxford/AstraZeneca, Pfizer/BioNTech",6181337,6073649,12254986
2021-10-24,"Johnson&Johnson, Moderna, Oxford/AstraZeneca, Pfizer/BioNTech",6184019,6075426,12259445
2021-10-25,"Johnson&Johnson, Moderna, Oxford/AstraZeneca, Pfizer/BioNTech",6194517,6081230,12275747
2021-10-26,"Johnson&Johnson, Moderna, Oxford/AstraZeneca, Pfizer/BioNTech",6206508,6087778,12294286
2021-10-27,"Johnson&Johnson, Moderna, Oxford/AstraZeneca, Pfizer/BioNTech",6221118,6095179,12316297
2021-10-28,"Johnson&Johnson, Moderna, Oxford/AstraZeneca, Pfizer/BioNTech",6224536,6096858,12321394
2021-10-29,"Johnson&Johnson, Moderna, Oxford/AstraZeneca, Pfizer/BioNTech",6238968,6104838,12343806
2021-10-30,"Johnson&Johnson, Moderna, Oxford/AstraZeneca, Pfizer/BioNTech",6243498,6107762,12351260
2021-10-31,"Johnson&Johnson, Moderna, Oxford/AstraZeneca, Pfizer/BioNTech",6247260,6110233,12357493
2021-11-01,"Johnson&Johnson, Moderna, Oxford/AstraZeneca, Pfizer/BioNTech",6262463,6117922,12380385
2021-11-02,"Johnson&Johnson, Moderna, Oxford/AstraZeneca, Pfizer/BioNTech",6277916,6125478,12403394
2021-11-03,"Johnson&Johnson, Moderna, Oxford/AstraZeneca, Pfizer/BioNTech",6295096,6132773,12427869
2021-11-04,"Johnson&Johnson, Moderna, Oxford/AstraZeneca, Pfizer/BioNTech",6313449,6140940,12454389
2021-11-05,"Johnson&Johnson, Moderna, Oxford/AstraZeneca, Pfizer/BioNTech",6336247,6152218,12488465
2021-11-06,"Johnson&Johnson, Moderna, Pfizer/BioNTech",6342759,6155270,12498029
2021-11-07,"Johnson&Johnson, Moderna, Oxford/AstraZeneca, Pfizer/BioNTech",6346781,6157707,12504488
2021-11-08,"Johnson&Johnson, Moderna, Oxford/AstraZeneca, Pfizer/BioNTech",6363051,6165339,12528390
2021-11-09,"Johnson&Johnson, Moderna, Oxford/AstraZeneca, Pfizer/BioNTech",6377859,6172633,12550492
2021-11-10,"Johnson&Johnson, Moderna, Oxford/AstraZeneca, Pfizer/BioNTech",6393601,6180008,12573609
2021-11-11,"Johnson&Johnson, Moderna, Oxford/AstraZeneca, Pfizer/BioNTech",6409072,6189113,12598185
2021-11-12,"Johnson&Johnson, Moderna, Oxford/AstraZeneca, Pfizer/BioNTech",6428879,6201911,12630790
2021-11-13,"Johnson&Johnson, Moderna, Oxford/AstraZeneca, Pfizer/BioNTech",6434271,6205782,12640053
2021-11-14,"Johnson&Johnson, Moderna, Oxford/AstraZeneca, Pfizer/BioNTech",6438163,6208785,12646948
2021-11-15,"Johnson&Johnson, Moderna, Oxford/AstraZeneca, Pfizer/BioNTech",6453241,6219475,12672716
2021-11-16,"Johnson&Johnson, Moderna, Oxford/AstraZeneca, Pfizer/BioNTech",6470784,6231455,12702239
2021-11-17,"Johnson&Johnson, Moderna, Oxford/AstraZeneca, Pfizer/BioNTech",6475025,6235018,12710043
2021-11-18,"Johnson&Johnson, Moderna, Oxford/AstraZeneca, Pfizer/BioNTech",6494441,6246703,12741144
2021-11-19,"Johnson&Johnson, Moderna, Oxford/AstraZeneca, Pfizer/BioNTech",6519050,6263670,12782720
2021-11-20,"Johnson&Johnson, Moderna, Pfizer/BioNTech",6527621,6268648,12796269
2021-11-21,"Johnson&Johnson, Moderna, Pfizer/BioNTech",6534392,6272419,12806811
2021-11-22,"Johnson&Johnson, Moderna, Oxford/AstraZeneca, Pfizer/BioNTech",6552910,6286530,12839440
2021-11-23,"Johnson&Johnson, Moderna, Oxford/AstraZeneca, Pfizer/BioNTech",6571975,6299787,12871762
2021-11-24,"Johnson&Johnson, Moderna, Oxford/AstraZeneca, Pfizer/BioNTech",6590988,6315630,12906618
2021-11-25,"Johnson&Johnson, Moderna, Oxford/AstraZeneca, Pfizer/BioNTech",6610139,6330656,12940795
2021-11-26,"Johnson&Johnson, Moderna, Oxford/AstraZeneca, Pfizer/BioNTech",6631797,6349794,12981591
2021-11-27,"Johnson&Johnson, Moderna, Oxford/AstraZeneca, Pfizer/BioNTech",6639268,6355348,12994616
2021-11-28,"Johnson&Johnson, Moderna, Oxford/AstraZeneca, Pfizer/BioNTech",6642606,6358482,13001088
2021-11-29,"Johnson&Johnson, Moderna, Oxford/AstraZeneca, Pfizer/BioNTech",6657815,6372138,13029953
2021-11-30,"Johnson&Johnson, Moderna, Oxford/AstraZeneca, Pfizer/BioNTech",6671019,6383373,13054392
2021-12-01,"Johnson&Johnson, Moderna, Oxford/AstraZeneca, Pfizer/BioNTech",6685050,6395828,13080878
2021-12-02,"Johnson&Johnson, Moderna, Oxford/AstraZeneca, Pfizer/BioNTech",6695686,6408322,13104008
2021-12-03,"Johnson&Johnson, Moderna, Oxford/AstraZeneca, Pfizer/BioNTech",6705331,6423893,13129224
2021-12-04,"Johnson&Johnson, Moderna, Pfizer/BioNTech",6707893,6427841,13135734
2021-12-05,"Johnson&Johnson, Moderna, Oxford/AstraZeneca, Pfizer/BioNTech",6709256,6430181,13139437
2021-12-06,"Johnson&Johnson, Moderna, Oxford/AstraZeneca, Pfizer/BioNTech",6717420,6441703,13159123
2021-12-07,"Johnson&Johnson, Moderna, Oxford/AstraZeneca, Pfizer/BioNTech",6725317,6453709,13179026
2021-12-08,"Johnson&Johnson, Moderna, Oxford/AstraZeneca, Pfizer/BioNTech",6733568,6459634,13193202
2021-12-09,"Johnson&Johnson, Moderna, Oxford/AstraZeneca, Pfizer/BioNTech",6740690,6472454,13213144
2021-12-10,"Johnson&Johnson, Moderna, Oxford/AstraZeneca, Pfizer/BioNTech",6747623,6490257,13237880
2021-12-11,"Johnson&Johnson, Moderna, Pfizer/BioNTech",6749284,6495528,13244812
2021-12-12,"Johnson&Johnson, Moderna, Oxford/AstraZeneca, Pfizer/BioNTech",6750594,6499960,13250554
2021-12-13,"Johnson&Johnson, Moderna, Oxford/AstraZeneca, Pfizer/BioNTech",6756951,6513269,13270220
2021-12-14,"Johnson&Johnson, Moderna, Oxford/AstraZeneca, Pfizer/BioNTech",6763179,6526938,13290117
2021-12-15,"Johnson&Johnson, Moderna, Oxford/AstraZeneca, Pfizer/BioNTech",6769381,6540539,13309920
2021-12-16,"Johnson&Johnson, Moderna, Oxford/AstraZeneca, Pfizer/BioNTech",6776320,6555374,13331694
2021-12-17,"Johnson&Johnson, Moderna, Oxford/AstraZeneca, Pfizer/BioNTech",6784692,6572633,13357325
2021-12-18,"Johnson&Johnson, Moderna, Oxford/AstraZeneca, Pfizer/BioNTech",6787302,6578081,13365383
2021-12-19,"Johnson&Johnson, Moderna, Pfizer/BioNTech",6789074,6580584,13369658
2021-12-20,"Johnson&Johnson, Moderna, Oxford/AstraZeneca, Pfizer/BioNTech",6794893,6594646,13389539
2021-12-21,"Johnson&Johnson, Moderna, Oxford/AstraZeneca, Pfizer/BioNTech",6801561,6606633,13408194
2021-12-22,"Johnson&Johnson, Moderna, Oxford/AstraZeneca, Pfizer/BioNTech",6806621,6619680,13426301
2021-12-23,"Johnson&Johnson, Moderna, Oxford/AstraZeneca, Pfizer/BioNTech",6809488,6625281,13434769
2021-12-24,"Johnson&Johnson, Moderna, Oxford/AstraZeneca, Pfizer/BioNTech",6809534,6625381,13434915
2021-12-25,"Moderna, Pfizer/BioNTech",6809535,6625388,13434923
2021-12-26,"Moderna, Pfizer/BioNTech",6809634,6625591,13435225
2021-12-27,"Johnson&Johnson, Moderna, Pfizer/BioNTech",6813501,6635326,13448827
2021-12-28,"Johnson&Johnson, Moderna, Oxford/AstraZeneca, Pfizer/BioNTech",6818740,6643307,13462047
2021-12-29,"Johnson&Johnson, Moderna, Oxford/AstraZeneca, Pfizer/BioNTech",6823020,6651017,13474037
2021-12-30,"Johnson&Johnson, Moderna, Pfizer/BioNTech",6827319,6656444,13483763
2021-12-31,"Johnson&Johnson, Moderna, Pfizer/BioNTech",6827826,6657861,13485687
2022-01-01,"Johnson&Johnson, Moderna, Pfizer/BioNTech",6827831,6657879,13485710
2022-01-02,"Johnson&Johnson, Moderna, Pfizer/BioNTech",6828682,6659261,13487943
2022-01-03,"Johnson&Johnson, Moderna, Oxford/AstraZeneca, Pfizer/BioNTech",6832809,6668165,13500974
2022-01-04,"Johnson&Johnson, Moderna, Oxford/AstraZeneca, Pfizer/BioNTech",6837896,6675941,13513837
2022-01-05,"Johnson&Johnson, Moderna, Oxford/AstraZeneca, Pfizer/BioNTech",6843699,6683903,13527602
2022-01-06,"Johnson&Johnson, Moderna, Oxford/AstraZeneca, Pfizer/BioNTech",6850283,6692327,13542610
2022-01-07,"Johnson&Johnson, Moderna, Oxford/AstraZeneca, Pfizer/BioNTech",6858141,6702672,13560813
2022-01-08,"Johnson&Johnson, Moderna, Oxford/AstraZeneca, Pfizer/BioNTech",6860623,6705454,13566077
2022-01-09,"Johnson&Johnson, Moderna, Pfizer/BioNTech",6861705,6707156,13568861
2022-01-10,"Johnson&Johnson, Moderna, Oxford/AstraZeneca, Pfizer/BioNTech",6866184,6713328,13579512
2022-01-11,"Johnson&Johnson, Moderna, Oxford/AstraZeneca, Pfizer/BioNTech",6871609,6720087,13591696
2022-01-12,"Johnson&Johnson, Moderna, Oxford/AstraZeneca, Pfizer/BioNTech",6877554,6725730,13603284
2022-01-13,"Johnson&Johnson, Moderna, Oxford/AstraZeneca, Pfizer/BioNTech",6883430,6730497,13613927
2022-01-14,"Johnson&Johnson, Moderna, Oxford/AstraZeneca, Pfizer/BioNTech",6889712,6734143,13623855
2022-01-15,"Johnson&Johnson, Moderna, Oxford/AstraZeneca, Pfizer/BioNTech",6890985,6734799,13625784
2022-01-16,"Johnson&Johnson, Moderna, Oxford/AstraZeneca, Pfizer/BioNTech",6891673,6735240,13626913
2022-01-17,"Johnson&Johnson, Moderna, Oxford/AstraZeneca, Pfizer/BioNTech",6895176,6739193,13634369
2022-01-18,"Johnson&Johnson, Moderna, Oxford/AstraZeneca, Pfizer/BioNTech",6899045,6744145,13643190
2022-01-19,"Johnson&Johnson, Moderna, Oxford/AstraZeneca, Pfizer/BioNTech",6903091,6748073,13651164
2022-01-20,"Johnson&Johnson, Moderna, Oxford/AstraZeneca, Pfizer/BioNTech",6906675,6752489,13659164
2022-01-21,"Johnson&Johnson, Moderna, Oxford/AstraZeneca, Pfizer/BioNTech",6910668,6755008,13665676
2022-01-22,"Johnson&Johnson, Moderna, Oxford/AstraZeneca, Pfizer/BioNTech",6911446,6755447,13666893
2022-01-23,"Johnson&Johnson, Moderna, Pfizer/BioNTech",6912005,6756081,13668086
2022-01-24,"Johnson&Johnson, Moderna, Oxford/AstraZeneca, Pfizer/BioNTech",6914264,6759508,13673772
2022-01-25,"Johnson&Johnson, Moderna, Oxford/AstraZeneca, Pfizer/BioNTech",6916616,6763493,13680109
2022-01-26,"Johnson&Johnson, Moderna, Oxford/AstraZeneca, Pfizer/BioNTech",6919009,6768050,13687059
2022-01-27,"Johnson&Johnson, Moderna, Oxford/AstraZeneca, Pfizer/BioNTech",6921360,6772866,13694226
2022-01-28,"Johnson&Johnson, Moderna, Oxford/AstraZeneca, Pfizer/BioNTech",6924282,6778997,13703279
2022-01-29,"Johnson&Johnson, Moderna, Pfizer/BioNTech",6924884,6780642,13705526
2022-01-30,"Johnson&Johnson, Moderna, Pfizer/BioNTech",6925111,6781416,13706527
2022-01-31,"Johnson&Johnson, Moderna, Pfizer/BioNTech",6926632,6785319,13711951
2022-02-01,"Johnson&Johnson, Moderna, Pfizer/BioNTech",6928196,6789314,13717510
2022-02-02,"Johnson&Johnson, Moderna, Pfizer/BioNTech",6929759,6793792,13723551
2022-02-03,"Johnson&Johnson, Moderna, Pfizer/BioNTech",6931133,6798248,13729381
2022-02-04,"Johnson&Johnson, Moderna, Pfizer/BioNTech",6932717,6803332,13736049
2022-02-05,"Johnson&Johnson, Moderna, Pfizer/BioNTech",6932900,6803946,13736846
2022-02-06,"Johnson&Johnson, Moderna, Pfizer/BioNTech",6932995,6804265,13737260
2022-02-07,"Johnson&Johnson, Moderna, Pfizer/BioNTech",6933683,6807415,13741098
2022-02-08,"Johnson&Johnson, Moderna, Pfizer/BioNTech",6934402,6810404,13744806
