date,vaccine,people_vaccinated,people_fully_vaccinated,total_vaccinations
2020-12-27,Pfizer/BioNTech,1263,0,1263
2020-12-28,Pfizer/BioNTech,3563,0,3563
2020-12-29,Pfizer/BioNTech,7021,0,7021
2020-12-30,Pfizer/BioNTech,10500,0,10500
2020-12-31,Pfizer/BioNTech,11815,0,11815
2021-01-01,Pfizer/BioNTech,12079,0,12079
2021-01-02,Pfizer/BioNTech,13337,0,13337
2021-01-03,Pfizer/BioNTech,14255,0,14255
2021-01-04,Pfizer/BioNTech,17836,0,17836
2021-01-05,Pfizer/BioNTech,22357,0,22357
2021-01-06,Pfizer/BioNTech,28187,0,28187
2021-01-07,Pfizer/BioNTech,36161,0,36161
2021-01-08,Pfizer/BioNTech,46133,0,46133
2021-01-09,Pfizer/BioNTech,48145,0,48145
2021-01-10,Pfizer/BioNTech,49871,0,49871
2021-01-11,Pfizer/BioNTech,59669,0,59669
2021-01-12,Pfizer/BioNTech,73081,0,73081
2021-01-13,Pfizer/BioNTech,86583,0,86583
2021-01-14,"Moderna, Pfizer/BioNTech",101785,0,101785
2021-01-15,"Moderna, Pfizer/BioNTech",115722,0,115722
2021-01-16,"Moderna, Pfizer/BioNTech",119099,0,119099
2021-01-17,"Moderna, Pfizer/BioNTech",121695,634,122329
2021-01-18,"Moderna, Pfizer/BioNTech",134152,2433,136585
2021-01-19,"Moderna, Pfizer/BioNTech",146553,5131,151684
2021-01-20,"Moderna, Pfizer/BioNTech",160064,7753,167817
2021-01-21,"Moderna, Pfizer/BioNTech",175537,9476,185013
2021-01-22,"Moderna, Pfizer/BioNTech",190242,10511,200753
2021-01-23,"Moderna, Pfizer/BioNTech",193501,11375,204876
2021-01-24,"Moderna, Pfizer/BioNTech",195740,12236,207976
2021-01-25,"Moderna, Pfizer/BioNTech",205342,15173,220515
2021-01-26,"Moderna, Pfizer/BioNTech",215819,19129,234948
2021-01-27,"Moderna, Pfizer/BioNTech",224767,23613,248380
2021-01-28,"Moderna, Pfizer/BioNTech",231796,29690,261486
2021-01-29,"Moderna, Pfizer/BioNTech",237969,37464,275433
2021-01-30,"Moderna, Pfizer/BioNTech",238685,38545,277230
2021-01-31,Pfizer/BioNTech,239384,39682,279066
2021-02-01,"Moderna, Pfizer/BioNTech",243203,47515,290718
2021-02-02,"Moderna, Pfizer/BioNTech",247307,57655,304962
2021-02-03,"Moderna, Pfizer/BioNTech",251692,68592,320284
2021-02-04,"Moderna, Pfizer/BioNTech",256560,81478,338038
2021-02-05,"Moderna, Pfizer/BioNTech",261951,92050,354001
2021-02-06,"Moderna, Pfizer/BioNTech",262783,94367,357150
2021-02-07,"Moderna, Pfizer/BioNTech",263626,96828,360454
2021-02-08,"Moderna, Pfizer/BioNTech",267570,108134,375704
2021-02-09,"Moderna, Pfizer/BioNTech",272582,119957,392539
2021-02-10,"Moderna, Pfizer/BioNTech",278068,133021,411089
2021-02-11,"Moderna, Oxford/AstraZeneca, Pfizer/BioNTech",284242,148956,433198
2021-02-12,"Moderna, Oxford/AstraZeneca, Pfizer/BioNTech",290746,163510,454256
2021-02-13,"Moderna, Oxford/AstraZeneca, Pfizer/BioNTech",292316,166457,458773
2021-02-14,"Moderna, Oxford/AstraZeneca, Pfizer/BioNTech",293302,167822,461124
2021-02-15,"Moderna, Oxford/AstraZeneca, Pfizer/BioNTech",299571,177097,476668
2021-02-16,"Moderna, Oxford/AstraZeneca, Pfizer/BioNTech",308015,185957,493972
2021-02-17,"Moderna, Oxford/AstraZeneca, Pfizer/BioNTech",317512,194122,511634
2021-02-18,"Moderna, Oxford/AstraZeneca, Pfizer/BioNTech",329607,202003,531610
2021-02-19,"Moderna, Oxford/AstraZeneca, Pfizer/BioNTech",341034,209190,550224
2021-02-20,"Moderna, Oxford/AstraZeneca, Pfizer/BioNTech",342897,210353,553250
2021-02-21,"Moderna, Oxford/AstraZeneca, Pfizer/BioNTech",343898,211356,555254
2021-02-22,"Moderna, Oxford/AstraZeneca, Pfizer/BioNTech",353779,217317,571096
2021-02-23,"Moderna, Oxford/AstraZeneca, Pfizer/BioNTech",366361,224191,590552
2021-02-24,"Moderna, Oxford/AstraZeneca, Pfizer/BioNTech",380003,230131,610134
2021-02-25,"Moderna, Oxford/AstraZeneca, Pfizer/BioNTech",397498,235619,633117
2021-02-26,"Moderna, Oxford/AstraZeneca, Pfizer/BioNTech",413155,240844,653999
2021-02-27,"Moderna, Oxford/AstraZeneca, Pfizer/BioNTech",416031,241389,657420
2021-02-28,"Moderna, Oxford/AstraZeneca, Pfizer/BioNTech",418347,241927,660274
2021-03-01,"Moderna, Oxford/AstraZeneca, Pfizer/BioNTech",437303,245220,682523
2021-03-02,"Moderna, Oxford/AstraZeneca, Pfizer/BioNTech",463809,248697,712506
2021-03-03,"Moderna, Oxford/AstraZeneca, Pfizer/BioNTech",493447,253081,746528
2021-03-04,"Moderna, Oxford/AstraZeneca, Pfizer/BioNTech",525310,257499,782809
2021-03-05,"Moderna, Oxford/AstraZeneca, Pfizer/BioNTech",552593,262673,815266
2021-03-06,"Moderna, Oxford/AstraZeneca, Pfizer/BioNTech",563621,263497,827118
2021-03-07,"Moderna, Oxford/AstraZeneca, Pfizer/BioNTech",573585,264315,837900
2021-03-08,"Moderna, Oxford/AstraZeneca, Pfizer/BioNTech",601838,268891,870729
2021-03-09,"Moderna, Oxford/AstraZeneca, Pfizer/BioNTech",635930,274544,910474
2021-03-10,"Moderna, Oxford/AstraZeneca, Pfizer/BioNTech",674092,280967,955059
2021-03-11,"Moderna, Oxford/AstraZeneca, Pfizer/BioNTech",711725,287670,999395
