date,vaccine,people_vaccinated,people_fully_vaccinated,total_vaccinations
2020-12-27,Pfizer/BioNTech,1283,0,1283
2020-12-28,Pfizer/BioNTech,3583,0,3583
2020-12-29,Pfizer/BioNTech,7050,1,7051
2020-12-30,Pfizer/BioNTech,10562,1,10563
2020-12-31,Pfizer/BioNTech,11875,1,11876
2021-01-01,"Moderna, Pfizer/BioNTech",12146,1,12147
2021-01-02,"Moderna, Pfizer/BioNTech",13432,2,13434
2021-01-03,"Moderna, Pfizer/BioNTech",14359,2,14361
2021-01-04,"Moderna, Pfizer/BioNTech",17961,3,17964
2021-01-05,"Moderna, Pfizer/BioNTech",22477,4,22481
2021-01-06,"Moderna, Pfizer/BioNTech",28316,5,28321
2021-01-07,"Moderna, Pfizer/BioNTech",36311,5,36316
2021-01-08,"Moderna, Pfizer/BioNTech",46358,6,46364
2021-01-09,"Moderna, Pfizer/BioNTech",48382,8,48390
2021-01-10,Pfizer/BioNTech,50150,10,50160
2021-01-11,"Moderna, Pfizer/BioNTech",59999,12,60011
2021-01-12,"Moderna, Pfizer/BioNTech",73447,14,73461
2021-01-13,"Moderna, Pfizer/BioNTech",86980,15,86995
2021-01-14,"Moderna, Pfizer/BioNTech",102221,19,102240
2021-01-15,"Moderna, Pfizer/BioNTech",116235,20,116255
2021-01-16,"Moderna, Pfizer/BioNTech",119632,24,119656
2021-01-17,"Moderna, Pfizer/BioNTech",122239,659,122898
2021-01-18,"Moderna, Pfizer/BioNTech",134718,2479,137197
2021-01-19,"Moderna, Pfizer/BioNTech",147317,5202,152519
2021-01-20,"Moderna, Pfizer/BioNTech",160997,7867,168864
2021-01-21,"Moderna, Pfizer/BioNTech",176636,9610,186246
2021-01-22,"Moderna, Pfizer/BioNTech",191514,10655,202169
2021-01-23,"Moderna, Pfizer/BioNTech",194830,11535,206365
2021-01-24,"Moderna, Pfizer/BioNTech",197080,12405,209485
2021-01-25,"Moderna, Pfizer/BioNTech",206722,15366,222088
2021-01-26,"Moderna, Pfizer/BioNTech",217261,19350,236611
2021-01-27,"Moderna, Pfizer/BioNTech",226284,23880,250164
2021-01-28,"Moderna, Pfizer/BioNTech",233384,30011,263395
2021-01-29,"Indie/AstraZeneca, Moderna, Pfizer/BioNTech",239590,37918,277508
2021-01-30,"Moderna, Pfizer/BioNTech",240328,39006,279334
2021-01-31,"Moderna, Pfizer/BioNTech",241047,40184,281231
2021-02-01,"Moderna, Pfizer/BioNTech",245025,48145,293170
2021-02-02,"Moderna, Pfizer/BioNTech",249180,58381,307561
2021-02-03,"Moderna, Pfizer/BioNTech",253603,69395,322998
2021-02-04,"Moderna, Pfizer/BioNTech",258509,82380,340889
2021-02-05,"Moderna, Pfizer/BioNTech",263982,93049,357031
2021-02-06,"Moderna, Oxford/AstraZeneca, Pfizer/BioNTech",264837,95405,360242
2021-02-07,"Moderna, Oxford/AstraZeneca, Pfizer/BioNTech",265687,97899,363586
2021-02-08,"Moderna, Oxford/AstraZeneca, Pfizer/BioNTech",269775,109314,379089
2021-02-09,"Moderna, Oxford/AstraZeneca, Pfizer/BioNTech",274884,121212,396096
2021-02-10,"Moderna, Oxford/AstraZeneca, Pfizer/BioNTech",280401,134452,414853
2021-02-11,"Moderna, Oxford/AstraZeneca, Pfizer/BioNTech",286742,150653,437395
2021-02-12,"Moderna, Oxford/AstraZeneca, Pfizer/BioNTech",293559,165385,458944
2021-02-13,"Moderna, Oxford/AstraZeneca, Pfizer/BioNTech",295176,168370,463546
2021-02-14,"Moderna, Oxford/AstraZeneca, Pfizer/BioNTech",296180,169750,465930
2021-02-15,"Moderna, Oxford/AstraZeneca, Pfizer/BioNTech",302576,179108,481684
2021-02-16,"Moderna, Oxford/AstraZeneca, Pfizer/BioNTech",311289,188180,499469
2021-02-17,"Moderna, Oxford/AstraZeneca, Pfizer/BioNTech",320984,196487,517471
2021-02-18,"Moderna, Oxford/AstraZeneca, Pfizer/BioNTech",333310,204564,537874
2021-02-19,"Moderna, Oxford/AstraZeneca, Pfizer/BioNTech",345174,211935,557109
2021-02-20,"Moderna, Oxford/AstraZeneca, Pfizer/BioNTech",347182,213119,560301
2021-02-21,"Moderna, Oxford/AstraZeneca, Pfizer/BioNTech",348317,214145,562462
2021-02-22,"Moderna, Oxford/AstraZeneca, Pfizer/BioNTech",358441,220177,578618
2021-02-23,"Moderna, Oxford/AstraZeneca, Pfizer/BioNTech",371400,227164,598564
2021-02-24,"Moderna, Oxford/AstraZeneca, Pfizer/BioNTech",385276,233201,618477
2021-02-25,"Moderna, Oxford/AstraZeneca, Pfizer/BioNTech",403253,238749,642002
2021-02-26,"Moderna, Oxford/AstraZeneca, Pfizer/BioNTech",419425,244101,663526
2021-02-27,"Moderna, Oxford/AstraZeneca, Pfizer/BioNTech",422433,244655,667088
2021-02-28,"Moderna, Oxford/AstraZeneca, Pfizer/BioNTech",424790,245206,669996
2021-03-01,"Moderna, Oxford/AstraZeneca, Pfizer/BioNTech",444379,248650,693029
2021-03-02,"Indie/AstraZeneca, Moderna, Oxford/AstraZeneca, Pfizer/BioNTech",471593,252204,723797
2021-03-03,"Moderna, Oxford/AstraZeneca, Pfizer/BioNTech",502524,256710,759234
2021-03-04,"Moderna, Oxford/AstraZeneca, Pfizer/BioNTech",535795,261400,797195
2021-03-05,"Johnson&Johnson, Moderna, Oxford/AstraZeneca, Pfizer/BioNTech",564626,266821,831447
2021-03-06,"Johnson&Johnson, Moderna, Oxford/AstraZeneca, Pfizer/BioNTech",576781,267686,844467
2021-03-07,"Johnson&Johnson, Moderna, Oxford/AstraZeneca, Pfizer/BioNTech",588328,268527,856855
2021-03-08,"Johnson&Johnson, Moderna, Oxford/AstraZeneca, Pfizer/BioNTech",618055,273387,891442
2021-03-09,"Johnson&Johnson, Moderna, Oxford/AstraZeneca, Pfizer/BioNTech",654402,279768,934170
2021-03-10,"Johnson&Johnson, Moderna, Oxford/AstraZeneca, Pfizer/BioNTech",695708,286725,982433
2021-03-11,"Johnson&Johnson, Moderna, Oxford/AstraZeneca, Pfizer/BioNTech",740550,295100,1035650
2021-03-12,"Johnson&Johnson, Moderna, Oxford/AstraZeneca, Pfizer/BioNTech, Čína",779292,303598,1082890
2021-03-13,"Johnson&Johnson, Moderna, Oxford/AstraZeneca, Pfizer/BioNTech",796386,304914,1101300
2021-03-14,"Johnson&Johnson, Moderna, Oxford/AstraZeneca, Pfizer/BioNTech",808484,306069,1114553
2021-03-15,"Johnson&Johnson, Moderna, Oxford/AstraZeneca, Pfizer/BioNTech",836862,314844,1151706
2021-03-16,"Johnson&Johnson, Moderna, Oxford/AstraZeneca, Pfizer/BioNTech",875729,325375,1201104
2021-03-17,"Moderna, Oxford/AstraZeneca, Pfizer/BioNTech",913186,335885,1249071
2021-03-18,"Johnson&Johnson, Moderna, Oxford/AstraZeneca, Pfizer/BioNTech",951170,348306,1299476
2021-03-19,"Johnson&Johnson, Moderna, Oxford/AstraZeneca, Pfizer/BioNTech",985674,361913,1347587
2021-03-20,"Johnson&Johnson, Moderna, Oxford/AstraZeneca, Pfizer/BioNTech",1000847,363943,1364790
2021-03-21,"Johnson&Johnson, Moderna, Oxford/AstraZeneca, Pfizer/BioNTech",1008288,365503,1373791
2021-03-22,"Indie/AstraZeneca, Johnson&Johnson, Moderna, Oxford/AstraZeneca, Pfizer/BioNTech",1032853,377996,1410849
2021-03-23,"Johnson&Johnson, Moderna, Oxford/AstraZeneca, Pfizer/BioNTech",1059517,391357,1450874
2021-03-24,"Indie/AstraZeneca, Johnson&Johnson, Moderna, Oxford/AstraZeneca, Pfizer/BioNTech",1086407,407092,1493499
2021-03-25,"Indie/AstraZeneca, Johnson&Johnson, Moderna, Oxford/AstraZeneca, Pfizer/BioNTech",1112751,424940,1537691
2021-03-26,"Johnson&Johnson, Moderna, Oxford/AstraZeneca, Pfizer/BioNTech",1137576,442442,1580018
2021-03-27,"Johnson&Johnson, Moderna, Oxford/AstraZeneca, Pfizer/BioNTech, Čína",1146023,447288,1593311
2021-03-28,"Moderna, Oxford/AstraZeneca, Pfizer/BioNTech, Čína",1151564,451433,1602997
2021-03-29,"Johnson&Johnson, Moderna, Oxford/AstraZeneca, Pfizer/BioNTech",1170709,472150,1642859
2021-03-30,"Johnson&Johnson, Moderna, Oxford/AstraZeneca, Pfizer/BioNTech",1195405,494319,1689724
2021-03-31,"Johnson&Johnson, Moderna, Oxford/AstraZeneca, Pfizer/BioNTech",1218554,521359,1739913
2021-04-01,"Indie/AstraZeneca, Johnson&Johnson, Moderna, Oxford/AstraZeneca, Pfizer/BioNTech",1244231,553403,1797634
2021-04-02,"Indie/AstraZeneca, Johnson&Johnson, Moderna, Oxford/AstraZeneca, Pfizer/BioNTech",1251209,566196,1817405
2021-04-03,"Johnson&Johnson, Moderna, Oxford/AstraZeneca, Pfizer/BioNTech",1254865,577119,1831984
2021-04-04,"Johnson&Johnson, Moderna, Oxford/AstraZeneca, Pfizer/BioNTech",1257408,586038,1843446
2021-04-05,"Johnson&Johnson, Moderna, Oxford/AstraZeneca, Pfizer/BioNTech",1259841,593239,1853080
2021-04-06,"Indie/AstraZeneca, Johnson&Johnson, Moderna, Oxford/AstraZeneca, Pfizer/BioNTech, Čína",1276052,622492,1898544
2021-04-07,"Johnson&Johnson, Moderna, Oxford/AstraZeneca, Pfizer/BioNTech",1299545,644712,1944257
2021-04-08,"Johnson&Johnson, Moderna, Oxford/AstraZeneca, Pfizer/BioNTech",1338347,675747,2014094
2021-04-09,"Indie/AstraZeneca, Johnson&Johnson, Moderna, Oxford/AstraZeneca, Pfizer/BioNTech, Čína",1377936,705926,2083862
2021-04-10,"Johnson&Johnson, Moderna, Oxford/AstraZeneca, Pfizer/BioNTech",1393496,721224,2114720
2021-04-11,"Johnson&Johnson, Moderna, Oxford/AstraZeneca, Pfizer/BioNTech",1403288,731267,2134555
2021-04-12,"Johnson&Johnson, Moderna, Oxford/AstraZeneca, Pfizer/BioNTech",1441586,756396,2197982
2021-04-13,"Moderna, Oxford/AstraZeneca, Pfizer/BioNTech",1477872,782418,2260290
2021-04-14,"Moderna, Oxford/AstraZeneca, Pfizer/BioNTech",1516751,809776,2326527
2021-04-15,"Moderna, Oxford/AstraZeneca, Pfizer/BioNTech",1564569,835537,2400106
2021-04-16,"Moderna, Oxford/AstraZeneca, Pfizer/BioNTech",1609274,861202,2470476
2021-04-17,"Indie/AstraZeneca, Moderna, Oxford/AstraZeneca, Pfizer/BioNTech",1625993,870214,2496207
2021-04-18,"Moderna, Oxford/AstraZeneca, Pfizer/BioNTech, Čína",1638990,875193,2514183
2021-04-19,"Johnson&Johnson, Moderna, Oxford/AstraZeneca, Pfizer/BioNTech",1682935,890620,2573555
2021-04-20,"Johnson&Johnson, Moderna, Oxford/AstraZeneca, Pfizer/BioNTech",1725493,906500,2631993
2021-04-21,"Moderna, Oxford/AstraZeneca, Pfizer/BioNTech",1773234,920863,2694097
2021-04-22,"Johnson&Johnson, Moderna, Oxford/AstraZeneca, Pfizer/BioNTech",1827738,938252,2765990
2021-04-23,"Johnson&Johnson, Moderna, Oxford/AstraZeneca, Pfizer/BioNTech",1877728,950306,2828034
2021-04-24,"Johnson&Johnson, Moderna, Oxford/AstraZeneca, Pfizer/BioNTech, Čína",1895591,955574,2851165
2021-04-25,"Johnson&Johnson, Moderna, Oxford/AstraZeneca, Pfizer/BioNTech",1910292,959574,2869866
2021-04-26,"Johnson&Johnson, Moderna, Oxford/AstraZeneca, Pfizer/BioNTech",1959884,967140,2927024
2021-04-27,"Johnson&Johnson, Moderna, Oxford/AstraZeneca, Pfizer/BioNTech",2008853,979387,2988240
2021-04-28,"Johnson&Johnson, Moderna, Oxford/AstraZeneca, Pfizer/BioNTech, Čína",2067609,993404,3061013
2021-04-29,"Indie/AstraZeneca, Johnson&Johnson, Moderna, Oxford/AstraZeneca, Pfizer/BioNTech",2133206,1009317,3142523
2021-04-30,"Indie/AstraZeneca, Johnson&Johnson, Moderna, Oxford/AstraZeneca, Pfizer/BioNTech",2195474,1019310,3214784
2021-05-01,"Johnson&Johnson, Moderna, Oxford/AstraZeneca, Pfizer/BioNTech",2214860,1022776,3237636
2021-05-02,"Johnson&Johnson, Moderna, Oxford/AstraZeneca, Pfizer/BioNTech",2233797,1025067,3258864
2021-05-03,"Johnson&Johnson, Moderna, Oxford/AstraZeneca, Pfizer/BioNTech",2301047,1030151,3331198
2021-05-04,"Johnson&Johnson, Moderna, Oxford/AstraZeneca, Pfizer/BioNTech",2367589,1038517,3406106
2021-05-05,"Johnson&Johnson, Moderna, Oxford/AstraZeneca, Pfizer/BioNTech",2440773,1047963,3488736
2021-05-06,"Johnson&Johnson, Moderna, Oxford/AstraZeneca, Pfizer/BioNTech",2521198,1058711,3579909
2021-05-07,"Indie/AstraZeneca, Johnson&Johnson, Moderna, Oxford/AstraZeneca, Pfizer/BioNTech",2598522,1068851,3667373
2021-05-08,"Johnson&Johnson, Moderna, Oxford/AstraZeneca, Pfizer/BioNTech",2628060,1070642,3698702
2021-05-09,"Johnson&Johnson, Moderna, Oxford/AstraZeneca, Pfizer/BioNTech",2652291,1071864,3724155
2021-05-10,"Johnson&Johnson, Moderna, Oxford/AstraZeneca, Pfizer/BioNTech",2725069,1079107,3804176
2021-05-11,"Johnson&Johnson, Moderna, Oxford/AstraZeneca, Pfizer/BioNTech",2801205,1087939,3889144
2021-05-12,"Johnson&Johnson, Moderna, Oxford/AstraZeneca, Pfizer/BioNTech",2881128,1097081,3978209
2021-05-13,"Johnson&Johnson, Moderna, Oxford/AstraZeneca, Pfizer/BioNTech",2965165,1106264,4071429
2021-05-14,"Johnson&Johnson, Moderna, Oxford/AstraZeneca, Pfizer/BioNTech",3044708,1114087,4158795
2021-05-15,"Johnson&Johnson, Moderna, Oxford/AstraZeneca, Pfizer/BioNTech",3076672,1116372,4193044
2021-05-16,"Johnson&Johnson, Moderna, Oxford/AstraZeneca, Pfizer/BioNTech",3102477,1117657,4220134
2021-05-17,"Indie/AstraZeneca, Johnson&Johnson, Moderna, Oxford/AstraZeneca, Pfizer/BioNTech",3175005,1124411,4299416
2021-05-18,"Indie/AstraZeneca, Johnson&Johnson, Moderna, Oxford/AstraZeneca, Pfizer/BioNTech",3246984,1137532,4384516
2021-05-19,"Johnson&Johnson, Moderna, Oxford/AstraZeneca, Pfizer/BioNTech",3324469,1152697,4477166
2021-05-20,"Johnson&Johnson, Moderna, Oxford/AstraZeneca, Pfizer/BioNTech",3399965,1179761,4579726
2021-05-21,"Johnson&Johnson, Moderna, Oxford/AstraZeneca, Pfizer/BioNTech",3468819,1207565,4676384
2021-05-22,"Johnson&Johnson, Moderna, Oxford/AstraZeneca, Pfizer/BioNTech",3501287,1218801,4720088
2021-05-23,"Johnson&Johnson, Moderna, Oxford/AstraZeneca, Pfizer/BioNTech",3523733,1227842,4751575
2021-05-24,"Johnson&Johnson, Moderna, Oxford/AstraZeneca, Pfizer/BioNTech",3570950,1261497,4832447
2021-05-25,"Indie/AstraZeneca, Johnson&Johnson, Moderna, Oxford/AstraZeneca, Pfizer/BioNTech",3622869,1297329,4920198
2021-05-26,"Johnson&Johnson, Moderna, Oxford/AstraZeneca, Pfizer/BioNTech, Čína",3690640,1334877,5025517
2021-05-27,"Indie/AstraZeneca, Johnson&Johnson, Moderna, Oxford/AstraZeneca, Pfizer/BioNTech",3752068,1382229,5134297
2021-05-28,"Johnson&Johnson, Moderna, Oxford/AstraZeneca, Pfizer/BioNTech",3813810,1428834,5242644
2021-05-29,"Indie/AstraZeneca, Johnson&Johnson, Moderna, Oxford/AstraZeneca, Pfizer/BioNTech",3843087,1445979,5289066
2021-05-30,"Johnson&Johnson, Moderna, Oxford/AstraZeneca, Pfizer/BioNTech, Čína",3865502,1460448,5325950
2021-05-31,"Indie/AstraZeneca, Johnson&Johnson, Moderna, Oxford/AstraZeneca, Pfizer/BioNTech",3921243,1507954,5429197
2021-06-01,"Johnson&Johnson, Moderna, Oxford/AstraZeneca, Pfizer/BioNTech",3980359,1556822,5537181
2021-06-02,"Indie/AstraZeneca, Johnson&Johnson, Moderna, Oxford/AstraZeneca, Pfizer/BioNTech, Čína",4043337,1610833,5654170
2021-06-03,"Johnson&Johnson, Moderna, Oxford/AstraZeneca, Pfizer/BioNTech",4101599,1671055,5772654
2021-06-04,"Johnson&Johnson, Moderna, Oxford/AstraZeneca, Pfizer/BioNTech",4164743,1728460,5893203
2021-06-05,"Indie/AstraZeneca, Johnson&Johnson, Moderna, Oxford/AstraZeneca, Pfizer/BioNTech",4198935,1747381,5946316
2021-06-06,"Johnson&Johnson, Moderna, Oxford/AstraZeneca, Pfizer/BioNTech",4225897,1762551,5988448
2021-06-07,"Johnson&Johnson, Moderna, Oxford/AstraZeneca, Pfizer/BioNTech",4289583,1818184,6107767
2021-06-08,"Indie/AstraZeneca, Johnson&Johnson, Moderna, Oxford/AstraZeneca, Pfizer/BioNTech",4353601,1873185,6226786
2021-06-09,"Indie/AstraZeneca, Johnson&Johnson, Moderna, Oxford/AstraZeneca, Pfizer/BioNTech",4412818,1937851,6350669
2021-06-10,"Indie/AstraZeneca, Johnson&Johnson, Moderna, Oxford/AstraZeneca, Pfizer/BioNTech",4466685,2009151,6475836
2021-06-11,"Johnson&Johnson, Moderna, Oxford/AstraZeneca, Pfizer/BioNTech, Čína",4518810,2078994,6597804
2021-06-12,"Indie/AstraZeneca, Johnson&Johnson, Moderna, Oxford/AstraZeneca, Pfizer/BioNTech, Čína",4550846,2099851,6650697
2021-06-13,"Johnson&Johnson, Moderna, Oxford/AstraZeneca, Pfizer/BioNTech",4574888,2118284,6693172
2021-06-14,"Johnson&Johnson, Moderna, Oxford/AstraZeneca, Pfizer/BioNTech, Čína",4617990,2192673,6810663
2021-06-15,"Johnson&Johnson, Moderna, Oxford/AstraZeneca, Pfizer/BioNTech, Čína",4662681,2265071,6927752
2021-06-16,"Johnson&Johnson, Moderna, Oxford/AstraZeneca, Pfizer/BioNTech",4705510,2343299,7048809
2021-06-17,"Johnson&Johnson, Moderna, Oxford/AstraZeneca, Pfizer/BioNTech",4744951,2426404,7171355
2021-06-18,"Johnson&Johnson, Moderna, Oxford/AstraZeneca, Pfizer/BioNTech",4787403,2506999,7294402
2021-06-19,"Johnson&Johnson, Moderna, Oxford/AstraZeneca, Pfizer/BioNTech, Čína",4809208,2536347,7345555
2021-06-20,"Johnson&Johnson, Moderna, Oxford/AstraZeneca, Pfizer/BioNTech, Čína",4826621,2560218,7386839
2021-06-21,"Johnson&Johnson, Moderna, Oxford/AstraZeneca, Pfizer/BioNTech, Čína",4859139,2638834,7497973
2021-06-22,"Johnson&Johnson, Moderna, Oxford/AstraZeneca, Pfizer/BioNTech",4892125,2721158,7613283
2021-06-23,"Johnson&Johnson, Moderna, Oxford/AstraZeneca, Pfizer/BioNTech",4923859,2806411,7730270
2021-06-24,"Indie/AstraZeneca, Johnson&Johnson, Moderna, Oxford/AstraZeneca, Pfizer/BioNTech, Čína",4953739,2896480,7850219
2021-06-25,"Johnson&Johnson, Moderna, Oxford/AstraZeneca, Pfizer/BioNTech",4984834,2982735,7967569
2021-06-26,"Johnson&Johnson, Moderna, Oxford/AstraZeneca, Pfizer/BioNTech",5000733,3017632,8018365
2021-06-27,"Johnson&Johnson, Moderna, Oxford/AstraZeneca, Pfizer/BioNTech, Čína",5014696,3044348,8059044
2021-06-28,"Johnson&Johnson, Moderna, Oxford/AstraZeneca, Pfizer/BioNTech",5043122,3129576,8172698
2021-06-29,"Johnson&Johnson, Moderna, Oxford/AstraZeneca, Pfizer/BioNTech, Čína",5072419,3216137,8288556
2021-06-30,"Johnson&Johnson, Moderna, Oxford/AstraZeneca, Pfizer/BioNTech",5099935,3307199,8407134
2021-07-01,"Johnson&Johnson, Moderna, Oxford/AstraZeneca, Pfizer/BioNTech",5123954,3397313,8521267
2021-07-02,"Johnson&Johnson, Moderna, Oxford/AstraZeneca, Pfizer/BioNTech",5150712,3483263,8633975
2021-07-03,"Indie/AstraZeneca, Johnson&Johnson, Moderna, Oxford/AstraZeneca, Pfizer/BioNTech",5157827,3514837,8672664
2021-07-04,"Johnson&Johnson, Moderna, Oxford/AstraZeneca, Pfizer/BioNTech",5165426,3536664,8702090
2021-07-05,"Johnson&Johnson, Moderna, Oxford/AstraZeneca, Pfizer/BioNTech",5172858,3562084,8734942
2021-07-06,"Johnson&Johnson, Moderna, Oxford/AstraZeneca, Pfizer/BioNTech, Čína",5178357,3589838,8768195
2021-07-07,"Johnson&Johnson, Moderna, Oxford/AstraZeneca, Pfizer/BioNTech",5204205,3668854,8873059
2021-07-08,"Johnson&Johnson, Moderna, Oxford/AstraZeneca, Pfizer/BioNTech",5230836,3739218,8970054
2021-07-09,"Indie/AstraZeneca, Johnson&Johnson, Moderna, Oxford/AstraZeneca, Pfizer/BioNTech",5258807,3808561,9067368
2021-07-10,"Indie/AstraZeneca, Johnson&Johnson, Moderna, Oxford/AstraZeneca, Pfizer/BioNTech, Čína",5268198,3837239,9105437
2021-07-11,"Johnson&Johnson, Moderna, Oxford/AstraZeneca, Pfizer/BioNTech",5276762,3860131,9136893
2021-07-12,"Johnson&Johnson, Moderna, Oxford/AstraZeneca, Pfizer/BioNTech, Čína",5304329,3929217,9233546
2021-07-13,"Johnson&Johnson, Moderna, Oxford/AstraZeneca, Pfizer/BioNTech",5330557,3999121,9329678
2021-07-14,"Johnson&Johnson, Moderna, Oxford/AstraZeneca, Pfizer/BioNTech",5356408,4071136,9427544
2021-07-15,"Indie/AstraZeneca, Johnson&Johnson, Moderna, Oxford/AstraZeneca, Pfizer/BioNTech",5385607,4137172,9522779
2021-07-16,"Johnson&Johnson, Moderna, Oxford/AstraZeneca, Pfizer/BioNTech",5413562,4209932,9623494
2021-07-17,"Johnson&Johnson, Moderna, Oxford/AstraZeneca, Pfizer/BioNTech, Čína",5422378,4241415,9663793
2021-07-18,"Johnson&Johnson, Moderna, Oxford/AstraZeneca, Pfizer/BioNTech, Čína",5430828,4267439,9698267
2021-07-19,"Johnson&Johnson, Moderna, Oxford/AstraZeneca, Pfizer/BioNTech",5454207,4334470,9788677
2021-07-20,"Johnson&Johnson, Moderna, Oxford/AstraZeneca, Pfizer/BioNTech",5475645,4401557,9877202
2021-07-21,"Indie/AstraZeneca, Johnson&Johnson, Moderna, Oxford/AstraZeneca, Pfizer/BioNTech",5499121,4465044,9964165
2021-07-22,"Johnson&Johnson, Moderna, Oxford/AstraZeneca, Pfizer/BioNTech",5521507,4523712,10045219
2021-07-23,"Johnson&Johnson, Moderna, Oxford/AstraZeneca, Pfizer/BioNTech",5544766,4578493,10123259
2021-07-24,"Indie/AstraZeneca, Johnson&Johnson, Moderna, Oxford/AstraZeneca, Pfizer/BioNTech, Čína",5552137,4606183,10158320
2021-07-25,"Johnson&Johnson, Moderna, Oxford/AstraZeneca, Pfizer/BioNTech",5558793,4628327,10187120
2021-07-26,"Johnson&Johnson, Moderna, Oxford/AstraZeneca, Pfizer/BioNTech",5582363,4677038,10259401
2021-07-27,"Johnson&Johnson, Moderna, Oxford/AstraZeneca, Pfizer/BioNTech, Čína",5605134,4723718,10328852
2021-07-28,"Johnson&Johnson, Moderna, Oxford/AstraZeneca, Pfizer/BioNTech",5626433,4769771,10396204
2021-07-29,"Johnson&Johnson, Moderna, Oxford/AstraZeneca, Pfizer/BioNTech",5647789,4811775,10459564
2021-07-30,"Johnson&Johnson, Moderna, Oxford/AstraZeneca, Pfizer/BioNTech",5671090,4854385,10525475
2021-07-31,"Indie/AstraZeneca, Johnson&Johnson, Moderna, Oxford/AstraZeneca, Pfizer/BioNTech, Čína",5680061,4873948,10554009
2021-08-01,"Johnson&Johnson, Moderna, Oxford/AstraZeneca, Pfizer/BioNTech, Čína",5686805,4890132,10576937
2021-08-02,"Johnson&Johnson, Moderna, Oxford/AstraZeneca, Pfizer/BioNTech",5705467,4927723,10633190
2021-08-03,"Johnson&Johnson, Moderna, Oxford/AstraZeneca, Pfizer/BioNTech",5723143,4965879,10689022
2021-08-04,"Johnson&Johnson, Moderna, Oxford/AstraZeneca, Pfizer/BioNTech",5739288,5002683,10741971
2021-08-05,"Johnson&Johnson, Moderna, Oxford/AstraZeneca, Pfizer/BioNTech",5755353,5043211,10798564
2021-08-06,"Johnson&Johnson, Moderna, Oxford/AstraZeneca, Pfizer/BioNTech",5772187,5086561,10858748
2021-08-07,"Johnson&Johnson, Moderna, Oxford/AstraZeneca, Pfizer/BioNTech",5777810,5104760,10882570
2021-08-08,"Johnson&Johnson, Moderna, Oxford/AstraZeneca, Pfizer/BioNTech",5782188,5120539,10902727
2021-08-09,"Indie/AstraZeneca, Johnson&Johnson, Moderna, Oxford/AstraZeneca, Pfizer/BioNTech",5794838,5165631,10960469
2021-08-10,"Johnson&Johnson, Moderna, Oxford/AstraZeneca, Pfizer/BioNTech, Čína",5806702,5205240,11011942
2021-08-11,"Indie/AstraZeneca, Johnson&Johnson, Moderna, Oxford/AstraZeneca, Pfizer/BioNTech",5818085,5248404,11066489
2021-08-12,"Johnson&Johnson, Moderna, Oxford/AstraZeneca, Pfizer/BioNTech",5829515,5285571,11115086
2021-08-13,"Johnson&Johnson, Moderna, Oxford/AstraZeneca, Pfizer/BioNTech",5840265,5325950,11166215
2021-08-14,"Johnson&Johnson, Moderna, Oxford/AstraZeneca, Pfizer/BioNTech",5843617,5336681,11180298
2021-08-15,"Johnson&Johnson, Moderna, Oxford/AstraZeneca, Pfizer/BioNTech",5846215,5347079,11193294
2021-08-16,"Indie/AstraZeneca, Johnson&Johnson, Moderna, Oxford/AstraZeneca, Pfizer/BioNTech, Čína",5856020,5381187,11237207
2021-08-17,"Johnson&Johnson, Moderna, Oxford/AstraZeneca, Pfizer/BioNTech",5865624,5408325,11273949
2021-08-18,"Johnson&Johnson, Moderna, Oxford/AstraZeneca, Pfizer/BioNTech",5875005,5447263,11322268
2021-08-19,"Johnson&Johnson, Moderna, Oxford/AstraZeneca, Pfizer/BioNTech",5884692,5485641,11370333
2021-08-20,"Johnson&Johnson, Moderna, Oxford/AstraZeneca, Pfizer/BioNTech",5896097,5525868,11421965
2021-08-21,"Indie/AstraZeneca, Johnson&Johnson, Moderna, Oxford/AstraZeneca, Pfizer/BioNTech",5898830,5538662,11437492
2021-08-22,"Johnson&Johnson, Moderna, Oxford/AstraZeneca, Pfizer/BioNTech",5901177,5550645,11451822
2021-08-23,"Indie/AstraZeneca, Johnson&Johnson, Moderna, Oxford/AstraZeneca, Pfizer/BioNTech",5911720,5589952,11501672
2021-08-24,"Johnson&Johnson, Moderna, Oxford/AstraZeneca, Pfizer/BioNTech",5921606,5623220,11544826
2021-08-25,"Indie/AstraZeneca, Johnson&Johnson, Moderna, Oxford/AstraZeneca, Pfizer/BioNTech",5930488,5651623,11582111
2021-08-26,"Johnson&Johnson, Moderna, Oxford/AstraZeneca, Pfizer/BioNTech",5938949,5677782,11616731
2021-08-27,"Indie/AstraZeneca, Johnson&Johnson, Moderna, Oxford/AstraZeneca, Pfizer/BioNTech",5949281,5703799,11653080
2021-08-28,"Johnson&Johnson, Moderna, Oxford/AstraZeneca, Pfizer/BioNTech",5952029,5710888,11662917
2021-08-29,"Johnson&Johnson, Moderna, Oxford/AstraZeneca, Pfizer/BioNTech, Čína",5954448,5717522,11671970
2021-08-30,"Johnson&Johnson, Moderna, Oxford/AstraZeneca, Pfizer/BioNTech",5962977,5739426,11702403
2021-08-31,"Indie/AstraZeneca, Johnson&Johnson, Moderna, Oxford/AstraZeneca, Pfizer/BioNTech, Čína",5970673,5757565,11728238
2021-09-01,"Johnson&Johnson, Moderna, Oxford/AstraZeneca, Pfizer/BioNTech",5976592,5771597,11748189
2021-09-02,"Johnson&Johnson, Moderna, Oxford/AstraZeneca, Pfizer/BioNTech",5983440,5786003,11769443
2021-09-03,"Johnson&Johnson, Moderna, Oxford/AstraZeneca, Pfizer/BioNTech",5993009,5801760,11794769
2021-09-04,"Indie/AstraZeneca, Johnson&Johnson, Moderna, Oxford/AstraZeneca, Pfizer/BioNTech",5995093,5805339,11800432
2021-09-05,"Johnson&Johnson, Moderna, Oxford/AstraZeneca, Pfizer/BioNTech",5997143,5808192,11805335
2021-09-06,"Indie/AstraZeneca, Johnson&Johnson, Moderna, Oxford/AstraZeneca, Pfizer/BioNTech",6003391,5820751,11824142
2021-09-07,"Johnson&Johnson, Moderna, Oxford/AstraZeneca, Pfizer/BioNTech",6007788,5831858,11839646
2021-09-08,"Johnson&Johnson, Moderna, Oxford/AstraZeneca, Pfizer/BioNTech, Čína",6013473,5841736,11855209
2021-09-09,"Indie/AstraZeneca, Johnson&Johnson, Moderna, Oxford/AstraZeneca, Pfizer/BioNTech",6020176,5851819,11871995
2021-09-10,"Johnson&Johnson, Moderna, Oxford/AstraZeneca, Pfizer/BioNTech",6027887,5864022,11891909
2021-09-11,"Indie/AstraZeneca, Johnson&Johnson, Moderna, Oxford/AstraZeneca, Pfizer/BioNTech",6029767,5866528,11896295
2021-09-12,"Johnson&Johnson, Moderna, Oxford/AstraZeneca, Pfizer/BioNTech",6030889,5868169,11899058
2021-09-13,"Johnson&Johnson, Moderna, Oxford/AstraZeneca, Pfizer/BioNTech",6036338,5878495,11914833
2021-09-14,"Johnson&Johnson, Moderna, Oxford/AstraZeneca, Pfizer/BioNTech",6041745,5887519,11929264
2021-09-15,"Johnson&Johnson, Moderna, Oxford/AstraZeneca, Pfizer/BioNTech",6046964,5896059,11943023
2021-09-16,"Johnson&Johnson, Moderna, Oxford/AstraZeneca, Pfizer/BioNTech",6052339,5904342,11956681
2021-09-17,"Johnson&Johnson, Moderna, Oxford/AstraZeneca, Pfizer/BioNTech",6058918,5914591,11973509
2021-09-18,"Johnson&Johnson, Moderna, Oxford/AstraZeneca, Pfizer/BioNTech, Čína",6060652,5916962,11977614
2021-09-19,"Johnson&Johnson, Moderna, Oxford/AstraZeneca, Pfizer/BioNTech",6061603,5918536,11980139
2021-09-20,"Johnson&Johnson, Moderna, Oxford/AstraZeneca, Pfizer/BioNTech",6065636,5926742,11992378
2021-09-21,"Johnson&Johnson, Moderna, Oxford/AstraZeneca, Pfizer/BioNTech",6069883,5934287,12004170
2021-09-22,"Johnson&Johnson, Moderna, Oxford/AstraZeneca, Pfizer/BioNTech, Čína",6074082,5939823,12013905
2021-09-23,"Johnson&Johnson, Moderna, Oxford/AstraZeneca, Pfizer/BioNTech",6079044,5946245,12025289
2021-09-24,"Johnson&Johnson, Moderna, Oxford/AstraZeneca, Pfizer/BioNTech",6084810,5955872,12040682
2021-09-25,"Johnson&Johnson, Moderna, Oxford/AstraZeneca, Pfizer/BioNTech",6086313,5957875,12044188
2021-09-26,"Johnson&Johnson, Moderna, Oxford/AstraZeneca, Pfizer/BioNTech",6087063,5959520,12046583
2021-09-27,"Indie/AstraZeneca, Johnson&Johnson, Moderna, Oxford/AstraZeneca, Pfizer/BioNTech, Čína",6090953,5966048,12057001
2021-09-28,"Johnson&Johnson, Moderna, Oxford/AstraZeneca, Pfizer/BioNTech",6091332,5966690,12058022
2021-09-29,"Indie/AstraZeneca, Johnson&Johnson, Moderna, Oxford/AstraZeneca, Pfizer/BioNTech",6095109,5974158,12069267
2021-09-30,"Johnson&Johnson, Moderna, Oxford/AstraZeneca, Pfizer/BioNTech",6099635,5981876,12081511
2021-10-01,"Indie/AstraZeneca, Johnson&Johnson, Moderna, Oxford/AstraZeneca, Pfizer/BioNTech, Čína",6103952,5989872,12093824
2021-10-02,"Johnson&Johnson, Moderna, Oxford/AstraZeneca, Pfizer/BioNTech, Čína",6105021,5991427,12096448
2021-10-03,"Johnson&Johnson, Moderna, Oxford/AstraZeneca, Pfizer/BioNTech",6105748,5992302,12098050
2021-10-04,"Johnson&Johnson, Moderna, Oxford/AstraZeneca, Pfizer/BioNTech",6108832,5997887,12106719
2021-10-05,"Johnson&Johnson, Moderna, Oxford/AstraZeneca, Pfizer/BioNTech",6111998,6002980,12114978
2021-10-06,"Johnson&Johnson, Moderna, Oxford/AstraZeneca, Pfizer/BioNTech",6115522,6008163,12123685
2021-10-07,"Johnson&Johnson, Moderna, Oxford/AstraZeneca, Pfizer/BioNTech",6118809,6013428,12132237
2021-10-08,"Johnson&Johnson, Moderna, Oxford/AstraZeneca, Pfizer/BioNTech",6123608,6020083,12143691
2021-10-09,"Indie/AstraZeneca, Johnson&Johnson, Moderna, Oxford/AstraZeneca, Pfizer/BioNTech",6124854,6021754,12146608
2021-10-10,"Johnson&Johnson, Moderna, Oxford/AstraZeneca, Pfizer/BioNTech",6125804,6022594,12148398
2021-10-11,"Johnson&Johnson, Moderna, Oxford/AstraZeneca, Pfizer/BioNTech",6128735,6027023,12155758
2021-10-12,"Johnson&Johnson, Moderna, Oxford/AstraZeneca, Pfizer/BioNTech",6131679,6031030,12162709
2021-10-13,"Johnson&Johnson, Moderna, Oxford/AstraZeneca, Pfizer/BioNTech",6135217,6035230,12170447
2021-10-14,"Johnson&Johnson, Moderna, Oxford/AstraZeneca, Pfizer/BioNTech",6138891,6040184,12179075
2021-10-15,"Johnson&Johnson, Moderna, Oxford/AstraZeneca, Pfizer/BioNTech",6144128,6046338,12190466
2021-10-16,"Johnson&Johnson, Moderna, Oxford/AstraZeneca, Pfizer/BioNTech",6145548,6047872,12193420
2021-10-17,"Johnson&Johnson, Moderna, Pfizer/BioNTech, Čína",6146875,6048932,12195807
2021-10-18,"Johnson&Johnson, Moderna, Oxford/AstraZeneca, Pfizer/BioNTech",6150989,6053042,12204031
2021-10-19,"Johnson&Johnson, Moderna, Oxford/AstraZeneca, Pfizer/BioNTech",6154575,6055146,12209721
2021-10-20,"Johnson&Johnson, Moderna, Oxford/AstraZeneca, Pfizer/BioNTech",6159468,6059611,12219079
2021-10-21,"Johnson&Johnson, Moderna, Oxford/AstraZeneca, Pfizer/BioNTech",6167237,6065224,12232461
2021-10-22,"Johnson&Johnson, Moderna, Oxford/AstraZeneca, Pfizer/BioNTech",6177703,6071730,12249433
2021-10-23,"Johnson&Johnson, Moderna, Oxford/AstraZeneca, Pfizer/BioNTech",6181388,6073944,12255332
2021-10-24,"Johnson&Johnson, Moderna, Oxford/AstraZeneca, Pfizer/BioNTech",6184075,6075725,12259800
2021-10-25,"Johnson&Johnson, Moderna, Oxford/AstraZeneca, Pfizer/BioNTech",6194589,6081548,12276137
2021-10-26,"Johnson&Johnson, Moderna, Oxford/AstraZeneca, Pfizer/BioNTech, Čína",6206586,6088100,12294686
2021-10-27,"Johnson&Johnson, Moderna, Oxford/AstraZeneca, Pfizer/BioNTech, Čína",6221195,6095518,12316713
2021-10-28,"Johnson&Johnson, Moderna, Oxford/AstraZeneca, Pfizer/BioNTech",6224629,6097212,12321841
2021-10-29,"Johnson&Johnson, Moderna, Oxford/AstraZeneca, Pfizer/BioNTech",6239075,6105204,12344279
2021-10-30,"Johnson&Johnson, Moderna, Oxford/AstraZeneca, Pfizer/BioNTech",6243604,6108132,12351736
2021-10-31,"Johnson&Johnson, Moderna, Oxford/AstraZeneca, Pfizer/BioNTech",6247367,6110611,12357978
2021-11-01,"Johnson&Johnson, Moderna, Oxford/AstraZeneca, Pfizer/BioNTech",6262566,6118292,12380858
2021-11-02,"Johnson&Johnson, Moderna, Oxford/AstraZeneca, Pfizer/BioNTech, Čína",6278019,6125851,12403870
2021-11-03,"Johnson&Johnson, Moderna, Oxford/AstraZeneca, Pfizer/BioNTech, Čína",6295207,6133146,12428353
2021-11-04,"Johnson&Johnson, Moderna, Oxford/AstraZeneca, Pfizer/BioNTech",6313549,6141321,12454870
2021-11-05,"Johnson&Johnson, Moderna, Oxford/AstraZeneca, Pfizer/BioNTech",6336354,6152615,12488969
2021-11-06,"Johnson&Johnson, Moderna, Oxford/AstraZeneca, Pfizer/BioNTech",6342872,6155678,12498550
2021-11-07,"Johnson&Johnson, Moderna, Oxford/AstraZeneca, Pfizer/BioNTech",6346903,6158120,12505023
2021-11-08,"Johnson&Johnson, Moderna, Oxford/AstraZeneca, Pfizer/BioNTech",6363171,6165750,12528921
2021-11-09,"Johnson&Johnson, Moderna, Oxford/AstraZeneca, Pfizer/BioNTech",6377988,6173061,12551049
2021-11-10,"Johnson&Johnson, Moderna, Oxford/AstraZeneca, Pfizer/BioNTech",6393727,6180448,12574175
2021-11-11,"Johnson&Johnson, Moderna, Oxford/AstraZeneca, Pfizer/BioNTech, Čína",6409205,6189559,12598764
2021-11-12,"Johnson&Johnson, Moderna, Oxford/AstraZeneca, Pfizer/BioNTech",6429008,6202359,12631367
2021-11-13,"Johnson&Johnson, Moderna, Oxford/AstraZeneca, Pfizer/BioNTech",6434405,6206240,12640645
2021-11-14,"Johnson&Johnson, Moderna, Oxford/AstraZeneca, Pfizer/BioNTech",6438304,6209251,12647555
2021-11-15,"Johnson&Johnson, Moderna, Oxford/AstraZeneca, Pfizer/BioNTech",6453392,6219960,12673352
2021-11-16,"Johnson&Johnson, Moderna, Oxford/AstraZeneca, Pfizer/BioNTech",6470920,6231937,12702857
2021-11-17,"Johnson&Johnson, Moderna, Oxford/AstraZeneca, Pfizer/BioNTech",6475165,6235510,12710675
2021-11-18,"Johnson&Johnson, Moderna, Oxford/AstraZeneca, Pfizer/BioNTech",6494577,6247203,12741780
2021-11-19,"Johnson&Johnson, Moderna, Oxford/AstraZeneca, Pfizer/BioNTech",6519188,6264185,12783373
2021-11-20,"Johnson&Johnson, Moderna, Oxford/AstraZeneca, Pfizer/BioNTech",6527765,6269173,12796938
2021-11-21,"Johnson&Johnson, Moderna, Oxford/AstraZeneca, Pfizer/BioNTech",6534533,6272951,12807484
2021-11-22,"Johnson&Johnson, Moderna, Oxford/AstraZeneca, Pfizer/BioNTech, Čína",6553041,6287069,12840110
2021-11-23,"Johnson&Johnson, Moderna, Oxford/AstraZeneca, Pfizer/BioNTech",6572108,6300335,12872443
2021-11-24,"Johnson&Johnson, Moderna, Oxford/AstraZeneca, Pfizer/BioNTech",6591119,6316188,12907307
2021-11-25,"Johnson&Johnson, Moderna, Oxford/AstraZeneca, Pfizer/BioNTech",6610262,6331234,12941496
2021-11-26,"Johnson&Johnson, Moderna, Oxford/AstraZeneca, Pfizer/BioNTech",6631923,6350378,12982301
2021-11-27,"Johnson&Johnson, Moderna, Oxford/AstraZeneca, Pfizer/BioNTech",6639396,6355935,12995331
2021-11-28,"Johnson&Johnson, Moderna, Oxford/AstraZeneca, Pfizer/BioNTech",6642731,6359075,13001806
2021-11-29,"Johnson&Johnson, Moderna, Oxford/AstraZeneca, Pfizer/BioNTech",6657937,6372739,13030676
2021-11-30,"Johnson&Johnson, Moderna, Oxford/AstraZeneca, Pfizer/BioNTech",6671139,6383972,13055111
2021-12-01,"Johnson&Johnson, Moderna, Oxford/AstraZeneca, Pfizer/BioNTech",6685181,6396432,13081613
2021-12-02,"Johnson&Johnson, Moderna, Oxford/AstraZeneca, Pfizer/BioNTech, Čína",6695823,6408929,13104752
2021-12-03,"Johnson&Johnson, Moderna, Oxford/AstraZeneca, Pfizer/BioNTech",6705463,6424510,13129973
2021-12-04,"Johnson&Johnson, Moderna, Pfizer/BioNTech",6708023,6428469,13136492
2021-12-05,"Johnson&Johnson, Moderna, Oxford/AstraZeneca, Pfizer/BioNTech",6709383,6430814,13140197
2021-12-06,"Johnson&Johnson, Moderna, Oxford/AstraZeneca, Pfizer/BioNTech",6717532,6442343,13159875
2021-12-07,"Johnson&Johnson, Moderna, Oxford/AstraZeneca, Pfizer/BioNTech",6725422,6454358,13179780
2021-12-08,"Johnson&Johnson, Moderna, Oxford/AstraZeneca, Pfizer/BioNTech",6733668,6460288,13193956
2021-12-09,"Johnson&Johnson, Moderna, Oxford/AstraZeneca, Pfizer/BioNTech",6740787,6473114,13213901
2021-12-10,"Johnson&Johnson, Moderna, Oxford/AstraZeneca, Pfizer/BioNTech",6747717,6490926,13238643
2021-12-11,"Johnson&Johnson, Moderna, Oxford/AstraZeneca, Pfizer/BioNTech",6749373,6496193,13245566
2021-12-12,"Johnson&Johnson, Moderna, Oxford/AstraZeneca, Pfizer/BioNTech",6750684,6500630,13251314
2021-12-13,"Johnson&Johnson, Moderna, Oxford/AstraZeneca, Pfizer/BioNTech",6757041,6513941,13270982
2021-12-14,"Johnson&Johnson, Moderna, Oxford/AstraZeneca, Pfizer/BioNTech",6763251,6527613,13290864
2021-12-15,"Johnson&Johnson, Moderna, Oxford/AstraZeneca, Pfizer/BioNTech",6769457,6541210,13310667
2021-12-16,"Johnson&Johnson, Moderna, Oxford/AstraZeneca, Pfizer/BioNTech",6776401,6556046,13332447
2021-12-17,"Johnson&Johnson, Moderna, Oxford/AstraZeneca, Pfizer/BioNTech",6784766,6573318,13358084
2021-12-18,"Johnson&Johnson, Moderna, Oxford/AstraZeneca, Pfizer/BioNTech",6787377,6578775,13366152
2021-12-19,"Johnson&Johnson, Moderna, Pfizer/BioNTech",6789149,6581281,13370430
2021-12-20,"Johnson&Johnson, Moderna, Oxford/AstraZeneca, Pfizer/BioNTech",6795001,6595345,13390346
2021-12-21,"Johnson&Johnson, Moderna, Oxford/AstraZeneca, Pfizer/BioNTech",6801664,6607354,13409018
2021-12-22,"Johnson&Johnson, Moderna, Oxford/AstraZeneca, Pfizer/BioNTech",6806710,6620414,13427124
2021-12-23,"Johnson&Johnson, Moderna, Oxford/AstraZeneca, Pfizer/BioNTech",6809585,6626019,13435604
2021-12-24,"Johnson&Johnson, Moderna, Oxford/AstraZeneca, Pfizer/BioNTech",6809631,6626123,13435754
2021-12-25,"Moderna, Pfizer/BioNTech",6809633,6626131,13435764
2021-12-26,"Moderna, Pfizer/BioNTech",6809735,6626334,13436069
2021-12-27,"Johnson&Johnson, Moderna, Pfizer/BioNTech",6813602,6636081,13449683
2021-12-28,"Johnson&Johnson, Moderna, Oxford/AstraZeneca, Pfizer/BioNTech",6818843,6644081,13462924
2021-12-29,"Johnson&Johnson, Moderna, Oxford/AstraZeneca, Pfizer/BioNTech",6823125,6651803,13474928
2021-12-30,"Johnson&Johnson, Moderna, Pfizer/BioNTech",6827426,6657236,13484662
2021-12-31,"Johnson&Johnson, Moderna, Pfizer/BioNTech",6827937,6658661,13486598
2022-01-01,"Moderna, Pfizer/BioNTech",6827943,6658679,13486622
2022-01-02,"Johnson&Johnson, Moderna, Pfizer/BioNTech",6828799,6660056,13488855
2022-01-03,"Johnson&Johnson, Moderna, Oxford/AstraZeneca, Pfizer/BioNTech",6832936,6668966,13501902
2022-01-04,"Johnson&Johnson, Moderna, Oxford/AstraZeneca, Pfizer/BioNTech",6838019,6676723,13514742
2022-01-05,"Johnson&Johnson, Moderna, Oxford/AstraZeneca, Pfizer/BioNTech, Čína",6843841,6684699,13528540
2022-01-06,"Johnson&Johnson, Moderna, Oxford/AstraZeneca, Pfizer/BioNTech",6850430,6693100,13543530
2022-01-07,"Johnson&Johnson, Moderna, Oxford/AstraZeneca, Pfizer/BioNTech",6858308,6703457,13561765
2022-01-08,"Johnson&Johnson, Moderna, Oxford/AstraZeneca, Pfizer/BioNTech",6860786,6706235,13567021
2022-01-09,"Johnson&Johnson, Moderna, Pfizer/BioNTech",6861868,6707931,13569799
2022-01-10,"Johnson&Johnson, Moderna, Oxford/AstraZeneca, Pfizer/BioNTech",6866375,6714124,13580499
2022-01-11,"Johnson&Johnson, Moderna, Oxford/AstraZeneca, Pfizer/BioNTech",6871824,6720883,13592707
2022-01-12,"Johnson&Johnson, Moderna, Oxford/AstraZeneca, Pfizer/BioNTech",6877782,6726526,13604308
2022-01-13,"Johnson&Johnson, Moderna, Oxford/AstraZeneca, Pfizer/BioNTech",6883671,6731301,13614972
2022-01-14,"Johnson&Johnson, Moderna, Oxford/AstraZeneca, Pfizer/BioNTech",6889973,6734933,13624906
2022-01-15,"Johnson&Johnson, Moderna, Oxford/AstraZeneca, Pfizer/BioNTech",6891249,6735589,13626838
2022-01-16,"Johnson&Johnson, Moderna, Oxford/AstraZeneca, Pfizer/BioNTech",6891939,6736026,13627965
2022-01-17,"Johnson&Johnson, Moderna, Oxford/AstraZeneca, Pfizer/BioNTech",6895494,6739983,13635477
2022-01-18,"Johnson&Johnson, Moderna, Oxford/AstraZeneca, Pfizer/BioNTech",6899343,6744937,13644280
2022-01-19,"Johnson&Johnson, Moderna, Oxford/AstraZeneca, Pfizer/BioNTech",6903413,6748868,13652281
2022-01-20,"Johnson&Johnson, Moderna, Oxford/AstraZeneca, Pfizer/BioNTech",6907011,6753323,13660334
2022-01-21,"Johnson&Johnson, Moderna, Oxford/AstraZeneca, Pfizer/BioNTech",6911008,6755851,13666859
2022-01-22,"Johnson&Johnson, Moderna, Pfizer/BioNTech",6911788,6756292,13668080
2022-01-23,"Johnson&Johnson, Moderna, Pfizer/BioNTech",6912349,6756926,13669275
2022-01-24,"Johnson&Johnson, Moderna, Oxford/AstraZeneca, Pfizer/BioNTech",6914621,6760363,13674984
2022-01-25,"Johnson&Johnson, Moderna, Oxford/AstraZeneca, Pfizer/BioNTech",6916981,6764357,13681338
2022-01-26,"Johnson&Johnson, Moderna, Oxford/AstraZeneca, Pfizer/BioNTech",6919365,6768926,13688291
2022-01-27,"Johnson&Johnson, Moderna, Oxford/AstraZeneca, Pfizer/BioNTech",6921687,6773740,13695427
2022-01-28,"Johnson&Johnson, Moderna, Oxford/AstraZeneca, Pfizer/BioNTech",6924605,6779907,13704512
2022-01-29,"Johnson&Johnson, Moderna, Oxford/AstraZeneca, Pfizer/BioNTech",6925207,6781558,13706765
2022-01-30,"Johnson&Johnson, Moderna, Pfizer/BioNTech",6925434,6782340,13707774
2022-01-31,"Johnson&Johnson, Moderna, Pfizer/BioNTech",6926976,6786267,13713243
2022-02-01,"Johnson&Johnson, Moderna, Pfizer/BioNTech",6928571,6790299,13718870
2022-02-02,"Johnson&Johnson, Moderna, Oxford/AstraZeneca, Pfizer/BioNTech",6930136,6794812,13724948
2022-02-03,"Johnson&Johnson, Moderna, Pfizer/BioNTech",6931516,6799297,13730813
2022-02-04,"Johnson&Johnson, Moderna, Pfizer/BioNTech",6933117,6804413,13737530
2022-02-05,"Johnson&Johnson, Moderna, Pfizer/BioNTech",6933290,6805023,13738313
2022-02-06,"Johnson&Johnson, Moderna, Pfizer/BioNTech",6933386,6805342,13738728
2022-02-07,"Johnson&Johnson, Moderna, Pfizer/BioNTech",6934089,6808551,13742640
2022-02-08,"Johnson&Johnson, Moderna, Pfizer/BioNTech",6934883,6811740,13746623
2022-02-09,"Johnson&Johnson, Moderna, Pfizer/BioNTech",6935705,6815114,13750819
2022-02-10,"Johnson&Johnson, Moderna, Pfizer/BioNTech",6936515,6818246,13754761
2022-02-11,"Johnson&Johnson, Moderna, Pfizer/BioNTech",6937469,6822161,13759630
2022-02-12,"Johnson&Johnson, Moderna, Pfizer/BioNTech",6937579,6822580,13760159
2022-02-13,"Johnson&Johnson, Moderna, Pfizer/BioNTech",6937616,6823018,13760634
2022-02-14,"Johnson&Johnson, Moderna, Pfizer/BioNTech",6938074,6825130,13763204
2022-02-15,"Johnson&Johnson, Moderna, Pfizer/BioNTech",6938626,6827340,13765966
2022-02-16,"Johnson&Johnson, Moderna, Pfizer/BioNTech",6939217,6829440,13768657
2022-02-17,"Johnson&Johnson, Moderna, Pfizer/BioNTech",6939812,6831782,13771594
2022-02-18,"Johnson&Johnson, Moderna, Oxford/AstraZeneca, Pfizer/BioNTech",6940454,6834835,13775289
2022-02-19,"Johnson&Johnson, Moderna, Pfizer/BioNTech",6940534,6835116,13775650
2022-02-20,"Johnson&Johnson, Moderna, Oxford/AstraZeneca, Pfizer/BioNTech",6940572,6835265,13775837
2022-02-21,"Johnson&Johnson, Moderna, Pfizer/BioNTech",6940936,6836965,13777901
2022-02-22,"Johnson&Johnson, Moderna, Oxford/AstraZeneca, Pfizer/BioNTech",6941329,6838663,13779992
2022-02-23,"Johnson&Johnson, Moderna, Pfizer/BioNTech",6941786,6840306,13782092
2022-02-24,"Johnson&Johnson, Moderna, Pfizer/BioNTech",6942194,6841937,13784131
2022-02-25,"Johnson&Johnson, Moderna, Pfizer/BioNTech",6942777,6844022,13786799
2022-02-26,"Johnson&Johnson, Moderna, Pfizer/BioNTech",6942836,6844183,13787019
2022-02-27,"Johnson&Johnson, Moderna, Pfizer/BioNTech",6942866,6844259,13787125
2022-02-28,"Johnson&Johnson, Moderna, Pfizer/BioNTech",6943112,6845236,13788348
2022-03-01,"Johnson&Johnson, Moderna, Pfizer/BioNTech",6943419,6846021,13789440
2022-03-02,"Johnson&Johnson, Moderna, Novavax, Pfizer/BioNTech",6943792,6846929,13790721
2022-03-03,"Johnson&Johnson, Moderna, Novavax, Pfizer/BioNTech",6944129,6847872,13792001
2022-03-04,"Johnson&Johnson, Moderna, Novavax, Pfizer/BioNTech",6944759,6849093,13793852
2022-03-05,"Johnson&Johnson, Moderna, Novavax, Pfizer/BioNTech",6944840,6849186,13794026
2022-03-06,"Moderna, Novavax, Pfizer/BioNTech",6944853,6849204,13794057
2022-03-07,"Johnson&Johnson, Moderna, Novavax, Pfizer/BioNTech",6945188,6849762,13794950
2022-03-08,"Johnson&Johnson, Moderna, Novavax, Pfizer/BioNTech",6945523,6850304,13795827
2022-03-09,"Johnson&Johnson, Moderna, Novavax, Pfizer/BioNTech",6945912,6850899,13796811
2022-03-10,"Johnson&Johnson, Moderna, Novavax, Pfizer/BioNTech",6946324,6851572,13797896
2022-03-11,"Johnson&Johnson, Moderna, Novavax, Pfizer/BioNTech",6947073,6852482,13799555
2022-03-12,"Johnson&Johnson, Moderna, Novavax, Pfizer/BioNTech",6947144,6852587,13799731
2022-03-13,"Johnson&Johnson, Moderna, Novavax, Pfizer/BioNTech",6947157,6852606,13799763
2022-03-14,"Johnson&Johnson, Moderna, Novavax, Pfizer/BioNTech",6947424,6852989,13800413
2022-03-15,"Johnson&Johnson, Moderna, Novavax, Pfizer/BioNTech",6947708,6853425,13801133
2022-03-16,"Johnson&Johnson, Moderna, Novavax, Pfizer/BioNTech",6948027,6853968,13801995
2022-03-17,"Johnson&Johnson, Moderna, Novavax, Oxford/AstraZeneca, Pfizer/BioNTech",6948323,6854400,13802723
2022-03-18,"Johnson&Johnson, Moderna, Novavax, Pfizer/BioNTech",6949020,6855195,13804215
2022-03-19,"Moderna, Novavax, Pfizer/BioNTech",6949076,6855240,13804316
2022-03-20,"Moderna, Novavax, Pfizer/BioNTech",6949094,6855252,13804346
2022-03-21,"Johnson&Johnson, Moderna, Novavax, Pfizer/BioNTech",6949282,6855579,13804861
2022-03-22,"Johnson&Johnson, Moderna, Novavax, Pfizer/BioNTech",6949523,6855978,13805501
2022-03-23,"Johnson&Johnson, Moderna, Novavax, Pfizer/BioNTech",6949860,6856417,13806277
2022-03-24,"Johnson&Johnson, Moderna, Novavax, Pfizer/BioNTech",6950171,6856890,13807061
2022-03-25,"Johnson&Johnson, Moderna, Novavax, Pfizer/BioNTech",6950666,6857699,13808365
2022-03-26,"Johnson&Johnson, Moderna, Novavax, Pfizer/BioNTech",6950718,6857777,13808495
2022-03-27,"Moderna, Novavax, Pfizer/BioNTech",6950734,6857794,13808528
2022-03-28,"Johnson&Johnson, Moderna, Novavax, Pfizer/BioNTech",6950888,6858172,13809060
2022-03-29,"Johnson&Johnson, Moderna, Novavax, Pfizer/BioNTech",6951150,6858578,13809728
2022-03-30,"Johnson&Johnson, Moderna, Novavax, Pfizer/BioNTech",6951455,6859071,13810526
2022-03-31,"Johnson&Johnson, Moderna, Novavax, Pfizer/BioNTech",6951752,6859564,13811316
2022-04-01,"Johnson&Johnson, Moderna, Novavax, Pfizer/BioNTech",6952362,6860324,13812686
2022-04-02,"Moderna, Novavax, Pfizer/BioNTech",6952419,6860408,13812827
2022-04-03,"Moderna, Novavax, Pfizer/BioNTech",6952432,6860437,13812869
2022-04-04,"Johnson&Johnson, Moderna, Novavax, Pfizer/BioNTech",6952609,6860719,13813328
2022-04-05,"Johnson&Johnson, Moderna, Novavax, Pfizer/BioNTech",6952800,6860955,13813755
2022-04-06,"Johnson&Johnson, Moderna, Novavax, Pfizer/BioNTech",6953017,6861301,13814318
2022-04-07,"Johnson&Johnson, Moderna, Novavax, Pfizer/BioNTech",6953241,6861719,13814960
2022-04-08,"Johnson&Johnson, Moderna, Novavax, Pfizer/BioNTech",6953695,6862442,13816137
2022-04-09,"Johnson&Johnson, Moderna, Novavax, Pfizer/BioNTech",6953755,6862514,13816269
2022-04-10,"Moderna, Novavax, Pfizer/BioNTech",6953768,6862523,13816291
2022-04-11,"Johnson&Johnson, Moderna, Novavax, Pfizer/BioNTech",6953930,6862754,13816684
2022-04-12,"Johnson&Johnson, Moderna, Novavax, Pfizer/BioNTech",6954177,6863052,13817229
2022-04-13,"Johnson&Johnson, Moderna, Novavax, Pfizer/BioNTech",6954418,6863406,13817824
2022-04-14,"Johnson&Johnson, Moderna, Novavax, Pfizer/BioNTech",6954680,6863791,13818471
2022-04-15,"Moderna, Novavax, Pfizer/BioNTech",6954696,6863822,13818518
2022-04-16,"Johnson&Johnson, Moderna, Novavax, Pfizer/BioNTech",6954716,6863856,13818572
2022-04-17,"Moderna, Novavax, Pfizer/BioNTech",6954717,6863857,13818574
2022-04-18,"Moderna, Novavax, Pfizer/BioNTech",6954731,6863874,13818605
2022-04-19,"Johnson&Johnson, Moderna, Novavax, Pfizer/BioNTech",6954870,6864212,13819082
2022-04-20,"Johnson&Johnson, Moderna, Novavax, Pfizer/BioNTech, Čína",6955093,6864602,13819695
2022-04-21,"Johnson&Johnson, Moderna, Novavax, Pfizer/BioNTech",6955310,6865026,13820336
2022-04-22,"Johnson&Johnson, Moderna, Novavax, Pfizer/BioNTech",6955774,6865854,13821628
2022-04-23,"Moderna, Novavax, Pfizer/BioNTech",6955805,6865933,13821738
2022-04-24,"Moderna, Novavax, Pfizer/BioNTech",6955810,6865944,13821754
2022-04-25,"Johnson&Johnson, Moderna, Novavax, Pfizer/BioNTech",6955966,6866152,13822118
2022-04-26,"Johnson&Johnson, Moderna, Novavax, Pfizer/BioNTech",6956106,6866416,13822522
2022-04-27,"Johnson&Johnson, Moderna, Novavax, Pfizer/BioNTech",6956373,6866746,13823119
2022-04-28,"Johnson&Johnson, Moderna, Novavax, Pfizer/BioNTech",6956567,6867036,13823603
2022-04-29,"Johnson&Johnson, Moderna, Novavax, Pfizer/BioNTech",6957002,6867625,13824627
2022-04-30,"Moderna, Novavax, Pfizer/BioNTech",6957043,6867692,13824735
2022-05-01,"Moderna, Novavax, Oxford/AstraZeneca, Pfizer/BioNTech",6957048,6867702,13824750
2022-05-02,"Johnson&Johnson, Moderna, Novavax, Pfizer/BioNTech",6957188,6867884,13825072
2022-05-03,"Johnson&Johnson, Moderna, Novavax, Pfizer/BioNTech",6957345,6868140,13825485
2022-05-04,"Johnson&Johnson, Moderna, Novavax, Pfizer/BioNTech",6957551,6868415,13825966
2022-05-05,"Johnson&Johnson, Moderna, Novavax, Pfizer/BioNTech",6957758,6868705,13826463
2022-05-06,"Johnson&Johnson, Moderna, Novavax, Pfizer/BioNTech",6958134,6869047,13827181
2022-05-07,"Moderna, Novavax, Pfizer/BioNTech",6958161,6869073,13827234
2022-05-08,"Moderna, Pfizer/BioNTech",6958162,6869081,13827243
2022-05-09,"Johnson&Johnson, Moderna, Novavax, Pfizer/BioNTech",6958270,6869171,13827441
2022-05-10,"Johnson&Johnson, Moderna, Novavax, Pfizer/BioNTech",6958425,6869408,13827833
2022-05-11,"Johnson&Johnson, Moderna, Novavax, Oxford/AstraZeneca, Pfizer/BioNTech",6958647,6869675,13828322
2022-05-12,"Johnson&Johnson, Moderna, Novavax, Pfizer/BioNTech",6958850,6869952,13828802
2022-05-13,"Johnson&Johnson, Moderna, Novavax, Pfizer/BioNTech",6959195,6870451,13829646
2022-05-14,"Johnson&Johnson, Moderna, Novavax, Pfizer/BioNTech",6959236,6870491,13829727
2022-05-15,"Johnson&Johnson, Moderna, Novavax, Pfizer/BioNTech",6959251,6870502,13829753
2022-05-16,"Johnson&Johnson, Moderna, Novavax, Pfizer/BioNTech",6959361,6870622,13829983
2022-05-17,"Johnson&Johnson, Moderna, Novavax, Pfizer/BioNTech",6959503,6870777,13830280
2022-05-18,"Indie/AstraZeneca, Johnson&Johnson, Moderna, Novavax, Pfizer/BioNTech",6959740,6871109,13830849
2022-05-19,"Johnson&Johnson, Moderna, Novavax, Pfizer/BioNTech",6959934,6871360,13831294
2022-05-20,"Johnson&Johnson, Moderna, Novavax, Pfizer/BioNTech",6960237,6871914,13832151
2022-05-21,"Johnson&Johnson, Moderna, Novavax, Pfizer/BioNTech",6960276,6871943,13832219
2022-05-22,"Moderna, Pfizer/BioNTech",6960285,6871950,13832235
2022-05-23,"Johnson&Johnson, Moderna, Novavax, Pfizer/BioNTech",6960407,6872105,13832512
2022-05-24,"Johnson&Johnson, Moderna, Novavax, Pfizer/BioNTech",6960538,6872278,13832816
2022-05-25,"Indie/AstraZeneca, Johnson&Johnson, Moderna, Novavax, Oxford/AstraZeneca, Pfizer/BioNTech",6960715,6872527,13833242
2022-05-26,"Johnson&Johnson, Moderna, Novavax, Pfizer/BioNTech",6960867,6872752,13833619
2022-05-27,"Johnson&Johnson, Moderna, Novavax, Pfizer/BioNTech",6961137,6873218,13834355
2022-05-28,"Moderna, Novavax, Pfizer/BioNTech",6961175,6873267,13834442
2022-05-29,"Moderna, Novavax, Pfizer/BioNTech",6961184,6873271,13834455
2022-05-30,"Johnson&Johnson, Moderna, Novavax, Pfizer/BioNTech",6961274,6873431,13834705
2022-05-31,"Johnson&Johnson, Moderna, Novavax, Pfizer/BioNTech",6961423,6873627,13835050
2022-06-01,"Johnson&Johnson, Moderna, Novavax, Pfizer/BioNTech",6961562,6873857,13835419
2022-06-02,"Moderna, Novavax, Pfizer/BioNTech",6961692,6874097,13835789
2022-06-03,"Johnson&Johnson, Moderna, Novavax, Pfizer/BioNTech",6961951,6874557,13836508
2022-06-04,"Johnson&Johnson, Moderna, Novavax, Pfizer/BioNTech",6961985,6874597,13836582
2022-06-05,"Moderna, Novavax, Pfizer/BioNTech",6961992,6874603,13836595
2022-06-06,"Johnson&Johnson, Moderna, Novavax, Pfizer/BioNTech",6962081,6874746,13836827
2022-06-07,"Johnson&Johnson, Moderna, Novavax, Pfizer/BioNTech",6962166,6874905,13837071
2022-06-08,"Johnson&Johnson, Moderna, Novavax, Pfizer/BioNTech",6962301,6875153,13837454
2022-06-09,"Johnson&Johnson, Moderna, Novavax, Pfizer/BioNTech",6962397,6875355,13837752
2022-06-10,"Johnson&Johnson, Moderna, Novavax, Pfizer/BioNTech",6962580,6875693,13838273
2022-06-11,"Moderna, Novavax, Pfizer/BioNTech",6962594,6875732,13838326
2022-06-12,"Moderna, Novavax, Pfizer/BioNTech",6962600,6875755,13838355
2022-06-13,"Johnson&Johnson, Moderna, Novavax, Oxford/AstraZeneca, Pfizer/BioNTech",6962665,6875878,13838543
2022-06-14,"Johnson&Johnson, Moderna, Novavax, Pfizer/BioNTech",6962745,6876026,13838771
2022-06-15,"Johnson&Johnson, Moderna, Novavax, Pfizer/BioNTech",6962828,6876221,13839049
2022-06-16,"Johnson&Johnson, Moderna, Novavax, Pfizer/BioNTech",6962893,6876398,13839291
2022-06-17,"Johnson&Johnson, Moderna, Novavax, Pfizer/BioNTech",6963046,6876686,13839732
2022-06-18,"Moderna, Novavax, Pfizer/BioNTech",6963058,6876725,13839783
2022-06-19,"Moderna, Pfizer/BioNTech",6963061,6876733,13839794
2022-06-20,"Johnson&Johnson, Moderna, Novavax, Pfizer/BioNTech",6963125,6876856,13839981
2022-06-21,"Johnson&Johnson, Moderna, Novavax, Pfizer/BioNTech",6963188,6876982,13840170
2022-06-22,"Johnson&Johnson, Moderna, Novavax, Pfizer/BioNTech",6963287,6877165,13840452
2022-06-23,"Johnson&Johnson, Moderna, Novavax, Pfizer/BioNTech",6963347,6877333,13840680
2022-06-24,"Johnson&Johnson, Moderna, Novavax, Pfizer/BioNTech",6963508,6877683,13841191
2022-06-25,"Moderna, Novavax, Pfizer/BioNTech",6963527,6877735,13841262
2022-06-26,"Moderna, Pfizer/BioNTech",6963528,6877745,13841273
2022-06-27,"Johnson&Johnson, Moderna, Novavax, Pfizer/BioNTech",6963595,6877860,13841455
2022-06-28,"Johnson&Johnson, Moderna, Novavax, Pfizer/BioNTech",6963668,6877980,13841648
2022-06-29,"Johnson&Johnson, Moderna, Novavax, Pfizer/BioNTech",6963791,6878165,13841956
2022-06-30,"Johnson&Johnson, Moderna, Novavax, Pfizer/BioNTech",6963875,6878316,13842191
2022-07-01,"Johnson&Johnson, Moderna, Novavax, Pfizer/BioNTech",6964041,6878564,13842605
2022-07-02,"Moderna, Novavax, Pfizer/BioNTech",6964054,6878571,13842625
2022-07-03,"Moderna, Pfizer/BioNTech",6964057,6878580,13842637
2022-07-04,"Johnson&Johnson, Moderna, Novavax, Pfizer/BioNTech",6964125,6878646,13842771
2022-07-05,"Novavax, Pfizer/BioNTech",6964126,6878647,13842773
2022-07-06,"Moderna, Pfizer/BioNTech",6964128,6878652,13842780
2022-07-07,"Johnson&Johnson, Moderna, Novavax, Pfizer/BioNTech",6964232,6878752,13842984
2022-07-08,"Indie/AstraZeneca, Johnson&Johnson, Moderna, Novavax, Oxford/AstraZeneca, Pfizer/BioNTech",6964379,6878941,13843320
2022-07-09,"Johnson&Johnson, Moderna, Novavax, Pfizer/BioNTech",6964388,6878949,13843337
2022-07-10,"Moderna, Pfizer/BioNTech",6964392,6878959,13843351
2022-07-11,"Johnson&Johnson, Moderna, Novavax, Pfizer/BioNTech",6964482,6879045,13843527
2022-07-12,"Johnson&Johnson, Moderna, Novavax, Pfizer/BioNTech",6964574,6879138,13843712
2022-07-13,"Johnson&Johnson, Moderna, Novavax, Pfizer/BioNTech",6964734,6879265,13843999
2022-07-14,"Johnson&Johnson, Moderna, Novavax, Pfizer/BioNTech",6964863,6879360,13844223
2022-07-15,"Johnson&Johnson, Moderna, Novavax, Pfizer/BioNTech",6965115,6879570,13844685
2022-07-16,"Johnson&Johnson, Moderna, Novavax, Pfizer/BioNTech",6965151,6879602,13844753
2022-07-17,"Moderna, Pfizer/BioNTech",6965154,6879609,13844763
2022-07-18,"Johnson&Johnson, Moderna, Novavax, Oxford/AstraZeneca, Pfizer/BioNTech",6965265,6879698,13844963
