date,vaccine,people_vaccinated,people_fully_vaccinated,total_vaccinations
2020-12-27,Pfizer/BioNTech,1285,0,1285
2020-12-28,Pfizer/BioNTech,3591,0,3591
2020-12-29,Pfizer/BioNTech,7061,1,7062
2020-12-30,Pfizer/BioNTech,10581,1,10582
2020-12-31,Pfizer/BioNTech,11893,1,11894
2021-01-01,"Moderna, Pfizer/BioNTech",12163,1,12164
2021-01-02,Pfizer/BioNTech,13444,1,13445
2021-01-03,"Moderna, Pfizer/BioNTech",14367,1,14368
2021-01-04,"Moderna, Pfizer/BioNTech",17981,1,17982
2021-01-05,"Moderna, Pfizer/BioNTech",22505,3,22508
2021-01-06,"Moderna, Pfizer/BioNTech",28356,4,28360
2021-01-07,"Moderna, Pfizer/BioNTech",36357,4,36361
2021-01-08,"Moderna, Pfizer/BioNTech",46409,5,46414
2021-01-09,"Moderna, Pfizer/BioNTech",48438,6,48444
2021-01-10,Pfizer/BioNTech,50208,7,50215
2021-01-11,Pfizer/BioNTech,60064,9,60073
2021-01-12,"Moderna, Pfizer/BioNTech",73523,11,73534
2021-01-13,"Moderna, Pfizer/BioNTech",87069,11,87080
2021-01-14,"Moderna, Pfizer/BioNTech",102319,15,102334
2021-01-15,"Moderna, Pfizer/BioNTech",116342,16,116358
2021-01-16,"Moderna, Pfizer/BioNTech",119745,20,119765
2021-01-17,"Moderna, Pfizer/BioNTech",122362,656,123018
2021-01-18,"Moderna, Pfizer/BioNTech",134853,2483,137336
2021-01-19,"Moderna, Pfizer/BioNTech",147460,5210,152670
2021-01-20,"Moderna, Pfizer/BioNTech",161151,7873,169024
2021-01-21,"Moderna, Pfizer/BioNTech",176803,9619,186422
2021-01-22,"Moderna, Pfizer/BioNTech",191695,10665,202360
2021-01-23,"Moderna, Pfizer/BioNTech",195016,11546,206562
2021-01-24,"Moderna, Pfizer/BioNTech",197271,12414,209685
2021-01-25,"Moderna, Pfizer/BioNTech",206920,15388,222308
2021-01-26,"Moderna, Pfizer/BioNTech",217465,19382,236847
2021-01-27,"Moderna, Pfizer/BioNTech",226494,23920,250414
2021-01-28,"Moderna, Pfizer/BioNTech",233597,30057,263654
2021-01-29,"Moderna, Pfizer/BioNTech",239814,37970,277784
2021-01-30,"Moderna, Pfizer/BioNTech",240555,39058,279613
2021-01-31,"Moderna, Pfizer/BioNTech",241270,40240,281510
2021-02-01,"Moderna, Pfizer/BioNTech",245251,48207,293458
2021-02-02,"Moderna, Pfizer/BioNTech",249399,58447,307846
2021-02-03,"Moderna, Pfizer/BioNTech",253824,69469,323293
2021-02-04,"Moderna, Pfizer/BioNTech",258730,82462,341192
2021-02-05,"Moderna, Pfizer/BioNTech",264198,93136,357334
2021-02-06,"Moderna, Oxford/AstraZeneca, Pfizer/BioNTech",265050,95504,360554
2021-02-07,"Moderna, Oxford/AstraZeneca, Pfizer/BioNTech",265902,98004,363906
2021-02-08,"Moderna, Oxford/AstraZeneca, Pfizer/BioNTech",269990,109437,379427
2021-02-09,"Moderna, Oxford/AstraZeneca, Pfizer/BioNTech",275093,121351,396444
2021-02-10,"Moderna, Oxford/AstraZeneca, Pfizer/BioNTech",280606,134612,415218
2021-02-11,"Moderna, Oxford/AstraZeneca, Pfizer/BioNTech",286945,150831,437776
2021-02-12,"Moderna, Oxford/AstraZeneca, Pfizer/BioNTech",293771,165573,459344
2021-02-13,"Moderna, Oxford/AstraZeneca, Pfizer/BioNTech",295383,168562,463945
2021-02-14,"Moderna, Oxford/AstraZeneca, Pfizer/BioNTech",296386,169948,466334
2021-02-15,"Moderna, Oxford/AstraZeneca, Pfizer/BioNTech",302785,179316,482101
2021-02-16,"Moderna, Oxford/AstraZeneca, Pfizer/BioNTech",311507,188400,499907
2021-02-17,"Moderna, Oxford/AstraZeneca, Pfizer/BioNTech",321206,196707,517913
2021-02-18,"Moderna, Oxford/AstraZeneca, Pfizer/BioNTech",333534,204791,538325
2021-02-19,"Moderna, Oxford/AstraZeneca, Pfizer/BioNTech",345394,212168,557562
2021-02-20,"Moderna, Oxford/AstraZeneca, Pfizer/BioNTech",347397,213354,560751
2021-02-21,"Moderna, Oxford/AstraZeneca, Pfizer/BioNTech",348532,214378,562910
2021-02-22,"Moderna, Oxford/AstraZeneca, Pfizer/BioNTech",358658,220414,579072
2021-02-23,"Moderna, Oxford/AstraZeneca, Pfizer/BioNTech",371619,227402,599021
2021-02-24,"Moderna, Oxford/AstraZeneca, Pfizer/BioNTech",385496,233441,618937
2021-02-25,"Moderna, Oxford/AstraZeneca, Pfizer/BioNTech",403471,238993,642464
2021-02-26,"Moderna, Oxford/AstraZeneca, Pfizer/BioNTech",419647,244346,663993
2021-02-27,"Moderna, Oxford/AstraZeneca, Pfizer/BioNTech",422656,244905,667561
2021-02-28,"Moderna, Oxford/AstraZeneca, Pfizer/BioNTech",425010,245457,670467
2021-03-01,"Moderna, Oxford/AstraZeneca, Pfizer/BioNTech",444606,248907,693513
2021-03-02,"Moderna, Oxford/AstraZeneca, Pfizer/BioNTech",471835,252455,724290
2021-03-03,"Moderna, Oxford/AstraZeneca, Pfizer/BioNTech",502782,256961,759743
2021-03-04,"Moderna, Oxford/AstraZeneca, Pfizer/BioNTech",536071,261650,797721
2021-03-05,"Johnson&Johnson, Moderna, Oxford/AstraZeneca, Pfizer/BioNTech",564916,267075,831991
2021-03-06,"Johnson&Johnson, Moderna, Oxford/AstraZeneca, Pfizer/BioNTech",577067,267936,845003
2021-03-07,"Johnson&Johnson, Moderna, Oxford/AstraZeneca, Pfizer/BioNTech",588610,268778,857388
2021-03-08,"Johnson&Johnson, Moderna, Oxford/AstraZeneca, Pfizer/BioNTech",618361,273635,891996
2021-03-09,"Johnson&Johnson, Moderna, Oxford/AstraZeneca, Pfizer/BioNTech",654718,280020,934738
2021-03-10,"Johnson&Johnson, Moderna, Oxford/AstraZeneca, Pfizer/BioNTech",696043,286980,983023
2021-03-11,"Johnson&Johnson, Moderna, Oxford/AstraZeneca, Pfizer/BioNTech",740886,295353,1036239
2021-03-12,"Johnson&Johnson, Moderna, Oxford/AstraZeneca, Pfizer/BioNTech",779657,303848,1083505
2021-03-13,"Johnson&Johnson, Moderna, Oxford/AstraZeneca, Pfizer/BioNTech",796749,305160,1101909
2021-03-14,"Johnson&Johnson, Moderna, Oxford/AstraZeneca, Pfizer/BioNTech",808867,306314,1115181
2021-03-15,"Johnson&Johnson, Moderna, Oxford/AstraZeneca, Pfizer/BioNTech",837253,315095,1152348
2021-03-16,"Johnson&Johnson, Moderna, Oxford/AstraZeneca, Pfizer/BioNTech",876147,325634,1201781
2021-03-17,"Moderna, Oxford/AstraZeneca, Pfizer/BioNTech",913635,336144,1249779
2021-03-18,"Johnson&Johnson, Moderna, Oxford/AstraZeneca, Pfizer/BioNTech",951638,348560,1300198
2021-03-19,"Moderna, Oxford/AstraZeneca, Pfizer/BioNTech",986145,362171,1348316
2021-03-20,"Johnson&Johnson, Moderna, Oxford/AstraZeneca, Pfizer/BioNTech",1001305,364202,1365507
2021-03-21,"Johnson&Johnson, Moderna, Oxford/AstraZeneca, Pfizer/BioNTech",1008737,365761,1374498
2021-03-22,"Johnson&Johnson, Moderna, Oxford/AstraZeneca, Pfizer/BioNTech",1033319,378266,1411585
2021-03-23,"Johnson&Johnson, Moderna, Oxford/AstraZeneca, Pfizer/BioNTech",1059988,391623,1451611
2021-03-24,"Johnson&Johnson, Moderna, Oxford/AstraZeneca, Pfizer/BioNTech",1086868,407368,1494236
2021-03-25,"Moderna, Oxford/AstraZeneca, Pfizer/BioNTech",1113215,425221,1538436
2021-03-26,"Johnson&Johnson, Moderna, Oxford/AstraZeneca, Pfizer/BioNTech",1138044,442727,1580771
2021-03-27,"Johnson&Johnson, Moderna, Oxford/AstraZeneca, Pfizer/BioNTech",1146491,447573,1594064
2021-03-28,"Moderna, Oxford/AstraZeneca, Pfizer/BioNTech",1152034,451720,1603754
2021-03-29,"Johnson&Johnson, Moderna, Oxford/AstraZeneca, Pfizer/BioNTech",1171172,472459,1643631
2021-03-30,"Johnson&Johnson, Moderna, Oxford/AstraZeneca, Pfizer/BioNTech",1195864,494641,1690505
2021-03-31,"Johnson&Johnson, Moderna, Oxford/AstraZeneca, Pfizer/BioNTech",1218998,521709,1740707
2021-04-01,"Johnson&Johnson, Moderna, Oxford/AstraZeneca, Pfizer/BioNTech",1244660,553771,1798431
2021-04-02,"Johnson&Johnson, Moderna, Oxford/AstraZeneca, Pfizer/BioNTech",1251604,566563,1818167
2021-04-03,"Johnson&Johnson, Moderna, Oxford/AstraZeneca, Pfizer/BioNTech",1255240,577491,1832731
2021-04-04,"Johnson&Johnson, Moderna, Oxford/AstraZeneca, Pfizer/BioNTech",1257766,586413,1844179
2021-04-05,"Johnson&Johnson, Moderna, Oxford/AstraZeneca, Pfizer/BioNTech",1260183,593606,1853789
2021-04-06,"Johnson&Johnson, Moderna, Oxford/AstraZeneca, Pfizer/BioNTech",1276364,622868,1899232
2021-04-07,"Johnson&Johnson, Moderna, Oxford/AstraZeneca, Pfizer/BioNTech",1299822,645104,1944926
2021-04-08,"Johnson&Johnson, Moderna, Oxford/AstraZeneca, Pfizer/BioNTech",1338596,676139,2014735
2021-04-09,"Johnson&Johnson, Moderna, Oxford/AstraZeneca, Pfizer/BioNTech",1378173,706328,2084501
2021-04-10,"Johnson&Johnson, Moderna, Oxford/AstraZeneca, Pfizer/BioNTech",1393710,721625,2115335
2021-04-11,"Johnson&Johnson, Moderna, Oxford/AstraZeneca, Pfizer/BioNTech",1403504,731676,2135180
2021-04-12,"Johnson&Johnson, Moderna, Oxford/AstraZeneca, Pfizer/BioNTech",1441813,756824,2198637
2021-04-13,"Moderna, Oxford/AstraZeneca, Pfizer/BioNTech",1478096,782867,2260963
2021-04-14,"Moderna, Oxford/AstraZeneca, Pfizer/BioNTech",1516957,810237,2327194
2021-04-15,"Moderna, Oxford/AstraZeneca, Pfizer/BioNTech",1564777,836004,2400781
2021-04-16,"Moderna, Oxford/AstraZeneca, Pfizer/BioNTech",1609465,861673,2471138
2021-04-17,"Moderna, Oxford/AstraZeneca, Pfizer/BioNTech",1626168,870701,2496869
2021-04-18,"Moderna, Oxford/AstraZeneca, Pfizer/BioNTech",1639161,875684,2514845
2021-04-19,"Moderna, Oxford/AstraZeneca, Pfizer/BioNTech",1683122,891123,2574245
2021-04-20,"Johnson&Johnson, Moderna, Oxford/AstraZeneca, Pfizer/BioNTech",1725705,906994,2632699
2021-04-21,"Moderna, Oxford/AstraZeneca, Pfizer/BioNTech",1773465,921352,2694817
2021-04-22,"Johnson&Johnson, Moderna, Oxford/AstraZeneca, Pfizer/BioNTech",1827976,938745,2766721
2021-04-23,"Johnson&Johnson, Moderna, Oxford/AstraZeneca, Pfizer/BioNTech",1877972,950803,2828775
2021-04-24,"Johnson&Johnson, Moderna, Oxford/AstraZeneca, Pfizer/BioNTech",1895834,956058,2851892
2021-04-25,"Johnson&Johnson, Moderna, Oxford/AstraZeneca, Pfizer/BioNTech",1910539,960056,2870595
2021-04-26,"Johnson&Johnson, Moderna, Oxford/AstraZeneca, Pfizer/BioNTech",1960140,967612,2927752
2021-04-27,"Johnson&Johnson, Moderna, Oxford/AstraZeneca, Pfizer/BioNTech",2009129,979851,2988980
2021-04-28,"Johnson&Johnson, Moderna, Oxford/AstraZeneca, Pfizer/BioNTech",2067909,993861,3061770
2021-04-29,"Johnson&Johnson, Moderna, Oxford/AstraZeneca, Pfizer/BioNTech",2133501,1009767,3143268
2021-04-30,"Johnson&Johnson, Moderna, Oxford/AstraZeneca, Pfizer/BioNTech",2195773,1019751,3215524
2021-05-01,"Johnson&Johnson, Moderna, Oxford/AstraZeneca, Pfizer/BioNTech",2215135,1023206,3238341
2021-05-02,"Johnson&Johnson, Moderna, Oxford/AstraZeneca, Pfizer/BioNTech",2234071,1025484,3259555
2021-05-03,"Johnson&Johnson, Moderna, Oxford/AstraZeneca, Pfizer/BioNTech",2301348,1030553,3331901
2021-05-04,"Johnson&Johnson, Moderna, Oxford/AstraZeneca, Pfizer/BioNTech",2367889,1038906,3406795
2021-05-05,"Johnson&Johnson, Moderna, Oxford/AstraZeneca, Pfizer/BioNTech",2441086,1048326,3489412
2021-05-06,"Johnson&Johnson, Moderna, Oxford/AstraZeneca, Pfizer/BioNTech",2521512,1059067,3580579
2021-05-07,"Johnson&Johnson, Moderna, Oxford/AstraZeneca, Pfizer/BioNTech",2598830,1069190,3668020
2021-05-08,"Johnson&Johnson, Moderna, Oxford/AstraZeneca, Pfizer/BioNTech",2628322,1070969,3699291
2021-05-09,"Johnson&Johnson, Moderna, Oxford/AstraZeneca, Pfizer/BioNTech",2652554,1072184,3724738
2021-05-10,"Johnson&Johnson, Moderna, Oxford/AstraZeneca, Pfizer/BioNTech",2725358,1079418,3804776
2021-05-11,"Johnson&Johnson, Moderna, Oxford/AstraZeneca, Pfizer/BioNTech",2801492,1088242,3889734
2021-05-12,"Johnson&Johnson, Moderna, Oxford/AstraZeneca, Pfizer/BioNTech",2881415,1097366,3978781
2021-05-13,"Johnson&Johnson, Moderna, Oxford/AstraZeneca, Pfizer/BioNTech",2965455,1106537,4071992
2021-05-14,"Johnson&Johnson, Moderna, Oxford/AstraZeneca, Pfizer/BioNTech",3044953,1114340,4159293
2021-05-15,"Johnson&Johnson, Moderna, Oxford/AstraZeneca, Pfizer/BioNTech",3076888,1116604,4193492
2021-05-16,"Johnson&Johnson, Moderna, Oxford/AstraZeneca, Pfizer/BioNTech",3102691,1117879,4220570
2021-05-17,"Johnson&Johnson, Moderna, Oxford/AstraZeneca, Pfizer/BioNTech",3175235,1124619,4299854
2021-05-18,"Johnson&Johnson, Moderna, Oxford/AstraZeneca, Pfizer/BioNTech",3247194,1137717,4384911
2021-05-19,"Johnson&Johnson, Moderna, Oxford/AstraZeneca, Pfizer/BioNTech",3324674,1152871,4477545
2021-05-20,"Johnson&Johnson, Moderna, Oxford/AstraZeneca, Pfizer/BioNTech",3400164,1179925,4580089
2021-05-21,"Johnson&Johnson, Moderna, Oxford/AstraZeneca, Pfizer/BioNTech",3468978,1207706,4676684
2021-05-22,"Johnson&Johnson, Moderna, Oxford/AstraZeneca, Pfizer/BioNTech",3501400,1218921,4720321
2021-05-23,"Johnson&Johnson, Moderna, Oxford/AstraZeneca, Pfizer/BioNTech",3523805,1227961,4751766
2021-05-24,"Johnson&Johnson, Moderna, Oxford/AstraZeneca, Pfizer/BioNTech",3570959,1261628,4832587
2021-05-25,"Johnson&Johnson, Moderna, Oxford/AstraZeneca, Pfizer/BioNTech",3622843,1297454,4920297
2021-05-26,"Johnson&Johnson, Moderna, Oxford/AstraZeneca, Pfizer/BioNTech",3690624,1334994,5025618
2021-05-27,"Johnson&Johnson, Moderna, Oxford/AstraZeneca, Pfizer/BioNTech",3752048,1382343,5134391
2021-05-28,"Johnson&Johnson, Moderna, Oxford/AstraZeneca, Pfizer/BioNTech",3813776,1428931,5242707
2021-05-29,"Johnson&Johnson, Moderna, Oxford/AstraZeneca, Pfizer/BioNTech",3843003,1446042,5289045
2021-05-30,"Johnson&Johnson, Moderna, Oxford/AstraZeneca, Pfizer/BioNTech",3865401,1460493,5325894
2021-05-31,"Johnson&Johnson, Moderna, Oxford/AstraZeneca, Pfizer/BioNTech",3921152,1508016,5429168
2021-06-01,"Johnson&Johnson, Moderna, Oxford/AstraZeneca, Pfizer/BioNTech",3980218,1556884,5537102
2021-06-02,"Johnson&Johnson, Moderna, Oxford/AstraZeneca, Pfizer/BioNTech",4043164,1610892,5654056
2021-06-03,"Johnson&Johnson, Moderna, Oxford/AstraZeneca, Pfizer/BioNTech",4101413,1671118,5772531
2021-06-04,"Johnson&Johnson, Moderna, Oxford/AstraZeneca, Pfizer/BioNTech",4164535,1728546,5893081
2021-06-05,"Johnson&Johnson, Moderna, Oxford/AstraZeneca, Pfizer/BioNTech",4198702,1747429,5946131
2021-06-06,"Johnson&Johnson, Moderna, Oxford/AstraZeneca, Pfizer/BioNTech",4225640,1762587,5988227
2021-06-07,"Johnson&Johnson, Moderna, Oxford/AstraZeneca, Pfizer/BioNTech",4289331,1818235,6107566
2021-06-08,"Johnson&Johnson, Moderna, Oxford/AstraZeneca, Pfizer/BioNTech",4353316,1873240,6226556
2021-06-09,"Johnson&Johnson, Moderna, Oxford/AstraZeneca, Pfizer/BioNTech",4412518,1937902,6350420
2021-06-10,"Johnson&Johnson, Moderna, Oxford/AstraZeneca, Pfizer/BioNTech",4466371,2009176,6475547
2021-06-11,"Johnson&Johnson, Moderna, Oxford/AstraZeneca, Pfizer/BioNTech",4518477,2078979,6597456
2021-06-12,"Johnson&Johnson, Moderna, Oxford/AstraZeneca, Pfizer/BioNTech",4550494,2099791,6650285
2021-06-13,"Johnson&Johnson, Moderna, Oxford/AstraZeneca, Pfizer/BioNTech",4574528,2118214,6692742
2021-06-14,"Johnson&Johnson, Moderna, Oxford/AstraZeneca, Pfizer/BioNTech",4617612,2192617,6810229
2021-06-15,"Johnson&Johnson, Moderna, Oxford/AstraZeneca, Pfizer/BioNTech",4662284,2265005,6927289
2021-06-16,"Johnson&Johnson, Moderna, Oxford/AstraZeneca, Pfizer/BioNTech",4705059,2343250,7048309
2021-06-17,"Johnson&Johnson, Moderna, Oxford/AstraZeneca, Pfizer/BioNTech",4744465,2426349,7170814
2021-06-18,"Johnson&Johnson, Moderna, Oxford/AstraZeneca, Pfizer/BioNTech",4786888,2506909,7293797
2021-06-19,"Johnson&Johnson, Moderna, Oxford/AstraZeneca, Pfizer/BioNTech",4808656,2536220,7344876
2021-06-20,"Johnson&Johnson, Moderna, Oxford/AstraZeneca, Pfizer/BioNTech",4826041,2560066,7386107
2021-06-21,"Johnson&Johnson, Moderna, Oxford/AstraZeneca, Pfizer/BioNTech",4858539,2638675,7497214
2021-06-22,"Johnson&Johnson, Moderna, Oxford/AstraZeneca, Pfizer/BioNTech",4891484,2720974,7612458
2021-06-23,"Johnson&Johnson, Moderna, Oxford/AstraZeneca, Pfizer/BioNTech",4923152,2806206,7729358
2021-06-24,"Johnson&Johnson, Moderna, Oxford/AstraZeneca, Pfizer/BioNTech",4952993,2896236,7849229
2021-06-25,"Johnson&Johnson, Moderna, Oxford/AstraZeneca, Pfizer/BioNTech",4984059,2982433,7966492
2021-06-26,"Johnson&Johnson, Moderna, Oxford/AstraZeneca, Pfizer/BioNTech",4999944,3017284,8017228
2021-06-27,"Johnson&Johnson, Moderna, Oxford/AstraZeneca, Pfizer/BioNTech",5013896,3043962,8057858
2021-06-28,"Johnson&Johnson, Moderna, Oxford/AstraZeneca, Pfizer/BioNTech",5042306,3129173,8171479
2021-06-29,"Johnson&Johnson, Moderna, Oxford/AstraZeneca, Pfizer/BioNTech",5071580,3215663,8287243
2021-06-30,"Johnson&Johnson, Moderna, Oxford/AstraZeneca, Pfizer/BioNTech",5099069,3306678,8405747
2021-07-01,"Johnson&Johnson, Moderna, Oxford/AstraZeneca, Pfizer/BioNTech",5123034,3396758,8519792
2021-07-02,"Johnson&Johnson, Moderna, Oxford/AstraZeneca, Pfizer/BioNTech",5149747,3482631,8632378
2021-07-03,"Johnson&Johnson, Moderna, Oxford/AstraZeneca, Pfizer/BioNTech",5156833,3514157,8670990
2021-07-04,"Johnson&Johnson, Moderna, Oxford/AstraZeneca, Pfizer/BioNTech",5164392,3535960,8700352
2021-07-05,"Johnson&Johnson, Moderna, Oxford/AstraZeneca, Pfizer/BioNTech",5171774,3561338,8733112
2021-07-06,"Johnson&Johnson, Moderna, Oxford/AstraZeneca, Pfizer/BioNTech",5177200,3589012,8766212
2021-07-07,"Johnson&Johnson, Moderna, Oxford/AstraZeneca, Pfizer/BioNTech",5202991,3668006,8870997
2021-07-08,"Johnson&Johnson, Moderna, Oxford/AstraZeneca, Pfizer/BioNTech",5229591,3738334,8967925
2021-07-09,"Johnson&Johnson, Moderna, Oxford/AstraZeneca, Pfizer/BioNTech",5257510,3807637,9065147
2021-07-10,"Johnson&Johnson, Moderna, Oxford/AstraZeneca, Pfizer/BioNTech",5266867,3836288,9103155
2021-07-11,"Johnson&Johnson, Moderna, Oxford/AstraZeneca, Pfizer/BioNTech",5275401,3859172,9134573
2021-07-12,"Johnson&Johnson, Moderna, Oxford/AstraZeneca, Pfizer/BioNTech",5302908,3928257,9231165
2021-07-13,"Johnson&Johnson, Moderna, Oxford/AstraZeneca, Pfizer/BioNTech",5329097,3998121,9327218
2021-07-14,"Johnson&Johnson, Moderna, Oxford/AstraZeneca, Pfizer/BioNTech",5354905,4070103,9425008
2021-07-15,"Johnson&Johnson, Moderna, Oxford/AstraZeneca, Pfizer/BioNTech",5384061,4136103,9520164
2021-07-16,"Johnson&Johnson, Moderna, Oxford/AstraZeneca, Pfizer/BioNTech",5411978,4208826,9620804
2021-07-17,"Johnson&Johnson, Moderna, Oxford/AstraZeneca, Pfizer/BioNTech",5420752,4240267,9661019
2021-07-18,"Johnson&Johnson, Moderna, Oxford/AstraZeneca, Pfizer/BioNTech",5429192,4266266,9695458
2021-07-19,"Johnson&Johnson, Moderna, Oxford/AstraZeneca, Pfizer/BioNTech",5452534,4333292,9785826
2021-07-20,"Johnson&Johnson, Moderna, Oxford/AstraZeneca, Pfizer/BioNTech",5473913,4400345,9874258
2021-07-21,"Johnson&Johnson, Moderna, Oxford/AstraZeneca, Pfizer/BioNTech",5497360,4463796,9961156
2021-07-22,"Johnson&Johnson, Moderna, Oxford/AstraZeneca, Pfizer/BioNTech",5519715,4522405,10042120
2021-07-23,"Johnson&Johnson, Moderna, Oxford/AstraZeneca, Pfizer/BioNTech",5542923,4577132,10120055
2021-07-24,"Johnson&Johnson, Moderna, Oxford/AstraZeneca, Pfizer/BioNTech",5550244,4604795,10155039
2021-07-25,"Johnson&Johnson, Moderna, Oxford/AstraZeneca, Pfizer/BioNTech",5556861,4626919,10183780
2021-07-26,"Johnson&Johnson, Moderna, Oxford/AstraZeneca, Pfizer/BioNTech",5580406,4675590,10255996
2021-07-27,"Johnson&Johnson, Moderna, Oxford/AstraZeneca, Pfizer/BioNTech",5603128,4722204,10325332
2021-07-28,"Johnson&Johnson, Moderna, Oxford/AstraZeneca, Pfizer/BioNTech",5624373,4768173,10392546
2021-07-29,"Johnson&Johnson, Moderna, Oxford/AstraZeneca, Pfizer/BioNTech",5645689,4810103,10455792
2021-07-30,"Johnson&Johnson, Moderna, Oxford/AstraZeneca, Pfizer/BioNTech",5668958,4852642,10521600
2021-07-31,"Johnson&Johnson, Moderna, Oxford/AstraZeneca, Pfizer/BioNTech",5677879,4872161,10550040
2021-08-01,"Johnson&Johnson, Moderna, Oxford/AstraZeneca, Pfizer/BioNTech",5684601,4888325,10572926
2021-08-02,"Johnson&Johnson, Moderna, Oxford/AstraZeneca, Pfizer/BioNTech",5703230,4925854,10629084
2021-08-03,"Johnson&Johnson, Moderna, Oxford/AstraZeneca, Pfizer/BioNTech",5720856,4963930,10684786
2021-08-04,"Johnson&Johnson, Moderna, Oxford/AstraZeneca, Pfizer/BioNTech",5736954,5000646,10737600
2021-08-05,"Johnson&Johnson, Moderna, Oxford/AstraZeneca, Pfizer/BioNTech",5752988,5041102,10794090
2021-08-06,"Johnson&Johnson, Moderna, Oxford/AstraZeneca, Pfizer/BioNTech",5769766,5084364,10854130
2021-08-07,"Johnson&Johnson, Moderna, Oxford/AstraZeneca, Pfizer/BioNTech",5775361,5102522,10877883
2021-08-08,"Johnson&Johnson, Moderna, Oxford/AstraZeneca, Pfizer/BioNTech",5779717,5118264,10897981
2021-08-09,"Johnson&Johnson, Moderna, Oxford/AstraZeneca, Pfizer/BioNTech",5792352,5163290,10955642
2021-08-10,"Johnson&Johnson, Moderna, Oxford/AstraZeneca, Pfizer/BioNTech",5804188,5202827,11007015
2021-08-11,"Johnson&Johnson, Moderna, Oxford/AstraZeneca, Pfizer/BioNTech",5815546,5245927,11061473
2021-08-12,"Johnson&Johnson, Moderna, Oxford/AstraZeneca, Pfizer/BioNTech",5826963,5283019,11109982
2021-08-13,"Johnson&Johnson, Moderna, Oxford/AstraZeneca, Pfizer/BioNTech",5837685,5323335,11161020
2021-08-14,"Johnson&Johnson, Moderna, Oxford/AstraZeneca, Pfizer/BioNTech",5841020,5334024,11175044
2021-08-15,"Johnson&Johnson, Moderna, Oxford/AstraZeneca, Pfizer/BioNTech",5843602,5344386,11187988
2021-08-16,"Johnson&Johnson, Moderna, Oxford/AstraZeneca, Pfizer/BioNTech",5853390,5378435,11231825
2021-08-17,"Johnson&Johnson, Moderna, Oxford/AstraZeneca, Pfizer/BioNTech",5862982,5405514,11268496
2021-08-18,"Johnson&Johnson, Moderna, Oxford/AstraZeneca, Pfizer/BioNTech",5872351,5444366,11316717
2021-08-19,"Johnson&Johnson, Moderna, Oxford/AstraZeneca, Pfizer/BioNTech",5882016,5482693,11364709
2021-08-20,"Johnson&Johnson, Moderna, Oxford/AstraZeneca, Pfizer/BioNTech",5893401,5522866,11416267
2021-08-21,"Johnson&Johnson, Moderna, Oxford/AstraZeneca, Pfizer/BioNTech",5896120,5535616,11431736
2021-08-22,"Johnson&Johnson, Moderna, Oxford/AstraZeneca, Pfizer/BioNTech",5898459,5547573,11446032
2021-08-23,"Johnson&Johnson, Moderna, Oxford/AstraZeneca, Pfizer/BioNTech",5908986,5586819,11495805
2021-08-24,"Johnson&Johnson, Moderna, Oxford/AstraZeneca, Pfizer/BioNTech",5918853,5620047,11538900
2021-08-25,"Johnson&Johnson, Moderna, Oxford/AstraZeneca, Pfizer/BioNTech",5927719,5648402,11576121
2021-08-26,"Johnson&Johnson, Moderna, Oxford/AstraZeneca, Pfizer/BioNTech",5936163,5674512,11610675
2021-08-27,"Johnson&Johnson, Moderna, Oxford/AstraZeneca, Pfizer/BioNTech",5946482,5700455,11646937
2021-08-28,"Johnson&Johnson, Moderna, Oxford/AstraZeneca, Pfizer/BioNTech",5949208,5707493,11656701
2021-08-29,"Johnson&Johnson, Moderna, Oxford/AstraZeneca, Pfizer/BioNTech",5951617,5714112,11665729
2021-08-30,"Johnson&Johnson, Moderna, Oxford/AstraZeneca, Pfizer/BioNTech",5960142,5735968,11696110
2021-08-31,"Johnson&Johnson, Moderna, Oxford/AstraZeneca, Pfizer/BioNTech",5967817,5754042,11721859
2021-09-01,"Johnson&Johnson, Moderna, Oxford/AstraZeneca, Pfizer/BioNTech",5973707,5768027,11741734
2021-09-02,"Johnson&Johnson, Moderna, Oxford/AstraZeneca, Pfizer/BioNTech",5980545,5782410,11762955
2021-09-03,"Johnson&Johnson, Moderna, Oxford/AstraZeneca, Pfizer/BioNTech",5990103,5798110,11788213
2021-09-04,"Johnson&Johnson, Moderna, Oxford/AstraZeneca, Pfizer/BioNTech",5992171,5801660,11793831
2021-09-05,"Johnson&Johnson, Moderna, Oxford/AstraZeneca, Pfizer/BioNTech",5994209,5804501,11798710
2021-09-06,"Johnson&Johnson, Moderna, Oxford/AstraZeneca, Pfizer/BioNTech",6000445,5817021,11817466
2021-09-07,"Johnson&Johnson, Moderna, Oxford/AstraZeneca, Pfizer/BioNTech",6004838,5828110,11832948
2021-09-08,"Johnson&Johnson, Moderna, Oxford/AstraZeneca, Pfizer/BioNTech",6010506,5837947,11848453
2021-09-09,"Johnson&Johnson, Moderna, Oxford/AstraZeneca, Pfizer/BioNTech",6017190,5848001,11865191
2021-09-10,"Johnson&Johnson, Moderna, Oxford/AstraZeneca, Pfizer/BioNTech",6024875,5860172,11885047
2021-09-11,"Johnson&Johnson, Moderna, Oxford/AstraZeneca, Pfizer/BioNTech",6026738,5862649,11889387
2021-09-12,"Johnson&Johnson, Moderna, Oxford/AstraZeneca, Pfizer/BioNTech",6027852,5864276,11892128
2021-09-13,"Johnson&Johnson, Moderna, Oxford/AstraZeneca, Pfizer/BioNTech",6033282,5874564,11907846
2021-09-14,"Johnson&Johnson, Moderna, Oxford/AstraZeneca, Pfizer/BioNTech",6038668,5883571,11922239
2021-09-15,"Johnson&Johnson, Moderna, Oxford/AstraZeneca, Pfizer/BioNTech",6043863,5892087,11935950
2021-09-16,"Johnson&Johnson, Moderna, Oxford/AstraZeneca, Pfizer/BioNTech",6049205,5900354,11949559
2021-09-17,"Johnson&Johnson, Moderna, Oxford/AstraZeneca, Pfizer/BioNTech",6055775,5910578,11966353
2021-09-18,"Johnson&Johnson, Moderna, Oxford/AstraZeneca, Pfizer/BioNTech",6057498,5912932,11970430
2021-09-19,"Johnson&Johnson, Moderna, Oxford/AstraZeneca, Pfizer/BioNTech",6058439,5914497,11972936
2021-09-20,"Johnson&Johnson, Moderna, Oxford/AstraZeneca, Pfizer/BioNTech",6062453,5922689,11985142
2021-09-21,"Johnson&Johnson, Moderna, Oxford/AstraZeneca, Pfizer/BioNTech",6066679,5930214,11996893
2021-09-22,"Johnson&Johnson, Moderna, Oxford/AstraZeneca, Pfizer/BioNTech",6070860,5935724,12006584
2021-09-23,"Johnson&Johnson, Moderna, Oxford/AstraZeneca, Pfizer/BioNTech",6075833,5942122,12017955
2021-09-24,"Johnson&Johnson, Moderna, Oxford/AstraZeneca, Pfizer/BioNTech",6081593,5951739,12033332
2021-09-25,"Johnson&Johnson, Moderna, Oxford/AstraZeneca, Pfizer/BioNTech",6083087,5953734,12036821
2021-09-26,"Johnson&Johnson, Moderna, Pfizer/BioNTech",6083828,5955371,12039199
2021-09-27,"Johnson&Johnson, Moderna, Oxford/AstraZeneca, Pfizer/BioNTech",6087705,5961876,12049581
2021-09-28,"Johnson&Johnson, Moderna, Pfizer/BioNTech",6088067,5962496,12050563
2021-09-29,"Johnson&Johnson, Moderna, Oxford/AstraZeneca, Pfizer/BioNTech",6091842,5969955,12061797
2021-09-30,"Johnson&Johnson, Moderna, Oxford/AstraZeneca, Pfizer/BioNTech",6096342,5977649,12073991
2021-10-01,"Johnson&Johnson, Moderna, Oxford/AstraZeneca, Pfizer/BioNTech",6100637,5985615,12086252
2021-10-02,"Johnson&Johnson, Moderna, Oxford/AstraZeneca, Pfizer/BioNTech",6101698,5987151,12088849
2021-10-03,"Johnson&Johnson, Moderna, Pfizer/BioNTech",6102420,5988017,12090437
2021-10-04,"Johnson&Johnson, Moderna, Oxford/AstraZeneca, Pfizer/BioNTech",6105494,5993582,12099076
2021-10-05,"Johnson&Johnson, Moderna, Oxford/AstraZeneca, Pfizer/BioNTech",6108651,5998648,12107299
2021-10-06,"Johnson&Johnson, Moderna, Oxford/AstraZeneca, Pfizer/BioNTech",6112161,6003811,12115972
2021-10-07,"Johnson&Johnson, Moderna, Oxford/AstraZeneca, Pfizer/BioNTech",6115430,6009061,12124491
2021-10-08,"Johnson&Johnson, Moderna, Oxford/AstraZeneca, Pfizer/BioNTech",6120220,6015691,12135911
2021-10-09,"Johnson&Johnson, Moderna, Oxford/AstraZeneca, Pfizer/BioNTech",6121463,6017343,12138806
2021-10-10,"Johnson&Johnson, Moderna, Oxford/AstraZeneca, Pfizer/BioNTech",6122403,6018172,12140575
2021-10-11,"Johnson&Johnson, Moderna, Oxford/AstraZeneca, Pfizer/BioNTech",6125333,6022582,12147915
2021-10-12,"Johnson&Johnson, Moderna, Oxford/AstraZeneca, Pfizer/BioNTech",6128258,6026580,12154838
2021-10-13,"Johnson&Johnson, Moderna, Oxford/AstraZeneca, Pfizer/BioNTech",6131789,6030759,12162548
2021-10-14,"Johnson&Johnson, Moderna, Oxford/AstraZeneca, Pfizer/BioNTech",6135464,6035703,12171167
2021-10-15,"Johnson&Johnson, Moderna, Oxford/AstraZeneca, Pfizer/BioNTech",6140689,6041842,12182531
2021-10-16,"Johnson&Johnson, Moderna, Oxford/AstraZeneca, Pfizer/BioNTech",6142101,6043362,12185463
2021-10-17,"Johnson&Johnson, Moderna, Pfizer/BioNTech",6143424,6044415,12187839
2021-10-18,"Johnson&Johnson, Moderna, Oxford/AstraZeneca, Pfizer/BioNTech",6147538,6048507,12196045
2021-10-19,"Johnson&Johnson, Moderna, Oxford/AstraZeneca, Pfizer/BioNTech",6151115,6050599,12201714
2021-10-20,"Johnson&Johnson, Moderna, Oxford/AstraZeneca, Pfizer/BioNTech",6155989,6055044,12211033
2021-10-21,"Johnson&Johnson, Moderna, Oxford/AstraZeneca, Pfizer/BioNTech",6163755,6060641,12224396
2021-10-22,"Johnson&Johnson, Moderna, Oxford/AstraZeneca, Pfizer/BioNTech",6174199,6067140,12241339
2021-10-23,"Johnson&Johnson, Moderna, Oxford/AstraZeneca, Pfizer/BioNTech",6177875,6069348,12247223
2021-10-24,"Johnson&Johnson, Moderna, Pfizer/BioNTech",6180559,6071127,12251686
2021-10-25,"Johnson&Johnson, Moderna, Oxford/AstraZeneca, Pfizer/BioNTech",6191049,6076926,12267975
2021-10-26,"Johnson&Johnson, Moderna, Oxford/AstraZeneca, Pfizer/BioNTech",6203031,6083467,12286498
2021-10-27,"Johnson&Johnson, Moderna, Oxford/AstraZeneca, Pfizer/BioNTech",6217637,6090869,12308506
2021-10-28,"Johnson&Johnson, Moderna, Oxford/AstraZeneca, Pfizer/BioNTech",6221052,6092542,12313594
2021-10-29,"Johnson&Johnson, Moderna, Oxford/AstraZeneca, Pfizer/BioNTech",6235473,6100509,12335982
2021-10-30,"Johnson&Johnson, Moderna, Pfizer/BioNTech",6240003,6103426,12343429
2021-10-31,"Johnson&Johnson, Moderna, Oxford/AstraZeneca, Pfizer/BioNTech",6243765,6105896,12349661
2021-11-01,"Johnson&Johnson, Moderna, Oxford/AstraZeneca, Pfizer/BioNTech",6258965,6113579,12372544
2021-11-02,"Johnson&Johnson, Moderna, Oxford/AstraZeneca, Pfizer/BioNTech",6274413,6121127,12395540
2021-11-03,"Johnson&Johnson, Moderna, Oxford/AstraZeneca, Pfizer/BioNTech",6291588,6128416,12420004
2021-11-04,"Johnson&Johnson, Moderna, Oxford/AstraZeneca, Pfizer/BioNTech",6309938,6136583,12446521
2021-11-05,"Johnson&Johnson, Moderna, Oxford/AstraZeneca, Pfizer/BioNTech",6332738,6147847,12480585
2021-11-06,"Johnson&Johnson, Moderna, Pfizer/BioNTech",6339249,6150897,12490146
2021-11-07,"Johnson&Johnson, Moderna, Pfizer/BioNTech",6343269,6153331,12496600
2021-11-08,"Johnson&Johnson, Moderna, Oxford/AstraZeneca, Pfizer/BioNTech",6359542,6160960,12520502
2021-11-09,"Johnson&Johnson, Moderna, Oxford/AstraZeneca, Pfizer/BioNTech",6374350,6168251,12542601
2021-11-10,"Johnson&Johnson, Moderna, Oxford/AstraZeneca, Pfizer/BioNTech",6390089,6175622,12565711
2021-11-11,"Johnson&Johnson, Moderna, Oxford/AstraZeneca, Pfizer/BioNTech",6405551,6184722,12590273
2021-11-12,"Johnson&Johnson, Moderna, Oxford/AstraZeneca, Pfizer/BioNTech",6425351,6197503,12622854
2021-11-13,"Johnson&Johnson, Moderna, Oxford/AstraZeneca, Pfizer/BioNTech",6430739,6201367,12632106
2021-11-14,"Johnson&Johnson, Moderna, Oxford/AstraZeneca, Pfizer/BioNTech",6434630,6204369,12638999
2021-11-15,"Johnson&Johnson, Moderna, Oxford/AstraZeneca, Pfizer/BioNTech",6449705,6215052,12664757
2021-11-16,"Johnson&Johnson, Moderna, Oxford/AstraZeneca, Pfizer/BioNTech",6467240,6227028,12694268
2021-11-17,"Johnson&Johnson, Moderna, Oxford/AstraZeneca, Pfizer/BioNTech",6471481,6230589,12702070
2021-11-18,"Johnson&Johnson, Moderna, Oxford/AstraZeneca, Pfizer/BioNTech",6490885,6242267,12733152
2021-11-19,"Johnson&Johnson, Moderna, Oxford/AstraZeneca, Pfizer/BioNTech",6515491,6259239,12774730
2021-11-20,"Johnson&Johnson, Moderna, Pfizer/BioNTech",6524064,6264215,12788279
2021-11-21,"Johnson&Johnson, Moderna, Pfizer/BioNTech",6530837,6267986,12798823
2021-11-22,"Johnson&Johnson, Moderna, Oxford/AstraZeneca, Pfizer/BioNTech",6549340,6282090,12831430
2021-11-23,"Johnson&Johnson, Moderna, Oxford/AstraZeneca, Pfizer/BioNTech",6568393,6295345,12863738
2021-11-24,"Johnson&Johnson, Moderna, Oxford/AstraZeneca, Pfizer/BioNTech",6587380,6311178,12898558
2021-11-25,"Johnson&Johnson, Moderna, Oxford/AstraZeneca, Pfizer/BioNTech",6606525,6326195,12932720
2021-11-26,"Johnson&Johnson, Moderna, Oxford/AstraZeneca, Pfizer/BioNTech",6628171,6345321,12973492
2021-11-27,"Johnson&Johnson, Moderna, Pfizer/BioNTech",6635635,6350871,12986506
2021-11-28,"Johnson&Johnson, Moderna, Oxford/AstraZeneca, Pfizer/BioNTech",6638967,6354005,12992972
2021-11-29,"Johnson&Johnson, Moderna, Oxford/AstraZeneca, Pfizer/BioNTech",6654167,6367656,13021823
2021-11-30,"Johnson&Johnson, Moderna, Oxford/AstraZeneca, Pfizer/BioNTech",6667354,6378874,13046228
2021-12-01,"Johnson&Johnson, Moderna, Oxford/AstraZeneca, Pfizer/BioNTech",6681373,6391321,13072694
2021-12-02,"Johnson&Johnson, Moderna, Oxford/AstraZeneca, Pfizer/BioNTech",6691998,6403807,13095805
2021-12-03,"Johnson&Johnson, Moderna, Oxford/AstraZeneca, Pfizer/BioNTech",6701623,6419367,13120990
2021-12-04,"Johnson&Johnson, Moderna, Pfizer/BioNTech",6704180,6423313,13127493
2021-12-05,"Johnson&Johnson, Moderna, Pfizer/BioNTech",6705536,6425652,13131188
2021-12-06,"Johnson&Johnson, Moderna, Oxford/AstraZeneca, Pfizer/BioNTech",6713688,6437172,13150860
2021-12-07,"Johnson&Johnson, Moderna, Oxford/AstraZeneca, Pfizer/BioNTech",6721545,6449161,13170706
2021-12-08,"Johnson&Johnson, Moderna, Oxford/AstraZeneca, Pfizer/BioNTech",6729769,6455076,13184845
2021-12-09,"Johnson&Johnson, Moderna, Oxford/AstraZeneca, Pfizer/BioNTech",6736865,6467882,13204747
2021-12-10,"Johnson&Johnson, Moderna, Oxford/AstraZeneca, Pfizer/BioNTech",6743757,6485675,13229432
2021-12-11,"Johnson&Johnson, Moderna, Pfizer/BioNTech",6745415,6490944,13236359
2021-12-12,"Johnson&Johnson, Moderna, Pfizer/BioNTech",6746722,6495373,13242095
2021-12-13,"Johnson&Johnson, Moderna, Oxford/AstraZeneca, Pfizer/BioNTech",6753064,6508675,13261739
2021-12-14,"Johnson&Johnson, Moderna, Oxford/AstraZeneca, Pfizer/BioNTech",6759254,6522330,13281584
2021-12-15,"Johnson&Johnson, Moderna, Oxford/AstraZeneca, Pfizer/BioNTech",6765421,6535925,13301346
2021-12-16,"Johnson&Johnson, Moderna, Oxford/AstraZeneca, Pfizer/BioNTech",6772327,6550754,13323081
2021-12-17,"Johnson&Johnson, Moderna, Oxford/AstraZeneca, Pfizer/BioNTech",6780636,6567998,13348634
2021-12-18,"Johnson&Johnson, Moderna, Oxford/AstraZeneca, Pfizer/BioNTech",6783231,6573442,13356673
2021-12-19,"Johnson&Johnson, Moderna, Pfizer/BioNTech",6785000,6575943,13360943
2021-12-20,"Johnson&Johnson, Moderna, Oxford/AstraZeneca, Pfizer/BioNTech",6790762,6589964,13380726
2021-12-21,"Johnson&Johnson, Moderna, Oxford/AstraZeneca, Pfizer/BioNTech",6797376,6601944,13399320
2021-12-22,"Johnson&Johnson, Moderna, Oxford/AstraZeneca, Pfizer/BioNTech",6802404,6614973,13417377
2021-12-23,"Johnson&Johnson, Moderna, Oxford/AstraZeneca, Pfizer/BioNTech",6805263,6620563,13425826
2021-12-24,"Johnson&Johnson, Moderna, Pfizer/BioNTech",6805305,6620661,13425966
2021-12-25,"Moderna, Pfizer/BioNTech",6805305,6620667,13425972
2021-12-26,"Moderna, Pfizer/BioNTech",6805403,6620865,13426268
2021-12-27,"Johnson&Johnson, Moderna, Pfizer/BioNTech",6809230,6630581,13439811
2021-12-28,"Johnson&Johnson, Moderna, Pfizer/BioNTech",6814446,6638519,13452965
2021-12-29,"Johnson&Johnson, Moderna, Oxford/AstraZeneca, Pfizer/BioNTech",6818718,6646215,13464933
2021-12-30,"Johnson&Johnson, Moderna, Pfizer/BioNTech",6823013,6651621,13474634
2021-12-31,"Johnson&Johnson, Moderna, Pfizer/BioNTech",6823516,6653032,13476548
2022-01-01,"Johnson&Johnson, Moderna, Pfizer/BioNTech",6823517,6653050,13476567
2022-01-02,"Johnson&Johnson, Moderna, Pfizer/BioNTech",6824367,6654429,13478796
2022-01-03,"Johnson&Johnson, Moderna, Oxford/AstraZeneca, Pfizer/BioNTech",6828318,6663284,13491602
2022-01-04,"Johnson&Johnson, Moderna, Oxford/AstraZeneca, Pfizer/BioNTech",6833399,6671026,13504425
2022-01-05,"Johnson&Johnson, Moderna, Oxford/AstraZeneca, Pfizer/BioNTech",6839172,6678918,13518090
2022-01-06,"Johnson&Johnson, Moderna, Oxford/AstraZeneca, Pfizer/BioNTech",6845734,6687271,13533005
2022-01-07,"Johnson&Johnson, Moderna, Oxford/AstraZeneca, Pfizer/BioNTech",6853535,6697512,13551047
2022-01-08,"Johnson&Johnson, Moderna, Oxford/AstraZeneca, Pfizer/BioNTech",6856001,6700281,13556282
2022-01-09,"Johnson&Johnson, Moderna, Pfizer/BioNTech",6857083,6701978,13559061
2022-01-10,"Johnson&Johnson, Moderna, Oxford/AstraZeneca, Pfizer/BioNTech",6861478,6708028,13569506
2022-01-11,"Johnson&Johnson, Moderna, Oxford/AstraZeneca, Pfizer/BioNTech",6866607,6714556,13581163
2022-01-12,"Johnson&Johnson, Moderna, Oxford/AstraZeneca, Pfizer/BioNTech",6872205,6719787,13591992
