date,vaccine,people_vaccinated,people_fully_vaccinated,total_vaccinations
2020-12-27,Pfizer/BioNTech,1278,0,1278
2020-12-28,Pfizer/BioNTech,3585,0,3585
2020-12-29,Pfizer/BioNTech,7051,0,7051
2020-12-30,Pfizer/BioNTech,10566,0,10566
2020-12-31,Pfizer/BioNTech,11871,0,11871
2021-01-01,"Moderna, Pfizer/BioNTech",12140,0,12140
2021-01-02,Pfizer/BioNTech,13417,0,13417
2021-01-03,Pfizer/BioNTech,14339,0,14339
2021-01-04,"Moderna, Pfizer/BioNTech",17945,0,17945
2021-01-05,"Moderna, Pfizer/BioNTech",22461,0,22461
2021-01-06,"Moderna, Pfizer/BioNTech",28301,1,28302
2021-01-07,"Moderna, Pfizer/BioNTech",36293,1,36294
2021-01-08,"Moderna, Pfizer/BioNTech",46342,1,46343
2021-01-09,"Moderna, Pfizer/BioNTech",48367,2,48369
2021-01-10,Pfizer/BioNTech,50133,4,50137
2021-01-11,Pfizer/BioNTech,59987,6,59993
2021-01-12,"Moderna, Pfizer/BioNTech",73430,8,73438
2021-01-13,Pfizer/BioNTech,86967,8,86975
2021-01-14,"Moderna, Pfizer/BioNTech",102193,12,102205
2021-01-15,"Moderna, Pfizer/BioNTech",116199,13,116212
2021-01-16,"Moderna, Pfizer/BioNTech",119592,16,119608
2021-01-17,"Moderna, Pfizer/BioNTech",122207,652,122859
2021-01-18,"Moderna, Pfizer/BioNTech",134688,2479,137167
2021-01-19,"Moderna, Pfizer/BioNTech",147289,5201,152490
2021-01-20,"Moderna, Pfizer/BioNTech",160965,7859,168824
2021-01-21,"Moderna, Pfizer/BioNTech",176613,9599,186212
2021-01-22,"Moderna, Pfizer/BioNTech",191486,10644,202130
2021-01-23,"Moderna, Pfizer/BioNTech",194804,11523,206327
2021-01-24,"Moderna, Pfizer/BioNTech",197057,12392,209449
2021-01-25,"Moderna, Pfizer/BioNTech",206695,15365,222060
2021-01-26,"Moderna, Pfizer/BioNTech",217231,19353,236584
2021-01-27,"Moderna, Pfizer/BioNTech",226257,23891,250148
2021-01-28,"Moderna, Pfizer/BioNTech",233351,30018,263369
2021-01-29,"Moderna, Pfizer/BioNTech",239560,37927,277487
2021-01-30,"Moderna, Pfizer/BioNTech",240295,39015,279310
2021-01-31,"Moderna, Pfizer/BioNTech",241008,40196,281204
2021-02-01,"Moderna, Pfizer/BioNTech",244986,48152,293138
2021-02-02,"Moderna, Pfizer/BioNTech",249124,58380,307504
2021-02-03,"Moderna, Pfizer/BioNTech",253540,69385,322925
2021-02-04,"Moderna, Pfizer/BioNTech",258435,82366,340801
2021-02-05,"Moderna, Pfizer/BioNTech",263899,93033,356932
2021-02-06,"Moderna, Oxford/AstraZeneca, Pfizer/BioNTech",264747,95396,360143
2021-02-07,"Moderna, Pfizer/BioNTech",265594,97897,363491
2021-02-08,"Moderna, Oxford/AstraZeneca, Pfizer/BioNTech",269670,109329,378999
2021-02-09,"Moderna, Oxford/AstraZeneca, Pfizer/BioNTech",274761,121237,395998
2021-02-10,"Moderna, Oxford/AstraZeneca, Pfizer/BioNTech",280265,134479,414744
2021-02-11,"Moderna, Oxford/AstraZeneca, Pfizer/BioNTech",286591,150685,437276
2021-02-12,"Moderna, Oxford/AstraZeneca, Pfizer/BioNTech",293360,165413,458773
2021-02-13,"Moderna, Oxford/AstraZeneca, Pfizer/BioNTech",294969,168399,463368
2021-02-14,"Moderna, Oxford/AstraZeneca, Pfizer/BioNTech",295972,169783,465755
2021-02-15,"Moderna, Oxford/AstraZeneca, Pfizer/BioNTech",302370,179137,481507
2021-02-16,"Moderna, Oxford/AstraZeneca, Pfizer/BioNTech",311086,188211,499297
2021-02-17,"Moderna, Oxford/AstraZeneca, Pfizer/BioNTech",320780,196515,517295
2021-02-18,"Moderna, Oxford/AstraZeneca, Pfizer/BioNTech",333096,204587,537683
2021-02-19,"Moderna, Oxford/AstraZeneca, Pfizer/BioNTech",344946,211944,556890
2021-02-20,"Moderna, Oxford/AstraZeneca, Pfizer/BioNTech",346939,213124,560063
2021-02-21,"Moderna, Oxford/AstraZeneca, Pfizer/BioNTech",348067,214147,562214
2021-02-22,"Moderna, Oxford/AstraZeneca, Pfizer/BioNTech",358186,220172,578358
2021-02-23,"Moderna, Oxford/AstraZeneca, Pfizer/BioNTech",371128,227143,598271
2021-02-24,"Moderna, Oxford/AstraZeneca, Pfizer/BioNTech",384996,233175,618171
2021-02-25,"Moderna, Oxford/AstraZeneca, Pfizer/BioNTech",402961,238721,641682
2021-02-26,"Moderna, Oxford/AstraZeneca, Pfizer/BioNTech",419126,244064,663190
2021-02-27,"Moderna, Oxford/AstraZeneca, Pfizer/BioNTech",422133,244620,666753
2021-02-28,"Moderna, Oxford/AstraZeneca, Pfizer/BioNTech",424477,245167,669644
2021-03-01,"Moderna, Oxford/AstraZeneca, Pfizer/BioNTech",444055,248609,692664
2021-03-02,"Moderna, Oxford/AstraZeneca, Pfizer/BioNTech",471271,252147,723418
2021-03-03,"Moderna, Oxford/AstraZeneca, Pfizer/BioNTech",502135,256649,758784
2021-03-04,"Moderna, Oxford/AstraZeneca, Pfizer/BioNTech",535403,261330,796733
2021-03-05,"Johnson&Johnson, Moderna, Oxford/AstraZeneca, Pfizer/BioNTech",564209,266746,830955
2021-03-06,"Johnson&Johnson, Moderna, Oxford/AstraZeneca, Pfizer/BioNTech",576347,267603,843950
2021-03-07,"Johnson&Johnson, Moderna, Oxford/AstraZeneca, Pfizer/BioNTech",587878,268443,856321
2021-03-08,"Johnson&Johnson, Moderna, Oxford/AstraZeneca, Pfizer/BioNTech",617592,273290,890882
2021-03-09,"Johnson&Johnson, Moderna, Oxford/AstraZeneca, Pfizer/BioNTech",653939,279668,933607
2021-03-10,"Moderna, Oxford/AstraZeneca, Pfizer/BioNTech",695234,286616,981850
2021-03-11,"Johnson&Johnson, Moderna, Oxford/AstraZeneca, Pfizer/BioNTech",740034,294985,1035019
2021-03-12,"Johnson&Johnson, Moderna, Oxford/AstraZeneca, Pfizer/BioNTech",778804,303450,1082254
2021-03-13,"Johnson&Johnson, Moderna, Oxford/AstraZeneca, Pfizer/BioNTech",795874,304754,1100628
2021-03-14,"Moderna, Oxford/AstraZeneca, Pfizer/BioNTech",807979,305902,1113881
2021-03-15,"Moderna, Oxford/AstraZeneca, Pfizer/BioNTech",836347,314675,1151022
2021-03-16,"Johnson&Johnson, Moderna, Oxford/AstraZeneca, Pfizer/BioNTech",875220,325206,1200426
2021-03-17,"Moderna, Oxford/AstraZeneca, Pfizer/BioNTech",912670,335709,1248379
2021-03-18,"Johnson&Johnson, Moderna, Oxford/AstraZeneca, Pfizer/BioNTech",950633,348114,1298747
2021-03-19,"Moderna, Oxford/AstraZeneca, Pfizer/BioNTech",985098,361716,1346814
2021-03-20,"Johnson&Johnson, Moderna, Oxford/AstraZeneca, Pfizer/BioNTech",1000228,363738,1363966
2021-03-21,"Johnson&Johnson, Moderna, Oxford/AstraZeneca, Pfizer/BioNTech",1007639,365293,1372932
2021-03-22,"Johnson&Johnson, Moderna, Oxford/AstraZeneca, Pfizer/BioNTech",1032173,377790,1409963
2021-03-23,"Johnson&Johnson, Moderna, Oxford/AstraZeneca, Pfizer/BioNTech",1058797,391137,1449934
2021-03-24,"Johnson&Johnson, Moderna, Oxford/AstraZeneca, Pfizer/BioNTech",1085635,406866,1492501
2021-03-25,"Moderna, Oxford/AstraZeneca, Pfizer/BioNTech",1111944,424707,1536651
2021-03-26,"Johnson&Johnson, Moderna, Oxford/AstraZeneca, Pfizer/BioNTech",1136738,442196,1578934
2021-03-27,"Johnson&Johnson, Moderna, Oxford/AstraZeneca, Pfizer/BioNTech",1145164,447040,1592204
2021-03-28,"Moderna, Oxford/AstraZeneca, Pfizer/BioNTech",1150700,451178,1601878
2021-03-29,"Johnson&Johnson, Moderna, Oxford/AstraZeneca, Pfizer/BioNTech",1169815,471898,1641713
2021-03-30,"Johnson&Johnson, Moderna, Oxford/AstraZeneca, Pfizer/BioNTech",1194499,494069,1688568
2021-03-31,"Johnson&Johnson, Moderna, Oxford/AstraZeneca, Pfizer/BioNTech",1217584,521123,1738707
2021-04-01,"Johnson&Johnson, Moderna, Oxford/AstraZeneca, Pfizer/BioNTech",1243183,553160,1796343
2021-04-02,"Johnson&Johnson, Moderna, Oxford/AstraZeneca, Pfizer/BioNTech",1250099,565942,1816041
2021-04-03,"Johnson&Johnson, Moderna, Oxford/AstraZeneca, Pfizer/BioNTech",1253709,576857,1830566
2021-04-04,"Johnson&Johnson, Moderna, Oxford/AstraZeneca, Pfizer/BioNTech",1256212,585774,1841986
2021-04-05,"Johnson&Johnson, Moderna, Oxford/AstraZeneca, Pfizer/BioNTech",1258605,592951,1851556
2021-04-06,"Johnson&Johnson, Moderna, Oxford/AstraZeneca, Pfizer/BioNTech",1274727,622192,1896919
2021-04-07,"Johnson&Johnson, Moderna, Oxford/AstraZeneca, Pfizer/BioNTech",1298128,644413,1942541
2021-04-08,"Johnson&Johnson, Moderna, Oxford/AstraZeneca, Pfizer/BioNTech",1336807,675421,2012228
2021-04-09,"Johnson&Johnson, Moderna, Oxford/AstraZeneca, Pfizer/BioNTech",1376330,705592,2081922
2021-04-10,"Johnson&Johnson, Moderna, Oxford/AstraZeneca, Pfizer/BioNTech",1391812,720878,2112690
2021-04-11,"Johnson&Johnson, Moderna, Oxford/AstraZeneca, Pfizer/BioNTech",1401581,730909,2132490
2021-04-12,"Johnson&Johnson, Moderna, Oxford/AstraZeneca, Pfizer/BioNTech",1439814,756034,2195848
2021-04-13,"Moderna, Oxford/AstraZeneca, Pfizer/BioNTech",1476048,782064,2258112
2021-04-14,"Moderna, Oxford/AstraZeneca, Pfizer/BioNTech",1514844,809410,2324254
2021-04-15,"Moderna, Oxford/AstraZeneca, Pfizer/BioNTech",1562610,835121,2397731
2021-04-16,"Moderna, Oxford/AstraZeneca, Pfizer/BioNTech",1607242,860747,2467989
2021-04-17,"Moderna, Oxford/AstraZeneca, Pfizer/BioNTech",1623925,869771,2493696
2021-04-18,"Moderna, Oxford/AstraZeneca, Pfizer/BioNTech",1636904,874752,2511656
2021-04-19,"Moderna, Oxford/AstraZeneca, Pfizer/BioNTech",1680891,890210,2571101
2021-04-20,"Johnson&Johnson, Moderna, Oxford/AstraZeneca, Pfizer/BioNTech",1723422,906066,2629488
2021-04-21,"Moderna, Oxford/AstraZeneca, Pfizer/BioNTech",1771135,920406,2691541
2021-04-22,"Johnson&Johnson, Moderna, Oxford/AstraZeneca, Pfizer/BioNTech",1825607,937778,2763385
2021-04-23,"Johnson&Johnson, Moderna, Oxford/AstraZeneca, Pfizer/BioNTech",1875547,949824,2825371
2021-04-24,"Johnson&Johnson, Moderna, Oxford/AstraZeneca, Pfizer/BioNTech",1893370,955063,2848433
2021-04-25,"Johnson&Johnson, Moderna, Oxford/AstraZeneca, Pfizer/BioNTech",1908054,959053,2867107
2021-04-26,"Johnson&Johnson, Moderna, Oxford/AstraZeneca, Pfizer/BioNTech",1957620,966594,2924214
2021-04-27,"Johnson&Johnson, Moderna, Oxford/AstraZeneca, Pfizer/BioNTech",2006573,978810,2985383
2021-04-28,"Johnson&Johnson, Moderna, Oxford/AstraZeneca, Pfizer/BioNTech",2065310,992789,3058099
2021-04-29,"Johnson&Johnson, Moderna, Oxford/AstraZeneca, Pfizer/BioNTech",2130839,1008658,3139497
2021-04-30,"Johnson&Johnson, Moderna, Oxford/AstraZeneca, Pfizer/BioNTech",2193049,1018611,3211660
2021-05-01,"Johnson&Johnson, Moderna, Oxford/AstraZeneca, Pfizer/BioNTech",2212358,1022049,3234407
2021-05-02,"Johnson&Johnson, Moderna, Oxford/AstraZeneca, Pfizer/BioNTech",2231265,1024313,3255578
2021-05-03,"Johnson&Johnson, Moderna, Oxford/AstraZeneca, Pfizer/BioNTech",2298489,1029361,3327850
2021-05-04,"Johnson&Johnson, Moderna, Oxford/AstraZeneca, Pfizer/BioNTech",2364954,1037680,3402634
2021-05-05,"Johnson&Johnson, Moderna, Oxford/AstraZeneca, Pfizer/BioNTech",2438088,1047069,3485157
2021-05-06,"Johnson&Johnson, Moderna, Oxford/AstraZeneca, Pfizer/BioNTech",2518455,1057765,3576220
2021-05-07,"Johnson&Johnson, Moderna, Oxford/AstraZeneca, Pfizer/BioNTech",2595674,1067810,3663484
2021-05-08,"Johnson&Johnson, Moderna, Oxford/AstraZeneca, Pfizer/BioNTech",2625092,1069562,3694654
2021-05-09,"Johnson&Johnson, Moderna, Oxford/AstraZeneca, Pfizer/BioNTech",2649269,1070759,3720028
2021-05-10,"Johnson&Johnson, Moderna, Oxford/AstraZeneca, Pfizer/BioNTech",2722000,1077964,3799964
2021-05-11,"Johnson&Johnson, Moderna, Oxford/AstraZeneca, Pfizer/BioNTech",2798082,1086749,3884831
2021-05-12,"Johnson&Johnson, Moderna, Oxford/AstraZeneca, Pfizer/BioNTech",2877915,1095832,3973747
2021-05-13,"Johnson&Johnson, Moderna, Oxford/AstraZeneca, Pfizer/BioNTech",2961909,1104975,4066884
2021-05-14,"Johnson&Johnson, Moderna, Oxford/AstraZeneca, Pfizer/BioNTech",3041320,1112738,4154058
2021-05-15,"Johnson&Johnson, Moderna, Oxford/AstraZeneca, Pfizer/BioNTech",3073176,1114962,4188138
2021-05-16,"Johnson&Johnson, Moderna, Oxford/AstraZeneca, Pfizer/BioNTech",3098920,1116217,4215137
2021-05-17,"Johnson&Johnson, Moderna, Oxford/AstraZeneca, Pfizer/BioNTech",3171408,1122923,4294331
2021-05-18,"Johnson&Johnson, Moderna, Oxford/AstraZeneca, Pfizer/BioNTech",3243310,1135952,4379262
2021-05-19,"Johnson&Johnson, Moderna, Oxford/AstraZeneca, Pfizer/BioNTech",3320745,1151063,4471808
2021-05-20,"Johnson&Johnson, Moderna, Oxford/AstraZeneca, Pfizer/BioNTech",3396151,1178061,4574212
2021-05-21,"Johnson&Johnson, Moderna, Oxford/AstraZeneca, Pfizer/BioNTech",3464882,1205785,4670667
2021-05-22,"Johnson&Johnson, Moderna, Oxford/AstraZeneca, Pfizer/BioNTech",3497231,1216943,4714174
2021-05-23,"Johnson&Johnson, Moderna, Oxford/AstraZeneca, Pfizer/BioNTech",3519559,1225963,4745522
2021-05-24,"Johnson&Johnson, Moderna, Oxford/AstraZeneca, Pfizer/BioNTech",3566673,1259587,4826260
2021-05-25,"Johnson&Johnson, Moderna, Oxford/AstraZeneca, Pfizer/BioNTech",3618506,1295354,4913860
2021-05-26,"Johnson&Johnson, Moderna, Oxford/AstraZeneca, Pfizer/BioNTech",3686245,1332842,5019087
2021-05-27,"Johnson&Johnson, Moderna, Oxford/AstraZeneca, Pfizer/BioNTech",3747615,1380117,5127732
2021-05-28,"Johnson&Johnson, Moderna, Oxford/AstraZeneca, Pfizer/BioNTech",3809288,1426633,5235921
2021-05-29,"Johnson&Johnson, Moderna, Oxford/AstraZeneca, Pfizer/BioNTech",3838446,1443713,5282159
2021-05-30,"Johnson&Johnson, Moderna, Oxford/AstraZeneca, Pfizer/BioNTech",3860788,1458123,5318911
2021-05-31,"Johnson&Johnson, Moderna, Oxford/AstraZeneca, Pfizer/BioNTech",3916499,1505643,5422142
2021-06-01,"Johnson&Johnson, Moderna, Oxford/AstraZeneca, Pfizer/BioNTech",3975506,1554442,5529948
2021-06-02,"Johnson&Johnson, Moderna, Oxford/AstraZeneca, Pfizer/BioNTech",4038378,1608365,5646743
2021-06-03,"Johnson&Johnson, Moderna, Oxford/AstraZeneca, Pfizer/BioNTech",4096591,1668525,5765116
2021-06-04,"Johnson&Johnson, Moderna, Oxford/AstraZeneca, Pfizer/BioNTech",4159659,1725853,5885512
2021-06-05,"Johnson&Johnson, Moderna, Oxford/AstraZeneca, Pfizer/BioNTech",4193784,1744638,5938422
2021-06-06,"Johnson&Johnson, Moderna, Oxford/AstraZeneca, Pfizer/BioNTech",4220686,1759741,5980427
2021-06-07,"Johnson&Johnson, Moderna, Oxford/AstraZeneca, Pfizer/BioNTech",4284359,1815330,6099689
2021-06-08,"Johnson&Johnson, Moderna, Oxford/AstraZeneca, Pfizer/BioNTech",4348328,1870261,6218589
2021-06-09,"Johnson&Johnson, Moderna, Oxford/AstraZeneca, Pfizer/BioNTech",4407511,1934698,6342209
2021-06-10,"Johnson&Johnson, Moderna, Oxford/AstraZeneca, Pfizer/BioNTech",4461388,2005766,6467154
2021-06-11,"Johnson&Johnson, Moderna, Oxford/AstraZeneca, Pfizer/BioNTech",4513480,2075447,6588927
2021-06-12,"Johnson&Johnson, Moderna, Oxford/AstraZeneca, Pfizer/BioNTech",4545475,2096188,6641663
2021-06-13,"Johnson&Johnson, Moderna, Oxford/AstraZeneca, Pfizer/BioNTech",4569480,2114556,6684036
2021-06-14,"Johnson&Johnson, Moderna, Oxford/AstraZeneca, Pfizer/BioNTech",4612546,2188873,6801419
2021-06-15,"Johnson&Johnson, Moderna, Oxford/AstraZeneca, Pfizer/BioNTech",4657184,2261145,6918329
2021-06-16,"Johnson&Johnson, Moderna, Oxford/AstraZeneca, Pfizer/BioNTech",4699911,2339299,7039210
2021-06-17,"Johnson&Johnson, Moderna, Oxford/AstraZeneca, Pfizer/BioNTech",4739282,2422290,7161572
2021-06-18,"Johnson&Johnson, Moderna, Oxford/AstraZeneca, Pfizer/BioNTech",4781658,2502712,7284370
2021-06-19,"Johnson&Johnson, Moderna, Oxford/AstraZeneca, Pfizer/BioNTech",4803402,2531940,7335342
2021-06-20,"Johnson&Johnson, Moderna, Oxford/AstraZeneca, Pfizer/BioNTech",4820761,2555720,7376481
2021-06-21,"Johnson&Johnson, Moderna, Oxford/AstraZeneca, Pfizer/BioNTech",4853260,2634214,7487474
2021-06-22,"Johnson&Johnson, Moderna, Oxford/AstraZeneca, Pfizer/BioNTech",4886216,2716395,7602611
2021-06-23,"Johnson&Johnson, Moderna, Oxford/AstraZeneca, Pfizer/BioNTech",4917867,2801532,7719399
2021-06-24,"Johnson&Johnson, Moderna, Oxford/AstraZeneca, Pfizer/BioNTech",4947701,2891483,7839184
2021-06-25,"Johnson&Johnson, Moderna, Oxford/AstraZeneca, Pfizer/BioNTech",4978748,2977543,7956291
2021-06-26,"Johnson&Johnson, Moderna, Oxford/AstraZeneca, Pfizer/BioNTech",4994602,3012297,8006899
2021-06-27,"Johnson&Johnson, Moderna, Oxford/AstraZeneca, Pfizer/BioNTech",5008538,3038898,8047436
2021-06-28,"Johnson&Johnson, Moderna, Oxford/AstraZeneca, Pfizer/BioNTech",5036941,3123998,8160939
2021-06-29,"Johnson&Johnson, Moderna, Oxford/AstraZeneca, Pfizer/BioNTech",5066203,3210386,8276589
2021-06-30,"Johnson&Johnson, Moderna, Oxford/AstraZeneca, Pfizer/BioNTech",5093691,3301256,8394947
2021-07-01,"Johnson&Johnson, Moderna, Oxford/AstraZeneca, Pfizer/BioNTech",5117658,3391216,8508874
2021-07-02,"Johnson&Johnson, Moderna, Oxford/AstraZeneca, Pfizer/BioNTech",5144369,3476961,8621330
2021-07-03,"Johnson&Johnson, Moderna, Oxford/AstraZeneca, Pfizer/BioNTech",5151441,3508427,8659868
2021-07-04,"Johnson&Johnson, Moderna, Oxford/AstraZeneca, Pfizer/BioNTech",5158990,3530194,8689184
2021-07-05,"Johnson&Johnson, Moderna, Oxford/AstraZeneca, Pfizer/BioNTech",5166345,3555520,8721865
2021-07-06,"Johnson&Johnson, Moderna, Oxford/AstraZeneca, Pfizer/BioNTech",5171746,3583107,8754853
2021-07-07,"Johnson&Johnson, Moderna, Oxford/AstraZeneca, Pfizer/BioNTech",5197522,3662003,8859525
2021-07-08,"Johnson&Johnson, Moderna, Oxford/AstraZeneca, Pfizer/BioNTech",5224115,3732246,8956361
2021-07-09,"Johnson&Johnson, Moderna, Oxford/AstraZeneca, Pfizer/BioNTech",5252019,3801438,9053457
2021-07-10,"Johnson&Johnson, Moderna, Oxford/AstraZeneca, Pfizer/BioNTech",5261359,3830017,9091376
2021-07-11,"Johnson&Johnson, Moderna, Oxford/AstraZeneca, Pfizer/BioNTech",5269877,3852870,9122747
2021-07-12,"Johnson&Johnson, Moderna, Oxford/AstraZeneca, Pfizer/BioNTech",5297396,3921895,9219291
2021-07-13,"Johnson&Johnson, Moderna, Oxford/AstraZeneca, Pfizer/BioNTech",5323566,3991700,9315266
2021-07-14,"Johnson&Johnson, Moderna, Oxford/AstraZeneca, Pfizer/BioNTech",5349365,4063608,9412973
2021-07-15,"Johnson&Johnson, Moderna, Oxford/AstraZeneca, Pfizer/BioNTech",5378535,4129544,9508079
2021-07-16,"Johnson&Johnson, Moderna, Oxford/AstraZeneca, Pfizer/BioNTech",5406435,4202173,9608608
2021-07-17,"Johnson&Johnson, Moderna, Oxford/AstraZeneca, Pfizer/BioNTech",5415196,4233562,9648758
2021-07-18,"Johnson&Johnson, Moderna, Oxford/AstraZeneca, Pfizer/BioNTech",5423631,4259525,9683156
2021-07-19,"Johnson&Johnson, Moderna, Oxford/AstraZeneca, Pfizer/BioNTech",5446971,4326484,9773455
2021-07-20,"Johnson&Johnson, Moderna, Oxford/AstraZeneca, Pfizer/BioNTech",5468344,4393454,9861798
2021-07-21,"Johnson&Johnson, Moderna, Oxford/AstraZeneca, Pfizer/BioNTech",5491788,4456838,9948626
2021-07-22,"Johnson&Johnson, Moderna, Oxford/AstraZeneca, Pfizer/BioNTech",5514139,4515387,10029526
2021-07-23,"Johnson&Johnson, Moderna, Oxford/AstraZeneca, Pfizer/BioNTech",5537321,4570055,10107376
2021-07-24,"Johnson&Johnson, Moderna, Oxford/AstraZeneca, Pfizer/BioNTech",5544626,4597671,10142297
2021-07-25,"Johnson&Johnson, Moderna, Oxford/AstraZeneca, Pfizer/BioNTech",5551232,4619764,10170996
2021-07-26,"Johnson&Johnson, Moderna, Oxford/AstraZeneca, Pfizer/BioNTech",5574754,4668362,10243116
2021-07-27,"Johnson&Johnson, Moderna, Oxford/AstraZeneca, Pfizer/BioNTech",5597475,4714918,10312393
2021-07-28,"Johnson&Johnson, Moderna, Oxford/AstraZeneca, Pfizer/BioNTech",5618706,4760814,10379520
2021-07-29,"Johnson&Johnson, Moderna, Oxford/AstraZeneca, Pfizer/BioNTech",5640011,4802682,10442693
2021-07-30,"Johnson&Johnson, Moderna, Oxford/AstraZeneca, Pfizer/BioNTech",5663275,4845154,10508429
2021-07-31,"Johnson&Johnson, Moderna, Oxford/AstraZeneca, Pfizer/BioNTech",5672188,4864649,10536837
2021-08-01,"Johnson&Johnson, Moderna, Oxford/AstraZeneca, Pfizer/BioNTech",5678901,4880790,10559691
2021-08-02,"Johnson&Johnson, Moderna, Oxford/AstraZeneca, Pfizer/BioNTech",5697513,4918280,10615793
2021-08-03,"Johnson&Johnson, Moderna, Oxford/AstraZeneca, Pfizer/BioNTech",5715133,4956318,10671451
2021-08-04,"Johnson&Johnson, Moderna, Oxford/AstraZeneca, Pfizer/BioNTech",5731209,4992987,10724196
2021-08-05,"Johnson&Johnson, Moderna, Oxford/AstraZeneca, Pfizer/BioNTech",5747216,5033391,10780607
2021-08-06,"Johnson&Johnson, Moderna, Oxford/AstraZeneca, Pfizer/BioNTech",5763985,5076608,10840593
2021-08-07,"Johnson&Johnson, Moderna, Oxford/AstraZeneca, Pfizer/BioNTech",5769569,5094741,10864310
2021-08-08,"Johnson&Johnson, Moderna, Oxford/AstraZeneca, Pfizer/BioNTech",5773917,5110469,10884386
2021-08-09,"Johnson&Johnson, Moderna, Oxford/AstraZeneca, Pfizer/BioNTech",5786548,5155465,10942013
2021-08-10,"Johnson&Johnson, Moderna, Oxford/AstraZeneca, Pfizer/BioNTech",5798375,5194981,10993356
2021-08-11,"Johnson&Johnson, Moderna, Oxford/AstraZeneca, Pfizer/BioNTech",5809723,5238061,11047784
2021-08-12,"Johnson&Johnson, Moderna, Oxford/AstraZeneca, Pfizer/BioNTech",5821130,5275135,11096265
2021-08-13,"Johnson&Johnson, Moderna, Oxford/AstraZeneca, Pfizer/BioNTech",5831840,5315411,11147251
2021-08-14,"Johnson&Johnson, Moderna, Oxford/AstraZeneca, Pfizer/BioNTech",5835175,5326088,11161263
2021-08-15,"Johnson&Johnson, Moderna, Oxford/AstraZeneca, Pfizer/BioNTech",5837749,5336442,11174191
2021-08-16,"Johnson&Johnson, Moderna, Oxford/AstraZeneca, Pfizer/BioNTech",5847519,5370469,11217988
2021-08-17,"Johnson&Johnson, Moderna, Oxford/AstraZeneca, Pfizer/BioNTech",5857104,5397526,11254630
2021-08-18,"Johnson&Johnson, Moderna, Oxford/AstraZeneca, Pfizer/BioNTech",5866466,5436353,11302819
2021-08-19,"Johnson&Johnson, Moderna, Oxford/AstraZeneca, Pfizer/BioNTech",5876126,5474666,11350792
2021-08-20,"Johnson&Johnson, Moderna, Oxford/AstraZeneca, Pfizer/BioNTech",5887497,5514816,11402313
2021-08-21,"Johnson&Johnson, Moderna, Oxford/AstraZeneca, Pfizer/BioNTech",5890210,5527550,11417760
2021-08-22,"Johnson&Johnson, Moderna, Oxford/AstraZeneca, Pfizer/BioNTech",5892547,5539499,11432046
2021-08-23,"Johnson&Johnson, Moderna, Oxford/AstraZeneca, Pfizer/BioNTech",5903075,5578724,11481799
2021-08-24,"Johnson&Johnson, Moderna, Oxford/AstraZeneca, Pfizer/BioNTech",5912933,5611939,11524872
2021-08-25,"Johnson&Johnson, Moderna, Oxford/AstraZeneca, Pfizer/BioNTech",5921793,5640270,11562063
2021-08-26,"Johnson&Johnson, Moderna, Oxford/AstraZeneca, Pfizer/BioNTech",5930234,5666362,11596596
2021-08-27,"Johnson&Johnson, Moderna, Oxford/AstraZeneca, Pfizer/BioNTech",5940541,5692274,11632815
2021-08-28,"Johnson&Johnson, Moderna, Oxford/AstraZeneca, Pfizer/BioNTech",5943262,5699299,11642561
2021-08-29,"Johnson&Johnson, Moderna, Oxford/AstraZeneca, Pfizer/BioNTech",5945664,5705909,11651573
2021-08-30,"Johnson&Johnson, Moderna, Oxford/AstraZeneca, Pfizer/BioNTech",5954181,5727749,11681930
2021-08-31,"Johnson&Johnson, Moderna, Oxford/AstraZeneca, Pfizer/BioNTech",5961837,5745801,11707638
2021-09-01,"Johnson&Johnson, Moderna, Oxford/AstraZeneca, Pfizer/BioNTech",5967718,5759770,11727488
2021-09-02,"Johnson&Johnson, Moderna, Oxford/AstraZeneca, Pfizer/BioNTech",5974533,5774128,11748661
2021-09-03,"Johnson&Johnson, Moderna, Oxford/AstraZeneca, Pfizer/BioNTech",5984075,5789809,11773884
2021-09-04,"Johnson&Johnson, Moderna, Oxford/AstraZeneca, Pfizer/BioNTech",5986136,5793354,11779490
2021-09-05,"Johnson&Johnson, Moderna, Oxford/AstraZeneca, Pfizer/BioNTech",5988168,5796187,11784355
2021-09-06,"Johnson&Johnson, Moderna, Oxford/AstraZeneca, Pfizer/BioNTech",5994378,5808686,11803064
2021-09-07,"Johnson&Johnson, Moderna, Oxford/AstraZeneca, Pfizer/BioNTech",5998745,5819764,11818509
2021-09-08,"Johnson&Johnson, Moderna, Oxford/AstraZeneca, Pfizer/BioNTech",6004395,5829590,11833985
2021-09-09,"Johnson&Johnson, Moderna, Oxford/AstraZeneca, Pfizer/BioNTech",6011050,5839636,11850686
2021-09-10,"Johnson&Johnson, Moderna, Oxford/AstraZeneca, Pfizer/BioNTech",6018712,5851790,11870502
2021-09-11,"Johnson&Johnson, Moderna, Oxford/AstraZeneca, Pfizer/BioNTech",6020572,5854260,11874832
2021-09-12,"Johnson&Johnson, Moderna, Oxford/AstraZeneca, Pfizer/BioNTech",6021685,5855880,11877565
2021-09-13,"Johnson&Johnson, Moderna, Oxford/AstraZeneca, Pfizer/BioNTech",6027101,5866164,11893265
2021-09-14,"Johnson&Johnson, Moderna, Oxford/AstraZeneca, Pfizer/BioNTech",6032468,5875157,11907625
2021-09-15,"Johnson&Johnson, Moderna, Oxford/AstraZeneca, Pfizer/BioNTech",6037645,5883664,11921309
2021-09-16,"Johnson&Johnson, Moderna, Oxford/AstraZeneca, Pfizer/BioNTech",6042972,5891917,11934889
2021-09-17,"Johnson&Johnson, Moderna, Oxford/AstraZeneca, Pfizer/BioNTech",6049520,5902115,11951635
2021-09-18,"Johnson&Johnson, Moderna, Oxford/AstraZeneca, Pfizer/BioNTech",6051242,5904464,11955706
2021-09-19,"Johnson&Johnson, Moderna, Oxford/AstraZeneca, Pfizer/BioNTech",6052181,5906027,11958208
2021-09-20,"Johnson&Johnson, Moderna, Oxford/AstraZeneca, Pfizer/BioNTech",6056175,5914211,11970386
2021-09-21,"Johnson&Johnson, Moderna, Oxford/AstraZeneca, Pfizer/BioNTech",6060386,5921733,11982119
2021-09-22,"Johnson&Johnson, Moderna, Oxford/AstraZeneca, Pfizer/BioNTech",6064548,5927237,11991785
2021-09-23,"Johnson&Johnson, Moderna, Oxford/AstraZeneca, Pfizer/BioNTech",6069512,5933637,12003149
2021-09-24,"Johnson&Johnson, Moderna, Oxford/AstraZeneca, Pfizer/BioNTech",6075255,5943242,12018497
2021-09-25,"Johnson&Johnson, Moderna, Oxford/AstraZeneca, Pfizer/BioNTech",6076745,5945227,12021972
2021-09-26,"Johnson&Johnson, Moderna, Pfizer/BioNTech",6077484,5946855,12024339
2021-09-27,"Johnson&Johnson, Moderna, Oxford/AstraZeneca, Pfizer/BioNTech",6081343,5953339,12034682
2021-09-28,"Johnson&Johnson, Moderna, Pfizer/BioNTech",6081699,5953940,12035639
2021-09-29,"Johnson&Johnson, Moderna, Oxford/AstraZeneca, Pfizer/BioNTech",6085467,5961379,12046846
2021-09-30,"Johnson&Johnson, Moderna, Oxford/AstraZeneca, Pfizer/BioNTech",6089959,5969052,12059011
2021-10-01,"Johnson&Johnson, Moderna, Oxford/AstraZeneca, Pfizer/BioNTech",6094224,5976996,12071220
2021-10-02,"Johnson&Johnson, Moderna, Oxford/AstraZeneca, Pfizer/BioNTech",6095268,5978528,12073796
2021-10-03,"Johnson&Johnson, Moderna, Pfizer/BioNTech",6095973,5979389,12075362
2021-10-04,"Johnson&Johnson, Moderna, Oxford/AstraZeneca, Pfizer/BioNTech",6099027,5984949,12083976
2021-10-05,"Johnson&Johnson, Moderna, Oxford/AstraZeneca, Pfizer/BioNTech",6102162,5990006,12092168
2021-10-06,"Johnson&Johnson, Moderna, Oxford/AstraZeneca, Pfizer/BioNTech",6105653,5995160,12100813
2021-10-07,"Johnson&Johnson, Moderna, Oxford/AstraZeneca, Pfizer/BioNTech",6108906,6000403,12109309
2021-10-08,"Johnson&Johnson, Moderna, Oxford/AstraZeneca, Pfizer/BioNTech",6113678,6007015,12120693
2021-10-09,"Johnson&Johnson, Moderna, Oxford/AstraZeneca, Pfizer/BioNTech",6114917,6008664,12123581
2021-10-10,"Johnson&Johnson, Moderna, Oxford/AstraZeneca, Pfizer/BioNTech",6115857,6009492,12125349
2021-10-11,"Johnson&Johnson, Moderna, Oxford/AstraZeneca, Pfizer/BioNTech",6118768,6013889,12132657
2021-10-12,"Johnson&Johnson, Moderna, Oxford/AstraZeneca, Pfizer/BioNTech",6121672,6017882,12139554
2021-10-13,"Johnson&Johnson, Moderna, Oxford/AstraZeneca, Pfizer/BioNTech",6125189,6022056,12147245
2021-10-14,"Johnson&Johnson, Moderna, Oxford/AstraZeneca, Pfizer/BioNTech",6128850,6026995,12155845
2021-10-15,"Johnson&Johnson, Moderna, Oxford/AstraZeneca, Pfizer/BioNTech",6134062,6033122,12167184
2021-10-16,"Johnson&Johnson, Moderna, Oxford/AstraZeneca, Pfizer/BioNTech",6135437,6034635,12170072
2021-10-17,"Johnson&Johnson, Moderna, Pfizer/BioNTech",6136756,6035686,12172442
2021-10-18,"Johnson&Johnson, Moderna, Oxford/AstraZeneca, Pfizer/BioNTech",6140833,6039773,12180606
2021-10-19,"Johnson&Johnson, Moderna, Oxford/AstraZeneca, Pfizer/BioNTech",6144374,6041855,12186229
2021-10-20,"Johnson&Johnson, Moderna, Oxford/AstraZeneca, Pfizer/BioNTech",6149219,6046295,12195514
2021-10-21,"Johnson&Johnson, Moderna, Oxford/AstraZeneca, Pfizer/BioNTech",6156941,6051881,12208822
2021-10-22,"Johnson&Johnson, Moderna, Oxford/AstraZeneca, Pfizer/BioNTech",6167339,6058375,12225714
2021-10-23,"Johnson&Johnson, Moderna, Pfizer/BioNTech",6170997,6060574,12231571
2021-10-24,"Johnson&Johnson, Moderna, Pfizer/BioNTech",6173677,6062344,12236021
2021-10-25,"Johnson&Johnson, Moderna, Oxford/AstraZeneca, Pfizer/BioNTech",6184078,6068134,12252212
2021-10-26,"Johnson&Johnson, Moderna, Oxford/AstraZeneca, Pfizer/BioNTech",6195862,6074663,12270525
2021-10-27,"Johnson&Johnson, Moderna, Oxford/AstraZeneca, Pfizer/BioNTech",6210342,6082052,12292394
2021-10-28,"Johnson&Johnson, Moderna, Pfizer/BioNTech",6213690,6083718,12297408
2021-10-29,"Johnson&Johnson, Moderna, Oxford/AstraZeneca, Pfizer/BioNTech",6228036,6091677,12319713
2021-10-30,"Johnson&Johnson, Moderna, Pfizer/BioNTech",6232556,6094586,12327142
2021-10-31,"Johnson&Johnson, Moderna, Oxford/AstraZeneca, Pfizer/BioNTech",6236309,6097050,12333359
2021-11-01,"Johnson&Johnson, Moderna, Oxford/AstraZeneca, Pfizer/BioNTech",6251387,6104724,12356111
2021-11-02,"Johnson&Johnson, Moderna, Oxford/AstraZeneca, Pfizer/BioNTech",6266636,6112251,12378887
2021-11-03,"Johnson&Johnson, Moderna, Oxford/AstraZeneca, Pfizer/BioNTech",6283690,6119528,12403218
2021-11-04,"Johnson&Johnson, Moderna, Oxford/AstraZeneca, Pfizer/BioNTech",6301849,6127680,12429529
2021-11-05,"Johnson&Johnson, Moderna, Oxford/AstraZeneca, Pfizer/BioNTech",6324510,6138930,12463440
2021-11-06,"Johnson&Johnson, Moderna, Oxford/AstraZeneca, Pfizer/BioNTech",6330985,6141957,12472942
2021-11-07,"Johnson&Johnson, Moderna, Oxford/AstraZeneca, Pfizer/BioNTech",6334995,6144387,12479382
2021-11-08,"Johnson&Johnson, Moderna, Oxford/AstraZeneca, Pfizer/BioNTech",6351121,6152004,12503125
2021-11-09,"Johnson&Johnson, Moderna, Oxford/AstraZeneca, Pfizer/BioNTech",6365814,6159278,12525092
2021-11-10,"Johnson&Johnson, Moderna, Oxford/AstraZeneca, Pfizer/BioNTech",6381400,6166626,12548026
2021-11-11,"Johnson&Johnson, Moderna, Oxford/AstraZeneca, Pfizer/BioNTech",6396697,6175694,12572391
2021-11-12,"Johnson&Johnson, Moderna, Oxford/AstraZeneca, Pfizer/BioNTech",6416249,6188403,12604652
2021-11-13,"Johnson&Johnson, Moderna, Oxford/AstraZeneca, Pfizer/BioNTech",6421588,6192250,12613838
2021-11-14,"Johnson&Johnson, Moderna, Oxford/AstraZeneca, Pfizer/BioNTech",6425445,6195239,12620684
2021-11-15,"Johnson&Johnson, Moderna, Oxford/AstraZeneca, Pfizer/BioNTech",6440463,6205869,12646332
2021-11-16,"Johnson&Johnson, Moderna, Oxford/AstraZeneca, Pfizer/BioNTech",6457888,6217640,12675528
2021-11-17,"Johnson&Johnson, Moderna, Oxford/AstraZeneca, Pfizer/BioNTech",6462068,6221176,12683244
2021-11-18,"Johnson&Johnson, Moderna, Oxford/AstraZeneca, Pfizer/BioNTech",6481334,6232733,12714067
2021-11-19,"Johnson&Johnson, Moderna, Oxford/AstraZeneca, Pfizer/BioNTech",6505717,6249546,12755263
2021-11-20,"Johnson&Johnson, Moderna, Oxford/AstraZeneca, Pfizer/BioNTech",6514225,6254483,12768708
2021-11-21,"Johnson&Johnson, Moderna, Oxford/AstraZeneca, Pfizer/BioNTech",6520968,6258232,12779200
2021-11-22,"Johnson&Johnson, Moderna, Oxford/AstraZeneca, Pfizer/BioNTech",6539182,6272115,12811297
2021-11-23,"Johnson&Johnson, Moderna, Oxford/AstraZeneca, Pfizer/BioNTech",6558035,6285126,12843161
2021-11-24,"Johnson&Johnson, Moderna, Oxford/AstraZeneca, Pfizer/BioNTech",6576787,6300744,12877531
2021-11-25,"Johnson&Johnson, Moderna, Oxford/AstraZeneca, Pfizer/BioNTech",6595658,6315504,12911162
2021-11-26,"Johnson&Johnson, Moderna, Oxford/AstraZeneca, Pfizer/BioNTech",6616714,6334075,12950789
2021-11-27,"Johnson&Johnson, Moderna, Oxford/AstraZeneca, Pfizer/BioNTech",6623916,6339379,12963295
2021-11-28,"Johnson&Johnson, Moderna, Pfizer/BioNTech",6627143,6342426,12969569
2021-11-29,"Johnson&Johnson, Moderna, Oxford/AstraZeneca, Pfizer/BioNTech",6640872,6355005,12995877
