date,vaccine,people_vaccinated,people_fully_vaccinated,total_vaccinations
2020-12-27,Pfizer/BioNTech,1287,0,1287
2020-12-28,Pfizer/BioNTech,3590,0,3590
2020-12-29,Pfizer/BioNTech,7062,1,7063
2020-12-30,Pfizer/BioNTech,10579,1,10580
2020-12-31,Pfizer/BioNTech,11890,1,11891
2021-01-01,"Moderna, Pfizer/BioNTech",12159,1,12160
2021-01-02,"Moderna, Pfizer/BioNTech",13442,1,13443
2021-01-03,"Moderna, Pfizer/BioNTech",14369,1,14370
2021-01-04,"Moderna, Pfizer/BioNTech",17980,1,17981
2021-01-05,"Moderna, Pfizer/BioNTech",22506,2,22508
2021-01-06,"Moderna, Pfizer/BioNTech",28353,3,28356
2021-01-07,"Moderna, Pfizer/BioNTech",36352,3,36355
2021-01-08,"Moderna, Pfizer/BioNTech",46404,4,46408
2021-01-09,"Moderna, Pfizer/BioNTech",48432,6,48438
2021-01-10,Pfizer/BioNTech,50203,8,50211
2021-01-11,"Moderna, Pfizer/BioNTech",60060,10,60070
2021-01-12,"Moderna, Pfizer/BioNTech",73516,12,73528
2021-01-13,"Moderna, Pfizer/BioNTech",87063,12,87075
2021-01-14,"Moderna, Pfizer/BioNTech",102317,16,102333
2021-01-15,"Moderna, Pfizer/BioNTech",116338,17,116355
2021-01-16,"Moderna, Pfizer/BioNTech",119742,21,119763
2021-01-17,"Moderna, Pfizer/BioNTech",122363,657,123020
2021-01-18,"Moderna, Pfizer/BioNTech",134857,2484,137341
2021-01-19,"Moderna, Pfizer/BioNTech",147469,5213,152682
2021-01-20,"Moderna, Pfizer/BioNTech",161167,7877,169044
2021-01-21,"Moderna, Pfizer/BioNTech",176822,9619,186441
2021-01-22,"Moderna, Pfizer/BioNTech",191716,10663,202379
2021-01-23,"Moderna, Pfizer/BioNTech",195035,11541,206576
2021-01-24,"Moderna, Pfizer/BioNTech",197291,12412,209703
2021-01-25,"Moderna, Pfizer/BioNTech",206946,15384,222330
2021-01-26,"Moderna, Pfizer/BioNTech",217493,19376,236869
2021-01-27,"Moderna, Pfizer/BioNTech",226526,23911,250437
2021-01-28,"Moderna, Pfizer/BioNTech",233632,30044,263676
2021-01-29,"Moderna, Pfizer/BioNTech",239849,37953,277802
2021-01-30,"Moderna, Pfizer/BioNTech",240590,39041,279631
2021-01-31,"Moderna, Pfizer/BioNTech",241308,40223,281531
2021-02-01,"Moderna, Pfizer/BioNTech",245290,48192,293482
2021-02-02,"Moderna, Pfizer/BioNTech",249443,58432,307875
2021-02-03,"Moderna, Pfizer/BioNTech",253869,69454,323323
2021-02-04,"Moderna, Pfizer/BioNTech",258777,82448,341225
2021-02-05,"Moderna, Pfizer/BioNTech",264252,93123,357375
2021-02-06,"Moderna, Oxford/AstraZeneca, Pfizer/BioNTech",265110,95489,360599
2021-02-07,"Moderna, Oxford/AstraZeneca, Pfizer/BioNTech",265962,97989,363951
2021-02-08,"Moderna, Oxford/AstraZeneca, Pfizer/BioNTech",270057,109420,379477
2021-02-09,"Moderna, Oxford/AstraZeneca, Pfizer/BioNTech",275165,121334,396499
2021-02-10,"Moderna, Oxford/AstraZeneca, Pfizer/BioNTech",280684,134595,415279
2021-02-11,"Moderna, Oxford/AstraZeneca, Pfizer/BioNTech",287027,150815,437842
2021-02-12,"Moderna, Oxford/AstraZeneca, Pfizer/BioNTech",293857,165564,459421
2021-02-13,"Moderna, Oxford/AstraZeneca, Pfizer/BioNTech",295474,168552,464026
2021-02-14,"Moderna, Oxford/AstraZeneca, Pfizer/BioNTech",296480,169938,466418
2021-02-15,"Moderna, Oxford/AstraZeneca, Pfizer/BioNTech",302880,179309,482189
2021-02-16,"Moderna, Oxford/AstraZeneca, Pfizer/BioNTech",311602,188390,499992
2021-02-17,"Moderna, Oxford/AstraZeneca, Pfizer/BioNTech",321305,196701,518006
2021-02-18,"Moderna, Oxford/AstraZeneca, Pfizer/BioNTech",333637,204786,538423
2021-02-19,"Moderna, Oxford/AstraZeneca, Pfizer/BioNTech",345503,212161,557664
2021-02-20,"Moderna, Oxford/AstraZeneca, Pfizer/BioNTech",347513,213347,560860
2021-02-21,"Moderna, Oxford/AstraZeneca, Pfizer/BioNTech",348650,214373,563023
2021-02-22,"Moderna, Oxford/AstraZeneca, Pfizer/BioNTech",358778,220411,579189
2021-02-23,"Moderna, Oxford/AstraZeneca, Pfizer/BioNTech",371742,227402,599144
2021-02-24,"Moderna, Oxford/AstraZeneca, Pfizer/BioNTech",385627,233445,619072
2021-02-25,"Moderna, Oxford/AstraZeneca, Pfizer/BioNTech",403611,238997,642608
2021-02-26,"Moderna, Oxford/AstraZeneca, Pfizer/BioNTech",419793,244359,664152
2021-02-27,"Moderna, Oxford/AstraZeneca, Pfizer/BioNTech",422802,244919,667721
2021-02-28,"Moderna, Oxford/AstraZeneca, Pfizer/BioNTech",425160,245471,670631
2021-03-01,"Moderna, Oxford/AstraZeneca, Pfizer/BioNTech",444762,248921,693683
2021-03-02,"Moderna, Oxford/AstraZeneca, Pfizer/BioNTech",471991,252471,724462
2021-03-03,"Moderna, Oxford/AstraZeneca, Pfizer/BioNTech",502950,256982,759932
2021-03-04,"Moderna, Oxford/AstraZeneca, Pfizer/BioNTech",536241,261673,797914
2021-03-05,"Johnson&Johnson, Moderna, Oxford/AstraZeneca, Pfizer/BioNTech",565086,267102,832188
2021-03-06,"Johnson&Johnson, Moderna, Oxford/AstraZeneca, Pfizer/BioNTech",577245,267968,845213
2021-03-07,"Johnson&Johnson, Moderna, Oxford/AstraZeneca, Pfizer/BioNTech",588794,268811,857605
2021-03-08,"Johnson&Johnson, Moderna, Oxford/AstraZeneca, Pfizer/BioNTech",618544,273674,892218
2021-03-09,"Johnson&Johnson, Moderna, Oxford/AstraZeneca, Pfizer/BioNTech",654914,280062,934976
2021-03-10,"Johnson&Johnson, Moderna, Oxford/AstraZeneca, Pfizer/BioNTech",696253,287023,983276
2021-03-11,"Johnson&Johnson, Moderna, Oxford/AstraZeneca, Pfizer/BioNTech",741110,295400,1036510
2021-03-12,"Johnson&Johnson, Moderna, Oxford/AstraZeneca, Pfizer/BioNTech",779876,303899,1083775
2021-03-13,"Johnson&Johnson, Moderna, Oxford/AstraZeneca, Pfizer/BioNTech",796986,305214,1102200
2021-03-14,"Johnson&Johnson, Moderna, Oxford/AstraZeneca, Pfizer/BioNTech",809104,306370,1115474
2021-03-15,"Johnson&Johnson, Moderna, Oxford/AstraZeneca, Pfizer/BioNTech",837502,315153,1152655
2021-03-16,"Johnson&Johnson, Moderna, Oxford/AstraZeneca, Pfizer/BioNTech",876397,325690,1202087
2021-03-17,"Moderna, Oxford/AstraZeneca, Pfizer/BioNTech",913887,336205,1250092
2021-03-18,"Johnson&Johnson, Moderna, Oxford/AstraZeneca, Pfizer/BioNTech",951894,348631,1300525
2021-03-19,"Johnson&Johnson, Moderna, Oxford/AstraZeneca, Pfizer/BioNTech",986413,362246,1348659
2021-03-20,"Johnson&Johnson, Moderna, Oxford/AstraZeneca, Pfizer/BioNTech",1001597,364276,1365873
2021-03-21,"Johnson&Johnson, Moderna, Oxford/AstraZeneca, Pfizer/BioNTech",1009042,365836,1374878
2021-03-22,"Johnson&Johnson, Moderna, Oxford/AstraZeneca, Pfizer/BioNTech",1033621,378341,1411962
2021-03-23,"Johnson&Johnson, Moderna, Oxford/AstraZeneca, Pfizer/BioNTech",1060297,391707,1452004
2021-03-24,"Johnson&Johnson, Moderna, Oxford/AstraZeneca, Pfizer/BioNTech",1087189,407455,1494644
2021-03-25,"Johnson&Johnson, Moderna, Oxford/AstraZeneca, Pfizer/BioNTech",1113548,425311,1538859
2021-03-26,"Johnson&Johnson, Moderna, Oxford/AstraZeneca, Pfizer/BioNTech",1138390,442826,1581216
2021-03-27,"Johnson&Johnson, Moderna, Oxford/AstraZeneca, Pfizer/BioNTech",1146851,447672,1594523
2021-03-28,"Moderna, Oxford/AstraZeneca, Pfizer/BioNTech",1152399,451820,1604219
2021-03-29,"Johnson&Johnson, Moderna, Oxford/AstraZeneca, Pfizer/BioNTech",1171559,472557,1644116
2021-03-30,"Johnson&Johnson, Moderna, Oxford/AstraZeneca, Pfizer/BioNTech",1196269,494745,1691014
2021-03-31,"Johnson&Johnson, Moderna, Oxford/AstraZeneca, Pfizer/BioNTech",1219426,521815,1741241
2021-04-01,"Johnson&Johnson, Moderna, Oxford/AstraZeneca, Pfizer/BioNTech",1245113,553875,1798988
2021-04-02,"Johnson&Johnson, Moderna, Oxford/AstraZeneca, Pfizer/BioNTech",1252097,566674,1818771
2021-04-03,"Johnson&Johnson, Moderna, Oxford/AstraZeneca, Pfizer/BioNTech",1255748,577606,1833354
2021-04-04,"Johnson&Johnson, Moderna, Oxford/AstraZeneca, Pfizer/BioNTech",1258291,586530,1844821
2021-04-05,"Johnson&Johnson, Moderna, Oxford/AstraZeneca, Pfizer/BioNTech",1260722,593735,1854457
2021-04-06,"Johnson&Johnson, Moderna, Oxford/AstraZeneca, Pfizer/BioNTech",1276938,623011,1899949
2021-04-07,"Johnson&Johnson, Moderna, Oxford/AstraZeneca, Pfizer/BioNTech",1300442,645257,1945699
2021-04-08,"Johnson&Johnson, Moderna, Oxford/AstraZeneca, Pfizer/BioNTech",1339256,676304,2015560
2021-04-09,"Johnson&Johnson, Moderna, Oxford/AstraZeneca, Pfizer/BioNTech",1378856,706504,2085360
2021-04-10,"Johnson&Johnson, Moderna, Oxford/AstraZeneca, Pfizer/BioNTech",1394424,721817,2116241
2021-04-11,"Johnson&Johnson, Moderna, Oxford/AstraZeneca, Pfizer/BioNTech",1404219,731873,2136092
2021-04-12,"Johnson&Johnson, Moderna, Oxford/AstraZeneca, Pfizer/BioNTech",1442541,757019,2199560
2021-04-13,"Moderna, Oxford/AstraZeneca, Pfizer/BioNTech",1478849,783061,2261910
2021-04-14,"Moderna, Oxford/AstraZeneca, Pfizer/BioNTech",1517735,810437,2328172
2021-04-15,"Moderna, Oxford/AstraZeneca, Pfizer/BioNTech",1565569,836218,2401787
2021-04-16,"Moderna, Oxford/AstraZeneca, Pfizer/BioNTech",1610284,861901,2472185
2021-04-17,"Moderna, Oxford/AstraZeneca, Pfizer/BioNTech",1627011,870928,2497939
2021-04-18,"Moderna, Oxford/AstraZeneca, Pfizer/BioNTech",1640010,875914,2515924
2021-04-19,"Johnson&Johnson, Moderna, Oxford/AstraZeneca, Pfizer/BioNTech",1683983,891358,2575341
2021-04-20,"Johnson&Johnson, Moderna, Oxford/AstraZeneca, Pfizer/BioNTech",1726572,907248,2633820
2021-04-21,"Moderna, Oxford/AstraZeneca, Pfizer/BioNTech",1774343,921617,2695960
2021-04-22,"Johnson&Johnson, Moderna, Oxford/AstraZeneca, Pfizer/BioNTech",1828872,939016,2767888
2021-04-23,"Johnson&Johnson, Moderna, Oxford/AstraZeneca, Pfizer/BioNTech",1878887,951083,2829970
2021-04-24,"Johnson&Johnson, Moderna, Oxford/AstraZeneca, Pfizer/BioNTech",1896765,956350,2853115
2021-04-25,"Johnson&Johnson, Moderna, Oxford/AstraZeneca, Pfizer/BioNTech",1911479,960353,2871832
2021-04-26,"Johnson&Johnson, Moderna, Oxford/AstraZeneca, Pfizer/BioNTech",1961091,967924,2929015
2021-04-27,"Johnson&Johnson, Moderna, Oxford/AstraZeneca, Pfizer/BioNTech",2010082,980176,2990258
2021-04-28,"Johnson&Johnson, Moderna, Oxford/AstraZeneca, Pfizer/BioNTech",2068865,994205,3063070
2021-04-29,"Johnson&Johnson, Moderna, Oxford/AstraZeneca, Pfizer/BioNTech",2134486,1010127,3144613
2021-04-30,"Johnson&Johnson, Moderna, Oxford/AstraZeneca, Pfizer/BioNTech",2196781,1020123,3216904
2021-05-01,"Johnson&Johnson, Moderna, Oxford/AstraZeneca, Pfizer/BioNTech",2216170,1023588,3239758
2021-05-02,"Johnson&Johnson, Moderna, Oxford/AstraZeneca, Pfizer/BioNTech",2235125,1025879,3261004
2021-05-03,"Johnson&Johnson, Moderna, Oxford/AstraZeneca, Pfizer/BioNTech",2302407,1030962,3333369
2021-05-04,"Johnson&Johnson, Moderna, Oxford/AstraZeneca, Pfizer/BioNTech",2368968,1039337,3408305
2021-05-05,"Johnson&Johnson, Moderna, Oxford/AstraZeneca, Pfizer/BioNTech",2442180,1048786,3490966
2021-05-06,"Johnson&Johnson, Moderna, Oxford/AstraZeneca, Pfizer/BioNTech",2522626,1059542,3582168
2021-05-07,"Johnson&Johnson, Moderna, Oxford/AstraZeneca, Pfizer/BioNTech",2599959,1069688,3669647
2021-05-08,"Johnson&Johnson, Moderna, Oxford/AstraZeneca, Pfizer/BioNTech",2629500,1071482,3700982
2021-05-09,"Johnson&Johnson, Moderna, Oxford/AstraZeneca, Pfizer/BioNTech",2653740,1072704,3726444
2021-05-10,"Johnson&Johnson, Moderna, Oxford/AstraZeneca, Pfizer/BioNTech",2726547,1079955,3806502
2021-05-11,"Johnson&Johnson, Moderna, Oxford/AstraZeneca, Pfizer/BioNTech",2802707,1088791,3891498
2021-05-12,"Johnson&Johnson, Moderna, Oxford/AstraZeneca, Pfizer/BioNTech",2882658,1097940,3980598
2021-05-13,"Johnson&Johnson, Moderna, Oxford/AstraZeneca, Pfizer/BioNTech",2966712,1107135,4073847
2021-05-14,"Johnson&Johnson, Moderna, Oxford/AstraZeneca, Pfizer/BioNTech",3046265,1114966,4161231
2021-05-15,"Johnson&Johnson, Moderna, Oxford/AstraZeneca, Pfizer/BioNTech",3078235,1117253,4195488
2021-05-16,"Johnson&Johnson, Moderna, Oxford/AstraZeneca, Pfizer/BioNTech",3104049,1118540,4222589
2021-05-17,"Johnson&Johnson, Moderna, Oxford/AstraZeneca, Pfizer/BioNTech",3176594,1125297,4301891
2021-05-18,"Johnson&Johnson, Moderna, Oxford/AstraZeneca, Pfizer/BioNTech",3248588,1138419,4387007
2021-05-19,"Johnson&Johnson, Moderna, Oxford/AstraZeneca, Pfizer/BioNTech",3326087,1153595,4479682
2021-05-20,"Johnson&Johnson, Moderna, Oxford/AstraZeneca, Pfizer/BioNTech",3401581,1180667,4582248
2021-05-21,"Johnson&Johnson, Moderna, Oxford/AstraZeneca, Pfizer/BioNTech",3470440,1208477,4678917
2021-05-22,"Johnson&Johnson, Moderna, Oxford/AstraZeneca, Pfizer/BioNTech",3502903,1219720,4722623
2021-05-23,"Johnson&Johnson, Moderna, Oxford/AstraZeneca, Pfizer/BioNTech",3525353,1228763,4754116
2021-05-24,"Johnson&Johnson, Moderna, Oxford/AstraZeneca, Pfizer/BioNTech",3572575,1262446,4835021
2021-05-25,"Johnson&Johnson, Moderna, Oxford/AstraZeneca, Pfizer/BioNTech",3624493,1298294,4922787
2021-05-26,"Johnson&Johnson, Moderna, Oxford/AstraZeneca, Pfizer/BioNTech",3692263,1335858,5028121
2021-05-27,"Johnson&Johnson, Moderna, Oxford/AstraZeneca, Pfizer/BioNTech",3753698,1383226,5136924
2021-05-28,"Johnson&Johnson, Moderna, Oxford/AstraZeneca, Pfizer/BioNTech",3815451,1429843,5245294
2021-05-29,"Johnson&Johnson, Moderna, Oxford/AstraZeneca, Pfizer/BioNTech",3844718,1446990,5291708
2021-05-30,"Johnson&Johnson, Moderna, Oxford/AstraZeneca, Pfizer/BioNTech",3867132,1461463,5328595
2021-05-31,"Johnson&Johnson, Moderna, Oxford/AstraZeneca, Pfizer/BioNTech",3922879,1509000,5431879
2021-06-01,"Johnson&Johnson, Moderna, Oxford/AstraZeneca, Pfizer/BioNTech",3981988,1557893,5539881
2021-06-02,"Johnson&Johnson, Moderna, Oxford/AstraZeneca, Pfizer/BioNTech",4044967,1611936,5656903
2021-06-03,"Johnson&Johnson, Moderna, Oxford/AstraZeneca, Pfizer/BioNTech",4103223,1672188,5775411
2021-06-04,"Johnson&Johnson, Moderna, Oxford/AstraZeneca, Pfizer/BioNTech",4166365,1729626,5895991
2021-06-05,"Johnson&Johnson, Moderna, Oxford/AstraZeneca, Pfizer/BioNTech",4200554,1748557,5949111
2021-06-06,"Johnson&Johnson, Moderna, Oxford/AstraZeneca, Pfizer/BioNTech",4227515,1763737,5991252
2021-06-07,"Johnson&Johnson, Moderna, Oxford/AstraZeneca, Pfizer/BioNTech",4291217,1819392,6110609
2021-06-08,"Johnson&Johnson, Moderna, Oxford/AstraZeneca, Pfizer/BioNTech",4355239,1874431,6229670
2021-06-09,"Johnson&Johnson, Moderna, Oxford/AstraZeneca, Pfizer/BioNTech",4414463,1939136,6353599
2021-06-10,"Johnson&Johnson, Moderna, Oxford/AstraZeneca, Pfizer/BioNTech",4468330,2010473,6478803
2021-06-11,"Johnson&Johnson, Moderna, Oxford/AstraZeneca, Pfizer/BioNTech",4520464,2080333,6600797
2021-06-12,"Johnson&Johnson, Moderna, Oxford/AstraZeneca, Pfizer/BioNTech",4552487,2101196,6653683
2021-06-13,"Johnson&Johnson, Moderna, Oxford/AstraZeneca, Pfizer/BioNTech",4576532,2119641,6696173
2021-06-14,"Johnson&Johnson, Moderna, Oxford/AstraZeneca, Pfizer/BioNTech",4619625,2194061,6813686
2021-06-15,"Johnson&Johnson, Moderna, Oxford/AstraZeneca, Pfizer/BioNTech",4664307,2266479,6930786
2021-06-16,"Johnson&Johnson, Moderna, Oxford/AstraZeneca, Pfizer/BioNTech",4707136,2344744,7051880
2021-06-17,"Johnson&Johnson, Moderna, Oxford/AstraZeneca, Pfizer/BioNTech",4746578,2427866,7174444
2021-06-18,"Johnson&Johnson, Moderna, Oxford/AstraZeneca, Pfizer/BioNTech",4789026,2508474,7297500
2021-06-19,"Johnson&Johnson, Moderna, Oxford/AstraZeneca, Pfizer/BioNTech",4810821,2537824,7348645
2021-06-20,"Johnson&Johnson, Moderna, Oxford/AstraZeneca, Pfizer/BioNTech",4828235,2561705,7389940
2021-06-21,"Johnson&Johnson, Moderna, Oxford/AstraZeneca, Pfizer/BioNTech",4860751,2640344,7501095
2021-06-22,"Johnson&Johnson, Moderna, Oxford/AstraZeneca, Pfizer/BioNTech",4893732,2722698,7616430
2021-06-23,"Johnson&Johnson, Moderna, Oxford/AstraZeneca, Pfizer/BioNTech",4925457,2807970,7733427
2021-06-24,"Johnson&Johnson, Moderna, Oxford/AstraZeneca, Pfizer/BioNTech",4955331,2898054,7853385
2021-06-25,"Johnson&Johnson, Moderna, Oxford/AstraZeneca, Pfizer/BioNTech",4986429,2984312,7970741
2021-06-26,"Johnson&Johnson, Moderna, Oxford/AstraZeneca, Pfizer/BioNTech",5002336,3019206,8021542
2021-06-27,"Johnson&Johnson, Moderna, Oxford/AstraZeneca, Pfizer/BioNTech",5016297,3045927,8062224
2021-06-28,"Johnson&Johnson, Moderna, Oxford/AstraZeneca, Pfizer/BioNTech",5044721,3131166,8175887
2021-06-29,"Johnson&Johnson, Moderna, Oxford/AstraZeneca, Pfizer/BioNTech",5074018,3217733,8291751
2021-06-30,"Johnson&Johnson, Moderna, Oxford/AstraZeneca, Pfizer/BioNTech",5101529,3308787,8410316
2021-07-01,"Johnson&Johnson, Moderna, Oxford/AstraZeneca, Pfizer/BioNTech",5125532,3398902,8524434
2021-07-02,"Johnson&Johnson, Moderna, Oxford/AstraZeneca, Pfizer/BioNTech",5152285,3484853,8637138
2021-07-03,"Johnson&Johnson, Moderna, Oxford/AstraZeneca, Pfizer/BioNTech",5159389,3516432,8675821
2021-07-04,"Johnson&Johnson, Moderna, Oxford/AstraZeneca, Pfizer/BioNTech",5166979,3538261,8705240
2021-07-05,"Johnson&Johnson, Moderna, Oxford/AstraZeneca, Pfizer/BioNTech",5174402,3563678,8738080
2021-07-06,"Johnson&Johnson, Moderna, Oxford/AstraZeneca, Pfizer/BioNTech",5179878,3591413,8771291
2021-07-07,"Johnson&Johnson, Moderna, Oxford/AstraZeneca, Pfizer/BioNTech",5205714,3670419,8876133
2021-07-08,"Johnson&Johnson, Moderna, Oxford/AstraZeneca, Pfizer/BioNTech",5232334,3740770,8973104
2021-07-09,"Johnson&Johnson, Moderna, Oxford/AstraZeneca, Pfizer/BioNTech",5260290,3810113,9070403
2021-07-10,"Johnson&Johnson, Moderna, Oxford/AstraZeneca, Pfizer/BioNTech",5269677,3838792,9108469
2021-07-11,"Johnson&Johnson, Moderna, Oxford/AstraZeneca, Pfizer/BioNTech",5278235,3861685,9139920
2021-07-12,"Johnson&Johnson, Moderna, Oxford/AstraZeneca, Pfizer/BioNTech",5305775,3930782,9236557
2021-07-13,"Johnson&Johnson, Moderna, Oxford/AstraZeneca, Pfizer/BioNTech",5331983,4000684,9332667
2021-07-14,"Johnson&Johnson, Moderna, Oxford/AstraZeneca, Pfizer/BioNTech",5357824,4072702,9430526
2021-07-15,"Johnson&Johnson, Moderna, Oxford/AstraZeneca, Pfizer/BioNTech",5387018,4138748,9525766
2021-07-16,"Johnson&Johnson, Moderna, Oxford/AstraZeneca, Pfizer/BioNTech",5414957,4211512,9626469
2021-07-17,"Johnson&Johnson, Moderna, Oxford/AstraZeneca, Pfizer/BioNTech",5423763,4242992,9666755
2021-07-18,"Johnson&Johnson, Moderna, Oxford/AstraZeneca, Pfizer/BioNTech",5432208,4269010,9701218
2021-07-19,"Johnson&Johnson, Moderna, Oxford/AstraZeneca, Pfizer/BioNTech",5455582,4336058,9791640
2021-07-20,"Johnson&Johnson, Moderna, Oxford/AstraZeneca, Pfizer/BioNTech",5476996,4403143,9880139
2021-07-21,"Johnson&Johnson, Moderna, Oxford/AstraZeneca, Pfizer/BioNTech",5500458,4466623,9967081
2021-07-22,"Johnson&Johnson, Moderna, Oxford/AstraZeneca, Pfizer/BioNTech",5522832,4525278,10048110
2021-07-23,"Johnson&Johnson, Moderna, Oxford/AstraZeneca, Pfizer/BioNTech",5546069,4580056,10126125
2021-07-24,"Johnson&Johnson, Moderna, Oxford/AstraZeneca, Pfizer/BioNTech",5553420,4607741,10161161
2021-07-25,"Johnson&Johnson, Moderna, Oxford/AstraZeneca, Pfizer/BioNTech",5560058,4629886,10189944
2021-07-26,"Johnson&Johnson, Moderna, Oxford/AstraZeneca, Pfizer/BioNTech",5583617,4678597,10262214
2021-07-27,"Johnson&Johnson, Moderna, Oxford/AstraZeneca, Pfizer/BioNTech",5606372,4725272,10331644
2021-07-28,"Johnson&Johnson, Moderna, Oxford/AstraZeneca, Pfizer/BioNTech",5627655,4771311,10398966
2021-07-29,"Johnson&Johnson, Moderna, Oxford/AstraZeneca, Pfizer/BioNTech",5648999,4813311,10462310
2021-07-30,"Johnson&Johnson, Moderna, Oxford/AstraZeneca, Pfizer/BioNTech",5672286,4855907,10528193
2021-07-31,"Johnson&Johnson, Moderna, Oxford/AstraZeneca, Pfizer/BioNTech",5681238,4875459,10556697
2021-08-01,"Johnson&Johnson, Moderna, Oxford/AstraZeneca, Pfizer/BioNTech",5687973,4891644,10579617
2021-08-02,"Johnson&Johnson, Moderna, Oxford/AstraZeneca, Pfizer/BioNTech",5706622,4929226,10635848
2021-08-03,"Johnson&Johnson, Moderna, Oxford/AstraZeneca, Pfizer/BioNTech",5724275,4967358,10691633
2021-08-04,"Johnson&Johnson, Moderna, Oxford/AstraZeneca, Pfizer/BioNTech",5740404,5004146,10744550
2021-08-05,"Johnson&Johnson, Moderna, Oxford/AstraZeneca, Pfizer/BioNTech",5756451,5044656,10801107
2021-08-06,"Johnson&Johnson, Moderna, Oxford/AstraZeneca, Pfizer/BioNTech",5773258,5087980,10861238
2021-08-07,"Johnson&Johnson, Moderna, Oxford/AstraZeneca, Pfizer/BioNTech",5778870,5106168,10885038
2021-08-08,"Johnson&Johnson, Moderna, Oxford/AstraZeneca, Pfizer/BioNTech",5783239,5121939,10905178
2021-08-09,"Johnson&Johnson, Moderna, Oxford/AstraZeneca, Pfizer/BioNTech",5795880,5167018,10962898
2021-08-10,"Johnson&Johnson, Moderna, Oxford/AstraZeneca, Pfizer/BioNTech",5807729,5206612,11014341
2021-08-11,"Johnson&Johnson, Moderna, Oxford/AstraZeneca, Pfizer/BioNTech",5819102,5249765,11068867
2021-08-12,"Johnson&Johnson, Moderna, Oxford/AstraZeneca, Pfizer/BioNTech",5830531,5286922,11117453
2021-08-13,"Johnson&Johnson, Moderna, Oxford/AstraZeneca, Pfizer/BioNTech",5841265,5327288,11168553
2021-08-14,"Johnson&Johnson, Moderna, Oxford/AstraZeneca, Pfizer/BioNTech",5844605,5338005,11182610
2021-08-15,"Johnson&Johnson, Moderna, Oxford/AstraZeneca, Pfizer/BioNTech",5847195,5348396,11195591
2021-08-16,"Johnson&Johnson, Moderna, Oxford/AstraZeneca, Pfizer/BioNTech",5856991,5382488,11239479
2021-08-17,"Johnson&Johnson, Moderna, Oxford/AstraZeneca, Pfizer/BioNTech",5866594,5409597,11276191
2021-08-18,"Johnson&Johnson, Moderna, Oxford/AstraZeneca, Pfizer/BioNTech",5875971,5448508,11324479
2021-08-19,"Johnson&Johnson, Moderna, Oxford/AstraZeneca, Pfizer/BioNTech",5885651,5486875,11372526
2021-08-20,"Johnson&Johnson, Moderna, Oxford/AstraZeneca, Pfizer/BioNTech",5897045,5527076,11424121
2021-08-21,"Johnson&Johnson, Moderna, Oxford/AstraZeneca, Pfizer/BioNTech",5899769,5539852,11439621
2021-08-22,"Johnson&Johnson, Moderna, Oxford/AstraZeneca, Pfizer/BioNTech",5902115,5551826,11453941
2021-08-23,"Johnson&Johnson, Moderna, Oxford/AstraZeneca, Pfizer/BioNTech",5912647,5591113,11503760
2021-08-24,"Johnson&Johnson, Moderna, Oxford/AstraZeneca, Pfizer/BioNTech",5922528,5624380,11546908
2021-08-25,"Johnson&Johnson, Moderna, Oxford/AstraZeneca, Pfizer/BioNTech",5931392,5652758,11584150
2021-08-26,"Johnson&Johnson, Moderna, Oxford/AstraZeneca, Pfizer/BioNTech",5939848,5678888,11618736
2021-08-27,"Johnson&Johnson, Moderna, Oxford/AstraZeneca, Pfizer/BioNTech",5950174,5704876,11655050
2021-08-28,"Johnson&Johnson, Moderna, Oxford/AstraZeneca, Pfizer/BioNTech",5952912,5711946,11664858
2021-08-29,"Johnson&Johnson, Moderna, Oxford/AstraZeneca, Pfizer/BioNTech",5955324,5718571,11673895
2021-08-30,"Johnson&Johnson, Moderna, Oxford/AstraZeneca, Pfizer/BioNTech",5963851,5740452,11704303
2021-08-31,"Johnson&Johnson, Moderna, Oxford/AstraZeneca, Pfizer/BioNTech",5971537,5758567,11730104
2021-09-01,"Johnson&Johnson, Moderna, Oxford/AstraZeneca, Pfizer/BioNTech",5977448,5772590,11750038
2021-09-02,"Johnson&Johnson, Moderna, Oxford/AstraZeneca, Pfizer/BioNTech",5984297,5786984,11771281
2021-09-03,"Johnson&Johnson, Moderna, Oxford/AstraZeneca, Pfizer/BioNTech",5993861,5802722,11796583
2021-09-04,"Johnson&Johnson, Moderna, Oxford/AstraZeneca, Pfizer/BioNTech",5995932,5806281,11802213
2021-09-05,"Johnson&Johnson, Moderna, Oxford/AstraZeneca, Pfizer/BioNTech",5997972,5809131,11807103
2021-09-06,"Johnson&Johnson, Moderna, Oxford/AstraZeneca, Pfizer/BioNTech",6004212,5821678,11825890
2021-09-07,"Johnson&Johnson, Moderna, Oxford/AstraZeneca, Pfizer/BioNTech",6008606,5832766,11841372
2021-09-08,"Johnson&Johnson, Moderna, Oxford/AstraZeneca, Pfizer/BioNTech",6014283,5842632,11856915
2021-09-09,"Johnson&Johnson, Moderna, Oxford/AstraZeneca, Pfizer/BioNTech",6020985,5852706,11873691
2021-09-10,"Johnson&Johnson, Moderna, Oxford/AstraZeneca, Pfizer/BioNTech",6028686,5864888,11893574
2021-09-11,"Johnson&Johnson, Moderna, Oxford/AstraZeneca, Pfizer/BioNTech",6030556,5867375,11897931
2021-09-12,"Johnson&Johnson, Moderna, Oxford/AstraZeneca, Pfizer/BioNTech",6031676,5869008,11900684
2021-09-13,"Johnson&Johnson, Moderna, Oxford/AstraZeneca, Pfizer/BioNTech",6037116,5879315,11916431
2021-09-14,"Johnson&Johnson, Moderna, Oxford/AstraZeneca, Pfizer/BioNTech",6042514,5888333,11930847
2021-09-15,"Johnson&Johnson, Moderna, Oxford/AstraZeneca, Pfizer/BioNTech",6047722,5896861,11944583
2021-09-16,"Johnson&Johnson, Moderna, Oxford/AstraZeneca, Pfizer/BioNTech",6053079,5905143,11958222
2021-09-17,"Johnson&Johnson, Moderna, Oxford/AstraZeneca, Pfizer/BioNTech",6059651,5915382,11975033
2021-09-18,"Johnson&Johnson, Moderna, Oxford/AstraZeneca, Pfizer/BioNTech",6061380,5917747,11979127
2021-09-19,"Johnson&Johnson, Moderna, Oxford/AstraZeneca, Pfizer/BioNTech",6062326,5919316,11981642
2021-09-20,"Johnson&Johnson, Moderna, Oxford/AstraZeneca, Pfizer/BioNTech",6066348,5927517,11993865
2021-09-21,"Johnson&Johnson, Moderna, Oxford/AstraZeneca, Pfizer/BioNTech",6070586,5935056,12005642
2021-09-22,"Johnson&Johnson, Moderna, Oxford/AstraZeneca, Pfizer/BioNTech",6074781,5940581,12015362
2021-09-23,"Johnson&Johnson, Moderna, Oxford/AstraZeneca, Pfizer/BioNTech",6079757,5947000,12026757
2021-09-24,"Johnson&Johnson, Moderna, Oxford/AstraZeneca, Pfizer/BioNTech",6085517,5956620,12042137
2021-09-25,"Johnson&Johnson, Moderna, Oxford/AstraZeneca, Pfizer/BioNTech",6087015,5958620,12045635
2021-09-26,"Johnson&Johnson, Moderna, Oxford/AstraZeneca, Pfizer/BioNTech",6087760,5960260,12048020
2021-09-27,"Johnson&Johnson, Moderna, Oxford/AstraZeneca, Pfizer/BioNTech",6091645,5966776,12058421
2021-09-28,"Johnson&Johnson, Moderna, Oxford/AstraZeneca, Pfizer/BioNTech",6092014,5967407,12059421
2021-09-29,"Johnson&Johnson, Moderna, Oxford/AstraZeneca, Pfizer/BioNTech",6095792,5974872,12070664
2021-09-30,"Johnson&Johnson, Moderna, Oxford/AstraZeneca, Pfizer/BioNTech",6100308,5982575,12082883
2021-10-01,"Johnson&Johnson, Moderna, Oxford/AstraZeneca, Pfizer/BioNTech",6104612,5990561,12095173
2021-10-02,"Johnson&Johnson, Moderna, Oxford/AstraZeneca, Pfizer/BioNTech",6105675,5992108,12097783
2021-10-03,"Johnson&Johnson, Moderna, Oxford/AstraZeneca, Pfizer/BioNTech",6106400,5992979,12099379
2021-10-04,"Johnson&Johnson, Moderna, Oxford/AstraZeneca, Pfizer/BioNTech",6109475,5998554,12108029
2021-10-05,"Johnson&Johnson, Moderna, Oxford/AstraZeneca, Pfizer/BioNTech",6112637,6003638,12116275
2021-10-06,"Johnson&Johnson, Moderna, Oxford/AstraZeneca, Pfizer/BioNTech",6116157,6008812,12124969
2021-10-07,"Johnson&Johnson, Moderna, Oxford/AstraZeneca, Pfizer/BioNTech",6119441,6014073,12133514
2021-10-08,"Johnson&Johnson, Moderna, Oxford/AstraZeneca, Pfizer/BioNTech",6124234,6020716,12144950
2021-10-09,"Johnson&Johnson, Moderna, Oxford/AstraZeneca, Pfizer/BioNTech",6125478,6022382,12147860
2021-10-10,"Johnson&Johnson, Moderna, Oxford/AstraZeneca, Pfizer/BioNTech",6126422,6023214,12149636
2021-10-11,"Johnson&Johnson, Moderna, Oxford/AstraZeneca, Pfizer/BioNTech",6129352,6027628,12156980
2021-10-12,"Johnson&Johnson, Moderna, Oxford/AstraZeneca, Pfizer/BioNTech",6132287,6031633,12163920
2021-10-13,"Johnson&Johnson, Moderna, Oxford/AstraZeneca, Pfizer/BioNTech",6135819,6035819,12171638
2021-10-14,"Johnson&Johnson, Moderna, Oxford/AstraZeneca, Pfizer/BioNTech",6139492,6040768,12180260
2021-10-15,"Johnson&Johnson, Moderna, Oxford/AstraZeneca, Pfizer/BioNTech",6144720,6046916,12191636
2021-10-16,"Johnson&Johnson, Moderna, Oxford/AstraZeneca, Pfizer/BioNTech",6146135,6048444,12194579
2021-10-17,"Johnson&Johnson, Moderna, Pfizer/BioNTech",6147462,6049499,12196961
2021-10-18,"Johnson&Johnson, Moderna, Oxford/AstraZeneca, Pfizer/BioNTech",6151575,6053598,12205173
2021-10-19,"Johnson&Johnson, Moderna, Oxford/AstraZeneca, Pfizer/BioNTech",6155155,6055697,12210852
2021-10-20,"Johnson&Johnson, Moderna, Oxford/AstraZeneca, Pfizer/BioNTech",6160038,6060156,12220194
2021-10-21,"Johnson&Johnson, Moderna, Oxford/AstraZeneca, Pfizer/BioNTech",6167804,6065762,12233566
2021-10-22,"Johnson&Johnson, Moderna, Oxford/AstraZeneca, Pfizer/BioNTech",6178256,6072265,12250521
2021-10-23,"Johnson&Johnson, Moderna, Oxford/AstraZeneca, Pfizer/BioNTech",6181929,6074472,12256401
2021-10-24,"Johnson&Johnson, Moderna, Oxford/AstraZeneca, Pfizer/BioNTech",6184614,6076253,12260867
2021-10-25,"Johnson&Johnson, Moderna, Oxford/AstraZeneca, Pfizer/BioNTech",6195113,6082061,12277174
2021-10-26,"Johnson&Johnson, Moderna, Oxford/AstraZeneca, Pfizer/BioNTech",6207103,6088612,12295715
2021-10-27,"Johnson&Johnson, Moderna, Oxford/AstraZeneca, Pfizer/BioNTech",6221712,6096021,12317733
2021-10-28,"Johnson&Johnson, Moderna, Oxford/AstraZeneca, Pfizer/BioNTech",6225137,6097705,12322842
2021-10-29,"Johnson&Johnson, Moderna, Oxford/AstraZeneca, Pfizer/BioNTech",6239574,6105693,12345267
2021-10-30,"Johnson&Johnson, Moderna, Oxford/AstraZeneca, Pfizer/BioNTech",6244103,6108619,12352722
2021-10-31,"Johnson&Johnson, Moderna, Oxford/AstraZeneca, Pfizer/BioNTech",6247866,6111093,12358959
2021-11-01,"Johnson&Johnson, Moderna, Oxford/AstraZeneca, Pfizer/BioNTech",6263063,6118777,12381840
2021-11-02,"Johnson&Johnson, Moderna, Oxford/AstraZeneca, Pfizer/BioNTech",6278516,6126334,12404850
2021-11-03,"Johnson&Johnson, Moderna, Oxford/AstraZeneca, Pfizer/BioNTech",6295695,6133628,12429323
2021-11-04,"Johnson&Johnson, Moderna, Oxford/AstraZeneca, Pfizer/BioNTech",6314047,6141800,12455847
2021-11-05,"Johnson&Johnson, Moderna, Oxford/AstraZeneca, Pfizer/BioNTech",6336846,6153080,12489926
2021-11-06,"Johnson&Johnson, Moderna, Oxford/AstraZeneca, Pfizer/BioNTech",6343363,6156136,12499499
2021-11-07,"Johnson&Johnson, Moderna, Oxford/AstraZeneca, Pfizer/BioNTech",6347384,6158572,12505956
2021-11-08,"Johnson&Johnson, Moderna, Oxford/AstraZeneca, Pfizer/BioNTech",6363652,6166201,12529853
2021-11-09,"Johnson&Johnson, Moderna, Oxford/AstraZeneca, Pfizer/BioNTech",6378460,6173500,12551960
2021-11-10,"Johnson&Johnson, Moderna, Oxford/AstraZeneca, Pfizer/BioNTech",6394197,6180884,12575081
2021-11-11,"Johnson&Johnson, Moderna, Oxford/AstraZeneca, Pfizer/BioNTech",6409668,6189990,12599658
2021-11-12,"Johnson&Johnson, Moderna, Oxford/AstraZeneca, Pfizer/BioNTech",6429471,6202792,12632263
2021-11-13,"Johnson&Johnson, Moderna, Oxford/AstraZeneca, Pfizer/BioNTech",6434864,6206664,12641528
2021-11-14,"Johnson&Johnson, Moderna, Oxford/AstraZeneca, Pfizer/BioNTech",6438758,6209669,12648427
2021-11-15,"Johnson&Johnson, Moderna, Oxford/AstraZeneca, Pfizer/BioNTech",6453839,6220361,12674200
2021-11-16,"Johnson&Johnson, Moderna, Oxford/AstraZeneca, Pfizer/BioNTech",6471379,6232341,12703720
2021-11-17,"Johnson&Johnson, Moderna, Oxford/AstraZeneca, Pfizer/BioNTech",6475620,6235906,12711526
2021-11-18,"Johnson&Johnson, Moderna, Oxford/AstraZeneca, Pfizer/BioNTech",6495041,6247600,12742641
2021-11-19,"Johnson&Johnson, Moderna, Oxford/AstraZeneca, Pfizer/BioNTech",6519648,6264571,12784219
2021-11-20,"Johnson&Johnson, Moderna, Oxford/AstraZeneca, Pfizer/BioNTech",6528227,6269553,12797780
2021-11-21,"Johnson&Johnson, Moderna, Pfizer/BioNTech",6534996,6273326,12808322
2021-11-22,"Johnson&Johnson, Moderna, Oxford/AstraZeneca, Pfizer/BioNTech",6553507,6287440,12840947
2021-11-23,"Johnson&Johnson, Moderna, Oxford/AstraZeneca, Pfizer/BioNTech",6572573,6300699,12873272
2021-11-24,"Johnson&Johnson, Moderna, Oxford/AstraZeneca, Pfizer/BioNTech",6591588,6316546,12908134
2021-11-25,"Johnson&Johnson, Moderna, Oxford/AstraZeneca, Pfizer/BioNTech",6610732,6331580,12942312
2021-11-26,"Johnson&Johnson, Moderna, Oxford/AstraZeneca, Pfizer/BioNTech",6632387,6350716,12983103
2021-11-27,"Johnson&Johnson, Moderna, Oxford/AstraZeneca, Pfizer/BioNTech",6639856,6356271,12996127
2021-11-28,"Johnson&Johnson, Moderna, Oxford/AstraZeneca, Pfizer/BioNTech",6643189,6359406,13002595
2021-11-29,"Johnson&Johnson, Moderna, Oxford/AstraZeneca, Pfizer/BioNTech",6658398,6373063,13031461
2021-11-30,"Johnson&Johnson, Moderna, Oxford/AstraZeneca, Pfizer/BioNTech",6671601,6384294,13055895
2021-12-01,"Johnson&Johnson, Moderna, Oxford/AstraZeneca, Pfizer/BioNTech",6685637,6396749,13082386
2021-12-02,"Johnson&Johnson, Moderna, Oxford/AstraZeneca, Pfizer/BioNTech",6696274,6409239,13105513
2021-12-03,"Johnson&Johnson, Moderna, Oxford/AstraZeneca, Pfizer/BioNTech",6705914,6424816,13130730
2021-12-04,"Johnson&Johnson, Moderna, Pfizer/BioNTech",6708471,6428766,13137237
2021-12-05,"Johnson&Johnson, Moderna, Oxford/AstraZeneca, Pfizer/BioNTech",6709831,6431104,13140935
2021-12-06,"Johnson&Johnson, Moderna, Oxford/AstraZeneca, Pfizer/BioNTech",6717978,6442634,13160612
2021-12-07,"Johnson&Johnson, Moderna, Oxford/AstraZeneca, Pfizer/BioNTech",6725868,6454643,13180511
2021-12-08,"Johnson&Johnson, Moderna, Oxford/AstraZeneca, Pfizer/BioNTech",6734110,6460571,13194681
2021-12-09,"Johnson&Johnson, Moderna, Oxford/AstraZeneca, Pfizer/BioNTech",6741230,6473389,13214619
2021-12-10,"Johnson&Johnson, Moderna, Oxford/AstraZeneca, Pfizer/BioNTech",6748162,6491193,13239355
2021-12-11,"Johnson&Johnson, Moderna, Pfizer/BioNTech",6749820,6496465,13246285
2021-12-12,"Johnson&Johnson, Moderna, Oxford/AstraZeneca, Pfizer/BioNTech",6751131,6500898,13252029
2021-12-13,"Johnson&Johnson, Moderna, Oxford/AstraZeneca, Pfizer/BioNTech",6757479,6514208,13271687
2021-12-14,"Johnson&Johnson, Moderna, Oxford/AstraZeneca, Pfizer/BioNTech",6763689,6527877,13291566
2021-12-15,"Johnson&Johnson, Moderna, Oxford/AstraZeneca, Pfizer/BioNTech",6769895,6541476,13311371
2021-12-16,"Johnson&Johnson, Moderna, Oxford/AstraZeneca, Pfizer/BioNTech",6776836,6556309,13333145
2021-12-17,"Johnson&Johnson, Moderna, Oxford/AstraZeneca, Pfizer/BioNTech",6785201,6573573,13358774
2021-12-18,"Johnson&Johnson, Moderna, Oxford/AstraZeneca, Pfizer/BioNTech",6787812,6579024,13366836
2021-12-19,"Johnson&Johnson, Moderna, Pfizer/BioNTech",6789583,6581528,13371111
2021-12-20,"Johnson&Johnson, Moderna, Oxford/AstraZeneca, Pfizer/BioNTech",6795434,6595591,13391025
2021-12-21,"Johnson&Johnson, Moderna, Oxford/AstraZeneca, Pfizer/BioNTech",6802095,6607585,13409680
2021-12-22,"Johnson&Johnson, Moderna, Oxford/AstraZeneca, Pfizer/BioNTech",6807144,6620642,13427786
2021-12-23,"Johnson&Johnson, Moderna, Oxford/AstraZeneca, Pfizer/BioNTech",6810017,6626243,13436260
2021-12-24,"Johnson&Johnson, Moderna, Oxford/AstraZeneca, Pfizer/BioNTech",6810063,6626344,13436407
2021-12-25,"Moderna, Pfizer/BioNTech",6810064,6626352,13436416
2021-12-26,"Moderna, Pfizer/BioNTech",6810166,6626555,13436721
2021-12-27,"Johnson&Johnson, Moderna, Pfizer/BioNTech",6814033,6636294,13450327
2021-12-28,"Johnson&Johnson, Moderna, Oxford/AstraZeneca, Pfizer/BioNTech",6819274,6644289,13463563
2021-12-29,"Johnson&Johnson, Moderna, Oxford/AstraZeneca, Pfizer/BioNTech",6823553,6652008,13475561
2021-12-30,"Johnson&Johnson, Moderna, Pfizer/BioNTech",6827852,6657440,13485292
2021-12-31,"Johnson&Johnson, Moderna, Pfizer/BioNTech",6828362,6658863,13487225
2022-01-01,"Johnson&Johnson, Moderna, Pfizer/BioNTech",6828368,6658881,13487249
2022-01-02,"Johnson&Johnson, Moderna, Pfizer/BioNTech",6829225,6660258,13489483
2022-01-03,"Johnson&Johnson, Moderna, Oxford/AstraZeneca, Pfizer/BioNTech",6833360,6669160,13502520
2022-01-04,"Johnson&Johnson, Moderna, Oxford/AstraZeneca, Pfizer/BioNTech",6838446,6676912,13515358
2022-01-05,"Johnson&Johnson, Moderna, Oxford/AstraZeneca, Pfizer/BioNTech",6844266,6684881,13529147
2022-01-06,"Johnson&Johnson, Moderna, Oxford/AstraZeneca, Pfizer/BioNTech",6850852,6693282,13544134
2022-01-07,"Johnson&Johnson, Moderna, Oxford/AstraZeneca, Pfizer/BioNTech",6858727,6703637,13562364
2022-01-08,"Johnson&Johnson, Moderna, Oxford/AstraZeneca, Pfizer/BioNTech",6861207,6706420,13567627
2022-01-09,"Johnson&Johnson, Moderna, Pfizer/BioNTech",6862289,6708114,13570403
2022-01-10,"Johnson&Johnson, Moderna, Oxford/AstraZeneca, Pfizer/BioNTech",6866787,6714300,13581087
2022-01-11,"Johnson&Johnson, Moderna, Oxford/AstraZeneca, Pfizer/BioNTech",6872224,6721054,13593278
2022-01-12,"Johnson&Johnson, Moderna, Oxford/AstraZeneca, Pfizer/BioNTech",6878173,6726697,13604870
2022-01-13,"Johnson&Johnson, Moderna, Oxford/AstraZeneca, Pfizer/BioNTech",6884057,6731473,13615530
2022-01-14,"Johnson&Johnson, Moderna, Oxford/AstraZeneca, Pfizer/BioNTech",6890358,6735105,13625463
2022-01-15,"Johnson&Johnson, Moderna, Oxford/AstraZeneca, Pfizer/BioNTech",6891635,6735759,13627394
2022-01-16,"Johnson&Johnson, Moderna, Oxford/AstraZeneca, Pfizer/BioNTech",6892322,6736196,13628518
2022-01-17,"Johnson&Johnson, Moderna, Oxford/AstraZeneca, Pfizer/BioNTech",6895876,6740152,13636028
2022-01-18,"Johnson&Johnson, Moderna, Oxford/AstraZeneca, Pfizer/BioNTech",6899727,6745101,13644828
2022-01-19,"Johnson&Johnson, Moderna, Oxford/AstraZeneca, Pfizer/BioNTech",6903796,6749032,13652828
2022-01-20,"Johnson&Johnson, Moderna, Oxford/AstraZeneca, Pfizer/BioNTech",6907388,6753481,13660869
2022-01-21,"Johnson&Johnson, Moderna, Oxford/AstraZeneca, Pfizer/BioNTech",6911383,6756007,13667390
2022-01-22,"Johnson&Johnson, Moderna, Pfizer/BioNTech",6912162,6756446,13668608
2022-01-23,"Johnson&Johnson, Moderna, Pfizer/BioNTech",6912723,6757080,13669803
2022-01-24,"Johnson&Johnson, Moderna, Oxford/AstraZeneca, Pfizer/BioNTech",6914990,6760515,13675505
2022-01-25,"Johnson&Johnson, Moderna, Oxford/AstraZeneca, Pfizer/BioNTech",6917343,6764509,13681852
2022-01-26,"Johnson&Johnson, Moderna, Oxford/AstraZeneca, Pfizer/BioNTech",6919728,6769073,13688801
2022-01-27,"Johnson&Johnson, Moderna, Oxford/AstraZeneca, Pfizer/BioNTech",6922052,6773885,13695937
2022-01-28,"Johnson&Johnson, Moderna, Oxford/AstraZeneca, Pfizer/BioNTech",6924963,6780045,13705008
2022-01-29,"Johnson&Johnson, Moderna, Oxford/AstraZeneca, Pfizer/BioNTech",6925563,6781696,13707259
2022-01-30,"Johnson&Johnson, Moderna, Pfizer/BioNTech",6925790,6782474,13708264
2022-01-31,"Johnson&Johnson, Moderna, Pfizer/BioNTech",6927331,6786391,13713722
2022-02-01,"Johnson&Johnson, Moderna, Pfizer/BioNTech",6928927,6790423,13719350
2022-02-02,"Johnson&Johnson, Moderna, Pfizer/BioNTech",6930493,6794926,13725419
2022-02-03,"Johnson&Johnson, Moderna, Pfizer/BioNTech",6931866,6799404,13731270
2022-02-04,"Johnson&Johnson, Moderna, Pfizer/BioNTech",6933466,6804518,13737984
2022-02-05,"Johnson&Johnson, Moderna, Pfizer/BioNTech",6933639,6805127,13738766
2022-02-06,"Johnson&Johnson, Moderna, Pfizer/BioNTech",6933734,6805446,13739180
2022-02-07,"Johnson&Johnson, Moderna, Pfizer/BioNTech",6934432,6808655,13743087
2022-02-08,"Johnson&Johnson, Moderna, Pfizer/BioNTech",6935224,6811839,13747063
2022-02-09,"Johnson&Johnson, Moderna, Pfizer/BioNTech",6936049,6815209,13751258
2022-02-10,"Johnson&Johnson, Moderna, Pfizer/BioNTech",6936834,6818333,13755167
2022-02-11,"Johnson&Johnson, Moderna, Pfizer/BioNTech",6937781,6822243,13760024
2022-02-12,"Johnson&Johnson, Moderna, Pfizer/BioNTech",6937891,6822661,13760552
2022-02-13,"Johnson&Johnson, Moderna, Pfizer/BioNTech",6937926,6823098,13761024
2022-02-14,"Johnson&Johnson, Moderna, Pfizer/BioNTech",6938381,6825210,13763591
2022-02-15,"Johnson&Johnson, Moderna, Pfizer/BioNTech",6938931,6827412,13766343
2022-02-16,"Johnson&Johnson, Moderna, Pfizer/BioNTech",6939514,6829509,13769023
2022-02-17,"Johnson&Johnson, Moderna, Pfizer/BioNTech",6940107,6831848,13771955
2022-02-18,"Johnson&Johnson, Moderna, Oxford/AstraZeneca, Pfizer/BioNTech",6940747,6834899,13775646
2022-02-19,"Johnson&Johnson, Moderna, Pfizer/BioNTech",6940826,6835180,13776006
2022-02-20,"Johnson&Johnson, Moderna, Pfizer/BioNTech",6940860,6835329,13776189
2022-02-21,"Johnson&Johnson, Moderna, Pfizer/BioNTech",6941221,6837026,13778247
2022-02-22,"Johnson&Johnson, Moderna, Oxford/AstraZeneca, Pfizer/BioNTech",6941603,6838702,13780305
2022-02-23,"Johnson&Johnson, Moderna, Pfizer/BioNTech",6942052,6840342,13782394
2022-02-24,"Johnson&Johnson, Moderna, Pfizer/BioNTech",6942459,6841972,13784431
2022-02-25,"Johnson&Johnson, Moderna, Pfizer/BioNTech",6943040,6844053,13787093
2022-02-26,"Johnson&Johnson, Moderna, Pfizer/BioNTech",6943101,6844212,13787313
2022-02-27,"Johnson&Johnson, Moderna, Pfizer/BioNTech",6943131,6844288,13787419
2022-02-28,"Johnson&Johnson, Moderna, Pfizer/BioNTech",6943369,6845257,13788626
2022-03-01,"Johnson&Johnson, Moderna, Pfizer/BioNTech",6943612,6846031,13789643
2022-03-02,"Johnson&Johnson, Moderna, Novavax, Pfizer/BioNTech",6943947,6846938,13790885
2022-03-03,"Johnson&Johnson, Moderna, Novavax, Pfizer/BioNTech",6944275,6847880,13792155
2022-03-04,"Johnson&Johnson, Moderna, Novavax, Pfizer/BioNTech",6944892,6849099,13793991
2022-03-05,"Johnson&Johnson, Moderna, Novavax, Pfizer/BioNTech",6944969,6849190,13794159
2022-03-06,"Moderna, Novavax, Pfizer/BioNTech",6944980,6849208,13794188
2022-03-07,"Johnson&Johnson, Moderna, Novavax, Pfizer/BioNTech",6945313,6849764,13795077
2022-03-08,"Johnson&Johnson, Moderna, Novavax, Pfizer/BioNTech",6945647,6850305,13795952
2022-03-09,"Johnson&Johnson, Moderna, Novavax, Pfizer/BioNTech",6946028,6850886,13796914
2022-03-10,"Johnson&Johnson, Moderna, Novavax, Pfizer/BioNTech",6946432,6851553,13797985
2022-03-11,"Johnson&Johnson, Moderna, Novavax, Pfizer/BioNTech",6947165,6852461,13799626
2022-03-12,"Johnson&Johnson, Moderna, Novavax, Pfizer/BioNTech",6947233,6852566,13799799
2022-03-13,"Johnson&Johnson, Moderna, Novavax, Pfizer/BioNTech",6947246,6852584,13799830
2022-03-14,"Johnson&Johnson, Moderna, Novavax, Pfizer/BioNTech",6947506,6852957,13800463
2022-03-15,"Johnson&Johnson, Moderna, Novavax, Pfizer/BioNTech",6947784,6853392,13801176
2022-03-16,"Johnson&Johnson, Moderna, Novavax, Pfizer/BioNTech",6948093,6853922,13802015
2022-03-17,"Johnson&Johnson, Moderna, Novavax, Oxford/AstraZeneca, Pfizer/BioNTech",6948378,6854347,13802725
2022-03-18,"Johnson&Johnson, Moderna, Novavax, Pfizer/BioNTech",6949052,6855127,13804179
2022-03-19,"Moderna, Novavax, Pfizer/BioNTech",6949109,6855172,13804281
2022-03-20,"Moderna, Novavax, Pfizer/BioNTech",6949126,6855183,13804309
2022-03-21,"Johnson&Johnson, Moderna, Novavax, Pfizer/BioNTech",6949306,6855501,13804807
2022-03-22,"Johnson&Johnson, Moderna, Novavax, Pfizer/BioNTech",6949539,6855890,13805429
2022-03-23,"Johnson&Johnson, Moderna, Novavax, Pfizer/BioNTech",6949869,6856311,13806180
2022-03-24,"Johnson&Johnson, Moderna, Novavax, Pfizer/BioNTech",6950153,6856758,13806911
