date,vaccine,people_vaccinated,people_fully_vaccinated,total_vaccinations
2020-12-27,Pfizer/BioNTech,1278,0,1278
2020-12-28,Pfizer/BioNTech,3583,0,3583
2020-12-29,Pfizer/BioNTech,7044,0,7044
2020-12-30,Pfizer/BioNTech,10552,0,10552
2020-12-31,Pfizer/BioNTech,11853,0,11853
2021-01-01,"Moderna, Pfizer/BioNTech",12120,0,12120
2021-01-02,Pfizer/BioNTech,13399,0,13399
2021-01-03,Pfizer/BioNTech,14320,0,14320
2021-01-04,"Moderna, Pfizer/BioNTech",17924,0,17924
2021-01-05,"Moderna, Pfizer/BioNTech",22432,0,22432
2021-01-06,Pfizer/BioNTech,28268,1,28269
2021-01-07,"Moderna, Pfizer/BioNTech",36247,1,36248
2021-01-08,Pfizer/BioNTech,46282,1,46283
2021-01-09,"Moderna, Pfizer/BioNTech",48305,2,48307
2021-01-10,Pfizer/BioNTech,50070,4,50074
2021-01-11,Pfizer/BioNTech,59916,6,59922
2021-01-12,"Moderna, Pfizer/BioNTech",73313,8,73321
2021-01-13,Pfizer/BioNTech,86836,8,86844
2021-01-14,"Moderna, Pfizer/BioNTech",102052,10,102062
2021-01-15,"Moderna, Pfizer/BioNTech",116045,10,116055
2021-01-16,"Moderna, Pfizer/BioNTech",119433,13,119446
2021-01-17,"Moderna, Pfizer/BioNTech",122042,651,122693
2021-01-18,"Moderna, Pfizer/BioNTech",134516,2474,136990
2021-01-19,"Moderna, Pfizer/BioNTech",147092,5196,152288
2021-01-20,"Moderna, Pfizer/BioNTech",160754,7845,168599
2021-01-21,"Moderna, Pfizer/BioNTech",176385,9578,185963
2021-01-22,"Moderna, Pfizer/BioNTech",191233,10622,201855
2021-01-23,"Moderna, Pfizer/BioNTech",194546,11500,206046
2021-01-24,"Moderna, Pfizer/BioNTech",196799,12370,209169
2021-01-25,"Moderna, Pfizer/BioNTech",206433,15341,221774
2021-01-26,"Moderna, Pfizer/BioNTech",216967,19321,236288
2021-01-27,"Moderna, Pfizer/BioNTech",225989,23848,249837
2021-01-28,"Moderna, Pfizer/BioNTech",233075,29968,263043
2021-01-29,"Moderna, Pfizer/BioNTech",239272,37864,277136
2021-01-30,"Moderna, Pfizer/BioNTech",240002,38952,278954
2021-01-31,"Moderna, Pfizer/BioNTech",240713,40133,280846
2021-02-01,"Moderna, Pfizer/BioNTech",244686,48079,292765
2021-02-02,"Moderna, Pfizer/BioNTech",248813,58305,307118
2021-02-03,"Moderna, Pfizer/BioNTech",253224,69303,322527
2021-02-04,"Moderna, Pfizer/BioNTech",258118,82267,340385
2021-02-05,"Moderna, Pfizer/BioNTech",263571,92928,356499
2021-02-06,"Moderna, Oxford/AstraZeneca, Pfizer/BioNTech",264415,95281,359696
2021-02-07,"Moderna, Pfizer/BioNTech",265262,97773,363035
2021-02-08,"Moderna, Oxford/AstraZeneca, Pfizer/BioNTech",269329,109161,378490
2021-02-09,"Moderna, Oxford/AstraZeneca, Pfizer/BioNTech",274414,121087,395501
2021-02-10,"Moderna, Pfizer/BioNTech",279910,134312,414222
2021-02-11,"Moderna, Oxford/AstraZeneca, Pfizer/BioNTech",286224,150511,436735
2021-02-12,"Moderna, Oxford/AstraZeneca, Pfizer/BioNTech",292974,165212,458186
2021-02-13,"Moderna, Oxford/AstraZeneca, Pfizer/BioNTech",294576,168193,462769
2021-02-14,"Moderna, Oxford/AstraZeneca, Pfizer/BioNTech",295575,169573,465148
2021-02-15,"Moderna, Oxford/AstraZeneca, Pfizer/BioNTech",301968,178915,480883
2021-02-16,"Moderna, Oxford/AstraZeneca, Pfizer/BioNTech",310680,187974,498654
2021-02-17,"Moderna, Oxford/AstraZeneca, Pfizer/BioNTech",320372,196267,516639
2021-02-18,"Moderna, Oxford/AstraZeneca, Pfizer/BioNTech",332681,204324,537005
2021-02-19,"Moderna, Oxford/AstraZeneca, Pfizer/BioNTech",344526,211655,556181
2021-02-20,"Moderna, Oxford/AstraZeneca, Pfizer/BioNTech",346513,212832,559345
2021-02-21,"Moderna, Oxford/AstraZeneca, Pfizer/BioNTech",347631,213850,561481
2021-02-22,"Moderna, Oxford/AstraZeneca, Pfizer/BioNTech",357746,219867,577613
2021-02-23,"Moderna, Oxford/AstraZeneca, Pfizer/BioNTech",370678,226830,597508
2021-02-24,"Moderna, Oxford/AstraZeneca, Pfizer/BioNTech",384543,232856,617399
2021-02-25,"Moderna, Oxford/AstraZeneca, Pfizer/BioNTech",402497,238392,640889
2021-02-26,"Moderna, Oxford/AstraZeneca, Pfizer/BioNTech",418649,243724,662373
2021-02-27,"Moderna, Oxford/AstraZeneca, Pfizer/BioNTech",421652,244274,665926
2021-02-28,"Moderna, Oxford/AstraZeneca, Pfizer/BioNTech",423992,244821,668813
2021-03-01,"Moderna, Oxford/AstraZeneca, Pfizer/BioNTech",443549,248255,691804
2021-03-02,"Moderna, Oxford/AstraZeneca, Pfizer/BioNTech",470755,251791,722546
2021-03-03,"Moderna, Oxford/AstraZeneca, Pfizer/BioNTech",501598,256281,757879
2021-03-04,"Moderna, Oxford/AstraZeneca, Pfizer/BioNTech",534825,260953,795778
2021-03-05,"Johnson&Johnson, Moderna, Oxford/AstraZeneca, Pfizer/BioNTech",563629,266353,829982
2021-03-06,"Johnson&Johnson, Moderna, Oxford/AstraZeneca, Pfizer/BioNTech",575760,267205,842965
2021-03-07,"Johnson&Johnson, Moderna, Oxford/AstraZeneca, Pfizer/BioNTech",587282,268041,855323
2021-03-08,"Johnson&Johnson, Moderna, Oxford/AstraZeneca, Pfizer/BioNTech",616979,272877,889856
2021-03-09,"Johnson&Johnson, Moderna, Oxford/AstraZeneca, Pfizer/BioNTech",653307,279241,932548
2021-03-10,"Moderna, Oxford/AstraZeneca, Pfizer/BioNTech",694576,286183,980759
2021-03-11,"Johnson&Johnson, Moderna, Oxford/AstraZeneca, Pfizer/BioNTech",739365,294543,1033908
2021-03-12,"Johnson&Johnson, Moderna, Oxford/AstraZeneca, Pfizer/BioNTech",778142,302993,1081135
2021-03-13,"Moderna, Oxford/AstraZeneca, Pfizer/BioNTech",795196,304291,1099487
2021-03-14,"Moderna, Oxford/AstraZeneca, Pfizer/BioNTech",807292,305431,1112723
2021-03-15,"Moderna, Oxford/AstraZeneca, Pfizer/BioNTech",835652,314198,1149850
2021-03-16,"Johnson&Johnson, Moderna, Oxford/AstraZeneca, Pfizer/BioNTech",874521,324719,1199240
2021-03-17,"Moderna, Oxford/AstraZeneca, Pfizer/BioNTech",911971,335210,1247181
2021-03-18,"Johnson&Johnson, Moderna, Oxford/AstraZeneca, Pfizer/BioNTech",949907,347606,1297513
2021-03-19,"Moderna, Oxford/AstraZeneca, Pfizer/BioNTech",984351,361198,1345549
2021-03-20,"Johnson&Johnson, Moderna, Oxford/AstraZeneca, Pfizer/BioNTech",999469,363210,1362679
2021-03-21,"Johnson&Johnson, Moderna, Oxford/AstraZeneca, Pfizer/BioNTech",1006866,364755,1371621
2021-03-22,"Johnson&Johnson, Moderna, Oxford/AstraZeneca, Pfizer/BioNTech",1031384,377243,1408627
2021-03-23,"Johnson&Johnson, Moderna, Oxford/AstraZeneca, Pfizer/BioNTech",1057988,390577,1448565
2021-03-24,"Johnson&Johnson, Moderna, Oxford/AstraZeneca, Pfizer/BioNTech",1084813,406291,1491104
2021-03-25,"Moderna, Oxford/AstraZeneca, Pfizer/BioNTech",1111109,424119,1535228
2021-03-26,"Moderna, Oxford/AstraZeneca, Pfizer/BioNTech",1135889,441603,1577492
2021-03-27,"Johnson&Johnson, Moderna, Oxford/AstraZeneca, Pfizer/BioNTech",1144306,446443,1590749
2021-03-28,"Moderna, Oxford/AstraZeneca, Pfizer/BioNTech",1149834,450578,1600412
2021-03-29,"Johnson&Johnson, Moderna, Oxford/AstraZeneca, Pfizer/BioNTech",1168934,471281,1640215
2021-03-30,"Johnson&Johnson, Moderna, Oxford/AstraZeneca, Pfizer/BioNTech",1193610,493443,1687053
2021-03-31,"Johnson&Johnson, Moderna, Oxford/AstraZeneca, Pfizer/BioNTech",1216681,520482,1737163
2021-04-01,"Johnson&Johnson, Moderna, Oxford/AstraZeneca, Pfizer/BioNTech",1242258,552512,1794770
2021-04-02,"Johnson&Johnson, Moderna, Oxford/AstraZeneca, Pfizer/BioNTech",1249153,565295,1814448
2021-04-03,"Johnson&Johnson, Moderna, Oxford/AstraZeneca, Pfizer/BioNTech",1252753,576200,1828953
2021-04-04,"Johnson&Johnson, Moderna, Oxford/AstraZeneca, Pfizer/BioNTech",1255243,585101,1840344
2021-04-05,"Johnson&Johnson, Moderna, Oxford/AstraZeneca, Pfizer/BioNTech",1257617,592273,1849890
2021-04-06,"Johnson&Johnson, Moderna, Oxford/AstraZeneca, Pfizer/BioNTech",1273713,621495,1895208
2021-04-07,"Johnson&Johnson, Moderna, Oxford/AstraZeneca, Pfizer/BioNTech",1297091,643705,1940796
2021-04-08,"Johnson&Johnson, Moderna, Oxford/AstraZeneca, Pfizer/BioNTech",1335736,674700,2010436
2021-04-09,"Johnson&Johnson, Moderna, Oxford/AstraZeneca, Pfizer/BioNTech",1375221,704866,2080087
2021-04-10,"Johnson&Johnson, Moderna, Oxford/AstraZeneca, Pfizer/BioNTech",1390672,720142,2110814
2021-04-11,"Johnson&Johnson, Moderna, Oxford/AstraZeneca, Pfizer/BioNTech",1400424,730163,2130587
2021-04-12,"Johnson&Johnson, Moderna, Oxford/AstraZeneca, Pfizer/BioNTech",1438643,755268,2193911
2021-04-13,"Moderna, Oxford/AstraZeneca, Pfizer/BioNTech",1474852,781290,2256142
2021-04-14,"Moderna, Oxford/AstraZeneca, Pfizer/BioNTech",1513620,808619,2322239
2021-04-15,"Moderna, Oxford/AstraZeneca, Pfizer/BioNTech",1561371,834309,2395680
2021-04-16,"Moderna, Oxford/AstraZeneca, Pfizer/BioNTech",1605990,859923,2465913
2021-04-17,"Moderna, Oxford/AstraZeneca, Pfizer/BioNTech",1622653,868938,2491591
2021-04-18,"Moderna, Oxford/AstraZeneca, Pfizer/BioNTech",1635618,873917,2509535
2021-04-19,"Moderna, Oxford/AstraZeneca, Pfizer/BioNTech",1679591,889360,2568951
2021-04-20,"Johnson&Johnson, Moderna, Oxford/AstraZeneca, Pfizer/BioNTech",1722109,905205,2627314
2021-04-21,"Moderna, Oxford/AstraZeneca, Pfizer/BioNTech",1769804,919530,2689334
2021-04-22,"Johnson&Johnson, Moderna, Oxford/AstraZeneca, Pfizer/BioNTech",1824266,936890,2761156
2021-04-23,"Johnson&Johnson, Moderna, Oxford/AstraZeneca, Pfizer/BioNTech",1874186,948920,2823106
2021-04-24,"Johnson&Johnson, Moderna, Oxford/AstraZeneca, Pfizer/BioNTech",1891999,954152,2846151
2021-04-25,"Johnson&Johnson, Moderna, Oxford/AstraZeneca, Pfizer/BioNTech",1906669,958134,2864803
2021-04-26,"Johnson&Johnson, Moderna, Oxford/AstraZeneca, Pfizer/BioNTech",1956230,965675,2921905
2021-04-27,"Johnson&Johnson, Moderna, Oxford/AstraZeneca, Pfizer/BioNTech",2005191,977881,2983072
2021-04-28,"Johnson&Johnson, Moderna, Oxford/AstraZeneca, Pfizer/BioNTech",2063915,991848,3055763
2021-04-29,"Johnson&Johnson, Moderna, Oxford/AstraZeneca, Pfizer/BioNTech",2129447,1007697,3137144
2021-04-30,"Johnson&Johnson, Moderna, Oxford/AstraZeneca, Pfizer/BioNTech",2191639,1017628,3209267
2021-05-01,"Johnson&Johnson, Moderna, Oxford/AstraZeneca, Pfizer/BioNTech",2210932,1021047,3231979
2021-05-02,"Johnson&Johnson, Moderna, Oxford/AstraZeneca, Pfizer/BioNTech",2229828,1023298,3253126
2021-05-03,"Johnson&Johnson, Moderna, Oxford/AstraZeneca, Pfizer/BioNTech",2297048,1028343,3325391
2021-05-04,"Johnson&Johnson, Moderna, Oxford/AstraZeneca, Pfizer/BioNTech",2363525,1036648,3400173
2021-05-05,"Johnson&Johnson, Moderna, Oxford/AstraZeneca, Pfizer/BioNTech",2436650,1046014,3482664
2021-05-06,"Johnson&Johnson, Moderna, Oxford/AstraZeneca, Pfizer/BioNTech",2517013,1056691,3573704
2021-05-07,"Johnson&Johnson, Moderna, Oxford/AstraZeneca, Pfizer/BioNTech",2594279,1066750,3661029
2021-05-08,"Johnson&Johnson, Moderna, Oxford/AstraZeneca, Pfizer/BioNTech",2623678,1068490,3692168
2021-05-09,"Johnson&Johnson, Moderna, Oxford/AstraZeneca, Pfizer/BioNTech",2647848,1069677,3717525
2021-05-10,"Johnson&Johnson, Moderna, Oxford/AstraZeneca, Pfizer/BioNTech",2720579,1076868,3797447
2021-05-11,"Johnson&Johnson, Moderna, Oxford/AstraZeneca, Pfizer/BioNTech",2796645,1085639,3882284
2021-05-12,"Johnson&Johnson, Moderna, Oxford/AstraZeneca, Pfizer/BioNTech",2876467,1094686,3971153
2021-05-13,"Johnson&Johnson, Moderna, Oxford/AstraZeneca, Pfizer/BioNTech",2960455,1103815,4064270
2021-05-14,"Johnson&Johnson, Moderna, Oxford/AstraZeneca, Pfizer/BioNTech",3039856,1111543,4151399
2021-05-15,"Johnson&Johnson, Moderna, Oxford/AstraZeneca, Pfizer/BioNTech",3071696,1113736,4185432
2021-05-16,"Johnson&Johnson, Moderna, Oxford/AstraZeneca, Pfizer/BioNTech",3097440,1114978,4212418
2021-05-17,"Johnson&Johnson, Moderna, Oxford/AstraZeneca, Pfizer/BioNTech",3169917,1121658,4291575
2021-05-18,"Johnson&Johnson, Moderna, Oxford/AstraZeneca, Pfizer/BioNTech",3241820,1134647,4376467
2021-05-19,"Johnson&Johnson, Moderna, Oxford/AstraZeneca, Pfizer/BioNTech",3319251,1149741,4468992
2021-05-20,"Johnson&Johnson, Moderna, Oxford/AstraZeneca, Pfizer/BioNTech",3394649,1176706,4571355
2021-05-21,"Johnson&Johnson, Moderna, Oxford/AstraZeneca, Pfizer/BioNTech",3463386,1204388,4667774
2021-05-22,"Johnson&Johnson, Moderna, Oxford/AstraZeneca, Pfizer/BioNTech",3495721,1215524,4711245
2021-05-23,"Johnson&Johnson, Moderna, Oxford/AstraZeneca, Pfizer/BioNTech",3518036,1224532,4742568
2021-05-24,"Johnson&Johnson, Moderna, Oxford/AstraZeneca, Pfizer/BioNTech",3565147,1258133,4823280
2021-05-25,"Johnson&Johnson, Moderna, Oxford/AstraZeneca, Pfizer/BioNTech",3616979,1293881,4910860
2021-05-26,"Johnson&Johnson, Moderna, Oxford/AstraZeneca, Pfizer/BioNTech",3684703,1331356,5016059
2021-05-27,"Johnson&Johnson, Moderna, Oxford/AstraZeneca, Pfizer/BioNTech",3746063,1378619,5124682
2021-05-28,"Johnson&Johnson, Moderna, Oxford/AstraZeneca, Pfizer/BioNTech",3807729,1425114,5232843
2021-05-29,"Johnson&Johnson, Moderna, Oxford/AstraZeneca, Pfizer/BioNTech",3836879,1442184,5279063
2021-05-30,"Johnson&Johnson, Moderna, Oxford/AstraZeneca, Pfizer/BioNTech",3859219,1456591,5315810
2021-05-31,"Johnson&Johnson, Moderna, Oxford/AstraZeneca, Pfizer/BioNTech",3914936,1504097,5419033
2021-06-01,"Johnson&Johnson, Moderna, Oxford/AstraZeneca, Pfizer/BioNTech",3973951,1552869,5526820
2021-06-02,"Johnson&Johnson, Moderna, Oxford/AstraZeneca, Pfizer/BioNTech",4036816,1606767,5643583
2021-06-03,"Johnson&Johnson, Moderna, Oxford/AstraZeneca, Pfizer/BioNTech",4095027,1666918,5761945
2021-06-04,"Johnson&Johnson, Moderna, Oxford/AstraZeneca, Pfizer/BioNTech",4158098,1724233,5882331
2021-06-05,"Johnson&Johnson, Moderna, Oxford/AstraZeneca, Pfizer/BioNTech",4192224,1743008,5935232
2021-06-06,"Johnson&Johnson, Moderna, Oxford/AstraZeneca, Pfizer/BioNTech",4219125,1758100,5977225
2021-06-07,"Johnson&Johnson, Moderna, Oxford/AstraZeneca, Pfizer/BioNTech",4282788,1813667,6096455
2021-06-08,"Johnson&Johnson, Moderna, Oxford/AstraZeneca, Pfizer/BioNTech",4346747,1868572,6215319
2021-06-09,"Johnson&Johnson, Moderna, Oxford/AstraZeneca, Pfizer/BioNTech",4405927,1932926,6338853
2021-06-10,"Johnson&Johnson, Moderna, Oxford/AstraZeneca, Pfizer/BioNTech",4459804,2003943,6463747
2021-06-11,"Johnson&Johnson, Moderna, Oxford/AstraZeneca, Pfizer/BioNTech",4511885,2073583,6585468
2021-06-12,"Johnson&Johnson, Moderna, Oxford/AstraZeneca, Pfizer/BioNTech",4543863,2094309,6638172
2021-06-13,"Johnson&Johnson, Moderna, Oxford/AstraZeneca, Pfizer/BioNTech",4567863,2112664,6680527
2021-06-14,"Johnson&Johnson, Moderna, Oxford/AstraZeneca, Pfizer/BioNTech",4610923,2186956,6797879
2021-06-15,"Johnson&Johnson, Moderna, Oxford/AstraZeneca, Pfizer/BioNTech",4655550,2259200,6914750
2021-06-16,"Johnson&Johnson, Moderna, Oxford/AstraZeneca, Pfizer/BioNTech",4698270,2337321,7035591
2021-06-17,"Johnson&Johnson, Moderna, Oxford/AstraZeneca, Pfizer/BioNTech",4737636,2420286,7157922
2021-06-18,"Johnson&Johnson, Moderna, Oxford/AstraZeneca, Pfizer/BioNTech",4780018,2500693,7280711
2021-06-19,"Johnson&Johnson, Moderna, Oxford/AstraZeneca, Pfizer/BioNTech",4801752,2529907,7331659
2021-06-20,"Johnson&Johnson, Moderna, Oxford/AstraZeneca, Pfizer/BioNTech",4819105,2553667,7372772
2021-06-21,"Johnson&Johnson, Moderna, Oxford/AstraZeneca, Pfizer/BioNTech",4851603,2632138,7483741
2021-06-22,"Johnson&Johnson, Moderna, Oxford/AstraZeneca, Pfizer/BioNTech",4884556,2714293,7598849
2021-06-23,"Johnson&Johnson, Moderna, Oxford/AstraZeneca, Pfizer/BioNTech",4916194,2799413,7715607
2021-06-24,"Johnson&Johnson, Moderna, Oxford/AstraZeneca, Pfizer/BioNTech",4946020,2889343,7835363
2021-06-25,"Johnson&Johnson, Moderna, Oxford/AstraZeneca, Pfizer/BioNTech",4977057,2975369,7952426
2021-06-26,"Johnson&Johnson, Moderna, Oxford/AstraZeneca, Pfizer/BioNTech",4992907,3010105,8003012
2021-06-27,"Johnson&Johnson, Moderna, Oxford/AstraZeneca, Pfizer/BioNTech",5006842,3036695,8043537
2021-06-28,"Johnson&Johnson, Moderna, Oxford/AstraZeneca, Pfizer/BioNTech",5035251,3121778,8157029
2021-06-29,"Johnson&Johnson, Moderna, Oxford/AstraZeneca, Pfizer/BioNTech",5064507,3208147,8272654
2021-06-30,"Johnson&Johnson, Moderna, Oxford/AstraZeneca, Pfizer/BioNTech",5091994,3298995,8390989
2021-07-01,"Johnson&Johnson, Moderna, Oxford/AstraZeneca, Pfizer/BioNTech",5115964,3388921,8504885
2021-07-02,"Johnson&Johnson, Moderna, Oxford/AstraZeneca, Pfizer/BioNTech",5142666,3474637,8617303
2021-07-03,"Johnson&Johnson, Moderna, Oxford/AstraZeneca, Pfizer/BioNTech",5149730,3506090,8655820
2021-07-04,"Johnson&Johnson, Moderna, Oxford/AstraZeneca, Pfizer/BioNTech",5157272,3527850,8685122
2021-07-05,"Johnson&Johnson, Moderna, Oxford/AstraZeneca, Pfizer/BioNTech",5164617,3553164,8717781
2021-07-06,"Johnson&Johnson, Moderna, Oxford/AstraZeneca, Pfizer/BioNTech",5170010,3580731,8750741
2021-07-07,"Johnson&Johnson, Moderna, Oxford/AstraZeneca, Pfizer/BioNTech",5195785,3659598,8855383
2021-07-08,"Johnson&Johnson, Moderna, Oxford/AstraZeneca, Pfizer/BioNTech",5222368,3729815,8952183
2021-07-09,"Johnson&Johnson, Moderna, Oxford/AstraZeneca, Pfizer/BioNTech",5250264,3798982,9049246
2021-07-10,"Johnson&Johnson, Moderna, Oxford/AstraZeneca, Pfizer/BioNTech",5259600,3827545,9087145
2021-07-11,"Johnson&Johnson, Moderna, Oxford/AstraZeneca, Pfizer/BioNTech",5268116,3850394,9118510
2021-07-12,"Johnson&Johnson, Moderna, Oxford/AstraZeneca, Pfizer/BioNTech",5295637,3919411,9215048
2021-07-13,"Johnson&Johnson, Moderna, Oxford/AstraZeneca, Pfizer/BioNTech",5321819,3989193,9311012
2021-07-14,"Johnson&Johnson, Moderna, Oxford/AstraZeneca, Pfizer/BioNTech",5347630,4061085,9408715
2021-07-15,"Johnson&Johnson, Moderna, Oxford/AstraZeneca, Pfizer/BioNTech",5376803,4126994,9503797
2021-07-16,"Johnson&Johnson, Moderna, Oxford/AstraZeneca, Pfizer/BioNTech",5404721,4199598,9604319
2021-07-17,"Johnson&Johnson, Moderna, Oxford/AstraZeneca, Pfizer/BioNTech",5413474,4230980,9644454
2021-07-18,"Johnson&Johnson, Moderna, Oxford/AstraZeneca, Pfizer/BioNTech",5421907,4256939,9678846
2021-07-19,"Johnson&Johnson, Moderna, Oxford/AstraZeneca, Pfizer/BioNTech",5445235,4323882,9769117
2021-07-20,"Johnson&Johnson, Moderna, Oxford/AstraZeneca, Pfizer/BioNTech",5466611,4390825,9857436
2021-07-21,"Johnson&Johnson, Moderna, Oxford/AstraZeneca, Pfizer/BioNTech",5490048,4454179,9944227
2021-07-22,"Johnson&Johnson, Moderna, Oxford/AstraZeneca, Pfizer/BioNTech",5512385,4512710,10025095
2021-07-23,"Johnson&Johnson, Moderna, Oxford/AstraZeneca, Pfizer/BioNTech",5535550,4567343,10102893
2021-07-24,"Johnson&Johnson, Moderna, Oxford/AstraZeneca, Pfizer/BioNTech",5542850,4594944,10137794
2021-07-25,"Johnson&Johnson, Moderna, Oxford/AstraZeneca, Pfizer/BioNTech",5549449,4617025,10166474
2021-07-26,"Johnson&Johnson, Moderna, Oxford/AstraZeneca, Pfizer/BioNTech",5572952,4665586,10238538
2021-07-27,"Johnson&Johnson, Moderna, Oxford/AstraZeneca, Pfizer/BioNTech",5595664,4712117,10307781
2021-07-28,"Johnson&Johnson, Moderna, Oxford/AstraZeneca, Pfizer/BioNTech",5616883,4757993,10374876
2021-07-29,"Johnson&Johnson, Moderna, Oxford/AstraZeneca, Pfizer/BioNTech",5638176,4799842,10438018
2021-07-30,"Johnson&Johnson, Moderna, Oxford/AstraZeneca, Pfizer/BioNTech",5661434,4842298,10503732
2021-07-31,"Johnson&Johnson, Moderna, Oxford/AstraZeneca, Pfizer/BioNTech",5670348,4861783,10532131
2021-08-01,"Johnson&Johnson, Moderna, Oxford/AstraZeneca, Pfizer/BioNTech",5677056,4877908,10554964
2021-08-02,"Johnson&Johnson, Moderna, Oxford/AstraZeneca, Pfizer/BioNTech",5695657,4915377,10611034
2021-08-03,"Johnson&Johnson, Moderna, Oxford/AstraZeneca, Pfizer/BioNTech",5713270,4953395,10666665
2021-08-04,"Johnson&Johnson, Moderna, Oxford/AstraZeneca, Pfizer/BioNTech",5729336,4990035,10719371
2021-08-05,"Johnson&Johnson, Moderna, Oxford/AstraZeneca, Pfizer/BioNTech",5745337,5030410,10775747
2021-08-06,"Johnson&Johnson, Moderna, Oxford/AstraZeneca, Pfizer/BioNTech",5762103,5073597,10835700
2021-08-07,"Johnson&Johnson, Moderna, Oxford/AstraZeneca, Pfizer/BioNTech",5767676,5091716,10859392
2021-08-08,"Johnson&Johnson, Moderna, Oxford/AstraZeneca, Pfizer/BioNTech",5772023,5107436,10879459
2021-08-09,"Johnson&Johnson, Moderna, Oxford/AstraZeneca, Pfizer/BioNTech",5784651,5152416,10937067
2021-08-10,"Johnson&Johnson, Moderna, Oxford/AstraZeneca, Pfizer/BioNTech",5796462,5191912,10988374
2021-08-11,"Johnson&Johnson, Moderna, Oxford/AstraZeneca, Pfizer/BioNTech",5807809,5234979,11042788
2021-08-12,"Johnson&Johnson, Moderna, Oxford/AstraZeneca, Pfizer/BioNTech",5819202,5272032,11091234
2021-08-13,"Johnson&Johnson, Moderna, Oxford/AstraZeneca, Pfizer/BioNTech",5829880,5312278,11142158
2021-08-14,"Johnson&Johnson, Moderna, Oxford/AstraZeneca, Pfizer/BioNTech",5833213,5322949,11156162
2021-08-15,"Johnson&Johnson, Moderna, Oxford/AstraZeneca, Pfizer/BioNTech",5835787,5333299,11169086
2021-08-16,"Johnson&Johnson, Moderna, Oxford/AstraZeneca, Pfizer/BioNTech",5845553,5367300,11212853
2021-08-17,"Johnson&Johnson, Moderna, Oxford/AstraZeneca, Pfizer/BioNTech",5855126,5394341,11249467
2021-08-18,"Johnson&Johnson, Moderna, Oxford/AstraZeneca, Pfizer/BioNTech",5864486,5433148,11297634
2021-08-19,"Johnson&Johnson, Moderna, Oxford/AstraZeneca, Pfizer/BioNTech",5874141,5471443,11345584
2021-08-20,"Johnson&Johnson, Moderna, Oxford/AstraZeneca, Pfizer/BioNTech",5885474,5511570,11397044
2021-08-21,"Johnson&Johnson, Moderna, Oxford/AstraZeneca, Pfizer/BioNTech",5888180,5524298,11412478
2021-08-22,"Johnson&Johnson, Moderna, Oxford/AstraZeneca, Pfizer/BioNTech",5890512,5536246,11426758
2021-08-23,"Johnson&Johnson, Moderna, Oxford/AstraZeneca, Pfizer/BioNTech",5901025,5575432,11476457
2021-08-24,"Johnson&Johnson, Moderna, Oxford/AstraZeneca, Pfizer/BioNTech",5910879,5608624,11519503
2021-08-25,"Johnson&Johnson, Moderna, Oxford/AstraZeneca, Pfizer/BioNTech",5919724,5636928,11556652
2021-08-26,"Johnson&Johnson, Moderna, Oxford/AstraZeneca, Pfizer/BioNTech",5928149,5662994,11591143
2021-08-27,"Johnson&Johnson, Moderna, Oxford/AstraZeneca, Pfizer/BioNTech",5938450,5688890,11627340
2021-08-28,"Johnson&Johnson, Moderna, Oxford/AstraZeneca, Pfizer/BioNTech",5941162,5695903,11637065
2021-08-29,"Johnson&Johnson, Moderna, Oxford/AstraZeneca, Pfizer/BioNTech",5943563,5702510,11646073
2021-08-30,"Johnson&Johnson, Moderna, Oxford/AstraZeneca, Pfizer/BioNTech",5952063,5724324,11676387
2021-08-31,"Johnson&Johnson, Moderna, Oxford/AstraZeneca, Pfizer/BioNTech",5959710,5742359,11702069
2021-09-01,"Johnson&Johnson, Moderna, Oxford/AstraZeneca, Pfizer/BioNTech",5965575,5756314,11721889
2021-09-02,"Johnson&Johnson, Moderna, Oxford/AstraZeneca, Pfizer/BioNTech",5972366,5770650,11743016
2021-09-03,"Johnson&Johnson, Moderna, Oxford/AstraZeneca, Pfizer/BioNTech",5981861,5786287,11768148
2021-09-04,"Johnson&Johnson, Moderna, Oxford/AstraZeneca, Pfizer/BioNTech",5983910,5789819,11773729
2021-09-05,"Johnson&Johnson, Moderna, Oxford/AstraZeneca, Pfizer/BioNTech",5985938,5792645,11778583
2021-09-06,"Johnson&Johnson, Moderna, Oxford/AstraZeneca, Pfizer/BioNTech",5992106,5805124,11797230
2021-09-07,"Johnson&Johnson, Moderna, Oxford/AstraZeneca, Pfizer/BioNTech",5996455,5816187,11812642
2021-09-08,"Johnson&Johnson, Moderna, Oxford/AstraZeneca, Pfizer/BioNTech",6002089,5826002,11828091
2021-09-09,"Johnson&Johnson, Moderna, Oxford/AstraZeneca, Pfizer/BioNTech",6008728,5836042,11844770
2021-09-10,"Johnson&Johnson, Moderna, Oxford/AstraZeneca, Pfizer/BioNTech",6016366,5848186,11864552
2021-09-11,"Johnson&Johnson, Moderna, Pfizer/BioNTech",6018218,5850650,11868868
2021-09-12,"Johnson&Johnson, Moderna, Oxford/AstraZeneca, Pfizer/BioNTech",6019329,5852268,11871597
2021-09-13,"Johnson&Johnson, Moderna, Oxford/AstraZeneca, Pfizer/BioNTech",6024737,5862512,11887249
2021-09-14,"Johnson&Johnson, Moderna, Oxford/AstraZeneca, Pfizer/BioNTech",6030093,5871496,11901589
2021-09-15,"Johnson&Johnson, Moderna, Oxford/AstraZeneca, Pfizer/BioNTech",6035267,5879997,11915264
2021-09-16,"Johnson&Johnson, Moderna, Oxford/AstraZeneca, Pfizer/BioNTech",6040531,5888241,11928772
2021-09-17,"Johnson&Johnson, Moderna, Oxford/AstraZeneca, Pfizer/BioNTech",6047065,5898428,11945493
2021-09-18,"Johnson&Johnson, Moderna, Pfizer/BioNTech",6048784,5900766,11949550
2021-09-19,"Johnson&Johnson, Moderna, Oxford/AstraZeneca, Pfizer/BioNTech",6049722,5902326,11952048
2021-09-20,"Johnson&Johnson, Moderna, Oxford/AstraZeneca, Pfizer/BioNTech",6053666,5910492,11964158
2021-09-21,"Johnson&Johnson, Moderna, Oxford/AstraZeneca, Pfizer/BioNTech",6057721,5917996,11975717
2021-09-22,"Johnson&Johnson, Moderna, Oxford/AstraZeneca, Pfizer/BioNTech",6061839,5923494,11985333
2021-09-23,"Johnson&Johnson, Moderna, Oxford/AstraZeneca, Pfizer/BioNTech",6066776,5929881,11996657
2021-09-24,"Johnson&Johnson, Moderna, Oxford/AstraZeneca, Pfizer/BioNTech",6072477,5939470,12011947
2021-09-25,"Johnson&Johnson, Moderna, Pfizer/BioNTech",6073957,5941444,12015401
2021-09-26,"Johnson&Johnson, Moderna, Pfizer/BioNTech",6074692,5943063,12017755
2021-09-27,"Johnson&Johnson, Moderna, Oxford/AstraZeneca, Pfizer/BioNTech",6078485,5949524,12028009
2021-09-28,"Johnson&Johnson, Moderna, Pfizer/BioNTech",6078812,5950118,12028930
2021-09-29,"Johnson&Johnson, Moderna, Oxford/AstraZeneca, Pfizer/BioNTech",6082531,5957528,12040059
2021-09-30,"Johnson&Johnson, Moderna, Oxford/AstraZeneca, Pfizer/BioNTech",6086899,5965178,12052077
2021-10-01,"Johnson&Johnson, Moderna, Oxford/AstraZeneca, Pfizer/BioNTech",6091037,5973066,12064103
2021-10-02,"Johnson&Johnson, Moderna, Pfizer/BioNTech",6092075,5974591,12066666
2021-10-03,"Johnson&Johnson, Moderna, Pfizer/BioNTech",6092776,5975452,12068228
2021-10-04,"Johnson&Johnson, Moderna, Oxford/AstraZeneca, Pfizer/BioNTech",6095754,5980995,12076749
2021-10-05,"Johnson&Johnson, Moderna, Oxford/AstraZeneca, Pfizer/BioNTech",6098782,5986034,12084816
2021-10-06,"Johnson&Johnson, Moderna, Oxford/AstraZeneca, Pfizer/BioNTech",6102212,5991168,12093380
2021-10-07,"Johnson&Johnson, Moderna, Oxford/AstraZeneca, Pfizer/BioNTech",6105342,5996349,12101691
2021-10-08,"Johnson&Johnson, Moderna, Oxford/AstraZeneca, Pfizer/BioNTech",6110025,6002915,12112940
2021-10-09,"Johnson&Johnson, Moderna, Pfizer/BioNTech",6111254,6004554,12115808
2021-10-10,"Johnson&Johnson, Moderna, Pfizer/BioNTech",6112172,6005381,12117553
2021-10-11,"Johnson&Johnson, Moderna, Oxford/AstraZeneca, Pfizer/BioNTech",6115013,6009734,12124747
2021-10-12,"Johnson&Johnson, Moderna, Oxford/AstraZeneca, Pfizer/BioNTech",6117690,6013592,12131282
2021-10-13,"Johnson&Johnson, Moderna, Oxford/AstraZeneca, Pfizer/BioNTech",6121005,6017628,12138633
2021-10-14,"Johnson&Johnson, Moderna, Oxford/AstraZeneca, Pfizer/BioNTech",6124505,6022507,12147012
2021-10-15,"Johnson&Johnson, Moderna, Oxford/AstraZeneca, Pfizer/BioNTech",6129495,6028525,12158020
2021-10-16,"Johnson&Johnson, Moderna, Pfizer/BioNTech",6130855,6030033,12160888
2021-10-17,"Johnson&Johnson, Moderna, Pfizer/BioNTech",6132166,6031081,12163247
2021-10-18,"Johnson&Johnson, Moderna, Oxford/AstraZeneca, Pfizer/BioNTech",6136058,6035034,12171092
2021-10-19,"Johnson&Johnson, Moderna, Oxford/AstraZeneca, Pfizer/BioNTech",6139464,6037036,12176500
2021-10-20,"Johnson&Johnson, Moderna, Oxford/AstraZeneca, Pfizer/BioNTech",6144141,6041343,12185484
2021-10-21,"Johnson&Johnson, Moderna, Oxford/AstraZeneca, Pfizer/BioNTech",6151670,6046789,12198459
2021-10-22,"Johnson&Johnson, Moderna, Oxford/AstraZeneca, Pfizer/BioNTech",6161829,6053143,12214972
2021-10-23,"Johnson&Johnson, Moderna, Pfizer/BioNTech",6165441,6055310,12220751
2021-10-24,"Johnson&Johnson, Moderna, Pfizer/BioNTech",6168029,6056994,12225023
2021-10-25,"Johnson&Johnson, Moderna, Oxford/AstraZeneca, Pfizer/BioNTech",6177854,6062306,12240160
2021-10-26,"Johnson&Johnson, Moderna, Oxford/AstraZeneca, Pfizer/BioNTech",6189120,6068430,12257550
2021-10-27,"Johnson&Johnson, Moderna, Oxford/AstraZeneca, Pfizer/BioNTech",6202847,6075264,12278111
2021-10-28,"Johnson&Johnson, Moderna, Pfizer/BioNTech",6206140,6076858,12282998
2021-10-29,"Johnson&Johnson, Moderna, Oxford/AstraZeneca, Pfizer/BioNTech",6219821,6084257,12304078
2021-10-30,"Johnson&Johnson, Moderna, Pfizer/BioNTech",6223923,6086820,12310743
2021-10-31,"Johnson&Johnson, Moderna, Oxford/AstraZeneca, Pfizer/BioNTech",6226999,6088703,12315702
2021-11-01,"Johnson&Johnson, Moderna, Oxford/AstraZeneca, Pfizer/BioNTech",6240447,6095177,12335624
