date,vaccine,people_vaccinated,people_fully_vaccinated,total_vaccinations
2020-12-27,Pfizer/BioNTech,1286,0,1286
2020-12-28,Pfizer/BioNTech,3589,0,3589
2020-12-29,Pfizer/BioNTech,7059,1,7060
2020-12-30,Pfizer/BioNTech,10576,1,10577
2020-12-31,Pfizer/BioNTech,11887,1,11888
2021-01-01,"Moderna, Pfizer/BioNTech",12158,1,12159
2021-01-02,"Moderna, Pfizer/BioNTech",13444,2,13446
2021-01-03,"Moderna, Pfizer/BioNTech",14371,2,14373
2021-01-04,"Moderna, Pfizer/BioNTech",17981,2,17983
2021-01-05,"Moderna, Pfizer/BioNTech",22506,3,22509
2021-01-06,"Moderna, Pfizer/BioNTech",28352,4,28356
2021-01-07,"Moderna, Pfizer/BioNTech",36351,4,36355
2021-01-08,"Moderna, Pfizer/BioNTech",46405,5,46410
2021-01-09,"Moderna, Pfizer/BioNTech",48431,7,48438
2021-01-10,Pfizer/BioNTech,50203,9,50212
2021-01-11,"Moderna, Pfizer/BioNTech",60060,11,60071
2021-01-12,"Moderna, Pfizer/BioNTech",73515,13,73528
2021-01-13,"Moderna, Pfizer/BioNTech",87061,13,87074
2021-01-14,"Moderna, Pfizer/BioNTech",102314,17,102331
2021-01-15,"Moderna, Pfizer/BioNTech",116334,18,116352
2021-01-16,"Moderna, Pfizer/BioNTech",119738,22,119760
2021-01-17,"Moderna, Pfizer/BioNTech",122359,657,123016
2021-01-18,"Moderna, Pfizer/BioNTech",134851,2484,137335
2021-01-19,"Moderna, Pfizer/BioNTech",147462,5213,152675
2021-01-20,"Moderna, Pfizer/BioNTech",161160,7878,169038
2021-01-21,"Moderna, Pfizer/BioNTech",176814,9620,186434
2021-01-22,"Moderna, Pfizer/BioNTech",191706,10665,202371
2021-01-23,"Moderna, Pfizer/BioNTech",195024,11545,206569
2021-01-24,"Moderna, Pfizer/BioNTech",197280,12416,209696
2021-01-25,"Moderna, Pfizer/BioNTech",206935,15386,222321
2021-01-26,"Moderna, Pfizer/BioNTech",217482,19377,236859
2021-01-27,"Moderna, Pfizer/BioNTech",226514,23912,250426
2021-01-28,"Moderna, Pfizer/BioNTech",233620,30046,263666
2021-01-29,"Moderna, Pfizer/BioNTech",239836,37956,277792
2021-01-30,"Moderna, Pfizer/BioNTech",240577,39044,279621
2021-01-31,"Moderna, Pfizer/BioNTech",241296,40226,281522
2021-02-01,"Moderna, Pfizer/BioNTech",245279,48196,293475
2021-02-02,"Moderna, Pfizer/BioNTech",249434,58436,307870
2021-02-03,"Moderna, Pfizer/BioNTech",253861,69456,323317
2021-02-04,"Moderna, Pfizer/BioNTech",258768,82449,341217
2021-02-05,"Moderna, Pfizer/BioNTech",264244,93123,357367
2021-02-06,"Moderna, Oxford/AstraZeneca, Pfizer/BioNTech",265101,95489,360590
2021-02-07,"Moderna, Oxford/AstraZeneca, Pfizer/BioNTech",265952,97989,363941
2021-02-08,"Moderna, Oxford/AstraZeneca, Pfizer/BioNTech",270045,109418,379463
2021-02-09,"Moderna, Oxford/AstraZeneca, Pfizer/BioNTech",275154,121331,396485
2021-02-10,"Moderna, Oxford/AstraZeneca, Pfizer/BioNTech",280673,134592,415265
2021-02-11,"Moderna, Oxford/AstraZeneca, Pfizer/BioNTech",287015,150813,437828
2021-02-12,"Moderna, Oxford/AstraZeneca, Pfizer/BioNTech",293843,165563,459406
2021-02-13,"Moderna, Oxford/AstraZeneca, Pfizer/BioNTech",295461,168550,464011
2021-02-14,"Moderna, Oxford/AstraZeneca, Pfizer/BioNTech",296467,169936,466403
2021-02-15,"Moderna, Oxford/AstraZeneca, Pfizer/BioNTech",302867,179307,482174
2021-02-16,"Moderna, Oxford/AstraZeneca, Pfizer/BioNTech",311588,188388,499976
2021-02-17,"Moderna, Oxford/AstraZeneca, Pfizer/BioNTech",321290,196699,517989
2021-02-18,"Moderna, Oxford/AstraZeneca, Pfizer/BioNTech",333620,204782,538402
2021-02-19,"Moderna, Oxford/AstraZeneca, Pfizer/BioNTech",345486,212159,557645
2021-02-20,"Moderna, Oxford/AstraZeneca, Pfizer/BioNTech",347496,213345,560841
2021-02-21,"Moderna, Oxford/AstraZeneca, Pfizer/BioNTech",348633,214371,563004
2021-02-22,"Moderna, Oxford/AstraZeneca, Pfizer/BioNTech",358757,220408,579165
2021-02-23,"Moderna, Oxford/AstraZeneca, Pfizer/BioNTech",371722,227399,599121
2021-02-24,"Moderna, Oxford/AstraZeneca, Pfizer/BioNTech",385606,233442,619048
2021-02-25,"Moderna, Oxford/AstraZeneca, Pfizer/BioNTech",403590,238993,642583
2021-02-26,"Moderna, Oxford/AstraZeneca, Pfizer/BioNTech",419771,244353,664124
2021-02-27,"Moderna, Oxford/AstraZeneca, Pfizer/BioNTech",422780,244912,667692
2021-02-28,"Moderna, Oxford/AstraZeneca, Pfizer/BioNTech",425138,245463,670601
2021-03-01,"Moderna, Oxford/AstraZeneca, Pfizer/BioNTech",444738,248912,693650
2021-03-02,"Moderna, Oxford/AstraZeneca, Pfizer/BioNTech",471966,252463,724429
2021-03-03,"Moderna, Oxford/AstraZeneca, Pfizer/BioNTech",502924,256975,759899
2021-03-04,"Moderna, Oxford/AstraZeneca, Pfizer/BioNTech",536210,261666,797876
2021-03-05,"Johnson&Johnson, Moderna, Oxford/AstraZeneca, Pfizer/BioNTech",565057,267096,832153
2021-03-06,"Johnson&Johnson, Moderna, Oxford/AstraZeneca, Pfizer/BioNTech",577217,267962,845179
2021-03-07,"Johnson&Johnson, Moderna, Oxford/AstraZeneca, Pfizer/BioNTech",588767,268805,857572
2021-03-08,"Johnson&Johnson, Moderna, Oxford/AstraZeneca, Pfizer/BioNTech",618516,273668,892184
2021-03-09,"Johnson&Johnson, Moderna, Oxford/AstraZeneca, Pfizer/BioNTech",654889,280056,934945
2021-03-10,"Johnson&Johnson, Moderna, Oxford/AstraZeneca, Pfizer/BioNTech",696223,287016,983239
2021-03-11,"Johnson&Johnson, Moderna, Oxford/AstraZeneca, Pfizer/BioNTech",741081,295391,1036472
2021-03-12,"Johnson&Johnson, Moderna, Oxford/AstraZeneca, Pfizer/BioNTech, Čína",779844,303891,1083735
2021-03-13,"Johnson&Johnson, Moderna, Oxford/AstraZeneca, Pfizer/BioNTech",796954,305206,1102160
2021-03-14,"Johnson&Johnson, Moderna, Oxford/AstraZeneca, Pfizer/BioNTech",809073,306363,1115436
2021-03-15,"Johnson&Johnson, Moderna, Oxford/AstraZeneca, Pfizer/BioNTech",837471,315143,1152614
2021-03-16,"Johnson&Johnson, Moderna, Oxford/AstraZeneca, Pfizer/BioNTech",876369,325680,1202049
2021-03-17,"Moderna, Oxford/AstraZeneca, Pfizer/BioNTech",913857,336195,1250052
2021-03-18,"Johnson&Johnson, Moderna, Oxford/AstraZeneca, Pfizer/BioNTech",951864,348621,1300485
2021-03-19,"Johnson&Johnson, Moderna, Oxford/AstraZeneca, Pfizer/BioNTech",986384,362236,1348620
2021-03-20,"Johnson&Johnson, Moderna, Oxford/AstraZeneca, Pfizer/BioNTech",1001568,364266,1365834
2021-03-21,"Johnson&Johnson, Moderna, Oxford/AstraZeneca, Pfizer/BioNTech",1009017,365826,1374843
2021-03-22,"Johnson&Johnson, Moderna, Oxford/AstraZeneca, Pfizer/BioNTech",1033594,378327,1411921
2021-03-23,"Johnson&Johnson, Moderna, Oxford/AstraZeneca, Pfizer/BioNTech",1060271,391694,1451965
2021-03-24,"Johnson&Johnson, Moderna, Oxford/AstraZeneca, Pfizer/BioNTech",1087166,407441,1494607
2021-03-25,"Johnson&Johnson, Moderna, Oxford/AstraZeneca, Pfizer/BioNTech",1113527,425296,1538823
2021-03-26,"Johnson&Johnson, Moderna, Oxford/AstraZeneca, Pfizer/BioNTech",1138370,442810,1581180
2021-03-27,"Johnson&Johnson, Moderna, Oxford/AstraZeneca, Pfizer/BioNTech",1146832,447656,1594488
2021-03-28,"Moderna, Oxford/AstraZeneca, Pfizer/BioNTech",1152380,451804,1604184
2021-03-29,"Johnson&Johnson, Moderna, Oxford/AstraZeneca, Pfizer/BioNTech",1171542,472540,1644082
2021-03-30,"Johnson&Johnson, Moderna, Oxford/AstraZeneca, Pfizer/BioNTech",1196252,494727,1690979
2021-03-31,"Johnson&Johnson, Moderna, Oxford/AstraZeneca, Pfizer/BioNTech",1219411,521796,1741207
2021-04-01,"Johnson&Johnson, Moderna, Oxford/AstraZeneca, Pfizer/BioNTech",1245101,553853,1798954
2021-04-02,"Johnson&Johnson, Moderna, Oxford/AstraZeneca, Pfizer/BioNTech",1252085,566650,1818735
2021-04-03,"Johnson&Johnson, Moderna, Oxford/AstraZeneca, Pfizer/BioNTech",1255740,577582,1833322
2021-04-04,"Johnson&Johnson, Moderna, Oxford/AstraZeneca, Pfizer/BioNTech",1258286,586508,1844794
2021-04-05,"Johnson&Johnson, Moderna, Oxford/AstraZeneca, Pfizer/BioNTech",1260720,593714,1854434
2021-04-06,"Johnson&Johnson, Moderna, Oxford/AstraZeneca, Pfizer/BioNTech, Čína",1276937,622990,1899927
2021-04-07,"Johnson&Johnson, Moderna, Oxford/AstraZeneca, Pfizer/BioNTech",1300442,645231,1945673
2021-04-08,"Johnson&Johnson, Moderna, Oxford/AstraZeneca, Pfizer/BioNTech",1339263,676279,2015542
2021-04-09,"Johnson&Johnson, Moderna, Oxford/AstraZeneca, Pfizer/BioNTech",1378862,706480,2085342
2021-04-10,"Johnson&Johnson, Moderna, Oxford/AstraZeneca, Pfizer/BioNTech",1394431,721794,2116225
2021-04-11,"Johnson&Johnson, Moderna, Oxford/AstraZeneca, Pfizer/BioNTech",1404226,731852,2136078
2021-04-12,"Johnson&Johnson, Moderna, Oxford/AstraZeneca, Pfizer/BioNTech",1442549,756999,2199548
2021-04-13,"Moderna, Oxford/AstraZeneca, Pfizer/BioNTech",1478858,783042,2261900
2021-04-14,"Moderna, Oxford/AstraZeneca, Pfizer/BioNTech",1517748,810420,2328168
2021-04-15,"Moderna, Oxford/AstraZeneca, Pfizer/BioNTech",1565584,836202,2401786
2021-04-16,"Moderna, Oxford/AstraZeneca, Pfizer/BioNTech",1610304,861884,2472188
2021-04-17,"Indie/AstraZeneca, Moderna, Oxford/AstraZeneca, Pfizer/BioNTech",1627032,870911,2497943
2021-04-18,"Moderna, Oxford/AstraZeneca, Pfizer/BioNTech",1640032,875897,2515929
2021-04-19,"Johnson&Johnson, Moderna, Oxford/AstraZeneca, Pfizer/BioNTech",1684009,891341,2575350
2021-04-20,"Johnson&Johnson, Moderna, Oxford/AstraZeneca, Pfizer/BioNTech",1726598,907231,2633829
2021-04-21,"Moderna, Oxford/AstraZeneca, Pfizer/BioNTech",1774363,921602,2695965
2021-04-22,"Johnson&Johnson, Moderna, Oxford/AstraZeneca, Pfizer/BioNTech",1828895,939002,2767897
2021-04-23,"Johnson&Johnson, Moderna, Oxford/AstraZeneca, Pfizer/BioNTech",1878909,951069,2829978
2021-04-24,"Johnson&Johnson, Moderna, Oxford/AstraZeneca, Pfizer/BioNTech",1896787,956338,2853125
2021-04-25,"Johnson&Johnson, Moderna, Oxford/AstraZeneca, Pfizer/BioNTech",1911500,960342,2871842
2021-04-26,"Johnson&Johnson, Moderna, Oxford/AstraZeneca, Pfizer/BioNTech",1961113,967912,2929025
2021-04-27,"Johnson&Johnson, Moderna, Oxford/AstraZeneca, Pfizer/BioNTech",2010106,980168,2990274
2021-04-28,"Johnson&Johnson, Moderna, Oxford/AstraZeneca, Pfizer/BioNTech",2068888,994194,3063082
2021-04-29,"Johnson&Johnson, Moderna, Oxford/AstraZeneca, Pfizer/BioNTech",2134508,1010116,3144624
2021-04-30,"Johnson&Johnson, Moderna, Oxford/AstraZeneca, Pfizer/BioNTech",2196802,1020112,3216914
2021-05-01,"Johnson&Johnson, Moderna, Oxford/AstraZeneca, Pfizer/BioNTech",2216196,1023578,3239774
2021-05-02,"Johnson&Johnson, Moderna, Oxford/AstraZeneca, Pfizer/BioNTech",2235148,1025869,3261017
2021-05-03,"Johnson&Johnson, Moderna, Oxford/AstraZeneca, Pfizer/BioNTech",2302425,1030953,3333378
2021-05-04,"Johnson&Johnson, Moderna, Oxford/AstraZeneca, Pfizer/BioNTech",2368986,1039327,3408313
2021-05-05,"Johnson&Johnson, Moderna, Oxford/AstraZeneca, Pfizer/BioNTech",2442198,1048775,3490973
2021-05-06,"Johnson&Johnson, Moderna, Oxford/AstraZeneca, Pfizer/BioNTech",2522641,1059528,3582169
2021-05-07,"Johnson&Johnson, Moderna, Oxford/AstraZeneca, Pfizer/BioNTech",2599982,1069675,3669657
2021-05-08,"Johnson&Johnson, Moderna, Oxford/AstraZeneca, Pfizer/BioNTech",2629525,1071469,3700994
2021-05-09,"Johnson&Johnson, Moderna, Oxford/AstraZeneca, Pfizer/BioNTech",2653768,1072693,3726461
2021-05-10,"Johnson&Johnson, Moderna, Oxford/AstraZeneca, Pfizer/BioNTech",2726568,1079940,3806508
2021-05-11,"Johnson&Johnson, Moderna, Oxford/AstraZeneca, Pfizer/BioNTech",2802720,1088773,3891493
2021-05-12,"Johnson&Johnson, Moderna, Oxford/AstraZeneca, Pfizer/BioNTech",2882667,1097921,3980588
2021-05-13,"Johnson&Johnson, Moderna, Oxford/AstraZeneca, Pfizer/BioNTech",2966721,1107114,4073835
2021-05-14,"Johnson&Johnson, Moderna, Oxford/AstraZeneca, Pfizer/BioNTech",3046280,1114942,4161222
2021-05-15,"Johnson&Johnson, Moderna, Oxford/AstraZeneca, Pfizer/BioNTech",3078248,1117229,4195477
2021-05-16,"Johnson&Johnson, Moderna, Oxford/AstraZeneca, Pfizer/BioNTech",3104064,1118516,4222580
2021-05-17,"Indie/AstraZeneca, Johnson&Johnson, Moderna, Oxford/AstraZeneca, Pfizer/BioNTech",3176609,1125274,4301883
2021-05-18,"Indie/AstraZeneca, Johnson&Johnson, Moderna, Oxford/AstraZeneca, Pfizer/BioNTech",3248606,1138401,4387007
2021-05-19,"Johnson&Johnson, Moderna, Oxford/AstraZeneca, Pfizer/BioNTech",3326109,1153576,4479685
2021-05-20,"Johnson&Johnson, Moderna, Oxford/AstraZeneca, Pfizer/BioNTech",3401610,1180649,4582259
2021-05-21,"Johnson&Johnson, Moderna, Oxford/AstraZeneca, Pfizer/BioNTech",3470471,1208460,4678931
2021-05-22,"Johnson&Johnson, Moderna, Oxford/AstraZeneca, Pfizer/BioNTech",3502949,1219705,4722654
2021-05-23,"Johnson&Johnson, Moderna, Oxford/AstraZeneca, Pfizer/BioNTech",3525400,1228747,4754147
2021-05-24,"Johnson&Johnson, Moderna, Oxford/AstraZeneca, Pfizer/BioNTech",3572621,1262429,4835050
2021-05-25,"Johnson&Johnson, Moderna, Oxford/AstraZeneca, Pfizer/BioNTech",3624544,1298277,4922821
2021-05-26,"Johnson&Johnson, Moderna, Oxford/AstraZeneca, Pfizer/BioNTech",3692316,1335841,5028157
2021-05-27,"Indie/AstraZeneca, Johnson&Johnson, Moderna, Oxford/AstraZeneca, Pfizer/BioNTech",3753754,1383210,5136964
2021-05-28,"Johnson&Johnson, Moderna, Oxford/AstraZeneca, Pfizer/BioNTech",3815512,1429828,5245340
2021-05-29,"Johnson&Johnson, Moderna, Oxford/AstraZeneca, Pfizer/BioNTech",3844788,1446976,5291764
2021-05-30,"Johnson&Johnson, Moderna, Oxford/AstraZeneca, Pfizer/BioNTech, Čína",3867209,1461449,5328658
2021-05-31,"Indie/AstraZeneca, Johnson&Johnson, Moderna, Oxford/AstraZeneca, Pfizer/BioNTech",3922960,1508986,5431946
2021-06-01,"Johnson&Johnson, Moderna, Oxford/AstraZeneca, Pfizer/BioNTech",3982079,1557881,5539960
2021-06-02,"Johnson&Johnson, Moderna, Oxford/AstraZeneca, Pfizer/BioNTech",4045062,1611919,5656981
2021-06-03,"Johnson&Johnson, Moderna, Oxford/AstraZeneca, Pfizer/BioNTech",4103327,1672169,5775496
2021-06-04,"Johnson&Johnson, Moderna, Oxford/AstraZeneca, Pfizer/BioNTech",4166480,1729609,5896089
2021-06-05,"Johnson&Johnson, Moderna, Oxford/AstraZeneca, Pfizer/BioNTech",4200678,1748544,5949222
2021-06-06,"Johnson&Johnson, Moderna, Oxford/AstraZeneca, Pfizer/BioNTech",4227642,1763725,5991367
2021-06-07,"Johnson&Johnson, Moderna, Oxford/AstraZeneca, Pfizer/BioNTech",4291347,1819381,6110728
2021-06-08,"Johnson&Johnson, Moderna, Oxford/AstraZeneca, Pfizer/BioNTech",4355366,1874412,6229778
2021-06-09,"Johnson&Johnson, Moderna, Oxford/AstraZeneca, Pfizer/BioNTech",4414595,1939115,6353710
2021-06-10,"Johnson&Johnson, Moderna, Oxford/AstraZeneca, Pfizer/BioNTech",4468462,2010444,6478906
2021-06-11,"Johnson&Johnson, Moderna, Oxford/AstraZeneca, Pfizer/BioNTech",4520598,2080307,6600905
2021-06-12,"Johnson&Johnson, Moderna, Oxford/AstraZeneca, Pfizer/BioNTech",4552633,2101171,6653804
2021-06-13,"Johnson&Johnson, Moderna, Oxford/AstraZeneca, Pfizer/BioNTech",4576677,2119617,6696294
2021-06-14,"Johnson&Johnson, Moderna, Oxford/AstraZeneca, Pfizer/BioNTech, Čína",4619779,2194034,6813813
2021-06-15,"Johnson&Johnson, Moderna, Oxford/AstraZeneca, Pfizer/BioNTech",4664468,2266450,6930918
2021-06-16,"Johnson&Johnson, Moderna, Oxford/AstraZeneca, Pfizer/BioNTech",4707298,2344707,7052005
2021-06-17,"Johnson&Johnson, Moderna, Oxford/AstraZeneca, Pfizer/BioNTech",4746739,2427831,7174570
2021-06-18,"Johnson&Johnson, Moderna, Oxford/AstraZeneca, Pfizer/BioNTech",4789192,2508444,7297636
2021-06-19,"Johnson&Johnson, Moderna, Oxford/AstraZeneca, Pfizer/BioNTech",4810994,2537798,7348792
2021-06-20,"Johnson&Johnson, Moderna, Oxford/AstraZeneca, Pfizer/BioNTech",4828410,2561685,7390095
2021-06-21,"Johnson&Johnson, Moderna, Oxford/AstraZeneca, Pfizer/BioNTech, Čína",4860928,2640327,7501255
2021-06-22,"Johnson&Johnson, Moderna, Oxford/AstraZeneca, Pfizer/BioNTech",4893914,2722679,7616593
2021-06-23,"Johnson&Johnson, Moderna, Oxford/AstraZeneca, Pfizer/BioNTech",4925648,2807952,7733600
2021-06-24,"Johnson&Johnson, Moderna, Oxford/AstraZeneca, Pfizer/BioNTech",4955527,2898037,7853564
2021-06-25,"Johnson&Johnson, Moderna, Oxford/AstraZeneca, Pfizer/BioNTech",4986626,2984305,7970931
2021-06-26,"Johnson&Johnson, Moderna, Oxford/AstraZeneca, Pfizer/BioNTech",5002533,3019205,8021738
2021-06-27,"Johnson&Johnson, Moderna, Oxford/AstraZeneca, Pfizer/BioNTech",5016497,3045933,8062430
2021-06-28,"Johnson&Johnson, Moderna, Oxford/AstraZeneca, Pfizer/BioNTech",5044926,3131178,8176104
2021-06-29,"Johnson&Johnson, Moderna, Oxford/AstraZeneca, Pfizer/BioNTech",5074228,3217755,8291983
2021-06-30,"Johnson&Johnson, Moderna, Oxford/AstraZeneca, Pfizer/BioNTech",5101743,3308829,8410572
2021-07-01,"Johnson&Johnson, Moderna, Oxford/AstraZeneca, Pfizer/BioNTech",5125761,3398958,8524719
2021-07-02,"Johnson&Johnson, Moderna, Oxford/AstraZeneca, Pfizer/BioNTech",5152518,3484920,8637438
2021-07-03,"Johnson&Johnson, Moderna, Oxford/AstraZeneca, Pfizer/BioNTech",5159631,3516505,8676136
2021-07-04,"Johnson&Johnson, Moderna, Oxford/AstraZeneca, Pfizer/BioNTech",5167228,3538336,8705564
2021-07-05,"Johnson&Johnson, Moderna, Oxford/AstraZeneca, Pfizer/BioNTech",5174662,3563757,8738419
2021-07-06,"Johnson&Johnson, Moderna, Oxford/AstraZeneca, Pfizer/BioNTech, Čína",5180156,3591506,8771662
2021-07-07,"Johnson&Johnson, Moderna, Oxford/AstraZeneca, Pfizer/BioNTech",5206005,3670522,8876527
2021-07-08,"Johnson&Johnson, Moderna, Oxford/AstraZeneca, Pfizer/BioNTech",5232630,3740895,8973525
2021-07-09,"Johnson&Johnson, Moderna, Oxford/AstraZeneca, Pfizer/BioNTech",5260601,3810253,9070854
2021-07-10,"Johnson&Johnson, Moderna, Oxford/AstraZeneca, Pfizer/BioNTech",5269990,3838935,9108925
2021-07-11,"Johnson&Johnson, Moderna, Oxford/AstraZeneca, Pfizer/BioNTech",5278553,3861831,9140384
2021-07-12,"Johnson&Johnson, Moderna, Oxford/AstraZeneca, Pfizer/BioNTech, Čína",5306118,3930929,9237047
2021-07-13,"Johnson&Johnson, Moderna, Oxford/AstraZeneca, Pfizer/BioNTech",5332342,4000838,9333180
2021-07-14,"Johnson&Johnson, Moderna, Oxford/AstraZeneca, Pfizer/BioNTech",5358194,4072863,9431057
2021-07-15,"Indie/AstraZeneca, Johnson&Johnson, Moderna, Oxford/AstraZeneca, Pfizer/BioNTech",5387391,4138906,9526297
2021-07-16,"Johnson&Johnson, Moderna, Oxford/AstraZeneca, Pfizer/BioNTech",5415342,4211672,9627014
2021-07-17,"Johnson&Johnson, Moderna, Oxford/AstraZeneca, Pfizer/BioNTech",5424154,4243160,9667314
2021-07-18,"Johnson&Johnson, Moderna, Oxford/AstraZeneca, Pfizer/BioNTech",5432605,4269183,9701788
2021-07-19,"Johnson&Johnson, Moderna, Oxford/AstraZeneca, Pfizer/BioNTech",5455984,4336230,9792214
2021-07-20,"Johnson&Johnson, Moderna, Oxford/AstraZeneca, Pfizer/BioNTech",5477414,4403320,9880734
2021-07-21,"Johnson&Johnson, Moderna, Oxford/AstraZeneca, Pfizer/BioNTech",5500883,4466811,9967694
2021-07-22,"Johnson&Johnson, Moderna, Oxford/AstraZeneca, Pfizer/BioNTech",5523267,4525477,10048744
2021-07-23,"Johnson&Johnson, Moderna, Oxford/AstraZeneca, Pfizer/BioNTech",5546521,4580267,10126788
2021-07-24,"Johnson&Johnson, Moderna, Oxford/AstraZeneca, Pfizer/BioNTech",5553884,4607958,10161842
2021-07-25,"Johnson&Johnson, Moderna, Oxford/AstraZeneca, Pfizer/BioNTech",5560536,4630103,10190639
2021-07-26,"Johnson&Johnson, Moderna, Oxford/AstraZeneca, Pfizer/BioNTech",5584103,4678818,10262921
2021-07-27,"Johnson&Johnson, Moderna, Oxford/AstraZeneca, Pfizer/BioNTech, Čína",5606867,4725500,10332367
2021-07-28,"Johnson&Johnson, Moderna, Oxford/AstraZeneca, Pfizer/BioNTech",5628163,4771553,10399716
2021-07-29,"Johnson&Johnson, Moderna, Oxford/AstraZeneca, Pfizer/BioNTech",5649517,4813560,10463077
2021-07-30,"Johnson&Johnson, Moderna, Oxford/AstraZeneca, Pfizer/BioNTech",5672813,4856168,10528981
2021-07-31,"Johnson&Johnson, Moderna, Oxford/AstraZeneca, Pfizer/BioNTech",5681779,4875728,10557507
2021-08-01,"Johnson&Johnson, Moderna, Oxford/AstraZeneca, Pfizer/BioNTech",5688518,4891914,10580432
2021-08-02,"Johnson&Johnson, Moderna, Oxford/AstraZeneca, Pfizer/BioNTech",5707176,4929508,10636684
2021-08-03,"Johnson&Johnson, Moderna, Oxford/AstraZeneca, Pfizer/BioNTech",5724848,4967655,10692503
2021-08-04,"Johnson&Johnson, Moderna, Oxford/AstraZeneca, Pfizer/BioNTech",5740990,5004458,10745448
2021-08-05,"Johnson&Johnson, Moderna, Oxford/AstraZeneca, Pfizer/BioNTech",5757048,5044979,10802027
2021-08-06,"Johnson&Johnson, Moderna, Oxford/AstraZeneca, Pfizer/BioNTech",5773873,5088328,10862201
2021-08-07,"Johnson&Johnson, Moderna, Oxford/AstraZeneca, Pfizer/BioNTech",5779492,5106525,10886017
2021-08-08,"Johnson&Johnson, Moderna, Oxford/AstraZeneca, Pfizer/BioNTech",5783865,5122302,10906167
2021-08-09,"Indie/AstraZeneca, Johnson&Johnson, Moderna, Oxford/AstraZeneca, Pfizer/BioNTech",5796511,5167397,10963908
2021-08-10,"Johnson&Johnson, Moderna, Oxford/AstraZeneca, Pfizer/BioNTech",5808370,5207005,11015375
2021-08-11,"Indie/AstraZeneca, Johnson&Johnson, Moderna, Oxford/AstraZeneca, Pfizer/BioNTech",5819752,5250166,11069918
2021-08-12,"Johnson&Johnson, Moderna, Oxford/AstraZeneca, Pfizer/BioNTech",5831181,5287335,11118516
2021-08-13,"Johnson&Johnson, Moderna, Oxford/AstraZeneca, Pfizer/BioNTech",5841923,5327709,11169632
2021-08-14,"Johnson&Johnson, Moderna, Oxford/AstraZeneca, Pfizer/BioNTech",5845271,5338438,11183709
2021-08-15,"Johnson&Johnson, Moderna, Oxford/AstraZeneca, Pfizer/BioNTech",5847866,5348834,11196700
2021-08-16,"Johnson&Johnson, Moderna, Oxford/AstraZeneca, Pfizer/BioNTech",5857668,5382940,11240608
2021-08-17,"Johnson&Johnson, Moderna, Oxford/AstraZeneca, Pfizer/BioNTech",5867274,5410069,11277343
2021-08-18,"Johnson&Johnson, Moderna, Oxford/AstraZeneca, Pfizer/BioNTech",5876654,5449002,11325656
2021-08-19,"Johnson&Johnson, Moderna, Oxford/AstraZeneca, Pfizer/BioNTech",5886338,5487379,11373717
2021-08-20,"Johnson&Johnson, Moderna, Oxford/AstraZeneca, Pfizer/BioNTech",5897738,5527598,11425336
2021-08-21,"Johnson&Johnson, Moderna, Oxford/AstraZeneca, Pfizer/BioNTech",5900468,5540387,11440855
2021-08-22,"Johnson&Johnson, Moderna, Oxford/AstraZeneca, Pfizer/BioNTech",5902814,5552370,11455184
2021-08-23,"Johnson&Johnson, Moderna, Oxford/AstraZeneca, Pfizer/BioNTech",5913355,5591672,11505027
2021-08-24,"Johnson&Johnson, Moderna, Oxford/AstraZeneca, Pfizer/BioNTech",5923240,5624942,11548182
2021-08-25,"Indie/AstraZeneca, Johnson&Johnson, Moderna, Oxford/AstraZeneca, Pfizer/BioNTech",5932117,5653338,11585455
2021-08-26,"Johnson&Johnson, Moderna, Oxford/AstraZeneca, Pfizer/BioNTech",5940576,5679489,11620065
2021-08-27,"Johnson&Johnson, Moderna, Oxford/AstraZeneca, Pfizer/BioNTech",5950906,5705493,11656399
2021-08-28,"Johnson&Johnson, Moderna, Oxford/AstraZeneca, Pfizer/BioNTech",5953652,5712580,11666232
2021-08-29,"Johnson&Johnson, Moderna, Oxford/AstraZeneca, Pfizer/BioNTech",5956069,5719209,11675278
2021-08-30,"Johnson&Johnson, Moderna, Oxford/AstraZeneca, Pfizer/BioNTech",5964602,5741103,11705705
2021-08-31,"Johnson&Johnson, Moderna, Oxford/AstraZeneca, Pfizer/BioNTech",5972292,5759236,11731528
2021-09-01,"Johnson&Johnson, Moderna, Oxford/AstraZeneca, Pfizer/BioNTech",5978208,5773266,11751474
2021-09-02,"Johnson&Johnson, Moderna, Oxford/AstraZeneca, Pfizer/BioNTech",5985053,5787673,11772726
2021-09-03,"Johnson&Johnson, Moderna, Oxford/AstraZeneca, Pfizer/BioNTech",5994614,5803418,11798032
2021-09-04,"Johnson&Johnson, Moderna, Oxford/AstraZeneca, Pfizer/BioNTech",5996692,5806989,11803681
2021-09-05,"Johnson&Johnson, Moderna, Oxford/AstraZeneca, Pfizer/BioNTech",5998740,5809841,11808581
2021-09-06,"Johnson&Johnson, Moderna, Oxford/AstraZeneca, Pfizer/BioNTech",6004982,5822398,11827380
2021-09-07,"Johnson&Johnson, Moderna, Oxford/AstraZeneca, Pfizer/BioNTech",6009378,5833502,11842880
2021-09-08,"Johnson&Johnson, Moderna, Oxford/AstraZeneca, Pfizer/BioNTech",6015059,5843377,11858436
2021-09-09,"Johnson&Johnson, Moderna, Oxford/AstraZeneca, Pfizer/BioNTech",6021765,5853456,11875221
2021-09-10,"Johnson&Johnson, Moderna, Oxford/AstraZeneca, Pfizer/BioNTech",6029472,5865650,11895122
2021-09-11,"Johnson&Johnson, Moderna, Oxford/AstraZeneca, Pfizer/BioNTech",6031348,5868149,11899497
2021-09-12,"Johnson&Johnson, Moderna, Oxford/AstraZeneca, Pfizer/BioNTech",6032468,5869787,11902255
2021-09-13,"Johnson&Johnson, Moderna, Oxford/AstraZeneca, Pfizer/BioNTech",6037912,5880104,11918016
2021-09-14,"Johnson&Johnson, Moderna, Oxford/AstraZeneca, Pfizer/BioNTech",6043318,5889130,11932448
2021-09-15,"Johnson&Johnson, Moderna, Oxford/AstraZeneca, Pfizer/BioNTech",6048533,5897665,11946198
2021-09-16,"Johnson&Johnson, Moderna, Oxford/AstraZeneca, Pfizer/BioNTech",6053905,5905946,11959851
2021-09-17,"Johnson&Johnson, Moderna, Oxford/AstraZeneca, Pfizer/BioNTech",6060481,5916190,11976671
2021-09-18,"Johnson&Johnson, Moderna, Oxford/AstraZeneca, Pfizer/BioNTech",6062214,5918559,11980773
2021-09-19,"Johnson&Johnson, Moderna, Oxford/AstraZeneca, Pfizer/BioNTech",6063160,5920132,11983292
2021-09-20,"Johnson&Johnson, Moderna, Oxford/AstraZeneca, Pfizer/BioNTech",6067191,5928339,11995530
2021-09-21,"Johnson&Johnson, Moderna, Oxford/AstraZeneca, Pfizer/BioNTech",6071435,5935877,12007312
2021-09-22,"Johnson&Johnson, Moderna, Oxford/AstraZeneca, Pfizer/BioNTech",6075634,5941410,12017044
2021-09-23,"Johnson&Johnson, Moderna, Oxford/AstraZeneca, Pfizer/BioNTech",6080606,5947829,12028435
2021-09-24,"Johnson&Johnson, Moderna, Oxford/AstraZeneca, Pfizer/BioNTech",6086373,5957453,12043826
2021-09-25,"Johnson&Johnson, Moderna, Oxford/AstraZeneca, Pfizer/BioNTech",6087876,5959456,12047332
2021-09-26,"Johnson&Johnson, Moderna, Oxford/AstraZeneca, Pfizer/BioNTech",6088623,5961101,12049724
2021-09-27,"Johnson&Johnson, Moderna, Oxford/AstraZeneca, Pfizer/BioNTech",6092510,5967621,12060131
2021-09-28,"Johnson&Johnson, Moderna, Oxford/AstraZeneca, Pfizer/BioNTech",6092887,5968260,12061147
2021-09-29,"Johnson&Johnson, Moderna, Oxford/AstraZeneca, Pfizer/BioNTech",6096666,5975725,12072391
2021-09-30,"Johnson&Johnson, Moderna, Oxford/AstraZeneca, Pfizer/BioNTech",6101188,5983440,12084628
2021-10-01,"Johnson&Johnson, Moderna, Oxford/AstraZeneca, Pfizer/BioNTech",6105501,5991432,12096933
2021-10-02,"Johnson&Johnson, Moderna, Oxford/AstraZeneca, Pfizer/BioNTech",6106566,5992979,12099545
2021-10-03,"Johnson&Johnson, Moderna, Oxford/AstraZeneca, Pfizer/BioNTech",6107291,5993854,12101145
2021-10-04,"Johnson&Johnson, Moderna, Oxford/AstraZeneca, Pfizer/BioNTech",6110373,5999436,12109809
2021-10-05,"Johnson&Johnson, Moderna, Oxford/AstraZeneca, Pfizer/BioNTech",6113538,6004526,12118064
2021-10-06,"Johnson&Johnson, Moderna, Oxford/AstraZeneca, Pfizer/BioNTech",6117063,6009707,12126770
2021-10-07,"Johnson&Johnson, Moderna, Oxford/AstraZeneca, Pfizer/BioNTech",6120347,6014970,12135317
2021-10-08,"Johnson&Johnson, Moderna, Oxford/AstraZeneca, Pfizer/BioNTech",6125145,6021622,12146767
2021-10-09,"Johnson&Johnson, Moderna, Oxford/AstraZeneca, Pfizer/BioNTech",6126389,6023291,12149680
2021-10-10,"Johnson&Johnson, Moderna, Oxford/AstraZeneca, Pfizer/BioNTech",6127335,6024129,12151464
2021-10-11,"Johnson&Johnson, Moderna, Oxford/AstraZeneca, Pfizer/BioNTech",6130265,6028553,12158818
2021-10-12,"Johnson&Johnson, Moderna, Oxford/AstraZeneca, Pfizer/BioNTech",6133206,6032557,12165763
2021-10-13,"Johnson&Johnson, Moderna, Oxford/AstraZeneca, Pfizer/BioNTech",6136741,6036752,12173493
2021-10-14,"Johnson&Johnson, Moderna, Oxford/AstraZeneca, Pfizer/BioNTech",6140415,6041705,12182120
2021-10-15,"Johnson&Johnson, Moderna, Oxford/AstraZeneca, Pfizer/BioNTech",6145648,6047858,12193506
2021-10-16,"Johnson&Johnson, Moderna, Oxford/AstraZeneca, Pfizer/BioNTech",6147062,6049388,12196450
2021-10-17,"Johnson&Johnson, Moderna, Pfizer/BioNTech",6148388,6050445,12198833
2021-10-18,"Johnson&Johnson, Moderna, Oxford/AstraZeneca, Pfizer/BioNTech",6152502,6054555,12207057
2021-10-19,"Johnson&Johnson, Moderna, Oxford/AstraZeneca, Pfizer/BioNTech",6156084,6056666,12212750
2021-10-20,"Johnson&Johnson, Moderna, Oxford/AstraZeneca, Pfizer/BioNTech",6160976,6061130,12222106
2021-10-21,"Johnson&Johnson, Moderna, Oxford/AstraZeneca, Pfizer/BioNTech",6168746,6066742,12235488
2021-10-22,"Johnson&Johnson, Moderna, Oxford/AstraZeneca, Pfizer/BioNTech",6179208,6073249,12252457
2021-10-23,"Johnson&Johnson, Moderna, Oxford/AstraZeneca, Pfizer/BioNTech",6182889,6075461,12258350
2021-10-24,"Johnson&Johnson, Moderna, Oxford/AstraZeneca, Pfizer/BioNTech",6185577,6077241,12262818
2021-10-25,"Johnson&Johnson, Moderna, Oxford/AstraZeneca, Pfizer/BioNTech",6196091,6083061,12279152
2021-10-26,"Johnson&Johnson, Moderna, Oxford/AstraZeneca, Pfizer/BioNTech",6208088,6089616,12297704
2021-10-27,"Johnson&Johnson, Moderna, Oxford/AstraZeneca, Pfizer/BioNTech",6222701,6097034,12319735
2021-10-28,"Johnson&Johnson, Moderna, Oxford/AstraZeneca, Pfizer/BioNTech",6226133,6098723,12324856
2021-10-29,"Johnson&Johnson, Moderna, Oxford/AstraZeneca, Pfizer/BioNTech",6240576,6106713,12347289
2021-10-30,"Johnson&Johnson, Moderna, Oxford/AstraZeneca, Pfizer/BioNTech",6245107,6109645,12354752
2021-10-31,"Johnson&Johnson, Moderna, Oxford/AstraZeneca, Pfizer/BioNTech",6248871,6112122,12360993
2021-11-01,"Johnson&Johnson, Moderna, Oxford/AstraZeneca, Pfizer/BioNTech",6264069,6119804,12383873
2021-11-02,"Johnson&Johnson, Moderna, Oxford/AstraZeneca, Pfizer/BioNTech",6279521,6127365,12406886
2021-11-03,"Johnson&Johnson, Moderna, Oxford/AstraZeneca, Pfizer/BioNTech",6296702,6134656,12431358
2021-11-04,"Johnson&Johnson, Moderna, Oxford/AstraZeneca, Pfizer/BioNTech",6315052,6142834,12457886
2021-11-05,"Johnson&Johnson, Moderna, Oxford/AstraZeneca, Pfizer/BioNTech",6337855,6154123,12491978
2021-11-06,"Johnson&Johnson, Moderna, Oxford/AstraZeneca, Pfizer/BioNTech",6344375,6157182,12501557
2021-11-07,"Johnson&Johnson, Moderna, Oxford/AstraZeneca, Pfizer/BioNTech",6348401,6159618,12508019
2021-11-08,"Johnson&Johnson, Moderna, Oxford/AstraZeneca, Pfizer/BioNTech",6364668,6167248,12531916
2021-11-09,"Johnson&Johnson, Moderna, Oxford/AstraZeneca, Pfizer/BioNTech",6379480,6174547,12554027
2021-11-10,"Johnson&Johnson, Moderna, Oxford/AstraZeneca, Pfizer/BioNTech",6395218,6181935,12577153
2021-11-11,"Johnson&Johnson, Moderna, Oxford/AstraZeneca, Pfizer/BioNTech",6410694,6191045,12601739
2021-11-12,"Johnson&Johnson, Moderna, Oxford/AstraZeneca, Pfizer/BioNTech",6430496,6203849,12634345
2021-11-13,"Johnson&Johnson, Moderna, Oxford/AstraZeneca, Pfizer/BioNTech",6435891,6207725,12643616
2021-11-14,"Johnson&Johnson, Moderna, Oxford/AstraZeneca, Pfizer/BioNTech",6439787,6210735,12650522
2021-11-15,"Johnson&Johnson, Moderna, Oxford/AstraZeneca, Pfizer/BioNTech",6454873,6221444,12676317
2021-11-16,"Johnson&Johnson, Moderna, Oxford/AstraZeneca, Pfizer/BioNTech",6472401,6233418,12705819
2021-11-17,"Johnson&Johnson, Moderna, Oxford/AstraZeneca, Pfizer/BioNTech",6476643,6236988,12713631
2021-11-18,"Johnson&Johnson, Moderna, Oxford/AstraZeneca, Pfizer/BioNTech",6496055,6248681,12744736
2021-11-19,"Johnson&Johnson, Moderna, Oxford/AstraZeneca, Pfizer/BioNTech",6520663,6265660,12786323
2021-11-20,"Johnson&Johnson, Moderna, Oxford/AstraZeneca, Pfizer/BioNTech",6529240,6270647,12799887
2021-11-21,"Johnson&Johnson, Moderna, Oxford/AstraZeneca, Pfizer/BioNTech",6536009,6274424,12810433
2021-11-22,"Johnson&Johnson, Moderna, Oxford/AstraZeneca, Pfizer/BioNTech",6554518,6288539,12843057
2021-11-23,"Johnson&Johnson, Moderna, Oxford/AstraZeneca, Pfizer/BioNTech",6573586,6301805,12875391
2021-11-24,"Johnson&Johnson, Moderna, Oxford/AstraZeneca, Pfizer/BioNTech",6592600,6317657,12910257
2021-11-25,"Johnson&Johnson, Moderna, Oxford/AstraZeneca, Pfizer/BioNTech",6611743,6332702,12944445
2021-11-26,"Johnson&Johnson, Moderna, Oxford/AstraZeneca, Pfizer/BioNTech",6633400,6351843,12985243
2021-11-27,"Johnson&Johnson, Moderna, Oxford/AstraZeneca, Pfizer/BioNTech",6640869,6357399,12998268
2021-11-28,"Johnson&Johnson, Moderna, Oxford/AstraZeneca, Pfizer/BioNTech",6644202,6360539,13004741
2021-11-29,"Johnson&Johnson, Moderna, Oxford/AstraZeneca, Pfizer/BioNTech",6659410,6374202,13033612
2021-11-30,"Johnson&Johnson, Moderna, Oxford/AstraZeneca, Pfizer/BioNTech",6672611,6385434,13058045
2021-12-01,"Johnson&Johnson, Moderna, Oxford/AstraZeneca, Pfizer/BioNTech",6686649,6397893,13084542
2021-12-02,"Johnson&Johnson, Moderna, Oxford/AstraZeneca, Pfizer/BioNTech",6697292,6410389,13107681
2021-12-03,"Johnson&Johnson, Moderna, Oxford/AstraZeneca, Pfizer/BioNTech",6706931,6425971,13132902
2021-12-04,"Johnson&Johnson, Moderna, Pfizer/BioNTech",6709488,6429929,13139417
2021-12-05,"Johnson&Johnson, Moderna, Oxford/AstraZeneca, Pfizer/BioNTech",6710849,6432274,13143123
2021-12-06,"Johnson&Johnson, Moderna, Oxford/AstraZeneca, Pfizer/BioNTech",6718997,6443800,13162797
2021-12-07,"Johnson&Johnson, Moderna, Oxford/AstraZeneca, Pfizer/BioNTech",6726888,6455810,13182698
2021-12-08,"Johnson&Johnson, Moderna, Oxford/AstraZeneca, Pfizer/BioNTech",6735134,6461739,13196873
2021-12-09,"Johnson&Johnson, Moderna, Oxford/AstraZeneca, Pfizer/BioNTech",6742255,6474564,13216819
2021-12-10,"Johnson&Johnson, Moderna, Oxford/AstraZeneca, Pfizer/BioNTech",6749185,6492366,13241551
2021-12-11,"Johnson&Johnson, Moderna, Oxford/AstraZeneca, Pfizer/BioNTech",6750840,6497634,13248474
2021-12-12,"Johnson&Johnson, Moderna, Oxford/AstraZeneca, Pfizer/BioNTech",6752151,6502068,13254219
2021-12-13,"Johnson&Johnson, Moderna, Oxford/AstraZeneca, Pfizer/BioNTech",6758506,6515380,13273886
2021-12-14,"Johnson&Johnson, Moderna, Oxford/AstraZeneca, Pfizer/BioNTech",6764716,6529050,13293766
2021-12-15,"Johnson&Johnson, Moderna, Oxford/AstraZeneca, Pfizer/BioNTech",6770923,6542648,13313571
2021-12-16,"Johnson&Johnson, Moderna, Oxford/AstraZeneca, Pfizer/BioNTech",6777865,6557482,13335347
2021-12-17,"Johnson&Johnson, Moderna, Oxford/AstraZeneca, Pfizer/BioNTech",6786229,6574749,13360978
2021-12-18,"Johnson&Johnson, Moderna, Oxford/AstraZeneca, Pfizer/BioNTech",6788840,6580202,13369042
2021-12-19,"Johnson&Johnson, Moderna, Pfizer/BioNTech",6790612,6582706,13373318
2021-12-20,"Johnson&Johnson, Moderna, Oxford/AstraZeneca, Pfizer/BioNTech",6796469,6596768,13393237
2021-12-21,"Johnson&Johnson, Moderna, Oxford/AstraZeneca, Pfizer/BioNTech",6803131,6608764,13411895
2021-12-22,"Johnson&Johnson, Moderna, Oxford/AstraZeneca, Pfizer/BioNTech",6808177,6621822,13429999
2021-12-23,"Johnson&Johnson, Moderna, Oxford/AstraZeneca, Pfizer/BioNTech",6811051,6627426,13438477
2021-12-24,"Johnson&Johnson, Moderna, Oxford/AstraZeneca, Pfizer/BioNTech",6811097,6627529,13438626
2021-12-25,"Moderna, Pfizer/BioNTech",6811098,6627537,13438635
2021-12-26,"Moderna, Pfizer/BioNTech",6811200,6627740,13438940
2021-12-27,"Johnson&Johnson, Moderna, Pfizer/BioNTech",6815068,6637485,13452553
2021-12-28,"Johnson&Johnson, Moderna, Oxford/AstraZeneca, Pfizer/BioNTech",6820308,6645482,13465790
2021-12-29,"Johnson&Johnson, Moderna, Oxford/AstraZeneca, Pfizer/BioNTech",6824590,6653202,13477792
2021-12-30,"Johnson&Johnson, Moderna, Pfizer/BioNTech",6828890,6658635,13487525
2021-12-31,"Johnson&Johnson, Moderna, Pfizer/BioNTech",6829400,6660059,13489459
2022-01-01,"Moderna, Pfizer/BioNTech",6829406,6660077,13489483
2022-01-02,"Johnson&Johnson, Moderna, Pfizer/BioNTech",6830262,6661454,13491716
2022-01-03,"Johnson&Johnson, Moderna, Oxford/AstraZeneca, Pfizer/BioNTech",6834399,6670362,13504761
2022-01-04,"Johnson&Johnson, Moderna, Oxford/AstraZeneca, Pfizer/BioNTech",6839482,6678118,13517600
2022-01-05,"Johnson&Johnson, Moderna, Oxford/AstraZeneca, Pfizer/BioNTech",6845304,6686091,13531395
2022-01-06,"Johnson&Johnson, Moderna, Oxford/AstraZeneca, Pfizer/BioNTech",6851890,6694491,13546381
2022-01-07,"Johnson&Johnson, Moderna, Oxford/AstraZeneca, Pfizer/BioNTech",6859765,6704846,13564611
2022-01-08,"Johnson&Johnson, Moderna, Oxford/AstraZeneca, Pfizer/BioNTech",6862244,6707624,13569868
2022-01-09,"Johnson&Johnson, Moderna, Pfizer/BioNTech",6863327,6709319,13572646
2022-01-10,"Johnson&Johnson, Moderna, Oxford/AstraZeneca, Pfizer/BioNTech",6867835,6715511,13583346
2022-01-11,"Johnson&Johnson, Moderna, Oxford/AstraZeneca, Pfizer/BioNTech",6873280,6722267,13595547
2022-01-12,"Johnson&Johnson, Moderna, Oxford/AstraZeneca, Pfizer/BioNTech",6879237,6727910,13607147
2022-01-13,"Johnson&Johnson, Moderna, Oxford/AstraZeneca, Pfizer/BioNTech",6885126,6732686,13617812
2022-01-14,"Johnson&Johnson, Moderna, Oxford/AstraZeneca, Pfizer/BioNTech",6891428,6736317,13627745
2022-01-15,"Johnson&Johnson, Moderna, Oxford/AstraZeneca, Pfizer/BioNTech",6892704,6736973,13629677
2022-01-16,"Johnson&Johnson, Moderna, Oxford/AstraZeneca, Pfizer/BioNTech",6893394,6737410,13630804
2022-01-17,"Johnson&Johnson, Moderna, Oxford/AstraZeneca, Pfizer/BioNTech",6896950,6741366,13638316
2022-01-18,"Johnson&Johnson, Moderna, Oxford/AstraZeneca, Pfizer/BioNTech",6900798,6746316,13647114
2022-01-19,"Johnson&Johnson, Moderna, Oxford/AstraZeneca, Pfizer/BioNTech",6904867,6750248,13655115
2022-01-20,"Johnson&Johnson, Moderna, Oxford/AstraZeneca, Pfizer/BioNTech",6908459,6754704,13663163
2022-01-21,"Johnson&Johnson, Moderna, Oxford/AstraZeneca, Pfizer/BioNTech",6912450,6757232,13669682
2022-01-22,"Johnson&Johnson, Moderna, Pfizer/BioNTech",6913229,6757673,13670902
2022-01-23,"Johnson&Johnson, Moderna, Pfizer/BioNTech",6913790,6758307,13672097
2022-01-24,"Johnson&Johnson, Moderna, Oxford/AstraZeneca, Pfizer/BioNTech",6916062,6761742,13677804
2022-01-25,"Johnson&Johnson, Moderna, Oxford/AstraZeneca, Pfizer/BioNTech",6918418,6765736,13684154
2022-01-26,"Johnson&Johnson, Moderna, Oxford/AstraZeneca, Pfizer/BioNTech",6920803,6770304,13691107
2022-01-27,"Johnson&Johnson, Moderna, Oxford/AstraZeneca, Pfizer/BioNTech",6923122,6775116,13698238
2022-01-28,"Johnson&Johnson, Moderna, Oxford/AstraZeneca, Pfizer/BioNTech",6926038,6781278,13707316
2022-01-29,"Johnson&Johnson, Moderna, Oxford/AstraZeneca, Pfizer/BioNTech",6926640,6782929,13709569
2022-01-30,"Johnson&Johnson, Moderna, Pfizer/BioNTech",6926867,6783711,13710578
2022-01-31,"Johnson&Johnson, Moderna, Pfizer/BioNTech",6928408,6787636,13716044
2022-02-01,"Johnson&Johnson, Moderna, Pfizer/BioNTech",6930004,6791668,13721672
2022-02-02,"Johnson&Johnson, Moderna, Oxford/AstraZeneca, Pfizer/BioNTech",6931571,6796178,13727749
2022-02-03,"Johnson&Johnson, Moderna, Pfizer/BioNTech",6932951,6800663,13733614
2022-02-04,"Johnson&Johnson, Moderna, Pfizer/BioNTech",6934552,6805778,13740330
2022-02-05,"Johnson&Johnson, Moderna, Pfizer/BioNTech",6934725,6806388,13741113
2022-02-06,"Johnson&Johnson, Moderna, Pfizer/BioNTech",6934821,6806707,13741528
2022-02-07,"Johnson&Johnson, Moderna, Pfizer/BioNTech",6935523,6809917,13745440
2022-02-08,"Johnson&Johnson, Moderna, Pfizer/BioNTech",6936318,6813106,13749424
2022-02-09,"Johnson&Johnson, Moderna, Pfizer/BioNTech",6937141,6816479,13753620
2022-02-10,"Johnson&Johnson, Moderna, Pfizer/BioNTech",6937941,6819604,13757545
2022-02-11,"Johnson&Johnson, Moderna, Pfizer/BioNTech",6938895,6823518,13762413
2022-02-12,"Johnson&Johnson, Moderna, Pfizer/BioNTech",6939005,6823937,13762942
2022-02-13,"Johnson&Johnson, Moderna, Pfizer/BioNTech",6939042,6824374,13763416
2022-02-14,"Johnson&Johnson, Moderna, Pfizer/BioNTech",6939500,6826485,13765985
2022-02-15,"Johnson&Johnson, Moderna, Pfizer/BioNTech",6940053,6828695,13768748
2022-02-16,"Johnson&Johnson, Moderna, Pfizer/BioNTech",6940644,6830794,13771438
2022-02-17,"Johnson&Johnson, Moderna, Pfizer/BioNTech",6941238,6833136,13774374
2022-02-18,"Johnson&Johnson, Moderna, Oxford/AstraZeneca, Pfizer/BioNTech",6941880,6836189,13778069
2022-02-19,"Johnson&Johnson, Moderna, Pfizer/BioNTech",6941959,6836470,13778429
2022-02-20,"Johnson&Johnson, Moderna, Pfizer/BioNTech",6941995,6836619,13778614
2022-02-21,"Johnson&Johnson, Moderna, Pfizer/BioNTech",6942359,6838317,13780676
2022-02-22,"Johnson&Johnson, Moderna, Oxford/AstraZeneca, Pfizer/BioNTech",6942751,6840006,13782757
2022-02-23,"Johnson&Johnson, Moderna, Pfizer/BioNTech",6943207,6841649,13784856
2022-02-24,"Johnson&Johnson, Moderna, Pfizer/BioNTech",6943615,6843280,13786895
2022-02-25,"Johnson&Johnson, Moderna, Pfizer/BioNTech",6944198,6845364,13789562
2022-02-26,"Johnson&Johnson, Moderna, Pfizer/BioNTech",6944259,6845525,13789784
2022-02-27,"Johnson&Johnson, Moderna, Pfizer/BioNTech",6944289,6845601,13789890
2022-02-28,"Johnson&Johnson, Moderna, Pfizer/BioNTech",6944535,6846578,13791113
2022-03-01,"Johnson&Johnson, Moderna, Pfizer/BioNTech",6944840,6847362,13792202
2022-03-02,"Johnson&Johnson, Moderna, Novavax, Pfizer/BioNTech",6945212,6848269,13793481
2022-03-03,"Johnson&Johnson, Moderna, Novavax, Pfizer/BioNTech",6945547,6849212,13794759
2022-03-04,"Johnson&Johnson, Moderna, Novavax, Pfizer/BioNTech",6946174,6850433,13796607
2022-03-05,"Johnson&Johnson, Moderna, Novavax, Pfizer/BioNTech",6946255,6850524,13796779
2022-03-06,"Moderna, Novavax, Pfizer/BioNTech",6946268,6850542,13796810
2022-03-07,"Johnson&Johnson, Moderna, Novavax, Pfizer/BioNTech",6946603,6851100,13797703
2022-03-08,"Johnson&Johnson, Moderna, Novavax, Pfizer/BioNTech",6946938,6851642,13798580
2022-03-09,"Johnson&Johnson, Moderna, Novavax, Pfizer/BioNTech",6947327,6852230,13799557
2022-03-10,"Johnson&Johnson, Moderna, Novavax, Pfizer/BioNTech",6947738,6852901,13800639
2022-03-11,"Johnson&Johnson, Moderna, Novavax, Pfizer/BioNTech",6948488,6853811,13802299
2022-03-12,"Johnson&Johnson, Moderna, Novavax, Pfizer/BioNTech",6948556,6853916,13802472
2022-03-13,"Johnson&Johnson, Moderna, Novavax, Pfizer/BioNTech",6948569,6853934,13802503
2022-03-14,"Johnson&Johnson, Moderna, Novavax, Pfizer/BioNTech",6948836,6854316,13803152
2022-03-15,"Johnson&Johnson, Moderna, Novavax, Pfizer/BioNTech",6949120,6854752,13803872
2022-03-16,"Johnson&Johnson, Moderna, Novavax, Pfizer/BioNTech",6949438,6855294,13804732
2022-03-17,"Johnson&Johnson, Moderna, Novavax, Oxford/AstraZeneca, Pfizer/BioNTech",6949734,6855727,13805461
2022-03-18,"Johnson&Johnson, Moderna, Novavax, Pfizer/BioNTech",6950431,6856522,13806953
2022-03-19,"Moderna, Novavax, Pfizer/BioNTech",6950487,6856567,13807054
2022-03-20,"Moderna, Novavax, Pfizer/BioNTech",6950505,6856579,13807084
2022-03-21,"Johnson&Johnson, Moderna, Novavax, Pfizer/BioNTech",6950693,6856906,13807599
2022-03-22,"Johnson&Johnson, Moderna, Novavax, Pfizer/BioNTech",6950934,6857302,13808236
2022-03-23,"Johnson&Johnson, Moderna, Novavax, Pfizer/BioNTech",6951271,6857740,13809011
2022-03-24,"Johnson&Johnson, Moderna, Novavax, Pfizer/BioNTech",6951582,6858213,13809795
2022-03-25,"Johnson&Johnson, Moderna, Novavax, Pfizer/BioNTech",6952077,6859015,13811092
2022-03-26,"Johnson&Johnson, Moderna, Novavax, Pfizer/BioNTech",6952129,6859093,13811222
2022-03-27,"Moderna, Novavax, Pfizer/BioNTech",6952145,6859110,13811255
2022-03-28,"Johnson&Johnson, Moderna, Novavax, Pfizer/BioNTech",6952300,6859489,13811789
2022-03-29,"Johnson&Johnson, Moderna, Novavax, Pfizer/BioNTech",6952562,6859895,13812457
2022-03-30,"Johnson&Johnson, Moderna, Novavax, Pfizer/BioNTech",6952867,6860388,13813255
2022-03-31,"Johnson&Johnson, Moderna, Novavax, Pfizer/BioNTech",6953165,6860880,13814045
2022-04-01,"Johnson&Johnson, Moderna, Novavax, Pfizer/BioNTech",6953775,6861639,13815414
2022-04-02,"Moderna, Novavax, Pfizer/BioNTech",6953830,6861723,13815553
2022-04-03,"Moderna, Novavax, Pfizer/BioNTech",6953842,6861752,13815594
2022-04-04,"Johnson&Johnson, Moderna, Novavax, Pfizer/BioNTech",6954019,6862033,13816052
2022-04-05,"Johnson&Johnson, Moderna, Novavax, Pfizer/BioNTech",6954211,6862269,13816480
2022-04-06,"Johnson&Johnson, Moderna, Novavax, Pfizer/BioNTech",6954428,6862615,13817043
2022-04-07,"Johnson&Johnson, Moderna, Novavax, Pfizer/BioNTech",6954650,6863033,13817683
2022-04-08,"Johnson&Johnson, Moderna, Novavax, Pfizer/BioNTech",6955104,6863755,13818859
2022-04-09,"Johnson&Johnson, Moderna, Novavax, Pfizer/BioNTech",6955163,6863827,13818990
2022-04-10,"Moderna, Novavax, Pfizer/BioNTech",6955175,6863836,13819011
2022-04-11,"Johnson&Johnson, Moderna, Novavax, Pfizer/BioNTech",6955336,6864067,13819403
2022-04-12,"Johnson&Johnson, Moderna, Novavax, Pfizer/BioNTech",6955583,6864365,13819948
2022-04-13,"Johnson&Johnson, Moderna, Novavax, Pfizer/BioNTech",6955823,6864719,13820542
2022-04-14,"Johnson&Johnson, Moderna, Novavax, Pfizer/BioNTech",6956083,6865104,13821187
2022-04-15,"Moderna, Novavax, Pfizer/BioNTech",6956098,6865131,13821229
2022-04-16,"Johnson&Johnson, Moderna, Novavax, Pfizer/BioNTech",6956118,6865165,13821283
2022-04-17,"Moderna, Novavax, Pfizer/BioNTech",6956119,6865166,13821285
2022-04-18,"Moderna, Novavax, Pfizer/BioNTech",6956133,6865183,13821316
2022-04-19,"Johnson&Johnson, Moderna, Novavax, Pfizer/BioNTech",6956271,6865521,13821792
2022-04-20,"Johnson&Johnson, Moderna, Novavax, Pfizer/BioNTech",6956493,6865911,13822404
2022-04-21,"Johnson&Johnson, Moderna, Novavax, Pfizer/BioNTech",6956708,6866335,13823043
2022-04-22,"Johnson&Johnson, Moderna, Novavax, Pfizer/BioNTech",6957172,6867161,13824333
2022-04-23,"Moderna, Novavax, Pfizer/BioNTech",6957203,6867240,13824443
2022-04-24,"Moderna, Novavax, Pfizer/BioNTech",6957208,6867251,13824459
2022-04-25,"Johnson&Johnson, Moderna, Novavax, Pfizer/BioNTech",6957361,6867459,13824820
2022-04-26,"Johnson&Johnson, Moderna, Novavax, Pfizer/BioNTech",6957500,6867723,13825223
2022-04-27,"Johnson&Johnson, Moderna, Novavax, Pfizer/BioNTech",6957764,6868053,13825817
2022-04-28,"Johnson&Johnson, Moderna, Novavax, Pfizer/BioNTech",6957959,6868341,13826300
2022-04-29,"Johnson&Johnson, Moderna, Novavax, Pfizer/BioNTech",6958389,6868930,13827319
2022-04-30,"Moderna, Novavax, Pfizer/BioNTech",6958429,6868996,13827425
2022-05-01,"Moderna, Novavax, Pfizer/BioNTech",6958434,6869004,13827438
2022-05-02,"Johnson&Johnson, Moderna, Novavax, Pfizer/BioNTech",6958551,6869184,13827735
2022-05-03,"Johnson&Johnson, Moderna, Novavax, Pfizer/BioNTech",6958703,6869440,13828143
2022-05-04,"Johnson&Johnson, Moderna, Novavax, Pfizer/BioNTech",6958905,6869715,13828620
2022-05-05,"Johnson&Johnson, Moderna, Novavax, Pfizer/BioNTech",6959109,6870004,13829113
2022-05-06,"Johnson&Johnson, Moderna, Novavax, Pfizer/BioNTech",6959478,6870343,13829821
2022-05-07,"Moderna, Novavax, Pfizer/BioNTech",6959505,6870369,13829874
2022-05-08,"Moderna, Pfizer/BioNTech",6959506,6870377,13829883
2022-05-09,"Johnson&Johnson, Moderna, Novavax, Pfizer/BioNTech",6959606,6870466,13830072
2022-05-10,"Johnson&Johnson, Moderna, Novavax, Pfizer/BioNTech",6959752,6870702,13830454
2022-05-11,"Johnson&Johnson, Moderna, Novavax, Oxford/AstraZeneca, Pfizer/BioNTech",6959972,6870968,13830940
2022-05-12,"Johnson&Johnson, Moderna, Novavax, Pfizer/BioNTech",6960168,6871242,13831410
2022-05-13,"Johnson&Johnson, Moderna, Novavax, Pfizer/BioNTech",6960500,6871739,13832239
2022-05-14,"Johnson&Johnson, Moderna, Novavax, Pfizer/BioNTech",6960541,6871779,13832320
2022-05-15,"Johnson&Johnson, Moderna, Novavax, Pfizer/BioNTech",6960554,6871790,13832344
2022-05-16,"Johnson&Johnson, Moderna, Novavax, Pfizer/BioNTech",6960656,6871909,13832565
2022-05-17,"Johnson&Johnson, Moderna, Novavax, Pfizer/BioNTech",6960798,6872063,13832861
2022-05-18,"Johnson&Johnson, Moderna, Novavax, Pfizer/BioNTech",6961027,6872392,13833419
2022-05-19,"Johnson&Johnson, Moderna, Novavax, Pfizer/BioNTech",6961211,6872642,13833853
2022-05-20,"Johnson&Johnson, Moderna, Novavax, Pfizer/BioNTech",6961505,6873190,13834695
2022-05-21,"Johnson&Johnson, Moderna, Novavax, Pfizer/BioNTech",6961546,6873219,13834765
2022-05-22,"Moderna, Pfizer/BioNTech",6961554,6873225,13834779
2022-05-23,"Johnson&Johnson, Moderna, Novavax, Pfizer/BioNTech",6961666,6873376,13835042
2022-05-24,"Johnson&Johnson, Moderna, Novavax, Pfizer/BioNTech",6961794,6873545,13835339
2022-05-25,"Johnson&Johnson, Moderna, Novavax, Oxford/AstraZeneca, Pfizer/BioNTech",6961960,6873791,13835751
2022-05-26,"Johnson&Johnson, Moderna, Novavax, Pfizer/BioNTech",6962116,6874016,13836132
2022-05-27,"Johnson&Johnson, Moderna, Novavax, Pfizer/BioNTech",6962374,6874470,13836844
2022-05-28,"Moderna, Novavax, Pfizer/BioNTech",6962411,6874519,13836930
2022-05-29,"Moderna, Novavax, Pfizer/BioNTech",6962420,6874523,13836943
2022-05-30,"Johnson&Johnson, Moderna, Novavax, Pfizer/BioNTech",6962494,6874665,13837159
