date,vaccine,people_vaccinated,people_fully_vaccinated,total_vaccinations
2020-12-27,Pfizer/BioNTech,1288,0,1288
2020-12-28,Pfizer/BioNTech,3591,0,3591
2020-12-29,Pfizer/BioNTech,7063,1,7064
2020-12-30,Pfizer/BioNTech,10580,1,10581
2020-12-31,Pfizer/BioNTech,11891,1,11892
2021-01-01,"Moderna, Pfizer/BioNTech",12160,1,12161
2021-01-02,"Moderna, Pfizer/BioNTech",13442,2,13444
2021-01-03,"Moderna, Pfizer/BioNTech",14369,2,14371
2021-01-04,"Moderna, Pfizer/BioNTech",17980,2,17982
2021-01-05,"Moderna, Pfizer/BioNTech",22505,3,22508
2021-01-06,"Moderna, Pfizer/BioNTech",28351,4,28355
2021-01-07,"Moderna, Pfizer/BioNTech",36349,4,36353
2021-01-08,"Moderna, Pfizer/BioNTech",46400,5,46405
2021-01-09,"Moderna, Pfizer/BioNTech",48427,7,48434
2021-01-10,Pfizer/BioNTech,50198,9,50207
2021-01-11,"Moderna, Pfizer/BioNTech",60053,11,60064
2021-01-12,"Moderna, Pfizer/BioNTech",73509,13,73522
2021-01-13,"Moderna, Pfizer/BioNTech",87054,13,87067
2021-01-14,"Moderna, Pfizer/BioNTech",102307,17,102324
2021-01-15,"Moderna, Pfizer/BioNTech",116329,18,116347
2021-01-16,"Moderna, Pfizer/BioNTech",119733,22,119755
2021-01-17,"Moderna, Pfizer/BioNTech",122354,658,123012
2021-01-18,"Moderna, Pfizer/BioNTech",134848,2485,137333
2021-01-19,"Moderna, Pfizer/BioNTech",147461,5214,152675
2021-01-20,"Moderna, Pfizer/BioNTech",161159,7878,169037
2021-01-21,"Moderna, Pfizer/BioNTech",176813,9620,186433
2021-01-22,"Moderna, Pfizer/BioNTech",191706,10664,202370
2021-01-23,"Moderna, Pfizer/BioNTech",195025,11541,206566
2021-01-24,"Moderna, Pfizer/BioNTech",197281,12412,209693
2021-01-25,"Moderna, Pfizer/BioNTech",206936,15384,222320
2021-01-26,"Moderna, Pfizer/BioNTech",217483,19376,236859
2021-01-27,"Moderna, Pfizer/BioNTech",226515,23911,250426
2021-01-28,"Moderna, Pfizer/BioNTech",233621,30043,263664
2021-01-29,"Moderna, Pfizer/BioNTech",239836,37950,277786
2021-01-30,"Moderna, Pfizer/BioNTech",240577,39038,279615
2021-01-31,"Moderna, Pfizer/BioNTech",241296,40220,281516
2021-02-01,"Moderna, Pfizer/BioNTech",245279,48188,293467
2021-02-02,"Moderna, Pfizer/BioNTech",249432,58428,307860
2021-02-03,"Moderna, Pfizer/BioNTech",253859,69448,323307
2021-02-04,"Moderna, Pfizer/BioNTech",258765,82442,341207
2021-02-05,"Moderna, Pfizer/BioNTech",264241,93118,357359
2021-02-06,"Moderna, Oxford/AstraZeneca, Pfizer/BioNTech",265100,95483,360583
2021-02-07,"Moderna, Oxford/AstraZeneca, Pfizer/BioNTech",265951,97983,363934
2021-02-08,"Moderna, Oxford/AstraZeneca, Pfizer/BioNTech",270046,109413,379459
2021-02-09,"Moderna, Oxford/AstraZeneca, Pfizer/BioNTech",275154,121329,396483
2021-02-10,"Moderna, Oxford/AstraZeneca, Pfizer/BioNTech",280673,134590,415263
2021-02-11,"Moderna, Oxford/AstraZeneca, Pfizer/BioNTech",287016,150810,437826
2021-02-12,"Moderna, Oxford/AstraZeneca, Pfizer/BioNTech",293846,165559,459405
2021-02-13,"Moderna, Oxford/AstraZeneca, Pfizer/BioNTech",295464,168547,464011
2021-02-14,"Moderna, Oxford/AstraZeneca, Pfizer/BioNTech",296470,169933,466403
2021-02-15,"Moderna, Oxford/AstraZeneca, Pfizer/BioNTech",302869,179304,482173
2021-02-16,"Moderna, Oxford/AstraZeneca, Pfizer/BioNTech",311590,188385,499975
2021-02-17,"Moderna, Oxford/AstraZeneca, Pfizer/BioNTech",321293,196696,517989
2021-02-18,"Moderna, Oxford/AstraZeneca, Pfizer/BioNTech",333623,204779,538402
2021-02-19,"Moderna, Oxford/AstraZeneca, Pfizer/BioNTech",345489,212155,557644
2021-02-20,"Moderna, Oxford/AstraZeneca, Pfizer/BioNTech",347499,213341,560840
2021-02-21,"Moderna, Oxford/AstraZeneca, Pfizer/BioNTech",348636,214367,563003
2021-02-22,"Moderna, Oxford/AstraZeneca, Pfizer/BioNTech",358763,220405,579168
2021-02-23,"Moderna, Oxford/AstraZeneca, Pfizer/BioNTech",371728,227396,599124
2021-02-24,"Moderna, Oxford/AstraZeneca, Pfizer/BioNTech",385613,233439,619052
2021-02-25,"Moderna, Oxford/AstraZeneca, Pfizer/BioNTech",403597,238991,642588
2021-02-26,"Moderna, Oxford/AstraZeneca, Pfizer/BioNTech",419780,244351,664131
2021-02-27,"Moderna, Oxford/AstraZeneca, Pfizer/BioNTech",422789,244911,667700
2021-02-28,"Moderna, Oxford/AstraZeneca, Pfizer/BioNTech",425147,245462,670609
2021-03-01,"Moderna, Oxford/AstraZeneca, Pfizer/BioNTech",444747,248912,693659
2021-03-02,"Moderna, Oxford/AstraZeneca, Pfizer/BioNTech",471975,252462,724437
2021-03-03,"Moderna, Oxford/AstraZeneca, Pfizer/BioNTech",502932,256973,759905
2021-03-04,"Moderna, Oxford/AstraZeneca, Pfizer/BioNTech",536219,261663,797882
2021-03-05,"Johnson&Johnson, Moderna, Oxford/AstraZeneca, Pfizer/BioNTech",565063,267092,832155
2021-03-06,"Johnson&Johnson, Moderna, Oxford/AstraZeneca, Pfizer/BioNTech",577223,267958,845181
2021-03-07,"Johnson&Johnson, Moderna, Oxford/AstraZeneca, Pfizer/BioNTech",588772,268801,857573
2021-03-08,"Johnson&Johnson, Moderna, Oxford/AstraZeneca, Pfizer/BioNTech",618523,273664,892187
2021-03-09,"Johnson&Johnson, Moderna, Oxford/AstraZeneca, Pfizer/BioNTech",654896,280052,934948
2021-03-10,"Johnson&Johnson, Moderna, Oxford/AstraZeneca, Pfizer/BioNTech",696231,287013,983244
2021-03-11,"Johnson&Johnson, Moderna, Oxford/AstraZeneca, Pfizer/BioNTech",741092,295389,1036481
2021-03-12,"Johnson&Johnson, Moderna, Oxford/AstraZeneca, Pfizer/BioNTech",779857,303889,1083746
2021-03-13,"Johnson&Johnson, Moderna, Oxford/AstraZeneca, Pfizer/BioNTech",796968,305204,1102172
2021-03-14,"Johnson&Johnson, Moderna, Oxford/AstraZeneca, Pfizer/BioNTech",809087,306360,1115447
2021-03-15,"Johnson&Johnson, Moderna, Oxford/AstraZeneca, Pfizer/BioNTech",837485,315142,1152627
2021-03-16,"Johnson&Johnson, Moderna, Oxford/AstraZeneca, Pfizer/BioNTech",876383,325679,1202062
2021-03-17,"Moderna, Oxford/AstraZeneca, Pfizer/BioNTech",913872,336194,1250066
2021-03-18,"Johnson&Johnson, Moderna, Oxford/AstraZeneca, Pfizer/BioNTech",951880,348620,1300500
2021-03-19,"Johnson&Johnson, Moderna, Oxford/AstraZeneca, Pfizer/BioNTech",986401,362235,1348636
2021-03-20,"Johnson&Johnson, Moderna, Oxford/AstraZeneca, Pfizer/BioNTech",1001585,364265,1365850
2021-03-21,"Johnson&Johnson, Moderna, Oxford/AstraZeneca, Pfizer/BioNTech",1009032,365825,1374857
2021-03-22,"Johnson&Johnson, Moderna, Oxford/AstraZeneca, Pfizer/BioNTech",1033611,378328,1411939
2021-03-23,"Johnson&Johnson, Moderna, Oxford/AstraZeneca, Pfizer/BioNTech",1060287,391695,1451982
2021-03-24,"Johnson&Johnson, Moderna, Oxford/AstraZeneca, Pfizer/BioNTech",1087182,407440,1494622
2021-03-25,"Johnson&Johnson, Moderna, Oxford/AstraZeneca, Pfizer/BioNTech",1113542,425296,1538838
2021-03-26,"Johnson&Johnson, Moderna, Oxford/AstraZeneca, Pfizer/BioNTech",1138385,442810,1581195
2021-03-27,"Johnson&Johnson, Moderna, Oxford/AstraZeneca, Pfizer/BioNTech",1146847,447656,1594503
2021-03-28,"Moderna, Oxford/AstraZeneca, Pfizer/BioNTech",1152395,451804,1604199
2021-03-29,"Johnson&Johnson, Moderna, Oxford/AstraZeneca, Pfizer/BioNTech",1171555,472542,1644097
2021-03-30,"Johnson&Johnson, Moderna, Oxford/AstraZeneca, Pfizer/BioNTech",1196266,494730,1690996
2021-03-31,"Johnson&Johnson, Moderna, Oxford/AstraZeneca, Pfizer/BioNTech",1219422,521799,1741221
2021-04-01,"Johnson&Johnson, Moderna, Oxford/AstraZeneca, Pfizer/BioNTech",1245108,553858,1798966
2021-04-02,"Johnson&Johnson, Moderna, Oxford/AstraZeneca, Pfizer/BioNTech",1252092,566656,1818748
2021-04-03,"Johnson&Johnson, Moderna, Oxford/AstraZeneca, Pfizer/BioNTech",1255746,577588,1833334
2021-04-04,"Johnson&Johnson, Moderna, Oxford/AstraZeneca, Pfizer/BioNTech",1258290,586512,1844802
2021-04-05,"Johnson&Johnson, Moderna, Oxford/AstraZeneca, Pfizer/BioNTech",1260723,593718,1854441
2021-04-06,"Johnson&Johnson, Moderna, Oxford/AstraZeneca, Pfizer/BioNTech",1276940,622993,1899933
2021-04-07,"Johnson&Johnson, Moderna, Oxford/AstraZeneca, Pfizer/BioNTech",1300445,645236,1945681
2021-04-08,"Johnson&Johnson, Moderna, Oxford/AstraZeneca, Pfizer/BioNTech",1339262,676285,2015547
2021-04-09,"Johnson&Johnson, Moderna, Oxford/AstraZeneca, Pfizer/BioNTech",1378861,706487,2085348
2021-04-10,"Johnson&Johnson, Moderna, Oxford/AstraZeneca, Pfizer/BioNTech",1394429,721800,2116229
2021-04-11,"Johnson&Johnson, Moderna, Oxford/AstraZeneca, Pfizer/BioNTech",1404224,731856,2136080
2021-04-12,"Johnson&Johnson, Moderna, Oxford/AstraZeneca, Pfizer/BioNTech",1442547,757002,2199549
2021-04-13,"Moderna, Oxford/AstraZeneca, Pfizer/BioNTech",1478854,783045,2261899
2021-04-14,"Moderna, Oxford/AstraZeneca, Pfizer/BioNTech",1517743,810422,2328165
2021-04-15,"Moderna, Oxford/AstraZeneca, Pfizer/BioNTech",1565579,836203,2401782
2021-04-16,"Moderna, Oxford/AstraZeneca, Pfizer/BioNTech",1610295,861886,2472181
2021-04-17,"Moderna, Oxford/AstraZeneca, Pfizer/BioNTech",1627021,870913,2497934
2021-04-18,"Moderna, Oxford/AstraZeneca, Pfizer/BioNTech",1640021,875899,2515920
2021-04-19,"Johnson&Johnson, Moderna, Oxford/AstraZeneca, Pfizer/BioNTech",1683996,891343,2575339
2021-04-20,"Johnson&Johnson, Moderna, Oxford/AstraZeneca, Pfizer/BioNTech",1726584,907232,2633816
2021-04-21,"Moderna, Oxford/AstraZeneca, Pfizer/BioNTech",1774352,921602,2695954
2021-04-22,"Johnson&Johnson, Moderna, Oxford/AstraZeneca, Pfizer/BioNTech",1828883,939002,2767885
2021-04-23,"Johnson&Johnson, Moderna, Oxford/AstraZeneca, Pfizer/BioNTech",1878897,951069,2829966
2021-04-24,"Johnson&Johnson, Moderna, Oxford/AstraZeneca, Pfizer/BioNTech",1896775,956336,2853111
2021-04-25,"Johnson&Johnson, Moderna, Oxford/AstraZeneca, Pfizer/BioNTech",1911489,960340,2871829
2021-04-26,"Johnson&Johnson, Moderna, Oxford/AstraZeneca, Pfizer/BioNTech",1961103,967911,2929014
2021-04-27,"Johnson&Johnson, Moderna, Oxford/AstraZeneca, Pfizer/BioNTech",2010092,980166,2990258
2021-04-28,"Johnson&Johnson, Moderna, Oxford/AstraZeneca, Pfizer/BioNTech",2068876,994192,3063068
2021-04-29,"Johnson&Johnson, Moderna, Oxford/AstraZeneca, Pfizer/BioNTech",2134496,1010113,3144609
2021-04-30,"Johnson&Johnson, Moderna, Oxford/AstraZeneca, Pfizer/BioNTech",2196792,1020110,3216902
2021-05-01,"Johnson&Johnson, Moderna, Oxford/AstraZeneca, Pfizer/BioNTech",2216184,1023575,3239759
2021-05-02,"Johnson&Johnson, Moderna, Oxford/AstraZeneca, Pfizer/BioNTech",2235138,1025866,3261004
2021-05-03,"Johnson&Johnson, Moderna, Oxford/AstraZeneca, Pfizer/BioNTech",2302418,1030951,3333369
2021-05-04,"Johnson&Johnson, Moderna, Oxford/AstraZeneca, Pfizer/BioNTech",2368982,1039323,3408305
2021-05-05,"Johnson&Johnson, Moderna, Oxford/AstraZeneca, Pfizer/BioNTech",2442196,1048773,3490969
2021-05-06,"Johnson&Johnson, Moderna, Oxford/AstraZeneca, Pfizer/BioNTech",2522645,1059525,3582170
2021-05-07,"Johnson&Johnson, Moderna, Oxford/AstraZeneca, Pfizer/BioNTech",2599979,1069672,3669651
2021-05-08,"Johnson&Johnson, Moderna, Oxford/AstraZeneca, Pfizer/BioNTech",2629521,1071466,3700987
2021-05-09,"Johnson&Johnson, Moderna, Oxford/AstraZeneca, Pfizer/BioNTech",2653762,1072691,3726453
2021-05-10,"Johnson&Johnson, Moderna, Oxford/AstraZeneca, Pfizer/BioNTech",2726566,1079939,3806505
2021-05-11,"Johnson&Johnson, Moderna, Oxford/AstraZeneca, Pfizer/BioNTech",2802722,1088772,3891494
2021-05-12,"Johnson&Johnson, Moderna, Oxford/AstraZeneca, Pfizer/BioNTech",2882674,1097920,3980594
2021-05-13,"Johnson&Johnson, Moderna, Oxford/AstraZeneca, Pfizer/BioNTech",2966733,1107116,4073849
2021-05-14,"Johnson&Johnson, Moderna, Oxford/AstraZeneca, Pfizer/BioNTech",3046290,1114947,4161237
2021-05-15,"Johnson&Johnson, Moderna, Oxford/AstraZeneca, Pfizer/BioNTech",3078258,1117234,4195492
2021-05-16,"Johnson&Johnson, Moderna, Oxford/AstraZeneca, Pfizer/BioNTech",3104074,1118521,4222595
2021-05-17,"Johnson&Johnson, Moderna, Oxford/AstraZeneca, Pfizer/BioNTech",3176616,1125280,4301896
2021-05-18,"Johnson&Johnson, Moderna, Oxford/AstraZeneca, Pfizer/BioNTech",3248613,1138404,4387017
2021-05-19,"Johnson&Johnson, Moderna, Oxford/AstraZeneca, Pfizer/BioNTech",3326113,1153579,4479692
2021-05-20,"Johnson&Johnson, Moderna, Oxford/AstraZeneca, Pfizer/BioNTech",3401613,1180650,4582263
2021-05-21,"Johnson&Johnson, Moderna, Oxford/AstraZeneca, Pfizer/BioNTech",3470471,1208459,4678930
2021-05-22,"Johnson&Johnson, Moderna, Oxford/AstraZeneca, Pfizer/BioNTech",3502943,1219703,4722646
2021-05-23,"Johnson&Johnson, Moderna, Oxford/AstraZeneca, Pfizer/BioNTech",3525394,1228746,4754140
2021-05-24,"Johnson&Johnson, Moderna, Oxford/AstraZeneca, Pfizer/BioNTech",3572613,1262428,4835041
2021-05-25,"Johnson&Johnson, Moderna, Oxford/AstraZeneca, Pfizer/BioNTech",3624535,1298279,4922814
2021-05-26,"Johnson&Johnson, Moderna, Oxford/AstraZeneca, Pfizer/BioNTech",3692305,1335844,5028149
2021-05-27,"Johnson&Johnson, Moderna, Oxford/AstraZeneca, Pfizer/BioNTech",3753740,1383212,5136952
2021-05-28,"Johnson&Johnson, Moderna, Oxford/AstraZeneca, Pfizer/BioNTech",3815497,1429830,5245327
2021-05-29,"Johnson&Johnson, Moderna, Oxford/AstraZeneca, Pfizer/BioNTech",3844770,1446977,5291747
2021-05-30,"Johnson&Johnson, Moderna, Oxford/AstraZeneca, Pfizer/BioNTech",3867185,1461450,5328635
2021-05-31,"Johnson&Johnson, Moderna, Oxford/AstraZeneca, Pfizer/BioNTech",3922932,1508985,5431917
2021-06-01,"Johnson&Johnson, Moderna, Oxford/AstraZeneca, Pfizer/BioNTech",3982053,1557879,5539932
2021-06-02,"Johnson&Johnson, Moderna, Oxford/AstraZeneca, Pfizer/BioNTech",4045036,1611921,5656957
2021-06-03,"Johnson&Johnson, Moderna, Oxford/AstraZeneca, Pfizer/BioNTech",4103300,1672174,5775474
2021-06-04,"Johnson&Johnson, Moderna, Oxford/AstraZeneca, Pfizer/BioNTech",4166448,1729613,5896061
2021-06-05,"Johnson&Johnson, Moderna, Oxford/AstraZeneca, Pfizer/BioNTech",4200639,1748547,5949186
2021-06-06,"Johnson&Johnson, Moderna, Oxford/AstraZeneca, Pfizer/BioNTech",4227602,1763728,5991330
2021-06-07,"Johnson&Johnson, Moderna, Oxford/AstraZeneca, Pfizer/BioNTech",4291305,1819384,6110689
2021-06-08,"Johnson&Johnson, Moderna, Oxford/AstraZeneca, Pfizer/BioNTech",4355321,1874417,6229738
2021-06-09,"Johnson&Johnson, Moderna, Oxford/AstraZeneca, Pfizer/BioNTech",4414546,1939122,6353668
2021-06-10,"Johnson&Johnson, Moderna, Oxford/AstraZeneca, Pfizer/BioNTech",4468419,2010460,6478879
2021-06-11,"Johnson&Johnson, Moderna, Oxford/AstraZeneca, Pfizer/BioNTech",4520558,2080321,6600879
2021-06-12,"Johnson&Johnson, Moderna, Oxford/AstraZeneca, Pfizer/BioNTech",4552586,2101185,6653771
2021-06-13,"Johnson&Johnson, Moderna, Oxford/AstraZeneca, Pfizer/BioNTech",4576632,2119630,6696262
2021-06-14,"Johnson&Johnson, Moderna, Oxford/AstraZeneca, Pfizer/BioNTech",4619735,2194052,6813787
2021-06-15,"Johnson&Johnson, Moderna, Oxford/AstraZeneca, Pfizer/BioNTech",4664419,2266470,6930889
2021-06-16,"Johnson&Johnson, Moderna, Oxford/AstraZeneca, Pfizer/BioNTech",4707244,2344728,7051972
2021-06-17,"Johnson&Johnson, Moderna, Oxford/AstraZeneca, Pfizer/BioNTech",4746689,2427852,7174541
2021-06-18,"Johnson&Johnson, Moderna, Oxford/AstraZeneca, Pfizer/BioNTech",4789140,2508465,7297605
2021-06-19,"Johnson&Johnson, Moderna, Oxford/AstraZeneca, Pfizer/BioNTech",4810940,2537818,7348758
2021-06-20,"Johnson&Johnson, Moderna, Oxford/AstraZeneca, Pfizer/BioNTech",4828354,2561702,7390056
2021-06-21,"Johnson&Johnson, Moderna, Oxford/AstraZeneca, Pfizer/BioNTech",4860871,2640344,7501215
2021-06-22,"Johnson&Johnson, Moderna, Oxford/AstraZeneca, Pfizer/BioNTech",4893855,2722696,7616551
2021-06-23,"Johnson&Johnson, Moderna, Oxford/AstraZeneca, Pfizer/BioNTech",4925583,2807968,7733551
2021-06-24,"Johnson&Johnson, Moderna, Oxford/AstraZeneca, Pfizer/BioNTech",4955461,2898053,7853514
2021-06-25,"Johnson&Johnson, Moderna, Oxford/AstraZeneca, Pfizer/BioNTech",4986562,2984316,7970878
2021-06-26,"Johnson&Johnson, Moderna, Oxford/AstraZeneca, Pfizer/BioNTech",5002466,3019214,8021680
2021-06-27,"Johnson&Johnson, Moderna, Oxford/AstraZeneca, Pfizer/BioNTech",5016427,3045939,8062366
2021-06-28,"Johnson&Johnson, Moderna, Oxford/AstraZeneca, Pfizer/BioNTech",5044855,3131182,8176037
2021-06-29,"Johnson&Johnson, Moderna, Oxford/AstraZeneca, Pfizer/BioNTech",5074155,3217754,8291909
2021-06-30,"Johnson&Johnson, Moderna, Oxford/AstraZeneca, Pfizer/BioNTech",5101667,3308820,8410487
2021-07-01,"Johnson&Johnson, Moderna, Oxford/AstraZeneca, Pfizer/BioNTech",5125679,3398942,8524621
2021-07-02,"Johnson&Johnson, Moderna, Oxford/AstraZeneca, Pfizer/BioNTech",5152438,3484898,8637336
2021-07-03,"Johnson&Johnson, Moderna, Oxford/AstraZeneca, Pfizer/BioNTech",5159547,3516480,8676027
2021-07-04,"Johnson&Johnson, Moderna, Oxford/AstraZeneca, Pfizer/BioNTech",5167143,3538310,8705453
2021-07-05,"Johnson&Johnson, Moderna, Oxford/AstraZeneca, Pfizer/BioNTech",5174570,3563727,8738297
2021-07-06,"Johnson&Johnson, Moderna, Oxford/AstraZeneca, Pfizer/BioNTech",5180055,3591470,8771525
2021-07-07,"Johnson&Johnson, Moderna, Oxford/AstraZeneca, Pfizer/BioNTech",5205892,3670483,8876375
2021-07-08,"Johnson&Johnson, Moderna, Oxford/AstraZeneca, Pfizer/BioNTech",5232516,3740852,8973368
2021-07-09,"Johnson&Johnson, Moderna, Oxford/AstraZeneca, Pfizer/BioNTech",5260478,3810205,9070683
2021-07-10,"Johnson&Johnson, Moderna, Oxford/AstraZeneca, Pfizer/BioNTech",5269867,3838884,9108751
2021-07-11,"Johnson&Johnson, Moderna, Oxford/AstraZeneca, Pfizer/BioNTech",5278427,3861778,9140205
2021-07-12,"Johnson&Johnson, Moderna, Oxford/AstraZeneca, Pfizer/BioNTech",5305980,3930875,9236855
2021-07-13,"Johnson&Johnson, Moderna, Oxford/AstraZeneca, Pfizer/BioNTech",5332193,4000779,9332972
2021-07-14,"Johnson&Johnson, Moderna, Oxford/AstraZeneca, Pfizer/BioNTech",5358039,4072798,9430837
2021-07-15,"Johnson&Johnson, Moderna, Oxford/AstraZeneca, Pfizer/BioNTech",5387234,4138845,9526079
2021-07-16,"Johnson&Johnson, Moderna, Oxford/AstraZeneca, Pfizer/BioNTech",5415177,4211610,9626787
2021-07-17,"Johnson&Johnson, Moderna, Oxford/AstraZeneca, Pfizer/BioNTech",5423983,4243094,9667077
2021-07-18,"Johnson&Johnson, Moderna, Oxford/AstraZeneca, Pfizer/BioNTech",5432429,4269114,9701543
2021-07-19,"Johnson&Johnson, Moderna, Oxford/AstraZeneca, Pfizer/BioNTech",5455805,4336162,9791967
2021-07-20,"Johnson&Johnson, Moderna, Oxford/AstraZeneca, Pfizer/BioNTech",5477221,4403251,9880472
2021-07-21,"Johnson&Johnson, Moderna, Oxford/AstraZeneca, Pfizer/BioNTech",5500683,4466737,9967420
2021-07-22,"Johnson&Johnson, Moderna, Oxford/AstraZeneca, Pfizer/BioNTech",5523058,4525399,10048457
2021-07-23,"Johnson&Johnson, Moderna, Oxford/AstraZeneca, Pfizer/BioNTech",5546303,4580187,10126490
2021-07-24,"Johnson&Johnson, Moderna, Oxford/AstraZeneca, Pfizer/BioNTech",5553658,4607877,10161535
2021-07-25,"Johnson&Johnson, Moderna, Oxford/AstraZeneca, Pfizer/BioNTech",5560300,4630022,10190322
2021-07-26,"Johnson&Johnson, Moderna, Oxford/AstraZeneca, Pfizer/BioNTech",5583860,4678735,10262595
2021-07-27,"Johnson&Johnson, Moderna, Oxford/AstraZeneca, Pfizer/BioNTech",5606623,4725415,10332038
2021-07-28,"Johnson&Johnson, Moderna, Oxford/AstraZeneca, Pfizer/BioNTech",5627910,4771459,10399369
2021-07-29,"Johnson&Johnson, Moderna, Oxford/AstraZeneca, Pfizer/BioNTech",5649258,4813467,10462725
2021-07-30,"Johnson&Johnson, Moderna, Oxford/AstraZeneca, Pfizer/BioNTech",5672548,4856069,10528617
2021-07-31,"Johnson&Johnson, Moderna, Oxford/AstraZeneca, Pfizer/BioNTech",5681510,4875627,10557137
2021-08-01,"Johnson&Johnson, Moderna, Oxford/AstraZeneca, Pfizer/BioNTech",5688244,4891812,10580056
2021-08-02,"Johnson&Johnson, Moderna, Oxford/AstraZeneca, Pfizer/BioNTech",5706893,4929400,10636293
2021-08-03,"Johnson&Johnson, Moderna, Oxford/AstraZeneca, Pfizer/BioNTech",5724551,4967543,10692094
2021-08-04,"Johnson&Johnson, Moderna, Oxford/AstraZeneca, Pfizer/BioNTech",5740689,5004342,10745031
2021-08-05,"Johnson&Johnson, Moderna, Oxford/AstraZeneca, Pfizer/BioNTech",5756738,5044855,10801593
2021-08-06,"Johnson&Johnson, Moderna, Oxford/AstraZeneca, Pfizer/BioNTech",5773553,5088193,10861746
2021-08-07,"Johnson&Johnson, Moderna, Oxford/AstraZeneca, Pfizer/BioNTech",5779166,5106383,10885549
2021-08-08,"Johnson&Johnson, Moderna, Oxford/AstraZeneca, Pfizer/BioNTech",5783540,5122156,10905696
2021-08-09,"Johnson&Johnson, Moderna, Oxford/AstraZeneca, Pfizer/BioNTech",5796183,5167246,10963429
2021-08-10,"Johnson&Johnson, Moderna, Oxford/AstraZeneca, Pfizer/BioNTech",5808034,5206845,11014879
2021-08-11,"Johnson&Johnson, Moderna, Oxford/AstraZeneca, Pfizer/BioNTech",5819409,5250000,11069409
2021-08-12,"Johnson&Johnson, Moderna, Oxford/AstraZeneca, Pfizer/BioNTech",5830837,5287163,11118000
2021-08-13,"Johnson&Johnson, Moderna, Oxford/AstraZeneca, Pfizer/BioNTech",5841571,5327534,11169105
2021-08-14,"Johnson&Johnson, Moderna, Oxford/AstraZeneca, Pfizer/BioNTech",5844913,5338252,11183165
2021-08-15,"Johnson&Johnson, Moderna, Oxford/AstraZeneca, Pfizer/BioNTech",5847505,5348645,11196150
2021-08-16,"Johnson&Johnson, Moderna, Oxford/AstraZeneca, Pfizer/BioNTech",5857303,5382742,11240045
2021-08-17,"Johnson&Johnson, Moderna, Oxford/AstraZeneca, Pfizer/BioNTech",5866906,5409865,11276771
2021-08-18,"Johnson&Johnson, Moderna, Oxford/AstraZeneca, Pfizer/BioNTech",5876284,5448779,11325063
2021-08-19,"Johnson&Johnson, Moderna, Oxford/AstraZeneca, Pfizer/BioNTech",5885969,5487150,11373119
2021-08-20,"Johnson&Johnson, Moderna, Oxford/AstraZeneca, Pfizer/BioNTech",5897367,5527354,11424721
2021-08-21,"Johnson&Johnson, Moderna, Oxford/AstraZeneca, Pfizer/BioNTech",5900093,5540133,11440226
2021-08-22,"Johnson&Johnson, Moderna, Oxford/AstraZeneca, Pfizer/BioNTech",5902439,5552111,11454550
2021-08-23,"Johnson&Johnson, Moderna, Oxford/AstraZeneca, Pfizer/BioNTech",5912974,5591398,11504372
2021-08-24,"Johnson&Johnson, Moderna, Oxford/AstraZeneca, Pfizer/BioNTech",5922856,5624667,11547523
2021-08-25,"Johnson&Johnson, Moderna, Oxford/AstraZeneca, Pfizer/BioNTech",5931729,5653051,11584780
2021-08-26,"Johnson&Johnson, Moderna, Oxford/AstraZeneca, Pfizer/BioNTech",5940189,5679188,11619377
2021-08-27,"Johnson&Johnson, Moderna, Oxford/AstraZeneca, Pfizer/BioNTech",5950518,5705185,11655703
2021-08-28,"Johnson&Johnson, Moderna, Oxford/AstraZeneca, Pfizer/BioNTech",5953260,5712260,11665520
2021-08-29,"Johnson&Johnson, Moderna, Oxford/AstraZeneca, Pfizer/BioNTech",5955675,5718888,11674563
2021-08-30,"Johnson&Johnson, Moderna, Oxford/AstraZeneca, Pfizer/BioNTech",5964207,5740777,11704984
2021-08-31,"Johnson&Johnson, Moderna, Oxford/AstraZeneca, Pfizer/BioNTech",5971896,5758895,11730791
2021-09-01,"Johnson&Johnson, Moderna, Oxford/AstraZeneca, Pfizer/BioNTech",5977811,5772921,11750732
2021-09-02,"Johnson&Johnson, Moderna, Oxford/AstraZeneca, Pfizer/BioNTech",5984653,5787318,11771971
2021-09-03,"Johnson&Johnson, Moderna, Oxford/AstraZeneca, Pfizer/BioNTech",5994217,5803059,11797276
2021-09-04,"Johnson&Johnson, Moderna, Oxford/AstraZeneca, Pfizer/BioNTech",5996291,5806623,11802914
2021-09-05,"Johnson&Johnson, Moderna, Oxford/AstraZeneca, Pfizer/BioNTech",5998334,5809473,11807807
2021-09-06,"Johnson&Johnson, Moderna, Oxford/AstraZeneca, Pfizer/BioNTech",6004574,5822025,11826599
2021-09-07,"Johnson&Johnson, Moderna, Oxford/AstraZeneca, Pfizer/BioNTech",6008971,5833121,11842092
2021-09-08,"Johnson&Johnson, Moderna, Oxford/AstraZeneca, Pfizer/BioNTech",6014649,5842990,11857639
2021-09-09,"Johnson&Johnson, Moderna, Oxford/AstraZeneca, Pfizer/BioNTech",6021349,5853062,11874411
2021-09-10,"Johnson&Johnson, Moderna, Oxford/AstraZeneca, Pfizer/BioNTech",6029052,5865251,11894303
2021-09-11,"Johnson&Johnson, Moderna, Oxford/AstraZeneca, Pfizer/BioNTech",6030923,5867743,11898666
2021-09-12,"Johnson&Johnson, Moderna, Oxford/AstraZeneca, Pfizer/BioNTech",6032044,5869379,11901423
2021-09-13,"Johnson&Johnson, Moderna, Oxford/AstraZeneca, Pfizer/BioNTech",6037489,5879691,11917180
2021-09-14,"Johnson&Johnson, Moderna, Oxford/AstraZeneca, Pfizer/BioNTech",6042889,5888711,11931600
2021-09-15,"Johnson&Johnson, Moderna, Oxford/AstraZeneca, Pfizer/BioNTech",6048101,5897244,11945345
2021-09-16,"Johnson&Johnson, Moderna, Oxford/AstraZeneca, Pfizer/BioNTech",6053463,5905529,11958992
2021-09-17,"Johnson&Johnson, Moderna, Oxford/AstraZeneca, Pfizer/BioNTech",6060035,5915770,11975805
2021-09-18,"Johnson&Johnson, Moderna, Oxford/AstraZeneca, Pfizer/BioNTech",6061767,5918135,11979902
2021-09-19,"Johnson&Johnson, Moderna, Oxford/AstraZeneca, Pfizer/BioNTech",6062713,5919707,11982420
2021-09-20,"Johnson&Johnson, Moderna, Oxford/AstraZeneca, Pfizer/BioNTech",6066739,5927913,11994652
2021-09-21,"Johnson&Johnson, Moderna, Oxford/AstraZeneca, Pfizer/BioNTech",6070979,5935454,12006433
2021-09-22,"Johnson&Johnson, Moderna, Oxford/AstraZeneca, Pfizer/BioNTech",6075173,5940982,12016155
2021-09-23,"Johnson&Johnson, Moderna, Oxford/AstraZeneca, Pfizer/BioNTech",6080144,5947397,12027541
2021-09-24,"Johnson&Johnson, Moderna, Oxford/AstraZeneca, Pfizer/BioNTech",6085906,5957016,12042922
2021-09-25,"Johnson&Johnson, Moderna, Oxford/AstraZeneca, Pfizer/BioNTech",6087406,5959019,12046425
2021-09-26,"Johnson&Johnson, Moderna, Oxford/AstraZeneca, Pfizer/BioNTech",6088151,5960661,12048812
2021-09-27,"Johnson&Johnson, Moderna, Oxford/AstraZeneca, Pfizer/BioNTech",6092037,5967180,12059217
2021-09-28,"Johnson&Johnson, Moderna, Oxford/AstraZeneca, Pfizer/BioNTech",6092411,5967816,12060227
2021-09-29,"Johnson&Johnson, Moderna, Oxford/AstraZeneca, Pfizer/BioNTech",6096189,5975284,12071473
2021-09-30,"Johnson&Johnson, Moderna, Oxford/AstraZeneca, Pfizer/BioNTech",6100709,5982989,12083698
2021-10-01,"Johnson&Johnson, Moderna, Oxford/AstraZeneca, Pfizer/BioNTech",6105021,5990977,12095998
2021-10-02,"Johnson&Johnson, Moderna, Oxford/AstraZeneca, Pfizer/BioNTech",6106084,5992523,12098607
2021-10-03,"Johnson&Johnson, Moderna, Oxford/AstraZeneca, Pfizer/BioNTech",6106809,5993395,12100204
2021-10-04,"Johnson&Johnson, Moderna, Oxford/AstraZeneca, Pfizer/BioNTech",6109890,5998976,12108866
2021-10-05,"Johnson&Johnson, Moderna, Oxford/AstraZeneca, Pfizer/BioNTech",6113053,6004063,12117116
2021-10-06,"Johnson&Johnson, Moderna, Oxford/AstraZeneca, Pfizer/BioNTech",6116574,6009240,12125814
2021-10-07,"Johnson&Johnson, Moderna, Oxford/AstraZeneca, Pfizer/BioNTech",6119858,6014503,12134361
2021-10-08,"Johnson&Johnson, Moderna, Oxford/AstraZeneca, Pfizer/BioNTech",6124652,6021148,12145800
2021-10-09,"Johnson&Johnson, Moderna, Oxford/AstraZeneca, Pfizer/BioNTech",6125896,6022815,12148711
2021-10-10,"Johnson&Johnson, Moderna, Oxford/AstraZeneca, Pfizer/BioNTech",6126840,6023648,12150488
2021-10-11,"Johnson&Johnson, Moderna, Oxford/AstraZeneca, Pfizer/BioNTech",6129771,6028068,12157839
2021-10-12,"Johnson&Johnson, Moderna, Oxford/AstraZeneca, Pfizer/BioNTech",6132705,6032071,12164776
2021-10-13,"Johnson&Johnson, Moderna, Oxford/AstraZeneca, Pfizer/BioNTech",6136237,6036259,12172496
2021-10-14,"Johnson&Johnson, Moderna, Oxford/AstraZeneca, Pfizer/BioNTech",6139909,6041209,12181118
2021-10-15,"Johnson&Johnson, Moderna, Oxford/AstraZeneca, Pfizer/BioNTech",6145138,6047359,12192497
2021-10-16,"Johnson&Johnson, Moderna, Oxford/AstraZeneca, Pfizer/BioNTech",6146551,6048885,12195436
2021-10-17,"Johnson&Johnson, Moderna, Pfizer/BioNTech",6147878,6049940,12197818
2021-10-18,"Johnson&Johnson, Moderna, Oxford/AstraZeneca, Pfizer/BioNTech",6151991,6054046,12206037
2021-10-19,"Johnson&Johnson, Moderna, Oxford/AstraZeneca, Pfizer/BioNTech",6155572,6056152,12211724
2021-10-20,"Johnson&Johnson, Moderna, Oxford/AstraZeneca, Pfizer/BioNTech",6160457,6060612,12221069
2021-10-21,"Johnson&Johnson, Moderna, Oxford/AstraZeneca, Pfizer/BioNTech",6168226,6066221,12234447
2021-10-22,"Johnson&Johnson, Moderna, Oxford/AstraZeneca, Pfizer/BioNTech",6178683,6072726,12251409
2021-10-23,"Johnson&Johnson, Moderna, Oxford/AstraZeneca, Pfizer/BioNTech",6182360,6074937,12257297
2021-10-24,"Johnson&Johnson, Moderna, Oxford/AstraZeneca, Pfizer/BioNTech",6185045,6076718,12261763
2021-10-25,"Johnson&Johnson, Moderna, Oxford/AstraZeneca, Pfizer/BioNTech",6195546,6082529,12278075
2021-10-26,"Johnson&Johnson, Moderna, Oxford/AstraZeneca, Pfizer/BioNTech",6207536,6089080,12296616
2021-10-27,"Johnson&Johnson, Moderna, Oxford/AstraZeneca, Pfizer/BioNTech",6222144,6096496,12318640
2021-10-28,"Johnson&Johnson, Moderna, Oxford/AstraZeneca, Pfizer/BioNTech",6225569,6098181,12323750
2021-10-29,"Johnson&Johnson, Moderna, Oxford/AstraZeneca, Pfizer/BioNTech",6240008,6106169,12346177
2021-10-30,"Johnson&Johnson, Moderna, Oxford/AstraZeneca, Pfizer/BioNTech",6244538,6109098,12353636
2021-10-31,"Johnson&Johnson, Moderna, Oxford/AstraZeneca, Pfizer/BioNTech",6248301,6111573,12359874
2021-11-01,"Johnson&Johnson, Moderna, Oxford/AstraZeneca, Pfizer/BioNTech",6263500,6119259,12382759
2021-11-02,"Johnson&Johnson, Moderna, Oxford/AstraZeneca, Pfizer/BioNTech",6278953,6126816,12405769
2021-11-03,"Johnson&Johnson, Moderna, Oxford/AstraZeneca, Pfizer/BioNTech",6296132,6134107,12430239
2021-11-04,"Johnson&Johnson, Moderna, Oxford/AstraZeneca, Pfizer/BioNTech",6314480,6142281,12456761
2021-11-05,"Johnson&Johnson, Moderna, Oxford/AstraZeneca, Pfizer/BioNTech",6337283,6153568,12490851
2021-11-06,"Johnson&Johnson, Moderna, Oxford/AstraZeneca, Pfizer/BioNTech",6343799,6156625,12500424
2021-11-07,"Johnson&Johnson, Moderna, Oxford/AstraZeneca, Pfizer/BioNTech",6347823,6159061,12506884
2021-11-08,"Johnson&Johnson, Moderna, Oxford/AstraZeneca, Pfizer/BioNTech",6364089,6166688,12530777
2021-11-09,"Johnson&Johnson, Moderna, Oxford/AstraZeneca, Pfizer/BioNTech",6378901,6173986,12552887
2021-11-10,"Johnson&Johnson, Moderna, Oxford/AstraZeneca, Pfizer/BioNTech",6394640,6181371,12576011
2021-11-11,"Johnson&Johnson, Moderna, Oxford/AstraZeneca, Pfizer/BioNTech",6410110,6190479,12600589
2021-11-12,"Johnson&Johnson, Moderna, Oxford/AstraZeneca, Pfizer/BioNTech",6429912,6203282,12633194
2021-11-13,"Johnson&Johnson, Moderna, Oxford/AstraZeneca, Pfizer/BioNTech",6435306,6207158,12642464
2021-11-14,"Johnson&Johnson, Moderna, Oxford/AstraZeneca, Pfizer/BioNTech",6439201,6210165,12649366
2021-11-15,"Johnson&Johnson, Moderna, Oxford/AstraZeneca, Pfizer/BioNTech",6454279,6220859,12675138
2021-11-16,"Johnson&Johnson, Moderna, Oxford/AstraZeneca, Pfizer/BioNTech",6471815,6232835,12704650
2021-11-17,"Johnson&Johnson, Moderna, Oxford/AstraZeneca, Pfizer/BioNTech",6476056,6236401,12712457
2021-11-18,"Johnson&Johnson, Moderna, Oxford/AstraZeneca, Pfizer/BioNTech",6495474,6248097,12743571
2021-11-19,"Johnson&Johnson, Moderna, Oxford/AstraZeneca, Pfizer/BioNTech",6520084,6265072,12785156
2021-11-20,"Johnson&Johnson, Moderna, Oxford/AstraZeneca, Pfizer/BioNTech",6528662,6270055,12798717
2021-11-21,"Johnson&Johnson, Moderna, Pfizer/BioNTech",6535431,6273828,12809259
2021-11-22,"Johnson&Johnson, Moderna, Oxford/AstraZeneca, Pfizer/BioNTech",6553940,6287943,12841883
2021-11-23,"Johnson&Johnson, Moderna, Oxford/AstraZeneca, Pfizer/BioNTech",6573005,6301204,12874209
2021-11-24,"Johnson&Johnson, Moderna, Oxford/AstraZeneca, Pfizer/BioNTech",6592018,6317054,12909072
2021-11-25,"Johnson&Johnson, Moderna, Oxford/AstraZeneca, Pfizer/BioNTech",6611163,6332090,12943253
2021-11-26,"Johnson&Johnson, Moderna, Oxford/AstraZeneca, Pfizer/BioNTech",6632819,6351228,12984047
2021-11-27,"Johnson&Johnson, Moderna, Oxford/AstraZeneca, Pfizer/BioNTech",6640289,6356783,12997072
2021-11-28,"Johnson&Johnson, Moderna, Oxford/AstraZeneca, Pfizer/BioNTech",6643622,6359918,13003540
2021-11-29,"Johnson&Johnson, Moderna, Oxford/AstraZeneca, Pfizer/BioNTech",6658831,6373579,13032410
2021-11-30,"Johnson&Johnson, Moderna, Oxford/AstraZeneca, Pfizer/BioNTech",6672033,6384808,13056841
2021-12-01,"Johnson&Johnson, Moderna, Oxford/AstraZeneca, Pfizer/BioNTech",6686065,6397263,13083328
2021-12-02,"Johnson&Johnson, Moderna, Oxford/AstraZeneca, Pfizer/BioNTech",6696706,6409754,13106460
2021-12-03,"Johnson&Johnson, Moderna, Oxford/AstraZeneca, Pfizer/BioNTech",6706346,6425333,13131679
2021-12-04,"Johnson&Johnson, Moderna, Pfizer/BioNTech",6708903,6429283,13138186
2021-12-05,"Johnson&Johnson, Moderna, Oxford/AstraZeneca, Pfizer/BioNTech",6710264,6431623,13141887
2021-12-06,"Johnson&Johnson, Moderna, Oxford/AstraZeneca, Pfizer/BioNTech",6718412,6443152,13161564
2021-12-07,"Johnson&Johnson, Moderna, Oxford/AstraZeneca, Pfizer/BioNTech",6726303,6455163,13181466
2021-12-08,"Johnson&Johnson, Moderna, Oxford/AstraZeneca, Pfizer/BioNTech",6734547,6461091,13195638
2021-12-09,"Johnson&Johnson, Moderna, Oxford/AstraZeneca, Pfizer/BioNTech",6741668,6473910,13215578
2021-12-10,"Johnson&Johnson, Moderna, Oxford/AstraZeneca, Pfizer/BioNTech",6748601,6491714,13240315
2021-12-11,"Johnson&Johnson, Moderna, Oxford/AstraZeneca, Pfizer/BioNTech",6750260,6496986,13247246
2021-12-12,"Johnson&Johnson, Moderna, Oxford/AstraZeneca, Pfizer/BioNTech",6751571,6501419,13252990
2021-12-13,"Johnson&Johnson, Moderna, Oxford/AstraZeneca, Pfizer/BioNTech",6757926,6514732,13272658
2021-12-14,"Johnson&Johnson, Moderna, Oxford/AstraZeneca, Pfizer/BioNTech",6764136,6528401,13292537
2021-12-15,"Johnson&Johnson, Moderna, Oxford/AstraZeneca, Pfizer/BioNTech",6770342,6541999,13312341
2021-12-16,"Johnson&Johnson, Moderna, Oxford/AstraZeneca, Pfizer/BioNTech",6777283,6556833,13334116
2021-12-17,"Johnson&Johnson, Moderna, Oxford/AstraZeneca, Pfizer/BioNTech",6785649,6574098,13359747
2021-12-18,"Johnson&Johnson, Moderna, Oxford/AstraZeneca, Pfizer/BioNTech",6788260,6579550,13367810
2021-12-19,"Johnson&Johnson, Moderna, Pfizer/BioNTech",6790031,6582054,13372085
2021-12-20,"Johnson&Johnson, Moderna, Oxford/AstraZeneca, Pfizer/BioNTech",6795887,6596116,13392003
2021-12-21,"Johnson&Johnson, Moderna, Oxford/AstraZeneca, Pfizer/BioNTech",6802549,6608111,13410660
2021-12-22,"Johnson&Johnson, Moderna, Oxford/AstraZeneca, Pfizer/BioNTech",6807597,6621169,13428766
2021-12-23,"Johnson&Johnson, Moderna, Oxford/AstraZeneca, Pfizer/BioNTech",6810471,6626770,13437241
2021-12-24,"Johnson&Johnson, Moderna, Oxford/AstraZeneca, Pfizer/BioNTech",6810517,6626872,13437389
2021-12-25,"Moderna, Pfizer/BioNTech",6810518,6626880,13437398
2021-12-26,"Moderna, Pfizer/BioNTech",6810620,6627083,13437703
2021-12-27,"Johnson&Johnson, Moderna, Pfizer/BioNTech",6814487,6636826,13451313
2021-12-28,"Johnson&Johnson, Moderna, Oxford/AstraZeneca, Pfizer/BioNTech",6819727,6644822,13464549
2021-12-29,"Johnson&Johnson, Moderna, Oxford/AstraZeneca, Pfizer/BioNTech",6824007,6652541,13476548
2021-12-30,"Johnson&Johnson, Moderna, Pfizer/BioNTech",6828308,6657974,13486282
2021-12-31,"Johnson&Johnson, Moderna, Pfizer/BioNTech",6828818,6659398,13488216
2022-01-01,"Johnson&Johnson, Moderna, Pfizer/BioNTech",6828824,6659416,13488240
2022-01-02,"Johnson&Johnson, Moderna, Pfizer/BioNTech",6829681,6660793,13490474
2022-01-03,"Johnson&Johnson, Moderna, Oxford/AstraZeneca, Pfizer/BioNTech",6833818,6669701,13503519
2022-01-04,"Johnson&Johnson, Moderna, Oxford/AstraZeneca, Pfizer/BioNTech",6838902,6677456,13516358
2022-01-05,"Johnson&Johnson, Moderna, Oxford/AstraZeneca, Pfizer/BioNTech",6844722,6685427,13530149
2022-01-06,"Johnson&Johnson, Moderna, Oxford/AstraZeneca, Pfizer/BioNTech",6851306,6693827,13545133
2022-01-07,"Johnson&Johnson, Moderna, Oxford/AstraZeneca, Pfizer/BioNTech",6859182,6704182,13563364
2022-01-08,"Johnson&Johnson, Moderna, Oxford/AstraZeneca, Pfizer/BioNTech",6861662,6706965,13568627
2022-01-09,"Johnson&Johnson, Moderna, Pfizer/BioNTech",6862744,6708659,13571403
2022-01-10,"Johnson&Johnson, Moderna, Oxford/AstraZeneca, Pfizer/BioNTech",6867242,6714848,13582090
2022-01-11,"Johnson&Johnson, Moderna, Oxford/AstraZeneca, Pfizer/BioNTech",6872680,6721601,13594281
2022-01-12,"Johnson&Johnson, Moderna, Oxford/AstraZeneca, Pfizer/BioNTech",6878637,6727244,13605881
2022-01-13,"Johnson&Johnson, Moderna, Oxford/AstraZeneca, Pfizer/BioNTech",6884520,6732021,13616541
2022-01-14,"Johnson&Johnson, Moderna, Oxford/AstraZeneca, Pfizer/BioNTech",6890821,6735653,13626474
2022-01-15,"Johnson&Johnson, Moderna, Oxford/AstraZeneca, Pfizer/BioNTech",6892097,6736309,13628406
2022-01-16,"Johnson&Johnson, Moderna, Oxford/AstraZeneca, Pfizer/BioNTech",6892785,6736746,13629531
2022-01-17,"Johnson&Johnson, Moderna, Oxford/AstraZeneca, Pfizer/BioNTech",6896339,6740702,13637041
2022-01-18,"Johnson&Johnson, Moderna, Oxford/AstraZeneca, Pfizer/BioNTech",6900189,6745651,13645840
2022-01-19,"Johnson&Johnson, Moderna, Oxford/AstraZeneca, Pfizer/BioNTech",6904259,6749582,13653841
2022-01-20,"Johnson&Johnson, Moderna, Oxford/AstraZeneca, Pfizer/BioNTech",6907851,6754038,13661889
2022-01-21,"Johnson&Johnson, Moderna, Oxford/AstraZeneca, Pfizer/BioNTech",6911846,6756566,13668412
2022-01-22,"Johnson&Johnson, Moderna, Pfizer/BioNTech",6912625,6757005,13669630
2022-01-23,"Johnson&Johnson, Moderna, Pfizer/BioNTech",6913186,6757639,13670825
2022-01-24,"Johnson&Johnson, Moderna, Oxford/AstraZeneca, Pfizer/BioNTech",6915456,6761074,13676530
2022-01-25,"Johnson&Johnson, Moderna, Oxford/AstraZeneca, Pfizer/BioNTech",6917811,6765069,13682880
2022-01-26,"Johnson&Johnson, Moderna, Oxford/AstraZeneca, Pfizer/BioNTech",6920196,6769635,13689831
2022-01-27,"Johnson&Johnson, Moderna, Oxford/AstraZeneca, Pfizer/BioNTech",6922515,6774447,13696962
2022-01-28,"Johnson&Johnson, Moderna, Oxford/AstraZeneca, Pfizer/BioNTech",6925427,6780609,13706036
2022-01-29,"Johnson&Johnson, Moderna, Oxford/AstraZeneca, Pfizer/BioNTech",6926027,6782260,13708287
2022-01-30,"Johnson&Johnson, Moderna, Pfizer/BioNTech",6926254,6783038,13709292
2022-01-31,"Johnson&Johnson, Moderna, Pfizer/BioNTech",6927796,6786956,13714752
2022-02-01,"Johnson&Johnson, Moderna, Pfizer/BioNTech",6929392,6790987,13720379
2022-02-02,"Johnson&Johnson, Moderna, Oxford/AstraZeneca, Pfizer/BioNTech",6930959,6795495,13726454
2022-02-03,"Johnson&Johnson, Moderna, Pfizer/BioNTech",6932331,6799973,13732304
2022-02-04,"Johnson&Johnson, Moderna, Pfizer/BioNTech",6933932,6805088,13739020
2022-02-05,"Johnson&Johnson, Moderna, Pfizer/BioNTech",6934105,6805697,13739802
2022-02-06,"Johnson&Johnson, Moderna, Pfizer/BioNTech",6934201,6806016,13740217
2022-02-07,"Johnson&Johnson, Moderna, Pfizer/BioNTech",6934902,6809225,13744127
2022-02-08,"Johnson&Johnson, Moderna, Pfizer/BioNTech",6935697,6812413,13748110
2022-02-09,"Johnson&Johnson, Moderna, Pfizer/BioNTech",6936523,6815784,13752307
2022-02-10,"Johnson&Johnson, Moderna, Pfizer/BioNTech",6937320,6818908,13756228
2022-02-11,"Johnson&Johnson, Moderna, Pfizer/BioNTech",6938274,6822822,13761096
2022-02-12,"Johnson&Johnson, Moderna, Pfizer/BioNTech",6938384,6823241,13761625
2022-02-13,"Johnson&Johnson, Moderna, Pfizer/BioNTech",6938419,6823678,13762097
2022-02-14,"Johnson&Johnson, Moderna, Pfizer/BioNTech",6938876,6825790,13764666
2022-02-15,"Johnson&Johnson, Moderna, Pfizer/BioNTech",6939428,6827996,13767424
2022-02-16,"Johnson&Johnson, Moderna, Pfizer/BioNTech",6940019,6830095,13770114
2022-02-17,"Johnson&Johnson, Moderna, Pfizer/BioNTech",6940614,6832434,13773048
2022-02-18,"Johnson&Johnson, Moderna, Oxford/AstraZeneca, Pfizer/BioNTech",6941255,6835486,13776741
2022-02-19,"Johnson&Johnson, Moderna, Pfizer/BioNTech",6941334,6835767,13777101
2022-02-20,"Johnson&Johnson, Moderna, Pfizer/BioNTech",6941369,6835916,13777285
2022-02-21,"Johnson&Johnson, Moderna, Pfizer/BioNTech",6941732,6837613,13779345
2022-02-22,"Johnson&Johnson, Moderna, Oxford/AstraZeneca, Pfizer/BioNTech",6942124,6839292,13781416
2022-02-23,"Johnson&Johnson, Moderna, Pfizer/BioNTech",6942578,6840934,13783512
2022-02-24,"Johnson&Johnson, Moderna, Pfizer/BioNTech",6942986,6842564,13785550
2022-02-25,"Johnson&Johnson, Moderna, Pfizer/BioNTech",6943569,6844646,13788215
2022-02-26,"Johnson&Johnson, Moderna, Pfizer/BioNTech",6943630,6844807,13788437
2022-02-27,"Johnson&Johnson, Moderna, Pfizer/BioNTech",6943660,6844883,13788543
2022-02-28,"Johnson&Johnson, Moderna, Pfizer/BioNTech",6943906,6845853,13789759
2022-03-01,"Johnson&Johnson, Moderna, Pfizer/BioNTech",6944208,6846637,13790845
2022-03-02,"Johnson&Johnson, Moderna, Novavax, Pfizer/BioNTech",6944577,6847544,13792121
2022-03-03,"Johnson&Johnson, Moderna, Novavax, Pfizer/BioNTech",6944911,6848487,13793398
2022-03-04,"Johnson&Johnson, Moderna, Novavax, Pfizer/BioNTech",6945537,6849708,13795245
2022-03-05,"Johnson&Johnson, Moderna, Novavax, Pfizer/BioNTech",6945617,6849799,13795416
2022-03-06,"Moderna, Novavax, Pfizer/BioNTech",6945628,6849817,13795445
2022-03-07,"Johnson&Johnson, Moderna, Novavax, Pfizer/BioNTech",6945963,6850374,13796337
2022-03-08,"Johnson&Johnson, Moderna, Novavax, Pfizer/BioNTech",6946298,6850916,13797214
2022-03-09,"Johnson&Johnson, Moderna, Novavax, Pfizer/BioNTech",6946685,6851503,13798188
2022-03-10,"Johnson&Johnson, Moderna, Novavax, Pfizer/BioNTech",6947096,6852174,13799270
2022-03-11,"Johnson&Johnson, Moderna, Novavax, Pfizer/BioNTech",6947835,6853082,13800917
2022-03-12,"Johnson&Johnson, Moderna, Novavax, Pfizer/BioNTech",6947903,6853187,13801090
2022-03-13,"Johnson&Johnson, Moderna, Novavax, Pfizer/BioNTech",6947916,6853205,13801121
2022-03-14,"Johnson&Johnson, Moderna, Novavax, Pfizer/BioNTech",6948181,6853584,13801765
2022-03-15,"Johnson&Johnson, Moderna, Novavax, Pfizer/BioNTech",6948461,6854020,13802481
2022-03-16,"Johnson&Johnson, Moderna, Novavax, Pfizer/BioNTech",6948776,6854562,13803338
2022-03-17,"Johnson&Johnson, Moderna, Novavax, Oxford/AstraZeneca, Pfizer/BioNTech",6949069,6854993,13804062
2022-03-18,"Johnson&Johnson, Moderna, Novavax, Pfizer/BioNTech",6949759,6855785,13805544
2022-03-19,"Moderna, Novavax, Pfizer/BioNTech",6949815,6855830,13805645
2022-03-20,"Moderna, Novavax, Pfizer/BioNTech",6949832,6855842,13805674
2022-03-21,"Johnson&Johnson, Moderna, Novavax, Pfizer/BioNTech",6950017,6856169,13806186
2022-03-22,"Johnson&Johnson, Moderna, Novavax, Pfizer/BioNTech",6950255,6856565,13806820
2022-03-23,"Johnson&Johnson, Moderna, Novavax, Pfizer/BioNTech",6950587,6857000,13807587
2022-03-24,"Johnson&Johnson, Moderna, Novavax, Pfizer/BioNTech",6950895,6857472,13808367
2022-03-25,"Johnson&Johnson, Moderna, Novavax, Pfizer/BioNTech",6951373,6858272,13809645
2022-03-26,"Johnson&Johnson, Moderna, Novavax, Pfizer/BioNTech",6951425,6858349,13809774
2022-03-27,"Moderna, Novavax, Pfizer/BioNTech",6951441,6858365,13809806
2022-03-28,"Johnson&Johnson, Moderna, Novavax, Pfizer/BioNTech",6951594,6858743,13810337
2022-03-29,"Johnson&Johnson, Moderna, Novavax, Pfizer/BioNTech",6951857,6859148,13811005
2022-03-30,"Johnson&Johnson, Moderna, Novavax, Pfizer/BioNTech",6952160,6859639,13811799
2022-03-31,"Johnson&Johnson, Moderna, Novavax, Pfizer/BioNTech",6952455,6860130,13812585
2022-04-01,"Johnson&Johnson, Moderna, Novavax, Pfizer/BioNTech",6953024,6860886,13813910
2022-04-02,"Moderna, Novavax, Pfizer/BioNTech",6953079,6860970,13814049
2022-04-03,"Moderna, Novavax, Pfizer/BioNTech",6953091,6860999,13814090
2022-04-04,"Johnson&Johnson, Moderna, Novavax, Pfizer/BioNTech",6953259,6861277,13814536
2022-04-05,"Johnson&Johnson, Moderna, Novavax, Pfizer/BioNTech",6953448,6861512,13814960
2022-04-06,"Johnson&Johnson, Moderna, Novavax, Pfizer/BioNTech",6953670,6861857,13815527
2022-04-07,"Johnson&Johnson, Moderna, Novavax, Pfizer/BioNTech",6953892,6862272,13816164
2022-04-08,"Johnson&Johnson, Moderna, Novavax, Pfizer/BioNTech",6954337,6862990,13817327
2022-04-09,"Johnson&Johnson, Moderna, Novavax, Pfizer/BioNTech",6954395,6863062,13817457
2022-04-10,"Moderna, Novavax, Pfizer/BioNTech",6954407,6863071,13817478
2022-04-11,"Johnson&Johnson, Moderna, Novavax, Pfizer/BioNTech",6954564,6863301,13817865
2022-04-12,"Johnson&Johnson, Moderna, Novavax, Pfizer/BioNTech",6954802,6863597,13818399
2022-04-13,"Johnson&Johnson, Moderna, Novavax, Pfizer/BioNTech",6955037,6863940,13818977
2022-04-14,"Johnson&Johnson, Moderna, Novavax, Pfizer/BioNTech",6955304,6864321,13819625
2022-04-15,"Moderna, Novavax, Pfizer/BioNTech",6955322,6864337,13819659
2022-04-16,"Moderna, Novavax, Pfizer/BioNTech",6955340,6864369,13819709
2022-04-17,"Moderna, Novavax, Pfizer/BioNTech",6955341,6864370,13819711
2022-04-18,"Moderna, Novavax, Pfizer/BioNTech",6955343,6864386,13819729
2022-04-19,"Johnson&Johnson, Moderna, Novavax, Pfizer/BioNTech",6955475,6864721,13820196
2022-04-20,"Johnson&Johnson, Moderna, Novavax, Pfizer/BioNTech",6955694,6865105,13820799
2022-04-21,"Johnson&Johnson, Moderna, Novavax, Pfizer/BioNTech",6955906,6865517,13821423
2022-04-22,"Johnson&Johnson, Moderna, Novavax, Pfizer/BioNTech",6956351,6866311,13822662
2022-04-23,"Moderna, Novavax, Pfizer/BioNTech",6956381,6866389,13822770
