date,vaccine,people_vaccinated,people_fully_vaccinated,total_vaccinations
2020-12-27,Pfizer/BioNTech,1284,0,1284
2020-12-28,Pfizer/BioNTech,3590,0,3590
2020-12-29,Pfizer/BioNTech,7057,1,7058
2020-12-30,Pfizer/BioNTech,10576,1,10577
2020-12-31,Pfizer/BioNTech,11888,1,11889
2021-01-01,"Moderna, Pfizer/BioNTech",12157,1,12158
2021-01-02,Pfizer/BioNTech,13436,1,13437
2021-01-03,"Moderna, Pfizer/BioNTech",14360,1,14361
2021-01-04,"Moderna, Pfizer/BioNTech",17972,1,17973
2021-01-05,"Moderna, Pfizer/BioNTech",22496,2,22498
2021-01-06,"Moderna, Pfizer/BioNTech",28342,3,28345
2021-01-07,"Moderna, Pfizer/BioNTech",36338,3,36341
2021-01-08,"Moderna, Pfizer/BioNTech",46389,4,46393
2021-01-09,"Moderna, Pfizer/BioNTech",48416,5,48421
2021-01-10,Pfizer/BioNTech,50183,6,50189
2021-01-11,Pfizer/BioNTech,60037,8,60045
2021-01-12,"Moderna, Pfizer/BioNTech",73493,10,73503
2021-01-13,Pfizer/BioNTech,87033,10,87043
2021-01-14,"Moderna, Pfizer/BioNTech",102281,14,102295
2021-01-15,"Moderna, Pfizer/BioNTech",116297,15,116312
2021-01-16,"Moderna, Pfizer/BioNTech",119700,19,119719
2021-01-17,"Moderna, Pfizer/BioNTech",122317,655,122972
2021-01-18,"Moderna, Pfizer/BioNTech",134807,2481,137288
2021-01-19,"Moderna, Pfizer/BioNTech",147412,5206,152618
2021-01-20,"Moderna, Pfizer/BioNTech",161100,7868,168968
2021-01-21,"Moderna, Pfizer/BioNTech",176749,9613,186362
2021-01-22,"Moderna, Pfizer/BioNTech",191633,10659,202292
2021-01-23,"Moderna, Pfizer/BioNTech",194954,11539,206493
2021-01-24,"Moderna, Pfizer/BioNTech",197209,12408,209617
2021-01-25,"Moderna, Pfizer/BioNTech",206855,15382,222237
2021-01-26,"Moderna, Pfizer/BioNTech",217397,19377,236774
2021-01-27,"Moderna, Pfizer/BioNTech",226427,23914,250341
2021-01-28,"Moderna, Pfizer/BioNTech",233528,30047,263575
2021-01-29,"Moderna, Pfizer/BioNTech",239743,37958,277701
2021-01-30,"Moderna, Pfizer/BioNTech",240482,39046,279528
2021-01-31,"Moderna, Pfizer/BioNTech",241197,40228,281425
2021-02-01,"Moderna, Pfizer/BioNTech",245177,48190,293367
2021-02-02,"Moderna, Pfizer/BioNTech",249324,58425,307749
2021-02-03,"Moderna, Pfizer/BioNTech",253747,69442,323189
2021-02-04,"Moderna, Pfizer/BioNTech",258646,82431,341077
2021-02-05,"Moderna, Pfizer/BioNTech",264114,93105,357219
2021-02-06,"Moderna, Oxford/AstraZeneca, Pfizer/BioNTech",264966,95473,360439
2021-02-07,"Moderna, Pfizer/BioNTech",265816,97974,363790
2021-02-08,"Moderna, Oxford/AstraZeneca, Pfizer/BioNTech",269902,109404,379306
2021-02-09,"Moderna, Oxford/AstraZeneca, Pfizer/BioNTech",275001,121316,396317
2021-02-10,"Moderna, Oxford/AstraZeneca, Pfizer/BioNTech",280510,134575,415085
2021-02-11,"Moderna, Oxford/AstraZeneca, Pfizer/BioNTech",286846,150790,437636
2021-02-12,"Moderna, Oxford/AstraZeneca, Pfizer/BioNTech",293669,165527,459196
2021-02-13,"Moderna, Oxford/AstraZeneca, Pfizer/BioNTech",295280,168516,463796
2021-02-14,"Moderna, Oxford/AstraZeneca, Pfizer/BioNTech",296282,169900,466182
2021-02-15,"Moderna, Oxford/AstraZeneca, Pfizer/BioNTech",302680,179266,481946
2021-02-16,"Moderna, Oxford/AstraZeneca, Pfizer/BioNTech",311398,188350,499748
2021-02-17,"Moderna, Oxford/AstraZeneca, Pfizer/BioNTech",321096,196658,517754
2021-02-18,"Moderna, Oxford/AstraZeneca, Pfizer/BioNTech",333412,204741,538153
2021-02-19,"Moderna, Oxford/AstraZeneca, Pfizer/BioNTech",345271,212112,557383
2021-02-20,"Moderna, Oxford/AstraZeneca, Pfizer/BioNTech",347272,213297,560569
2021-02-21,"Moderna, Oxford/AstraZeneca, Pfizer/BioNTech",348405,214321,562726
2021-02-22,"Moderna, Oxford/AstraZeneca, Pfizer/BioNTech",358528,220353,578881
2021-02-23,"Moderna, Oxford/AstraZeneca, Pfizer/BioNTech",371482,227336,598818
2021-02-24,"Moderna, Oxford/AstraZeneca, Pfizer/BioNTech",385356,233372,618728
2021-02-25,"Moderna, Oxford/AstraZeneca, Pfizer/BioNTech",403326,238923,642249
2021-02-26,"Moderna, Oxford/AstraZeneca, Pfizer/BioNTech",419496,244275,663771
2021-02-27,"Moderna, Oxford/AstraZeneca, Pfizer/BioNTech",422505,244832,667337
2021-02-28,"Moderna, Oxford/AstraZeneca, Pfizer/BioNTech",424855,245383,670238
2021-03-01,"Moderna, Oxford/AstraZeneca, Pfizer/BioNTech",444446,248832,693278
2021-03-02,"Moderna, Oxford/AstraZeneca, Pfizer/BioNTech",471672,252381,724053
2021-03-03,"Moderna, Oxford/AstraZeneca, Pfizer/BioNTech",502618,256886,759504
2021-03-04,"Moderna, Oxford/AstraZeneca, Pfizer/BioNTech",535904,261570,797474
2021-03-05,"Johnson&Johnson, Moderna, Oxford/AstraZeneca, Pfizer/BioNTech",564744,266991,831735
2021-03-06,"Johnson&Johnson, Moderna, Oxford/AstraZeneca, Pfizer/BioNTech",576891,267852,844743
2021-03-07,"Johnson&Johnson, Moderna, Oxford/AstraZeneca, Pfizer/BioNTech",588433,268693,857126
2021-03-08,"Johnson&Johnson, Moderna, Oxford/AstraZeneca, Pfizer/BioNTech",618178,273547,891725
2021-03-09,"Johnson&Johnson, Moderna, Oxford/AstraZeneca, Pfizer/BioNTech",654534,279929,934463
2021-03-10,"Johnson&Johnson, Moderna, Oxford/AstraZeneca, Pfizer/BioNTech",695848,286885,982733
2021-03-11,"Johnson&Johnson, Moderna, Oxford/AstraZeneca, Pfizer/BioNTech",740679,295256,1035935
2021-03-12,"Johnson&Johnson, Moderna, Oxford/AstraZeneca, Pfizer/BioNTech",779448,303750,1083198
2021-03-13,"Johnson&Johnson, Moderna, Oxford/AstraZeneca, Pfizer/BioNTech",796535,305058,1101593
2021-03-14,"Johnson&Johnson, Moderna, Oxford/AstraZeneca, Pfizer/BioNTech",808652,306211,1114863
2021-03-15,"Johnson&Johnson, Moderna, Oxford/AstraZeneca, Pfizer/BioNTech",837036,314987,1152023
2021-03-16,"Johnson&Johnson, Moderna, Oxford/AstraZeneca, Pfizer/BioNTech",875928,325523,1201451
2021-03-17,"Moderna, Oxford/AstraZeneca, Pfizer/BioNTech",913399,336030,1249429
2021-03-18,"Johnson&Johnson, Moderna, Oxford/AstraZeneca, Pfizer/BioNTech",951389,348442,1299831
2021-03-19,"Moderna, Oxford/AstraZeneca, Pfizer/BioNTech",985880,362053,1347933
2021-03-20,"Johnson&Johnson, Moderna, Oxford/AstraZeneca, Pfizer/BioNTech",1001033,364083,1365116
2021-03-21,"Johnson&Johnson, Moderna, Oxford/AstraZeneca, Pfizer/BioNTech",1008458,365641,1374099
2021-03-22,"Johnson&Johnson, Moderna, Oxford/AstraZeneca, Pfizer/BioNTech",1033033,378144,1411177
2021-03-23,"Johnson&Johnson, Moderna, Oxford/AstraZeneca, Pfizer/BioNTech",1059688,391500,1451188
2021-03-24,"Johnson&Johnson, Moderna, Oxford/AstraZeneca, Pfizer/BioNTech",1086559,407240,1493799
2021-03-25,"Moderna, Oxford/AstraZeneca, Pfizer/BioNTech",1112900,425092,1537992
2021-03-26,"Johnson&Johnson, Moderna, Oxford/AstraZeneca, Pfizer/BioNTech",1137712,442595,1580307
2021-03-27,"Johnson&Johnson, Moderna, Oxford/AstraZeneca, Pfizer/BioNTech",1146153,447440,1593593
2021-03-28,"Moderna, Oxford/AstraZeneca, Pfizer/BioNTech",1151694,451585,1603279
2021-03-29,"Johnson&Johnson, Moderna, Oxford/AstraZeneca, Pfizer/BioNTech",1170826,472320,1643146
2021-03-30,"Johnson&Johnson, Moderna, Oxford/AstraZeneca, Pfizer/BioNTech",1195515,494501,1690016
2021-03-31,"Johnson&Johnson, Moderna, Oxford/AstraZeneca, Pfizer/BioNTech",1218637,521564,1740201
2021-04-01,"Johnson&Johnson, Moderna, Oxford/AstraZeneca, Pfizer/BioNTech",1244286,553617,1797903
2021-04-02,"Johnson&Johnson, Moderna, Oxford/AstraZeneca, Pfizer/BioNTech",1251213,566406,1817619
2021-04-03,"Johnson&Johnson, Moderna, Oxford/AstraZeneca, Pfizer/BioNTech",1254838,577333,1832171
2021-04-04,"Johnson&Johnson, Moderna, Oxford/AstraZeneca, Pfizer/BioNTech",1257355,586254,1843609
2021-04-05,"Johnson&Johnson, Moderna, Oxford/AstraZeneca, Pfizer/BioNTech",1259764,593444,1853208
2021-04-06,"Johnson&Johnson, Moderna, Oxford/AstraZeneca, Pfizer/BioNTech",1275929,622703,1898632
2021-04-07,"Johnson&Johnson, Moderna, Oxford/AstraZeneca, Pfizer/BioNTech",1299366,644932,1944298
2021-04-08,"Johnson&Johnson, Moderna, Oxford/AstraZeneca, Pfizer/BioNTech",1338117,675956,2014073
2021-04-09,"Johnson&Johnson, Moderna, Oxford/AstraZeneca, Pfizer/BioNTech",1377678,706139,2083817
2021-04-10,"Johnson&Johnson, Moderna, Oxford/AstraZeneca, Pfizer/BioNTech",1393194,721431,2114625
2021-04-11,"Johnson&Johnson, Moderna, Oxford/AstraZeneca, Pfizer/BioNTech",1402981,731476,2134457
2021-04-12,"Johnson&Johnson, Moderna, Oxford/AstraZeneca, Pfizer/BioNTech",1441273,756618,2197891
2021-04-13,"Moderna, Oxford/AstraZeneca, Pfizer/BioNTech",1477539,782654,2260193
2021-04-14,"Moderna, Oxford/AstraZeneca, Pfizer/BioNTech",1516373,810017,2326390
2021-04-15,"Moderna, Oxford/AstraZeneca, Pfizer/BioNTech",1564180,835776,2399956
2021-04-16,"Moderna, Oxford/AstraZeneca, Pfizer/BioNTech",1608856,861435,2470291
2021-04-17,"Moderna, Oxford/AstraZeneca, Pfizer/BioNTech",1625550,870461,2496011
2021-04-18,"Moderna, Oxford/AstraZeneca, Pfizer/BioNTech",1638539,875441,2513980
2021-04-19,"Moderna, Oxford/AstraZeneca, Pfizer/BioNTech",1682500,890873,2573373
2021-04-20,"Johnson&Johnson, Moderna, Oxford/AstraZeneca, Pfizer/BioNTech",1725074,906736,2631810
2021-04-21,"Moderna, Oxford/AstraZeneca, Pfizer/BioNTech",1772814,921088,2693902
2021-04-22,"Johnson&Johnson, Moderna, Oxford/AstraZeneca, Pfizer/BioNTech",1827315,938476,2765791
2021-04-23,"Johnson&Johnson, Moderna, Oxford/AstraZeneca, Pfizer/BioNTech",1877304,950528,2827832
2021-04-24,"Johnson&Johnson, Moderna, Oxford/AstraZeneca, Pfizer/BioNTech",1895153,955779,2850932
2021-04-25,"Johnson&Johnson, Moderna, Oxford/AstraZeneca, Pfizer/BioNTech",1909850,959776,2869626
2021-04-26,"Johnson&Johnson, Moderna, Oxford/AstraZeneca, Pfizer/BioNTech",1959439,967327,2926766
2021-04-27,"Johnson&Johnson, Moderna, Oxford/AstraZeneca, Pfizer/BioNTech",2008415,979558,2987973
2021-04-28,"Johnson&Johnson, Moderna, Oxford/AstraZeneca, Pfizer/BioNTech",2067181,993562,3060743
2021-04-29,"Johnson&Johnson, Moderna, Oxford/AstraZeneca, Pfizer/BioNTech",2132751,1009459,3142210
2021-04-30,"Johnson&Johnson, Moderna, Oxford/AstraZeneca, Pfizer/BioNTech",2194998,1019436,3214434
2021-05-01,"Johnson&Johnson, Moderna, Oxford/AstraZeneca, Pfizer/BioNTech",2214346,1022889,3237235
2021-05-02,"Johnson&Johnson, Moderna, Oxford/AstraZeneca, Pfizer/BioNTech",2233274,1025160,3258434
2021-05-03,"Johnson&Johnson, Moderna, Oxford/AstraZeneca, Pfizer/BioNTech",2300525,1030222,3330747
2021-05-04,"Johnson&Johnson, Moderna, Oxford/AstraZeneca, Pfizer/BioNTech",2367039,1038563,3405602
2021-05-05,"Johnson&Johnson, Moderna, Oxford/AstraZeneca, Pfizer/BioNTech",2440212,1047974,3488186
2021-05-06,"Johnson&Johnson, Moderna, Oxford/AstraZeneca, Pfizer/BioNTech",2520620,1058701,3579321
2021-05-07,"Johnson&Johnson, Moderna, Oxford/AstraZeneca, Pfizer/BioNTech",2597894,1068779,3666673
2021-05-08,"Johnson&Johnson, Moderna, Oxford/AstraZeneca, Pfizer/BioNTech",2627359,1070550,3697909
2021-05-09,"Johnson&Johnson, Moderna, Oxford/AstraZeneca, Pfizer/BioNTech",2651574,1071763,3723337
2021-05-10,"Johnson&Johnson, Moderna, Oxford/AstraZeneca, Pfizer/BioNTech",2724353,1078989,3803342
2021-05-11,"Johnson&Johnson, Moderna, Oxford/AstraZeneca, Pfizer/BioNTech",2800458,1087802,3888260
2021-05-12,"Johnson&Johnson, Moderna, Oxford/AstraZeneca, Pfizer/BioNTech",2880337,1096913,3977250
2021-05-13,"Johnson&Johnson, Moderna, Oxford/AstraZeneca, Pfizer/BioNTech",2964353,1106071,4070424
2021-05-14,"Johnson&Johnson, Moderna, Oxford/AstraZeneca, Pfizer/BioNTech",3043821,1113866,4157687
2021-05-15,"Johnson&Johnson, Moderna, Oxford/AstraZeneca, Pfizer/BioNTech",3075732,1116119,4191851
2021-05-16,"Johnson&Johnson, Moderna, Oxford/AstraZeneca, Pfizer/BioNTech",3101511,1117390,4218901
2021-05-17,"Johnson&Johnson, Moderna, Oxford/AstraZeneca, Pfizer/BioNTech",3174031,1124123,4298154
2021-05-18,"Johnson&Johnson, Moderna, Oxford/AstraZeneca, Pfizer/BioNTech",3245977,1137200,4383177
2021-05-19,"Johnson&Johnson, Moderna, Oxford/AstraZeneca, Pfizer/BioNTech",3323437,1152336,4475773
2021-05-20,"Johnson&Johnson, Moderna, Oxford/AstraZeneca, Pfizer/BioNTech",3398891,1179369,4578260
2021-05-21,"Johnson&Johnson, Moderna, Oxford/AstraZeneca, Pfizer/BioNTech",3467671,1207135,4674806
2021-05-22,"Johnson&Johnson, Moderna, Oxford/AstraZeneca, Pfizer/BioNTech",3500062,1218324,4718386
2021-05-23,"Johnson&Johnson, Moderna, Oxford/AstraZeneca, Pfizer/BioNTech",3522436,1227359,4749795
2021-05-24,"Johnson&Johnson, Moderna, Oxford/AstraZeneca, Pfizer/BioNTech",3569570,1261018,4830588
2021-05-25,"Johnson&Johnson, Moderna, Oxford/AstraZeneca, Pfizer/BioNTech",3621429,1296824,4918253
2021-05-26,"Johnson&Johnson, Moderna, Oxford/AstraZeneca, Pfizer/BioNTech",3689184,1334352,5023536
2021-05-27,"Johnson&Johnson, Moderna, Oxford/AstraZeneca, Pfizer/BioNTech",3750569,1381682,5132251
2021-05-28,"Johnson&Johnson, Moderna, Oxford/AstraZeneca, Pfizer/BioNTech",3812265,1428258,5240523
2021-05-29,"Johnson&Johnson, Moderna, Oxford/AstraZeneca, Pfizer/BioNTech",3841451,1445361,5286812
2021-05-30,"Johnson&Johnson, Moderna, Oxford/AstraZeneca, Pfizer/BioNTech",3863821,1459804,5323625
2021-05-31,"Johnson&Johnson, Moderna, Oxford/AstraZeneca, Pfizer/BioNTech",3919554,1507320,5426874
2021-06-01,"Johnson&Johnson, Moderna, Oxford/AstraZeneca, Pfizer/BioNTech",3978580,1556162,5534742
2021-06-02,"Johnson&Johnson, Moderna, Oxford/AstraZeneca, Pfizer/BioNTech",4041481,1610149,5651630
2021-06-03,"Johnson&Johnson, Moderna, Oxford/AstraZeneca, Pfizer/BioNTech",4099698,1670354,5770052
2021-06-04,"Johnson&Johnson, Moderna, Oxford/AstraZeneca, Pfizer/BioNTech",4162787,1727765,5890552
2021-06-05,"Johnson&Johnson, Moderna, Oxford/AstraZeneca, Pfizer/BioNTech",4196928,1746615,5943543
2021-06-06,"Johnson&Johnson, Moderna, Oxford/AstraZeneca, Pfizer/BioNTech",4223840,1761762,5985602
2021-06-07,"Johnson&Johnson, Moderna, Oxford/AstraZeneca, Pfizer/BioNTech",4287515,1817383,6104898
2021-06-08,"Johnson&Johnson, Moderna, Oxford/AstraZeneca, Pfizer/BioNTech",4351483,1872364,6223847
2021-06-09,"Johnson&Johnson, Moderna, Oxford/AstraZeneca, Pfizer/BioNTech",4410653,1936970,6347623
2021-06-10,"Johnson&Johnson, Moderna, Oxford/AstraZeneca, Pfizer/BioNTech",4464490,2008195,6472685
2021-06-11,"Johnson&Johnson, Moderna, Oxford/AstraZeneca, Pfizer/BioNTech",4516578,2077946,6594524
2021-06-12,"Johnson&Johnson, Moderna, Oxford/AstraZeneca, Pfizer/BioNTech",4548584,2098742,6647326
2021-06-13,"Johnson&Johnson, Moderna, Oxford/AstraZeneca, Pfizer/BioNTech",4572598,2117141,6689739
2021-06-14,"Johnson&Johnson, Moderna, Oxford/AstraZeneca, Pfizer/BioNTech",4615661,2191515,6807176
2021-06-15,"Johnson&Johnson, Moderna, Oxford/AstraZeneca, Pfizer/BioNTech",4660306,2263860,6924166
2021-06-16,"Johnson&Johnson, Moderna, Oxford/AstraZeneca, Pfizer/BioNTech",4703051,2342071,7045122
2021-06-17,"Johnson&Johnson, Moderna, Oxford/AstraZeneca, Pfizer/BioNTech",4742421,2425140,7167561
2021-06-18,"Johnson&Johnson, Moderna, Oxford/AstraZeneca, Pfizer/BioNTech",4784814,2505657,7290471
2021-06-19,"Johnson&Johnson, Moderna, Oxford/AstraZeneca, Pfizer/BioNTech",4806568,2534934,7341502
2021-06-20,"Johnson&Johnson, Moderna, Oxford/AstraZeneca, Pfizer/BioNTech",4823931,2558757,7382688
2021-06-21,"Johnson&Johnson, Moderna, Oxford/AstraZeneca, Pfizer/BioNTech",4856426,2637328,7493754
2021-06-22,"Johnson&Johnson, Moderna, Oxford/AstraZeneca, Pfizer/BioNTech",4889374,2719564,7608938
2021-06-23,"Johnson&Johnson, Moderna, Oxford/AstraZeneca, Pfizer/BioNTech",4921015,2804755,7725770
2021-06-24,"Johnson&Johnson, Moderna, Oxford/AstraZeneca, Pfizer/BioNTech",4950844,2894747,7845591
2021-06-25,"Johnson&Johnson, Moderna, Oxford/AstraZeneca, Pfizer/BioNTech",4981895,2980864,7962759
2021-06-26,"Johnson&Johnson, Moderna, Oxford/AstraZeneca, Pfizer/BioNTech",4997756,3015676,8013432
2021-06-27,"Johnson&Johnson, Moderna, Oxford/AstraZeneca, Pfizer/BioNTech",5011696,3042326,8054022
2021-06-28,"Johnson&Johnson, Moderna, Oxford/AstraZeneca, Pfizer/BioNTech",5040098,3127478,8167576
2021-06-29,"Johnson&Johnson, Moderna, Oxford/AstraZeneca, Pfizer/BioNTech",5069360,3213928,8283288
2021-06-30,"Johnson&Johnson, Moderna, Oxford/AstraZeneca, Pfizer/BioNTech",5096839,3304885,8401724
2021-07-01,"Johnson&Johnson, Moderna, Oxford/AstraZeneca, Pfizer/BioNTech",5120801,3394912,8515713
2021-07-02,"Johnson&Johnson, Moderna, Oxford/AstraZeneca, Pfizer/BioNTech",5147501,3480739,8628240
2021-07-03,"Johnson&Johnson, Moderna, Oxford/AstraZeneca, Pfizer/BioNTech",5154576,3512233,8666809
2021-07-04,"Johnson&Johnson, Moderna, Oxford/AstraZeneca, Pfizer/BioNTech",5162131,3534019,8696150
2021-07-05,"Johnson&Johnson, Moderna, Oxford/AstraZeneca, Pfizer/BioNTech",5169503,3559379,8728882
2021-07-06,"Johnson&Johnson, Moderna, Oxford/AstraZeneca, Pfizer/BioNTech",5174915,3587014,8761929
2021-07-07,"Johnson&Johnson, Moderna, Oxford/AstraZeneca, Pfizer/BioNTech",5200696,3665961,8866657
2021-07-08,"Johnson&Johnson, Moderna, Oxford/AstraZeneca, Pfizer/BioNTech",5227291,3736252,8963543
2021-07-09,"Johnson&Johnson, Moderna, Oxford/AstraZeneca, Pfizer/BioNTech",5255202,3805502,9060704
2021-07-10,"Johnson&Johnson, Moderna, Oxford/AstraZeneca, Pfizer/BioNTech",5264549,3834118,9098667
2021-07-11,"Johnson&Johnson, Moderna, Oxford/AstraZeneca, Pfizer/BioNTech",5273073,3856975,9130048
2021-07-12,"Johnson&Johnson, Moderna, Oxford/AstraZeneca, Pfizer/BioNTech",5300585,3926036,9226621
2021-07-13,"Johnson&Johnson, Moderna, Oxford/AstraZeneca, Pfizer/BioNTech",5326759,3995864,9322623
2021-07-14,"Johnson&Johnson, Moderna, Oxford/AstraZeneca, Pfizer/BioNTech",5352554,4067803,9420357
2021-07-15,"Johnson&Johnson, Moderna, Oxford/AstraZeneca, Pfizer/BioNTech",5381713,4133760,9515473
2021-07-16,"Johnson&Johnson, Moderna, Oxford/AstraZeneca, Pfizer/BioNTech",5409627,4206434,9616061
2021-07-17,"Johnson&Johnson, Moderna, Oxford/AstraZeneca, Pfizer/BioNTech",5418392,4237845,9656237
2021-07-18,"Johnson&Johnson, Moderna, Oxford/AstraZeneca, Pfizer/BioNTech",5426831,4263818,9690649
2021-07-19,"Johnson&Johnson, Moderna, Oxford/AstraZeneca, Pfizer/BioNTech",5450171,4330815,9780986
2021-07-20,"Johnson&Johnson, Moderna, Oxford/AstraZeneca, Pfizer/BioNTech",5471546,4397818,9869364
2021-07-21,"Johnson&Johnson, Moderna, Oxford/AstraZeneca, Pfizer/BioNTech",5494989,4461235,9956224
2021-07-22,"Johnson&Johnson, Moderna, Oxford/AstraZeneca, Pfizer/BioNTech",5517344,4519807,10037151
2021-07-23,"Johnson&Johnson, Moderna, Oxford/AstraZeneca, Pfizer/BioNTech",5540532,4574506,10115038
2021-07-24,"Johnson&Johnson, Moderna, Oxford/AstraZeneca, Pfizer/BioNTech",5547842,4602142,10149984
2021-07-25,"Johnson&Johnson, Moderna, Oxford/AstraZeneca, Pfizer/BioNTech",5554452,4624243,10178695
2021-07-26,"Johnson&Johnson, Moderna, Oxford/AstraZeneca, Pfizer/BioNTech",5577985,4672877,10250862
2021-07-27,"Johnson&Johnson, Moderna, Oxford/AstraZeneca, Pfizer/BioNTech",5600706,4719460,10320166
2021-07-28,"Johnson&Johnson, Moderna, Oxford/AstraZeneca, Pfizer/BioNTech",5621949,4765392,10387341
2021-07-29,"Johnson&Johnson, Moderna, Oxford/AstraZeneca, Pfizer/BioNTech",5643260,4807289,10450549
2021-07-30,"Johnson&Johnson, Moderna, Oxford/AstraZeneca, Pfizer/BioNTech",5666528,4849782,10516310
2021-07-31,"Johnson&Johnson, Moderna, Oxford/AstraZeneca, Pfizer/BioNTech",5675446,4869285,10544731
2021-08-01,"Johnson&Johnson, Moderna, Oxford/AstraZeneca, Pfizer/BioNTech",5682160,4885436,10567596
2021-08-02,"Johnson&Johnson, Moderna, Oxford/AstraZeneca, Pfizer/BioNTech",5700777,4922936,10623713
2021-08-03,"Johnson&Johnson, Moderna, Oxford/AstraZeneca, Pfizer/BioNTech",5718401,4960989,10679390
2021-08-04,"Johnson&Johnson, Moderna, Oxford/AstraZeneca, Pfizer/BioNTech",5734487,4997675,10732162
2021-08-05,"Johnson&Johnson, Moderna, Oxford/AstraZeneca, Pfizer/BioNTech",5750514,5038100,10788614
2021-08-06,"Johnson&Johnson, Moderna, Oxford/AstraZeneca, Pfizer/BioNTech",5767290,5081333,10848623
2021-08-07,"Johnson&Johnson, Moderna, Oxford/AstraZeneca, Pfizer/BioNTech",5772880,5099473,10872353
2021-08-08,"Johnson&Johnson, Moderna, Oxford/AstraZeneca, Pfizer/BioNTech",5777235,5115207,10892442
2021-08-09,"Johnson&Johnson, Moderna, Oxford/AstraZeneca, Pfizer/BioNTech",5789869,5160218,10950087
2021-08-10,"Johnson&Johnson, Moderna, Oxford/AstraZeneca, Pfizer/BioNTech",5801701,5199740,11001441
2021-08-11,"Johnson&Johnson, Moderna, Oxford/AstraZeneca, Pfizer/BioNTech",5813056,5242828,11055884
2021-08-12,"Johnson&Johnson, Moderna, Oxford/AstraZeneca, Pfizer/BioNTech",5824472,5279909,11104381
2021-08-13,"Johnson&Johnson, Moderna, Oxford/AstraZeneca, Pfizer/BioNTech",5835192,5320206,11155398
2021-08-14,"Johnson&Johnson, Moderna, Oxford/AstraZeneca, Pfizer/BioNTech",5838526,5330884,11169410
2021-08-15,"Johnson&Johnson, Moderna, Oxford/AstraZeneca, Pfizer/BioNTech",5841107,5341241,11182348
2021-08-16,"Johnson&Johnson, Moderna, Oxford/AstraZeneca, Pfizer/BioNTech",5850894,5375283,11226177
2021-08-17,"Johnson&Johnson, Moderna, Oxford/AstraZeneca, Pfizer/BioNTech",5860484,5402352,11262836
2021-08-18,"Johnson&Johnson, Moderna, Oxford/AstraZeneca, Pfizer/BioNTech",5869852,5441195,11311047
2021-08-19,"Johnson&Johnson, Moderna, Oxford/AstraZeneca, Pfizer/BioNTech",5879513,5479513,11359026
2021-08-20,"Johnson&Johnson, Moderna, Oxford/AstraZeneca, Pfizer/BioNTech",5890894,5519676,11410570
2021-08-21,"Johnson&Johnson, Moderna, Oxford/AstraZeneca, Pfizer/BioNTech",5893609,5532415,11426024
2021-08-22,"Johnson&Johnson, Moderna, Oxford/AstraZeneca, Pfizer/BioNTech",5895948,5544369,11440317
2021-08-23,"Johnson&Johnson, Moderna, Oxford/AstraZeneca, Pfizer/BioNTech",5906476,5583606,11490082
2021-08-24,"Johnson&Johnson, Moderna, Oxford/AstraZeneca, Pfizer/BioNTech",5916340,5616828,11533168
2021-08-25,"Johnson&Johnson, Moderna, Oxford/AstraZeneca, Pfizer/BioNTech",5925202,5645175,11570377
2021-08-26,"Johnson&Johnson, Moderna, Oxford/AstraZeneca, Pfizer/BioNTech",5933645,5671285,11604930
2021-08-27,"Johnson&Johnson, Moderna, Oxford/AstraZeneca, Pfizer/BioNTech",5943963,5697215,11641178
2021-08-28,"Johnson&Johnson, Moderna, Oxford/AstraZeneca, Pfizer/BioNTech",5946684,5704245,11650929
2021-08-29,"Johnson&Johnson, Moderna, Oxford/AstraZeneca, Pfizer/BioNTech",5949090,5710861,11659951
2021-08-30,"Johnson&Johnson, Moderna, Oxford/AstraZeneca, Pfizer/BioNTech",5957612,5732711,11690323
2021-08-31,"Johnson&Johnson, Moderna, Oxford/AstraZeneca, Pfizer/BioNTech",5965280,5750771,11716051
2021-09-01,"Johnson&Johnson, Moderna, Oxford/AstraZeneca, Pfizer/BioNTech",5971160,5764750,11735910
2021-09-02,"Johnson&Johnson, Moderna, Oxford/AstraZeneca, Pfizer/BioNTech",5977991,5779124,11757115
2021-09-03,"Johnson&Johnson, Moderna, Oxford/AstraZeneca, Pfizer/BioNTech",5987544,5794813,11782357
2021-09-04,"Johnson&Johnson, Moderna, Oxford/AstraZeneca, Pfizer/BioNTech",5989613,5798362,11787975
2021-09-05,"Johnson&Johnson, Moderna, Oxford/AstraZeneca, Pfizer/BioNTech",5991652,5801203,11792855
2021-09-06,"Johnson&Johnson, Moderna, Oxford/AstraZeneca, Pfizer/BioNTech",5997885,5813716,11811601
2021-09-07,"Johnson&Johnson, Moderna, Oxford/AstraZeneca, Pfizer/BioNTech",6002275,5824804,11827079
2021-09-08,"Johnson&Johnson, Moderna, Oxford/AstraZeneca, Pfizer/BioNTech",6007940,5834639,11842579
2021-09-09,"Johnson&Johnson, Moderna, Oxford/AstraZeneca, Pfizer/BioNTech",6014617,5844689,11859306
2021-09-10,"Johnson&Johnson, Moderna, Oxford/AstraZeneca, Pfizer/BioNTech",6022300,5856857,11879157
2021-09-11,"Johnson&Johnson, Moderna, Oxford/AstraZeneca, Pfizer/BioNTech",6024161,5859332,11883493
2021-09-12,"Johnson&Johnson, Moderna, Oxford/AstraZeneca, Pfizer/BioNTech",6025275,5860956,11886231
2021-09-13,"Johnson&Johnson, Moderna, Oxford/AstraZeneca, Pfizer/BioNTech",6030699,5871238,11901937
2021-09-14,"Johnson&Johnson, Moderna, Oxford/AstraZeneca, Pfizer/BioNTech",6036080,5880242,11916322
2021-09-15,"Johnson&Johnson, Moderna, Oxford/AstraZeneca, Pfizer/BioNTech",6041272,5888757,11930029
2021-09-16,"Johnson&Johnson, Moderna, Oxford/AstraZeneca, Pfizer/BioNTech",6046612,5897018,11943630
2021-09-17,"Johnson&Johnson, Moderna, Oxford/AstraZeneca, Pfizer/BioNTech",6053181,5907239,11960420
2021-09-18,"Johnson&Johnson, Moderna, Oxford/AstraZeneca, Pfizer/BioNTech",6054903,5909590,11964493
2021-09-19,"Johnson&Johnson, Moderna, Oxford/AstraZeneca, Pfizer/BioNTech",6055843,5911154,11966997
2021-09-20,"Johnson&Johnson, Moderna, Oxford/AstraZeneca, Pfizer/BioNTech",6059852,5919342,11979194
2021-09-21,"Johnson&Johnson, Moderna, Oxford/AstraZeneca, Pfizer/BioNTech",6064076,5926869,11990945
2021-09-22,"Johnson&Johnson, Moderna, Oxford/AstraZeneca, Pfizer/BioNTech",6068251,5932376,12000627
2021-09-23,"Johnson&Johnson, Moderna, Oxford/AstraZeneca, Pfizer/BioNTech",6073227,5938775,12012002
2021-09-24,"Johnson&Johnson, Moderna, Oxford/AstraZeneca, Pfizer/BioNTech",6078983,5948384,12027367
2021-09-25,"Johnson&Johnson, Moderna, Oxford/AstraZeneca, Pfizer/BioNTech",6080476,5950378,12030854
2021-09-26,"Johnson&Johnson, Moderna, Pfizer/BioNTech",6081216,5952015,12033231
2021-09-27,"Johnson&Johnson, Moderna, Oxford/AstraZeneca, Pfizer/BioNTech",6085092,5958514,12043606
2021-09-28,"Johnson&Johnson, Moderna, Pfizer/BioNTech",6085450,5959128,12044578
2021-09-29,"Johnson&Johnson, Moderna, Oxford/AstraZeneca, Pfizer/BioNTech",6089221,5966577,12055798
2021-09-30,"Johnson&Johnson, Moderna, Oxford/AstraZeneca, Pfizer/BioNTech",6093719,5974266,12067985
2021-10-01,"Johnson&Johnson, Moderna, Oxford/AstraZeneca, Pfizer/BioNTech",6098009,5982225,12080234
2021-10-02,"Johnson&Johnson, Moderna, Oxford/AstraZeneca, Pfizer/BioNTech",6099069,5983761,12082830
2021-10-03,"Johnson&Johnson, Moderna, Pfizer/BioNTech",6099788,5984624,12084412
2021-10-04,"Johnson&Johnson, Moderna, Oxford/AstraZeneca, Pfizer/BioNTech",6102858,5990187,12093045
2021-10-05,"Johnson&Johnson, Moderna, Oxford/AstraZeneca, Pfizer/BioNTech",6106014,5995250,12101264
2021-10-06,"Johnson&Johnson, Moderna, Oxford/AstraZeneca, Pfizer/BioNTech",6109522,6000408,12109930
2021-10-07,"Johnson&Johnson, Moderna, Oxford/AstraZeneca, Pfizer/BioNTech",6112792,6005652,12118444
2021-10-08,"Johnson&Johnson, Moderna, Oxford/AstraZeneca, Pfizer/BioNTech",6117576,6012277,12129853
2021-10-09,"Johnson&Johnson, Moderna, Oxford/AstraZeneca, Pfizer/BioNTech",6118817,6013928,12132745
2021-10-10,"Johnson&Johnson, Moderna, Oxford/AstraZeneca, Pfizer/BioNTech",6119757,6014757,12134514
2021-10-11,"Johnson&Johnson, Moderna, Oxford/AstraZeneca, Pfizer/BioNTech",6122686,6019165,12141851
2021-10-12,"Johnson&Johnson, Moderna, Oxford/AstraZeneca, Pfizer/BioNTech",6125609,6023159,12148768
2021-10-13,"Johnson&Johnson, Moderna, Oxford/AstraZeneca, Pfizer/BioNTech",6129142,6027338,12156480
2021-10-14,"Johnson&Johnson, Moderna, Oxford/AstraZeneca, Pfizer/BioNTech",6132817,6032277,12165094
2021-10-15,"Johnson&Johnson, Moderna, Oxford/AstraZeneca, Pfizer/BioNTech",6138044,6038408,12176452
2021-10-16,"Johnson&Johnson, Moderna, Oxford/AstraZeneca, Pfizer/BioNTech",6139453,6039925,12179378
2021-10-17,"Johnson&Johnson, Moderna, Pfizer/BioNTech",6140773,6040978,12181751
2021-10-18,"Johnson&Johnson, Moderna, Oxford/AstraZeneca, Pfizer/BioNTech",6144886,6045071,12189957
2021-10-19,"Johnson&Johnson, Moderna, Oxford/AstraZeneca, Pfizer/BioNTech",6148462,6047158,12195620
2021-10-20,"Johnson&Johnson, Moderna, Oxford/AstraZeneca, Pfizer/BioNTech",6153331,6051605,12204936
2021-10-21,"Johnson&Johnson, Moderna, Oxford/AstraZeneca, Pfizer/BioNTech",6161091,6057198,12218289
2021-10-22,"Johnson&Johnson, Moderna, Oxford/AstraZeneca, Pfizer/BioNTech",6171532,6063695,12235227
2021-10-23,"Johnson&Johnson, Moderna, Pfizer/BioNTech",6175206,6065900,12241106
2021-10-24,"Johnson&Johnson, Moderna, Pfizer/BioNTech",6177890,6067676,12245566
2021-10-25,"Johnson&Johnson, Moderna, Oxford/AstraZeneca, Pfizer/BioNTech",6188373,6073470,12261843
2021-10-26,"Johnson&Johnson, Moderna, Oxford/AstraZeneca, Pfizer/BioNTech",6200355,6080007,12280362
2021-10-27,"Johnson&Johnson, Moderna, Oxford/AstraZeneca, Pfizer/BioNTech",6214957,6087405,12302362
2021-10-28,"Johnson&Johnson, Moderna, Oxford/AstraZeneca, Pfizer/BioNTech",6218371,6089076,12307447
2021-10-29,"Johnson&Johnson, Moderna, Oxford/AstraZeneca, Pfizer/BioNTech",6232788,6097038,12329826
2021-10-30,"Johnson&Johnson, Moderna, Pfizer/BioNTech",6237319,6099952,12337271
2021-10-31,"Johnson&Johnson, Moderna, Oxford/AstraZeneca, Pfizer/BioNTech",6241082,6102424,12343506
2021-11-01,"Johnson&Johnson, Moderna, Oxford/AstraZeneca, Pfizer/BioNTech",6256274,6110103,12366377
2021-11-02,"Johnson&Johnson, Moderna, Oxford/AstraZeneca, Pfizer/BioNTech",6271719,6117651,12389370
2021-11-03,"Johnson&Johnson, Moderna, Oxford/AstraZeneca, Pfizer/BioNTech",6288898,6124941,12413839
2021-11-04,"Johnson&Johnson, Moderna, Oxford/AstraZeneca, Pfizer/BioNTech",6307248,6133107,12440355
2021-11-05,"Johnson&Johnson, Moderna, Oxford/AstraZeneca, Pfizer/BioNTech",6330054,6144369,12474423
2021-11-06,"Johnson&Johnson, Moderna, Oxford/AstraZeneca, Pfizer/BioNTech",6336561,6147420,12483981
2021-11-07,"Johnson&Johnson, Moderna, Oxford/AstraZeneca, Pfizer/BioNTech",6340576,6149850,12490426
2021-11-08,"Johnson&Johnson, Moderna, Oxford/AstraZeneca, Pfizer/BioNTech",6356883,6157477,12514360
2021-11-09,"Johnson&Johnson, Moderna, Oxford/AstraZeneca, Pfizer/BioNTech",6371688,6164768,12536456
2021-11-10,"Johnson&Johnson, Moderna, Oxford/AstraZeneca, Pfizer/BioNTech",6387419,6172139,12559558
2021-11-11,"Johnson&Johnson, Moderna, Oxford/AstraZeneca, Pfizer/BioNTech",6402879,6181236,12584115
2021-11-12,"Johnson&Johnson, Moderna, Oxford/AstraZeneca, Pfizer/BioNTech",6422674,6194011,12616685
2021-11-13,"Johnson&Johnson, Moderna, Oxford/AstraZeneca, Pfizer/BioNTech",6428061,6197875,12625936
2021-11-14,"Johnson&Johnson, Moderna, Oxford/AstraZeneca, Pfizer/BioNTech",6431946,6200877,12632823
2021-11-15,"Johnson&Johnson, Moderna, Oxford/AstraZeneca, Pfizer/BioNTech",6447017,6211558,12658575
2021-11-16,"Johnson&Johnson, Moderna, Oxford/AstraZeneca, Pfizer/BioNTech",6464540,6223529,12688069
2021-11-17,"Johnson&Johnson, Moderna, Oxford/AstraZeneca, Pfizer/BioNTech",6468768,6227087,12695855
2021-11-18,"Johnson&Johnson, Moderna, Oxford/AstraZeneca, Pfizer/BioNTech",6488165,6238760,12726925
2021-11-19,"Johnson&Johnson, Moderna, Oxford/AstraZeneca, Pfizer/BioNTech",6512769,6255727,12768496
2021-11-20,"Johnson&Johnson, Moderna, Oxford/AstraZeneca, Pfizer/BioNTech",6521337,6260699,12782036
2021-11-21,"Johnson&Johnson, Moderna, Oxford/AstraZeneca, Pfizer/BioNTech",6528106,6264470,12792576
2021-11-22,"Johnson&Johnson, Moderna, Oxford/AstraZeneca, Pfizer/BioNTech",6546606,6278567,12825173
2021-11-23,"Johnson&Johnson, Moderna, Oxford/AstraZeneca, Pfizer/BioNTech",6565643,6291815,12857458
2021-11-24,"Johnson&Johnson, Moderna, Oxford/AstraZeneca, Pfizer/BioNTech",6584601,6307646,12892247
2021-11-25,"Johnson&Johnson, Moderna, Oxford/AstraZeneca, Pfizer/BioNTech",6603718,6322664,12926382
2021-11-26,"Johnson&Johnson, Moderna, Oxford/AstraZeneca, Pfizer/BioNTech",6625277,6341784,12967061
2021-11-27,"Johnson&Johnson, Moderna, Oxford/AstraZeneca, Pfizer/BioNTech",6632725,6347327,12980052
2021-11-28,"Johnson&Johnson, Moderna, Oxford/AstraZeneca, Pfizer/BioNTech",6636054,6350458,12986512
2021-11-29,"Johnson&Johnson, Moderna, Oxford/AstraZeneca, Pfizer/BioNTech",6651190,6364105,13015295
2021-11-30,"Johnson&Johnson, Moderna, Oxford/AstraZeneca, Pfizer/BioNTech",6664287,6375312,13039599
2021-12-01,"Johnson&Johnson, Moderna, Oxford/AstraZeneca, Pfizer/BioNTech",6678226,6387741,13065967
2021-12-02,"Johnson&Johnson, Moderna, Oxford/AstraZeneca, Pfizer/BioNTech",6688759,6400219,13088978
2021-12-03,"Johnson&Johnson, Moderna, Pfizer/BioNTech",6698334,6415770,13114104
2021-12-04,"Johnson&Johnson, Moderna, Pfizer/BioNTech",6700872,6419711,13120583
2021-12-05,"Johnson&Johnson, Moderna, Pfizer/BioNTech",6702215,6422042,13124257
2021-12-06,"Johnson&Johnson, Moderna, Oxford/AstraZeneca, Pfizer/BioNTech",6710322,6433546,13143868
2021-12-07,"Johnson&Johnson, Moderna, Oxford/AstraZeneca, Pfizer/BioNTech",6718128,6445526,13163654
2021-12-08,"Johnson&Johnson, Moderna, Oxford/AstraZeneca, Pfizer/BioNTech",6726316,6451424,13177740
2021-12-09,"Johnson&Johnson, Moderna, Oxford/AstraZeneca, Pfizer/BioNTech",6733384,6464223,13197607
2021-12-10,"Johnson&Johnson, Moderna, Oxford/AstraZeneca, Pfizer/BioNTech",6740257,6481995,13222252
2021-12-11,"Johnson&Johnson, Moderna, Pfizer/BioNTech",6741911,6487260,13229171
2021-12-12,"Johnson&Johnson, Moderna, Oxford/AstraZeneca, Pfizer/BioNTech",6743212,6491689,13234901
2021-12-13,"Johnson&Johnson, Moderna, Oxford/AstraZeneca, Pfizer/BioNTech",6749563,6504957,13254520
2021-12-14,"Johnson&Johnson, Moderna, Oxford/AstraZeneca, Pfizer/BioNTech",6755747,6518591,13274338
2021-12-15,"Johnson&Johnson, Moderna, Oxford/AstraZeneca, Pfizer/BioNTech",6761910,6532162,13294072
2021-12-16,"Johnson&Johnson, Moderna, Oxford/AstraZeneca, Pfizer/BioNTech",6768758,6546920,13315678
2021-12-17,"Johnson&Johnson, Moderna, Oxford/AstraZeneca, Pfizer/BioNTech",6777000,6564116,13341116
2021-12-18,"Johnson&Johnson, Moderna, Pfizer/BioNTech",6779585,6569543,13349128
2021-12-19,"Johnson&Johnson, Moderna, Pfizer/BioNTech",6781350,6572034,13353384
2021-12-20,"Johnson&Johnson, Moderna, Oxford/AstraZeneca, Pfizer/BioNTech",6787090,6585990,13373080
2021-12-21,"Johnson&Johnson, Moderna, Oxford/AstraZeneca, Pfizer/BioNTech",6793701,6597880,13391581
2021-12-22,"Johnson&Johnson, Moderna, Pfizer/BioNTech",6798713,6610815,13409528
2021-12-23,"Johnson&Johnson, Moderna, Oxford/AstraZeneca, Pfizer/BioNTech",6801526,6616308,13417834
2021-12-24,"Johnson&Johnson, Moderna, Pfizer/BioNTech",6801571,6616403,13417974
2021-12-25,"Moderna, Pfizer/BioNTech",6801571,6616408,13417979
2021-12-26,"Moderna, Pfizer/BioNTech",6801667,6616601,13418268
2021-12-27,"Johnson&Johnson, Moderna, Pfizer/BioNTech",6805449,6626205,13431654
2021-12-28,"Johnson&Johnson, Moderna, Oxford/AstraZeneca, Pfizer/BioNTech",6810045,6633927,13443972
