date,vaccine,people_vaccinated,people_fully_vaccinated,total_vaccinations
2020-12-27,Pfizer/BioNTech,1281,0,1281
2020-12-28,Pfizer/BioNTech,3586,0,3586
2020-12-29,Pfizer/BioNTech,7051,0,7051
2020-12-30,Pfizer/BioNTech,10563,0,10563
2020-12-31,Pfizer/BioNTech,11867,0,11867
2021-01-01,"Moderna, Pfizer/BioNTech",12136,0,12136
2021-01-02,Pfizer/BioNTech,13412,0,13412
2021-01-03,Pfizer/BioNTech,14335,0,14335
2021-01-04,"Moderna, Pfizer/BioNTech",17941,0,17941
2021-01-05,"Moderna, Pfizer/BioNTech",22451,0,22451
2021-01-06,"Moderna, Pfizer/BioNTech",28287,1,28288
2021-01-07,"Moderna, Pfizer/BioNTech",36268,1,36269
2021-01-08,Pfizer/BioNTech,46306,1,46307
2021-01-09,"Moderna, Pfizer/BioNTech",48329,2,48331
2021-01-10,Pfizer/BioNTech,50095,4,50099
2021-01-11,Pfizer/BioNTech,59940,6,59946
2021-01-12,"Moderna, Pfizer/BioNTech",73336,8,73344
2021-01-13,Pfizer/BioNTech,86864,8,86872
2021-01-14,"Moderna, Pfizer/BioNTech",102086,11,102097
2021-01-15,"Moderna, Pfizer/BioNTech",116083,11,116094
2021-01-16,"Moderna, Pfizer/BioNTech",119473,14,119487
2021-01-17,"Moderna, Pfizer/BioNTech",122083,653,122736
2021-01-18,"Moderna, Pfizer/BioNTech",134558,2478,137036
2021-01-19,"Moderna, Pfizer/BioNTech",147141,5200,152341
2021-01-20,"Moderna, Pfizer/BioNTech",160808,7853,168661
2021-01-21,"Moderna, Pfizer/BioNTech",176442,9593,186035
2021-01-22,"Moderna, Pfizer/BioNTech",191295,10637,201932
2021-01-23,"Moderna, Pfizer/BioNTech",194608,11514,206122
2021-01-24,"Moderna, Pfizer/BioNTech",196861,12384,209245
2021-01-25,"Moderna, Pfizer/BioNTech",206496,15355,221851
2021-01-26,"Moderna, Pfizer/BioNTech",217030,19339,236369
2021-01-27,"Moderna, Pfizer/BioNTech",226054,23870,249924
2021-01-28,"Moderna, Pfizer/BioNTech",233143,29991,263134
2021-01-29,"Moderna, Pfizer/BioNTech",239341,37889,277230
2021-01-30,"Moderna, Pfizer/BioNTech",240072,38977,279049
2021-01-31,"Moderna, Pfizer/BioNTech",240783,40158,280941
2021-02-01,"Moderna, Pfizer/BioNTech",244758,48106,292864
2021-02-02,"Moderna, Pfizer/BioNTech",248889,58332,307221
2021-02-03,"Moderna, Pfizer/BioNTech",253301,69328,322629
2021-02-04,"Moderna, Pfizer/BioNTech",258194,82299,340493
2021-02-05,"Moderna, Pfizer/BioNTech",263649,92964,356613
2021-02-06,"Moderna, Oxford/AstraZeneca, Pfizer/BioNTech",264493,95319,359812
2021-02-07,"Moderna, Pfizer/BioNTech",265339,97814,363153
2021-02-08,"Moderna, Oxford/AstraZeneca, Pfizer/BioNTech",269406,109206,378612
2021-02-09,"Moderna, Oxford/AstraZeneca, Pfizer/BioNTech",274494,121134,395628
2021-02-10,"Moderna, Oxford/AstraZeneca, Pfizer/BioNTech",279991,134364,414355
2021-02-11,"Moderna, Oxford/AstraZeneca, Pfizer/BioNTech",286307,150568,436875
2021-02-12,"Moderna, Oxford/AstraZeneca, Pfizer/BioNTech",293059,165276,458335
2021-02-13,"Moderna, Oxford/AstraZeneca, Pfizer/BioNTech",294661,168260,462921
2021-02-14,"Moderna, Oxford/AstraZeneca, Pfizer/BioNTech",295659,169641,465300
2021-02-15,"Moderna, Oxford/AstraZeneca, Pfizer/BioNTech",302055,178986,481041
2021-02-16,"Moderna, Oxford/AstraZeneca, Pfizer/BioNTech",310768,188053,498821
2021-02-17,"Moderna, Oxford/AstraZeneca, Pfizer/BioNTech",320460,196345,516805
2021-02-18,"Moderna, Oxford/AstraZeneca, Pfizer/BioNTech",332769,204406,537175
2021-02-19,"Moderna, Oxford/AstraZeneca, Pfizer/BioNTech",344615,211740,556355
2021-02-20,"Moderna, Oxford/AstraZeneca, Pfizer/BioNTech",346604,212918,559522
2021-02-21,"Moderna, Oxford/AstraZeneca, Pfizer/BioNTech",347725,213937,561662
2021-02-22,"Moderna, Oxford/AstraZeneca, Pfizer/BioNTech",357838,219956,577794
2021-02-23,"Moderna, Oxford/AstraZeneca, Pfizer/BioNTech",370773,226920,597693
2021-02-24,"Moderna, Oxford/AstraZeneca, Pfizer/BioNTech",384639,232947,617586
2021-02-25,"Moderna, Oxford/AstraZeneca, Pfizer/BioNTech",402598,238485,641083
2021-02-26,"Moderna, Oxford/AstraZeneca, Pfizer/BioNTech",418751,243817,662568
2021-02-27,"Moderna, Oxford/AstraZeneca, Pfizer/BioNTech",421753,244370,666123
2021-02-28,"Moderna, Oxford/AstraZeneca, Pfizer/BioNTech",424092,244916,669008
2021-03-01,"Moderna, Oxford/AstraZeneca, Pfizer/BioNTech",443653,248353,692006
2021-03-02,"Moderna, Oxford/AstraZeneca, Pfizer/BioNTech",470860,251890,722750
2021-03-03,"Moderna, Oxford/AstraZeneca, Pfizer/BioNTech",501703,256383,758086
2021-03-04,"Moderna, Oxford/AstraZeneca, Pfizer/BioNTech",534938,261056,795994
2021-03-05,"Johnson&Johnson, Moderna, Oxford/AstraZeneca, Pfizer/BioNTech",563736,266460,830196
2021-03-06,"Johnson&Johnson, Moderna, Oxford/AstraZeneca, Pfizer/BioNTech",575868,267312,843180
2021-03-07,"Johnson&Johnson, Moderna, Oxford/AstraZeneca, Pfizer/BioNTech",587393,268148,855541
2021-03-08,"Johnson&Johnson, Moderna, Oxford/AstraZeneca, Pfizer/BioNTech",617093,272987,890080
2021-03-09,"Johnson&Johnson, Moderna, Oxford/AstraZeneca, Pfizer/BioNTech",653421,279359,932780
2021-03-10,"Moderna, Oxford/AstraZeneca, Pfizer/BioNTech",694694,286302,980996
2021-03-11,"Johnson&Johnson, Moderna, Oxford/AstraZeneca, Pfizer/BioNTech",739487,294665,1034152
2021-03-12,"Johnson&Johnson, Moderna, Oxford/AstraZeneca, Pfizer/BioNTech",778261,303115,1081376
2021-03-13,"Moderna, Oxford/AstraZeneca, Pfizer/BioNTech",795320,304413,1099733
2021-03-14,"Moderna, Oxford/AstraZeneca, Pfizer/BioNTech",807419,305556,1112975
2021-03-15,"Moderna, Oxford/AstraZeneca, Pfizer/BioNTech",835780,314323,1150103
2021-03-16,"Johnson&Johnson, Moderna, Oxford/AstraZeneca, Pfizer/BioNTech",874651,324847,1199498
2021-03-17,"Moderna, Oxford/AstraZeneca, Pfizer/BioNTech",912102,335340,1247442
2021-03-18,"Johnson&Johnson, Moderna, Oxford/AstraZeneca, Pfizer/BioNTech",950045,347741,1297786
2021-03-19,"Moderna, Oxford/AstraZeneca, Pfizer/BioNTech",984491,361337,1345828
2021-03-20,"Johnson&Johnson, Moderna, Oxford/AstraZeneca, Pfizer/BioNTech",999615,363349,1362964
2021-03-21,"Johnson&Johnson, Moderna, Oxford/AstraZeneca, Pfizer/BioNTech",1007015,364895,1371910
2021-03-22,"Johnson&Johnson, Moderna, Oxford/AstraZeneca, Pfizer/BioNTech",1031528,377386,1408914
2021-03-23,"Johnson&Johnson, Moderna, Oxford/AstraZeneca, Pfizer/BioNTech",1058133,390725,1448858
2021-03-24,"Johnson&Johnson, Moderna, Oxford/AstraZeneca, Pfizer/BioNTech",1084960,406442,1491402
2021-03-25,"Moderna, Oxford/AstraZeneca, Pfizer/BioNTech",1111260,424273,1535533
2021-03-26,"Moderna, Oxford/AstraZeneca, Pfizer/BioNTech",1136040,441757,1577797
2021-03-27,"Johnson&Johnson, Moderna, Oxford/AstraZeneca, Pfizer/BioNTech",1144457,446597,1591054
2021-03-28,"Moderna, Oxford/AstraZeneca, Pfizer/BioNTech",1149985,450734,1600719
2021-03-29,"Johnson&Johnson, Moderna, Oxford/AstraZeneca, Pfizer/BioNTech",1169086,471440,1640526
2021-03-30,"Johnson&Johnson, Moderna, Oxford/AstraZeneca, Pfizer/BioNTech",1193763,493606,1687369
2021-03-31,"Johnson&Johnson, Moderna, Oxford/AstraZeneca, Pfizer/BioNTech",1216837,520643,1737480
2021-04-01,"Johnson&Johnson, Moderna, Oxford/AstraZeneca, Pfizer/BioNTech",1242424,552675,1795099
2021-04-02,"Johnson&Johnson, Moderna, Oxford/AstraZeneca, Pfizer/BioNTech",1249321,565459,1814780
2021-04-03,"Johnson&Johnson, Moderna, Oxford/AstraZeneca, Pfizer/BioNTech",1252922,576368,1829290
2021-04-04,"Johnson&Johnson, Moderna, Oxford/AstraZeneca, Pfizer/BioNTech",1255413,585272,1840685
2021-04-05,"Johnson&Johnson, Moderna, Oxford/AstraZeneca, Pfizer/BioNTech",1257789,592446,1850235
2021-04-06,"Johnson&Johnson, Moderna, Oxford/AstraZeneca, Pfizer/BioNTech",1273892,621670,1895562
2021-04-07,"Johnson&Johnson, Moderna, Oxford/AstraZeneca, Pfizer/BioNTech",1297273,643884,1941157
2021-04-08,"Johnson&Johnson, Moderna, Oxford/AstraZeneca, Pfizer/BioNTech",1335920,674887,2010807
2021-04-09,"Johnson&Johnson, Moderna, Oxford/AstraZeneca, Pfizer/BioNTech",1375413,705050,2080463
2021-04-10,"Johnson&Johnson, Moderna, Oxford/AstraZeneca, Pfizer/BioNTech",1390869,720330,2111199
2021-04-11,"Johnson&Johnson, Moderna, Oxford/AstraZeneca, Pfizer/BioNTech",1400624,730354,2130978
2021-04-12,"Johnson&Johnson, Moderna, Oxford/AstraZeneca, Pfizer/BioNTech",1438847,755459,2194306
2021-04-13,"Moderna, Oxford/AstraZeneca, Pfizer/BioNTech",1475067,781480,2256547
2021-04-14,"Moderna, Oxford/AstraZeneca, Pfizer/BioNTech",1513838,808814,2322652
2021-04-15,"Moderna, Oxford/AstraZeneca, Pfizer/BioNTech",1561591,834512,2396103
2021-04-16,"Moderna, Oxford/AstraZeneca, Pfizer/BioNTech",1606212,860126,2466338
2021-04-17,"Moderna, Oxford/AstraZeneca, Pfizer/BioNTech",1622875,869146,2492021
2021-04-18,"Moderna, Oxford/AstraZeneca, Pfizer/BioNTech",1635840,874126,2509966
2021-04-19,"Moderna, Oxford/AstraZeneca, Pfizer/BioNTech",1679815,889571,2569386
2021-04-20,"Johnson&Johnson, Moderna, Oxford/AstraZeneca, Pfizer/BioNTech",1722335,905419,2627754
2021-04-21,"Moderna, Oxford/AstraZeneca, Pfizer/BioNTech",1770031,919748,2689779
2021-04-22,"Johnson&Johnson, Moderna, Oxford/AstraZeneca, Pfizer/BioNTech",1824496,937113,2761609
2021-04-23,"Johnson&Johnson, Moderna, Oxford/AstraZeneca, Pfizer/BioNTech",1874417,949143,2823560
2021-04-24,"Johnson&Johnson, Moderna, Oxford/AstraZeneca, Pfizer/BioNTech",1892231,954376,2846607
2021-04-25,"Johnson&Johnson, Moderna, Oxford/AstraZeneca, Pfizer/BioNTech",1906901,958360,2865261
2021-04-26,"Johnson&Johnson, Moderna, Oxford/AstraZeneca, Pfizer/BioNTech",1956459,965896,2922355
2021-04-27,"Johnson&Johnson, Moderna, Oxford/AstraZeneca, Pfizer/BioNTech",2005420,978106,2983526
2021-04-28,"Johnson&Johnson, Moderna, Oxford/AstraZeneca, Pfizer/BioNTech",2064145,992077,3056222
2021-04-29,"Johnson&Johnson, Moderna, Oxford/AstraZeneca, Pfizer/BioNTech",2129674,1007924,3137598
2021-04-30,"Johnson&Johnson, Moderna, Oxford/AstraZeneca, Pfizer/BioNTech",2191870,1017858,3209728
2021-05-01,"Johnson&Johnson, Moderna, Oxford/AstraZeneca, Pfizer/BioNTech",2211164,1021281,3232445
2021-05-02,"Johnson&Johnson, Moderna, Oxford/AstraZeneca, Pfizer/BioNTech",2230061,1023535,3253596
2021-05-03,"Johnson&Johnson, Moderna, Oxford/AstraZeneca, Pfizer/BioNTech",2297279,1028580,3325859
2021-05-04,"Johnson&Johnson, Moderna, Oxford/AstraZeneca, Pfizer/BioNTech",2363749,1036885,3400634
2021-05-05,"Johnson&Johnson, Moderna, Oxford/AstraZeneca, Pfizer/BioNTech",2436875,1046254,3483129
2021-05-06,"Johnson&Johnson, Moderna, Oxford/AstraZeneca, Pfizer/BioNTech",2517241,1056930,3574171
2021-05-07,"Johnson&Johnson, Moderna, Oxford/AstraZeneca, Pfizer/BioNTech",2594463,1066952,3661415
2021-05-08,"Johnson&Johnson, Moderna, Oxford/AstraZeneca, Pfizer/BioNTech",2623866,1068693,3692559
2021-05-09,"Johnson&Johnson, Moderna, Oxford/AstraZeneca, Pfizer/BioNTech",2648037,1069881,3717918
2021-05-10,"Johnson&Johnson, Moderna, Oxford/AstraZeneca, Pfizer/BioNTech",2720769,1077075,3797844
2021-05-11,"Johnson&Johnson, Moderna, Oxford/AstraZeneca, Pfizer/BioNTech",2796844,1085851,3882695
2021-05-12,"Johnson&Johnson, Moderna, Oxford/AstraZeneca, Pfizer/BioNTech",2876671,1094900,3971571
2021-05-13,"Johnson&Johnson, Moderna, Oxford/AstraZeneca, Pfizer/BioNTech",2960661,1104030,4064691
2021-05-14,"Johnson&Johnson, Moderna, Oxford/AstraZeneca, Pfizer/BioNTech",3040059,1111760,4151819
2021-05-15,"Johnson&Johnson, Moderna, Oxford/AstraZeneca, Pfizer/BioNTech",3071902,1113959,4185861
2021-05-16,"Johnson&Johnson, Moderna, Oxford/AstraZeneca, Pfizer/BioNTech",3097648,1115201,4212849
2021-05-17,"Johnson&Johnson, Moderna, Oxford/AstraZeneca, Pfizer/BioNTech",3170125,1121883,4292008
2021-05-18,"Johnson&Johnson, Moderna, Oxford/AstraZeneca, Pfizer/BioNTech",3242029,1134880,4376909
2021-05-19,"Johnson&Johnson, Moderna, Oxford/AstraZeneca, Pfizer/BioNTech",3319459,1149976,4469435
2021-05-20,"Johnson&Johnson, Moderna, Oxford/AstraZeneca, Pfizer/BioNTech",3394858,1176945,4571803
2021-05-21,"Johnson&Johnson, Moderna, Oxford/AstraZeneca, Pfizer/BioNTech",3463594,1204628,4668222
2021-05-22,"Johnson&Johnson, Moderna, Oxford/AstraZeneca, Pfizer/BioNTech",3495931,1215765,4711696
2021-05-23,"Johnson&Johnson, Moderna, Oxford/AstraZeneca, Pfizer/BioNTech",3518244,1224773,4743017
2021-05-24,"Johnson&Johnson, Moderna, Oxford/AstraZeneca, Pfizer/BioNTech",3565359,1258377,4823736
2021-05-25,"Johnson&Johnson, Moderna, Oxford/AstraZeneca, Pfizer/BioNTech",3617192,1294131,4911323
2021-05-26,"Johnson&Johnson, Moderna, Oxford/AstraZeneca, Pfizer/BioNTech",3684918,1331609,5016527
2021-05-27,"Johnson&Johnson, Moderna, Oxford/AstraZeneca, Pfizer/BioNTech",3746284,1378875,5125159
2021-05-28,"Johnson&Johnson, Moderna, Oxford/AstraZeneca, Pfizer/BioNTech",3807951,1425372,5233323
2021-05-29,"Johnson&Johnson, Moderna, Oxford/AstraZeneca, Pfizer/BioNTech",3837102,1442442,5279544
2021-05-30,"Johnson&Johnson, Moderna, Oxford/AstraZeneca, Pfizer/BioNTech",3859441,1456849,5316290
2021-05-31,"Johnson&Johnson, Moderna, Oxford/AstraZeneca, Pfizer/BioNTech",3915160,1504360,5419520
2021-06-01,"Johnson&Johnson, Moderna, Oxford/AstraZeneca, Pfizer/BioNTech",3974171,1553140,5527311
2021-06-02,"Johnson&Johnson, Moderna, Oxford/AstraZeneca, Pfizer/BioNTech",4037037,1607048,5644085
2021-06-03,"Johnson&Johnson, Moderna, Oxford/AstraZeneca, Pfizer/BioNTech",4095248,1667201,5762449
2021-06-04,"Johnson&Johnson, Moderna, Oxford/AstraZeneca, Pfizer/BioNTech",4158318,1724518,5882836
2021-06-05,"Johnson&Johnson, Moderna, Oxford/AstraZeneca, Pfizer/BioNTech",4192443,1743294,5935737
2021-06-06,"Johnson&Johnson, Moderna, Oxford/AstraZeneca, Pfizer/BioNTech",4219343,1758388,5977731
2021-06-07,"Johnson&Johnson, Moderna, Oxford/AstraZeneca, Pfizer/BioNTech",4283010,1813959,6096969
2021-06-08,"Johnson&Johnson, Moderna, Oxford/AstraZeneca, Pfizer/BioNTech",4346976,1868869,6215845
2021-06-09,"Johnson&Johnson, Moderna, Oxford/AstraZeneca, Pfizer/BioNTech",4406157,1933240,6339397
2021-06-10,"Johnson&Johnson, Moderna, Oxford/AstraZeneca, Pfizer/BioNTech",4460033,2004273,6464306
2021-06-11,"Johnson&Johnson, Moderna, Oxford/AstraZeneca, Pfizer/BioNTech",4512124,2073924,6586048
2021-06-12,"Johnson&Johnson, Moderna, Oxford/AstraZeneca, Pfizer/BioNTech",4544103,2094652,6638755
2021-06-13,"Johnson&Johnson, Moderna, Oxford/AstraZeneca, Pfizer/BioNTech",4568104,2113010,6681114
2021-06-14,"Johnson&Johnson, Moderna, Oxford/AstraZeneca, Pfizer/BioNTech",4611167,2187307,6798474
2021-06-15,"Johnson&Johnson, Moderna, Oxford/AstraZeneca, Pfizer/BioNTech",4655804,2259559,6915363
2021-06-16,"Johnson&Johnson, Moderna, Oxford/AstraZeneca, Pfizer/BioNTech",4698523,2337688,7036211
2021-06-17,"Johnson&Johnson, Moderna, Oxford/AstraZeneca, Pfizer/BioNTech",4737888,2420659,7158547
2021-06-18,"Johnson&Johnson, Moderna, Oxford/AstraZeneca, Pfizer/BioNTech",4780267,2501069,7281336
2021-06-19,"Johnson&Johnson, Moderna, Oxford/AstraZeneca, Pfizer/BioNTech",4802005,2530284,7332289
2021-06-20,"Johnson&Johnson, Moderna, Oxford/AstraZeneca, Pfizer/BioNTech",4819359,2554048,7373407
2021-06-21,"Johnson&Johnson, Moderna, Oxford/AstraZeneca, Pfizer/BioNTech",4851855,2632526,7484381
2021-06-22,"Johnson&Johnson, Moderna, Oxford/AstraZeneca, Pfizer/BioNTech",4884810,2714686,7599496
2021-06-23,"Johnson&Johnson, Moderna, Oxford/AstraZeneca, Pfizer/BioNTech",4916448,2799810,7716258
2021-06-24,"Johnson&Johnson, Moderna, Oxford/AstraZeneca, Pfizer/BioNTech",4946281,2889745,7836026
2021-06-25,"Johnson&Johnson, Moderna, Oxford/AstraZeneca, Pfizer/BioNTech",4977320,2975782,7953102
2021-06-26,"Johnson&Johnson, Moderna, Oxford/AstraZeneca, Pfizer/BioNTech",4993171,3010524,8003695
2021-06-27,"Johnson&Johnson, Moderna, Oxford/AstraZeneca, Pfizer/BioNTech",5007104,3037114,8044218
2021-06-28,"Johnson&Johnson, Moderna, Oxford/AstraZeneca, Pfizer/BioNTech",5035515,3122201,8157716
2021-06-29,"Johnson&Johnson, Moderna, Oxford/AstraZeneca, Pfizer/BioNTech",5064774,3208572,8273346
2021-06-30,"Johnson&Johnson, Moderna, Oxford/AstraZeneca, Pfizer/BioNTech",5092258,3299421,8391679
2021-07-01,"Johnson&Johnson, Moderna, Oxford/AstraZeneca, Pfizer/BioNTech",5116226,3389360,8505586
2021-07-02,"Johnson&Johnson, Moderna, Oxford/AstraZeneca, Pfizer/BioNTech",5142931,3475083,8618014
2021-07-03,"Johnson&Johnson, Moderna, Oxford/AstraZeneca, Pfizer/BioNTech",5150000,3506538,8656538
2021-07-04,"Johnson&Johnson, Moderna, Oxford/AstraZeneca, Pfizer/BioNTech",5157544,3528299,8685843
2021-07-05,"Johnson&Johnson, Moderna, Oxford/AstraZeneca, Pfizer/BioNTech",5164891,3553616,8718507
2021-07-06,"Johnson&Johnson, Moderna, Oxford/AstraZeneca, Pfizer/BioNTech",5170284,3581189,8751473
2021-07-07,"Johnson&Johnson, Moderna, Oxford/AstraZeneca, Pfizer/BioNTech",5196059,3660063,8856122
2021-07-08,"Johnson&Johnson, Moderna, Oxford/AstraZeneca, Pfizer/BioNTech",5222643,3730288,8952931
2021-07-09,"Johnson&Johnson, Moderna, Oxford/AstraZeneca, Pfizer/BioNTech",5250539,3799463,9050002
2021-07-10,"Johnson&Johnson, Moderna, Oxford/AstraZeneca, Pfizer/BioNTech",5259875,3828027,9087902
2021-07-11,"Johnson&Johnson, Moderna, Oxford/AstraZeneca, Pfizer/BioNTech",5268391,3850877,9119268
2021-07-12,"Johnson&Johnson, Moderna, Oxford/AstraZeneca, Pfizer/BioNTech",5295908,3919899,9215807
2021-07-13,"Johnson&Johnson, Moderna, Oxford/AstraZeneca, Pfizer/BioNTech",5322069,3989681,9311750
2021-07-14,"Johnson&Johnson, Moderna, Oxford/AstraZeneca, Pfizer/BioNTech",5347868,4061583,9409451
2021-07-15,"Johnson&Johnson, Moderna, Oxford/AstraZeneca, Pfizer/BioNTech",5377026,4127497,9504523
2021-07-16,"Johnson&Johnson, Moderna, Oxford/AstraZeneca, Pfizer/BioNTech",5404924,4200109,9605033
2021-07-17,"Johnson&Johnson, Moderna, Oxford/AstraZeneca, Pfizer/BioNTech",5413678,4231492,9645170
2021-07-18,"Johnson&Johnson, Moderna, Oxford/AstraZeneca, Pfizer/BioNTech",5422109,4257451,9679560
2021-07-19,"Johnson&Johnson, Moderna, Oxford/AstraZeneca, Pfizer/BioNTech",5445441,4324398,9769839
2021-07-20,"Johnson&Johnson, Moderna, Oxford/AstraZeneca, Pfizer/BioNTech",5466817,4391353,9858170
2021-07-21,"Johnson&Johnson, Moderna, Oxford/AstraZeneca, Pfizer/BioNTech",5490256,4454718,9944974
2021-07-22,"Johnson&Johnson, Moderna, Oxford/AstraZeneca, Pfizer/BioNTech",5512595,4513253,10025848
2021-07-23,"Johnson&Johnson, Moderna, Oxford/AstraZeneca, Pfizer/BioNTech",5535766,4567896,10103662
2021-07-24,"Johnson&Johnson, Moderna, Oxford/AstraZeneca, Pfizer/BioNTech",5543067,4595499,10138566
2021-07-25,"Johnson&Johnson, Moderna, Oxford/AstraZeneca, Pfizer/BioNTech",5549666,4617582,10167248
2021-07-26,"Johnson&Johnson, Moderna, Oxford/AstraZeneca, Pfizer/BioNTech",5573174,4666148,10239322
2021-07-27,"Johnson&Johnson, Moderna, Oxford/AstraZeneca, Pfizer/BioNTech",5595890,4712690,10308580
2021-07-28,"Johnson&Johnson, Moderna, Oxford/AstraZeneca, Pfizer/BioNTech",5617113,4758571,10375684
2021-07-29,"Johnson&Johnson, Moderna, Oxford/AstraZeneca, Pfizer/BioNTech",5638411,4800424,10438835
2021-07-30,"Johnson&Johnson, Moderna, Oxford/AstraZeneca, Pfizer/BioNTech",5661669,4842886,10504555
2021-07-31,"Johnson&Johnson, Moderna, Oxford/AstraZeneca, Pfizer/BioNTech",5670583,4862376,10532959
2021-08-01,"Johnson&Johnson, Moderna, Oxford/AstraZeneca, Pfizer/BioNTech",5677292,4878504,10555796
2021-08-02,"Johnson&Johnson, Moderna, Oxford/AstraZeneca, Pfizer/BioNTech",5695899,4915980,10611879
2021-08-03,"Johnson&Johnson, Moderna, Oxford/AstraZeneca, Pfizer/BioNTech",5713513,4954001,10667514
2021-08-04,"Johnson&Johnson, Moderna, Oxford/AstraZeneca, Pfizer/BioNTech",5729581,4990643,10720224
2021-08-05,"Johnson&Johnson, Moderna, Oxford/AstraZeneca, Pfizer/BioNTech",5745584,5031026,10776610
2021-08-06,"Johnson&Johnson, Moderna, Oxford/AstraZeneca, Pfizer/BioNTech",5762350,5074219,10836569
2021-08-07,"Johnson&Johnson, Moderna, Oxford/AstraZeneca, Pfizer/BioNTech",5767928,5092340,10860268
2021-08-08,"Johnson&Johnson, Moderna, Oxford/AstraZeneca, Pfizer/BioNTech",5772274,5108059,10880333
2021-08-09,"Johnson&Johnson, Moderna, Oxford/AstraZeneca, Pfizer/BioNTech",5784902,5153047,10937949
2021-08-10,"Johnson&Johnson, Moderna, Oxford/AstraZeneca, Pfizer/BioNTech",5796715,5192551,10989266
2021-08-11,"Johnson&Johnson, Moderna, Oxford/AstraZeneca, Pfizer/BioNTech",5808059,5235622,11043681
2021-08-12,"Johnson&Johnson, Moderna, Oxford/AstraZeneca, Pfizer/BioNTech",5819455,5272684,11092139
2021-08-13,"Johnson&Johnson, Moderna, Oxford/AstraZeneca, Pfizer/BioNTech",5830139,5312939,11143078
2021-08-14,"Johnson&Johnson, Moderna, Oxford/AstraZeneca, Pfizer/BioNTech",5833471,5323610,11157081
2021-08-15,"Johnson&Johnson, Moderna, Oxford/AstraZeneca, Pfizer/BioNTech",5836044,5333961,11170005
2021-08-16,"Johnson&Johnson, Moderna, Oxford/AstraZeneca, Pfizer/BioNTech",5845811,5367969,11213780
2021-08-17,"Johnson&Johnson, Moderna, Oxford/AstraZeneca, Pfizer/BioNTech",5855389,5395013,11250402
2021-08-18,"Johnson&Johnson, Moderna, Oxford/AstraZeneca, Pfizer/BioNTech",5864751,5433827,11298578
2021-08-19,"Johnson&Johnson, Moderna, Oxford/AstraZeneca, Pfizer/BioNTech",5874406,5472127,11346533
2021-08-20,"Johnson&Johnson, Moderna, Oxford/AstraZeneca, Pfizer/BioNTech",5885740,5512262,11398002
2021-08-21,"Johnson&Johnson, Moderna, Oxford/AstraZeneca, Pfizer/BioNTech",5888447,5524991,11413438
2021-08-22,"Johnson&Johnson, Moderna, Oxford/AstraZeneca, Pfizer/BioNTech",5890781,5536939,11427720
2021-08-23,"Johnson&Johnson, Moderna, Oxford/AstraZeneca, Pfizer/BioNTech",5901299,5576134,11477433
2021-08-24,"Johnson&Johnson, Moderna, Oxford/AstraZeneca, Pfizer/BioNTech",5911153,5609331,11520484
2021-08-25,"Johnson&Johnson, Moderna, Oxford/AstraZeneca, Pfizer/BioNTech",5919998,5637641,11557639
2021-08-26,"Johnson&Johnson, Moderna, Oxford/AstraZeneca, Pfizer/BioNTech",5928422,5663720,11592142
2021-08-27,"Johnson&Johnson, Moderna, Oxford/AstraZeneca, Pfizer/BioNTech",5938724,5689623,11628347
2021-08-28,"Johnson&Johnson, Moderna, Oxford/AstraZeneca, Pfizer/BioNTech",5941436,5696643,11638079
2021-08-29,"Johnson&Johnson, Moderna, Oxford/AstraZeneca, Pfizer/BioNTech",5943836,5703247,11647083
2021-08-30,"Johnson&Johnson, Moderna, Oxford/AstraZeneca, Pfizer/BioNTech",5952339,5725066,11677405
2021-08-31,"Johnson&Johnson, Moderna, Oxford/AstraZeneca, Pfizer/BioNTech",5959986,5743107,11703093
2021-09-01,"Johnson&Johnson, Moderna, Oxford/AstraZeneca, Pfizer/BioNTech",5965857,5757065,11722922
2021-09-02,"Johnson&Johnson, Moderna, Oxford/AstraZeneca, Pfizer/BioNTech",5972650,5771405,11744055
2021-09-03,"Johnson&Johnson, Moderna, Oxford/AstraZeneca, Pfizer/BioNTech",5982152,5787048,11769200
2021-09-04,"Johnson&Johnson, Moderna, Oxford/AstraZeneca, Pfizer/BioNTech",5984205,5790586,11774791
2021-09-05,"Johnson&Johnson, Moderna, Oxford/AstraZeneca, Pfizer/BioNTech",5986234,5793413,11779647
2021-09-06,"Johnson&Johnson, Moderna, Oxford/AstraZeneca, Pfizer/BioNTech",5992405,5805897,11798302
2021-09-07,"Johnson&Johnson, Moderna, Oxford/AstraZeneca, Pfizer/BioNTech",5996756,5816966,11813722
2021-09-08,"Johnson&Johnson, Moderna, Oxford/AstraZeneca, Pfizer/BioNTech",6002399,5826782,11829181
2021-09-09,"Johnson&Johnson, Moderna, Oxford/AstraZeneca, Pfizer/BioNTech",6009043,5836825,11845868
2021-09-10,"Johnson&Johnson, Moderna, Oxford/AstraZeneca, Pfizer/BioNTech",6016687,5848971,11865658
2021-09-11,"Johnson&Johnson, Moderna, Pfizer/BioNTech",6018541,5851436,11869977
2021-09-12,"Johnson&Johnson, Moderna, Oxford/AstraZeneca, Pfizer/BioNTech",6019653,5853055,11872708
2021-09-13,"Johnson&Johnson, Moderna, Oxford/AstraZeneca, Pfizer/BioNTech",6025064,5863301,11888365
2021-09-14,"Johnson&Johnson, Moderna, Oxford/AstraZeneca, Pfizer/BioNTech",6030427,5872291,11902718
2021-09-15,"Johnson&Johnson, Moderna, Oxford/AstraZeneca, Pfizer/BioNTech",6035605,5880796,11916401
2021-09-16,"Johnson&Johnson, Moderna, Oxford/AstraZeneca, Pfizer/BioNTech",6040878,5889040,11929918
2021-09-17,"Johnson&Johnson, Moderna, Oxford/AstraZeneca, Pfizer/BioNTech",6047417,5899228,11946645
2021-09-18,"Johnson&Johnson, Moderna, Oxford/AstraZeneca, Pfizer/BioNTech",6049137,5901568,11950705
2021-09-19,"Johnson&Johnson, Moderna, Oxford/AstraZeneca, Pfizer/BioNTech",6050075,5903129,11953204
2021-09-20,"Johnson&Johnson, Moderna, Oxford/AstraZeneca, Pfizer/BioNTech",6054054,5911298,11965352
2021-09-21,"Johnson&Johnson, Moderna, Oxford/AstraZeneca, Pfizer/BioNTech",6058177,5918810,11976987
2021-09-22,"Johnson&Johnson, Moderna, Oxford/AstraZeneca, Pfizer/BioNTech",6062323,5924311,11986634
2021-09-23,"Johnson&Johnson, Moderna, Oxford/AstraZeneca, Pfizer/BioNTech",6067278,5930703,11997981
2021-09-24,"Johnson&Johnson, Moderna, Oxford/AstraZeneca, Pfizer/BioNTech",6073013,5940303,12013316
2021-09-25,"Johnson&Johnson, Moderna, Pfizer/BioNTech",6074500,5942279,12016779
2021-09-26,"Johnson&Johnson, Moderna, Pfizer/BioNTech",6075238,5943902,12019140
2021-09-27,"Johnson&Johnson, Moderna, Oxford/AstraZeneca, Pfizer/BioNTech",6079043,5950371,12029414
2021-09-28,"Johnson&Johnson, Moderna, Pfizer/BioNTech",6079373,5950966,12030339
2021-09-29,"Johnson&Johnson, Moderna, Oxford/AstraZeneca, Pfizer/BioNTech",6083107,5958386,12041493
2021-09-30,"Johnson&Johnson, Moderna, Oxford/AstraZeneca, Pfizer/BioNTech",6087479,5966041,12053520
2021-10-01,"Johnson&Johnson, Moderna, Oxford/AstraZeneca, Pfizer/BioNTech",6091697,5973978,12065675
2021-10-02,"Johnson&Johnson, Moderna, Pfizer/BioNTech",6092736,5975505,12068241
2021-10-03,"Johnson&Johnson, Moderna, Pfizer/BioNTech",6093439,5976366,12069805
2021-10-04,"Johnson&Johnson, Moderna, Oxford/AstraZeneca, Pfizer/BioNTech",6096439,5981915,12078354
2021-10-05,"Johnson&Johnson, Moderna, Oxford/AstraZeneca, Pfizer/BioNTech",6099486,5986960,12086446
2021-10-06,"Johnson&Johnson, Moderna, Oxford/AstraZeneca, Pfizer/BioNTech",6102930,5992099,12095029
2021-10-07,"Johnson&Johnson, Moderna, Oxford/AstraZeneca, Pfizer/BioNTech",6106103,5997287,12103390
2021-10-08,"Johnson&Johnson, Moderna, Oxford/AstraZeneca, Pfizer/BioNTech",6110823,6003865,12114688
2021-10-09,"Johnson&Johnson, Moderna, Pfizer/BioNTech",6112053,6005507,12117560
2021-10-10,"Johnson&Johnson, Moderna, Pfizer/BioNTech",6112983,6006334,12119317
2021-10-11,"Johnson&Johnson, Moderna, Oxford/AstraZeneca, Pfizer/BioNTech",6115828,6010693,12126521
2021-10-12,"Johnson&Johnson, Moderna, Oxford/AstraZeneca, Pfizer/BioNTech",6118541,6014607,12133148
2021-10-13,"Johnson&Johnson, Moderna, Oxford/AstraZeneca, Pfizer/BioNTech",6121951,6018732,12140683
2021-10-14,"Johnson&Johnson, Moderna, Oxford/AstraZeneca, Pfizer/BioNTech",6125503,6023664,12149167
2021-10-15,"Johnson&Johnson, Moderna, Oxford/AstraZeneca, Pfizer/BioNTech",6130599,6029784,12160383
2021-10-16,"Johnson&Johnson, Moderna, Pfizer/BioNTech",6131969,6031294,12163263
2021-10-17,"Johnson&Johnson, Moderna, Pfizer/BioNTech",6133283,6032343,12165626
2021-10-18,"Johnson&Johnson, Moderna, Oxford/AstraZeneca, Pfizer/BioNTech",6137260,6036383,12173643
2021-10-19,"Johnson&Johnson, Moderna, Oxford/AstraZeneca, Pfizer/BioNTech",6140720,6038455,12179175
2021-10-20,"Johnson&Johnson, Moderna, Oxford/AstraZeneca, Pfizer/BioNTech",6145495,6042870,12188365
2021-10-21,"Johnson&Johnson, Moderna, Oxford/AstraZeneca, Pfizer/BioNTech",6153053,6048350,12201403
2021-10-22,"Johnson&Johnson, Moderna, Oxford/AstraZeneca, Pfizer/BioNTech",6163378,6054825,12218203
2021-10-23,"Johnson&Johnson, Moderna, Pfizer/BioNTech",6167006,6057020,12224026
2021-10-24,"Johnson&Johnson, Moderna, Pfizer/BioNTech",6169680,6058790,12228470
2021-10-25,"Johnson&Johnson, Moderna, Oxford/AstraZeneca, Pfizer/BioNTech",6179958,6064526,12244484
2021-10-26,"Johnson&Johnson, Moderna, Oxford/AstraZeneca, Pfizer/BioNTech",6191558,6070963,12262521
2021-10-27,"Johnson&Johnson, Moderna, Oxford/AstraZeneca, Pfizer/BioNTech",6205898,6078281,12284179
2021-10-28,"Johnson&Johnson, Moderna, Pfizer/BioNTech",6209228,6079912,12289140
2021-10-29,"Johnson&Johnson, Moderna, Oxford/AstraZeneca, Pfizer/BioNTech",6223379,6087748,12311127
2021-10-30,"Johnson&Johnson, Moderna, Pfizer/BioNTech",6227811,6090603,12318414
2021-10-31,"Johnson&Johnson, Moderna, Oxford/AstraZeneca, Pfizer/BioNTech",6231499,6093026,12324525
2021-11-01,"Johnson&Johnson, Moderna, Oxford/AstraZeneca, Pfizer/BioNTech",6246238,6100481,12346719
2021-11-02,"Johnson&Johnson, Moderna, Oxford/AstraZeneca, Pfizer/BioNTech",6261286,6107780,12369066
2021-11-03,"Johnson&Johnson, Moderna, Oxford/AstraZeneca, Pfizer/BioNTech",6277842,6114617,12392459
2021-11-04,"Johnson&Johnson, Moderna, Oxford/AstraZeneca, Pfizer/BioNTech",6295625,6122486,12418111
2021-11-05,"Johnson&Johnson, Moderna, Oxford/AstraZeneca, Pfizer/BioNTech",6317283,6132883,12450166
2021-11-06,"Johnson&Johnson, Moderna, Oxford/AstraZeneca, Pfizer/BioNTech",6323066,6135286,12458352
2021-11-07,"Johnson&Johnson, Moderna, Oxford/AstraZeneca, Pfizer/BioNTech",6326465,6137143,12463608
2021-11-08,"Johnson&Johnson, Moderna, Oxford/AstraZeneca, Pfizer/BioNTech",6340906,6143646,12484552
