date,vaccine,people_vaccinated,people_fully_vaccinated,total_vaccinations
2020-12-27,Pfizer/BioNTech,1286,0,1286
2020-12-28,Pfizer/BioNTech,3589,0,3589
2020-12-29,Pfizer/BioNTech,7059,1,7060
2020-12-30,Pfizer/BioNTech,10575,1,10576
2020-12-31,Pfizer/BioNTech,11888,1,11889
2021-01-01,"Moderna, Pfizer/BioNTech",12159,1,12160
2021-01-02,"Moderna, Pfizer/BioNTech",13445,2,13447
2021-01-03,"Moderna, Pfizer/BioNTech",14372,2,14374
2021-01-04,"Moderna, Pfizer/BioNTech",17978,3,17981
2021-01-05,"Moderna, Pfizer/BioNTech",22497,4,22501
2021-01-06,"Moderna, Pfizer/BioNTech",28338,5,28343
2021-01-07,"Moderna, Pfizer/BioNTech",36335,5,36340
2021-01-08,"Moderna, Pfizer/BioNTech",46386,6,46392
2021-01-09,"Moderna, Pfizer/BioNTech",48412,8,48420
2021-01-10,Pfizer/BioNTech,50184,10,50194
2021-01-11,"Moderna, Pfizer/BioNTech",60039,12,60051
2021-01-12,"Moderna, Pfizer/BioNTech",73493,14,73507
2021-01-13,"Moderna, Pfizer/BioNTech",87034,15,87049
2021-01-14,"Moderna, Pfizer/BioNTech",102283,19,102302
2021-01-15,"Moderna, Pfizer/BioNTech",116302,20,116322
2021-01-16,"Moderna, Pfizer/BioNTech",119706,24,119730
2021-01-17,"Moderna, Pfizer/BioNTech",122323,660,122983
2021-01-18,"Moderna, Pfizer/BioNTech",134813,2486,137299
2021-01-19,"Moderna, Pfizer/BioNTech",147422,5214,152636
2021-01-20,"Moderna, Pfizer/BioNTech",161118,7879,168997
2021-01-21,"Moderna, Pfizer/BioNTech",176770,9622,186392
2021-01-22,"Moderna, Pfizer/BioNTech",191658,10667,202325
2021-01-23,"Moderna, Pfizer/BioNTech",194976,11547,206523
2021-01-24,"Moderna, Pfizer/BioNTech",197232,12418,209650
2021-01-25,"Moderna, Pfizer/BioNTech",206886,15382,222268
2021-01-26,"Moderna, Pfizer/BioNTech",217432,19368,236800
2021-01-27,"Moderna, Pfizer/BioNTech",226463,23899,250362
2021-01-28,"Moderna, Pfizer/BioNTech",233569,30031,263600
2021-01-29,"Indie/AstraZeneca, Moderna, Pfizer/BioNTech",239784,37940,277724
2021-01-30,"Moderna, Pfizer/BioNTech",240525,39028,279553
2021-01-31,"Moderna, Pfizer/BioNTech",241244,40210,281454
2021-02-01,"Moderna, Pfizer/BioNTech",245227,48177,293404
2021-02-02,"Moderna, Pfizer/BioNTech",249383,58418,307801
2021-02-03,"Moderna, Pfizer/BioNTech",253810,69436,323246
2021-02-04,"Moderna, Pfizer/BioNTech",258717,82426,341143
2021-02-05,"Moderna, Pfizer/BioNTech",264191,93098,357289
2021-02-06,"Moderna, Oxford/AstraZeneca, Pfizer/BioNTech",265048,95464,360512
2021-02-07,"Moderna, Oxford/AstraZeneca, Pfizer/BioNTech",265899,97962,363861
2021-02-08,"Moderna, Oxford/AstraZeneca, Pfizer/BioNTech",269989,109388,379377
2021-02-09,"Moderna, Oxford/AstraZeneca, Pfizer/BioNTech",275101,121298,396399
2021-02-10,"Moderna, Oxford/AstraZeneca, Pfizer/BioNTech",280621,134555,415176
2021-02-11,"Moderna, Oxford/AstraZeneca, Pfizer/BioNTech",286963,150773,437736
2021-02-12,"Moderna, Oxford/AstraZeneca, Pfizer/BioNTech",293790,165518,459308
2021-02-13,"Moderna, Oxford/AstraZeneca, Pfizer/BioNTech",295408,168505,463913
2021-02-14,"Moderna, Oxford/AstraZeneca, Pfizer/BioNTech",296414,169891,466305
2021-02-15,"Moderna, Oxford/AstraZeneca, Pfizer/BioNTech",302812,179261,482073
2021-02-16,"Moderna, Oxford/AstraZeneca, Pfizer/BioNTech",311528,188341,499869
2021-02-17,"Moderna, Oxford/AstraZeneca, Pfizer/BioNTech",321228,196653,517881
2021-02-18,"Moderna, Oxford/AstraZeneca, Pfizer/BioNTech",333555,204736,538291
2021-02-19,"Moderna, Oxford/AstraZeneca, Pfizer/BioNTech",345421,212113,557534
2021-02-20,"Moderna, Oxford/AstraZeneca, Pfizer/BioNTech",347431,213299,560730
2021-02-21,"Moderna, Oxford/AstraZeneca, Pfizer/BioNTech",348568,214325,562893
2021-02-22,"Moderna, Oxford/AstraZeneca, Pfizer/BioNTech",358692,220362,579054
2021-02-23,"Moderna, Oxford/AstraZeneca, Pfizer/BioNTech",371656,227352,599008
2021-02-24,"Moderna, Oxford/AstraZeneca, Pfizer/BioNTech",385537,233393,618930
2021-02-25,"Moderna, Oxford/AstraZeneca, Pfizer/BioNTech",403517,238944,642461
2021-02-26,"Moderna, Oxford/AstraZeneca, Pfizer/BioNTech",419696,244303,663999
2021-02-27,"Moderna, Oxford/AstraZeneca, Pfizer/BioNTech",422705,244861,667566
2021-02-28,"Moderna, Oxford/AstraZeneca, Pfizer/BioNTech",425063,245412,670475
2021-03-01,"Moderna, Oxford/AstraZeneca, Pfizer/BioNTech",444664,248858,693522
2021-03-02,"Indie/AstraZeneca, Moderna, Oxford/AstraZeneca, Pfizer/BioNTech",471896,252413,724309
2021-03-03,"Moderna, Oxford/AstraZeneca, Pfizer/BioNTech",502848,256925,759773
2021-03-04,"Moderna, Oxford/AstraZeneca, Pfizer/BioNTech",536132,261616,797748
2021-03-05,"Johnson&Johnson, Moderna, Oxford/AstraZeneca, Pfizer/BioNTech",564978,267044,832022
2021-03-06,"Johnson&Johnson, Moderna, Oxford/AstraZeneca, Pfizer/BioNTech",577138,267910,845048
2021-03-07,"Johnson&Johnson, Moderna, Oxford/AstraZeneca, Pfizer/BioNTech",588688,268753,857441
2021-03-08,"Johnson&Johnson, Moderna, Oxford/AstraZeneca, Pfizer/BioNTech",618434,273615,892049
2021-03-09,"Johnson&Johnson, Moderna, Oxford/AstraZeneca, Pfizer/BioNTech",654806,279999,934805
2021-03-10,"Johnson&Johnson, Moderna, Oxford/AstraZeneca, Pfizer/BioNTech",696137,286959,983096
2021-03-11,"Johnson&Johnson, Moderna, Oxford/AstraZeneca, Pfizer/BioNTech",740995,295334,1036329
2021-03-12,"Johnson&Johnson, Moderna, Oxford/AstraZeneca, Pfizer/BioNTech, Čína",779756,303835,1083591
2021-03-13,"Johnson&Johnson, Moderna, Oxford/AstraZeneca, Pfizer/BioNTech",796869,305151,1102020
2021-03-14,"Johnson&Johnson, Moderna, Oxford/AstraZeneca, Pfizer/BioNTech",808987,306308,1115295
2021-03-15,"Johnson&Johnson, Moderna, Oxford/AstraZeneca, Pfizer/BioNTech",837385,315088,1152473
2021-03-16,"Johnson&Johnson, Moderna, Oxford/AstraZeneca, Pfizer/BioNTech",876281,325623,1201904
2021-03-17,"Moderna, Oxford/AstraZeneca, Pfizer/BioNTech",913769,336138,1249907
2021-03-18,"Johnson&Johnson, Moderna, Oxford/AstraZeneca, Pfizer/BioNTech",951775,348561,1300336
2021-03-19,"Johnson&Johnson, Moderna, Oxford/AstraZeneca, Pfizer/BioNTech",986293,362175,1348468
2021-03-20,"Johnson&Johnson, Moderna, Oxford/AstraZeneca, Pfizer/BioNTech",1001475,364205,1365680
2021-03-21,"Johnson&Johnson, Moderna, Oxford/AstraZeneca, Pfizer/BioNTech",1008923,365765,1374688
2021-03-22,"Indie/AstraZeneca, Johnson&Johnson, Moderna, Oxford/AstraZeneca, Pfizer/BioNTech",1033499,378265,1411764
2021-03-23,"Johnson&Johnson, Moderna, Oxford/AstraZeneca, Pfizer/BioNTech",1060176,391633,1451809
2021-03-24,"Indie/AstraZeneca, Johnson&Johnson, Moderna, Oxford/AstraZeneca, Pfizer/BioNTech",1087074,407375,1494449
2021-03-25,"Indie/AstraZeneca, Johnson&Johnson, Moderna, Oxford/AstraZeneca, Pfizer/BioNTech",1113433,425229,1538662
2021-03-26,"Johnson&Johnson, Moderna, Oxford/AstraZeneca, Pfizer/BioNTech",1138273,442742,1581015
2021-03-27,"Johnson&Johnson, Moderna, Oxford/AstraZeneca, Pfizer/BioNTech, Čína",1146736,447589,1594325
2021-03-28,"Moderna, Oxford/AstraZeneca, Pfizer/BioNTech, Čína",1152284,451737,1604021
2021-03-29,"Johnson&Johnson, Moderna, Oxford/AstraZeneca, Pfizer/BioNTech",1171443,472472,1643915
2021-03-30,"Johnson&Johnson, Moderna, Oxford/AstraZeneca, Pfizer/BioNTech",1196151,494659,1690810
2021-03-31,"Johnson&Johnson, Moderna, Oxford/AstraZeneca, Pfizer/BioNTech",1219310,521727,1741037
2021-04-01,"Indie/AstraZeneca, Johnson&Johnson, Moderna, Oxford/AstraZeneca, Pfizer/BioNTech",1245001,553783,1798784
2021-04-02,"Indie/AstraZeneca, Johnson&Johnson, Moderna, Oxford/AstraZeneca, Pfizer/BioNTech",1251984,566581,1818565
2021-04-03,"Johnson&Johnson, Moderna, Oxford/AstraZeneca, Pfizer/BioNTech",1255640,577514,1833154
2021-04-04,"Johnson&Johnson, Moderna, Oxford/AstraZeneca, Pfizer/BioNTech",1258187,586440,1844627
2021-04-05,"Johnson&Johnson, Moderna, Oxford/AstraZeneca, Pfizer/BioNTech",1260620,593645,1854265
2021-04-06,"Indie/AstraZeneca, Johnson&Johnson, Moderna, Oxford/AstraZeneca, Pfizer/BioNTech, Čína",1276839,622921,1899760
2021-04-07,"Johnson&Johnson, Moderna, Oxford/AstraZeneca, Pfizer/BioNTech",1300341,645160,1945501
2021-04-08,"Johnson&Johnson, Moderna, Oxford/AstraZeneca, Pfizer/BioNTech",1339161,676208,2015369
2021-04-09,"Indie/AstraZeneca, Johnson&Johnson, Moderna, Oxford/AstraZeneca, Pfizer/BioNTech, Čína",1378763,706408,2085171
2021-04-10,"Johnson&Johnson, Moderna, Oxford/AstraZeneca, Pfizer/BioNTech",1394332,721722,2116054
2021-04-11,"Johnson&Johnson, Moderna, Oxford/AstraZeneca, Pfizer/BioNTech",1404127,731779,2135906
2021-04-12,"Johnson&Johnson, Moderna, Oxford/AstraZeneca, Pfizer/BioNTech",1442447,756925,2199372
2021-04-13,"Moderna, Oxford/AstraZeneca, Pfizer/BioNTech",1478756,782967,2261723
2021-04-14,"Moderna, Oxford/AstraZeneca, Pfizer/BioNTech",1517645,810346,2327991
2021-04-15,"Moderna, Oxford/AstraZeneca, Pfizer/BioNTech",1565481,836127,2401608
2021-04-16,"Moderna, Oxford/AstraZeneca, Pfizer/BioNTech",1610200,861806,2472006
2021-04-17,"Indie/AstraZeneca, Moderna, Oxford/AstraZeneca, Pfizer/BioNTech",1626928,870831,2497759
2021-04-18,"Moderna, Oxford/AstraZeneca, Pfizer/BioNTech, Čína",1639929,875817,2515746
2021-04-19,"Johnson&Johnson, Moderna, Oxford/AstraZeneca, Pfizer/BioNTech",1683901,891256,2575157
2021-04-20,"Johnson&Johnson, Moderna, Oxford/AstraZeneca, Pfizer/BioNTech",1726490,907146,2633636
2021-04-21,"Moderna, Oxford/AstraZeneca, Pfizer/BioNTech",1774253,921517,2695770
2021-04-22,"Johnson&Johnson, Moderna, Oxford/AstraZeneca, Pfizer/BioNTech",1828784,938916,2767700
2021-04-23,"Johnson&Johnson, Moderna, Oxford/AstraZeneca, Pfizer/BioNTech",1878794,950981,2829775
2021-04-24,"Johnson&Johnson, Moderna, Oxford/AstraZeneca, Pfizer/BioNTech, Čína",1896671,956251,2852922
2021-04-25,"Johnson&Johnson, Moderna, Oxford/AstraZeneca, Pfizer/BioNTech",1911384,960255,2871639
2021-04-26,"Johnson&Johnson, Moderna, Oxford/AstraZeneca, Pfizer/BioNTech",1961000,967823,2928823
2021-04-27,"Johnson&Johnson, Moderna, Oxford/AstraZeneca, Pfizer/BioNTech",2009990,980075,2990065
2021-04-28,"Johnson&Johnson, Moderna, Oxford/AstraZeneca, Pfizer/BioNTech, Čína",2068772,994098,3062870
2021-04-29,"Indie/AstraZeneca, Johnson&Johnson, Moderna, Oxford/AstraZeneca, Pfizer/BioNTech",2134393,1010019,3144412
2021-04-30,"Indie/AstraZeneca, Johnson&Johnson, Moderna, Oxford/AstraZeneca, Pfizer/BioNTech",2196684,1020016,3216700
2021-05-01,"Johnson&Johnson, Moderna, Oxford/AstraZeneca, Pfizer/BioNTech",2216077,1023482,3239559
2021-05-02,"Johnson&Johnson, Moderna, Oxford/AstraZeneca, Pfizer/BioNTech",2235030,1025774,3260804
2021-05-03,"Johnson&Johnson, Moderna, Oxford/AstraZeneca, Pfizer/BioNTech",2302305,1030859,3333164
2021-05-04,"Johnson&Johnson, Moderna, Oxford/AstraZeneca, Pfizer/BioNTech",2368864,1039233,3408097
2021-05-05,"Johnson&Johnson, Moderna, Oxford/AstraZeneca, Pfizer/BioNTech",2442070,1048682,3490752
2021-05-06,"Johnson&Johnson, Moderna, Oxford/AstraZeneca, Pfizer/BioNTech",2522512,1059434,3581946
2021-05-07,"Indie/AstraZeneca, Johnson&Johnson, Moderna, Oxford/AstraZeneca, Pfizer/BioNTech",2599850,1069578,3669428
2021-05-08,"Johnson&Johnson, Moderna, Oxford/AstraZeneca, Pfizer/BioNTech",2629394,1071372,3700766
2021-05-09,"Johnson&Johnson, Moderna, Oxford/AstraZeneca, Pfizer/BioNTech",2653636,1072595,3726231
2021-05-10,"Johnson&Johnson, Moderna, Oxford/AstraZeneca, Pfizer/BioNTech",2726436,1079841,3806277
2021-05-11,"Johnson&Johnson, Moderna, Oxford/AstraZeneca, Pfizer/BioNTech",2802591,1088676,3891267
2021-05-12,"Johnson&Johnson, Moderna, Oxford/AstraZeneca, Pfizer/BioNTech",2882534,1097822,3980356
2021-05-13,"Johnson&Johnson, Moderna, Oxford/AstraZeneca, Pfizer/BioNTech",2966589,1107010,4073599
2021-05-14,"Johnson&Johnson, Moderna, Oxford/AstraZeneca, Pfizer/BioNTech",3046145,1114837,4160982
2021-05-15,"Johnson&Johnson, Moderna, Oxford/AstraZeneca, Pfizer/BioNTech",3078112,1117124,4195236
2021-05-16,"Johnson&Johnson, Moderna, Oxford/AstraZeneca, Pfizer/BioNTech",3103930,1118412,4222342
2021-05-17,"Indie/AstraZeneca, Johnson&Johnson, Moderna, Oxford/AstraZeneca, Pfizer/BioNTech",3176471,1125169,4301640
2021-05-18,"Indie/AstraZeneca, Johnson&Johnson, Moderna, Oxford/AstraZeneca, Pfizer/BioNTech",3248464,1138295,4386759
2021-05-19,"Johnson&Johnson, Moderna, Oxford/AstraZeneca, Pfizer/BioNTech",3325966,1153469,4479435
2021-05-20,"Johnson&Johnson, Moderna, Oxford/AstraZeneca, Pfizer/BioNTech",3401468,1180541,4582009
2021-05-21,"Johnson&Johnson, Moderna, Oxford/AstraZeneca, Pfizer/BioNTech",3470331,1208353,4678684
2021-05-22,"Johnson&Johnson, Moderna, Oxford/AstraZeneca, Pfizer/BioNTech",3502806,1219598,4722404
2021-05-23,"Johnson&Johnson, Moderna, Oxford/AstraZeneca, Pfizer/BioNTech",3525257,1228641,4753898
2021-05-24,"Johnson&Johnson, Moderna, Oxford/AstraZeneca, Pfizer/BioNTech",3572478,1262320,4834798
2021-05-25,"Indie/AstraZeneca, Johnson&Johnson, Moderna, Oxford/AstraZeneca, Pfizer/BioNTech",3624405,1298168,4922573
2021-05-26,"Johnson&Johnson, Moderna, Oxford/AstraZeneca, Pfizer/BioNTech, Čína",3692182,1335729,5027911
2021-05-27,"Indie/AstraZeneca, Johnson&Johnson, Moderna, Oxford/AstraZeneca, Pfizer/BioNTech",3753622,1383098,5136720
2021-05-28,"Johnson&Johnson, Moderna, Oxford/AstraZeneca, Pfizer/BioNTech",3815373,1429714,5245087
2021-05-29,"Indie/AstraZeneca, Johnson&Johnson, Moderna, Oxford/AstraZeneca, Pfizer/BioNTech",3844653,1446866,5291519
2021-05-30,"Johnson&Johnson, Moderna, Oxford/AstraZeneca, Pfizer/BioNTech, Čína",3867074,1461339,5328413
2021-05-31,"Indie/AstraZeneca, Johnson&Johnson, Moderna, Oxford/AstraZeneca, Pfizer/BioNTech",3922823,1508871,5431694
2021-06-01,"Johnson&Johnson, Moderna, Oxford/AstraZeneca, Pfizer/BioNTech",3981949,1557765,5539714
2021-06-02,"Indie/AstraZeneca, Johnson&Johnson, Moderna, Oxford/AstraZeneca, Pfizer/BioNTech, Čína",4044931,1611798,5656729
2021-06-03,"Johnson&Johnson, Moderna, Oxford/AstraZeneca, Pfizer/BioNTech",4103198,1672044,5775242
2021-06-04,"Johnson&Johnson, Moderna, Oxford/AstraZeneca, Pfizer/BioNTech",4166346,1729475,5895821
2021-06-05,"Indie/AstraZeneca, Johnson&Johnson, Moderna, Oxford/AstraZeneca, Pfizer/BioNTech",4200546,1748411,5948957
2021-06-06,"Johnson&Johnson, Moderna, Oxford/AstraZeneca, Pfizer/BioNTech",4227510,1763592,5991102
2021-06-07,"Johnson&Johnson, Moderna, Oxford/AstraZeneca, Pfizer/BioNTech",4291208,1819252,6110460
2021-06-08,"Indie/AstraZeneca, Johnson&Johnson, Moderna, Oxford/AstraZeneca, Pfizer/BioNTech",4355230,1874278,6229508
2021-06-09,"Indie/AstraZeneca, Johnson&Johnson, Moderna, Oxford/AstraZeneca, Pfizer/BioNTech",4414454,1938970,6353424
2021-06-10,"Indie/AstraZeneca, Johnson&Johnson, Moderna, Oxford/AstraZeneca, Pfizer/BioNTech",4468323,2010295,6478618
2021-06-11,"Johnson&Johnson, Moderna, Oxford/AstraZeneca, Pfizer/BioNTech, Čína",4520450,2080160,6600610
2021-06-12,"Indie/AstraZeneca, Johnson&Johnson, Moderna, Oxford/AstraZeneca, Pfizer/BioNTech, Čína",4552489,2101023,6653512
2021-06-13,"Johnson&Johnson, Moderna, Oxford/AstraZeneca, Pfizer/BioNTech",4576533,2119471,6696004
2021-06-14,"Johnson&Johnson, Moderna, Oxford/AstraZeneca, Pfizer/BioNTech, Čína",4619637,2193888,6813525
2021-06-15,"Johnson&Johnson, Moderna, Oxford/AstraZeneca, Pfizer/BioNTech, Čína",4664330,2266304,6930634
2021-06-16,"Johnson&Johnson, Moderna, Oxford/AstraZeneca, Pfizer/BioNTech",4707163,2344557,7051720
2021-06-17,"Johnson&Johnson, Moderna, Oxford/AstraZeneca, Pfizer/BioNTech",4746604,2427682,7174286
2021-06-18,"Johnson&Johnson, Moderna, Oxford/AstraZeneca, Pfizer/BioNTech",4789059,2508293,7297352
2021-06-19,"Johnson&Johnson, Moderna, Oxford/AstraZeneca, Pfizer/BioNTech, Čína",4810865,2537648,7348513
2021-06-20,"Johnson&Johnson, Moderna, Oxford/AstraZeneca, Pfizer/BioNTech, Čína",4828281,2561532,7389813
2021-06-21,"Johnson&Johnson, Moderna, Oxford/AstraZeneca, Pfizer/BioNTech, Čína",4860801,2640170,7500971
2021-06-22,"Johnson&Johnson, Moderna, Oxford/AstraZeneca, Pfizer/BioNTech",4893789,2722521,7616310
2021-06-23,"Johnson&Johnson, Moderna, Oxford/AstraZeneca, Pfizer/BioNTech",4925523,2807797,7733320
2021-06-24,"Indie/AstraZeneca, Johnson&Johnson, Moderna, Oxford/AstraZeneca, Pfizer/BioNTech, Čína",4955407,2897886,7853293
2021-06-25,"Johnson&Johnson, Moderna, Oxford/AstraZeneca, Pfizer/BioNTech",4986505,2984153,7970658
2021-06-26,"Johnson&Johnson, Moderna, Oxford/AstraZeneca, Pfizer/BioNTech",5002414,3019054,8021468
2021-06-27,"Johnson&Johnson, Moderna, Oxford/AstraZeneca, Pfizer/BioNTech, Čína",5016377,3045783,8062160
2021-06-28,"Johnson&Johnson, Moderna, Oxford/AstraZeneca, Pfizer/BioNTech",5044810,3131026,8175836
2021-06-29,"Johnson&Johnson, Moderna, Oxford/AstraZeneca, Pfizer/BioNTech, Čína",5074107,3217599,8291706
2021-06-30,"Johnson&Johnson, Moderna, Oxford/AstraZeneca, Pfizer/BioNTech",5101623,3308677,8410300
2021-07-01,"Johnson&Johnson, Moderna, Oxford/AstraZeneca, Pfizer/BioNTech",5125644,3398803,8524447
2021-07-02,"Johnson&Johnson, Moderna, Oxford/AstraZeneca, Pfizer/BioNTech",5152404,3484764,8637168
2021-07-03,"Indie/AstraZeneca, Johnson&Johnson, Moderna, Oxford/AstraZeneca, Pfizer/BioNTech",5159519,3516348,8675867
2021-07-04,"Johnson&Johnson, Moderna, Oxford/AstraZeneca, Pfizer/BioNTech",5167118,3538180,8705298
2021-07-05,"Johnson&Johnson, Moderna, Oxford/AstraZeneca, Pfizer/BioNTech",5174550,3563605,8738155
2021-07-06,"Johnson&Johnson, Moderna, Oxford/AstraZeneca, Pfizer/BioNTech, Čína",5180049,3591361,8771410
2021-07-07,"Johnson&Johnson, Moderna, Oxford/AstraZeneca, Pfizer/BioNTech",5205897,3670383,8876280
2021-07-08,"Johnson&Johnson, Moderna, Oxford/AstraZeneca, Pfizer/BioNTech",5232528,3740758,8973286
2021-07-09,"Indie/AstraZeneca, Johnson&Johnson, Moderna, Oxford/AstraZeneca, Pfizer/BioNTech",5260502,3810116,9070618
2021-07-10,"Indie/AstraZeneca, Johnson&Johnson, Moderna, Oxford/AstraZeneca, Pfizer/BioNTech, Čína",5269894,3838798,9108692
2021-07-11,"Johnson&Johnson, Moderna, Oxford/AstraZeneca, Pfizer/BioNTech",5278458,3861694,9140152
2021-07-12,"Johnson&Johnson, Moderna, Oxford/AstraZeneca, Pfizer/BioNTech, Čína",5306025,3930795,9236820
2021-07-13,"Johnson&Johnson, Moderna, Oxford/AstraZeneca, Pfizer/BioNTech",5332254,4000712,9332966
2021-07-14,"Johnson&Johnson, Moderna, Oxford/AstraZeneca, Pfizer/BioNTech",5358108,4072733,9430841
2021-07-15,"Indie/AstraZeneca, Johnson&Johnson, Moderna, Oxford/AstraZeneca, Pfizer/BioNTech",5387308,4138777,9526085
2021-07-16,"Johnson&Johnson, Moderna, Oxford/AstraZeneca, Pfizer/BioNTech",5415264,4211543,9626807
2021-07-17,"Johnson&Johnson, Moderna, Oxford/AstraZeneca, Pfizer/BioNTech, Čína",5424080,4243033,9667113
2021-07-18,"Johnson&Johnson, Moderna, Oxford/AstraZeneca, Pfizer/BioNTech, Čína",5432530,4269058,9701588
2021-07-19,"Johnson&Johnson, Moderna, Oxford/AstraZeneca, Pfizer/BioNTech",5455910,4336096,9792006
2021-07-20,"Johnson&Johnson, Moderna, Oxford/AstraZeneca, Pfizer/BioNTech",5477347,4403187,9880534
2021-07-21,"Indie/AstraZeneca, Johnson&Johnson, Moderna, Oxford/AstraZeneca, Pfizer/BioNTech",5500823,4466680,9967503
2021-07-22,"Johnson&Johnson, Moderna, Oxford/AstraZeneca, Pfizer/BioNTech",5523208,4525350,10048558
2021-07-23,"Johnson&Johnson, Moderna, Oxford/AstraZeneca, Pfizer/BioNTech",5546466,4580141,10126607
2021-07-24,"Indie/AstraZeneca, Johnson&Johnson, Moderna, Oxford/AstraZeneca, Pfizer/BioNTech, Čína",5553837,4607835,10161672
2021-07-25,"Johnson&Johnson, Moderna, Oxford/AstraZeneca, Pfizer/BioNTech",5560493,4629981,10190474
2021-07-26,"Johnson&Johnson, Moderna, Oxford/AstraZeneca, Pfizer/BioNTech",5584063,4678693,10262756
2021-07-27,"Johnson&Johnson, Moderna, Oxford/AstraZeneca, Pfizer/BioNTech, Čína",5606832,4725376,10332208
2021-07-28,"Johnson&Johnson, Moderna, Oxford/AstraZeneca, Pfizer/BioNTech",5628131,4771434,10399565
2021-07-29,"Johnson&Johnson, Moderna, Oxford/AstraZeneca, Pfizer/BioNTech",5649487,4813440,10462927
2021-07-30,"Johnson&Johnson, Moderna, Oxford/AstraZeneca, Pfizer/BioNTech",5672785,4856051,10528836
2021-07-31,"Indie/AstraZeneca, Johnson&Johnson, Moderna, Oxford/AstraZeneca, Pfizer/BioNTech, Čína",5681756,4875616,10557372
2021-08-01,"Johnson&Johnson, Moderna, Oxford/AstraZeneca, Pfizer/BioNTech, Čína",5688500,4891801,10580301
2021-08-02,"Johnson&Johnson, Moderna, Oxford/AstraZeneca, Pfizer/BioNTech",5707162,4929394,10636556
2021-08-03,"Johnson&Johnson, Moderna, Oxford/AstraZeneca, Pfizer/BioNTech",5724838,4967550,10692388
2021-08-04,"Johnson&Johnson, Moderna, Oxford/AstraZeneca, Pfizer/BioNTech",5740983,5004357,10745340
2021-08-05,"Johnson&Johnson, Moderna, Oxford/AstraZeneca, Pfizer/BioNTech",5757048,5044889,10801937
2021-08-06,"Johnson&Johnson, Moderna, Oxford/AstraZeneca, Pfizer/BioNTech",5773882,5088243,10862125
2021-08-07,"Johnson&Johnson, Moderna, Oxford/AstraZeneca, Pfizer/BioNTech",5779505,5106443,10885948
2021-08-08,"Johnson&Johnson, Moderna, Oxford/AstraZeneca, Pfizer/BioNTech",5783883,5122222,10906105
2021-08-09,"Indie/AstraZeneca, Johnson&Johnson, Moderna, Oxford/AstraZeneca, Pfizer/BioNTech",5796533,5167319,10963852
2021-08-10,"Johnson&Johnson, Moderna, Oxford/AstraZeneca, Pfizer/BioNTech, Čína",5808398,5206929,11015327
2021-08-11,"Indie/AstraZeneca, Johnson&Johnson, Moderna, Oxford/AstraZeneca, Pfizer/BioNTech",5819780,5250096,11069876
2021-08-12,"Johnson&Johnson, Moderna, Oxford/AstraZeneca, Pfizer/BioNTech",5831210,5287264,11118474
2021-08-13,"Johnson&Johnson, Moderna, Oxford/AstraZeneca, Pfizer/BioNTech",5841960,5327645,11169605
2021-08-14,"Johnson&Johnson, Moderna, Oxford/AstraZeneca, Pfizer/BioNTech",5845312,5338376,11183688
2021-08-15,"Johnson&Johnson, Moderna, Oxford/AstraZeneca, Pfizer/BioNTech",5847910,5348774,11196684
2021-08-16,"Indie/AstraZeneca, Johnson&Johnson, Moderna, Oxford/AstraZeneca, Pfizer/BioNTech, Čína",5857715,5382883,11240598
2021-08-17,"Johnson&Johnson, Moderna, Oxford/AstraZeneca, Pfizer/BioNTech",5867319,5410019,11277338
2021-08-18,"Johnson&Johnson, Moderna, Oxford/AstraZeneca, Pfizer/BioNTech",5876700,5448957,11325657
2021-08-19,"Johnson&Johnson, Moderna, Oxford/AstraZeneca, Pfizer/BioNTech",5886387,5487335,11373722
2021-08-20,"Johnson&Johnson, Moderna, Oxford/AstraZeneca, Pfizer/BioNTech",5897792,5527561,11425353
2021-08-21,"Indie/AstraZeneca, Johnson&Johnson, Moderna, Oxford/AstraZeneca, Pfizer/BioNTech",5900525,5540355,11440880
2021-08-22,"Johnson&Johnson, Moderna, Oxford/AstraZeneca, Pfizer/BioNTech",5902872,5552338,11455210
2021-08-23,"Indie/AstraZeneca, Johnson&Johnson, Moderna, Oxford/AstraZeneca, Pfizer/BioNTech",5913414,5591646,11505060
2021-08-24,"Johnson&Johnson, Moderna, Oxford/AstraZeneca, Pfizer/BioNTech",5923300,5624914,11548214
2021-08-25,"Indie/AstraZeneca, Johnson&Johnson, Moderna, Oxford/AstraZeneca, Pfizer/BioNTech",5932182,5653317,11585499
2021-08-26,"Johnson&Johnson, Moderna, Oxford/AstraZeneca, Pfizer/BioNTech",5940643,5679477,11620120
2021-08-27,"Indie/AstraZeneca, Johnson&Johnson, Moderna, Oxford/AstraZeneca, Pfizer/BioNTech",5950975,5705492,11656467
2021-08-28,"Johnson&Johnson, Moderna, Oxford/AstraZeneca, Pfizer/BioNTech",5953723,5712581,11666304
2021-08-29,"Johnson&Johnson, Moderna, Oxford/AstraZeneca, Pfizer/BioNTech, Čína",5956142,5719215,11675357
2021-08-30,"Johnson&Johnson, Moderna, Oxford/AstraZeneca, Pfizer/BioNTech",5964671,5741119,11705790
2021-08-31,"Indie/AstraZeneca, Johnson&Johnson, Moderna, Oxford/AstraZeneca, Pfizer/BioNTech, Čína",5972367,5759256,11731623
2021-09-01,"Johnson&Johnson, Moderna, Oxford/AstraZeneca, Pfizer/BioNTech",5978286,5773288,11751574
2021-09-02,"Johnson&Johnson, Moderna, Oxford/AstraZeneca, Pfizer/BioNTech",5985134,5787694,11772828
2021-09-03,"Johnson&Johnson, Moderna, Oxford/AstraZeneca, Pfizer/BioNTech",5994703,5803451,11798154
2021-09-04,"Indie/AstraZeneca, Johnson&Johnson, Moderna, Oxford/AstraZeneca, Pfizer/BioNTech",5996788,5807030,11803818
2021-09-05,"Johnson&Johnson, Moderna, Oxford/AstraZeneca, Pfizer/BioNTech",5998838,5809883,11808721
2021-09-06,"Indie/AstraZeneca, Johnson&Johnson, Moderna, Oxford/AstraZeneca, Pfizer/BioNTech",6005086,5822443,11827529
2021-09-07,"Johnson&Johnson, Moderna, Oxford/AstraZeneca, Pfizer/BioNTech",6009483,5833550,11843033
2021-09-08,"Johnson&Johnson, Moderna, Oxford/AstraZeneca, Pfizer/BioNTech, Čína",6015168,5843428,11858596
2021-09-09,"Indie/AstraZeneca, Johnson&Johnson, Moderna, Oxford/AstraZeneca, Pfizer/BioNTech",6021871,5853511,11875382
2021-09-10,"Johnson&Johnson, Moderna, Oxford/AstraZeneca, Pfizer/BioNTech",6029582,5865714,11895296
2021-09-11,"Indie/AstraZeneca, Johnson&Johnson, Moderna, Oxford/AstraZeneca, Pfizer/BioNTech",6031462,5868219,11899681
2021-09-12,"Johnson&Johnson, Moderna, Oxford/AstraZeneca, Pfizer/BioNTech",6032584,5869860,11902444
2021-09-13,"Johnson&Johnson, Moderna, Oxford/AstraZeneca, Pfizer/BioNTech",6038032,5880186,11918218
2021-09-14,"Johnson&Johnson, Moderna, Oxford/AstraZeneca, Pfizer/BioNTech",6043438,5889210,11932648
2021-09-15,"Johnson&Johnson, Moderna, Oxford/AstraZeneca, Pfizer/BioNTech",6048657,5897750,11946407
2021-09-16,"Johnson&Johnson, Moderna, Oxford/AstraZeneca, Pfizer/BioNTech",6054032,5906033,11960065
2021-09-17,"Johnson&Johnson, Moderna, Oxford/AstraZeneca, Pfizer/BioNTech",6060611,5916282,11976893
2021-09-18,"Johnson&Johnson, Moderna, Oxford/AstraZeneca, Pfizer/BioNTech, Čína",6062345,5918653,11980998
2021-09-19,"Johnson&Johnson, Moderna, Oxford/AstraZeneca, Pfizer/BioNTech",6063296,5920227,11983523
2021-09-20,"Johnson&Johnson, Moderna, Oxford/AstraZeneca, Pfizer/BioNTech",6067329,5928433,11995762
2021-09-21,"Johnson&Johnson, Moderna, Oxford/AstraZeneca, Pfizer/BioNTech",6071576,5935978,12007554
2021-09-22,"Johnson&Johnson, Moderna, Oxford/AstraZeneca, Pfizer/BioNTech, Čína",6075775,5941513,12017288
2021-09-23,"Johnson&Johnson, Moderna, Oxford/AstraZeneca, Pfizer/BioNTech",6080737,5947935,12028672
2021-09-24,"Johnson&Johnson, Moderna, Oxford/AstraZeneca, Pfizer/BioNTech",6086503,5957562,12044065
2021-09-25,"Johnson&Johnson, Moderna, Oxford/AstraZeneca, Pfizer/BioNTech",6088006,5959565,12047571
2021-09-26,"Johnson&Johnson, Moderna, Oxford/AstraZeneca, Pfizer/BioNTech",6088756,5961210,12049966
2021-09-27,"Indie/AstraZeneca, Johnson&Johnson, Moderna, Oxford/AstraZeneca, Pfizer/BioNTech, Čína",6092646,5967738,12060384
2021-09-28,"Johnson&Johnson, Moderna, Oxford/AstraZeneca, Pfizer/BioNTech",6093025,5968380,12061405
2021-09-29,"Indie/AstraZeneca, Johnson&Johnson, Moderna, Oxford/AstraZeneca, Pfizer/BioNTech",6096802,5975848,12072650
2021-09-30,"Johnson&Johnson, Moderna, Oxford/AstraZeneca, Pfizer/BioNTech",6101328,5983566,12084894
2021-10-01,"Indie/AstraZeneca, Johnson&Johnson, Moderna, Oxford/AstraZeneca, Pfizer/BioNTech, Čína",6105645,5991562,12097207
2021-10-02,"Johnson&Johnson, Moderna, Oxford/AstraZeneca, Pfizer/BioNTech, Čína",6106714,5993117,12099831
2021-10-03,"Johnson&Johnson, Moderna, Oxford/AstraZeneca, Pfizer/BioNTech",6107441,5993992,12101433
2021-10-04,"Johnson&Johnson, Moderna, Oxford/AstraZeneca, Pfizer/BioNTech",6110525,5999576,12110101
2021-10-05,"Johnson&Johnson, Moderna, Oxford/AstraZeneca, Pfizer/BioNTech",6113691,6004669,12118360
2021-10-06,"Johnson&Johnson, Moderna, Oxford/AstraZeneca, Pfizer/BioNTech",6117215,6009852,12127067
2021-10-07,"Johnson&Johnson, Moderna, Oxford/AstraZeneca, Pfizer/BioNTech",6120502,6015117,12135619
2021-10-08,"Johnson&Johnson, Moderna, Oxford/AstraZeneca, Pfizer/BioNTech",6125301,6021772,12147073
2021-10-09,"Indie/AstraZeneca, Johnson&Johnson, Moderna, Oxford/AstraZeneca, Pfizer/BioNTech",6126547,6023443,12149990
2021-10-10,"Johnson&Johnson, Moderna, Oxford/AstraZeneca, Pfizer/BioNTech",6127496,6024283,12151779
2021-10-11,"Johnson&Johnson, Moderna, Oxford/AstraZeneca, Pfizer/BioNTech",6130427,6028712,12159139
2021-10-12,"Johnson&Johnson, Moderna, Oxford/AstraZeneca, Pfizer/BioNTech",6133372,6032719,12166091
2021-10-13,"Johnson&Johnson, Moderna, Oxford/AstraZeneca, Pfizer/BioNTech",6136908,6036919,12173827
2021-10-14,"Johnson&Johnson, Moderna, Oxford/AstraZeneca, Pfizer/BioNTech",6140582,6041873,12182455
2021-10-15,"Johnson&Johnson, Moderna, Oxford/AstraZeneca, Pfizer/BioNTech",6145819,6048027,12193846
2021-10-16,"Johnson&Johnson, Moderna, Oxford/AstraZeneca, Pfizer/BioNTech",6147239,6049561,12196800
2021-10-17,"Johnson&Johnson, Moderna, Pfizer/BioNTech, Čína",6148566,6050621,12199187
2021-10-18,"Johnson&Johnson, Moderna, Oxford/AstraZeneca, Pfizer/BioNTech",6152680,6054731,12207411
2021-10-19,"Johnson&Johnson, Moderna, Oxford/AstraZeneca, Pfizer/BioNTech",6156266,6056834,12213100
2021-10-20,"Johnson&Johnson, Moderna, Oxford/AstraZeneca, Pfizer/BioNTech",6161159,6061299,12222458
2021-10-21,"Johnson&Johnson, Moderna, Oxford/AstraZeneca, Pfizer/BioNTech",6168928,6066912,12235840
2021-10-22,"Johnson&Johnson, Moderna, Oxford/AstraZeneca, Pfizer/BioNTech",6179394,6073418,12252812
2021-10-23,"Johnson&Johnson, Moderna, Oxford/AstraZeneca, Pfizer/BioNTech",6183079,6075632,12258711
2021-10-24,"Johnson&Johnson, Moderna, Oxford/AstraZeneca, Pfizer/BioNTech",6185766,6077413,12263179
2021-10-25,"Johnson&Johnson, Moderna, Oxford/AstraZeneca, Pfizer/BioNTech",6196280,6083236,12279516
2021-10-26,"Johnson&Johnson, Moderna, Oxford/AstraZeneca, Pfizer/BioNTech, Čína",6208277,6089788,12298065
2021-10-27,"Johnson&Johnson, Moderna, Oxford/AstraZeneca, Pfizer/BioNTech, Čína",6222886,6097206,12320092
2021-10-28,"Johnson&Johnson, Moderna, Oxford/AstraZeneca, Pfizer/BioNTech",6226320,6098900,12325220
2021-10-29,"Johnson&Johnson, Moderna, Oxford/AstraZeneca, Pfizer/BioNTech",6240766,6106892,12347658
2021-10-30,"Johnson&Johnson, Moderna, Oxford/AstraZeneca, Pfizer/BioNTech",6245295,6109820,12355115
2021-10-31,"Johnson&Johnson, Moderna, Oxford/AstraZeneca, Pfizer/BioNTech",6249058,6112299,12361357
2021-11-01,"Johnson&Johnson, Moderna, Oxford/AstraZeneca, Pfizer/BioNTech",6264257,6119980,12384237
2021-11-02,"Johnson&Johnson, Moderna, Oxford/AstraZeneca, Pfizer/BioNTech, Čína",6279710,6127540,12407250
2021-11-03,"Johnson&Johnson, Moderna, Oxford/AstraZeneca, Pfizer/BioNTech, Čína",6296898,6134834,12431732
2021-11-04,"Johnson&Johnson, Moderna, Oxford/AstraZeneca, Pfizer/BioNTech",6315240,6143009,12458249
2021-11-05,"Johnson&Johnson, Moderna, Oxford/AstraZeneca, Pfizer/BioNTech",6338045,6154302,12492347
2021-11-06,"Johnson&Johnson, Moderna, Oxford/AstraZeneca, Pfizer/BioNTech",6344563,6157365,12501928
2021-11-07,"Johnson&Johnson, Moderna, Oxford/AstraZeneca, Pfizer/BioNTech",6348594,6159807,12508401
2021-11-08,"Johnson&Johnson, Moderna, Oxford/AstraZeneca, Pfizer/BioNTech",6364862,6167437,12532299
2021-11-09,"Johnson&Johnson, Moderna, Oxford/AstraZeneca, Pfizer/BioNTech",6379679,6174747,12554426
2021-11-10,"Johnson&Johnson, Moderna, Oxford/AstraZeneca, Pfizer/BioNTech",6395418,6182134,12577552
2021-11-11,"Johnson&Johnson, Moderna, Oxford/AstraZeneca, Pfizer/BioNTech, Čína",6410896,6191245,12602141
2021-11-12,"Johnson&Johnson, Moderna, Oxford/AstraZeneca, Pfizer/BioNTech",6430699,6204045,12634744
2021-11-13,"Johnson&Johnson, Moderna, Oxford/AstraZeneca, Pfizer/BioNTech",6436096,6207926,12644022
2021-11-14,"Johnson&Johnson, Moderna, Oxford/AstraZeneca, Pfizer/BioNTech",6439995,6210937,12650932
2021-11-15,"Johnson&Johnson, Moderna, Oxford/AstraZeneca, Pfizer/BioNTech",6455083,6221646,12676729
2021-11-16,"Johnson&Johnson, Moderna, Oxford/AstraZeneca, Pfizer/BioNTech",6472611,6233623,12706234
2021-11-17,"Johnson&Johnson, Moderna, Oxford/AstraZeneca, Pfizer/BioNTech",6476856,6237196,12714052
2021-11-18,"Johnson&Johnson, Moderna, Oxford/AstraZeneca, Pfizer/BioNTech",6496269,6248890,12745159
2021-11-19,"Johnson&Johnson, Moderna, Oxford/AstraZeneca, Pfizer/BioNTech",6520880,6265872,12786752
2021-11-20,"Johnson&Johnson, Moderna, Oxford/AstraZeneca, Pfizer/BioNTech",6529457,6270860,12800317
2021-11-21,"Johnson&Johnson, Moderna, Oxford/AstraZeneca, Pfizer/BioNTech",6536225,6274638,12810863
2021-11-22,"Johnson&Johnson, Moderna, Oxford/AstraZeneca, Pfizer/BioNTech, Čína",6554733,6288756,12843489
2021-11-23,"Johnson&Johnson, Moderna, Oxford/AstraZeneca, Pfizer/BioNTech",6573801,6302023,12875824
2021-11-24,"Johnson&Johnson, Moderna, Oxford/AstraZeneca, Pfizer/BioNTech",6592812,6317876,12910688
2021-11-25,"Johnson&Johnson, Moderna, Oxford/AstraZeneca, Pfizer/BioNTech",6611955,6332922,12944877
2021-11-26,"Johnson&Johnson, Moderna, Oxford/AstraZeneca, Pfizer/BioNTech",6633616,6352066,12985682
2021-11-27,"Johnson&Johnson, Moderna, Oxford/AstraZeneca, Pfizer/BioNTech",6641089,6357623,12998712
2021-11-28,"Johnson&Johnson, Moderna, Oxford/AstraZeneca, Pfizer/BioNTech",6644424,6360763,13005187
2021-11-29,"Johnson&Johnson, Moderna, Oxford/AstraZeneca, Pfizer/BioNTech",6659630,6374427,13034057
2021-11-30,"Johnson&Johnson, Moderna, Oxford/AstraZeneca, Pfizer/BioNTech",6672833,6385660,13058493
2021-12-01,"Johnson&Johnson, Moderna, Oxford/AstraZeneca, Pfizer/BioNTech",6686875,6398120,13084995
2021-12-02,"Johnson&Johnson, Moderna, Oxford/AstraZeneca, Pfizer/BioNTech, Čína",6697517,6410617,13108134
2021-12-03,"Johnson&Johnson, Moderna, Oxford/AstraZeneca, Pfizer/BioNTech",6707157,6426198,13133355
2021-12-04,"Johnson&Johnson, Moderna, Pfizer/BioNTech",6709717,6430157,13139874
2021-12-05,"Johnson&Johnson, Moderna, Oxford/AstraZeneca, Pfizer/BioNTech",6711077,6432502,13143579
2021-12-06,"Johnson&Johnson, Moderna, Oxford/AstraZeneca, Pfizer/BioNTech",6719226,6444031,13163257
2021-12-07,"Johnson&Johnson, Moderna, Oxford/AstraZeneca, Pfizer/BioNTech",6727116,6456046,13183162
2021-12-08,"Johnson&Johnson, Moderna, Oxford/AstraZeneca, Pfizer/BioNTech",6735362,6461976,13197338
2021-12-09,"Johnson&Johnson, Moderna, Oxford/AstraZeneca, Pfizer/BioNTech",6742481,6474802,13217283
2021-12-10,"Johnson&Johnson, Moderna, Oxford/AstraZeneca, Pfizer/BioNTech",6749411,6492614,13242025
2021-12-11,"Johnson&Johnson, Moderna, Oxford/AstraZeneca, Pfizer/BioNTech",6751067,6497881,13248948
2021-12-12,"Johnson&Johnson, Moderna, Oxford/AstraZeneca, Pfizer/BioNTech",6752378,6502318,13254696
2021-12-13,"Johnson&Johnson, Moderna, Oxford/AstraZeneca, Pfizer/BioNTech",6758735,6515629,13274364
2021-12-14,"Johnson&Johnson, Moderna, Oxford/AstraZeneca, Pfizer/BioNTech",6764945,6529301,13294246
2021-12-15,"Johnson&Johnson, Moderna, Oxford/AstraZeneca, Pfizer/BioNTech",6771151,6542898,13314049
2021-12-16,"Johnson&Johnson, Moderna, Oxford/AstraZeneca, Pfizer/BioNTech",6778095,6557734,13335829
2021-12-17,"Johnson&Johnson, Moderna, Oxford/AstraZeneca, Pfizer/BioNTech",6786460,6575006,13361466
2021-12-18,"Johnson&Johnson, Moderna, Oxford/AstraZeneca, Pfizer/BioNTech",6789071,6580463,13369534
2021-12-19,"Johnson&Johnson, Moderna, Pfizer/BioNTech",6790843,6582969,13373812
2021-12-20,"Johnson&Johnson, Moderna, Oxford/AstraZeneca, Pfizer/BioNTech",6796695,6597033,13393728
2021-12-21,"Johnson&Johnson, Moderna, Oxford/AstraZeneca, Pfizer/BioNTech",6803358,6609043,13412401
2021-12-22,"Johnson&Johnson, Moderna, Oxford/AstraZeneca, Pfizer/BioNTech",6808404,6622103,13430507
2021-12-23,"Johnson&Johnson, Moderna, Oxford/AstraZeneca, Pfizer/BioNTech",6811279,6627708,13438987
2021-12-24,"Johnson&Johnson, Moderna, Oxford/AstraZeneca, Pfizer/BioNTech",6811325,6627812,13439137
2021-12-25,"Moderna, Pfizer/BioNTech",6811327,6627820,13439147
2021-12-26,"Moderna, Pfizer/BioNTech",6811429,6628023,13439452
2021-12-27,"Johnson&Johnson, Moderna, Pfizer/BioNTech",6815296,6637770,13453066
2021-12-28,"Johnson&Johnson, Moderna, Oxford/AstraZeneca, Pfizer/BioNTech",6820537,6645770,13466307
2021-12-29,"Johnson&Johnson, Moderna, Oxford/AstraZeneca, Pfizer/BioNTech",6824819,6653492,13478311
2021-12-30,"Johnson&Johnson, Moderna, Pfizer/BioNTech",6829120,6658925,13488045
2021-12-31,"Johnson&Johnson, Moderna, Pfizer/BioNTech",6829631,6660350,13489981
2022-01-01,"Moderna, Pfizer/BioNTech",6829637,6660368,13490005
2022-01-02,"Johnson&Johnson, Moderna, Pfizer/BioNTech",6830493,6661745,13492238
2022-01-03,"Johnson&Johnson, Moderna, Oxford/AstraZeneca, Pfizer/BioNTech",6834630,6670655,13505285
2022-01-04,"Johnson&Johnson, Moderna, Oxford/AstraZeneca, Pfizer/BioNTech",6839713,6678412,13518125
2022-01-05,"Johnson&Johnson, Moderna, Oxford/AstraZeneca, Pfizer/BioNTech, Čína",6845535,6686388,13531923
2022-01-06,"Johnson&Johnson, Moderna, Oxford/AstraZeneca, Pfizer/BioNTech",6852124,6694789,13546913
2022-01-07,"Johnson&Johnson, Moderna, Oxford/AstraZeneca, Pfizer/BioNTech",6860002,6705146,13565148
2022-01-08,"Johnson&Johnson, Moderna, Oxford/AstraZeneca, Pfizer/BioNTech",6862480,6707924,13570404
2022-01-09,"Johnson&Johnson, Moderna, Pfizer/BioNTech",6863562,6709620,13573182
2022-01-10,"Johnson&Johnson, Moderna, Oxford/AstraZeneca, Pfizer/BioNTech",6868069,6715813,13583882
2022-01-11,"Johnson&Johnson, Moderna, Oxford/AstraZeneca, Pfizer/BioNTech",6873518,6722572,13596090
2022-01-12,"Johnson&Johnson, Moderna, Oxford/AstraZeneca, Pfizer/BioNTech",6879476,6728215,13607691
2022-01-13,"Johnson&Johnson, Moderna, Oxford/AstraZeneca, Pfizer/BioNTech",6885365,6732990,13618355
2022-01-14,"Johnson&Johnson, Moderna, Oxford/AstraZeneca, Pfizer/BioNTech",6891667,6736622,13628289
2022-01-15,"Johnson&Johnson, Moderna, Oxford/AstraZeneca, Pfizer/BioNTech",6892943,6737278,13630221
2022-01-16,"Johnson&Johnson, Moderna, Oxford/AstraZeneca, Pfizer/BioNTech",6893633,6737715,13631348
2022-01-17,"Johnson&Johnson, Moderna, Oxford/AstraZeneca, Pfizer/BioNTech",6897188,6741672,13638860
2022-01-18,"Johnson&Johnson, Moderna, Oxford/AstraZeneca, Pfizer/BioNTech",6901037,6746626,13647663
2022-01-19,"Johnson&Johnson, Moderna, Oxford/AstraZeneca, Pfizer/BioNTech",6905107,6750557,13655664
2022-01-20,"Johnson&Johnson, Moderna, Oxford/AstraZeneca, Pfizer/BioNTech",6908705,6755012,13663717
2022-01-21,"Johnson&Johnson, Moderna, Oxford/AstraZeneca, Pfizer/BioNTech",6912702,6757540,13670242
2022-01-22,"Johnson&Johnson, Moderna, Pfizer/BioNTech",6913482,6757981,13671463
2022-01-23,"Johnson&Johnson, Moderna, Pfizer/BioNTech",6914043,6758615,13672658
2022-01-24,"Johnson&Johnson, Moderna, Oxford/AstraZeneca, Pfizer/BioNTech",6916315,6762052,13678367
2022-01-25,"Johnson&Johnson, Moderna, Oxford/AstraZeneca, Pfizer/BioNTech",6918674,6766046,13684720
2022-01-26,"Johnson&Johnson, Moderna, Oxford/AstraZeneca, Pfizer/BioNTech",6921058,6770615,13691673
2022-01-27,"Johnson&Johnson, Moderna, Oxford/AstraZeneca, Pfizer/BioNTech",6923380,6775429,13698809
2022-01-28,"Johnson&Johnson, Moderna, Oxford/AstraZeneca, Pfizer/BioNTech",6926298,6781596,13707894
2022-01-29,"Johnson&Johnson, Moderna, Oxford/AstraZeneca, Pfizer/BioNTech",6926900,6783247,13710147
2022-01-30,"Johnson&Johnson, Moderna, Pfizer/BioNTech",6927127,6784029,13711156
2022-01-31,"Johnson&Johnson, Moderna, Pfizer/BioNTech",6928669,6787956,13716625
2022-02-01,"Johnson&Johnson, Moderna, Pfizer/BioNTech",6930264,6791988,13722252
2022-02-02,"Johnson&Johnson, Moderna, Oxford/AstraZeneca, Pfizer/BioNTech",6931829,6796501,13728330
2022-02-03,"Johnson&Johnson, Moderna, Pfizer/BioNTech",6933209,6800986,13734195
2022-02-04,"Johnson&Johnson, Moderna, Pfizer/BioNTech",6934810,6806102,13740912
2022-02-05,"Johnson&Johnson, Moderna, Pfizer/BioNTech",6934983,6806712,13741695
2022-02-06,"Johnson&Johnson, Moderna, Pfizer/BioNTech",6935079,6807031,13742110
2022-02-07,"Johnson&Johnson, Moderna, Pfizer/BioNTech",6935782,6810240,13746022
2022-02-08,"Johnson&Johnson, Moderna, Pfizer/BioNTech",6936576,6813429,13750005
2022-02-09,"Johnson&Johnson, Moderna, Pfizer/BioNTech",6937398,6816803,13754201
2022-02-10,"Johnson&Johnson, Moderna, Pfizer/BioNTech",6938208,6819935,13758143
2022-02-11,"Johnson&Johnson, Moderna, Pfizer/BioNTech",6939162,6823850,13763012
2022-02-12,"Johnson&Johnson, Moderna, Pfizer/BioNTech",6939272,6824269,13763541
2022-02-13,"Johnson&Johnson, Moderna, Pfizer/BioNTech",6939309,6824707,13764016
2022-02-14,"Johnson&Johnson, Moderna, Pfizer/BioNTech",6939767,6826819,13766586
2022-02-15,"Johnson&Johnson, Moderna, Pfizer/BioNTech",6940319,6829029,13769348
2022-02-16,"Johnson&Johnson, Moderna, Pfizer/BioNTech",6940910,6831129,13772039
2022-02-17,"Johnson&Johnson, Moderna, Pfizer/BioNTech",6941505,6833471,13774976
2022-02-18,"Johnson&Johnson, Moderna, Oxford/AstraZeneca, Pfizer/BioNTech",6942147,6836524,13778671
2022-02-19,"Johnson&Johnson, Moderna, Pfizer/BioNTech",6942227,6836805,13779032
2022-02-20,"Johnson&Johnson, Moderna, Oxford/AstraZeneca, Pfizer/BioNTech",6942265,6836954,13779219
2022-02-21,"Johnson&Johnson, Moderna, Pfizer/BioNTech",6942629,6838654,13781283
2022-02-22,"Johnson&Johnson, Moderna, Oxford/AstraZeneca, Pfizer/BioNTech",6943022,6840352,13783374
2022-02-23,"Johnson&Johnson, Moderna, Pfizer/BioNTech",6943479,6841995,13785474
2022-02-24,"Johnson&Johnson, Moderna, Pfizer/BioNTech",6943887,6843626,13787513
2022-02-25,"Johnson&Johnson, Moderna, Pfizer/BioNTech",6944470,6845711,13790181
2022-02-26,"Johnson&Johnson, Moderna, Pfizer/BioNTech",6944529,6845872,13790401
2022-02-27,"Johnson&Johnson, Moderna, Pfizer/BioNTech",6944559,6845948,13790507
2022-02-28,"Johnson&Johnson, Moderna, Pfizer/BioNTech",6944805,6846925,13791730
2022-03-01,"Johnson&Johnson, Moderna, Pfizer/BioNTech",6945112,6847710,13792822
2022-03-02,"Johnson&Johnson, Moderna, Novavax, Pfizer/BioNTech",6945485,6848618,13794103
2022-03-03,"Johnson&Johnson, Moderna, Novavax, Pfizer/BioNTech",6945822,6849561,13795383
2022-03-04,"Johnson&Johnson, Moderna, Novavax, Pfizer/BioNTech",6946452,6850782,13797234
2022-03-05,"Johnson&Johnson, Moderna, Novavax, Pfizer/BioNTech",6946533,6850875,13797408
2022-03-06,"Moderna, Novavax, Pfizer/BioNTech",6946546,6850893,13797439
2022-03-07,"Johnson&Johnson, Moderna, Novavax, Pfizer/BioNTech",6946881,6851451,13798332
2022-03-08,"Johnson&Johnson, Moderna, Novavax, Pfizer/BioNTech",6947216,6851993,13799209
2022-03-09,"Johnson&Johnson, Moderna, Novavax, Pfizer/BioNTech",6947605,6852588,13800193
2022-03-10,"Johnson&Johnson, Moderna, Novavax, Pfizer/BioNTech",6948017,6853261,13801278
2022-03-11,"Johnson&Johnson, Moderna, Novavax, Pfizer/BioNTech",6948766,6854171,13802937
2022-03-12,"Johnson&Johnson, Moderna, Novavax, Pfizer/BioNTech",6948837,6854276,13803113
2022-03-13,"Johnson&Johnson, Moderna, Novavax, Pfizer/BioNTech",6948850,6854295,13803145
2022-03-14,"Johnson&Johnson, Moderna, Novavax, Pfizer/BioNTech",6949117,6854678,13803795
2022-03-15,"Johnson&Johnson, Moderna, Novavax, Pfizer/BioNTech",6949401,6855114,13804515
2022-03-16,"Johnson&Johnson, Moderna, Novavax, Pfizer/BioNTech",6949720,6855657,13805377
2022-03-17,"Johnson&Johnson, Moderna, Novavax, Oxford/AstraZeneca, Pfizer/BioNTech",6950016,6856089,13806105
2022-03-18,"Johnson&Johnson, Moderna, Novavax, Pfizer/BioNTech",6950713,6856884,13807597
2022-03-19,"Moderna, Novavax, Pfizer/BioNTech",6950769,6856929,13807698
2022-03-20,"Moderna, Novavax, Pfizer/BioNTech",6950787,6856941,13807728
2022-03-21,"Johnson&Johnson, Moderna, Novavax, Pfizer/BioNTech",6950975,6857268,13808243
2022-03-22,"Johnson&Johnson, Moderna, Novavax, Pfizer/BioNTech",6951216,6857667,13808883
2022-03-23,"Johnson&Johnson, Moderna, Novavax, Pfizer/BioNTech",6951553,6858106,13809659
2022-03-24,"Johnson&Johnson, Moderna, Novavax, Pfizer/BioNTech",6951864,6858579,13810443
2022-03-25,"Johnson&Johnson, Moderna, Novavax, Pfizer/BioNTech",6952359,6859388,13811747
2022-03-26,"Johnson&Johnson, Moderna, Novavax, Pfizer/BioNTech",6952411,6859466,13811877
2022-03-27,"Moderna, Novavax, Pfizer/BioNTech",6952427,6859483,13811910
2022-03-28,"Johnson&Johnson, Moderna, Novavax, Pfizer/BioNTech",6952581,6859861,13812442
2022-03-29,"Johnson&Johnson, Moderna, Novavax, Pfizer/BioNTech",6952843,6860267,13813110
2022-03-30,"Johnson&Johnson, Moderna, Novavax, Pfizer/BioNTech",6953148,6860760,13813908
2022-03-31,"Johnson&Johnson, Moderna, Novavax, Pfizer/BioNTech",6953445,6861253,13814698
2022-04-01,"Johnson&Johnson, Moderna, Novavax, Pfizer/BioNTech",6954056,6862013,13816069
2022-04-02,"Moderna, Novavax, Pfizer/BioNTech",6954113,6862097,13816210
2022-04-03,"Moderna, Novavax, Pfizer/BioNTech",6954126,6862126,13816252
2022-04-04,"Johnson&Johnson, Moderna, Novavax, Pfizer/BioNTech",6954303,6862408,13816711
2022-04-05,"Johnson&Johnson, Moderna, Novavax, Pfizer/BioNTech",6954494,6862644,13817138
2022-04-06,"Johnson&Johnson, Moderna, Novavax, Pfizer/BioNTech",6954711,6862990,13817701
2022-04-07,"Johnson&Johnson, Moderna, Novavax, Pfizer/BioNTech",6954935,6863408,13818343
2022-04-08,"Johnson&Johnson, Moderna, Novavax, Pfizer/BioNTech",6955389,6864131,13819520
2022-04-09,"Johnson&Johnson, Moderna, Novavax, Pfizer/BioNTech",6955449,6864203,13819652
2022-04-10,"Moderna, Novavax, Pfizer/BioNTech",6955462,6864212,13819674
2022-04-11,"Johnson&Johnson, Moderna, Novavax, Pfizer/BioNTech",6955624,6864443,13820067
2022-04-12,"Johnson&Johnson, Moderna, Novavax, Pfizer/BioNTech",6955871,6864741,13820612
2022-04-13,"Johnson&Johnson, Moderna, Novavax, Pfizer/BioNTech",6956112,6865095,13821207
2022-04-14,"Johnson&Johnson, Moderna, Novavax, Pfizer/BioNTech",6956374,6865480,13821854
2022-04-15,"Moderna, Novavax, Pfizer/BioNTech",6956390,6865511,13821901
2022-04-16,"Johnson&Johnson, Moderna, Novavax, Pfizer/BioNTech",6956410,6865545,13821955
2022-04-17,"Moderna, Novavax, Pfizer/BioNTech",6956411,6865546,13821957
2022-04-18,"Moderna, Novavax, Pfizer/BioNTech",6956425,6865563,13821988
2022-04-19,"Johnson&Johnson, Moderna, Novavax, Pfizer/BioNTech",6956564,6865901,13822465
2022-04-20,"Johnson&Johnson, Moderna, Novavax, Pfizer/BioNTech, Čína",6956787,6866291,13823078
2022-04-21,"Johnson&Johnson, Moderna, Novavax, Pfizer/BioNTech",6957004,6866715,13823719
2022-04-22,"Johnson&Johnson, Moderna, Novavax, Pfizer/BioNTech",6957468,6867543,13825011
2022-04-23,"Moderna, Novavax, Pfizer/BioNTech",6957499,6867622,13825121
2022-04-24,"Moderna, Novavax, Pfizer/BioNTech",6957504,6867633,13825137
2022-04-25,"Johnson&Johnson, Moderna, Novavax, Pfizer/BioNTech",6957660,6867841,13825501
2022-04-26,"Johnson&Johnson, Moderna, Novavax, Pfizer/BioNTech",6957800,6868105,13825905
2022-04-27,"Johnson&Johnson, Moderna, Novavax, Pfizer/BioNTech",6958067,6868435,13826502
2022-04-28,"Johnson&Johnson, Moderna, Novavax, Pfizer/BioNTech",6958261,6868725,13826986
2022-04-29,"Johnson&Johnson, Moderna, Novavax, Pfizer/BioNTech",6958696,6869314,13828010
2022-04-30,"Moderna, Novavax, Pfizer/BioNTech",6958737,6869381,13828118
2022-05-01,"Moderna, Novavax, Oxford/AstraZeneca, Pfizer/BioNTech",6958742,6869391,13828133
2022-05-02,"Johnson&Johnson, Moderna, Novavax, Pfizer/BioNTech",6958882,6869573,13828455
2022-05-03,"Johnson&Johnson, Moderna, Novavax, Pfizer/BioNTech",6959039,6869829,13828868
2022-05-04,"Johnson&Johnson, Moderna, Novavax, Pfizer/BioNTech",6959245,6870104,13829349
2022-05-05,"Johnson&Johnson, Moderna, Novavax, Pfizer/BioNTech",6959452,6870394,13829846
2022-05-06,"Johnson&Johnson, Moderna, Novavax, Pfizer/BioNTech",6959828,6870736,13830564
2022-05-07,"Moderna, Novavax, Pfizer/BioNTech",6959855,6870762,13830617
2022-05-08,"Moderna, Pfizer/BioNTech",6959856,6870770,13830626
2022-05-09,"Johnson&Johnson, Moderna, Novavax, Pfizer/BioNTech",6959964,6870860,13830824
2022-05-10,"Johnson&Johnson, Moderna, Novavax, Pfizer/BioNTech",6960119,6871097,13831216
2022-05-11,"Johnson&Johnson, Moderna, Novavax, Oxford/AstraZeneca, Pfizer/BioNTech",6960341,6871364,13831705
2022-05-12,"Johnson&Johnson, Moderna, Novavax, Pfizer/BioNTech",6960544,6871641,13832185
2022-05-13,"Johnson&Johnson, Moderna, Novavax, Pfizer/BioNTech",6960889,6872140,13833029
2022-05-14,"Johnson&Johnson, Moderna, Novavax, Pfizer/BioNTech",6960930,6872180,13833110
2022-05-15,"Johnson&Johnson, Moderna, Novavax, Pfizer/BioNTech",6960945,6872191,13833136
2022-05-16,"Johnson&Johnson, Moderna, Novavax, Pfizer/BioNTech",6961055,6872311,13833366
2022-05-17,"Johnson&Johnson, Moderna, Novavax, Pfizer/BioNTech",6961197,6872466,13833663
2022-05-18,"Indie/AstraZeneca, Johnson&Johnson, Moderna, Novavax, Pfizer/BioNTech",6961434,6872798,13834232
2022-05-19,"Johnson&Johnson, Moderna, Novavax, Pfizer/BioNTech",6961628,6873049,13834677
2022-05-20,"Johnson&Johnson, Moderna, Novavax, Pfizer/BioNTech",6961930,6873603,13835533
2022-05-21,"Johnson&Johnson, Moderna, Novavax, Pfizer/BioNTech",6961969,6873632,13835601
2022-05-22,"Moderna, Pfizer/BioNTech",6961978,6873639,13835617
2022-05-23,"Johnson&Johnson, Moderna, Novavax, Pfizer/BioNTech",6962100,6873794,13835894
2022-05-24,"Johnson&Johnson, Moderna, Novavax, Pfizer/BioNTech",6962231,6873967,13836198
2022-05-25,"Indie/AstraZeneca, Johnson&Johnson, Moderna, Novavax, Oxford/AstraZeneca, Pfizer/BioNTech",6962408,6874216,13836624
2022-05-26,"Johnson&Johnson, Moderna, Novavax, Pfizer/BioNTech",6962560,6874441,13837001
2022-05-27,"Johnson&Johnson, Moderna, Novavax, Pfizer/BioNTech",6962830,6874907,13837737
2022-05-28,"Moderna, Novavax, Pfizer/BioNTech",6962868,6874956,13837824
2022-05-29,"Moderna, Novavax, Pfizer/BioNTech",6962877,6874960,13837837
2022-05-30,"Johnson&Johnson, Moderna, Novavax, Pfizer/BioNTech",6962967,6875120,13838087
2022-05-31,"Johnson&Johnson, Moderna, Novavax, Pfizer/BioNTech",6963116,6875316,13838432
2022-06-01,"Johnson&Johnson, Moderna, Novavax, Pfizer/BioNTech",6963255,6875546,13838801
2022-06-02,"Moderna, Novavax, Pfizer/BioNTech",6963385,6875786,13839171
2022-06-03,"Johnson&Johnson, Moderna, Novavax, Pfizer/BioNTech",6963644,6876246,13839890
2022-06-04,"Johnson&Johnson, Moderna, Novavax, Pfizer/BioNTech",6963678,6876286,13839964
2022-06-05,"Moderna, Novavax, Pfizer/BioNTech",6963685,6876292,13839977
2022-06-06,"Johnson&Johnson, Moderna, Novavax, Pfizer/BioNTech",6963774,6876435,13840209
2022-06-07,"Johnson&Johnson, Moderna, Novavax, Pfizer/BioNTech",6963859,6876594,13840453
2022-06-08,"Johnson&Johnson, Moderna, Novavax, Pfizer/BioNTech",6963994,6876842,13840836
2022-06-09,"Johnson&Johnson, Moderna, Novavax, Pfizer/BioNTech",6964090,6877044,13841134
2022-06-10,"Johnson&Johnson, Moderna, Novavax, Pfizer/BioNTech",6964270,6877379,13841649
2022-06-11,"Moderna, Novavax, Pfizer/BioNTech",6964284,6877418,13841702
2022-06-12,"Moderna, Novavax, Pfizer/BioNTech",6964290,6877441,13841731
2022-06-13,"Johnson&Johnson, Moderna, Novavax, Oxford/AstraZeneca, Pfizer/BioNTech",6964352,6877564,13841916
2022-06-14,"Johnson&Johnson, Moderna, Novavax, Pfizer/BioNTech",6964432,6877712,13842144
2022-06-15,"Johnson&Johnson, Moderna, Novavax, Pfizer/BioNTech",6964511,6877907,13842418
2022-06-16,"Johnson&Johnson, Moderna, Novavax, Pfizer/BioNTech",6964576,6878084,13842660
2022-06-17,"Johnson&Johnson, Moderna, Novavax, Pfizer/BioNTech",6964729,6878372,13843101
2022-06-18,"Moderna, Novavax, Pfizer/BioNTech",6964741,6878411,13843152
2022-06-19,"Moderna, Pfizer/BioNTech",6964744,6878419,13843163
2022-06-20,"Johnson&Johnson, Moderna, Novavax, Pfizer/BioNTech",6964808,6878542,13843350
2022-06-21,"Johnson&Johnson, Moderna, Novavax, Pfizer/BioNTech",6964871,6878668,13843539
2022-06-22,"Johnson&Johnson, Moderna, Novavax, Pfizer/BioNTech",6964969,6878851,13843820
2022-06-23,"Johnson&Johnson, Moderna, Novavax, Pfizer/BioNTech",6965029,6879019,13844048
2022-06-24,"Johnson&Johnson, Moderna, Novavax, Pfizer/BioNTech",6965189,6879369,13844558
2022-06-25,"Moderna, Novavax, Pfizer/BioNTech",6965208,6879421,13844629
2022-06-26,"Moderna, Pfizer/BioNTech",6965209,6879431,13844640
2022-06-27,"Johnson&Johnson, Moderna, Novavax, Pfizer/BioNTech",6965275,6879546,13844821
2022-06-28,"Johnson&Johnson, Moderna, Novavax, Pfizer/BioNTech",6965346,6879665,13845011
2022-06-29,"Johnson&Johnson, Moderna, Novavax, Pfizer/BioNTech",6965468,6879850,13845318
2022-06-30,"Johnson&Johnson, Moderna, Novavax, Pfizer/BioNTech",6965552,6880001,13845553
2022-07-01,"Johnson&Johnson, Moderna, Novavax, Pfizer/BioNTech",6965721,6880246,13845967
2022-07-02,"Moderna, Novavax, Pfizer/BioNTech",6965734,6880253,13845987
2022-07-03,"Moderna, Pfizer/BioNTech",6965737,6880262,13845999
2022-07-04,"Johnson&Johnson, Moderna, Novavax, Pfizer/BioNTech",6965805,6880327,13846132
2022-07-05,"Novavax, Pfizer/BioNTech",6965806,6880328,13846134
2022-07-06,"Moderna, Pfizer/BioNTech",6965808,6880333,13846141
2022-07-07,"Johnson&Johnson, Moderna, Novavax, Pfizer/BioNTech",6965912,6880432,13846344
2022-07-08,"Indie/AstraZeneca, Johnson&Johnson, Moderna, Novavax, Oxford/AstraZeneca, Pfizer/BioNTech",6966059,6880619,13846678
2022-07-09,"Johnson&Johnson, Moderna, Novavax, Pfizer/BioNTech",6966068,6880627,13846695
2022-07-10,"Moderna, Pfizer/BioNTech",6966072,6880637,13846709
2022-07-11,"Johnson&Johnson, Moderna, Novavax, Pfizer/BioNTech",6966159,6880719,13846878
2022-07-12,"Johnson&Johnson, Moderna, Novavax, Pfizer/BioNTech",6966251,6880811,13847062
2022-07-13,"Johnson&Johnson, Moderna, Novavax, Pfizer/BioNTech",6966411,6880938,13847349
2022-07-14,"Johnson&Johnson, Moderna, Novavax, Pfizer/BioNTech",6966540,6881033,13847573
2022-07-15,"Johnson&Johnson, Moderna, Novavax, Pfizer/BioNTech",6966792,6881241,13848033
2022-07-16,"Moderna, Novavax, Pfizer/BioNTech",6966826,6881271,13848097
2022-07-17,"Moderna, Pfizer/BioNTech",6966829,6881278,13848107
