date,vaccine,people_vaccinated,people_fully_vaccinated,total_vaccinations
2020-12-27,Pfizer/BioNTech,1286,0,1286
2020-12-28,Pfizer/BioNTech,3589,0,3589
2020-12-29,Pfizer/BioNTech,7059,1,7060
2020-12-30,Pfizer/BioNTech,10576,1,10577
2020-12-31,Pfizer/BioNTech,11887,1,11888
2021-01-01,"Moderna, Pfizer/BioNTech",12156,1,12157
2021-01-02,"Moderna, Pfizer/BioNTech",13439,2,13441
2021-01-03,"Moderna, Pfizer/BioNTech",14366,2,14368
2021-01-04,"Moderna, Pfizer/BioNTech",17974,2,17976
2021-01-05,"Moderna, Pfizer/BioNTech",22498,3,22501
2021-01-06,"Moderna, Pfizer/BioNTech",28344,4,28348
2021-01-07,"Moderna, Pfizer/BioNTech",36342,4,36346
2021-01-08,"Moderna, Pfizer/BioNTech",46393,5,46398
2021-01-09,"Moderna, Pfizer/BioNTech",48419,7,48426
2021-01-10,Pfizer/BioNTech,50191,9,50200
2021-01-11,"Moderna, Pfizer/BioNTech",60048,11,60059
2021-01-12,"Moderna, Pfizer/BioNTech",73504,13,73517
2021-01-13,"Moderna, Pfizer/BioNTech",87050,13,87063
2021-01-14,"Moderna, Pfizer/BioNTech",102303,17,102320
2021-01-15,"Moderna, Pfizer/BioNTech",116323,18,116341
2021-01-16,"Moderna, Pfizer/BioNTech",119727,22,119749
2021-01-17,"Moderna, Pfizer/BioNTech",122348,657,123005
2021-01-18,"Moderna, Pfizer/BioNTech",134842,2484,137326
2021-01-19,"Moderna, Pfizer/BioNTech",147453,5213,152666
2021-01-20,"Moderna, Pfizer/BioNTech",161151,7878,169029
2021-01-21,"Moderna, Pfizer/BioNTech",176805,9620,186425
2021-01-22,"Moderna, Pfizer/BioNTech",191698,10664,202362
2021-01-23,"Moderna, Pfizer/BioNTech",195016,11541,206557
2021-01-24,"Moderna, Pfizer/BioNTech",197272,12412,209684
2021-01-25,"Moderna, Pfizer/BioNTech",206927,15382,222309
2021-01-26,"Moderna, Pfizer/BioNTech",217474,19373,236847
2021-01-27,"Moderna, Pfizer/BioNTech",226506,23908,250414
2021-01-28,"Moderna, Pfizer/BioNTech",233612,30040,263652
2021-01-29,"Moderna, Pfizer/BioNTech",239827,37947,277774
2021-01-30,"Moderna, Pfizer/BioNTech",240568,39035,279603
2021-01-31,"Moderna, Pfizer/BioNTech",241287,40217,281504
2021-02-01,"Moderna, Pfizer/BioNTech",245271,48187,293458
2021-02-02,"Moderna, Pfizer/BioNTech",249424,58427,307851
2021-02-03,"Moderna, Pfizer/BioNTech",253851,69447,323298
2021-02-04,"Moderna, Pfizer/BioNTech",258758,82440,341198
2021-02-05,"Moderna, Pfizer/BioNTech",264234,93114,357348
2021-02-06,"Moderna, Oxford/AstraZeneca, Pfizer/BioNTech",265091,95479,360570
2021-02-07,"Moderna, Oxford/AstraZeneca, Pfizer/BioNTech",265942,97979,363921
2021-02-08,"Moderna, Oxford/AstraZeneca, Pfizer/BioNTech",270035,109410,379445
2021-02-09,"Moderna, Oxford/AstraZeneca, Pfizer/BioNTech",275143,121323,396466
2021-02-10,"Moderna, Oxford/AstraZeneca, Pfizer/BioNTech",280662,134584,415246
2021-02-11,"Moderna, Oxford/AstraZeneca, Pfizer/BioNTech",287004,150804,437808
2021-02-12,"Moderna, Oxford/AstraZeneca, Pfizer/BioNTech",293832,165553,459385
2021-02-13,"Moderna, Oxford/AstraZeneca, Pfizer/BioNTech",295450,168540,463990
2021-02-14,"Moderna, Oxford/AstraZeneca, Pfizer/BioNTech",296456,169926,466382
2021-02-15,"Moderna, Oxford/AstraZeneca, Pfizer/BioNTech",302855,179297,482152
2021-02-16,"Moderna, Oxford/AstraZeneca, Pfizer/BioNTech",311576,188378,499954
2021-02-17,"Moderna, Oxford/AstraZeneca, Pfizer/BioNTech",321279,196689,517968
2021-02-18,"Moderna, Oxford/AstraZeneca, Pfizer/BioNTech",333608,204772,538380
2021-02-19,"Moderna, Oxford/AstraZeneca, Pfizer/BioNTech",345474,212148,557622
2021-02-20,"Moderna, Oxford/AstraZeneca, Pfizer/BioNTech",347484,213334,560818
2021-02-21,"Moderna, Oxford/AstraZeneca, Pfizer/BioNTech",348621,214360,562981
2021-02-22,"Moderna, Oxford/AstraZeneca, Pfizer/BioNTech",358748,220398,579146
2021-02-23,"Moderna, Oxford/AstraZeneca, Pfizer/BioNTech",371713,227389,599102
2021-02-24,"Moderna, Oxford/AstraZeneca, Pfizer/BioNTech",385597,233432,619029
2021-02-25,"Moderna, Oxford/AstraZeneca, Pfizer/BioNTech",403581,238984,642565
2021-02-26,"Moderna, Oxford/AstraZeneca, Pfizer/BioNTech",419764,244344,664108
2021-02-27,"Moderna, Oxford/AstraZeneca, Pfizer/BioNTech",422773,244903,667676
2021-02-28,"Moderna, Oxford/AstraZeneca, Pfizer/BioNTech",425131,245454,670585
2021-03-01,"Moderna, Oxford/AstraZeneca, Pfizer/BioNTech",444731,248903,693634
2021-03-02,"Moderna, Oxford/AstraZeneca, Pfizer/BioNTech",471958,252453,724411
2021-03-03,"Moderna, Oxford/AstraZeneca, Pfizer/BioNTech",502916,256964,759880
2021-03-04,"Moderna, Oxford/AstraZeneca, Pfizer/BioNTech",536201,261655,797856
2021-03-05,"Johnson&Johnson, Moderna, Oxford/AstraZeneca, Pfizer/BioNTech",565045,267084,832129
2021-03-06,"Johnson&Johnson, Moderna, Oxford/AstraZeneca, Pfizer/BioNTech",577205,267950,845155
2021-03-07,"Johnson&Johnson, Moderna, Oxford/AstraZeneca, Pfizer/BioNTech",588754,268793,857547
2021-03-08,"Johnson&Johnson, Moderna, Oxford/AstraZeneca, Pfizer/BioNTech",618504,273655,892159
2021-03-09,"Johnson&Johnson, Moderna, Oxford/AstraZeneca, Pfizer/BioNTech",654877,280043,934920
2021-03-10,"Johnson&Johnson, Moderna, Oxford/AstraZeneca, Pfizer/BioNTech",696212,287004,983216
2021-03-11,"Johnson&Johnson, Moderna, Oxford/AstraZeneca, Pfizer/BioNTech",741069,295379,1036448
2021-03-12,"Johnson&Johnson, Moderna, Oxford/AstraZeneca, Pfizer/BioNTech, Čína",779834,303879,1083713
2021-03-13,"Johnson&Johnson, Moderna, Oxford/AstraZeneca, Pfizer/BioNTech",796945,305194,1102139
2021-03-14,"Johnson&Johnson, Moderna, Oxford/AstraZeneca, Pfizer/BioNTech",809062,306350,1115412
2021-03-15,"Johnson&Johnson, Moderna, Oxford/AstraZeneca, Pfizer/BioNTech",837460,315132,1152592
2021-03-16,"Johnson&Johnson, Moderna, Oxford/AstraZeneca, Pfizer/BioNTech",876357,325669,1202026
2021-03-17,"Moderna, Oxford/AstraZeneca, Pfizer/BioNTech",913845,336184,1250029
2021-03-18,"Johnson&Johnson, Moderna, Oxford/AstraZeneca, Pfizer/BioNTech",951854,348610,1300464
2021-03-19,"Johnson&Johnson, Moderna, Oxford/AstraZeneca, Pfizer/BioNTech",986375,362225,1348600
2021-03-20,"Johnson&Johnson, Moderna, Oxford/AstraZeneca, Pfizer/BioNTech",1001560,364255,1365815
2021-03-21,"Johnson&Johnson, Moderna, Oxford/AstraZeneca, Pfizer/BioNTech",1009009,365815,1374824
2021-03-22,"Johnson&Johnson, Moderna, Oxford/AstraZeneca, Pfizer/BioNTech",1033586,378317,1411903
2021-03-23,"Johnson&Johnson, Moderna, Oxford/AstraZeneca, Pfizer/BioNTech",1060262,391684,1451946
2021-03-24,"Johnson&Johnson, Moderna, Oxford/AstraZeneca, Pfizer/BioNTech",1087157,407430,1494587
2021-03-25,"Johnson&Johnson, Moderna, Oxford/AstraZeneca, Pfizer/BioNTech",1113517,425285,1538802
2021-03-26,"Johnson&Johnson, Moderna, Oxford/AstraZeneca, Pfizer/BioNTech",1138359,442799,1581158
2021-03-27,"Johnson&Johnson, Moderna, Oxford/AstraZeneca, Pfizer/BioNTech",1146821,447645,1594466
2021-03-28,"Moderna, Oxford/AstraZeneca, Pfizer/BioNTech",1152369,451793,1604162
2021-03-29,"Johnson&Johnson, Moderna, Oxford/AstraZeneca, Pfizer/BioNTech",1171530,472530,1644060
2021-03-30,"Johnson&Johnson, Moderna, Oxford/AstraZeneca, Pfizer/BioNTech",1196240,494717,1690957
2021-03-31,"Johnson&Johnson, Moderna, Oxford/AstraZeneca, Pfizer/BioNTech",1219397,521786,1741183
2021-04-01,"Johnson&Johnson, Moderna, Oxford/AstraZeneca, Pfizer/BioNTech",1245086,553843,1798929
2021-04-02,"Johnson&Johnson, Moderna, Oxford/AstraZeneca, Pfizer/BioNTech",1252070,566641,1818711
2021-04-03,"Johnson&Johnson, Moderna, Oxford/AstraZeneca, Pfizer/BioNTech",1255724,577573,1833297
2021-04-04,"Johnson&Johnson, Moderna, Oxford/AstraZeneca, Pfizer/BioNTech",1258268,586496,1844764
2021-04-05,"Johnson&Johnson, Moderna, Oxford/AstraZeneca, Pfizer/BioNTech",1260701,593702,1854403
2021-04-06,"Johnson&Johnson, Moderna, Oxford/AstraZeneca, Pfizer/BioNTech, Čína",1276918,622978,1899896
2021-04-07,"Johnson&Johnson, Moderna, Oxford/AstraZeneca, Pfizer/BioNTech",1300422,645219,1945641
2021-04-08,"Johnson&Johnson, Moderna, Oxford/AstraZeneca, Pfizer/BioNTech",1339242,676266,2015508
2021-04-09,"Johnson&Johnson, Moderna, Oxford/AstraZeneca, Pfizer/BioNTech",1378841,706467,2085308
2021-04-10,"Johnson&Johnson, Moderna, Oxford/AstraZeneca, Pfizer/BioNTech",1394409,721780,2116189
2021-04-11,"Johnson&Johnson, Moderna, Oxford/AstraZeneca, Pfizer/BioNTech",1404205,731838,2136043
2021-04-12,"Johnson&Johnson, Moderna, Oxford/AstraZeneca, Pfizer/BioNTech",1442528,756984,2199512
2021-04-13,"Moderna, Oxford/AstraZeneca, Pfizer/BioNTech",1478837,783026,2261863
2021-04-14,"Moderna, Oxford/AstraZeneca, Pfizer/BioNTech",1517726,810403,2328129
2021-04-15,"Moderna, Oxford/AstraZeneca, Pfizer/BioNTech",1565563,836185,2401748
2021-04-16,"Moderna, Oxford/AstraZeneca, Pfizer/BioNTech",1610281,861867,2472148
2021-04-17,"Indie/AstraZeneca, Moderna, Oxford/AstraZeneca, Pfizer/BioNTech",1627008,870894,2497902
2021-04-18,"Moderna, Oxford/AstraZeneca, Pfizer/BioNTech",1640008,875880,2515888
2021-04-19,"Johnson&Johnson, Moderna, Oxford/AstraZeneca, Pfizer/BioNTech",1683984,891325,2575309
2021-04-20,"Johnson&Johnson, Moderna, Oxford/AstraZeneca, Pfizer/BioNTech",1726573,907215,2633788
2021-04-21,"Moderna, Oxford/AstraZeneca, Pfizer/BioNTech",1774338,921585,2695923
2021-04-22,"Johnson&Johnson, Moderna, Oxford/AstraZeneca, Pfizer/BioNTech",1828869,938985,2767854
2021-04-23,"Johnson&Johnson, Moderna, Oxford/AstraZeneca, Pfizer/BioNTech",1878882,951052,2829934
2021-04-24,"Johnson&Johnson, Moderna, Oxford/AstraZeneca, Pfizer/BioNTech",1896760,956319,2853079
2021-04-25,"Johnson&Johnson, Moderna, Oxford/AstraZeneca, Pfizer/BioNTech",1911474,960323,2871797
2021-04-26,"Johnson&Johnson, Moderna, Oxford/AstraZeneca, Pfizer/BioNTech",1961089,967893,2928982
2021-04-27,"Johnson&Johnson, Moderna, Oxford/AstraZeneca, Pfizer/BioNTech",2010080,980149,2990229
2021-04-28,"Johnson&Johnson, Moderna, Oxford/AstraZeneca, Pfizer/BioNTech",2068861,994173,3063034
2021-04-29,"Johnson&Johnson, Moderna, Oxford/AstraZeneca, Pfizer/BioNTech",2134481,1010094,3144575
2021-04-30,"Johnson&Johnson, Moderna, Oxford/AstraZeneca, Pfizer/BioNTech",2196778,1020091,3216869
2021-05-01,"Johnson&Johnson, Moderna, Oxford/AstraZeneca, Pfizer/BioNTech",2216171,1023556,3239727
2021-05-02,"Johnson&Johnson, Moderna, Oxford/AstraZeneca, Pfizer/BioNTech",2235124,1025847,3260971
2021-05-03,"Johnson&Johnson, Moderna, Oxford/AstraZeneca, Pfizer/BioNTech",2302402,1030931,3333333
2021-05-04,"Johnson&Johnson, Moderna, Oxford/AstraZeneca, Pfizer/BioNTech",2368963,1039302,3408265
2021-05-05,"Johnson&Johnson, Moderna, Oxford/AstraZeneca, Pfizer/BioNTech",2442174,1048751,3490925
2021-05-06,"Johnson&Johnson, Moderna, Oxford/AstraZeneca, Pfizer/BioNTech",2522621,1059503,3582124
2021-05-07,"Johnson&Johnson, Moderna, Oxford/AstraZeneca, Pfizer/BioNTech",2599960,1069649,3669609
2021-05-08,"Johnson&Johnson, Moderna, Oxford/AstraZeneca, Pfizer/BioNTech",2629501,1071442,3700943
2021-05-09,"Johnson&Johnson, Moderna, Oxford/AstraZeneca, Pfizer/BioNTech",2653743,1072666,3726409
2021-05-10,"Johnson&Johnson, Moderna, Oxford/AstraZeneca, Pfizer/BioNTech",2726542,1079913,3806455
2021-05-11,"Johnson&Johnson, Moderna, Oxford/AstraZeneca, Pfizer/BioNTech",2802696,1088745,3891441
2021-05-12,"Johnson&Johnson, Moderna, Oxford/AstraZeneca, Pfizer/BioNTech",2882644,1097893,3980537
2021-05-13,"Johnson&Johnson, Moderna, Oxford/AstraZeneca, Pfizer/BioNTech",2966702,1107089,4073791
2021-05-14,"Johnson&Johnson, Moderna, Oxford/AstraZeneca, Pfizer/BioNTech",3046260,1114917,4161177
2021-05-15,"Johnson&Johnson, Moderna, Oxford/AstraZeneca, Pfizer/BioNTech",3078229,1117204,4195433
2021-05-16,"Johnson&Johnson, Moderna, Oxford/AstraZeneca, Pfizer/BioNTech",3104046,1118491,4222537
2021-05-17,"Indie/AstraZeneca, Johnson&Johnson, Moderna, Oxford/AstraZeneca, Pfizer/BioNTech",3176589,1125249,4301838
2021-05-18,"Indie/AstraZeneca, Johnson&Johnson, Moderna, Oxford/AstraZeneca, Pfizer/BioNTech",3248585,1138374,4386959
2021-05-19,"Johnson&Johnson, Moderna, Oxford/AstraZeneca, Pfizer/BioNTech",3326088,1153549,4479637
2021-05-20,"Johnson&Johnson, Moderna, Oxford/AstraZeneca, Pfizer/BioNTech",3401587,1180622,4582209
2021-05-21,"Johnson&Johnson, Moderna, Oxford/AstraZeneca, Pfizer/BioNTech",3470446,1208432,4678878
2021-05-22,"Johnson&Johnson, Moderna, Oxford/AstraZeneca, Pfizer/BioNTech",3502922,1219677,4722599
2021-05-23,"Johnson&Johnson, Moderna, Oxford/AstraZeneca, Pfizer/BioNTech",3525373,1228720,4754093
2021-05-24,"Johnson&Johnson, Moderna, Oxford/AstraZeneca, Pfizer/BioNTech",3572591,1262400,4834991
2021-05-25,"Johnson&Johnson, Moderna, Oxford/AstraZeneca, Pfizer/BioNTech",3624515,1298249,4922764
2021-05-26,"Johnson&Johnson, Moderna, Oxford/AstraZeneca, Pfizer/BioNTech",3692288,1335814,5028102
2021-05-27,"Johnson&Johnson, Moderna, Oxford/AstraZeneca, Pfizer/BioNTech",3753724,1383184,5136908
2021-05-28,"Johnson&Johnson, Moderna, Oxford/AstraZeneca, Pfizer/BioNTech",3815481,1429800,5245281
2021-05-29,"Johnson&Johnson, Moderna, Oxford/AstraZeneca, Pfizer/BioNTech",3844756,1446947,5291703
2021-05-30,"Johnson&Johnson, Moderna, Oxford/AstraZeneca, Pfizer/BioNTech, Čína",3867176,1461420,5328596
2021-05-31,"Indie/AstraZeneca, Johnson&Johnson, Moderna, Oxford/AstraZeneca, Pfizer/BioNTech",3922928,1508956,5431884
2021-06-01,"Johnson&Johnson, Moderna, Oxford/AstraZeneca, Pfizer/BioNTech",3982047,1557850,5539897
2021-06-02,"Johnson&Johnson, Moderna, Oxford/AstraZeneca, Pfizer/BioNTech",4045030,1611889,5656919
2021-06-03,"Johnson&Johnson, Moderna, Oxford/AstraZeneca, Pfizer/BioNTech",4103296,1672141,5775437
2021-06-04,"Johnson&Johnson, Moderna, Oxford/AstraZeneca, Pfizer/BioNTech",4166447,1729582,5896029
2021-06-05,"Johnson&Johnson, Moderna, Oxford/AstraZeneca, Pfizer/BioNTech",4200641,1748516,5949157
2021-06-06,"Johnson&Johnson, Moderna, Oxford/AstraZeneca, Pfizer/BioNTech",4227604,1763697,5991301
2021-06-07,"Johnson&Johnson, Moderna, Oxford/AstraZeneca, Pfizer/BioNTech",4291310,1819354,6110664
2021-06-08,"Johnson&Johnson, Moderna, Oxford/AstraZeneca, Pfizer/BioNTech",4355328,1874385,6229713
2021-06-09,"Johnson&Johnson, Moderna, Oxford/AstraZeneca, Pfizer/BioNTech",4414554,1939087,6353641
2021-06-10,"Johnson&Johnson, Moderna, Oxford/AstraZeneca, Pfizer/BioNTech",4468423,2010418,6478841
2021-06-11,"Johnson&Johnson, Moderna, Oxford/AstraZeneca, Pfizer/BioNTech",4520558,2080278,6600836
2021-06-12,"Johnson&Johnson, Moderna, Oxford/AstraZeneca, Pfizer/BioNTech",4552591,2101142,6653733
2021-06-13,"Johnson&Johnson, Moderna, Oxford/AstraZeneca, Pfizer/BioNTech",4576635,2119588,6696223
2021-06-14,"Johnson&Johnson, Moderna, Oxford/AstraZeneca, Pfizer/BioNTech",4619736,2194009,6813745
2021-06-15,"Johnson&Johnson, Moderna, Oxford/AstraZeneca, Pfizer/BioNTech",4664422,2266424,6930846
2021-06-16,"Johnson&Johnson, Moderna, Oxford/AstraZeneca, Pfizer/BioNTech",4707252,2344680,7051932
2021-06-17,"Johnson&Johnson, Moderna, Oxford/AstraZeneca, Pfizer/BioNTech",4746696,2427805,7174501
2021-06-18,"Johnson&Johnson, Moderna, Oxford/AstraZeneca, Pfizer/BioNTech",4789146,2508417,7297563
2021-06-19,"Johnson&Johnson, Moderna, Oxford/AstraZeneca, Pfizer/BioNTech",4810947,2537771,7348718
2021-06-20,"Johnson&Johnson, Moderna, Oxford/AstraZeneca, Pfizer/BioNTech",4828361,2561658,7390019
2021-06-21,"Johnson&Johnson, Moderna, Oxford/AstraZeneca, Pfizer/BioNTech, Čína",4860882,2640299,7501181
2021-06-22,"Johnson&Johnson, Moderna, Oxford/AstraZeneca, Pfizer/BioNTech",4893870,2722651,7616521
2021-06-23,"Johnson&Johnson, Moderna, Oxford/AstraZeneca, Pfizer/BioNTech",4925603,2807924,7733527
2021-06-24,"Johnson&Johnson, Moderna, Oxford/AstraZeneca, Pfizer/BioNTech",4955482,2898009,7853491
2021-06-25,"Johnson&Johnson, Moderna, Oxford/AstraZeneca, Pfizer/BioNTech",4986585,2984274,7970859
2021-06-26,"Johnson&Johnson, Moderna, Oxford/AstraZeneca, Pfizer/BioNTech",5002490,3019175,8021665
2021-06-27,"Johnson&Johnson, Moderna, Oxford/AstraZeneca, Pfizer/BioNTech",5016452,3045903,8062355
2021-06-28,"Johnson&Johnson, Moderna, Oxford/AstraZeneca, Pfizer/BioNTech",5044880,3131148,8176028
2021-06-29,"Johnson&Johnson, Moderna, Oxford/AstraZeneca, Pfizer/BioNTech",5074184,3217727,8291911
2021-06-30,"Johnson&Johnson, Moderna, Oxford/AstraZeneca, Pfizer/BioNTech",5101698,3308799,8410497
2021-07-01,"Johnson&Johnson, Moderna, Oxford/AstraZeneca, Pfizer/BioNTech",5125714,3398928,8524642
2021-07-02,"Johnson&Johnson, Moderna, Oxford/AstraZeneca, Pfizer/BioNTech",5152473,3484888,8637361
2021-07-03,"Johnson&Johnson, Moderna, Oxford/AstraZeneca, Pfizer/BioNTech",5159585,3516471,8676056
2021-07-04,"Johnson&Johnson, Moderna, Oxford/AstraZeneca, Pfizer/BioNTech",5167182,3538300,8705482
2021-07-05,"Johnson&Johnson, Moderna, Oxford/AstraZeneca, Pfizer/BioNTech",5174613,3563719,8738332
2021-07-06,"Johnson&Johnson, Moderna, Oxford/AstraZeneca, Pfizer/BioNTech",5180104,3591463,8771567
2021-07-07,"Johnson&Johnson, Moderna, Oxford/AstraZeneca, Pfizer/BioNTech",5205947,3670480,8876427
2021-07-08,"Johnson&Johnson, Moderna, Oxford/AstraZeneca, Pfizer/BioNTech",5232571,3740852,8973423
2021-07-09,"Johnson&Johnson, Moderna, Oxford/AstraZeneca, Pfizer/BioNTech",5260540,3810208,9070748
2021-07-10,"Johnson&Johnson, Moderna, Oxford/AstraZeneca, Pfizer/BioNTech",5269929,3838888,9108817
2021-07-11,"Johnson&Johnson, Moderna, Oxford/AstraZeneca, Pfizer/BioNTech",5278490,3861782,9140272
2021-07-12,"Johnson&Johnson, Moderna, Oxford/AstraZeneca, Pfizer/BioNTech",5306050,3930880,9236930
2021-07-13,"Johnson&Johnson, Moderna, Oxford/AstraZeneca, Pfizer/BioNTech",5332266,4000788,9333054
2021-07-14,"Johnson&Johnson, Moderna, Oxford/AstraZeneca, Pfizer/BioNTech",5358117,4072811,9430928
2021-07-15,"Indie/AstraZeneca, Johnson&Johnson, Moderna, Oxford/AstraZeneca, Pfizer/BioNTech",5387313,4138857,9526170
2021-07-16,"Johnson&Johnson, Moderna, Oxford/AstraZeneca, Pfizer/BioNTech",5415262,4211624,9626886
2021-07-17,"Johnson&Johnson, Moderna, Oxford/AstraZeneca, Pfizer/BioNTech",5424074,4243111,9667185
2021-07-18,"Johnson&Johnson, Moderna, Oxford/AstraZeneca, Pfizer/BioNTech",5432522,4269133,9701655
2021-07-19,"Johnson&Johnson, Moderna, Oxford/AstraZeneca, Pfizer/BioNTech",5455900,4336181,9792081
2021-07-20,"Johnson&Johnson, Moderna, Oxford/AstraZeneca, Pfizer/BioNTech",5477328,4403273,9880601
2021-07-21,"Johnson&Johnson, Moderna, Oxford/AstraZeneca, Pfizer/BioNTech",5500794,4466764,9967558
2021-07-22,"Johnson&Johnson, Moderna, Oxford/AstraZeneca, Pfizer/BioNTech",5523173,4525429,10048602
2021-07-23,"Johnson&Johnson, Moderna, Oxford/AstraZeneca, Pfizer/BioNTech",5546424,4580221,10126645
2021-07-24,"Johnson&Johnson, Moderna, Oxford/AstraZeneca, Pfizer/BioNTech",5553785,4607913,10161698
2021-07-25,"Johnson&Johnson, Moderna, Oxford/AstraZeneca, Pfizer/BioNTech",5560430,4630057,10190487
2021-07-26,"Johnson&Johnson, Moderna, Oxford/AstraZeneca, Pfizer/BioNTech",5583994,4678772,10262766
2021-07-27,"Johnson&Johnson, Moderna, Oxford/AstraZeneca, Pfizer/BioNTech",5606756,4725454,10332210
2021-07-28,"Johnson&Johnson, Moderna, Oxford/AstraZeneca, Pfizer/BioNTech",5628049,4771501,10399550
2021-07-29,"Johnson&Johnson, Moderna, Oxford/AstraZeneca, Pfizer/BioNTech",5649402,4813508,10462910
2021-07-30,"Johnson&Johnson, Moderna, Oxford/AstraZeneca, Pfizer/BioNTech",5672698,4856116,10528814
2021-07-31,"Johnson&Johnson, Moderna, Oxford/AstraZeneca, Pfizer/BioNTech",5681666,4875674,10557340
2021-08-01,"Johnson&Johnson, Moderna, Oxford/AstraZeneca, Pfizer/BioNTech",5688402,4891858,10580260
2021-08-02,"Johnson&Johnson, Moderna, Oxford/AstraZeneca, Pfizer/BioNTech",5707057,4929451,10636508
2021-08-03,"Johnson&Johnson, Moderna, Oxford/AstraZeneca, Pfizer/BioNTech",5724722,4967596,10692318
2021-08-04,"Johnson&Johnson, Moderna, Oxford/AstraZeneca, Pfizer/BioNTech",5740863,5004398,10745261
2021-08-05,"Johnson&Johnson, Moderna, Oxford/AstraZeneca, Pfizer/BioNTech",5756914,5044919,10801833
2021-08-06,"Johnson&Johnson, Moderna, Oxford/AstraZeneca, Pfizer/BioNTech",5773734,5088265,10861999
2021-08-07,"Johnson&Johnson, Moderna, Oxford/AstraZeneca, Pfizer/BioNTech",5779349,5106461,10885810
2021-08-08,"Johnson&Johnson, Moderna, Oxford/AstraZeneca, Pfizer/BioNTech",5783721,5122238,10905959
2021-08-09,"Indie/AstraZeneca, Johnson&Johnson, Moderna, Oxford/AstraZeneca, Pfizer/BioNTech",5796364,5167329,10963693
2021-08-10,"Johnson&Johnson, Moderna, Oxford/AstraZeneca, Pfizer/BioNTech",5808217,5206935,11015152
2021-08-11,"Indie/AstraZeneca, Johnson&Johnson, Moderna, Oxford/AstraZeneca, Pfizer/BioNTech",5819595,5250094,11069689
2021-08-12,"Johnson&Johnson, Moderna, Oxford/AstraZeneca, Pfizer/BioNTech",5831023,5287259,11118282
2021-08-13,"Johnson&Johnson, Moderna, Oxford/AstraZeneca, Pfizer/BioNTech",5841757,5327629,11169386
2021-08-14,"Johnson&Johnson, Moderna, Oxford/AstraZeneca, Pfizer/BioNTech",5845102,5338356,11183458
2021-08-15,"Johnson&Johnson, Moderna, Oxford/AstraZeneca, Pfizer/BioNTech",5847696,5348751,11196447
2021-08-16,"Johnson&Johnson, Moderna, Oxford/AstraZeneca, Pfizer/BioNTech",5857495,5382857,11240352
2021-08-17,"Johnson&Johnson, Moderna, Oxford/AstraZeneca, Pfizer/BioNTech",5867098,5409986,11277084
2021-08-18,"Johnson&Johnson, Moderna, Oxford/AstraZeneca, Pfizer/BioNTech",5876478,5448912,11325390
2021-08-19,"Johnson&Johnson, Moderna, Oxford/AstraZeneca, Pfizer/BioNTech",5886166,5487286,11373452
2021-08-20,"Johnson&Johnson, Moderna, Oxford/AstraZeneca, Pfizer/BioNTech",5897564,5527501,11425065
2021-08-21,"Johnson&Johnson, Moderna, Oxford/AstraZeneca, Pfizer/BioNTech",5900292,5540288,11440580
2021-08-22,"Johnson&Johnson, Moderna, Oxford/AstraZeneca, Pfizer/BioNTech",5902638,5552267,11454905
2021-08-23,"Johnson&Johnson, Moderna, Oxford/AstraZeneca, Pfizer/BioNTech",5913175,5591565,11504740
2021-08-24,"Johnson&Johnson, Moderna, Oxford/AstraZeneca, Pfizer/BioNTech",5923060,5624833,11547893
2021-08-25,"Johnson&Johnson, Moderna, Oxford/AstraZeneca, Pfizer/BioNTech",5931936,5653223,11585159
2021-08-26,"Johnson&Johnson, Moderna, Oxford/AstraZeneca, Pfizer/BioNTech",5940394,5679369,11619763
2021-08-27,"Johnson&Johnson, Moderna, Oxford/AstraZeneca, Pfizer/BioNTech",5950721,5705368,11656089
2021-08-28,"Johnson&Johnson, Moderna, Oxford/AstraZeneca, Pfizer/BioNTech",5953465,5712449,11665914
2021-08-29,"Johnson&Johnson, Moderna, Oxford/AstraZeneca, Pfizer/BioNTech",5955880,5719076,11674956
2021-08-30,"Johnson&Johnson, Moderna, Oxford/AstraZeneca, Pfizer/BioNTech",5964412,5740970,11705382
2021-08-31,"Johnson&Johnson, Moderna, Oxford/AstraZeneca, Pfizer/BioNTech",5972102,5759097,11731199
2021-09-01,"Johnson&Johnson, Moderna, Oxford/AstraZeneca, Pfizer/BioNTech",5978017,5773126,11751143
2021-09-02,"Johnson&Johnson, Moderna, Oxford/AstraZeneca, Pfizer/BioNTech",5984860,5787526,11772386
2021-09-03,"Johnson&Johnson, Moderna, Oxford/AstraZeneca, Pfizer/BioNTech",5994420,5803268,11797688
2021-09-04,"Johnson&Johnson, Moderna, Oxford/AstraZeneca, Pfizer/BioNTech",5996495,5806834,11803329
2021-09-05,"Johnson&Johnson, Moderna, Oxford/AstraZeneca, Pfizer/BioNTech",5998542,5809686,11808228
2021-09-06,"Johnson&Johnson, Moderna, Oxford/AstraZeneca, Pfizer/BioNTech",6004783,5822241,11827024
2021-09-07,"Johnson&Johnson, Moderna, Oxford/AstraZeneca, Pfizer/BioNTech",6009179,5833337,11842516
2021-09-08,"Johnson&Johnson, Moderna, Oxford/AstraZeneca, Pfizer/BioNTech",6014858,5843209,11858067
2021-09-09,"Johnson&Johnson, Moderna, Oxford/AstraZeneca, Pfizer/BioNTech",6021561,5853285,11874846
2021-09-10,"Johnson&Johnson, Moderna, Oxford/AstraZeneca, Pfizer/BioNTech",6029265,5865475,11894740
2021-09-11,"Johnson&Johnson, Moderna, Oxford/AstraZeneca, Pfizer/BioNTech",6031140,5867972,11899112
2021-09-12,"Johnson&Johnson, Moderna, Oxford/AstraZeneca, Pfizer/BioNTech",6032258,5869609,11901867
2021-09-13,"Johnson&Johnson, Moderna, Oxford/AstraZeneca, Pfizer/BioNTech",6037702,5879928,11917630
2021-09-14,"Johnson&Johnson, Moderna, Oxford/AstraZeneca, Pfizer/BioNTech",6043106,5888948,11932054
2021-09-15,"Johnson&Johnson, Moderna, Oxford/AstraZeneca, Pfizer/BioNTech",6048317,5897483,11945800
2021-09-16,"Johnson&Johnson, Moderna, Oxford/AstraZeneca, Pfizer/BioNTech",6053685,5905767,11959452
2021-09-17,"Johnson&Johnson, Moderna, Oxford/AstraZeneca, Pfizer/BioNTech",6060257,5916009,11976266
2021-09-18,"Johnson&Johnson, Moderna, Oxford/AstraZeneca, Pfizer/BioNTech",6061989,5918375,11980364
2021-09-19,"Johnson&Johnson, Moderna, Oxford/AstraZeneca, Pfizer/BioNTech",6062936,5919947,11982883
2021-09-20,"Johnson&Johnson, Moderna, Oxford/AstraZeneca, Pfizer/BioNTech",6066964,5928153,11995117
2021-09-21,"Johnson&Johnson, Moderna, Oxford/AstraZeneca, Pfizer/BioNTech",6071208,5935692,12006900
2021-09-22,"Johnson&Johnson, Moderna, Oxford/AstraZeneca, Pfizer/BioNTech",6075404,5941222,12016626
2021-09-23,"Johnson&Johnson, Moderna, Oxford/AstraZeneca, Pfizer/BioNTech",6080375,5947638,12028013
2021-09-24,"Johnson&Johnson, Moderna, Oxford/AstraZeneca, Pfizer/BioNTech",6086141,5957260,12043401
2021-09-25,"Johnson&Johnson, Moderna, Oxford/AstraZeneca, Pfizer/BioNTech",6087643,5959260,12046903
2021-09-26,"Johnson&Johnson, Moderna, Oxford/AstraZeneca, Pfizer/BioNTech",6088388,5960904,12049292
2021-09-27,"Johnson&Johnson, Moderna, Oxford/AstraZeneca, Pfizer/BioNTech",6092275,5967423,12059698
2021-09-28,"Johnson&Johnson, Moderna, Oxford/AstraZeneca, Pfizer/BioNTech",6092651,5968060,12060711
2021-09-29,"Johnson&Johnson, Moderna, Oxford/AstraZeneca, Pfizer/BioNTech",6096429,5975525,12071954
2021-09-30,"Johnson&Johnson, Moderna, Oxford/AstraZeneca, Pfizer/BioNTech",6100951,5983234,12084185
2021-10-01,"Johnson&Johnson, Moderna, Oxford/AstraZeneca, Pfizer/BioNTech",6105265,5991223,12096488
2021-10-02,"Johnson&Johnson, Moderna, Oxford/AstraZeneca, Pfizer/BioNTech",6106328,5992769,12099097
2021-10-03,"Johnson&Johnson, Moderna, Oxford/AstraZeneca, Pfizer/BioNTech",6107052,5993643,12100695
2021-10-04,"Johnson&Johnson, Moderna, Oxford/AstraZeneca, Pfizer/BioNTech",6110133,5999225,12109358
2021-10-05,"Johnson&Johnson, Moderna, Oxford/AstraZeneca, Pfizer/BioNTech",6113298,6004313,12117611
2021-10-06,"Johnson&Johnson, Moderna, Oxford/AstraZeneca, Pfizer/BioNTech",6116821,6009490,12126311
2021-10-07,"Johnson&Johnson, Moderna, Oxford/AstraZeneca, Pfizer/BioNTech",6120107,6014754,12134861
2021-10-08,"Johnson&Johnson, Moderna, Oxford/AstraZeneca, Pfizer/BioNTech",6124902,6021400,12146302
2021-10-09,"Johnson&Johnson, Moderna, Oxford/AstraZeneca, Pfizer/BioNTech",6126147,6023067,12149214
2021-10-10,"Johnson&Johnson, Moderna, Oxford/AstraZeneca, Pfizer/BioNTech",6127091,6023900,12150991
2021-10-11,"Johnson&Johnson, Moderna, Oxford/AstraZeneca, Pfizer/BioNTech",6130020,6028321,12158341
2021-10-12,"Johnson&Johnson, Moderna, Oxford/AstraZeneca, Pfizer/BioNTech",6132959,6032324,12165283
2021-10-13,"Johnson&Johnson, Moderna, Oxford/AstraZeneca, Pfizer/BioNTech",6136491,6036514,12173005
2021-10-14,"Johnson&Johnson, Moderna, Oxford/AstraZeneca, Pfizer/BioNTech",6140163,6041464,12181627
2021-10-15,"Johnson&Johnson, Moderna, Oxford/AstraZeneca, Pfizer/BioNTech",6145394,6047615,12193009
2021-10-16,"Johnson&Johnson, Moderna, Oxford/AstraZeneca, Pfizer/BioNTech",6146808,6049143,12195951
2021-10-17,"Johnson&Johnson, Moderna, Pfizer/BioNTech",6148134,6050199,12198333
2021-10-18,"Johnson&Johnson, Moderna, Oxford/AstraZeneca, Pfizer/BioNTech",6152248,6054307,12206555
2021-10-19,"Johnson&Johnson, Moderna, Oxford/AstraZeneca, Pfizer/BioNTech",6155829,6056416,12212245
2021-10-20,"Johnson&Johnson, Moderna, Oxford/AstraZeneca, Pfizer/BioNTech",6160720,6060877,12221597
2021-10-21,"Johnson&Johnson, Moderna, Oxford/AstraZeneca, Pfizer/BioNTech",6168488,6066487,12234975
2021-10-22,"Johnson&Johnson, Moderna, Oxford/AstraZeneca, Pfizer/BioNTech",6178946,6072994,12251940
2021-10-23,"Johnson&Johnson, Moderna, Oxford/AstraZeneca, Pfizer/BioNTech",6182625,6075205,12257830
2021-10-24,"Johnson&Johnson, Moderna, Oxford/AstraZeneca, Pfizer/BioNTech",6185312,6076985,12262297
2021-10-25,"Johnson&Johnson, Moderna, Oxford/AstraZeneca, Pfizer/BioNTech",6195818,6082800,12278618
2021-10-26,"Johnson&Johnson, Moderna, Oxford/AstraZeneca, Pfizer/BioNTech",6207811,6089354,12297165
2021-10-27,"Johnson&Johnson, Moderna, Oxford/AstraZeneca, Pfizer/BioNTech",6222419,6096772,12319191
2021-10-28,"Johnson&Johnson, Moderna, Oxford/AstraZeneca, Pfizer/BioNTech",6225848,6098458,12324306
2021-10-29,"Johnson&Johnson, Moderna, Oxford/AstraZeneca, Pfizer/BioNTech",6240288,6106446,12346734
2021-10-30,"Johnson&Johnson, Moderna, Oxford/AstraZeneca, Pfizer/BioNTech",6244817,6109378,12354195
2021-10-31,"Johnson&Johnson, Moderna, Oxford/AstraZeneca, Pfizer/BioNTech",6248580,6111855,12360435
2021-11-01,"Johnson&Johnson, Moderna, Oxford/AstraZeneca, Pfizer/BioNTech",6263777,6119540,12383317
2021-11-02,"Johnson&Johnson, Moderna, Oxford/AstraZeneca, Pfizer/BioNTech",6279228,6127099,12406327
2021-11-03,"Johnson&Johnson, Moderna, Oxford/AstraZeneca, Pfizer/BioNTech",6296408,6134390,12430798
2021-11-04,"Johnson&Johnson, Moderna, Oxford/AstraZeneca, Pfizer/BioNTech",6314755,6142564,12457319
2021-11-05,"Johnson&Johnson, Moderna, Oxford/AstraZeneca, Pfizer/BioNTech",6337558,6153853,12491411
2021-11-06,"Johnson&Johnson, Moderna, Oxford/AstraZeneca, Pfizer/BioNTech",6344073,6156912,12500985
2021-11-07,"Johnson&Johnson, Moderna, Oxford/AstraZeneca, Pfizer/BioNTech",6348097,6159348,12507445
2021-11-08,"Johnson&Johnson, Moderna, Oxford/AstraZeneca, Pfizer/BioNTech",6364363,6166975,12531338
2021-11-09,"Johnson&Johnson, Moderna, Oxford/AstraZeneca, Pfizer/BioNTech",6379175,6174274,12553449
2021-11-10,"Johnson&Johnson, Moderna, Oxford/AstraZeneca, Pfizer/BioNTech",6394914,6181662,12576576
2021-11-11,"Johnson&Johnson, Moderna, Oxford/AstraZeneca, Pfizer/BioNTech",6410386,6190769,12601155
2021-11-12,"Johnson&Johnson, Moderna, Oxford/AstraZeneca, Pfizer/BioNTech",6430186,6203570,12633756
2021-11-13,"Johnson&Johnson, Moderna, Oxford/AstraZeneca, Pfizer/BioNTech",6435581,6207447,12643028
2021-11-14,"Johnson&Johnson, Moderna, Oxford/AstraZeneca, Pfizer/BioNTech",6439476,6210457,12649933
2021-11-15,"Johnson&Johnson, Moderna, Oxford/AstraZeneca, Pfizer/BioNTech",6454554,6221154,12675708
2021-11-16,"Johnson&Johnson, Moderna, Oxford/AstraZeneca, Pfizer/BioNTech",6472088,6233134,12705222
2021-11-17,"Johnson&Johnson, Moderna, Oxford/AstraZeneca, Pfizer/BioNTech",6476330,6236702,12713032
2021-11-18,"Johnson&Johnson, Moderna, Oxford/AstraZeneca, Pfizer/BioNTech",6495744,6248395,12744139
2021-11-19,"Johnson&Johnson, Moderna, Oxford/AstraZeneca, Pfizer/BioNTech",6520353,6265375,12785728
2021-11-20,"Johnson&Johnson, Moderna, Oxford/AstraZeneca, Pfizer/BioNTech",6528930,6270359,12799289
2021-11-21,"Johnson&Johnson, Moderna, Oxford/AstraZeneca, Pfizer/BioNTech",6535699,6274134,12809833
2021-11-22,"Johnson&Johnson, Moderna, Oxford/AstraZeneca, Pfizer/BioNTech",6554207,6288248,12842455
2021-11-23,"Johnson&Johnson, Moderna, Oxford/AstraZeneca, Pfizer/BioNTech",6573276,6301510,12874786
2021-11-24,"Johnson&Johnson, Moderna, Oxford/AstraZeneca, Pfizer/BioNTech",6592290,6317361,12909651
2021-11-25,"Johnson&Johnson, Moderna, Oxford/AstraZeneca, Pfizer/BioNTech",6611432,6332401,12943833
2021-11-26,"Johnson&Johnson, Moderna, Oxford/AstraZeneca, Pfizer/BioNTech",6633088,6351539,12984627
2021-11-27,"Johnson&Johnson, Moderna, Oxford/AstraZeneca, Pfizer/BioNTech",6640557,6357094,12997651
2021-11-28,"Johnson&Johnson, Moderna, Oxford/AstraZeneca, Pfizer/BioNTech",6643890,6360231,13004121
2021-11-29,"Johnson&Johnson, Moderna, Oxford/AstraZeneca, Pfizer/BioNTech",6659098,6373892,13032990
2021-11-30,"Johnson&Johnson, Moderna, Oxford/AstraZeneca, Pfizer/BioNTech",6672298,6385119,13057417
2021-12-01,"Johnson&Johnson, Moderna, Oxford/AstraZeneca, Pfizer/BioNTech",6686336,6397576,13083912
2021-12-02,"Johnson&Johnson, Moderna, Oxford/AstraZeneca, Pfizer/BioNTech",6696977,6410068,13107045
2021-12-03,"Johnson&Johnson, Moderna, Oxford/AstraZeneca, Pfizer/BioNTech",6706617,6425648,13132265
2021-12-04,"Johnson&Johnson, Moderna, Pfizer/BioNTech",6709174,6429599,13138773
2021-12-05,"Johnson&Johnson, Moderna, Oxford/AstraZeneca, Pfizer/BioNTech",6710535,6431939,13142474
2021-12-06,"Johnson&Johnson, Moderna, Oxford/AstraZeneca, Pfizer/BioNTech",6718683,6443464,13162147
2021-12-07,"Johnson&Johnson, Moderna, Oxford/AstraZeneca, Pfizer/BioNTech",6726574,6455472,13182046
2021-12-08,"Johnson&Johnson, Moderna, Oxford/AstraZeneca, Pfizer/BioNTech",6734819,6461401,13196220
2021-12-09,"Johnson&Johnson, Moderna, Oxford/AstraZeneca, Pfizer/BioNTech",6741940,6474225,13216165
2021-12-10,"Johnson&Johnson, Moderna, Oxford/AstraZeneca, Pfizer/BioNTech",6748869,6492028,13240897
2021-12-11,"Johnson&Johnson, Moderna, Oxford/AstraZeneca, Pfizer/BioNTech",6750524,6497296,13247820
2021-12-12,"Johnson&Johnson, Moderna, Oxford/AstraZeneca, Pfizer/BioNTech",6751835,6501729,13253564
2021-12-13,"Johnson&Johnson, Moderna, Oxford/AstraZeneca, Pfizer/BioNTech",6758191,6515042,13273233
2021-12-14,"Johnson&Johnson, Moderna, Oxford/AstraZeneca, Pfizer/BioNTech",6764400,6528712,13293112
2021-12-15,"Johnson&Johnson, Moderna, Oxford/AstraZeneca, Pfizer/BioNTech",6770606,6542310,13312916
2021-12-16,"Johnson&Johnson, Moderna, Oxford/AstraZeneca, Pfizer/BioNTech",6777547,6557144,13334691
2021-12-17,"Johnson&Johnson, Moderna, Oxford/AstraZeneca, Pfizer/BioNTech",6785912,6574410,13360322
2021-12-18,"Johnson&Johnson, Moderna, Oxford/AstraZeneca, Pfizer/BioNTech",6788523,6579862,13368385
2021-12-19,"Johnson&Johnson, Moderna, Pfizer/BioNTech",6790295,6582365,13372660
2021-12-20,"Johnson&Johnson, Moderna, Oxford/AstraZeneca, Pfizer/BioNTech",6796153,6596427,13392580
2021-12-21,"Johnson&Johnson, Moderna, Oxford/AstraZeneca, Pfizer/BioNTech",6802815,6608422,13411237
2021-12-22,"Johnson&Johnson, Moderna, Oxford/AstraZeneca, Pfizer/BioNTech",6807862,6621479,13429341
2021-12-23,"Johnson&Johnson, Moderna, Oxford/AstraZeneca, Pfizer/BioNTech",6810736,6627081,13437817
2021-12-24,"Johnson&Johnson, Moderna, Oxford/AstraZeneca, Pfizer/BioNTech",6810782,6627183,13437965
2021-12-25,"Moderna, Pfizer/BioNTech",6810783,6627191,13437974
2021-12-26,"Moderna, Pfizer/BioNTech",6810885,6627394,13438279
2021-12-27,"Johnson&Johnson, Moderna, Pfizer/BioNTech",6814752,6637140,13451892
2021-12-28,"Johnson&Johnson, Moderna, Oxford/AstraZeneca, Pfizer/BioNTech",6819991,6645137,13465128
2021-12-29,"Johnson&Johnson, Moderna, Oxford/AstraZeneca, Pfizer/BioNTech",6824272,6652857,13477129
2021-12-30,"Johnson&Johnson, Moderna, Pfizer/BioNTech",6828573,6658290,13486863
2021-12-31,"Johnson&Johnson, Moderna, Pfizer/BioNTech",6829083,6659714,13488797
2022-01-01,"Johnson&Johnson, Moderna, Pfizer/BioNTech",6829089,6659732,13488821
2022-01-02,"Johnson&Johnson, Moderna, Pfizer/BioNTech",6829945,6661109,13491054
2022-01-03,"Johnson&Johnson, Moderna, Oxford/AstraZeneca, Pfizer/BioNTech",6834082,6670017,13504099
2022-01-04,"Johnson&Johnson, Moderna, Oxford/AstraZeneca, Pfizer/BioNTech",6839165,6677772,13516937
2022-01-05,"Johnson&Johnson, Moderna, Oxford/AstraZeneca, Pfizer/BioNTech",6844987,6685744,13530731
2022-01-06,"Johnson&Johnson, Moderna, Oxford/AstraZeneca, Pfizer/BioNTech",6851572,6694144,13545716
2022-01-07,"Johnson&Johnson, Moderna, Oxford/AstraZeneca, Pfizer/BioNTech",6859447,6704499,13563946
2022-01-08,"Johnson&Johnson, Moderna, Oxford/AstraZeneca, Pfizer/BioNTech",6861926,6707277,13569203
2022-01-09,"Johnson&Johnson, Moderna, Pfizer/BioNTech",6863009,6708972,13571981
2022-01-10,"Johnson&Johnson, Moderna, Oxford/AstraZeneca, Pfizer/BioNTech",6867510,6715164,13582674
2022-01-11,"Johnson&Johnson, Moderna, Oxford/AstraZeneca, Pfizer/BioNTech",6872956,6721919,13594875
2022-01-12,"Johnson&Johnson, Moderna, Oxford/AstraZeneca, Pfizer/BioNTech",6878913,6727562,13606475
2022-01-13,"Johnson&Johnson, Moderna, Oxford/AstraZeneca, Pfizer/BioNTech",6884801,6732339,13617140
2022-01-14,"Johnson&Johnson, Moderna, Oxford/AstraZeneca, Pfizer/BioNTech",6891104,6735971,13627075
2022-01-15,"Johnson&Johnson, Moderna, Oxford/AstraZeneca, Pfizer/BioNTech",6892380,6736627,13629007
2022-01-16,"Johnson&Johnson, Moderna, Oxford/AstraZeneca, Pfizer/BioNTech",6893070,6737064,13630134
2022-01-17,"Johnson&Johnson, Moderna, Oxford/AstraZeneca, Pfizer/BioNTech",6896626,6741020,13637646
2022-01-18,"Johnson&Johnson, Moderna, Oxford/AstraZeneca, Pfizer/BioNTech",6900475,6745969,13646444
2022-01-19,"Johnson&Johnson, Moderna, Oxford/AstraZeneca, Pfizer/BioNTech",6904544,6749901,13654445
2022-01-20,"Johnson&Johnson, Moderna, Oxford/AstraZeneca, Pfizer/BioNTech",6908136,6754357,13662493
2022-01-21,"Johnson&Johnson, Moderna, Oxford/AstraZeneca, Pfizer/BioNTech",6912127,6756885,13669012
2022-01-22,"Johnson&Johnson, Moderna, Pfizer/BioNTech",6912906,6757324,13670230
2022-01-23,"Johnson&Johnson, Moderna, Pfizer/BioNTech",6913467,6757958,13671425
2022-01-24,"Johnson&Johnson, Moderna, Oxford/AstraZeneca, Pfizer/BioNTech",6915737,6761393,13677130
2022-01-25,"Johnson&Johnson, Moderna, Oxford/AstraZeneca, Pfizer/BioNTech",6918092,6765387,13683479
2022-01-26,"Johnson&Johnson, Moderna, Oxford/AstraZeneca, Pfizer/BioNTech",6920477,6769955,13690432
2022-01-27,"Johnson&Johnson, Moderna, Oxford/AstraZeneca, Pfizer/BioNTech",6922796,6774767,13697563
2022-01-28,"Johnson&Johnson, Moderna, Oxford/AstraZeneca, Pfizer/BioNTech",6925712,6780929,13706641
2022-01-29,"Johnson&Johnson, Moderna, Oxford/AstraZeneca, Pfizer/BioNTech",6926313,6782580,13708893
2022-01-30,"Johnson&Johnson, Moderna, Pfizer/BioNTech",6926540,6783358,13709898
2022-01-31,"Johnson&Johnson, Moderna, Pfizer/BioNTech",6928082,6787280,13715362
2022-02-01,"Johnson&Johnson, Moderna, Pfizer/BioNTech",6929678,6791312,13720990
2022-02-02,"Johnson&Johnson, Moderna, Oxford/AstraZeneca, Pfizer/BioNTech",6931245,6795822,13727067
2022-02-03,"Johnson&Johnson, Moderna, Pfizer/BioNTech",6932625,6800307,13732932
2022-02-04,"Johnson&Johnson, Moderna, Pfizer/BioNTech",6934225,6805422,13739647
2022-02-05,"Johnson&Johnson, Moderna, Pfizer/BioNTech",6934398,6806032,13740430
2022-02-06,"Johnson&Johnson, Moderna, Pfizer/BioNTech",6934494,6806351,13740845
2022-02-07,"Johnson&Johnson, Moderna, Pfizer/BioNTech",6935196,6809561,13744757
2022-02-08,"Johnson&Johnson, Moderna, Pfizer/BioNTech",6935991,6812750,13748741
2022-02-09,"Johnson&Johnson, Moderna, Pfizer/BioNTech",6936815,6816122,13752937
2022-02-10,"Johnson&Johnson, Moderna, Pfizer/BioNTech",6937614,6819247,13756861
2022-02-11,"Johnson&Johnson, Moderna, Pfizer/BioNTech",6938568,6823161,13761729
2022-02-12,"Johnson&Johnson, Moderna, Pfizer/BioNTech",6938678,6823580,13762258
2022-02-13,"Johnson&Johnson, Moderna, Pfizer/BioNTech",6938713,6824017,13762730
2022-02-14,"Johnson&Johnson, Moderna, Pfizer/BioNTech",6939171,6826129,13765300
2022-02-15,"Johnson&Johnson, Moderna, Pfizer/BioNTech",6939724,6828338,13768062
2022-02-16,"Johnson&Johnson, Moderna, Pfizer/BioNTech",6940315,6830437,13770752
2022-02-17,"Johnson&Johnson, Moderna, Pfizer/BioNTech",6940909,6832778,13773687
2022-02-18,"Johnson&Johnson, Moderna, Oxford/AstraZeneca, Pfizer/BioNTech",6941550,6835831,13777381
2022-02-19,"Johnson&Johnson, Moderna, Pfizer/BioNTech",6941629,6836112,13777741
2022-02-20,"Johnson&Johnson, Moderna, Pfizer/BioNTech",6941665,6836261,13777926
2022-02-21,"Johnson&Johnson, Moderna, Pfizer/BioNTech",6942029,6837959,13779988
2022-02-22,"Johnson&Johnson, Moderna, Oxford/AstraZeneca, Pfizer/BioNTech",6942421,6839647,13782068
2022-02-23,"Johnson&Johnson, Moderna, Pfizer/BioNTech",6942877,6841289,13784166
2022-02-24,"Johnson&Johnson, Moderna, Pfizer/BioNTech",6943286,6842919,13786205
2022-02-25,"Johnson&Johnson, Moderna, Pfizer/BioNTech",6943869,6845003,13788872
2022-02-26,"Johnson&Johnson, Moderna, Pfizer/BioNTech",6943930,6845164,13789094
2022-02-27,"Johnson&Johnson, Moderna, Pfizer/BioNTech",6943960,6845240,13789200
2022-02-28,"Johnson&Johnson, Moderna, Pfizer/BioNTech",6944207,6846216,13790423
2022-03-01,"Johnson&Johnson, Moderna, Pfizer/BioNTech",6944512,6847000,13791512
2022-03-02,"Johnson&Johnson, Moderna, Novavax, Pfizer/BioNTech",6944884,6847907,13792791
2022-03-03,"Johnson&Johnson, Moderna, Novavax, Pfizer/BioNTech",6945219,6848850,13794069
2022-03-04,"Johnson&Johnson, Moderna, Novavax, Pfizer/BioNTech",6945846,6850071,13795917
2022-03-05,"Johnson&Johnson, Moderna, Novavax, Pfizer/BioNTech",6945927,6850162,13796089
2022-03-06,"Moderna, Novavax, Pfizer/BioNTech",6945939,6850180,13796119
2022-03-07,"Johnson&Johnson, Moderna, Novavax, Pfizer/BioNTech",6946274,6850738,13797012
2022-03-08,"Johnson&Johnson, Moderna, Novavax, Pfizer/BioNTech",6946609,6851280,13797889
2022-03-09,"Johnson&Johnson, Moderna, Novavax, Pfizer/BioNTech",6946996,6851868,13798864
2022-03-10,"Johnson&Johnson, Moderna, Novavax, Pfizer/BioNTech",6947407,6852539,13799946
2022-03-11,"Johnson&Johnson, Moderna, Novavax, Pfizer/BioNTech",6948157,6853447,13801604
2022-03-12,"Johnson&Johnson, Moderna, Novavax, Pfizer/BioNTech",6948225,6853552,13801777
2022-03-13,"Johnson&Johnson, Moderna, Novavax, Pfizer/BioNTech",6948238,6853570,13801808
2022-03-14,"Johnson&Johnson, Moderna, Novavax, Pfizer/BioNTech",6948504,6853952,13802456
2022-03-15,"Johnson&Johnson, Moderna, Novavax, Pfizer/BioNTech",6948788,6854388,13803176
2022-03-16,"Johnson&Johnson, Moderna, Novavax, Pfizer/BioNTech",6949106,6854930,13804036
2022-03-17,"Johnson&Johnson, Moderna, Novavax, Oxford/AstraZeneca, Pfizer/BioNTech",6949401,6855363,13804764
2022-03-18,"Johnson&Johnson, Moderna, Novavax, Pfizer/BioNTech",6950097,6856156,13806253
2022-03-19,"Moderna, Novavax, Pfizer/BioNTech",6950153,6856201,13806354
2022-03-20,"Moderna, Novavax, Pfizer/BioNTech",6950171,6856213,13806384
2022-03-21,"Johnson&Johnson, Moderna, Novavax, Pfizer/BioNTech",6950358,6856540,13806898
2022-03-22,"Johnson&Johnson, Moderna, Novavax, Pfizer/BioNTech",6950598,6856936,13807534
2022-03-23,"Johnson&Johnson, Moderna, Novavax, Pfizer/BioNTech",6950935,6857373,13808308
2022-03-24,"Johnson&Johnson, Moderna, Novavax, Pfizer/BioNTech",6951246,6857846,13809092
2022-03-25,"Johnson&Johnson, Moderna, Novavax, Pfizer/BioNTech",6951737,6858646,13810383
2022-03-26,"Johnson&Johnson, Moderna, Novavax, Pfizer/BioNTech",6951789,6858724,13810513
2022-03-27,"Moderna, Novavax, Pfizer/BioNTech",6951805,6858741,13810546
2022-03-28,"Johnson&Johnson, Moderna, Novavax, Pfizer/BioNTech",6951959,6859120,13811079
2022-03-29,"Johnson&Johnson, Moderna, Novavax, Pfizer/BioNTech",6952221,6859526,13811747
2022-03-30,"Johnson&Johnson, Moderna, Novavax, Pfizer/BioNTech",6952526,6860019,13812545
2022-03-31,"Johnson&Johnson, Moderna, Novavax, Pfizer/BioNTech",6952824,6860511,13813335
2022-04-01,"Johnson&Johnson, Moderna, Novavax, Pfizer/BioNTech",6953415,6861270,13814685
2022-04-02,"Moderna, Novavax, Pfizer/BioNTech",6953470,6861354,13814824
2022-04-03,"Moderna, Novavax, Pfizer/BioNTech",6953482,6861383,13814865
2022-04-04,"Johnson&Johnson, Moderna, Novavax, Pfizer/BioNTech",6953653,6861663,13815316
2022-04-05,"Johnson&Johnson, Moderna, Novavax, Pfizer/BioNTech",6953844,6861898,13815742
2022-04-06,"Johnson&Johnson, Moderna, Novavax, Pfizer/BioNTech",6954061,6862244,13816305
2022-04-07,"Johnson&Johnson, Moderna, Novavax, Pfizer/BioNTech",6954279,6862660,13816939
2022-04-08,"Johnson&Johnson, Moderna, Novavax, Pfizer/BioNTech",6954732,6863382,13818114
2022-04-09,"Johnson&Johnson, Moderna, Novavax, Pfizer/BioNTech",6954791,6863454,13818245
2022-04-10,"Moderna, Novavax, Pfizer/BioNTech",6954803,6863463,13818266
2022-04-11,"Johnson&Johnson, Moderna, Novavax, Pfizer/BioNTech",6954962,6863694,13818656
2022-04-12,"Johnson&Johnson, Moderna, Novavax, Pfizer/BioNTech",6955206,6863992,13819198
2022-04-13,"Johnson&Johnson, Moderna, Novavax, Pfizer/BioNTech",6955448,6864346,13819794
2022-04-14,"Johnson&Johnson, Moderna, Novavax, Pfizer/BioNTech",6955707,6864732,13820439
2022-04-15,"Moderna, Novavax, Pfizer/BioNTech",6955722,6864757,13820479
2022-04-16,"Johnson&Johnson, Moderna, Novavax, Pfizer/BioNTech",6955742,6864791,13820533
2022-04-17,"Moderna, Novavax, Pfizer/BioNTech",6955743,6864792,13820535
2022-04-18,"Moderna, Novavax, Pfizer/BioNTech",6955752,6864809,13820561
2022-04-19,"Johnson&Johnson, Moderna, Novavax, Pfizer/BioNTech",6955890,6865147,13821037
2022-04-20,"Johnson&Johnson, Moderna, Novavax, Pfizer/BioNTech",6956109,6865535,13821644
2022-04-21,"Johnson&Johnson, Moderna, Novavax, Pfizer/BioNTech",6956324,6865958,13822282
2022-04-22,"Johnson&Johnson, Moderna, Novavax, Pfizer/BioNTech",6956786,6866784,13823570
2022-04-23,"Moderna, Novavax, Pfizer/BioNTech",6956817,6866863,13823680
2022-04-24,"Moderna, Novavax, Pfizer/BioNTech",6956822,6866874,13823696
2022-04-25,"Johnson&Johnson, Moderna, Novavax, Pfizer/BioNTech",6956966,6867081,13824047
2022-04-26,"Johnson&Johnson, Moderna, Novavax, Pfizer/BioNTech",6957102,6867342,13824444
2022-04-27,"Johnson&Johnson, Moderna, Novavax, Pfizer/BioNTech",6957364,6867672,13825036
2022-04-28,"Johnson&Johnson, Moderna, Novavax, Pfizer/BioNTech",6957556,6867958,13825514
2022-04-29,"Johnson&Johnson, Moderna, Novavax, Pfizer/BioNTech",6957983,6868541,13826524
2022-04-30,"Moderna, Novavax, Pfizer/BioNTech",6958022,6868606,13826628
2022-05-01,"Moderna, Novavax, Pfizer/BioNTech",6958025,6868614,13826639
2022-05-02,"Johnson&Johnson, Moderna, Novavax, Pfizer/BioNTech",6958138,6868792,13826930
2022-05-03,"Johnson&Johnson, Moderna, Novavax, Pfizer/BioNTech",6958288,6869042,13827330
2022-05-04,"Johnson&Johnson, Moderna, Novavax, Pfizer/BioNTech",6958485,6869317,13827802
2022-05-05,"Johnson&Johnson, Moderna, Novavax, Pfizer/BioNTech",6958690,6869606,13828296
2022-05-06,"Johnson&Johnson, Moderna, Novavax, Pfizer/BioNTech",6959051,6869932,13828983
2022-05-07,"Moderna, Novavax, Pfizer/BioNTech",6959078,6869958,13829036
2022-05-08,"Moderna, Pfizer/BioNTech",6959079,6869966,13829045
2022-05-09,"Johnson&Johnson, Moderna, Novavax, Pfizer/BioNTech",6959174,6870050,13829224
2022-05-10,"Johnson&Johnson, Moderna, Novavax, Pfizer/BioNTech",6959324,6870287,13829611
2022-05-11,"Johnson&Johnson, Moderna, Novavax, Pfizer/BioNTech",6959545,6870547,13830092
2022-05-12,"Johnson&Johnson, Moderna, Novavax, Pfizer/BioNTech",6959742,6870818,13830560
2022-05-13,"Johnson&Johnson, Moderna, Novavax, Pfizer/BioNTech",6960069,6871309,13831378
2022-05-14,"Johnson&Johnson, Moderna, Novavax, Pfizer/BioNTech",6960110,6871349,13831459
2022-05-15,"Johnson&Johnson, Moderna, Novavax, Pfizer/BioNTech",6960124,6871360,13831484
2022-05-16,"Johnson&Johnson, Moderna, Novavax, Pfizer/BioNTech",6960219,6871474,13831693
2022-05-17,"Johnson&Johnson, Moderna, Novavax, Pfizer/BioNTech",6960353,6871605,13831958
