date,vaccine,people_vaccinated,people_fully_vaccinated,total_vaccinations
2020-12-27,Pfizer/BioNTech,1252,0,1252
2020-12-28,Pfizer/BioNTech,3548,0,3548
2020-12-29,Pfizer/BioNTech,6994,0,6994
2020-12-30,Pfizer/BioNTech,10468,0,10468
2020-12-31,Pfizer/BioNTech,11772,0,11772
2021-01-01,Pfizer/BioNTech,12033,0,12033
2021-01-02,Pfizer/BioNTech,13300,0,13300
2021-01-03,Pfizer/BioNTech,14215,0,14215
2021-01-04,Pfizer/BioNTech,17789,0,17789
2021-01-05,Pfizer/BioNTech,22280,0,22280
2021-01-06,Pfizer/BioNTech,28097,0,28097
2021-01-07,Pfizer/BioNTech,36039,0,36039
2021-01-08,Pfizer/BioNTech,45970,0,45970
2021-01-09,Pfizer/BioNTech,47983,0,47983
2021-01-10,Pfizer/BioNTech,49734,0,49734
2021-01-11,Pfizer/BioNTech,59524,0,59524
2021-01-12,Pfizer/BioNTech,72881,0,72881
2021-01-13,Pfizer/BioNTech,86358,0,86358
2021-01-14,"Moderna, Pfizer/BioNTech",101516,0,101516
2021-01-15,"Moderna, Pfizer/BioNTech",115457,0,115457
2021-01-16,"Moderna, Pfizer/BioNTech",118830,2,118832
2021-01-17,"Moderna, Pfizer/BioNTech",121427,635,122062
2021-01-18,"Moderna, Pfizer/BioNTech",133876,2445,136321
2021-01-19,"Moderna, Pfizer/BioNTech",146382,5144,151526
2021-01-20,"Moderna, Pfizer/BioNTech",159990,7773,167763
2021-01-21,"Moderna, Pfizer/BioNTech",175545,9493,185038
2021-01-22,"Moderna, Pfizer/BioNTech",190341,10528,200869
2021-01-23,"Moderna, Pfizer/BioNTech",193620,11394,205014
2021-01-24,"Moderna, Pfizer/BioNTech",195865,12257,208122
2021-01-25,"Moderna, Pfizer/BioNTech",205460,15208,220668
2021-01-26,"Moderna, Pfizer/BioNTech",215954,19164,235118
2021-01-27,"Moderna, Pfizer/BioNTech",224941,23658,248599
2021-01-28,"Moderna, Pfizer/BioNTech",231970,29743,261713
2021-01-29,"Moderna, Pfizer/BioNTech",238145,37553,275698
2021-01-30,"Moderna, Pfizer/BioNTech",238863,38635,277498
2021-01-31,Pfizer/BioNTech,239565,39807,279372
2021-02-01,"Moderna, Pfizer/BioNTech",243510,47688,291198
2021-02-02,"Moderna, Pfizer/BioNTech",247627,57852,305479
2021-02-03,"Moderna, Pfizer/BioNTech",252012,68803,320815
2021-02-04,"Moderna, Pfizer/BioNTech",256887,81713,338600
2021-02-05,"Moderna, Pfizer/BioNTech",262323,92333,354656
2021-02-06,"Moderna, Pfizer/BioNTech",263159,94668,357827
2021-02-07,"Moderna, Pfizer/BioNTech",264005,97144,361149
2021-02-08,"Moderna, Pfizer/BioNTech",268021,108492,376513
2021-02-09,"Moderna, Oxford/AstraZeneca, Pfizer/BioNTech",273085,120387,393472
2021-02-10,"Moderna, Pfizer/BioNTech",278548,133559,412107
2021-02-11,"Moderna, Oxford/AstraZeneca, Pfizer/BioNTech",284825,149670,434495
2021-02-12,"Moderna, Oxford/AstraZeneca, Pfizer/BioNTech",291526,164307,455833
2021-02-13,"Moderna, Oxford/AstraZeneca, Pfizer/BioNTech",293102,167278,460380
2021-02-14,"Moderna, Oxford/AstraZeneca, Pfizer/BioNTech",294090,168646,462736
2021-02-15,"Moderna, Oxford/AstraZeneca, Pfizer/BioNTech",300433,177950,478383
2021-02-16,"Moderna, Oxford/AstraZeneca, Pfizer/BioNTech",309093,186963,496056
2021-02-17,"Moderna, Oxford/AstraZeneca, Pfizer/BioNTech",318754,195207,513961
2021-02-18,"Moderna, Oxford/AstraZeneca, Pfizer/BioNTech",331016,203189,534205
2021-02-19,"Moderna, Oxford/AstraZeneca, Pfizer/BioNTech",342793,210477,553270
2021-02-20,"Moderna, Oxford/AstraZeneca, Pfizer/BioNTech",344724,211640,556364
2021-02-21,"Moderna, Oxford/AstraZeneca, Pfizer/BioNTech",345746,212646,558392
2021-02-22,"Moderna, Oxford/AstraZeneca, Pfizer/BioNTech",355820,218633,574453
2021-02-23,"Moderna, Oxford/AstraZeneca, Pfizer/BioNTech",368671,225565,594236
2021-02-24,"Moderna, Oxford/AstraZeneca, Pfizer/BioNTech",382462,231558,614020
2021-02-25,"Moderna, Oxford/AstraZeneca, Pfizer/BioNTech",400377,237071,637448
2021-02-26,"Moderna, Oxford/AstraZeneca, Pfizer/BioNTech",416454,242384,658838
2021-02-27,"Moderna, Oxford/AstraZeneca, Pfizer/BioNTech",419388,242932,662320
2021-02-28,"Moderna, Oxford/AstraZeneca, Pfizer/BioNTech",421723,243479,665202
2021-03-01,"Moderna, Oxford/AstraZeneca, Pfizer/BioNTech",441049,246866,687915
2021-03-02,"Moderna, Oxford/AstraZeneca, Pfizer/BioNTech",468115,250389,718504
2021-03-03,"Moderna, Oxford/AstraZeneca, Pfizer/BioNTech",498658,254859,753517
2021-03-04,"Moderna, Oxford/AstraZeneca, Pfizer/BioNTech",531654,259507,791161
2021-03-05,"Moderna, Oxford/AstraZeneca, Pfizer/BioNTech",560204,264866,825070
2021-03-06,"Moderna, Oxford/AstraZeneca, Pfizer/BioNTech",572174,265702,837876
2021-03-07,"Moderna, Oxford/AstraZeneca, Pfizer/BioNTech",583498,266530,850028
2021-03-08,"Moderna, Oxford/AstraZeneca, Pfizer/BioNTech",612992,271339,884331
2021-03-09,"Moderna, Oxford/AstraZeneca, Pfizer/BioNTech",649016,277672,926688
2021-03-10,"Moderna, Oxford/AstraZeneca, Pfizer/BioNTech",689921,284581,974502
2021-03-11,"Moderna, Oxford/AstraZeneca, Pfizer/BioNTech",734319,292893,1027212
2021-03-12,"Moderna, Oxford/AstraZeneca, Pfizer/BioNTech",772721,301289,1074010
2021-03-13,"Moderna, Oxford/AstraZeneca, Pfizer/BioNTech",789686,302572,1092258
2021-03-14,"Moderna, Oxford/AstraZeneca, Pfizer/BioNTech",801713,303698,1105411
2021-03-15,"Moderna, Oxford/AstraZeneca, Pfizer/BioNTech",829836,312441,1142277
2021-03-16,"Moderna, Oxford/AstraZeneca, Pfizer/BioNTech",868421,322901,1191322
2021-03-17,"Moderna, Oxford/AstraZeneca, Pfizer/BioNTech",905603,333345,1238948
2021-03-18,"Moderna, Oxford/AstraZeneca, Pfizer/BioNTech",943173,345699,1288872
2021-03-19,"Moderna, Oxford/AstraZeneca, Pfizer/BioNTech",977221,359230,1336451
2021-03-20,"Moderna, Oxford/AstraZeneca, Pfizer/BioNTech",992187,361236,1353423
2021-03-21,"Moderna, Oxford/AstraZeneca, Pfizer/BioNTech",999527,362766,1362293
2021-03-22,"Moderna, Oxford/AstraZeneca, Pfizer/BioNTech",1023622,375147,1398769
2021-03-23,"Moderna, Oxford/AstraZeneca, Pfizer/BioNTech",1049891,388389,1438280
2021-03-24,"Moderna, Oxford/AstraZeneca, Pfizer/BioNTech",1076412,404018,1480430
2021-03-25,"Moderna, Oxford/AstraZeneca, Pfizer/BioNTech",1102473,421804,1524277
2021-03-26,"Moderna, Oxford/AstraZeneca, Pfizer/BioNTech",1126984,439214,1566198
2021-03-27,"Moderna, Oxford/AstraZeneca, Pfizer/BioNTech",1135335,444023,1579358
2021-03-28,"Moderna, Oxford/AstraZeneca, Pfizer/BioNTech",1140808,448133,1588941
2021-03-29,"Moderna, Oxford/AstraZeneca, Pfizer/BioNTech",1159530,468716,1628246
2021-03-30,"Moderna, Oxford/AstraZeneca, Pfizer/BioNTech",1183952,490776,1674728
2021-03-31,"Moderna, Oxford/AstraZeneca, Pfizer/BioNTech",1206788,517716,1724504
2021-04-01,"Moderna, Oxford/AstraZeneca, Pfizer/BioNTech",1232093,549564,1781657
2021-04-02,"Moderna, Oxford/AstraZeneca, Pfizer/BioNTech",1238831,562269,1801100
2021-04-03,"Moderna, Oxford/AstraZeneca, Pfizer/BioNTech",1242350,573145,1815495
2021-04-04,"Moderna, Oxford/AstraZeneca, Pfizer/BioNTech",1244808,581877,1826685
2021-04-05,"Moderna, Oxford/AstraZeneca, Pfizer/BioNTech",1247110,589018,1836128
2021-04-06,"Moderna, Oxford/AstraZeneca, Pfizer/BioNTech",1263062,618156,1881218
2021-04-07,"Moderna, Oxford/AstraZeneca, Pfizer/BioNTech",1286205,640198,1926403
2021-04-08,"Moderna, Oxford/AstraZeneca, Pfizer/BioNTech",1324221,670987,1995208
2021-04-09,"Moderna, Oxford/AstraZeneca, Pfizer/BioNTech",1362873,700874,2063747
2021-04-10,"Moderna, Oxford/AstraZeneca, Pfizer/BioNTech",1378130,716062,2094192
2021-04-11,"Moderna, Oxford/AstraZeneca, Pfizer/BioNTech",1387816,726044,2113860
2021-04-12,"Moderna, Oxford/AstraZeneca, Pfizer/BioNTech",1425443,750827,2176270
2021-04-13,"Moderna, Oxford/AstraZeneca, Pfizer/BioNTech",1461175,776626,2237801
2021-04-14,"Moderna, Oxford/AstraZeneca, Pfizer/BioNTech",1499529,803868,2303397
2021-04-15,"Moderna, Oxford/AstraZeneca, Pfizer/BioNTech",1546750,829429,2376179
2021-04-16,"Moderna, Oxford/AstraZeneca, Pfizer/BioNTech",1590872,854962,2445834
2021-04-17,"Moderna, Oxford/AstraZeneca, Pfizer/BioNTech",1607327,863943,2471270
2021-04-18,"Moderna, Oxford/AstraZeneca, Pfizer/BioNTech",1620207,868885,2489092
2021-04-19,"Moderna, Oxford/AstraZeneca, Pfizer/BioNTech",1663686,884199,2547885
2021-04-20,"Moderna, Oxford/AstraZeneca, Pfizer/BioNTech",1705505,899935,2605440
2021-04-21,"Moderna, Oxford/AstraZeneca, Pfizer/BioNTech",1752721,914035,2666756
2021-04-22,"Johnson&Johnson, Moderna, Oxford/AstraZeneca, Pfizer/BioNTech",1806591,931311,2737902
2021-04-23,"Johnson&Johnson, Moderna, Oxford/AstraZeneca, Pfizer/BioNTech",1856017,943255,2799272
2021-04-24,"Johnson&Johnson, Moderna, Oxford/AstraZeneca, Pfizer/BioNTech",1873595,948443,2822038
2021-04-25,"Johnson&Johnson, Moderna, Oxford/AstraZeneca, Pfizer/BioNTech",1888073,952415,2840488
2021-04-26,"Johnson&Johnson, Moderna, Oxford/AstraZeneca, Pfizer/BioNTech",1937067,959761,2896828
2021-04-27,"Johnson&Johnson, Moderna, Oxford/AstraZeneca, Pfizer/BioNTech",1985427,971875,2957302
2021-04-28,"Johnson&Johnson, Moderna, Oxford/AstraZeneca, Pfizer/BioNTech",2043655,985759,3029414
2021-04-29,"Johnson&Johnson, Moderna, Oxford/AstraZeneca, Pfizer/BioNTech",2108414,1001442,3109856
2021-04-30,"Johnson&Johnson, Moderna, Oxford/AstraZeneca, Pfizer/BioNTech",2169911,1011264,3181175
2021-05-01,"Johnson&Johnson, Moderna, Oxford/AstraZeneca, Pfizer/BioNTech",2189034,1014594,3203628
2021-05-02,"Johnson&Johnson, Moderna, Oxford/AstraZeneca, Pfizer/BioNTech",2207786,1016811,3224597
2021-05-03,"Johnson&Johnson, Moderna, Oxford/AstraZeneca, Pfizer/BioNTech",2274377,1021792,3296169
2021-05-04,"Johnson&Johnson, Moderna, Oxford/AstraZeneca, Pfizer/BioNTech",2340029,1030019,3370048
2021-05-05,"Johnson&Johnson, Moderna, Oxford/AstraZeneca, Pfizer/BioNTech",2412443,1039296,3451739
2021-05-06,"Johnson&Johnson, Moderna, Oxford/AstraZeneca, Pfizer/BioNTech",2491886,1049837,3541723
2021-05-07,"Johnson&Johnson, Moderna, Oxford/AstraZeneca, Pfizer/BioNTech",2568427,1059746,3628173
2021-05-08,"Johnson&Johnson, Moderna, Oxford/AstraZeneca, Pfizer/BioNTech",2597636,1061437,3659073
2021-05-09,"Johnson&Johnson, Moderna, Oxford/AstraZeneca, Pfizer/BioNTech",2621644,1062602,3684246
2021-05-10,"Johnson&Johnson, Moderna, Oxford/AstraZeneca, Pfizer/BioNTech",2693575,1069687,3763262
2021-05-11,"Johnson&Johnson, Moderna, Oxford/AstraZeneca, Pfizer/BioNTech",2768729,1078386,3847115
2021-05-12,"Johnson&Johnson, Moderna, Oxford/AstraZeneca, Pfizer/BioNTech",2847706,1087299,3935005
2021-05-13,"Johnson&Johnson, Moderna, Oxford/AstraZeneca, Pfizer/BioNTech",2930789,1096330,4027119
2021-05-14,"Johnson&Johnson, Moderna, Oxford/AstraZeneca, Pfizer/BioNTech",3009192,1103944,4113136
2021-05-15,"Johnson&Johnson, Moderna, Oxford/AstraZeneca, Pfizer/BioNTech",3040765,1106075,4146840
2021-05-16,"Johnson&Johnson, Moderna, Oxford/AstraZeneca, Pfizer/BioNTech",3066372,1107246,4173618
2021-05-17,"Johnson&Johnson, Moderna, Oxford/AstraZeneca, Pfizer/BioNTech",3138177,1113856,4252033
2021-05-18,"Johnson&Johnson, Moderna, Oxford/AstraZeneca, Pfizer/BioNTech",3209404,1126718,4336122
2021-05-19,"Johnson&Johnson, Moderna, Oxford/AstraZeneca, Pfizer/BioNTech",3285928,1141719,4427647
2021-05-20,"Johnson&Johnson, Moderna, Oxford/AstraZeneca, Pfizer/BioNTech",3359770,1168273,4528043
2021-05-21,"Johnson&Johnson, Moderna, Oxford/AstraZeneca, Pfizer/BioNTech",3427023,1195477,4622500
2021-05-22,"Johnson&Johnson, Moderna, Oxford/AstraZeneca, Pfizer/BioNTech",3458405,1206482,4664887
2021-05-23,"Johnson&Johnson, Moderna, Oxford/AstraZeneca, Pfizer/BioNTech",3480504,1215389,4695893
2021-05-24,"Johnson&Johnson, Moderna, Oxford/AstraZeneca, Pfizer/BioNTech",3526224,1248474,4774698
2021-05-25,"Johnson&Johnson, Moderna, Oxford/AstraZeneca, Pfizer/BioNTech",3576487,1283235,4859722
2021-05-26,"Johnson&Johnson, Moderna, Oxford/AstraZeneca, Pfizer/BioNTech",3640012,1318766,4958778
