date,vaccine,people_vaccinated,people_fully_vaccinated,total_vaccinations
2020-12-27,Pfizer/BioNTech,1287,0,1287
2020-12-28,Pfizer/BioNTech,3591,0,3591
2020-12-29,Pfizer/BioNTech,7062,1,7063
2020-12-30,Pfizer/BioNTech,10580,1,10581
2020-12-31,Pfizer/BioNTech,11891,1,11892
2021-01-01,"Moderna, Pfizer/BioNTech",12161,1,12162
2021-01-02,"Moderna, Pfizer/BioNTech",13445,1,13446
2021-01-03,"Moderna, Pfizer/BioNTech",14371,1,14372
2021-01-04,"Moderna, Pfizer/BioNTech",17985,1,17986
2021-01-05,"Moderna, Pfizer/BioNTech",22511,2,22513
2021-01-06,"Moderna, Pfizer/BioNTech",28358,3,28361
2021-01-07,"Moderna, Pfizer/BioNTech",36358,3,36361
2021-01-08,"Moderna, Pfizer/BioNTech",46412,4,46416
2021-01-09,"Moderna, Pfizer/BioNTech",48440,6,48446
2021-01-10,Pfizer/BioNTech,50211,8,50219
2021-01-11,"Moderna, Pfizer/BioNTech",60070,10,60080
2021-01-12,"Moderna, Pfizer/BioNTech",73528,12,73540
2021-01-13,"Moderna, Pfizer/BioNTech",87078,12,87090
2021-01-14,"Moderna, Pfizer/BioNTech",102335,16,102351
2021-01-15,"Moderna, Pfizer/BioNTech",116358,17,116375
2021-01-16,"Moderna, Pfizer/BioNTech",119762,21,119783
2021-01-17,"Moderna, Pfizer/BioNTech",122383,657,123040
2021-01-18,"Moderna, Pfizer/BioNTech",134877,2484,137361
2021-01-19,"Moderna, Pfizer/BioNTech",147491,5213,152704
2021-01-20,"Moderna, Pfizer/BioNTech",161190,7877,169067
2021-01-21,"Moderna, Pfizer/BioNTech",176847,9619,186466
2021-01-22,"Moderna, Pfizer/BioNTech",191741,10665,202406
2021-01-23,"Moderna, Pfizer/BioNTech",195060,11544,206604
2021-01-24,"Moderna, Pfizer/BioNTech",197316,12414,209730
2021-01-25,"Moderna, Pfizer/BioNTech",206971,15389,222360
2021-01-26,"Moderna, Pfizer/BioNTech",217520,19381,236901
2021-01-27,"Moderna, Pfizer/BioNTech",226553,23916,250469
2021-01-28,"Moderna, Pfizer/BioNTech",233658,30050,263708
2021-01-29,"Moderna, Pfizer/BioNTech",239876,37960,277836
2021-01-30,"Moderna, Pfizer/BioNTech",240617,39048,279665
2021-01-31,"Moderna, Pfizer/BioNTech",241335,40230,281565
2021-02-01,"Moderna, Pfizer/BioNTech",245317,48200,293517
2021-02-02,"Moderna, Pfizer/BioNTech",249471,58440,307911
2021-02-03,"Moderna, Pfizer/BioNTech",253897,69464,323361
2021-02-04,"Moderna, Pfizer/BioNTech",258805,82460,341265
2021-02-05,"Moderna, Pfizer/BioNTech",264280,93137,357417
2021-02-06,"Moderna, Oxford/AstraZeneca, Pfizer/BioNTech",265137,95503,360640
2021-02-07,"Moderna, Oxford/AstraZeneca, Pfizer/BioNTech",265989,98003,363992
2021-02-08,"Moderna, Oxford/AstraZeneca, Pfizer/BioNTech",270084,109435,379519
2021-02-09,"Moderna, Oxford/AstraZeneca, Pfizer/BioNTech",275192,121352,396544
2021-02-10,"Moderna, Oxford/AstraZeneca, Pfizer/BioNTech",280711,134615,415326
2021-02-11,"Moderna, Oxford/AstraZeneca, Pfizer/BioNTech",287054,150838,437892
2021-02-12,"Moderna, Oxford/AstraZeneca, Pfizer/BioNTech",293884,165587,459471
2021-02-13,"Moderna, Oxford/AstraZeneca, Pfizer/BioNTech",295501,168575,464076
2021-02-14,"Moderna, Oxford/AstraZeneca, Pfizer/BioNTech",296507,169961,466468
2021-02-15,"Moderna, Oxford/AstraZeneca, Pfizer/BioNTech",302906,179332,482238
2021-02-16,"Moderna, Oxford/AstraZeneca, Pfizer/BioNTech",311629,188416,500045
2021-02-17,"Moderna, Oxford/AstraZeneca, Pfizer/BioNTech",321332,196727,518059
2021-02-18,"Moderna, Oxford/AstraZeneca, Pfizer/BioNTech",333662,204811,538473
2021-02-19,"Moderna, Oxford/AstraZeneca, Pfizer/BioNTech",345528,212188,557716
2021-02-20,"Moderna, Oxford/AstraZeneca, Pfizer/BioNTech",347538,213374,560912
2021-02-21,"Moderna, Oxford/AstraZeneca, Pfizer/BioNTech",348675,214400,563075
2021-02-22,"Moderna, Oxford/AstraZeneca, Pfizer/BioNTech",358803,220438,579241
2021-02-23,"Moderna, Oxford/AstraZeneca, Pfizer/BioNTech",371767,227430,599197
2021-02-24,"Moderna, Oxford/AstraZeneca, Pfizer/BioNTech",385652,233473,619125
2021-02-25,"Moderna, Oxford/AstraZeneca, Pfizer/BioNTech",403636,239025,642661
2021-02-26,"Moderna, Oxford/AstraZeneca, Pfizer/BioNTech",419817,244387,664204
2021-02-27,"Moderna, Oxford/AstraZeneca, Pfizer/BioNTech",422827,244947,667774
2021-02-28,"Moderna, Oxford/AstraZeneca, Pfizer/BioNTech",425185,245499,670684
2021-03-01,"Moderna, Oxford/AstraZeneca, Pfizer/BioNTech",444787,248950,693737
2021-03-02,"Moderna, Oxford/AstraZeneca, Pfizer/BioNTech",472016,252500,724516
2021-03-03,"Moderna, Oxford/AstraZeneca, Pfizer/BioNTech",502977,257011,759988
2021-03-04,"Moderna, Oxford/AstraZeneca, Pfizer/BioNTech",536269,261702,797971
2021-03-05,"Johnson&Johnson, Moderna, Oxford/AstraZeneca, Pfizer/BioNTech",565116,267130,832246
2021-03-06,"Johnson&Johnson, Moderna, Oxford/AstraZeneca, Pfizer/BioNTech",577275,267996,845271
2021-03-07,"Johnson&Johnson, Moderna, Oxford/AstraZeneca, Pfizer/BioNTech",588824,268839,857663
2021-03-08,"Johnson&Johnson, Moderna, Oxford/AstraZeneca, Pfizer/BioNTech",618573,273702,892275
2021-03-09,"Johnson&Johnson, Moderna, Oxford/AstraZeneca, Pfizer/BioNTech",654943,280089,935032
2021-03-10,"Johnson&Johnson, Moderna, Oxford/AstraZeneca, Pfizer/BioNTech",696282,287050,983332
2021-03-11,"Johnson&Johnson, Moderna, Oxford/AstraZeneca, Pfizer/BioNTech",741139,295427,1036566
2021-03-12,"Johnson&Johnson, Moderna, Oxford/AstraZeneca, Pfizer/BioNTech",779906,303925,1083831
2021-03-13,"Johnson&Johnson, Moderna, Oxford/AstraZeneca, Pfizer/BioNTech",797016,305240,1102256
2021-03-14,"Johnson&Johnson, Moderna, Oxford/AstraZeneca, Pfizer/BioNTech",809135,306396,1115531
2021-03-15,"Johnson&Johnson, Moderna, Oxford/AstraZeneca, Pfizer/BioNTech",837533,315179,1152712
2021-03-16,"Johnson&Johnson, Moderna, Oxford/AstraZeneca, Pfizer/BioNTech",876430,325717,1202147
2021-03-17,"Moderna, Oxford/AstraZeneca, Pfizer/BioNTech",913921,336232,1250153
2021-03-18,"Johnson&Johnson, Moderna, Oxford/AstraZeneca, Pfizer/BioNTech",951925,348657,1300582
2021-03-19,"Johnson&Johnson, Moderna, Oxford/AstraZeneca, Pfizer/BioNTech",986442,362272,1348714
2021-03-20,"Johnson&Johnson, Moderna, Oxford/AstraZeneca, Pfizer/BioNTech",1001626,364303,1365929
2021-03-21,"Johnson&Johnson, Moderna, Oxford/AstraZeneca, Pfizer/BioNTech",1009070,365863,1374933
2021-03-22,"Johnson&Johnson, Moderna, Oxford/AstraZeneca, Pfizer/BioNTech",1033649,378368,1412017
2021-03-23,"Johnson&Johnson, Moderna, Oxford/AstraZeneca, Pfizer/BioNTech",1060324,391734,1452058
2021-03-24,"Johnson&Johnson, Moderna, Oxford/AstraZeneca, Pfizer/BioNTech",1087214,407483,1494697
2021-03-25,"Johnson&Johnson, Moderna, Oxford/AstraZeneca, Pfizer/BioNTech",1113571,425339,1538910
2021-03-26,"Johnson&Johnson, Moderna, Oxford/AstraZeneca, Pfizer/BioNTech",1138413,442853,1581266
2021-03-27,"Johnson&Johnson, Moderna, Oxford/AstraZeneca, Pfizer/BioNTech",1146873,447699,1594572
2021-03-28,"Moderna, Oxford/AstraZeneca, Pfizer/BioNTech",1152421,451847,1604268
2021-03-29,"Johnson&Johnson, Moderna, Oxford/AstraZeneca, Pfizer/BioNTech",1171580,472584,1644164
2021-03-30,"Johnson&Johnson, Moderna, Oxford/AstraZeneca, Pfizer/BioNTech",1196290,494772,1691062
2021-03-31,"Johnson&Johnson, Moderna, Oxford/AstraZeneca, Pfizer/BioNTech",1219448,521842,1741290
2021-04-01,"Johnson&Johnson, Moderna, Oxford/AstraZeneca, Pfizer/BioNTech",1245134,553903,1799037
2021-04-02,"Johnson&Johnson, Moderna, Oxford/AstraZeneca, Pfizer/BioNTech",1252114,566702,1818816
2021-04-03,"Johnson&Johnson, Moderna, Oxford/AstraZeneca, Pfizer/BioNTech",1255765,577634,1833399
2021-04-04,"Johnson&Johnson, Moderna, Oxford/AstraZeneca, Pfizer/BioNTech",1258307,586559,1844866
2021-04-05,"Johnson&Johnson, Moderna, Oxford/AstraZeneca, Pfizer/BioNTech",1260738,593763,1854501
2021-04-06,"Johnson&Johnson, Moderna, Oxford/AstraZeneca, Pfizer/BioNTech",1276954,623039,1899993
2021-04-07,"Johnson&Johnson, Moderna, Oxford/AstraZeneca, Pfizer/BioNTech",1300458,645285,1945743
2021-04-08,"Johnson&Johnson, Moderna, Oxford/AstraZeneca, Pfizer/BioNTech",1339271,676332,2015603
2021-04-09,"Johnson&Johnson, Moderna, Oxford/AstraZeneca, Pfizer/BioNTech",1378869,706531,2085400
2021-04-10,"Johnson&Johnson, Moderna, Oxford/AstraZeneca, Pfizer/BioNTech",1394438,721844,2116282
2021-04-11,"Johnson&Johnson, Moderna, Oxford/AstraZeneca, Pfizer/BioNTech",1404233,731900,2136133
2021-04-12,"Johnson&Johnson, Moderna, Oxford/AstraZeneca, Pfizer/BioNTech",1442555,757047,2199602
2021-04-13,"Moderna, Oxford/AstraZeneca, Pfizer/BioNTech",1478862,783088,2261950
2021-04-14,"Moderna, Oxford/AstraZeneca, Pfizer/BioNTech",1517747,810464,2328211
2021-04-15,"Moderna, Oxford/AstraZeneca, Pfizer/BioNTech",1565579,836244,2401823
2021-04-16,"Moderna, Oxford/AstraZeneca, Pfizer/BioNTech",1610293,861929,2472222
2021-04-17,"Moderna, Oxford/AstraZeneca, Pfizer/BioNTech",1627019,870956,2497975
2021-04-18,"Moderna, Oxford/AstraZeneca, Pfizer/BioNTech",1640018,875942,2515960
2021-04-19,"Johnson&Johnson, Moderna, Oxford/AstraZeneca, Pfizer/BioNTech",1683992,891386,2575378
2021-04-20,"Johnson&Johnson, Moderna, Oxford/AstraZeneca, Pfizer/BioNTech",1726580,907275,2633855
2021-04-21,"Moderna, Oxford/AstraZeneca, Pfizer/BioNTech",1774352,921643,2695995
2021-04-22,"Johnson&Johnson, Moderna, Oxford/AstraZeneca, Pfizer/BioNTech",1828880,939042,2767922
2021-04-23,"Johnson&Johnson, Moderna, Oxford/AstraZeneca, Pfizer/BioNTech",1878898,951109,2830007
2021-04-24,"Johnson&Johnson, Moderna, Oxford/AstraZeneca, Pfizer/BioNTech",1896775,956376,2853151
2021-04-25,"Johnson&Johnson, Moderna, Oxford/AstraZeneca, Pfizer/BioNTech",1911488,960379,2871867
2021-04-26,"Johnson&Johnson, Moderna, Oxford/AstraZeneca, Pfizer/BioNTech",1961100,967948,2929048
2021-04-27,"Johnson&Johnson, Moderna, Oxford/AstraZeneca, Pfizer/BioNTech",2010092,980199,2990291
2021-04-28,"Johnson&Johnson, Moderna, Oxford/AstraZeneca, Pfizer/BioNTech",2068873,994229,3063102
2021-04-29,"Johnson&Johnson, Moderna, Oxford/AstraZeneca, Pfizer/BioNTech",2134492,1010148,3144640
2021-04-30,"Johnson&Johnson, Moderna, Oxford/AstraZeneca, Pfizer/BioNTech",2196788,1020144,3216932
2021-05-01,"Johnson&Johnson, Moderna, Oxford/AstraZeneca, Pfizer/BioNTech",2216176,1023609,3239785
2021-05-02,"Johnson&Johnson, Moderna, Oxford/AstraZeneca, Pfizer/BioNTech",2235130,1025900,3261030
2021-05-03,"Johnson&Johnson, Moderna, Oxford/AstraZeneca, Pfizer/BioNTech",2302411,1030982,3333393
2021-05-04,"Johnson&Johnson, Moderna, Oxford/AstraZeneca, Pfizer/BioNTech",2368969,1039358,3408327
2021-05-05,"Johnson&Johnson, Moderna, Oxford/AstraZeneca, Pfizer/BioNTech",2442181,1048806,3490987
2021-05-06,"Johnson&Johnson, Moderna, Oxford/AstraZeneca, Pfizer/BioNTech",2522630,1059562,3582192
2021-05-07,"Johnson&Johnson, Moderna, Oxford/AstraZeneca, Pfizer/BioNTech",2599961,1069706,3669667
2021-05-08,"Johnson&Johnson, Moderna, Oxford/AstraZeneca, Pfizer/BioNTech",2629499,1071499,3700998
2021-05-09,"Johnson&Johnson, Moderna, Oxford/AstraZeneca, Pfizer/BioNTech",2653735,1072719,3726454
2021-05-10,"Johnson&Johnson, Moderna, Oxford/AstraZeneca, Pfizer/BioNTech",2726544,1079969,3806513
2021-05-11,"Johnson&Johnson, Moderna, Oxford/AstraZeneca, Pfizer/BioNTech",2802703,1088804,3891507
2021-05-12,"Johnson&Johnson, Moderna, Oxford/AstraZeneca, Pfizer/BioNTech",2882657,1097952,3980609
2021-05-13,"Johnson&Johnson, Moderna, Oxford/AstraZeneca, Pfizer/BioNTech",2966712,1107146,4073858
2021-05-14,"Johnson&Johnson, Moderna, Oxford/AstraZeneca, Pfizer/BioNTech",3046263,1114978,4161241
2021-05-15,"Johnson&Johnson, Moderna, Oxford/AstraZeneca, Pfizer/BioNTech",3078233,1117263,4195496
2021-05-16,"Johnson&Johnson, Moderna, Oxford/AstraZeneca, Pfizer/BioNTech",3104046,1118549,4222595
2021-05-17,"Johnson&Johnson, Moderna, Oxford/AstraZeneca, Pfizer/BioNTech",3176590,1125306,4301896
2021-05-18,"Johnson&Johnson, Moderna, Oxford/AstraZeneca, Pfizer/BioNTech",3248580,1138428,4387008
2021-05-19,"Johnson&Johnson, Moderna, Oxford/AstraZeneca, Pfizer/BioNTech",3326081,1153602,4479683
2021-05-20,"Johnson&Johnson, Moderna, Oxford/AstraZeneca, Pfizer/BioNTech",3401574,1180672,4582246
2021-05-21,"Johnson&Johnson, Moderna, Oxford/AstraZeneca, Pfizer/BioNTech",3470429,1208485,4678914
2021-05-22,"Johnson&Johnson, Moderna, Oxford/AstraZeneca, Pfizer/BioNTech",3502889,1219728,4722617
2021-05-23,"Johnson&Johnson, Moderna, Oxford/AstraZeneca, Pfizer/BioNTech",3525339,1228771,4754110
2021-05-24,"Johnson&Johnson, Moderna, Oxford/AstraZeneca, Pfizer/BioNTech",3572557,1262453,4835010
2021-05-25,"Johnson&Johnson, Moderna, Oxford/AstraZeneca, Pfizer/BioNTech",3624475,1298301,4922776
2021-05-26,"Johnson&Johnson, Moderna, Oxford/AstraZeneca, Pfizer/BioNTech",3692242,1335866,5028108
2021-05-27,"Johnson&Johnson, Moderna, Oxford/AstraZeneca, Pfizer/BioNTech",3753676,1383233,5136909
2021-05-28,"Johnson&Johnson, Moderna, Oxford/AstraZeneca, Pfizer/BioNTech",3815429,1429850,5245279
2021-05-29,"Johnson&Johnson, Moderna, Oxford/AstraZeneca, Pfizer/BioNTech",3844696,1446996,5291692
2021-05-30,"Johnson&Johnson, Moderna, Oxford/AstraZeneca, Pfizer/BioNTech",3867107,1461468,5328575
2021-05-31,"Johnson&Johnson, Moderna, Oxford/AstraZeneca, Pfizer/BioNTech",3922855,1509006,5431861
2021-06-01,"Johnson&Johnson, Moderna, Oxford/AstraZeneca, Pfizer/BioNTech",3981960,1557898,5539858
2021-06-02,"Johnson&Johnson, Moderna, Oxford/AstraZeneca, Pfizer/BioNTech",4044939,1611941,5656880
2021-06-03,"Johnson&Johnson, Moderna, Oxford/AstraZeneca, Pfizer/BioNTech",4103195,1672190,5775385
2021-06-04,"Johnson&Johnson, Moderna, Oxford/AstraZeneca, Pfizer/BioNTech",4166331,1729631,5895962
2021-06-05,"Johnson&Johnson, Moderna, Oxford/AstraZeneca, Pfizer/BioNTech",4200518,1748561,5949079
2021-06-06,"Johnson&Johnson, Moderna, Oxford/AstraZeneca, Pfizer/BioNTech",4227478,1763739,5991217
2021-06-07,"Johnson&Johnson, Moderna, Oxford/AstraZeneca, Pfizer/BioNTech",4291180,1819396,6110576
2021-06-08,"Johnson&Johnson, Moderna, Oxford/AstraZeneca, Pfizer/BioNTech",4355201,1874435,6229636
2021-06-09,"Johnson&Johnson, Moderna, Oxford/AstraZeneca, Pfizer/BioNTech",4414423,1939137,6353560
2021-06-10,"Johnson&Johnson, Moderna, Oxford/AstraZeneca, Pfizer/BioNTech",4468288,2010472,6478760
2021-06-11,"Johnson&Johnson, Moderna, Oxford/AstraZeneca, Pfizer/BioNTech",4520423,2080331,6600754
2021-06-12,"Johnson&Johnson, Moderna, Oxford/AstraZeneca, Pfizer/BioNTech",4552445,2101193,6653638
2021-06-13,"Johnson&Johnson, Moderna, Oxford/AstraZeneca, Pfizer/BioNTech",4576490,2119640,6696130
2021-06-14,"Johnson&Johnson, Moderna, Oxford/AstraZeneca, Pfizer/BioNTech",4619580,2194060,6813640
2021-06-15,"Johnson&Johnson, Moderna, Oxford/AstraZeneca, Pfizer/BioNTech",4664260,2266475,6930735
2021-06-16,"Johnson&Johnson, Moderna, Oxford/AstraZeneca, Pfizer/BioNTech",4707086,2344743,7051829
2021-06-17,"Johnson&Johnson, Moderna, Oxford/AstraZeneca, Pfizer/BioNTech",4746526,2427867,7174393
2021-06-18,"Johnson&Johnson, Moderna, Oxford/AstraZeneca, Pfizer/BioNTech",4788973,2508473,7297446
2021-06-19,"Johnson&Johnson, Moderna, Oxford/AstraZeneca, Pfizer/BioNTech",4810764,2537821,7348585
2021-06-20,"Johnson&Johnson, Moderna, Oxford/AstraZeneca, Pfizer/BioNTech",4828177,2561697,7389874
2021-06-21,"Johnson&Johnson, Moderna, Oxford/AstraZeneca, Pfizer/BioNTech",4860692,2640337,7501029
2021-06-22,"Johnson&Johnson, Moderna, Oxford/AstraZeneca, Pfizer/BioNTech",4893670,2722691,7616361
2021-06-23,"Johnson&Johnson, Moderna, Oxford/AstraZeneca, Pfizer/BioNTech",4925389,2807961,7733350
2021-06-24,"Johnson&Johnson, Moderna, Oxford/AstraZeneca, Pfizer/BioNTech",4955258,2898039,7853297
2021-06-25,"Johnson&Johnson, Moderna, Oxford/AstraZeneca, Pfizer/BioNTech",4986352,2984290,7970642
2021-06-26,"Johnson&Johnson, Moderna, Oxford/AstraZeneca, Pfizer/BioNTech",5002258,3019183,8021441
2021-06-27,"Johnson&Johnson, Moderna, Oxford/AstraZeneca, Pfizer/BioNTech",5016217,3045904,8062121
2021-06-28,"Johnson&Johnson, Moderna, Oxford/AstraZeneca, Pfizer/BioNTech",5044640,3131141,8175781
2021-06-29,"Johnson&Johnson, Moderna, Oxford/AstraZeneca, Pfizer/BioNTech",5073929,3217706,8291635
2021-06-30,"Johnson&Johnson, Moderna, Oxford/AstraZeneca, Pfizer/BioNTech",5101439,3308758,8410197
2021-07-01,"Johnson&Johnson, Moderna, Oxford/AstraZeneca, Pfizer/BioNTech",5125433,3398868,8524301
2021-07-02,"Johnson&Johnson, Moderna, Oxford/AstraZeneca, Pfizer/BioNTech",5152188,3484808,8636996
2021-07-03,"Johnson&Johnson, Moderna, Oxford/AstraZeneca, Pfizer/BioNTech",5159293,3516386,8675679
2021-07-04,"Johnson&Johnson, Moderna, Oxford/AstraZeneca, Pfizer/BioNTech",5166881,3538214,8705095
2021-07-05,"Johnson&Johnson, Moderna, Oxford/AstraZeneca, Pfizer/BioNTech",5174300,3563630,8737930
2021-07-06,"Johnson&Johnson, Moderna, Oxford/AstraZeneca, Pfizer/BioNTech",5179771,3591364,8771135
2021-07-07,"Johnson&Johnson, Moderna, Oxford/AstraZeneca, Pfizer/BioNTech",5205606,3670367,8875973
2021-07-08,"Johnson&Johnson, Moderna, Oxford/AstraZeneca, Pfizer/BioNTech",5232227,3740716,8972943
2021-07-09,"Johnson&Johnson, Moderna, Oxford/AstraZeneca, Pfizer/BioNTech",5260178,3810058,9070236
2021-07-10,"Johnson&Johnson, Moderna, Oxford/AstraZeneca, Pfizer/BioNTech",5269562,3838734,9108296
2021-07-11,"Johnson&Johnson, Moderna, Oxford/AstraZeneca, Pfizer/BioNTech",5278119,3861627,9139746
2021-07-12,"Johnson&Johnson, Moderna, Oxford/AstraZeneca, Pfizer/BioNTech",5305660,3930726,9236386
2021-07-13,"Johnson&Johnson, Moderna, Oxford/AstraZeneca, Pfizer/BioNTech",5331865,4000629,9332494
2021-07-14,"Johnson&Johnson, Moderna, Oxford/AstraZeneca, Pfizer/BioNTech",5357706,4072648,9430354
2021-07-15,"Johnson&Johnson, Moderna, Oxford/AstraZeneca, Pfizer/BioNTech",5386901,4138695,9525596
2021-07-16,"Johnson&Johnson, Moderna, Oxford/AstraZeneca, Pfizer/BioNTech",5414838,4211459,9626297
2021-07-17,"Johnson&Johnson, Moderna, Oxford/AstraZeneca, Pfizer/BioNTech",5423643,4242938,9666581
2021-07-18,"Johnson&Johnson, Moderna, Oxford/AstraZeneca, Pfizer/BioNTech",5432089,4268955,9701044
2021-07-19,"Johnson&Johnson, Moderna, Oxford/AstraZeneca, Pfizer/BioNTech",5455462,4336002,9791464
2021-07-20,"Johnson&Johnson, Moderna, Oxford/AstraZeneca, Pfizer/BioNTech",5476874,4403084,9879958
2021-07-21,"Johnson&Johnson, Moderna, Oxford/AstraZeneca, Pfizer/BioNTech",5500334,4466562,9966896
2021-07-22,"Johnson&Johnson, Moderna, Oxford/AstraZeneca, Pfizer/BioNTech",5522703,4525215,10047918
2021-07-23,"Johnson&Johnson, Moderna, Oxford/AstraZeneca, Pfizer/BioNTech",5545933,4579986,10125919
2021-07-24,"Johnson&Johnson, Moderna, Oxford/AstraZeneca, Pfizer/BioNTech",5553282,4607669,10160951
2021-07-25,"Johnson&Johnson, Moderna, Oxford/AstraZeneca, Pfizer/BioNTech",5559918,4629812,10189730
2021-07-26,"Johnson&Johnson, Moderna, Oxford/AstraZeneca, Pfizer/BioNTech",5583476,4678514,10261990
2021-07-27,"Johnson&Johnson, Moderna, Oxford/AstraZeneca, Pfizer/BioNTech",5606228,4725184,10331412
2021-07-28,"Johnson&Johnson, Moderna, Oxford/AstraZeneca, Pfizer/BioNTech",5627510,4771219,10398729
2021-07-29,"Johnson&Johnson, Moderna, Oxford/AstraZeneca, Pfizer/BioNTech",5648847,4813216,10462063
2021-07-30,"Johnson&Johnson, Moderna, Oxford/AstraZeneca, Pfizer/BioNTech",5672129,4855807,10527936
2021-07-31,"Johnson&Johnson, Moderna, Oxford/AstraZeneca, Pfizer/BioNTech",5681079,4875353,10556432
2021-08-01,"Johnson&Johnson, Moderna, Oxford/AstraZeneca, Pfizer/BioNTech",5687812,4891538,10579350
2021-08-02,"Johnson&Johnson, Moderna, Oxford/AstraZeneca, Pfizer/BioNTech",5706461,4929113,10635574
2021-08-03,"Johnson&Johnson, Moderna, Oxford/AstraZeneca, Pfizer/BioNTech",5724114,4967241,10691355
2021-08-04,"Johnson&Johnson, Moderna, Oxford/AstraZeneca, Pfizer/BioNTech",5740241,5004024,10744265
2021-08-05,"Johnson&Johnson, Moderna, Oxford/AstraZeneca, Pfizer/BioNTech",5756285,5044532,10800817
2021-08-06,"Johnson&Johnson, Moderna, Oxford/AstraZeneca, Pfizer/BioNTech",5773087,5087852,10860939
2021-08-07,"Johnson&Johnson, Moderna, Oxford/AstraZeneca, Pfizer/BioNTech",5778696,5106039,10884735
2021-08-08,"Johnson&Johnson, Moderna, Oxford/AstraZeneca, Pfizer/BioNTech",5783063,5121809,10904872
2021-08-09,"Johnson&Johnson, Moderna, Oxford/AstraZeneca, Pfizer/BioNTech",5795707,5166887,10962594
2021-08-10,"Johnson&Johnson, Moderna, Oxford/AstraZeneca, Pfizer/BioNTech",5807554,5206478,11014032
2021-08-11,"Johnson&Johnson, Moderna, Oxford/AstraZeneca, Pfizer/BioNTech",5818926,5249626,11068552
2021-08-12,"Johnson&Johnson, Moderna, Oxford/AstraZeneca, Pfizer/BioNTech",5830352,5286780,11117132
2021-08-13,"Johnson&Johnson, Moderna, Oxford/AstraZeneca, Pfizer/BioNTech",5841083,5327144,11168227
2021-08-14,"Johnson&Johnson, Moderna, Oxford/AstraZeneca, Pfizer/BioNTech",5844423,5337860,11182283
2021-08-15,"Johnson&Johnson, Moderna, Oxford/AstraZeneca, Pfizer/BioNTech",5847009,5348249,11195258
2021-08-16,"Johnson&Johnson, Moderna, Oxford/AstraZeneca, Pfizer/BioNTech",5856802,5382340,11239142
2021-08-17,"Johnson&Johnson, Moderna, Oxford/AstraZeneca, Pfizer/BioNTech",5866402,5409445,11275847
2021-08-18,"Johnson&Johnson, Moderna, Oxford/AstraZeneca, Pfizer/BioNTech",5875780,5448356,11324136
2021-08-19,"Johnson&Johnson, Moderna, Oxford/AstraZeneca, Pfizer/BioNTech",5885459,5486720,11372179
2021-08-20,"Johnson&Johnson, Moderna, Oxford/AstraZeneca, Pfizer/BioNTech",5896857,5526915,11423772
2021-08-21,"Johnson&Johnson, Moderna, Oxford/AstraZeneca, Pfizer/BioNTech",5899581,5539688,11439269
2021-08-22,"Johnson&Johnson, Moderna, Oxford/AstraZeneca, Pfizer/BioNTech",5901927,5551661,11453588
2021-08-23,"Johnson&Johnson, Moderna, Oxford/AstraZeneca, Pfizer/BioNTech",5912460,5590947,11503407
2021-08-24,"Johnson&Johnson, Moderna, Oxford/AstraZeneca, Pfizer/BioNTech",5922341,5624211,11546552
2021-08-25,"Johnson&Johnson, Moderna, Oxford/AstraZeneca, Pfizer/BioNTech",5931206,5652587,11583793
2021-08-26,"Johnson&Johnson, Moderna, Oxford/AstraZeneca, Pfizer/BioNTech",5939660,5678714,11618374
2021-08-27,"Johnson&Johnson, Moderna, Oxford/AstraZeneca, Pfizer/BioNTech",5949990,5704700,11654690
2021-08-28,"Johnson&Johnson, Moderna, Oxford/AstraZeneca, Pfizer/BioNTech",5952726,5711764,11664490
2021-08-29,"Johnson&Johnson, Moderna, Oxford/AstraZeneca, Pfizer/BioNTech",5955138,5718388,11673526
2021-08-30,"Johnson&Johnson, Moderna, Oxford/AstraZeneca, Pfizer/BioNTech",5963666,5740270,11703936
2021-08-31,"Johnson&Johnson, Moderna, Oxford/AstraZeneca, Pfizer/BioNTech",5971349,5758378,11729727
2021-09-01,"Johnson&Johnson, Moderna, Oxford/AstraZeneca, Pfizer/BioNTech",5977260,5772401,11749661
2021-09-02,"Johnson&Johnson, Moderna, Oxford/AstraZeneca, Pfizer/BioNTech",5984111,5786796,11770907
2021-09-03,"Johnson&Johnson, Moderna, Oxford/AstraZeneca, Pfizer/BioNTech",5993672,5802531,11796203
2021-09-04,"Johnson&Johnson, Moderna, Oxford/AstraZeneca, Pfizer/BioNTech",5995742,5806090,11801832
2021-09-05,"Johnson&Johnson, Moderna, Oxford/AstraZeneca, Pfizer/BioNTech",5997782,5808939,11806721
2021-09-06,"Johnson&Johnson, Moderna, Oxford/AstraZeneca, Pfizer/BioNTech",6004021,5821485,11825506
2021-09-07,"Johnson&Johnson, Moderna, Oxford/AstraZeneca, Pfizer/BioNTech",6008416,5832572,11840988
2021-09-08,"Johnson&Johnson, Moderna, Oxford/AstraZeneca, Pfizer/BioNTech",6014093,5842435,11856528
2021-09-09,"Johnson&Johnson, Moderna, Oxford/AstraZeneca, Pfizer/BioNTech",6020795,5852505,11873300
2021-09-10,"Johnson&Johnson, Moderna, Oxford/AstraZeneca, Pfizer/BioNTech",6028492,5864688,11893180
2021-09-11,"Johnson&Johnson, Moderna, Oxford/AstraZeneca, Pfizer/BioNTech",6030362,5867173,11897535
2021-09-12,"Johnson&Johnson, Moderna, Oxford/AstraZeneca, Pfizer/BioNTech",6031480,5868806,11900286
2021-09-13,"Johnson&Johnson, Moderna, Oxford/AstraZeneca, Pfizer/BioNTech",6036920,5879113,11916033
2021-09-14,"Johnson&Johnson, Moderna, Oxford/AstraZeneca, Pfizer/BioNTech",6042319,5888131,11930450
2021-09-15,"Johnson&Johnson, Moderna, Oxford/AstraZeneca, Pfizer/BioNTech",6047522,5896659,11944181
2021-09-16,"Johnson&Johnson, Moderna, Oxford/AstraZeneca, Pfizer/BioNTech",6052877,5904940,11957817
2021-09-17,"Johnson&Johnson, Moderna, Oxford/AstraZeneca, Pfizer/BioNTech",6059448,5915179,11974627
2021-09-18,"Johnson&Johnson, Moderna, Oxford/AstraZeneca, Pfizer/BioNTech",6061176,5917541,11978717
2021-09-19,"Johnson&Johnson, Moderna, Oxford/AstraZeneca, Pfizer/BioNTech",6062122,5919110,11981232
2021-09-20,"Johnson&Johnson, Moderna, Oxford/AstraZeneca, Pfizer/BioNTech",6066138,5927311,11993449
2021-09-21,"Johnson&Johnson, Moderna, Oxford/AstraZeneca, Pfizer/BioNTech",6070376,5934848,12005224
2021-09-22,"Johnson&Johnson, Moderna, Oxford/AstraZeneca, Pfizer/BioNTech",6074570,5940375,12014945
2021-09-23,"Johnson&Johnson, Moderna, Oxford/AstraZeneca, Pfizer/BioNTech",6079547,5946789,12026336
2021-09-24,"Johnson&Johnson, Moderna, Oxford/AstraZeneca, Pfizer/BioNTech",6085307,5956408,12041715
2021-09-25,"Johnson&Johnson, Moderna, Oxford/AstraZeneca, Pfizer/BioNTech",6086804,5958408,12045212
2021-09-26,"Johnson&Johnson, Moderna, Oxford/AstraZeneca, Pfizer/BioNTech",6087549,5960048,12047597
2021-09-27,"Johnson&Johnson, Moderna, Oxford/AstraZeneca, Pfizer/BioNTech",6091433,5966563,12057996
2021-09-28,"Johnson&Johnson, Moderna, Oxford/AstraZeneca, Pfizer/BioNTech",6091802,5967191,12058993
2021-09-29,"Johnson&Johnson, Moderna, Oxford/AstraZeneca, Pfizer/BioNTech",6095579,5974655,12070234
2021-09-30,"Johnson&Johnson, Moderna, Oxford/AstraZeneca, Pfizer/BioNTech",6100089,5982356,12082445
2021-10-01,"Johnson&Johnson, Moderna, Oxford/AstraZeneca, Pfizer/BioNTech",6104393,5990338,12094731
2021-10-02,"Johnson&Johnson, Moderna, Oxford/AstraZeneca, Pfizer/BioNTech",6105456,5991885,12097341
2021-10-03,"Johnson&Johnson, Moderna, Oxford/AstraZeneca, Pfizer/BioNTech",6106181,5992756,12098937
2021-10-04,"Johnson&Johnson, Moderna, Oxford/AstraZeneca, Pfizer/BioNTech",6109256,5998329,12107585
2021-10-05,"Johnson&Johnson, Moderna, Oxford/AstraZeneca, Pfizer/BioNTech",6112420,6003416,12115836
2021-10-06,"Johnson&Johnson, Moderna, Oxford/AstraZeneca, Pfizer/BioNTech",6115939,6008589,12124528
2021-10-07,"Johnson&Johnson, Moderna, Oxford/AstraZeneca, Pfizer/BioNTech",6119223,6013850,12133073
2021-10-08,"Johnson&Johnson, Moderna, Oxford/AstraZeneca, Pfizer/BioNTech",6124017,6020492,12144509
2021-10-09,"Johnson&Johnson, Moderna, Oxford/AstraZeneca, Pfizer/BioNTech",6125262,6022155,12147417
2021-10-10,"Johnson&Johnson, Moderna, Oxford/AstraZeneca, Pfizer/BioNTech",6126206,6022987,12149193
2021-10-11,"Johnson&Johnson, Moderna, Oxford/AstraZeneca, Pfizer/BioNTech",6129136,6027402,12156538
2021-10-12,"Johnson&Johnson, Moderna, Oxford/AstraZeneca, Pfizer/BioNTech",6132069,6031406,12163475
2021-10-13,"Johnson&Johnson, Moderna, Oxford/AstraZeneca, Pfizer/BioNTech",6135600,6035590,12171190
2021-10-14,"Johnson&Johnson, Moderna, Oxford/AstraZeneca, Pfizer/BioNTech",6139273,6040539,12179812
2021-10-15,"Johnson&Johnson, Moderna, Oxford/AstraZeneca, Pfizer/BioNTech",6144502,6046685,12191187
2021-10-16,"Johnson&Johnson, Moderna, Oxford/AstraZeneca, Pfizer/BioNTech",6145917,6048213,12194130
2021-10-17,"Johnson&Johnson, Moderna, Pfizer/BioNTech",6147244,6049268,12196512
2021-10-18,"Johnson&Johnson, Moderna, Oxford/AstraZeneca, Pfizer/BioNTech",6151358,6053368,12204726
2021-10-19,"Johnson&Johnson, Moderna, Oxford/AstraZeneca, Pfizer/BioNTech",6154938,6055467,12210405
2021-10-20,"Johnson&Johnson, Moderna, Oxford/AstraZeneca, Pfizer/BioNTech",6159820,6059916,12219736
2021-10-21,"Johnson&Johnson, Moderna, Oxford/AstraZeneca, Pfizer/BioNTech",6167585,6065519,12233104
2021-10-22,"Johnson&Johnson, Moderna, Oxford/AstraZeneca, Pfizer/BioNTech",6178039,6072023,12250062
2021-10-23,"Johnson&Johnson, Moderna, Oxford/AstraZeneca, Pfizer/BioNTech",6181713,6074229,12255942
2021-10-24,"Johnson&Johnson, Moderna, Oxford/AstraZeneca, Pfizer/BioNTech",6184398,6076010,12260408
2021-10-25,"Johnson&Johnson, Moderna, Oxford/AstraZeneca, Pfizer/BioNTech",6194897,6081818,12276715
2021-10-26,"Johnson&Johnson, Moderna, Oxford/AstraZeneca, Pfizer/BioNTech",6206887,6088368,12295255
2021-10-27,"Johnson&Johnson, Moderna, Oxford/AstraZeneca, Pfizer/BioNTech",6221496,6095774,12317270
2021-10-28,"Johnson&Johnson, Moderna, Oxford/AstraZeneca, Pfizer/BioNTech",6224920,6097458,12322378
2021-10-29,"Johnson&Johnson, Moderna, Oxford/AstraZeneca, Pfizer/BioNTech",6239358,6105446,12344804
2021-10-30,"Johnson&Johnson, Moderna, Oxford/AstraZeneca, Pfizer/BioNTech",6243887,6108370,12352257
2021-10-31,"Johnson&Johnson, Moderna, Oxford/AstraZeneca, Pfizer/BioNTech",6247650,6110844,12358494
2021-11-01,"Johnson&Johnson, Moderna, Oxford/AstraZeneca, Pfizer/BioNTech",6262844,6118529,12381373
2021-11-02,"Johnson&Johnson, Moderna, Oxford/AstraZeneca, Pfizer/BioNTech",6278297,6126086,12404383
2021-11-03,"Johnson&Johnson, Moderna, Oxford/AstraZeneca, Pfizer/BioNTech",6295478,6133382,12428860
2021-11-04,"Johnson&Johnson, Moderna, Oxford/AstraZeneca, Pfizer/BioNTech",6313829,6141552,12455381
2021-11-05,"Johnson&Johnson, Moderna, Oxford/AstraZeneca, Pfizer/BioNTech",6336627,6152833,12489460
2021-11-06,"Johnson&Johnson, Moderna, Oxford/AstraZeneca, Pfizer/BioNTech",6343144,6155889,12499033
2021-11-07,"Johnson&Johnson, Moderna, Oxford/AstraZeneca, Pfizer/BioNTech",6347165,6158325,12505490
2021-11-08,"Johnson&Johnson, Moderna, Oxford/AstraZeneca, Pfizer/BioNTech",6363434,6165955,12529389
2021-11-09,"Johnson&Johnson, Moderna, Oxford/AstraZeneca, Pfizer/BioNTech",6378242,6173253,12551495
2021-11-10,"Johnson&Johnson, Moderna, Oxford/AstraZeneca, Pfizer/BioNTech",6393979,6180636,12574615
2021-11-11,"Johnson&Johnson, Moderna, Oxford/AstraZeneca, Pfizer/BioNTech",6409448,6189740,12599188
2021-11-12,"Johnson&Johnson, Moderna, Oxford/AstraZeneca, Pfizer/BioNTech",6429251,6202541,12631792
2021-11-13,"Johnson&Johnson, Moderna, Oxford/AstraZeneca, Pfizer/BioNTech",6434644,6206413,12641057
2021-11-14,"Johnson&Johnson, Moderna, Oxford/AstraZeneca, Pfizer/BioNTech",6438537,6209417,12647954
2021-11-15,"Johnson&Johnson, Moderna, Oxford/AstraZeneca, Pfizer/BioNTech",6453618,6220109,12673727
2021-11-16,"Johnson&Johnson, Moderna, Oxford/AstraZeneca, Pfizer/BioNTech",6471160,6232090,12703250
2021-11-17,"Johnson&Johnson, Moderna, Oxford/AstraZeneca, Pfizer/BioNTech",6475401,6235655,12711056
2021-11-18,"Johnson&Johnson, Moderna, Oxford/AstraZeneca, Pfizer/BioNTech",6494822,6247348,12742170
2021-11-19,"Johnson&Johnson, Moderna, Oxford/AstraZeneca, Pfizer/BioNTech",6519430,6264319,12783749
2021-11-20,"Johnson&Johnson, Moderna, Oxford/AstraZeneca, Pfizer/BioNTech",6528009,6269301,12797310
2021-11-21,"Johnson&Johnson, Moderna, Pfizer/BioNTech",6534780,6273074,12807854
2021-11-22,"Johnson&Johnson, Moderna, Oxford/AstraZeneca, Pfizer/BioNTech",6553291,6287186,12840477
2021-11-23,"Johnson&Johnson, Moderna, Oxford/AstraZeneca, Pfizer/BioNTech",6572357,6300445,12872802
2021-11-24,"Johnson&Johnson, Moderna, Oxford/AstraZeneca, Pfizer/BioNTech",6591373,6316292,12907665
2021-11-25,"Johnson&Johnson, Moderna, Oxford/AstraZeneca, Pfizer/BioNTech",6610519,6331326,12941845
2021-11-26,"Johnson&Johnson, Moderna, Oxford/AstraZeneca, Pfizer/BioNTech",6632170,6350461,12982631
2021-11-27,"Johnson&Johnson, Moderna, Oxford/AstraZeneca, Pfizer/BioNTech",6639639,6356015,12995654
2021-11-28,"Johnson&Johnson, Moderna, Oxford/AstraZeneca, Pfizer/BioNTech",6642972,6359150,13002122
2021-11-29,"Johnson&Johnson, Moderna, Oxford/AstraZeneca, Pfizer/BioNTech",6658180,6372806,13030986
2021-11-30,"Johnson&Johnson, Moderna, Oxford/AstraZeneca, Pfizer/BioNTech",6671381,6384037,13055418
2021-12-01,"Johnson&Johnson, Moderna, Oxford/AstraZeneca, Pfizer/BioNTech",6685418,6396491,13081909
2021-12-02,"Johnson&Johnson, Moderna, Oxford/AstraZeneca, Pfizer/BioNTech",6696054,6408981,13105035
2021-12-03,"Johnson&Johnson, Moderna, Oxford/AstraZeneca, Pfizer/BioNTech",6705693,6424553,13130246
2021-12-04,"Johnson&Johnson, Moderna, Pfizer/BioNTech",6708250,6428503,13136753
2021-12-05,"Johnson&Johnson, Moderna, Oxford/AstraZeneca, Pfizer/BioNTech",6709609,6430841,13140450
2021-12-06,"Johnson&Johnson, Moderna, Oxford/AstraZeneca, Pfizer/BioNTech",6717756,6442370,13160126
2021-12-07,"Johnson&Johnson, Moderna, Oxford/AstraZeneca, Pfizer/BioNTech",6725644,6454379,13180023
2021-12-08,"Johnson&Johnson, Moderna, Oxford/AstraZeneca, Pfizer/BioNTech",6733886,6460307,13194193
2021-12-09,"Johnson&Johnson, Moderna, Oxford/AstraZeneca, Pfizer/BioNTech",6741007,6473125,13214132
2021-12-10,"Johnson&Johnson, Moderna, Oxford/AstraZeneca, Pfizer/BioNTech",6747939,6490931,13238870
2021-12-11,"Johnson&Johnson, Moderna, Pfizer/BioNTech",6749597,6496203,13245800
2021-12-12,"Johnson&Johnson, Moderna, Oxford/AstraZeneca, Pfizer/BioNTech",6750908,6500637,13251545
2021-12-13,"Johnson&Johnson, Moderna, Oxford/AstraZeneca, Pfizer/BioNTech",6757256,6513948,13271204
2021-12-14,"Johnson&Johnson, Moderna, Oxford/AstraZeneca, Pfizer/BioNTech",6763466,6527615,13291081
2021-12-15,"Johnson&Johnson, Moderna, Oxford/AstraZeneca, Pfizer/BioNTech",6769672,6541214,13310886
2021-12-16,"Johnson&Johnson, Moderna, Oxford/AstraZeneca, Pfizer/BioNTech",6776612,6556048,13332660
2021-12-17,"Johnson&Johnson, Moderna, Oxford/AstraZeneca, Pfizer/BioNTech",6784978,6573311,13358289
2021-12-18,"Johnson&Johnson, Moderna, Oxford/AstraZeneca, Pfizer/BioNTech",6787589,6578762,13366351
2021-12-19,"Johnson&Johnson, Moderna, Pfizer/BioNTech",6789360,6581266,13370626
2021-12-20,"Johnson&Johnson, Moderna, Oxford/AstraZeneca, Pfizer/BioNTech",6795206,6595330,13390536
2021-12-21,"Johnson&Johnson, Moderna, Oxford/AstraZeneca, Pfizer/BioNTech",6801867,6607320,13409187
2021-12-22,"Johnson&Johnson, Moderna, Oxford/AstraZeneca, Pfizer/BioNTech",6806914,6620375,13427289
2021-12-23,"Johnson&Johnson, Moderna, Oxford/AstraZeneca, Pfizer/BioNTech",6809787,6625976,13435763
2021-12-24,"Johnson&Johnson, Moderna, Oxford/AstraZeneca, Pfizer/BioNTech",6809833,6626077,13435910
2021-12-25,"Moderna, Pfizer/BioNTech",6809834,6626085,13435919
2021-12-26,"Moderna, Pfizer/BioNTech",6809936,6626287,13436223
2021-12-27,"Johnson&Johnson, Moderna, Pfizer/BioNTech",6813803,6636024,13449827
2021-12-28,"Johnson&Johnson, Moderna, Oxford/AstraZeneca, Pfizer/BioNTech",6819043,6644016,13463059
2021-12-29,"Johnson&Johnson, Moderna, Oxford/AstraZeneca, Pfizer/BioNTech",6823323,6651735,13475058
2021-12-30,"Johnson&Johnson, Moderna, Pfizer/BioNTech",6827621,6657168,13484789
2021-12-31,"Johnson&Johnson, Moderna, Pfizer/BioNTech",6828131,6658591,13486722
2022-01-01,"Johnson&Johnson, Moderna, Pfizer/BioNTech",6828136,6658609,13486745
2022-01-02,"Johnson&Johnson, Moderna, Pfizer/BioNTech",6828992,6659986,13488978
2022-01-03,"Johnson&Johnson, Moderna, Oxford/AstraZeneca, Pfizer/BioNTech",6833128,6668885,13502013
2022-01-04,"Johnson&Johnson, Moderna, Oxford/AstraZeneca, Pfizer/BioNTech",6838214,6676636,13514850
2022-01-05,"Johnson&Johnson, Moderna, Oxford/AstraZeneca, Pfizer/BioNTech",6844032,6684605,13528637
2022-01-06,"Johnson&Johnson, Moderna, Oxford/AstraZeneca, Pfizer/BioNTech",6850618,6693006,13543624
2022-01-07,"Johnson&Johnson, Moderna, Oxford/AstraZeneca, Pfizer/BioNTech",6858492,6703359,13561851
2022-01-08,"Johnson&Johnson, Moderna, Oxford/AstraZeneca, Pfizer/BioNTech",6860972,6706142,13567114
2022-01-09,"Johnson&Johnson, Moderna, Pfizer/BioNTech",6862054,6707836,13569890
2022-01-10,"Johnson&Johnson, Moderna, Oxford/AstraZeneca, Pfizer/BioNTech",6866550,6714022,13580572
2022-01-11,"Johnson&Johnson, Moderna, Oxford/AstraZeneca, Pfizer/BioNTech",6871990,6720776,13592766
2022-01-12,"Johnson&Johnson, Moderna, Oxford/AstraZeneca, Pfizer/BioNTech",6877940,6726419,13604359
2022-01-13,"Johnson&Johnson, Moderna, Oxford/AstraZeneca, Pfizer/BioNTech",6883822,6731194,13615016
2022-01-14,"Johnson&Johnson, Moderna, Oxford/AstraZeneca, Pfizer/BioNTech",6890121,6734827,13624948
2022-01-15,"Johnson&Johnson, Moderna, Oxford/AstraZeneca, Pfizer/BioNTech",6891398,6735481,13626879
2022-01-16,"Johnson&Johnson, Moderna, Oxford/AstraZeneca, Pfizer/BioNTech",6892085,6735918,13628003
2022-01-17,"Johnson&Johnson, Moderna, Oxford/AstraZeneca, Pfizer/BioNTech",6895635,6739874,13635509
2022-01-18,"Johnson&Johnson, Moderna, Oxford/AstraZeneca, Pfizer/BioNTech",6899486,6744823,13644309
2022-01-19,"Johnson&Johnson, Moderna, Oxford/AstraZeneca, Pfizer/BioNTech",6903554,6748755,13652309
2022-01-20,"Johnson&Johnson, Moderna, Oxford/AstraZeneca, Pfizer/BioNTech",6907150,6753197,13660347
2022-01-21,"Johnson&Johnson, Moderna, Oxford/AstraZeneca, Pfizer/BioNTech",6911144,6755724,13666868
2022-01-22,"Johnson&Johnson, Moderna, Pfizer/BioNTech",6911924,6756162,13668086
2022-01-23,"Johnson&Johnson, Moderna, Pfizer/BioNTech",6912485,6756796,13669281
2022-01-24,"Johnson&Johnson, Moderna, Oxford/AstraZeneca, Pfizer/BioNTech",6914751,6760230,13674981
2022-01-25,"Johnson&Johnson, Moderna, Oxford/AstraZeneca, Pfizer/BioNTech",6917103,6764224,13681327
2022-01-26,"Johnson&Johnson, Moderna, Oxford/AstraZeneca, Pfizer/BioNTech",6919488,6768788,13688276
2022-01-27,"Johnson&Johnson, Moderna, Oxford/AstraZeneca, Pfizer/BioNTech",6921812,6773598,13695410
2022-01-28,"Johnson&Johnson, Moderna, Oxford/AstraZeneca, Pfizer/BioNTech",6924725,6779756,13704481
2022-01-29,"Johnson&Johnson, Moderna, Pfizer/BioNTech",6925325,6781405,13706730
2022-01-30,"Johnson&Johnson, Moderna, Pfizer/BioNTech",6925552,6782182,13707734
2022-01-31,"Johnson&Johnson, Moderna, Pfizer/BioNTech",6927089,6786098,13713187
2022-02-01,"Johnson&Johnson, Moderna, Pfizer/BioNTech",6928683,6790130,13718813
2022-02-02,"Johnson&Johnson, Moderna, Pfizer/BioNTech",6930248,6794632,13724880
2022-02-03,"Johnson&Johnson, Moderna, Pfizer/BioNTech",6931619,6799106,13730725
2022-02-04,"Johnson&Johnson, Moderna, Pfizer/BioNTech",6933218,6804220,13737438
2022-02-05,"Johnson&Johnson, Moderna, Pfizer/BioNTech",6933391,6804829,13738220
2022-02-06,"Johnson&Johnson, Moderna, Pfizer/BioNTech",6933485,6805148,13738633
2022-02-07,"Johnson&Johnson, Moderna, Pfizer/BioNTech",6934182,6808356,13742538
2022-02-08,"Johnson&Johnson, Moderna, Pfizer/BioNTech",6934972,6811540,13746512
2022-02-09,"Johnson&Johnson, Moderna, Pfizer/BioNTech",6935795,6814909,13750704
2022-02-10,"Johnson&Johnson, Moderna, Pfizer/BioNTech",6936577,6818033,13754610
2022-02-11,"Johnson&Johnson, Moderna, Pfizer/BioNTech",6937522,6821942,13759464
2022-02-12,"Johnson&Johnson, Moderna, Pfizer/BioNTech",6937631,6822361,13759992
2022-02-13,"Johnson&Johnson, Moderna, Pfizer/BioNTech",6937664,6822798,13760462
2022-02-14,"Johnson&Johnson, Moderna, Pfizer/BioNTech",6938114,6824907,13763021
2022-02-15,"Johnson&Johnson, Moderna, Pfizer/BioNTech",6938661,6827109,13765770
2022-02-16,"Johnson&Johnson, Moderna, Pfizer/BioNTech",6939240,6829204,13768444
2022-02-17,"Johnson&Johnson, Moderna, Pfizer/BioNTech",6939828,6831538,13771366
2022-02-18,"Johnson&Johnson, Moderna, Pfizer/BioNTech",6940460,6834588,13775048
2022-02-19,"Johnson&Johnson, Moderna, Pfizer/BioNTech",6940538,6834868,13775406
2022-02-20,"Johnson&Johnson, Moderna, Pfizer/BioNTech",6940571,6835017,13775588
2022-02-21,"Johnson&Johnson, Moderna, Pfizer/BioNTech",6940923,6836713,13777636
2022-02-22,"Johnson&Johnson, Moderna, Oxford/AstraZeneca, Pfizer/BioNTech",6941290,6838387,13779677
2022-02-23,"Johnson&Johnson, Moderna, Pfizer/BioNTech",6941734,6840027,13781761
2022-02-24,"Johnson&Johnson, Moderna, Pfizer/BioNTech",6942149,6841655,13783804
2022-02-25,"Johnson&Johnson, Moderna, Pfizer/BioNTech",6942731,6843730,13786461
2022-02-26,"Johnson&Johnson, Moderna, Pfizer/BioNTech",6942792,6843888,13786680
2022-02-27,"Johnson&Johnson, Moderna, Pfizer/BioNTech",6942826,6843963,13786789
2022-02-28,"Johnson&Johnson, Moderna, Pfizer/BioNTech",6943066,6844928,13787994
2022-03-01,"Johnson&Johnson, Moderna, Pfizer/BioNTech",6943305,6845692,13788997
2022-03-02,"Johnson&Johnson, Moderna, Novavax, Pfizer/BioNTech",6943643,6846597,13790240
2022-03-03,"Johnson&Johnson, Moderna, Novavax, Pfizer/BioNTech",6943960,6847511,13791471
2022-03-04,"Johnson&Johnson, Moderna, Novavax, Pfizer/BioNTech",6944577,6848718,13793295
2022-03-05,"Johnson&Johnson, Moderna, Novavax, Pfizer/BioNTech",6944654,6848809,13793463
2022-03-06,"Moderna, Novavax, Pfizer/BioNTech",6944665,6848826,13793491
2022-03-07,"Johnson&Johnson, Moderna, Novavax, Pfizer/BioNTech",6945002,6849376,13794378
2022-03-08,"Johnson&Johnson, Moderna, Novavax, Pfizer/BioNTech",6945330,6849908,13795238
2022-03-09,"Johnson&Johnson, Moderna, Novavax, Pfizer/BioNTech",6945707,6850484,13796191
2022-03-10,"Johnson&Johnson, Moderna, Novavax, Pfizer/BioNTech",6946106,6851147,13797253
2022-03-11,"Johnson&Johnson, Moderna, Novavax, Pfizer/BioNTech",6946807,6852014,13798821
2022-03-12,"Johnson&Johnson, Moderna, Novavax, Pfizer/BioNTech",6946868,6852117,13798985
2022-03-13,"Johnson&Johnson, Moderna, Novavax, Pfizer/BioNTech",6946881,6852129,13799010
