date,vaccine,people_vaccinated,people_fully_vaccinated,total_vaccinations
2020-12-27,Pfizer/BioNTech,1287,0,1287
2020-12-28,Pfizer/BioNTech,3591,0,3591
2020-12-29,Pfizer/BioNTech,7062,1,7063
2020-12-30,Pfizer/BioNTech,10582,1,10583
2020-12-31,Pfizer/BioNTech,11893,1,11894
2021-01-01,"Moderna, Pfizer/BioNTech",12163,1,12164
2021-01-02,"Moderna, Pfizer/BioNTech",13447,1,13448
2021-01-03,"Moderna, Pfizer/BioNTech",14373,1,14374
2021-01-04,"Moderna, Pfizer/BioNTech",17987,1,17988
2021-01-05,"Moderna, Pfizer/BioNTech",22514,2,22516
2021-01-06,"Moderna, Pfizer/BioNTech",28362,3,28365
2021-01-07,"Moderna, Pfizer/BioNTech",36363,3,36366
2021-01-08,"Moderna, Pfizer/BioNTech",46418,4,46422
2021-01-09,"Moderna, Pfizer/BioNTech",48446,6,48452
2021-01-10,Pfizer/BioNTech,50217,8,50225
2021-01-11,"Moderna, Pfizer/BioNTech",60077,10,60087
2021-01-12,"Moderna, Pfizer/BioNTech",73535,12,73547
2021-01-13,"Moderna, Pfizer/BioNTech",87085,12,87097
2021-01-14,"Moderna, Pfizer/BioNTech",102343,16,102359
2021-01-15,"Moderna, Pfizer/BioNTech",116365,17,116382
2021-01-16,"Moderna, Pfizer/BioNTech",119769,21,119790
2021-01-17,"Moderna, Pfizer/BioNTech",122390,657,123047
2021-01-18,"Moderna, Pfizer/BioNTech",134885,2484,137369
2021-01-19,"Moderna, Pfizer/BioNTech",147499,5213,152712
2021-01-20,"Moderna, Pfizer/BioNTech",161198,7877,169075
2021-01-21,"Moderna, Pfizer/BioNTech",176855,9619,186474
2021-01-22,"Moderna, Pfizer/BioNTech",191749,10665,202414
2021-01-23,"Moderna, Pfizer/BioNTech",195069,11544,206613
2021-01-24,"Moderna, Pfizer/BioNTech",197325,12414,209739
2021-01-25,"Moderna, Pfizer/BioNTech",206980,15388,222368
2021-01-26,"Moderna, Pfizer/BioNTech",217529,19380,236909
2021-01-27,"Moderna, Pfizer/BioNTech",226562,23916,250478
2021-01-28,"Moderna, Pfizer/BioNTech",233666,30051,263717
2021-01-29,"Moderna, Pfizer/BioNTech",239885,37961,277846
2021-01-30,"Moderna, Pfizer/BioNTech",240626,39049,279675
2021-01-31,"Moderna, Pfizer/BioNTech",241344,40231,281575
2021-02-01,"Moderna, Pfizer/BioNTech",245326,48201,293527
2021-02-02,"Moderna, Pfizer/BioNTech",249480,58441,307921
2021-02-03,"Moderna, Pfizer/BioNTech",253907,69465,323372
2021-02-04,"Moderna, Pfizer/BioNTech",258815,82461,341276
2021-02-05,"Moderna, Pfizer/BioNTech",264289,93138,357427
2021-02-06,"Moderna, Oxford/AstraZeneca, Pfizer/BioNTech",265146,95503,360649
2021-02-07,"Moderna, Oxford/AstraZeneca, Pfizer/BioNTech",265998,98003,364001
2021-02-08,"Moderna, Oxford/AstraZeneca, Pfizer/BioNTech",270093,109437,379530
2021-02-09,"Moderna, Oxford/AstraZeneca, Pfizer/BioNTech",275201,121354,396555
2021-02-10,"Moderna, Oxford/AstraZeneca, Pfizer/BioNTech",280718,134617,415335
2021-02-11,"Moderna, Oxford/AstraZeneca, Pfizer/BioNTech",287059,150840,437899
2021-02-12,"Moderna, Oxford/AstraZeneca, Pfizer/BioNTech",293889,165589,459478
2021-02-13,"Moderna, Oxford/AstraZeneca, Pfizer/BioNTech",295505,168578,464083
2021-02-14,"Moderna, Oxford/AstraZeneca, Pfizer/BioNTech",296511,169964,466475
2021-02-15,"Moderna, Oxford/AstraZeneca, Pfizer/BioNTech",302910,179335,482245
2021-02-16,"Moderna, Oxford/AstraZeneca, Pfizer/BioNTech",311633,188419,500052
2021-02-17,"Moderna, Oxford/AstraZeneca, Pfizer/BioNTech",321336,196730,518066
2021-02-18,"Moderna, Oxford/AstraZeneca, Pfizer/BioNTech",333666,204814,538480
2021-02-19,"Moderna, Oxford/AstraZeneca, Pfizer/BioNTech",345532,212192,557724
2021-02-20,"Moderna, Oxford/AstraZeneca, Pfizer/BioNTech",347542,213378,560920
2021-02-21,"Moderna, Oxford/AstraZeneca, Pfizer/BioNTech",348679,214404,563083
2021-02-22,"Moderna, Oxford/AstraZeneca, Pfizer/BioNTech",358806,220442,579248
2021-02-23,"Moderna, Oxford/AstraZeneca, Pfizer/BioNTech",371771,227434,599205
2021-02-24,"Moderna, Oxford/AstraZeneca, Pfizer/BioNTech",385656,233477,619133
2021-02-25,"Moderna, Oxford/AstraZeneca, Pfizer/BioNTech",403640,239029,642669
2021-02-26,"Moderna, Oxford/AstraZeneca, Pfizer/BioNTech",419820,244391,664211
2021-02-27,"Moderna, Oxford/AstraZeneca, Pfizer/BioNTech",422831,244951,667782
2021-02-28,"Moderna, Oxford/AstraZeneca, Pfizer/BioNTech",425189,245503,670692
2021-03-01,"Moderna, Oxford/AstraZeneca, Pfizer/BioNTech",444791,248954,693745
2021-03-02,"Moderna, Oxford/AstraZeneca, Pfizer/BioNTech",472020,252504,724524
2021-03-03,"Moderna, Oxford/AstraZeneca, Pfizer/BioNTech",502981,257015,759996
2021-03-04,"Moderna, Oxford/AstraZeneca, Pfizer/BioNTech",536273,261705,797978
2021-03-05,"Johnson&Johnson, Moderna, Oxford/AstraZeneca, Pfizer/BioNTech",565122,267133,832255
2021-03-06,"Johnson&Johnson, Moderna, Oxford/AstraZeneca, Pfizer/BioNTech",577280,267998,845278
2021-03-07,"Johnson&Johnson, Moderna, Oxford/AstraZeneca, Pfizer/BioNTech",588829,268841,857670
2021-03-08,"Johnson&Johnson, Moderna, Oxford/AstraZeneca, Pfizer/BioNTech",618578,273704,892282
2021-03-09,"Johnson&Johnson, Moderna, Oxford/AstraZeneca, Pfizer/BioNTech",654949,280091,935040
2021-03-10,"Johnson&Johnson, Moderna, Oxford/AstraZeneca, Pfizer/BioNTech",696287,287052,983339
2021-03-11,"Johnson&Johnson, Moderna, Oxford/AstraZeneca, Pfizer/BioNTech",741144,295427,1036571
2021-03-12,"Johnson&Johnson, Moderna, Oxford/AstraZeneca, Pfizer/BioNTech",779911,303925,1083836
2021-03-13,"Johnson&Johnson, Moderna, Oxford/AstraZeneca, Pfizer/BioNTech",797021,305240,1102261
2021-03-14,"Johnson&Johnson, Moderna, Oxford/AstraZeneca, Pfizer/BioNTech",809140,306396,1115536
2021-03-15,"Johnson&Johnson, Moderna, Oxford/AstraZeneca, Pfizer/BioNTech",837538,315179,1152717
2021-03-16,"Johnson&Johnson, Moderna, Oxford/AstraZeneca, Pfizer/BioNTech",876435,325717,1202152
2021-03-17,"Moderna, Oxford/AstraZeneca, Pfizer/BioNTech",913926,336232,1250158
2021-03-18,"Johnson&Johnson, Moderna, Oxford/AstraZeneca, Pfizer/BioNTech",951929,348657,1300586
2021-03-19,"Moderna, Oxford/AstraZeneca, Pfizer/BioNTech",986447,362271,1348718
2021-03-20,"Johnson&Johnson, Moderna, Oxford/AstraZeneca, Pfizer/BioNTech",1001630,364303,1365933
2021-03-21,"Johnson&Johnson, Moderna, Oxford/AstraZeneca, Pfizer/BioNTech",1009073,365863,1374936
2021-03-22,"Johnson&Johnson, Moderna, Oxford/AstraZeneca, Pfizer/BioNTech",1033651,378367,1412018
2021-03-23,"Johnson&Johnson, Moderna, Oxford/AstraZeneca, Pfizer/BioNTech",1060327,391733,1452060
2021-03-24,"Johnson&Johnson, Moderna, Oxford/AstraZeneca, Pfizer/BioNTech",1087216,407482,1494698
2021-03-25,"Johnson&Johnson, Moderna, Oxford/AstraZeneca, Pfizer/BioNTech",1113573,425338,1538911
2021-03-26,"Johnson&Johnson, Moderna, Oxford/AstraZeneca, Pfizer/BioNTech",1138415,442850,1581265
2021-03-27,"Johnson&Johnson, Moderna, Oxford/AstraZeneca, Pfizer/BioNTech",1146875,447696,1594571
2021-03-28,"Moderna, Oxford/AstraZeneca, Pfizer/BioNTech",1152423,451844,1604267
2021-03-29,"Johnson&Johnson, Moderna, Oxford/AstraZeneca, Pfizer/BioNTech",1171581,472581,1644162
2021-03-30,"Johnson&Johnson, Moderna, Oxford/AstraZeneca, Pfizer/BioNTech",1196289,494768,1691057
2021-03-31,"Johnson&Johnson, Moderna, Oxford/AstraZeneca, Pfizer/BioNTech",1219446,521838,1741284
2021-04-01,"Johnson&Johnson, Moderna, Oxford/AstraZeneca, Pfizer/BioNTech",1245133,553899,1799032
2021-04-02,"Johnson&Johnson, Moderna, Oxford/AstraZeneca, Pfizer/BioNTech",1252111,566700,1818811
2021-04-03,"Johnson&Johnson, Moderna, Oxford/AstraZeneca, Pfizer/BioNTech",1255761,577631,1833392
2021-04-04,"Johnson&Johnson, Moderna, Oxford/AstraZeneca, Pfizer/BioNTech",1258302,586556,1844858
2021-04-05,"Johnson&Johnson, Moderna, Oxford/AstraZeneca, Pfizer/BioNTech",1260731,593760,1854491
2021-04-06,"Johnson&Johnson, Moderna, Oxford/AstraZeneca, Pfizer/BioNTech",1276947,623037,1899984
2021-04-07,"Johnson&Johnson, Moderna, Oxford/AstraZeneca, Pfizer/BioNTech",1300453,645282,1945735
2021-04-08,"Johnson&Johnson, Moderna, Oxford/AstraZeneca, Pfizer/BioNTech",1339263,676329,2015592
2021-04-09,"Johnson&Johnson, Moderna, Oxford/AstraZeneca, Pfizer/BioNTech",1378860,706527,2085387
2021-04-10,"Johnson&Johnson, Moderna, Oxford/AstraZeneca, Pfizer/BioNTech",1394426,721840,2116266
2021-04-11,"Johnson&Johnson, Moderna, Oxford/AstraZeneca, Pfizer/BioNTech",1404221,731896,2136117
2021-04-12,"Johnson&Johnson, Moderna, Oxford/AstraZeneca, Pfizer/BioNTech",1442544,757043,2199587
2021-04-13,"Moderna, Oxford/AstraZeneca, Pfizer/BioNTech",1478850,783085,2261935
2021-04-14,"Moderna, Oxford/AstraZeneca, Pfizer/BioNTech",1517735,810459,2328194
2021-04-15,"Moderna, Oxford/AstraZeneca, Pfizer/BioNTech",1565567,836239,2401806
2021-04-16,"Moderna, Oxford/AstraZeneca, Pfizer/BioNTech",1610279,861926,2472205
2021-04-17,"Moderna, Oxford/AstraZeneca, Pfizer/BioNTech",1627004,870953,2497957
2021-04-18,"Moderna, Oxford/AstraZeneca, Pfizer/BioNTech",1640003,875939,2515942
2021-04-19,"Johnson&Johnson, Moderna, Oxford/AstraZeneca, Pfizer/BioNTech",1683977,891382,2575359
2021-04-20,"Johnson&Johnson, Moderna, Oxford/AstraZeneca, Pfizer/BioNTech",1726566,907271,2633837
2021-04-21,"Moderna, Oxford/AstraZeneca, Pfizer/BioNTech",1774339,921639,2695978
2021-04-22,"Johnson&Johnson, Moderna, Oxford/AstraZeneca, Pfizer/BioNTech",1828867,939038,2767905
2021-04-23,"Johnson&Johnson, Moderna, Oxford/AstraZeneca, Pfizer/BioNTech",1878885,951104,2829989
2021-04-24,"Johnson&Johnson, Moderna, Oxford/AstraZeneca, Pfizer/BioNTech",1896761,956370,2853131
2021-04-25,"Johnson&Johnson, Moderna, Oxford/AstraZeneca, Pfizer/BioNTech",1911472,960373,2871845
2021-04-26,"Johnson&Johnson, Moderna, Oxford/AstraZeneca, Pfizer/BioNTech",1961083,967942,2929025
2021-04-27,"Johnson&Johnson, Moderna, Oxford/AstraZeneca, Pfizer/BioNTech",2010076,980192,2990268
2021-04-28,"Johnson&Johnson, Moderna, Oxford/AstraZeneca, Pfizer/BioNTech",2068856,994221,3063077
2021-04-29,"Johnson&Johnson, Moderna, Oxford/AstraZeneca, Pfizer/BioNTech",2134477,1010140,3144617
2021-04-30,"Johnson&Johnson, Moderna, Oxford/AstraZeneca, Pfizer/BioNTech",2196774,1020136,3216910
2021-05-01,"Johnson&Johnson, Moderna, Oxford/AstraZeneca, Pfizer/BioNTech",2216160,1023599,3239759
2021-05-02,"Johnson&Johnson, Moderna, Oxford/AstraZeneca, Pfizer/BioNTech",2235111,1025889,3261000
2021-05-03,"Johnson&Johnson, Moderna, Oxford/AstraZeneca, Pfizer/BioNTech",2302392,1030971,3333363
2021-05-04,"Johnson&Johnson, Moderna, Oxford/AstraZeneca, Pfizer/BioNTech",2368949,1039347,3408296
2021-05-05,"Johnson&Johnson, Moderna, Oxford/AstraZeneca, Pfizer/BioNTech",2442162,1048795,3490957
2021-05-06,"Johnson&Johnson, Moderna, Oxford/AstraZeneca, Pfizer/BioNTech",2522612,1059551,3582163
2021-05-07,"Johnson&Johnson, Moderna, Oxford/AstraZeneca, Pfizer/BioNTech",2599946,1069695,3669641
2021-05-08,"Johnson&Johnson, Moderna, Oxford/AstraZeneca, Pfizer/BioNTech",2629480,1071486,3700966
2021-05-09,"Johnson&Johnson, Moderna, Oxford/AstraZeneca, Pfizer/BioNTech",2653715,1072706,3726421
2021-05-10,"Johnson&Johnson, Moderna, Oxford/AstraZeneca, Pfizer/BioNTech",2726521,1079956,3806477
2021-05-11,"Johnson&Johnson, Moderna, Oxford/AstraZeneca, Pfizer/BioNTech",2802676,1088791,3891467
2021-05-12,"Johnson&Johnson, Moderna, Oxford/AstraZeneca, Pfizer/BioNTech",2882627,1097939,3980566
2021-05-13,"Johnson&Johnson, Moderna, Oxford/AstraZeneca, Pfizer/BioNTech",2966682,1107131,4073813
2021-05-14,"Johnson&Johnson, Moderna, Oxford/AstraZeneca, Pfizer/BioNTech",3046232,1114963,4161195
2021-05-15,"Johnson&Johnson, Moderna, Oxford/AstraZeneca, Pfizer/BioNTech",3078201,1117248,4195449
2021-05-16,"Johnson&Johnson, Moderna, Oxford/AstraZeneca, Pfizer/BioNTech",3104013,1118533,4222546
2021-05-17,"Johnson&Johnson, Moderna, Oxford/AstraZeneca, Pfizer/BioNTech",3176557,1125290,4301847
2021-05-18,"Johnson&Johnson, Moderna, Oxford/AstraZeneca, Pfizer/BioNTech",3248545,1138412,4386957
2021-05-19,"Johnson&Johnson, Moderna, Oxford/AstraZeneca, Pfizer/BioNTech",3326046,1153587,4479633
2021-05-20,"Johnson&Johnson, Moderna, Oxford/AstraZeneca, Pfizer/BioNTech",3401538,1180656,4582194
2021-05-21,"Johnson&Johnson, Moderna, Oxford/AstraZeneca, Pfizer/BioNTech",3470392,1208469,4678861
2021-05-22,"Johnson&Johnson, Moderna, Oxford/AstraZeneca, Pfizer/BioNTech",3502848,1219711,4722559
2021-05-23,"Johnson&Johnson, Moderna, Oxford/AstraZeneca, Pfizer/BioNTech",3525298,1228754,4754052
2021-05-24,"Johnson&Johnson, Moderna, Oxford/AstraZeneca, Pfizer/BioNTech",3572512,1262434,4834946
2021-05-25,"Johnson&Johnson, Moderna, Oxford/AstraZeneca, Pfizer/BioNTech",3624427,1298281,4922708
2021-05-26,"Johnson&Johnson, Moderna, Oxford/AstraZeneca, Pfizer/BioNTech",3692193,1335845,5028038
2021-05-27,"Johnson&Johnson, Moderna, Oxford/AstraZeneca, Pfizer/BioNTech",3753629,1383213,5136842
2021-05-28,"Johnson&Johnson, Moderna, Oxford/AstraZeneca, Pfizer/BioNTech",3815383,1429830,5245213
2021-05-29,"Johnson&Johnson, Moderna, Oxford/AstraZeneca, Pfizer/BioNTech",3844649,1446976,5291625
2021-05-30,"Johnson&Johnson, Moderna, Oxford/AstraZeneca, Pfizer/BioNTech",3867056,1461445,5328501
2021-05-31,"Johnson&Johnson, Moderna, Oxford/AstraZeneca, Pfizer/BioNTech",3922808,1508982,5431790
2021-06-01,"Johnson&Johnson, Moderna, Oxford/AstraZeneca, Pfizer/BioNTech",3981914,1557872,5539786
2021-06-02,"Johnson&Johnson, Moderna, Oxford/AstraZeneca, Pfizer/BioNTech",4044888,1611910,5656798
2021-06-03,"Johnson&Johnson, Moderna, Oxford/AstraZeneca, Pfizer/BioNTech",4103141,1672158,5775299
2021-06-04,"Johnson&Johnson, Moderna, Oxford/AstraZeneca, Pfizer/BioNTech",4166274,1729599,5895873
2021-06-05,"Johnson&Johnson, Moderna, Oxford/AstraZeneca, Pfizer/BioNTech",4200461,1748526,5948987
2021-06-06,"Johnson&Johnson, Moderna, Oxford/AstraZeneca, Pfizer/BioNTech",4227421,1763703,5991124
2021-06-07,"Johnson&Johnson, Moderna, Oxford/AstraZeneca, Pfizer/BioNTech",4291121,1819358,6110479
2021-06-08,"Johnson&Johnson, Moderna, Oxford/AstraZeneca, Pfizer/BioNTech",4355141,1874396,6229537
2021-06-09,"Johnson&Johnson, Moderna, Oxford/AstraZeneca, Pfizer/BioNTech",4414363,1939097,6353460
2021-06-10,"Johnson&Johnson, Moderna, Oxford/AstraZeneca, Pfizer/BioNTech",4468228,2010430,6478658
2021-06-11,"Johnson&Johnson, Moderna, Oxford/AstraZeneca, Pfizer/BioNTech",4520361,2080290,6600651
2021-06-12,"Johnson&Johnson, Moderna, Oxford/AstraZeneca, Pfizer/BioNTech",4552380,2101149,6653529
2021-06-13,"Johnson&Johnson, Moderna, Oxford/AstraZeneca, Pfizer/BioNTech",4576425,2119594,6696019
2021-06-14,"Johnson&Johnson, Moderna, Oxford/AstraZeneca, Pfizer/BioNTech",4619513,2194011,6813524
2021-06-15,"Johnson&Johnson, Moderna, Oxford/AstraZeneca, Pfizer/BioNTech",4664192,2266424,6930616
2021-06-16,"Johnson&Johnson, Moderna, Oxford/AstraZeneca, Pfizer/BioNTech",4707013,2344686,7051699
2021-06-17,"Johnson&Johnson, Moderna, Oxford/AstraZeneca, Pfizer/BioNTech",4746452,2427810,7174262
2021-06-18,"Johnson&Johnson, Moderna, Oxford/AstraZeneca, Pfizer/BioNTech",4788901,2508419,7297320
2021-06-19,"Johnson&Johnson, Moderna, Oxford/AstraZeneca, Pfizer/BioNTech",4810692,2537765,7348457
2021-06-20,"Johnson&Johnson, Moderna, Oxford/AstraZeneca, Pfizer/BioNTech",4828103,2561640,7389743
2021-06-21,"Johnson&Johnson, Moderna, Oxford/AstraZeneca, Pfizer/BioNTech",4860618,2640280,7500898
2021-06-22,"Johnson&Johnson, Moderna, Oxford/AstraZeneca, Pfizer/BioNTech",4893597,2722631,7616228
2021-06-23,"Johnson&Johnson, Moderna, Oxford/AstraZeneca, Pfizer/BioNTech",4925315,2807898,7733213
2021-06-24,"Johnson&Johnson, Moderna, Oxford/AstraZeneca, Pfizer/BioNTech",4955184,2897976,7853160
2021-06-25,"Johnson&Johnson, Moderna, Oxford/AstraZeneca, Pfizer/BioNTech",4986274,2984226,7970500
2021-06-26,"Johnson&Johnson, Moderna, Oxford/AstraZeneca, Pfizer/BioNTech",5002177,3019115,8021292
2021-06-27,"Johnson&Johnson, Moderna, Oxford/AstraZeneca, Pfizer/BioNTech",5016138,3045835,8061973
2021-06-28,"Johnson&Johnson, Moderna, Oxford/AstraZeneca, Pfizer/BioNTech",5044559,3131072,8175631
2021-06-29,"Johnson&Johnson, Moderna, Oxford/AstraZeneca, Pfizer/BioNTech",5073847,3217635,8291482
2021-06-30,"Johnson&Johnson, Moderna, Oxford/AstraZeneca, Pfizer/BioNTech",5101356,3308688,8410044
2021-07-01,"Johnson&Johnson, Moderna, Oxford/AstraZeneca, Pfizer/BioNTech",5125349,3398797,8524146
2021-07-02,"Johnson&Johnson, Moderna, Oxford/AstraZeneca, Pfizer/BioNTech",5152099,3484733,8636832
2021-07-03,"Johnson&Johnson, Moderna, Oxford/AstraZeneca, Pfizer/BioNTech",5159202,3516310,8675512
2021-07-04,"Johnson&Johnson, Moderna, Oxford/AstraZeneca, Pfizer/BioNTech",5166788,3538138,8704926
2021-07-05,"Johnson&Johnson, Moderna, Oxford/AstraZeneca, Pfizer/BioNTech",5174207,3563554,8737761
2021-07-06,"Johnson&Johnson, Moderna, Oxford/AstraZeneca, Pfizer/BioNTech",5179677,3591287,8770964
2021-07-07,"Johnson&Johnson, Moderna, Oxford/AstraZeneca, Pfizer/BioNTech",5205512,3670287,8875799
2021-07-08,"Johnson&Johnson, Moderna, Oxford/AstraZeneca, Pfizer/BioNTech",5232129,3740637,8972766
2021-07-09,"Johnson&Johnson, Moderna, Oxford/AstraZeneca, Pfizer/BioNTech",5260080,3809977,9070057
2021-07-10,"Johnson&Johnson, Moderna, Oxford/AstraZeneca, Pfizer/BioNTech",5269463,3838653,9108116
2021-07-11,"Johnson&Johnson, Moderna, Oxford/AstraZeneca, Pfizer/BioNTech",5278016,3861545,9139561
2021-07-12,"Johnson&Johnson, Moderna, Oxford/AstraZeneca, Pfizer/BioNTech",5305556,3930643,9236199
2021-07-13,"Johnson&Johnson, Moderna, Oxford/AstraZeneca, Pfizer/BioNTech",5331761,4000545,9332306
2021-07-14,"Johnson&Johnson, Moderna, Oxford/AstraZeneca, Pfizer/BioNTech",5357601,4072564,9430165
2021-07-15,"Johnson&Johnson, Moderna, Oxford/AstraZeneca, Pfizer/BioNTech",5386793,4138607,9525400
2021-07-16,"Johnson&Johnson, Moderna, Oxford/AstraZeneca, Pfizer/BioNTech",5414727,4211366,9626093
2021-07-17,"Johnson&Johnson, Moderna, Oxford/AstraZeneca, Pfizer/BioNTech",5423529,4242847,9666376
2021-07-18,"Johnson&Johnson, Moderna, Oxford/AstraZeneca, Pfizer/BioNTech",5431975,4268861,9700836
2021-07-19,"Johnson&Johnson, Moderna, Oxford/AstraZeneca, Pfizer/BioNTech",5455348,4335906,9791254
2021-07-20,"Johnson&Johnson, Moderna, Oxford/AstraZeneca, Pfizer/BioNTech",5476759,4402988,9879747
2021-07-21,"Johnson&Johnson, Moderna, Oxford/AstraZeneca, Pfizer/BioNTech",5500220,4466467,9966687
2021-07-22,"Johnson&Johnson, Moderna, Oxford/AstraZeneca, Pfizer/BioNTech",5522590,4525116,10047706
2021-07-23,"Johnson&Johnson, Moderna, Oxford/AstraZeneca, Pfizer/BioNTech",5545822,4579890,10125712
2021-07-24,"Johnson&Johnson, Moderna, Oxford/AstraZeneca, Pfizer/BioNTech",5553169,4607572,10160741
2021-07-25,"Johnson&Johnson, Moderna, Oxford/AstraZeneca, Pfizer/BioNTech",5559805,4629714,10189519
2021-07-26,"Johnson&Johnson, Moderna, Oxford/AstraZeneca, Pfizer/BioNTech",5583361,4678416,10261777
2021-07-27,"Johnson&Johnson, Moderna, Oxford/AstraZeneca, Pfizer/BioNTech",5606111,4725084,10331195
2021-07-28,"Johnson&Johnson, Moderna, Oxford/AstraZeneca, Pfizer/BioNTech",5627390,4771119,10398509
2021-07-29,"Johnson&Johnson, Moderna, Oxford/AstraZeneca, Pfizer/BioNTech",5648729,4813115,10461844
2021-07-30,"Johnson&Johnson, Moderna, Oxford/AstraZeneca, Pfizer/BioNTech",5672015,4855707,10527722
2021-07-31,"Johnson&Johnson, Moderna, Oxford/AstraZeneca, Pfizer/BioNTech",5680964,4875252,10556216
2021-08-01,"Johnson&Johnson, Moderna, Oxford/AstraZeneca, Pfizer/BioNTech",5687696,4891436,10579132
2021-08-02,"Johnson&Johnson, Moderna, Oxford/AstraZeneca, Pfizer/BioNTech",5706344,4929011,10635355
2021-08-03,"Johnson&Johnson, Moderna, Oxford/AstraZeneca, Pfizer/BioNTech",5723995,4967134,10691129
2021-08-04,"Johnson&Johnson, Moderna, Oxford/AstraZeneca, Pfizer/BioNTech",5740119,5003916,10744035
2021-08-05,"Johnson&Johnson, Moderna, Oxford/AstraZeneca, Pfizer/BioNTech",5756163,5044423,10800586
2021-08-06,"Johnson&Johnson, Moderna, Oxford/AstraZeneca, Pfizer/BioNTech",5772962,5087736,10860698
2021-08-07,"Johnson&Johnson, Moderna, Oxford/AstraZeneca, Pfizer/BioNTech",5778569,5105919,10884488
2021-08-08,"Johnson&Johnson, Moderna, Oxford/AstraZeneca, Pfizer/BioNTech",5782937,5121685,10904622
2021-08-09,"Johnson&Johnson, Moderna, Oxford/AstraZeneca, Pfizer/BioNTech",5795580,5166763,10962343
2021-08-10,"Johnson&Johnson, Moderna, Oxford/AstraZeneca, Pfizer/BioNTech",5807428,5206354,11013782
2021-08-11,"Johnson&Johnson, Moderna, Oxford/AstraZeneca, Pfizer/BioNTech",5818797,5249502,11068299
2021-08-12,"Johnson&Johnson, Moderna, Oxford/AstraZeneca, Pfizer/BioNTech",5830224,5286655,11116879
2021-08-13,"Johnson&Johnson, Moderna, Oxford/AstraZeneca, Pfizer/BioNTech",5840953,5327016,11167969
2021-08-14,"Johnson&Johnson, Moderna, Oxford/AstraZeneca, Pfizer/BioNTech",5844291,5337732,11182023
2021-08-15,"Johnson&Johnson, Moderna, Oxford/AstraZeneca, Pfizer/BioNTech",5846877,5348121,11194998
2021-08-16,"Johnson&Johnson, Moderna, Oxford/AstraZeneca, Pfizer/BioNTech",5856670,5382210,11238880
2021-08-17,"Johnson&Johnson, Moderna, Oxford/AstraZeneca, Pfizer/BioNTech",5866269,5409314,11275583
2021-08-18,"Johnson&Johnson, Moderna, Oxford/AstraZeneca, Pfizer/BioNTech",5875647,5448220,11323867
2021-08-19,"Johnson&Johnson, Moderna, Oxford/AstraZeneca, Pfizer/BioNTech",5885328,5486584,11371912
2021-08-20,"Johnson&Johnson, Moderna, Oxford/AstraZeneca, Pfizer/BioNTech",5896725,5526779,11423504
2021-08-21,"Johnson&Johnson, Moderna, Oxford/AstraZeneca, Pfizer/BioNTech",5899447,5539551,11438998
2021-08-22,"Johnson&Johnson, Moderna, Oxford/AstraZeneca, Pfizer/BioNTech",5901792,5551522,11453314
2021-08-23,"Johnson&Johnson, Moderna, Oxford/AstraZeneca, Pfizer/BioNTech",5912324,5590807,11503131
2021-08-24,"Johnson&Johnson, Moderna, Oxford/AstraZeneca, Pfizer/BioNTech",5922205,5624069,11546274
2021-08-25,"Johnson&Johnson, Moderna, Oxford/AstraZeneca, Pfizer/BioNTech",5931070,5652447,11583517
2021-08-26,"Johnson&Johnson, Moderna, Oxford/AstraZeneca, Pfizer/BioNTech",5939522,5678577,11618099
2021-08-27,"Johnson&Johnson, Moderna, Oxford/AstraZeneca, Pfizer/BioNTech",5949852,5704561,11654413
2021-08-28,"Johnson&Johnson, Moderna, Oxford/AstraZeneca, Pfizer/BioNTech",5952586,5711621,11664207
2021-08-29,"Johnson&Johnson, Moderna, Oxford/AstraZeneca, Pfizer/BioNTech",5954998,5718242,11673240
2021-08-30,"Johnson&Johnson, Moderna, Oxford/AstraZeneca, Pfizer/BioNTech",5963528,5740122,11703650
2021-08-31,"Johnson&Johnson, Moderna, Oxford/AstraZeneca, Pfizer/BioNTech",5971210,5758230,11729440
2021-09-01,"Johnson&Johnson, Moderna, Oxford/AstraZeneca, Pfizer/BioNTech",5977121,5772254,11749375
2021-09-02,"Johnson&Johnson, Moderna, Oxford/AstraZeneca, Pfizer/BioNTech",5983966,5786648,11770614
2021-09-03,"Johnson&Johnson, Moderna, Oxford/AstraZeneca, Pfizer/BioNTech",5993528,5802381,11795909
2021-09-04,"Johnson&Johnson, Moderna, Oxford/AstraZeneca, Pfizer/BioNTech",5995597,5805938,11801535
2021-09-05,"Johnson&Johnson, Moderna, Oxford/AstraZeneca, Pfizer/BioNTech",5997637,5808785,11806422
2021-09-06,"Johnson&Johnson, Moderna, Oxford/AstraZeneca, Pfizer/BioNTech",6003876,5821328,11825204
2021-09-07,"Johnson&Johnson, Moderna, Oxford/AstraZeneca, Pfizer/BioNTech",6008271,5832415,11840686
2021-09-08,"Johnson&Johnson, Moderna, Oxford/AstraZeneca, Pfizer/BioNTech",6013947,5842278,11856225
2021-09-09,"Johnson&Johnson, Moderna, Oxford/AstraZeneca, Pfizer/BioNTech",6020647,5852346,11872993
2021-09-10,"Johnson&Johnson, Moderna, Oxford/AstraZeneca, Pfizer/BioNTech",6028341,5864528,11892869
2021-09-11,"Johnson&Johnson, Moderna, Oxford/AstraZeneca, Pfizer/BioNTech",6030211,5867013,11897224
2021-09-12,"Johnson&Johnson, Moderna, Oxford/AstraZeneca, Pfizer/BioNTech",6031329,5868645,11899974
2021-09-13,"Johnson&Johnson, Moderna, Oxford/AstraZeneca, Pfizer/BioNTech",6036769,5878949,11915718
2021-09-14,"Johnson&Johnson, Moderna, Oxford/AstraZeneca, Pfizer/BioNTech",6042165,5887965,11930130
2021-09-15,"Johnson&Johnson, Moderna, Oxford/AstraZeneca, Pfizer/BioNTech",6047366,5896492,11943858
2021-09-16,"Johnson&Johnson, Moderna, Oxford/AstraZeneca, Pfizer/BioNTech",6052718,5904772,11957490
2021-09-17,"Johnson&Johnson, Moderna, Oxford/AstraZeneca, Pfizer/BioNTech",6059289,5915009,11974298
2021-09-18,"Johnson&Johnson, Moderna, Oxford/AstraZeneca, Pfizer/BioNTech",6061017,5917371,11978388
2021-09-19,"Johnson&Johnson, Moderna, Oxford/AstraZeneca, Pfizer/BioNTech",6061963,5918940,11980903
2021-09-20,"Johnson&Johnson, Moderna, Oxford/AstraZeneca, Pfizer/BioNTech",6065979,5927140,11993119
2021-09-21,"Johnson&Johnson, Moderna, Oxford/AstraZeneca, Pfizer/BioNTech",6070217,5934676,12004893
2021-09-22,"Johnson&Johnson, Moderna, Oxford/AstraZeneca, Pfizer/BioNTech",6074410,5940202,12014612
2021-09-23,"Johnson&Johnson, Moderna, Oxford/AstraZeneca, Pfizer/BioNTech",6079387,5946611,12025998
2021-09-24,"Johnson&Johnson, Moderna, Oxford/AstraZeneca, Pfizer/BioNTech",6085149,5956232,12041381
2021-09-25,"Johnson&Johnson, Moderna, Oxford/AstraZeneca, Pfizer/BioNTech",6086644,5958231,12044875
2021-09-26,"Johnson&Johnson, Moderna, Oxford/AstraZeneca, Pfizer/BioNTech",6087389,5959870,12047259
2021-09-27,"Johnson&Johnson, Moderna, Oxford/AstraZeneca, Pfizer/BioNTech",6091272,5966385,12057657
2021-09-28,"Johnson&Johnson, Moderna, Oxford/AstraZeneca, Pfizer/BioNTech",6091640,5967010,12058650
2021-09-29,"Johnson&Johnson, Moderna, Oxford/AstraZeneca, Pfizer/BioNTech",6095416,5974471,12069887
2021-09-30,"Johnson&Johnson, Moderna, Oxford/AstraZeneca, Pfizer/BioNTech",6099925,5982172,12082097
2021-10-01,"Johnson&Johnson, Moderna, Oxford/AstraZeneca, Pfizer/BioNTech",6104229,5990154,12094383
2021-10-02,"Johnson&Johnson, Moderna, Oxford/AstraZeneca, Pfizer/BioNTech",6105292,5991699,12096991
2021-10-03,"Johnson&Johnson, Moderna, Oxford/AstraZeneca, Pfizer/BioNTech",6106017,5992570,12098587
2021-10-04,"Johnson&Johnson, Moderna, Oxford/AstraZeneca, Pfizer/BioNTech",6109092,5998143,12107235
2021-10-05,"Johnson&Johnson, Moderna, Oxford/AstraZeneca, Pfizer/BioNTech",6112256,6003230,12115486
2021-10-06,"Johnson&Johnson, Moderna, Oxford/AstraZeneca, Pfizer/BioNTech",6115775,6008401,12124176
2021-10-07,"Johnson&Johnson, Moderna, Oxford/AstraZeneca, Pfizer/BioNTech",6119056,6013660,12132716
2021-10-08,"Johnson&Johnson, Moderna, Oxford/AstraZeneca, Pfizer/BioNTech",6123850,6020302,12144152
2021-10-09,"Johnson&Johnson, Moderna, Oxford/AstraZeneca, Pfizer/BioNTech",6125095,6021962,12147057
2021-10-10,"Johnson&Johnson, Moderna, Oxford/AstraZeneca, Pfizer/BioNTech",6126038,6022794,12148832
2021-10-11,"Johnson&Johnson, Moderna, Oxford/AstraZeneca, Pfizer/BioNTech",6128968,6027209,12156177
2021-10-12,"Johnson&Johnson, Moderna, Oxford/AstraZeneca, Pfizer/BioNTech",6131901,6031213,12163114
2021-10-13,"Johnson&Johnson, Moderna, Oxford/AstraZeneca, Pfizer/BioNTech",6135431,6035397,12170828
2021-10-14,"Johnson&Johnson, Moderna, Oxford/AstraZeneca, Pfizer/BioNTech",6139104,6040346,12179450
2021-10-15,"Johnson&Johnson, Moderna, Oxford/AstraZeneca, Pfizer/BioNTech",6144333,6046492,12190825
2021-10-16,"Johnson&Johnson, Moderna, Oxford/AstraZeneca, Pfizer/BioNTech",6145748,6048019,12193767
2021-10-17,"Johnson&Johnson, Moderna, Pfizer/BioNTech",6147075,6049074,12196149
2021-10-18,"Johnson&Johnson, Moderna, Oxford/AstraZeneca, Pfizer/BioNTech",6151189,6053172,12204361
2021-10-19,"Johnson&Johnson, Moderna, Oxford/AstraZeneca, Pfizer/BioNTech",6154769,6055271,12210040
2021-10-20,"Johnson&Johnson, Moderna, Oxford/AstraZeneca, Pfizer/BioNTech",6159651,6059720,12219371
2021-10-21,"Johnson&Johnson, Moderna, Oxford/AstraZeneca, Pfizer/BioNTech",6167415,6065323,12232738
2021-10-22,"Johnson&Johnson, Moderna, Oxford/AstraZeneca, Pfizer/BioNTech",6177870,6071827,12249697
2021-10-23,"Johnson&Johnson, Moderna, Oxford/AstraZeneca, Pfizer/BioNTech",6181545,6074033,12255578
2021-10-24,"Johnson&Johnson, Moderna, Oxford/AstraZeneca, Pfizer/BioNTech",6184230,6075814,12260044
2021-10-25,"Johnson&Johnson, Moderna, Oxford/AstraZeneca, Pfizer/BioNTech",6194728,6081621,12276349
2021-10-26,"Johnson&Johnson, Moderna, Oxford/AstraZeneca, Pfizer/BioNTech",6206718,6088170,12294888
2021-10-27,"Johnson&Johnson, Moderna, Oxford/AstraZeneca, Pfizer/BioNTech",6221328,6095575,12316903
2021-10-28,"Johnson&Johnson, Moderna, Oxford/AstraZeneca, Pfizer/BioNTech",6224752,6097259,12322011
2021-10-29,"Johnson&Johnson, Moderna, Oxford/AstraZeneca, Pfizer/BioNTech",6239190,6105244,12344434
2021-10-30,"Johnson&Johnson, Moderna, Oxford/AstraZeneca, Pfizer/BioNTech",6243719,6108168,12351887
2021-10-31,"Johnson&Johnson, Moderna, Oxford/AstraZeneca, Pfizer/BioNTech",6247482,6110641,12358123
2021-11-01,"Johnson&Johnson, Moderna, Oxford/AstraZeneca, Pfizer/BioNTech",6262678,6118326,12381004
2021-11-02,"Johnson&Johnson, Moderna, Oxford/AstraZeneca, Pfizer/BioNTech",6278129,6125882,12404011
2021-11-03,"Johnson&Johnson, Moderna, Oxford/AstraZeneca, Pfizer/BioNTech",6295312,6133179,12428491
2021-11-04,"Johnson&Johnson, Moderna, Oxford/AstraZeneca, Pfizer/BioNTech",6313663,6141350,12455013
2021-11-05,"Johnson&Johnson, Moderna, Oxford/AstraZeneca, Pfizer/BioNTech",6336462,6152631,12489093
2021-11-06,"Johnson&Johnson, Moderna, Oxford/AstraZeneca, Pfizer/BioNTech",6342976,6155686,12498662
2021-11-07,"Johnson&Johnson, Moderna, Oxford/AstraZeneca, Pfizer/BioNTech",6346997,6158122,12505119
2021-11-08,"Johnson&Johnson, Moderna, Oxford/AstraZeneca, Pfizer/BioNTech",6363268,6165755,12529023
2021-11-09,"Johnson&Johnson, Moderna, Oxford/AstraZeneca, Pfizer/BioNTech",6378076,6173053,12551129
2021-11-10,"Johnson&Johnson, Moderna, Oxford/AstraZeneca, Pfizer/BioNTech",6393815,6180436,12574251
2021-11-11,"Johnson&Johnson, Moderna, Oxford/AstraZeneca, Pfizer/BioNTech",6409284,6189540,12598824
2021-11-12,"Johnson&Johnson, Moderna, Oxford/AstraZeneca, Pfizer/BioNTech",6429090,6202342,12631432
2021-11-13,"Johnson&Johnson, Moderna, Oxford/AstraZeneca, Pfizer/BioNTech",6434483,6206215,12640698
2021-11-14,"Johnson&Johnson, Moderna, Oxford/AstraZeneca, Pfizer/BioNTech",6438375,6209218,12647593
2021-11-15,"Johnson&Johnson, Moderna, Oxford/AstraZeneca, Pfizer/BioNTech",6453451,6219908,12673359
2021-11-16,"Johnson&Johnson, Moderna, Oxford/AstraZeneca, Pfizer/BioNTech",6470993,6231889,12702882
2021-11-17,"Johnson&Johnson, Moderna, Oxford/AstraZeneca, Pfizer/BioNTech",6475235,6235452,12710687
2021-11-18,"Johnson&Johnson, Moderna, Oxford/AstraZeneca, Pfizer/BioNTech",6494656,6247143,12741799
2021-11-19,"Johnson&Johnson, Moderna, Oxford/AstraZeneca, Pfizer/BioNTech",6519264,6264113,12783377
2021-11-20,"Johnson&Johnson, Moderna, Oxford/AstraZeneca, Pfizer/BioNTech",6527841,6269094,12796935
2021-11-21,"Johnson&Johnson, Moderna, Pfizer/BioNTech",6534613,6272867,12807480
2021-11-22,"Johnson&Johnson, Moderna, Oxford/AstraZeneca, Pfizer/BioNTech",6553127,6286980,12840107
2021-11-23,"Johnson&Johnson, Moderna, Oxford/AstraZeneca, Pfizer/BioNTech",6572186,6300240,12872426
2021-11-24,"Johnson&Johnson, Moderna, Oxford/AstraZeneca, Pfizer/BioNTech",6591201,6316089,12907290
2021-11-25,"Johnson&Johnson, Moderna, Oxford/AstraZeneca, Pfizer/BioNTech",6610349,6331119,12941468
2021-11-26,"Johnson&Johnson, Moderna, Oxford/AstraZeneca, Pfizer/BioNTech",6632001,6350257,12982258
2021-11-27,"Johnson&Johnson, Moderna, Oxford/AstraZeneca, Pfizer/BioNTech",6639472,6355811,12995283
2021-11-28,"Johnson&Johnson, Moderna, Oxford/AstraZeneca, Pfizer/BioNTech",6642805,6358946,13001751
2021-11-29,"Johnson&Johnson, Moderna, Oxford/AstraZeneca, Pfizer/BioNTech",6658013,6372602,13030615
2021-11-30,"Johnson&Johnson, Moderna, Oxford/AstraZeneca, Pfizer/BioNTech",6671214,6383833,13055047
2021-12-01,"Johnson&Johnson, Moderna, Oxford/AstraZeneca, Pfizer/BioNTech",6685250,6396286,13081536
2021-12-02,"Johnson&Johnson, Moderna, Oxford/AstraZeneca, Pfizer/BioNTech",6695887,6408776,13104663
2021-12-03,"Johnson&Johnson, Moderna, Oxford/AstraZeneca, Pfizer/BioNTech",6705525,6424350,13129875
2021-12-04,"Johnson&Johnson, Moderna, Pfizer/BioNTech",6708084,6428300,13136384
2021-12-05,"Johnson&Johnson, Moderna, Oxford/AstraZeneca, Pfizer/BioNTech",6709444,6430639,13140083
2021-12-06,"Johnson&Johnson, Moderna, Oxford/AstraZeneca, Pfizer/BioNTech",6717590,6442164,13159754
2021-12-07,"Johnson&Johnson, Moderna, Oxford/AstraZeneca, Pfizer/BioNTech",6725477,6454172,13179649
2021-12-08,"Johnson&Johnson, Moderna, Oxford/AstraZeneca, Pfizer/BioNTech",6733719,6460100,13193819
2021-12-09,"Johnson&Johnson, Moderna, Oxford/AstraZeneca, Pfizer/BioNTech",6740840,6472918,13213758
2021-12-10,"Johnson&Johnson, Moderna, Oxford/AstraZeneca, Pfizer/BioNTech",6747773,6490724,13238497
2021-12-11,"Johnson&Johnson, Moderna, Pfizer/BioNTech",6749431,6495995,13245426
2021-12-12,"Johnson&Johnson, Moderna, Oxford/AstraZeneca, Pfizer/BioNTech",6750741,6500428,13251169
2021-12-13,"Johnson&Johnson, Moderna, Oxford/AstraZeneca, Pfizer/BioNTech",6757088,6513739,13270827
2021-12-14,"Johnson&Johnson, Moderna, Oxford/AstraZeneca, Pfizer/BioNTech",6763299,6527406,13290705
2021-12-15,"Johnson&Johnson, Moderna, Oxford/AstraZeneca, Pfizer/BioNTech",6769505,6541005,13310510
2021-12-16,"Johnson&Johnson, Moderna, Oxford/AstraZeneca, Pfizer/BioNTech",6776445,6555838,13332283
2021-12-17,"Johnson&Johnson, Moderna, Oxford/AstraZeneca, Pfizer/BioNTech",6784810,6573099,13357909
2021-12-18,"Johnson&Johnson, Moderna, Oxford/AstraZeneca, Pfizer/BioNTech",6787422,6578549,13365971
2021-12-19,"Johnson&Johnson, Moderna, Pfizer/BioNTech",6789193,6581053,13370246
2021-12-20,"Johnson&Johnson, Moderna, Oxford/AstraZeneca, Pfizer/BioNTech",6795038,6595117,13390155
2021-12-21,"Johnson&Johnson, Moderna, Oxford/AstraZeneca, Pfizer/BioNTech",6801700,6607108,13408808
2021-12-22,"Johnson&Johnson, Moderna, Oxford/AstraZeneca, Pfizer/BioNTech",6806747,6620162,13426909
2021-12-23,"Johnson&Johnson, Moderna, Oxford/AstraZeneca, Pfizer/BioNTech",6809618,6625764,13435382
2021-12-24,"Johnson&Johnson, Moderna, Oxford/AstraZeneca, Pfizer/BioNTech",6809664,6625864,13435528
2021-12-25,"Moderna, Pfizer/BioNTech",6809665,6625872,13435537
2021-12-26,"Moderna, Pfizer/BioNTech",6809766,6626073,13435839
2021-12-27,"Johnson&Johnson, Moderna, Pfizer/BioNTech",6813634,6635807,13449441
2021-12-28,"Johnson&Johnson, Moderna, Oxford/AstraZeneca, Pfizer/BioNTech",6818876,6643799,13462675
2021-12-29,"Johnson&Johnson, Moderna, Oxford/AstraZeneca, Pfizer/BioNTech",6823155,6651518,13474673
2021-12-30,"Johnson&Johnson, Moderna, Pfizer/BioNTech",6827453,6656950,13484403
2021-12-31,"Johnson&Johnson, Moderna, Pfizer/BioNTech",6827963,6658373,13486336
2022-01-01,"Johnson&Johnson, Moderna, Pfizer/BioNTech",6827968,6658391,13486359
2022-01-02,"Johnson&Johnson, Moderna, Pfizer/BioNTech",6828824,6659768,13488592
2022-01-03,"Johnson&Johnson, Moderna, Oxford/AstraZeneca, Pfizer/BioNTech",6832961,6668665,13501626
2022-01-04,"Johnson&Johnson, Moderna, Oxford/AstraZeneca, Pfizer/BioNTech",6838047,6676415,13514462
2022-01-05,"Johnson&Johnson, Moderna, Oxford/AstraZeneca, Pfizer/BioNTech",6843859,6684379,13528238
2022-01-06,"Johnson&Johnson, Moderna, Oxford/AstraZeneca, Pfizer/BioNTech",6850443,6692780,13543223
2022-01-07,"Johnson&Johnson, Moderna, Oxford/AstraZeneca, Pfizer/BioNTech",6858314,6703122,13561436
2022-01-08,"Johnson&Johnson, Moderna, Oxford/AstraZeneca, Pfizer/BioNTech",6860794,6705905,13566699
2022-01-09,"Johnson&Johnson, Moderna, Pfizer/BioNTech",6861876,6707598,13569474
2022-01-10,"Johnson&Johnson, Moderna, Oxford/AstraZeneca, Pfizer/BioNTech",6866371,6713782,13580153
2022-01-11,"Johnson&Johnson, Moderna, Oxford/AstraZeneca, Pfizer/BioNTech",6871810,6720536,13592346
2022-01-12,"Johnson&Johnson, Moderna, Oxford/AstraZeneca, Pfizer/BioNTech",6877760,6726179,13603939
2022-01-13,"Johnson&Johnson, Moderna, Oxford/AstraZeneca, Pfizer/BioNTech",6883641,6730953,13614594
2022-01-14,"Johnson&Johnson, Moderna, Oxford/AstraZeneca, Pfizer/BioNTech",6889940,6734586,13624526
2022-01-15,"Johnson&Johnson, Moderna, Oxford/AstraZeneca, Pfizer/BioNTech",6891218,6735240,13626458
2022-01-16,"Johnson&Johnson, Moderna, Oxford/AstraZeneca, Pfizer/BioNTech",6891905,6735677,13627582
2022-01-17,"Johnson&Johnson, Moderna, Oxford/AstraZeneca, Pfizer/BioNTech",6895452,6739632,13635084
2022-01-18,"Johnson&Johnson, Moderna, Oxford/AstraZeneca, Pfizer/BioNTech",6899302,6744580,13643882
2022-01-19,"Johnson&Johnson, Moderna, Oxford/AstraZeneca, Pfizer/BioNTech",6903367,6748512,13651879
2022-01-20,"Johnson&Johnson, Moderna, Oxford/AstraZeneca, Pfizer/BioNTech",6906964,6752954,13659918
2022-01-21,"Johnson&Johnson, Moderna, Oxford/AstraZeneca, Pfizer/BioNTech",6910958,6755481,13666439
2022-01-22,"Johnson&Johnson, Moderna, Pfizer/BioNTech",6911738,6755918,13667656
2022-01-23,"Johnson&Johnson, Moderna, Pfizer/BioNTech",6912300,6756552,13668852
2022-01-24,"Johnson&Johnson, Moderna, Oxford/AstraZeneca, Pfizer/BioNTech",6914566,6759986,13674552
2022-01-25,"Johnson&Johnson, Moderna, Oxford/AstraZeneca, Pfizer/BioNTech",6916916,6763979,13680895
2022-01-26,"Johnson&Johnson, Moderna, Oxford/AstraZeneca, Pfizer/BioNTech",6919301,6768543,13687844
2022-01-27,"Johnson&Johnson, Moderna, Oxford/AstraZeneca, Pfizer/BioNTech",6921627,6773354,13694981
2022-01-28,"Johnson&Johnson, Moderna, Oxford/AstraZeneca, Pfizer/BioNTech",6924539,6779506,13704045
2022-01-29,"Johnson&Johnson, Moderna, Pfizer/BioNTech",6925138,6781154,13706292
2022-01-30,"Johnson&Johnson, Moderna, Pfizer/BioNTech",6925367,6781931,13707298
2022-01-31,"Johnson&Johnson, Moderna, Pfizer/BioNTech",6926904,6785845,13712749
2022-02-01,"Johnson&Johnson, Moderna, Pfizer/BioNTech",6928496,6789876,13718372
2022-02-02,"Johnson&Johnson, Moderna, Pfizer/BioNTech",6930058,6794376,13724434
2022-02-03,"Johnson&Johnson, Moderna, Pfizer/BioNTech",6931427,6798848,13730275
2022-02-04,"Johnson&Johnson, Moderna, Pfizer/BioNTech",6933024,6803961,13736985
2022-02-05,"Johnson&Johnson, Moderna, Pfizer/BioNTech",6933198,6804570,13737768
2022-02-06,"Johnson&Johnson, Moderna, Pfizer/BioNTech",6933292,6804889,13738181
2022-02-07,"Johnson&Johnson, Moderna, Pfizer/BioNTech",6933984,6808097,13742081
2022-02-08,"Johnson&Johnson, Moderna, Pfizer/BioNTech",6934764,6811281,13746045
2022-02-09,"Johnson&Johnson, Moderna, Pfizer/BioNTech",6935585,6814648,13750233
2022-02-10,"Johnson&Johnson, Moderna, Pfizer/BioNTech",6936364,6817770,13754134
2022-02-11,"Johnson&Johnson, Moderna, Pfizer/BioNTech",6937286,6821677,13758963
2022-02-12,"Johnson&Johnson, Moderna, Pfizer/BioNTech",6937395,6822096,13759491
2022-02-13,"Johnson&Johnson, Moderna, Pfizer/BioNTech",6937428,6822532,13759960
2022-02-14,"Johnson&Johnson, Moderna, Pfizer/BioNTech",6937864,6824639,13762503
2022-02-15,"Johnson&Johnson, Moderna, Pfizer/BioNTech",6938412,6826838,13765250
2022-02-16,"Johnson&Johnson, Moderna, Pfizer/BioNTech",6938996,6828929,13767925
2022-02-17,"Johnson&Johnson, Moderna, Pfizer/BioNTech",6939582,6831261,13770843
2022-02-18,"Johnson&Johnson, Moderna, Pfizer/BioNTech",6940215,6834309,13774524
2022-02-19,"Johnson&Johnson, Moderna, Pfizer/BioNTech",6940292,6834590,13774882
2022-02-20,"Johnson&Johnson, Moderna, Pfizer/BioNTech",6940325,6834739,13775064
2022-02-21,"Johnson&Johnson, Moderna, Pfizer/BioNTech",6940676,6836434,13777110
2022-02-22,"Johnson&Johnson, Moderna, Oxford/AstraZeneca, Pfizer/BioNTech",6941041,6838106,13779147
2022-02-23,"Johnson&Johnson, Moderna, Pfizer/BioNTech",6941486,6839726,13781212
2022-02-24,"Johnson&Johnson, Moderna, Pfizer/BioNTech",6941900,6841350,13783250
2022-02-25,"Johnson&Johnson, Moderna, Pfizer/BioNTech",6942486,6843406,13785892
2022-02-26,"Johnson&Johnson, Moderna, Pfizer/BioNTech",6942548,6843562,13786110
2022-02-27,"Johnson&Johnson, Moderna, Pfizer/BioNTech",6942582,6843637,13786219
2022-02-28,"Johnson&Johnson, Moderna, Pfizer/BioNTech",6942822,6844586,13787408
2022-03-01,"Johnson&Johnson, Moderna, Pfizer/BioNTech",6943060,6845340,13788400
2022-03-02,"Johnson&Johnson, Moderna, Novavax, Pfizer/BioNTech",6943399,6846235,13789634
2022-03-03,"Johnson&Johnson, Moderna, Novavax, Pfizer/BioNTech",6943692,6847117,13790809
2022-03-04,"Johnson&Johnson, Moderna, Novavax, Pfizer/BioNTech",6944266,6848244,13792510
