date,vaccine,people_vaccinated,people_fully_vaccinated,total_vaccinations
2020-12-27,Pfizer/BioNTech,1278,0,1278
2020-12-28,Pfizer/BioNTech,3585,0,3585
2020-12-29,Pfizer/BioNTech,7052,0,7052
2020-12-30,Pfizer/BioNTech,10568,0,10568
2020-12-31,Pfizer/BioNTech,11875,0,11875
2021-01-01,"Moderna, Pfizer/BioNTech",12144,0,12144
2021-01-02,Pfizer/BioNTech,13422,0,13422
2021-01-03,Pfizer/BioNTech,14344,0,14344
2021-01-04,"Moderna, Pfizer/BioNTech",17950,0,17950
2021-01-05,"Moderna, Pfizer/BioNTech",22468,0,22468
2021-01-06,"Moderna, Pfizer/BioNTech",28309,1,28310
2021-01-07,"Moderna, Pfizer/BioNTech",36301,1,36302
2021-01-08,"Moderna, Pfizer/BioNTech",46353,1,46354
2021-01-09,"Moderna, Pfizer/BioNTech",48378,2,48380
2021-01-10,Pfizer/BioNTech,50145,4,50149
2021-01-11,Pfizer/BioNTech,59998,6,60004
2021-01-12,"Moderna, Pfizer/BioNTech",73445,8,73453
2021-01-13,Pfizer/BioNTech,86983,8,86991
2021-01-14,"Moderna, Pfizer/BioNTech",102214,12,102226
2021-01-15,"Moderna, Pfizer/BioNTech",116221,13,116234
2021-01-16,"Moderna, Pfizer/BioNTech",119617,16,119633
2021-01-17,"Moderna, Pfizer/BioNTech",122234,652,122886
2021-01-18,"Moderna, Pfizer/BioNTech",134715,2479,137194
2021-01-19,"Moderna, Pfizer/BioNTech",147316,5203,152519
2021-01-20,"Moderna, Pfizer/BioNTech",160993,7862,168855
2021-01-21,"Moderna, Pfizer/BioNTech",176644,9604,186248
2021-01-22,"Moderna, Pfizer/BioNTech",191517,10649,202166
2021-01-23,"Moderna, Pfizer/BioNTech",194837,11528,206365
2021-01-24,"Moderna, Pfizer/BioNTech",197091,12397,209488
2021-01-25,"Moderna, Pfizer/BioNTech",206730,15370,222100
2021-01-26,"Moderna, Pfizer/BioNTech",217267,19359,236626
2021-01-27,"Moderna, Pfizer/BioNTech",226294,23896,250190
2021-01-28,"Moderna, Pfizer/BioNTech",233388,30024,263412
2021-01-29,"Moderna, Pfizer/BioNTech",239597,37934,277531
2021-01-30,"Moderna, Pfizer/BioNTech",240332,39022,279354
2021-01-31,"Moderna, Pfizer/BioNTech",241045,40203,281248
2021-02-01,"Moderna, Pfizer/BioNTech",245022,48160,293182
2021-02-02,"Moderna, Pfizer/BioNTech",249161,58388,307549
2021-02-03,"Moderna, Pfizer/BioNTech",253579,69396,322975
2021-02-04,"Moderna, Pfizer/BioNTech",258474,82379,340853
2021-02-05,"Moderna, Pfizer/BioNTech",263940,93049,356989
2021-02-06,"Moderna, Oxford/AstraZeneca, Pfizer/BioNTech",264787,95414,360201
2021-02-07,"Moderna, Pfizer/BioNTech",265635,97915,363550
2021-02-08,"Moderna, Oxford/AstraZeneca, Pfizer/BioNTech",269716,109347,379063
2021-02-09,"Moderna, Oxford/AstraZeneca, Pfizer/BioNTech",274809,121257,396066
2021-02-10,"Moderna, Oxford/AstraZeneca, Pfizer/BioNTech",280313,134502,414815
2021-02-11,"Moderna, Oxford/AstraZeneca, Pfizer/BioNTech",286644,150711,437355
2021-02-12,"Moderna, Oxford/AstraZeneca, Pfizer/BioNTech",293457,165440,458897
2021-02-13,"Moderna, Oxford/AstraZeneca, Pfizer/BioNTech",295066,168428,463494
2021-02-14,"Moderna, Oxford/AstraZeneca, Pfizer/BioNTech",296069,169812,465881
2021-02-15,"Moderna, Oxford/AstraZeneca, Pfizer/BioNTech",302467,179169,481636
2021-02-16,"Moderna, Oxford/AstraZeneca, Pfizer/BioNTech",311183,188243,499426
2021-02-17,"Moderna, Oxford/AstraZeneca, Pfizer/BioNTech",320876,196548,517424
2021-02-18,"Moderna, Oxford/AstraZeneca, Pfizer/BioNTech",333194,204622,537816
2021-02-19,"Moderna, Oxford/AstraZeneca, Pfizer/BioNTech",345045,211979,557024
2021-02-20,"Moderna, Oxford/AstraZeneca, Pfizer/BioNTech",347038,213160,560198
2021-02-21,"Moderna, Oxford/AstraZeneca, Pfizer/BioNTech",348167,214183,562350
2021-02-22,"Moderna, Oxford/AstraZeneca, Pfizer/BioNTech",358286,220210,578496
2021-02-23,"Moderna, Oxford/AstraZeneca, Pfizer/BioNTech",371230,227182,598412
2021-02-24,"Moderna, Oxford/AstraZeneca, Pfizer/BioNTech",385102,233215,618317
2021-02-25,"Moderna, Oxford/AstraZeneca, Pfizer/BioNTech",403067,238761,641828
2021-02-26,"Moderna, Oxford/AstraZeneca, Pfizer/BioNTech",419232,244106,663338
2021-02-27,"Moderna, Oxford/AstraZeneca, Pfizer/BioNTech",422240,244663,666903
2021-02-28,"Moderna, Oxford/AstraZeneca, Pfizer/BioNTech",424585,245210,669795
2021-03-01,"Moderna, Oxford/AstraZeneca, Pfizer/BioNTech",444165,248654,692819
2021-03-02,"Moderna, Oxford/AstraZeneca, Pfizer/BioNTech",471381,252194,723575
2021-03-03,"Moderna, Oxford/AstraZeneca, Pfizer/BioNTech",502255,256695,758950
2021-03-04,"Moderna, Oxford/AstraZeneca, Pfizer/BioNTech",535524,261376,796900
2021-03-05,"Johnson&Johnson, Moderna, Oxford/AstraZeneca, Pfizer/BioNTech",564331,266793,831124
2021-03-06,"Johnson&Johnson, Moderna, Oxford/AstraZeneca, Pfizer/BioNTech",576471,267650,844121
2021-03-07,"Johnson&Johnson, Moderna, Oxford/AstraZeneca, Pfizer/BioNTech",588006,268491,856497
2021-03-08,"Johnson&Johnson, Moderna, Oxford/AstraZeneca, Pfizer/BioNTech",617733,273342,891075
2021-03-09,"Johnson&Johnson, Moderna, Oxford/AstraZeneca, Pfizer/BioNTech",654078,279721,933799
2021-03-10,"Moderna, Oxford/AstraZeneca, Pfizer/BioNTech",695378,286669,982047
2021-03-11,"Johnson&Johnson, Moderna, Oxford/AstraZeneca, Pfizer/BioNTech",740187,295037,1035224
2021-03-12,"Johnson&Johnson, Moderna, Oxford/AstraZeneca, Pfizer/BioNTech",778937,303525,1082462
2021-03-13,"Johnson&Johnson, Moderna, Oxford/AstraZeneca, Pfizer/BioNTech",796008,304829,1100837
2021-03-14,"Johnson&Johnson, Moderna, Oxford/AstraZeneca, Pfizer/BioNTech",808114,305980,1114094
2021-03-15,"Moderna, Oxford/AstraZeneca, Pfizer/BioNTech",836489,314752,1151241
2021-03-16,"Johnson&Johnson, Moderna, Oxford/AstraZeneca, Pfizer/BioNTech",875362,325284,1200646
2021-03-17,"Moderna, Oxford/AstraZeneca, Pfizer/BioNTech",912818,335787,1248605
2021-03-18,"Johnson&Johnson, Moderna, Oxford/AstraZeneca, Pfizer/BioNTech",950788,348200,1298988
2021-03-19,"Moderna, Oxford/AstraZeneca, Pfizer/BioNTech",985255,361804,1347059
2021-03-20,"Johnson&Johnson, Moderna, Oxford/AstraZeneca, Pfizer/BioNTech",1000387,363826,1364213
2021-03-21,"Johnson&Johnson, Moderna, Oxford/AstraZeneca, Pfizer/BioNTech",1007804,365382,1373186
2021-03-22,"Johnson&Johnson, Moderna, Oxford/AstraZeneca, Pfizer/BioNTech",1032346,377880,1410226
2021-03-23,"Johnson&Johnson, Moderna, Oxford/AstraZeneca, Pfizer/BioNTech",1058971,391228,1450199
2021-03-24,"Johnson&Johnson, Moderna, Oxford/AstraZeneca, Pfizer/BioNTech",1085816,406957,1492773
2021-03-25,"Moderna, Oxford/AstraZeneca, Pfizer/BioNTech",1112130,424800,1536930
2021-03-26,"Johnson&Johnson, Moderna, Oxford/AstraZeneca, Pfizer/BioNTech",1136925,442293,1579218
2021-03-27,"Johnson&Johnson, Moderna, Oxford/AstraZeneca, Pfizer/BioNTech",1145351,447137,1592488
2021-03-28,"Moderna, Oxford/AstraZeneca, Pfizer/BioNTech",1150887,451275,1602162
2021-03-29,"Johnson&Johnson, Moderna, Oxford/AstraZeneca, Pfizer/BioNTech",1169999,472004,1642003
2021-03-30,"Johnson&Johnson, Moderna, Oxford/AstraZeneca, Pfizer/BioNTech",1194687,494176,1688863
2021-03-31,"Johnson&Johnson, Moderna, Oxford/AstraZeneca, Pfizer/BioNTech",1217784,521230,1739014
2021-04-01,"Johnson&Johnson, Moderna, Oxford/AstraZeneca, Pfizer/BioNTech",1243387,553269,1796656
2021-04-02,"Johnson&Johnson, Moderna, Oxford/AstraZeneca, Pfizer/BioNTech",1250303,566051,1816354
2021-04-03,"Johnson&Johnson, Moderna, Oxford/AstraZeneca, Pfizer/BioNTech",1253915,576966,1830881
2021-04-04,"Johnson&Johnson, Moderna, Oxford/AstraZeneca, Pfizer/BioNTech",1256421,585884,1842305
2021-04-05,"Johnson&Johnson, Moderna, Oxford/AstraZeneca, Pfizer/BioNTech",1258820,593064,1851884
2021-04-06,"Johnson&Johnson, Moderna, Oxford/AstraZeneca, Pfizer/BioNTech",1274945,622308,1897253
2021-04-07,"Johnson&Johnson, Moderna, Oxford/AstraZeneca, Pfizer/BioNTech",1298354,644531,1942885
2021-04-08,"Johnson&Johnson, Moderna, Oxford/AstraZeneca, Pfizer/BioNTech",1337049,675542,2012591
2021-04-09,"Johnson&Johnson, Moderna, Oxford/AstraZeneca, Pfizer/BioNTech",1376574,705712,2082286
2021-04-10,"Johnson&Johnson, Moderna, Oxford/AstraZeneca, Pfizer/BioNTech",1392061,720999,2113060
2021-04-11,"Johnson&Johnson, Moderna, Oxford/AstraZeneca, Pfizer/BioNTech",1401832,731033,2132865
2021-04-12,"Johnson&Johnson, Moderna, Oxford/AstraZeneca, Pfizer/BioNTech",1440075,756158,2196233
2021-04-13,"Moderna, Oxford/AstraZeneca, Pfizer/BioNTech",1476317,782189,2258506
2021-04-14,"Moderna, Oxford/AstraZeneca, Pfizer/BioNTech",1515120,809535,2324655
2021-04-15,"Moderna, Oxford/AstraZeneca, Pfizer/BioNTech",1562892,835248,2398140
2021-04-16,"Moderna, Oxford/AstraZeneca, Pfizer/BioNTech",1607535,860879,2468414
2021-04-17,"Moderna, Oxford/AstraZeneca, Pfizer/BioNTech",1624225,869902,2494127
2021-04-18,"Moderna, Oxford/AstraZeneca, Pfizer/BioNTech",1637206,874882,2512088
2021-04-19,"Moderna, Oxford/AstraZeneca, Pfizer/BioNTech",1681180,890339,2571519
2021-04-20,"Johnson&Johnson, Moderna, Oxford/AstraZeneca, Pfizer/BioNTech",1723714,906195,2629909
2021-04-21,"Moderna, Oxford/AstraZeneca, Pfizer/BioNTech",1771434,920539,2691973
2021-04-22,"Johnson&Johnson, Moderna, Oxford/AstraZeneca, Pfizer/BioNTech",1825912,937910,2763822
2021-04-23,"Johnson&Johnson, Moderna, Oxford/AstraZeneca, Pfizer/BioNTech",1875864,949959,2825823
2021-04-24,"Johnson&Johnson, Moderna, Oxford/AstraZeneca, Pfizer/BioNTech",1893688,955197,2848885
2021-04-25,"Johnson&Johnson, Moderna, Oxford/AstraZeneca, Pfizer/BioNTech",1908373,959187,2867560
2021-04-26,"Johnson&Johnson, Moderna, Oxford/AstraZeneca, Pfizer/BioNTech",1957939,966733,2924672
2021-04-27,"Johnson&Johnson, Moderna, Oxford/AstraZeneca, Pfizer/BioNTech",2006900,978952,2985852
2021-04-28,"Johnson&Johnson, Moderna, Oxford/AstraZeneca, Pfizer/BioNTech",2065634,992934,3058568
2021-04-29,"Johnson&Johnson, Moderna, Oxford/AstraZeneca, Pfizer/BioNTech",2131173,1008809,3139982
2021-04-30,"Johnson&Johnson, Moderna, Oxford/AstraZeneca, Pfizer/BioNTech",2193395,1018767,3212162
2021-05-01,"Johnson&Johnson, Moderna, Oxford/AstraZeneca, Pfizer/BioNTech",2212712,1022209,3234921
2021-05-02,"Johnson&Johnson, Moderna, Oxford/AstraZeneca, Pfizer/BioNTech",2231620,1024473,3256093
2021-05-03,"Johnson&Johnson, Moderna, Oxford/AstraZeneca, Pfizer/BioNTech",2298854,1029523,3328377
2021-05-04,"Johnson&Johnson, Moderna, Oxford/AstraZeneca, Pfizer/BioNTech",2365328,1037844,3403172
2021-05-05,"Johnson&Johnson, Moderna, Oxford/AstraZeneca, Pfizer/BioNTech",2438469,1047235,3485704
2021-05-06,"Johnson&Johnson, Moderna, Oxford/AstraZeneca, Pfizer/BioNTech",2518843,1057937,3576780
2021-05-07,"Johnson&Johnson, Moderna, Oxford/AstraZeneca, Pfizer/BioNTech",2596067,1067990,3664057
2021-05-08,"Johnson&Johnson, Moderna, Oxford/AstraZeneca, Pfizer/BioNTech",2625491,1069745,3695236
2021-05-09,"Johnson&Johnson, Moderna, Oxford/AstraZeneca, Pfizer/BioNTech",2649674,1070943,3720617
2021-05-10,"Johnson&Johnson, Moderna, Oxford/AstraZeneca, Pfizer/BioNTech",2722409,1078150,3800559
2021-05-11,"Johnson&Johnson, Moderna, Oxford/AstraZeneca, Pfizer/BioNTech",2798495,1086936,3885431
2021-05-12,"Johnson&Johnson, Moderna, Oxford/AstraZeneca, Pfizer/BioNTech",2878329,1096022,3974351
2021-05-13,"Johnson&Johnson, Moderna, Oxford/AstraZeneca, Pfizer/BioNTech",2962330,1105170,4067500
2021-05-14,"Johnson&Johnson, Moderna, Oxford/AstraZeneca, Pfizer/BioNTech",3041742,1112939,4154681
2021-05-15,"Johnson&Johnson, Moderna, Oxford/AstraZeneca, Pfizer/BioNTech",3073603,1115170,4188773
2021-05-16,"Johnson&Johnson, Moderna, Oxford/AstraZeneca, Pfizer/BioNTech",3099350,1116428,4215778
2021-05-17,"Johnson&Johnson, Moderna, Oxford/AstraZeneca, Pfizer/BioNTech",3171838,1123140,4294978
2021-05-18,"Johnson&Johnson, Moderna, Oxford/AstraZeneca, Pfizer/BioNTech",3243747,1136182,4379929
2021-05-19,"Johnson&Johnson, Moderna, Oxford/AstraZeneca, Pfizer/BioNTech",3321187,1151298,4472485
2021-05-20,"Johnson&Johnson, Moderna, Oxford/AstraZeneca, Pfizer/BioNTech",3396596,1178308,4574904
2021-05-21,"Johnson&Johnson, Moderna, Oxford/AstraZeneca, Pfizer/BioNTech",3465335,1206047,4671382
2021-05-22,"Johnson&Johnson, Moderna, Oxford/AstraZeneca, Pfizer/BioNTech",3497688,1217215,4714903
2021-05-23,"Johnson&Johnson, Moderna, Oxford/AstraZeneca, Pfizer/BioNTech",3520023,1226238,4746261
2021-05-24,"Johnson&Johnson, Moderna, Oxford/AstraZeneca, Pfizer/BioNTech",3567141,1259874,4827015
2021-05-25,"Johnson&Johnson, Moderna, Oxford/AstraZeneca, Pfizer/BioNTech",3618968,1295650,4914618
2021-05-26,"Johnson&Johnson, Moderna, Oxford/AstraZeneca, Pfizer/BioNTech",3686706,1333143,5019849
2021-05-27,"Johnson&Johnson, Moderna, Oxford/AstraZeneca, Pfizer/BioNTech",3748077,1380433,5128510
2021-05-28,"Johnson&Johnson, Moderna, Oxford/AstraZeneca, Pfizer/BioNTech",3809750,1426963,5236713
2021-05-29,"Johnson&Johnson, Moderna, Oxford/AstraZeneca, Pfizer/BioNTech",3838911,1444051,5282962
2021-05-30,"Johnson&Johnson, Moderna, Oxford/AstraZeneca, Pfizer/BioNTech",3861256,1458472,5319728
2021-05-31,"Johnson&Johnson, Moderna, Oxford/AstraZeneca, Pfizer/BioNTech",3916971,1505991,5422962
2021-06-01,"Johnson&Johnson, Moderna, Oxford/AstraZeneca, Pfizer/BioNTech",3975982,1554801,5530783
2021-06-02,"Johnson&Johnson, Moderna, Oxford/AstraZeneca, Pfizer/BioNTech",4038853,1608739,5647592
2021-06-03,"Johnson&Johnson, Moderna, Oxford/AstraZeneca, Pfizer/BioNTech",4097064,1668905,5765969
2021-06-04,"Johnson&Johnson, Moderna, Oxford/AstraZeneca, Pfizer/BioNTech",4160125,1726252,5886377
2021-06-05,"Johnson&Johnson, Moderna, Oxford/AstraZeneca, Pfizer/BioNTech",4194250,1745043,5939293
2021-06-06,"Johnson&Johnson, Moderna, Oxford/AstraZeneca, Pfizer/BioNTech",4221155,1760146,5981301
2021-06-07,"Johnson&Johnson, Moderna, Oxford/AstraZeneca, Pfizer/BioNTech",4284824,1815735,6100559
2021-06-08,"Johnson&Johnson, Moderna, Oxford/AstraZeneca, Pfizer/BioNTech",4348793,1870672,6219465
2021-06-09,"Johnson&Johnson, Moderna, Oxford/AstraZeneca, Pfizer/BioNTech",4407964,1935133,6343097
2021-06-10,"Johnson&Johnson, Moderna, Oxford/AstraZeneca, Pfizer/BioNTech",4461831,2006212,6468043
2021-06-11,"Johnson&Johnson, Moderna, Oxford/AstraZeneca, Pfizer/BioNTech",4513925,2075904,6589829
2021-06-12,"Johnson&Johnson, Moderna, Oxford/AstraZeneca, Pfizer/BioNTech",4545919,2096651,6642570
2021-06-13,"Johnson&Johnson, Moderna, Oxford/AstraZeneca, Pfizer/BioNTech",4569926,2115021,6684947
2021-06-14,"Johnson&Johnson, Moderna, Oxford/AstraZeneca, Pfizer/BioNTech",4612989,2189343,6802332
2021-06-15,"Johnson&Johnson, Moderna, Oxford/AstraZeneca, Pfizer/BioNTech",4657629,2261626,6919255
2021-06-16,"Johnson&Johnson, Moderna, Oxford/AstraZeneca, Pfizer/BioNTech",4700354,2339792,7040146
2021-06-17,"Johnson&Johnson, Moderna, Oxford/AstraZeneca, Pfizer/BioNTech",4739725,2422798,7162523
2021-06-18,"Johnson&Johnson, Moderna, Oxford/AstraZeneca, Pfizer/BioNTech",4782101,2503228,7285329
2021-06-19,"Johnson&Johnson, Moderna, Oxford/AstraZeneca, Pfizer/BioNTech",4803844,2532459,7336303
2021-06-20,"Johnson&Johnson, Moderna, Oxford/AstraZeneca, Pfizer/BioNTech",4821203,2556247,7377450
2021-06-21,"Johnson&Johnson, Moderna, Oxford/AstraZeneca, Pfizer/BioNTech",4853698,2634745,7488443
2021-06-22,"Johnson&Johnson, Moderna, Oxford/AstraZeneca, Pfizer/BioNTech",4886649,2716930,7603579
2021-06-23,"Johnson&Johnson, Moderna, Oxford/AstraZeneca, Pfizer/BioNTech",4918298,2802074,7720372
2021-06-24,"Johnson&Johnson, Moderna, Oxford/AstraZeneca, Pfizer/BioNTech",4948129,2892031,7840160
2021-06-25,"Johnson&Johnson, Moderna, Oxford/AstraZeneca, Pfizer/BioNTech",4979176,2978097,7957273
2021-06-26,"Johnson&Johnson, Moderna, Oxford/AstraZeneca, Pfizer/BioNTech",4995030,3012856,8007886
2021-06-27,"Johnson&Johnson, Moderna, Oxford/AstraZeneca, Pfizer/BioNTech",5008967,3039462,8048429
2021-06-28,"Johnson&Johnson, Moderna, Oxford/AstraZeneca, Pfizer/BioNTech",5037369,3124567,8161936
2021-06-29,"Johnson&Johnson, Moderna, Oxford/AstraZeneca, Pfizer/BioNTech",5066631,3210955,8277586
2021-06-30,"Johnson&Johnson, Moderna, Oxford/AstraZeneca, Pfizer/BioNTech",5094116,3301841,8395957
2021-07-01,"Johnson&Johnson, Moderna, Oxford/AstraZeneca, Pfizer/BioNTech",5118081,3391805,8509886
2021-07-02,"Johnson&Johnson, Moderna, Oxford/AstraZeneca, Pfizer/BioNTech",5144790,3477562,8622352
2021-07-03,"Johnson&Johnson, Moderna, Oxford/AstraZeneca, Pfizer/BioNTech",5151862,3509030,8660892
2021-07-04,"Johnson&Johnson, Moderna, Oxford/AstraZeneca, Pfizer/BioNTech",5159411,3530800,8690211
2021-07-05,"Johnson&Johnson, Moderna, Oxford/AstraZeneca, Pfizer/BioNTech",5166770,3556128,8722898
2021-07-06,"Johnson&Johnson, Moderna, Oxford/AstraZeneca, Pfizer/BioNTech",5172172,3583720,8755892
2021-07-07,"Johnson&Johnson, Moderna, Oxford/AstraZeneca, Pfizer/BioNTech",5197948,3662619,8860567
2021-07-08,"Johnson&Johnson, Moderna, Oxford/AstraZeneca, Pfizer/BioNTech",5224541,3732869,8957410
2021-07-09,"Johnson&Johnson, Moderna, Oxford/AstraZeneca, Pfizer/BioNTech",5252447,3802065,9054512
2021-07-10,"Johnson&Johnson, Moderna, Oxford/AstraZeneca, Pfizer/BioNTech",5261786,3830646,9092432
2021-07-11,"Johnson&Johnson, Moderna, Oxford/AstraZeneca, Pfizer/BioNTech",5270304,3853500,9123804
2021-07-12,"Johnson&Johnson, Moderna, Oxford/AstraZeneca, Pfizer/BioNTech",5297823,3922526,9220349
2021-07-13,"Johnson&Johnson, Moderna, Oxford/AstraZeneca, Pfizer/BioNTech",5323989,3992334,9316323
2021-07-14,"Johnson&Johnson, Moderna, Oxford/AstraZeneca, Pfizer/BioNTech",5349786,4064242,9414028
2021-07-15,"Johnson&Johnson, Moderna, Oxford/AstraZeneca, Pfizer/BioNTech",5378953,4130183,9509136
2021-07-16,"Johnson&Johnson, Moderna, Oxford/AstraZeneca, Pfizer/BioNTech",5406855,4202818,9609673
2021-07-17,"Johnson&Johnson, Moderna, Oxford/AstraZeneca, Pfizer/BioNTech",5415617,4234208,9649825
2021-07-18,"Johnson&Johnson, Moderna, Oxford/AstraZeneca, Pfizer/BioNTech",5424052,4260172,9684224
2021-07-19,"Johnson&Johnson, Moderna, Oxford/AstraZeneca, Pfizer/BioNTech",5447392,4327133,9774525
2021-07-20,"Johnson&Johnson, Moderna, Oxford/AstraZeneca, Pfizer/BioNTech",5468767,4394102,9862869
2021-07-21,"Johnson&Johnson, Moderna, Oxford/AstraZeneca, Pfizer/BioNTech",5492209,4457489,9949698
2021-07-22,"Johnson&Johnson, Moderna, Oxford/AstraZeneca, Pfizer/BioNTech",5514559,4516039,10030598
2021-07-23,"Johnson&Johnson, Moderna, Oxford/AstraZeneca, Pfizer/BioNTech",5537742,4570711,10108453
2021-07-24,"Johnson&Johnson, Moderna, Oxford/AstraZeneca, Pfizer/BioNTech",5545047,4598329,10143376
2021-07-25,"Johnson&Johnson, Moderna, Oxford/AstraZeneca, Pfizer/BioNTech",5551654,4620423,10172077
2021-07-26,"Johnson&Johnson, Moderna, Oxford/AstraZeneca, Pfizer/BioNTech",5575177,4669022,10244199
2021-07-27,"Johnson&Johnson, Moderna, Oxford/AstraZeneca, Pfizer/BioNTech",5597896,4715582,10313478
2021-07-28,"Johnson&Johnson, Moderna, Oxford/AstraZeneca, Pfizer/BioNTech",5619131,4761481,10380612
2021-07-29,"Johnson&Johnson, Moderna, Oxford/AstraZeneca, Pfizer/BioNTech",5640437,4803353,10443790
2021-07-30,"Johnson&Johnson, Moderna, Oxford/AstraZeneca, Pfizer/BioNTech",5663700,4845830,10509530
2021-07-31,"Johnson&Johnson, Moderna, Oxford/AstraZeneca, Pfizer/BioNTech",5672614,4865325,10537939
2021-08-01,"Johnson&Johnson, Moderna, Oxford/AstraZeneca, Pfizer/BioNTech",5679327,4881466,10560793
2021-08-02,"Johnson&Johnson, Moderna, Oxford/AstraZeneca, Pfizer/BioNTech",5697940,4918960,10616900
2021-08-03,"Johnson&Johnson, Moderna, Oxford/AstraZeneca, Pfizer/BioNTech",5715561,4957000,10672561
2021-08-04,"Johnson&Johnson, Moderna, Oxford/AstraZeneca, Pfizer/BioNTech",5731641,4993671,10725312
2021-08-05,"Johnson&Johnson, Moderna, Oxford/AstraZeneca, Pfizer/BioNTech",5747657,5034077,10781734
2021-08-06,"Johnson&Johnson, Moderna, Oxford/AstraZeneca, Pfizer/BioNTech",5764434,5077294,10841728
2021-08-07,"Johnson&Johnson, Moderna, Oxford/AstraZeneca, Pfizer/BioNTech",5770018,5095429,10865447
2021-08-08,"Johnson&Johnson, Moderna, Oxford/AstraZeneca, Pfizer/BioNTech",5774368,5111157,10885525
2021-08-09,"Johnson&Johnson, Moderna, Oxford/AstraZeneca, Pfizer/BioNTech",5787004,5156155,10943159
2021-08-10,"Johnson&Johnson, Moderna, Oxford/AstraZeneca, Pfizer/BioNTech",5798831,5195673,10994504
2021-08-11,"Johnson&Johnson, Moderna, Oxford/AstraZeneca, Pfizer/BioNTech",5810183,5238756,11048939
2021-08-12,"Johnson&Johnson, Moderna, Oxford/AstraZeneca, Pfizer/BioNTech",5821597,5275832,11097429
2021-08-13,"Johnson&Johnson, Moderna, Oxford/AstraZeneca, Pfizer/BioNTech",5832309,5316115,11148424
2021-08-14,"Johnson&Johnson, Moderna, Oxford/AstraZeneca, Pfizer/BioNTech",5835644,5326792,11162436
2021-08-15,"Johnson&Johnson, Moderna, Oxford/AstraZeneca, Pfizer/BioNTech",5838224,5337146,11175370
2021-08-16,"Johnson&Johnson, Moderna, Oxford/AstraZeneca, Pfizer/BioNTech",5848002,5371176,11219178
2021-08-17,"Johnson&Johnson, Moderna, Oxford/AstraZeneca, Pfizer/BioNTech",5857590,5398235,11255825
2021-08-18,"Johnson&Johnson, Moderna, Oxford/AstraZeneca, Pfizer/BioNTech",5866952,5437064,11304016
2021-08-19,"Johnson&Johnson, Moderna, Oxford/AstraZeneca, Pfizer/BioNTech",5876612,5475376,11351988
2021-08-20,"Johnson&Johnson, Moderna, Oxford/AstraZeneca, Pfizer/BioNTech",5887990,5515528,11403518
2021-08-21,"Johnson&Johnson, Moderna, Oxford/AstraZeneca, Pfizer/BioNTech",5890703,5528262,11418965
2021-08-22,"Johnson&Johnson, Moderna, Oxford/AstraZeneca, Pfizer/BioNTech",5893041,5540214,11433255
2021-08-23,"Johnson&Johnson, Moderna, Oxford/AstraZeneca, Pfizer/BioNTech",5903569,5579442,11483011
2021-08-24,"Johnson&Johnson, Moderna, Oxford/AstraZeneca, Pfizer/BioNTech",5913431,5612659,11526090
2021-08-25,"Johnson&Johnson, Moderna, Oxford/AstraZeneca, Pfizer/BioNTech",5922291,5640995,11563286
2021-08-26,"Johnson&Johnson, Moderna, Oxford/AstraZeneca, Pfizer/BioNTech",5930732,5667094,11597826
2021-08-27,"Johnson&Johnson, Moderna, Oxford/AstraZeneca, Pfizer/BioNTech",5941041,5693011,11634052
2021-08-28,"Johnson&Johnson, Moderna, Oxford/AstraZeneca, Pfizer/BioNTech",5943762,5700036,11643798
2021-08-29,"Johnson&Johnson, Moderna, Oxford/AstraZeneca, Pfizer/BioNTech",5946164,5706647,11652811
2021-08-30,"Johnson&Johnson, Moderna, Oxford/AstraZeneca, Pfizer/BioNTech",5954682,5728492,11683174
2021-08-31,"Johnson&Johnson, Moderna, Oxford/AstraZeneca, Pfizer/BioNTech",5962340,5746544,11708884
2021-09-01,"Johnson&Johnson, Moderna, Oxford/AstraZeneca, Pfizer/BioNTech",5968220,5760517,11728737
2021-09-02,"Johnson&Johnson, Moderna, Oxford/AstraZeneca, Pfizer/BioNTech",5975046,5774881,11749927
2021-09-03,"Johnson&Johnson, Moderna, Oxford/AstraZeneca, Pfizer/BioNTech",5984594,5790564,11775158
2021-09-04,"Johnson&Johnson, Moderna, Oxford/AstraZeneca, Pfizer/BioNTech",5986655,5794109,11780764
2021-09-05,"Johnson&Johnson, Moderna, Oxford/AstraZeneca, Pfizer/BioNTech",5988687,5796948,11785635
2021-09-06,"Johnson&Johnson, Moderna, Oxford/AstraZeneca, Pfizer/BioNTech",5994911,5809453,11804364
2021-09-07,"Johnson&Johnson, Moderna, Oxford/AstraZeneca, Pfizer/BioNTech",5999285,5820536,11819821
2021-09-08,"Johnson&Johnson, Moderna, Oxford/AstraZeneca, Pfizer/BioNTech",6004942,5830364,11835306
2021-09-09,"Johnson&Johnson, Moderna, Oxford/AstraZeneca, Pfizer/BioNTech",6011616,5840411,11852027
2021-09-10,"Johnson&Johnson, Moderna, Oxford/AstraZeneca, Pfizer/BioNTech",6019294,5852573,11871867
2021-09-11,"Johnson&Johnson, Moderna, Oxford/AstraZeneca, Pfizer/BioNTech",6021154,5855044,11876198
2021-09-12,"Johnson&Johnson, Moderna, Oxford/AstraZeneca, Pfizer/BioNTech",6022267,5856664,11878931
2021-09-13,"Johnson&Johnson, Moderna, Oxford/AstraZeneca, Pfizer/BioNTech",6027691,5866947,11894638
2021-09-14,"Johnson&Johnson, Moderna, Oxford/AstraZeneca, Pfizer/BioNTech",6033069,5875941,11909010
2021-09-15,"Johnson&Johnson, Moderna, Oxford/AstraZeneca, Pfizer/BioNTech",6038253,5884449,11922702
2021-09-16,"Johnson&Johnson, Moderna, Oxford/AstraZeneca, Pfizer/BioNTech",6043584,5892704,11936288
2021-09-17,"Johnson&Johnson, Moderna, Oxford/AstraZeneca, Pfizer/BioNTech",6050134,5902907,11953041
2021-09-18,"Johnson&Johnson, Moderna, Oxford/AstraZeneca, Pfizer/BioNTech",6051857,5905256,11957113
2021-09-19,"Johnson&Johnson, Moderna, Oxford/AstraZeneca, Pfizer/BioNTech",6052797,5906819,11959616
2021-09-20,"Johnson&Johnson, Moderna, Oxford/AstraZeneca, Pfizer/BioNTech",6056791,5915003,11971794
2021-09-21,"Johnson&Johnson, Moderna, Oxford/AstraZeneca, Pfizer/BioNTech",6061004,5922525,11983529
2021-09-22,"Johnson&Johnson, Moderna, Oxford/AstraZeneca, Pfizer/BioNTech",6065169,5928031,11993200
2021-09-23,"Johnson&Johnson, Moderna, Oxford/AstraZeneca, Pfizer/BioNTech",6070133,5934432,12004565
2021-09-24,"Johnson&Johnson, Moderna, Oxford/AstraZeneca, Pfizer/BioNTech",6075876,5944038,12019914
2021-09-25,"Johnson&Johnson, Moderna, Oxford/AstraZeneca, Pfizer/BioNTech",6077366,5946024,12023390
2021-09-26,"Johnson&Johnson, Moderna, Pfizer/BioNTech",6078106,5947652,12025758
2021-09-27,"Johnson&Johnson, Moderna, Oxford/AstraZeneca, Pfizer/BioNTech",6081967,5954138,12036105
2021-09-28,"Johnson&Johnson, Moderna, Pfizer/BioNTech",6082323,5954739,12037062
2021-09-29,"Johnson&Johnson, Moderna, Oxford/AstraZeneca, Pfizer/BioNTech",6086092,5962180,12048272
2021-09-30,"Johnson&Johnson, Moderna, Oxford/AstraZeneca, Pfizer/BioNTech",6090584,5969862,12060446
2021-10-01,"Johnson&Johnson, Moderna, Oxford/AstraZeneca, Pfizer/BioNTech",6094867,5977812,12072679
2021-10-02,"Johnson&Johnson, Moderna, Oxford/AstraZeneca, Pfizer/BioNTech",6095926,5979344,12075270
2021-10-03,"Johnson&Johnson, Moderna, Pfizer/BioNTech",6096641,5980205,12076846
2021-10-04,"Johnson&Johnson, Moderna, Oxford/AstraZeneca, Pfizer/BioNTech",6099708,5985767,12085475
2021-10-05,"Johnson&Johnson, Moderna, Oxford/AstraZeneca, Pfizer/BioNTech",6102859,5990824,12093683
2021-10-06,"Johnson&Johnson, Moderna, Oxford/AstraZeneca, Pfizer/BioNTech",6106365,5995977,12102342
2021-10-07,"Johnson&Johnson, Moderna, Oxford/AstraZeneca, Pfizer/BioNTech",6109634,6001222,12110856
2021-10-08,"Johnson&Johnson, Moderna, Oxford/AstraZeneca, Pfizer/BioNTech",6114413,6007834,12122247
2021-10-09,"Johnson&Johnson, Moderna, Oxford/AstraZeneca, Pfizer/BioNTech",6115652,6009483,12125135
2021-10-10,"Johnson&Johnson, Moderna, Oxford/AstraZeneca, Pfizer/BioNTech",6116592,6010312,12126904
2021-10-11,"Johnson&Johnson, Moderna, Oxford/AstraZeneca, Pfizer/BioNTech",6119513,6014713,12134226
2021-10-12,"Johnson&Johnson, Moderna, Oxford/AstraZeneca, Pfizer/BioNTech",6122425,6018706,12141131
2021-10-13,"Johnson&Johnson, Moderna, Oxford/AstraZeneca, Pfizer/BioNTech",6125952,6022882,12148834
2021-10-14,"Johnson&Johnson, Moderna, Oxford/AstraZeneca, Pfizer/BioNTech",6129625,6027821,12157446
2021-10-15,"Johnson&Johnson, Moderna, Oxford/AstraZeneca, Pfizer/BioNTech",6134846,6033949,12168795
2021-10-16,"Johnson&Johnson, Moderna, Oxford/AstraZeneca, Pfizer/BioNTech",6136241,6035463,12171704
2021-10-17,"Johnson&Johnson, Moderna, Pfizer/BioNTech",6137560,6036514,12174074
2021-10-18,"Johnson&Johnson, Moderna, Oxford/AstraZeneca, Pfizer/BioNTech",6141669,6040603,12182272
2021-10-19,"Johnson&Johnson, Moderna, Oxford/AstraZeneca, Pfizer/BioNTech",6145211,6042686,12187897
2021-10-20,"Johnson&Johnson, Moderna, Oxford/AstraZeneca, Pfizer/BioNTech",6150059,6047127,12197186
2021-10-21,"Johnson&Johnson, Moderna, Oxford/AstraZeneca, Pfizer/BioNTech",6157786,6052713,12210499
2021-10-22,"Johnson&Johnson, Moderna, Oxford/AstraZeneca, Pfizer/BioNTech",6168216,6059208,12227424
2021-10-23,"Johnson&Johnson, Moderna, Pfizer/BioNTech",6171875,6061407,12233282
2021-10-24,"Johnson&Johnson, Moderna, Pfizer/BioNTech",6174556,6063178,12237734
2021-10-25,"Johnson&Johnson, Moderna, Oxford/AstraZeneca, Pfizer/BioNTech",6185012,6068970,12253982
2021-10-26,"Johnson&Johnson, Moderna, Oxford/AstraZeneca, Pfizer/BioNTech",6196867,6075499,12272366
2021-10-27,"Johnson&Johnson, Moderna, Oxford/AstraZeneca, Pfizer/BioNTech",6211353,6082891,12294244
2021-10-28,"Johnson&Johnson, Moderna, Pfizer/BioNTech",6214702,6084557,12299259
2021-10-29,"Johnson&Johnson, Moderna, Oxford/AstraZeneca, Pfizer/BioNTech",6229062,6092516,12321578
2021-10-30,"Johnson&Johnson, Moderna, Pfizer/BioNTech",6233584,6095427,12329011
2021-10-31,"Johnson&Johnson, Moderna, Oxford/AstraZeneca, Pfizer/BioNTech",6237338,6097893,12335231
2021-11-01,"Johnson&Johnson, Moderna, Oxford/AstraZeneca, Pfizer/BioNTech",6252430,6105575,12358005
2021-11-02,"Johnson&Johnson, Moderna, Oxford/AstraZeneca, Pfizer/BioNTech",6267697,6113110,12380807
2021-11-03,"Johnson&Johnson, Moderna, Oxford/AstraZeneca, Pfizer/BioNTech",6284767,6120395,12405162
2021-11-04,"Johnson&Johnson, Moderna, Oxford/AstraZeneca, Pfizer/BioNTech",6302955,6128556,12431511
2021-11-05,"Johnson&Johnson, Moderna, Oxford/AstraZeneca, Pfizer/BioNTech",6325632,6139809,12465441
2021-11-06,"Johnson&Johnson, Moderna, Oxford/AstraZeneca, Pfizer/BioNTech",6332115,6142856,12474971
2021-11-07,"Johnson&Johnson, Moderna, Oxford/AstraZeneca, Pfizer/BioNTech",6336128,6145286,12481414
2021-11-08,"Johnson&Johnson, Moderna, Oxford/AstraZeneca, Pfizer/BioNTech",6352277,6152908,12505185
2021-11-09,"Johnson&Johnson, Moderna, Oxford/AstraZeneca, Pfizer/BioNTech",6366977,6160193,12527170
2021-11-10,"Johnson&Johnson, Moderna, Oxford/AstraZeneca, Pfizer/BioNTech",6382594,6167553,12550147
2021-11-11,"Johnson&Johnson, Moderna, Oxford/AstraZeneca, Pfizer/BioNTech",6397923,6176623,12574546
2021-11-12,"Johnson&Johnson, Moderna, Oxford/AstraZeneca, Pfizer/BioNTech",6417500,6189367,12606867
2021-11-13,"Johnson&Johnson, Moderna, Oxford/AstraZeneca, Pfizer/BioNTech",6422847,6193220,12616067
2021-11-14,"Johnson&Johnson, Moderna, Oxford/AstraZeneca, Pfizer/BioNTech",6426704,6196213,12622917
2021-11-15,"Johnson&Johnson, Moderna, Oxford/AstraZeneca, Pfizer/BioNTech",6441727,6206875,12648602
2021-11-16,"Johnson&Johnson, Moderna, Oxford/AstraZeneca, Pfizer/BioNTech",6459165,6218743,12677908
2021-11-17,"Johnson&Johnson, Moderna, Oxford/AstraZeneca, Pfizer/BioNTech",6463346,6222292,12685638
2021-11-18,"Johnson&Johnson, Moderna, Oxford/AstraZeneca, Pfizer/BioNTech",6482622,6233927,12716549
2021-11-19,"Johnson&Johnson, Moderna, Oxford/AstraZeneca, Pfizer/BioNTech",6507031,6250811,12757842
2021-11-20,"Johnson&Johnson, Moderna, Oxford/AstraZeneca, Pfizer/BioNTech",6515543,6255761,12771304
2021-11-21,"Johnson&Johnson, Moderna, Oxford/AstraZeneca, Pfizer/BioNTech",6522286,6259514,12781800
2021-11-22,"Johnson&Johnson, Moderna, Oxford/AstraZeneca, Pfizer/BioNTech",6540578,6273510,12814088
2021-11-23,"Johnson&Johnson, Moderna, Oxford/AstraZeneca, Pfizer/BioNTech",6559489,6286586,12846075
2021-11-24,"Johnson&Johnson, Moderna, Oxford/AstraZeneca, Pfizer/BioNTech",6578337,6302286,12880623
2021-11-25,"Johnson&Johnson, Moderna, Oxford/AstraZeneca, Pfizer/BioNTech",6597332,6317150,12914482
2021-11-26,"Johnson&Johnson, Moderna, Oxford/AstraZeneca, Pfizer/BioNTech",6618701,6336022,12954723
2021-11-27,"Johnson&Johnson, Moderna, Oxford/AstraZeneca, Pfizer/BioNTech",6626078,6341513,12967591
2021-11-28,"Johnson&Johnson, Moderna, Pfizer/BioNTech",6629377,6344631,12974008
2021-11-29,"Johnson&Johnson, Moderna, Oxford/AstraZeneca, Pfizer/BioNTech",6644331,6358094,13002425
2021-11-30,"Johnson&Johnson, Moderna, Oxford/AstraZeneca, Pfizer/BioNTech",6657177,6368992,13026169
2021-12-01,"Johnson&Johnson, Moderna, Oxford/AstraZeneca, Pfizer/BioNTech",6670865,6381096,13051961
2021-12-02,"Johnson&Johnson, Moderna, Oxford/AstraZeneca, Pfizer/BioNTech",6680495,6392657,13073152
