date,vaccine,people_vaccinated,people_fully_vaccinated,total_vaccinations
2020-12-27,Pfizer/BioNTech,1272,0,1272
2020-12-28,Pfizer/BioNTech,3572,0,3572
2020-12-29,Pfizer/BioNTech,7027,0,7027
2020-12-30,Pfizer/BioNTech,10520,0,10520
2020-12-31,Pfizer/BioNTech,11821,0,11821
2021-01-01,"Moderna, Pfizer/BioNTech",12087,0,12087
2021-01-02,Pfizer/BioNTech,13360,0,13360
2021-01-03,Pfizer/BioNTech,14281,0,14281
2021-01-04,"Moderna, Pfizer/BioNTech",17879,0,17879
2021-01-05,"Moderna, Pfizer/BioNTech",22386,0,22386
2021-01-06,Pfizer/BioNTech,28233,0,28233
2021-01-07,"Moderna, Pfizer/BioNTech",36209,0,36209
2021-01-08,Pfizer/BioNTech,46205,0,46205
2021-01-09,"Moderna, Pfizer/BioNTech",48225,0,48225
2021-01-10,Pfizer/BioNTech,49982,2,49984
2021-01-11,Pfizer/BioNTech,59805,4,59809
2021-01-12,Pfizer/BioNTech,73213,6,73219
2021-01-13,Pfizer/BioNTech,86724,6,86730
2021-01-14,"Moderna, Pfizer/BioNTech",101917,8,101925
2021-01-15,"Moderna, Pfizer/BioNTech",115895,8,115903
2021-01-16,"Moderna, Pfizer/BioNTech",119272,10,119282
2021-01-17,"Moderna, Pfizer/BioNTech",121876,651,122527
2021-01-18,"Moderna, Pfizer/BioNTech",134351,2472,136823
2021-01-19,"Moderna, Pfizer/BioNTech",146911,5186,152097
2021-01-20,"Moderna, Pfizer/BioNTech",160553,7832,168385
2021-01-21,"Moderna, Pfizer/BioNTech",176169,9568,185737
2021-01-22,"Moderna, Pfizer/BioNTech",191012,10611,201623
2021-01-23,"Moderna, Pfizer/BioNTech",194311,11482,205793
2021-01-24,"Moderna, Pfizer/BioNTech",196559,12351,208910
2021-01-25,"Moderna, Pfizer/BioNTech",206184,15322,221506
2021-01-26,"Moderna, Pfizer/BioNTech",216715,19293,236008
2021-01-27,"Moderna, Pfizer/BioNTech",225732,23812,249544
2021-01-28,"Moderna, Pfizer/BioNTech",232807,29931,262738
2021-01-29,"Moderna, Pfizer/BioNTech",239002,37811,276813
2021-01-30,"Moderna, Pfizer/BioNTech",239734,38898,278632
2021-01-31,"Moderna, Pfizer/BioNTech",240443,40078,280521
2021-02-01,"Moderna, Pfizer/BioNTech",244407,48002,292409
2021-02-02,"Moderna, Pfizer/BioNTech",248534,58217,306751
2021-02-03,"Moderna, Pfizer/BioNTech",252943,69200,322143
2021-02-04,"Moderna, Pfizer/BioNTech",257833,82148,339981
2021-02-05,"Moderna, Pfizer/BioNTech",263282,92794,356076
2021-02-06,"Moderna, Pfizer/BioNTech",264123,95141,359264
2021-02-07,"Moderna, Pfizer/BioNTech",264971,97628,362599
2021-02-08,"Moderna, Oxford/AstraZeneca, Pfizer/BioNTech",269034,109011,378045
2021-02-09,"Moderna, Oxford/AstraZeneca, Pfizer/BioNTech",274117,120927,395044
2021-02-10,"Moderna, Pfizer/BioNTech",279607,134137,413744
2021-02-11,"Moderna, Oxford/AstraZeneca, Pfizer/BioNTech",285909,150311,436220
2021-02-12,"Moderna, Oxford/AstraZeneca, Pfizer/BioNTech",292653,164999,457652
2021-02-13,"Moderna, Oxford/AstraZeneca, Pfizer/BioNTech",294242,167979,462221
2021-02-14,"Moderna, Oxford/AstraZeneca, Pfizer/BioNTech",295233,169357,464590
2021-02-15,"Moderna, Oxford/AstraZeneca, Pfizer/BioNTech",301626,178689,480315
2021-02-16,"Moderna, Oxford/AstraZeneca, Pfizer/BioNTech",310331,187741,498072
2021-02-17,"Moderna, Oxford/AstraZeneca, Pfizer/BioNTech",320013,196029,516042
2021-02-18,"Moderna, Oxford/AstraZeneca, Pfizer/BioNTech",332315,204070,536385
2021-02-19,"Moderna, Oxford/AstraZeneca, Pfizer/BioNTech",344158,211388,555546
2021-02-20,"Moderna, Oxford/AstraZeneca, Pfizer/BioNTech",346139,212564,558703
2021-02-21,"Moderna, Oxford/AstraZeneca, Pfizer/BioNTech",347251,213581,560832
2021-02-22,"Moderna, Oxford/AstraZeneca, Pfizer/BioNTech",357366,219586,576952
2021-02-23,"Moderna, Oxford/AstraZeneca, Pfizer/BioNTech",370290,226546,596836
2021-02-24,"Moderna, Oxford/AstraZeneca, Pfizer/BioNTech",384147,232564,616711
2021-02-25,"Moderna, Oxford/AstraZeneca, Pfizer/BioNTech",402098,238096,640194
2021-02-26,"Moderna, Oxford/AstraZeneca, Pfizer/BioNTech",418250,243422,661672
2021-02-27,"Moderna, Oxford/AstraZeneca, Pfizer/BioNTech",421256,243972,665228
2021-02-28,"Moderna, Oxford/AstraZeneca, Pfizer/BioNTech",423599,244517,668116
2021-03-01,"Moderna, Oxford/AstraZeneca, Pfizer/BioNTech",443131,247941,691072
2021-03-02,"Moderna, Oxford/AstraZeneca, Pfizer/BioNTech",470329,251476,721805
2021-03-03,"Moderna, Oxford/AstraZeneca, Pfizer/BioNTech",501156,255963,757119
2021-03-04,"Moderna, Oxford/AstraZeneca, Pfizer/BioNTech",534357,260626,794983
2021-03-05,"Johnson&Johnson, Moderna, Oxford/AstraZeneca, Pfizer/BioNTech",563142,266024,829166
2021-03-06,"Johnson&Johnson, Moderna, Oxford/AstraZeneca, Pfizer/BioNTech",575268,266870,842138
2021-03-07,"Johnson&Johnson, Moderna, Oxford/AstraZeneca, Pfizer/BioNTech",586786,267703,854489
2021-03-08,"Johnson&Johnson, Moderna, Oxford/AstraZeneca, Pfizer/BioNTech",616465,272531,888996
2021-03-09,"Johnson&Johnson, Moderna, Oxford/AstraZeneca, Pfizer/BioNTech",652718,278890,931608
2021-03-10,"Moderna, Oxford/AstraZeneca, Pfizer/BioNTech",693969,285820,979789
2021-03-11,"Johnson&Johnson, Moderna, Oxford/AstraZeneca, Pfizer/BioNTech",738752,294170,1032922
2021-03-12,"Johnson&Johnson, Moderna, Oxford/AstraZeneca, Pfizer/BioNTech",777516,302615,1080131
2021-03-13,"Moderna, Oxford/AstraZeneca, Pfizer/BioNTech",794563,303903,1098466
2021-03-14,"Moderna, Oxford/AstraZeneca, Pfizer/BioNTech",806654,305038,1111692
2021-03-15,"Moderna, Oxford/AstraZeneca, Pfizer/BioNTech",835007,313805,1148812
2021-03-16,"Johnson&Johnson, Moderna, Oxford/AstraZeneca, Pfizer/BioNTech",873844,324318,1198162
2021-03-17,"Moderna, Oxford/AstraZeneca, Pfizer/BioNTech",911282,334799,1246081
2021-03-18,"Johnson&Johnson, Moderna, Oxford/AstraZeneca, Pfizer/BioNTech",949219,347191,1296410
2021-03-19,"Moderna, Oxford/AstraZeneca, Pfizer/BioNTech",983657,360777,1344434
2021-03-20,"Johnson&Johnson, Moderna, Oxford/AstraZeneca, Pfizer/BioNTech",998766,362792,1361558
2021-03-21,"Johnson&Johnson, Moderna, Oxford/AstraZeneca, Pfizer/BioNTech",1006156,364336,1370492
2021-03-22,"Johnson&Johnson, Moderna, Oxford/AstraZeneca, Pfizer/BioNTech",1030666,376819,1407485
2021-03-23,"Johnson&Johnson, Moderna, Oxford/AstraZeneca, Pfizer/BioNTech",1057261,390149,1447410
2021-03-24,"Johnson&Johnson, Moderna, Oxford/AstraZeneca, Pfizer/BioNTech",1084080,405854,1489934
2021-03-25,"Moderna, Oxford/AstraZeneca, Pfizer/BioNTech",1110369,423679,1534048
2021-03-26,"Moderna, Oxford/AstraZeneca, Pfizer/BioNTech",1135136,441155,1576291
2021-03-27,"Johnson&Johnson, Moderna, Oxford/AstraZeneca, Pfizer/BioNTech",1143551,445986,1589537
2021-03-28,"Moderna, Oxford/AstraZeneca, Pfizer/BioNTech",1149077,450117,1599194
2021-03-29,"Johnson&Johnson, Moderna, Oxford/AstraZeneca, Pfizer/BioNTech",1168147,470806,1638953
2021-03-30,"Johnson&Johnson, Moderna, Oxford/AstraZeneca, Pfizer/BioNTech",1192801,492962,1685763
2021-03-31,"Johnson&Johnson, Moderna, Oxford/AstraZeneca, Pfizer/BioNTech",1215850,519995,1735845
2021-04-01,"Johnson&Johnson, Moderna, Oxford/AstraZeneca, Pfizer/BioNTech",1241412,552013,1793425
2021-04-02,"Johnson&Johnson, Moderna, Oxford/AstraZeneca, Pfizer/BioNTech",1248291,564791,1813082
2021-04-03,"Johnson&Johnson, Moderna, Oxford/AstraZeneca, Pfizer/BioNTech",1251885,575695,1827580
2021-04-04,"Johnson&Johnson, Moderna, Oxford/AstraZeneca, Pfizer/BioNTech",1254371,584589,1838960
2021-04-05,"Johnson&Johnson, Moderna, Oxford/AstraZeneca, Pfizer/BioNTech",1256740,591758,1848498
2021-04-06,"Johnson&Johnson, Moderna, Oxford/AstraZeneca, Pfizer/BioNTech",1272824,620972,1893796
2021-04-07,"Johnson&Johnson, Moderna, Oxford/AstraZeneca, Pfizer/BioNTech",1296183,643160,1939343
2021-04-08,"Johnson&Johnson, Moderna, Oxford/AstraZeneca, Pfizer/BioNTech",1334808,674147,2008955
2021-04-09,"Johnson&Johnson, Moderna, Oxford/AstraZeneca, Pfizer/BioNTech",1374275,704305,2078580
2021-04-10,"Johnson&Johnson, Moderna, Oxford/AstraZeneca, Pfizer/BioNTech",1389717,719576,2109293
2021-04-11,"Johnson&Johnson, Moderna, Oxford/AstraZeneca, Pfizer/BioNTech",1399460,729590,2129050
2021-04-12,"Johnson&Johnson, Moderna, Oxford/AstraZeneca, Pfizer/BioNTech",1437670,754677,2192347
2021-04-13,"Moderna, Oxford/AstraZeneca, Pfizer/BioNTech",1473867,780668,2254535
2021-04-14,"Moderna, Oxford/AstraZeneca, Pfizer/BioNTech",1512628,807996,2320624
2021-04-15,"Moderna, Oxford/AstraZeneca, Pfizer/BioNTech",1560342,833682,2394024
2021-04-16,"Moderna, Oxford/AstraZeneca, Pfizer/BioNTech",1604916,859280,2464196
2021-04-17,"Moderna, Oxford/AstraZeneca, Pfizer/BioNTech",1621562,868290,2489852
2021-04-18,"Moderna, Oxford/AstraZeneca, Pfizer/BioNTech",1634519,873264,2507783
2021-04-19,"Moderna, Oxford/AstraZeneca, Pfizer/BioNTech",1678479,888695,2567174
2021-04-20,"Johnson&Johnson, Moderna, Oxford/AstraZeneca, Pfizer/BioNTech",1720987,904537,2625524
2021-04-21,"Moderna, Oxford/AstraZeneca, Pfizer/BioNTech",1768677,918806,2687483
2021-04-22,"Johnson&Johnson, Moderna, Oxford/AstraZeneca, Pfizer/BioNTech",1823126,936162,2759288
2021-04-23,"Johnson&Johnson, Moderna, Oxford/AstraZeneca, Pfizer/BioNTech",1873041,948182,2821223
2021-04-24,"Johnson&Johnson, Moderna, Oxford/AstraZeneca, Pfizer/BioNTech",1890846,953411,2844257
2021-04-25,"Johnson&Johnson, Moderna, Oxford/AstraZeneca, Pfizer/BioNTech",1905514,957392,2862906
2021-04-26,"Johnson&Johnson, Moderna, Oxford/AstraZeneca, Pfizer/BioNTech",1955074,964928,2920002
2021-04-27,"Johnson&Johnson, Moderna, Oxford/AstraZeneca, Pfizer/BioNTech",2004022,977118,2981140
2021-04-28,"Johnson&Johnson, Moderna, Oxford/AstraZeneca, Pfizer/BioNTech",2062738,991078,3053816
2021-04-29,"Johnson&Johnson, Moderna, Oxford/AstraZeneca, Pfizer/BioNTech",2128269,1006917,3135186
2021-04-30,"Johnson&Johnson, Moderna, Oxford/AstraZeneca, Pfizer/BioNTech",2190448,1016832,3207280
2021-05-01,"Johnson&Johnson, Moderna, Oxford/AstraZeneca, Pfizer/BioNTech",2209738,1020247,3229985
2021-05-02,"Johnson&Johnson, Moderna, Oxford/AstraZeneca, Pfizer/BioNTech",2228628,1022495,3251123
2021-05-03,"Johnson&Johnson, Moderna, Oxford/AstraZeneca, Pfizer/BioNTech",2295844,1027539,3323383
2021-05-04,"Johnson&Johnson, Moderna, Oxford/AstraZeneca, Pfizer/BioNTech",2362302,1035829,3398131
2021-05-05,"Johnson&Johnson, Moderna, Oxford/AstraZeneca, Pfizer/BioNTech",2435417,1045187,3480604
2021-05-06,"Johnson&Johnson, Moderna, Oxford/AstraZeneca, Pfizer/BioNTech",2515770,1055818,3571588
2021-05-07,"Johnson&Johnson, Moderna, Oxford/AstraZeneca, Pfizer/BioNTech",2593028,1065847,3658875
2021-05-08,"Johnson&Johnson, Moderna, Oxford/AstraZeneca, Pfizer/BioNTech",2622425,1067571,3689996
2021-05-09,"Johnson&Johnson, Moderna, Oxford/AstraZeneca, Pfizer/BioNTech",2646591,1068757,3715348
2021-05-10,"Johnson&Johnson, Moderna, Oxford/AstraZeneca, Pfizer/BioNTech",2719314,1075932,3795246
2021-05-11,"Johnson&Johnson, Moderna, Oxford/AstraZeneca, Pfizer/BioNTech",2795378,1084696,3880074
2021-05-12,"Johnson&Johnson, Moderna, Oxford/AstraZeneca, Pfizer/BioNTech",2875192,1093728,3968920
2021-05-13,"Johnson&Johnson, Moderna, Oxford/AstraZeneca, Pfizer/BioNTech",2959181,1102852,4062033
2021-05-14,"Johnson&Johnson, Moderna, Oxford/AstraZeneca, Pfizer/BioNTech",3038573,1110574,4149147
2021-05-15,"Johnson&Johnson, Moderna, Oxford/AstraZeneca, Pfizer/BioNTech",3070406,1112761,4183167
2021-05-16,"Johnson&Johnson, Moderna, Oxford/AstraZeneca, Pfizer/BioNTech",3096149,1113999,4210148
2021-05-17,"Johnson&Johnson, Moderna, Oxford/AstraZeneca, Pfizer/BioNTech",3168626,1120676,4289302
2021-05-18,"Johnson&Johnson, Moderna, Oxford/AstraZeneca, Pfizer/BioNTech",3240526,1133658,4374184
2021-05-19,"Johnson&Johnson, Moderna, Oxford/AstraZeneca, Pfizer/BioNTech",3317960,1148742,4466702
2021-05-20,"Johnson&Johnson, Moderna, Oxford/AstraZeneca, Pfizer/BioNTech",3393364,1175699,4569063
2021-05-21,"Johnson&Johnson, Moderna, Oxford/AstraZeneca, Pfizer/BioNTech",3462109,1203371,4665480
2021-05-22,"Johnson&Johnson, Moderna, Oxford/AstraZeneca, Pfizer/BioNTech",3494435,1214502,4708937
2021-05-23,"Johnson&Johnson, Moderna, Oxford/AstraZeneca, Pfizer/BioNTech",3516737,1223501,4740238
2021-05-24,"Johnson&Johnson, Moderna, Oxford/AstraZeneca, Pfizer/BioNTech",3563808,1257091,4820899
2021-05-25,"Johnson&Johnson, Moderna, Oxford/AstraZeneca, Pfizer/BioNTech",3615636,1292825,4908461
2021-05-26,"Johnson&Johnson, Moderna, Oxford/AstraZeneca, Pfizer/BioNTech",3683354,1330295,5013649
2021-05-27,"Johnson&Johnson, Moderna, Oxford/AstraZeneca, Pfizer/BioNTech",3744695,1377552,5122247
2021-05-28,"Johnson&Johnson, Moderna, Oxford/AstraZeneca, Pfizer/BioNTech",3806352,1424030,5230382
2021-05-29,"Johnson&Johnson, Moderna, Oxford/AstraZeneca, Pfizer/BioNTech",3835492,1441096,5276588
2021-05-30,"Johnson&Johnson, Moderna, Oxford/AstraZeneca, Pfizer/BioNTech",3857830,1455497,5313327
2021-05-31,"Johnson&Johnson, Moderna, Oxford/AstraZeneca, Pfizer/BioNTech",3913538,1502984,5416522
2021-06-01,"Johnson&Johnson, Moderna, Oxford/AstraZeneca, Pfizer/BioNTech",3972543,1551733,5524276
2021-06-02,"Johnson&Johnson, Moderna, Oxford/AstraZeneca, Pfizer/BioNTech",4035400,1605617,5641017
2021-06-03,"Johnson&Johnson, Moderna, Oxford/AstraZeneca, Pfizer/BioNTech",4093616,1665751,5759367
2021-06-04,"Johnson&Johnson, Moderna, Oxford/AstraZeneca, Pfizer/BioNTech",4156681,1723053,5879734
2021-06-05,"Johnson&Johnson, Moderna, Oxford/AstraZeneca, Pfizer/BioNTech",4190809,1741816,5932625
2021-06-06,"Johnson&Johnson, Moderna, Oxford/AstraZeneca, Pfizer/BioNTech",4217707,1756903,5974610
2021-06-07,"Johnson&Johnson, Moderna, Oxford/AstraZeneca, Pfizer/BioNTech",4281372,1812456,6093828
2021-06-08,"Johnson&Johnson, Moderna, Oxford/AstraZeneca, Pfizer/BioNTech",4345326,1867346,6212672
2021-06-09,"Johnson&Johnson, Moderna, Oxford/AstraZeneca, Pfizer/BioNTech",4404495,1931668,6336163
2021-06-10,"Johnson&Johnson, Moderna, Oxford/AstraZeneca, Pfizer/BioNTech",4458366,2002654,6461020
2021-06-11,"Johnson&Johnson, Moderna, Oxford/AstraZeneca, Pfizer/BioNTech",4510444,2072252,6582696
2021-06-12,"Johnson&Johnson, Moderna, Oxford/AstraZeneca, Pfizer/BioNTech",4542418,2092972,6635390
2021-06-13,"Johnson&Johnson, Moderna, Oxford/AstraZeneca, Pfizer/BioNTech",4566422,2111321,6677743
2021-06-14,"Johnson&Johnson, Moderna, Oxford/AstraZeneca, Pfizer/BioNTech",4609436,2185599,6795035
2021-06-15,"Johnson&Johnson, Moderna, Oxford/AstraZeneca, Pfizer/BioNTech",4654062,2257833,6911895
2021-06-16,"Johnson&Johnson, Moderna, Oxford/AstraZeneca, Pfizer/BioNTech",4696788,2335922,7032710
2021-06-17,"Johnson&Johnson, Moderna, Oxford/AstraZeneca, Pfizer/BioNTech",4736153,2418858,7155011
2021-06-18,"Johnson&Johnson, Moderna, Oxford/AstraZeneca, Pfizer/BioNTech",4778523,2499226,7277749
2021-06-19,"Johnson&Johnson, Moderna, Oxford/AstraZeneca, Pfizer/BioNTech",4800252,2528433,7328685
2021-06-20,"Johnson&Johnson, Moderna, Oxford/AstraZeneca, Pfizer/BioNTech",4817610,2552189,7369799
2021-06-21,"Johnson&Johnson, Moderna, Oxford/AstraZeneca, Pfizer/BioNTech",4850114,2630649,7480763
2021-06-22,"Johnson&Johnson, Moderna, Oxford/AstraZeneca, Pfizer/BioNTech",4883061,2712790,7595851
2021-06-23,"Johnson&Johnson, Moderna, Oxford/AstraZeneca, Pfizer/BioNTech",4914703,2797901,7712604
2021-06-24,"Johnson&Johnson, Moderna, Oxford/AstraZeneca, Pfizer/BioNTech",4944533,2887822,7832355
2021-06-25,"Johnson&Johnson, Moderna, Oxford/AstraZeneca, Pfizer/BioNTech",4975564,2973829,7949393
2021-06-26,"Johnson&Johnson, Moderna, Oxford/AstraZeneca, Pfizer/BioNTech",4991413,3008558,7999971
2021-06-27,"Johnson&Johnson, Moderna, Oxford/AstraZeneca, Pfizer/BioNTech",5005350,3035138,8040488
2021-06-28,"Johnson&Johnson, Moderna, Oxford/AstraZeneca, Pfizer/BioNTech",5033765,3120211,8153976
2021-06-29,"Johnson&Johnson, Moderna, Oxford/AstraZeneca, Pfizer/BioNTech",5063008,3206580,8269588
2021-06-30,"Johnson&Johnson, Moderna, Oxford/AstraZeneca, Pfizer/BioNTech",5090500,3297423,8387923
2021-07-01,"Johnson&Johnson, Moderna, Oxford/AstraZeneca, Pfizer/BioNTech",5114441,3387333,8501774
2021-07-02,"Johnson&Johnson, Moderna, Oxford/AstraZeneca, Pfizer/BioNTech",5141153,3473019,8614172
2021-07-03,"Johnson&Johnson, Moderna, Oxford/AstraZeneca, Pfizer/BioNTech",5148221,3504461,8652682
2021-07-04,"Johnson&Johnson, Moderna, Oxford/AstraZeneca, Pfizer/BioNTech",5155762,3526214,8681976
2021-07-05,"Johnson&Johnson, Moderna, Oxford/AstraZeneca, Pfizer/BioNTech",5163105,3551522,8714627
2021-07-06,"Johnson&Johnson, Moderna, Oxford/AstraZeneca, Pfizer/BioNTech",5168493,3579077,8747570
2021-07-07,"Johnson&Johnson, Moderna, Oxford/AstraZeneca, Pfizer/BioNTech",5194276,3657930,8852206
2021-07-08,"Johnson&Johnson, Moderna, Oxford/AstraZeneca, Pfizer/BioNTech",5220851,3728134,8948985
2021-07-09,"Johnson&Johnson, Moderna, Oxford/AstraZeneca, Pfizer/BioNTech",5248747,3797278,9046025
2021-07-10,"Johnson&Johnson, Moderna, Oxford/AstraZeneca, Pfizer/BioNTech",5258078,3825831,9083909
2021-07-11,"Johnson&Johnson, Moderna, Oxford/AstraZeneca, Pfizer/BioNTech",5266590,3848669,9115259
2021-07-12,"Johnson&Johnson, Moderna, Oxford/AstraZeneca, Pfizer/BioNTech",5294110,3917662,9211772
2021-07-13,"Johnson&Johnson, Moderna, Oxford/AstraZeneca, Pfizer/BioNTech",5320304,3987430,9307734
2021-07-14,"Johnson&Johnson, Moderna, Oxford/AstraZeneca, Pfizer/BioNTech",5346133,4059310,9405443
2021-07-15,"Johnson&Johnson, Moderna, Oxford/AstraZeneca, Pfizer/BioNTech",5375330,4125208,9500538
2021-07-16,"Johnson&Johnson, Moderna, Oxford/AstraZeneca, Pfizer/BioNTech",5403250,4197800,9601050
2021-07-17,"Johnson&Johnson, Moderna, Oxford/AstraZeneca, Pfizer/BioNTech",5411997,4229173,9641170
2021-07-18,"Johnson&Johnson, Moderna, Oxford/AstraZeneca, Pfizer/BioNTech",5420428,4255129,9675557
2021-07-19,"Johnson&Johnson, Moderna, Oxford/AstraZeneca, Pfizer/BioNTech",5443759,4322057,9765816
2021-07-20,"Johnson&Johnson, Moderna, Oxford/AstraZeneca, Pfizer/BioNTech",5465130,4388997,9854127
2021-07-21,"Johnson&Johnson, Moderna, Oxford/AstraZeneca, Pfizer/BioNTech",5488558,4452335,9940893
2021-07-22,"Johnson&Johnson, Moderna, Oxford/AstraZeneca, Pfizer/BioNTech",5510892,4510846,10021738
2021-07-23,"Johnson&Johnson, Moderna, Oxford/AstraZeneca, Pfizer/BioNTech",5534058,4565463,10099521
2021-07-24,"Johnson&Johnson, Moderna, Oxford/AstraZeneca, Pfizer/BioNTech",5541351,4593050,10134401
2021-07-25,"Johnson&Johnson, Moderna, Oxford/AstraZeneca, Pfizer/BioNTech",5547946,4615041,10162987
2021-07-26,"Johnson&Johnson, Moderna, Oxford/AstraZeneca, Pfizer/BioNTech",5571441,4663581,10235022
2021-07-27,"Johnson&Johnson, Moderna, Oxford/AstraZeneca, Pfizer/BioNTech",5594117,4710094,10304211
2021-07-28,"Johnson&Johnson, Moderna, Oxford/AstraZeneca, Pfizer/BioNTech",5615333,4755955,10371288
2021-07-29,"Johnson&Johnson, Moderna, Oxford/AstraZeneca, Pfizer/BioNTech",5636607,4797779,10434386
2021-07-30,"Johnson&Johnson, Moderna, Oxford/AstraZeneca, Pfizer/BioNTech",5659861,4840222,10500083
2021-07-31,"Johnson&Johnson, Moderna, Oxford/AstraZeneca, Pfizer/BioNTech",5668776,4859706,10528482
2021-08-01,"Johnson&Johnson, Moderna, Oxford/AstraZeneca, Pfizer/BioNTech",5675483,4875830,10551313
2021-08-02,"Johnson&Johnson, Moderna, Oxford/AstraZeneca, Pfizer/BioNTech",5694068,4913286,10607354
2021-08-03,"Johnson&Johnson, Moderna, Oxford/AstraZeneca, Pfizer/BioNTech",5711662,4951296,10662958
2021-08-04,"Johnson&Johnson, Moderna, Oxford/AstraZeneca, Pfizer/BioNTech",5727710,4987932,10715642
2021-08-05,"Johnson&Johnson, Moderna, Oxford/AstraZeneca, Pfizer/BioNTech",5743692,5028298,10771990
2021-08-06,"Johnson&Johnson, Moderna, Oxford/AstraZeneca, Pfizer/BioNTech",5760441,5071457,10831898
2021-08-07,"Johnson&Johnson, Moderna, Oxford/AstraZeneca, Pfizer/BioNTech",5766010,5089569,10855579
2021-08-08,"Johnson&Johnson, Moderna, Oxford/AstraZeneca, Pfizer/BioNTech",5770357,5105279,10875636
2021-08-09,"Johnson&Johnson, Moderna, Oxford/AstraZeneca, Pfizer/BioNTech",5782968,5150254,10933222
2021-08-10,"Johnson&Johnson, Moderna, Oxford/AstraZeneca, Pfizer/BioNTech",5794768,5189727,10984495
2021-08-11,"Johnson&Johnson, Moderna, Oxford/AstraZeneca, Pfizer/BioNTech",5806097,5232779,11038876
2021-08-12,"Johnson&Johnson, Moderna, Oxford/AstraZeneca, Pfizer/BioNTech",5817477,5269767,11087244
2021-08-13,"Johnson&Johnson, Moderna, Oxford/AstraZeneca, Pfizer/BioNTech",5828130,5309990,11138120
2021-08-14,"Johnson&Johnson, Moderna, Oxford/AstraZeneca, Pfizer/BioNTech",5831463,5320649,11152112
2021-08-15,"Johnson&Johnson, Moderna, Oxford/AstraZeneca, Pfizer/BioNTech",5834033,5330994,11165027
2021-08-16,"Johnson&Johnson, Moderna, Oxford/AstraZeneca, Pfizer/BioNTech",5843792,5364978,11208770
2021-08-17,"Johnson&Johnson, Moderna, Oxford/AstraZeneca, Pfizer/BioNTech",5853346,5392004,11245350
2021-08-18,"Johnson&Johnson, Moderna, Oxford/AstraZeneca, Pfizer/BioNTech",5862693,5430789,11293482
2021-08-19,"Johnson&Johnson, Moderna, Oxford/AstraZeneca, Pfizer/BioNTech",5872287,5469056,11341343
2021-08-20,"Johnson&Johnson, Moderna, Oxford/AstraZeneca, Pfizer/BioNTech",5883599,5509159,11392758
2021-08-21,"Johnson&Johnson, Moderna, Oxford/AstraZeneca, Pfizer/BioNTech",5886298,5521886,11408184
2021-08-22,"Johnson&Johnson, Moderna, Oxford/AstraZeneca, Pfizer/BioNTech",5888633,5533826,11422459
2021-08-23,"Johnson&Johnson, Moderna, Oxford/AstraZeneca, Pfizer/BioNTech",5899123,5572986,11472109
2021-08-24,"Johnson&Johnson, Moderna, Oxford/AstraZeneca, Pfizer/BioNTech",5908949,5606161,11515110
2021-08-25,"Johnson&Johnson, Moderna, Oxford/AstraZeneca, Pfizer/BioNTech",5917764,5634448,11552212
2021-08-26,"Johnson&Johnson, Moderna, Oxford/AstraZeneca, Pfizer/BioNTech",5926152,5660490,11586642
2021-08-27,"Johnson&Johnson, Moderna, Oxford/AstraZeneca, Pfizer/BioNTech",5936421,5686362,11622783
2021-08-28,"Johnson&Johnson, Moderna, Oxford/AstraZeneca, Pfizer/BioNTech",5939132,5693371,11632503
2021-08-29,"Johnson&Johnson, Moderna, Oxford/AstraZeneca, Pfizer/BioNTech",5941529,5699978,11641507
2021-08-30,"Johnson&Johnson, Moderna, Oxford/AstraZeneca, Pfizer/BioNTech",5950000,5721774,11671774
2021-08-31,"Johnson&Johnson, Moderna, Oxford/AstraZeneca, Pfizer/BioNTech",5957608,5739784,11697392
2021-09-01,"Johnson&Johnson, Moderna, Oxford/AstraZeneca, Pfizer/BioNTech",5963406,5753698,11717104
2021-09-02,"Johnson&Johnson, Moderna, Oxford/AstraZeneca, Pfizer/BioNTech",5970093,5768008,11738101
2021-09-03,"Johnson&Johnson, Moderna, Oxford/AstraZeneca, Pfizer/BioNTech",5979485,5783620,11763105
2021-09-04,"Johnson&Johnson, Moderna, Oxford/AstraZeneca, Pfizer/BioNTech",5981520,5787143,11768663
2021-09-05,"Johnson&Johnson, Moderna, Pfizer/BioNTech",5983546,5789964,11773510
2021-09-06,"Johnson&Johnson, Moderna, Oxford/AstraZeneca, Pfizer/BioNTech",5989567,5802372,11791939
2021-09-07,"Johnson&Johnson, Moderna, Oxford/AstraZeneca, Pfizer/BioNTech",5993844,5813356,11807200
2021-09-08,"Johnson&Johnson, Moderna, Oxford/AstraZeneca, Pfizer/BioNTech",5999376,5823143,11822519
2021-09-09,"Johnson&Johnson, Moderna, Oxford/AstraZeneca, Pfizer/BioNTech",6005914,5833133,11839047
2021-09-10,"Johnson&Johnson, Moderna, Oxford/AstraZeneca, Pfizer/BioNTech",6013402,5845172,11858574
2021-09-11,"Johnson&Johnson, Moderna, Pfizer/BioNTech",6015247,5847632,11862879
2021-09-12,"Johnson&Johnson, Moderna, Oxford/AstraZeneca, Pfizer/BioNTech",6016348,5849243,11865591
2021-09-13,"Johnson&Johnson, Moderna, Oxford/AstraZeneca, Pfizer/BioNTech",6021654,5859434,11881088
2021-09-14,"Johnson&Johnson, Moderna, Oxford/AstraZeneca, Pfizer/BioNTech",6026918,5868346,11895264
2021-09-15,"Johnson&Johnson, Moderna, Oxford/AstraZeneca, Pfizer/BioNTech",6032004,5876772,11908776
2021-09-16,"Johnson&Johnson, Moderna, Oxford/AstraZeneca, Pfizer/BioNTech",6037147,5884955,11922102
2021-09-17,"Johnson&Johnson, Moderna, Oxford/AstraZeneca, Pfizer/BioNTech",6043491,5895004,11938495
2021-09-18,"Johnson&Johnson, Moderna, Pfizer/BioNTech",6045187,5897328,11942515
2021-09-19,"Johnson&Johnson, Moderna, Pfizer/BioNTech",6046117,5898881,11944998
2021-09-20,"Johnson&Johnson, Moderna, Oxford/AstraZeneca, Pfizer/BioNTech",6049931,5906925,11956856
2021-09-21,"Johnson&Johnson, Moderna, Oxford/AstraZeneca, Pfizer/BioNTech",6053902,5914350,11968252
2021-09-22,"Johnson&Johnson, Moderna, Oxford/AstraZeneca, Pfizer/BioNTech",6057912,5919746,11977658
2021-09-23,"Johnson&Johnson, Moderna, Oxford/AstraZeneca, Pfizer/BioNTech",6062763,5926025,11988788
2021-09-24,"Johnson&Johnson, Moderna, Oxford/AstraZeneca, Pfizer/BioNTech",6068276,5935408,12003684
2021-09-25,"Johnson&Johnson, Moderna, Oxford/AstraZeneca, Pfizer/BioNTech",6069718,5937347,12007065
2021-09-26,"Johnson&Johnson, Moderna, Pfizer/BioNTech",6070450,5938956,12009406
2021-09-27,"Johnson&Johnson, Moderna, Oxford/AstraZeneca, Pfizer/BioNTech",6074019,5945144,12019163
2021-09-28,"Johnson&Johnson, Moderna, Pfizer/BioNTech",6074194,5945573,12019767
