date,vaccine,people_vaccinated,people_fully_vaccinated,total_vaccinations
2020-12-27,Pfizer/BioNTech,1284,0,1284
2020-12-28,Pfizer/BioNTech,3585,0,3585
2020-12-29,Pfizer/BioNTech,7048,1,7049
2020-12-30,Pfizer/BioNTech,10571,1,10572
2020-12-31,Pfizer/BioNTech,11878,1,11879
2021-01-01,"Moderna, Pfizer/BioNTech",12148,1,12149
2021-01-02,"Moderna, Pfizer/BioNTech",13430,1,13431
2021-01-03,"Moderna, Pfizer/BioNTech",14356,1,14357
2021-01-04,"Moderna, Pfizer/BioNTech",17971,1,17972
2021-01-05,"Moderna, Pfizer/BioNTech",22499,3,22502
2021-01-06,"Moderna, Pfizer/BioNTech",28345,4,28349
2021-01-07,"Moderna, Pfizer/BioNTech",36335,4,36339
2021-01-08,"Moderna, Pfizer/BioNTech",46380,5,46385
2021-01-09,"Moderna, Pfizer/BioNTech",48408,6,48414
2021-01-10,Pfizer/BioNTech,50180,8,50188
2021-01-11,"Moderna, Pfizer/BioNTech",60035,10,60045
2021-01-12,"Moderna, Pfizer/BioNTech",73485,12,73497
2021-01-13,"Moderna, Pfizer/BioNTech",87028,12,87040
2021-01-14,"Moderna, Pfizer/BioNTech",102272,16,102288
2021-01-15,"Moderna, Pfizer/BioNTech",116287,17,116304
2021-01-16,"Moderna, Pfizer/BioNTech",119691,21,119712
2021-01-17,"Moderna, Pfizer/BioNTech",122312,655,122967
2021-01-18,"Moderna, Pfizer/BioNTech",134744,2478,137222
2021-01-19,"Moderna, Pfizer/BioNTech",147282,5201,152483
2021-01-20,"Moderna, Pfizer/BioNTech",160890,7863,168753
2021-01-21,"Moderna, Pfizer/BioNTech",176516,9605,186121
2021-01-22,"Moderna, Pfizer/BioNTech",191406,10648,202054
2021-01-23,"Moderna, Pfizer/BioNTech",194727,11527,206254
2021-01-24,"Moderna, Pfizer/BioNTech",196983,12397,209380
2021-01-25,"Moderna, Pfizer/BioNTech",206636,15372,222008
2021-01-26,"Moderna, Pfizer/BioNTech",217185,19365,236550
2021-01-27,"Moderna, Pfizer/BioNTech",226218,23899,250117
2021-01-28,"Moderna, Pfizer/BioNTech",233321,30023,263344
2021-01-29,"Moderna, Pfizer/BioNTech",239540,37925,277465
2021-01-30,"Moderna, Pfizer/BioNTech",240281,39013,279294
2021-01-31,"Moderna, Pfizer/BioNTech",240999,40195,281194
2021-02-01,"Moderna, Pfizer/BioNTech",244979,48158,293137
2021-02-02,"Moderna, Pfizer/BioNTech",249132,58393,307525
2021-02-03,"Moderna, Pfizer/BioNTech",253558,69416,322974
2021-02-04,"Moderna, Pfizer/BioNTech",258465,82397,340862
2021-02-05,"Moderna, Pfizer/BioNTech",263936,93066,357002
2021-02-06,"Moderna, Oxford/AstraZeneca, Pfizer/BioNTech",264793,95433,360226
2021-02-07,"Moderna, Oxford/AstraZeneca, Pfizer/BioNTech",265644,97933,363577
2021-02-08,"Moderna, Oxford/AstraZeneca, Pfizer/BioNTech",269739,109311,379050
2021-02-09,"Moderna, Oxford/AstraZeneca, Pfizer/BioNTech",274845,121156,396001
2021-02-10,"Moderna, Oxford/AstraZeneca, Pfizer/BioNTech",280361,134340,414701
2021-02-11,"Moderna, Oxford/AstraZeneca, Pfizer/BioNTech",286690,150539,437229
2021-02-12,"Moderna, Oxford/AstraZeneca, Pfizer/BioNTech",293518,165280,458798
2021-02-13,"Moderna, Oxford/AstraZeneca, Pfizer/BioNTech",295132,168269,463401
2021-02-14,"Moderna, Oxford/AstraZeneca, Pfizer/BioNTech",296135,169655,465790
2021-02-15,"Moderna, Oxford/AstraZeneca, Pfizer/BioNTech",302531,179024,481555
2021-02-16,"Moderna, Oxford/AstraZeneca, Pfizer/BioNTech",311252,188108,499360
2021-02-17,"Moderna, Oxford/AstraZeneca, Pfizer/BioNTech",320952,196417,517369
2021-02-18,"Moderna, Oxford/AstraZeneca, Pfizer/BioNTech",333275,204500,537775
2021-02-19,"Moderna, Oxford/AstraZeneca, Pfizer/BioNTech",345129,211879,557008
2021-02-20,"Moderna, Oxford/AstraZeneca, Pfizer/BioNTech",347138,213065,560203
2021-02-21,"Moderna, Oxford/AstraZeneca, Pfizer/BioNTech",348274,214091,562365
2021-02-22,"Moderna, Oxford/AstraZeneca, Pfizer/BioNTech",358392,220126,578518
2021-02-23,"Moderna, Oxford/AstraZeneca, Pfizer/BioNTech",371353,227118,598471
2021-02-24,"Moderna, Oxford/AstraZeneca, Pfizer/BioNTech",385236,233159,618395
2021-02-25,"Moderna, Oxford/AstraZeneca, Pfizer/BioNTech",403218,238710,641928
2021-02-26,"Moderna, Oxford/AstraZeneca, Pfizer/BioNTech",419384,244072,663456
2021-02-27,"Moderna, Oxford/AstraZeneca, Pfizer/BioNTech",422394,244632,667026
2021-02-28,"Moderna, Oxford/AstraZeneca, Pfizer/BioNTech",424752,245184,669936
2021-03-01,"Moderna, Oxford/AstraZeneca, Pfizer/BioNTech",444334,248632,692966
2021-03-02,"Moderna, Oxford/AstraZeneca, Pfizer/BioNTech",471560,252181,723741
2021-03-03,"Moderna, Oxford/AstraZeneca, Pfizer/BioNTech",502515,256691,759206
2021-03-04,"Moderna, Oxford/AstraZeneca, Pfizer/BioNTech",535810,261381,797191
2021-03-05,"Johnson&Johnson, Moderna, Oxford/AstraZeneca, Pfizer/BioNTech",564646,266806,831452
2021-03-06,"Johnson&Johnson, Moderna, Oxford/AstraZeneca, Pfizer/BioNTech",576801,267671,844472
2021-03-07,"Johnson&Johnson, Moderna, Oxford/AstraZeneca, Pfizer/BioNTech",588350,268512,856862
2021-03-08,"Johnson&Johnson, Moderna, Oxford/AstraZeneca, Pfizer/BioNTech",618101,273374,891475
2021-03-09,"Johnson&Johnson, Moderna, Oxford/AstraZeneca, Pfizer/BioNTech",654457,279760,934217
2021-03-10,"Johnson&Johnson, Moderna, Oxford/AstraZeneca, Pfizer/BioNTech",695791,286720,982511
2021-03-11,"Johnson&Johnson, Moderna, Oxford/AstraZeneca, Pfizer/BioNTech",740641,295083,1035724
2021-03-12,"Johnson&Johnson, Moderna, Oxford/AstraZeneca, Pfizer/BioNTech",779409,303578,1082987
2021-03-13,"Johnson&Johnson, Moderna, Oxford/AstraZeneca, Pfizer/BioNTech",796517,304892,1101409
2021-03-14,"Johnson&Johnson, Moderna, Oxford/AstraZeneca, Pfizer/BioNTech",808636,306048,1114684
2021-03-15,"Johnson&Johnson, Moderna, Oxford/AstraZeneca, Pfizer/BioNTech",837022,314826,1151848
2021-03-16,"Johnson&Johnson, Moderna, Oxford/AstraZeneca, Pfizer/BioNTech",875911,325364,1201275
2021-03-17,"Moderna, Oxford/AstraZeneca, Pfizer/BioNTech",913398,335876,1249274
2021-03-18,"Johnson&Johnson, Moderna, Oxford/AstraZeneca, Pfizer/BioNTech",951404,348293,1299697
2021-03-19,"Moderna, Oxford/AstraZeneca, Pfizer/BioNTech",985917,361896,1347813
2021-03-20,"Johnson&Johnson, Moderna, Oxford/AstraZeneca, Pfizer/BioNTech",1001101,363928,1365029
2021-03-21,"Johnson&Johnson, Moderna, Oxford/AstraZeneca, Pfizer/BioNTech",1008543,365488,1374031
2021-03-22,"Johnson&Johnson, Moderna, Oxford/AstraZeneca, Pfizer/BioNTech",1033125,377966,1411091
2021-03-23,"Johnson&Johnson, Moderna, Oxford/AstraZeneca, Pfizer/BioNTech",1059799,391326,1451125
2021-03-24,"Johnson&Johnson, Moderna, Oxford/AstraZeneca, Pfizer/BioNTech",1086684,407071,1493755
2021-03-25,"Johnson&Johnson, Moderna, Oxford/AstraZeneca, Pfizer/BioNTech",1113037,424927,1537964
2021-03-26,"Johnson&Johnson, Moderna, Oxford/AstraZeneca, Pfizer/BioNTech",1137878,442411,1580289
2021-03-27,"Johnson&Johnson, Moderna, Oxford/AstraZeneca, Pfizer/BioNTech",1146334,447256,1593590
2021-03-28,"Moderna, Oxford/AstraZeneca, Pfizer/BioNTech",1151884,451404,1603288
2021-03-29,"Johnson&Johnson, Moderna, Oxford/AstraZeneca, Pfizer/BioNTech",1171034,472140,1643174
2021-03-30,"Johnson&Johnson, Moderna, Oxford/AstraZeneca, Pfizer/BioNTech",1195745,494321,1690066
2021-03-31,"Johnson&Johnson, Moderna, Oxford/AstraZeneca, Pfizer/BioNTech",1218901,521391,1740292
2021-04-01,"Johnson&Johnson, Moderna, Oxford/AstraZeneca, Pfizer/BioNTech",1244580,553453,1798033
2021-04-02,"Johnson&Johnson, Moderna, Oxford/AstraZeneca, Pfizer/BioNTech",1251551,566253,1817804
2021-04-03,"Johnson&Johnson, Moderna, Oxford/AstraZeneca, Pfizer/BioNTech",1255200,577184,1832384
2021-04-04,"Johnson&Johnson, Moderna, Oxford/AstraZeneca, Pfizer/BioNTech",1257740,586109,1843849
2021-04-05,"Johnson&Johnson, Moderna, Oxford/AstraZeneca, Pfizer/BioNTech",1260169,593310,1853479
2021-04-06,"Johnson&Johnson, Moderna, Oxford/AstraZeneca, Pfizer/BioNTech",1276384,622589,1898973
2021-04-07,"Johnson&Johnson, Moderna, Oxford/AstraZeneca, Pfizer/BioNTech",1299875,644830,1944705
2021-04-08,"Johnson&Johnson, Moderna, Oxford/AstraZeneca, Pfizer/BioNTech",1338675,675878,2014553
2021-04-09,"Johnson&Johnson, Moderna, Oxford/AstraZeneca, Pfizer/BioNTech",1378273,706073,2084346
2021-04-10,"Johnson&Johnson, Moderna, Oxford/AstraZeneca, Pfizer/BioNTech",1393837,721384,2115221
2021-04-11,"Johnson&Johnson, Moderna, Oxford/AstraZeneca, Pfizer/BioNTech",1403640,731438,2135078
2021-04-12,"Johnson&Johnson, Moderna, Oxford/AstraZeneca, Pfizer/BioNTech",1441971,756575,2198546
2021-04-13,"Moderna, Oxford/AstraZeneca, Pfizer/BioNTech",1478273,782611,2260884
2021-04-14,"Moderna, Oxford/AstraZeneca, Pfizer/BioNTech",1517158,809981,2327139
2021-04-15,"Moderna, Oxford/AstraZeneca, Pfizer/BioNTech",1564992,835755,2400747
2021-04-16,"Moderna, Oxford/AstraZeneca, Pfizer/BioNTech",1609697,861438,2471135
2021-04-17,"Moderna, Oxford/AstraZeneca, Pfizer/BioNTech",1626423,870467,2496890
2021-04-18,"Moderna, Oxford/AstraZeneca, Pfizer/BioNTech",1639425,875454,2514879
2021-04-19,"Moderna, Oxford/AstraZeneca, Pfizer/BioNTech",1683398,890897,2574295
2021-04-20,"Johnson&Johnson, Moderna, Oxford/AstraZeneca, Pfizer/BioNTech",1725992,906783,2632775
2021-04-21,"Moderna, Oxford/AstraZeneca, Pfizer/BioNTech",1773768,921152,2694920
2021-04-22,"Johnson&Johnson, Moderna, Oxford/AstraZeneca, Pfizer/BioNTech",1828295,938551,2766846
2021-04-23,"Johnson&Johnson, Moderna, Oxford/AstraZeneca, Pfizer/BioNTech",1878315,950617,2828932
2021-04-24,"Johnson&Johnson, Moderna, Oxford/AstraZeneca, Pfizer/BioNTech",1896190,955881,2852071
2021-04-25,"Johnson&Johnson, Moderna, Oxford/AstraZeneca, Pfizer/BioNTech",1910902,959881,2870783
2021-04-26,"Johnson&Johnson, Moderna, Oxford/AstraZeneca, Pfizer/BioNTech",1960522,967448,2927970
2021-04-27,"Johnson&Johnson, Moderna, Oxford/AstraZeneca, Pfizer/BioNTech",2009522,979701,2989223
2021-04-28,"Johnson&Johnson, Moderna, Oxford/AstraZeneca, Pfizer/BioNTech",2068312,993729,3062041
2021-04-29,"Johnson&Johnson, Moderna, Oxford/AstraZeneca, Pfizer/BioNTech",2133934,1009645,3143579
2021-04-30,"Johnson&Johnson, Moderna, Oxford/AstraZeneca, Pfizer/BioNTech",2196239,1019639,3215878
2021-05-01,"Johnson&Johnson, Moderna, Oxford/AstraZeneca, Pfizer/BioNTech",2215625,1023102,3238727
2021-05-02,"Johnson&Johnson, Moderna, Oxford/AstraZeneca, Pfizer/BioNTech",2234576,1025390,3259966
2021-05-03,"Johnson&Johnson, Moderna, Oxford/AstraZeneca, Pfizer/BioNTech",2301868,1030471,3332339
2021-05-04,"Johnson&Johnson, Moderna, Oxford/AstraZeneca, Pfizer/BioNTech",2368422,1038846,3407268
2021-05-05,"Johnson&Johnson, Moderna, Oxford/AstraZeneca, Pfizer/BioNTech",2441655,1048292,3489947
2021-05-06,"Johnson&Johnson, Moderna, Oxford/AstraZeneca, Pfizer/BioNTech",2522114,1059047,3581161
2021-05-07,"Johnson&Johnson, Moderna, Oxford/AstraZeneca, Pfizer/BioNTech",2599460,1069189,3668649
2021-05-08,"Johnson&Johnson, Moderna, Oxford/AstraZeneca, Pfizer/BioNTech",2628989,1070977,3699966
2021-05-09,"Johnson&Johnson, Moderna, Oxford/AstraZeneca, Pfizer/BioNTech",2653239,1072199,3725438
2021-05-10,"Johnson&Johnson, Moderna, Oxford/AstraZeneca, Pfizer/BioNTech",2726069,1079447,3805516
2021-05-11,"Johnson&Johnson, Moderna, Oxford/AstraZeneca, Pfizer/BioNTech",2802222,1088281,3890503
2021-05-12,"Johnson&Johnson, Moderna, Oxford/AstraZeneca, Pfizer/BioNTech",2882179,1097425,3979604
2021-05-13,"Johnson&Johnson, Moderna, Oxford/AstraZeneca, Pfizer/BioNTech",2966241,1106613,4072854
2021-05-14,"Johnson&Johnson, Moderna, Oxford/AstraZeneca, Pfizer/BioNTech",3045759,1114438,4160197
2021-05-15,"Johnson&Johnson, Moderna, Oxford/AstraZeneca, Pfizer/BioNTech",3077732,1116720,4194452
2021-05-16,"Johnson&Johnson, Moderna, Oxford/AstraZeneca, Pfizer/BioNTech",3103555,1118003,4221558
2021-05-17,"Johnson&Johnson, Moderna, Oxford/AstraZeneca, Pfizer/BioNTech",3176116,1124757,4300873
2021-05-18,"Johnson&Johnson, Moderna, Oxford/AstraZeneca, Pfizer/BioNTech",3248107,1137879,4385986
2021-05-19,"Johnson&Johnson, Moderna, Oxford/AstraZeneca, Pfizer/BioNTech",3325615,1153045,4478660
2021-05-20,"Johnson&Johnson, Moderna, Oxford/AstraZeneca, Pfizer/BioNTech",3401126,1180108,4581234
2021-05-21,"Johnson&Johnson, Moderna, Oxford/AstraZeneca, Pfizer/BioNTech",3469978,1207918,4677896
2021-05-22,"Johnson&Johnson, Moderna, Oxford/AstraZeneca, Pfizer/BioNTech",3502442,1219152,4721594
2021-05-23,"Johnson&Johnson, Moderna, Oxford/AstraZeneca, Pfizer/BioNTech",3524892,1228202,4753094
2021-05-24,"Johnson&Johnson, Moderna, Oxford/AstraZeneca, Pfizer/BioNTech",3572087,1261891,4833978
2021-05-25,"Johnson&Johnson, Moderna, Oxford/AstraZeneca, Pfizer/BioNTech",3623996,1297743,4921739
2021-05-26,"Johnson&Johnson, Moderna, Oxford/AstraZeneca, Pfizer/BioNTech",3691795,1335301,5027096
2021-05-27,"Johnson&Johnson, Moderna, Oxford/AstraZeneca, Pfizer/BioNTech",3753234,1382677,5135911
2021-05-28,"Johnson&Johnson, Moderna, Oxford/AstraZeneca, Pfizer/BioNTech",3815016,1429287,5244303
2021-05-29,"Johnson&Johnson, Moderna, Oxford/AstraZeneca, Pfizer/BioNTech",3844283,1446428,5290711
2021-05-30,"Johnson&Johnson, Moderna, Oxford/AstraZeneca, Pfizer/BioNTech",3866709,1460894,5327603
2021-05-31,"Johnson&Johnson, Moderna, Oxford/AstraZeneca, Pfizer/BioNTech",3922482,1508435,5430917
2021-06-01,"Johnson&Johnson, Moderna, Oxford/AstraZeneca, Pfizer/BioNTech",3981578,1557319,5538897
2021-06-02,"Johnson&Johnson, Moderna, Oxford/AstraZeneca, Pfizer/BioNTech",4044551,1611353,5655904
2021-06-03,"Johnson&Johnson, Moderna, Oxford/AstraZeneca, Pfizer/BioNTech",4102815,1671601,5774416
2021-06-04,"Johnson&Johnson, Moderna, Oxford/AstraZeneca, Pfizer/BioNTech",4165947,1729042,5894989
2021-06-05,"Johnson&Johnson, Moderna, Oxford/AstraZeneca, Pfizer/BioNTech",4200141,1747966,5948107
2021-06-06,"Johnson&Johnson, Moderna, Oxford/AstraZeneca, Pfizer/BioNTech",4227107,1763141,5990248
2021-06-07,"Johnson&Johnson, Moderna, Oxford/AstraZeneca, Pfizer/BioNTech",4290804,1818801,6109605
2021-06-08,"Johnson&Johnson, Moderna, Oxford/AstraZeneca, Pfizer/BioNTech",4354824,1873836,6228660
2021-06-09,"Johnson&Johnson, Moderna, Oxford/AstraZeneca, Pfizer/BioNTech",4414046,1938550,6352596
2021-06-10,"Johnson&Johnson, Moderna, Oxford/AstraZeneca, Pfizer/BioNTech",4467917,2009881,6477798
2021-06-11,"Johnson&Johnson, Moderna, Oxford/AstraZeneca, Pfizer/BioNTech",4520052,2079747,6599799
2021-06-12,"Johnson&Johnson, Moderna, Oxford/AstraZeneca, Pfizer/BioNTech",4552095,2100595,6652690
2021-06-13,"Johnson&Johnson, Moderna, Oxford/AstraZeneca, Pfizer/BioNTech",4576138,2119043,6695181
2021-06-14,"Johnson&Johnson, Moderna, Oxford/AstraZeneca, Pfizer/BioNTech",4619237,2193469,6812706
2021-06-15,"Johnson&Johnson, Moderna, Oxford/AstraZeneca, Pfizer/BioNTech",4663916,2265880,6929796
2021-06-16,"Johnson&Johnson, Moderna, Oxford/AstraZeneca, Pfizer/BioNTech",4706724,2344162,7050886
2021-06-17,"Johnson&Johnson, Moderna, Oxford/AstraZeneca, Pfizer/BioNTech",4746153,2427296,7173449
2021-06-18,"Johnson&Johnson, Moderna, Oxford/AstraZeneca, Pfizer/BioNTech",4788605,2507907,7296512
2021-06-19,"Johnson&Johnson, Moderna, Oxford/AstraZeneca, Pfizer/BioNTech",4810404,2537246,7347650
2021-06-20,"Johnson&Johnson, Moderna, Oxford/AstraZeneca, Pfizer/BioNTech",4827810,2561134,7388944
2021-06-21,"Johnson&Johnson, Moderna, Oxford/AstraZeneca, Pfizer/BioNTech",4860319,2639786,7500105
2021-06-22,"Johnson&Johnson, Moderna, Oxford/AstraZeneca, Pfizer/BioNTech",4893292,2722128,7615420
2021-06-23,"Johnson&Johnson, Moderna, Oxford/AstraZeneca, Pfizer/BioNTech",4925007,2807401,7732408
2021-06-24,"Johnson&Johnson, Moderna, Oxford/AstraZeneca, Pfizer/BioNTech",4954874,2897465,7852339
2021-06-25,"Johnson&Johnson, Moderna, Oxford/AstraZeneca, Pfizer/BioNTech",4985971,2983677,7969648
2021-06-26,"Johnson&Johnson, Moderna, Oxford/AstraZeneca, Pfizer/BioNTech",5001877,3018577,8020454
2021-06-27,"Johnson&Johnson, Moderna, Oxford/AstraZeneca, Pfizer/BioNTech",5015847,3045306,8061153
2021-06-28,"Johnson&Johnson, Moderna, Oxford/AstraZeneca, Pfizer/BioNTech",5044260,3130538,8174798
2021-06-29,"Johnson&Johnson, Moderna, Oxford/AstraZeneca, Pfizer/BioNTech",5073552,3217068,8290620
2021-06-30,"Johnson&Johnson, Moderna, Oxford/AstraZeneca, Pfizer/BioNTech",5101071,3308132,8409203
2021-07-01,"Johnson&Johnson, Moderna, Oxford/AstraZeneca, Pfizer/BioNTech",5125054,3398257,8523311
2021-07-02,"Johnson&Johnson, Moderna, Oxford/AstraZeneca, Pfizer/BioNTech",5151797,3484216,8636013
2021-07-03,"Johnson&Johnson, Moderna, Oxford/AstraZeneca, Pfizer/BioNTech",5158913,3515796,8674709
2021-07-04,"Johnson&Johnson, Moderna, Oxford/AstraZeneca, Pfizer/BioNTech",5166497,3537620,8704117
2021-07-05,"Johnson&Johnson, Moderna, Oxford/AstraZeneca, Pfizer/BioNTech",5173908,3563033,8736941
2021-07-06,"Johnson&Johnson, Moderna, Oxford/AstraZeneca, Pfizer/BioNTech",5179373,3590759,8770132
2021-07-07,"Johnson&Johnson, Moderna, Oxford/AstraZeneca, Pfizer/BioNTech",5205198,3669806,8875004
2021-07-08,"Johnson&Johnson, Moderna, Oxford/AstraZeneca, Pfizer/BioNTech",5231811,3740177,8971988
2021-07-09,"Johnson&Johnson, Moderna, Oxford/AstraZeneca, Pfizer/BioNTech",5259751,3809542,9069293
2021-07-10,"Johnson&Johnson, Moderna, Oxford/AstraZeneca, Pfizer/BioNTech",5269125,3838224,9107349
2021-07-11,"Johnson&Johnson, Moderna, Oxford/AstraZeneca, Pfizer/BioNTech",5277676,3861130,9138806
2021-07-12,"Johnson&Johnson, Moderna, Oxford/AstraZeneca, Pfizer/BioNTech",5305206,3930247,9235453
2021-07-13,"Johnson&Johnson, Moderna, Oxford/AstraZeneca, Pfizer/BioNTech",5331408,4000145,9331553
2021-07-14,"Johnson&Johnson, Moderna, Oxford/AstraZeneca, Pfizer/BioNTech",5357241,4072179,9429420
2021-07-15,"Johnson&Johnson, Moderna, Oxford/AstraZeneca, Pfizer/BioNTech",5386424,4138224,9524648
2021-07-16,"Johnson&Johnson, Moderna, Oxford/AstraZeneca, Pfizer/BioNTech",5414349,4210991,9625340
2021-07-17,"Johnson&Johnson, Moderna, Oxford/AstraZeneca, Pfizer/BioNTech",5423157,4242478,9665635
2021-07-18,"Johnson&Johnson, Moderna, Oxford/AstraZeneca, Pfizer/BioNTech",5431599,4268501,9700100
2021-07-19,"Johnson&Johnson, Moderna, Oxford/AstraZeneca, Pfizer/BioNTech",5454965,4335559,9790524
2021-07-20,"Johnson&Johnson, Moderna, Oxford/AstraZeneca, Pfizer/BioNTech",5476374,4402651,9879025
2021-07-21,"Johnson&Johnson, Moderna, Oxford/AstraZeneca, Pfizer/BioNTech",5499823,4466126,9965949
2021-07-22,"Johnson&Johnson, Moderna, Oxford/AstraZeneca, Pfizer/BioNTech",5522197,4524778,10046975
2021-07-23,"Johnson&Johnson, Moderna, Oxford/AstraZeneca, Pfizer/BioNTech",5545421,4579546,10124967
2021-07-24,"Johnson&Johnson, Moderna, Oxford/AstraZeneca, Pfizer/BioNTech",5552762,4607251,10160013
2021-07-25,"Johnson&Johnson, Moderna, Oxford/AstraZeneca, Pfizer/BioNTech",5559397,4629401,10188798
2021-07-26,"Johnson&Johnson, Moderna, Oxford/AstraZeneca, Pfizer/BioNTech",5582948,4678109,10261057
2021-07-27,"Johnson&Johnson, Moderna, Oxford/AstraZeneca, Pfizer/BioNTech",5605690,4724760,10330450
2021-07-28,"Johnson&Johnson, Moderna, Oxford/AstraZeneca, Pfizer/BioNTech",5626962,4770785,10397747
2021-07-29,"Johnson&Johnson, Moderna, Oxford/AstraZeneca, Pfizer/BioNTech",5648290,4812768,10461058
2021-07-30,"Johnson&Johnson, Moderna, Oxford/AstraZeneca, Pfizer/BioNTech",5671568,4855358,10526926
2021-07-31,"Johnson&Johnson, Moderna, Oxford/AstraZeneca, Pfizer/BioNTech",5680510,4874906,10555416
2021-08-01,"Johnson&Johnson, Moderna, Oxford/AstraZeneca, Pfizer/BioNTech",5687240,4891093,10578333
2021-08-02,"Johnson&Johnson, Moderna, Oxford/AstraZeneca, Pfizer/BioNTech",5705881,4928662,10634543
2021-08-03,"Johnson&Johnson, Moderna, Oxford/AstraZeneca, Pfizer/BioNTech",5723529,4966782,10690311
2021-08-04,"Johnson&Johnson, Moderna, Oxford/AstraZeneca, Pfizer/BioNTech",5739645,5003551,10743196
2021-08-05,"Johnson&Johnson, Moderna, Oxford/AstraZeneca, Pfizer/BioNTech",5755686,5044049,10799735
2021-08-06,"Johnson&Johnson, Moderna, Oxford/AstraZeneca, Pfizer/BioNTech",5772475,5087348,10859823
2021-08-07,"Johnson&Johnson, Moderna, Oxford/AstraZeneca, Pfizer/BioNTech",5778076,5105545,10883621
2021-08-08,"Johnson&Johnson, Moderna, Oxford/AstraZeneca, Pfizer/BioNTech",5782439,5121307,10903746
2021-08-09,"Johnson&Johnson, Moderna, Oxford/AstraZeneca, Pfizer/BioNTech",5795080,5166381,10961461
2021-08-10,"Johnson&Johnson, Moderna, Oxford/AstraZeneca, Pfizer/BioNTech",5806924,5205967,11012891
2021-08-11,"Johnson&Johnson, Moderna, Oxford/AstraZeneca, Pfizer/BioNTech",5818278,5249107,11067385
2021-08-12,"Johnson&Johnson, Moderna, Oxford/AstraZeneca, Pfizer/BioNTech",5829705,5286247,11115952
2021-08-13,"Johnson&Johnson, Moderna, Oxford/AstraZeneca, Pfizer/BioNTech",5840428,5326590,11167018
2021-08-14,"Johnson&Johnson, Moderna, Oxford/AstraZeneca, Pfizer/BioNTech",5843764,5337307,11181071
2021-08-15,"Johnson&Johnson, Moderna, Oxford/AstraZeneca, Pfizer/BioNTech",5846348,5347691,11194039
2021-08-16,"Johnson&Johnson, Moderna, Oxford/AstraZeneca, Pfizer/BioNTech",5856136,5381762,11237898
2021-08-17,"Johnson&Johnson, Moderna, Oxford/AstraZeneca, Pfizer/BioNTech",5865731,5408859,11274590
2021-08-18,"Johnson&Johnson, Moderna, Oxford/AstraZeneca, Pfizer/BioNTech",5875107,5447740,11322847
2021-08-19,"Johnson&Johnson, Moderna, Oxford/AstraZeneca, Pfizer/BioNTech",5884780,5486088,11370868
2021-08-20,"Johnson&Johnson, Moderna, Oxford/AstraZeneca, Pfizer/BioNTech",5896164,5526276,11422440
2021-08-21,"Johnson&Johnson, Moderna, Oxford/AstraZeneca, Pfizer/BioNTech",5898886,5539041,11437927
2021-08-22,"Johnson&Johnson, Moderna, Oxford/AstraZeneca, Pfizer/BioNTech",5901232,5551009,11452241
2021-08-23,"Johnson&Johnson, Moderna, Oxford/AstraZeneca, Pfizer/BioNTech",5911762,5590283,11502045
2021-08-24,"Johnson&Johnson, Moderna, Oxford/AstraZeneca, Pfizer/BioNTech",5921634,5623529,11545163
2021-08-25,"Johnson&Johnson, Moderna, Oxford/AstraZeneca, Pfizer/BioNTech",5930500,5651908,11582408
2021-08-26,"Johnson&Johnson, Moderna, Oxford/AstraZeneca, Pfizer/BioNTech",5938950,5678034,11616984
2021-08-27,"Johnson&Johnson, Moderna, Oxford/AstraZeneca, Pfizer/BioNTech",5949278,5704004,11653282
2021-08-28,"Johnson&Johnson, Moderna, Oxford/AstraZeneca, Pfizer/BioNTech",5952008,5711061,11663069
2021-08-29,"Johnson&Johnson, Moderna, Oxford/AstraZeneca, Pfizer/BioNTech",5954421,5717679,11672100
2021-08-30,"Johnson&Johnson, Moderna, Oxford/AstraZeneca, Pfizer/BioNTech",5962948,5739561,11702509
2021-08-31,"Johnson&Johnson, Moderna, Oxford/AstraZeneca, Pfizer/BioNTech",5970627,5757661,11728288
2021-09-01,"Johnson&Johnson, Moderna, Oxford/AstraZeneca, Pfizer/BioNTech",5976522,5771667,11748189
2021-09-02,"Johnson&Johnson, Moderna, Oxford/AstraZeneca, Pfizer/BioNTech",5983360,5786058,11769418
2021-09-03,"Johnson&Johnson, Moderna, Oxford/AstraZeneca, Pfizer/BioNTech",5992920,5801779,11794699
2021-09-04,"Johnson&Johnson, Moderna, Oxford/AstraZeneca, Pfizer/BioNTech",5994988,5805333,11800321
2021-09-05,"Johnson&Johnson, Moderna, Oxford/AstraZeneca, Pfizer/BioNTech",5997027,5808179,11805206
2021-09-06,"Johnson&Johnson, Moderna, Oxford/AstraZeneca, Pfizer/BioNTech",6003265,5820713,11823978
2021-09-07,"Johnson&Johnson, Moderna, Oxford/AstraZeneca, Pfizer/BioNTech",6007659,5831804,11839463
2021-09-08,"Johnson&Johnson, Moderna, Oxford/AstraZeneca, Pfizer/BioNTech",6013335,5841657,11854992
2021-09-09,"Johnson&Johnson, Moderna, Oxford/AstraZeneca, Pfizer/BioNTech",6020032,5851726,11871758
2021-09-10,"Johnson&Johnson, Moderna, Oxford/AstraZeneca, Pfizer/BioNTech",6027725,5863898,11891623
2021-09-11,"Johnson&Johnson, Moderna, Oxford/AstraZeneca, Pfizer/BioNTech",6029590,5866380,11895970
2021-09-12,"Johnson&Johnson, Moderna, Oxford/AstraZeneca, Pfizer/BioNTech",6030709,5868013,11898722
2021-09-13,"Johnson&Johnson, Moderna, Oxford/AstraZeneca, Pfizer/BioNTech",6036137,5878311,11914448
2021-09-14,"Johnson&Johnson, Moderna, Oxford/AstraZeneca, Pfizer/BioNTech",6041533,5887328,11928861
2021-09-15,"Johnson&Johnson, Moderna, Oxford/AstraZeneca, Pfizer/BioNTech",6046735,5895856,11942591
2021-09-16,"Johnson&Johnson, Moderna, Oxford/AstraZeneca, Pfizer/BioNTech",6052082,5904127,11956209
2021-09-17,"Johnson&Johnson, Moderna, Oxford/AstraZeneca, Pfizer/BioNTech",6058649,5914357,11973006
2021-09-18,"Johnson&Johnson, Moderna, Oxford/AstraZeneca, Pfizer/BioNTech",6060376,5916715,11977091
2021-09-19,"Johnson&Johnson, Moderna, Oxford/AstraZeneca, Pfizer/BioNTech",6061322,5918283,11979605
2021-09-20,"Johnson&Johnson, Moderna, Oxford/AstraZeneca, Pfizer/BioNTech",6065337,5926478,11991815
2021-09-21,"Johnson&Johnson, Moderna, Oxford/AstraZeneca, Pfizer/BioNTech",6069571,5934008,12003579
2021-09-22,"Johnson&Johnson, Moderna, Oxford/AstraZeneca, Pfizer/BioNTech",6073759,5939518,12013277
2021-09-23,"Johnson&Johnson, Moderna, Oxford/AstraZeneca, Pfizer/BioNTech",6078733,5945922,12024655
2021-09-24,"Johnson&Johnson, Moderna, Oxford/AstraZeneca, Pfizer/BioNTech",6084492,5955541,12040033
2021-09-25,"Johnson&Johnson, Moderna, Oxford/AstraZeneca, Pfizer/BioNTech",6085988,5957541,12043529
2021-09-26,"Johnson&Johnson, Moderna, Oxford/AstraZeneca, Pfizer/BioNTech",6086732,5959178,12045910
2021-09-27,"Johnson&Johnson, Moderna, Oxford/AstraZeneca, Pfizer/BioNTech",6090612,5965690,12056302
2021-09-28,"Johnson&Johnson, Moderna, Pfizer/BioNTech",6090978,5966314,12057292
2021-09-29,"Johnson&Johnson, Moderna, Oxford/AstraZeneca, Pfizer/BioNTech",6094754,5973773,12068527
2021-09-30,"Johnson&Johnson, Moderna, Oxford/AstraZeneca, Pfizer/BioNTech",6099260,5981468,12080728
2021-10-01,"Johnson&Johnson, Moderna, Oxford/AstraZeneca, Pfizer/BioNTech",6103564,5989445,12093009
2021-10-02,"Johnson&Johnson, Moderna, Oxford/AstraZeneca, Pfizer/BioNTech",6104627,5990985,12095612
2021-10-03,"Johnson&Johnson, Moderna, Oxford/AstraZeneca, Pfizer/BioNTech",6105352,5991854,12097206
2021-10-04,"Johnson&Johnson, Moderna, Oxford/AstraZeneca, Pfizer/BioNTech",6108429,5997420,12105849
2021-10-05,"Johnson&Johnson, Moderna, Oxford/AstraZeneca, Pfizer/BioNTech",6111593,6002504,12114097
2021-10-06,"Johnson&Johnson, Moderna, Oxford/AstraZeneca, Pfizer/BioNTech",6115112,6007674,12122786
2021-10-07,"Johnson&Johnson, Moderna, Oxford/AstraZeneca, Pfizer/BioNTech",6118393,6012932,12131325
2021-10-08,"Johnson&Johnson, Moderna, Oxford/AstraZeneca, Pfizer/BioNTech",6123187,6019569,12142756
2021-10-09,"Johnson&Johnson, Moderna, Oxford/AstraZeneca, Pfizer/BioNTech",6124431,6021227,12145658
2021-10-10,"Johnson&Johnson, Moderna, Oxford/AstraZeneca, Pfizer/BioNTech",6125374,6022058,12147432
2021-10-11,"Johnson&Johnson, Moderna, Oxford/AstraZeneca, Pfizer/BioNTech",6128305,6026471,12154776
2021-10-12,"Johnson&Johnson, Moderna, Oxford/AstraZeneca, Pfizer/BioNTech",6131235,6030474,12161709
2021-10-13,"Johnson&Johnson, Moderna, Oxford/AstraZeneca, Pfizer/BioNTech",6134766,6034658,12169424
2021-10-14,"Johnson&Johnson, Moderna, Oxford/AstraZeneca, Pfizer/BioNTech",6138437,6039605,12178042
2021-10-15,"Johnson&Johnson, Moderna, Oxford/AstraZeneca, Pfizer/BioNTech",6143667,6045749,12189416
2021-10-16,"Johnson&Johnson, Moderna, Oxford/AstraZeneca, Pfizer/BioNTech",6145082,6047275,12192357
2021-10-17,"Johnson&Johnson, Moderna, Pfizer/BioNTech",6146409,6048328,12194737
2021-10-18,"Johnson&Johnson, Moderna, Oxford/AstraZeneca, Pfizer/BioNTech",6150525,6052423,12202948
2021-10-19,"Johnson&Johnson, Moderna, Oxford/AstraZeneca, Pfizer/BioNTech",6154103,6054519,12208622
2021-10-20,"Johnson&Johnson, Moderna, Oxford/AstraZeneca, Pfizer/BioNTech",6158983,6058967,12217950
2021-10-21,"Johnson&Johnson, Moderna, Oxford/AstraZeneca, Pfizer/BioNTech",6166750,6064567,12231317
2021-10-22,"Johnson&Johnson, Moderna, Oxford/AstraZeneca, Pfizer/BioNTech",6177203,6071070,12248273
2021-10-23,"Johnson&Johnson, Moderna, Oxford/AstraZeneca, Pfizer/BioNTech",6180878,6073276,12254154
2021-10-24,"Johnson&Johnson, Moderna, Oxford/AstraZeneca, Pfizer/BioNTech",6183560,6075054,12258614
2021-10-25,"Johnson&Johnson, Moderna, Oxford/AstraZeneca, Pfizer/BioNTech",6194057,6080859,12274916
2021-10-26,"Johnson&Johnson, Moderna, Oxford/AstraZeneca, Pfizer/BioNTech",6206047,6087408,12293455
2021-10-27,"Johnson&Johnson, Moderna, Oxford/AstraZeneca, Pfizer/BioNTech",6220656,6094809,12315465
2021-10-28,"Johnson&Johnson, Moderna, Oxford/AstraZeneca, Pfizer/BioNTech",6224076,6096490,12320566
2021-10-29,"Johnson&Johnson, Moderna, Oxford/AstraZeneca, Pfizer/BioNTech",6238511,6104473,12342984
2021-10-30,"Johnson&Johnson, Moderna, Oxford/AstraZeneca, Pfizer/BioNTech",6243040,6107397,12350437
2021-10-31,"Johnson&Johnson, Moderna, Oxford/AstraZeneca, Pfizer/BioNTech",6246802,6109868,12356670
2021-11-01,"Johnson&Johnson, Moderna, Oxford/AstraZeneca, Pfizer/BioNTech",6262002,6117560,12379562
2021-11-02,"Johnson&Johnson, Moderna, Oxford/AstraZeneca, Pfizer/BioNTech",6277453,6125115,12402568
2021-11-03,"Johnson&Johnson, Moderna, Oxford/AstraZeneca, Pfizer/BioNTech",6294634,6132410,12427044
2021-11-04,"Johnson&Johnson, Moderna, Oxford/AstraZeneca, Pfizer/BioNTech",6312988,6140577,12453565
2021-11-05,"Johnson&Johnson, Moderna, Oxford/AstraZeneca, Pfizer/BioNTech",6335785,6151855,12487640
2021-11-06,"Johnson&Johnson, Moderna, Oxford/AstraZeneca, Pfizer/BioNTech",6342296,6154907,12497203
2021-11-07,"Johnson&Johnson, Moderna, Oxford/AstraZeneca, Pfizer/BioNTech",6346317,6157343,12503660
2021-11-08,"Johnson&Johnson, Moderna, Oxford/AstraZeneca, Pfizer/BioNTech",6362587,6164975,12527562
2021-11-09,"Johnson&Johnson, Moderna, Oxford/AstraZeneca, Pfizer/BioNTech",6377394,6172266,12549660
2021-11-10,"Johnson&Johnson, Moderna, Oxford/AstraZeneca, Pfizer/BioNTech",6393136,6179644,12572780
2021-11-11,"Johnson&Johnson, Moderna, Oxford/AstraZeneca, Pfizer/BioNTech",6408604,6188746,12597350
2021-11-12,"Johnson&Johnson, Moderna, Oxford/AstraZeneca, Pfizer/BioNTech",6428409,6201542,12629951
2021-11-13,"Johnson&Johnson, Moderna, Oxford/AstraZeneca, Pfizer/BioNTech",6433800,6205413,12639213
2021-11-14,"Johnson&Johnson, Moderna, Oxford/AstraZeneca, Pfizer/BioNTech",6437692,6208416,12646108
2021-11-15,"Johnson&Johnson, Moderna, Oxford/AstraZeneca, Pfizer/BioNTech",6452767,6219106,12671873
2021-11-16,"Johnson&Johnson, Moderna, Oxford/AstraZeneca, Pfizer/BioNTech",6470309,6231087,12701396
2021-11-17,"Johnson&Johnson, Moderna, Oxford/AstraZeneca, Pfizer/BioNTech",6474551,6234650,12709201
2021-11-18,"Johnson&Johnson, Moderna, Oxford/AstraZeneca, Pfizer/BioNTech",6493967,6246336,12740303
2021-11-19,"Johnson&Johnson, Moderna, Oxford/AstraZeneca, Pfizer/BioNTech",6518577,6263306,12781883
2021-11-20,"Johnson&Johnson, Moderna, Oxford/AstraZeneca, Pfizer/BioNTech",6527153,6268285,12795438
2021-11-21,"Johnson&Johnson, Moderna, Pfizer/BioNTech",6533924,6272056,12805980
2021-11-22,"Johnson&Johnson, Moderna, Oxford/AstraZeneca, Pfizer/BioNTech",6552440,6286166,12838606
2021-11-23,"Johnson&Johnson, Moderna, Oxford/AstraZeneca, Pfizer/BioNTech",6571505,6299425,12870930
2021-11-24,"Johnson&Johnson, Moderna, Oxford/AstraZeneca, Pfizer/BioNTech",6590520,6315271,12905791
2021-11-25,"Johnson&Johnson, Moderna, Oxford/AstraZeneca, Pfizer/BioNTech",6609670,6330298,12939968
2021-11-26,"Johnson&Johnson, Moderna, Oxford/AstraZeneca, Pfizer/BioNTech",6631329,6349435,12980764
2021-11-27,"Johnson&Johnson, Moderna, Oxford/AstraZeneca, Pfizer/BioNTech",6638803,6354989,12993792
2021-11-28,"Johnson&Johnson, Moderna, Oxford/AstraZeneca, Pfizer/BioNTech",6642142,6358123,13000265
2021-11-29,"Johnson&Johnson, Moderna, Oxford/AstraZeneca, Pfizer/BioNTech",6657351,6371778,13029129
2021-11-30,"Johnson&Johnson, Moderna, Oxford/AstraZeneca, Pfizer/BioNTech",6670556,6383011,13053567
2021-12-01,"Johnson&Johnson, Moderna, Oxford/AstraZeneca, Pfizer/BioNTech",6684588,6395466,13080054
2021-12-02,"Johnson&Johnson, Moderna, Oxford/AstraZeneca, Pfizer/BioNTech",6695224,6407957,13103181
2021-12-03,"Johnson&Johnson, Moderna, Oxford/AstraZeneca, Pfizer/BioNTech",6704868,6423530,13128398
2021-12-04,"Johnson&Johnson, Moderna, Pfizer/BioNTech",6707429,6427479,13134908
2021-12-05,"Johnson&Johnson, Moderna, Oxford/AstraZeneca, Pfizer/BioNTech",6708792,6429819,13138611
2021-12-06,"Johnson&Johnson, Moderna, Oxford/AstraZeneca, Pfizer/BioNTech",6716955,6441341,13158296
2021-12-07,"Johnson&Johnson, Moderna, Oxford/AstraZeneca, Pfizer/BioNTech",6724854,6453347,13178201
2021-12-08,"Johnson&Johnson, Moderna, Oxford/AstraZeneca, Pfizer/BioNTech",6733106,6459272,13192378
2021-12-09,"Johnson&Johnson, Moderna, Oxford/AstraZeneca, Pfizer/BioNTech",6740227,6472092,13212319
2021-12-10,"Johnson&Johnson, Moderna, Oxford/AstraZeneca, Pfizer/BioNTech",6747161,6489894,13237055
2021-12-11,"Johnson&Johnson, Moderna, Pfizer/BioNTech",6748822,6495165,13243987
2021-12-12,"Johnson&Johnson, Moderna, Oxford/AstraZeneca, Pfizer/BioNTech",6750132,6499598,13249730
2021-12-13,"Johnson&Johnson, Moderna, Oxford/AstraZeneca, Pfizer/BioNTech",6756489,6512907,13269396
2021-12-14,"Johnson&Johnson, Moderna, Oxford/AstraZeneca, Pfizer/BioNTech",6762716,6526575,13289291
2021-12-15,"Johnson&Johnson, Moderna, Oxford/AstraZeneca, Pfizer/BioNTech",6768921,6540176,13309097
2021-12-16,"Johnson&Johnson, Moderna, Oxford/AstraZeneca, Pfizer/BioNTech",6775861,6555009,13330870
2021-12-17,"Johnson&Johnson, Moderna, Oxford/AstraZeneca, Pfizer/BioNTech",6784233,6572270,13356503
2021-12-18,"Johnson&Johnson, Moderna, Oxford/AstraZeneca, Pfizer/BioNTech",6786846,6577719,13364565
2021-12-19,"Johnson&Johnson, Moderna, Pfizer/BioNTech",6788617,6580222,13368839
2021-12-20,"Johnson&Johnson, Moderna, Oxford/AstraZeneca, Pfizer/BioNTech",6794460,6594289,13388749
2021-12-21,"Johnson&Johnson, Moderna, Oxford/AstraZeneca, Pfizer/BioNTech",6801129,6606277,13407406
2021-12-22,"Johnson&Johnson, Moderna, Oxford/AstraZeneca, Pfizer/BioNTech",6806190,6619328,13425518
2021-12-23,"Johnson&Johnson, Moderna, Oxford/AstraZeneca, Pfizer/BioNTech",6809059,6624930,13433989
2021-12-24,"Johnson&Johnson, Moderna, Oxford/AstraZeneca, Pfizer/BioNTech",6809105,6625030,13434135
2021-12-25,"Moderna, Pfizer/BioNTech",6809106,6625037,13434143
2021-12-26,"Moderna, Pfizer/BioNTech",6809207,6625238,13434445
2021-12-27,"Johnson&Johnson, Moderna, Pfizer/BioNTech",6813072,6634973,13448045
2021-12-28,"Johnson&Johnson, Moderna, Oxford/AstraZeneca, Pfizer/BioNTech",6818311,6642964,13461275
2021-12-29,"Johnson&Johnson, Moderna, Oxford/AstraZeneca, Pfizer/BioNTech",6822590,6650675,13473265
2021-12-30,"Johnson&Johnson, Moderna, Pfizer/BioNTech",6826893,6656104,13482997
2021-12-31,"Johnson&Johnson, Moderna, Pfizer/BioNTech",6827400,6657527,13484927
2022-01-01,"Johnson&Johnson, Moderna, Pfizer/BioNTech",6827405,6657545,13484950
2022-01-02,"Johnson&Johnson, Moderna, Pfizer/BioNTech",6828258,6658927,13487185
2022-01-03,"Johnson&Johnson, Moderna, Oxford/AstraZeneca, Pfizer/BioNTech",6832391,6667834,13500225
2022-01-04,"Johnson&Johnson, Moderna, Oxford/AstraZeneca, Pfizer/BioNTech",6837487,6675613,13513100
2022-01-05,"Johnson&Johnson, Moderna, Oxford/AstraZeneca, Pfizer/BioNTech",6843294,6683583,13526877
2022-01-06,"Johnson&Johnson, Moderna, Oxford/AstraZeneca, Pfizer/BioNTech",6849887,6692009,13541896
2022-01-07,"Johnson&Johnson, Moderna, Oxford/AstraZeneca, Pfizer/BioNTech",6857758,6702360,13560118
2022-01-08,"Johnson&Johnson, Moderna, Oxford/AstraZeneca, Pfizer/BioNTech",6860242,6705146,13565388
2022-01-09,"Johnson&Johnson, Moderna, Pfizer/BioNTech",6861324,6706848,13568172
2022-01-10,"Johnson&Johnson, Moderna, Oxford/AstraZeneca, Pfizer/BioNTech",6865818,6713037,13578855
2022-01-11,"Johnson&Johnson, Moderna, Oxford/AstraZeneca, Pfizer/BioNTech",6871257,6719795,13591052
2022-01-12,"Johnson&Johnson, Moderna, Oxford/AstraZeneca, Pfizer/BioNTech",6877212,6725442,13602654
2022-01-13,"Johnson&Johnson, Moderna, Oxford/AstraZeneca, Pfizer/BioNTech",6883105,6730214,13613319
2022-01-14,"Johnson&Johnson, Moderna, Oxford/AstraZeneca, Pfizer/BioNTech",6889408,6733862,13623270
2022-01-15,"Johnson&Johnson, Moderna, Oxford/AstraZeneca, Pfizer/BioNTech",6890686,6734520,13625206
2022-01-16,"Johnson&Johnson, Moderna, Oxford/AstraZeneca, Pfizer/BioNTech",6891375,6734961,13626336
2022-01-17,"Johnson&Johnson, Moderna, Oxford/AstraZeneca, Pfizer/BioNTech",6894914,6738915,13633829
2022-01-18,"Johnson&Johnson, Moderna, Oxford/AstraZeneca, Pfizer/BioNTech",6898776,6743876,13642652
2022-01-19,"Johnson&Johnson, Moderna, Oxford/AstraZeneca, Pfizer/BioNTech",6902834,6747808,13650642
2022-01-20,"Johnson&Johnson, Moderna, Oxford/AstraZeneca, Pfizer/BioNTech",6906416,6752246,13658662
2022-01-21,"Johnson&Johnson, Moderna, Oxford/AstraZeneca, Pfizer/BioNTech",6910408,6754775,13665183
2022-01-22,"Johnson&Johnson, Moderna, Pfizer/BioNTech",6911187,6755215,13666402
2022-01-23,"Johnson&Johnson, Moderna, Pfizer/BioNTech",6911748,6755850,13667598
2022-01-24,"Johnson&Johnson, Moderna, Oxford/AstraZeneca, Pfizer/BioNTech",6914005,6759284,13673289
2022-01-25,"Johnson&Johnson, Moderna, Oxford/AstraZeneca, Pfizer/BioNTech",6916360,6763277,13679637
2022-01-26,"Johnson&Johnson, Moderna, Oxford/AstraZeneca, Pfizer/BioNTech",6918746,6767840,13686586
2022-01-27,"Johnson&Johnson, Moderna, Oxford/AstraZeneca, Pfizer/BioNTech",6921092,6772657,13693749
2022-01-28,"Johnson&Johnson, Moderna, Oxford/AstraZeneca, Pfizer/BioNTech",6924010,6778796,13702806
2022-01-29,"Johnson&Johnson, Moderna, Pfizer/BioNTech",6924611,6780441,13705052
2022-01-30,"Johnson&Johnson, Moderna, Pfizer/BioNTech",6924838,6781215,13706053
2022-01-31,"Johnson&Johnson, Moderna, Pfizer/BioNTech",6926365,6785131,13711496
2022-02-01,"Johnson&Johnson, Moderna, Pfizer/BioNTech",6927948,6789153,13717101
2022-02-02,"Johnson&Johnson, Moderna, Pfizer/BioNTech",6929516,6793646,13723162
2022-02-03,"Johnson&Johnson, Moderna, Pfizer/BioNTech",6930891,6798123,13729014
2022-02-04,"Johnson&Johnson, Moderna, Pfizer/BioNTech",6932497,6803238,13735735
2022-02-05,"Johnson&Johnson, Moderna, Pfizer/BioNTech",6932679,6803852,13736531
2022-02-06,"Johnson&Johnson, Moderna, Pfizer/BioNTech",6932775,6804171,13736946
2022-02-07,"Johnson&Johnson, Moderna, Pfizer/BioNTech",6933472,6807367,13740839
2022-02-08,"Johnson&Johnson, Moderna, Pfizer/BioNTech",6934249,6810541,13744790
2022-02-09,"Johnson&Johnson, Moderna, Pfizer/BioNTech",6935062,6813898,13748960
2022-02-10,"Johnson&Johnson, Moderna, Pfizer/BioNTech",6935838,6816983,13752821
2022-02-11,"Johnson&Johnson, Moderna, Pfizer/BioNTech",6936759,6820882,13757641
2022-02-12,"Johnson&Johnson, Moderna, Pfizer/BioNTech",6936869,6821298,13758167
2022-02-13,"Johnson&Johnson, Moderna, Pfizer/BioNTech",6936906,6821734,13758640
2022-02-14,"Johnson&Johnson, Moderna, Pfizer/BioNTech",6937337,6823770,13761107
2022-02-15,"Johnson&Johnson, Moderna, Pfizer/BioNTech",6937846,6825834,13763680
