date,vaccine,people_vaccinated,people_fully_vaccinated,total_vaccinations
2020-12-27,Pfizer/BioNTech,1284,0,1284
2020-12-28,Pfizer/BioNTech,3585,0,3585
2020-12-29,Pfizer/BioNTech,7048,1,7049
2020-12-30,Pfizer/BioNTech,10571,1,10572
2020-12-31,Pfizer/BioNTech,11879,1,11880
2021-01-01,"Moderna, Pfizer/BioNTech",12149,1,12150
2021-01-02,"Moderna, Pfizer/BioNTech",13431,1,13432
2021-01-03,"Moderna, Pfizer/BioNTech",14356,1,14357
2021-01-04,"Moderna, Pfizer/BioNTech",17973,1,17974
2021-01-05,"Moderna, Pfizer/BioNTech",22501,3,22504
2021-01-06,"Moderna, Pfizer/BioNTech",28347,4,28351
2021-01-07,"Moderna, Pfizer/BioNTech",36337,4,36341
2021-01-08,"Moderna, Pfizer/BioNTech",46387,5,46392
2021-01-09,"Moderna, Pfizer/BioNTech",48414,6,48420
2021-01-10,Pfizer/BioNTech,50185,8,50193
2021-01-11,"Moderna, Pfizer/BioNTech",60040,10,60050
2021-01-12,"Moderna, Pfizer/BioNTech",73490,12,73502
2021-01-13,"Moderna, Pfizer/BioNTech",87034,12,87046
2021-01-14,"Moderna, Pfizer/BioNTech",102274,16,102290
2021-01-15,"Moderna, Pfizer/BioNTech",116289,17,116306
2021-01-16,"Moderna, Pfizer/BioNTech",119692,21,119713
2021-01-17,"Moderna, Pfizer/BioNTech",122313,655,122968
2021-01-18,"Moderna, Pfizer/BioNTech",134746,2478,137224
2021-01-19,"Moderna, Pfizer/BioNTech",147284,5201,152485
2021-01-20,"Moderna, Pfizer/BioNTech",160892,7863,168755
2021-01-21,"Moderna, Pfizer/BioNTech",176519,9606,186125
2021-01-22,"Moderna, Pfizer/BioNTech",191409,10649,202058
2021-01-23,"Moderna, Pfizer/BioNTech",194730,11528,206258
2021-01-24,"Moderna, Pfizer/BioNTech",196986,12397,209383
2021-01-25,"Moderna, Pfizer/BioNTech",206639,15374,222013
2021-01-26,"Moderna, Pfizer/BioNTech",217188,19367,236555
2021-01-27,"Moderna, Pfizer/BioNTech",226221,23901,250122
2021-01-28,"Moderna, Pfizer/BioNTech",233324,30025,263349
2021-01-29,"Moderna, Pfizer/BioNTech",239543,37930,277473
2021-01-30,"Moderna, Pfizer/BioNTech",240284,39018,279302
2021-01-31,"Moderna, Pfizer/BioNTech",241002,40200,281202
2021-02-01,"Moderna, Pfizer/BioNTech",244982,48164,293146
2021-02-02,"Moderna, Pfizer/BioNTech",249134,58399,307533
2021-02-03,"Moderna, Pfizer/BioNTech",253560,69422,322982
2021-02-04,"Moderna, Pfizer/BioNTech",258467,82401,340868
2021-02-05,"Moderna, Pfizer/BioNTech",263941,93069,357010
2021-02-06,"Moderna, Oxford/AstraZeneca, Pfizer/BioNTech",264797,95436,360233
2021-02-07,"Moderna, Oxford/AstraZeneca, Pfizer/BioNTech",265648,97936,363584
2021-02-08,"Moderna, Oxford/AstraZeneca, Pfizer/BioNTech",269743,109315,379058
2021-02-09,"Moderna, Oxford/AstraZeneca, Pfizer/BioNTech",274849,121160,396009
2021-02-10,"Moderna, Oxford/AstraZeneca, Pfizer/BioNTech",280365,134344,414709
2021-02-11,"Moderna, Oxford/AstraZeneca, Pfizer/BioNTech",286694,150545,437239
2021-02-12,"Moderna, Oxford/AstraZeneca, Pfizer/BioNTech",293522,165286,458808
2021-02-13,"Moderna, Oxford/AstraZeneca, Pfizer/BioNTech",295136,168275,463411
2021-02-14,"Moderna, Oxford/AstraZeneca, Pfizer/BioNTech",296139,169661,465800
2021-02-15,"Moderna, Oxford/AstraZeneca, Pfizer/BioNTech",302535,179031,481566
2021-02-16,"Moderna, Oxford/AstraZeneca, Pfizer/BioNTech",311256,188115,499371
2021-02-17,"Moderna, Oxford/AstraZeneca, Pfizer/BioNTech",320955,196424,517379
2021-02-18,"Moderna, Oxford/AstraZeneca, Pfizer/BioNTech",333286,204507,537793
2021-02-19,"Moderna, Oxford/AstraZeneca, Pfizer/BioNTech",345151,211886,557037
2021-02-20,"Moderna, Oxford/AstraZeneca, Pfizer/BioNTech",347160,213072,560232
2021-02-21,"Moderna, Oxford/AstraZeneca, Pfizer/BioNTech",348296,214098,562394
2021-02-22,"Moderna, Oxford/AstraZeneca, Pfizer/BioNTech",358423,220133,578556
2021-02-23,"Moderna, Oxford/AstraZeneca, Pfizer/BioNTech",371389,227125,598514
2021-02-24,"Moderna, Oxford/AstraZeneca, Pfizer/BioNTech",385272,233166,618438
2021-02-25,"Moderna, Oxford/AstraZeneca, Pfizer/BioNTech",403254,238717,641971
2021-02-26,"Moderna, Oxford/AstraZeneca, Pfizer/BioNTech",419433,244079,663512
2021-02-27,"Moderna, Oxford/AstraZeneca, Pfizer/BioNTech",422443,244638,667081
2021-02-28,"Moderna, Oxford/AstraZeneca, Pfizer/BioNTech",424801,245190,669991
2021-03-01,"Moderna, Oxford/AstraZeneca, Pfizer/BioNTech",444400,248641,693041
2021-03-02,"Moderna, Oxford/AstraZeneca, Pfizer/BioNTech",471626,252190,723816
2021-03-03,"Moderna, Oxford/AstraZeneca, Pfizer/BioNTech",502581,256700,759281
2021-03-04,"Moderna, Oxford/AstraZeneca, Pfizer/BioNTech",535876,261390,797266
2021-03-05,"Johnson&Johnson, Moderna, Oxford/AstraZeneca, Pfizer/BioNTech",564723,266815,831538
2021-03-06,"Johnson&Johnson, Moderna, Oxford/AstraZeneca, Pfizer/BioNTech",576878,267680,844558
2021-03-07,"Johnson&Johnson, Moderna, Oxford/AstraZeneca, Pfizer/BioNTech",588427,268521,856948
2021-03-08,"Johnson&Johnson, Moderna, Oxford/AstraZeneca, Pfizer/BioNTech",618178,273383,891561
2021-03-09,"Johnson&Johnson, Moderna, Oxford/AstraZeneca, Pfizer/BioNTech",654534,279769,934303
2021-03-10,"Johnson&Johnson, Moderna, Oxford/AstraZeneca, Pfizer/BioNTech",695868,286729,982597
2021-03-11,"Johnson&Johnson, Moderna, Oxford/AstraZeneca, Pfizer/BioNTech",740719,295092,1035811
2021-03-12,"Johnson&Johnson, Moderna, Oxford/AstraZeneca, Pfizer/BioNTech",779487,303587,1083074
2021-03-13,"Johnson&Johnson, Moderna, Oxford/AstraZeneca, Pfizer/BioNTech",796595,304901,1101496
2021-03-14,"Johnson&Johnson, Moderna, Oxford/AstraZeneca, Pfizer/BioNTech",808714,306057,1114771
2021-03-15,"Johnson&Johnson, Moderna, Oxford/AstraZeneca, Pfizer/BioNTech",837100,314836,1151936
2021-03-16,"Johnson&Johnson, Moderna, Oxford/AstraZeneca, Pfizer/BioNTech",875990,325375,1201365
2021-03-17,"Moderna, Oxford/AstraZeneca, Pfizer/BioNTech",913477,335887,1249364
2021-03-18,"Johnson&Johnson, Moderna, Oxford/AstraZeneca, Pfizer/BioNTech",951485,348312,1299797
2021-03-19,"Moderna, Oxford/AstraZeneca, Pfizer/BioNTech",985998,361927,1347925
2021-03-20,"Johnson&Johnson, Moderna, Oxford/AstraZeneca, Pfizer/BioNTech",1001182,363959,1365141
2021-03-21,"Johnson&Johnson, Moderna, Oxford/AstraZeneca, Pfizer/BioNTech",1008624,365519,1374143
2021-03-22,"Johnson&Johnson, Moderna, Oxford/AstraZeneca, Pfizer/BioNTech",1033208,378022,1411230
2021-03-23,"Johnson&Johnson, Moderna, Oxford/AstraZeneca, Pfizer/BioNTech",1059883,391386,1451269
2021-03-24,"Johnson&Johnson, Moderna, Oxford/AstraZeneca, Pfizer/BioNTech",1086767,407131,1493898
2021-03-25,"Johnson&Johnson, Moderna, Oxford/AstraZeneca, Pfizer/BioNTech",1113122,424987,1538109
2021-03-26,"Johnson&Johnson, Moderna, Oxford/AstraZeneca, Pfizer/BioNTech",1137962,442496,1580458
2021-03-27,"Johnson&Johnson, Moderna, Oxford/AstraZeneca, Pfizer/BioNTech",1146418,447341,1593759
2021-03-28,"Moderna, Oxford/AstraZeneca, Pfizer/BioNTech",1151967,451489,1603456
2021-03-29,"Johnson&Johnson, Moderna, Oxford/AstraZeneca, Pfizer/BioNTech",1171117,472225,1643342
2021-03-30,"Johnson&Johnson, Moderna, Oxford/AstraZeneca, Pfizer/BioNTech",1195828,494406,1690234
2021-03-31,"Johnson&Johnson, Moderna, Oxford/AstraZeneca, Pfizer/BioNTech",1218985,521476,1740461
2021-04-01,"Johnson&Johnson, Moderna, Oxford/AstraZeneca, Pfizer/BioNTech",1244665,553538,1798203
2021-04-02,"Johnson&Johnson, Moderna, Oxford/AstraZeneca, Pfizer/BioNTech",1251636,566338,1817974
2021-04-03,"Johnson&Johnson, Moderna, Oxford/AstraZeneca, Pfizer/BioNTech",1255285,577269,1832554
2021-04-04,"Johnson&Johnson, Moderna, Oxford/AstraZeneca, Pfizer/BioNTech",1257825,586194,1844019
2021-04-05,"Johnson&Johnson, Moderna, Oxford/AstraZeneca, Pfizer/BioNTech",1260253,593395,1853648
2021-04-06,"Johnson&Johnson, Moderna, Oxford/AstraZeneca, Pfizer/BioNTech",1276468,622674,1899142
2021-04-07,"Johnson&Johnson, Moderna, Oxford/AstraZeneca, Pfizer/BioNTech",1299957,644915,1944872
2021-04-08,"Johnson&Johnson, Moderna, Oxford/AstraZeneca, Pfizer/BioNTech",1338757,675964,2014721
2021-04-09,"Johnson&Johnson, Moderna, Oxford/AstraZeneca, Pfizer/BioNTech",1378354,706159,2084513
2021-04-10,"Johnson&Johnson, Moderna, Oxford/AstraZeneca, Pfizer/BioNTech",1393918,721470,2115388
2021-04-11,"Johnson&Johnson, Moderna, Oxford/AstraZeneca, Pfizer/BioNTech",1403720,731524,2135244
2021-04-12,"Johnson&Johnson, Moderna, Oxford/AstraZeneca, Pfizer/BioNTech",1442051,756663,2198714
2021-04-13,"Moderna, Oxford/AstraZeneca, Pfizer/BioNTech",1478353,782700,2261053
2021-04-14,"Moderna, Oxford/AstraZeneca, Pfizer/BioNTech",1517237,810070,2327307
2021-04-15,"Moderna, Oxford/AstraZeneca, Pfizer/BioNTech",1565068,835846,2400914
2021-04-16,"Moderna, Oxford/AstraZeneca, Pfizer/BioNTech",1609774,861529,2471303
2021-04-17,"Moderna, Oxford/AstraZeneca, Pfizer/BioNTech",1626499,870558,2497057
2021-04-18,"Moderna, Oxford/AstraZeneca, Pfizer/BioNTech",1639501,875545,2515046
2021-04-19,"Moderna, Oxford/AstraZeneca, Pfizer/BioNTech",1683473,890988,2574461
2021-04-20,"Johnson&Johnson, Moderna, Oxford/AstraZeneca, Pfizer/BioNTech",1726068,906874,2632942
2021-04-21,"Moderna, Oxford/AstraZeneca, Pfizer/BioNTech",1773844,921243,2695087
2021-04-22,"Johnson&Johnson, Moderna, Oxford/AstraZeneca, Pfizer/BioNTech",1828371,938642,2767013
2021-04-23,"Johnson&Johnson, Moderna, Oxford/AstraZeneca, Pfizer/BioNTech",1878391,950708,2829099
2021-04-24,"Johnson&Johnson, Moderna, Oxford/AstraZeneca, Pfizer/BioNTech",1896265,955972,2852237
2021-04-25,"Johnson&Johnson, Moderna, Oxford/AstraZeneca, Pfizer/BioNTech",1910976,959972,2870948
2021-04-26,"Johnson&Johnson, Moderna, Oxford/AstraZeneca, Pfizer/BioNTech",1960596,967538,2928134
2021-04-27,"Johnson&Johnson, Moderna, Oxford/AstraZeneca, Pfizer/BioNTech",2009595,979791,2989386
2021-04-28,"Johnson&Johnson, Moderna, Oxford/AstraZeneca, Pfizer/BioNTech",2068386,993820,3062206
2021-04-29,"Johnson&Johnson, Moderna, Oxford/AstraZeneca, Pfizer/BioNTech",2134008,1009737,3143745
2021-04-30,"Johnson&Johnson, Moderna, Oxford/AstraZeneca, Pfizer/BioNTech",2196312,1019731,3216043
2021-05-01,"Johnson&Johnson, Moderna, Oxford/AstraZeneca, Pfizer/BioNTech",2215698,1023194,3238892
2021-05-02,"Johnson&Johnson, Moderna, Oxford/AstraZeneca, Pfizer/BioNTech",2234648,1025482,3260130
2021-05-03,"Johnson&Johnson, Moderna, Oxford/AstraZeneca, Pfizer/BioNTech",2301940,1030563,3332503
2021-05-04,"Johnson&Johnson, Moderna, Oxford/AstraZeneca, Pfizer/BioNTech",2368493,1038937,3407430
2021-05-05,"Johnson&Johnson, Moderna, Oxford/AstraZeneca, Pfizer/BioNTech",2441727,1048382,3490109
2021-05-06,"Johnson&Johnson, Moderna, Oxford/AstraZeneca, Pfizer/BioNTech",2522187,1059134,3581321
2021-05-07,"Johnson&Johnson, Moderna, Oxford/AstraZeneca, Pfizer/BioNTech",2599534,1069275,3668809
2021-05-08,"Johnson&Johnson, Moderna, Oxford/AstraZeneca, Pfizer/BioNTech",2629059,1071063,3700122
2021-05-09,"Johnson&Johnson, Moderna, Oxford/AstraZeneca, Pfizer/BioNTech",2653309,1072285,3725594
2021-05-10,"Johnson&Johnson, Moderna, Oxford/AstraZeneca, Pfizer/BioNTech",2726139,1079532,3805671
2021-05-11,"Johnson&Johnson, Moderna, Oxford/AstraZeneca, Pfizer/BioNTech",2802294,1088368,3890662
2021-05-12,"Johnson&Johnson, Moderna, Oxford/AstraZeneca, Pfizer/BioNTech",2882251,1097511,3979762
2021-05-13,"Johnson&Johnson, Moderna, Oxford/AstraZeneca, Pfizer/BioNTech",2966314,1106700,4073014
2021-05-14,"Johnson&Johnson, Moderna, Oxford/AstraZeneca, Pfizer/BioNTech",3045847,1114526,4160373
2021-05-15,"Johnson&Johnson, Moderna, Oxford/AstraZeneca, Pfizer/BioNTech",3077819,1116808,4194627
2021-05-16,"Johnson&Johnson, Moderna, Oxford/AstraZeneca, Pfizer/BioNTech",3103643,1118091,4221734
2021-05-17,"Johnson&Johnson, Moderna, Oxford/AstraZeneca, Pfizer/BioNTech",3176205,1124845,4301050
2021-05-18,"Johnson&Johnson, Moderna, Oxford/AstraZeneca, Pfizer/BioNTech",3248194,1137965,4386159
2021-05-19,"Johnson&Johnson, Moderna, Oxford/AstraZeneca, Pfizer/BioNTech",3325700,1153132,4478832
2021-05-20,"Johnson&Johnson, Moderna, Oxford/AstraZeneca, Pfizer/BioNTech",3401213,1180195,4581408
2021-05-21,"Johnson&Johnson, Moderna, Oxford/AstraZeneca, Pfizer/BioNTech",3470077,1208005,4678082
2021-05-22,"Johnson&Johnson, Moderna, Oxford/AstraZeneca, Pfizer/BioNTech",3502539,1219239,4721778
2021-05-23,"Johnson&Johnson, Moderna, Oxford/AstraZeneca, Pfizer/BioNTech",3524988,1228289,4753277
2021-05-24,"Johnson&Johnson, Moderna, Oxford/AstraZeneca, Pfizer/BioNTech",3572187,1261978,4834165
2021-05-25,"Johnson&Johnson, Moderna, Oxford/AstraZeneca, Pfizer/BioNTech",3624109,1297830,4921939
2021-05-26,"Johnson&Johnson, Moderna, Oxford/AstraZeneca, Pfizer/BioNTech",3691908,1335388,5027296
2021-05-27,"Johnson&Johnson, Moderna, Oxford/AstraZeneca, Pfizer/BioNTech",3753358,1382762,5136120
2021-05-28,"Johnson&Johnson, Moderna, Oxford/AstraZeneca, Pfizer/BioNTech",3815140,1429373,5244513
2021-05-29,"Johnson&Johnson, Moderna, Oxford/AstraZeneca, Pfizer/BioNTech",3844407,1446510,5290917
2021-05-30,"Johnson&Johnson, Moderna, Oxford/AstraZeneca, Pfizer/BioNTech",3866833,1460976,5327809
2021-05-31,"Johnson&Johnson, Moderna, Oxford/AstraZeneca, Pfizer/BioNTech",3922608,1508517,5431125
2021-06-01,"Johnson&Johnson, Moderna, Oxford/AstraZeneca, Pfizer/BioNTech",3981707,1557399,5539106
2021-06-02,"Johnson&Johnson, Moderna, Oxford/AstraZeneca, Pfizer/BioNTech",4044680,1611431,5656111
2021-06-03,"Johnson&Johnson, Moderna, Oxford/AstraZeneca, Pfizer/BioNTech",4102946,1671680,5774626
2021-06-04,"Johnson&Johnson, Moderna, Oxford/AstraZeneca, Pfizer/BioNTech",4166081,1729122,5895203
2021-06-05,"Johnson&Johnson, Moderna, Oxford/AstraZeneca, Pfizer/BioNTech",4200275,1748046,5948321
2021-06-06,"Johnson&Johnson, Moderna, Oxford/AstraZeneca, Pfizer/BioNTech",4227242,1763221,5990463
2021-06-07,"Johnson&Johnson, Moderna, Oxford/AstraZeneca, Pfizer/BioNTech",4290940,1818882,6109822
2021-06-08,"Johnson&Johnson, Moderna, Oxford/AstraZeneca, Pfizer/BioNTech",4354959,1873915,6228874
2021-06-09,"Johnson&Johnson, Moderna, Oxford/AstraZeneca, Pfizer/BioNTech",4414183,1938629,6352812
2021-06-10,"Johnson&Johnson, Moderna, Oxford/AstraZeneca, Pfizer/BioNTech",4468055,2009961,6478016
2021-06-11,"Johnson&Johnson, Moderna, Oxford/AstraZeneca, Pfizer/BioNTech",4520189,2079826,6600015
2021-06-12,"Johnson&Johnson, Moderna, Oxford/AstraZeneca, Pfizer/BioNTech",4552231,2100673,6652904
2021-06-13,"Johnson&Johnson, Moderna, Oxford/AstraZeneca, Pfizer/BioNTech",4576274,2119120,6695394
2021-06-14,"Johnson&Johnson, Moderna, Oxford/AstraZeneca, Pfizer/BioNTech",4619374,2193544,6812918
2021-06-15,"Johnson&Johnson, Moderna, Oxford/AstraZeneca, Pfizer/BioNTech",4664053,2265956,6930009
2021-06-16,"Johnson&Johnson, Moderna, Oxford/AstraZeneca, Pfizer/BioNTech",4706859,2344239,7051098
2021-06-17,"Johnson&Johnson, Moderna, Oxford/AstraZeneca, Pfizer/BioNTech",4746292,2427373,7173665
2021-06-18,"Johnson&Johnson, Moderna, Oxford/AstraZeneca, Pfizer/BioNTech",4788744,2507981,7296725
2021-06-19,"Johnson&Johnson, Moderna, Oxford/AstraZeneca, Pfizer/BioNTech",4810542,2537319,7347861
2021-06-20,"Johnson&Johnson, Moderna, Oxford/AstraZeneca, Pfizer/BioNTech",4827949,2561207,7389156
2021-06-21,"Johnson&Johnson, Moderna, Oxford/AstraZeneca, Pfizer/BioNTech",4860461,2639862,7500323
2021-06-22,"Johnson&Johnson, Moderna, Oxford/AstraZeneca, Pfizer/BioNTech",4893433,2722207,7615640
2021-06-23,"Johnson&Johnson, Moderna, Oxford/AstraZeneca, Pfizer/BioNTech",4925146,2807478,7732624
2021-06-24,"Johnson&Johnson, Moderna, Oxford/AstraZeneca, Pfizer/BioNTech",4955012,2897541,7852553
2021-06-25,"Johnson&Johnson, Moderna, Oxford/AstraZeneca, Pfizer/BioNTech",4986112,2983774,7969886
2021-06-26,"Johnson&Johnson, Moderna, Oxford/AstraZeneca, Pfizer/BioNTech",5002023,3018671,8020694
2021-06-27,"Johnson&Johnson, Moderna, Oxford/AstraZeneca, Pfizer/BioNTech",5015993,3045400,8061393
2021-06-28,"Johnson&Johnson, Moderna, Oxford/AstraZeneca, Pfizer/BioNTech",5044406,3130640,8175046
2021-06-29,"Johnson&Johnson, Moderna, Oxford/AstraZeneca, Pfizer/BioNTech",5073698,3217191,8290889
2021-06-30,"Johnson&Johnson, Moderna, Oxford/AstraZeneca, Pfizer/BioNTech",5101215,3308252,8409467
2021-07-01,"Johnson&Johnson, Moderna, Oxford/AstraZeneca, Pfizer/BioNTech",5125199,3398379,8523578
2021-07-02,"Johnson&Johnson, Moderna, Oxford/AstraZeneca, Pfizer/BioNTech",5151941,3484341,8636282
2021-07-03,"Johnson&Johnson, Moderna, Oxford/AstraZeneca, Pfizer/BioNTech",5159056,3515918,8674974
2021-07-04,"Johnson&Johnson, Moderna, Oxford/AstraZeneca, Pfizer/BioNTech",5166641,3537741,8704382
2021-07-05,"Johnson&Johnson, Moderna, Oxford/AstraZeneca, Pfizer/BioNTech",5174050,3563153,8737203
2021-07-06,"Johnson&Johnson, Moderna, Oxford/AstraZeneca, Pfizer/BioNTech",5179514,3590879,8770393
2021-07-07,"Johnson&Johnson, Moderna, Oxford/AstraZeneca, Pfizer/BioNTech",5205339,3669925,8875264
2021-07-08,"Johnson&Johnson, Moderna, Oxford/AstraZeneca, Pfizer/BioNTech",5231951,3740295,8972246
2021-07-09,"Johnson&Johnson, Moderna, Oxford/AstraZeneca, Pfizer/BioNTech",5259891,3809660,9069551
2021-07-10,"Johnson&Johnson, Moderna, Oxford/AstraZeneca, Pfizer/BioNTech",5269265,3838342,9107607
2021-07-11,"Johnson&Johnson, Moderna, Oxford/AstraZeneca, Pfizer/BioNTech",5277816,3861248,9139064
2021-07-12,"Johnson&Johnson, Moderna, Oxford/AstraZeneca, Pfizer/BioNTech",5305347,3930367,9235714
2021-07-13,"Johnson&Johnson, Moderna, Oxford/AstraZeneca, Pfizer/BioNTech",5331550,4000266,9331816
2021-07-14,"Johnson&Johnson, Moderna, Oxford/AstraZeneca, Pfizer/BioNTech",5357383,4072301,9429684
2021-07-15,"Johnson&Johnson, Moderna, Oxford/AstraZeneca, Pfizer/BioNTech",5386569,4138349,9524918
2021-07-16,"Johnson&Johnson, Moderna, Oxford/AstraZeneca, Pfizer/BioNTech",5414495,4211120,9625615
2021-07-17,"Johnson&Johnson, Moderna, Oxford/AstraZeneca, Pfizer/BioNTech",5423303,4242608,9665911
2021-07-18,"Johnson&Johnson, Moderna, Oxford/AstraZeneca, Pfizer/BioNTech",5431746,4268631,9700377
2021-07-19,"Johnson&Johnson, Moderna, Oxford/AstraZeneca, Pfizer/BioNTech",5455113,4335690,9790803
2021-07-20,"Johnson&Johnson, Moderna, Oxford/AstraZeneca, Pfizer/BioNTech",5476520,4402778,9879298
2021-07-21,"Johnson&Johnson, Moderna, Oxford/AstraZeneca, Pfizer/BioNTech",5499967,4466252,9966219
2021-07-22,"Johnson&Johnson, Moderna, Oxford/AstraZeneca, Pfizer/BioNTech",5522341,4524905,10047246
2021-07-23,"Johnson&Johnson, Moderna, Oxford/AstraZeneca, Pfizer/BioNTech",5545564,4579675,10125239
2021-07-24,"Johnson&Johnson, Moderna, Oxford/AstraZeneca, Pfizer/BioNTech",5552904,4607379,10160283
2021-07-25,"Johnson&Johnson, Moderna, Oxford/AstraZeneca, Pfizer/BioNTech",5559539,4629529,10189068
2021-07-26,"Johnson&Johnson, Moderna, Oxford/AstraZeneca, Pfizer/BioNTech",5583091,4678237,10261328
2021-07-27,"Johnson&Johnson, Moderna, Oxford/AstraZeneca, Pfizer/BioNTech",5605832,4724889,10330721
2021-07-28,"Johnson&Johnson, Moderna, Oxford/AstraZeneca, Pfizer/BioNTech",5627104,4770913,10398017
2021-07-29,"Johnson&Johnson, Moderna, Oxford/AstraZeneca, Pfizer/BioNTech",5648434,4812897,10461331
2021-07-30,"Johnson&Johnson, Moderna, Oxford/AstraZeneca, Pfizer/BioNTech",5671711,4855489,10527200
2021-07-31,"Johnson&Johnson, Moderna, Oxford/AstraZeneca, Pfizer/BioNTech",5680654,4875036,10555690
2021-08-01,"Johnson&Johnson, Moderna, Oxford/AstraZeneca, Pfizer/BioNTech",5687385,4891224,10578609
2021-08-02,"Johnson&Johnson, Moderna, Oxford/AstraZeneca, Pfizer/BioNTech",5706025,4928792,10634817
2021-08-03,"Johnson&Johnson, Moderna, Oxford/AstraZeneca, Pfizer/BioNTech",5723672,4966913,10690585
2021-08-04,"Johnson&Johnson, Moderna, Oxford/AstraZeneca, Pfizer/BioNTech",5739787,5003683,10743470
2021-08-05,"Johnson&Johnson, Moderna, Oxford/AstraZeneca, Pfizer/BioNTech",5755827,5044182,10800009
2021-08-06,"Johnson&Johnson, Moderna, Oxford/AstraZeneca, Pfizer/BioNTech",5772616,5087481,10860097
2021-08-07,"Johnson&Johnson, Moderna, Oxford/AstraZeneca, Pfizer/BioNTech",5778217,5105678,10883895
2021-08-08,"Johnson&Johnson, Moderna, Oxford/AstraZeneca, Pfizer/BioNTech",5782580,5121441,10904021
2021-08-09,"Johnson&Johnson, Moderna, Oxford/AstraZeneca, Pfizer/BioNTech",5795221,5166515,10961736
2021-08-10,"Johnson&Johnson, Moderna, Oxford/AstraZeneca, Pfizer/BioNTech",5807065,5206098,11013163
2021-08-11,"Johnson&Johnson, Moderna, Oxford/AstraZeneca, Pfizer/BioNTech",5818419,5249235,11067654
2021-08-12,"Johnson&Johnson, Moderna, Oxford/AstraZeneca, Pfizer/BioNTech",5829845,5286374,11116219
2021-08-13,"Johnson&Johnson, Moderna, Oxford/AstraZeneca, Pfizer/BioNTech",5840567,5326717,11167284
2021-08-14,"Johnson&Johnson, Moderna, Oxford/AstraZeneca, Pfizer/BioNTech",5843903,5337434,11181337
2021-08-15,"Johnson&Johnson, Moderna, Oxford/AstraZeneca, Pfizer/BioNTech",5846487,5347817,11194304
2021-08-16,"Johnson&Johnson, Moderna, Oxford/AstraZeneca, Pfizer/BioNTech",5856275,5381890,11238165
2021-08-17,"Johnson&Johnson, Moderna, Oxford/AstraZeneca, Pfizer/BioNTech",5865870,5408986,11274856
2021-08-18,"Johnson&Johnson, Moderna, Oxford/AstraZeneca, Pfizer/BioNTech",5875245,5447866,11323111
2021-08-19,"Johnson&Johnson, Moderna, Oxford/AstraZeneca, Pfizer/BioNTech",5884917,5486212,11371129
2021-08-20,"Johnson&Johnson, Moderna, Oxford/AstraZeneca, Pfizer/BioNTech",5896301,5526400,11422701
2021-08-21,"Johnson&Johnson, Moderna, Oxford/AstraZeneca, Pfizer/BioNTech",5899023,5539165,11438188
2021-08-22,"Johnson&Johnson, Moderna, Oxford/AstraZeneca, Pfizer/BioNTech",5901368,5551133,11452501
2021-08-23,"Johnson&Johnson, Moderna, Oxford/AstraZeneca, Pfizer/BioNTech",5911897,5590406,11502303
2021-08-24,"Johnson&Johnson, Moderna, Oxford/AstraZeneca, Pfizer/BioNTech",5921770,5623653,11545423
2021-08-25,"Johnson&Johnson, Moderna, Oxford/AstraZeneca, Pfizer/BioNTech",5930636,5652032,11582668
2021-08-26,"Johnson&Johnson, Moderna, Oxford/AstraZeneca, Pfizer/BioNTech",5939086,5678159,11617245
2021-08-27,"Johnson&Johnson, Moderna, Oxford/AstraZeneca, Pfizer/BioNTech",5949413,5704128,11653541
2021-08-28,"Johnson&Johnson, Moderna, Oxford/AstraZeneca, Pfizer/BioNTech",5952143,5711185,11663328
2021-08-29,"Johnson&Johnson, Moderna, Oxford/AstraZeneca, Pfizer/BioNTech",5954556,5717803,11672359
2021-08-30,"Johnson&Johnson, Moderna, Oxford/AstraZeneca, Pfizer/BioNTech",5963083,5739685,11702768
2021-08-31,"Johnson&Johnson, Moderna, Oxford/AstraZeneca, Pfizer/BioNTech",5970761,5757784,11728545
2021-09-01,"Johnson&Johnson, Moderna, Oxford/AstraZeneca, Pfizer/BioNTech",5976656,5771788,11748444
2021-09-02,"Johnson&Johnson, Moderna, Oxford/AstraZeneca, Pfizer/BioNTech",5983495,5786177,11769672
2021-09-03,"Johnson&Johnson, Moderna, Oxford/AstraZeneca, Pfizer/BioNTech",5993055,5801898,11794953
2021-09-04,"Johnson&Johnson, Moderna, Oxford/AstraZeneca, Pfizer/BioNTech",5995123,5805452,11800575
2021-09-05,"Johnson&Johnson, Moderna, Oxford/AstraZeneca, Pfizer/BioNTech",5997162,5808298,11805460
2021-09-06,"Johnson&Johnson, Moderna, Oxford/AstraZeneca, Pfizer/BioNTech",6003400,5820833,11824233
2021-09-07,"Johnson&Johnson, Moderna, Oxford/AstraZeneca, Pfizer/BioNTech",6007794,5831924,11839718
2021-09-08,"Johnson&Johnson, Moderna, Oxford/AstraZeneca, Pfizer/BioNTech",6013469,5841775,11855244
2021-09-09,"Johnson&Johnson, Moderna, Oxford/AstraZeneca, Pfizer/BioNTech",6020166,5851844,11872010
2021-09-10,"Johnson&Johnson, Moderna, Oxford/AstraZeneca, Pfizer/BioNTech",6027859,5864016,11891875
2021-09-11,"Johnson&Johnson, Moderna, Oxford/AstraZeneca, Pfizer/BioNTech",6029724,5866498,11896222
2021-09-12,"Johnson&Johnson, Moderna, Oxford/AstraZeneca, Pfizer/BioNTech",6030843,5868130,11898973
2021-09-13,"Johnson&Johnson, Moderna, Oxford/AstraZeneca, Pfizer/BioNTech",6036270,5878427,11914697
2021-09-14,"Johnson&Johnson, Moderna, Oxford/AstraZeneca, Pfizer/BioNTech",6041665,5887444,11929109
2021-09-15,"Johnson&Johnson, Moderna, Oxford/AstraZeneca, Pfizer/BioNTech",6046867,5895970,11942837
2021-09-16,"Johnson&Johnson, Moderna, Oxford/AstraZeneca, Pfizer/BioNTech",6052214,5904241,11956455
2021-09-17,"Johnson&Johnson, Moderna, Oxford/AstraZeneca, Pfizer/BioNTech",6058781,5914471,11973252
2021-09-18,"Johnson&Johnson, Moderna, Oxford/AstraZeneca, Pfizer/BioNTech",6060508,5916829,11977337
2021-09-19,"Johnson&Johnson, Moderna, Oxford/AstraZeneca, Pfizer/BioNTech",6061454,5918397,11979851
2021-09-20,"Johnson&Johnson, Moderna, Oxford/AstraZeneca, Pfizer/BioNTech",6065469,5926592,11992061
2021-09-21,"Johnson&Johnson, Moderna, Oxford/AstraZeneca, Pfizer/BioNTech",6069702,5934122,12003824
2021-09-22,"Johnson&Johnson, Moderna, Oxford/AstraZeneca, Pfizer/BioNTech",6073889,5939631,12013520
2021-09-23,"Johnson&Johnson, Moderna, Oxford/AstraZeneca, Pfizer/BioNTech",6078863,5946035,12024898
2021-09-24,"Johnson&Johnson, Moderna, Oxford/AstraZeneca, Pfizer/BioNTech",6084622,5955652,12040274
2021-09-25,"Johnson&Johnson, Moderna, Oxford/AstraZeneca, Pfizer/BioNTech",6086118,5957652,12043770
2021-09-26,"Johnson&Johnson, Moderna, Oxford/AstraZeneca, Pfizer/BioNTech",6086862,5959289,12046151
2021-09-27,"Johnson&Johnson, Moderna, Oxford/AstraZeneca, Pfizer/BioNTech",6090742,5965801,12056543
2021-09-28,"Johnson&Johnson, Moderna, Pfizer/BioNTech",6091107,5966425,12057532
2021-09-29,"Johnson&Johnson, Moderna, Oxford/AstraZeneca, Pfizer/BioNTech",6094883,5973884,12068767
2021-09-30,"Johnson&Johnson, Moderna, Oxford/AstraZeneca, Pfizer/BioNTech",6099387,5981577,12080964
2021-10-01,"Johnson&Johnson, Moderna, Oxford/AstraZeneca, Pfizer/BioNTech",6103691,5989554,12093245
2021-10-02,"Johnson&Johnson, Moderna, Oxford/AstraZeneca, Pfizer/BioNTech",6104754,5991094,12095848
2021-10-03,"Johnson&Johnson, Moderna, Oxford/AstraZeneca, Pfizer/BioNTech",6105479,5991963,12097442
2021-10-04,"Johnson&Johnson, Moderna, Oxford/AstraZeneca, Pfizer/BioNTech",6108556,5997529,12106085
2021-10-05,"Johnson&Johnson, Moderna, Oxford/AstraZeneca, Pfizer/BioNTech",6111719,6002613,12114332
2021-10-06,"Johnson&Johnson, Moderna, Oxford/AstraZeneca, Pfizer/BioNTech",6115238,6007783,12123021
2021-10-07,"Johnson&Johnson, Moderna, Oxford/AstraZeneca, Pfizer/BioNTech",6118518,6013040,12131558
2021-10-08,"Johnson&Johnson, Moderna, Oxford/AstraZeneca, Pfizer/BioNTech",6123312,6019677,12142989
2021-10-09,"Johnson&Johnson, Moderna, Oxford/AstraZeneca, Pfizer/BioNTech",6124556,6021335,12145891
2021-10-10,"Johnson&Johnson, Moderna, Oxford/AstraZeneca, Pfizer/BioNTech",6125499,6022166,12147665
2021-10-11,"Johnson&Johnson, Moderna, Oxford/AstraZeneca, Pfizer/BioNTech",6128429,6026579,12155008
2021-10-12,"Johnson&Johnson, Moderna, Oxford/AstraZeneca, Pfizer/BioNTech",6131359,6030582,12161941
2021-10-13,"Johnson&Johnson, Moderna, Oxford/AstraZeneca, Pfizer/BioNTech",6134890,6034765,12169655
2021-10-14,"Johnson&Johnson, Moderna, Oxford/AstraZeneca, Pfizer/BioNTech",6138561,6039712,12178273
2021-10-15,"Johnson&Johnson, Moderna, Oxford/AstraZeneca, Pfizer/BioNTech",6143791,6045856,12189647
2021-10-16,"Johnson&Johnson, Moderna, Oxford/AstraZeneca, Pfizer/BioNTech",6145206,6047382,12192588
2021-10-17,"Johnson&Johnson, Moderna, Pfizer/BioNTech",6146532,6048435,12194967
2021-10-18,"Johnson&Johnson, Moderna, Oxford/AstraZeneca, Pfizer/BioNTech",6150648,6052530,12203178
2021-10-19,"Johnson&Johnson, Moderna, Oxford/AstraZeneca, Pfizer/BioNTech",6154226,6054625,12208851
2021-10-20,"Johnson&Johnson, Moderna, Oxford/AstraZeneca, Pfizer/BioNTech",6159106,6059073,12218179
2021-10-21,"Johnson&Johnson, Moderna, Oxford/AstraZeneca, Pfizer/BioNTech",6166873,6064673,12231546
2021-10-22,"Johnson&Johnson, Moderna, Oxford/AstraZeneca, Pfizer/BioNTech",6177326,6071176,12248502
2021-10-23,"Johnson&Johnson, Moderna, Oxford/AstraZeneca, Pfizer/BioNTech",6181001,6073382,12254383
2021-10-24,"Johnson&Johnson, Moderna, Oxford/AstraZeneca, Pfizer/BioNTech",6183683,6075160,12258843
2021-10-25,"Johnson&Johnson, Moderna, Oxford/AstraZeneca, Pfizer/BioNTech",6194180,6080965,12275145
2021-10-26,"Johnson&Johnson, Moderna, Oxford/AstraZeneca, Pfizer/BioNTech",6206170,6087513,12293683
2021-10-27,"Johnson&Johnson, Moderna, Oxford/AstraZeneca, Pfizer/BioNTech",6220781,6094915,12315696
2021-10-28,"Johnson&Johnson, Moderna, Oxford/AstraZeneca, Pfizer/BioNTech",6224201,6096596,12320797
2021-10-29,"Johnson&Johnson, Moderna, Oxford/AstraZeneca, Pfizer/BioNTech",6238635,6104578,12343213
2021-10-30,"Johnson&Johnson, Moderna, Oxford/AstraZeneca, Pfizer/BioNTech",6243164,6107502,12350666
2021-10-31,"Johnson&Johnson, Moderna, Oxford/AstraZeneca, Pfizer/BioNTech",6246926,6109973,12356899
2021-11-01,"Johnson&Johnson, Moderna, Oxford/AstraZeneca, Pfizer/BioNTech",6262126,6117664,12379790
2021-11-02,"Johnson&Johnson, Moderna, Oxford/AstraZeneca, Pfizer/BioNTech",6277577,6125219,12402796
2021-11-03,"Johnson&Johnson, Moderna, Oxford/AstraZeneca, Pfizer/BioNTech",6294757,6132514,12427271
2021-11-04,"Johnson&Johnson, Moderna, Oxford/AstraZeneca, Pfizer/BioNTech",6313111,6140681,12453792
2021-11-05,"Johnson&Johnson, Moderna, Oxford/AstraZeneca, Pfizer/BioNTech",6335908,6151959,12487867
2021-11-06,"Johnson&Johnson, Moderna, Oxford/AstraZeneca, Pfizer/BioNTech",6342419,6155011,12497430
2021-11-07,"Johnson&Johnson, Moderna, Oxford/AstraZeneca, Pfizer/BioNTech",6346440,6157447,12503887
2021-11-08,"Johnson&Johnson, Moderna, Oxford/AstraZeneca, Pfizer/BioNTech",6362710,6165079,12527789
2021-11-09,"Johnson&Johnson, Moderna, Oxford/AstraZeneca, Pfizer/BioNTech",6377518,6172370,12549888
2021-11-10,"Johnson&Johnson, Moderna, Oxford/AstraZeneca, Pfizer/BioNTech",6393260,6179747,12573007
2021-11-11,"Johnson&Johnson, Moderna, Oxford/AstraZeneca, Pfizer/BioNTech",6408731,6188849,12597580
2021-11-12,"Johnson&Johnson, Moderna, Oxford/AstraZeneca, Pfizer/BioNTech",6428536,6201645,12630181
2021-11-13,"Johnson&Johnson, Moderna, Oxford/AstraZeneca, Pfizer/BioNTech",6433927,6205516,12639443
2021-11-14,"Johnson&Johnson, Moderna, Oxford/AstraZeneca, Pfizer/BioNTech",6437818,6208518,12646336
2021-11-15,"Johnson&Johnson, Moderna, Oxford/AstraZeneca, Pfizer/BioNTech",6452894,6219207,12672101
2021-11-16,"Johnson&Johnson, Moderna, Oxford/AstraZeneca, Pfizer/BioNTech",6470438,6231188,12701626
2021-11-17,"Johnson&Johnson, Moderna, Oxford/AstraZeneca, Pfizer/BioNTech",6474680,6234751,12709431
2021-11-18,"Johnson&Johnson, Moderna, Oxford/AstraZeneca, Pfizer/BioNTech",6494095,6246435,12740530
2021-11-19,"Johnson&Johnson, Moderna, Oxford/AstraZeneca, Pfizer/BioNTech",6518705,6263405,12782110
2021-11-20,"Johnson&Johnson, Moderna, Pfizer/BioNTech",6527279,6268384,12795663
2021-11-21,"Johnson&Johnson, Moderna, Pfizer/BioNTech",6534050,6272155,12806205
2021-11-22,"Johnson&Johnson, Moderna, Oxford/AstraZeneca, Pfizer/BioNTech",6552566,6286265,12838831
2021-11-23,"Johnson&Johnson, Moderna, Oxford/AstraZeneca, Pfizer/BioNTech",6571630,6299523,12871153
2021-11-24,"Johnson&Johnson, Moderna, Oxford/AstraZeneca, Pfizer/BioNTech",6590645,6315367,12906012
2021-11-25,"Johnson&Johnson, Moderna, Oxford/AstraZeneca, Pfizer/BioNTech",6609793,6330392,12940185
2021-11-26,"Johnson&Johnson, Moderna, Oxford/AstraZeneca, Pfizer/BioNTech",6631452,6349530,12980982
2021-11-27,"Johnson&Johnson, Moderna, Oxford/AstraZeneca, Pfizer/BioNTech",6638925,6355084,12994009
2021-11-28,"Johnson&Johnson, Moderna, Oxford/AstraZeneca, Pfizer/BioNTech",6642264,6358218,13000482
2021-11-29,"Johnson&Johnson, Moderna, Oxford/AstraZeneca, Pfizer/BioNTech",6657473,6371873,13029346
2021-11-30,"Johnson&Johnson, Moderna, Oxford/AstraZeneca, Pfizer/BioNTech",6670678,6383107,13053785
2021-12-01,"Johnson&Johnson, Moderna, Oxford/AstraZeneca, Pfizer/BioNTech",6684711,6395562,13080273
2021-12-02,"Johnson&Johnson, Moderna, Oxford/AstraZeneca, Pfizer/BioNTech",6695347,6408056,13103403
2021-12-03,"Johnson&Johnson, Moderna, Oxford/AstraZeneca, Pfizer/BioNTech",6704990,6423629,13128619
2021-12-04,"Johnson&Johnson, Moderna, Pfizer/BioNTech",6707551,6427578,13135129
2021-12-05,"Johnson&Johnson, Moderna, Oxford/AstraZeneca, Pfizer/BioNTech",6708914,6429918,13138832
2021-12-06,"Johnson&Johnson, Moderna, Oxford/AstraZeneca, Pfizer/BioNTech",6717078,6441440,13158518
2021-12-07,"Johnson&Johnson, Moderna, Oxford/AstraZeneca, Pfizer/BioNTech",6724978,6453446,13178424
2021-12-08,"Johnson&Johnson, Moderna, Oxford/AstraZeneca, Pfizer/BioNTech",6733230,6459371,13192601
2021-12-09,"Johnson&Johnson, Moderna, Oxford/AstraZeneca, Pfizer/BioNTech",6740352,6472190,13212542
2021-12-10,"Johnson&Johnson, Moderna, Oxford/AstraZeneca, Pfizer/BioNTech",6747285,6489992,13237277
2021-12-11,"Johnson&Johnson, Moderna, Pfizer/BioNTech",6748946,6495263,13244209
2021-12-12,"Johnson&Johnson, Moderna, Oxford/AstraZeneca, Pfizer/BioNTech",6750256,6499696,13249952
2021-12-13,"Johnson&Johnson, Moderna, Oxford/AstraZeneca, Pfizer/BioNTech",6756613,6513005,13269618
2021-12-14,"Johnson&Johnson, Moderna, Oxford/AstraZeneca, Pfizer/BioNTech",6762840,6526674,13289514
2021-12-15,"Johnson&Johnson, Moderna, Oxford/AstraZeneca, Pfizer/BioNTech",6769045,6540274,13309319
2021-12-16,"Johnson&Johnson, Moderna, Oxford/AstraZeneca, Pfizer/BioNTech",6775985,6555107,13331092
2021-12-17,"Johnson&Johnson, Moderna, Oxford/AstraZeneca, Pfizer/BioNTech",6784358,6572367,13356725
2021-12-18,"Johnson&Johnson, Moderna, Oxford/AstraZeneca, Pfizer/BioNTech",6786970,6577816,13364786
2021-12-19,"Johnson&Johnson, Moderna, Pfizer/BioNTech",6788741,6580319,13369060
2021-12-20,"Johnson&Johnson, Moderna, Oxford/AstraZeneca, Pfizer/BioNTech",6794584,6594386,13388970
2021-12-21,"Johnson&Johnson, Moderna, Oxford/AstraZeneca, Pfizer/BioNTech",6801252,6606374,13407626
2021-12-22,"Johnson&Johnson, Moderna, Oxford/AstraZeneca, Pfizer/BioNTech",6806312,6619423,13425735
2021-12-23,"Johnson&Johnson, Moderna, Oxford/AstraZeneca, Pfizer/BioNTech",6809181,6625025,13434206
2021-12-24,"Johnson&Johnson, Moderna, Oxford/AstraZeneca, Pfizer/BioNTech",6809227,6625125,13434352
2021-12-25,"Moderna, Pfizer/BioNTech",6809228,6625132,13434360
2021-12-26,"Moderna, Pfizer/BioNTech",6809329,6625333,13434662
2021-12-27,"Johnson&Johnson, Moderna, Pfizer/BioNTech",6813194,6635068,13448262
2021-12-28,"Johnson&Johnson, Moderna, Oxford/AstraZeneca, Pfizer/BioNTech",6818433,6643059,13461492
2021-12-29,"Johnson&Johnson, Moderna, Oxford/AstraZeneca, Pfizer/BioNTech",6822712,6650770,13473482
2021-12-30,"Johnson&Johnson, Moderna, Pfizer/BioNTech",6827015,6656198,13483213
2021-12-31,"Johnson&Johnson, Moderna, Pfizer/BioNTech",6827522,6657620,13485142
2022-01-01,"Johnson&Johnson, Moderna, Pfizer/BioNTech",6827527,6657638,13485165
2022-01-02,"Johnson&Johnson, Moderna, Pfizer/BioNTech",6828380,6659020,13487400
2022-01-03,"Johnson&Johnson, Moderna, Oxford/AstraZeneca, Pfizer/BioNTech",6832513,6667927,13500440
2022-01-04,"Johnson&Johnson, Moderna, Oxford/AstraZeneca, Pfizer/BioNTech",6837609,6675706,13513315
2022-01-05,"Johnson&Johnson, Moderna, Oxford/AstraZeneca, Pfizer/BioNTech",6843418,6683676,13527094
2022-01-06,"Johnson&Johnson, Moderna, Oxford/AstraZeneca, Pfizer/BioNTech",6850009,6692102,13542111
2022-01-07,"Johnson&Johnson, Moderna, Oxford/AstraZeneca, Pfizer/BioNTech",6857878,6702455,13560333
2022-01-08,"Johnson&Johnson, Moderna, Oxford/AstraZeneca, Pfizer/BioNTech",6860363,6705240,13565603
2022-01-09,"Johnson&Johnson, Moderna, Pfizer/BioNTech",6861445,6706942,13568387
2022-01-10,"Johnson&Johnson, Moderna, Oxford/AstraZeneca, Pfizer/BioNTech",6865936,6713131,13579067
2022-01-11,"Johnson&Johnson, Moderna, Oxford/AstraZeneca, Pfizer/BioNTech",6871374,6719889,13591263
2022-01-12,"Johnson&Johnson, Moderna, Oxford/AstraZeneca, Pfizer/BioNTech",6877330,6725535,13602865
2022-01-13,"Johnson&Johnson, Moderna, Oxford/AstraZeneca, Pfizer/BioNTech",6883222,6730307,13613529
2022-01-14,"Johnson&Johnson, Moderna, Oxford/AstraZeneca, Pfizer/BioNTech",6889522,6733954,13623476
2022-01-15,"Johnson&Johnson, Moderna, Oxford/AstraZeneca, Pfizer/BioNTech",6890799,6734612,13625411
2022-01-16,"Johnson&Johnson, Moderna, Oxford/AstraZeneca, Pfizer/BioNTech",6891488,6735053,13626541
2022-01-17,"Johnson&Johnson, Moderna, Oxford/AstraZeneca, Pfizer/BioNTech",6895023,6739007,13634030
2022-01-18,"Johnson&Johnson, Moderna, Oxford/AstraZeneca, Pfizer/BioNTech",6898881,6743968,13642849
2022-01-19,"Johnson&Johnson, Moderna, Oxford/AstraZeneca, Pfizer/BioNTech",6902934,6747901,13650835
2022-01-20,"Johnson&Johnson, Moderna, Oxford/AstraZeneca, Pfizer/BioNTech",6906513,6752339,13658852
2022-01-21,"Johnson&Johnson, Moderna, Oxford/AstraZeneca, Pfizer/BioNTech",6910503,6754866,13665369
2022-01-22,"Johnson&Johnson, Moderna, Pfizer/BioNTech",6911281,6755306,13666587
2022-01-23,"Johnson&Johnson, Moderna, Pfizer/BioNTech",6911842,6755941,13667783
2022-01-24,"Johnson&Johnson, Moderna, Oxford/AstraZeneca, Pfizer/BioNTech",6914098,6759375,13673473
2022-01-25,"Johnson&Johnson, Moderna, Oxford/AstraZeneca, Pfizer/BioNTech",6916451,6763367,13679818
2022-01-26,"Johnson&Johnson, Moderna, Oxford/AstraZeneca, Pfizer/BioNTech",6918839,6767929,13686768
2022-01-27,"Johnson&Johnson, Moderna, Oxford/AstraZeneca, Pfizer/BioNTech",6921184,6772746,13693930
2022-01-28,"Johnson&Johnson, Moderna, Oxford/AstraZeneca, Pfizer/BioNTech",6924102,6778885,13702987
2022-01-29,"Johnson&Johnson, Moderna, Pfizer/BioNTech",6924703,6780531,13705234
2022-01-30,"Johnson&Johnson, Moderna, Pfizer/BioNTech",6924930,6781305,13706235
2022-01-31,"Johnson&Johnson, Moderna, Pfizer/BioNTech",6926457,6785218,13711675
2022-02-01,"Johnson&Johnson, Moderna, Pfizer/BioNTech",6928036,6789237,13717273
2022-02-02,"Johnson&Johnson, Moderna, Pfizer/BioNTech",6929605,6793726,13723331
2022-02-03,"Johnson&Johnson, Moderna, Pfizer/BioNTech",6930980,6798199,13729179
2022-02-04,"Johnson&Johnson, Moderna, Pfizer/BioNTech",6932583,6803311,13735894
2022-02-05,"Johnson&Johnson, Moderna, Pfizer/BioNTech",6932765,6803926,13736691
2022-02-06,"Johnson&Johnson, Moderna, Pfizer/BioNTech",6932861,6804245,13737106
2022-02-07,"Johnson&Johnson, Moderna, Pfizer/BioNTech",6933558,6807440,13740998
2022-02-08,"Johnson&Johnson, Moderna, Pfizer/BioNTech",6934332,6810597,13744929
2022-02-09,"Johnson&Johnson, Moderna, Pfizer/BioNTech",6935145,6813950,13749095
2022-02-10,"Johnson&Johnson, Moderna, Pfizer/BioNTech",6935922,6817029,13752951
2022-02-11,"Johnson&Johnson, Moderna, Pfizer/BioNTech",6936835,6820911,13757746
2022-02-12,"Johnson&Johnson, Moderna, Pfizer/BioNTech",6936945,6821327,13758272
2022-02-13,"Johnson&Johnson, Moderna, Pfizer/BioNTech",6936982,6821763,13758745
2022-02-14,"Johnson&Johnson, Moderna, Pfizer/BioNTech",6937394,6823737,13761131
