date,vaccine,people_vaccinated,people_fully_vaccinated,total_vaccinations
2020-12-27,Pfizer/BioNTech,1284,0,1284
2020-12-28,Pfizer/BioNTech,3587,0,3587
2020-12-29,Pfizer/BioNTech,7050,1,7051
2020-12-30,Pfizer/BioNTech,10574,1,10575
2020-12-31,Pfizer/BioNTech,11882,1,11883
2021-01-01,"Moderna, Pfizer/BioNTech",12152,1,12153
2021-01-02,"Moderna, Pfizer/BioNTech",13434,1,13435
2021-01-03,"Moderna, Pfizer/BioNTech",14359,1,14360
2021-01-04,"Moderna, Pfizer/BioNTech",17976,1,17977
2021-01-05,"Moderna, Pfizer/BioNTech",22504,3,22507
2021-01-06,"Moderna, Pfizer/BioNTech",28351,4,28355
2021-01-07,"Moderna, Pfizer/BioNTech",36341,4,36345
2021-01-08,"Moderna, Pfizer/BioNTech",46394,5,46399
2021-01-09,"Moderna, Pfizer/BioNTech",48421,6,48427
2021-01-10,Pfizer/BioNTech,50192,8,50200
2021-01-11,"Moderna, Pfizer/BioNTech",60048,10,60058
2021-01-12,"Moderna, Pfizer/BioNTech",73499,12,73511
2021-01-13,"Moderna, Pfizer/BioNTech",87048,12,87060
2021-01-14,"Moderna, Pfizer/BioNTech",102294,16,102310
2021-01-15,"Moderna, Pfizer/BioNTech",116312,17,116329
2021-01-16,"Moderna, Pfizer/BioNTech",119715,21,119736
2021-01-17,"Moderna, Pfizer/BioNTech",122336,655,122991
2021-01-18,"Moderna, Pfizer/BioNTech",134769,2480,137249
2021-01-19,"Moderna, Pfizer/BioNTech",147310,5203,152513
2021-01-20,"Moderna, Pfizer/BioNTech",160920,7866,168786
2021-01-21,"Moderna, Pfizer/BioNTech",176546,9609,186155
2021-01-22,"Moderna, Pfizer/BioNTech",191436,10652,202088
2021-01-23,"Moderna, Pfizer/BioNTech",194757,11531,206288
2021-01-24,"Moderna, Pfizer/BioNTech",197013,12400,209413
2021-01-25,"Moderna, Pfizer/BioNTech",206667,15377,222044
2021-01-26,"Moderna, Pfizer/BioNTech",217216,19370,236586
2021-01-27,"Moderna, Pfizer/BioNTech",226246,23905,250151
2021-01-28,"Moderna, Pfizer/BioNTech",233349,30029,263378
2021-01-29,"Moderna, Pfizer/BioNTech",239567,37936,277503
2021-01-30,"Moderna, Pfizer/BioNTech",240308,39024,279332
2021-01-31,"Moderna, Pfizer/BioNTech",241026,40206,281232
2021-02-01,"Moderna, Pfizer/BioNTech",245006,48171,293177
2021-02-02,"Moderna, Pfizer/BioNTech",249158,58407,307565
2021-02-03,"Moderna, Pfizer/BioNTech",253584,69429,323013
2021-02-04,"Moderna, Pfizer/BioNTech",258491,82419,340910
2021-02-05,"Moderna, Pfizer/BioNTech",263964,93089,357053
2021-02-06,"Moderna, Oxford/AstraZeneca, Pfizer/BioNTech",264820,95456,360276
2021-02-07,"Moderna, Oxford/AstraZeneca, Pfizer/BioNTech",265671,97956,363627
2021-02-08,"Moderna, Oxford/AstraZeneca, Pfizer/BioNTech",269766,109335,379101
2021-02-09,"Moderna, Oxford/AstraZeneca, Pfizer/BioNTech",274872,121182,396054
2021-02-10,"Moderna, Oxford/AstraZeneca, Pfizer/BioNTech",280388,134368,414756
2021-02-11,"Moderna, Oxford/AstraZeneca, Pfizer/BioNTech",286720,150570,437290
2021-02-12,"Moderna, Oxford/AstraZeneca, Pfizer/BioNTech",293549,165312,458861
2021-02-13,"Moderna, Oxford/AstraZeneca, Pfizer/BioNTech",295163,168301,463464
2021-02-14,"Moderna, Oxford/AstraZeneca, Pfizer/BioNTech",296166,169687,465853
2021-02-15,"Moderna, Oxford/AstraZeneca, Pfizer/BioNTech",302562,179058,481620
2021-02-16,"Moderna, Oxford/AstraZeneca, Pfizer/BioNTech",311283,188143,499426
2021-02-17,"Moderna, Oxford/AstraZeneca, Pfizer/BioNTech",320982,196450,517432
2021-02-18,"Moderna, Oxford/AstraZeneca, Pfizer/BioNTech",333313,204534,537847
2021-02-19,"Moderna, Oxford/AstraZeneca, Pfizer/BioNTech",345178,211913,557091
2021-02-20,"Moderna, Oxford/AstraZeneca, Pfizer/BioNTech",347187,213099,560286
2021-02-21,"Moderna, Oxford/AstraZeneca, Pfizer/BioNTech",348323,214125,562448
2021-02-22,"Moderna, Oxford/AstraZeneca, Pfizer/BioNTech",358450,220160,578610
2021-02-23,"Moderna, Oxford/AstraZeneca, Pfizer/BioNTech",371416,227152,598568
2021-02-24,"Moderna, Oxford/AstraZeneca, Pfizer/BioNTech",385299,233192,618491
2021-02-25,"Moderna, Oxford/AstraZeneca, Pfizer/BioNTech",403280,238743,642023
2021-02-26,"Moderna, Oxford/AstraZeneca, Pfizer/BioNTech",419459,244104,663563
2021-02-27,"Moderna, Oxford/AstraZeneca, Pfizer/BioNTech",422469,244663,667132
2021-02-28,"Moderna, Oxford/AstraZeneca, Pfizer/BioNTech",424827,245215,670042
2021-03-01,"Moderna, Oxford/AstraZeneca, Pfizer/BioNTech",444426,248666,693092
2021-03-02,"Moderna, Oxford/AstraZeneca, Pfizer/BioNTech",471652,252215,723867
2021-03-03,"Moderna, Oxford/AstraZeneca, Pfizer/BioNTech",502607,256725,759332
2021-03-04,"Moderna, Oxford/AstraZeneca, Pfizer/BioNTech",535902,261415,797317
2021-03-05,"Johnson&Johnson, Moderna, Oxford/AstraZeneca, Pfizer/BioNTech",564751,266840,831591
2021-03-06,"Johnson&Johnson, Moderna, Oxford/AstraZeneca, Pfizer/BioNTech",576906,267705,844611
2021-03-07,"Johnson&Johnson, Moderna, Oxford/AstraZeneca, Pfizer/BioNTech",588455,268547,857002
2021-03-08,"Johnson&Johnson, Moderna, Oxford/AstraZeneca, Pfizer/BioNTech",618207,273409,891616
2021-03-09,"Johnson&Johnson, Moderna, Oxford/AstraZeneca, Pfizer/BioNTech",654564,279795,934359
2021-03-10,"Johnson&Johnson, Moderna, Oxford/AstraZeneca, Pfizer/BioNTech",695899,286755,982654
2021-03-11,"Johnson&Johnson, Moderna, Oxford/AstraZeneca, Pfizer/BioNTech",740750,295121,1035871
2021-03-12,"Johnson&Johnson, Moderna, Oxford/AstraZeneca, Pfizer/BioNTech",779520,303617,1083137
2021-03-13,"Johnson&Johnson, Moderna, Oxford/AstraZeneca, Pfizer/BioNTech",796628,304931,1101559
2021-03-14,"Johnson&Johnson, Moderna, Oxford/AstraZeneca, Pfizer/BioNTech",808747,306087,1114834
2021-03-15,"Johnson&Johnson, Moderna, Oxford/AstraZeneca, Pfizer/BioNTech",837134,314866,1152000
2021-03-16,"Johnson&Johnson, Moderna, Oxford/AstraZeneca, Pfizer/BioNTech",876024,325405,1201429
2021-03-17,"Moderna, Oxford/AstraZeneca, Pfizer/BioNTech",913515,335917,1249432
2021-03-18,"Johnson&Johnson, Moderna, Oxford/AstraZeneca, Pfizer/BioNTech",951524,348341,1299865
2021-03-19,"Moderna, Oxford/AstraZeneca, Pfizer/BioNTech",986038,361956,1347994
2021-03-20,"Johnson&Johnson, Moderna, Oxford/AstraZeneca, Pfizer/BioNTech",1001222,363988,1365210
2021-03-21,"Johnson&Johnson, Moderna, Oxford/AstraZeneca, Pfizer/BioNTech",1008664,365548,1374212
2021-03-22,"Johnson&Johnson, Moderna, Oxford/AstraZeneca, Pfizer/BioNTech",1033251,378051,1411302
2021-03-23,"Johnson&Johnson, Moderna, Oxford/AstraZeneca, Pfizer/BioNTech",1059925,391415,1451340
2021-03-24,"Johnson&Johnson, Moderna, Oxford/AstraZeneca, Pfizer/BioNTech",1086809,407160,1493969
2021-03-25,"Johnson&Johnson, Moderna, Oxford/AstraZeneca, Pfizer/BioNTech",1113165,425016,1538181
2021-03-26,"Johnson&Johnson, Moderna, Oxford/AstraZeneca, Pfizer/BioNTech",1138006,442526,1580532
2021-03-27,"Johnson&Johnson, Moderna, Oxford/AstraZeneca, Pfizer/BioNTech",1146462,447371,1593833
2021-03-28,"Moderna, Oxford/AstraZeneca, Pfizer/BioNTech",1152011,451519,1603530
2021-03-29,"Johnson&Johnson, Moderna, Oxford/AstraZeneca, Pfizer/BioNTech",1171163,472255,1643418
2021-03-30,"Johnson&Johnson, Moderna, Oxford/AstraZeneca, Pfizer/BioNTech",1195874,494437,1690311
2021-03-31,"Johnson&Johnson, Moderna, Oxford/AstraZeneca, Pfizer/BioNTech",1219033,521508,1740541
2021-04-01,"Johnson&Johnson, Moderna, Oxford/AstraZeneca, Pfizer/BioNTech",1244713,553570,1798283
2021-04-02,"Johnson&Johnson, Moderna, Oxford/AstraZeneca, Pfizer/BioNTech",1251684,566372,1818056
2021-04-03,"Johnson&Johnson, Moderna, Oxford/AstraZeneca, Pfizer/BioNTech",1255333,577303,1832636
2021-04-04,"Johnson&Johnson, Moderna, Oxford/AstraZeneca, Pfizer/BioNTech",1257872,586228,1844100
2021-04-05,"Johnson&Johnson, Moderna, Oxford/AstraZeneca, Pfizer/BioNTech",1260299,593429,1853728
2021-04-06,"Johnson&Johnson, Moderna, Oxford/AstraZeneca, Pfizer/BioNTech",1276512,622708,1899220
2021-04-07,"Johnson&Johnson, Moderna, Oxford/AstraZeneca, Pfizer/BioNTech",1300003,644950,1944953
2021-04-08,"Johnson&Johnson, Moderna, Oxford/AstraZeneca, Pfizer/BioNTech",1338803,675998,2014801
2021-04-09,"Johnson&Johnson, Moderna, Oxford/AstraZeneca, Pfizer/BioNTech",1378400,706196,2084596
2021-04-10,"Johnson&Johnson, Moderna, Oxford/AstraZeneca, Pfizer/BioNTech",1393964,721507,2115471
2021-04-11,"Johnson&Johnson, Moderna, Oxford/AstraZeneca, Pfizer/BioNTech",1403766,731561,2135327
2021-04-12,"Johnson&Johnson, Moderna, Oxford/AstraZeneca, Pfizer/BioNTech",1442095,756702,2198797
2021-04-13,"Moderna, Oxford/AstraZeneca, Pfizer/BioNTech",1478399,782740,2261139
2021-04-14,"Moderna, Oxford/AstraZeneca, Pfizer/BioNTech",1517284,810112,2327396
2021-04-15,"Moderna, Oxford/AstraZeneca, Pfizer/BioNTech",1565115,835889,2401004
2021-04-16,"Moderna, Oxford/AstraZeneca, Pfizer/BioNTech",1609822,861573,2471395
2021-04-17,"Moderna, Oxford/AstraZeneca, Pfizer/BioNTech",1626546,870602,2497148
2021-04-18,"Moderna, Oxford/AstraZeneca, Pfizer/BioNTech",1639548,875589,2515137
2021-04-19,"Moderna, Oxford/AstraZeneca, Pfizer/BioNTech",1683520,891035,2574555
2021-04-20,"Johnson&Johnson, Moderna, Oxford/AstraZeneca, Pfizer/BioNTech",1726115,906921,2633036
2021-04-21,"Moderna, Oxford/AstraZeneca, Pfizer/BioNTech",1773892,921290,2695182
2021-04-22,"Johnson&Johnson, Moderna, Oxford/AstraZeneca, Pfizer/BioNTech",1828419,938690,2767109
2021-04-23,"Johnson&Johnson, Moderna, Oxford/AstraZeneca, Pfizer/BioNTech",1878438,950757,2829195
2021-04-24,"Johnson&Johnson, Moderna, Oxford/AstraZeneca, Pfizer/BioNTech",1896311,956021,2852332
2021-04-25,"Johnson&Johnson, Moderna, Oxford/AstraZeneca, Pfizer/BioNTech",1911022,960021,2871043
2021-04-26,"Johnson&Johnson, Moderna, Oxford/AstraZeneca, Pfizer/BioNTech",1960641,967588,2928229
2021-04-27,"Johnson&Johnson, Moderna, Oxford/AstraZeneca, Pfizer/BioNTech",2009640,979842,2989482
2021-04-28,"Johnson&Johnson, Moderna, Oxford/AstraZeneca, Pfizer/BioNTech",2068431,993873,3062304
2021-04-29,"Johnson&Johnson, Moderna, Oxford/AstraZeneca, Pfizer/BioNTech",2134054,1009791,3143845
2021-04-30,"Johnson&Johnson, Moderna, Oxford/AstraZeneca, Pfizer/BioNTech",2196358,1019785,3216143
2021-05-01,"Johnson&Johnson, Moderna, Oxford/AstraZeneca, Pfizer/BioNTech",2215744,1023248,3238992
2021-05-02,"Johnson&Johnson, Moderna, Oxford/AstraZeneca, Pfizer/BioNTech",2234694,1025536,3260230
2021-05-03,"Johnson&Johnson, Moderna, Oxford/AstraZeneca, Pfizer/BioNTech",2301987,1030617,3332604
2021-05-04,"Johnson&Johnson, Moderna, Oxford/AstraZeneca, Pfizer/BioNTech",2368541,1038991,3407532
2021-05-05,"Johnson&Johnson, Moderna, Oxford/AstraZeneca, Pfizer/BioNTech",2441776,1048437,3490213
2021-05-06,"Johnson&Johnson, Moderna, Oxford/AstraZeneca, Pfizer/BioNTech",2522237,1059189,3581426
2021-05-07,"Johnson&Johnson, Moderna, Oxford/AstraZeneca, Pfizer/BioNTech",2599585,1069331,3668916
2021-05-08,"Johnson&Johnson, Moderna, Oxford/AstraZeneca, Pfizer/BioNTech",2629105,1071120,3700225
2021-05-09,"Johnson&Johnson, Moderna, Oxford/AstraZeneca, Pfizer/BioNTech",2653355,1072342,3725697
2021-05-10,"Johnson&Johnson, Moderna, Oxford/AstraZeneca, Pfizer/BioNTech",2726188,1079589,3805777
2021-05-11,"Johnson&Johnson, Moderna, Oxford/AstraZeneca, Pfizer/BioNTech",2802347,1088423,3890770
2021-05-12,"Johnson&Johnson, Moderna, Oxford/AstraZeneca, Pfizer/BioNTech",2882306,1097566,3979872
2021-05-13,"Johnson&Johnson, Moderna, Oxford/AstraZeneca, Pfizer/BioNTech",2966373,1106756,4073129
2021-05-14,"Johnson&Johnson, Moderna, Oxford/AstraZeneca, Pfizer/BioNTech",3045918,1114582,4160500
2021-05-15,"Johnson&Johnson, Moderna, Oxford/AstraZeneca, Pfizer/BioNTech",3077891,1116864,4194755
2021-05-16,"Johnson&Johnson, Moderna, Oxford/AstraZeneca, Pfizer/BioNTech",3103715,1118147,4221862
2021-05-17,"Johnson&Johnson, Moderna, Oxford/AstraZeneca, Pfizer/BioNTech",3176277,1124901,4301178
2021-05-18,"Johnson&Johnson, Moderna, Oxford/AstraZeneca, Pfizer/BioNTech",3248266,1138021,4386287
2021-05-19,"Johnson&Johnson, Moderna, Oxford/AstraZeneca, Pfizer/BioNTech",3325774,1153191,4478965
2021-05-20,"Johnson&Johnson, Moderna, Oxford/AstraZeneca, Pfizer/BioNTech",3401290,1180255,4581545
2021-05-21,"Johnson&Johnson, Moderna, Oxford/AstraZeneca, Pfizer/BioNTech",3470162,1208064,4678226
2021-05-22,"Johnson&Johnson, Moderna, Oxford/AstraZeneca, Pfizer/BioNTech",3502625,1219298,4721923
2021-05-23,"Johnson&Johnson, Moderna, Oxford/AstraZeneca, Pfizer/BioNTech",3525073,1228348,4753421
2021-05-24,"Johnson&Johnson, Moderna, Oxford/AstraZeneca, Pfizer/BioNTech",3572277,1262036,4834313
2021-05-25,"Johnson&Johnson, Moderna, Oxford/AstraZeneca, Pfizer/BioNTech",3624200,1297889,4922089
2021-05-26,"Johnson&Johnson, Moderna, Oxford/AstraZeneca, Pfizer/BioNTech",3692000,1335449,5027449
2021-05-27,"Johnson&Johnson, Moderna, Oxford/AstraZeneca, Pfizer/BioNTech",3753460,1382823,5136283
2021-05-28,"Johnson&Johnson, Moderna, Oxford/AstraZeneca, Pfizer/BioNTech",3815246,1429434,5244680
2021-05-29,"Johnson&Johnson, Moderna, Oxford/AstraZeneca, Pfizer/BioNTech",3844513,1446571,5291084
2021-05-30,"Johnson&Johnson, Moderna, Oxford/AstraZeneca, Pfizer/BioNTech",3866937,1461037,5327974
2021-05-31,"Johnson&Johnson, Moderna, Oxford/AstraZeneca, Pfizer/BioNTech",3922715,1508578,5431293
2021-06-01,"Johnson&Johnson, Moderna, Oxford/AstraZeneca, Pfizer/BioNTech",3981814,1557459,5539273
2021-06-02,"Johnson&Johnson, Moderna, Oxford/AstraZeneca, Pfizer/BioNTech",4044787,1611491,5656278
2021-06-03,"Johnson&Johnson, Moderna, Oxford/AstraZeneca, Pfizer/BioNTech",4103058,1671739,5774797
2021-06-04,"Johnson&Johnson, Moderna, Oxford/AstraZeneca, Pfizer/BioNTech",4166195,1729180,5895375
2021-06-05,"Johnson&Johnson, Moderna, Oxford/AstraZeneca, Pfizer/BioNTech",4200390,1748103,5948493
2021-06-06,"Johnson&Johnson, Moderna, Oxford/AstraZeneca, Pfizer/BioNTech",4227357,1763277,5990634
2021-06-07,"Johnson&Johnson, Moderna, Oxford/AstraZeneca, Pfizer/BioNTech",4291057,1818938,6109995
2021-06-08,"Johnson&Johnson, Moderna, Oxford/AstraZeneca, Pfizer/BioNTech",4355075,1873970,6229045
2021-06-09,"Johnson&Johnson, Moderna, Oxford/AstraZeneca, Pfizer/BioNTech",4414301,1938683,6352984
2021-06-10,"Johnson&Johnson, Moderna, Oxford/AstraZeneca, Pfizer/BioNTech",4468174,2010016,6478190
2021-06-11,"Johnson&Johnson, Moderna, Oxford/AstraZeneca, Pfizer/BioNTech",4520307,2079880,6600187
2021-06-12,"Johnson&Johnson, Moderna, Oxford/AstraZeneca, Pfizer/BioNTech",4552350,2100727,6653077
2021-06-13,"Johnson&Johnson, Moderna, Oxford/AstraZeneca, Pfizer/BioNTech",4576392,2119174,6695566
2021-06-14,"Johnson&Johnson, Moderna, Oxford/AstraZeneca, Pfizer/BioNTech",4619493,2193602,6813095
2021-06-15,"Johnson&Johnson, Moderna, Oxford/AstraZeneca, Pfizer/BioNTech",4664172,2266014,6930186
2021-06-16,"Johnson&Johnson, Moderna, Oxford/AstraZeneca, Pfizer/BioNTech",4706976,2344297,7051273
2021-06-17,"Johnson&Johnson, Moderna, Oxford/AstraZeneca, Pfizer/BioNTech",4746410,2427434,7173844
2021-06-18,"Johnson&Johnson, Moderna, Oxford/AstraZeneca, Pfizer/BioNTech",4788864,2508044,7296908
2021-06-19,"Johnson&Johnson, Moderna, Oxford/AstraZeneca, Pfizer/BioNTech",4810661,2537382,7348043
2021-06-20,"Johnson&Johnson, Moderna, Oxford/AstraZeneca, Pfizer/BioNTech",4828066,2561270,7389336
2021-06-21,"Johnson&Johnson, Moderna, Oxford/AstraZeneca, Pfizer/BioNTech",4860579,2639928,7500507
2021-06-22,"Johnson&Johnson, Moderna, Oxford/AstraZeneca, Pfizer/BioNTech",4893552,2722277,7615829
2021-06-23,"Johnson&Johnson, Moderna, Oxford/AstraZeneca, Pfizer/BioNTech",4925261,2807548,7732809
2021-06-24,"Johnson&Johnson, Moderna, Oxford/AstraZeneca, Pfizer/BioNTech",4955127,2897616,7852743
2021-06-25,"Johnson&Johnson, Moderna, Oxford/AstraZeneca, Pfizer/BioNTech",4986226,2983869,7970095
2021-06-26,"Johnson&Johnson, Moderna, Oxford/AstraZeneca, Pfizer/BioNTech",5002139,3018765,8020904
2021-06-27,"Johnson&Johnson, Moderna, Oxford/AstraZeneca, Pfizer/BioNTech",5016108,3045491,8061599
2021-06-28,"Johnson&Johnson, Moderna, Oxford/AstraZeneca, Pfizer/BioNTech",5044523,3130736,8175259
2021-06-29,"Johnson&Johnson, Moderna, Oxford/AstraZeneca, Pfizer/BioNTech",5073816,3217296,8291112
2021-06-30,"Johnson&Johnson, Moderna, Oxford/AstraZeneca, Pfizer/BioNTech",5101333,3308359,8409692
2021-07-01,"Johnson&Johnson, Moderna, Oxford/AstraZeneca, Pfizer/BioNTech",5125323,3398488,8523811
2021-07-02,"Johnson&Johnson, Moderna, Oxford/AstraZeneca, Pfizer/BioNTech",5152062,3484446,8636508
2021-07-03,"Johnson&Johnson, Moderna, Oxford/AstraZeneca, Pfizer/BioNTech",5159176,3516024,8675200
2021-07-04,"Johnson&Johnson, Moderna, Oxford/AstraZeneca, Pfizer/BioNTech",5166761,3537846,8704607
2021-07-05,"Johnson&Johnson, Moderna, Oxford/AstraZeneca, Pfizer/BioNTech",5174170,3563258,8737428
2021-07-06,"Johnson&Johnson, Moderna, Oxford/AstraZeneca, Pfizer/BioNTech",5179633,3590985,8770618
2021-07-07,"Johnson&Johnson, Moderna, Oxford/AstraZeneca, Pfizer/BioNTech",5205456,3670031,8875487
2021-07-08,"Johnson&Johnson, Moderna, Oxford/AstraZeneca, Pfizer/BioNTech",5232070,3740402,8972472
2021-07-09,"Johnson&Johnson, Moderna, Oxford/AstraZeneca, Pfizer/BioNTech",5260011,3809770,9069781
2021-07-10,"Johnson&Johnson, Moderna, Oxford/AstraZeneca, Pfizer/BioNTech",5269385,3838453,9107838
2021-07-11,"Johnson&Johnson, Moderna, Oxford/AstraZeneca, Pfizer/BioNTech",5277935,3861359,9139294
2021-07-12,"Johnson&Johnson, Moderna, Oxford/AstraZeneca, Pfizer/BioNTech",5305466,3930482,9235948
2021-07-13,"Johnson&Johnson, Moderna, Oxford/AstraZeneca, Pfizer/BioNTech",5331672,4000380,9332052
2021-07-14,"Johnson&Johnson, Moderna, Oxford/AstraZeneca, Pfizer/BioNTech",5357502,4072414,9429916
2021-07-15,"Johnson&Johnson, Moderna, Oxford/AstraZeneca, Pfizer/BioNTech",5386685,4138466,9525151
2021-07-16,"Johnson&Johnson, Moderna, Oxford/AstraZeneca, Pfizer/BioNTech",5414611,4211240,9625851
2021-07-17,"Johnson&Johnson, Moderna, Oxford/AstraZeneca, Pfizer/BioNTech",5423418,4242727,9666145
2021-07-18,"Johnson&Johnson, Moderna, Oxford/AstraZeneca, Pfizer/BioNTech",5431862,4268751,9700613
2021-07-19,"Johnson&Johnson, Moderna, Oxford/AstraZeneca, Pfizer/BioNTech",5455225,4335810,9791035
2021-07-20,"Johnson&Johnson, Moderna, Oxford/AstraZeneca, Pfizer/BioNTech",5476629,4402899,9879528
2021-07-21,"Johnson&Johnson, Moderna, Oxford/AstraZeneca, Pfizer/BioNTech",5500077,4466374,9966451
2021-07-22,"Johnson&Johnson, Moderna, Oxford/AstraZeneca, Pfizer/BioNTech",5522453,4525027,10047480
2021-07-23,"Johnson&Johnson, Moderna, Oxford/AstraZeneca, Pfizer/BioNTech",5545675,4579797,10125472
2021-07-24,"Johnson&Johnson, Moderna, Oxford/AstraZeneca, Pfizer/BioNTech",5553013,4607498,10160511
2021-07-25,"Johnson&Johnson, Moderna, Oxford/AstraZeneca, Pfizer/BioNTech",5559647,4629648,10189295
2021-07-26,"Johnson&Johnson, Moderna, Oxford/AstraZeneca, Pfizer/BioNTech",5583199,4678358,10261557
2021-07-27,"Johnson&Johnson, Moderna, Oxford/AstraZeneca, Pfizer/BioNTech",5605940,4725011,10330951
2021-07-28,"Johnson&Johnson, Moderna, Oxford/AstraZeneca, Pfizer/BioNTech",5627212,4771033,10398245
2021-07-29,"Johnson&Johnson, Moderna, Oxford/AstraZeneca, Pfizer/BioNTech",5648542,4813021,10461563
2021-07-30,"Johnson&Johnson, Moderna, Oxford/AstraZeneca, Pfizer/BioNTech",5671819,4855614,10527433
2021-07-31,"Johnson&Johnson, Moderna, Oxford/AstraZeneca, Pfizer/BioNTech",5680763,4875159,10555922
2021-08-01,"Johnson&Johnson, Moderna, Oxford/AstraZeneca, Pfizer/BioNTech",5687493,4891348,10578841
2021-08-02,"Johnson&Johnson, Moderna, Oxford/AstraZeneca, Pfizer/BioNTech",5706132,4928914,10635046
2021-08-03,"Johnson&Johnson, Moderna, Oxford/AstraZeneca, Pfizer/BioNTech",5723779,4967037,10690816
2021-08-04,"Johnson&Johnson, Moderna, Oxford/AstraZeneca, Pfizer/BioNTech",5739894,5003806,10743700
2021-08-05,"Johnson&Johnson, Moderna, Oxford/AstraZeneca, Pfizer/BioNTech",5755935,5044307,10800242
2021-08-06,"Johnson&Johnson, Moderna, Oxford/AstraZeneca, Pfizer/BioNTech",5772726,5087604,10860330
2021-08-07,"Johnson&Johnson, Moderna, Oxford/AstraZeneca, Pfizer/BioNTech",5778326,5105799,10884125
2021-08-08,"Johnson&Johnson, Moderna, Oxford/AstraZeneca, Pfizer/BioNTech",5782689,5121562,10904251
2021-08-09,"Johnson&Johnson, Moderna, Oxford/AstraZeneca, Pfizer/BioNTech",5795328,5166634,10961962
2021-08-10,"Johnson&Johnson, Moderna, Oxford/AstraZeneca, Pfizer/BioNTech",5807172,5206214,11013386
2021-08-11,"Johnson&Johnson, Moderna, Oxford/AstraZeneca, Pfizer/BioNTech",5818527,5249346,11067873
2021-08-12,"Johnson&Johnson, Moderna, Oxford/AstraZeneca, Pfizer/BioNTech",5829952,5286484,11116436
2021-08-13,"Johnson&Johnson, Moderna, Oxford/AstraZeneca, Pfizer/BioNTech",5840676,5326829,11167505
2021-08-14,"Johnson&Johnson, Moderna, Oxford/AstraZeneca, Pfizer/BioNTech",5844012,5337545,11181557
2021-08-15,"Johnson&Johnson, Moderna, Oxford/AstraZeneca, Pfizer/BioNTech",5846596,5347927,11194523
2021-08-16,"Johnson&Johnson, Moderna, Oxford/AstraZeneca, Pfizer/BioNTech",5856386,5382000,11238386
2021-08-17,"Johnson&Johnson, Moderna, Oxford/AstraZeneca, Pfizer/BioNTech",5865980,5409095,11275075
2021-08-18,"Johnson&Johnson, Moderna, Oxford/AstraZeneca, Pfizer/BioNTech",5875356,5447972,11323328
2021-08-19,"Johnson&Johnson, Moderna, Oxford/AstraZeneca, Pfizer/BioNTech",5885028,5486322,11371350
2021-08-20,"Johnson&Johnson, Moderna, Oxford/AstraZeneca, Pfizer/BioNTech",5896415,5526509,11422924
2021-08-21,"Johnson&Johnson, Moderna, Oxford/AstraZeneca, Pfizer/BioNTech",5899135,5539275,11438410
2021-08-22,"Johnson&Johnson, Moderna, Oxford/AstraZeneca, Pfizer/BioNTech",5901479,5551243,11452722
2021-08-23,"Johnson&Johnson, Moderna, Oxford/AstraZeneca, Pfizer/BioNTech",5912008,5590516,11502524
2021-08-24,"Johnson&Johnson, Moderna, Oxford/AstraZeneca, Pfizer/BioNTech",5921881,5623765,11545646
2021-08-25,"Johnson&Johnson, Moderna, Oxford/AstraZeneca, Pfizer/BioNTech",5930747,5652141,11582888
2021-08-26,"Johnson&Johnson, Moderna, Oxford/AstraZeneca, Pfizer/BioNTech",5939197,5678268,11617465
2021-08-27,"Johnson&Johnson, Moderna, Oxford/AstraZeneca, Pfizer/BioNTech",5949524,5704239,11653763
2021-08-28,"Johnson&Johnson, Moderna, Oxford/AstraZeneca, Pfizer/BioNTech",5952253,5711296,11663549
2021-08-29,"Johnson&Johnson, Moderna, Oxford/AstraZeneca, Pfizer/BioNTech",5954665,5717914,11672579
2021-08-30,"Johnson&Johnson, Moderna, Oxford/AstraZeneca, Pfizer/BioNTech",5963193,5739791,11702984
2021-08-31,"Johnson&Johnson, Moderna, Oxford/AstraZeneca, Pfizer/BioNTech",5970870,5757888,11728758
2021-09-01,"Johnson&Johnson, Moderna, Oxford/AstraZeneca, Pfizer/BioNTech",5976764,5771891,11748655
2021-09-02,"Johnson&Johnson, Moderna, Oxford/AstraZeneca, Pfizer/BioNTech",5983603,5786280,11769883
2021-09-03,"Johnson&Johnson, Moderna, Oxford/AstraZeneca, Pfizer/BioNTech",5993163,5802002,11795165
2021-09-04,"Johnson&Johnson, Moderna, Oxford/AstraZeneca, Pfizer/BioNTech",5995231,5805556,11800787
2021-09-05,"Johnson&Johnson, Moderna, Oxford/AstraZeneca, Pfizer/BioNTech",5997270,5808401,11805671
2021-09-06,"Johnson&Johnson, Moderna, Oxford/AstraZeneca, Pfizer/BioNTech",6003508,5820938,11824446
2021-09-07,"Johnson&Johnson, Moderna, Oxford/AstraZeneca, Pfizer/BioNTech",6007902,5832031,11839933
2021-09-08,"Johnson&Johnson, Moderna, Oxford/AstraZeneca, Pfizer/BioNTech",6013577,5841879,11855456
2021-09-09,"Johnson&Johnson, Moderna, Oxford/AstraZeneca, Pfizer/BioNTech",6020273,5851948,11872221
2021-09-10,"Johnson&Johnson, Moderna, Oxford/AstraZeneca, Pfizer/BioNTech",6027966,5864122,11892088
2021-09-11,"Johnson&Johnson, Moderna, Oxford/AstraZeneca, Pfizer/BioNTech",6029831,5866604,11896435
2021-09-12,"Johnson&Johnson, Moderna, Oxford/AstraZeneca, Pfizer/BioNTech",6030949,5868236,11899185
2021-09-13,"Johnson&Johnson, Moderna, Oxford/AstraZeneca, Pfizer/BioNTech",6036376,5878533,11914909
2021-09-14,"Johnson&Johnson, Moderna, Oxford/AstraZeneca, Pfizer/BioNTech",6041771,5887550,11929321
2021-09-15,"Johnson&Johnson, Moderna, Oxford/AstraZeneca, Pfizer/BioNTech",6046973,5896074,11943047
2021-09-16,"Johnson&Johnson, Moderna, Oxford/AstraZeneca, Pfizer/BioNTech",6052319,5904345,11956664
2021-09-17,"Johnson&Johnson, Moderna, Oxford/AstraZeneca, Pfizer/BioNTech",6058886,5914575,11973461
2021-09-18,"Johnson&Johnson, Moderna, Oxford/AstraZeneca, Pfizer/BioNTech",6060613,5916933,11977546
2021-09-19,"Johnson&Johnson, Moderna, Oxford/AstraZeneca, Pfizer/BioNTech",6061559,5918500,11980059
2021-09-20,"Johnson&Johnson, Moderna, Oxford/AstraZeneca, Pfizer/BioNTech",6065574,5926694,11992268
2021-09-21,"Johnson&Johnson, Moderna, Oxford/AstraZeneca, Pfizer/BioNTech",6069807,5934224,12004031
2021-09-22,"Johnson&Johnson, Moderna, Oxford/AstraZeneca, Pfizer/BioNTech",6073995,5939734,12013729
2021-09-23,"Johnson&Johnson, Moderna, Oxford/AstraZeneca, Pfizer/BioNTech",6078969,5946138,12025107
2021-09-24,"Johnson&Johnson, Moderna, Oxford/AstraZeneca, Pfizer/BioNTech",6084728,5955758,12040486
2021-09-25,"Johnson&Johnson, Moderna, Oxford/AstraZeneca, Pfizer/BioNTech",6086225,5957757,12043982
2021-09-26,"Johnson&Johnson, Moderna, Oxford/AstraZeneca, Pfizer/BioNTech",6086969,5959394,12046363
2021-09-27,"Johnson&Johnson, Moderna, Oxford/AstraZeneca, Pfizer/BioNTech",6090847,5965906,12056753
2021-09-28,"Johnson&Johnson, Moderna, Pfizer/BioNTech",6091212,5966531,12057743
2021-09-29,"Johnson&Johnson, Moderna, Oxford/AstraZeneca, Pfizer/BioNTech",6094988,5973990,12068978
2021-09-30,"Johnson&Johnson, Moderna, Oxford/AstraZeneca, Pfizer/BioNTech",6099494,5981684,12081178
2021-10-01,"Johnson&Johnson, Moderna, Oxford/AstraZeneca, Pfizer/BioNTech",6103796,5989661,12093457
2021-10-02,"Johnson&Johnson, Moderna, Oxford/AstraZeneca, Pfizer/BioNTech",6104859,5991201,12096060
2021-10-03,"Johnson&Johnson, Moderna, Pfizer/BioNTech",6105584,5992069,12097653
2021-10-04,"Johnson&Johnson, Moderna, Oxford/AstraZeneca, Pfizer/BioNTech",6108661,5997635,12106296
2021-10-05,"Johnson&Johnson, Moderna, Oxford/AstraZeneca, Pfizer/BioNTech",6111824,6002718,12114542
2021-10-06,"Johnson&Johnson, Moderna, Oxford/AstraZeneca, Pfizer/BioNTech",6115343,6007888,12123231
2021-10-07,"Johnson&Johnson, Moderna, Oxford/AstraZeneca, Pfizer/BioNTech",6118623,6013145,12131768
2021-10-08,"Johnson&Johnson, Moderna, Oxford/AstraZeneca, Pfizer/BioNTech",6123417,6019782,12143199
2021-10-09,"Johnson&Johnson, Moderna, Oxford/AstraZeneca, Pfizer/BioNTech",6124660,6021440,12146100
2021-10-10,"Johnson&Johnson, Moderna, Oxford/AstraZeneca, Pfizer/BioNTech",6125603,6022271,12147874
2021-10-11,"Johnson&Johnson, Moderna, Oxford/AstraZeneca, Pfizer/BioNTech",6128533,6026684,12155217
2021-10-12,"Johnson&Johnson, Moderna, Oxford/AstraZeneca, Pfizer/BioNTech",6131463,6030687,12162150
2021-10-13,"Johnson&Johnson, Moderna, Oxford/AstraZeneca, Pfizer/BioNTech",6134994,6034870,12169864
2021-10-14,"Johnson&Johnson, Moderna, Oxford/AstraZeneca, Pfizer/BioNTech",6138665,6039817,12178482
2021-10-15,"Johnson&Johnson, Moderna, Oxford/AstraZeneca, Pfizer/BioNTech",6143895,6045961,12189856
2021-10-16,"Johnson&Johnson, Moderna, Oxford/AstraZeneca, Pfizer/BioNTech",6145309,6047486,12192795
2021-10-17,"Johnson&Johnson, Moderna, Pfizer/BioNTech",6146635,6048539,12195174
2021-10-18,"Johnson&Johnson, Moderna, Oxford/AstraZeneca, Pfizer/BioNTech",6150751,6052632,12203383
2021-10-19,"Johnson&Johnson, Moderna, Oxford/AstraZeneca, Pfizer/BioNTech",6154329,6054727,12209056
2021-10-20,"Johnson&Johnson, Moderna, Oxford/AstraZeneca, Pfizer/BioNTech",6159209,6059175,12218384
2021-10-21,"Johnson&Johnson, Moderna, Oxford/AstraZeneca, Pfizer/BioNTech",6166977,6064776,12231753
2021-10-22,"Johnson&Johnson, Moderna, Oxford/AstraZeneca, Pfizer/BioNTech",6177430,6071279,12248709
2021-10-23,"Johnson&Johnson, Moderna, Oxford/AstraZeneca, Pfizer/BioNTech",6181105,6073485,12254590
2021-10-24,"Johnson&Johnson, Moderna, Oxford/AstraZeneca, Pfizer/BioNTech",6183787,6075263,12259050
2021-10-25,"Johnson&Johnson, Moderna, Oxford/AstraZeneca, Pfizer/BioNTech",6194285,6081068,12275353
2021-10-26,"Johnson&Johnson, Moderna, Oxford/AstraZeneca, Pfizer/BioNTech",6206276,6087616,12293892
2021-10-27,"Johnson&Johnson, Moderna, Oxford/AstraZeneca, Pfizer/BioNTech",6220886,6095017,12315903
2021-10-28,"Johnson&Johnson, Moderna, Oxford/AstraZeneca, Pfizer/BioNTech",6224306,6096698,12321004
2021-10-29,"Johnson&Johnson, Moderna, Oxford/AstraZeneca, Pfizer/BioNTech",6238739,6104680,12343419
2021-10-30,"Johnson&Johnson, Moderna, Oxford/AstraZeneca, Pfizer/BioNTech",6243268,6107604,12350872
2021-10-31,"Johnson&Johnson, Moderna, Oxford/AstraZeneca, Pfizer/BioNTech",6247030,6110075,12357105
2021-11-01,"Johnson&Johnson, Moderna, Oxford/AstraZeneca, Pfizer/BioNTech",6262232,6117766,12379998
2021-11-02,"Johnson&Johnson, Moderna, Oxford/AstraZeneca, Pfizer/BioNTech",6277683,6125321,12403004
2021-11-03,"Johnson&Johnson, Moderna, Oxford/AstraZeneca, Pfizer/BioNTech",6294863,6132616,12427479
2021-11-04,"Johnson&Johnson, Moderna, Oxford/AstraZeneca, Pfizer/BioNTech",6313217,6140783,12454000
2021-11-05,"Johnson&Johnson, Moderna, Oxford/AstraZeneca, Pfizer/BioNTech",6336015,6152062,12488077
2021-11-06,"Johnson&Johnson, Moderna, Oxford/AstraZeneca, Pfizer/BioNTech",6342526,6155114,12497640
2021-11-07,"Johnson&Johnson, Moderna, Oxford/AstraZeneca, Pfizer/BioNTech",6346547,6157550,12504097
2021-11-08,"Johnson&Johnson, Moderna, Oxford/AstraZeneca, Pfizer/BioNTech",6362818,6165183,12528001
2021-11-09,"Johnson&Johnson, Moderna, Oxford/AstraZeneca, Pfizer/BioNTech",6377626,6172474,12550100
2021-11-10,"Johnson&Johnson, Moderna, Oxford/AstraZeneca, Pfizer/BioNTech",6393368,6179850,12573218
2021-11-11,"Johnson&Johnson, Moderna, Oxford/AstraZeneca, Pfizer/BioNTech",6408839,6188952,12597791
2021-11-12,"Johnson&Johnson, Moderna, Oxford/AstraZeneca, Pfizer/BioNTech",6428645,6201748,12630393
2021-11-13,"Johnson&Johnson, Moderna, Oxford/AstraZeneca, Pfizer/BioNTech",6434036,6205619,12639655
2021-11-14,"Johnson&Johnson, Moderna, Oxford/AstraZeneca, Pfizer/BioNTech",6437927,6208621,12646548
2021-11-15,"Johnson&Johnson, Moderna, Oxford/AstraZeneca, Pfizer/BioNTech",6453006,6219312,12672318
2021-11-16,"Johnson&Johnson, Moderna, Oxford/AstraZeneca, Pfizer/BioNTech",6470550,6231294,12701844
2021-11-17,"Johnson&Johnson, Moderna, Oxford/AstraZeneca, Pfizer/BioNTech",6474792,6234857,12709649
2021-11-18,"Johnson&Johnson, Moderna, Oxford/AstraZeneca, Pfizer/BioNTech",6494207,6246541,12740748
2021-11-19,"Johnson&Johnson, Moderna, Oxford/AstraZeneca, Pfizer/BioNTech",6518818,6263510,12782328
2021-11-20,"Johnson&Johnson, Moderna, Pfizer/BioNTech",6527392,6268489,12795881
2021-11-21,"Johnson&Johnson, Moderna, Pfizer/BioNTech",6534163,6272260,12806423
2021-11-22,"Johnson&Johnson, Moderna, Oxford/AstraZeneca, Pfizer/BioNTech",6552679,6286371,12839050
2021-11-23,"Johnson&Johnson, Moderna, Oxford/AstraZeneca, Pfizer/BioNTech",6571744,6299629,12871373
2021-11-24,"Johnson&Johnson, Moderna, Oxford/AstraZeneca, Pfizer/BioNTech",6590758,6315472,12906230
2021-11-25,"Johnson&Johnson, Moderna, Oxford/AstraZeneca, Pfizer/BioNTech",6609906,6330497,12940403
2021-11-26,"Johnson&Johnson, Moderna, Oxford/AstraZeneca, Pfizer/BioNTech",6631565,6349635,12981200
2021-11-27,"Johnson&Johnson, Moderna, Oxford/AstraZeneca, Pfizer/BioNTech",6639038,6355189,12994227
2021-11-28,"Johnson&Johnson, Moderna, Oxford/AstraZeneca, Pfizer/BioNTech",6642377,6358323,13000700
2021-11-29,"Johnson&Johnson, Moderna, Oxford/AstraZeneca, Pfizer/BioNTech",6657586,6371978,13029564
2021-11-30,"Johnson&Johnson, Moderna, Oxford/AstraZeneca, Pfizer/BioNTech",6670790,6383212,13054002
2021-12-01,"Johnson&Johnson, Moderna, Oxford/AstraZeneca, Pfizer/BioNTech",6684823,6395667,13080490
2021-12-02,"Johnson&Johnson, Moderna, Oxford/AstraZeneca, Pfizer/BioNTech",6695459,6408161,13103620
2021-12-03,"Johnson&Johnson, Moderna, Oxford/AstraZeneca, Pfizer/BioNTech",6705102,6423733,13128835
2021-12-04,"Johnson&Johnson, Moderna, Pfizer/BioNTech",6707663,6427682,13135345
2021-12-05,"Johnson&Johnson, Moderna, Oxford/AstraZeneca, Pfizer/BioNTech",6709026,6430022,13139048
2021-12-06,"Johnson&Johnson, Moderna, Oxford/AstraZeneca, Pfizer/BioNTech",6717190,6441545,13158735
2021-12-07,"Johnson&Johnson, Moderna, Oxford/AstraZeneca, Pfizer/BioNTech",6725090,6453551,13178641
2021-12-08,"Johnson&Johnson, Moderna, Oxford/AstraZeneca, Pfizer/BioNTech",6733342,6459476,13192818
2021-12-09,"Johnson&Johnson, Moderna, Oxford/AstraZeneca, Pfizer/BioNTech",6740464,6472295,13212759
2021-12-10,"Johnson&Johnson, Moderna, Oxford/AstraZeneca, Pfizer/BioNTech",6747397,6490098,13237495
2021-12-11,"Johnson&Johnson, Moderna, Pfizer/BioNTech",6749058,6495369,13244427
2021-12-12,"Johnson&Johnson, Moderna, Oxford/AstraZeneca, Pfizer/BioNTech",6750368,6499802,13250170
2021-12-13,"Johnson&Johnson, Moderna, Oxford/AstraZeneca, Pfizer/BioNTech",6756725,6513111,13269836
2021-12-14,"Johnson&Johnson, Moderna, Oxford/AstraZeneca, Pfizer/BioNTech",6762952,6526780,13289732
2021-12-15,"Johnson&Johnson, Moderna, Oxford/AstraZeneca, Pfizer/BioNTech",6769156,6540379,13309535
2021-12-16,"Johnson&Johnson, Moderna, Oxford/AstraZeneca, Pfizer/BioNTech",6776096,6555213,13331309
2021-12-17,"Johnson&Johnson, Moderna, Oxford/AstraZeneca, Pfizer/BioNTech",6784470,6572473,13356943
2021-12-18,"Johnson&Johnson, Moderna, Oxford/AstraZeneca, Pfizer/BioNTech",6787080,6577921,13365001
2021-12-19,"Johnson&Johnson, Moderna, Pfizer/BioNTech",6788852,6580424,13369276
2021-12-20,"Johnson&Johnson, Moderna, Oxford/AstraZeneca, Pfizer/BioNTech",6794694,6594491,13389185
2021-12-21,"Johnson&Johnson, Moderna, Oxford/AstraZeneca, Pfizer/BioNTech",6801361,6606479,13407840
2021-12-22,"Johnson&Johnson, Moderna, Oxford/AstraZeneca, Pfizer/BioNTech",6806421,6619528,13425949
2021-12-23,"Johnson&Johnson, Moderna, Oxford/AstraZeneca, Pfizer/BioNTech",6809288,6625129,13434417
2021-12-24,"Johnson&Johnson, Moderna, Oxford/AstraZeneca, Pfizer/BioNTech",6809334,6625229,13434563
2021-12-25,"Moderna, Pfizer/BioNTech",6809335,6625236,13434571
2021-12-26,"Moderna, Pfizer/BioNTech",6809436,6625437,13434873
2021-12-27,"Johnson&Johnson, Moderna, Pfizer/BioNTech",6813301,6635172,13448473
2021-12-28,"Johnson&Johnson, Moderna, Oxford/AstraZeneca, Pfizer/BioNTech",6818540,6643163,13461703
2021-12-29,"Johnson&Johnson, Moderna, Oxford/AstraZeneca, Pfizer/BioNTech",6822819,6650874,13473693
2021-12-30,"Johnson&Johnson, Moderna, Pfizer/BioNTech",6827122,6656302,13483424
2021-12-31,"Johnson&Johnson, Moderna, Pfizer/BioNTech",6827629,6657724,13485353
2022-01-01,"Johnson&Johnson, Moderna, Pfizer/BioNTech",6827634,6657742,13485376
2022-01-02,"Johnson&Johnson, Moderna, Pfizer/BioNTech",6828487,6659124,13487611
2022-01-03,"Johnson&Johnson, Moderna, Oxford/AstraZeneca, Pfizer/BioNTech",6832620,6668029,13500649
2022-01-04,"Johnson&Johnson, Moderna, Oxford/AstraZeneca, Pfizer/BioNTech",6837714,6675808,13513522
2022-01-05,"Johnson&Johnson, Moderna, Oxford/AstraZeneca, Pfizer/BioNTech",6843523,6683778,13527301
2022-01-06,"Johnson&Johnson, Moderna, Oxford/AstraZeneca, Pfizer/BioNTech",6850114,6692204,13542318
2022-01-07,"Johnson&Johnson, Moderna, Oxford/AstraZeneca, Pfizer/BioNTech",6857984,6702556,13560540
2022-01-08,"Johnson&Johnson, Moderna, Oxford/AstraZeneca, Pfizer/BioNTech",6860468,6705340,13565808
2022-01-09,"Johnson&Johnson, Moderna, Pfizer/BioNTech",6861550,6707043,13568593
2022-01-10,"Johnson&Johnson, Moderna, Oxford/AstraZeneca, Pfizer/BioNTech",6866039,6713219,13579258
2022-01-11,"Johnson&Johnson, Moderna, Oxford/AstraZeneca, Pfizer/BioNTech",6871477,6719977,13591454
2022-01-12,"Johnson&Johnson, Moderna, Oxford/AstraZeneca, Pfizer/BioNTech",6877431,6725622,13603053
2022-01-13,"Johnson&Johnson, Moderna, Oxford/AstraZeneca, Pfizer/BioNTech",6883323,6730392,13613715
2022-01-14,"Johnson&Johnson, Moderna, Oxford/AstraZeneca, Pfizer/BioNTech",6889619,6734040,13623659
2022-01-15,"Johnson&Johnson, Moderna, Oxford/AstraZeneca, Pfizer/BioNTech",6890895,6734698,13625593
2022-01-16,"Johnson&Johnson, Moderna, Oxford/AstraZeneca, Pfizer/BioNTech",6891584,6735139,13626723
2022-01-17,"Johnson&Johnson, Moderna, Oxford/AstraZeneca, Pfizer/BioNTech",6895097,6739093,13634190
2022-01-18,"Johnson&Johnson, Moderna, Oxford/AstraZeneca, Pfizer/BioNTech",6898954,6744052,13643006
2022-01-19,"Johnson&Johnson, Moderna, Oxford/AstraZeneca, Pfizer/BioNTech",6903008,6747983,13650991
2022-01-20,"Johnson&Johnson, Moderna, Oxford/AstraZeneca, Pfizer/BioNTech",6906585,6752420,13659005
2022-01-21,"Johnson&Johnson, Moderna, Oxford/AstraZeneca, Pfizer/BioNTech",6910574,6754946,13665520
2022-01-22,"Johnson&Johnson, Moderna, Pfizer/BioNTech",6911353,6755385,13666738
2022-01-23,"Johnson&Johnson, Moderna, Pfizer/BioNTech",6911913,6756020,13667933
2022-01-24,"Johnson&Johnson, Moderna, Oxford/AstraZeneca, Pfizer/BioNTech",6914173,6759453,13673626
2022-01-25,"Johnson&Johnson, Moderna, Oxford/AstraZeneca, Pfizer/BioNTech",6916525,6763443,13679968
2022-01-26,"Johnson&Johnson, Moderna, Oxford/AstraZeneca, Pfizer/BioNTech",6918915,6768005,13686920
2022-01-27,"Johnson&Johnson, Moderna, Oxford/AstraZeneca, Pfizer/BioNTech",6921260,6772822,13694082
2022-01-28,"Johnson&Johnson, Moderna, Oxford/AstraZeneca, Pfizer/BioNTech",6924178,6778958,13703136
2022-01-29,"Johnson&Johnson, Moderna, Pfizer/BioNTech",6924780,6780604,13705384
2022-01-30,"Johnson&Johnson, Moderna, Pfizer/BioNTech",6925007,6781378,13706385
2022-01-31,"Johnson&Johnson, Moderna, Pfizer/BioNTech",6926537,6785288,13711825
2022-02-01,"Johnson&Johnson, Moderna, Pfizer/BioNTech",6928111,6789299,13717410
2022-02-02,"Johnson&Johnson, Moderna, Pfizer/BioNTech",6929679,6793788,13723467
2022-02-03,"Johnson&Johnson, Moderna, Pfizer/BioNTech",6931054,6798259,13729313
2022-02-04,"Johnson&Johnson, Moderna, Pfizer/BioNTech",6932653,6803367,13736020
2022-02-05,"Johnson&Johnson, Moderna, Pfizer/BioNTech",6932836,6803982,13736818
2022-02-06,"Johnson&Johnson, Moderna, Pfizer/BioNTech",6932932,6804301,13737233
2022-02-07,"Johnson&Johnson, Moderna, Pfizer/BioNTech",6933626,6807474,13741100
2022-02-08,"Johnson&Johnson, Moderna, Pfizer/BioNTech",6934400,6810619,13745019
2022-02-09,"Johnson&Johnson, Moderna, Pfizer/BioNTech",6935211,6813958,13749169
2022-02-10,"Johnson&Johnson, Moderna, Pfizer/BioNTech",6935975,6817009,13752984
2022-02-11,"Johnson&Johnson, Moderna, Pfizer/BioNTech",6936862,6820769,13757631
2022-02-12,"Johnson&Johnson, Moderna, Pfizer/BioNTech",6936960,6821168,13758128
