date,vaccine,people_vaccinated,people_fully_vaccinated,total_vaccinations
2020-12-27,Pfizer/BioNTech,1280,0,1280
2020-12-28,Pfizer/BioNTech,3585,0,3585
2020-12-29,Pfizer/BioNTech,7051,0,7051
2020-12-30,Pfizer/BioNTech,10564,0,10564
2020-12-31,Pfizer/BioNTech,11868,0,11868
2021-01-01,"Moderna, Pfizer/BioNTech",12137,0,12137
2021-01-02,Pfizer/BioNTech,13413,0,13413
2021-01-03,Pfizer/BioNTech,14335,0,14335
2021-01-04,"Moderna, Pfizer/BioNTech",17942,0,17942
2021-01-05,"Moderna, Pfizer/BioNTech",22452,0,22452
2021-01-06,"Moderna, Pfizer/BioNTech",28289,1,28290
2021-01-07,"Moderna, Pfizer/BioNTech",36280,1,36281
2021-01-08,"Moderna, Pfizer/BioNTech",46325,1,46326
2021-01-09,"Moderna, Pfizer/BioNTech",48350,2,48352
2021-01-10,Pfizer/BioNTech,50115,4,50119
2021-01-11,Pfizer/BioNTech,59966,6,59972
2021-01-12,"Moderna, Pfizer/BioNTech",73408,8,73416
2021-01-13,Pfizer/BioNTech,86938,8,86946
2021-01-14,"Moderna, Pfizer/BioNTech",102156,12,102168
2021-01-15,"Moderna, Pfizer/BioNTech",116156,12,116168
2021-01-16,"Moderna, Pfizer/BioNTech",119547,15,119562
2021-01-17,"Moderna, Pfizer/BioNTech",122160,652,122812
2021-01-18,"Moderna, Pfizer/BioNTech",134635,2478,137113
2021-01-19,"Moderna, Pfizer/BioNTech",147231,5200,152431
2021-01-20,"Moderna, Pfizer/BioNTech",160900,7855,168755
2021-01-21,"Moderna, Pfizer/BioNTech",176545,9594,186139
2021-01-22,"Moderna, Pfizer/BioNTech",191409,10638,202047
2021-01-23,"Moderna, Pfizer/BioNTech",194725,11516,206241
2021-01-24,"Moderna, Pfizer/BioNTech",196978,12384,209362
2021-01-25,"Moderna, Pfizer/BioNTech",206614,15358,221972
2021-01-26,"Moderna, Pfizer/BioNTech",217150,19342,236492
2021-01-27,"Moderna, Pfizer/BioNTech",226176,23877,250053
2021-01-28,"Moderna, Pfizer/BioNTech",233270,30002,263272
2021-01-29,"Moderna, Pfizer/BioNTech",239477,37905,277382
2021-01-30,"Moderna, Pfizer/BioNTech",240212,38993,279205
2021-01-31,"Moderna, Pfizer/BioNTech",240923,40174,281097
2021-02-01,"Moderna, Pfizer/BioNTech",244901,48127,293028
2021-02-02,"Moderna, Pfizer/BioNTech",249037,58356,307393
2021-02-03,"Moderna, Pfizer/BioNTech",253451,69356,322807
2021-02-04,"Moderna, Pfizer/BioNTech",258346,82334,340680
2021-02-05,"Moderna, Pfizer/BioNTech",263805,92998,356803
2021-02-06,"Moderna, Oxford/AstraZeneca, Pfizer/BioNTech",264652,95359,360011
2021-02-07,"Moderna, Pfizer/BioNTech",265499,97856,363355
2021-02-08,"Moderna, Oxford/AstraZeneca, Pfizer/BioNTech",269571,109283,378854
2021-02-09,"Moderna, Oxford/AstraZeneca, Pfizer/BioNTech",274661,121186,395847
2021-02-10,"Moderna, Oxford/AstraZeneca, Pfizer/BioNTech",280163,134423,414586
2021-02-11,"Moderna, Oxford/AstraZeneca, Pfizer/BioNTech",286482,150628,437110
2021-02-12,"Moderna, Oxford/AstraZeneca, Pfizer/BioNTech",293244,165349,458593
2021-02-13,"Moderna, Oxford/AstraZeneca, Pfizer/BioNTech",294851,168334,463185
2021-02-14,"Moderna, Oxford/AstraZeneca, Pfizer/BioNTech",295852,169719,465571
2021-02-15,"Moderna, Oxford/AstraZeneca, Pfizer/BioNTech",302249,179070,481319
2021-02-16,"Moderna, Oxford/AstraZeneca, Pfizer/BioNTech",310964,188143,499107
2021-02-17,"Moderna, Oxford/AstraZeneca, Pfizer/BioNTech",320658,196444,517102
2021-02-18,"Moderna, Oxford/AstraZeneca, Pfizer/BioNTech",332972,204510,537482
2021-02-19,"Moderna, Oxford/AstraZeneca, Pfizer/BioNTech",344822,211859,556681
2021-02-20,"Moderna, Oxford/AstraZeneca, Pfizer/BioNTech",346814,213039,559853
2021-02-21,"Moderna, Oxford/AstraZeneca, Pfizer/BioNTech",347941,214059,562000
2021-02-22,"Moderna, Oxford/AstraZeneca, Pfizer/BioNTech",358056,220083,578139
2021-02-23,"Moderna, Oxford/AstraZeneca, Pfizer/BioNTech",370996,227052,598048
2021-02-24,"Moderna, Oxford/AstraZeneca, Pfizer/BioNTech",384866,233084,617950
2021-02-25,"Moderna, Oxford/AstraZeneca, Pfizer/BioNTech",402830,238630,641460
2021-02-26,"Moderna, Oxford/AstraZeneca, Pfizer/BioNTech",418988,243968,662956
2021-02-27,"Moderna, Oxford/AstraZeneca, Pfizer/BioNTech",421995,244523,666518
2021-02-28,"Moderna, Oxford/AstraZeneca, Pfizer/BioNTech",424338,245070,669408
2021-03-01,"Moderna, Oxford/AstraZeneca, Pfizer/BioNTech",443910,248511,692421
2021-03-02,"Moderna, Oxford/AstraZeneca, Pfizer/BioNTech",471118,252049,723167
2021-03-03,"Moderna, Oxford/AstraZeneca, Pfizer/BioNTech",501971,256549,758520
2021-03-04,"Moderna, Oxford/AstraZeneca, Pfizer/BioNTech",535210,261227,796437
2021-03-05,"Johnson&Johnson, Moderna, Oxford/AstraZeneca, Pfizer/BioNTech",564007,266634,830641
2021-03-06,"Johnson&Johnson, Moderna, Oxford/AstraZeneca, Pfizer/BioNTech",576142,267488,843630
2021-03-07,"Johnson&Johnson, Moderna, Oxford/AstraZeneca, Pfizer/BioNTech",587672,268327,855999
2021-03-08,"Johnson&Johnson, Moderna, Oxford/AstraZeneca, Pfizer/BioNTech",617377,273171,890548
2021-03-09,"Johnson&Johnson, Moderna, Oxford/AstraZeneca, Pfizer/BioNTech",653712,279549,933261
2021-03-10,"Moderna, Oxford/AstraZeneca, Pfizer/BioNTech",694991,286491,981482
2021-03-11,"Johnson&Johnson, Moderna, Oxford/AstraZeneca, Pfizer/BioNTech",739784,294856,1034640
2021-03-12,"Johnson&Johnson, Moderna, Oxford/AstraZeneca, Pfizer/BioNTech",778557,303315,1081872
2021-03-13,"Johnson&Johnson, Moderna, Oxford/AstraZeneca, Pfizer/BioNTech",795622,304618,1100240
2021-03-14,"Moderna, Oxford/AstraZeneca, Pfizer/BioNTech",807723,305765,1113488
2021-03-15,"Moderna, Oxford/AstraZeneca, Pfizer/BioNTech",836093,314535,1150628
2021-03-16,"Johnson&Johnson, Moderna, Oxford/AstraZeneca, Pfizer/BioNTech",874966,325059,1200025
2021-03-17,"Moderna, Oxford/AstraZeneca, Pfizer/BioNTech",912416,335560,1247976
2021-03-18,"Johnson&Johnson, Moderna, Oxford/AstraZeneca, Pfizer/BioNTech",950363,347964,1298327
2021-03-19,"Moderna, Oxford/AstraZeneca, Pfizer/BioNTech",984817,361564,1346381
2021-03-20,"Johnson&Johnson, Moderna, Oxford/AstraZeneca, Pfizer/BioNTech",999943,363584,1363527
2021-03-21,"Johnson&Johnson, Moderna, Oxford/AstraZeneca, Pfizer/BioNTech",1007349,365134,1372483
2021-03-22,"Johnson&Johnson, Moderna, Oxford/AstraZeneca, Pfizer/BioNTech",1031869,377630,1409499
2021-03-23,"Johnson&Johnson, Moderna, Oxford/AstraZeneca, Pfizer/BioNTech",1058485,390977,1449462
2021-03-24,"Johnson&Johnson, Moderna, Oxford/AstraZeneca, Pfizer/BioNTech",1085317,406703,1492020
2021-03-25,"Moderna, Oxford/AstraZeneca, Pfizer/BioNTech",1111624,424539,1536163
2021-03-26,"Johnson&Johnson, Moderna, Oxford/AstraZeneca, Pfizer/BioNTech",1136415,442025,1578440
2021-03-27,"Johnson&Johnson, Moderna, Oxford/AstraZeneca, Pfizer/BioNTech",1144840,446868,1591708
2021-03-28,"Moderna, Oxford/AstraZeneca, Pfizer/BioNTech",1150374,451006,1601380
2021-03-29,"Johnson&Johnson, Moderna, Oxford/AstraZeneca, Pfizer/BioNTech",1169486,471720,1641206
2021-03-30,"Johnson&Johnson, Moderna, Oxford/AstraZeneca, Pfizer/BioNTech",1194165,493886,1688051
2021-03-31,"Johnson&Johnson, Moderna, Oxford/AstraZeneca, Pfizer/BioNTech",1217245,520931,1738176
2021-04-01,"Johnson&Johnson, Moderna, Oxford/AstraZeneca, Pfizer/BioNTech",1242838,552966,1795804
2021-04-02,"Johnson&Johnson, Moderna, Oxford/AstraZeneca, Pfizer/BioNTech",1249744,565750,1815494
2021-04-03,"Johnson&Johnson, Moderna, Oxford/AstraZeneca, Pfizer/BioNTech",1253348,576665,1830013
2021-04-04,"Johnson&Johnson, Moderna, Oxford/AstraZeneca, Pfizer/BioNTech",1255846,585577,1841423
2021-04-05,"Johnson&Johnson, Moderna, Oxford/AstraZeneca, Pfizer/BioNTech",1258233,592754,1850987
2021-04-06,"Johnson&Johnson, Moderna, Oxford/AstraZeneca, Pfizer/BioNTech",1274343,621989,1896332
2021-04-07,"Johnson&Johnson, Moderna, Oxford/AstraZeneca, Pfizer/BioNTech",1297732,644207,1941939
2021-04-08,"Johnson&Johnson, Moderna, Oxford/AstraZeneca, Pfizer/BioNTech",1336404,675212,2011616
2021-04-09,"Johnson&Johnson, Moderna, Oxford/AstraZeneca, Pfizer/BioNTech",1375918,705382,2081300
2021-04-10,"Johnson&Johnson, Moderna, Oxford/AstraZeneca, Pfizer/BioNTech",1391387,720671,2112058
2021-04-11,"Johnson&Johnson, Moderna, Oxford/AstraZeneca, Pfizer/BioNTech",1401149,730702,2131851
2021-04-12,"Johnson&Johnson, Moderna, Oxford/AstraZeneca, Pfizer/BioNTech",1439373,755822,2195195
2021-04-13,"Moderna, Oxford/AstraZeneca, Pfizer/BioNTech",1475599,781854,2257453
2021-04-14,"Moderna, Oxford/AstraZeneca, Pfizer/BioNTech",1514383,809198,2323581
2021-04-15,"Moderna, Oxford/AstraZeneca, Pfizer/BioNTech",1562140,834904,2397044
2021-04-16,"Moderna, Oxford/AstraZeneca, Pfizer/BioNTech",1606765,860526,2467291
2021-04-17,"Moderna, Oxford/AstraZeneca, Pfizer/BioNTech",1623440,869549,2492989
2021-04-18,"Moderna, Oxford/AstraZeneca, Pfizer/BioNTech",1636413,874530,2510943
2021-04-19,"Moderna, Oxford/AstraZeneca, Pfizer/BioNTech",1680389,889983,2570372
2021-04-20,"Johnson&Johnson, Moderna, Oxford/AstraZeneca, Pfizer/BioNTech",1722914,905835,2628749
2021-04-21,"Moderna, Oxford/AstraZeneca, Pfizer/BioNTech",1770619,920173,2690792
2021-04-22,"Johnson&Johnson, Moderna, Oxford/AstraZeneca, Pfizer/BioNTech",1825088,937543,2762631
2021-04-23,"Johnson&Johnson, Moderna, Oxford/AstraZeneca, Pfizer/BioNTech",1875022,949584,2824606
2021-04-24,"Johnson&Johnson, Moderna, Oxford/AstraZeneca, Pfizer/BioNTech",1892841,954823,2847664
2021-04-25,"Johnson&Johnson, Moderna, Oxford/AstraZeneca, Pfizer/BioNTech",1907518,958811,2866329
2021-04-26,"Johnson&Johnson, Moderna, Oxford/AstraZeneca, Pfizer/BioNTech",1957077,966351,2923428
2021-04-27,"Johnson&Johnson, Moderna, Oxford/AstraZeneca, Pfizer/BioNTech",2006031,978564,2984595
2021-04-28,"Johnson&Johnson, Moderna, Oxford/AstraZeneca, Pfizer/BioNTech",2064758,992538,3057296
2021-04-29,"Johnson&Johnson, Moderna, Oxford/AstraZeneca, Pfizer/BioNTech",2130292,1008403,3138695
2021-04-30,"Johnson&Johnson, Moderna, Oxford/AstraZeneca, Pfizer/BioNTech",2192485,1018348,3210833
2021-05-01,"Johnson&Johnson, Moderna, Oxford/AstraZeneca, Pfizer/BioNTech",2211788,1021780,3233568
2021-05-02,"Johnson&Johnson, Moderna, Oxford/AstraZeneca, Pfizer/BioNTech",2230690,1024040,3254730
2021-05-03,"Johnson&Johnson, Moderna, Oxford/AstraZeneca, Pfizer/BioNTech",2297908,1029086,3326994
2021-05-04,"Johnson&Johnson, Moderna, Oxford/AstraZeneca, Pfizer/BioNTech",2364375,1037394,3401769
2021-05-05,"Johnson&Johnson, Moderna, Oxford/AstraZeneca, Pfizer/BioNTech",2437506,1046775,3484281
2021-05-06,"Johnson&Johnson, Moderna, Oxford/AstraZeneca, Pfizer/BioNTech",2517871,1057463,3575334
2021-05-07,"Johnson&Johnson, Moderna, Oxford/AstraZeneca, Pfizer/BioNTech",2595083,1067493,3662576
2021-05-08,"Johnson&Johnson, Moderna, Oxford/AstraZeneca, Pfizer/BioNTech",2624491,1069240,3693731
2021-05-09,"Johnson&Johnson, Moderna, Oxford/AstraZeneca, Pfizer/BioNTech",2648664,1070431,3719095
2021-05-10,"Johnson&Johnson, Moderna, Oxford/AstraZeneca, Pfizer/BioNTech",2721391,1077628,3799019
2021-05-11,"Johnson&Johnson, Moderna, Oxford/AstraZeneca, Pfizer/BioNTech",2797467,1086410,3883877
2021-05-12,"Johnson&Johnson, Moderna, Oxford/AstraZeneca, Pfizer/BioNTech",2877290,1095483,3972773
2021-05-13,"Johnson&Johnson, Moderna, Oxford/AstraZeneca, Pfizer/BioNTech",2961279,1104617,4065896
2021-05-14,"Johnson&Johnson, Moderna, Oxford/AstraZeneca, Pfizer/BioNTech",3040679,1112365,4153044
2021-05-15,"Johnson&Johnson, Moderna, Oxford/AstraZeneca, Pfizer/BioNTech",3072526,1114575,4187101
2021-05-16,"Johnson&Johnson, Moderna, Oxford/AstraZeneca, Pfizer/BioNTech",3098270,1115824,4214094
2021-05-17,"Johnson&Johnson, Moderna, Oxford/AstraZeneca, Pfizer/BioNTech",3170752,1122514,4293266
2021-05-18,"Johnson&Johnson, Moderna, Oxford/AstraZeneca, Pfizer/BioNTech",3242657,1135524,4378181
2021-05-19,"Johnson&Johnson, Moderna, Oxford/AstraZeneca, Pfizer/BioNTech",3320090,1150625,4470715
2021-05-20,"Johnson&Johnson, Moderna, Oxford/AstraZeneca, Pfizer/BioNTech",3395494,1177611,4573105
2021-05-21,"Johnson&Johnson, Moderna, Oxford/AstraZeneca, Pfizer/BioNTech",3464225,1205311,4669536
2021-05-22,"Johnson&Johnson, Moderna, Oxford/AstraZeneca, Pfizer/BioNTech",3496569,1216457,4713026
2021-05-23,"Johnson&Johnson, Moderna, Oxford/AstraZeneca, Pfizer/BioNTech",3518889,1225467,4744356
2021-05-24,"Johnson&Johnson, Moderna, Oxford/AstraZeneca, Pfizer/BioNTech",3566005,1259075,4825080
2021-05-25,"Johnson&Johnson, Moderna, Oxford/AstraZeneca, Pfizer/BioNTech",3617842,1294830,4912672
2021-05-26,"Johnson&Johnson, Moderna, Oxford/AstraZeneca, Pfizer/BioNTech",3685569,1332311,5017880
2021-05-27,"Johnson&Johnson, Moderna, Oxford/AstraZeneca, Pfizer/BioNTech",3746937,1379583,5126520
2021-05-28,"Johnson&Johnson, Moderna, Oxford/AstraZeneca, Pfizer/BioNTech",3808600,1426078,5234678
2021-05-29,"Johnson&Johnson, Moderna, Oxford/AstraZeneca, Pfizer/BioNTech",3837753,1443154,5280907
2021-05-30,"Johnson&Johnson, Moderna, Oxford/AstraZeneca, Pfizer/BioNTech",3860094,1457562,5317656
2021-05-31,"Johnson&Johnson, Moderna, Oxford/AstraZeneca, Pfizer/BioNTech",3915811,1505077,5420888
2021-06-01,"Johnson&Johnson, Moderna, Oxford/AstraZeneca, Pfizer/BioNTech",3974816,1553869,5528685
2021-06-02,"Johnson&Johnson, Moderna, Oxford/AstraZeneca, Pfizer/BioNTech",4037685,1607787,5645472
2021-06-03,"Johnson&Johnson, Moderna, Oxford/AstraZeneca, Pfizer/BioNTech",4095898,1667943,5763841
2021-06-04,"Johnson&Johnson, Moderna, Oxford/AstraZeneca, Pfizer/BioNTech",4158968,1725270,5884238
2021-06-05,"Johnson&Johnson, Moderna, Oxford/AstraZeneca, Pfizer/BioNTech",4193093,1744054,5937147
2021-06-06,"Johnson&Johnson, Moderna, Oxford/AstraZeneca, Pfizer/BioNTech",4219995,1759152,5979147
2021-06-07,"Johnson&Johnson, Moderna, Oxford/AstraZeneca, Pfizer/BioNTech",4283662,1814735,6098397
2021-06-08,"Johnson&Johnson, Moderna, Oxford/AstraZeneca, Pfizer/BioNTech",4347633,1869660,6217293
2021-06-09,"Johnson&Johnson, Moderna, Oxford/AstraZeneca, Pfizer/BioNTech",4406813,1934073,6340886
2021-06-10,"Johnson&Johnson, Moderna, Oxford/AstraZeneca, Pfizer/BioNTech",4460693,2005129,6465822
2021-06-11,"Johnson&Johnson, Moderna, Oxford/AstraZeneca, Pfizer/BioNTech",4512784,2074795,6587579
2021-06-12,"Johnson&Johnson, Moderna, Oxford/AstraZeneca, Pfizer/BioNTech",4544772,2095530,6640302
2021-06-13,"Johnson&Johnson, Moderna, Oxford/AstraZeneca, Pfizer/BioNTech",4568775,2113892,6682667
2021-06-14,"Johnson&Johnson, Moderna, Oxford/AstraZeneca, Pfizer/BioNTech",4611834,2188199,6800033
2021-06-15,"Johnson&Johnson, Moderna, Oxford/AstraZeneca, Pfizer/BioNTech",4656472,2260468,6916940
2021-06-16,"Johnson&Johnson, Moderna, Oxford/AstraZeneca, Pfizer/BioNTech",4699196,2338607,7037803
2021-06-17,"Johnson&Johnson, Moderna, Oxford/AstraZeneca, Pfizer/BioNTech",4738566,2421591,7160157
2021-06-18,"Johnson&Johnson, Moderna, Oxford/AstraZeneca, Pfizer/BioNTech",4780945,2502012,7282957
2021-06-19,"Johnson&Johnson, Moderna, Oxford/AstraZeneca, Pfizer/BioNTech",4802685,2531233,7333918
2021-06-20,"Johnson&Johnson, Moderna, Oxford/AstraZeneca, Pfizer/BioNTech",4820042,2555006,7375048
2021-06-21,"Johnson&Johnson, Moderna, Oxford/AstraZeneca, Pfizer/BioNTech",4852541,2633491,7486032
2021-06-22,"Johnson&Johnson, Moderna, Oxford/AstraZeneca, Pfizer/BioNTech",4885498,2715660,7601158
2021-06-23,"Johnson&Johnson, Moderna, Oxford/AstraZeneca, Pfizer/BioNTech",4917150,2800796,7717946
2021-06-24,"Johnson&Johnson, Moderna, Oxford/AstraZeneca, Pfizer/BioNTech",4946986,2890740,7837726
2021-06-25,"Johnson&Johnson, Moderna, Oxford/AstraZeneca, Pfizer/BioNTech",4978031,2976788,7954819
2021-06-26,"Johnson&Johnson, Moderna, Oxford/AstraZeneca, Pfizer/BioNTech",4993885,3011535,8005420
2021-06-27,"Johnson&Johnson, Moderna, Oxford/AstraZeneca, Pfizer/BioNTech",5007821,3038130,8045951
2021-06-28,"Johnson&Johnson, Moderna, Oxford/AstraZeneca, Pfizer/BioNTech",5036229,3123224,8159453
2021-06-29,"Johnson&Johnson, Moderna, Oxford/AstraZeneca, Pfizer/BioNTech",5065491,3209604,8275095
2021-06-30,"Johnson&Johnson, Moderna, Oxford/AstraZeneca, Pfizer/BioNTech",5092977,3300469,8393446
2021-07-01,"Johnson&Johnson, Moderna, Oxford/AstraZeneca, Pfizer/BioNTech",5116945,3390418,8507363
2021-07-02,"Johnson&Johnson, Moderna, Oxford/AstraZeneca, Pfizer/BioNTech",5143654,3476153,8619807
2021-07-03,"Johnson&Johnson, Moderna, Oxford/AstraZeneca, Pfizer/BioNTech",5150726,3507612,8658338
2021-07-04,"Johnson&Johnson, Moderna, Oxford/AstraZeneca, Pfizer/BioNTech",5158272,3529376,8687648
2021-07-05,"Johnson&Johnson, Moderna, Oxford/AstraZeneca, Pfizer/BioNTech",5165623,3554697,8720320
2021-07-06,"Johnson&Johnson, Moderna, Oxford/AstraZeneca, Pfizer/BioNTech",5171022,3582280,8753302
2021-07-07,"Johnson&Johnson, Moderna, Oxford/AstraZeneca, Pfizer/BioNTech",5196799,3661164,8857963
2021-07-08,"Johnson&Johnson, Moderna, Oxford/AstraZeneca, Pfizer/BioNTech",5223387,3731393,8954780
2021-07-09,"Johnson&Johnson, Moderna, Oxford/AstraZeneca, Pfizer/BioNTech",5251287,3800572,9051859
2021-07-10,"Johnson&Johnson, Moderna, Oxford/AstraZeneca, Pfizer/BioNTech",5260627,3829143,9089770
2021-07-11,"Johnson&Johnson, Moderna, Oxford/AstraZeneca, Pfizer/BioNTech",5269143,3851994,9121137
2021-07-12,"Johnson&Johnson, Moderna, Oxford/AstraZeneca, Pfizer/BioNTech",5296661,3921019,9217680
2021-07-13,"Johnson&Johnson, Moderna, Oxford/AstraZeneca, Pfizer/BioNTech",5322827,3990810,9313637
2021-07-14,"Johnson&Johnson, Moderna, Oxford/AstraZeneca, Pfizer/BioNTech",5348628,4062718,9411346
2021-07-15,"Johnson&Johnson, Moderna, Oxford/AstraZeneca, Pfizer/BioNTech",5377794,4128643,9506437
2021-07-16,"Johnson&Johnson, Moderna, Oxford/AstraZeneca, Pfizer/BioNTech",5405690,4201263,9606953
2021-07-17,"Johnson&Johnson, Moderna, Oxford/AstraZeneca, Pfizer/BioNTech",5414447,4232650,9647097
2021-07-18,"Johnson&Johnson, Moderna, Oxford/AstraZeneca, Pfizer/BioNTech",5422881,4258612,9681493
2021-07-19,"Johnson&Johnson, Moderna, Oxford/AstraZeneca, Pfizer/BioNTech",5446218,4325563,9771781
2021-07-20,"Johnson&Johnson, Moderna, Oxford/AstraZeneca, Pfizer/BioNTech",5467593,4392533,9860126
2021-07-21,"Johnson&Johnson, Moderna, Oxford/AstraZeneca, Pfizer/BioNTech",5491037,4455908,9946945
2021-07-22,"Johnson&Johnson, Moderna, Oxford/AstraZeneca, Pfizer/BioNTech",5513381,4514455,10027836
2021-07-23,"Johnson&Johnson, Moderna, Oxford/AstraZeneca, Pfizer/BioNTech",5536559,4569113,10105672
2021-07-24,"Johnson&Johnson, Moderna, Oxford/AstraZeneca, Pfizer/BioNTech",5543863,4596724,10140587
2021-07-25,"Johnson&Johnson, Moderna, Oxford/AstraZeneca, Pfizer/BioNTech",5550464,4618813,10169277
2021-07-26,"Johnson&Johnson, Moderna, Oxford/AstraZeneca, Pfizer/BioNTech",5573978,4667397,10241375
2021-07-27,"Johnson&Johnson, Moderna, Oxford/AstraZeneca, Pfizer/BioNTech",5596697,4713948,10310645
2021-07-28,"Johnson&Johnson, Moderna, Oxford/AstraZeneca, Pfizer/BioNTech",5617925,4759838,10377763
2021-07-29,"Johnson&Johnson, Moderna, Oxford/AstraZeneca, Pfizer/BioNTech",5639227,4801701,10440928
2021-07-30,"Johnson&Johnson, Moderna, Oxford/AstraZeneca, Pfizer/BioNTech",5662489,4844171,10506660
2021-07-31,"Johnson&Johnson, Moderna, Oxford/AstraZeneca, Pfizer/BioNTech",5671401,4863665,10535066
2021-08-01,"Johnson&Johnson, Moderna, Oxford/AstraZeneca, Pfizer/BioNTech",5678114,4879799,10557913
2021-08-02,"Johnson&Johnson, Moderna, Oxford/AstraZeneca, Pfizer/BioNTech",5696725,4917284,10614009
2021-08-03,"Johnson&Johnson, Moderna, Oxford/AstraZeneca, Pfizer/BioNTech",5714344,4955315,10669659
2021-08-04,"Johnson&Johnson, Moderna, Oxford/AstraZeneca, Pfizer/BioNTech",5730419,4991974,10722393
2021-08-05,"Johnson&Johnson, Moderna, Oxford/AstraZeneca, Pfizer/BioNTech",5746426,5032372,10778798
2021-08-06,"Johnson&Johnson, Moderna, Oxford/AstraZeneca, Pfizer/BioNTech",5763196,5075580,10838776
2021-08-07,"Johnson&Johnson, Moderna, Oxford/AstraZeneca, Pfizer/BioNTech",5768777,5093711,10862488
2021-08-08,"Johnson&Johnson, Moderna, Oxford/AstraZeneca, Pfizer/BioNTech",5773124,5109434,10882558
2021-08-09,"Johnson&Johnson, Moderna, Oxford/AstraZeneca, Pfizer/BioNTech",5785755,5154429,10940184
2021-08-10,"Johnson&Johnson, Moderna, Oxford/AstraZeneca, Pfizer/BioNTech",5797579,5193942,10991521
2021-08-11,"Johnson&Johnson, Moderna, Oxford/AstraZeneca, Pfizer/BioNTech",5808926,5237018,11045944
2021-08-12,"Johnson&Johnson, Moderna, Oxford/AstraZeneca, Pfizer/BioNTech",5820328,5274087,11094415
2021-08-13,"Johnson&Johnson, Moderna, Oxford/AstraZeneca, Pfizer/BioNTech",5831030,5314356,11145386
2021-08-14,"Johnson&Johnson, Moderna, Oxford/AstraZeneca, Pfizer/BioNTech",5834364,5325032,11159396
2021-08-15,"Johnson&Johnson, Moderna, Oxford/AstraZeneca, Pfizer/BioNTech",5836938,5335384,11172322
2021-08-16,"Johnson&Johnson, Moderna, Oxford/AstraZeneca, Pfizer/BioNTech",5846708,5369402,11216110
2021-08-17,"Johnson&Johnson, Moderna, Oxford/AstraZeneca, Pfizer/BioNTech",5856293,5396451,11252744
2021-08-18,"Johnson&Johnson, Moderna, Oxford/AstraZeneca, Pfizer/BioNTech",5865655,5435277,11300932
2021-08-19,"Johnson&Johnson, Moderna, Oxford/AstraZeneca, Pfizer/BioNTech",5875313,5473584,11348897
2021-08-20,"Johnson&Johnson, Moderna, Oxford/AstraZeneca, Pfizer/BioNTech",5886653,5513729,11400382
2021-08-21,"Johnson&Johnson, Moderna, Oxford/AstraZeneca, Pfizer/BioNTech",5889363,5526460,11415823
2021-08-22,"Johnson&Johnson, Moderna, Oxford/AstraZeneca, Pfizer/BioNTech",5891700,5538409,11430109
2021-08-23,"Johnson&Johnson, Moderna, Oxford/AstraZeneca, Pfizer/BioNTech",5902227,5577626,11479853
2021-08-24,"Johnson&Johnson, Moderna, Oxford/AstraZeneca, Pfizer/BioNTech",5912084,5610833,11522917
2021-08-25,"Johnson&Johnson, Moderna, Oxford/AstraZeneca, Pfizer/BioNTech",5920934,5639159,11560093
2021-08-26,"Johnson&Johnson, Moderna, Oxford/AstraZeneca, Pfizer/BioNTech",5929372,5665249,11594621
2021-08-27,"Johnson&Johnson, Moderna, Oxford/AstraZeneca, Pfizer/BioNTech",5939679,5691157,11630836
2021-08-28,"Johnson&Johnson, Moderna, Oxford/AstraZeneca, Pfizer/BioNTech",5942394,5698179,11640573
2021-08-29,"Johnson&Johnson, Moderna, Oxford/AstraZeneca, Pfizer/BioNTech",5944795,5704786,11649581
2021-08-30,"Johnson&Johnson, Moderna, Oxford/AstraZeneca, Pfizer/BioNTech",5953309,5726620,11679929
2021-08-31,"Johnson&Johnson, Moderna, Oxford/AstraZeneca, Pfizer/BioNTech",5960959,5744669,11705628
2021-09-01,"Johnson&Johnson, Moderna, Oxford/AstraZeneca, Pfizer/BioNTech",5966837,5758638,11725475
2021-09-02,"Johnson&Johnson, Moderna, Oxford/AstraZeneca, Pfizer/BioNTech",5973653,5772996,11746649
2021-09-03,"Johnson&Johnson, Moderna, Oxford/AstraZeneca, Pfizer/BioNTech",5983196,5788674,11771870
2021-09-04,"Johnson&Johnson, Moderna, Oxford/AstraZeneca, Pfizer/BioNTech",5985256,5792217,11777473
2021-09-05,"Johnson&Johnson, Moderna, Oxford/AstraZeneca, Pfizer/BioNTech",5987287,5795050,11782337
2021-09-06,"Johnson&Johnson, Moderna, Oxford/AstraZeneca, Pfizer/BioNTech",5993490,5807544,11801034
2021-09-07,"Johnson&Johnson, Moderna, Oxford/AstraZeneca, Pfizer/BioNTech",5997846,5818621,11816467
2021-09-08,"Johnson&Johnson, Moderna, Oxford/AstraZeneca, Pfizer/BioNTech",6003496,5828443,11831939
2021-09-09,"Johnson&Johnson, Moderna, Oxford/AstraZeneca, Pfizer/BioNTech",6010144,5838487,11848631
2021-09-10,"Johnson&Johnson, Moderna, Oxford/AstraZeneca, Pfizer/BioNTech",6017804,5850640,11868444
2021-09-11,"Johnson&Johnson, Moderna, Oxford/AstraZeneca, Pfizer/BioNTech",6019663,5853110,11872773
2021-09-12,"Johnson&Johnson, Moderna, Oxford/AstraZeneca, Pfizer/BioNTech",6020776,5854730,11875506
2021-09-13,"Johnson&Johnson, Moderna, Oxford/AstraZeneca, Pfizer/BioNTech",6026190,5864983,11891173
2021-09-14,"Johnson&Johnson, Moderna, Oxford/AstraZeneca, Pfizer/BioNTech",6031558,5873976,11905534
2021-09-15,"Johnson&Johnson, Moderna, Oxford/AstraZeneca, Pfizer/BioNTech",6036741,5882483,11919224
2021-09-16,"Johnson&Johnson, Moderna, Oxford/AstraZeneca, Pfizer/BioNTech",6042068,5890732,11932800
2021-09-17,"Johnson&Johnson, Moderna, Oxford/AstraZeneca, Pfizer/BioNTech",6048612,5900928,11949540
2021-09-18,"Johnson&Johnson, Moderna, Oxford/AstraZeneca, Pfizer/BioNTech",6050334,5903275,11953609
2021-09-19,"Johnson&Johnson, Moderna, Oxford/AstraZeneca, Pfizer/BioNTech",6051273,5904838,11956111
2021-09-20,"Johnson&Johnson, Moderna, Oxford/AstraZeneca, Pfizer/BioNTech",6055265,5913020,11968285
2021-09-21,"Johnson&Johnson, Moderna, Oxford/AstraZeneca, Pfizer/BioNTech",6059449,5920540,11979989
2021-09-22,"Johnson&Johnson, Moderna, Oxford/AstraZeneca, Pfizer/BioNTech",6063612,5926045,11989657
2021-09-23,"Johnson&Johnson, Moderna, Oxford/AstraZeneca, Pfizer/BioNTech",6068576,5932444,12001020
2021-09-24,"Johnson&Johnson, Moderna, Oxford/AstraZeneca, Pfizer/BioNTech",6074319,5942046,12016365
2021-09-25,"Johnson&Johnson, Moderna, Pfizer/BioNTech",6075808,5944029,12019837
2021-09-26,"Johnson&Johnson, Moderna, Pfizer/BioNTech",6076546,5945653,12022199
2021-09-27,"Johnson&Johnson, Moderna, Oxford/AstraZeneca, Pfizer/BioNTech",6080404,5952132,12032536
2021-09-28,"Johnson&Johnson, Moderna, Pfizer/BioNTech",6080760,5952732,12033492
2021-09-29,"Johnson&Johnson, Moderna, Oxford/AstraZeneca, Pfizer/BioNTech",6084528,5960166,12044694
2021-09-30,"Johnson&Johnson, Moderna, Oxford/AstraZeneca, Pfizer/BioNTech",6089016,5967830,12056846
2021-10-01,"Johnson&Johnson, Moderna, Oxford/AstraZeneca, Pfizer/BioNTech",6093275,5975772,12069047
2021-10-02,"Johnson&Johnson, Moderna, Pfizer/BioNTech",6094318,5977301,12071619
2021-10-03,"Johnson&Johnson, Moderna, Pfizer/BioNTech",6095022,5978162,12073184
2021-10-04,"Johnson&Johnson, Moderna, Oxford/AstraZeneca, Pfizer/BioNTech",6098075,5983722,12081797
2021-10-05,"Johnson&Johnson, Moderna, Oxford/AstraZeneca, Pfizer/BioNTech",6101164,5988779,12089943
2021-10-06,"Johnson&Johnson, Moderna, Oxford/AstraZeneca, Pfizer/BioNTech",6104653,5993929,12098582
2021-10-07,"Johnson&Johnson, Moderna, Oxford/AstraZeneca, Pfizer/BioNTech",6107902,5999167,12107069
2021-10-08,"Johnson&Johnson, Moderna, Oxford/AstraZeneca, Pfizer/BioNTech",6112673,6005778,12118451
2021-10-09,"Johnson&Johnson, Moderna, Pfizer/BioNTech",6113910,6007424,12121334
2021-10-10,"Johnson&Johnson, Moderna, Oxford/AstraZeneca, Pfizer/BioNTech",6114850,6008252,12123102
2021-10-11,"Johnson&Johnson, Moderna, Oxford/AstraZeneca, Pfizer/BioNTech",6117758,6012644,12130402
2021-10-12,"Johnson&Johnson, Moderna, Oxford/AstraZeneca, Pfizer/BioNTech",6120579,6016603,12137182
2021-10-13,"Johnson&Johnson, Moderna, Oxford/AstraZeneca, Pfizer/BioNTech",6124064,6020767,12144831
2021-10-14,"Johnson&Johnson, Moderna, Oxford/AstraZeneca, Pfizer/BioNTech",6127711,6025702,12153413
2021-10-15,"Johnson&Johnson, Moderna, Oxford/AstraZeneca, Pfizer/BioNTech",6132848,6031829,12164677
2021-10-16,"Johnson&Johnson, Moderna, Oxford/AstraZeneca, Pfizer/BioNTech",6134217,6033342,12167559
2021-10-17,"Johnson&Johnson, Moderna, Pfizer/BioNTech",6135536,6034393,12169929
2021-10-18,"Johnson&Johnson, Moderna, Oxford/AstraZeneca, Pfizer/BioNTech",6139540,6038480,12178020
2021-10-19,"Johnson&Johnson, Moderna, Oxford/AstraZeneca, Pfizer/BioNTech",6143020,6040558,12183578
2021-10-20,"Johnson&Johnson, Moderna, Oxford/AstraZeneca, Pfizer/BioNTech",6147805,6044991,12192796
2021-10-21,"Johnson&Johnson, Moderna, Oxford/AstraZeneca, Pfizer/BioNTech",6155415,6050576,12205991
2021-10-22,"Johnson&Johnson, Moderna, Oxford/AstraZeneca, Pfizer/BioNTech",6165777,6057065,12222842
2021-10-23,"Johnson&Johnson, Moderna, Pfizer/BioNTech",6169429,6059263,12228692
2021-10-24,"Johnson&Johnson, Moderna, Pfizer/BioNTech",6172110,6061034,12233144
2021-10-25,"Johnson&Johnson, Moderna, Oxford/AstraZeneca, Pfizer/BioNTech",6182462,6066822,12249284
2021-10-26,"Johnson&Johnson, Moderna, Oxford/AstraZeneca, Pfizer/BioNTech",6194208,6073319,12267527
2021-10-27,"Johnson&Johnson, Moderna, Oxford/AstraZeneca, Pfizer/BioNTech",6208647,6080701,12289348
2021-10-28,"Johnson&Johnson, Moderna, Pfizer/BioNTech",6211989,6082364,12294353
2021-10-29,"Johnson&Johnson, Moderna, Oxford/AstraZeneca, Pfizer/BioNTech",6226302,6090311,12316613
2021-10-30,"Johnson&Johnson, Moderna, Pfizer/BioNTech",6230819,6093218,12324037
2021-10-31,"Johnson&Johnson, Moderna, Oxford/AstraZeneca, Pfizer/BioNTech",6234560,6095678,12330238
2021-11-01,"Johnson&Johnson, Moderna, Oxford/AstraZeneca, Pfizer/BioNTech",6249556,6103342,12352898
2021-11-02,"Johnson&Johnson, Moderna, Oxford/AstraZeneca, Pfizer/BioNTech",6264762,6110811,12375573
2021-11-03,"Johnson&Johnson, Moderna, Oxford/AstraZeneca, Pfizer/BioNTech",6281771,6118072,12399843
2021-11-04,"Johnson&Johnson, Moderna, Oxford/AstraZeneca, Pfizer/BioNTech",6299904,6126198,12426102
2021-11-05,"Johnson&Johnson, Moderna, Oxford/AstraZeneca, Pfizer/BioNTech",6322527,6137415,12459942
2021-11-06,"Johnson&Johnson, Moderna, Oxford/AstraZeneca, Pfizer/BioNTech",6328947,6140433,12469380
2021-11-07,"Johnson&Johnson, Moderna, Oxford/AstraZeneca, Pfizer/BioNTech",6332934,6142863,12475797
2021-11-08,"Johnson&Johnson, Moderna, Oxford/AstraZeneca, Pfizer/BioNTech",6349039,6150468,12499507
2021-11-09,"Johnson&Johnson, Moderna, Oxford/AstraZeneca, Pfizer/BioNTech",6363638,6157668,12521306
2021-11-10,"Johnson&Johnson, Moderna, Oxford/AstraZeneca, Pfizer/BioNTech",6379164,6164931,12544095
2021-11-11,"Johnson&Johnson, Moderna, Oxford/AstraZeneca, Pfizer/BioNTech",6394388,6173891,12568279
2021-11-12,"Johnson&Johnson, Moderna, Oxford/AstraZeneca, Pfizer/BioNTech",6413755,6186396,12600151
2021-11-13,"Johnson&Johnson, Moderna, Oxford/AstraZeneca, Pfizer/BioNTech",6419059,6190205,12609264
2021-11-14,"Johnson&Johnson, Moderna, Oxford/AstraZeneca, Pfizer/BioNTech",6422869,6193149,12616018
2021-11-15,"Johnson&Johnson, Moderna, Oxford/AstraZeneca, Pfizer/BioNTech",6437641,6203456,12641097
2021-11-16,"Johnson&Johnson, Moderna, Oxford/AstraZeneca, Pfizer/BioNTech",6454848,6215024,12669872
2021-11-17,"Johnson&Johnson, Moderna, Oxford/AstraZeneca, Pfizer/BioNTech",6458825,6218365,12677190
2021-11-18,"Johnson&Johnson, Moderna, Oxford/AstraZeneca, Pfizer/BioNTech",6477855,6229727,12707582
2021-11-19,"Johnson&Johnson, Moderna, Oxford/AstraZeneca, Pfizer/BioNTech",6501819,6246132,12747951
2021-11-20,"Johnson&Johnson, Moderna, Oxford/AstraZeneca, Pfizer/BioNTech",6510193,6250945,12761138
2021-11-21,"Johnson&Johnson, Moderna, Oxford/AstraZeneca, Pfizer/BioNTech",6516514,6254273,12770787
2021-11-22,"Johnson&Johnson, Moderna, Oxford/AstraZeneca, Pfizer/BioNTech",6531755,6266109,12797864
