date,vaccine,people_vaccinated,people_fully_vaccinated,total_vaccinations
2020-12-27,Pfizer/BioNTech,1281,0,1281
2020-12-28,Pfizer/BioNTech,3586,0,3586
2020-12-29,Pfizer/BioNTech,7051,0,7051
2020-12-30,Pfizer/BioNTech,10563,0,10563
2020-12-31,Pfizer/BioNTech,11867,0,11867
2021-01-01,"Moderna, Pfizer/BioNTech",12137,0,12137
2021-01-02,Pfizer/BioNTech,13414,0,13414
2021-01-03,Pfizer/BioNTech,14337,0,14337
2021-01-04,"Moderna, Pfizer/BioNTech",17944,0,17944
2021-01-05,"Moderna, Pfizer/BioNTech",22454,0,22454
2021-01-06,"Moderna, Pfizer/BioNTech",28290,1,28291
2021-01-07,"Moderna, Pfizer/BioNTech",36272,1,36273
2021-01-08,"Moderna, Pfizer/BioNTech",46312,1,46313
2021-01-09,"Moderna, Pfizer/BioNTech",48328,2,48330
2021-01-10,Pfizer/BioNTech,50080,4,50084
2021-01-11,Pfizer/BioNTech,59926,6,59932
2021-01-12,"Moderna, Pfizer/BioNTech",73369,8,73377
2021-01-13,Pfizer/BioNTech,86887,8,86895
2021-01-14,"Moderna, Pfizer/BioNTech",102110,12,102122
2021-01-15,"Moderna, Pfizer/BioNTech",116112,12,116124
2021-01-16,"Moderna, Pfizer/BioNTech",119495,15,119510
2021-01-17,"Moderna, Pfizer/BioNTech",122106,654,122760
2021-01-18,"Moderna, Pfizer/BioNTech",134579,2479,137058
2021-01-19,"Moderna, Pfizer/BioNTech",147169,5201,152370
2021-01-20,"Moderna, Pfizer/BioNTech",160835,7854,168689
2021-01-21,"Moderna, Pfizer/BioNTech",176475,9594,186069
2021-01-22,"Moderna, Pfizer/BioNTech",191330,10638,201968
2021-01-23,"Moderna, Pfizer/BioNTech",194644,11516,206160
2021-01-24,"Moderna, Pfizer/BioNTech",196897,12386,209283
2021-01-25,"Moderna, Pfizer/BioNTech",206532,15358,221890
2021-01-26,"Moderna, Pfizer/BioNTech",217064,19343,236407
2021-01-27,"Moderna, Pfizer/BioNTech",226089,23875,249964
2021-01-28,"Moderna, Pfizer/BioNTech",233179,29998,263177
2021-01-29,"Moderna, Pfizer/BioNTech",239381,37898,277279
2021-01-30,"Moderna, Pfizer/BioNTech",240114,38986,279100
2021-01-31,"Moderna, Pfizer/BioNTech",240825,40167,280992
2021-02-01,"Moderna, Pfizer/BioNTech",244800,48116,292916
2021-02-02,"Moderna, Pfizer/BioNTech",248934,58344,307278
2021-02-03,"Moderna, Pfizer/BioNTech",253346,69340,322686
2021-02-04,"Moderna, Pfizer/BioNTech",258238,82314,340552
2021-02-05,"Moderna, Pfizer/BioNTech",263693,92980,356673
2021-02-06,"Moderna, Oxford/AstraZeneca, Pfizer/BioNTech",264540,95335,359875
2021-02-07,"Moderna, Pfizer/BioNTech",265386,97831,363217
2021-02-08,"Moderna, Oxford/AstraZeneca, Pfizer/BioNTech",269456,109245,378701
2021-02-09,"Moderna, Oxford/AstraZeneca, Pfizer/BioNTech",274541,121127,395668
2021-02-10,"Moderna, Oxford/AstraZeneca, Pfizer/BioNTech",280042,134357,414399
2021-02-11,"Moderna, Oxford/AstraZeneca, Pfizer/BioNTech",286359,150569,436928
2021-02-12,"Moderna, Oxford/AstraZeneca, Pfizer/BioNTech",293114,165281,458395
2021-02-13,"Moderna, Oxford/AstraZeneca, Pfizer/BioNTech",294717,168259,462976
2021-02-14,"Moderna, Oxford/AstraZeneca, Pfizer/BioNTech",295716,169641,465357
2021-02-15,"Moderna, Oxford/AstraZeneca, Pfizer/BioNTech",302114,178990,481104
2021-02-16,"Moderna, Oxford/AstraZeneca, Pfizer/BioNTech",310827,188056,498883
2021-02-17,"Moderna, Oxford/AstraZeneca, Pfizer/BioNTech",320523,196354,516877
2021-02-18,"Moderna, Oxford/AstraZeneca, Pfizer/BioNTech",332834,204416,537250
2021-02-19,"Moderna, Oxford/AstraZeneca, Pfizer/BioNTech",344680,211754,556434
2021-02-20,"Moderna, Oxford/AstraZeneca, Pfizer/BioNTech",346671,212933,559604
2021-02-21,"Moderna, Oxford/AstraZeneca, Pfizer/BioNTech",347795,213952,561747
2021-02-22,"Moderna, Oxford/AstraZeneca, Pfizer/BioNTech",357906,219972,577878
2021-02-23,"Moderna, Oxford/AstraZeneca, Pfizer/BioNTech",370842,226937,597779
2021-02-24,"Moderna, Oxford/AstraZeneca, Pfizer/BioNTech",384707,232966,617673
2021-02-25,"Moderna, Oxford/AstraZeneca, Pfizer/BioNTech",402669,238505,641174
2021-02-26,"Moderna, Oxford/AstraZeneca, Pfizer/BioNTech",418820,243837,662657
2021-02-27,"Moderna, Oxford/AstraZeneca, Pfizer/BioNTech",421823,244391,666214
2021-02-28,"Moderna, Oxford/AstraZeneca, Pfizer/BioNTech",424163,244938,669101
2021-03-01,"Moderna, Oxford/AstraZeneca, Pfizer/BioNTech",443729,248378,692107
2021-03-02,"Moderna, Oxford/AstraZeneca, Pfizer/BioNTech",470937,251914,722851
2021-03-03,"Moderna, Oxford/AstraZeneca, Pfizer/BioNTech",501782,256410,758192
2021-03-04,"Moderna, Oxford/AstraZeneca, Pfizer/BioNTech",535019,261085,796104
2021-03-05,"Johnson&Johnson, Moderna, Oxford/AstraZeneca, Pfizer/BioNTech",563817,266489,830306
2021-03-06,"Johnson&Johnson, Moderna, Oxford/AstraZeneca, Pfizer/BioNTech",575951,267342,843293
2021-03-07,"Johnson&Johnson, Moderna, Oxford/AstraZeneca, Pfizer/BioNTech",587479,268179,855658
2021-03-08,"Johnson&Johnson, Moderna, Oxford/AstraZeneca, Pfizer/BioNTech",617183,273021,890204
2021-03-09,"Johnson&Johnson, Moderna, Oxford/AstraZeneca, Pfizer/BioNTech",653514,279392,932906
2021-03-10,"Moderna, Oxford/AstraZeneca, Pfizer/BioNTech",694789,286333,981122
2021-03-11,"Johnson&Johnson, Moderna, Oxford/AstraZeneca, Pfizer/BioNTech",739582,294695,1034277
2021-03-12,"Johnson&Johnson, Moderna, Oxford/AstraZeneca, Pfizer/BioNTech",778357,303149,1081506
2021-03-13,"Johnson&Johnson, Moderna, Oxford/AstraZeneca, Pfizer/BioNTech",795419,304449,1099868
2021-03-14,"Moderna, Oxford/AstraZeneca, Pfizer/BioNTech",807520,305595,1113115
2021-03-15,"Moderna, Oxford/AstraZeneca, Pfizer/BioNTech",835882,314359,1150241
2021-03-16,"Johnson&Johnson, Moderna, Oxford/AstraZeneca, Pfizer/BioNTech",874753,324881,1199634
2021-03-17,"Moderna, Oxford/AstraZeneca, Pfizer/BioNTech",912203,335375,1247578
2021-03-18,"Johnson&Johnson, Moderna, Oxford/AstraZeneca, Pfizer/BioNTech",950144,347777,1297921
2021-03-19,"Moderna, Oxford/AstraZeneca, Pfizer/BioNTech",984590,361371,1345961
2021-03-20,"Johnson&Johnson, Moderna, Oxford/AstraZeneca, Pfizer/BioNTech",999713,363385,1363098
2021-03-21,"Johnson&Johnson, Moderna, Oxford/AstraZeneca, Pfizer/BioNTech",1007118,364931,1372049
2021-03-22,"Johnson&Johnson, Moderna, Oxford/AstraZeneca, Pfizer/BioNTech",1031635,377427,1409062
2021-03-23,"Johnson&Johnson, Moderna, Oxford/AstraZeneca, Pfizer/BioNTech",1058245,390769,1449014
2021-03-24,"Johnson&Johnson, Moderna, Oxford/AstraZeneca, Pfizer/BioNTech",1085072,406486,1491558
2021-03-25,"Moderna, Oxford/AstraZeneca, Pfizer/BioNTech",1111372,424319,1535691
2021-03-26,"Johnson&Johnson, Moderna, Oxford/AstraZeneca, Pfizer/BioNTech",1136155,441804,1577959
2021-03-27,"Johnson&Johnson, Moderna, Oxford/AstraZeneca, Pfizer/BioNTech",1144572,446646,1591218
2021-03-28,"Moderna, Oxford/AstraZeneca, Pfizer/BioNTech",1150101,450784,1600885
2021-03-29,"Johnson&Johnson, Moderna, Oxford/AstraZeneca, Pfizer/BioNTech",1169205,471491,1640696
2021-03-30,"Johnson&Johnson, Moderna, Oxford/AstraZeneca, Pfizer/BioNTech",1193880,493656,1687536
2021-03-31,"Johnson&Johnson, Moderna, Oxford/AstraZeneca, Pfizer/BioNTech",1216953,520694,1737647
2021-04-01,"Johnson&Johnson, Moderna, Oxford/AstraZeneca, Pfizer/BioNTech",1242543,552731,1795274
2021-04-02,"Johnson&Johnson, Moderna, Oxford/AstraZeneca, Pfizer/BioNTech",1249442,565514,1814956
2021-04-03,"Johnson&Johnson, Moderna, Oxford/AstraZeneca, Pfizer/BioNTech",1253044,576425,1829469
2021-04-04,"Johnson&Johnson, Moderna, Oxford/AstraZeneca, Pfizer/BioNTech",1255537,585332,1840869
2021-04-05,"Johnson&Johnson, Moderna, Oxford/AstraZeneca, Pfizer/BioNTech",1257914,592505,1850419
2021-04-06,"Johnson&Johnson, Moderna, Oxford/AstraZeneca, Pfizer/BioNTech",1274019,621733,1895752
2021-04-07,"Johnson&Johnson, Moderna, Oxford/AstraZeneca, Pfizer/BioNTech",1297402,643947,1941349
2021-04-08,"Johnson&Johnson, Moderna, Oxford/AstraZeneca, Pfizer/BioNTech",1336054,674949,2011003
2021-04-09,"Johnson&Johnson, Moderna, Oxford/AstraZeneca, Pfizer/BioNTech",1375555,705112,2080667
2021-04-10,"Johnson&Johnson, Moderna, Oxford/AstraZeneca, Pfizer/BioNTech",1391012,720396,2111408
2021-04-11,"Johnson&Johnson, Moderna, Oxford/AstraZeneca, Pfizer/BioNTech",1400770,730426,2131196
2021-04-12,"Johnson&Johnson, Moderna, Oxford/AstraZeneca, Pfizer/BioNTech",1438993,755539,2194532
2021-04-13,"Moderna, Oxford/AstraZeneca, Pfizer/BioNTech",1475216,781561,2256777
2021-04-14,"Moderna, Oxford/AstraZeneca, Pfizer/BioNTech",1513990,808899,2322889
2021-04-15,"Moderna, Oxford/AstraZeneca, Pfizer/BioNTech",1561747,834596,2396343
2021-04-16,"Moderna, Oxford/AstraZeneca, Pfizer/BioNTech",1606370,860213,2466583
2021-04-17,"Moderna, Oxford/AstraZeneca, Pfizer/BioNTech",1623034,869231,2492265
2021-04-18,"Moderna, Oxford/AstraZeneca, Pfizer/BioNTech",1636003,874211,2510214
2021-04-19,"Moderna, Oxford/AstraZeneca, Pfizer/BioNTech",1679980,889659,2569639
2021-04-20,"Johnson&Johnson, Moderna, Oxford/AstraZeneca, Pfizer/BioNTech",1722504,905509,2628013
2021-04-21,"Moderna, Oxford/AstraZeneca, Pfizer/BioNTech",1770203,919842,2690045
2021-04-22,"Johnson&Johnson, Moderna, Oxford/AstraZeneca, Pfizer/BioNTech",1824670,937208,2761878
2021-04-23,"Johnson&Johnson, Moderna, Oxford/AstraZeneca, Pfizer/BioNTech",1874596,949242,2823838
2021-04-24,"Johnson&Johnson, Moderna, Oxford/AstraZeneca, Pfizer/BioNTech",1892411,954477,2846888
2021-04-25,"Johnson&Johnson, Moderna, Oxford/AstraZeneca, Pfizer/BioNTech",1907082,958462,2865544
2021-04-26,"Johnson&Johnson, Moderna, Oxford/AstraZeneca, Pfizer/BioNTech",1956638,965997,2922635
2021-04-27,"Johnson&Johnson, Moderna, Oxford/AstraZeneca, Pfizer/BioNTech",2005597,978205,2983802
2021-04-28,"Johnson&Johnson, Moderna, Oxford/AstraZeneca, Pfizer/BioNTech",2064325,992176,3056501
2021-04-29,"Johnson&Johnson, Moderna, Oxford/AstraZeneca, Pfizer/BioNTech",2129859,1008032,3137891
2021-04-30,"Johnson&Johnson, Moderna, Oxford/AstraZeneca, Pfizer/BioNTech",2192051,1017967,3210018
2021-05-01,"Johnson&Johnson, Moderna, Oxford/AstraZeneca, Pfizer/BioNTech",2211348,1021390,3232738
2021-05-02,"Johnson&Johnson, Moderna, Oxford/AstraZeneca, Pfizer/BioNTech",2230248,1023647,3253895
2021-05-03,"Johnson&Johnson, Moderna, Oxford/AstraZeneca, Pfizer/BioNTech",2297468,1028695,3326163
2021-05-04,"Johnson&Johnson, Moderna, Oxford/AstraZeneca, Pfizer/BioNTech",2363930,1036996,3400926
2021-05-05,"Johnson&Johnson, Moderna, Oxford/AstraZeneca, Pfizer/BioNTech",2437062,1046371,3483433
2021-05-06,"Johnson&Johnson, Moderna, Oxford/AstraZeneca, Pfizer/BioNTech",2517430,1057055,3574485
2021-05-07,"Johnson&Johnson, Moderna, Oxford/AstraZeneca, Pfizer/BioNTech",2594652,1067085,3661737
2021-05-08,"Johnson&Johnson, Moderna, Oxford/AstraZeneca, Pfizer/BioNTech",2624058,1068827,3692885
2021-05-09,"Johnson&Johnson, Moderna, Oxford/AstraZeneca, Pfizer/BioNTech",2648230,1070017,3718247
2021-05-10,"Johnson&Johnson, Moderna, Oxford/AstraZeneca, Pfizer/BioNTech",2720962,1077214,3798176
2021-05-11,"Johnson&Johnson, Moderna, Oxford/AstraZeneca, Pfizer/BioNTech",2797036,1085992,3883028
2021-05-12,"Johnson&Johnson, Moderna, Oxford/AstraZeneca, Pfizer/BioNTech",2876861,1095046,3971907
2021-05-13,"Johnson&Johnson, Moderna, Oxford/AstraZeneca, Pfizer/BioNTech",2960851,1104176,4065027
2021-05-14,"Johnson&Johnson, Moderna, Oxford/AstraZeneca, Pfizer/BioNTech",3040252,1111911,4152163
2021-05-15,"Johnson&Johnson, Moderna, Oxford/AstraZeneca, Pfizer/BioNTech",3072097,1114114,4186211
2021-05-16,"Johnson&Johnson, Moderna, Oxford/AstraZeneca, Pfizer/BioNTech",3097841,1115359,4213200
2021-05-17,"Johnson&Johnson, Moderna, Oxford/AstraZeneca, Pfizer/BioNTech",3170317,1122042,4292359
2021-05-18,"Johnson&Johnson, Moderna, Oxford/AstraZeneca, Pfizer/BioNTech",3242220,1135043,4377263
2021-05-19,"Johnson&Johnson, Moderna, Oxford/AstraZeneca, Pfizer/BioNTech",3319651,1150141,4469792
2021-05-20,"Johnson&Johnson, Moderna, Oxford/AstraZeneca, Pfizer/BioNTech",3395050,1177112,4572162
2021-05-21,"Johnson&Johnson, Moderna, Oxford/AstraZeneca, Pfizer/BioNTech",3463784,1204799,4668583
2021-05-22,"Johnson&Johnson, Moderna, Oxford/AstraZeneca, Pfizer/BioNTech",3496121,1215936,4712057
2021-05-23,"Johnson&Johnson, Moderna, Oxford/AstraZeneca, Pfizer/BioNTech",3518434,1224944,4743378
2021-05-24,"Johnson&Johnson, Moderna, Oxford/AstraZeneca, Pfizer/BioNTech",3565548,1258549,4824097
2021-05-25,"Johnson&Johnson, Moderna, Oxford/AstraZeneca, Pfizer/BioNTech",3617379,1294303,4911682
2021-05-26,"Johnson&Johnson, Moderna, Oxford/AstraZeneca, Pfizer/BioNTech",3685104,1331781,5016885
2021-05-27,"Johnson&Johnson, Moderna, Oxford/AstraZeneca, Pfizer/BioNTech",3746472,1379051,5125523
2021-05-28,"Johnson&Johnson, Moderna, Oxford/AstraZeneca, Pfizer/BioNTech",3808139,1425549,5233688
2021-05-29,"Johnson&Johnson, Moderna, Oxford/AstraZeneca, Pfizer/BioNTech",3837291,1442621,5279912
2021-05-30,"Johnson&Johnson, Moderna, Oxford/AstraZeneca, Pfizer/BioNTech",3859632,1457029,5316661
2021-05-31,"Johnson&Johnson, Moderna, Oxford/AstraZeneca, Pfizer/BioNTech",3915351,1504542,5419893
2021-06-01,"Johnson&Johnson, Moderna, Oxford/AstraZeneca, Pfizer/BioNTech",3974362,1553328,5527690
2021-06-02,"Johnson&Johnson, Moderna, Oxford/AstraZeneca, Pfizer/BioNTech",4037228,1607236,5644464
2021-06-03,"Johnson&Johnson, Moderna, Oxford/AstraZeneca, Pfizer/BioNTech",4095438,1667391,5762829
2021-06-04,"Johnson&Johnson, Moderna, Oxford/AstraZeneca, Pfizer/BioNTech",4158507,1724710,5883217
2021-06-05,"Johnson&Johnson, Moderna, Oxford/AstraZeneca, Pfizer/BioNTech",4192633,1743489,5936122
2021-06-06,"Johnson&Johnson, Moderna, Oxford/AstraZeneca, Pfizer/BioNTech",4219533,1758583,5978116
2021-06-07,"Johnson&Johnson, Moderna, Oxford/AstraZeneca, Pfizer/BioNTech",4283201,1814158,6097359
2021-06-08,"Johnson&Johnson, Moderna, Oxford/AstraZeneca, Pfizer/BioNTech",4347168,1869071,6216239
2021-06-09,"Johnson&Johnson, Moderna, Oxford/AstraZeneca, Pfizer/BioNTech",4406349,1933447,6339796
2021-06-10,"Johnson&Johnson, Moderna, Oxford/AstraZeneca, Pfizer/BioNTech",4460228,2004489,6464717
2021-06-11,"Johnson&Johnson, Moderna, Oxford/AstraZeneca, Pfizer/BioNTech",4512321,2074147,6586468
2021-06-12,"Johnson&Johnson, Moderna, Oxford/AstraZeneca, Pfizer/BioNTech",4544302,2094876,6639178
2021-06-13,"Johnson&Johnson, Moderna, Oxford/AstraZeneca, Pfizer/BioNTech",4568303,2113234,6681537
2021-06-14,"Johnson&Johnson, Moderna, Oxford/AstraZeneca, Pfizer/BioNTech",4611365,2187534,6798899
2021-06-15,"Johnson&Johnson, Moderna, Oxford/AstraZeneca, Pfizer/BioNTech",4656004,2259787,6915791
2021-06-16,"Johnson&Johnson, Moderna, Oxford/AstraZeneca, Pfizer/BioNTech",4698724,2337921,7036645
2021-06-17,"Johnson&Johnson, Moderna, Oxford/AstraZeneca, Pfizer/BioNTech",4738091,2420894,7158985
2021-06-18,"Johnson&Johnson, Moderna, Oxford/AstraZeneca, Pfizer/BioNTech",4780471,2501308,7281779
2021-06-19,"Johnson&Johnson, Moderna, Oxford/AstraZeneca, Pfizer/BioNTech",4802210,2530523,7332733
2021-06-20,"Johnson&Johnson, Moderna, Oxford/AstraZeneca, Pfizer/BioNTech",4819564,2554291,7373855
2021-06-21,"Johnson&Johnson, Moderna, Oxford/AstraZeneca, Pfizer/BioNTech",4852061,2632771,7484832
2021-06-22,"Johnson&Johnson, Moderna, Oxford/AstraZeneca, Pfizer/BioNTech",4885016,2714933,7599949
2021-06-23,"Johnson&Johnson, Moderna, Oxford/AstraZeneca, Pfizer/BioNTech",4916656,2800062,7716718
2021-06-24,"Johnson&Johnson, Moderna, Oxford/AstraZeneca, Pfizer/BioNTech",4946489,2889999,7836488
2021-06-25,"Johnson&Johnson, Moderna, Oxford/AstraZeneca, Pfizer/BioNTech",4977528,2976039,7953567
2021-06-26,"Johnson&Johnson, Moderna, Oxford/AstraZeneca, Pfizer/BioNTech",4993379,3010782,8004161
2021-06-27,"Johnson&Johnson, Moderna, Oxford/AstraZeneca, Pfizer/BioNTech",5007312,3037372,8044684
2021-06-28,"Johnson&Johnson, Moderna, Oxford/AstraZeneca, Pfizer/BioNTech",5035720,3122458,8158178
2021-06-29,"Johnson&Johnson, Moderna, Oxford/AstraZeneca, Pfizer/BioNTech",5064980,3208830,8273810
2021-06-30,"Johnson&Johnson, Moderna, Oxford/AstraZeneca, Pfizer/BioNTech",5092464,3299686,8392150
2021-07-01,"Johnson&Johnson, Moderna, Oxford/AstraZeneca, Pfizer/BioNTech",5116431,3389627,8506058
2021-07-02,"Johnson&Johnson, Moderna, Oxford/AstraZeneca, Pfizer/BioNTech",5143136,3475354,8618490
2021-07-03,"Johnson&Johnson, Moderna, Oxford/AstraZeneca, Pfizer/BioNTech",5150206,3506810,8657016
2021-07-04,"Johnson&Johnson, Moderna, Oxford/AstraZeneca, Pfizer/BioNTech",5157750,3528573,8686323
2021-07-05,"Johnson&Johnson, Moderna, Oxford/AstraZeneca, Pfizer/BioNTech",5165097,3553891,8718988
2021-07-06,"Johnson&Johnson, Moderna, Oxford/AstraZeneca, Pfizer/BioNTech",5170493,3581469,8751962
2021-07-07,"Johnson&Johnson, Moderna, Oxford/AstraZeneca, Pfizer/BioNTech",5196267,3660344,8856611
2021-07-08,"Johnson&Johnson, Moderna, Oxford/AstraZeneca, Pfizer/BioNTech",5222851,3730575,8953426
2021-07-09,"Johnson&Johnson, Moderna, Oxford/AstraZeneca, Pfizer/BioNTech",5250745,3799753,9050498
2021-07-10,"Johnson&Johnson, Moderna, Oxford/AstraZeneca, Pfizer/BioNTech",5260081,3828319,9088400
2021-07-11,"Johnson&Johnson, Moderna, Oxford/AstraZeneca, Pfizer/BioNTech",5268595,3851169,9119764
2021-07-12,"Johnson&Johnson, Moderna, Oxford/AstraZeneca, Pfizer/BioNTech",5296111,3920192,9216303
2021-07-13,"Johnson&Johnson, Moderna, Oxford/AstraZeneca, Pfizer/BioNTech",5322276,3989977,9312253
2021-07-14,"Johnson&Johnson, Moderna, Oxford/AstraZeneca, Pfizer/BioNTech",5348075,4061880,9409955
2021-07-15,"Johnson&Johnson, Moderna, Oxford/AstraZeneca, Pfizer/BioNTech",5377232,4127795,9505027
2021-07-16,"Johnson&Johnson, Moderna, Oxford/AstraZeneca, Pfizer/BioNTech",5405128,4200410,9605538
2021-07-17,"Johnson&Johnson, Moderna, Oxford/AstraZeneca, Pfizer/BioNTech",5413882,4231794,9645676
2021-07-18,"Johnson&Johnson, Moderna, Oxford/AstraZeneca, Pfizer/BioNTech",5422314,4257754,9680068
2021-07-19,"Johnson&Johnson, Moderna, Oxford/AstraZeneca, Pfizer/BioNTech",5445647,4324703,9770350
2021-07-20,"Johnson&Johnson, Moderna, Oxford/AstraZeneca, Pfizer/BioNTech",5467023,4391666,9858689
2021-07-21,"Johnson&Johnson, Moderna, Oxford/AstraZeneca, Pfizer/BioNTech",5490465,4455033,9945498
2021-07-22,"Johnson&Johnson, Moderna, Oxford/AstraZeneca, Pfizer/BioNTech",5512803,4513571,10026374
2021-07-23,"Johnson&Johnson, Moderna, Oxford/AstraZeneca, Pfizer/BioNTech",5535975,4568217,10104192
2021-07-24,"Johnson&Johnson, Moderna, Oxford/AstraZeneca, Pfizer/BioNTech",5543277,4595821,10139098
2021-07-25,"Johnson&Johnson, Moderna, Oxford/AstraZeneca, Pfizer/BioNTech",5549877,4617905,10167782
2021-07-26,"Johnson&Johnson, Moderna, Oxford/AstraZeneca, Pfizer/BioNTech",5573388,4666476,10239864
2021-07-27,"Johnson&Johnson, Moderna, Oxford/AstraZeneca, Pfizer/BioNTech",5596106,4713019,10309125
2021-07-28,"Johnson&Johnson, Moderna, Oxford/AstraZeneca, Pfizer/BioNTech",5617331,4758907,10376238
2021-07-29,"Johnson&Johnson, Moderna, Oxford/AstraZeneca, Pfizer/BioNTech",5638631,4800764,10439395
2021-07-30,"Johnson&Johnson, Moderna, Oxford/AstraZeneca, Pfizer/BioNTech",5661888,4843225,10505113
2021-07-31,"Johnson&Johnson, Moderna, Oxford/AstraZeneca, Pfizer/BioNTech",5670801,4862718,10533519
2021-08-01,"Johnson&Johnson, Moderna, Oxford/AstraZeneca, Pfizer/BioNTech",5677510,4878847,10556357
2021-08-02,"Johnson&Johnson, Moderna, Oxford/AstraZeneca, Pfizer/BioNTech",5696119,4916325,10612444
2021-08-03,"Johnson&Johnson, Moderna, Oxford/AstraZeneca, Pfizer/BioNTech",5713737,4954347,10668084
2021-08-04,"Johnson&Johnson, Moderna, Oxford/AstraZeneca, Pfizer/BioNTech",5729810,4990992,10720802
2021-08-05,"Johnson&Johnson, Moderna, Oxford/AstraZeneca, Pfizer/BioNTech",5745813,5031379,10777192
2021-08-06,"Johnson&Johnson, Moderna, Oxford/AstraZeneca, Pfizer/BioNTech",5762578,5074575,10837153
2021-08-07,"Johnson&Johnson, Moderna, Oxford/AstraZeneca, Pfizer/BioNTech",5768158,5092698,10860856
2021-08-08,"Johnson&Johnson, Moderna, Oxford/AstraZeneca, Pfizer/BioNTech",5772504,5108418,10880922
2021-08-09,"Johnson&Johnson, Moderna, Oxford/AstraZeneca, Pfizer/BioNTech",5785133,5153408,10938541
2021-08-10,"Johnson&Johnson, Moderna, Oxford/AstraZeneca, Pfizer/BioNTech",5796950,5192913,10989863
2021-08-11,"Johnson&Johnson, Moderna, Oxford/AstraZeneca, Pfizer/BioNTech",5808295,5235986,11044281
2021-08-12,"Johnson&Johnson, Moderna, Oxford/AstraZeneca, Pfizer/BioNTech",5819692,5273050,11092742
2021-08-13,"Johnson&Johnson, Moderna, Oxford/AstraZeneca, Pfizer/BioNTech",5830376,5313306,11143682
2021-08-14,"Johnson&Johnson, Moderna, Oxford/AstraZeneca, Pfizer/BioNTech",5833710,5323981,11157691
2021-08-15,"Johnson&Johnson, Moderna, Oxford/AstraZeneca, Pfizer/BioNTech",5836283,5334332,11170615
2021-08-16,"Johnson&Johnson, Moderna, Oxford/AstraZeneca, Pfizer/BioNTech",5846050,5368339,11214389
2021-08-17,"Johnson&Johnson, Moderna, Oxford/AstraZeneca, Pfizer/BioNTech",5855632,5395385,11251017
2021-08-18,"Johnson&Johnson, Moderna, Oxford/AstraZeneca, Pfizer/BioNTech",5864996,5434200,11299196
2021-08-19,"Johnson&Johnson, Moderna, Oxford/AstraZeneca, Pfizer/BioNTech",5874654,5472503,11347157
2021-08-20,"Johnson&Johnson, Moderna, Oxford/AstraZeneca, Pfizer/BioNTech",5885988,5512647,11398635
2021-08-21,"Johnson&Johnson, Moderna, Oxford/AstraZeneca, Pfizer/BioNTech",5888697,5525376,11414073
2021-08-22,"Johnson&Johnson, Moderna, Oxford/AstraZeneca, Pfizer/BioNTech",5891033,5537323,11428356
2021-08-23,"Johnson&Johnson, Moderna, Oxford/AstraZeneca, Pfizer/BioNTech",5901551,5576517,11478068
2021-08-24,"Johnson&Johnson, Moderna, Oxford/AstraZeneca, Pfizer/BioNTech",5911407,5609717,11521124
2021-08-25,"Johnson&Johnson, Moderna, Oxford/AstraZeneca, Pfizer/BioNTech",5920259,5638036,11558295
2021-08-26,"Johnson&Johnson, Moderna, Oxford/AstraZeneca, Pfizer/BioNTech",5928690,5664119,11592809
2021-08-27,"Johnson&Johnson, Moderna, Oxford/AstraZeneca, Pfizer/BioNTech",5938994,5690022,11629016
2021-08-28,"Johnson&Johnson, Moderna, Oxford/AstraZeneca, Pfizer/BioNTech",5941707,5697043,11638750
2021-08-29,"Johnson&Johnson, Moderna, Oxford/AstraZeneca, Pfizer/BioNTech",5944107,5703648,11647755
2021-08-30,"Johnson&Johnson, Moderna, Oxford/AstraZeneca, Pfizer/BioNTech",5952614,5725471,11678085
2021-08-31,"Johnson&Johnson, Moderna, Oxford/AstraZeneca, Pfizer/BioNTech",5960261,5743514,11703775
2021-09-01,"Johnson&Johnson, Moderna, Oxford/AstraZeneca, Pfizer/BioNTech",5966136,5757477,11723613
2021-09-02,"Johnson&Johnson, Moderna, Oxford/AstraZeneca, Pfizer/BioNTech",5972932,5771817,11744749
2021-09-03,"Johnson&Johnson, Moderna, Oxford/AstraZeneca, Pfizer/BioNTech",5982458,5787469,11769927
2021-09-04,"Johnson&Johnson, Moderna, Oxford/AstraZeneca, Pfizer/BioNTech",5984513,5791009,11775522
2021-09-05,"Johnson&Johnson, Moderna, Oxford/AstraZeneca, Pfizer/BioNTech",5986543,5793836,11780379
2021-09-06,"Johnson&Johnson, Moderna, Oxford/AstraZeneca, Pfizer/BioNTech",5992714,5806322,11799036
2021-09-07,"Johnson&Johnson, Moderna, Oxford/AstraZeneca, Pfizer/BioNTech",5997065,5817395,11814460
2021-09-08,"Johnson&Johnson, Moderna, Oxford/AstraZeneca, Pfizer/BioNTech",6002710,5827215,11829925
2021-09-09,"Johnson&Johnson, Moderna, Oxford/AstraZeneca, Pfizer/BioNTech",6009354,5837260,11846614
2021-09-10,"Johnson&Johnson, Moderna, Oxford/AstraZeneca, Pfizer/BioNTech",6017001,5849408,11866409
2021-09-11,"Johnson&Johnson, Moderna, Oxford/AstraZeneca, Pfizer/BioNTech",6018856,5851874,11870730
2021-09-12,"Johnson&Johnson, Moderna, Oxford/AstraZeneca, Pfizer/BioNTech",6019968,5853492,11873460
2021-09-13,"Johnson&Johnson, Moderna, Oxford/AstraZeneca, Pfizer/BioNTech",6025383,5863738,11889121
2021-09-14,"Johnson&Johnson, Moderna, Oxford/AstraZeneca, Pfizer/BioNTech",6030749,5872730,11903479
2021-09-15,"Johnson&Johnson, Moderna, Oxford/AstraZeneca, Pfizer/BioNTech",6035929,5881237,11917166
2021-09-16,"Johnson&Johnson, Moderna, Oxford/AstraZeneca, Pfizer/BioNTech",6041210,5889486,11930696
2021-09-17,"Johnson&Johnson, Moderna, Oxford/AstraZeneca, Pfizer/BioNTech",6047751,5899679,11947430
2021-09-18,"Johnson&Johnson, Moderna, Oxford/AstraZeneca, Pfizer/BioNTech",6049473,5902023,11951496
2021-09-19,"Johnson&Johnson, Moderna, Oxford/AstraZeneca, Pfizer/BioNTech",6050411,5903584,11953995
2021-09-20,"Johnson&Johnson, Moderna, Oxford/AstraZeneca, Pfizer/BioNTech",6054400,5911763,11966163
2021-09-21,"Johnson&Johnson, Moderna, Oxford/AstraZeneca, Pfizer/BioNTech",6058523,5919278,11977801
2021-09-22,"Johnson&Johnson, Moderna, Oxford/AstraZeneca, Pfizer/BioNTech",6062684,5924782,11987466
2021-09-23,"Johnson&Johnson, Moderna, Oxford/AstraZeneca, Pfizer/BioNTech",6067646,5931175,11998821
2021-09-24,"Johnson&Johnson, Moderna, Oxford/AstraZeneca, Pfizer/BioNTech",6073385,5940777,12014162
2021-09-25,"Johnson&Johnson, Moderna, Pfizer/BioNTech",6074874,5942755,12017629
2021-09-26,"Johnson&Johnson, Moderna, Pfizer/BioNTech",6075612,5944378,12019990
2021-09-27,"Johnson&Johnson, Moderna, Oxford/AstraZeneca, Pfizer/BioNTech",6079437,5950849,12030286
2021-09-28,"Johnson&Johnson, Moderna, Pfizer/BioNTech",6079790,5951446,12031236
2021-09-29,"Johnson&Johnson, Moderna, Oxford/AstraZeneca, Pfizer/BioNTech",6083551,5958871,12042422
2021-09-30,"Johnson&Johnson, Moderna, Oxford/AstraZeneca, Pfizer/BioNTech",6087977,5966529,12054506
2021-10-01,"Johnson&Johnson, Moderna, Oxford/AstraZeneca, Pfizer/BioNTech",6092210,5974468,12066678
2021-10-02,"Johnson&Johnson, Moderna, Pfizer/BioNTech",6093250,5975996,12069246
2021-10-03,"Johnson&Johnson, Moderna, Pfizer/BioNTech",6093953,5976857,12070810
2021-10-04,"Johnson&Johnson, Moderna, Oxford/AstraZeneca, Pfizer/BioNTech",6096955,5982409,12079364
2021-10-05,"Johnson&Johnson, Moderna, Oxford/AstraZeneca, Pfizer/BioNTech",6100009,5987462,12087471
2021-10-06,"Johnson&Johnson, Moderna, Oxford/AstraZeneca, Pfizer/BioNTech",6103459,5992610,12096069
2021-10-07,"Johnson&Johnson, Moderna, Oxford/AstraZeneca, Pfizer/BioNTech",6106644,5997799,12104443
2021-10-08,"Johnson&Johnson, Moderna, Oxford/AstraZeneca, Pfizer/BioNTech",6111365,6004399,12115764
2021-10-09,"Johnson&Johnson, Moderna, Oxford/AstraZeneca, Pfizer/BioNTech",6112597,6006043,12118640
2021-10-10,"Johnson&Johnson, Moderna, Pfizer/BioNTech",6113533,6006870,12120403
2021-10-11,"Johnson&Johnson, Moderna, Oxford/AstraZeneca, Pfizer/BioNTech",6116396,6011233,12127629
2021-10-12,"Johnson&Johnson, Moderna, Oxford/AstraZeneca, Pfizer/BioNTech",6119134,6015148,12134282
2021-10-13,"Johnson&Johnson, Moderna, Oxford/AstraZeneca, Pfizer/BioNTech",6122547,6019278,12141825
2021-10-14,"Johnson&Johnson, Moderna, Oxford/AstraZeneca, Pfizer/BioNTech",6126109,6024212,12150321
2021-10-15,"Johnson&Johnson, Moderna, Oxford/AstraZeneca, Pfizer/BioNTech",6131211,6030336,12161547
2021-10-16,"Johnson&Johnson, Moderna, Pfizer/BioNTech",6132582,6031847,12164429
2021-10-17,"Johnson&Johnson, Moderna, Pfizer/BioNTech",6133898,6032898,12166796
2021-10-18,"Johnson&Johnson, Moderna, Oxford/AstraZeneca, Pfizer/BioNTech",6137880,6036953,12174833
2021-10-19,"Johnson&Johnson, Moderna, Oxford/AstraZeneca, Pfizer/BioNTech",6141332,6039025,12180357
2021-10-20,"Johnson&Johnson, Moderna, Oxford/AstraZeneca, Pfizer/BioNTech",6146089,6043449,12189538
2021-10-21,"Johnson&Johnson, Moderna, Oxford/AstraZeneca, Pfizer/BioNTech",6153644,6048968,12202612
2021-10-22,"Johnson&Johnson, Moderna, Oxford/AstraZeneca, Pfizer/BioNTech",6163966,6055446,12219412
2021-10-23,"Johnson&Johnson, Moderna, Pfizer/BioNTech",6167595,6057641,12225236
2021-10-24,"Johnson&Johnson, Moderna, Pfizer/BioNTech",6170269,6059411,12229680
2021-10-25,"Johnson&Johnson, Moderna, Oxford/AstraZeneca, Pfizer/BioNTech",6180572,6065181,12245753
2021-10-26,"Johnson&Johnson, Moderna, Oxford/AstraZeneca, Pfizer/BioNTech",6192225,6071672,12263897
2021-10-27,"Johnson&Johnson, Moderna, Oxford/AstraZeneca, Pfizer/BioNTech",6206608,6079032,12285640
2021-10-28,"Johnson&Johnson, Moderna, Pfizer/BioNTech",6209940,6080669,12290609
2021-10-29,"Johnson&Johnson, Moderna, Oxford/AstraZeneca, Pfizer/BioNTech",6224191,6088595,12312786
2021-10-30,"Johnson&Johnson, Moderna, Pfizer/BioNTech",6228651,6091478,12320129
2021-10-31,"Johnson&Johnson, Moderna, Oxford/AstraZeneca, Pfizer/BioNTech",6232370,6093932,12326302
2021-11-01,"Johnson&Johnson, Moderna, Oxford/AstraZeneca, Pfizer/BioNTech",6247200,6101468,12348668
2021-11-02,"Johnson&Johnson, Moderna, Oxford/AstraZeneca, Pfizer/BioNTech",6262322,6108843,12371165
2021-11-03,"Johnson&Johnson, Moderna, Oxford/AstraZeneca, Pfizer/BioNTech",6279202,6116007,12395209
2021-11-04,"Johnson&Johnson, Moderna, Oxford/AstraZeneca, Pfizer/BioNTech",6297188,6123996,12421184
2021-11-05,"Johnson&Johnson, Moderna, Oxford/AstraZeneca, Pfizer/BioNTech",6319637,6135046,12454683
2021-11-06,"Johnson&Johnson, Moderna, Oxford/AstraZeneca, Pfizer/BioNTech",6325986,6138001,12463987
2021-11-07,"Johnson&Johnson, Moderna, Oxford/AstraZeneca, Pfizer/BioNTech",6329696,6140163,12469859
2021-11-08,"Johnson&Johnson, Moderna, Oxford/AstraZeneca, Pfizer/BioNTech",6345077,6147116,12492193
2021-11-09,"Johnson&Johnson, Moderna, Oxford/AstraZeneca, Pfizer/BioNTech",6359040,6153720,12512760
2021-11-10,"Johnson&Johnson, Moderna, Oxford/AstraZeneca, Pfizer/BioNTech",6373745,6160286,12534031
2021-11-11,"Johnson&Johnson, Moderna, Oxford/AstraZeneca, Pfizer/BioNTech",6387612,6168241,12555853
