date,vaccine,people_vaccinated,people_fully_vaccinated,total_vaccinations
2020-12-27,Pfizer/BioNTech,1258,0,1258
2020-12-28,Pfizer/BioNTech,3557,0,3557
2020-12-29,Pfizer/BioNTech,7010,0,7010
2020-12-30,Pfizer/BioNTech,10492,0,10492
2020-12-31,Pfizer/BioNTech,11797,0,11797
2021-01-01,Pfizer/BioNTech,12058,0,12058
2021-01-02,Pfizer/BioNTech,13327,0,13327
2021-01-03,Pfizer/BioNTech,14242,0,14242
2021-01-04,Pfizer/BioNTech,17827,0,17827
2021-01-05,Pfizer/BioNTech,22325,0,22325
2021-01-06,Pfizer/BioNTech,28151,0,28151
2021-01-07,Pfizer/BioNTech,36105,0,36105
2021-01-08,Pfizer/BioNTech,46063,0,46063
2021-01-09,Pfizer/BioNTech,48077,0,48077
2021-01-10,Pfizer/BioNTech,49832,0,49832
2021-01-11,Pfizer/BioNTech,59641,0,59641
2021-01-12,Pfizer/BioNTech,73029,0,73029
2021-01-13,Pfizer/BioNTech,86521,0,86521
2021-01-14,"Moderna, Pfizer/BioNTech",101700,0,101700
2021-01-15,"Moderna, Pfizer/BioNTech",115651,0,115651
2021-01-16,"Moderna, Pfizer/BioNTech",119025,2,119027
2021-01-17,"Moderna, Pfizer/BioNTech",121621,639,122260
2021-01-18,"Moderna, Pfizer/BioNTech",134084,2456,136540
2021-01-19,"Moderna, Pfizer/BioNTech",146598,5161,151759
2021-01-20,"Moderna, Pfizer/BioNTech",160221,7798,168019
2021-01-21,"Moderna, Pfizer/BioNTech",175812,9527,185339
2021-01-22,"Moderna, Pfizer/BioNTech",190620,10567,201187
2021-01-23,"Moderna, Pfizer/BioNTech",193911,11437,205348
2021-01-24,"Moderna, Pfizer/BioNTech",196155,12303,208458
2021-01-25,"Moderna, Pfizer/BioNTech",205759,15264,221023
2021-01-26,"Moderna, Pfizer/BioNTech",216263,19228,235491
2021-01-27,"Moderna, Pfizer/BioNTech",225258,23732,248990
2021-01-28,"Moderna, Pfizer/BioNTech",232301,29831,262132
2021-01-29,"Moderna, Pfizer/BioNTech",238487,37674,276161
2021-01-30,"Moderna, Pfizer/BioNTech",239210,38759,277969
2021-01-31,"Moderna, Pfizer/BioNTech",239913,39933,279846
2021-02-01,"Moderna, Pfizer/BioNTech",243869,47829,291698
2021-02-02,"Moderna, Pfizer/BioNTech",247989,58024,306013
2021-02-03,"Moderna, Pfizer/BioNTech",252380,68990,321370
2021-02-04,"Moderna, Pfizer/BioNTech",257261,81932,339193
2021-02-05,"Moderna, Pfizer/BioNTech",262698,92563,355261
2021-02-06,"Moderna, Pfizer/BioNTech",263534,94904,358438
2021-02-07,"Moderna, Pfizer/BioNTech",264380,97380,361760
2021-02-08,"Moderna, Pfizer/BioNTech",268413,108744,377157
2021-02-09,"Moderna, Oxford/AstraZeneca, Pfizer/BioNTech",273485,120647,394132
2021-02-10,"Moderna, Pfizer/BioNTech",278957,133833,412790
2021-02-11,"Moderna, Oxford/AstraZeneca, Pfizer/BioNTech",285244,149979,435223
2021-02-12,"Moderna, Oxford/AstraZeneca, Pfizer/BioNTech",291959,164640,456599
2021-02-13,"Moderna, Oxford/AstraZeneca, Pfizer/BioNTech",293544,167613,461157
2021-02-14,"Moderna, Oxford/AstraZeneca, Pfizer/BioNTech",294534,168985,463519
2021-02-15,"Moderna, Oxford/AstraZeneca, Pfizer/BioNTech",300910,178299,479209
2021-02-16,"Moderna, Oxford/AstraZeneca, Pfizer/BioNTech",309597,187325,496922
2021-02-17,"Moderna, Oxford/AstraZeneca, Pfizer/BioNTech",319266,195582,514848
2021-02-18,"Moderna, Oxford/AstraZeneca, Pfizer/BioNTech",331542,203581,535123
2021-02-19,"Moderna, Oxford/AstraZeneca, Pfizer/BioNTech",343365,210874,554239
2021-02-20,"Moderna, Oxford/AstraZeneca, Pfizer/BioNTech",345332,212038,557370
2021-02-21,"Moderna, Oxford/AstraZeneca, Pfizer/BioNTech",346434,213047,559481
2021-02-22,"Moderna, Oxford/AstraZeneca, Pfizer/BioNTech",356525,219040,575565
2021-02-23,"Moderna, Oxford/AstraZeneca, Pfizer/BioNTech",369408,225977,595385
2021-02-24,"Moderna, Oxford/AstraZeneca, Pfizer/BioNTech",383232,231976,615208
2021-02-25,"Moderna, Oxford/AstraZeneca, Pfizer/BioNTech",401170,237496,638666
2021-02-26,"Moderna, Oxford/AstraZeneca, Pfizer/BioNTech",417293,242809,660102
2021-02-27,"Moderna, Oxford/AstraZeneca, Pfizer/BioNTech",420287,243357,663644
2021-02-28,"Moderna, Oxford/AstraZeneca, Pfizer/BioNTech",422628,243899,666527
2021-03-01,"Moderna, Oxford/AstraZeneca, Pfizer/BioNTech",442110,247303,689413
2021-03-02,"Moderna, Oxford/AstraZeneca, Pfizer/BioNTech",469255,250829,720084
2021-03-03,"Moderna, Oxford/AstraZeneca, Pfizer/BioNTech",500001,255305,755306
2021-03-04,"Moderna, Oxford/AstraZeneca, Pfizer/BioNTech",533119,259957,793076
2021-03-05,"Moderna, Oxford/AstraZeneca, Pfizer/BioNTech",561815,265332,827147
2021-03-06,"Moderna, Oxford/AstraZeneca, Pfizer/BioNTech",573905,266170,840075
2021-03-07,"Moderna, Oxford/AstraZeneca, Pfizer/BioNTech",585278,266998,852276
2021-03-08,"Moderna, Oxford/AstraZeneca, Pfizer/BioNTech",614865,271811,886676
2021-03-09,"Moderna, Oxford/AstraZeneca, Pfizer/BioNTech",651017,278159,929176
2021-03-10,"Moderna, Oxford/AstraZeneca, Pfizer/BioNTech",692124,285078,977202
2021-03-11,"Moderna, Oxford/AstraZeneca, Pfizer/BioNTech",736762,293408,1030170
2021-03-12,"Moderna, Oxford/AstraZeneca, Pfizer/BioNTech",775372,301835,1077207
2021-03-13,"Moderna, Oxford/AstraZeneca, Pfizer/BioNTech",792386,303120,1095506
2021-03-14,"Moderna, Oxford/AstraZeneca, Pfizer/BioNTech",804450,304250,1108700
2021-03-15,"Moderna, Oxford/AstraZeneca, Pfizer/BioNTech",832709,313002,1145711
2021-03-16,"Moderna, Oxford/AstraZeneca, Pfizer/BioNTech",871475,323486,1194961
2021-03-17,"Moderna, Oxford/AstraZeneca, Pfizer/BioNTech",908834,333949,1242783
2021-03-18,"Moderna, Oxford/AstraZeneca, Pfizer/BioNTech",946644,346315,1292959
2021-03-19,"Moderna, Oxford/AstraZeneca, Pfizer/BioNTech",980912,359881,1340793
2021-03-20,"Moderna, Oxford/AstraZeneca, Pfizer/BioNTech",995943,361890,1357833
2021-03-21,"Moderna, Oxford/AstraZeneca, Pfizer/BioNTech",1003312,363426,1366738
2021-03-22,"Moderna, Oxford/AstraZeneca, Pfizer/BioNTech",1027613,375858,1403471
2021-03-23,"Moderna, Oxford/AstraZeneca, Pfizer/BioNTech",1054058,389156,1443214
2021-03-24,"Moderna, Oxford/AstraZeneca, Pfizer/BioNTech",1080812,404811,1485623
2021-03-25,"Moderna, Oxford/AstraZeneca, Pfizer/BioNTech",1107015,422613,1529628
2021-03-26,"Moderna, Oxford/AstraZeneca, Pfizer/BioNTech",1131717,440051,1571768
2021-03-27,"Moderna, Oxford/AstraZeneca, Pfizer/BioNTech",1140104,444870,1584974
2021-03-28,"Moderna, Oxford/AstraZeneca, Pfizer/BioNTech",1145626,448991,1594617
2021-03-29,"Moderna, Oxford/AstraZeneca, Pfizer/BioNTech",1164509,469605,1634114
2021-03-30,"Moderna, Oxford/AstraZeneca, Pfizer/BioNTech",1189078,491695,1680773
2021-03-31,"Johnson&Johnson, Moderna, Oxford/AstraZeneca, Pfizer/BioNTech",1212043,518678,1730721
2021-04-01,"Moderna, Oxford/AstraZeneca, Pfizer/BioNTech",1237518,550576,1788094
2021-04-02,"Moderna, Oxford/AstraZeneca, Pfizer/BioNTech",1244346,563310,1807656
2021-04-03,"Moderna, Oxford/AstraZeneca, Pfizer/BioNTech",1247907,574197,1822104
2021-04-04,"Moderna, Oxford/AstraZeneca, Pfizer/BioNTech",1250369,582967,1833336
2021-04-05,"Moderna, Oxford/AstraZeneca, Pfizer/BioNTech",1252689,590111,1842800
2021-04-06,"Moderna, Oxford/AstraZeneca, Pfizer/BioNTech",1268707,619265,1887972
2021-04-07,"Moderna, Oxford/AstraZeneca, Pfizer/BioNTech",1291983,641339,1933322
2021-04-08,"Moderna, Oxford/AstraZeneca, Pfizer/BioNTech",1330384,672157,2002541
2021-04-09,"Johnson&Johnson, Moderna, Oxford/AstraZeneca, Pfizer/BioNTech",1369565,702103,2071668
2021-04-10,"Moderna, Oxford/AstraZeneca, Pfizer/BioNTech",1384884,717307,2102191
2021-04-11,"Moderna, Oxford/AstraZeneca, Pfizer/BioNTech",1394586,727300,2121886
2021-04-12,"Moderna, Oxford/AstraZeneca, Pfizer/BioNTech",1432573,752177,2184750
2021-04-13,"Moderna, Oxford/AstraZeneca, Pfizer/BioNTech",1468599,778035,2246634
2021-04-14,"Moderna, Oxford/AstraZeneca, Pfizer/BioNTech",1507220,805305,2312525
2021-04-15,"Moderna, Oxford/AstraZeneca, Pfizer/BioNTech",1554846,830924,2385770
2021-04-16,"Moderna, Oxford/AstraZeneca, Pfizer/BioNTech",1599303,856478,2455781
2021-04-17,"Moderna, Oxford/AstraZeneca, Pfizer/BioNTech",1615868,865467,2481335
2021-04-18,"Moderna, Oxford/AstraZeneca, Pfizer/BioNTech",1628779,870416,2499195
2021-04-19,"Moderna, Oxford/AstraZeneca, Pfizer/BioNTech",1672580,885770,2558350
2021-04-20,"Moderna, Oxford/AstraZeneca, Pfizer/BioNTech",1714572,901552,2616124
2021-04-21,"Moderna, Oxford/AstraZeneca, Pfizer/BioNTech",1762174,915775,2677949
2021-04-22,"Johnson&Johnson, Moderna, Oxford/AstraZeneca, Pfizer/BioNTech",1816535,933065,2749600
2021-04-23,"Johnson&Johnson, Moderna, Oxford/AstraZeneca, Pfizer/BioNTech",1866379,945023,2811402
2021-04-24,"Johnson&Johnson, Moderna, Oxford/AstraZeneca, Pfizer/BioNTech",1884144,950219,2834363
2021-04-25,"Johnson&Johnson, Moderna, Oxford/AstraZeneca, Pfizer/BioNTech",1898781,954199,2852980
2021-04-26,"Johnson&Johnson, Moderna, Oxford/AstraZeneca, Pfizer/BioNTech",1948235,961593,2909828
2021-04-27,"Johnson&Johnson, Moderna, Oxford/AstraZeneca, Pfizer/BioNTech",1997085,973710,2970795
2021-04-28,"Johnson&Johnson, Moderna, Oxford/AstraZeneca, Pfizer/BioNTech",2055708,987618,3043326
2021-04-29,"Johnson&Johnson, Moderna, Oxford/AstraZeneca, Pfizer/BioNTech",2121088,1003366,3124454
2021-04-30,"Johnson&Johnson, Moderna, Oxford/AstraZeneca, Pfizer/BioNTech",2183159,1013229,3196388
2021-05-01,"Johnson&Johnson, Moderna, Oxford/AstraZeneca, Pfizer/BioNTech",2202415,1016611,3219026
2021-05-02,"Johnson&Johnson, Moderna, Oxford/AstraZeneca, Pfizer/BioNTech",2221274,1018842,3240116
2021-05-03,"Johnson&Johnson, Moderna, Oxford/AstraZeneca, Pfizer/BioNTech",2288363,1023838,3312201
2021-05-04,"Johnson&Johnson, Moderna, Oxford/AstraZeneca, Pfizer/BioNTech",2354622,1032075,3386697
2021-05-05,"Johnson&Johnson, Moderna, Oxford/AstraZeneca, Pfizer/BioNTech",2427629,1041376,3469005
2021-05-06,"Johnson&Johnson, Moderna, Oxford/AstraZeneca, Pfizer/BioNTech",2507824,1051952,3559776
2021-05-07,"Johnson&Johnson, Moderna, Oxford/AstraZeneca, Pfizer/BioNTech",2584963,1061892,3646855
2021-05-08,"Johnson&Johnson, Moderna, Oxford/AstraZeneca, Pfizer/BioNTech",2614324,1063590,3677914
2021-05-09,"Johnson&Johnson, Moderna, Oxford/AstraZeneca, Pfizer/BioNTech",2638465,1064756,3703221
2021-05-10,"Johnson&Johnson, Moderna, Oxford/AstraZeneca, Pfizer/BioNTech",2711043,1071853,3782896
2021-05-11,"Johnson&Johnson, Moderna, Oxford/AstraZeneca, Pfizer/BioNTech",2786970,1080584,3867554
2021-05-12,"Johnson&Johnson, Moderna, Oxford/AstraZeneca, Pfizer/BioNTech",2866622,1089553,3956175
2021-05-13,"Johnson&Johnson, Moderna, Oxford/AstraZeneca, Pfizer/BioNTech",2950473,1098615,4049088
2021-05-14,"Johnson&Johnson, Moderna, Oxford/AstraZeneca, Pfizer/BioNTech",3029715,1106284,4135999
2021-05-15,"Johnson&Johnson, Moderna, Oxford/AstraZeneca, Pfizer/BioNTech",3061516,1108431,4169947
2021-05-16,"Johnson&Johnson, Moderna, Oxford/AstraZeneca, Pfizer/BioNTech",3087229,1109602,4196831
2021-05-17,"Johnson&Johnson, Moderna, Oxford/AstraZeneca, Pfizer/BioNTech",3159609,1116235,4275844
2021-05-18,"Johnson&Johnson, Moderna, Oxford/AstraZeneca, Pfizer/BioNTech",3231377,1129144,4360521
2021-05-19,"Johnson&Johnson, Moderna, Oxford/AstraZeneca, Pfizer/BioNTech",3308668,1144145,4452813
2021-05-20,"Johnson&Johnson, Moderna, Oxford/AstraZeneca, Pfizer/BioNTech",3383846,1171006,4554852
2021-05-21,"Johnson&Johnson, Moderna, Oxford/AstraZeneca, Pfizer/BioNTech",3452468,1198595,4651063
2021-05-22,"Johnson&Johnson, Moderna, Oxford/AstraZeneca, Pfizer/BioNTech",3484714,1209640,4694354
2021-05-23,"Johnson&Johnson, Moderna, Oxford/AstraZeneca, Pfizer/BioNTech",3506965,1218589,4725554
2021-05-24,"Johnson&Johnson, Moderna, Oxford/AstraZeneca, Pfizer/BioNTech",3553893,1252024,4805917
2021-05-25,"Johnson&Johnson, Moderna, Oxford/AstraZeneca, Pfizer/BioNTech",3605594,1287628,4893222
2021-05-26,"Johnson&Johnson, Moderna, Oxford/AstraZeneca, Pfizer/BioNTech",3673186,1324995,4998181
2021-05-27,"Johnson&Johnson, Moderna, Oxford/AstraZeneca, Pfizer/BioNTech",3734395,1372178,5106573
2021-05-28,"Johnson&Johnson, Moderna, Oxford/AstraZeneca, Pfizer/BioNTech",3795949,1418527,5214476
2021-05-29,"Johnson&Johnson, Moderna, Oxford/AstraZeneca, Pfizer/BioNTech",3825030,1435552,5260582
2021-05-30,"Johnson&Johnson, Moderna, Oxford/AstraZeneca, Pfizer/BioNTech",3847318,1449912,5297230
2021-05-31,"Johnson&Johnson, Moderna, Oxford/AstraZeneca, Pfizer/BioNTech",3902897,1497227,5400124
2021-06-01,"Johnson&Johnson, Moderna, Oxford/AstraZeneca, Pfizer/BioNTech",3961644,1545448,5507092
2021-06-02,"Johnson&Johnson, Moderna, Oxford/AstraZeneca, Pfizer/BioNTech",4024355,1599276,5623631
2021-06-03,"Johnson&Johnson, Moderna, Oxford/AstraZeneca, Pfizer/BioNTech",4082392,1659288,5741680
2021-06-04,"Johnson&Johnson, Moderna, Oxford/AstraZeneca, Pfizer/BioNTech",4145264,1716512,5861776
2021-06-05,"Johnson&Johnson, Moderna, Oxford/AstraZeneca, Pfizer/BioNTech",4179284,1735223,5914507
2021-06-06,"Johnson&Johnson, Moderna, Oxford/AstraZeneca, Pfizer/BioNTech",4206066,1750262,5956328
2021-06-07,"Johnson&Johnson, Moderna, Oxford/AstraZeneca, Pfizer/BioNTech",4269257,1805719,6074976
2021-06-08,"Johnson&Johnson, Moderna, Oxford/AstraZeneca, Pfizer/BioNTech",4332807,1860490,6193297
2021-06-09,"Johnson&Johnson, Moderna, Oxford/AstraZeneca, Pfizer/BioNTech",4391019,1924599,6315618
2021-06-10,"Johnson&Johnson, Moderna, Oxford/AstraZeneca, Pfizer/BioNTech",4443816,1995390,6439206
2021-06-11,"Johnson&Johnson, Moderna, Oxford/AstraZeneca, Pfizer/BioNTech",4495193,2064837,6560030
2021-06-12,"Johnson&Johnson, Moderna, Oxford/AstraZeneca, Pfizer/BioNTech",4526923,2085514,6612437
2021-06-13,"Johnson&Johnson, Moderna, Oxford/AstraZeneca, Pfizer/BioNTech",4550746,2103827,6654573
2021-06-14,"Johnson&Johnson, Moderna, Oxford/AstraZeneca, Pfizer/BioNTech",4593277,2177965,6771242
2021-06-15,"Johnson&Johnson, Moderna, Oxford/AstraZeneca, Pfizer/BioNTech",4637531,2250036,6887567
2021-06-16,"Johnson&Johnson, Moderna, Oxford/AstraZeneca, Pfizer/BioNTech",4679838,2328018,7007856
2021-06-17,"Johnson&Johnson, Moderna, Oxford/AstraZeneca, Pfizer/BioNTech",4718756,2410836,7129592
2021-06-18,"Johnson&Johnson, Moderna, Oxford/AstraZeneca, Pfizer/BioNTech",4759986,2491067,7251053
2021-06-19,"Johnson&Johnson, Moderna, Oxford/AstraZeneca, Pfizer/BioNTech",4781499,2520221,7301720
2021-06-20,"Johnson&Johnson, Moderna, Oxford/AstraZeneca, Pfizer/BioNTech",4798729,2543932,7342661
2021-06-21,"Johnson&Johnson, Moderna, Oxford/AstraZeneca, Pfizer/BioNTech",4830928,2622250,7453178
2021-06-22,"Johnson&Johnson, Moderna, Oxford/AstraZeneca, Pfizer/BioNTech",4862929,2704251,7567180
2021-06-23,"Johnson&Johnson, Moderna, Oxford/AstraZeneca, Pfizer/BioNTech",4893692,2789209,7682901
2021-06-24,"Johnson&Johnson, Moderna, Oxford/AstraZeneca, Pfizer/BioNTech",4923143,2879018,7802161
2021-06-25,"Johnson&Johnson, Moderna, Oxford/AstraZeneca, Pfizer/BioNTech",4953681,2964852,7918533
2021-06-26,"Johnson&Johnson, Moderna, Oxford/AstraZeneca, Pfizer/BioNTech",4969300,2999487,7968787
2021-06-27,"Johnson&Johnson, Moderna, Oxford/AstraZeneca, Pfizer/BioNTech",4983089,3026013,8009102
2021-06-28,"Johnson&Johnson, Moderna, Oxford/AstraZeneca, Pfizer/BioNTech",5011200,3110879,8122079
2021-06-29,"Johnson&Johnson, Moderna, Oxford/AstraZeneca, Pfizer/BioNTech",5040079,3197089,8237168
2021-06-30,"Johnson&Johnson, Moderna, Oxford/AstraZeneca, Pfizer/BioNTech",5067159,3287672,8354831
2021-07-01,"Johnson&Johnson, Moderna, Oxford/AstraZeneca, Pfizer/BioNTech",5090698,3377175,8467873
2021-07-02,"Johnson&Johnson, Moderna, Oxford/AstraZeneca, Pfizer/BioNTech",5117026,3462368,8579394
2021-07-03,"Johnson&Johnson, Moderna, Oxford/AstraZeneca, Pfizer/BioNTech",5123991,3493701,8617692
2021-07-04,"Johnson&Johnson, Moderna, Oxford/AstraZeneca, Pfizer/BioNTech",5131443,3515375,8646818
2021-07-05,"Johnson&Johnson, Moderna, Oxford/AstraZeneca, Pfizer/BioNTech",5138706,3540598,8679304
2021-07-06,"Johnson&Johnson, Moderna, Oxford/AstraZeneca, Pfizer/BioNTech",5143943,3568071,8712014
2021-07-07,"Johnson&Johnson, Moderna, Oxford/AstraZeneca, Pfizer/BioNTech",5169365,3646549,8815914
2021-07-08,"Johnson&Johnson, Moderna, Oxford/AstraZeneca, Pfizer/BioNTech",5195601,3716438,8912039
2021-07-09,"Johnson&Johnson, Moderna, Oxford/AstraZeneca, Pfizer/BioNTech",5223145,3785232,9008377
2021-07-10,"Johnson&Johnson, Moderna, Oxford/AstraZeneca, Pfizer/BioNTech",5232358,3813677,9046035
2021-07-11,"Johnson&Johnson, Moderna, Oxford/AstraZeneca, Pfizer/BioNTech",5240802,3836438,9077240
2021-07-12,"Johnson&Johnson, Moderna, Oxford/AstraZeneca, Pfizer/BioNTech",5267699,3904804,9172503
2021-07-13,"Johnson&Johnson, Moderna, Oxford/AstraZeneca, Pfizer/BioNTech",5293251,3973911,9267162
2021-07-14,"Johnson&Johnson, Moderna, Oxford/AstraZeneca, Pfizer/BioNTech",5318556,4045113,9363669
2021-07-15,"Johnson&Johnson, Moderna, Oxford/AstraZeneca, Pfizer/BioNTech",5347013,4109883,9456896
2021-07-16,"Johnson&Johnson, Moderna, Oxford/AstraZeneca, Pfizer/BioNTech",5373449,4180142,9553591
2021-07-17,"Johnson&Johnson, Moderna, Oxford/AstraZeneca, Pfizer/BioNTech",5381124,4209733,9590857
