date,vaccine,people_vaccinated,people_fully_vaccinated,total_vaccinations
2020-12-27,Pfizer/BioNTech,1280,0,1280
2020-12-28,Pfizer/BioNTech,3585,0,3585
2020-12-29,Pfizer/BioNTech,7051,0,7051
2020-12-30,Pfizer/BioNTech,10564,0,10564
2020-12-31,Pfizer/BioNTech,11868,0,11868
2021-01-01,"Moderna, Pfizer/BioNTech",12137,0,12137
2021-01-02,Pfizer/BioNTech,13413,0,13413
2021-01-03,Pfizer/BioNTech,14335,0,14335
2021-01-04,"Moderna, Pfizer/BioNTech",17942,0,17942
2021-01-05,"Moderna, Pfizer/BioNTech",22452,0,22452
2021-01-06,"Moderna, Pfizer/BioNTech",28289,1,28290
2021-01-07,"Moderna, Pfizer/BioNTech",36278,1,36279
2021-01-08,"Moderna, Pfizer/BioNTech",46322,1,46323
2021-01-09,"Moderna, Pfizer/BioNTech",48347,2,48349
2021-01-10,Pfizer/BioNTech,50112,4,50116
2021-01-11,Pfizer/BioNTech,59963,6,59969
2021-01-12,"Moderna, Pfizer/BioNTech",73406,8,73414
2021-01-13,Pfizer/BioNTech,86936,8,86944
2021-01-14,"Moderna, Pfizer/BioNTech",102153,12,102165
2021-01-15,"Moderna, Pfizer/BioNTech",116151,12,116163
2021-01-16,"Moderna, Pfizer/BioNTech",119542,15,119557
2021-01-17,"Moderna, Pfizer/BioNTech",122155,652,122807
2021-01-18,"Moderna, Pfizer/BioNTech",134631,2478,137109
2021-01-19,"Moderna, Pfizer/BioNTech",147227,5200,152427
2021-01-20,"Moderna, Pfizer/BioNTech",160896,7855,168751
2021-01-21,"Moderna, Pfizer/BioNTech",176540,9594,186134
2021-01-22,"Moderna, Pfizer/BioNTech",191403,10638,202041
2021-01-23,"Moderna, Pfizer/BioNTech",194719,11516,206235
2021-01-24,"Moderna, Pfizer/BioNTech",196972,12384,209356
2021-01-25,"Moderna, Pfizer/BioNTech",206608,15358,221966
2021-01-26,"Moderna, Pfizer/BioNTech",217143,19342,236485
2021-01-27,"Moderna, Pfizer/BioNTech",226170,23877,250047
2021-01-28,"Moderna, Pfizer/BioNTech",233264,30001,263265
2021-01-29,"Moderna, Pfizer/BioNTech",239471,37904,277375
2021-01-30,"Moderna, Pfizer/BioNTech",240206,38992,279198
2021-01-31,"Moderna, Pfizer/BioNTech",240917,40173,281090
2021-02-01,"Moderna, Pfizer/BioNTech",244895,48127,293022
2021-02-02,"Moderna, Pfizer/BioNTech",249030,58356,307386
2021-02-03,"Moderna, Pfizer/BioNTech",253444,69356,322800
2021-02-04,"Moderna, Pfizer/BioNTech",258337,82334,340671
2021-02-05,"Moderna, Pfizer/BioNTech",263796,92996,356792
2021-02-06,"Moderna, Oxford/AstraZeneca, Pfizer/BioNTech",264643,95356,359999
2021-02-07,"Moderna, Pfizer/BioNTech",265488,97853,363341
2021-02-08,"Moderna, Oxford/AstraZeneca, Pfizer/BioNTech",269560,109280,378840
2021-02-09,"Moderna, Oxford/AstraZeneca, Pfizer/BioNTech",274650,121184,395834
2021-02-10,"Moderna, Oxford/AstraZeneca, Pfizer/BioNTech",280151,134421,414572
2021-02-11,"Moderna, Oxford/AstraZeneca, Pfizer/BioNTech",286469,150625,437094
2021-02-12,"Moderna, Oxford/AstraZeneca, Pfizer/BioNTech",293229,165345,458574
2021-02-13,"Moderna, Oxford/AstraZeneca, Pfizer/BioNTech",294835,168329,463164
2021-02-14,"Moderna, Oxford/AstraZeneca, Pfizer/BioNTech",295836,169714,465550
2021-02-15,"Moderna, Oxford/AstraZeneca, Pfizer/BioNTech",302233,179065,481298
2021-02-16,"Moderna, Oxford/AstraZeneca, Pfizer/BioNTech",310948,188138,499086
2021-02-17,"Moderna, Oxford/AstraZeneca, Pfizer/BioNTech",320642,196439,517081
2021-02-18,"Moderna, Oxford/AstraZeneca, Pfizer/BioNTech",332954,204505,537459
2021-02-19,"Moderna, Oxford/AstraZeneca, Pfizer/BioNTech",344803,211851,556654
2021-02-20,"Moderna, Oxford/AstraZeneca, Pfizer/BioNTech",346796,213031,559827
2021-02-21,"Moderna, Oxford/AstraZeneca, Pfizer/BioNTech",347923,214051,561974
2021-02-22,"Moderna, Oxford/AstraZeneca, Pfizer/BioNTech",358037,220075,578112
2021-02-23,"Moderna, Oxford/AstraZeneca, Pfizer/BioNTech",370976,227043,598019
2021-02-24,"Moderna, Oxford/AstraZeneca, Pfizer/BioNTech",384845,233075,617920
2021-02-25,"Moderna, Oxford/AstraZeneca, Pfizer/BioNTech",402809,238620,641429
2021-02-26,"Moderna, Oxford/AstraZeneca, Pfizer/BioNTech",418968,243958,662926
2021-02-27,"Moderna, Oxford/AstraZeneca, Pfizer/BioNTech",421975,244513,666488
2021-02-28,"Moderna, Oxford/AstraZeneca, Pfizer/BioNTech",424318,245060,669378
2021-03-01,"Moderna, Oxford/AstraZeneca, Pfizer/BioNTech",443889,248501,692390
2021-03-02,"Moderna, Oxford/AstraZeneca, Pfizer/BioNTech",471097,252039,723136
2021-03-03,"Moderna, Oxford/AstraZeneca, Pfizer/BioNTech",501947,256538,758485
2021-03-04,"Moderna, Oxford/AstraZeneca, Pfizer/BioNTech",535185,261214,796399
2021-03-05,"Johnson&Johnson, Moderna, Oxford/AstraZeneca, Pfizer/BioNTech",563982,266621,830603
2021-03-06,"Johnson&Johnson, Moderna, Oxford/AstraZeneca, Pfizer/BioNTech",576118,267474,843592
2021-03-07,"Johnson&Johnson, Moderna, Oxford/AstraZeneca, Pfizer/BioNTech",587648,268312,855960
2021-03-08,"Johnson&Johnson, Moderna, Oxford/AstraZeneca, Pfizer/BioNTech",617354,273156,890510
2021-03-09,"Johnson&Johnson, Moderna, Oxford/AstraZeneca, Pfizer/BioNTech",653689,279534,933223
2021-03-10,"Moderna, Oxford/AstraZeneca, Pfizer/BioNTech",694968,286475,981443
2021-03-11,"Johnson&Johnson, Moderna, Oxford/AstraZeneca, Pfizer/BioNTech",739760,294840,1034600
2021-03-12,"Johnson&Johnson, Moderna, Oxford/AstraZeneca, Pfizer/BioNTech",778532,303298,1081830
2021-03-13,"Johnson&Johnson, Moderna, Oxford/AstraZeneca, Pfizer/BioNTech",795597,304600,1100197
2021-03-14,"Moderna, Oxford/AstraZeneca, Pfizer/BioNTech",807697,305747,1113444
2021-03-15,"Moderna, Oxford/AstraZeneca, Pfizer/BioNTech",836065,314515,1150580
2021-03-16,"Johnson&Johnson, Moderna, Oxford/AstraZeneca, Pfizer/BioNTech",874938,325039,1199977
2021-03-17,"Moderna, Oxford/AstraZeneca, Pfizer/BioNTech",912387,335538,1247925
2021-03-18,"Johnson&Johnson, Moderna, Oxford/AstraZeneca, Pfizer/BioNTech",950332,347941,1298273
2021-03-19,"Moderna, Oxford/AstraZeneca, Pfizer/BioNTech",984786,361540,1346326
2021-03-20,"Johnson&Johnson, Moderna, Oxford/AstraZeneca, Pfizer/BioNTech",999912,363559,1363471
2021-03-21,"Johnson&Johnson, Moderna, Oxford/AstraZeneca, Pfizer/BioNTech",1007318,365109,1372427
2021-03-22,"Johnson&Johnson, Moderna, Oxford/AstraZeneca, Pfizer/BioNTech",1031839,377606,1409445
2021-03-23,"Johnson&Johnson, Moderna, Oxford/AstraZeneca, Pfizer/BioNTech",1058455,390953,1449408
2021-03-24,"Johnson&Johnson, Moderna, Oxford/AstraZeneca, Pfizer/BioNTech",1085286,406677,1491963
2021-03-25,"Moderna, Oxford/AstraZeneca, Pfizer/BioNTech",1111591,424512,1536103
2021-03-26,"Johnson&Johnson, Moderna, Oxford/AstraZeneca, Pfizer/BioNTech",1136382,441998,1578380
2021-03-27,"Johnson&Johnson, Moderna, Oxford/AstraZeneca, Pfizer/BioNTech",1144805,446841,1591646
2021-03-28,"Moderna, Oxford/AstraZeneca, Pfizer/BioNTech",1150339,450979,1601318
2021-03-29,"Johnson&Johnson, Moderna, Oxford/AstraZeneca, Pfizer/BioNTech",1169450,471694,1641144
2021-03-30,"Johnson&Johnson, Moderna, Oxford/AstraZeneca, Pfizer/BioNTech",1194129,493860,1687989
2021-03-31,"Johnson&Johnson, Moderna, Oxford/AstraZeneca, Pfizer/BioNTech",1217210,520904,1738114
2021-04-01,"Johnson&Johnson, Moderna, Oxford/AstraZeneca, Pfizer/BioNTech",1242802,552937,1795739
2021-04-02,"Johnson&Johnson, Moderna, Oxford/AstraZeneca, Pfizer/BioNTech",1249707,565721,1815428
2021-04-03,"Johnson&Johnson, Moderna, Oxford/AstraZeneca, Pfizer/BioNTech",1253311,576635,1829946
2021-04-04,"Johnson&Johnson, Moderna, Oxford/AstraZeneca, Pfizer/BioNTech",1255808,585546,1841354
2021-04-05,"Johnson&Johnson, Moderna, Oxford/AstraZeneca, Pfizer/BioNTech",1258194,592721,1850915
2021-04-06,"Johnson&Johnson, Moderna, Oxford/AstraZeneca, Pfizer/BioNTech",1274302,621954,1896256
2021-04-07,"Johnson&Johnson, Moderna, Oxford/AstraZeneca, Pfizer/BioNTech",1297689,644172,1941861
2021-04-08,"Johnson&Johnson, Moderna, Oxford/AstraZeneca, Pfizer/BioNTech",1336362,675175,2011537
2021-04-09,"Johnson&Johnson, Moderna, Oxford/AstraZeneca, Pfizer/BioNTech",1375875,705345,2081220
2021-04-10,"Johnson&Johnson, Moderna, Oxford/AstraZeneca, Pfizer/BioNTech",1391340,720633,2111973
2021-04-11,"Johnson&Johnson, Moderna, Oxford/AstraZeneca, Pfizer/BioNTech",1401102,730664,2131766
2021-04-12,"Johnson&Johnson, Moderna, Oxford/AstraZeneca, Pfizer/BioNTech",1439325,755784,2195109
2021-04-13,"Moderna, Oxford/AstraZeneca, Pfizer/BioNTech",1475549,781815,2257364
2021-04-14,"Moderna, Oxford/AstraZeneca, Pfizer/BioNTech",1514334,809158,2323492
2021-04-15,"Moderna, Oxford/AstraZeneca, Pfizer/BioNTech",1562093,834861,2396954
2021-04-16,"Moderna, Oxford/AstraZeneca, Pfizer/BioNTech",1606718,860483,2467201
2021-04-17,"Moderna, Oxford/AstraZeneca, Pfizer/BioNTech",1623391,869505,2492896
2021-04-18,"Moderna, Oxford/AstraZeneca, Pfizer/BioNTech",1636364,874486,2510850
2021-04-19,"Moderna, Oxford/AstraZeneca, Pfizer/BioNTech",1680341,889938,2570279
2021-04-20,"Johnson&Johnson, Moderna, Oxford/AstraZeneca, Pfizer/BioNTech",1722866,905790,2628656
2021-04-21,"Moderna, Oxford/AstraZeneca, Pfizer/BioNTech",1770572,920128,2690700
2021-04-22,"Johnson&Johnson, Moderna, Oxford/AstraZeneca, Pfizer/BioNTech",1825039,937497,2762536
2021-04-23,"Johnson&Johnson, Moderna, Oxford/AstraZeneca, Pfizer/BioNTech",1874972,949538,2824510
2021-04-24,"Johnson&Johnson, Moderna, Oxford/AstraZeneca, Pfizer/BioNTech",1892791,954777,2847568
2021-04-25,"Johnson&Johnson, Moderna, Oxford/AstraZeneca, Pfizer/BioNTech",1907468,958765,2866233
2021-04-26,"Johnson&Johnson, Moderna, Oxford/AstraZeneca, Pfizer/BioNTech",1957027,966304,2923331
2021-04-27,"Johnson&Johnson, Moderna, Oxford/AstraZeneca, Pfizer/BioNTech",2005984,978515,2984499
2021-04-28,"Johnson&Johnson, Moderna, Oxford/AstraZeneca, Pfizer/BioNTech",2064712,992490,3057202
2021-04-29,"Johnson&Johnson, Moderna, Oxford/AstraZeneca, Pfizer/BioNTech",2130249,1008353,3138602
2021-04-30,"Johnson&Johnson, Moderna, Oxford/AstraZeneca, Pfizer/BioNTech",2192442,1018297,3210739
2021-05-01,"Johnson&Johnson, Moderna, Oxford/AstraZeneca, Pfizer/BioNTech",2211744,1021729,3233473
2021-05-02,"Johnson&Johnson, Moderna, Oxford/AstraZeneca, Pfizer/BioNTech",2230645,1023989,3254634
2021-05-03,"Johnson&Johnson, Moderna, Oxford/AstraZeneca, Pfizer/BioNTech",2297863,1029036,3326899
2021-05-04,"Johnson&Johnson, Moderna, Oxford/AstraZeneca, Pfizer/BioNTech",2364330,1037344,3401674
2021-05-05,"Johnson&Johnson, Moderna, Oxford/AstraZeneca, Pfizer/BioNTech",2437462,1046724,3484186
2021-05-06,"Johnson&Johnson, Moderna, Oxford/AstraZeneca, Pfizer/BioNTech",2517828,1057411,3575239
2021-05-07,"Johnson&Johnson, Moderna, Oxford/AstraZeneca, Pfizer/BioNTech",2595041,1067440,3662481
2021-05-08,"Johnson&Johnson, Moderna, Oxford/AstraZeneca, Pfizer/BioNTech",2624447,1069184,3693631
2021-05-09,"Johnson&Johnson, Moderna, Oxford/AstraZeneca, Pfizer/BioNTech",2648620,1070375,3718995
2021-05-10,"Johnson&Johnson, Moderna, Oxford/AstraZeneca, Pfizer/BioNTech",2721348,1077574,3798922
2021-05-11,"Johnson&Johnson, Moderna, Oxford/AstraZeneca, Pfizer/BioNTech",2797424,1086354,3883778
2021-05-12,"Johnson&Johnson, Moderna, Oxford/AstraZeneca, Pfizer/BioNTech",2877245,1095428,3972673
2021-05-13,"Johnson&Johnson, Moderna, Oxford/AstraZeneca, Pfizer/BioNTech",2961235,1104562,4065797
2021-05-14,"Johnson&Johnson, Moderna, Oxford/AstraZeneca, Pfizer/BioNTech",3040633,1112310,4152943
2021-05-15,"Johnson&Johnson, Moderna, Oxford/AstraZeneca, Pfizer/BioNTech",3072480,1114520,4187000
2021-05-16,"Johnson&Johnson, Moderna, Oxford/AstraZeneca, Pfizer/BioNTech",3098223,1115769,4213992
2021-05-17,"Johnson&Johnson, Moderna, Oxford/AstraZeneca, Pfizer/BioNTech",3170701,1122458,4293159
2021-05-18,"Johnson&Johnson, Moderna, Oxford/AstraZeneca, Pfizer/BioNTech",3242605,1135468,4378073
2021-05-19,"Johnson&Johnson, Moderna, Oxford/AstraZeneca, Pfizer/BioNTech",3320039,1150567,4470606
2021-05-20,"Johnson&Johnson, Moderna, Oxford/AstraZeneca, Pfizer/BioNTech",3395442,1177552,4572994
2021-05-21,"Johnson&Johnson, Moderna, Oxford/AstraZeneca, Pfizer/BioNTech",3464174,1205248,4669422
2021-05-22,"Johnson&Johnson, Moderna, Oxford/AstraZeneca, Pfizer/BioNTech",3496514,1216391,4712905
2021-05-23,"Johnson&Johnson, Moderna, Oxford/AstraZeneca, Pfizer/BioNTech",3518831,1225402,4744233
2021-05-24,"Johnson&Johnson, Moderna, Oxford/AstraZeneca, Pfizer/BioNTech",3565947,1259009,4824956
2021-05-25,"Johnson&Johnson, Moderna, Oxford/AstraZeneca, Pfizer/BioNTech",3617784,1294764,4912548
2021-05-26,"Johnson&Johnson, Moderna, Oxford/AstraZeneca, Pfizer/BioNTech",3685511,1332245,5017756
2021-05-27,"Johnson&Johnson, Moderna, Oxford/AstraZeneca, Pfizer/BioNTech",3746880,1379519,5126399
2021-05-28,"Johnson&Johnson, Moderna, Oxford/AstraZeneca, Pfizer/BioNTech",3808546,1426014,5234560
2021-05-29,"Johnson&Johnson, Moderna, Oxford/AstraZeneca, Pfizer/BioNTech",3837699,1443090,5280789
2021-05-30,"Johnson&Johnson, Moderna, Oxford/AstraZeneca, Pfizer/BioNTech",3860040,1457498,5317538
2021-05-31,"Johnson&Johnson, Moderna, Oxford/AstraZeneca, Pfizer/BioNTech",3915756,1505011,5420767
2021-06-01,"Johnson&Johnson, Moderna, Oxford/AstraZeneca, Pfizer/BioNTech",3974762,1553801,5528563
2021-06-02,"Johnson&Johnson, Moderna, Oxford/AstraZeneca, Pfizer/BioNTech",4037631,1607720,5645351
2021-06-03,"Johnson&Johnson, Moderna, Oxford/AstraZeneca, Pfizer/BioNTech",4095843,1667877,5763720
2021-06-04,"Johnson&Johnson, Moderna, Oxford/AstraZeneca, Pfizer/BioNTech",4158912,1725200,5884112
2021-06-05,"Johnson&Johnson, Moderna, Oxford/AstraZeneca, Pfizer/BioNTech",4193037,1743984,5937021
2021-06-06,"Johnson&Johnson, Moderna, Oxford/AstraZeneca, Pfizer/BioNTech",4219939,1759082,5979021
2021-06-07,"Johnson&Johnson, Moderna, Oxford/AstraZeneca, Pfizer/BioNTech",4283605,1814663,6098268
2021-06-08,"Johnson&Johnson, Moderna, Oxford/AstraZeneca, Pfizer/BioNTech",4347576,1869582,6217158
2021-06-09,"Johnson&Johnson, Moderna, Oxford/AstraZeneca, Pfizer/BioNTech",4406759,1933991,6340750
2021-06-10,"Johnson&Johnson, Moderna, Oxford/AstraZeneca, Pfizer/BioNTech",4460639,2005047,6465686
2021-06-11,"Johnson&Johnson, Moderna, Oxford/AstraZeneca, Pfizer/BioNTech",4512730,2074713,6587443
2021-06-12,"Johnson&Johnson, Moderna, Oxford/AstraZeneca, Pfizer/BioNTech",4544717,2095448,6640165
2021-06-13,"Johnson&Johnson, Moderna, Oxford/AstraZeneca, Pfizer/BioNTech",4568719,2113810,6682529
2021-06-14,"Johnson&Johnson, Moderna, Oxford/AstraZeneca, Pfizer/BioNTech",4611778,2188114,6799892
2021-06-15,"Johnson&Johnson, Moderna, Oxford/AstraZeneca, Pfizer/BioNTech",4656417,2260383,6916800
2021-06-16,"Johnson&Johnson, Moderna, Oxford/AstraZeneca, Pfizer/BioNTech",4699141,2338521,7037662
2021-06-17,"Johnson&Johnson, Moderna, Oxford/AstraZeneca, Pfizer/BioNTech",4738511,2421503,7160014
2021-06-18,"Johnson&Johnson, Moderna, Oxford/AstraZeneca, Pfizer/BioNTech",4780890,2501920,7282810
2021-06-19,"Johnson&Johnson, Moderna, Oxford/AstraZeneca, Pfizer/BioNTech",4802630,2531141,7333771
2021-06-20,"Johnson&Johnson, Moderna, Oxford/AstraZeneca, Pfizer/BioNTech",4819986,2554912,7374898
2021-06-21,"Johnson&Johnson, Moderna, Oxford/AstraZeneca, Pfizer/BioNTech",4852486,2633395,7485881
2021-06-22,"Johnson&Johnson, Moderna, Oxford/AstraZeneca, Pfizer/BioNTech",4885442,2715563,7601005
2021-06-23,"Johnson&Johnson, Moderna, Oxford/AstraZeneca, Pfizer/BioNTech",4917092,2800696,7717788
2021-06-24,"Johnson&Johnson, Moderna, Oxford/AstraZeneca, Pfizer/BioNTech",4946925,2890639,7837564
2021-06-25,"Johnson&Johnson, Moderna, Oxford/AstraZeneca, Pfizer/BioNTech",4977970,2976686,7954656
2021-06-26,"Johnson&Johnson, Moderna, Oxford/AstraZeneca, Pfizer/BioNTech",4993823,3011433,8005256
2021-06-27,"Johnson&Johnson, Moderna, Oxford/AstraZeneca, Pfizer/BioNTech",5007758,3038026,8045784
2021-06-28,"Johnson&Johnson, Moderna, Oxford/AstraZeneca, Pfizer/BioNTech",5036166,3123119,8159285
2021-06-29,"Johnson&Johnson, Moderna, Oxford/AstraZeneca, Pfizer/BioNTech",5065428,3209497,8274925
2021-06-30,"Johnson&Johnson, Moderna, Oxford/AstraZeneca, Pfizer/BioNTech",5092914,3300363,8393277
2021-07-01,"Johnson&Johnson, Moderna, Oxford/AstraZeneca, Pfizer/BioNTech",5116882,3390309,8507191
2021-07-02,"Johnson&Johnson, Moderna, Oxford/AstraZeneca, Pfizer/BioNTech",5143592,3476045,8619637
2021-07-03,"Johnson&Johnson, Moderna, Oxford/AstraZeneca, Pfizer/BioNTech",5150664,3507504,8658168
2021-07-04,"Johnson&Johnson, Moderna, Oxford/AstraZeneca, Pfizer/BioNTech",5158209,3529268,8687477
2021-07-05,"Johnson&Johnson, Moderna, Oxford/AstraZeneca, Pfizer/BioNTech",5165560,3554588,8720148
2021-07-06,"Johnson&Johnson, Moderna, Oxford/AstraZeneca, Pfizer/BioNTech",5170958,3582170,8753128
2021-07-07,"Johnson&Johnson, Moderna, Oxford/AstraZeneca, Pfizer/BioNTech",5196734,3661054,8857788
2021-07-08,"Johnson&Johnson, Moderna, Oxford/AstraZeneca, Pfizer/BioNTech",5223322,3731283,8954605
2021-07-09,"Johnson&Johnson, Moderna, Oxford/AstraZeneca, Pfizer/BioNTech",5251220,3800462,9051682
2021-07-10,"Johnson&Johnson, Moderna, Oxford/AstraZeneca, Pfizer/BioNTech",5260558,3829032,9089590
2021-07-11,"Johnson&Johnson, Moderna, Oxford/AstraZeneca, Pfizer/BioNTech",5269074,3851883,9120957
2021-07-12,"Johnson&Johnson, Moderna, Oxford/AstraZeneca, Pfizer/BioNTech",5296592,3920909,9217501
2021-07-13,"Johnson&Johnson, Moderna, Oxford/AstraZeneca, Pfizer/BioNTech",5322757,3990699,9313456
2021-07-14,"Johnson&Johnson, Moderna, Oxford/AstraZeneca, Pfizer/BioNTech",5348558,4062607,9411165
2021-07-15,"Johnson&Johnson, Moderna, Oxford/AstraZeneca, Pfizer/BioNTech",5377722,4128529,9506251
2021-07-16,"Johnson&Johnson, Moderna, Oxford/AstraZeneca, Pfizer/BioNTech",5405618,4201146,9606764
2021-07-17,"Johnson&Johnson, Moderna, Oxford/AstraZeneca, Pfizer/BioNTech",5414375,4232530,9646905
2021-07-18,"Johnson&Johnson, Moderna, Oxford/AstraZeneca, Pfizer/BioNTech",5422809,4258492,9681301
2021-07-19,"Johnson&Johnson, Moderna, Oxford/AstraZeneca, Pfizer/BioNTech",5446145,4325441,9771586
2021-07-20,"Johnson&Johnson, Moderna, Oxford/AstraZeneca, Pfizer/BioNTech",5467520,4392409,9859929
2021-07-21,"Johnson&Johnson, Moderna, Oxford/AstraZeneca, Pfizer/BioNTech",5490964,4455784,9946748
2021-07-22,"Johnson&Johnson, Moderna, Oxford/AstraZeneca, Pfizer/BioNTech",5513307,4514328,10027635
2021-07-23,"Johnson&Johnson, Moderna, Oxford/AstraZeneca, Pfizer/BioNTech",5536486,4568986,10105472
2021-07-24,"Johnson&Johnson, Moderna, Oxford/AstraZeneca, Pfizer/BioNTech",5543790,4596596,10140386
2021-07-25,"Johnson&Johnson, Moderna, Oxford/AstraZeneca, Pfizer/BioNTech",5550390,4618684,10169074
2021-07-26,"Johnson&Johnson, Moderna, Oxford/AstraZeneca, Pfizer/BioNTech",5573904,4667267,10241171
2021-07-27,"Johnson&Johnson, Moderna, Oxford/AstraZeneca, Pfizer/BioNTech",5596624,4713821,10310445
2021-07-28,"Johnson&Johnson, Moderna, Oxford/AstraZeneca, Pfizer/BioNTech",5617853,4759710,10377563
2021-07-29,"Johnson&Johnson, Moderna, Oxford/AstraZeneca, Pfizer/BioNTech",5639153,4801573,10440726
2021-07-30,"Johnson&Johnson, Moderna, Oxford/AstraZeneca, Pfizer/BioNTech",5662413,4844041,10506454
2021-07-31,"Johnson&Johnson, Moderna, Oxford/AstraZeneca, Pfizer/BioNTech",5671325,4863535,10534860
2021-08-01,"Johnson&Johnson, Moderna, Oxford/AstraZeneca, Pfizer/BioNTech",5678037,4879668,10557705
2021-08-02,"Johnson&Johnson, Moderna, Oxford/AstraZeneca, Pfizer/BioNTech",5696649,4917151,10613800
2021-08-03,"Johnson&Johnson, Moderna, Oxford/AstraZeneca, Pfizer/BioNTech",5714268,4955180,10669448
2021-08-04,"Johnson&Johnson, Moderna, Oxford/AstraZeneca, Pfizer/BioNTech",5730342,4991838,10722180
2021-08-05,"Johnson&Johnson, Moderna, Oxford/AstraZeneca, Pfizer/BioNTech",5746349,5032233,10778582
2021-08-06,"Johnson&Johnson, Moderna, Oxford/AstraZeneca, Pfizer/BioNTech",5763118,5075441,10838559
2021-08-07,"Johnson&Johnson, Moderna, Oxford/AstraZeneca, Pfizer/BioNTech",5768699,5093571,10862270
2021-08-08,"Johnson&Johnson, Moderna, Oxford/AstraZeneca, Pfizer/BioNTech",5773046,5109294,10882340
2021-08-09,"Johnson&Johnson, Moderna, Oxford/AstraZeneca, Pfizer/BioNTech",5785676,5154288,10939964
2021-08-10,"Johnson&Johnson, Moderna, Oxford/AstraZeneca, Pfizer/BioNTech",5797498,5193799,10991297
2021-08-11,"Johnson&Johnson, Moderna, Oxford/AstraZeneca, Pfizer/BioNTech",5808845,5236875,11045720
2021-08-12,"Johnson&Johnson, Moderna, Oxford/AstraZeneca, Pfizer/BioNTech",5820246,5273943,11094189
2021-08-13,"Johnson&Johnson, Moderna, Oxford/AstraZeneca, Pfizer/BioNTech",5830946,5314210,11145156
2021-08-14,"Johnson&Johnson, Moderna, Oxford/AstraZeneca, Pfizer/BioNTech",5834280,5324886,11159166
2021-08-15,"Johnson&Johnson, Moderna, Oxford/AstraZeneca, Pfizer/BioNTech",5836854,5335238,11172092
2021-08-16,"Johnson&Johnson, Moderna, Oxford/AstraZeneca, Pfizer/BioNTech",5846624,5369256,11215880
2021-08-17,"Johnson&Johnson, Moderna, Oxford/AstraZeneca, Pfizer/BioNTech",5856209,5396304,11252513
2021-08-18,"Johnson&Johnson, Moderna, Oxford/AstraZeneca, Pfizer/BioNTech",5865573,5435128,11300701
2021-08-19,"Johnson&Johnson, Moderna, Oxford/AstraZeneca, Pfizer/BioNTech",5875231,5473435,11348666
2021-08-20,"Johnson&Johnson, Moderna, Oxford/AstraZeneca, Pfizer/BioNTech",5886571,5513580,11400151
2021-08-21,"Johnson&Johnson, Moderna, Oxford/AstraZeneca, Pfizer/BioNTech",5889281,5526311,11415592
2021-08-22,"Johnson&Johnson, Moderna, Oxford/AstraZeneca, Pfizer/BioNTech",5891618,5538260,11429878
2021-08-23,"Johnson&Johnson, Moderna, Oxford/AstraZeneca, Pfizer/BioNTech",5902142,5577471,11479613
2021-08-24,"Johnson&Johnson, Moderna, Oxford/AstraZeneca, Pfizer/BioNTech",5911999,5610676,11522675
2021-08-25,"Johnson&Johnson, Moderna, Oxford/AstraZeneca, Pfizer/BioNTech",5920849,5639000,11559849
2021-08-26,"Johnson&Johnson, Moderna, Oxford/AstraZeneca, Pfizer/BioNTech",5929287,5665088,11594375
2021-08-27,"Johnson&Johnson, Moderna, Oxford/AstraZeneca, Pfizer/BioNTech",5939593,5690995,11630588
2021-08-28,"Johnson&Johnson, Moderna, Oxford/AstraZeneca, Pfizer/BioNTech",5942307,5698017,11640324
2021-08-29,"Johnson&Johnson, Moderna, Oxford/AstraZeneca, Pfizer/BioNTech",5944708,5704624,11649332
2021-08-30,"Johnson&Johnson, Moderna, Oxford/AstraZeneca, Pfizer/BioNTech",5953222,5726457,11679679
2021-08-31,"Johnson&Johnson, Moderna, Oxford/AstraZeneca, Pfizer/BioNTech",5960871,5744506,11705377
2021-09-01,"Johnson&Johnson, Moderna, Oxford/AstraZeneca, Pfizer/BioNTech",5966749,5758475,11725224
2021-09-02,"Johnson&Johnson, Moderna, Oxford/AstraZeneca, Pfizer/BioNTech",5973565,5772833,11746398
2021-09-03,"Johnson&Johnson, Moderna, Oxford/AstraZeneca, Pfizer/BioNTech",5983108,5788509,11771617
2021-09-04,"Johnson&Johnson, Moderna, Oxford/AstraZeneca, Pfizer/BioNTech",5985167,5792052,11777219
2021-09-05,"Johnson&Johnson, Moderna, Oxford/AstraZeneca, Pfizer/BioNTech",5987198,5794884,11782082
2021-09-06,"Johnson&Johnson, Moderna, Oxford/AstraZeneca, Pfizer/BioNTech",5993397,5807377,11800774
2021-09-07,"Johnson&Johnson, Moderna, Oxford/AstraZeneca, Pfizer/BioNTech",5997753,5818452,11816205
2021-09-08,"Johnson&Johnson, Moderna, Oxford/AstraZeneca, Pfizer/BioNTech",6003401,5828274,11831675
2021-09-09,"Johnson&Johnson, Moderna, Oxford/AstraZeneca, Pfizer/BioNTech",6010047,5838318,11848365
2021-09-10,"Johnson&Johnson, Moderna, Oxford/AstraZeneca, Pfizer/BioNTech",6017693,5850471,11868164
2021-09-11,"Johnson&Johnson, Moderna, Oxford/AstraZeneca, Pfizer/BioNTech",6019551,5852940,11872491
2021-09-12,"Johnson&Johnson, Moderna, Oxford/AstraZeneca, Pfizer/BioNTech",6020663,5854560,11875223
2021-09-13,"Johnson&Johnson, Moderna, Oxford/AstraZeneca, Pfizer/BioNTech",6026076,5864812,11890888
2021-09-14,"Johnson&Johnson, Moderna, Oxford/AstraZeneca, Pfizer/BioNTech",6031444,5873805,11905249
2021-09-15,"Johnson&Johnson, Moderna, Oxford/AstraZeneca, Pfizer/BioNTech",6036626,5882312,11918938
2021-09-16,"Johnson&Johnson, Moderna, Oxford/AstraZeneca, Pfizer/BioNTech",6041953,5890561,11932514
2021-09-17,"Johnson&Johnson, Moderna, Oxford/AstraZeneca, Pfizer/BioNTech",6048496,5900757,11949253
2021-09-18,"Johnson&Johnson, Moderna, Oxford/AstraZeneca, Pfizer/BioNTech",6050218,5903103,11953321
2021-09-19,"Johnson&Johnson, Moderna, Oxford/AstraZeneca, Pfizer/BioNTech",6051157,5904666,11955823
2021-09-20,"Johnson&Johnson, Moderna, Oxford/AstraZeneca, Pfizer/BioNTech",6055149,5912848,11967997
2021-09-21,"Johnson&Johnson, Moderna, Oxford/AstraZeneca, Pfizer/BioNTech",6059332,5920369,11979701
2021-09-22,"Johnson&Johnson, Moderna, Oxford/AstraZeneca, Pfizer/BioNTech",6063493,5925873,11989366
2021-09-23,"Johnson&Johnson, Moderna, Oxford/AstraZeneca, Pfizer/BioNTech",6068457,5932272,12000729
2021-09-24,"Johnson&Johnson, Moderna, Oxford/AstraZeneca, Pfizer/BioNTech",6074201,5941874,12016075
2021-09-25,"Johnson&Johnson, Moderna, Pfizer/BioNTech",6075690,5943857,12019547
2021-09-26,"Johnson&Johnson, Moderna, Pfizer/BioNTech",6076428,5945481,12021909
2021-09-27,"Johnson&Johnson, Moderna, Oxford/AstraZeneca, Pfizer/BioNTech",6080286,5951958,12032244
2021-09-28,"Johnson&Johnson, Moderna, Pfizer/BioNTech",6080643,5952557,12033200
2021-09-29,"Johnson&Johnson, Moderna, Oxford/AstraZeneca, Pfizer/BioNTech",6084411,5959991,12044402
2021-09-30,"Johnson&Johnson, Moderna, Oxford/AstraZeneca, Pfizer/BioNTech",6088899,5967654,12056553
2021-10-01,"Johnson&Johnson, Moderna, Oxford/AstraZeneca, Pfizer/BioNTech",6093158,5975596,12068754
2021-10-02,"Johnson&Johnson, Moderna, Pfizer/BioNTech",6094201,5977125,12071326
2021-10-03,"Johnson&Johnson, Moderna, Pfizer/BioNTech",6094905,5977986,12072891
2021-10-04,"Johnson&Johnson, Moderna, Oxford/AstraZeneca, Pfizer/BioNTech",6097958,5983545,12081503
2021-10-05,"Johnson&Johnson, Moderna, Oxford/AstraZeneca, Pfizer/BioNTech",6101046,5988601,12089647
2021-10-06,"Johnson&Johnson, Moderna, Oxford/AstraZeneca, Pfizer/BioNTech",6104535,5993750,12098285
2021-10-07,"Johnson&Johnson, Moderna, Oxford/AstraZeneca, Pfizer/BioNTech",6107784,5998987,12106771
2021-10-08,"Johnson&Johnson, Moderna, Oxford/AstraZeneca, Pfizer/BioNTech",6112551,6005598,12118149
2021-10-09,"Johnson&Johnson, Moderna, Pfizer/BioNTech",6113784,6007244,12121028
2021-10-10,"Johnson&Johnson, Moderna, Oxford/AstraZeneca, Pfizer/BioNTech",6114724,6008072,12122796
2021-10-11,"Johnson&Johnson, Moderna, Oxford/AstraZeneca, Pfizer/BioNTech",6117631,6012464,12130095
2021-10-12,"Johnson&Johnson, Moderna, Oxford/AstraZeneca, Pfizer/BioNTech",6120440,6016409,12136849
2021-10-13,"Johnson&Johnson, Moderna, Oxford/AstraZeneca, Pfizer/BioNTech",6123923,6020570,12144493
2021-10-14,"Johnson&Johnson, Moderna, Oxford/AstraZeneca, Pfizer/BioNTech",6127570,6025505,12153075
2021-10-15,"Johnson&Johnson, Moderna, Oxford/AstraZeneca, Pfizer/BioNTech",6132703,6031633,12164336
2021-10-16,"Johnson&Johnson, Moderna, Oxford/AstraZeneca, Pfizer/BioNTech",6134072,6033146,12167218
2021-10-17,"Johnson&Johnson, Moderna, Pfizer/BioNTech",6135391,6034197,12169588
2021-10-18,"Johnson&Johnson, Moderna, Oxford/AstraZeneca, Pfizer/BioNTech",6139392,6038282,12177674
2021-10-19,"Johnson&Johnson, Moderna, Oxford/AstraZeneca, Pfizer/BioNTech",6142871,6040360,12183231
2021-10-20,"Johnson&Johnson, Moderna, Oxford/AstraZeneca, Pfizer/BioNTech",6147653,6044793,12192446
2021-10-21,"Johnson&Johnson, Moderna, Oxford/AstraZeneca, Pfizer/BioNTech",6155260,6050377,12205637
2021-10-22,"Johnson&Johnson, Moderna, Oxford/AstraZeneca, Pfizer/BioNTech",6165608,6056865,12222473
2021-10-23,"Johnson&Johnson, Moderna, Pfizer/BioNTech",6169259,6059063,12228322
2021-10-24,"Johnson&Johnson, Moderna, Pfizer/BioNTech",6171939,6060834,12232773
2021-10-25,"Johnson&Johnson, Moderna, Oxford/AstraZeneca, Pfizer/BioNTech",6182289,6066622,12248911
2021-10-26,"Johnson&Johnson, Moderna, Oxford/AstraZeneca, Pfizer/BioNTech",6194028,6073119,12267147
2021-10-27,"Johnson&Johnson, Moderna, Oxford/AstraZeneca, Pfizer/BioNTech",6208451,6080501,12288952
2021-10-28,"Johnson&Johnson, Moderna, Pfizer/BioNTech",6211793,6082164,12293957
2021-10-29,"Johnson&Johnson, Moderna, Oxford/AstraZeneca, Pfizer/BioNTech",6226100,6090107,12316207
2021-10-30,"Johnson&Johnson, Moderna, Pfizer/BioNTech",6230615,6093012,12323627
2021-10-31,"Johnson&Johnson, Moderna, Oxford/AstraZeneca, Pfizer/BioNTech",6234353,6095470,12329823
2021-11-01,"Johnson&Johnson, Moderna, Oxford/AstraZeneca, Pfizer/BioNTech",6249315,6103122,12352437
2021-11-02,"Johnson&Johnson, Moderna, Oxford/AstraZeneca, Pfizer/BioNTech",6264525,6110586,12375111
2021-11-03,"Johnson&Johnson, Moderna, Oxford/AstraZeneca, Pfizer/BioNTech",6281521,6117846,12399367
2021-11-04,"Johnson&Johnson, Moderna, Oxford/AstraZeneca, Pfizer/BioNTech",6299649,6125964,12425613
2021-11-05,"Johnson&Johnson, Moderna, Oxford/AstraZeneca, Pfizer/BioNTech",6322263,6137174,12459437
2021-11-06,"Johnson&Johnson, Moderna, Oxford/AstraZeneca, Pfizer/BioNTech",6328682,6140191,12468873
2021-11-07,"Johnson&Johnson, Moderna, Oxford/AstraZeneca, Pfizer/BioNTech",6332668,6142618,12475286
2021-11-08,"Johnson&Johnson, Moderna, Oxford/AstraZeneca, Pfizer/BioNTech",6348754,6150207,12498961
2021-11-09,"Johnson&Johnson, Moderna, Oxford/AstraZeneca, Pfizer/BioNTech",6363299,6157351,12520650
2021-11-10,"Johnson&Johnson, Moderna, Oxford/AstraZeneca, Pfizer/BioNTech",6378803,6164595,12543398
2021-11-11,"Johnson&Johnson, Moderna, Oxford/AstraZeneca, Pfizer/BioNTech",6394014,6173545,12567559
2021-11-12,"Johnson&Johnson, Moderna, Oxford/AstraZeneca, Pfizer/BioNTech",6413300,6185992,12599292
2021-11-13,"Johnson&Johnson, Moderna, Oxford/AstraZeneca, Pfizer/BioNTech",6418603,6189799,12608402
2021-11-14,"Johnson&Johnson, Moderna, Oxford/AstraZeneca, Pfizer/BioNTech",6422411,6192738,12615149
2021-11-15,"Johnson&Johnson, Moderna, Oxford/AstraZeneca, Pfizer/BioNTech",6437156,6203030,12640186
2021-11-16,"Johnson&Johnson, Moderna, Oxford/AstraZeneca, Pfizer/BioNTech",6454297,6214534,12668831
2021-11-17,"Johnson&Johnson, Moderna, Oxford/AstraZeneca, Pfizer/BioNTech",6458235,6217859,12676094
2021-11-18,"Johnson&Johnson, Moderna, Oxford/AstraZeneca, Pfizer/BioNTech",6477127,6229177,12706304
2021-11-19,"Johnson&Johnson, Moderna, Oxford/AstraZeneca, Pfizer/BioNTech",6500590,6245169,12745759
2021-11-20,"Johnson&Johnson, Moderna, Oxford/AstraZeneca, Pfizer/BioNTech",6508591,6249614,12758205
2021-11-21,"Johnson&Johnson, Moderna, Oxford/AstraZeneca, Pfizer/BioNTech",6514650,6252689,12767339
