date,vaccine,people_vaccinated,people_fully_vaccinated,total_vaccinations
2020-12-27,Pfizer/BioNTech,1270,0,1270
2020-12-28,Pfizer/BioNTech,3573,0,3573
2020-12-29,Pfizer/BioNTech,7031,0,7031
2020-12-30,Pfizer/BioNTech,10533,0,10533
2020-12-31,Pfizer/BioNTech,11838,0,11838
2021-01-01,"Moderna, Pfizer/BioNTech",12104,0,12104
2021-01-02,Pfizer/BioNTech,13378,0,13378
2021-01-03,Pfizer/BioNTech,14299,0,14299
2021-01-04,"Moderna, Pfizer/BioNTech",17894,0,17894
2021-01-05,"Moderna, Pfizer/BioNTech",22400,0,22400
2021-01-06,Pfizer/BioNTech,28241,0,28241
2021-01-07,"Moderna, Pfizer/BioNTech",36218,0,36218
2021-01-08,Pfizer/BioNTech,46215,0,46215
2021-01-09,"Moderna, Pfizer/BioNTech",48235,0,48235
2021-01-10,Pfizer/BioNTech,49993,2,49995
2021-01-11,Pfizer/BioNTech,59817,4,59821
2021-01-12,Pfizer/BioNTech,73225,6,73231
2021-01-13,Pfizer/BioNTech,86737,6,86743
2021-01-14,"Moderna, Pfizer/BioNTech",101930,8,101938
2021-01-15,"Moderna, Pfizer/BioNTech",115909,8,115917
2021-01-16,"Moderna, Pfizer/BioNTech",119288,11,119299
2021-01-17,"Moderna, Pfizer/BioNTech",121892,650,122542
2021-01-18,"Moderna, Pfizer/BioNTech",134367,2471,136838
2021-01-19,"Moderna, Pfizer/BioNTech",146928,5188,152116
2021-01-20,"Moderna, Pfizer/BioNTech",160571,7834,168405
2021-01-21,"Moderna, Pfizer/BioNTech",176189,9571,185760
2021-01-22,"Moderna, Pfizer/BioNTech",191033,10616,201649
2021-01-23,"Moderna, Pfizer/BioNTech",194332,11488,205820
2021-01-24,"Moderna, Pfizer/BioNTech",196580,12358,208938
2021-01-25,"Moderna, Pfizer/BioNTech",206205,15328,221533
2021-01-26,"Moderna, Pfizer/BioNTech",216737,19299,236036
2021-01-27,"Moderna, Pfizer/BioNTech",225755,23820,249575
2021-01-28,"Moderna, Pfizer/BioNTech",232830,29939,262769
2021-01-29,"Moderna, Pfizer/BioNTech",239025,37820,276845
2021-01-30,"Moderna, Pfizer/BioNTech",239755,38907,278662
2021-01-31,"Moderna, Pfizer/BioNTech",240464,40087,280551
2021-02-01,"Moderna, Pfizer/BioNTech",244428,48012,292440
2021-02-02,"Moderna, Pfizer/BioNTech",248555,58228,306783
2021-02-03,"Moderna, Pfizer/BioNTech",252964,69212,322176
2021-02-04,"Moderna, Pfizer/BioNTech",257854,82161,340015
2021-02-05,"Moderna, Pfizer/BioNTech",263303,92809,356112
2021-02-06,"Moderna, Pfizer/BioNTech",264144,95158,359302
2021-02-07,"Moderna, Pfizer/BioNTech",264991,97645,362636
2021-02-08,"Moderna, Oxford/AstraZeneca, Pfizer/BioNTech",269056,109028,378084
2021-02-09,"Moderna, Oxford/AstraZeneca, Pfizer/BioNTech",274139,120944,395083
2021-02-10,"Moderna, Pfizer/BioNTech",279630,134154,413784
2021-02-11,"Moderna, Oxford/AstraZeneca, Pfizer/BioNTech",285933,150330,436263
2021-02-12,"Moderna, Oxford/AstraZeneca, Pfizer/BioNTech",292676,165018,457694
2021-02-13,"Moderna, Oxford/AstraZeneca, Pfizer/BioNTech",294266,167998,462264
2021-02-14,"Moderna, Oxford/AstraZeneca, Pfizer/BioNTech",295257,169376,464633
2021-02-15,"Moderna, Oxford/AstraZeneca, Pfizer/BioNTech",301650,178708,480358
2021-02-16,"Moderna, Oxford/AstraZeneca, Pfizer/BioNTech",310357,187760,498117
2021-02-17,"Moderna, Oxford/AstraZeneca, Pfizer/BioNTech",320040,196049,516089
2021-02-18,"Moderna, Oxford/AstraZeneca, Pfizer/BioNTech",332342,204090,536432
2021-02-19,"Moderna, Oxford/AstraZeneca, Pfizer/BioNTech",344186,211409,555595
2021-02-20,"Moderna, Oxford/AstraZeneca, Pfizer/BioNTech",346167,212585,558752
2021-02-21,"Moderna, Oxford/AstraZeneca, Pfizer/BioNTech",347279,213600,560879
2021-02-22,"Moderna, Oxford/AstraZeneca, Pfizer/BioNTech",357395,219605,577000
2021-02-23,"Moderna, Oxford/AstraZeneca, Pfizer/BioNTech",370324,226565,596889
2021-02-24,"Moderna, Oxford/AstraZeneca, Pfizer/BioNTech",384183,232584,616767
2021-02-25,"Moderna, Oxford/AstraZeneca, Pfizer/BioNTech",402134,238116,640250
2021-02-26,"Moderna, Oxford/AstraZeneca, Pfizer/BioNTech",418287,243442,661729
2021-02-27,"Moderna, Oxford/AstraZeneca, Pfizer/BioNTech",421293,243992,665285
2021-02-28,"Moderna, Oxford/AstraZeneca, Pfizer/BioNTech",423636,244537,668173
2021-03-01,"Moderna, Oxford/AstraZeneca, Pfizer/BioNTech",443170,247963,691133
2021-03-02,"Moderna, Oxford/AstraZeneca, Pfizer/BioNTech",470369,251498,721867
2021-03-03,"Moderna, Oxford/AstraZeneca, Pfizer/BioNTech",501197,255985,757182
2021-03-04,"Moderna, Oxford/AstraZeneca, Pfizer/BioNTech",534401,260648,795049
2021-03-05,"Johnson&Johnson, Moderna, Oxford/AstraZeneca, Pfizer/BioNTech",563186,266046,829232
2021-03-06,"Johnson&Johnson, Moderna, Oxford/AstraZeneca, Pfizer/BioNTech",575312,266892,842204
2021-03-07,"Johnson&Johnson, Moderna, Oxford/AstraZeneca, Pfizer/BioNTech",586829,267725,854554
2021-03-08,"Johnson&Johnson, Moderna, Oxford/AstraZeneca, Pfizer/BioNTech",616508,272553,889061
2021-03-09,"Johnson&Johnson, Moderna, Oxford/AstraZeneca, Pfizer/BioNTech",652764,278913,931677
2021-03-10,"Moderna, Oxford/AstraZeneca, Pfizer/BioNTech",694015,285844,979859
2021-03-11,"Johnson&Johnson, Moderna, Oxford/AstraZeneca, Pfizer/BioNTech",738798,294194,1032992
2021-03-12,"Johnson&Johnson, Moderna, Oxford/AstraZeneca, Pfizer/BioNTech",777563,302640,1080203
2021-03-13,"Moderna, Oxford/AstraZeneca, Pfizer/BioNTech",794611,303929,1098540
2021-03-14,"Moderna, Oxford/AstraZeneca, Pfizer/BioNTech",806704,305064,1111768
2021-03-15,"Moderna, Oxford/AstraZeneca, Pfizer/BioNTech",835056,313832,1148888
2021-03-16,"Johnson&Johnson, Moderna, Oxford/AstraZeneca, Pfizer/BioNTech",873892,324348,1198240
2021-03-17,"Moderna, Oxford/AstraZeneca, Pfizer/BioNTech",911330,334832,1246162
2021-03-18,"Johnson&Johnson, Moderna, Oxford/AstraZeneca, Pfizer/BioNTech",949265,347224,1296489
2021-03-19,"Moderna, Oxford/AstraZeneca, Pfizer/BioNTech",983703,360811,1344514
2021-03-20,"Johnson&Johnson, Moderna, Oxford/AstraZeneca, Pfizer/BioNTech",998817,362825,1361642
2021-03-21,"Johnson&Johnson, Moderna, Oxford/AstraZeneca, Pfizer/BioNTech",1006207,364369,1370576
2021-03-22,"Johnson&Johnson, Moderna, Oxford/AstraZeneca, Pfizer/BioNTech",1030717,376855,1407572
2021-03-23,"Johnson&Johnson, Moderna, Oxford/AstraZeneca, Pfizer/BioNTech",1057310,390185,1447495
2021-03-24,"Johnson&Johnson, Moderna, Oxford/AstraZeneca, Pfizer/BioNTech",1084129,405890,1490019
2021-03-25,"Moderna, Oxford/AstraZeneca, Pfizer/BioNTech",1110418,423716,1534134
2021-03-26,"Moderna, Oxford/AstraZeneca, Pfizer/BioNTech",1135186,441192,1576378
2021-03-27,"Johnson&Johnson, Moderna, Oxford/AstraZeneca, Pfizer/BioNTech",1143601,446023,1589624
2021-03-28,"Moderna, Oxford/AstraZeneca, Pfizer/BioNTech",1149128,450154,1599282
2021-03-29,"Johnson&Johnson, Moderna, Oxford/AstraZeneca, Pfizer/BioNTech",1168202,470843,1639045
2021-03-30,"Johnson&Johnson, Moderna, Oxford/AstraZeneca, Pfizer/BioNTech",1192862,493000,1685862
2021-03-31,"Johnson&Johnson, Moderna, Oxford/AstraZeneca, Pfizer/BioNTech",1215917,520034,1735951
2021-04-01,"Johnson&Johnson, Moderna, Oxford/AstraZeneca, Pfizer/BioNTech",1241483,552052,1793535
2021-04-02,"Johnson&Johnson, Moderna, Oxford/AstraZeneca, Pfizer/BioNTech",1248371,564830,1813201
2021-04-03,"Johnson&Johnson, Moderna, Oxford/AstraZeneca, Pfizer/BioNTech",1251965,575734,1827699
2021-04-04,"Johnson&Johnson, Moderna, Oxford/AstraZeneca, Pfizer/BioNTech",1254454,584628,1839082
2021-04-05,"Johnson&Johnson, Moderna, Oxford/AstraZeneca, Pfizer/BioNTech",1256823,591797,1848620
2021-04-06,"Johnson&Johnson, Moderna, Oxford/AstraZeneca, Pfizer/BioNTech",1272909,621011,1893920
2021-04-07,"Johnson&Johnson, Moderna, Oxford/AstraZeneca, Pfizer/BioNTech",1296270,643199,1939469
2021-04-08,"Johnson&Johnson, Moderna, Oxford/AstraZeneca, Pfizer/BioNTech",1334901,674187,2009088
2021-04-09,"Johnson&Johnson, Moderna, Oxford/AstraZeneca, Pfizer/BioNTech",1374369,704345,2078714
2021-04-10,"Johnson&Johnson, Moderna, Oxford/AstraZeneca, Pfizer/BioNTech",1389812,719618,2109430
2021-04-11,"Johnson&Johnson, Moderna, Oxford/AstraZeneca, Pfizer/BioNTech",1399555,729632,2129187
2021-04-12,"Johnson&Johnson, Moderna, Oxford/AstraZeneca, Pfizer/BioNTech",1437766,754718,2192484
2021-04-13,"Moderna, Oxford/AstraZeneca, Pfizer/BioNTech",1473965,780710,2254675
2021-04-14,"Moderna, Oxford/AstraZeneca, Pfizer/BioNTech",1512730,808038,2320768
2021-04-15,"Moderna, Oxford/AstraZeneca, Pfizer/BioNTech",1560473,833725,2394198
2021-04-16,"Moderna, Oxford/AstraZeneca, Pfizer/BioNTech",1605073,859324,2464397
2021-04-17,"Moderna, Oxford/AstraZeneca, Pfizer/BioNTech",1621729,868334,2490063
2021-04-18,"Moderna, Oxford/AstraZeneca, Pfizer/BioNTech",1634687,873308,2507995
2021-04-19,"Moderna, Oxford/AstraZeneca, Pfizer/BioNTech",1678648,888739,2567387
2021-04-20,"Johnson&Johnson, Moderna, Oxford/AstraZeneca, Pfizer/BioNTech",1721158,904582,2625740
2021-04-21,"Moderna, Oxford/AstraZeneca, Pfizer/BioNTech",1768851,918863,2687714
2021-04-22,"Johnson&Johnson, Moderna, Oxford/AstraZeneca, Pfizer/BioNTech",1823299,936220,2759519
2021-04-23,"Johnson&Johnson, Moderna, Oxford/AstraZeneca, Pfizer/BioNTech",1873214,948249,2821463
2021-04-24,"Johnson&Johnson, Moderna, Oxford/AstraZeneca, Pfizer/BioNTech",1891021,953478,2844499
2021-04-25,"Johnson&Johnson, Moderna, Oxford/AstraZeneca, Pfizer/BioNTech",1905689,957460,2863149
2021-04-26,"Johnson&Johnson, Moderna, Oxford/AstraZeneca, Pfizer/BioNTech",1955250,964998,2920248
2021-04-27,"Johnson&Johnson, Moderna, Oxford/AstraZeneca, Pfizer/BioNTech",2004201,977189,2981390
2021-04-28,"Johnson&Johnson, Moderna, Oxford/AstraZeneca, Pfizer/BioNTech",2062919,991149,3054068
2021-04-29,"Johnson&Johnson, Moderna, Oxford/AstraZeneca, Pfizer/BioNTech",2128454,1006991,3135445
2021-04-30,"Johnson&Johnson, Moderna, Oxford/AstraZeneca, Pfizer/BioNTech",2190637,1016907,3207544
2021-05-01,"Johnson&Johnson, Moderna, Oxford/AstraZeneca, Pfizer/BioNTech",2209927,1020322,3230249
2021-05-02,"Johnson&Johnson, Moderna, Oxford/AstraZeneca, Pfizer/BioNTech",2228819,1022570,3251389
2021-05-03,"Johnson&Johnson, Moderna, Oxford/AstraZeneca, Pfizer/BioNTech",2296038,1027614,3323652
2021-05-04,"Johnson&Johnson, Moderna, Oxford/AstraZeneca, Pfizer/BioNTech",2362499,1035908,3398407
2021-05-05,"Johnson&Johnson, Moderna, Oxford/AstraZeneca, Pfizer/BioNTech",2435615,1045269,3480884
2021-05-06,"Johnson&Johnson, Moderna, Oxford/AstraZeneca, Pfizer/BioNTech",2515975,1055934,3571909
2021-05-07,"Johnson&Johnson, Moderna, Oxford/AstraZeneca, Pfizer/BioNTech",2593235,1065984,3659219
2021-05-08,"Johnson&Johnson, Moderna, Oxford/AstraZeneca, Pfizer/BioNTech",2622632,1067717,3690349
2021-05-09,"Johnson&Johnson, Moderna, Oxford/AstraZeneca, Pfizer/BioNTech",2646799,1068904,3715703
2021-05-10,"Johnson&Johnson, Moderna, Oxford/AstraZeneca, Pfizer/BioNTech",2719525,1076078,3795603
2021-05-11,"Johnson&Johnson, Moderna, Oxford/AstraZeneca, Pfizer/BioNTech",2795589,1084843,3880432
2021-05-12,"Johnson&Johnson, Moderna, Oxford/AstraZeneca, Pfizer/BioNTech",2875404,1093880,3969284
2021-05-13,"Johnson&Johnson, Moderna, Oxford/AstraZeneca, Pfizer/BioNTech",2959393,1103004,4062397
2021-05-14,"Johnson&Johnson, Moderna, Oxford/AstraZeneca, Pfizer/BioNTech",3038786,1110727,4149513
2021-05-15,"Johnson&Johnson, Moderna, Oxford/AstraZeneca, Pfizer/BioNTech",3070620,1112915,4183535
2021-05-16,"Johnson&Johnson, Moderna, Oxford/AstraZeneca, Pfizer/BioNTech",3096363,1114153,4210516
2021-05-17,"Johnson&Johnson, Moderna, Oxford/AstraZeneca, Pfizer/BioNTech",3168841,1120832,4289673
2021-05-18,"Johnson&Johnson, Moderna, Oxford/AstraZeneca, Pfizer/BioNTech",3240742,1133814,4374556
2021-05-19,"Johnson&Johnson, Moderna, Oxford/AstraZeneca, Pfizer/BioNTech",3318177,1148899,4467076
2021-05-20,"Johnson&Johnson, Moderna, Oxford/AstraZeneca, Pfizer/BioNTech",3393581,1175858,4569439
2021-05-21,"Johnson&Johnson, Moderna, Oxford/AstraZeneca, Pfizer/BioNTech",3462326,1203531,4665857
2021-05-22,"Johnson&Johnson, Moderna, Oxford/AstraZeneca, Pfizer/BioNTech",3494653,1214663,4709316
2021-05-23,"Johnson&Johnson, Moderna, Oxford/AstraZeneca, Pfizer/BioNTech",3516955,1223664,4740619
2021-05-24,"Johnson&Johnson, Moderna, Oxford/AstraZeneca, Pfizer/BioNTech",3564025,1257256,4821281
2021-05-25,"Johnson&Johnson, Moderna, Oxford/AstraZeneca, Pfizer/BioNTech",3615855,1292993,4908848
2021-05-26,"Johnson&Johnson, Moderna, Oxford/AstraZeneca, Pfizer/BioNTech",3683574,1330463,5014037
2021-05-27,"Johnson&Johnson, Moderna, Oxford/AstraZeneca, Pfizer/BioNTech",3744920,1377722,5122642
2021-05-28,"Johnson&Johnson, Moderna, Oxford/AstraZeneca, Pfizer/BioNTech",3806581,1424201,5230782
2021-05-29,"Johnson&Johnson, Moderna, Oxford/AstraZeneca, Pfizer/BioNTech",3835723,1441267,5276990
2021-05-30,"Johnson&Johnson, Moderna, Oxford/AstraZeneca, Pfizer/BioNTech",3858061,1455669,5313730
2021-05-31,"Johnson&Johnson, Moderna, Oxford/AstraZeneca, Pfizer/BioNTech",3913772,1503157,5416929
2021-06-01,"Johnson&Johnson, Moderna, Oxford/AstraZeneca, Pfizer/BioNTech",3972779,1551910,5524689
2021-06-02,"Johnson&Johnson, Moderna, Oxford/AstraZeneca, Pfizer/BioNTech",4035642,1605796,5641438
2021-06-03,"Johnson&Johnson, Moderna, Oxford/AstraZeneca, Pfizer/BioNTech",4093858,1665931,5759789
2021-06-04,"Johnson&Johnson, Moderna, Oxford/AstraZeneca, Pfizer/BioNTech",4156926,1723233,5880159
2021-06-05,"Johnson&Johnson, Moderna, Oxford/AstraZeneca, Pfizer/BioNTech",4191052,1741999,5933051
2021-06-06,"Johnson&Johnson, Moderna, Oxford/AstraZeneca, Pfizer/BioNTech",4217952,1757086,5975038
2021-06-07,"Johnson&Johnson, Moderna, Oxford/AstraZeneca, Pfizer/BioNTech",4281619,1812639,6094258
2021-06-08,"Johnson&Johnson, Moderna, Oxford/AstraZeneca, Pfizer/BioNTech",4345577,1867533,6213110
2021-06-09,"Johnson&Johnson, Moderna, Oxford/AstraZeneca, Pfizer/BioNTech",4404749,1931859,6336608
2021-06-10,"Johnson&Johnson, Moderna, Oxford/AstraZeneca, Pfizer/BioNTech",4458623,2002849,6461472
2021-06-11,"Johnson&Johnson, Moderna, Oxford/AstraZeneca, Pfizer/BioNTech",4510708,2072456,6583164
2021-06-12,"Johnson&Johnson, Moderna, Oxford/AstraZeneca, Pfizer/BioNTech",4542684,2093181,6635865
2021-06-13,"Johnson&Johnson, Moderna, Oxford/AstraZeneca, Pfizer/BioNTech",4566689,2111530,6678219
2021-06-14,"Johnson&Johnson, Moderna, Oxford/AstraZeneca, Pfizer/BioNTech",4609709,2185813,6795522
2021-06-15,"Johnson&Johnson, Moderna, Oxford/AstraZeneca, Pfizer/BioNTech",4654336,2258049,6912385
2021-06-16,"Johnson&Johnson, Moderna, Oxford/AstraZeneca, Pfizer/BioNTech",4697061,2336145,7033206
2021-06-17,"Johnson&Johnson, Moderna, Oxford/AstraZeneca, Pfizer/BioNTech",4736428,2419085,7155513
2021-06-18,"Johnson&Johnson, Moderna, Oxford/AstraZeneca, Pfizer/BioNTech",4778804,2499458,7278262
2021-06-19,"Johnson&Johnson, Moderna, Oxford/AstraZeneca, Pfizer/BioNTech",4800537,2528665,7329202
2021-06-20,"Johnson&Johnson, Moderna, Oxford/AstraZeneca, Pfizer/BioNTech",4817896,2552421,7370317
2021-06-21,"Johnson&Johnson, Moderna, Oxford/AstraZeneca, Pfizer/BioNTech",4850401,2630885,7481286
2021-06-22,"Johnson&Johnson, Moderna, Oxford/AstraZeneca, Pfizer/BioNTech",4883350,2713028,7596378
2021-06-23,"Johnson&Johnson, Moderna, Oxford/AstraZeneca, Pfizer/BioNTech",4914992,2798141,7713133
2021-06-24,"Johnson&Johnson, Moderna, Oxford/AstraZeneca, Pfizer/BioNTech",4944820,2888064,7832884
2021-06-25,"Johnson&Johnson, Moderna, Oxford/AstraZeneca, Pfizer/BioNTech",4975853,2974072,7949925
2021-06-26,"Johnson&Johnson, Moderna, Oxford/AstraZeneca, Pfizer/BioNTech",4991702,3008803,8000505
2021-06-27,"Johnson&Johnson, Moderna, Oxford/AstraZeneca, Pfizer/BioNTech",5005642,3035384,8041026
2021-06-28,"Johnson&Johnson, Moderna, Oxford/AstraZeneca, Pfizer/BioNTech",5034060,3120462,8154522
2021-06-29,"Johnson&Johnson, Moderna, Oxford/AstraZeneca, Pfizer/BioNTech",5063305,3206834,8270139
2021-06-30,"Johnson&Johnson, Moderna, Oxford/AstraZeneca, Pfizer/BioNTech",5090801,3297678,8388479
2021-07-01,"Johnson&Johnson, Moderna, Oxford/AstraZeneca, Pfizer/BioNTech",5114746,3387589,8502335
2021-07-02,"Johnson&Johnson, Moderna, Oxford/AstraZeneca, Pfizer/BioNTech",5141460,3473279,8614739
2021-07-03,"Johnson&Johnson, Moderna, Oxford/AstraZeneca, Pfizer/BioNTech",5148529,3504721,8653250
2021-07-04,"Johnson&Johnson, Moderna, Oxford/AstraZeneca, Pfizer/BioNTech",5156070,3526474,8682544
2021-07-05,"Johnson&Johnson, Moderna, Oxford/AstraZeneca, Pfizer/BioNTech",5163413,3551782,8715195
2021-07-06,"Johnson&Johnson, Moderna, Oxford/AstraZeneca, Pfizer/BioNTech",5168801,3579342,8748143
2021-07-07,"Johnson&Johnson, Moderna, Oxford/AstraZeneca, Pfizer/BioNTech",5194583,3658199,8852782
2021-07-08,"Johnson&Johnson, Moderna, Oxford/AstraZeneca, Pfizer/BioNTech",5221161,3728407,8949568
2021-07-09,"Johnson&Johnson, Moderna, Oxford/AstraZeneca, Pfizer/BioNTech",5249058,3797554,9046612
2021-07-10,"Johnson&Johnson, Moderna, Oxford/AstraZeneca, Pfizer/BioNTech",5258391,3826108,9084499
2021-07-11,"Johnson&Johnson, Moderna, Oxford/AstraZeneca, Pfizer/BioNTech",5266905,3848947,9115852
2021-07-12,"Johnson&Johnson, Moderna, Oxford/AstraZeneca, Pfizer/BioNTech",5294428,3917944,9212372
2021-07-13,"Johnson&Johnson, Moderna, Oxford/AstraZeneca, Pfizer/BioNTech",5320619,3987716,9308335
2021-07-14,"Johnson&Johnson, Moderna, Oxford/AstraZeneca, Pfizer/BioNTech",5346447,4059598,9406045
2021-07-15,"Johnson&Johnson, Moderna, Oxford/AstraZeneca, Pfizer/BioNTech",5375645,4125498,9501143
2021-07-16,"Johnson&Johnson, Moderna, Oxford/AstraZeneca, Pfizer/BioNTech",5403568,4198092,9601660
2021-07-17,"Johnson&Johnson, Moderna, Oxford/AstraZeneca, Pfizer/BioNTech",5412318,4229466,9641784
2021-07-18,"Johnson&Johnson, Moderna, Oxford/AstraZeneca, Pfizer/BioNTech",5420752,4255425,9676177
2021-07-19,"Johnson&Johnson, Moderna, Oxford/AstraZeneca, Pfizer/BioNTech",5444084,4322355,9766439
2021-07-20,"Johnson&Johnson, Moderna, Oxford/AstraZeneca, Pfizer/BioNTech",5465457,4389300,9854757
2021-07-21,"Johnson&Johnson, Moderna, Oxford/AstraZeneca, Pfizer/BioNTech",5488890,4452644,9941534
2021-07-22,"Johnson&Johnson, Moderna, Oxford/AstraZeneca, Pfizer/BioNTech",5511225,4511156,10022381
2021-07-23,"Johnson&Johnson, Moderna, Oxford/AstraZeneca, Pfizer/BioNTech",5534392,4565780,10100172
2021-07-24,"Johnson&Johnson, Moderna, Oxford/AstraZeneca, Pfizer/BioNTech",5541686,4593368,10135054
2021-07-25,"Johnson&Johnson, Moderna, Oxford/AstraZeneca, Pfizer/BioNTech",5548283,4615361,10163644
2021-07-26,"Johnson&Johnson, Moderna, Oxford/AstraZeneca, Pfizer/BioNTech",5571780,4663911,10235691
2021-07-27,"Johnson&Johnson, Moderna, Oxford/AstraZeneca, Pfizer/BioNTech",5594470,4710424,10304894
2021-07-28,"Johnson&Johnson, Moderna, Oxford/AstraZeneca, Pfizer/BioNTech",5615687,4756291,10371978
2021-07-29,"Johnson&Johnson, Moderna, Oxford/AstraZeneca, Pfizer/BioNTech",5636964,4798120,10435084
2021-07-30,"Johnson&Johnson, Moderna, Oxford/AstraZeneca, Pfizer/BioNTech",5660219,4840566,10500785
2021-07-31,"Johnson&Johnson, Moderna, Oxford/AstraZeneca, Pfizer/BioNTech",5669136,4860050,10529186
2021-08-01,"Johnson&Johnson, Moderna, Oxford/AstraZeneca, Pfizer/BioNTech",5675843,4876174,10552017
2021-08-02,"Johnson&Johnson, Moderna, Oxford/AstraZeneca, Pfizer/BioNTech",5694434,4913633,10608067
2021-08-03,"Johnson&Johnson, Moderna, Oxford/AstraZeneca, Pfizer/BioNTech",5712034,4951646,10663680
2021-08-04,"Johnson&Johnson, Moderna, Oxford/AstraZeneca, Pfizer/BioNTech",5728090,4988283,10716373
2021-08-05,"Johnson&Johnson, Moderna, Oxford/AstraZeneca, Pfizer/BioNTech",5744077,5028652,10772729
2021-08-06,"Johnson&Johnson, Moderna, Oxford/AstraZeneca, Pfizer/BioNTech",5760832,5071815,10832647
2021-08-07,"Johnson&Johnson, Moderna, Oxford/AstraZeneca, Pfizer/BioNTech",5766401,5089929,10856330
2021-08-08,"Johnson&Johnson, Moderna, Oxford/AstraZeneca, Pfizer/BioNTech",5770747,5105646,10876393
2021-08-09,"Johnson&Johnson, Moderna, Oxford/AstraZeneca, Pfizer/BioNTech",5783361,5150622,10933983
2021-08-10,"Johnson&Johnson, Moderna, Oxford/AstraZeneca, Pfizer/BioNTech",5795159,5190098,10985257
2021-08-11,"Johnson&Johnson, Moderna, Oxford/AstraZeneca, Pfizer/BioNTech",5806496,5233152,11039648
2021-08-12,"Johnson&Johnson, Moderna, Oxford/AstraZeneca, Pfizer/BioNTech",5817878,5270146,11088024
2021-08-13,"Johnson&Johnson, Moderna, Oxford/AstraZeneca, Pfizer/BioNTech",5828536,5310373,11138909
2021-08-14,"Johnson&Johnson, Moderna, Oxford/AstraZeneca, Pfizer/BioNTech",5831869,5321032,11152901
2021-08-15,"Johnson&Johnson, Moderna, Oxford/AstraZeneca, Pfizer/BioNTech",5834443,5331380,11165823
2021-08-16,"Johnson&Johnson, Moderna, Oxford/AstraZeneca, Pfizer/BioNTech",5844205,5365365,11209570
2021-08-17,"Johnson&Johnson, Moderna, Oxford/AstraZeneca, Pfizer/BioNTech",5853763,5392393,11246156
2021-08-18,"Johnson&Johnson, Moderna, Oxford/AstraZeneca, Pfizer/BioNTech",5863109,5431184,11294293
2021-08-19,"Johnson&Johnson, Moderna, Oxford/AstraZeneca, Pfizer/BioNTech",5872717,5469452,11342169
2021-08-20,"Johnson&Johnson, Moderna, Oxford/AstraZeneca, Pfizer/BioNTech",5884036,5509563,11393599
2021-08-21,"Johnson&Johnson, Moderna, Oxford/AstraZeneca, Pfizer/BioNTech",5886735,5522289,11409024
2021-08-22,"Johnson&Johnson, Moderna, Oxford/AstraZeneca, Pfizer/BioNTech",5889072,5534230,11423302
2021-08-23,"Johnson&Johnson, Moderna, Oxford/AstraZeneca, Pfizer/BioNTech",5899564,5573397,11472961
2021-08-24,"Johnson&Johnson, Moderna, Oxford/AstraZeneca, Pfizer/BioNTech",5909401,5606575,11515976
2021-08-25,"Johnson&Johnson, Moderna, Oxford/AstraZeneca, Pfizer/BioNTech",5918224,5634866,11553090
2021-08-26,"Johnson&Johnson, Moderna, Oxford/AstraZeneca, Pfizer/BioNTech",5926621,5660914,11587535
2021-08-27,"Johnson&Johnson, Moderna, Oxford/AstraZeneca, Pfizer/BioNTech",5936903,5686791,11623694
2021-08-28,"Johnson&Johnson, Moderna, Oxford/AstraZeneca, Pfizer/BioNTech",5939616,5693801,11633417
2021-08-29,"Johnson&Johnson, Moderna, Oxford/AstraZeneca, Pfizer/BioNTech",5942015,5700409,11642424
2021-08-30,"Johnson&Johnson, Moderna, Oxford/AstraZeneca, Pfizer/BioNTech",5950497,5722210,11672707
2021-08-31,"Johnson&Johnson, Moderna, Oxford/AstraZeneca, Pfizer/BioNTech",5958120,5740230,11698350
2021-09-01,"Johnson&Johnson, Moderna, Oxford/AstraZeneca, Pfizer/BioNTech",5963956,5754161,11718117
2021-09-02,"Johnson&Johnson, Moderna, Oxford/AstraZeneca, Pfizer/BioNTech",5970670,5768489,11739159
2021-09-03,"Johnson&Johnson, Moderna, Oxford/AstraZeneca, Pfizer/BioNTech",5980085,5784109,11764194
2021-09-04,"Johnson&Johnson, Moderna, Oxford/AstraZeneca, Pfizer/BioNTech",5982124,5787634,11769758
2021-09-05,"Johnson&Johnson, Moderna, Pfizer/BioNTech",5984151,5790455,11774606
2021-09-06,"Johnson&Johnson, Moderna, Oxford/AstraZeneca, Pfizer/BioNTech",5990242,5802918,11793160
2021-09-07,"Johnson&Johnson, Moderna, Oxford/AstraZeneca, Pfizer/BioNTech",5994528,5813926,11808454
2021-09-08,"Johnson&Johnson, Moderna, Oxford/AstraZeneca, Pfizer/BioNTech",6000060,5823713,11823773
2021-09-09,"Johnson&Johnson, Moderna, Oxford/AstraZeneca, Pfizer/BioNTech",6006637,5833722,11840359
2021-09-10,"Johnson&Johnson, Moderna, Oxford/AstraZeneca, Pfizer/BioNTech",6014124,5845774,11859898
2021-09-11,"Johnson&Johnson, Moderna, Pfizer/BioNTech",6015971,5848235,11864206
2021-09-12,"Johnson&Johnson, Moderna, Oxford/AstraZeneca, Pfizer/BioNTech",6017075,5849847,11866922
2021-09-13,"Johnson&Johnson, Moderna, Oxford/AstraZeneca, Pfizer/BioNTech",6022387,5860043,11882430
2021-09-14,"Johnson&Johnson, Moderna, Oxford/AstraZeneca, Pfizer/BioNTech",6027650,5868966,11896616
2021-09-15,"Johnson&Johnson, Moderna, Oxford/AstraZeneca, Pfizer/BioNTech",6032739,5877405,11910144
2021-09-16,"Johnson&Johnson, Moderna, Oxford/AstraZeneca, Pfizer/BioNTech",6037887,5885609,11923496
2021-09-17,"Johnson&Johnson, Moderna, Oxford/AstraZeneca, Pfizer/BioNTech",6044242,5895668,11939910
2021-09-18,"Johnson&Johnson, Moderna, Pfizer/BioNTech",6045938,5897993,11943931
2021-09-19,"Johnson&Johnson, Moderna, Pfizer/BioNTech",6046868,5899548,11946416
2021-09-20,"Johnson&Johnson, Moderna, Oxford/AstraZeneca, Pfizer/BioNTech",6050694,5907612,11958306
2021-09-21,"Johnson&Johnson, Moderna, Oxford/AstraZeneca, Pfizer/BioNTech",6054686,5915073,11969759
2021-09-22,"Johnson&Johnson, Moderna, Oxford/AstraZeneca, Pfizer/BioNTech",6058713,5920500,11979213
2021-09-23,"Johnson&Johnson, Moderna, Oxford/AstraZeneca, Pfizer/BioNTech",6063584,5926824,11990408
2021-09-24,"Johnson&Johnson, Moderna, Oxford/AstraZeneca, Pfizer/BioNTech",6069135,5936252,12005387
2021-09-25,"Johnson&Johnson, Moderna, Oxford/AstraZeneca, Pfizer/BioNTech",6070586,5938197,12008783
2021-09-26,"Johnson&Johnson, Moderna, Pfizer/BioNTech",6071322,5939811,12011133
2021-09-27,"Johnson&Johnson, Moderna, Oxford/AstraZeneca, Pfizer/BioNTech",6075073,5946202,12021275
2021-09-28,"Johnson&Johnson, Moderna, Pfizer/BioNTech",6075393,5946785,12022178
2021-09-29,"Johnson&Johnson, Moderna, Oxford/AstraZeneca, Pfizer/BioNTech",6078971,5953956,12032927
2021-09-30,"Johnson&Johnson, Moderna, Oxford/AstraZeneca, Pfizer/BioNTech",6083165,5961373,12044538
2021-10-01,"Johnson&Johnson, Moderna, Oxford/AstraZeneca, Pfizer/BioNTech",6087027,5969014,12056041
2021-10-02,"Johnson&Johnson, Moderna, Pfizer/BioNTech",6087980,5970442,12058422
2021-10-03,"Johnson&Johnson, Moderna, Pfizer/BioNTech",6088534,5971150,12059684
