date,vaccine,people_vaccinated,people_fully_vaccinated,total_vaccinations
2020-12-27,Pfizer/BioNTech,1273,0,1273
2020-12-28,Pfizer/BioNTech,3573,0,3573
2020-12-29,Pfizer/BioNTech,7029,0,7029
2020-12-30,Pfizer/BioNTech,10522,0,10522
2020-12-31,Pfizer/BioNTech,11828,0,11828
2021-01-01,"Moderna, Pfizer/BioNTech",12093,0,12093
2021-01-02,Pfizer/BioNTech,13366,0,13366
2021-01-03,Pfizer/BioNTech,14286,0,14286
2021-01-04,"Moderna, Pfizer/BioNTech",17881,0,17881
2021-01-05,"Moderna, Pfizer/BioNTech",22385,0,22385
2021-01-06,Pfizer/BioNTech,28224,0,28224
2021-01-07,Pfizer/BioNTech,36188,0,36188
2021-01-08,Pfizer/BioNTech,46162,0,46162
2021-01-09,"Moderna, Pfizer/BioNTech",48182,0,48182
2021-01-10,Pfizer/BioNTech,49940,2,49942
2021-01-11,Pfizer/BioNTech,59757,4,59761
2021-01-12,Pfizer/BioNTech,73157,6,73163
2021-01-13,Pfizer/BioNTech,86654,6,86660
2021-01-14,"Moderna, Pfizer/BioNTech",101847,8,101855
2021-01-15,"Moderna, Pfizer/BioNTech",115811,8,115819
2021-01-16,"Moderna, Pfizer/BioNTech",119189,10,119199
2021-01-17,"Moderna, Pfizer/BioNTech",121792,651,122443
2021-01-18,"Moderna, Pfizer/BioNTech",134261,2473,136734
2021-01-19,"Moderna, Pfizer/BioNTech",146812,5185,151997
2021-01-20,"Moderna, Pfizer/BioNTech",160440,7829,168269
2021-01-21,"Moderna, Pfizer/BioNTech",176041,9560,185601
2021-01-22,"Moderna, Pfizer/BioNTech",190860,10603,201463
2021-01-23,"Moderna, Pfizer/BioNTech",194154,11474,205628
2021-01-24,"Moderna, Pfizer/BioNTech",196398,12343,208741
2021-01-25,"Moderna, Pfizer/BioNTech",206011,15314,221325
2021-01-26,"Moderna, Pfizer/BioNTech",216523,19284,235807
2021-01-27,"Moderna, Pfizer/BioNTech",225531,23798,249329
2021-01-28,"Moderna, Pfizer/BioNTech",232592,29907,262499
2021-01-29,"Moderna, Pfizer/BioNTech",238787,37780,276567
2021-01-30,"Moderna, Pfizer/BioNTech",239518,38867,278385
2021-01-31,"Moderna, Pfizer/BioNTech",240225,40045,280270
2021-02-01,"Moderna, Pfizer/BioNTech",244183,47965,292148
2021-02-02,"Moderna, Pfizer/BioNTech",248309,58175,306484
2021-02-03,"Moderna, Pfizer/BioNTech",252710,69152,321862
2021-02-04,"Moderna, Pfizer/BioNTech",257599,82105,339704
2021-02-05,"Moderna, Pfizer/BioNTech",263042,92745,355787
2021-02-06,"Moderna, Pfizer/BioNTech",263883,95092,358975
2021-02-07,"Moderna, Pfizer/BioNTech",264731,97578,362309
2021-02-08,"Moderna, Oxford/AstraZeneca, Pfizer/BioNTech",268777,108953,377730
2021-02-09,"Moderna, Oxford/AstraZeneca, Pfizer/BioNTech",273850,120863,394713
2021-02-10,"Moderna, Pfizer/BioNTech",279332,134059,413391
2021-02-11,"Moderna, Oxford/AstraZeneca, Pfizer/BioNTech",285625,150223,435848
2021-02-12,"Moderna, Oxford/AstraZeneca, Pfizer/BioNTech",292355,164897,457252
2021-02-13,"Moderna, Oxford/AstraZeneca, Pfizer/BioNTech",293941,167875,461816
2021-02-14,"Moderna, Oxford/AstraZeneca, Pfizer/BioNTech",294932,169250,464182
2021-02-15,"Moderna, Oxford/AstraZeneca, Pfizer/BioNTech",301317,178578,479895
2021-02-16,"Moderna, Oxford/AstraZeneca, Pfizer/BioNTech",310015,187622,497637
2021-02-17,"Moderna, Oxford/AstraZeneca, Pfizer/BioNTech",319695,195896,515591
2021-02-18,"Moderna, Oxford/AstraZeneca, Pfizer/BioNTech",331985,203927,535912
2021-02-19,"Moderna, Oxford/AstraZeneca, Pfizer/BioNTech",343818,211237,555055
2021-02-20,"Moderna, Oxford/AstraZeneca, Pfizer/BioNTech",345793,212408,558201
2021-02-21,"Moderna, Oxford/AstraZeneca, Pfizer/BioNTech",346901,213422,560323
2021-02-22,"Moderna, Oxford/AstraZeneca, Pfizer/BioNTech",356998,219422,576420
2021-02-23,"Moderna, Oxford/AstraZeneca, Pfizer/BioNTech",369903,226369,596272
2021-02-24,"Moderna, Oxford/AstraZeneca, Pfizer/BioNTech",383747,232378,616125
2021-02-25,"Moderna, Oxford/AstraZeneca, Pfizer/BioNTech",401692,237907,639599
2021-02-26,"Moderna, Oxford/AstraZeneca, Pfizer/BioNTech",417826,243230,661056
2021-02-27,"Moderna, Oxford/AstraZeneca, Pfizer/BioNTech",420829,243780,664609
2021-02-28,"Moderna, Oxford/AstraZeneca, Pfizer/BioNTech",423171,244325,667496
2021-03-01,"Moderna, Oxford/AstraZeneca, Pfizer/BioNTech",442672,247739,690411
2021-03-02,"Moderna, Oxford/AstraZeneca, Pfizer/BioNTech",469844,251271,721115
2021-03-03,"Moderna, Oxford/AstraZeneca, Pfizer/BioNTech",500619,255755,756374
2021-03-04,"Moderna, Oxford/AstraZeneca, Pfizer/BioNTech",533773,260415,794188
2021-03-05,"Johnson&Johnson, Moderna, Oxford/AstraZeneca, Pfizer/BioNTech",562506,265801,828307
2021-03-06,"Johnson&Johnson, Moderna, Oxford/AstraZeneca, Pfizer/BioNTech",574618,266643,841261
2021-03-07,"Johnson&Johnson, Moderna, Oxford/AstraZeneca, Pfizer/BioNTech",586018,267475,853493
2021-03-08,"Johnson&Johnson, Moderna, Oxford/AstraZeneca, Pfizer/BioNTech",615632,272293,887925
2021-03-09,"Johnson&Johnson, Moderna, Oxford/AstraZeneca, Pfizer/BioNTech",651816,278646,930462
2021-03-10,"Moderna, Oxford/AstraZeneca, Pfizer/BioNTech",692962,285582,978544
2021-03-11,"Johnson&Johnson, Moderna, Oxford/AstraZeneca, Pfizer/BioNTech",737639,293928,1031567
2021-03-12,"Johnson&Johnson, Moderna, Oxford/AstraZeneca, Pfizer/BioNTech",776280,302372,1078652
2021-03-13,"Moderna, Oxford/AstraZeneca, Pfizer/BioNTech",793317,303658,1096975
2021-03-14,"Moderna, Oxford/AstraZeneca, Pfizer/BioNTech",805398,304792,1110190
2021-03-15,"Moderna, Oxford/AstraZeneca, Pfizer/BioNTech",833685,313552,1147237
2021-03-16,"Johnson&Johnson, Moderna, Oxford/AstraZeneca, Pfizer/BioNTech",872493,324054,1196547
2021-03-17,"Moderna, Oxford/AstraZeneca, Pfizer/BioNTech",909902,334525,1244427
2021-03-18,"Johnson&Johnson, Moderna, Oxford/AstraZeneca, Pfizer/BioNTech",947759,346909,1294668
2021-03-19,"Moderna, Oxford/AstraZeneca, Pfizer/BioNTech",982106,360488,1342594
2021-03-20,"Johnson&Johnson, Moderna, Oxford/AstraZeneca, Pfizer/BioNTech",997208,362503,1359711
2021-03-21,"Johnson&Johnson, Moderna, Oxford/AstraZeneca, Pfizer/BioNTech",1004594,364047,1368641
2021-03-22,"Johnson&Johnson, Moderna, Oxford/AstraZeneca, Pfizer/BioNTech",1029004,376505,1405509
2021-03-23,"Johnson&Johnson, Moderna, Oxford/AstraZeneca, Pfizer/BioNTech",1055522,389822,1445344
2021-03-24,"Johnson&Johnson, Moderna, Oxford/AstraZeneca, Pfizer/BioNTech",1082331,405518,1487849
2021-03-25,"Moderna, Oxford/AstraZeneca, Pfizer/BioNTech",1108602,423334,1531936
2021-03-26,"Moderna, Oxford/AstraZeneca, Pfizer/BioNTech",1133340,440791,1574131
2021-03-27,"Johnson&Johnson, Moderna, Oxford/AstraZeneca, Pfizer/BioNTech",1141752,445619,1587371
2021-03-28,"Moderna, Oxford/AstraZeneca, Pfizer/BioNTech",1147285,449749,1597034
2021-03-29,"Johnson&Johnson, Moderna, Oxford/AstraZeneca, Pfizer/BioNTech",1166307,470398,1636705
2021-03-30,"Moderna, Oxford/AstraZeneca, Pfizer/BioNTech",1190920,492511,1683431
2021-03-31,"Johnson&Johnson, Moderna, Oxford/AstraZeneca, Pfizer/BioNTech",1213932,519522,1733454
2021-04-01,"Johnson&Johnson, Moderna, Oxford/AstraZeneca, Pfizer/BioNTech",1239465,551457,1790922
2021-04-02,"Johnson&Johnson, Moderna, Oxford/AstraZeneca, Pfizer/BioNTech",1246328,564230,1810558
2021-04-03,"Johnson&Johnson, Moderna, Oxford/AstraZeneca, Pfizer/BioNTech",1249912,575131,1825043
2021-04-04,"Johnson&Johnson, Moderna, Oxford/AstraZeneca, Pfizer/BioNTech",1252384,583926,1836310
2021-04-05,"Johnson&Johnson, Moderna, Oxford/AstraZeneca, Pfizer/BioNTech",1254735,591089,1845824
2021-04-06,"Johnson&Johnson, Moderna, Oxford/AstraZeneca, Pfizer/BioNTech",1270795,620277,1891072
2021-04-07,"Johnson&Johnson, Moderna, Oxford/AstraZeneca, Pfizer/BioNTech",1294126,642396,1936522
2021-04-08,"Johnson&Johnson, Moderna, Oxford/AstraZeneca, Pfizer/BioNTech",1332612,673262,2005874
2021-04-09,"Johnson&Johnson, Moderna, Oxford/AstraZeneca, Pfizer/BioNTech",1371845,703269,2075114
2021-04-10,"Johnson&Johnson, Moderna, Oxford/AstraZeneca, Pfizer/BioNTech",1387224,718540,2105764
2021-04-11,"Johnson&Johnson, Moderna, Oxford/AstraZeneca, Pfizer/BioNTech",1396949,728550,2125499
2021-04-12,"Johnson&Johnson, Moderna, Oxford/AstraZeneca, Pfizer/BioNTech",1435015,753528,2188543
2021-04-13,"Moderna, Oxford/AstraZeneca, Pfizer/BioNTech",1471102,779440,2250542
2021-04-14,"Moderna, Oxford/AstraZeneca, Pfizer/BioNTech",1509800,806756,2316556
2021-04-15,"Moderna, Oxford/AstraZeneca, Pfizer/BioNTech",1557484,832427,2389911
2021-04-16,"Moderna, Oxford/AstraZeneca, Pfizer/BioNTech",1602014,858010,2460024
2021-04-17,"Moderna, Oxford/AstraZeneca, Pfizer/BioNTech",1618627,867015,2485642
2021-04-18,"Moderna, Oxford/AstraZeneca, Pfizer/BioNTech",1631560,871984,2503544
2021-04-19,"Moderna, Oxford/AstraZeneca, Pfizer/BioNTech",1675441,887367,2562808
2021-04-20,"Johnson&Johnson, Moderna, Oxford/AstraZeneca, Pfizer/BioNTech",1717541,903174,2620715
2021-04-21,"Moderna, Oxford/AstraZeneca, Pfizer/BioNTech",1765218,917428,2682646
2021-04-22,"Johnson&Johnson, Moderna, Oxford/AstraZeneca, Pfizer/BioNTech",1819644,934765,2754409
2021-04-23,"Johnson&Johnson, Moderna, Oxford/AstraZeneca, Pfizer/BioNTech",1869555,946741,2816296
2021-04-24,"Johnson&Johnson, Moderna, Oxford/AstraZeneca, Pfizer/BioNTech",1887354,951962,2839316
2021-04-25,"Johnson&Johnson, Moderna, Oxford/AstraZeneca, Pfizer/BioNTech",1902012,955952,2857964
2021-04-26,"Johnson&Johnson, Moderna, Oxford/AstraZeneca, Pfizer/BioNTech",1951568,963474,2915042
2021-04-27,"Johnson&Johnson, Moderna, Oxford/AstraZeneca, Pfizer/BioNTech",2000490,975632,2976122
2021-04-28,"Johnson&Johnson, Moderna, Oxford/AstraZeneca, Pfizer/BioNTech",2059200,989572,3048772
2021-04-29,"Johnson&Johnson, Moderna, Oxford/AstraZeneca, Pfizer/BioNTech",2124699,1005382,3130081
2021-04-30,"Johnson&Johnson, Moderna, Oxford/AstraZeneca, Pfizer/BioNTech",2186856,1015282,3202138
2021-05-01,"Johnson&Johnson, Moderna, Oxford/AstraZeneca, Pfizer/BioNTech",2206139,1018692,3224831
2021-05-02,"Johnson&Johnson, Moderna, Oxford/AstraZeneca, Pfizer/BioNTech",2225021,1020938,3245959
2021-05-03,"Johnson&Johnson, Moderna, Oxford/AstraZeneca, Pfizer/BioNTech",2292220,1025972,3318192
2021-05-04,"Johnson&Johnson, Moderna, Oxford/AstraZeneca, Pfizer/BioNTech",2358633,1034240,3392873
2021-05-05,"Johnson&Johnson, Moderna, Oxford/AstraZeneca, Pfizer/BioNTech",2431734,1043581,3475315
2021-05-06,"Johnson&Johnson, Moderna, Oxford/AstraZeneca, Pfizer/BioNTech",2512076,1054190,3566266
2021-05-07,"Johnson&Johnson, Moderna, Oxford/AstraZeneca, Pfizer/BioNTech",2589312,1064184,3653496
2021-05-08,"Johnson&Johnson, Moderna, Oxford/AstraZeneca, Pfizer/BioNTech",2618704,1065902,3684606
2021-05-09,"Johnson&Johnson, Moderna, Oxford/AstraZeneca, Pfizer/BioNTech",2642864,1067090,3709954
2021-05-10,"Johnson&Johnson, Moderna, Oxford/AstraZeneca, Pfizer/BioNTech",2715566,1074223,3789789
2021-05-11,"Johnson&Johnson, Moderna, Oxford/AstraZeneca, Pfizer/BioNTech",2791618,1082975,3874593
2021-05-12,"Johnson&Johnson, Moderna, Oxford/AstraZeneca, Pfizer/BioNTech",2871417,1091997,3963414
2021-05-13,"Johnson&Johnson, Moderna, Oxford/AstraZeneca, Pfizer/BioNTech",2955386,1101102,4056488
2021-05-14,"Johnson&Johnson, Moderna, Oxford/AstraZeneca, Pfizer/BioNTech",3034744,1108825,4143569
2021-05-15,"Johnson&Johnson, Moderna, Oxford/AstraZeneca, Pfizer/BioNTech",3066570,1111000,4177570
2021-05-16,"Johnson&Johnson, Moderna, Oxford/AstraZeneca, Pfizer/BioNTech",3092308,1112210,4204518
2021-05-17,"Johnson&Johnson, Moderna, Oxford/AstraZeneca, Pfizer/BioNTech",3164777,1118878,4283655
2021-05-18,"Johnson&Johnson, Moderna, Oxford/AstraZeneca, Pfizer/BioNTech",3236673,1131840,4368513
2021-05-19,"Johnson&Johnson, Moderna, Oxford/AstraZeneca, Pfizer/BioNTech",3314087,1146895,4460982
2021-05-20,"Johnson&Johnson, Moderna, Oxford/AstraZeneca, Pfizer/BioNTech",3389477,1173801,4563278
2021-05-21,"Johnson&Johnson, Moderna, Oxford/AstraZeneca, Pfizer/BioNTech",3458211,1201426,4659637
2021-05-22,"Johnson&Johnson, Moderna, Oxford/AstraZeneca, Pfizer/BioNTech",3490530,1212499,4703029
2021-05-23,"Johnson&Johnson, Moderna, Oxford/AstraZeneca, Pfizer/BioNTech",3512828,1221461,4734289
2021-05-24,"Johnson&Johnson, Moderna, Oxford/AstraZeneca, Pfizer/BioNTech",3559887,1254950,4814837
2021-05-25,"Johnson&Johnson, Moderna, Oxford/AstraZeneca, Pfizer/BioNTech",3611690,1290602,4902292
2021-05-26,"Johnson&Johnson, Moderna, Oxford/AstraZeneca, Pfizer/BioNTech",3679378,1327999,5007377
2021-05-27,"Johnson&Johnson, Moderna, Oxford/AstraZeneca, Pfizer/BioNTech",3740710,1375233,5115943
2021-05-28,"Johnson&Johnson, Moderna, Oxford/AstraZeneca, Pfizer/BioNTech",3802358,1421647,5224005
2021-05-29,"Johnson&Johnson, Moderna, Oxford/AstraZeneca, Pfizer/BioNTech",3831496,1438694,5270190
2021-05-30,"Johnson&Johnson, Moderna, Oxford/AstraZeneca, Pfizer/BioNTech",3853826,1453077,5306903
2021-05-31,"Johnson&Johnson, Moderna, Oxford/AstraZeneca, Pfizer/BioNTech",3909516,1500446,5409962
2021-06-01,"Johnson&Johnson, Moderna, Oxford/AstraZeneca, Pfizer/BioNTech",3968509,1548776,5517285
2021-06-02,"Johnson&Johnson, Moderna, Oxford/AstraZeneca, Pfizer/BioNTech",4031343,1602658,5634001
2021-06-03,"Johnson&Johnson, Moderna, Oxford/AstraZeneca, Pfizer/BioNTech",4089544,1662766,5752310
2021-06-04,"Johnson&Johnson, Moderna, Oxford/AstraZeneca, Pfizer/BioNTech",4152600,1720059,5872659
2021-06-05,"Johnson&Johnson, Moderna, Oxford/AstraZeneca, Pfizer/BioNTech",4186726,1738820,5925546
2021-06-06,"Johnson&Johnson, Moderna, Oxford/AstraZeneca, Pfizer/BioNTech",4213622,1753898,5967520
2021-06-07,"Johnson&Johnson, Moderna, Oxford/AstraZeneca, Pfizer/BioNTech",4277279,1809442,6086721
2021-06-08,"Johnson&Johnson, Moderna, Oxford/AstraZeneca, Pfizer/BioNTech",4341224,1864322,6205546
2021-06-09,"Johnson&Johnson, Moderna, Oxford/AstraZeneca, Pfizer/BioNTech",4400349,1928641,6328990
2021-06-10,"Johnson&Johnson, Moderna, Oxford/AstraZeneca, Pfizer/BioNTech",4454157,1999613,6453770
2021-06-11,"Johnson&Johnson, Moderna, Oxford/AstraZeneca, Pfizer/BioNTech",4506218,2069200,6575418
2021-06-12,"Johnson&Johnson, Moderna, Oxford/AstraZeneca, Pfizer/BioNTech",4538187,2089916,6628103
2021-06-13,"Johnson&Johnson, Moderna, Oxford/AstraZeneca, Pfizer/BioNTech",4562181,2108256,6670437
2021-06-14,"Johnson&Johnson, Moderna, Oxford/AstraZeneca, Pfizer/BioNTech",4605145,2182506,6787651
2021-06-15,"Johnson&Johnson, Moderna, Oxford/AstraZeneca, Pfizer/BioNTech",4649748,2254704,6904452
2021-06-16,"Johnson&Johnson, Moderna, Oxford/AstraZeneca, Pfizer/BioNTech",4692452,2332778,7025230
2021-06-17,"Johnson&Johnson, Moderna, Oxford/AstraZeneca, Pfizer/BioNTech",4731805,2415710,7147515
2021-06-18,"Johnson&Johnson, Moderna, Oxford/AstraZeneca, Pfizer/BioNTech",4774153,2496063,7270216
2021-06-19,"Johnson&Johnson, Moderna, Oxford/AstraZeneca, Pfizer/BioNTech",4795871,2525268,7321139
2021-06-20,"Johnson&Johnson, Moderna, Oxford/AstraZeneca, Pfizer/BioNTech",4813228,2549013,7362241
2021-06-21,"Johnson&Johnson, Moderna, Oxford/AstraZeneca, Pfizer/BioNTech",4845710,2627440,7473150
2021-06-22,"Johnson&Johnson, Moderna, Oxford/AstraZeneca, Pfizer/BioNTech",4878642,2709553,7588195
2021-06-23,"Johnson&Johnson, Moderna, Oxford/AstraZeneca, Pfizer/BioNTech",4910274,2794648,7704922
2021-06-24,"Johnson&Johnson, Moderna, Oxford/AstraZeneca, Pfizer/BioNTech",4940090,2884561,7824651
2021-06-25,"Johnson&Johnson, Moderna, Oxford/AstraZeneca, Pfizer/BioNTech",4971101,2970537,7941638
2021-06-26,"Johnson&Johnson, Moderna, Oxford/AstraZeneca, Pfizer/BioNTech",4986936,3005255,7992191
2021-06-27,"Johnson&Johnson, Moderna, Oxford/AstraZeneca, Pfizer/BioNTech",5000875,3031820,8032695
2021-06-28,"Johnson&Johnson, Moderna, Oxford/AstraZeneca, Pfizer/BioNTech",5029269,3116882,8146151
2021-06-29,"Johnson&Johnson, Moderna, Oxford/AstraZeneca, Pfizer/BioNTech",5058498,3203250,8261748
2021-06-30,"Johnson&Johnson, Moderna, Oxford/AstraZeneca, Pfizer/BioNTech",5085982,3294072,8380054
2021-07-01,"Johnson&Johnson, Moderna, Oxford/AstraZeneca, Pfizer/BioNTech",5109904,3383954,8493858
2021-07-02,"Johnson&Johnson, Moderna, Oxford/AstraZeneca, Pfizer/BioNTech",5136590,3469623,8606213
2021-07-03,"Johnson&Johnson, Moderna, Oxford/AstraZeneca, Pfizer/BioNTech",5143656,3501055,8644711
2021-07-04,"Johnson&Johnson, Moderna, Oxford/AstraZeneca, Pfizer/BioNTech",5151185,3522804,8673989
2021-07-05,"Johnson&Johnson, Moderna, Oxford/AstraZeneca, Pfizer/BioNTech",5158521,3548100,8706621
2021-07-06,"Johnson&Johnson, Moderna, Oxford/AstraZeneca, Pfizer/BioNTech",5163905,3575644,8739549
2021-07-07,"Johnson&Johnson, Moderna, Oxford/AstraZeneca, Pfizer/BioNTech",5189660,3654471,8844131
2021-07-08,"Johnson&Johnson, Moderna, Oxford/AstraZeneca, Pfizer/BioNTech",5216195,3724663,8940858
2021-07-09,"Johnson&Johnson, Moderna, Oxford/AstraZeneca, Pfizer/BioNTech",5244017,3793802,9037819
2021-07-10,"Johnson&Johnson, Moderna, Oxford/AstraZeneca, Pfizer/BioNTech",5253332,3822347,9075679
2021-07-11,"Johnson&Johnson, Moderna, Oxford/AstraZeneca, Pfizer/BioNTech",5261838,3845176,9107014
2021-07-12,"Johnson&Johnson, Moderna, Oxford/AstraZeneca, Pfizer/BioNTech",5289339,3914170,9203509
2021-07-13,"Johnson&Johnson, Moderna, Oxford/AstraZeneca, Pfizer/BioNTech",5315498,3983935,9299433
2021-07-14,"Johnson&Johnson, Moderna, Oxford/AstraZeneca, Pfizer/BioNTech",5341312,4055834,9397146
2021-07-15,"Johnson&Johnson, Moderna, Oxford/AstraZeneca, Pfizer/BioNTech",5370497,4121715,9492212
2021-07-16,"Johnson&Johnson, Moderna, Oxford/AstraZeneca, Pfizer/BioNTech",5398377,4194292,9592669
2021-07-17,"Johnson&Johnson, Moderna, Oxford/AstraZeneca, Pfizer/BioNTech",5407116,4225662,9632778
2021-07-18,"Johnson&Johnson, Moderna, Oxford/AstraZeneca, Pfizer/BioNTech",5415540,4251616,9667156
2021-07-19,"Johnson&Johnson, Moderna, Oxford/AstraZeneca, Pfizer/BioNTech",5438842,4318541,9757383
2021-07-20,"Johnson&Johnson, Moderna, Oxford/AstraZeneca, Pfizer/BioNTech",5460176,4385481,9845657
2021-07-21,"Johnson&Johnson, Moderna, Oxford/AstraZeneca, Pfizer/BioNTech",5483539,4448817,9932356
2021-07-22,"Johnson&Johnson, Moderna, Oxford/AstraZeneca, Pfizer/BioNTech",5505816,4507316,10013132
2021-07-23,"Johnson&Johnson, Moderna, Oxford/AstraZeneca, Pfizer/BioNTech",5528940,4561922,10090862
2021-07-24,"Johnson&Johnson, Moderna, Oxford/AstraZeneca, Pfizer/BioNTech",5536225,4589498,10125723
2021-07-25,"Johnson&Johnson, Moderna, Oxford/AstraZeneca, Pfizer/BioNTech",5542812,4611477,10154289
2021-07-26,"Johnson&Johnson, Moderna, Oxford/AstraZeneca, Pfizer/BioNTech",5566286,4659921,10226207
2021-07-27,"Johnson&Johnson, Moderna, Oxford/AstraZeneca, Pfizer/BioNTech",5588904,4706423,10295327
2021-07-28,"Johnson&Johnson, Moderna, Oxford/AstraZeneca, Pfizer/BioNTech",5610058,4752274,10362332
2021-07-29,"Johnson&Johnson, Moderna, Oxford/AstraZeneca, Pfizer/BioNTech",5631242,4794090,10425332
2021-07-30,"Johnson&Johnson, Moderna, Oxford/AstraZeneca, Pfizer/BioNTech",5654442,4836522,10490964
2021-07-31,"Johnson&Johnson, Moderna, Oxford/AstraZeneca, Pfizer/BioNTech",5663341,4855992,10519333
2021-08-01,"Johnson&Johnson, Moderna, Oxford/AstraZeneca, Pfizer/BioNTech",5670036,4872115,10542151
2021-08-02,"Johnson&Johnson, Moderna, Oxford/AstraZeneca, Pfizer/BioNTech",5688586,4909563,10598149
2021-08-03,"Johnson&Johnson, Moderna, Oxford/AstraZeneca, Pfizer/BioNTech",5706145,4947567,10653712
2021-08-04,"Johnson&Johnson, Moderna, Oxford/AstraZeneca, Pfizer/BioNTech",5722148,4984186,10706334
2021-08-05,"Johnson&Johnson, Moderna, Oxford/AstraZeneca, Pfizer/BioNTech",5737954,5024543,10762497
2021-08-06,"Johnson&Johnson, Moderna, Oxford/AstraZeneca, Pfizer/BioNTech",5754568,5067693,10822261
2021-08-07,"Johnson&Johnson, Moderna, Oxford/AstraZeneca, Pfizer/BioNTech",5760088,5085794,10845882
2021-08-08,"Johnson&Johnson, Moderna, Oxford/AstraZeneca, Pfizer/BioNTech",5764274,5101491,10865765
2021-08-09,"Johnson&Johnson, Moderna, Oxford/AstraZeneca, Pfizer/BioNTech",5776709,5146457,10923166
2021-08-10,"Johnson&Johnson, Moderna, Oxford/AstraZeneca, Pfizer/BioNTech",5788418,5185918,10974336
2021-08-11,"Johnson&Johnson, Moderna, Oxford/AstraZeneca, Pfizer/BioNTech",5799659,5228954,11028613
2021-08-12,"Johnson&Johnson, Moderna, Oxford/AstraZeneca, Pfizer/BioNTech",5810944,5265939,11076883
2021-08-13,"Johnson&Johnson, Moderna, Oxford/AstraZeneca, Pfizer/BioNTech",5821527,5306137,11127664
2021-08-14,"Johnson&Johnson, Moderna, Oxford/AstraZeneca, Pfizer/BioNTech",5824850,5316792,11141642
2021-08-15,"Johnson&Johnson, Moderna, Oxford/AstraZeneca, Pfizer/BioNTech",5827414,5327134,11154548
2021-08-16,"Johnson&Johnson, Moderna, Oxford/AstraZeneca, Pfizer/BioNTech",5837138,5361106,11198244
2021-08-17,"Johnson&Johnson, Moderna, Oxford/AstraZeneca, Pfizer/BioNTech",5846583,5388102,11234685
2021-08-18,"Johnson&Johnson, Moderna, Oxford/AstraZeneca, Pfizer/BioNTech",5855826,5426836,11282662
2021-08-19,"Johnson&Johnson, Moderna, Oxford/AstraZeneca, Pfizer/BioNTech",5865379,5465079,11330458
2021-08-20,"Johnson&Johnson, Moderna, Oxford/AstraZeneca, Pfizer/BioNTech",5876595,5505147,11381742
2021-08-21,"Johnson&Johnson, Moderna, Oxford/AstraZeneca, Pfizer/BioNTech",5879275,5517863,11397138
2021-08-22,"Johnson&Johnson, Moderna, Oxford/AstraZeneca, Pfizer/BioNTech",5881590,5529799,11411389
2021-08-23,"Johnson&Johnson, Moderna, Oxford/AstraZeneca, Pfizer/BioNTech",5891966,5568886,11460852
2021-08-24,"Johnson&Johnson, Moderna, Oxford/AstraZeneca, Pfizer/BioNTech",5901701,5602021,11503722
2021-08-25,"Johnson&Johnson, Moderna, Oxford/AstraZeneca, Pfizer/BioNTech",5910342,5630091,11540433
2021-08-26,"Johnson&Johnson, Moderna, Oxford/AstraZeneca, Pfizer/BioNTech",5918613,5655927,11574540
2021-08-27,"Johnson&Johnson, Moderna, Oxford/AstraZeneca, Pfizer/BioNTech",5928724,5681600,11610324
2021-08-28,"Johnson&Johnson, Moderna, Oxford/AstraZeneca, Pfizer/BioNTech",5931373,5688545,11619918
2021-08-29,"Johnson&Johnson, Moderna, Oxford/AstraZeneca, Pfizer/BioNTech",5933668,5694929,11628597
2021-08-30,"Johnson&Johnson, Moderna, Oxford/AstraZeneca, Pfizer/BioNTech",5942001,5716470,11658471
2021-08-31,"Johnson&Johnson, Moderna, Oxford/AstraZeneca, Pfizer/BioNTech",5949468,5734302,11683770
2021-09-01,"Johnson&Johnson, Moderna, Oxford/AstraZeneca, Pfizer/BioNTech",5955156,5748066,11703222
2021-09-02,"Johnson&Johnson, Moderna, Oxford/AstraZeneca, Pfizer/BioNTech",5961756,5762074,11723830
2021-09-03,"Johnson&Johnson, Moderna, Oxford/AstraZeneca, Pfizer/BioNTech",5970996,5777525,11748521
2021-09-04,"Johnson&Johnson, Moderna, Oxford/AstraZeneca, Pfizer/BioNTech",5972923,5780976,11753899
2021-09-05,"Johnson&Johnson, Moderna, Pfizer/BioNTech",5974774,5783698,11758472
2021-09-06,"Johnson&Johnson, Moderna, Oxford/AstraZeneca, Pfizer/BioNTech",5980623,5795970,11776593
2021-09-07,"Johnson&Johnson, Moderna, Oxford/AstraZeneca, Pfizer/BioNTech",5984860,5806889,11791749
2021-09-08,"Johnson&Johnson, Moderna, Oxford/AstraZeneca, Pfizer/BioNTech",5990325,5816607,11806932
2021-09-09,"Johnson&Johnson, Moderna, Oxford/AstraZeneca, Pfizer/BioNTech",5996696,5826338,11823034
2021-09-10,"Johnson&Johnson, Moderna, Oxford/AstraZeneca, Pfizer/BioNTech",6003884,5838040,11841924
2021-09-11,"Johnson&Johnson, Moderna, Pfizer/BioNTech",6005243,5840100,11845343
