date,vaccine,people_vaccinated,people_fully_vaccinated,total_vaccinations
2020-12-27,Pfizer/BioNTech,1251,0,1251
2020-12-28,Pfizer/BioNTech,3546,0,3546
2020-12-29,Pfizer/BioNTech,6990,0,6990
2020-12-30,Pfizer/BioNTech,10464,0,10464
2020-12-31,Pfizer/BioNTech,11770,0,11770
2021-01-01,Pfizer/BioNTech,12030,0,12030
2021-01-02,Pfizer/BioNTech,13296,0,13296
2021-01-03,Pfizer/BioNTech,14210,0,14210
2021-01-04,Pfizer/BioNTech,17776,0,17776
2021-01-05,Pfizer/BioNTech,22269,0,22269
2021-01-06,Pfizer/BioNTech,28082,0,28082
2021-01-07,Pfizer/BioNTech,36021,0,36021
2021-01-08,Pfizer/BioNTech,45945,0,45945
2021-01-09,Pfizer/BioNTech,47955,0,47955
2021-01-10,Pfizer/BioNTech,49678,0,49678
2021-01-11,Pfizer/BioNTech,59461,0,59461
2021-01-12,Pfizer/BioNTech,72811,0,72811
2021-01-13,Pfizer/BioNTech,86277,0,86277
2021-01-14,"Moderna, Pfizer/BioNTech",101434,0,101434
2021-01-15,"Moderna, Pfizer/BioNTech",115353,0,115353
2021-01-16,"Moderna, Pfizer/BioNTech",118724,2,118726
2021-01-17,"Moderna, Pfizer/BioNTech",121318,634,121952
2021-01-18,"Moderna, Pfizer/BioNTech",133771,2359,136130
2021-01-19,"Moderna, Pfizer/BioNTech",146273,5056,151329
2021-01-20,"Moderna, Pfizer/BioNTech",159814,7675,167489
2021-01-21,"Moderna, Pfizer/BioNTech",175350,9393,184743
2021-01-22,"Moderna, Pfizer/BioNTech",190079,10425,200504
2021-01-23,"Moderna, Pfizer/BioNTech",193347,11290,204637
2021-01-24,"Moderna, Pfizer/BioNTech",195586,12151,207737
2021-01-25,"Moderna, Pfizer/BioNTech",205185,15089,220274
2021-01-26,"Moderna, Pfizer/BioNTech",215678,19040,234718
2021-01-27,"Moderna, Pfizer/BioNTech",224657,23521,248178
2021-01-28,"Moderna, Pfizer/BioNTech",231686,29599,261285
2021-01-29,"Moderna, Pfizer/BioNTech",237859,37388,275247
2021-01-30,"Moderna, Pfizer/BioNTech",238576,38468,277044
2021-01-31,Pfizer/BioNTech,239277,39609,278886
2021-02-01,"Moderna, Pfizer/BioNTech",243216,47474,290690
2021-02-02,"Moderna, Pfizer/BioNTech",247330,57628,304958
2021-02-03,"Moderna, Pfizer/BioNTech",251711,68566,320277
2021-02-04,"Moderna, Pfizer/BioNTech",256580,81459,338039
2021-02-05,"Moderna, Pfizer/BioNTech",262008,92053,354061
2021-02-06,"Moderna, Pfizer/BioNTech",262844,94382,357226
2021-02-07,"Moderna, Pfizer/BioNTech",263687,96852,360539
2021-02-08,"Moderna, Pfizer/BioNTech",267694,108172,375866
2021-02-09,"Moderna, Pfizer/BioNTech",272726,120007,392733
2021-02-10,"Moderna, Pfizer/BioNTech",278243,133086,411329
2021-02-11,"Moderna, Oxford/AstraZeneca, Pfizer/BioNTech",284516,149137,433653
2021-02-12,"Moderna, Oxford/AstraZeneca, Pfizer/BioNTech",291222,163734,454956
2021-02-13,"Moderna, Oxford/AstraZeneca, Pfizer/BioNTech",292790,166686,459476
2021-02-14,"Moderna, Oxford/AstraZeneca, Pfizer/BioNTech",293778,168051,461829
2021-02-15,"Moderna, Oxford/AstraZeneca, Pfizer/BioNTech",300114,177342,477456
2021-02-16,"Moderna, Oxford/AstraZeneca, Pfizer/BioNTech",308718,186325,495043
2021-02-17,"Moderna, Oxford/AstraZeneca, Pfizer/BioNTech",318362,194496,512858
2021-02-18,"Moderna, Oxford/AstraZeneca, Pfizer/BioNTech",330598,202467,533065
2021-02-19,"Moderna, Oxford/AstraZeneca, Pfizer/BioNTech",342331,209681,552012
2021-02-20,"Moderna, Oxford/AstraZeneca, Pfizer/BioNTech",344245,210843,555088
2021-02-21,"Moderna, Oxford/AstraZeneca, Pfizer/BioNTech",345264,211847,557111
2021-02-22,"Moderna, Oxford/AstraZeneca, Pfizer/BioNTech",355319,217821,573140
2021-02-23,"Moderna, Oxford/AstraZeneca, Pfizer/BioNTech",368114,224717,592831
2021-02-24,"Moderna, Oxford/AstraZeneca, Pfizer/BioNTech",381873,230699,612572
2021-02-25,"Moderna, Oxford/AstraZeneca, Pfizer/BioNTech",399726,236200,635926
2021-02-26,"Moderna, Oxford/AstraZeneca, Pfizer/BioNTech",415737,241457,657194
2021-02-27,"Moderna, Oxford/AstraZeneca, Pfizer/BioNTech",418662,242005,660667
2021-02-28,"Moderna, Oxford/AstraZeneca, Pfizer/BioNTech",420990,242544,663534
2021-03-01,"Moderna, Oxford/AstraZeneca, Pfizer/BioNTech",440257,245962,686219
2021-03-02,"Moderna, Oxford/AstraZeneca, Pfizer/BioNTech",467034,249469,716503
2021-03-03,"Moderna, Oxford/AstraZeneca, Pfizer/BioNTech",497352,253931,751283
2021-03-04,"Moderna, Oxford/AstraZeneca, Pfizer/BioNTech",530096,258541,788637
2021-03-05,"Moderna, Oxford/AstraZeneca, Pfizer/BioNTech",558526,263868,822394
2021-03-06,"Moderna, Oxford/AstraZeneca, Pfizer/BioNTech",570482,264690,835172
2021-03-07,"Moderna, Oxford/AstraZeneca, Pfizer/BioNTech",581827,265513,847340
2021-03-08,"Moderna, Oxford/AstraZeneca, Pfizer/BioNTech",611257,270298,881555
2021-03-09,"Moderna, Oxford/AstraZeneca, Pfizer/BioNTech",647095,276608,923703
2021-03-10,"Moderna, Oxford/AstraZeneca, Pfizer/BioNTech",687935,283497,971432
2021-03-11,"Moderna, Oxford/AstraZeneca, Pfizer/BioNTech",732281,291786,1024067
2021-03-12,"Moderna, Oxford/AstraZeneca, Pfizer/BioNTech",770599,300123,1070722
2021-03-13,"Moderna, Oxford/AstraZeneca, Pfizer/BioNTech",787528,301389,1088917
2021-03-14,"Moderna, Oxford/AstraZeneca, Pfizer/BioNTech",799551,302512,1102063
2021-03-15,"Moderna, Oxford/AstraZeneca, Pfizer/BioNTech",827573,311207,1138780
2021-03-16,"Moderna, Oxford/AstraZeneca, Pfizer/BioNTech",866046,321622,1187668
2021-03-17,"Moderna, Oxford/AstraZeneca, Pfizer/BioNTech",903167,332045,1235212
2021-03-18,"Moderna, Oxford/AstraZeneca, Pfizer/BioNTech",940644,344368,1285012
2021-03-19,"Moderna, Oxford/AstraZeneca, Pfizer/BioNTech",974604,357853,1332457
2021-03-20,"Moderna, Oxford/AstraZeneca, Pfizer/BioNTech",989553,359850,1349403
2021-03-21,"Moderna, Oxford/AstraZeneca, Pfizer/BioNTech",996887,361370,1358257
2021-03-22,"Moderna, Oxford/AstraZeneca, Pfizer/BioNTech",1020938,373702,1394640
2021-03-23,"Moderna, Oxford/AstraZeneca, Pfizer/BioNTech",1047127,386914,1434041
2021-03-24,"Moderna, Oxford/AstraZeneca, Pfizer/BioNTech",1073600,402466,1476066
2021-03-25,"Moderna, Oxford/AstraZeneca, Pfizer/BioNTech",1099596,420219,1519815
2021-03-26,"Moderna, Oxford/AstraZeneca, Pfizer/BioNTech",1124022,437572,1561594
2021-03-27,"Moderna, Oxford/AstraZeneca, Pfizer/BioNTech",1132347,442319,1574666
2021-03-28,"Moderna, Oxford/AstraZeneca, Pfizer/BioNTech",1137813,446403,1584216
2021-03-29,"Moderna, Oxford/AstraZeneca, Pfizer/BioNTech",1156550,466876,1623426
2021-03-30,"Moderna, Oxford/AstraZeneca, Pfizer/BioNTech",1180871,488856,1669727
2021-03-31,"Moderna, Oxford/AstraZeneca, Pfizer/BioNTech",1203591,515568,1719159
2021-04-01,"Moderna, Oxford/AstraZeneca, Pfizer/BioNTech",1228630,547278,1775908
2021-04-02,"Moderna, Oxford/AstraZeneca, Pfizer/BioNTech",1235307,559950,1795257
2021-04-03,"Moderna, Oxford/AstraZeneca, Pfizer/BioNTech",1238758,570800,1809558
2021-04-04,"Moderna, Oxford/AstraZeneca, Pfizer/BioNTech",1241211,579514,1820725
2021-04-05,"Moderna, Oxford/AstraZeneca, Pfizer/BioNTech",1243484,586630,1830114
2021-04-06,"Moderna, Oxford/AstraZeneca, Pfizer/BioNTech",1259304,615612,1874916
2021-04-07,"Moderna, Oxford/AstraZeneca, Pfizer/BioNTech",1282288,637539,1919827
2021-04-08,"Moderna, Oxford/AstraZeneca, Pfizer/BioNTech",1319832,668177,1988009
2021-04-09,"Moderna, Oxford/AstraZeneca, Pfizer/BioNTech",1357942,697904,2055846
2021-04-10,"Moderna, Oxford/AstraZeneca, Pfizer/BioNTech",1373157,713013,2086170
2021-04-11,"Moderna, Oxford/AstraZeneca, Pfizer/BioNTech",1382787,722980,2105767
2021-04-12,"Moderna, Oxford/AstraZeneca, Pfizer/BioNTech",1420077,747544,2167621
2021-04-13,"Moderna, Oxford/AstraZeneca, Pfizer/BioNTech",1455331,773202,2228533
2021-04-14,"Moderna, Oxford/AstraZeneca, Pfizer/BioNTech",1493395,800317,2293712
2021-04-15,"Moderna, Oxford/AstraZeneca, Pfizer/BioNTech",1540338,825693,2366031
2021-04-16,"Moderna, Oxford/AstraZeneca, Pfizer/BioNTech",1584186,850899,2435085
2021-04-17,"Moderna, Oxford/AstraZeneca, Pfizer/BioNTech",1600588,859839,2460427
2021-04-18,"Moderna, Oxford/AstraZeneca, Pfizer/BioNTech",1613459,864763,2478222
2021-04-19,"Moderna, Oxford/AstraZeneca, Pfizer/BioNTech",1656686,879988,2536674
2021-04-20,"Moderna, Oxford/AstraZeneca, Pfizer/BioNTech",1698179,895589,2593768
2021-04-21,"Moderna, Oxford/AstraZeneca, Pfizer/BioNTech",1744967,909579,2654546
2021-04-22,"Johnson&Johnson, Moderna, Oxford/AstraZeneca, Pfizer/BioNTech",1797836,926438,2724274
2021-04-23,"Johnson&Johnson, Moderna, Oxford/AstraZeneca, Pfizer/BioNTech",1845417,937646,2783063
2021-04-24,"Johnson&Johnson, Moderna, Oxford/AstraZeneca, Pfizer/BioNTech",1862724,942384,2805108
2021-04-25,"Johnson&Johnson, Moderna, Oxford/AstraZeneca, Pfizer/BioNTech",1876948,945820,2822768
