date,vaccine,people_vaccinated,people_fully_vaccinated,total_vaccinations
2020-12-27,Pfizer/BioNTech,1252,0,1252
2020-12-28,Pfizer/BioNTech,3548,0,3548
2020-12-29,Pfizer/BioNTech,6994,0,6994
2020-12-30,Pfizer/BioNTech,10469,0,10469
2020-12-31,Pfizer/BioNTech,11773,0,11773
2021-01-01,Pfizer/BioNTech,12034,0,12034
2021-01-02,Pfizer/BioNTech,13301,0,13301
2021-01-03,Pfizer/BioNTech,14216,0,14216
2021-01-04,Pfizer/BioNTech,17787,0,17787
2021-01-05,Pfizer/BioNTech,22279,0,22279
2021-01-06,Pfizer/BioNTech,28095,0,28095
2021-01-07,Pfizer/BioNTech,36038,0,36038
2021-01-08,Pfizer/BioNTech,45969,0,45969
2021-01-09,Pfizer/BioNTech,47982,0,47982
2021-01-10,Pfizer/BioNTech,49733,0,49733
2021-01-11,Pfizer/BioNTech,59522,0,59522
2021-01-12,Pfizer/BioNTech,72878,0,72878
2021-01-13,Pfizer/BioNTech,86355,0,86355
2021-01-14,"Moderna, Pfizer/BioNTech",101512,0,101512
2021-01-15,"Moderna, Pfizer/BioNTech",115452,0,115452
2021-01-16,"Moderna, Pfizer/BioNTech",118825,2,118827
2021-01-17,"Moderna, Pfizer/BioNTech",121422,635,122057
2021-01-18,"Moderna, Pfizer/BioNTech",133871,2445,136316
2021-01-19,"Moderna, Pfizer/BioNTech",146377,5144,151521
2021-01-20,"Moderna, Pfizer/BioNTech",159986,7771,167757
2021-01-21,"Moderna, Pfizer/BioNTech",175539,9489,185028
2021-01-22,"Moderna, Pfizer/BioNTech",190335,10524,200859
2021-01-23,"Moderna, Pfizer/BioNTech",193614,11390,205004
2021-01-24,"Moderna, Pfizer/BioNTech",195857,12253,208110
2021-01-25,"Moderna, Pfizer/BioNTech",205451,15203,220654
2021-01-26,"Moderna, Pfizer/BioNTech",215944,19159,235103
2021-01-27,"Moderna, Pfizer/BioNTech",224931,23651,248582
2021-01-28,"Moderna, Pfizer/BioNTech",231959,29735,261694
2021-01-29,"Moderna, Pfizer/BioNTech",238133,37544,275677
2021-01-30,"Moderna, Pfizer/BioNTech",238851,38626,277477
2021-01-31,Pfizer/BioNTech,239553,39796,279349
2021-02-01,"Moderna, Pfizer/BioNTech",243497,47676,291173
2021-02-02,"Moderna, Pfizer/BioNTech",247614,57840,305454
2021-02-03,"Moderna, Pfizer/BioNTech",251998,68789,320787
2021-02-04,"Moderna, Pfizer/BioNTech",256874,81700,338574
2021-02-05,"Moderna, Pfizer/BioNTech",262311,92318,354629
2021-02-06,"Moderna, Pfizer/BioNTech",263147,94652,357799
2021-02-07,"Moderna, Pfizer/BioNTech",263992,97128,361120
2021-02-08,"Moderna, Pfizer/BioNTech",268008,108476,376484
2021-02-09,"Moderna, Oxford/AstraZeneca, Pfizer/BioNTech",273071,120371,393442
2021-02-10,"Moderna, Pfizer/BioNTech",278534,133542,412076
2021-02-11,"Moderna, Oxford/AstraZeneca, Pfizer/BioNTech",284810,149651,434461
2021-02-12,"Moderna, Oxford/AstraZeneca, Pfizer/BioNTech",291510,164288,455798
2021-02-13,"Moderna, Oxford/AstraZeneca, Pfizer/BioNTech",293085,167258,460343
2021-02-14,"Moderna, Oxford/AstraZeneca, Pfizer/BioNTech",294073,168624,462697
2021-02-15,"Moderna, Oxford/AstraZeneca, Pfizer/BioNTech",300415,177927,478342
2021-02-16,"Moderna, Oxford/AstraZeneca, Pfizer/BioNTech",309030,186940,495970
2021-02-17,"Moderna, Oxford/AstraZeneca, Pfizer/BioNTech",318689,195184,513873
2021-02-18,"Moderna, Oxford/AstraZeneca, Pfizer/BioNTech",330951,203166,534117
2021-02-19,"Moderna, Oxford/AstraZeneca, Pfizer/BioNTech",342708,210453,553161
2021-02-20,"Moderna, Oxford/AstraZeneca, Pfizer/BioNTech",344636,211615,556251
2021-02-21,"Moderna, Oxford/AstraZeneca, Pfizer/BioNTech",345658,212621,558279
2021-02-22,"Moderna, Oxford/AstraZeneca, Pfizer/BioNTech",355728,218608,574336
2021-02-23,"Moderna, Oxford/AstraZeneca, Pfizer/BioNTech",368574,225540,594114
2021-02-24,"Moderna, Oxford/AstraZeneca, Pfizer/BioNTech",382343,231533,613876
2021-02-25,"Moderna, Oxford/AstraZeneca, Pfizer/BioNTech",400232,237046,637278
2021-02-26,"Moderna, Oxford/AstraZeneca, Pfizer/BioNTech",416293,242359,658652
2021-02-27,"Moderna, Oxford/AstraZeneca, Pfizer/BioNTech",419224,242907,662131
2021-02-28,"Moderna, Oxford/AstraZeneca, Pfizer/BioNTech",421557,243454,665011
2021-03-01,"Moderna, Oxford/AstraZeneca, Pfizer/BioNTech",440850,246841,687691
2021-03-02,"Moderna, Oxford/AstraZeneca, Pfizer/BioNTech",467901,250364,718265
2021-03-03,"Moderna, Oxford/AstraZeneca, Pfizer/BioNTech",498416,254833,753249
2021-03-04,"Moderna, Oxford/AstraZeneca, Pfizer/BioNTech",531402,259481,790883
2021-03-05,"Moderna, Oxford/AstraZeneca, Pfizer/BioNTech",559937,264840,824777
2021-03-06,"Moderna, Oxford/AstraZeneca, Pfizer/BioNTech",571903,265676,837579
2021-03-07,"Moderna, Oxford/AstraZeneca, Pfizer/BioNTech",583227,266504,849731
2021-03-08,"Moderna, Oxford/AstraZeneca, Pfizer/BioNTech",612726,271312,884038
2021-03-09,"Moderna, Oxford/AstraZeneca, Pfizer/BioNTech",648732,277641,926373
2021-03-10,"Moderna, Oxford/AstraZeneca, Pfizer/BioNTech",689641,284549,974190
2021-03-11,"Moderna, Oxford/AstraZeneca, Pfizer/BioNTech",734035,292859,1026894
2021-03-12,"Moderna, Oxford/AstraZeneca, Pfizer/BioNTech",772409,301254,1073663
2021-03-13,"Moderna, Oxford/AstraZeneca, Pfizer/BioNTech",789372,302537,1091909
2021-03-14,"Moderna, Oxford/AstraZeneca, Pfizer/BioNTech",801400,303662,1105062
2021-03-15,"Moderna, Oxford/AstraZeneca, Pfizer/BioNTech",829466,312406,1141872
2021-03-16,"Moderna, Oxford/AstraZeneca, Pfizer/BioNTech",868035,322865,1190900
2021-03-17,"Moderna, Oxford/AstraZeneca, Pfizer/BioNTech",905194,333307,1238501
2021-03-18,"Moderna, Oxford/AstraZeneca, Pfizer/BioNTech",942745,345660,1288405
2021-03-19,"Moderna, Oxford/AstraZeneca, Pfizer/BioNTech",976775,359187,1335962
2021-03-20,"Moderna, Oxford/AstraZeneca, Pfizer/BioNTech",991740,361193,1352933
2021-03-21,"Moderna, Oxford/AstraZeneca, Pfizer/BioNTech",999076,362723,1361799
2021-03-22,"Moderna, Oxford/AstraZeneca, Pfizer/BioNTech",1023161,375092,1398253
2021-03-23,"Moderna, Oxford/AstraZeneca, Pfizer/BioNTech",1049430,388332,1437762
2021-03-24,"Moderna, Oxford/AstraZeneca, Pfizer/BioNTech",1075943,403956,1479899
2021-03-25,"Moderna, Oxford/AstraZeneca, Pfizer/BioNTech",1101996,421738,1523734
2021-03-26,"Moderna, Oxford/AstraZeneca, Pfizer/BioNTech",1126500,439145,1565645
2021-03-27,"Moderna, Oxford/AstraZeneca, Pfizer/BioNTech",1134847,443954,1578801
2021-03-28,"Moderna, Oxford/AstraZeneca, Pfizer/BioNTech",1140322,448063,1588385
2021-03-29,"Moderna, Oxford/AstraZeneca, Pfizer/BioNTech",1159037,468643,1627680
2021-03-30,"Moderna, Oxford/AstraZeneca, Pfizer/BioNTech",1183452,490697,1674149
2021-03-31,"Moderna, Oxford/AstraZeneca, Pfizer/BioNTech",1206281,517637,1723918
2021-04-01,"Moderna, Oxford/AstraZeneca, Pfizer/BioNTech",1231579,549479,1781058
2021-04-02,"Moderna, Oxford/AstraZeneca, Pfizer/BioNTech",1238317,562182,1800499
2021-04-03,"Moderna, Oxford/AstraZeneca, Pfizer/BioNTech",1241836,573058,1814894
2021-04-04,"Moderna, Oxford/AstraZeneca, Pfizer/BioNTech",1244294,581789,1826083
2021-04-05,"Moderna, Oxford/AstraZeneca, Pfizer/BioNTech",1246596,588929,1835525
2021-04-06,"Moderna, Oxford/AstraZeneca, Pfizer/BioNTech",1262547,618069,1880616
2021-04-07,"Moderna, Oxford/AstraZeneca, Pfizer/BioNTech",1285665,640107,1925772
2021-04-08,"Moderna, Oxford/AstraZeneca, Pfizer/BioNTech",1323644,670888,1994532
2021-04-09,"Moderna, Oxford/AstraZeneca, Pfizer/BioNTech",1362231,700746,2062977
2021-04-10,"Moderna, Oxford/AstraZeneca, Pfizer/BioNTech",1377434,715934,2093368
2021-04-11,"Moderna, Oxford/AstraZeneca, Pfizer/BioNTech",1387080,725914,2112994
2021-04-12,"Moderna, Oxford/AstraZeneca, Pfizer/BioNTech",1424575,750657,2175232
2021-04-13,"Moderna, Oxford/AstraZeneca, Pfizer/BioNTech",1460087,776451,2236538
2021-04-14,"Moderna, Oxford/AstraZeneca, Pfizer/BioNTech",1498304,803676,2301980
2021-04-15,"Moderna, Oxford/AstraZeneca, Pfizer/BioNTech",1545506,829230,2374736
2021-04-16,"Moderna, Oxford/AstraZeneca, Pfizer/BioNTech",1589605,854756,2444361
2021-04-17,"Moderna, Oxford/AstraZeneca, Pfizer/BioNTech",1606058,863738,2469796
2021-04-18,"Moderna, Oxford/AstraZeneca, Pfizer/BioNTech",1618936,868679,2487615
2021-04-19,"Moderna, Oxford/AstraZeneca, Pfizer/BioNTech",1662402,883985,2546387
2021-04-20,"Moderna, Oxford/AstraZeneca, Pfizer/BioNTech",1704209,899718,2603927
2021-04-21,"Moderna, Oxford/AstraZeneca, Pfizer/BioNTech",1751349,913814,2665163
2021-04-22,"Johnson&Johnson, Moderna, Oxford/AstraZeneca, Pfizer/BioNTech",1805206,931083,2736289
2021-04-23,"Johnson&Johnson, Moderna, Oxford/AstraZeneca, Pfizer/BioNTech",1854614,943023,2797637
2021-04-24,"Johnson&Johnson, Moderna, Oxford/AstraZeneca, Pfizer/BioNTech",1872176,948209,2820385
2021-04-25,"Johnson&Johnson, Moderna, Oxford/AstraZeneca, Pfizer/BioNTech",1886643,952180,2838823
2021-04-26,"Johnson&Johnson, Moderna, Oxford/AstraZeneca, Pfizer/BioNTech",1935608,959524,2895132
2021-04-27,"Johnson&Johnson, Moderna, Oxford/AstraZeneca, Pfizer/BioNTech",1983947,971633,2955580
2021-04-28,"Johnson&Johnson, Moderna, Oxford/AstraZeneca, Pfizer/BioNTech",2042126,985508,3027634
2021-04-29,"Johnson&Johnson, Moderna, Oxford/AstraZeneca, Pfizer/BioNTech",2106861,1001175,3108036
2021-04-30,"Johnson&Johnson, Moderna, Oxford/AstraZeneca, Pfizer/BioNTech",2168352,1010989,3179341
2021-05-01,"Johnson&Johnson, Moderna, Oxford/AstraZeneca, Pfizer/BioNTech",2187459,1014318,3201777
2021-05-02,"Johnson&Johnson, Moderna, Oxford/AstraZeneca, Pfizer/BioNTech",2206197,1016534,3222731
2021-05-03,"Johnson&Johnson, Moderna, Oxford/AstraZeneca, Pfizer/BioNTech",2272763,1021513,3294276
2021-05-04,"Johnson&Johnson, Moderna, Oxford/AstraZeneca, Pfizer/BioNTech",2338378,1029737,3368115
2021-05-05,"Johnson&Johnson, Moderna, Oxford/AstraZeneca, Pfizer/BioNTech",2410679,1039007,3449686
2021-05-06,"Johnson&Johnson, Moderna, Oxford/AstraZeneca, Pfizer/BioNTech",2490027,1049535,3539562
2021-05-07,"Johnson&Johnson, Moderna, Oxford/AstraZeneca, Pfizer/BioNTech",2566419,1059425,3625844
2021-05-08,"Johnson&Johnson, Moderna, Oxford/AstraZeneca, Pfizer/BioNTech",2595626,1061117,3656743
2021-05-09,"Johnson&Johnson, Moderna, Oxford/AstraZeneca, Pfizer/BioNTech",2619633,1062282,3681915
2021-05-10,"Johnson&Johnson, Moderna, Oxford/AstraZeneca, Pfizer/BioNTech",2691342,1069355,3760697
2021-05-11,"Johnson&Johnson, Moderna, Oxford/AstraZeneca, Pfizer/BioNTech",2766398,1078045,3844443
2021-05-12,"Johnson&Johnson, Moderna, Oxford/AstraZeneca, Pfizer/BioNTech",2845314,1086925,3932239
2021-05-13,"Johnson&Johnson, Moderna, Oxford/AstraZeneca, Pfizer/BioNTech",2928341,1095915,4024256
2021-05-14,"Johnson&Johnson, Moderna, Oxford/AstraZeneca, Pfizer/BioNTech",3006617,1103495,4110112
2021-05-15,"Johnson&Johnson, Moderna, Oxford/AstraZeneca, Pfizer/BioNTech",3038135,1105573,4143708
2021-05-16,"Johnson&Johnson, Moderna, Oxford/AstraZeneca, Pfizer/BioNTech",3063734,1106742,4170476
2021-05-17,"Johnson&Johnson, Moderna, Oxford/AstraZeneca, Pfizer/BioNTech",3135486,1113337,4248823
2021-05-18,"Johnson&Johnson, Moderna, Oxford/AstraZeneca, Pfizer/BioNTech",3206664,1126178,4332842
2021-05-19,"Johnson&Johnson, Moderna, Oxford/AstraZeneca, Pfizer/BioNTech",3282863,1141025,4423888
2021-05-20,"Johnson&Johnson, Moderna, Oxford/AstraZeneca, Pfizer/BioNTech",3356147,1167054,4523201
2021-05-21,"Johnson&Johnson, Moderna, Oxford/AstraZeneca, Pfizer/BioNTech",3422090,1193741,4615831
2021-05-22,"Johnson&Johnson, Moderna, Oxford/AstraZeneca, Pfizer/BioNTech",3452850,1204450,4657300
2021-05-23,"Johnson&Johnson, Moderna, Oxford/AstraZeneca, Pfizer/BioNTech",3473942,1213023,4686965
