date,vaccine,people_vaccinated,people_fully_vaccinated,total_vaccinations
2020-12-27,Pfizer/BioNTech,1253,0,1253
2020-12-28,Pfizer/BioNTech,3545,0,3545
2020-12-29,Pfizer/BioNTech,6993,0,6993
2020-12-30,Pfizer/BioNTech,10470,0,10470
2020-12-31,Pfizer/BioNTech,11776,0,11776
2021-01-01,Pfizer/BioNTech,12037,0,12037
2021-01-02,Pfizer/BioNTech,13302,0,13302
2021-01-03,Pfizer/BioNTech,14216,0,14216
2021-01-04,Pfizer/BioNTech,17791,0,17791
2021-01-05,Pfizer/BioNTech,22282,0,22282
2021-01-06,Pfizer/BioNTech,28101,0,28101
2021-01-07,Pfizer/BioNTech,36044,0,36044
2021-01-08,Pfizer/BioNTech,45982,0,45982
2021-01-09,Pfizer/BioNTech,47994,0,47994
2021-01-10,Pfizer/BioNTech,49745,0,49745
2021-01-11,Pfizer/BioNTech,59544,0,59544
2021-01-12,Pfizer/BioNTech,72904,0,72904
2021-01-13,Pfizer/BioNTech,86377,0,86377
2021-01-14,"Moderna, Pfizer/BioNTech",101538,0,101538
2021-01-15,"Moderna, Pfizer/BioNTech",115478,0,115478
2021-01-16,"Moderna, Pfizer/BioNTech",118850,2,118852
2021-01-17,"Moderna, Pfizer/BioNTech",121446,636,122082
2021-01-18,"Moderna, Pfizer/BioNTech",133896,2449,136345
2021-01-19,"Moderna, Pfizer/BioNTech",146401,5150,151551
2021-01-20,"Moderna, Pfizer/BioNTech",160010,7779,167789
2021-01-21,"Moderna, Pfizer/BioNTech",175573,9501,185074
2021-01-22,"Moderna, Pfizer/BioNTech",190370,10535,200905
2021-01-23,"Moderna, Pfizer/BioNTech",193650,11402,205052
2021-01-24,"Moderna, Pfizer/BioNTech",195895,12265,208160
2021-01-25,"Moderna, Pfizer/BioNTech",205491,15220,220711
2021-01-26,"Moderna, Pfizer/BioNTech",215984,19176,235160
2021-01-27,"Moderna, Pfizer/BioNTech",224974,23671,248645
2021-01-28,"Moderna, Pfizer/BioNTech",232002,29760,261762
2021-01-29,"Moderna, Pfizer/BioNTech",238180,37579,275759
2021-01-30,"Moderna, Pfizer/BioNTech",238898,38661,277559
2021-01-31,"Moderna, Pfizer/BioNTech",239601,39833,279434
2021-02-01,"Moderna, Pfizer/BioNTech",243549,47718,291267
2021-02-02,"Moderna, Pfizer/BioNTech",247666,57887,305553
2021-02-03,"Moderna, Pfizer/BioNTech",252054,68838,320892
2021-02-04,"Moderna, Pfizer/BioNTech",256931,81750,338681
2021-02-05,"Moderna, Pfizer/BioNTech",262367,92373,354740
2021-02-06,"Moderna, Pfizer/BioNTech",263203,94710,357913
2021-02-07,"Moderna, Pfizer/BioNTech",264049,97186,361235
2021-02-08,"Moderna, Pfizer/BioNTech",268074,108536,376610
2021-02-09,"Moderna, Oxford/AstraZeneca, Pfizer/BioNTech",273138,120431,393569
2021-02-10,"Moderna, Pfizer/BioNTech",278603,133604,412207
2021-02-11,"Moderna, Oxford/AstraZeneca, Pfizer/BioNTech",284881,149720,434601
2021-02-12,"Moderna, Oxford/AstraZeneca, Pfizer/BioNTech",291586,164360,455946
2021-02-13,"Moderna, Oxford/AstraZeneca, Pfizer/BioNTech",293163,167331,460494
2021-02-14,"Moderna, Oxford/AstraZeneca, Pfizer/BioNTech",294151,168699,462850
2021-02-15,"Moderna, Oxford/AstraZeneca, Pfizer/BioNTech",300494,178005,478499
2021-02-16,"Moderna, Oxford/AstraZeneca, Pfizer/BioNTech",309158,187021,496179
2021-02-17,"Moderna, Oxford/AstraZeneca, Pfizer/BioNTech",318819,195267,514086
2021-02-18,"Moderna, Oxford/AstraZeneca, Pfizer/BioNTech",331088,203250,534338
2021-02-19,"Moderna, Oxford/AstraZeneca, Pfizer/BioNTech",342897,210538,553435
2021-02-20,"Moderna, Oxford/AstraZeneca, Pfizer/BioNTech",344831,211701,556532
2021-02-21,"Moderna, Oxford/AstraZeneca, Pfizer/BioNTech",345855,212707,558562
2021-02-22,"Moderna, Oxford/AstraZeneca, Pfizer/BioNTech",355934,218696,574630
2021-02-23,"Moderna, Oxford/AstraZeneca, Pfizer/BioNTech",368801,225631,594432
2021-02-24,"Moderna, Oxford/AstraZeneca, Pfizer/BioNTech",382608,231626,614234
2021-02-25,"Moderna, Oxford/AstraZeneca, Pfizer/BioNTech",400528,237140,637668
2021-02-26,"Moderna, Oxford/AstraZeneca, Pfizer/BioNTech",416625,242453,659078
2021-02-27,"Moderna, Oxford/AstraZeneca, Pfizer/BioNTech",419558,243001,662559
2021-02-28,"Moderna, Oxford/AstraZeneca, Pfizer/BioNTech",421895,243543,665438
2021-03-01,"Moderna, Oxford/AstraZeneca, Pfizer/BioNTech",441256,246937,688193
2021-03-02,"Moderna, Oxford/AstraZeneca, Pfizer/BioNTech",468341,250461,718802
2021-03-03,"Moderna, Oxford/AstraZeneca, Pfizer/BioNTech",498934,254934,753868
2021-03-04,"Moderna, Oxford/AstraZeneca, Pfizer/BioNTech",532001,259583,791584
2021-03-05,"Moderna, Oxford/AstraZeneca, Pfizer/BioNTech",560664,264946,825610
2021-03-06,"Moderna, Oxford/AstraZeneca, Pfizer/BioNTech",572735,265782,838517
2021-03-07,"Moderna, Oxford/AstraZeneca, Pfizer/BioNTech",584077,266610,850687
2021-03-08,"Moderna, Oxford/AstraZeneca, Pfizer/BioNTech",613630,271419,885049
2021-03-09,"Moderna, Oxford/AstraZeneca, Pfizer/BioNTech",649748,277750,927498
2021-03-10,"Moderna, Oxford/AstraZeneca, Pfizer/BioNTech",690748,284662,975410
2021-03-11,"Moderna, Oxford/AstraZeneca, Pfizer/BioNTech",735249,292976,1028225
2021-03-12,"Moderna, Oxford/AstraZeneca, Pfizer/BioNTech",773786,301395,1075181
2021-03-13,"Moderna, Oxford/AstraZeneca, Pfizer/BioNTech",790778,302679,1093457
2021-03-14,"Moderna, Oxford/AstraZeneca, Pfizer/BioNTech",802804,303805,1106609
2021-03-15,"Moderna, Oxford/AstraZeneca, Pfizer/BioNTech",830982,312549,1143531
2021-03-16,"Moderna, Oxford/AstraZeneca, Pfizer/BioNTech",869674,323016,1192690
2021-03-17,"Moderna, Oxford/AstraZeneca, Pfizer/BioNTech",906940,333468,1240408
2021-03-18,"Moderna, Oxford/AstraZeneca, Pfizer/BioNTech",944626,345825,1290451
2021-03-19,"Moderna, Oxford/AstraZeneca, Pfizer/BioNTech",978755,359366,1338121
2021-03-20,"Moderna, Oxford/AstraZeneca, Pfizer/BioNTech",993752,361371,1355123
2021-03-21,"Moderna, Oxford/AstraZeneca, Pfizer/BioNTech",1001097,362901,1363998
2021-03-22,"Moderna, Oxford/AstraZeneca, Pfizer/BioNTech",1025229,375289,1400518
2021-03-23,"Moderna, Oxford/AstraZeneca, Pfizer/BioNTech",1051526,388533,1440059
2021-03-24,"Moderna, Oxford/AstraZeneca, Pfizer/BioNTech",1078076,404170,1482246
2021-03-25,"Moderna, Oxford/AstraZeneca, Pfizer/BioNTech",1104185,421960,1526145
2021-03-26,"Moderna, Oxford/AstraZeneca, Pfizer/BioNTech",1128784,439380,1568164
2021-03-27,"Moderna, Oxford/AstraZeneca, Pfizer/BioNTech",1137137,444189,1581326
2021-03-28,"Moderna, Oxford/AstraZeneca, Pfizer/BioNTech",1142618,448300,1590918
2021-03-29,"Moderna, Oxford/AstraZeneca, Pfizer/BioNTech",1161358,468885,1630243
2021-03-30,"Moderna, Oxford/AstraZeneca, Pfizer/BioNTech",1185813,490952,1676765
2021-03-31,"Moderna, Oxford/AstraZeneca, Pfizer/BioNTech",1208673,517899,1726572
2021-04-01,"Moderna, Oxford/AstraZeneca, Pfizer/BioNTech",1234023,549754,1783777
2021-04-02,"Moderna, Oxford/AstraZeneca, Pfizer/BioNTech",1240816,562461,1803277
2021-04-03,"Moderna, Oxford/AstraZeneca, Pfizer/BioNTech",1244367,573339,1817706
2021-04-04,"Moderna, Oxford/AstraZeneca, Pfizer/BioNTech",1246833,582072,1828905
2021-04-05,"Moderna, Oxford/AstraZeneca, Pfizer/BioNTech",1249140,589213,1838353
2021-04-06,"Moderna, Oxford/AstraZeneca, Pfizer/BioNTech",1265116,618352,1883468
2021-04-07,"Moderna, Oxford/AstraZeneca, Pfizer/BioNTech",1288283,640397,1928680
2021-04-08,"Moderna, Oxford/AstraZeneca, Pfizer/BioNTech",1326428,671194,1997622
2021-04-09,"Moderna, Oxford/AstraZeneca, Pfizer/BioNTech",1365243,701092,2066335
2021-04-10,"Moderna, Oxford/AstraZeneca, Pfizer/BioNTech",1380515,716281,2096796
2021-04-11,"Moderna, Oxford/AstraZeneca, Pfizer/BioNTech",1390203,726263,2116466
2021-04-12,"Moderna, Oxford/AstraZeneca, Pfizer/BioNTech",1427910,751049,2178959
2021-04-13,"Moderna, Oxford/AstraZeneca, Pfizer/BioNTech",1463697,776857,2240554
2021-04-14,"Moderna, Oxford/AstraZeneca, Pfizer/BioNTech",1502131,804110,2306241
2021-04-15,"Moderna, Oxford/AstraZeneca, Pfizer/BioNTech",1549581,829678,2379259
2021-04-16,"Moderna, Oxford/AstraZeneca, Pfizer/BioNTech",1593859,855210,2449069
2021-04-17,"Moderna, Oxford/AstraZeneca, Pfizer/BioNTech",1610399,864193,2474592
2021-04-18,"Moderna, Oxford/AstraZeneca, Pfizer/BioNTech",1623293,869137,2492430
2021-04-19,"Moderna, Oxford/AstraZeneca, Pfizer/BioNTech",1666870,884460,2551330
2021-04-20,"Moderna, Oxford/AstraZeneca, Pfizer/BioNTech",1708715,900199,2608914
2021-04-21,"Moderna, Oxford/AstraZeneca, Pfizer/BioNTech",1756224,914301,2670525
2021-04-22,"Johnson&Johnson, Moderna, Oxford/AstraZeneca, Pfizer/BioNTech",1810370,931577,2741947
2021-04-23,"Johnson&Johnson, Moderna, Oxford/AstraZeneca, Pfizer/BioNTech",1860030,943524,2803554
2021-04-24,"Johnson&Johnson, Moderna, Oxford/AstraZeneca, Pfizer/BioNTech",1877750,948713,2826463
2021-04-25,"Johnson&Johnson, Moderna, Oxford/AstraZeneca, Pfizer/BioNTech",1892345,952688,2845033
2021-04-26,"Johnson&Johnson, Moderna, Oxford/AstraZeneca, Pfizer/BioNTech",1941615,960037,2901652
2021-04-27,"Johnson&Johnson, Moderna, Oxford/AstraZeneca, Pfizer/BioNTech",1990216,972146,2962362
2021-04-28,"Johnson&Johnson, Moderna, Oxford/AstraZeneca, Pfizer/BioNTech",2048592,986024,3034616
2021-04-29,"Johnson&Johnson, Moderna, Oxford/AstraZeneca, Pfizer/BioNTech",2113475,1001735,3115210
2021-04-30,"Johnson&Johnson, Moderna, Oxford/AstraZeneca, Pfizer/BioNTech",2175114,1011586,3186700
2021-05-01,"Johnson&Johnson, Moderna, Oxford/AstraZeneca, Pfizer/BioNTech",2194283,1014950,3209233
2021-05-02,"Johnson&Johnson, Moderna, Oxford/AstraZeneca, Pfizer/BioNTech",2213056,1017174,3230230
2021-05-03,"Johnson&Johnson, Moderna, Oxford/AstraZeneca, Pfizer/BioNTech",2279728,1022157,3301885
2021-05-04,"Johnson&Johnson, Moderna, Oxford/AstraZeneca, Pfizer/BioNTech",2345478,1030392,3375870
2021-05-05,"Johnson&Johnson, Moderna, Oxford/AstraZeneca, Pfizer/BioNTech",2418033,1039676,3457709
2021-05-06,"Johnson&Johnson, Moderna, Oxford/AstraZeneca, Pfizer/BioNTech",2497606,1050227,3547833
2021-05-07,"Johnson&Johnson, Moderna, Oxford/AstraZeneca, Pfizer/BioNTech",2574267,1060144,3634411
2021-05-08,"Johnson&Johnson, Moderna, Oxford/AstraZeneca, Pfizer/BioNTech",2603478,1061837,3665315
2021-05-09,"Johnson&Johnson, Moderna, Oxford/AstraZeneca, Pfizer/BioNTech",2627489,1063003,3690492
2021-05-10,"Johnson&Johnson, Moderna, Oxford/AstraZeneca, Pfizer/BioNTech",2699534,1070095,3769629
2021-05-11,"Johnson&Johnson, Moderna, Oxford/AstraZeneca, Pfizer/BioNTech",2774944,1078809,3853753
2021-05-12,"Johnson&Johnson, Moderna, Oxford/AstraZeneca, Pfizer/BioNTech",2854081,1087745,3941826
2021-05-13,"Johnson&Johnson, Moderna, Oxford/AstraZeneca, Pfizer/BioNTech",2937321,1096798,4034119
2021-05-14,"Johnson&Johnson, Moderna, Oxford/AstraZeneca, Pfizer/BioNTech",3015895,1104447,4120342
2021-05-15,"Johnson&Johnson, Moderna, Oxford/AstraZeneca, Pfizer/BioNTech",3047494,1106581,4154075
2021-05-16,"Johnson&Johnson, Moderna, Oxford/AstraZeneca, Pfizer/BioNTech",3073122,1107756,4180878
2021-05-17,"Johnson&Johnson, Moderna, Oxford/AstraZeneca, Pfizer/BioNTech",3145036,1114377,4259413
2021-05-18,"Johnson&Johnson, Moderna, Oxford/AstraZeneca, Pfizer/BioNTech",3216342,1127258,4343600
2021-05-19,"Johnson&Johnson, Moderna, Oxford/AstraZeneca, Pfizer/BioNTech",3293050,1142236,4435286
2021-05-20,"Johnson&Johnson, Moderna, Oxford/AstraZeneca, Pfizer/BioNTech",3367772,1169027,4536799
2021-05-21,"Johnson&Johnson, Moderna, Oxford/AstraZeneca, Pfizer/BioNTech",3435866,1196572,4632438
2021-05-22,"Johnson&Johnson, Moderna, Oxford/AstraZeneca, Pfizer/BioNTech",3467812,1207598,4675410
2021-05-23,"Johnson&Johnson, Moderna, Oxford/AstraZeneca, Pfizer/BioNTech",3489939,1216530,4706469
2021-05-24,"Johnson&Johnson, Moderna, Oxford/AstraZeneca, Pfizer/BioNTech",3536614,1249915,4786529
2021-05-25,"Johnson&Johnson, Moderna, Oxford/AstraZeneca, Pfizer/BioNTech",3587916,1285434,4873350
2021-05-26,"Johnson&Johnson, Moderna, Oxford/AstraZeneca, Pfizer/BioNTech",3655015,1322736,4977751
2021-05-27,"Johnson&Johnson, Moderna, Oxford/AstraZeneca, Pfizer/BioNTech",3715750,1369732,5085482
2021-05-28,"Johnson&Johnson, Moderna, Oxford/AstraZeneca, Pfizer/BioNTech",3776804,1415948,5192752
2021-05-29,"Johnson&Johnson, Moderna, Oxford/AstraZeneca, Pfizer/BioNTech",3805668,1432897,5238565
2021-05-30,"Johnson&Johnson, Moderna, Oxford/AstraZeneca, Pfizer/BioNTech",3827783,1447234,5275017
2021-05-31,"Johnson&Johnson, Moderna, Oxford/AstraZeneca, Pfizer/BioNTech",3882301,1494283,5376584
2021-06-01,"Johnson&Johnson, Moderna, Oxford/AstraZeneca, Pfizer/BioNTech",3940291,1542316,5482607
2021-06-02,"Johnson&Johnson, Moderna, Oxford/AstraZeneca, Pfizer/BioNTech",4002430,1595998,5598428
2021-06-03,"Johnson&Johnson, Moderna, Oxford/AstraZeneca, Pfizer/BioNTech",4059862,1655650,5715512
2021-06-04,"Johnson&Johnson, Moderna, Oxford/AstraZeneca, Pfizer/BioNTech",4121603,1712234,5833837
2021-06-05,"Johnson&Johnson, Moderna, Oxford/AstraZeneca, Pfizer/BioNTech",4154835,1730840,5885675
2021-06-06,"Johnson&Johnson, Moderna, Oxford/AstraZeneca, Pfizer/BioNTech",4181555,1745809,5927364
2021-06-07,"Johnson&Johnson, Moderna, Oxford/AstraZeneca, Pfizer/BioNTech",4243399,1800599,6043998
2021-06-08,"Johnson&Johnson, Moderna, Oxford/AstraZeneca, Pfizer/BioNTech",4305644,1854485,6160129
2021-06-09,"Johnson&Johnson, Moderna, Oxford/AstraZeneca, Pfizer/BioNTech",4352144,1906525,6258669
