date,vaccine,people_vaccinated,people_fully_vaccinated,total_vaccinations
2020-12-27,Pfizer/BioNTech,1287,0,1287
2020-12-28,Pfizer/BioNTech,3591,0,3591
2020-12-29,Pfizer/BioNTech,7062,1,7063
2020-12-30,Pfizer/BioNTech,10582,1,10583
2020-12-31,Pfizer/BioNTech,11893,1,11894
2021-01-01,"Moderna, Pfizer/BioNTech",12163,1,12164
2021-01-02,"Moderna, Pfizer/BioNTech",13447,1,13448
2021-01-03,"Moderna, Pfizer/BioNTech",14373,1,14374
2021-01-04,"Moderna, Pfizer/BioNTech",17987,1,17988
2021-01-05,"Moderna, Pfizer/BioNTech",22514,2,22516
2021-01-06,"Moderna, Pfizer/BioNTech",28362,3,28365
2021-01-07,"Moderna, Pfizer/BioNTech",36363,3,36366
2021-01-08,"Moderna, Pfizer/BioNTech",46418,4,46422
2021-01-09,"Moderna, Pfizer/BioNTech",48446,6,48452
2021-01-10,Pfizer/BioNTech,50217,8,50225
2021-01-11,"Moderna, Pfizer/BioNTech",60077,10,60087
2021-01-12,"Moderna, Pfizer/BioNTech",73535,12,73547
2021-01-13,"Moderna, Pfizer/BioNTech",87085,12,87097
2021-01-14,"Moderna, Pfizer/BioNTech",102343,16,102359
2021-01-15,"Moderna, Pfizer/BioNTech",116366,17,116383
2021-01-16,"Moderna, Pfizer/BioNTech",119770,21,119791
2021-01-17,"Moderna, Pfizer/BioNTech",122391,657,123048
2021-01-18,"Moderna, Pfizer/BioNTech",134886,2484,137370
2021-01-19,"Moderna, Pfizer/BioNTech",147500,5213,152713
2021-01-20,"Moderna, Pfizer/BioNTech",161199,7877,169076
2021-01-21,"Moderna, Pfizer/BioNTech",176856,9619,186475
2021-01-22,"Moderna, Pfizer/BioNTech",191750,10665,202415
2021-01-23,"Moderna, Pfizer/BioNTech",195070,11544,206614
2021-01-24,"Moderna, Pfizer/BioNTech",197326,12414,209740
2021-01-25,"Moderna, Pfizer/BioNTech",206981,15388,222369
2021-01-26,"Moderna, Pfizer/BioNTech",217530,19380,236910
2021-01-27,"Moderna, Pfizer/BioNTech",226563,23916,250479
2021-01-28,"Moderna, Pfizer/BioNTech",233667,30051,263718
2021-01-29,"Moderna, Pfizer/BioNTech",239885,37961,277846
2021-01-30,"Moderna, Pfizer/BioNTech",240626,39049,279675
2021-01-31,"Moderna, Pfizer/BioNTech",241344,40231,281575
2021-02-01,"Moderna, Pfizer/BioNTech",245326,48201,293527
2021-02-02,"Moderna, Pfizer/BioNTech",249480,58441,307921
2021-02-03,"Moderna, Pfizer/BioNTech",253907,69465,323372
2021-02-04,"Moderna, Pfizer/BioNTech",258815,82461,341276
2021-02-05,"Moderna, Pfizer/BioNTech",264289,93138,357427
2021-02-06,"Moderna, Oxford/AstraZeneca, Pfizer/BioNTech",265146,95504,360650
2021-02-07,"Moderna, Oxford/AstraZeneca, Pfizer/BioNTech",265998,98004,364002
2021-02-08,"Moderna, Oxford/AstraZeneca, Pfizer/BioNTech",270093,109438,379531
2021-02-09,"Moderna, Oxford/AstraZeneca, Pfizer/BioNTech",275201,121355,396556
2021-02-10,"Moderna, Oxford/AstraZeneca, Pfizer/BioNTech",280718,134618,415336
2021-02-11,"Moderna, Oxford/AstraZeneca, Pfizer/BioNTech",287061,150841,437902
2021-02-12,"Moderna, Oxford/AstraZeneca, Pfizer/BioNTech",293891,165590,459481
2021-02-13,"Moderna, Oxford/AstraZeneca, Pfizer/BioNTech",295507,168579,464086
2021-02-14,"Moderna, Oxford/AstraZeneca, Pfizer/BioNTech",296513,169965,466478
2021-02-15,"Moderna, Oxford/AstraZeneca, Pfizer/BioNTech",302912,179336,482248
2021-02-16,"Moderna, Oxford/AstraZeneca, Pfizer/BioNTech",311635,188420,500055
2021-02-17,"Moderna, Oxford/AstraZeneca, Pfizer/BioNTech",321338,196731,518069
2021-02-18,"Moderna, Oxford/AstraZeneca, Pfizer/BioNTech",333668,204815,538483
2021-02-19,"Moderna, Oxford/AstraZeneca, Pfizer/BioNTech",345534,212192,557726
2021-02-20,"Moderna, Oxford/AstraZeneca, Pfizer/BioNTech",347544,213378,560922
2021-02-21,"Moderna, Oxford/AstraZeneca, Pfizer/BioNTech",348681,214404,563085
2021-02-22,"Moderna, Oxford/AstraZeneca, Pfizer/BioNTech",358809,220442,579251
2021-02-23,"Moderna, Oxford/AstraZeneca, Pfizer/BioNTech",371774,227434,599208
2021-02-24,"Moderna, Oxford/AstraZeneca, Pfizer/BioNTech",385659,233477,619136
2021-02-25,"Moderna, Oxford/AstraZeneca, Pfizer/BioNTech",403643,239029,642672
2021-02-26,"Moderna, Oxford/AstraZeneca, Pfizer/BioNTech",419823,244391,664214
2021-02-27,"Moderna, Oxford/AstraZeneca, Pfizer/BioNTech",422833,244951,667784
2021-02-28,"Moderna, Oxford/AstraZeneca, Pfizer/BioNTech",425191,245503,670694
2021-03-01,"Moderna, Oxford/AstraZeneca, Pfizer/BioNTech",444793,248954,693747
2021-03-02,"Moderna, Oxford/AstraZeneca, Pfizer/BioNTech",472022,252504,724526
2021-03-03,"Moderna, Oxford/AstraZeneca, Pfizer/BioNTech",502983,257015,759998
2021-03-04,"Moderna, Oxford/AstraZeneca, Pfizer/BioNTech",536275,261705,797980
2021-03-05,"Johnson&Johnson, Moderna, Oxford/AstraZeneca, Pfizer/BioNTech",565123,267133,832256
2021-03-06,"Johnson&Johnson, Moderna, Oxford/AstraZeneca, Pfizer/BioNTech",577281,267998,845279
2021-03-07,"Johnson&Johnson, Moderna, Oxford/AstraZeneca, Pfizer/BioNTech",588830,268841,857671
2021-03-08,"Johnson&Johnson, Moderna, Oxford/AstraZeneca, Pfizer/BioNTech",618579,273704,892283
2021-03-09,"Johnson&Johnson, Moderna, Oxford/AstraZeneca, Pfizer/BioNTech",654950,280091,935041
2021-03-10,"Johnson&Johnson, Moderna, Oxford/AstraZeneca, Pfizer/BioNTech",696288,287052,983340
2021-03-11,"Johnson&Johnson, Moderna, Oxford/AstraZeneca, Pfizer/BioNTech",741145,295429,1036574
2021-03-12,"Johnson&Johnson, Moderna, Oxford/AstraZeneca, Pfizer/BioNTech",779912,303927,1083839
2021-03-13,"Johnson&Johnson, Moderna, Oxford/AstraZeneca, Pfizer/BioNTech",797022,305242,1102264
2021-03-14,"Johnson&Johnson, Moderna, Oxford/AstraZeneca, Pfizer/BioNTech",809141,306398,1115539
2021-03-15,"Johnson&Johnson, Moderna, Oxford/AstraZeneca, Pfizer/BioNTech",837539,315181,1152720
2021-03-16,"Johnson&Johnson, Moderna, Oxford/AstraZeneca, Pfizer/BioNTech",876436,325719,1202155
2021-03-17,"Moderna, Oxford/AstraZeneca, Pfizer/BioNTech",913927,336234,1250161
2021-03-18,"Johnson&Johnson, Moderna, Oxford/AstraZeneca, Pfizer/BioNTech",951930,348659,1300589
2021-03-19,"Johnson&Johnson, Moderna, Oxford/AstraZeneca, Pfizer/BioNTech",986447,362274,1348721
2021-03-20,"Johnson&Johnson, Moderna, Oxford/AstraZeneca, Pfizer/BioNTech",1001630,364305,1365935
2021-03-21,"Johnson&Johnson, Moderna, Oxford/AstraZeneca, Pfizer/BioNTech",1009073,365865,1374938
2021-03-22,"Johnson&Johnson, Moderna, Oxford/AstraZeneca, Pfizer/BioNTech",1033651,378370,1412021
2021-03-23,"Johnson&Johnson, Moderna, Oxford/AstraZeneca, Pfizer/BioNTech",1060327,391736,1452063
2021-03-24,"Johnson&Johnson, Moderna, Oxford/AstraZeneca, Pfizer/BioNTech",1087217,407485,1494702
2021-03-25,"Johnson&Johnson, Moderna, Oxford/AstraZeneca, Pfizer/BioNTech",1113574,425341,1538915
2021-03-26,"Johnson&Johnson, Moderna, Oxford/AstraZeneca, Pfizer/BioNTech",1138416,442853,1581269
2021-03-27,"Johnson&Johnson, Moderna, Oxford/AstraZeneca, Pfizer/BioNTech",1146876,447699,1594575
2021-03-28,"Moderna, Oxford/AstraZeneca, Pfizer/BioNTech",1152424,451847,1604271
2021-03-29,"Johnson&Johnson, Moderna, Oxford/AstraZeneca, Pfizer/BioNTech",1171582,472584,1644166
2021-03-30,"Johnson&Johnson, Moderna, Oxford/AstraZeneca, Pfizer/BioNTech",1196291,494771,1691062
2021-03-31,"Johnson&Johnson, Moderna, Oxford/AstraZeneca, Pfizer/BioNTech",1219449,521841,1741290
2021-04-01,"Johnson&Johnson, Moderna, Oxford/AstraZeneca, Pfizer/BioNTech",1245136,553902,1799038
2021-04-02,"Johnson&Johnson, Moderna, Oxford/AstraZeneca, Pfizer/BioNTech",1252115,566702,1818817
2021-04-03,"Johnson&Johnson, Moderna, Oxford/AstraZeneca, Pfizer/BioNTech",1255766,577634,1833400
2021-04-04,"Johnson&Johnson, Moderna, Oxford/AstraZeneca, Pfizer/BioNTech",1258307,586559,1844866
2021-04-05,"Johnson&Johnson, Moderna, Oxford/AstraZeneca, Pfizer/BioNTech",1260737,593763,1854500
2021-04-06,"Johnson&Johnson, Moderna, Oxford/AstraZeneca, Pfizer/BioNTech",1276953,623040,1899993
2021-04-07,"Johnson&Johnson, Moderna, Oxford/AstraZeneca, Pfizer/BioNTech",1300459,645285,1945744
2021-04-08,"Johnson&Johnson, Moderna, Oxford/AstraZeneca, Pfizer/BioNTech",1339272,676332,2015604
2021-04-09,"Johnson&Johnson, Moderna, Oxford/AstraZeneca, Pfizer/BioNTech",1378870,706530,2085400
2021-04-10,"Johnson&Johnson, Moderna, Oxford/AstraZeneca, Pfizer/BioNTech",1394436,721843,2116279
2021-04-11,"Johnson&Johnson, Moderna, Oxford/AstraZeneca, Pfizer/BioNTech",1404231,731899,2136130
2021-04-12,"Johnson&Johnson, Moderna, Oxford/AstraZeneca, Pfizer/BioNTech",1442554,757046,2199600
2021-04-13,"Moderna, Oxford/AstraZeneca, Pfizer/BioNTech",1478861,783088,2261949
2021-04-14,"Moderna, Oxford/AstraZeneca, Pfizer/BioNTech",1517746,810463,2328209
2021-04-15,"Moderna, Oxford/AstraZeneca, Pfizer/BioNTech",1565578,836243,2401821
2021-04-16,"Moderna, Oxford/AstraZeneca, Pfizer/BioNTech",1610291,861928,2472219
2021-04-17,"Moderna, Oxford/AstraZeneca, Pfizer/BioNTech",1627016,870955,2497971
2021-04-18,"Moderna, Oxford/AstraZeneca, Pfizer/BioNTech",1640015,875941,2515956
2021-04-19,"Johnson&Johnson, Moderna, Oxford/AstraZeneca, Pfizer/BioNTech",1683989,891384,2575373
2021-04-20,"Johnson&Johnson, Moderna, Oxford/AstraZeneca, Pfizer/BioNTech",1726578,907273,2633851
2021-04-21,"Moderna, Oxford/AstraZeneca, Pfizer/BioNTech",1774351,921641,2695992
2021-04-22,"Johnson&Johnson, Moderna, Oxford/AstraZeneca, Pfizer/BioNTech",1828879,939040,2767919
2021-04-23,"Johnson&Johnson, Moderna, Oxford/AstraZeneca, Pfizer/BioNTech",1878897,951106,2830003
2021-04-24,"Johnson&Johnson, Moderna, Oxford/AstraZeneca, Pfizer/BioNTech",1896774,956373,2853147
2021-04-25,"Johnson&Johnson, Moderna, Oxford/AstraZeneca, Pfizer/BioNTech",1911487,960376,2871863
2021-04-26,"Johnson&Johnson, Moderna, Oxford/AstraZeneca, Pfizer/BioNTech",1961099,967945,2929044
2021-04-27,"Johnson&Johnson, Moderna, Oxford/AstraZeneca, Pfizer/BioNTech",2010091,980196,2990287
2021-04-28,"Johnson&Johnson, Moderna, Oxford/AstraZeneca, Pfizer/BioNTech",2068872,994226,3063098
2021-04-29,"Johnson&Johnson, Moderna, Oxford/AstraZeneca, Pfizer/BioNTech",2134493,1010145,3144638
2021-04-30,"Johnson&Johnson, Moderna, Oxford/AstraZeneca, Pfizer/BioNTech",2196789,1020141,3216930
2021-05-01,"Johnson&Johnson, Moderna, Oxford/AstraZeneca, Pfizer/BioNTech",2216175,1023604,3239779
2021-05-02,"Johnson&Johnson, Moderna, Oxford/AstraZeneca, Pfizer/BioNTech",2235126,1025894,3261020
2021-05-03,"Johnson&Johnson, Moderna, Oxford/AstraZeneca, Pfizer/BioNTech",2302408,1030976,3333384
2021-05-04,"Johnson&Johnson, Moderna, Oxford/AstraZeneca, Pfizer/BioNTech",2368965,1039352,3408317
2021-05-05,"Johnson&Johnson, Moderna, Oxford/AstraZeneca, Pfizer/BioNTech",2442179,1048800,3490979
2021-05-06,"Johnson&Johnson, Moderna, Oxford/AstraZeneca, Pfizer/BioNTech",2522629,1059556,3582185
2021-05-07,"Johnson&Johnson, Moderna, Oxford/AstraZeneca, Pfizer/BioNTech",2599961,1069700,3669661
2021-05-08,"Johnson&Johnson, Moderna, Oxford/AstraZeneca, Pfizer/BioNTech",2629496,1071491,3700987
2021-05-09,"Johnson&Johnson, Moderna, Oxford/AstraZeneca, Pfizer/BioNTech",2653731,1072711,3726442
2021-05-10,"Johnson&Johnson, Moderna, Oxford/AstraZeneca, Pfizer/BioNTech",2726537,1079961,3806498
2021-05-11,"Johnson&Johnson, Moderna, Oxford/AstraZeneca, Pfizer/BioNTech",2802692,1088796,3891488
2021-05-12,"Johnson&Johnson, Moderna, Oxford/AstraZeneca, Pfizer/BioNTech",2882641,1097942,3980583
2021-05-13,"Johnson&Johnson, Moderna, Oxford/AstraZeneca, Pfizer/BioNTech",2966696,1107135,4073831
2021-05-14,"Johnson&Johnson, Moderna, Oxford/AstraZeneca, Pfizer/BioNTech",3046247,1114967,4161214
2021-05-15,"Johnson&Johnson, Moderna, Oxford/AstraZeneca, Pfizer/BioNTech",3078216,1117252,4195468
2021-05-16,"Johnson&Johnson, Moderna, Oxford/AstraZeneca, Pfizer/BioNTech",3104029,1118538,4222567
2021-05-17,"Johnson&Johnson, Moderna, Oxford/AstraZeneca, Pfizer/BioNTech",3176573,1125295,4301868
2021-05-18,"Johnson&Johnson, Moderna, Oxford/AstraZeneca, Pfizer/BioNTech",3248562,1138417,4386979
2021-05-19,"Johnson&Johnson, Moderna, Oxford/AstraZeneca, Pfizer/BioNTech",3326062,1153592,4479654
2021-05-20,"Johnson&Johnson, Moderna, Oxford/AstraZeneca, Pfizer/BioNTech",3401555,1180662,4582217
2021-05-21,"Johnson&Johnson, Moderna, Oxford/AstraZeneca, Pfizer/BioNTech",3470410,1208475,4678885
2021-05-22,"Johnson&Johnson, Moderna, Oxford/AstraZeneca, Pfizer/BioNTech",3502868,1219718,4722586
2021-05-23,"Johnson&Johnson, Moderna, Oxford/AstraZeneca, Pfizer/BioNTech",3525317,1228761,4754078
2021-05-24,"Johnson&Johnson, Moderna, Oxford/AstraZeneca, Pfizer/BioNTech",3572531,1262442,4834973
2021-05-25,"Johnson&Johnson, Moderna, Oxford/AstraZeneca, Pfizer/BioNTech",3624448,1298289,4922737
2021-05-26,"Johnson&Johnson, Moderna, Oxford/AstraZeneca, Pfizer/BioNTech",3692213,1335854,5028067
2021-05-27,"Johnson&Johnson, Moderna, Oxford/AstraZeneca, Pfizer/BioNTech",3753649,1383221,5136870
2021-05-28,"Johnson&Johnson, Moderna, Oxford/AstraZeneca, Pfizer/BioNTech",3815403,1429838,5245241
2021-05-29,"Johnson&Johnson, Moderna, Oxford/AstraZeneca, Pfizer/BioNTech",3844669,1446984,5291653
2021-05-30,"Johnson&Johnson, Moderna, Oxford/AstraZeneca, Pfizer/BioNTech",3867079,1461456,5328535
2021-05-31,"Johnson&Johnson, Moderna, Oxford/AstraZeneca, Pfizer/BioNTech",3922825,1508993,5431818
2021-06-01,"Johnson&Johnson, Moderna, Oxford/AstraZeneca, Pfizer/BioNTech",3981931,1557883,5539814
2021-06-02,"Johnson&Johnson, Moderna, Oxford/AstraZeneca, Pfizer/BioNTech",4044906,1611924,5656830
2021-06-03,"Johnson&Johnson, Moderna, Oxford/AstraZeneca, Pfizer/BioNTech",4103161,1672172,5775333
2021-06-04,"Johnson&Johnson, Moderna, Oxford/AstraZeneca, Pfizer/BioNTech",4166295,1729613,5895908
2021-06-05,"Johnson&Johnson, Moderna, Oxford/AstraZeneca, Pfizer/BioNTech",4200481,1748540,5949021
2021-06-06,"Johnson&Johnson, Moderna, Oxford/AstraZeneca, Pfizer/BioNTech",4227441,1763717,5991158
2021-06-07,"Johnson&Johnson, Moderna, Oxford/AstraZeneca, Pfizer/BioNTech",4291141,1819373,6110514
2021-06-08,"Johnson&Johnson, Moderna, Oxford/AstraZeneca, Pfizer/BioNTech",4355160,1874410,6229570
2021-06-09,"Johnson&Johnson, Moderna, Oxford/AstraZeneca, Pfizer/BioNTech",4414381,1939112,6353493
2021-06-10,"Johnson&Johnson, Moderna, Oxford/AstraZeneca, Pfizer/BioNTech",4468245,2010446,6478691
2021-06-11,"Johnson&Johnson, Moderna, Oxford/AstraZeneca, Pfizer/BioNTech",4520379,2080305,6600684
2021-06-12,"Johnson&Johnson, Moderna, Oxford/AstraZeneca, Pfizer/BioNTech",4552400,2101165,6653565
2021-06-13,"Johnson&Johnson, Moderna, Oxford/AstraZeneca, Pfizer/BioNTech",4576445,2119610,6696055
2021-06-14,"Johnson&Johnson, Moderna, Oxford/AstraZeneca, Pfizer/BioNTech",4619534,2194028,6813562
2021-06-15,"Johnson&Johnson, Moderna, Oxford/AstraZeneca, Pfizer/BioNTech",4664214,2266442,6930656
2021-06-16,"Johnson&Johnson, Moderna, Oxford/AstraZeneca, Pfizer/BioNTech",4707036,2344705,7051741
2021-06-17,"Johnson&Johnson, Moderna, Oxford/AstraZeneca, Pfizer/BioNTech",4746475,2427829,7174304
2021-06-18,"Johnson&Johnson, Moderna, Oxford/AstraZeneca, Pfizer/BioNTech",4788924,2508437,7297361
2021-06-19,"Johnson&Johnson, Moderna, Oxford/AstraZeneca, Pfizer/BioNTech",4810715,2537784,7348499
2021-06-20,"Johnson&Johnson, Moderna, Oxford/AstraZeneca, Pfizer/BioNTech",4828127,2561659,7389786
2021-06-21,"Johnson&Johnson, Moderna, Oxford/AstraZeneca, Pfizer/BioNTech",4860642,2640299,7500941
2021-06-22,"Johnson&Johnson, Moderna, Oxford/AstraZeneca, Pfizer/BioNTech",4893621,2722653,7616274
2021-06-23,"Johnson&Johnson, Moderna, Oxford/AstraZeneca, Pfizer/BioNTech",4925340,2807920,7733260
2021-06-24,"Johnson&Johnson, Moderna, Oxford/AstraZeneca, Pfizer/BioNTech",4955210,2897997,7853207
2021-06-25,"Johnson&Johnson, Moderna, Oxford/AstraZeneca, Pfizer/BioNTech",4986303,2984248,7970551
2021-06-26,"Johnson&Johnson, Moderna, Oxford/AstraZeneca, Pfizer/BioNTech",5002207,3019141,8021348
2021-06-27,"Johnson&Johnson, Moderna, Oxford/AstraZeneca, Pfizer/BioNTech",5016165,3045862,8062027
2021-06-28,"Johnson&Johnson, Moderna, Oxford/AstraZeneca, Pfizer/BioNTech",5044587,3131098,8175685
2021-06-29,"Johnson&Johnson, Moderna, Oxford/AstraZeneca, Pfizer/BioNTech",5073876,3217662,8291538
2021-06-30,"Johnson&Johnson, Moderna, Oxford/AstraZeneca, Pfizer/BioNTech",5101385,3308714,8410099
2021-07-01,"Johnson&Johnson, Moderna, Oxford/AstraZeneca, Pfizer/BioNTech",5125378,3398824,8524202
2021-07-02,"Johnson&Johnson, Moderna, Oxford/AstraZeneca, Pfizer/BioNTech",5152132,3484760,8636892
2021-07-03,"Johnson&Johnson, Moderna, Oxford/AstraZeneca, Pfizer/BioNTech",5159237,3516337,8675574
2021-07-04,"Johnson&Johnson, Moderna, Oxford/AstraZeneca, Pfizer/BioNTech",5166823,3538164,8704987
2021-07-05,"Johnson&Johnson, Moderna, Oxford/AstraZeneca, Pfizer/BioNTech",5174242,3563580,8737822
2021-07-06,"Johnson&Johnson, Moderna, Oxford/AstraZeneca, Pfizer/BioNTech",5179713,3591314,8771027
2021-07-07,"Johnson&Johnson, Moderna, Oxford/AstraZeneca, Pfizer/BioNTech",5205549,3670314,8875863
2021-07-08,"Johnson&Johnson, Moderna, Oxford/AstraZeneca, Pfizer/BioNTech",5232167,3740664,8972831
2021-07-09,"Johnson&Johnson, Moderna, Oxford/AstraZeneca, Pfizer/BioNTech",5260118,3810005,9070123
2021-07-10,"Johnson&Johnson, Moderna, Oxford/AstraZeneca, Pfizer/BioNTech",5269502,3838681,9108183
2021-07-11,"Johnson&Johnson, Moderna, Oxford/AstraZeneca, Pfizer/BioNTech",5278058,3861574,9139632
2021-07-12,"Johnson&Johnson, Moderna, Oxford/AstraZeneca, Pfizer/BioNTech",5305598,3930671,9236269
2021-07-13,"Johnson&Johnson, Moderna, Oxford/AstraZeneca, Pfizer/BioNTech",5331805,4000572,9332377
2021-07-14,"Johnson&Johnson, Moderna, Oxford/AstraZeneca, Pfizer/BioNTech",5357645,4072591,9430236
2021-07-15,"Johnson&Johnson, Moderna, Oxford/AstraZeneca, Pfizer/BioNTech",5386839,4138637,9525476
2021-07-16,"Johnson&Johnson, Moderna, Oxford/AstraZeneca, Pfizer/BioNTech",5414774,4211398,9626172
2021-07-17,"Johnson&Johnson, Moderna, Oxford/AstraZeneca, Pfizer/BioNTech",5423576,4242877,9666453
2021-07-18,"Johnson&Johnson, Moderna, Oxford/AstraZeneca, Pfizer/BioNTech",5432022,4268893,9700915
2021-07-19,"Johnson&Johnson, Moderna, Oxford/AstraZeneca, Pfizer/BioNTech",5455395,4335940,9791335
2021-07-20,"Johnson&Johnson, Moderna, Oxford/AstraZeneca, Pfizer/BioNTech",5476807,4403021,9879828
2021-07-21,"Johnson&Johnson, Moderna, Oxford/AstraZeneca, Pfizer/BioNTech",5500268,4466500,9966768
2021-07-22,"Johnson&Johnson, Moderna, Oxford/AstraZeneca, Pfizer/BioNTech",5522638,4525150,10047788
2021-07-23,"Johnson&Johnson, Moderna, Oxford/AstraZeneca, Pfizer/BioNTech",5545872,4579925,10125797
2021-07-24,"Johnson&Johnson, Moderna, Oxford/AstraZeneca, Pfizer/BioNTech",5553220,4607608,10160828
2021-07-25,"Johnson&Johnson, Moderna, Oxford/AstraZeneca, Pfizer/BioNTech",5559856,4629750,10189606
2021-07-26,"Johnson&Johnson, Moderna, Oxford/AstraZeneca, Pfizer/BioNTech",5583414,4678452,10261866
2021-07-27,"Johnson&Johnson, Moderna, Oxford/AstraZeneca, Pfizer/BioNTech",5606165,4725120,10331285
2021-07-28,"Johnson&Johnson, Moderna, Oxford/AstraZeneca, Pfizer/BioNTech",5627446,4771155,10398601
2021-07-29,"Johnson&Johnson, Moderna, Oxford/AstraZeneca, Pfizer/BioNTech",5648785,4813152,10461937
2021-07-30,"Johnson&Johnson, Moderna, Oxford/AstraZeneca, Pfizer/BioNTech",5672068,4855742,10527810
2021-07-31,"Johnson&Johnson, Moderna, Oxford/AstraZeneca, Pfizer/BioNTech",5681017,4875288,10556305
2021-08-01,"Johnson&Johnson, Moderna, Oxford/AstraZeneca, Pfizer/BioNTech",5687750,4891473,10579223
2021-08-02,"Johnson&Johnson, Moderna, Oxford/AstraZeneca, Pfizer/BioNTech",5706397,4929048,10635445
2021-08-03,"Johnson&Johnson, Moderna, Oxford/AstraZeneca, Pfizer/BioNTech",5724048,4967173,10691221
2021-08-04,"Johnson&Johnson, Moderna, Oxford/AstraZeneca, Pfizer/BioNTech",5740174,5003956,10744130
2021-08-05,"Johnson&Johnson, Moderna, Oxford/AstraZeneca, Pfizer/BioNTech",5756219,5044466,10800685
2021-08-06,"Johnson&Johnson, Moderna, Oxford/AstraZeneca, Pfizer/BioNTech",5773020,5087784,10860804
2021-08-07,"Johnson&Johnson, Moderna, Oxford/AstraZeneca, Pfizer/BioNTech",5778627,5105967,10884594
2021-08-08,"Johnson&Johnson, Moderna, Oxford/AstraZeneca, Pfizer/BioNTech",5782995,5121736,10904731
2021-08-09,"Johnson&Johnson, Moderna, Oxford/AstraZeneca, Pfizer/BioNTech",5795639,5166814,10962453
2021-08-10,"Johnson&Johnson, Moderna, Oxford/AstraZeneca, Pfizer/BioNTech",5807487,5206405,11013892
2021-08-11,"Johnson&Johnson, Moderna, Oxford/AstraZeneca, Pfizer/BioNTech",5818859,5249553,11068412
2021-08-12,"Johnson&Johnson, Moderna, Oxford/AstraZeneca, Pfizer/BioNTech",5830286,5286708,11116994
2021-08-13,"Johnson&Johnson, Moderna, Oxford/AstraZeneca, Pfizer/BioNTech",5841016,5327071,11168087
2021-08-14,"Johnson&Johnson, Moderna, Oxford/AstraZeneca, Pfizer/BioNTech",5844356,5337787,11182143
2021-08-15,"Johnson&Johnson, Moderna, Oxford/AstraZeneca, Pfizer/BioNTech",5846942,5348176,11195118
2021-08-16,"Johnson&Johnson, Moderna, Oxford/AstraZeneca, Pfizer/BioNTech",5856735,5382265,11239000
2021-08-17,"Johnson&Johnson, Moderna, Oxford/AstraZeneca, Pfizer/BioNTech",5866335,5409369,11275704
2021-08-18,"Johnson&Johnson, Moderna, Oxford/AstraZeneca, Pfizer/BioNTech",5875713,5448277,11323990
2021-08-19,"Johnson&Johnson, Moderna, Oxford/AstraZeneca, Pfizer/BioNTech",5885393,5486641,11372034
2021-08-20,"Johnson&Johnson, Moderna, Oxford/AstraZeneca, Pfizer/BioNTech",5896791,5526836,11423627
2021-08-21,"Johnson&Johnson, Moderna, Oxford/AstraZeneca, Pfizer/BioNTech",5899513,5539608,11439121
2021-08-22,"Johnson&Johnson, Moderna, Oxford/AstraZeneca, Pfizer/BioNTech",5901858,5551580,11453438
2021-08-23,"Johnson&Johnson, Moderna, Oxford/AstraZeneca, Pfizer/BioNTech",5912390,5590867,11503257
2021-08-24,"Johnson&Johnson, Moderna, Oxford/AstraZeneca, Pfizer/BioNTech",5922271,5624129,11546400
2021-08-25,"Johnson&Johnson, Moderna, Oxford/AstraZeneca, Pfizer/BioNTech",5931136,5652507,11583643
2021-08-26,"Johnson&Johnson, Moderna, Oxford/AstraZeneca, Pfizer/BioNTech",5939589,5678637,11618226
2021-08-27,"Johnson&Johnson, Moderna, Oxford/AstraZeneca, Pfizer/BioNTech",5949919,5704623,11654542
2021-08-28,"Johnson&Johnson, Moderna, Oxford/AstraZeneca, Pfizer/BioNTech",5952655,5711686,11664341
2021-08-29,"Johnson&Johnson, Moderna, Oxford/AstraZeneca, Pfizer/BioNTech",5955067,5718308,11673375
2021-08-30,"Johnson&Johnson, Moderna, Oxford/AstraZeneca, Pfizer/BioNTech",5963597,5740189,11703786
2021-08-31,"Johnson&Johnson, Moderna, Oxford/AstraZeneca, Pfizer/BioNTech",5971280,5758298,11729578
2021-09-01,"Johnson&Johnson, Moderna, Oxford/AstraZeneca, Pfizer/BioNTech",5977192,5772323,11749515
2021-09-02,"Johnson&Johnson, Moderna, Oxford/AstraZeneca, Pfizer/BioNTech",5984040,5786717,11770757
2021-09-03,"Johnson&Johnson, Moderna, Oxford/AstraZeneca, Pfizer/BioNTech",5993602,5802451,11796053
2021-09-04,"Johnson&Johnson, Moderna, Oxford/AstraZeneca, Pfizer/BioNTech",5995671,5806010,11801681
2021-09-05,"Johnson&Johnson, Moderna, Oxford/AstraZeneca, Pfizer/BioNTech",5997711,5808858,11806569
2021-09-06,"Johnson&Johnson, Moderna, Oxford/AstraZeneca, Pfizer/BioNTech",6003950,5821403,11825353
2021-09-07,"Johnson&Johnson, Moderna, Oxford/AstraZeneca, Pfizer/BioNTech",6008345,5832490,11840835
2021-09-08,"Johnson&Johnson, Moderna, Oxford/AstraZeneca, Pfizer/BioNTech",6014022,5842353,11856375
2021-09-09,"Johnson&Johnson, Moderna, Oxford/AstraZeneca, Pfizer/BioNTech",6020723,5852422,11873145
2021-09-10,"Johnson&Johnson, Moderna, Oxford/AstraZeneca, Pfizer/BioNTech",6028418,5864604,11893022
2021-09-11,"Johnson&Johnson, Moderna, Oxford/AstraZeneca, Pfizer/BioNTech",6030288,5867089,11897377
2021-09-12,"Johnson&Johnson, Moderna, Oxford/AstraZeneca, Pfizer/BioNTech",6031406,5868721,11900127
2021-09-13,"Johnson&Johnson, Moderna, Oxford/AstraZeneca, Pfizer/BioNTech",6036846,5879025,11915871
2021-09-14,"Johnson&Johnson, Moderna, Oxford/AstraZeneca, Pfizer/BioNTech",6042244,5888043,11930287
2021-09-15,"Johnson&Johnson, Moderna, Oxford/AstraZeneca, Pfizer/BioNTech",6047445,5896570,11944015
2021-09-16,"Johnson&Johnson, Moderna, Oxford/AstraZeneca, Pfizer/BioNTech",6052800,5904852,11957652
2021-09-17,"Johnson&Johnson, Moderna, Oxford/AstraZeneca, Pfizer/BioNTech",6059371,5915089,11974460
2021-09-18,"Johnson&Johnson, Moderna, Oxford/AstraZeneca, Pfizer/BioNTech",6061099,5917451,11978550
2021-09-19,"Johnson&Johnson, Moderna, Oxford/AstraZeneca, Pfizer/BioNTech",6062045,5919020,11981065
2021-09-20,"Johnson&Johnson, Moderna, Oxford/AstraZeneca, Pfizer/BioNTech",6066061,5927220,11993281
2021-09-21,"Johnson&Johnson, Moderna, Oxford/AstraZeneca, Pfizer/BioNTech",6070299,5934757,12005056
2021-09-22,"Johnson&Johnson, Moderna, Oxford/AstraZeneca, Pfizer/BioNTech",6074492,5940283,12014775
2021-09-23,"Johnson&Johnson, Moderna, Oxford/AstraZeneca, Pfizer/BioNTech",6079469,5946694,12026163
2021-09-24,"Johnson&Johnson, Moderna, Oxford/AstraZeneca, Pfizer/BioNTech",6085230,5956315,12041545
2021-09-25,"Johnson&Johnson, Moderna, Oxford/AstraZeneca, Pfizer/BioNTech",6086726,5958314,12045040
2021-09-26,"Johnson&Johnson, Moderna, Oxford/AstraZeneca, Pfizer/BioNTech",6087471,5959953,12047424
2021-09-27,"Johnson&Johnson, Moderna, Oxford/AstraZeneca, Pfizer/BioNTech",6091355,5966468,12057823
2021-09-28,"Johnson&Johnson, Moderna, Oxford/AstraZeneca, Pfizer/BioNTech",6091724,5967094,12058818
2021-09-29,"Johnson&Johnson, Moderna, Oxford/AstraZeneca, Pfizer/BioNTech",6095501,5974559,12070060
2021-09-30,"Johnson&Johnson, Moderna, Oxford/AstraZeneca, Pfizer/BioNTech",6100010,5982260,12082270
2021-10-01,"Johnson&Johnson, Moderna, Oxford/AstraZeneca, Pfizer/BioNTech",6104315,5990243,12094558
2021-10-02,"Johnson&Johnson, Moderna, Oxford/AstraZeneca, Pfizer/BioNTech",6105377,5991789,12097166
2021-10-03,"Johnson&Johnson, Moderna, Oxford/AstraZeneca, Pfizer/BioNTech",6106102,5992660,12098762
2021-10-04,"Johnson&Johnson, Moderna, Oxford/AstraZeneca, Pfizer/BioNTech",6109177,5998233,12107410
2021-10-05,"Johnson&Johnson, Moderna, Oxford/AstraZeneca, Pfizer/BioNTech",6112341,6003320,12115661
2021-10-06,"Johnson&Johnson, Moderna, Oxford/AstraZeneca, Pfizer/BioNTech",6115860,6008491,12124351
2021-10-07,"Johnson&Johnson, Moderna, Oxford/AstraZeneca, Pfizer/BioNTech",6119142,6013751,12132893
2021-10-08,"Johnson&Johnson, Moderna, Oxford/AstraZeneca, Pfizer/BioNTech",6123936,6020392,12144328
2021-10-09,"Johnson&Johnson, Moderna, Oxford/AstraZeneca, Pfizer/BioNTech",6125181,6022052,12147233
2021-10-10,"Johnson&Johnson, Moderna, Oxford/AstraZeneca, Pfizer/BioNTech",6126125,6022884,12149009
2021-10-11,"Johnson&Johnson, Moderna, Oxford/AstraZeneca, Pfizer/BioNTech",6129055,6027299,12156354
2021-10-12,"Johnson&Johnson, Moderna, Oxford/AstraZeneca, Pfizer/BioNTech",6131987,6031303,12163290
2021-10-13,"Johnson&Johnson, Moderna, Oxford/AstraZeneca, Pfizer/BioNTech",6135517,6035487,12171004
2021-10-14,"Johnson&Johnson, Moderna, Oxford/AstraZeneca, Pfizer/BioNTech",6139190,6040436,12179626
2021-10-15,"Johnson&Johnson, Moderna, Oxford/AstraZeneca, Pfizer/BioNTech",6144419,6046582,12191001
2021-10-16,"Johnson&Johnson, Moderna, Oxford/AstraZeneca, Pfizer/BioNTech",6145834,6048110,12193944
2021-10-17,"Johnson&Johnson, Moderna, Pfizer/BioNTech",6147161,6049165,12196326
2021-10-18,"Johnson&Johnson, Moderna, Oxford/AstraZeneca, Pfizer/BioNTech",6151275,6053264,12204539
2021-10-19,"Johnson&Johnson, Moderna, Oxford/AstraZeneca, Pfizer/BioNTech",6154855,6055363,12210218
2021-10-20,"Johnson&Johnson, Moderna, Oxford/AstraZeneca, Pfizer/BioNTech",6159737,6059812,12219549
2021-10-21,"Johnson&Johnson, Moderna, Oxford/AstraZeneca, Pfizer/BioNTech",6167501,6065415,12232916
2021-10-22,"Johnson&Johnson, Moderna, Oxford/AstraZeneca, Pfizer/BioNTech",6177956,6071920,12249876
2021-10-23,"Johnson&Johnson, Moderna, Oxford/AstraZeneca, Pfizer/BioNTech",6181631,6074126,12255757
2021-10-24,"Johnson&Johnson, Moderna, Oxford/AstraZeneca, Pfizer/BioNTech",6184316,6075907,12260223
2021-10-25,"Johnson&Johnson, Moderna, Oxford/AstraZeneca, Pfizer/BioNTech",6194814,6081714,12276528
2021-10-26,"Johnson&Johnson, Moderna, Oxford/AstraZeneca, Pfizer/BioNTech",6206804,6088264,12295068
2021-10-27,"Johnson&Johnson, Moderna, Oxford/AstraZeneca, Pfizer/BioNTech",6221414,6095670,12317084
2021-10-28,"Johnson&Johnson, Moderna, Oxford/AstraZeneca, Pfizer/BioNTech",6224838,6097354,12322192
2021-10-29,"Johnson&Johnson, Moderna, Oxford/AstraZeneca, Pfizer/BioNTech",6239276,6105340,12344616
2021-10-30,"Johnson&Johnson, Moderna, Oxford/AstraZeneca, Pfizer/BioNTech",6243805,6108264,12352069
2021-10-31,"Johnson&Johnson, Moderna, Oxford/AstraZeneca, Pfizer/BioNTech",6247568,6110738,12358306
2021-11-01,"Johnson&Johnson, Moderna, Oxford/AstraZeneca, Pfizer/BioNTech",6262762,6118423,12381185
2021-11-02,"Johnson&Johnson, Moderna, Oxford/AstraZeneca, Pfizer/BioNTech",6278214,6125980,12404194
2021-11-03,"Johnson&Johnson, Moderna, Oxford/AstraZeneca, Pfizer/BioNTech",6295397,6133277,12428674
2021-11-04,"Johnson&Johnson, Moderna, Oxford/AstraZeneca, Pfizer/BioNTech",6313749,6141448,12455197
2021-11-05,"Johnson&Johnson, Moderna, Oxford/AstraZeneca, Pfizer/BioNTech",6336547,6152729,12489276
2021-11-06,"Johnson&Johnson, Moderna, Oxford/AstraZeneca, Pfizer/BioNTech",6343062,6155785,12498847
2021-11-07,"Johnson&Johnson, Moderna, Oxford/AstraZeneca, Pfizer/BioNTech",6347083,6158221,12505304
2021-11-08,"Johnson&Johnson, Moderna, Oxford/AstraZeneca, Pfizer/BioNTech",6363355,6165854,12529209
2021-11-09,"Johnson&Johnson, Moderna, Oxford/AstraZeneca, Pfizer/BioNTech",6378163,6173152,12551315
2021-11-10,"Johnson&Johnson, Moderna, Oxford/AstraZeneca, Pfizer/BioNTech",6393903,6180535,12574438
2021-11-11,"Johnson&Johnson, Moderna, Oxford/AstraZeneca, Pfizer/BioNTech",6409372,6189639,12599011
2021-11-12,"Johnson&Johnson, Moderna, Oxford/AstraZeneca, Pfizer/BioNTech",6429177,6202441,12631618
2021-11-13,"Johnson&Johnson, Moderna, Oxford/AstraZeneca, Pfizer/BioNTech",6434570,6206314,12640884
2021-11-14,"Johnson&Johnson, Moderna, Oxford/AstraZeneca, Pfizer/BioNTech",6438463,6209317,12647780
2021-11-15,"Johnson&Johnson, Moderna, Oxford/AstraZeneca, Pfizer/BioNTech",6453543,6220008,12673551
2021-11-16,"Johnson&Johnson, Moderna, Oxford/AstraZeneca, Pfizer/BioNTech",6471085,6231989,12703074
2021-11-17,"Johnson&Johnson, Moderna, Oxford/AstraZeneca, Pfizer/BioNTech",6475326,6235552,12710878
2021-11-18,"Johnson&Johnson, Moderna, Oxford/AstraZeneca, Pfizer/BioNTech",6494747,6247243,12741990
2021-11-19,"Johnson&Johnson, Moderna, Oxford/AstraZeneca, Pfizer/BioNTech",6519354,6264213,12783567
2021-11-20,"Johnson&Johnson, Moderna, Oxford/AstraZeneca, Pfizer/BioNTech",6527933,6269195,12797128
2021-11-21,"Johnson&Johnson, Moderna, Pfizer/BioNTech",6534705,6272968,12807673
2021-11-22,"Johnson&Johnson, Moderna, Oxford/AstraZeneca, Pfizer/BioNTech",6553218,6287080,12840298
2021-11-23,"Johnson&Johnson, Moderna, Oxford/AstraZeneca, Pfizer/BioNTech",6572276,6300339,12872615
2021-11-24,"Johnson&Johnson, Moderna, Oxford/AstraZeneca, Pfizer/BioNTech",6591292,6316188,12907480
2021-11-25,"Johnson&Johnson, Moderna, Oxford/AstraZeneca, Pfizer/BioNTech",6610439,6331220,12941659
2021-11-26,"Johnson&Johnson, Moderna, Oxford/AstraZeneca, Pfizer/BioNTech",6632089,6350356,12982445
2021-11-27,"Johnson&Johnson, Moderna, Oxford/AstraZeneca, Pfizer/BioNTech",6639558,6355908,12995466
2021-11-28,"Johnson&Johnson, Moderna, Oxford/AstraZeneca, Pfizer/BioNTech",6642891,6359043,13001934
2021-11-29,"Johnson&Johnson, Moderna, Oxford/AstraZeneca, Pfizer/BioNTech",6658099,6372699,13030798
2021-11-30,"Johnson&Johnson, Moderna, Oxford/AstraZeneca, Pfizer/BioNTech",6671300,6383930,13055230
2021-12-01,"Johnson&Johnson, Moderna, Oxford/AstraZeneca, Pfizer/BioNTech",6685336,6396383,13081719
2021-12-02,"Johnson&Johnson, Moderna, Oxford/AstraZeneca, Pfizer/BioNTech",6695972,6408873,13104845
2021-12-03,"Johnson&Johnson, Moderna, Oxford/AstraZeneca, Pfizer/BioNTech",6705610,6424446,13130056
2021-12-04,"Johnson&Johnson, Moderna, Pfizer/BioNTech",6708167,6428396,13136563
2021-12-05,"Johnson&Johnson, Moderna, Oxford/AstraZeneca, Pfizer/BioNTech",6709526,6430734,13140260
2021-12-06,"Johnson&Johnson, Moderna, Oxford/AstraZeneca, Pfizer/BioNTech",6717672,6442262,13159934
2021-12-07,"Johnson&Johnson, Moderna, Oxford/AstraZeneca, Pfizer/BioNTech",6725559,6454270,13179829
2021-12-08,"Johnson&Johnson, Moderna, Oxford/AstraZeneca, Pfizer/BioNTech",6733801,6460197,13193998
2021-12-09,"Johnson&Johnson, Moderna, Oxford/AstraZeneca, Pfizer/BioNTech",6740922,6473015,13213937
2021-12-10,"Johnson&Johnson, Moderna, Oxford/AstraZeneca, Pfizer/BioNTech",6747854,6490821,13238675
2021-12-11,"Johnson&Johnson, Moderna, Pfizer/BioNTech",6749512,6496093,13245605
2021-12-12,"Johnson&Johnson, Moderna, Oxford/AstraZeneca, Pfizer/BioNTech",6750823,6500527,13251350
2021-12-13,"Johnson&Johnson, Moderna, Oxford/AstraZeneca, Pfizer/BioNTech",6757170,6513839,13271009
2021-12-14,"Johnson&Johnson, Moderna, Oxford/AstraZeneca, Pfizer/BioNTech",6763380,6527506,13290886
2021-12-15,"Johnson&Johnson, Moderna, Oxford/AstraZeneca, Pfizer/BioNTech",6769586,6541105,13310691
2021-12-16,"Johnson&Johnson, Moderna, Oxford/AstraZeneca, Pfizer/BioNTech",6776526,6555938,13332464
2021-12-17,"Johnson&Johnson, Moderna, Oxford/AstraZeneca, Pfizer/BioNTech",6784891,6573200,13358091
2021-12-18,"Johnson&Johnson, Moderna, Oxford/AstraZeneca, Pfizer/BioNTech",6787501,6578650,13366151
2021-12-19,"Johnson&Johnson, Moderna, Pfizer/BioNTech",6789272,6581154,13370426
2021-12-20,"Johnson&Johnson, Moderna, Oxford/AstraZeneca, Pfizer/BioNTech",6795117,6595218,13390335
2021-12-21,"Johnson&Johnson, Moderna, Oxford/AstraZeneca, Pfizer/BioNTech",6801777,6607207,13408984
2021-12-22,"Johnson&Johnson, Moderna, Oxford/AstraZeneca, Pfizer/BioNTech",6806824,6620261,13427085
2021-12-23,"Johnson&Johnson, Moderna, Oxford/AstraZeneca, Pfizer/BioNTech",6809696,6625862,13435558
2021-12-24,"Johnson&Johnson, Moderna, Oxford/AstraZeneca, Pfizer/BioNTech",6809742,6625962,13435704
2021-12-25,"Moderna, Pfizer/BioNTech",6809743,6625970,13435713
2021-12-26,"Moderna, Pfizer/BioNTech",6809845,6626172,13436017
2021-12-27,"Johnson&Johnson, Moderna, Pfizer/BioNTech",6813712,6635906,13449618
2021-12-28,"Johnson&Johnson, Moderna, Oxford/AstraZeneca, Pfizer/BioNTech",6818952,6643898,13462850
2021-12-29,"Johnson&Johnson, Moderna, Oxford/AstraZeneca, Pfizer/BioNTech",6823231,6651617,13474848
2021-12-30,"Johnson&Johnson, Moderna, Pfizer/BioNTech",6827529,6657050,13484579
2021-12-31,"Johnson&Johnson, Moderna, Pfizer/BioNTech",6828039,6658473,13486512
2022-01-01,"Johnson&Johnson, Moderna, Pfizer/BioNTech",6828044,6658491,13486535
2022-01-02,"Johnson&Johnson, Moderna, Pfizer/BioNTech",6828900,6659868,13488768
2022-01-03,"Johnson&Johnson, Moderna, Oxford/AstraZeneca, Pfizer/BioNTech",6833036,6668766,13501802
2022-01-04,"Johnson&Johnson, Moderna, Oxford/AstraZeneca, Pfizer/BioNTech",6838122,6676516,13514638
2022-01-05,"Johnson&Johnson, Moderna, Oxford/AstraZeneca, Pfizer/BioNTech",6843935,6684480,13528415
2022-01-06,"Johnson&Johnson, Moderna, Oxford/AstraZeneca, Pfizer/BioNTech",6850521,6692881,13543402
2022-01-07,"Johnson&Johnson, Moderna, Oxford/AstraZeneca, Pfizer/BioNTech",6858393,6703225,13561618
2022-01-08,"Johnson&Johnson, Moderna, Oxford/AstraZeneca, Pfizer/BioNTech",6860873,6706007,13566880
2022-01-09,"Johnson&Johnson, Moderna, Pfizer/BioNTech",6861955,6707701,13569656
2022-01-10,"Johnson&Johnson, Moderna, Oxford/AstraZeneca, Pfizer/BioNTech",6866450,6713886,13580336
2022-01-11,"Johnson&Johnson, Moderna, Oxford/AstraZeneca, Pfizer/BioNTech",6871889,6720640,13592529
2022-01-12,"Johnson&Johnson, Moderna, Oxford/AstraZeneca, Pfizer/BioNTech",6877839,6726283,13604122
2022-01-13,"Johnson&Johnson, Moderna, Oxford/AstraZeneca, Pfizer/BioNTech",6883720,6731057,13614777
2022-01-14,"Johnson&Johnson, Moderna, Oxford/AstraZeneca, Pfizer/BioNTech",6890020,6734690,13624710
2022-01-15,"Johnson&Johnson, Moderna, Oxford/AstraZeneca, Pfizer/BioNTech",6891298,6735344,13626642
2022-01-16,"Johnson&Johnson, Moderna, Oxford/AstraZeneca, Pfizer/BioNTech",6891985,6735781,13627766
2022-01-17,"Johnson&Johnson, Moderna, Oxford/AstraZeneca, Pfizer/BioNTech",6895532,6739737,13635269
2022-01-18,"Johnson&Johnson, Moderna, Oxford/AstraZeneca, Pfizer/BioNTech",6899382,6744685,13644067
2022-01-19,"Johnson&Johnson, Moderna, Oxford/AstraZeneca, Pfizer/BioNTech",6903447,6748617,13652064
2022-01-20,"Johnson&Johnson, Moderna, Oxford/AstraZeneca, Pfizer/BioNTech",6907044,6753059,13660103
2022-01-21,"Johnson&Johnson, Moderna, Oxford/AstraZeneca, Pfizer/BioNTech",6911038,6755586,13666624
2022-01-22,"Johnson&Johnson, Moderna, Pfizer/BioNTech",6911818,6756023,13667841
2022-01-23,"Johnson&Johnson, Moderna, Pfizer/BioNTech",6912379,6756657,13669036
2022-01-24,"Johnson&Johnson, Moderna, Oxford/AstraZeneca, Pfizer/BioNTech",6914644,6760091,13674735
2022-01-25,"Johnson&Johnson, Moderna, Oxford/AstraZeneca, Pfizer/BioNTech",6916995,6764084,13681079
2022-01-26,"Johnson&Johnson, Moderna, Oxford/AstraZeneca, Pfizer/BioNTech",6919380,6768648,13688028
2022-01-27,"Johnson&Johnson, Moderna, Oxford/AstraZeneca, Pfizer/BioNTech",6921705,6773458,13695163
2022-01-28,"Johnson&Johnson, Moderna, Oxford/AstraZeneca, Pfizer/BioNTech",6924617,6779616,13704233
2022-01-29,"Johnson&Johnson, Moderna, Pfizer/BioNTech",6925217,6781264,13706481
2022-01-30,"Johnson&Johnson, Moderna, Pfizer/BioNTech",6925444,6782041,13707485
2022-01-31,"Johnson&Johnson, Moderna, Pfizer/BioNTech",6926981,6785956,13712937
2022-02-01,"Johnson&Johnson, Moderna, Pfizer/BioNTech",6928574,6789987,13718561
2022-02-02,"Johnson&Johnson, Moderna, Pfizer/BioNTech",6930138,6794489,13724627
2022-02-03,"Johnson&Johnson, Moderna, Pfizer/BioNTech",6931509,6798962,13730471
2022-02-04,"Johnson&Johnson, Moderna, Pfizer/BioNTech",6933107,6804076,13737183
2022-02-05,"Johnson&Johnson, Moderna, Pfizer/BioNTech",6933280,6804685,13737965
2022-02-06,"Johnson&Johnson, Moderna, Pfizer/BioNTech",6933374,6805004,13738378
2022-02-07,"Johnson&Johnson, Moderna, Pfizer/BioNTech",6934068,6808212,13742280
2022-02-08,"Johnson&Johnson, Moderna, Pfizer/BioNTech",6934857,6811396,13746253
2022-02-09,"Johnson&Johnson, Moderna, Pfizer/BioNTech",6935678,6814764,13750442
2022-02-10,"Johnson&Johnson, Moderna, Pfizer/BioNTech",6936456,6817886,13754342
2022-02-11,"Johnson&Johnson, Moderna, Pfizer/BioNTech",6937383,6821794,13759177
2022-02-12,"Johnson&Johnson, Moderna, Pfizer/BioNTech",6937492,6822213,13759705
2022-02-13,"Johnson&Johnson, Moderna, Pfizer/BioNTech",6937525,6822649,13760174
2022-02-14,"Johnson&Johnson, Moderna, Pfizer/BioNTech",6937973,6824757,13762730
2022-02-15,"Johnson&Johnson, Moderna, Pfizer/BioNTech",6938519,6826955,13765474
2022-02-16,"Johnson&Johnson, Moderna, Pfizer/BioNTech",6939100,6829046,13768146
2022-02-17,"Johnson&Johnson, Moderna, Pfizer/BioNTech",6939688,6831379,13771067
2022-02-18,"Johnson&Johnson, Moderna, Pfizer/BioNTech",6940321,6834428,13774749
2022-02-19,"Johnson&Johnson, Moderna, Pfizer/BioNTech",6940398,6834708,13775106
2022-02-20,"Johnson&Johnson, Moderna, Pfizer/BioNTech",6940431,6834857,13775288
2022-02-21,"Johnson&Johnson, Moderna, Pfizer/BioNTech",6940784,6836553,13777337
2022-02-22,"Johnson&Johnson, Moderna, Oxford/AstraZeneca, Pfizer/BioNTech",6941150,6838227,13779377
2022-02-23,"Johnson&Johnson, Moderna, Pfizer/BioNTech",6941595,6839867,13781462
2022-02-24,"Johnson&Johnson, Moderna, Pfizer/BioNTech",6942013,6841494,13783507
2022-02-25,"Johnson&Johnson, Moderna, Pfizer/BioNTech",6942599,6843563,13786162
2022-02-26,"Johnson&Johnson, Moderna, Pfizer/BioNTech",6942661,6843720,13786381
2022-02-27,"Johnson&Johnson, Moderna, Pfizer/BioNTech",6942695,6843795,13786490
2022-02-28,"Johnson&Johnson, Moderna, Pfizer/BioNTech",6942935,6844759,13787694
2022-03-01,"Johnson&Johnson, Moderna, Pfizer/BioNTech",6943173,6845521,13788694
2022-03-02,"Johnson&Johnson, Moderna, Novavax, Pfizer/BioNTech",6943512,6846424,13789936
2022-03-03,"Johnson&Johnson, Moderna, Novavax, Pfizer/BioNTech",6943813,6847331,13791144
2022-03-04,"Johnson&Johnson, Moderna, Novavax, Pfizer/BioNTech",6944428,6848534,13792962
2022-03-05,"Johnson&Johnson, Moderna, Novavax, Pfizer/BioNTech",6944505,6848622,13793127
2022-03-06,"Moderna, Novavax, Pfizer/BioNTech",6944517,6848639,13793156
2022-03-07,"Johnson&Johnson, Moderna, Novavax, Pfizer/BioNTech",6944847,6849174,13794021
2022-03-08,"Johnson&Johnson, Moderna, Novavax, Pfizer/BioNTech",6945153,6849666,13794819
