date,vaccine,people_vaccinated,people_fully_vaccinated,total_vaccinations
2020-12-27,Pfizer/BioNTech,1272,0,1272
2020-12-28,Pfizer/BioNTech,3572,0,3572
2020-12-29,Pfizer/BioNTech,7027,0,7027
2020-12-30,Pfizer/BioNTech,10516,0,10516
2020-12-31,Pfizer/BioNTech,11822,0,11822
2021-01-01,"Moderna, Pfizer/BioNTech",12089,0,12089
2021-01-02,Pfizer/BioNTech,13363,0,13363
2021-01-03,Pfizer/BioNTech,14283,0,14283
2021-01-04,"Moderna, Pfizer/BioNTech",17878,0,17878
2021-01-05,"Moderna, Pfizer/BioNTech",22380,0,22380
2021-01-06,Pfizer/BioNTech,28227,0,28227
2021-01-07,"Moderna, Pfizer/BioNTech",36201,0,36201
2021-01-08,Pfizer/BioNTech,46192,0,46192
2021-01-09,"Moderna, Pfizer/BioNTech",48212,0,48212
2021-01-10,Pfizer/BioNTech,49969,2,49971
2021-01-11,Pfizer/BioNTech,59794,4,59798
2021-01-12,Pfizer/BioNTech,73203,6,73209
2021-01-13,Pfizer/BioNTech,86713,6,86719
2021-01-14,"Moderna, Pfizer/BioNTech",101911,8,101919
2021-01-15,"Moderna, Pfizer/BioNTech",115889,8,115897
2021-01-16,"Moderna, Pfizer/BioNTech",119266,10,119276
2021-01-17,"Moderna, Pfizer/BioNTech",121868,651,122519
2021-01-18,"Moderna, Pfizer/BioNTech",134343,2471,136814
2021-01-19,"Moderna, Pfizer/BioNTech",146902,5180,152082
2021-01-20,"Moderna, Pfizer/BioNTech",160544,7823,168367
2021-01-21,"Moderna, Pfizer/BioNTech",176159,9554,185713
2021-01-22,"Moderna, Pfizer/BioNTech",190996,10598,201594
2021-01-23,"Moderna, Pfizer/BioNTech",194295,11468,205763
2021-01-24,"Moderna, Pfizer/BioNTech",196540,12337,208877
2021-01-25,"Moderna, Pfizer/BioNTech",206163,15308,221471
2021-01-26,"Moderna, Pfizer/BioNTech",216691,19276,235967
2021-01-27,"Moderna, Pfizer/BioNTech",225710,23794,249504
2021-01-28,"Moderna, Pfizer/BioNTech",232783,29908,262691
2021-01-29,"Moderna, Pfizer/BioNTech",238980,37787,276767
2021-01-30,"Moderna, Pfizer/BioNTech",239711,38874,278585
2021-01-31,"Moderna, Pfizer/BioNTech",240418,40054,280472
2021-02-01,"Moderna, Pfizer/BioNTech",244382,47977,292359
2021-02-02,"Moderna, Pfizer/BioNTech",248509,58192,306701
2021-02-03,"Moderna, Pfizer/BioNTech",252916,69172,322088
2021-02-04,"Moderna, Pfizer/BioNTech",257805,82122,339927
2021-02-05,"Moderna, Pfizer/BioNTech",263254,92766,356020
2021-02-06,"Moderna, Pfizer/BioNTech",264095,95113,359208
2021-02-07,"Moderna, Pfizer/BioNTech",264943,97599,362542
2021-02-08,"Moderna, Oxford/AstraZeneca, Pfizer/BioNTech",269004,108979,377983
2021-02-09,"Moderna, Oxford/AstraZeneca, Pfizer/BioNTech",274085,120897,394982
2021-02-10,"Moderna, Pfizer/BioNTech",279575,134106,413681
2021-02-11,"Moderna, Oxford/AstraZeneca, Pfizer/BioNTech",285876,150280,436156
2021-02-12,"Moderna, Oxford/AstraZeneca, Pfizer/BioNTech",292619,164965,457584
2021-02-13,"Moderna, Oxford/AstraZeneca, Pfizer/BioNTech",294207,167944,462151
2021-02-14,"Moderna, Oxford/AstraZeneca, Pfizer/BioNTech",295198,169319,464517
2021-02-15,"Moderna, Oxford/AstraZeneca, Pfizer/BioNTech",301589,178651,480240
2021-02-16,"Moderna, Oxford/AstraZeneca, Pfizer/BioNTech",310293,187702,497995
2021-02-17,"Moderna, Oxford/AstraZeneca, Pfizer/BioNTech",319974,195988,515962
2021-02-18,"Moderna, Oxford/AstraZeneca, Pfizer/BioNTech",332270,204025,536295
2021-02-19,"Moderna, Oxford/AstraZeneca, Pfizer/BioNTech",344112,211345,555457
2021-02-20,"Moderna, Oxford/AstraZeneca, Pfizer/BioNTech",346093,212520,558613
2021-02-21,"Moderna, Oxford/AstraZeneca, Pfizer/BioNTech",347182,213534,560716
2021-02-22,"Moderna, Oxford/AstraZeneca, Pfizer/BioNTech",357288,219539,576827
2021-02-23,"Moderna, Oxford/AstraZeneca, Pfizer/BioNTech",370204,226499,596703
2021-02-24,"Moderna, Oxford/AstraZeneca, Pfizer/BioNTech",384058,232516,616574
2021-02-25,"Moderna, Oxford/AstraZeneca, Pfizer/BioNTech",402007,238047,640054
2021-02-26,"Moderna, Oxford/AstraZeneca, Pfizer/BioNTech",418156,243373,661529
2021-02-27,"Moderna, Oxford/AstraZeneca, Pfizer/BioNTech",421161,243923,665084
2021-02-28,"Moderna, Oxford/AstraZeneca, Pfizer/BioNTech",423503,244468,667971
2021-03-01,"Moderna, Oxford/AstraZeneca, Pfizer/BioNTech",443022,247890,690912
2021-03-02,"Moderna, Oxford/AstraZeneca, Pfizer/BioNTech",470208,251423,721631
2021-03-03,"Moderna, Oxford/AstraZeneca, Pfizer/BioNTech",501035,255910,756945
2021-03-04,"Moderna, Oxford/AstraZeneca, Pfizer/BioNTech",534215,260572,794787
2021-03-05,"Johnson&Johnson, Moderna, Oxford/AstraZeneca, Pfizer/BioNTech",562991,265968,828959
2021-03-06,"Johnson&Johnson, Moderna, Oxford/AstraZeneca, Pfizer/BioNTech",575117,266813,841930
2021-03-07,"Johnson&Johnson, Moderna, Oxford/AstraZeneca, Pfizer/BioNTech",586551,267646,854197
2021-03-08,"Johnson&Johnson, Moderna, Oxford/AstraZeneca, Pfizer/BioNTech",616213,272473,888686
2021-03-09,"Johnson&Johnson, Moderna, Oxford/AstraZeneca, Pfizer/BioNTech",652461,278833,931294
2021-03-10,"Moderna, Oxford/AstraZeneca, Pfizer/BioNTech",693676,285763,979439
2021-03-11,"Johnson&Johnson, Moderna, Oxford/AstraZeneca, Pfizer/BioNTech",738456,294111,1032567
2021-03-12,"Johnson&Johnson, Moderna, Oxford/AstraZeneca, Pfizer/BioNTech",777214,302555,1079769
2021-03-13,"Moderna, Oxford/AstraZeneca, Pfizer/BioNTech",794259,303843,1098102
2021-03-14,"Moderna, Oxford/AstraZeneca, Pfizer/BioNTech",806344,304978,1111322
2021-03-15,"Moderna, Oxford/AstraZeneca, Pfizer/BioNTech",834696,313742,1148438
2021-03-16,"Johnson&Johnson, Moderna, Oxford/AstraZeneca, Pfizer/BioNTech",873525,324248,1197773
2021-03-17,"Moderna, Oxford/AstraZeneca, Pfizer/BioNTech",910957,334726,1245683
2021-03-18,"Johnson&Johnson, Moderna, Oxford/AstraZeneca, Pfizer/BioNTech",948890,347116,1296006
2021-03-19,"Moderna, Oxford/AstraZeneca, Pfizer/BioNTech",983323,360701,1344024
2021-03-20,"Johnson&Johnson, Moderna, Oxford/AstraZeneca, Pfizer/BioNTech",998431,362716,1361147
2021-03-21,"Johnson&Johnson, Moderna, Oxford/AstraZeneca, Pfizer/BioNTech",1005820,364259,1370079
2021-03-22,"Johnson&Johnson, Moderna, Oxford/AstraZeneca, Pfizer/BioNTech",1030317,376730,1407047
2021-03-23,"Johnson&Johnson, Moderna, Oxford/AstraZeneca, Pfizer/BioNTech",1056885,390054,1446939
2021-03-24,"Johnson&Johnson, Moderna, Oxford/AstraZeneca, Pfizer/BioNTech",1083704,405760,1489464
2021-03-25,"Moderna, Oxford/AstraZeneca, Pfizer/BioNTech",1109989,423583,1533572
2021-03-26,"Moderna, Oxford/AstraZeneca, Pfizer/BioNTech",1134749,441055,1575804
2021-03-27,"Johnson&Johnson, Moderna, Oxford/AstraZeneca, Pfizer/BioNTech",1143164,445885,1589049
2021-03-28,"Moderna, Oxford/AstraZeneca, Pfizer/BioNTech",1148687,450016,1598703
2021-03-29,"Johnson&Johnson, Moderna, Oxford/AstraZeneca, Pfizer/BioNTech",1167728,470676,1638404
2021-03-30,"Johnson&Johnson, Moderna, Oxford/AstraZeneca, Pfizer/BioNTech",1192372,492818,1685190
2021-03-31,"Johnson&Johnson, Moderna, Oxford/AstraZeneca, Pfizer/BioNTech",1215412,519846,1735258
2021-04-01,"Johnson&Johnson, Moderna, Oxford/AstraZeneca, Pfizer/BioNTech",1240966,551843,1792809
2021-04-02,"Johnson&Johnson, Moderna, Oxford/AstraZeneca, Pfizer/BioNTech",1247838,564618,1812456
2021-04-03,"Johnson&Johnson, Moderna, Oxford/AstraZeneca, Pfizer/BioNTech",1251429,575521,1826950
2021-04-04,"Johnson&Johnson, Moderna, Oxford/AstraZeneca, Pfizer/BioNTech",1253905,584317,1838222
2021-04-05,"Johnson&Johnson, Moderna, Oxford/AstraZeneca, Pfizer/BioNTech",1256270,591483,1847753
2021-04-06,"Johnson&Johnson, Moderna, Oxford/AstraZeneca, Pfizer/BioNTech",1272353,620692,1893045
2021-04-07,"Johnson&Johnson, Moderna, Oxford/AstraZeneca, Pfizer/BioNTech",1295710,642842,1938552
2021-04-08,"Johnson&Johnson, Moderna, Oxford/AstraZeneca, Pfizer/BioNTech",1334319,673825,2008144
2021-04-09,"Johnson&Johnson, Moderna, Oxford/AstraZeneca, Pfizer/BioNTech",1373769,703976,2077745
2021-04-10,"Johnson&Johnson, Moderna, Oxford/AstraZeneca, Pfizer/BioNTech",1389204,719248,2108452
2021-04-11,"Johnson&Johnson, Moderna, Oxford/AstraZeneca, Pfizer/BioNTech",1398945,729259,2128204
2021-04-12,"Johnson&Johnson, Moderna, Oxford/AstraZeneca, Pfizer/BioNTech",1437149,754341,2191490
2021-04-13,"Moderna, Oxford/AstraZeneca, Pfizer/BioNTech",1473341,780309,2253650
2021-04-14,"Moderna, Oxford/AstraZeneca, Pfizer/BioNTech",1512091,807636,2319727
2021-04-15,"Moderna, Oxford/AstraZeneca, Pfizer/BioNTech",1559797,833316,2393113
2021-04-16,"Moderna, Oxford/AstraZeneca, Pfizer/BioNTech",1604360,858911,2463271
2021-04-17,"Moderna, Oxford/AstraZeneca, Pfizer/BioNTech",1621000,867919,2488919
2021-04-18,"Moderna, Oxford/AstraZeneca, Pfizer/BioNTech",1633951,872892,2506843
2021-04-19,"Moderna, Oxford/AstraZeneca, Pfizer/BioNTech",1677896,888299,2566195
2021-04-20,"Johnson&Johnson, Moderna, Oxford/AstraZeneca, Pfizer/BioNTech",1720403,904132,2624535
2021-04-21,"Moderna, Oxford/AstraZeneca, Pfizer/BioNTech",1768089,918396,2686485
2021-04-22,"Johnson&Johnson, Moderna, Oxford/AstraZeneca, Pfizer/BioNTech",1822534,935751,2758285
2021-04-23,"Johnson&Johnson, Moderna, Oxford/AstraZeneca, Pfizer/BioNTech",1872445,947768,2820213
2021-04-24,"Johnson&Johnson, Moderna, Oxford/AstraZeneca, Pfizer/BioNTech",1890247,952995,2843242
2021-04-25,"Johnson&Johnson, Moderna, Oxford/AstraZeneca, Pfizer/BioNTech",1904914,956973,2861887
2021-04-26,"Johnson&Johnson, Moderna, Oxford/AstraZeneca, Pfizer/BioNTech",1954471,964506,2918977
2021-04-27,"Johnson&Johnson, Moderna, Oxford/AstraZeneca, Pfizer/BioNTech",2003419,976691,2980110
2021-04-28,"Johnson&Johnson, Moderna, Oxford/AstraZeneca, Pfizer/BioNTech",2062131,990650,3052781
2021-04-29,"Johnson&Johnson, Moderna, Oxford/AstraZeneca, Pfizer/BioNTech",2127658,1006472,3134130
2021-04-30,"Johnson&Johnson, Moderna, Oxford/AstraZeneca, Pfizer/BioNTech",2189828,1016383,3206211
2021-05-01,"Johnson&Johnson, Moderna, Oxford/AstraZeneca, Pfizer/BioNTech",2209118,1019797,3228915
2021-05-02,"Johnson&Johnson, Moderna, Oxford/AstraZeneca, Pfizer/BioNTech",2228007,1022045,3250052
2021-05-03,"Johnson&Johnson, Moderna, Oxford/AstraZeneca, Pfizer/BioNTech",2295219,1027082,3322301
2021-05-04,"Johnson&Johnson, Moderna, Oxford/AstraZeneca, Pfizer/BioNTech",2361668,1035371,3397039
2021-05-05,"Johnson&Johnson, Moderna, Oxford/AstraZeneca, Pfizer/BioNTech",2434782,1044717,3479499
2021-05-06,"Johnson&Johnson, Moderna, Oxford/AstraZeneca, Pfizer/BioNTech",2515127,1055343,3570470
2021-05-07,"Johnson&Johnson, Moderna, Oxford/AstraZeneca, Pfizer/BioNTech",2592378,1065368,3657746
2021-05-08,"Johnson&Johnson, Moderna, Oxford/AstraZeneca, Pfizer/BioNTech",2621774,1067090,3688864
2021-05-09,"Johnson&Johnson, Moderna, Oxford/AstraZeneca, Pfizer/BioNTech",2645940,1068275,3714215
2021-05-10,"Johnson&Johnson, Moderna, Oxford/AstraZeneca, Pfizer/BioNTech",2718662,1075436,3794098
2021-05-11,"Johnson&Johnson, Moderna, Oxford/AstraZeneca, Pfizer/BioNTech",2794725,1084199,3878924
2021-05-12,"Johnson&Johnson, Moderna, Oxford/AstraZeneca, Pfizer/BioNTech",2874536,1093229,3967765
2021-05-13,"Johnson&Johnson, Moderna, Oxford/AstraZeneca, Pfizer/BioNTech",2958521,1102351,4060872
2021-05-14,"Johnson&Johnson, Moderna, Oxford/AstraZeneca, Pfizer/BioNTech",3037908,1110070,4147978
2021-05-15,"Johnson&Johnson, Moderna, Oxford/AstraZeneca, Pfizer/BioNTech",3069740,1112252,4181992
2021-05-16,"Johnson&Johnson, Moderna, Oxford/AstraZeneca, Pfizer/BioNTech",3095483,1113444,4208927
2021-05-17,"Johnson&Johnson, Moderna, Oxford/AstraZeneca, Pfizer/BioNTech",3167959,1120116,4288075
2021-05-18,"Johnson&Johnson, Moderna, Oxford/AstraZeneca, Pfizer/BioNTech",3239857,1133095,4372952
2021-05-19,"Johnson&Johnson, Moderna, Oxford/AstraZeneca, Pfizer/BioNTech",3317287,1148171,4465458
2021-05-20,"Johnson&Johnson, Moderna, Oxford/AstraZeneca, Pfizer/BioNTech",3392686,1175125,4567811
2021-05-21,"Johnson&Johnson, Moderna, Oxford/AstraZeneca, Pfizer/BioNTech",3461430,1202791,4664221
2021-05-22,"Johnson&Johnson, Moderna, Oxford/AstraZeneca, Pfizer/BioNTech",3493755,1213919,4707674
2021-05-23,"Johnson&Johnson, Moderna, Oxford/AstraZeneca, Pfizer/BioNTech",3516057,1222917,4738974
2021-05-24,"Johnson&Johnson, Moderna, Oxford/AstraZeneca, Pfizer/BioNTech",3563122,1256505,4819627
2021-05-25,"Johnson&Johnson, Moderna, Oxford/AstraZeneca, Pfizer/BioNTech",3614948,1292237,4907185
2021-05-26,"Johnson&Johnson, Moderna, Oxford/AstraZeneca, Pfizer/BioNTech",3682664,1329706,5012370
2021-05-27,"Johnson&Johnson, Moderna, Oxford/AstraZeneca, Pfizer/BioNTech",3744003,1376959,5120962
2021-05-28,"Johnson&Johnson, Moderna, Oxford/AstraZeneca, Pfizer/BioNTech",3805656,1423432,5229088
2021-05-29,"Johnson&Johnson, Moderna, Oxford/AstraZeneca, Pfizer/BioNTech",3834795,1440492,5275287
2021-05-30,"Johnson&Johnson, Moderna, Oxford/AstraZeneca, Pfizer/BioNTech",3857133,1454890,5312023
2021-05-31,"Johnson&Johnson, Moderna, Oxford/AstraZeneca, Pfizer/BioNTech",3912839,1502373,5415212
2021-06-01,"Johnson&Johnson, Moderna, Oxford/AstraZeneca, Pfizer/BioNTech",3971842,1551122,5522964
2021-06-02,"Johnson&Johnson, Moderna, Oxford/AstraZeneca, Pfizer/BioNTech",4034694,1605005,5639699
2021-06-03,"Johnson&Johnson, Moderna, Oxford/AstraZeneca, Pfizer/BioNTech",4092910,1665135,5758045
2021-06-04,"Johnson&Johnson, Moderna, Oxford/AstraZeneca, Pfizer/BioNTech",4155974,1722433,5878407
2021-06-05,"Johnson&Johnson, Moderna, Oxford/AstraZeneca, Pfizer/BioNTech",4190102,1741195,5931297
2021-06-06,"Johnson&Johnson, Moderna, Oxford/AstraZeneca, Pfizer/BioNTech",4216997,1756281,5973278
2021-06-07,"Johnson&Johnson, Moderna, Oxford/AstraZeneca, Pfizer/BioNTech",4280660,1811832,6092492
2021-06-08,"Johnson&Johnson, Moderna, Oxford/AstraZeneca, Pfizer/BioNTech",4344611,1866721,6211332
2021-06-09,"Johnson&Johnson, Moderna, Oxford/AstraZeneca, Pfizer/BioNTech",4403775,1931036,6334811
2021-06-10,"Johnson&Johnson, Moderna, Oxford/AstraZeneca, Pfizer/BioNTech",4457648,2002014,6459662
2021-06-11,"Johnson&Johnson, Moderna, Oxford/AstraZeneca, Pfizer/BioNTech",4509725,2071607,6581332
2021-06-12,"Johnson&Johnson, Moderna, Oxford/AstraZeneca, Pfizer/BioNTech",4541698,2092327,6634025
2021-06-13,"Johnson&Johnson, Moderna, Oxford/AstraZeneca, Pfizer/BioNTech",4565702,2110673,6676375
2021-06-14,"Johnson&Johnson, Moderna, Oxford/AstraZeneca, Pfizer/BioNTech",4608687,2184941,6793628
2021-06-15,"Johnson&Johnson, Moderna, Oxford/AstraZeneca, Pfizer/BioNTech",4653311,2257167,6910478
2021-06-16,"Johnson&Johnson, Moderna, Oxford/AstraZeneca, Pfizer/BioNTech",4696037,2335253,7031290
2021-06-17,"Johnson&Johnson, Moderna, Oxford/AstraZeneca, Pfizer/BioNTech",4735404,2418188,7153592
2021-06-18,"Johnson&Johnson, Moderna, Oxford/AstraZeneca, Pfizer/BioNTech",4777772,2498548,7276320
2021-06-19,"Johnson&Johnson, Moderna, Oxford/AstraZeneca, Pfizer/BioNTech",4799499,2527754,7327253
2021-06-20,"Johnson&Johnson, Moderna, Oxford/AstraZeneca, Pfizer/BioNTech",4816857,2551507,7368364
2021-06-21,"Johnson&Johnson, Moderna, Oxford/AstraZeneca, Pfizer/BioNTech",4849359,2629958,7479317
2021-06-22,"Johnson&Johnson, Moderna, Oxford/AstraZeneca, Pfizer/BioNTech",4882303,2712093,7594396
2021-06-23,"Johnson&Johnson, Moderna, Oxford/AstraZeneca, Pfizer/BioNTech",4913946,2797199,7711145
2021-06-24,"Johnson&Johnson, Moderna, Oxford/AstraZeneca, Pfizer/BioNTech",4943776,2887116,7830892
2021-06-25,"Johnson&Johnson, Moderna, Oxford/AstraZeneca, Pfizer/BioNTech",4974800,2973116,7947916
2021-06-26,"Johnson&Johnson, Moderna, Oxford/AstraZeneca, Pfizer/BioNTech",4990651,3007842,7998493
2021-06-27,"Johnson&Johnson, Moderna, Oxford/AstraZeneca, Pfizer/BioNTech",5004588,3034417,8039005
2021-06-28,"Johnson&Johnson, Moderna, Oxford/AstraZeneca, Pfizer/BioNTech",5033004,3119486,8152490
2021-06-29,"Johnson&Johnson, Moderna, Oxford/AstraZeneca, Pfizer/BioNTech",5062248,3205855,8268103
2021-06-30,"Johnson&Johnson, Moderna, Oxford/AstraZeneca, Pfizer/BioNTech",5089744,3296688,8386432
2021-07-01,"Johnson&Johnson, Moderna, Oxford/AstraZeneca, Pfizer/BioNTech",5113684,3386592,8500276
2021-07-02,"Johnson&Johnson, Moderna, Oxford/AstraZeneca, Pfizer/BioNTech",5140397,3472279,8612676
2021-07-03,"Johnson&Johnson, Moderna, Oxford/AstraZeneca, Pfizer/BioNTech",5147470,3503718,8651188
2021-07-04,"Johnson&Johnson, Moderna, Oxford/AstraZeneca, Pfizer/BioNTech",5155008,3525469,8680477
2021-07-05,"Johnson&Johnson, Moderna, Oxford/AstraZeneca, Pfizer/BioNTech",5162349,3550769,8713118
2021-07-06,"Johnson&Johnson, Moderna, Oxford/AstraZeneca, Pfizer/BioNTech",5167736,3578320,8746056
2021-07-07,"Johnson&Johnson, Moderna, Oxford/AstraZeneca, Pfizer/BioNTech",5193512,3657170,8850682
2021-07-08,"Johnson&Johnson, Moderna, Oxford/AstraZeneca, Pfizer/BioNTech",5220084,3727371,8947455
2021-07-09,"Johnson&Johnson, Moderna, Oxford/AstraZeneca, Pfizer/BioNTech",5247968,3796512,9044480
2021-07-10,"Johnson&Johnson, Moderna, Oxford/AstraZeneca, Pfizer/BioNTech",5257296,3825062,9082358
2021-07-11,"Johnson&Johnson, Moderna, Oxford/AstraZeneca, Pfizer/BioNTech",5265809,3847898,9113707
2021-07-12,"Johnson&Johnson, Moderna, Oxford/AstraZeneca, Pfizer/BioNTech",5293331,3916889,9210220
2021-07-13,"Johnson&Johnson, Moderna, Oxford/AstraZeneca, Pfizer/BioNTech",5319521,3986654,9306175
2021-07-14,"Johnson&Johnson, Moderna, Oxford/AstraZeneca, Pfizer/BioNTech",5345340,4058528,9403868
2021-07-15,"Johnson&Johnson, Moderna, Oxford/AstraZeneca, Pfizer/BioNTech",5374536,4124418,9498954
2021-07-16,"Johnson&Johnson, Moderna, Oxford/AstraZeneca, Pfizer/BioNTech",5402445,4197008,9599453
2021-07-17,"Johnson&Johnson, Moderna, Oxford/AstraZeneca, Pfizer/BioNTech",5411188,4228380,9639568
2021-07-18,"Johnson&Johnson, Moderna, Oxford/AstraZeneca, Pfizer/BioNTech",5419616,4254335,9673951
2021-07-19,"Johnson&Johnson, Moderna, Oxford/AstraZeneca, Pfizer/BioNTech",5442942,4321258,9764200
2021-07-20,"Johnson&Johnson, Moderna, Oxford/AstraZeneca, Pfizer/BioNTech",5464308,4388192,9852500
2021-07-21,"Johnson&Johnson, Moderna, Oxford/AstraZeneca, Pfizer/BioNTech",5487725,4451525,9939250
2021-07-22,"Johnson&Johnson, Moderna, Oxford/AstraZeneca, Pfizer/BioNTech",5510043,4510031,10020074
2021-07-23,"Johnson&Johnson, Moderna, Oxford/AstraZeneca, Pfizer/BioNTech",5533199,4564642,10097841
2021-07-24,"Johnson&Johnson, Moderna, Oxford/AstraZeneca, Pfizer/BioNTech",5540489,4592224,10132713
2021-07-25,"Johnson&Johnson, Moderna, Oxford/AstraZeneca, Pfizer/BioNTech",5547083,4614207,10161290
2021-07-26,"Johnson&Johnson, Moderna, Oxford/AstraZeneca, Pfizer/BioNTech",5570582,4662658,10233240
2021-07-27,"Johnson&Johnson, Moderna, Oxford/AstraZeneca, Pfizer/BioNTech",5593247,4709171,10302418
2021-07-28,"Johnson&Johnson, Moderna, Oxford/AstraZeneca, Pfizer/BioNTech",5614447,4755030,10369477
2021-07-29,"Johnson&Johnson, Moderna, Oxford/AstraZeneca, Pfizer/BioNTech",5635675,4796852,10432527
2021-07-30,"Johnson&Johnson, Moderna, Oxford/AstraZeneca, Pfizer/BioNTech",5658920,4839291,10498211
2021-07-31,"Johnson&Johnson, Moderna, Oxford/AstraZeneca, Pfizer/BioNTech",5667834,4858771,10526605
2021-08-01,"Johnson&Johnson, Moderna, Oxford/AstraZeneca, Pfizer/BioNTech",5674536,4874896,10549432
2021-08-02,"Johnson&Johnson, Moderna, Oxford/AstraZeneca, Pfizer/BioNTech",5693113,4912348,10605461
2021-08-03,"Johnson&Johnson, Moderna, Oxford/AstraZeneca, Pfizer/BioNTech",5710695,4950357,10661052
2021-08-04,"Johnson&Johnson, Moderna, Oxford/AstraZeneca, Pfizer/BioNTech",5726725,4986986,10713711
2021-08-05,"Johnson&Johnson, Moderna, Oxford/AstraZeneca, Pfizer/BioNTech",5742691,5027346,10770037
2021-08-06,"Johnson&Johnson, Moderna, Oxford/AstraZeneca, Pfizer/BioNTech",5759435,5070488,10829923
2021-08-07,"Johnson&Johnson, Moderna, Oxford/AstraZeneca, Pfizer/BioNTech",5765000,5088594,10853594
2021-08-08,"Johnson&Johnson, Moderna, Oxford/AstraZeneca, Pfizer/BioNTech",5769346,5104299,10873645
2021-08-09,"Johnson&Johnson, Moderna, Oxford/AstraZeneca, Pfizer/BioNTech",5781953,5149267,10931220
2021-08-10,"Johnson&Johnson, Moderna, Oxford/AstraZeneca, Pfizer/BioNTech",5793737,5188737,10982474
2021-08-11,"Johnson&Johnson, Moderna, Oxford/AstraZeneca, Pfizer/BioNTech",5805056,5231783,11036839
2021-08-12,"Johnson&Johnson, Moderna, Oxford/AstraZeneca, Pfizer/BioNTech",5816411,5268772,11085183
2021-08-13,"Johnson&Johnson, Moderna, Oxford/AstraZeneca, Pfizer/BioNTech",5827049,5308985,11136034
2021-08-14,"Johnson&Johnson, Moderna, Oxford/AstraZeneca, Pfizer/BioNTech",5830376,5319642,11150018
2021-08-15,"Johnson&Johnson, Moderna, Oxford/AstraZeneca, Pfizer/BioNTech",5832941,5329986,11162927
2021-08-16,"Johnson&Johnson, Moderna, Oxford/AstraZeneca, Pfizer/BioNTech",5842692,5363970,11206662
2021-08-17,"Johnson&Johnson, Moderna, Oxford/AstraZeneca, Pfizer/BioNTech",5852217,5390984,11243201
2021-08-18,"Johnson&Johnson, Moderna, Oxford/AstraZeneca, Pfizer/BioNTech",5861539,5429751,11291290
2021-08-19,"Johnson&Johnson, Moderna, Oxford/AstraZeneca, Pfizer/BioNTech",5871117,5468011,11339128
2021-08-20,"Johnson&Johnson, Moderna, Oxford/AstraZeneca, Pfizer/BioNTech",5882407,5508101,11390508
2021-08-21,"Johnson&Johnson, Moderna, Oxford/AstraZeneca, Pfizer/BioNTech",5885102,5520826,11405928
2021-08-22,"Johnson&Johnson, Moderna, Oxford/AstraZeneca, Pfizer/BioNTech",5887435,5532762,11420197
2021-08-23,"Johnson&Johnson, Moderna, Oxford/AstraZeneca, Pfizer/BioNTech",5897904,5571911,11469815
2021-08-24,"Johnson&Johnson, Moderna, Oxford/AstraZeneca, Pfizer/BioNTech",5907716,5605086,11512802
2021-08-25,"Johnson&Johnson, Moderna, Oxford/AstraZeneca, Pfizer/BioNTech",5916521,5633364,11549885
2021-08-26,"Johnson&Johnson, Moderna, Oxford/AstraZeneca, Pfizer/BioNTech",5924883,5659382,11584265
2021-08-27,"Johnson&Johnson, Moderna, Oxford/AstraZeneca, Pfizer/BioNTech",5935076,5685249,11620325
2021-08-28,"Johnson&Johnson, Moderna, Oxford/AstraZeneca, Pfizer/BioNTech",5937771,5692259,11630030
2021-08-29,"Johnson&Johnson, Moderna, Oxford/AstraZeneca, Pfizer/BioNTech",5940161,5698864,11639025
2021-08-30,"Johnson&Johnson, Moderna, Oxford/AstraZeneca, Pfizer/BioNTech",5948582,5720624,11669206
2021-08-31,"Johnson&Johnson, Moderna, Oxford/AstraZeneca, Pfizer/BioNTech",5956140,5738610,11694750
2021-09-01,"Johnson&Johnson, Moderna, Oxford/AstraZeneca, Pfizer/BioNTech",5961927,5752508,11714435
2021-09-02,"Johnson&Johnson, Moderna, Oxford/AstraZeneca, Pfizer/BioNTech",5968585,5766631,11735216
2021-09-03,"Johnson&Johnson, Moderna, Oxford/AstraZeneca, Pfizer/BioNTech",5977926,5782198,11760124
2021-09-04,"Johnson&Johnson, Moderna, Oxford/AstraZeneca, Pfizer/BioNTech",5979946,5785716,11765662
2021-09-05,"Johnson&Johnson, Moderna, Pfizer/BioNTech",5981959,5788536,11770495
2021-09-06,"Johnson&Johnson, Moderna, Oxford/AstraZeneca, Pfizer/BioNTech",5987965,5800917,11788882
2021-09-07,"Johnson&Johnson, Moderna, Oxford/AstraZeneca, Pfizer/BioNTech",5992229,5811865,11804094
2021-09-08,"Johnson&Johnson, Moderna, Oxford/AstraZeneca, Pfizer/BioNTech",5997756,5821638,11819394
2021-09-09,"Johnson&Johnson, Moderna, Oxford/AstraZeneca, Pfizer/BioNTech",6004287,5831608,11835895
2021-09-10,"Johnson&Johnson, Moderna, Oxford/AstraZeneca, Pfizer/BioNTech",6011758,5843621,11855379
2021-09-11,"Johnson&Johnson, Moderna, Pfizer/BioNTech",6013590,5846078,11859668
2021-09-12,"Johnson&Johnson, Moderna, Oxford/AstraZeneca, Pfizer/BioNTech",6014690,5847690,11862380
2021-09-13,"Johnson&Johnson, Moderna, Oxford/AstraZeneca, Pfizer/BioNTech",6019977,5857851,11877828
2021-09-14,"Johnson&Johnson, Moderna, Oxford/AstraZeneca, Pfizer/BioNTech",6025221,5866741,11891962
2021-09-15,"Johnson&Johnson, Moderna, Oxford/AstraZeneca, Pfizer/BioNTech",6030268,5875121,11905389
2021-09-16,"Johnson&Johnson, Moderna, Oxford/AstraZeneca, Pfizer/BioNTech",6035305,5883179,11918484
2021-09-17,"Johnson&Johnson, Moderna, Oxford/AstraZeneca, Pfizer/BioNTech",6041561,5893079,11934640
2021-09-18,"Johnson&Johnson, Moderna, Pfizer/BioNTech",6043244,5895387,11938631
2021-09-19,"Johnson&Johnson, Moderna, Pfizer/BioNTech",6044171,5896934,11941105
2021-09-20,"Johnson&Johnson, Moderna, Oxford/AstraZeneca, Pfizer/BioNTech",6047611,5904420,11952031
