date,vaccine,people_vaccinated,people_fully_vaccinated,total_vaccinations
2020-12-27,Pfizer/BioNTech,1279,0,1279
2020-12-28,Pfizer/BioNTech,3586,0,3586
2020-12-29,Pfizer/BioNTech,7053,0,7053
2020-12-30,Pfizer/BioNTech,10569,0,10569
2020-12-31,Pfizer/BioNTech,11875,0,11875
2021-01-01,"Moderna, Pfizer/BioNTech",12144,0,12144
2021-01-02,Pfizer/BioNTech,13422,0,13422
2021-01-03,Pfizer/BioNTech,14344,0,14344
2021-01-04,"Moderna, Pfizer/BioNTech",17951,0,17951
2021-01-05,"Moderna, Pfizer/BioNTech",22470,0,22470
2021-01-06,"Moderna, Pfizer/BioNTech",28311,1,28312
2021-01-07,"Moderna, Pfizer/BioNTech",36303,1,36304
2021-01-08,"Moderna, Pfizer/BioNTech",46356,1,46357
2021-01-09,"Moderna, Pfizer/BioNTech",48381,2,48383
2021-01-10,Pfizer/BioNTech,50148,4,50152
2021-01-11,Pfizer/BioNTech,60001,6,60007
2021-01-12,"Moderna, Pfizer/BioNTech",73448,8,73456
2021-01-13,Pfizer/BioNTech,86986,8,86994
2021-01-14,"Moderna, Pfizer/BioNTech",102219,12,102231
2021-01-15,"Moderna, Pfizer/BioNTech",116227,13,116240
2021-01-16,"Moderna, Pfizer/BioNTech",119624,16,119640
2021-01-17,"Moderna, Pfizer/BioNTech",122241,652,122893
2021-01-18,"Moderna, Pfizer/BioNTech",134722,2479,137201
2021-01-19,"Moderna, Pfizer/BioNTech",147323,5203,152526
2021-01-20,"Moderna, Pfizer/BioNTech",161003,7861,168864
2021-01-21,"Moderna, Pfizer/BioNTech",176654,9603,186257
2021-01-22,"Moderna, Pfizer/BioNTech",191529,10648,202177
2021-01-23,"Moderna, Pfizer/BioNTech",194849,11527,206376
2021-01-24,"Moderna, Pfizer/BioNTech",197103,12396,209499
2021-01-25,"Moderna, Pfizer/BioNTech",206743,15369,222112
2021-01-26,"Moderna, Pfizer/BioNTech",217279,19359,236638
2021-01-27,"Moderna, Pfizer/BioNTech",226306,23896,250202
2021-01-28,"Moderna, Pfizer/BioNTech",233400,30024,263424
2021-01-29,"Moderna, Pfizer/BioNTech",239610,37934,277544
2021-01-30,"Moderna, Pfizer/BioNTech",240346,39022,279368
2021-01-31,"Moderna, Pfizer/BioNTech",241059,40203,281262
2021-02-01,"Moderna, Pfizer/BioNTech",245038,48160,293198
2021-02-02,"Moderna, Pfizer/BioNTech",249179,58389,307568
2021-02-03,"Moderna, Pfizer/BioNTech",253597,69397,322994
2021-02-04,"Moderna, Pfizer/BioNTech",258493,82381,340874
2021-02-05,"Moderna, Pfizer/BioNTech",263959,93052,357011
2021-02-06,"Moderna, Oxford/AstraZeneca, Pfizer/BioNTech",264806,95417,360223
2021-02-07,"Moderna, Pfizer/BioNTech",265654,97918,363572
2021-02-08,"Moderna, Oxford/AstraZeneca, Pfizer/BioNTech",269735,109349,379084
2021-02-09,"Moderna, Oxford/AstraZeneca, Pfizer/BioNTech",274828,121259,396087
2021-02-10,"Moderna, Oxford/AstraZeneca, Pfizer/BioNTech",280332,134506,414838
2021-02-11,"Moderna, Oxford/AstraZeneca, Pfizer/BioNTech",286663,150716,437379
2021-02-12,"Moderna, Oxford/AstraZeneca, Pfizer/BioNTech",293478,165445,458923
2021-02-13,"Moderna, Oxford/AstraZeneca, Pfizer/BioNTech",295087,168433,463520
2021-02-14,"Moderna, Oxford/AstraZeneca, Pfizer/BioNTech",296090,169817,465907
2021-02-15,"Moderna, Oxford/AstraZeneca, Pfizer/BioNTech",302488,179173,481661
2021-02-16,"Moderna, Oxford/AstraZeneca, Pfizer/BioNTech",311204,188247,499451
2021-02-17,"Moderna, Oxford/AstraZeneca, Pfizer/BioNTech",320900,196552,517452
2021-02-18,"Moderna, Oxford/AstraZeneca, Pfizer/BioNTech",333215,204628,537843
2021-02-19,"Moderna, Oxford/AstraZeneca, Pfizer/BioNTech",345068,211986,557054
2021-02-20,"Moderna, Oxford/AstraZeneca, Pfizer/BioNTech",347063,213167,560230
2021-02-21,"Moderna, Oxford/AstraZeneca, Pfizer/BioNTech",348192,214190,562382
2021-02-22,"Moderna, Oxford/AstraZeneca, Pfizer/BioNTech",358313,220219,578532
2021-02-23,"Moderna, Oxford/AstraZeneca, Pfizer/BioNTech",371256,227193,598449
2021-02-24,"Moderna, Oxford/AstraZeneca, Pfizer/BioNTech",385128,233226,618354
2021-02-25,"Moderna, Oxford/AstraZeneca, Pfizer/BioNTech",403093,238772,641865
2021-02-26,"Moderna, Oxford/AstraZeneca, Pfizer/BioNTech",419258,244118,663376
2021-02-27,"Moderna, Oxford/AstraZeneca, Pfizer/BioNTech",422266,244675,666941
2021-02-28,"Moderna, Oxford/AstraZeneca, Pfizer/BioNTech",424612,245222,669834
2021-03-01,"Moderna, Oxford/AstraZeneca, Pfizer/BioNTech",444193,248666,692859
2021-03-02,"Moderna, Oxford/AstraZeneca, Pfizer/BioNTech",471410,252206,723616
2021-03-03,"Moderna, Oxford/AstraZeneca, Pfizer/BioNTech",502285,256707,758992
2021-03-04,"Moderna, Oxford/AstraZeneca, Pfizer/BioNTech",535554,261388,796942
2021-03-05,"Johnson&Johnson, Moderna, Oxford/AstraZeneca, Pfizer/BioNTech",564364,266805,831169
2021-03-06,"Johnson&Johnson, Moderna, Oxford/AstraZeneca, Pfizer/BioNTech",576504,267663,844167
2021-03-07,"Johnson&Johnson, Moderna, Oxford/AstraZeneca, Pfizer/BioNTech",588038,268504,856542
2021-03-08,"Johnson&Johnson, Moderna, Oxford/AstraZeneca, Pfizer/BioNTech",617767,273356,891123
2021-03-09,"Johnson&Johnson, Moderna, Oxford/AstraZeneca, Pfizer/BioNTech",654116,279734,933850
2021-03-10,"Moderna, Oxford/AstraZeneca, Pfizer/BioNTech",695419,286683,982102
2021-03-11,"Johnson&Johnson, Moderna, Oxford/AstraZeneca, Pfizer/BioNTech",740234,295051,1035285
2021-03-12,"Johnson&Johnson, Moderna, Oxford/AstraZeneca, Pfizer/BioNTech",778992,303540,1082532
2021-03-13,"Johnson&Johnson, Moderna, Oxford/AstraZeneca, Pfizer/BioNTech",796066,304844,1100910
2021-03-14,"Johnson&Johnson, Moderna, Oxford/AstraZeneca, Pfizer/BioNTech",808173,305995,1114168
2021-03-15,"Moderna, Oxford/AstraZeneca, Pfizer/BioNTech",836548,314767,1151315
2021-03-16,"Johnson&Johnson, Moderna, Oxford/AstraZeneca, Pfizer/BioNTech",875423,325299,1200722
2021-03-17,"Moderna, Oxford/AstraZeneca, Pfizer/BioNTech",912878,335804,1248682
2021-03-18,"Johnson&Johnson, Moderna, Oxford/AstraZeneca, Pfizer/BioNTech",950855,348217,1299072
2021-03-19,"Moderna, Oxford/AstraZeneca, Pfizer/BioNTech",985330,361822,1347152
2021-03-20,"Johnson&Johnson, Moderna, Oxford/AstraZeneca, Pfizer/BioNTech",1000462,363844,1364306
2021-03-21,"Johnson&Johnson, Moderna, Oxford/AstraZeneca, Pfizer/BioNTech",1007879,365400,1373279
2021-03-22,"Johnson&Johnson, Moderna, Oxford/AstraZeneca, Pfizer/BioNTech",1032420,377899,1410319
2021-03-23,"Johnson&Johnson, Moderna, Oxford/AstraZeneca, Pfizer/BioNTech",1059047,391247,1450294
2021-03-24,"Johnson&Johnson, Moderna, Oxford/AstraZeneca, Pfizer/BioNTech",1085893,406977,1492870
2021-03-25,"Moderna, Oxford/AstraZeneca, Pfizer/BioNTech",1112209,424821,1537030
2021-03-26,"Johnson&Johnson, Moderna, Oxford/AstraZeneca, Pfizer/BioNTech",1137005,442315,1579320
2021-03-27,"Johnson&Johnson, Moderna, Oxford/AstraZeneca, Pfizer/BioNTech",1145432,447160,1592592
2021-03-28,"Moderna, Oxford/AstraZeneca, Pfizer/BioNTech",1150968,451298,1602266
2021-03-29,"Johnson&Johnson, Moderna, Oxford/AstraZeneca, Pfizer/BioNTech",1170080,472028,1642108
2021-03-30,"Johnson&Johnson, Moderna, Oxford/AstraZeneca, Pfizer/BioNTech",1194772,494200,1688972
2021-03-31,"Johnson&Johnson, Moderna, Oxford/AstraZeneca, Pfizer/BioNTech",1217879,521252,1739131
2021-04-01,"Johnson&Johnson, Moderna, Oxford/AstraZeneca, Pfizer/BioNTech",1243494,553292,1796786
2021-04-02,"Johnson&Johnson, Moderna, Oxford/AstraZeneca, Pfizer/BioNTech",1250412,566076,1816488
2021-04-03,"Johnson&Johnson, Moderna, Oxford/AstraZeneca, Pfizer/BioNTech",1254025,576992,1831017
2021-04-04,"Johnson&Johnson, Moderna, Oxford/AstraZeneca, Pfizer/BioNTech",1256532,585909,1842441
2021-04-05,"Johnson&Johnson, Moderna, Oxford/AstraZeneca, Pfizer/BioNTech",1258931,593089,1852020
2021-04-06,"Johnson&Johnson, Moderna, Oxford/AstraZeneca, Pfizer/BioNTech",1275058,622337,1897395
2021-04-07,"Johnson&Johnson, Moderna, Oxford/AstraZeneca, Pfizer/BioNTech",1298468,644560,1943028
2021-04-08,"Johnson&Johnson, Moderna, Oxford/AstraZeneca, Pfizer/BioNTech",1337170,675573,2012743
2021-04-09,"Johnson&Johnson, Moderna, Oxford/AstraZeneca, Pfizer/BioNTech",1376702,705742,2082444
2021-04-10,"Johnson&Johnson, Moderna, Oxford/AstraZeneca, Pfizer/BioNTech",1392191,721030,2113221
2021-04-11,"Johnson&Johnson, Moderna, Oxford/AstraZeneca, Pfizer/BioNTech",1401964,731066,2133030
2021-04-12,"Johnson&Johnson, Moderna, Oxford/AstraZeneca, Pfizer/BioNTech",1440208,756192,2196400
2021-04-13,"Moderna, Oxford/AstraZeneca, Pfizer/BioNTech",1476451,782223,2258674
2021-04-14,"Moderna, Oxford/AstraZeneca, Pfizer/BioNTech",1515255,809569,2324824
2021-04-15,"Moderna, Oxford/AstraZeneca, Pfizer/BioNTech",1563028,835283,2398311
2021-04-16,"Moderna, Oxford/AstraZeneca, Pfizer/BioNTech",1607672,860915,2468587
2021-04-17,"Moderna, Oxford/AstraZeneca, Pfizer/BioNTech",1624361,869939,2494300
2021-04-18,"Moderna, Oxford/AstraZeneca, Pfizer/BioNTech",1637342,874919,2512261
2021-04-19,"Moderna, Oxford/AstraZeneca, Pfizer/BioNTech",1681312,890378,2571690
2021-04-20,"Johnson&Johnson, Moderna, Oxford/AstraZeneca, Pfizer/BioNTech",1723852,906235,2630087
2021-04-21,"Moderna, Oxford/AstraZeneca, Pfizer/BioNTech",1771571,920579,2692150
2021-04-22,"Johnson&Johnson, Moderna, Oxford/AstraZeneca, Pfizer/BioNTech",1826052,937951,2764003
2021-04-23,"Johnson&Johnson, Moderna, Oxford/AstraZeneca, Pfizer/BioNTech",1876002,950000,2826002
2021-04-24,"Johnson&Johnson, Moderna, Oxford/AstraZeneca, Pfizer/BioNTech",1893826,955239,2849065
2021-04-25,"Johnson&Johnson, Moderna, Oxford/AstraZeneca, Pfizer/BioNTech",1908511,959229,2867740
2021-04-26,"Johnson&Johnson, Moderna, Oxford/AstraZeneca, Pfizer/BioNTech",1958077,966775,2924852
2021-04-27,"Johnson&Johnson, Moderna, Oxford/AstraZeneca, Pfizer/BioNTech",2007040,978994,2986034
2021-04-28,"Johnson&Johnson, Moderna, Oxford/AstraZeneca, Pfizer/BioNTech",2065779,992978,3058757
2021-04-29,"Johnson&Johnson, Moderna, Oxford/AstraZeneca, Pfizer/BioNTech",2131317,1008859,3140176
2021-04-30,"Johnson&Johnson, Moderna, Oxford/AstraZeneca, Pfizer/BioNTech",2193544,1018819,3212363
2021-05-01,"Johnson&Johnson, Moderna, Oxford/AstraZeneca, Pfizer/BioNTech",2212863,1022262,3235125
2021-05-02,"Johnson&Johnson, Moderna, Oxford/AstraZeneca, Pfizer/BioNTech",2231772,1024527,3256299
2021-05-03,"Johnson&Johnson, Moderna, Oxford/AstraZeneca, Pfizer/BioNTech",2299009,1029578,3328587
2021-05-04,"Johnson&Johnson, Moderna, Oxford/AstraZeneca, Pfizer/BioNTech",2365487,1037899,3403386
2021-05-05,"Johnson&Johnson, Moderna, Oxford/AstraZeneca, Pfizer/BioNTech",2438631,1047291,3485922
2021-05-06,"Johnson&Johnson, Moderna, Oxford/AstraZeneca, Pfizer/BioNTech",2519010,1057993,3577003
2021-05-07,"Johnson&Johnson, Moderna, Oxford/AstraZeneca, Pfizer/BioNTech",2596235,1068049,3664284
2021-05-08,"Johnson&Johnson, Moderna, Oxford/AstraZeneca, Pfizer/BioNTech",2625661,1069805,3695466
2021-05-09,"Johnson&Johnson, Moderna, Oxford/AstraZeneca, Pfizer/BioNTech",2649845,1071003,3720848
2021-05-10,"Johnson&Johnson, Moderna, Oxford/AstraZeneca, Pfizer/BioNTech",2722580,1078209,3800789
2021-05-11,"Johnson&Johnson, Moderna, Oxford/AstraZeneca, Pfizer/BioNTech",2798666,1086994,3885660
2021-05-12,"Johnson&Johnson, Moderna, Oxford/AstraZeneca, Pfizer/BioNTech",2878502,1096082,3974584
2021-05-13,"Johnson&Johnson, Moderna, Oxford/AstraZeneca, Pfizer/BioNTech",2962502,1105233,4067735
2021-05-14,"Johnson&Johnson, Moderna, Oxford/AstraZeneca, Pfizer/BioNTech",3041913,1113003,4154916
2021-05-15,"Johnson&Johnson, Moderna, Oxford/AstraZeneca, Pfizer/BioNTech",3073775,1115236,4189011
2021-05-16,"Johnson&Johnson, Moderna, Oxford/AstraZeneca, Pfizer/BioNTech",3099523,1116494,4216017
2021-05-17,"Johnson&Johnson, Moderna, Oxford/AstraZeneca, Pfizer/BioNTech",3172012,1123206,4295218
2021-05-18,"Johnson&Johnson, Moderna, Oxford/AstraZeneca, Pfizer/BioNTech",3243922,1136251,4380173
2021-05-19,"Johnson&Johnson, Moderna, Oxford/AstraZeneca, Pfizer/BioNTech",3321361,1151368,4472729
2021-05-20,"Johnson&Johnson, Moderna, Oxford/AstraZeneca, Pfizer/BioNTech",3396769,1178378,4575147
2021-05-21,"Johnson&Johnson, Moderna, Oxford/AstraZeneca, Pfizer/BioNTech",3465508,1206118,4671626
2021-05-22,"Johnson&Johnson, Moderna, Oxford/AstraZeneca, Pfizer/BioNTech",3497862,1217288,4715150
2021-05-23,"Johnson&Johnson, Moderna, Oxford/AstraZeneca, Pfizer/BioNTech",3520197,1226312,4746509
2021-05-24,"Johnson&Johnson, Moderna, Oxford/AstraZeneca, Pfizer/BioNTech",3567312,1259951,4827263
2021-05-25,"Johnson&Johnson, Moderna, Oxford/AstraZeneca, Pfizer/BioNTech",3619133,1295720,4914853
2021-05-26,"Johnson&Johnson, Moderna, Oxford/AstraZeneca, Pfizer/BioNTech",3686864,1333207,5020071
2021-05-27,"Johnson&Johnson, Moderna, Oxford/AstraZeneca, Pfizer/BioNTech",3748236,1380501,5128737
2021-05-28,"Johnson&Johnson, Moderna, Oxford/AstraZeneca, Pfizer/BioNTech",3809911,1427038,5236949
2021-05-29,"Johnson&Johnson, Moderna, Oxford/AstraZeneca, Pfizer/BioNTech",3839072,1444130,5283202
2021-05-30,"Johnson&Johnson, Moderna, Oxford/AstraZeneca, Pfizer/BioNTech",3861420,1458552,5319972
2021-05-31,"Johnson&Johnson, Moderna, Oxford/AstraZeneca, Pfizer/BioNTech",3917137,1506070,5423207
2021-06-01,"Johnson&Johnson, Moderna, Oxford/AstraZeneca, Pfizer/BioNTech",3976142,1554884,5531026
2021-06-02,"Johnson&Johnson, Moderna, Oxford/AstraZeneca, Pfizer/BioNTech",4039011,1608826,5647837
2021-06-03,"Johnson&Johnson, Moderna, Oxford/AstraZeneca, Pfizer/BioNTech",4097219,1668996,5766215
2021-06-04,"Johnson&Johnson, Moderna, Oxford/AstraZeneca, Pfizer/BioNTech",4160279,1726348,5886627
2021-06-05,"Johnson&Johnson, Moderna, Oxford/AstraZeneca, Pfizer/BioNTech",4194403,1745143,5939546
2021-06-06,"Johnson&Johnson, Moderna, Oxford/AstraZeneca, Pfizer/BioNTech",4221308,1760249,5981557
2021-06-07,"Johnson&Johnson, Moderna, Oxford/AstraZeneca, Pfizer/BioNTech",4284975,1815835,6100810
2021-06-08,"Johnson&Johnson, Moderna, Oxford/AstraZeneca, Pfizer/BioNTech",4348943,1870777,6219720
2021-06-09,"Johnson&Johnson, Moderna, Oxford/AstraZeneca, Pfizer/BioNTech",4408112,1935244,6343356
2021-06-10,"Johnson&Johnson, Moderna, Oxford/AstraZeneca, Pfizer/BioNTech",4461974,2006339,6468313
2021-06-11,"Johnson&Johnson, Moderna, Oxford/AstraZeneca, Pfizer/BioNTech",4514066,2076032,6590098
2021-06-12,"Johnson&Johnson, Moderna, Oxford/AstraZeneca, Pfizer/BioNTech",4546061,2096783,6642844
2021-06-13,"Johnson&Johnson, Moderna, Oxford/AstraZeneca, Pfizer/BioNTech",4570069,2115154,6685223
2021-06-14,"Johnson&Johnson, Moderna, Oxford/AstraZeneca, Pfizer/BioNTech",4613133,2189483,6802616
2021-06-15,"Johnson&Johnson, Moderna, Oxford/AstraZeneca, Pfizer/BioNTech",4657773,2261770,6919543
2021-06-16,"Johnson&Johnson, Moderna, Oxford/AstraZeneca, Pfizer/BioNTech",4700499,2339938,7040437
2021-06-17,"Johnson&Johnson, Moderna, Oxford/AstraZeneca, Pfizer/BioNTech",4739869,2422945,7162814
2021-06-18,"Johnson&Johnson, Moderna, Oxford/AstraZeneca, Pfizer/BioNTech",4782243,2503378,7285621
2021-06-19,"Johnson&Johnson, Moderna, Oxford/AstraZeneca, Pfizer/BioNTech",4803987,2532609,7336596
2021-06-20,"Johnson&Johnson, Moderna, Oxford/AstraZeneca, Pfizer/BioNTech",4821346,2556396,7377742
2021-06-21,"Johnson&Johnson, Moderna, Oxford/AstraZeneca, Pfizer/BioNTech",4853843,2634895,7488738
2021-06-22,"Johnson&Johnson, Moderna, Oxford/AstraZeneca, Pfizer/BioNTech",4886793,2717081,7603874
2021-06-23,"Johnson&Johnson, Moderna, Oxford/AstraZeneca, Pfizer/BioNTech",4918441,2802228,7720669
2021-06-24,"Johnson&Johnson, Moderna, Oxford/AstraZeneca, Pfizer/BioNTech",4948273,2892187,7840460
2021-06-25,"Johnson&Johnson, Moderna, Oxford/AstraZeneca, Pfizer/BioNTech",4979319,2978256,7957575
2021-06-26,"Johnson&Johnson, Moderna, Oxford/AstraZeneca, Pfizer/BioNTech",4995173,3013017,8008190
2021-06-27,"Johnson&Johnson, Moderna, Oxford/AstraZeneca, Pfizer/BioNTech",5009109,3039624,8048733
2021-06-28,"Johnson&Johnson, Moderna, Oxford/AstraZeneca, Pfizer/BioNTech",5037508,3124732,8162240
2021-06-29,"Johnson&Johnson, Moderna, Oxford/AstraZeneca, Pfizer/BioNTech",5066767,3211123,8277890
2021-06-30,"Johnson&Johnson, Moderna, Oxford/AstraZeneca, Pfizer/BioNTech",5094251,3302013,8396264
2021-07-01,"Johnson&Johnson, Moderna, Oxford/AstraZeneca, Pfizer/BioNTech",5118215,3391979,8510194
2021-07-02,"Johnson&Johnson, Moderna, Oxford/AstraZeneca, Pfizer/BioNTech",5144922,3477738,8622660
2021-07-03,"Johnson&Johnson, Moderna, Oxford/AstraZeneca, Pfizer/BioNTech",5151994,3509207,8661201
2021-07-04,"Johnson&Johnson, Moderna, Oxford/AstraZeneca, Pfizer/BioNTech",5159543,3530977,8690520
2021-07-05,"Johnson&Johnson, Moderna, Oxford/AstraZeneca, Pfizer/BioNTech",5166903,3556305,8723208
2021-07-06,"Johnson&Johnson, Moderna, Oxford/AstraZeneca, Pfizer/BioNTech",5172305,3583898,8756203
2021-07-07,"Johnson&Johnson, Moderna, Oxford/AstraZeneca, Pfizer/BioNTech",5198080,3662798,8860878
2021-07-08,"Johnson&Johnson, Moderna, Oxford/AstraZeneca, Pfizer/BioNTech",5224672,3733052,8957724
2021-07-09,"Johnson&Johnson, Moderna, Oxford/AstraZeneca, Pfizer/BioNTech",5252576,3802250,9054826
2021-07-10,"Johnson&Johnson, Moderna, Oxford/AstraZeneca, Pfizer/BioNTech",5261915,3830832,9092747
2021-07-11,"Johnson&Johnson, Moderna, Oxford/AstraZeneca, Pfizer/BioNTech",5270433,3853687,9124120
2021-07-12,"Johnson&Johnson, Moderna, Oxford/AstraZeneca, Pfizer/BioNTech",5297952,3922714,9220666
2021-07-13,"Johnson&Johnson, Moderna, Oxford/AstraZeneca, Pfizer/BioNTech",5324118,3992523,9316641
2021-07-14,"Johnson&Johnson, Moderna, Oxford/AstraZeneca, Pfizer/BioNTech",5349915,4064431,9414346
2021-07-15,"Johnson&Johnson, Moderna, Oxford/AstraZeneca, Pfizer/BioNTech",5379080,4130370,9509450
2021-07-16,"Johnson&Johnson, Moderna, Oxford/AstraZeneca, Pfizer/BioNTech",5406982,4203007,9609989
2021-07-17,"Johnson&Johnson, Moderna, Oxford/AstraZeneca, Pfizer/BioNTech",5415745,4234398,9650143
2021-07-18,"Johnson&Johnson, Moderna, Oxford/AstraZeneca, Pfizer/BioNTech",5424180,4260362,9684542
2021-07-19,"Johnson&Johnson, Moderna, Oxford/AstraZeneca, Pfizer/BioNTech",5447521,4327324,9774845
2021-07-20,"Johnson&Johnson, Moderna, Oxford/AstraZeneca, Pfizer/BioNTech",5468896,4394293,9863189
2021-07-21,"Johnson&Johnson, Moderna, Oxford/AstraZeneca, Pfizer/BioNTech",5492337,4457682,9950019
2021-07-22,"Johnson&Johnson, Moderna, Oxford/AstraZeneca, Pfizer/BioNTech",5514688,4516233,10030921
2021-07-23,"Johnson&Johnson, Moderna, Oxford/AstraZeneca, Pfizer/BioNTech",5537871,4570905,10108776
2021-07-24,"Johnson&Johnson, Moderna, Oxford/AstraZeneca, Pfizer/BioNTech",5545176,4598523,10143699
2021-07-25,"Johnson&Johnson, Moderna, Oxford/AstraZeneca, Pfizer/BioNTech",5551783,4620617,10172400
2021-07-26,"Johnson&Johnson, Moderna, Oxford/AstraZeneca, Pfizer/BioNTech",5575308,4669219,10244527
2021-07-27,"Johnson&Johnson, Moderna, Oxford/AstraZeneca, Pfizer/BioNTech",5598027,4715779,10313806
2021-07-28,"Johnson&Johnson, Moderna, Oxford/AstraZeneca, Pfizer/BioNTech",5619263,4761679,10380942
2021-07-29,"Johnson&Johnson, Moderna, Oxford/AstraZeneca, Pfizer/BioNTech",5640569,4803551,10444120
2021-07-30,"Johnson&Johnson, Moderna, Oxford/AstraZeneca, Pfizer/BioNTech",5663829,4846027,10509856
2021-07-31,"Johnson&Johnson, Moderna, Oxford/AstraZeneca, Pfizer/BioNTech",5672743,4865522,10538265
2021-08-01,"Johnson&Johnson, Moderna, Oxford/AstraZeneca, Pfizer/BioNTech",5679456,4881663,10561119
2021-08-02,"Johnson&Johnson, Moderna, Oxford/AstraZeneca, Pfizer/BioNTech",5698069,4919158,10617227
2021-08-03,"Johnson&Johnson, Moderna, Oxford/AstraZeneca, Pfizer/BioNTech",5715690,4957198,10672888
2021-08-04,"Johnson&Johnson, Moderna, Oxford/AstraZeneca, Pfizer/BioNTech",5731771,4993872,10725643
2021-08-05,"Johnson&Johnson, Moderna, Oxford/AstraZeneca, Pfizer/BioNTech",5747788,5034278,10782066
2021-08-06,"Johnson&Johnson, Moderna, Oxford/AstraZeneca, Pfizer/BioNTech",5764566,5077495,10842061
2021-08-07,"Johnson&Johnson, Moderna, Oxford/AstraZeneca, Pfizer/BioNTech",5770151,5095630,10865781
2021-08-08,"Johnson&Johnson, Moderna, Oxford/AstraZeneca, Pfizer/BioNTech",5774501,5111358,10885859
2021-08-09,"Johnson&Johnson, Moderna, Oxford/AstraZeneca, Pfizer/BioNTech",5787137,5156356,10943493
2021-08-10,"Johnson&Johnson, Moderna, Oxford/AstraZeneca, Pfizer/BioNTech",5798964,5195874,10994838
2021-08-11,"Johnson&Johnson, Moderna, Oxford/AstraZeneca, Pfizer/BioNTech",5810316,5238957,11049273
2021-08-12,"Johnson&Johnson, Moderna, Oxford/AstraZeneca, Pfizer/BioNTech",5821730,5276035,11097765
2021-08-13,"Johnson&Johnson, Moderna, Oxford/AstraZeneca, Pfizer/BioNTech",5832442,5316319,11148761
2021-08-14,"Johnson&Johnson, Moderna, Oxford/AstraZeneca, Pfizer/BioNTech",5835777,5326996,11162773
2021-08-15,"Johnson&Johnson, Moderna, Oxford/AstraZeneca, Pfizer/BioNTech",5838357,5337350,11175707
2021-08-16,"Johnson&Johnson, Moderna, Oxford/AstraZeneca, Pfizer/BioNTech",5848135,5371382,11219517
2021-08-17,"Johnson&Johnson, Moderna, Oxford/AstraZeneca, Pfizer/BioNTech",5857723,5398441,11256164
2021-08-18,"Johnson&Johnson, Moderna, Oxford/AstraZeneca, Pfizer/BioNTech",5867086,5437271,11304357
2021-08-19,"Johnson&Johnson, Moderna, Oxford/AstraZeneca, Pfizer/BioNTech",5876746,5475583,11352329
2021-08-20,"Johnson&Johnson, Moderna, Oxford/AstraZeneca, Pfizer/BioNTech",5888124,5515736,11403860
2021-08-21,"Johnson&Johnson, Moderna, Oxford/AstraZeneca, Pfizer/BioNTech",5890837,5528470,11419307
2021-08-22,"Johnson&Johnson, Moderna, Oxford/AstraZeneca, Pfizer/BioNTech",5893175,5540422,11433597
2021-08-23,"Johnson&Johnson, Moderna, Oxford/AstraZeneca, Pfizer/BioNTech",5903703,5579650,11483353
2021-08-24,"Johnson&Johnson, Moderna, Oxford/AstraZeneca, Pfizer/BioNTech",5913565,5612867,11526432
2021-08-25,"Johnson&Johnson, Moderna, Oxford/AstraZeneca, Pfizer/BioNTech",5922425,5641202,11563627
2021-08-26,"Johnson&Johnson, Moderna, Oxford/AstraZeneca, Pfizer/BioNTech",5930867,5667302,11598169
2021-08-27,"Johnson&Johnson, Moderna, Oxford/AstraZeneca, Pfizer/BioNTech",5941176,5693220,11634396
2021-08-28,"Johnson&Johnson, Moderna, Oxford/AstraZeneca, Pfizer/BioNTech",5943897,5700245,11644142
2021-08-29,"Johnson&Johnson, Moderna, Oxford/AstraZeneca, Pfizer/BioNTech",5946299,5706856,11653155
2021-08-30,"Johnson&Johnson, Moderna, Oxford/AstraZeneca, Pfizer/BioNTech",5954817,5728701,11683518
2021-08-31,"Johnson&Johnson, Moderna, Oxford/AstraZeneca, Pfizer/BioNTech",5962477,5746752,11709229
2021-09-01,"Johnson&Johnson, Moderna, Oxford/AstraZeneca, Pfizer/BioNTech",5968357,5760725,11729082
2021-09-02,"Johnson&Johnson, Moderna, Oxford/AstraZeneca, Pfizer/BioNTech",5975182,5775090,11750272
2021-09-03,"Johnson&Johnson, Moderna, Oxford/AstraZeneca, Pfizer/BioNTech",5984731,5790771,11775502
2021-09-04,"Johnson&Johnson, Moderna, Oxford/AstraZeneca, Pfizer/BioNTech",5986792,5794317,11781109
2021-09-05,"Johnson&Johnson, Moderna, Oxford/AstraZeneca, Pfizer/BioNTech",5988824,5797156,11785980
2021-09-06,"Johnson&Johnson, Moderna, Oxford/AstraZeneca, Pfizer/BioNTech",5995048,5809662,11804710
2021-09-07,"Johnson&Johnson, Moderna, Oxford/AstraZeneca, Pfizer/BioNTech",5999422,5820745,11820167
2021-09-08,"Johnson&Johnson, Moderna, Oxford/AstraZeneca, Pfizer/BioNTech",6005079,5830573,11835652
2021-09-09,"Johnson&Johnson, Moderna, Oxford/AstraZeneca, Pfizer/BioNTech",6011753,5840620,11852373
2021-09-10,"Johnson&Johnson, Moderna, Oxford/AstraZeneca, Pfizer/BioNTech",6019430,5852781,11872211
2021-09-11,"Johnson&Johnson, Moderna, Oxford/AstraZeneca, Pfizer/BioNTech",6021291,5855252,11876543
2021-09-12,"Johnson&Johnson, Moderna, Oxford/AstraZeneca, Pfizer/BioNTech",6022404,5856872,11879276
2021-09-13,"Johnson&Johnson, Moderna, Oxford/AstraZeneca, Pfizer/BioNTech",6027828,5867156,11894984
2021-09-14,"Johnson&Johnson, Moderna, Oxford/AstraZeneca, Pfizer/BioNTech",6033207,5876150,11909357
2021-09-15,"Johnson&Johnson, Moderna, Oxford/AstraZeneca, Pfizer/BioNTech",6038393,5884658,11923051
2021-09-16,"Johnson&Johnson, Moderna, Oxford/AstraZeneca, Pfizer/BioNTech",6043735,5892915,11936650
2021-09-17,"Johnson&Johnson, Moderna, Oxford/AstraZeneca, Pfizer/BioNTech",6050295,5903118,11953413
2021-09-18,"Johnson&Johnson, Moderna, Oxford/AstraZeneca, Pfizer/BioNTech",6052018,5905467,11957485
2021-09-19,"Johnson&Johnson, Moderna, Oxford/AstraZeneca, Pfizer/BioNTech",6052958,5907030,11959988
2021-09-20,"Johnson&Johnson, Moderna, Oxford/AstraZeneca, Pfizer/BioNTech",6056961,5915214,11972175
2021-09-21,"Johnson&Johnson, Moderna, Oxford/AstraZeneca, Pfizer/BioNTech",6061186,5922736,11983922
2021-09-22,"Johnson&Johnson, Moderna, Oxford/AstraZeneca, Pfizer/BioNTech",6065360,5928242,11993602
2021-09-23,"Johnson&Johnson, Moderna, Oxford/AstraZeneca, Pfizer/BioNTech",6070336,5934643,12004979
2021-09-24,"Johnson&Johnson, Moderna, Oxford/AstraZeneca, Pfizer/BioNTech",6076087,5944249,12020336
2021-09-25,"Johnson&Johnson, Moderna, Oxford/AstraZeneca, Pfizer/BioNTech",6077577,5946235,12023812
2021-09-26,"Johnson&Johnson, Moderna, Pfizer/BioNTech",6078317,5947863,12026180
2021-09-27,"Johnson&Johnson, Moderna, Oxford/AstraZeneca, Pfizer/BioNTech",6082189,5954349,12036538
2021-09-28,"Johnson&Johnson, Moderna, Pfizer/BioNTech",6082545,5954950,12037495
2021-09-29,"Johnson&Johnson, Moderna, Oxford/AstraZeneca, Pfizer/BioNTech",6086314,5962391,12048705
2021-09-30,"Johnson&Johnson, Moderna, Oxford/AstraZeneca, Pfizer/BioNTech",6090807,5970073,12060880
2021-10-01,"Johnson&Johnson, Moderna, Oxford/AstraZeneca, Pfizer/BioNTech",6095091,5978023,12073114
2021-10-02,"Johnson&Johnson, Moderna, Oxford/AstraZeneca, Pfizer/BioNTech",6096150,5979555,12075705
2021-10-03,"Johnson&Johnson, Moderna, Pfizer/BioNTech",6096865,5980416,12077281
2021-10-04,"Johnson&Johnson, Moderna, Oxford/AstraZeneca, Pfizer/BioNTech",6099932,5985978,12085910
2021-10-05,"Johnson&Johnson, Moderna, Oxford/AstraZeneca, Pfizer/BioNTech",6103083,5991036,12094119
2021-10-06,"Johnson&Johnson, Moderna, Oxford/AstraZeneca, Pfizer/BioNTech",6106590,5996189,12102779
2021-10-07,"Johnson&Johnson, Moderna, Oxford/AstraZeneca, Pfizer/BioNTech",6109860,6001434,12111294
2021-10-08,"Johnson&Johnson, Moderna, Oxford/AstraZeneca, Pfizer/BioNTech",6114639,6008046,12122685
2021-10-09,"Johnson&Johnson, Moderna, Oxford/AstraZeneca, Pfizer/BioNTech",6115877,6009696,12125573
2021-10-10,"Johnson&Johnson, Moderna, Oxford/AstraZeneca, Pfizer/BioNTech",6116817,6010525,12127342
2021-10-11,"Johnson&Johnson, Moderna, Oxford/AstraZeneca, Pfizer/BioNTech",6119738,6014926,12134664
2021-10-12,"Johnson&Johnson, Moderna, Oxford/AstraZeneca, Pfizer/BioNTech",6122650,6018919,12141569
2021-10-13,"Johnson&Johnson, Moderna, Oxford/AstraZeneca, Pfizer/BioNTech",6126179,6023095,12149274
2021-10-14,"Johnson&Johnson, Moderna, Oxford/AstraZeneca, Pfizer/BioNTech",6129852,6028036,12157888
2021-10-15,"Johnson&Johnson, Moderna, Oxford/AstraZeneca, Pfizer/BioNTech",6135073,6034164,12169237
2021-10-16,"Johnson&Johnson, Moderna, Oxford/AstraZeneca, Pfizer/BioNTech",6136468,6035678,12172146
2021-10-17,"Johnson&Johnson, Moderna, Pfizer/BioNTech",6137787,6036729,12174516
2021-10-18,"Johnson&Johnson, Moderna, Oxford/AstraZeneca, Pfizer/BioNTech",6141896,6040818,12182714
2021-10-19,"Johnson&Johnson, Moderna, Oxford/AstraZeneca, Pfizer/BioNTech",6145439,6042901,12188340
2021-10-20,"Johnson&Johnson, Moderna, Oxford/AstraZeneca, Pfizer/BioNTech",6150292,6047342,12197634
2021-10-21,"Johnson&Johnson, Moderna, Oxford/AstraZeneca, Pfizer/BioNTech",6158023,6052930,12210953
2021-10-22,"Johnson&Johnson, Moderna, Oxford/AstraZeneca, Pfizer/BioNTech",6168453,6059427,12227880
2021-10-23,"Johnson&Johnson, Moderna, Pfizer/BioNTech",6172114,6061626,12233740
2021-10-24,"Johnson&Johnson, Moderna, Pfizer/BioNTech",6174795,6063397,12238192
2021-10-25,"Johnson&Johnson, Moderna, Oxford/AstraZeneca, Pfizer/BioNTech",6185254,6069189,12254443
2021-10-26,"Johnson&Johnson, Moderna, Oxford/AstraZeneca, Pfizer/BioNTech",6197147,6075719,12272866
2021-10-27,"Johnson&Johnson, Moderna, Oxford/AstraZeneca, Pfizer/BioNTech",6211663,6083111,12294774
2021-10-28,"Johnson&Johnson, Moderna, Pfizer/BioNTech",6215012,6084778,12299790
2021-10-29,"Johnson&Johnson, Moderna, Oxford/AstraZeneca, Pfizer/BioNTech",6229373,6092737,12322110
2021-10-30,"Johnson&Johnson, Moderna, Pfizer/BioNTech",6233897,6095648,12329545
2021-10-31,"Johnson&Johnson, Moderna, Oxford/AstraZeneca, Pfizer/BioNTech",6237651,6098114,12335765
2021-11-01,"Johnson&Johnson, Moderna, Oxford/AstraZeneca, Pfizer/BioNTech",6252747,6105796,12358543
2021-11-02,"Johnson&Johnson, Moderna, Oxford/AstraZeneca, Pfizer/BioNTech",6268039,6113333,12381372
2021-11-03,"Johnson&Johnson, Moderna, Oxford/AstraZeneca, Pfizer/BioNTech",6285120,6120619,12405739
2021-11-04,"Johnson&Johnson, Moderna, Oxford/AstraZeneca, Pfizer/BioNTech",6303318,6128781,12432099
2021-11-05,"Johnson&Johnson, Moderna, Oxford/AstraZeneca, Pfizer/BioNTech",6326009,6140036,12466045
2021-11-06,"Johnson&Johnson, Moderna, Oxford/AstraZeneca, Pfizer/BioNTech",6332492,6143083,12475575
2021-11-07,"Johnson&Johnson, Moderna, Oxford/AstraZeneca, Pfizer/BioNTech",6336505,6145513,12482018
2021-11-08,"Johnson&Johnson, Moderna, Oxford/AstraZeneca, Pfizer/BioNTech",6352660,6153134,12505794
2021-11-09,"Johnson&Johnson, Moderna, Oxford/AstraZeneca, Pfizer/BioNTech",6367361,6160417,12527778
2021-11-10,"Johnson&Johnson, Moderna, Oxford/AstraZeneca, Pfizer/BioNTech",6382992,6167782,12550774
2021-11-11,"Johnson&Johnson, Moderna, Oxford/AstraZeneca, Pfizer/BioNTech",6398321,6176855,12575176
2021-11-12,"Johnson&Johnson, Moderna, Oxford/AstraZeneca, Pfizer/BioNTech",6417968,6189601,12607569
2021-11-13,"Johnson&Johnson, Moderna, Oxford/AstraZeneca, Pfizer/BioNTech",6423316,6193458,12616774
2021-11-14,"Johnson&Johnson, Moderna, Oxford/AstraZeneca, Pfizer/BioNTech",6427173,6196451,12623624
2021-11-15,"Johnson&Johnson, Moderna, Oxford/AstraZeneca, Pfizer/BioNTech",6442196,6207117,12649313
2021-11-16,"Johnson&Johnson, Moderna, Oxford/AstraZeneca, Pfizer/BioNTech",6459631,6219010,12678641
2021-11-17,"Johnson&Johnson, Moderna, Oxford/AstraZeneca, Pfizer/BioNTech",6463812,6222560,12686372
2021-11-18,"Johnson&Johnson, Moderna, Oxford/AstraZeneca, Pfizer/BioNTech",6483090,6234201,12717291
2021-11-19,"Johnson&Johnson, Moderna, Oxford/AstraZeneca, Pfizer/BioNTech",6507490,6251091,12758581
2021-11-20,"Johnson&Johnson, Moderna, Oxford/AstraZeneca, Pfizer/BioNTech",6516003,6256044,12772047
2021-11-21,"Johnson&Johnson, Moderna, Oxford/AstraZeneca, Pfizer/BioNTech",6522747,6259794,12782541
2021-11-22,"Johnson&Johnson, Moderna, Oxford/AstraZeneca, Pfizer/BioNTech",6541043,6273797,12814840
2021-11-23,"Johnson&Johnson, Moderna, Oxford/AstraZeneca, Pfizer/BioNTech",6559960,6286913,12846873
2021-11-24,"Johnson&Johnson, Moderna, Oxford/AstraZeneca, Pfizer/BioNTech",6578810,6302663,12881473
2021-11-25,"Johnson&Johnson, Moderna, Oxford/AstraZeneca, Pfizer/BioNTech",6597854,6317552,12915406
2021-11-26,"Johnson&Johnson, Moderna, Oxford/AstraZeneca, Pfizer/BioNTech",6619245,6336434,12955679
2021-11-27,"Johnson&Johnson, Moderna, Oxford/AstraZeneca, Pfizer/BioNTech",6626624,6341924,12968548
2021-11-28,"Johnson&Johnson, Moderna, Pfizer/BioNTech",6629925,6345044,12974969
2021-11-29,"Johnson&Johnson, Moderna, Oxford/AstraZeneca, Pfizer/BioNTech",6644924,6358569,13003493
2021-11-30,"Johnson&Johnson, Moderna, Oxford/AstraZeneca, Pfizer/BioNTech",6657877,6369541,13027418
2021-12-01,"Johnson&Johnson, Moderna, Oxford/AstraZeneca, Pfizer/BioNTech",6671610,6381722,13053332
2021-12-02,"Johnson&Johnson, Moderna, Oxford/AstraZeneca, Pfizer/BioNTech",6681907,6393865,13075772
2021-12-03,"Johnson&Johnson, Moderna, Oxford/AstraZeneca, Pfizer/BioNTech",6690412,6408291,13098703
