date,vaccine,people_vaccinated,people_fully_vaccinated,total_vaccinations
2020-12-27,Pfizer/BioNTech,1283,0,1283
2020-12-28,Pfizer/BioNTech,3589,0,3589
2020-12-29,Pfizer/BioNTech,7057,0,7057
2020-12-30,Pfizer/BioNTech,10576,0,10576
2020-12-31,Pfizer/BioNTech,11888,0,11888
2021-01-01,"Moderna, Pfizer/BioNTech",12157,0,12157
2021-01-02,Pfizer/BioNTech,13436,0,13436
2021-01-03,"Moderna, Pfizer/BioNTech",14360,0,14360
2021-01-04,"Moderna, Pfizer/BioNTech",17972,0,17972
2021-01-05,"Moderna, Pfizer/BioNTech",22496,1,22497
2021-01-06,"Moderna, Pfizer/BioNTech",28342,2,28344
2021-01-07,"Moderna, Pfizer/BioNTech",36338,2,36340
2021-01-08,"Moderna, Pfizer/BioNTech",46389,3,46392
2021-01-09,"Moderna, Pfizer/BioNTech",48416,4,48420
2021-01-10,Pfizer/BioNTech,50183,5,50188
2021-01-11,Pfizer/BioNTech,60037,7,60044
2021-01-12,"Moderna, Pfizer/BioNTech",73490,9,73499
2021-01-13,Pfizer/BioNTech,87028,9,87037
2021-01-14,"Moderna, Pfizer/BioNTech",102276,13,102289
2021-01-15,"Moderna, Pfizer/BioNTech",116291,14,116305
2021-01-16,"Moderna, Pfizer/BioNTech",119694,18,119712
2021-01-17,"Moderna, Pfizer/BioNTech",122311,654,122965
2021-01-18,"Moderna, Pfizer/BioNTech",134799,2480,137279
2021-01-19,"Moderna, Pfizer/BioNTech",147404,5205,152609
2021-01-20,"Moderna, Pfizer/BioNTech",161092,7867,168959
2021-01-21,"Moderna, Pfizer/BioNTech",176739,9612,186351
2021-01-22,"Moderna, Pfizer/BioNTech",191623,10658,202281
2021-01-23,"Moderna, Pfizer/BioNTech",194944,11538,206482
2021-01-24,"Moderna, Pfizer/BioNTech",197199,12407,209606
2021-01-25,"Moderna, Pfizer/BioNTech",206843,15381,222224
2021-01-26,"Moderna, Pfizer/BioNTech",217385,19376,236761
2021-01-27,"Moderna, Pfizer/BioNTech",226415,23913,250328
2021-01-28,"Moderna, Pfizer/BioNTech",233516,30045,263561
2021-01-29,"Moderna, Pfizer/BioNTech",239731,37956,277687
2021-01-30,"Moderna, Pfizer/BioNTech",240470,39044,279514
2021-01-31,"Moderna, Pfizer/BioNTech",241185,40226,281411
2021-02-01,"Moderna, Pfizer/BioNTech",245165,48188,293353
2021-02-02,"Moderna, Pfizer/BioNTech",249312,58422,307734
2021-02-03,"Moderna, Pfizer/BioNTech",253735,69436,323171
2021-02-04,"Moderna, Pfizer/BioNTech",258634,82425,341059
2021-02-05,"Moderna, Pfizer/BioNTech",264102,93099,357201
2021-02-06,"Moderna, Oxford/AstraZeneca, Pfizer/BioNTech",264952,95467,360419
2021-02-07,"Moderna, Pfizer/BioNTech",265802,97968,363770
2021-02-08,"Moderna, Oxford/AstraZeneca, Pfizer/BioNTech",269886,109397,379283
2021-02-09,"Moderna, Oxford/AstraZeneca, Pfizer/BioNTech",274985,121308,396293
2021-02-10,"Moderna, Oxford/AstraZeneca, Pfizer/BioNTech",280494,134567,415061
2021-02-11,"Moderna, Oxford/AstraZeneca, Pfizer/BioNTech",286829,150780,437609
2021-02-12,"Moderna, Oxford/AstraZeneca, Pfizer/BioNTech",293651,165516,459167
2021-02-13,"Moderna, Oxford/AstraZeneca, Pfizer/BioNTech",295262,168505,463767
2021-02-14,"Moderna, Oxford/AstraZeneca, Pfizer/BioNTech",296264,169889,466153
2021-02-15,"Moderna, Oxford/AstraZeneca, Pfizer/BioNTech",302662,179254,481916
2021-02-16,"Moderna, Oxford/AstraZeneca, Pfizer/BioNTech",311380,188337,499717
2021-02-17,"Moderna, Oxford/AstraZeneca, Pfizer/BioNTech",321078,196645,517723
2021-02-18,"Moderna, Oxford/AstraZeneca, Pfizer/BioNTech",333394,204728,538122
2021-02-19,"Moderna, Oxford/AstraZeneca, Pfizer/BioNTech",345253,212099,557352
2021-02-20,"Moderna, Oxford/AstraZeneca, Pfizer/BioNTech",347254,213284,560538
2021-02-21,"Moderna, Oxford/AstraZeneca, Pfizer/BioNTech",348387,214308,562695
2021-02-22,"Moderna, Oxford/AstraZeneca, Pfizer/BioNTech",358510,220339,578849
2021-02-23,"Moderna, Oxford/AstraZeneca, Pfizer/BioNTech",371464,227322,598786
2021-02-24,"Moderna, Oxford/AstraZeneca, Pfizer/BioNTech",385338,233358,618696
2021-02-25,"Moderna, Oxford/AstraZeneca, Pfizer/BioNTech",403308,238909,642217
2021-02-26,"Moderna, Oxford/AstraZeneca, Pfizer/BioNTech",419478,244261,663739
2021-02-27,"Moderna, Oxford/AstraZeneca, Pfizer/BioNTech",422487,244818,667305
2021-02-28,"Moderna, Oxford/AstraZeneca, Pfizer/BioNTech",424837,245369,670206
2021-03-01,"Moderna, Oxford/AstraZeneca, Pfizer/BioNTech",444428,248818,693246
2021-03-02,"Moderna, Oxford/AstraZeneca, Pfizer/BioNTech",471654,252367,724021
2021-03-03,"Moderna, Oxford/AstraZeneca, Pfizer/BioNTech",502600,256871,759471
2021-03-04,"Moderna, Oxford/AstraZeneca, Pfizer/BioNTech",535886,261555,797441
2021-03-05,"Johnson&Johnson, Moderna, Oxford/AstraZeneca, Pfizer/BioNTech",564722,266975,831697
2021-03-06,"Johnson&Johnson, Moderna, Oxford/AstraZeneca, Pfizer/BioNTech",576870,267836,844706
2021-03-07,"Johnson&Johnson, Moderna, Oxford/AstraZeneca, Pfizer/BioNTech",588412,268677,857089
2021-03-08,"Johnson&Johnson, Moderna, Oxford/AstraZeneca, Pfizer/BioNTech",618156,273530,891686
2021-03-09,"Johnson&Johnson, Moderna, Oxford/AstraZeneca, Pfizer/BioNTech",654510,279912,934422
2021-03-10,"Johnson&Johnson, Moderna, Oxford/AstraZeneca, Pfizer/BioNTech",695824,286868,982692
2021-03-11,"Johnson&Johnson, Moderna, Oxford/AstraZeneca, Pfizer/BioNTech",740656,295239,1035895
2021-03-12,"Johnson&Johnson, Moderna, Oxford/AstraZeneca, Pfizer/BioNTech",779423,303733,1083156
2021-03-13,"Johnson&Johnson, Moderna, Oxford/AstraZeneca, Pfizer/BioNTech",796509,305041,1101550
2021-03-14,"Johnson&Johnson, Moderna, Oxford/AstraZeneca, Pfizer/BioNTech",808626,306194,1114820
2021-03-15,"Johnson&Johnson, Moderna, Oxford/AstraZeneca, Pfizer/BioNTech",837009,314970,1151979
2021-03-16,"Johnson&Johnson, Moderna, Oxford/AstraZeneca, Pfizer/BioNTech",875901,325506,1201407
2021-03-17,"Moderna, Oxford/AstraZeneca, Pfizer/BioNTech",913370,336013,1249383
2021-03-18,"Johnson&Johnson, Moderna, Oxford/AstraZeneca, Pfizer/BioNTech",951359,348426,1299785
2021-03-19,"Moderna, Oxford/AstraZeneca, Pfizer/BioNTech",985849,362037,1347886
2021-03-20,"Johnson&Johnson, Moderna, Oxford/AstraZeneca, Pfizer/BioNTech",1001001,364067,1365068
2021-03-21,"Johnson&Johnson, Moderna, Oxford/AstraZeneca, Pfizer/BioNTech",1008426,365625,1374051
2021-03-22,"Johnson&Johnson, Moderna, Oxford/AstraZeneca, Pfizer/BioNTech",1032999,378127,1411126
2021-03-23,"Johnson&Johnson, Moderna, Oxford/AstraZeneca, Pfizer/BioNTech",1059653,391483,1451136
2021-03-24,"Johnson&Johnson, Moderna, Oxford/AstraZeneca, Pfizer/BioNTech",1086524,407223,1493747
2021-03-25,"Moderna, Oxford/AstraZeneca, Pfizer/BioNTech",1112865,425075,1537940
2021-03-26,"Johnson&Johnson, Moderna, Oxford/AstraZeneca, Pfizer/BioNTech",1137674,442577,1580251
2021-03-27,"Johnson&Johnson, Moderna, Oxford/AstraZeneca, Pfizer/BioNTech",1146114,447422,1593536
2021-03-28,"Moderna, Oxford/AstraZeneca, Pfizer/BioNTech",1151655,451567,1603222
2021-03-29,"Johnson&Johnson, Moderna, Oxford/AstraZeneca, Pfizer/BioNTech",1170786,472302,1643088
2021-03-30,"Johnson&Johnson, Moderna, Oxford/AstraZeneca, Pfizer/BioNTech",1195476,494481,1689957
2021-03-31,"Johnson&Johnson, Moderna, Oxford/AstraZeneca, Pfizer/BioNTech",1218597,521544,1740141
2021-04-01,"Johnson&Johnson, Moderna, Oxford/AstraZeneca, Pfizer/BioNTech",1244245,553597,1797842
2021-04-02,"Johnson&Johnson, Moderna, Oxford/AstraZeneca, Pfizer/BioNTech",1251172,566386,1817558
2021-04-03,"Johnson&Johnson, Moderna, Oxford/AstraZeneca, Pfizer/BioNTech",1254797,577313,1832110
2021-04-04,"Johnson&Johnson, Moderna, Oxford/AstraZeneca, Pfizer/BioNTech",1257314,586234,1843548
2021-04-05,"Johnson&Johnson, Moderna, Oxford/AstraZeneca, Pfizer/BioNTech",1259722,593424,1853146
2021-04-06,"Johnson&Johnson, Moderna, Oxford/AstraZeneca, Pfizer/BioNTech",1275882,622683,1898565
2021-04-07,"Johnson&Johnson, Moderna, Oxford/AstraZeneca, Pfizer/BioNTech",1299318,644912,1944230
2021-04-08,"Johnson&Johnson, Moderna, Oxford/AstraZeneca, Pfizer/BioNTech",1338068,675936,2014004
2021-04-09,"Johnson&Johnson, Moderna, Oxford/AstraZeneca, Pfizer/BioNTech",1377627,706119,2083746
2021-04-10,"Johnson&Johnson, Moderna, Oxford/AstraZeneca, Pfizer/BioNTech",1393143,721410,2114553
2021-04-11,"Johnson&Johnson, Moderna, Oxford/AstraZeneca, Pfizer/BioNTech",1402930,731455,2134385
2021-04-12,"Johnson&Johnson, Moderna, Oxford/AstraZeneca, Pfizer/BioNTech",1441221,756595,2197816
2021-04-13,"Moderna, Oxford/AstraZeneca, Pfizer/BioNTech",1477487,782631,2260118
2021-04-14,"Moderna, Oxford/AstraZeneca, Pfizer/BioNTech",1516320,809993,2326313
2021-04-15,"Moderna, Oxford/AstraZeneca, Pfizer/BioNTech",1564127,835749,2399876
2021-04-16,"Moderna, Oxford/AstraZeneca, Pfizer/BioNTech",1608801,861408,2470209
2021-04-17,"Moderna, Oxford/AstraZeneca, Pfizer/BioNTech",1625494,870434,2495928
2021-04-18,"Moderna, Oxford/AstraZeneca, Pfizer/BioNTech",1638483,875414,2513897
2021-04-19,"Moderna, Oxford/AstraZeneca, Pfizer/BioNTech",1682442,890846,2573288
2021-04-20,"Johnson&Johnson, Moderna, Oxford/AstraZeneca, Pfizer/BioNTech",1725015,906710,2631725
2021-04-21,"Moderna, Oxford/AstraZeneca, Pfizer/BioNTech",1772754,921061,2693815
2021-04-22,"Johnson&Johnson, Moderna, Oxford/AstraZeneca, Pfizer/BioNTech",1827254,938448,2765702
2021-04-23,"Johnson&Johnson, Moderna, Oxford/AstraZeneca, Pfizer/BioNTech",1877240,950499,2827739
2021-04-24,"Johnson&Johnson, Moderna, Oxford/AstraZeneca, Pfizer/BioNTech",1895088,955750,2850838
2021-04-25,"Johnson&Johnson, Moderna, Oxford/AstraZeneca, Pfizer/BioNTech",1909785,959747,2869532
2021-04-26,"Johnson&Johnson, Moderna, Oxford/AstraZeneca, Pfizer/BioNTech",1959374,967298,2926672
2021-04-27,"Johnson&Johnson, Moderna, Oxford/AstraZeneca, Pfizer/BioNTech",2008349,979525,2987874
2021-04-28,"Johnson&Johnson, Moderna, Oxford/AstraZeneca, Pfizer/BioNTech",2067115,993529,3060644
2021-04-29,"Johnson&Johnson, Moderna, Oxford/AstraZeneca, Pfizer/BioNTech",2132682,1009426,3142108
2021-04-30,"Johnson&Johnson, Moderna, Oxford/AstraZeneca, Pfizer/BioNTech",2194928,1019403,3214331
2021-05-01,"Johnson&Johnson, Moderna, Oxford/AstraZeneca, Pfizer/BioNTech",2214274,1022856,3237130
2021-05-02,"Johnson&Johnson, Moderna, Oxford/AstraZeneca, Pfizer/BioNTech",2233201,1025127,3258328
2021-05-03,"Johnson&Johnson, Moderna, Oxford/AstraZeneca, Pfizer/BioNTech",2300453,1030187,3330640
2021-05-04,"Johnson&Johnson, Moderna, Oxford/AstraZeneca, Pfizer/BioNTech",2366965,1038528,3405493
2021-05-05,"Johnson&Johnson, Moderna, Oxford/AstraZeneca, Pfizer/BioNTech",2440134,1047937,3488071
2021-05-06,"Johnson&Johnson, Moderna, Oxford/AstraZeneca, Pfizer/BioNTech",2520539,1058663,3579202
2021-05-07,"Johnson&Johnson, Moderna, Oxford/AstraZeneca, Pfizer/BioNTech",2597810,1068742,3666552
2021-05-08,"Johnson&Johnson, Moderna, Oxford/AstraZeneca, Pfizer/BioNTech",2627275,1070513,3697788
2021-05-09,"Johnson&Johnson, Moderna, Oxford/AstraZeneca, Pfizer/BioNTech",2651489,1071725,3723214
2021-05-10,"Johnson&Johnson, Moderna, Oxford/AstraZeneca, Pfizer/BioNTech",2724267,1078951,3803218
2021-05-11,"Johnson&Johnson, Moderna, Oxford/AstraZeneca, Pfizer/BioNTech",2800368,1087763,3888131
2021-05-12,"Johnson&Johnson, Moderna, Oxford/AstraZeneca, Pfizer/BioNTech",2880247,1096872,3977119
2021-05-13,"Johnson&Johnson, Moderna, Oxford/AstraZeneca, Pfizer/BioNTech",2964260,1106031,4070291
2021-05-14,"Johnson&Johnson, Moderna, Oxford/AstraZeneca, Pfizer/BioNTech",3043727,1113825,4157552
2021-05-15,"Johnson&Johnson, Moderna, Oxford/AstraZeneca, Pfizer/BioNTech",3075635,1116078,4191713
2021-05-16,"Johnson&Johnson, Moderna, Oxford/AstraZeneca, Pfizer/BioNTech",3101411,1117349,4218760
2021-05-17,"Johnson&Johnson, Moderna, Oxford/AstraZeneca, Pfizer/BioNTech",3173929,1124080,4298009
2021-05-18,"Johnson&Johnson, Moderna, Oxford/AstraZeneca, Pfizer/BioNTech",3245870,1137157,4383027
2021-05-19,"Johnson&Johnson, Moderna, Oxford/AstraZeneca, Pfizer/BioNTech",3323331,1152293,4475624
2021-05-20,"Johnson&Johnson, Moderna, Oxford/AstraZeneca, Pfizer/BioNTech",3398781,1179326,4578107
2021-05-21,"Johnson&Johnson, Moderna, Oxford/AstraZeneca, Pfizer/BioNTech",3467557,1207087,4674644
2021-05-22,"Johnson&Johnson, Moderna, Oxford/AstraZeneca, Pfizer/BioNTech",3499947,1218276,4718223
2021-05-23,"Johnson&Johnson, Moderna, Oxford/AstraZeneca, Pfizer/BioNTech",3522319,1227311,4749630
2021-05-24,"Johnson&Johnson, Moderna, Oxford/AstraZeneca, Pfizer/BioNTech",3569454,1260968,4830422
2021-05-25,"Johnson&Johnson, Moderna, Oxford/AstraZeneca, Pfizer/BioNTech",3621304,1296774,4918078
2021-05-26,"Johnson&Johnson, Moderna, Oxford/AstraZeneca, Pfizer/BioNTech",3689057,1334301,5023358
2021-05-27,"Johnson&Johnson, Moderna, Oxford/AstraZeneca, Pfizer/BioNTech",3750438,1381630,5132068
2021-05-28,"Johnson&Johnson, Moderna, Oxford/AstraZeneca, Pfizer/BioNTech",3812133,1428205,5240338
2021-05-29,"Johnson&Johnson, Moderna, Oxford/AstraZeneca, Pfizer/BioNTech",3841318,1445307,5286625
2021-05-30,"Johnson&Johnson, Moderna, Oxford/AstraZeneca, Pfizer/BioNTech",3863686,1459747,5323433
2021-05-31,"Johnson&Johnson, Moderna, Oxford/AstraZeneca, Pfizer/BioNTech",3919418,1507264,5426682
2021-06-01,"Johnson&Johnson, Moderna, Oxford/AstraZeneca, Pfizer/BioNTech",3978440,1556104,5534544
2021-06-02,"Johnson&Johnson, Moderna, Oxford/AstraZeneca, Pfizer/BioNTech",4041339,1610089,5651428
2021-06-03,"Johnson&Johnson, Moderna, Oxford/AstraZeneca, Pfizer/BioNTech",4099551,1670292,5769843
2021-06-04,"Johnson&Johnson, Moderna, Oxford/AstraZeneca, Pfizer/BioNTech",4162637,1727702,5890339
2021-06-05,"Johnson&Johnson, Moderna, Oxford/AstraZeneca, Pfizer/BioNTech",4196774,1746550,5943324
2021-06-06,"Johnson&Johnson, Moderna, Oxford/AstraZeneca, Pfizer/BioNTech",4223685,1761696,5985381
2021-06-07,"Johnson&Johnson, Moderna, Oxford/AstraZeneca, Pfizer/BioNTech",4287358,1817316,6104674
2021-06-08,"Johnson&Johnson, Moderna, Oxford/AstraZeneca, Pfizer/BioNTech",4351327,1872294,6223621
2021-06-09,"Johnson&Johnson, Moderna, Oxford/AstraZeneca, Pfizer/BioNTech",4410494,1936895,6347389
2021-06-10,"Johnson&Johnson, Moderna, Oxford/AstraZeneca, Pfizer/BioNTech",4464330,2008115,6472445
2021-06-11,"Johnson&Johnson, Moderna, Oxford/AstraZeneca, Pfizer/BioNTech",4516420,2077867,6594287
2021-06-12,"Johnson&Johnson, Moderna, Oxford/AstraZeneca, Pfizer/BioNTech",4548426,2098662,6647088
2021-06-13,"Johnson&Johnson, Moderna, Oxford/AstraZeneca, Pfizer/BioNTech",4572438,2117058,6689496
2021-06-14,"Johnson&Johnson, Moderna, Oxford/AstraZeneca, Pfizer/BioNTech",4615500,2191428,6806928
2021-06-15,"Johnson&Johnson, Moderna, Oxford/AstraZeneca, Pfizer/BioNTech",4660143,2263768,6923911
2021-06-16,"Johnson&Johnson, Moderna, Oxford/AstraZeneca, Pfizer/BioNTech",4702882,2341975,7044857
2021-06-17,"Johnson&Johnson, Moderna, Oxford/AstraZeneca, Pfizer/BioNTech",4742252,2425036,7167288
2021-06-18,"Johnson&Johnson, Moderna, Oxford/AstraZeneca, Pfizer/BioNTech",4784643,2505546,7290189
2021-06-19,"Johnson&Johnson, Moderna, Oxford/AstraZeneca, Pfizer/BioNTech",4806397,2534821,7341218
2021-06-20,"Johnson&Johnson, Moderna, Oxford/AstraZeneca, Pfizer/BioNTech",4823759,2558642,7382401
2021-06-21,"Johnson&Johnson, Moderna, Oxford/AstraZeneca, Pfizer/BioNTech",4856252,2637210,7493462
2021-06-22,"Johnson&Johnson, Moderna, Oxford/AstraZeneca, Pfizer/BioNTech",4889201,2719444,7608645
2021-06-23,"Johnson&Johnson, Moderna, Oxford/AstraZeneca, Pfizer/BioNTech",4920841,2804631,7725472
2021-06-24,"Johnson&Johnson, Moderna, Oxford/AstraZeneca, Pfizer/BioNTech",4950668,2894618,7845286
2021-06-25,"Johnson&Johnson, Moderna, Oxford/AstraZeneca, Pfizer/BioNTech",4981721,2980729,7962450
2021-06-26,"Johnson&Johnson, Moderna, Oxford/AstraZeneca, Pfizer/BioNTech",4997582,3015539,8013121
2021-06-27,"Johnson&Johnson, Moderna, Oxford/AstraZeneca, Pfizer/BioNTech",5011521,3042185,8053706
2021-06-28,"Johnson&Johnson, Moderna, Oxford/AstraZeneca, Pfizer/BioNTech",5039921,3127336,8167257
2021-06-29,"Johnson&Johnson, Moderna, Oxford/AstraZeneca, Pfizer/BioNTech",5069182,3213781,8282963
2021-06-30,"Johnson&Johnson, Moderna, Oxford/AstraZeneca, Pfizer/BioNTech",5096660,3304738,8401398
2021-07-01,"Johnson&Johnson, Moderna, Oxford/AstraZeneca, Pfizer/BioNTech",5120623,3394760,8515383
2021-07-02,"Johnson&Johnson, Moderna, Oxford/AstraZeneca, Pfizer/BioNTech",5147322,3480584,8627906
2021-07-03,"Johnson&Johnson, Moderna, Oxford/AstraZeneca, Pfizer/BioNTech",5154396,3512076,8666472
2021-07-04,"Johnson&Johnson, Moderna, Oxford/AstraZeneca, Pfizer/BioNTech",5161951,3533861,8695812
2021-07-05,"Johnson&Johnson, Moderna, Oxford/AstraZeneca, Pfizer/BioNTech",5169320,3559221,8728541
2021-07-06,"Johnson&Johnson, Moderna, Oxford/AstraZeneca, Pfizer/BioNTech",5174732,3586855,8761587
2021-07-07,"Johnson&Johnson, Moderna, Oxford/AstraZeneca, Pfizer/BioNTech",5200513,3665798,8866311
2021-07-08,"Johnson&Johnson, Moderna, Oxford/AstraZeneca, Pfizer/BioNTech",5227106,3736085,8963191
2021-07-09,"Johnson&Johnson, Moderna, Oxford/AstraZeneca, Pfizer/BioNTech",5255015,3805329,9060344
2021-07-10,"Johnson&Johnson, Moderna, Oxford/AstraZeneca, Pfizer/BioNTech",5264362,3833946,9098308
2021-07-11,"Johnson&Johnson, Moderna, Oxford/AstraZeneca, Pfizer/BioNTech",5272886,3856803,9129689
2021-07-12,"Johnson&Johnson, Moderna, Oxford/AstraZeneca, Pfizer/BioNTech",5300398,3925860,9226258
2021-07-13,"Johnson&Johnson, Moderna, Oxford/AstraZeneca, Pfizer/BioNTech",5326572,3995685,9322257
2021-07-14,"Johnson&Johnson, Moderna, Oxford/AstraZeneca, Pfizer/BioNTech",5352368,4067620,9419988
2021-07-15,"Johnson&Johnson, Moderna, Oxford/AstraZeneca, Pfizer/BioNTech",5381528,4133575,9515103
2021-07-16,"Johnson&Johnson, Moderna, Oxford/AstraZeneca, Pfizer/BioNTech",5409442,4206246,9615688
2021-07-17,"Johnson&Johnson, Moderna, Oxford/AstraZeneca, Pfizer/BioNTech",5418206,4237654,9655860
2021-07-18,"Johnson&Johnson, Moderna, Oxford/AstraZeneca, Pfizer/BioNTech",5426645,4263624,9690269
2021-07-19,"Johnson&Johnson, Moderna, Oxford/AstraZeneca, Pfizer/BioNTech",5449986,4330613,9780599
2021-07-20,"Johnson&Johnson, Moderna, Oxford/AstraZeneca, Pfizer/BioNTech",5471360,4397610,9868970
2021-07-21,"Johnson&Johnson, Moderna, Oxford/AstraZeneca, Pfizer/BioNTech",5494803,4461026,9955829
2021-07-22,"Johnson&Johnson, Moderna, Oxford/AstraZeneca, Pfizer/BioNTech",5517157,4519596,10036753
2021-07-23,"Johnson&Johnson, Moderna, Oxford/AstraZeneca, Pfizer/BioNTech",5540346,4574294,10114640
2021-07-24,"Johnson&Johnson, Moderna, Oxford/AstraZeneca, Pfizer/BioNTech",5547656,4601930,10149586
2021-07-25,"Johnson&Johnson, Moderna, Oxford/AstraZeneca, Pfizer/BioNTech",5554266,4624028,10178294
2021-07-26,"Johnson&Johnson, Moderna, Oxford/AstraZeneca, Pfizer/BioNTech",5577799,4672658,10250457
2021-07-27,"Johnson&Johnson, Moderna, Oxford/AstraZeneca, Pfizer/BioNTech",5600519,4719237,10319756
2021-07-28,"Johnson&Johnson, Moderna, Oxford/AstraZeneca, Pfizer/BioNTech",5621761,4765165,10386926
2021-07-29,"Johnson&Johnson, Moderna, Oxford/AstraZeneca, Pfizer/BioNTech",5643072,4807061,10450133
2021-07-30,"Johnson&Johnson, Moderna, Oxford/AstraZeneca, Pfizer/BioNTech",5666339,4849554,10515893
2021-07-31,"Johnson&Johnson, Moderna, Oxford/AstraZeneca, Pfizer/BioNTech",5675257,4869057,10544314
2021-08-01,"Johnson&Johnson, Moderna, Oxford/AstraZeneca, Pfizer/BioNTech",5681971,4885207,10567178
2021-08-02,"Johnson&Johnson, Moderna, Oxford/AstraZeneca, Pfizer/BioNTech",5700587,4922704,10623291
2021-08-03,"Johnson&Johnson, Moderna, Oxford/AstraZeneca, Pfizer/BioNTech",5718210,4960754,10678964
2021-08-04,"Johnson&Johnson, Moderna, Oxford/AstraZeneca, Pfizer/BioNTech",5734296,4997440,10731736
2021-08-05,"Johnson&Johnson, Moderna, Oxford/AstraZeneca, Pfizer/BioNTech",5750322,5037863,10788185
2021-08-06,"Johnson&Johnson, Moderna, Oxford/AstraZeneca, Pfizer/BioNTech",5767098,5081096,10848194
2021-08-07,"Johnson&Johnson, Moderna, Oxford/AstraZeneca, Pfizer/BioNTech",5772688,5099234,10871922
2021-08-08,"Johnson&Johnson, Moderna, Oxford/AstraZeneca, Pfizer/BioNTech",5777042,5114968,10892010
2021-08-09,"Johnson&Johnson, Moderna, Oxford/AstraZeneca, Pfizer/BioNTech",5789676,5159978,10949654
2021-08-10,"Johnson&Johnson, Moderna, Oxford/AstraZeneca, Pfizer/BioNTech",5801507,5199501,11001008
2021-08-11,"Johnson&Johnson, Moderna, Oxford/AstraZeneca, Pfizer/BioNTech",5812862,5242587,11055449
2021-08-12,"Johnson&Johnson, Moderna, Oxford/AstraZeneca, Pfizer/BioNTech",5824277,5279666,11103943
2021-08-13,"Johnson&Johnson, Moderna, Oxford/AstraZeneca, Pfizer/BioNTech",5834997,5319963,11154960
2021-08-14,"Johnson&Johnson, Moderna, Oxford/AstraZeneca, Pfizer/BioNTech",5838331,5330641,11168972
2021-08-15,"Johnson&Johnson, Moderna, Oxford/AstraZeneca, Pfizer/BioNTech",5840912,5340998,11181910
2021-08-16,"Johnson&Johnson, Moderna, Oxford/AstraZeneca, Pfizer/BioNTech",5850699,5375040,11225739
2021-08-17,"Johnson&Johnson, Moderna, Oxford/AstraZeneca, Pfizer/BioNTech",5860288,5402107,11262395
2021-08-18,"Johnson&Johnson, Moderna, Oxford/AstraZeneca, Pfizer/BioNTech",5869656,5440950,11310606
2021-08-19,"Johnson&Johnson, Moderna, Oxford/AstraZeneca, Pfizer/BioNTech",5879317,5479268,11358585
2021-08-20,"Johnson&Johnson, Moderna, Oxford/AstraZeneca, Pfizer/BioNTech",5890698,5519431,11410129
2021-08-21,"Johnson&Johnson, Moderna, Oxford/AstraZeneca, Pfizer/BioNTech",5893413,5532170,11425583
2021-08-22,"Johnson&Johnson, Moderna, Oxford/AstraZeneca, Pfizer/BioNTech",5895752,5544124,11439876
2021-08-23,"Johnson&Johnson, Moderna, Oxford/AstraZeneca, Pfizer/BioNTech",5906279,5583360,11489639
2021-08-24,"Johnson&Johnson, Moderna, Oxford/AstraZeneca, Pfizer/BioNTech",5916143,5616582,11532725
2021-08-25,"Johnson&Johnson, Moderna, Oxford/AstraZeneca, Pfizer/BioNTech",5925005,5644928,11569933
2021-08-26,"Johnson&Johnson, Moderna, Oxford/AstraZeneca, Pfizer/BioNTech",5933448,5671038,11604486
2021-08-27,"Johnson&Johnson, Moderna, Oxford/AstraZeneca, Pfizer/BioNTech",5943764,5696966,11640730
2021-08-28,"Johnson&Johnson, Moderna, Oxford/AstraZeneca, Pfizer/BioNTech",5946486,5703997,11650483
2021-08-29,"Johnson&Johnson, Moderna, Oxford/AstraZeneca, Pfizer/BioNTech",5948892,5710613,11659505
2021-08-30,"Johnson&Johnson, Moderna, Oxford/AstraZeneca, Pfizer/BioNTech",5957414,5732463,11689877
2021-08-31,"Johnson&Johnson, Moderna, Oxford/AstraZeneca, Pfizer/BioNTech",5965081,5750523,11715604
2021-09-01,"Johnson&Johnson, Moderna, Oxford/AstraZeneca, Pfizer/BioNTech",5970961,5764501,11735462
2021-09-02,"Johnson&Johnson, Moderna, Oxford/AstraZeneca, Pfizer/BioNTech",5977792,5778875,11756667
2021-09-03,"Johnson&Johnson, Moderna, Oxford/AstraZeneca, Pfizer/BioNTech",5987345,5794564,11781909
2021-09-04,"Johnson&Johnson, Moderna, Oxford/AstraZeneca, Pfizer/BioNTech",5989414,5798113,11787527
2021-09-05,"Johnson&Johnson, Moderna, Oxford/AstraZeneca, Pfizer/BioNTech",5991453,5800954,11792407
2021-09-06,"Johnson&Johnson, Moderna, Oxford/AstraZeneca, Pfizer/BioNTech",5997686,5813467,11811153
2021-09-07,"Johnson&Johnson, Moderna, Oxford/AstraZeneca, Pfizer/BioNTech",6002076,5824554,11826630
2021-09-08,"Johnson&Johnson, Moderna, Oxford/AstraZeneca, Pfizer/BioNTech",6007741,5834389,11842130
2021-09-09,"Johnson&Johnson, Moderna, Oxford/AstraZeneca, Pfizer/BioNTech",6014418,5844438,11858856
2021-09-10,"Johnson&Johnson, Moderna, Oxford/AstraZeneca, Pfizer/BioNTech",6022101,5856606,11878707
2021-09-11,"Johnson&Johnson, Moderna, Oxford/AstraZeneca, Pfizer/BioNTech",6023962,5859080,11883042
2021-09-12,"Johnson&Johnson, Moderna, Oxford/AstraZeneca, Pfizer/BioNTech",6025076,5860704,11885780
2021-09-13,"Johnson&Johnson, Moderna, Oxford/AstraZeneca, Pfizer/BioNTech",6030501,5870988,11901489
2021-09-14,"Johnson&Johnson, Moderna, Oxford/AstraZeneca, Pfizer/BioNTech",6035882,5879992,11915874
2021-09-15,"Johnson&Johnson, Moderna, Oxford/AstraZeneca, Pfizer/BioNTech",6041074,5888507,11929581
2021-09-16,"Johnson&Johnson, Moderna, Oxford/AstraZeneca, Pfizer/BioNTech",6046415,5896769,11943184
2021-09-17,"Johnson&Johnson, Moderna, Oxford/AstraZeneca, Pfizer/BioNTech",6052982,5906990,11959972
2021-09-18,"Johnson&Johnson, Moderna, Oxford/AstraZeneca, Pfizer/BioNTech",6054704,5909341,11964045
2021-09-19,"Johnson&Johnson, Moderna, Oxford/AstraZeneca, Pfizer/BioNTech",6055644,5910905,11966549
2021-09-20,"Johnson&Johnson, Moderna, Oxford/AstraZeneca, Pfizer/BioNTech",6059653,5919093,11978746
2021-09-21,"Johnson&Johnson, Moderna, Oxford/AstraZeneca, Pfizer/BioNTech",6063877,5926619,11990496
2021-09-22,"Johnson&Johnson, Moderna, Oxford/AstraZeneca, Pfizer/BioNTech",6068052,5932126,12000178
2021-09-23,"Johnson&Johnson, Moderna, Oxford/AstraZeneca, Pfizer/BioNTech",6073026,5938525,12011551
2021-09-24,"Johnson&Johnson, Moderna, Oxford/AstraZeneca, Pfizer/BioNTech",6078782,5948134,12026916
2021-09-25,"Johnson&Johnson, Moderna, Oxford/AstraZeneca, Pfizer/BioNTech",6080275,5950128,12030403
2021-09-26,"Johnson&Johnson, Moderna, Pfizer/BioNTech",6081015,5951765,12032780
2021-09-27,"Johnson&Johnson, Moderna, Oxford/AstraZeneca, Pfizer/BioNTech",6084891,5958264,12043155
2021-09-28,"Johnson&Johnson, Moderna, Pfizer/BioNTech",6085249,5958878,12044127
2021-09-29,"Johnson&Johnson, Moderna, Oxford/AstraZeneca, Pfizer/BioNTech",6089020,5966327,12055347
2021-09-30,"Johnson&Johnson, Moderna, Oxford/AstraZeneca, Pfizer/BioNTech",6093518,5974015,12067533
2021-10-01,"Johnson&Johnson, Moderna, Oxford/AstraZeneca, Pfizer/BioNTech",6097808,5981974,12079782
2021-10-02,"Johnson&Johnson, Moderna, Oxford/AstraZeneca, Pfizer/BioNTech",6098868,5983510,12082378
2021-10-03,"Johnson&Johnson, Moderna, Pfizer/BioNTech",6099586,5984373,12083959
2021-10-04,"Johnson&Johnson, Moderna, Oxford/AstraZeneca, Pfizer/BioNTech",6102656,5989936,12092592
2021-10-05,"Johnson&Johnson, Moderna, Oxford/AstraZeneca, Pfizer/BioNTech",6105813,5994999,12100812
2021-10-06,"Johnson&Johnson, Moderna, Oxford/AstraZeneca, Pfizer/BioNTech",6109321,6000157,12109478
2021-10-07,"Johnson&Johnson, Moderna, Oxford/AstraZeneca, Pfizer/BioNTech",6112591,6005401,12117992
2021-10-08,"Johnson&Johnson, Moderna, Oxford/AstraZeneca, Pfizer/BioNTech",6117374,6012024,12129398
2021-10-09,"Johnson&Johnson, Moderna, Oxford/AstraZeneca, Pfizer/BioNTech",6118615,6013675,12132290
2021-10-10,"Johnson&Johnson, Moderna, Oxford/AstraZeneca, Pfizer/BioNTech",6119555,6014504,12134059
2021-10-11,"Johnson&Johnson, Moderna, Oxford/AstraZeneca, Pfizer/BioNTech",6122484,6018912,12141396
2021-10-12,"Johnson&Johnson, Moderna, Oxford/AstraZeneca, Pfizer/BioNTech",6125407,6022906,12148313
2021-10-13,"Johnson&Johnson, Moderna, Oxford/AstraZeneca, Pfizer/BioNTech",6128940,6027085,12156025
2021-10-14,"Johnson&Johnson, Moderna, Oxford/AstraZeneca, Pfizer/BioNTech",6132615,6032024,12164639
2021-10-15,"Johnson&Johnson, Moderna, Oxford/AstraZeneca, Pfizer/BioNTech",6137842,6038155,12175997
2021-10-16,"Johnson&Johnson, Moderna, Oxford/AstraZeneca, Pfizer/BioNTech",6139251,6039672,12178923
2021-10-17,"Johnson&Johnson, Moderna, Pfizer/BioNTech",6140571,6040725,12181296
2021-10-18,"Johnson&Johnson, Moderna, Oxford/AstraZeneca, Pfizer/BioNTech",6144684,6044818,12189502
2021-10-19,"Johnson&Johnson, Moderna, Oxford/AstraZeneca, Pfizer/BioNTech",6148260,6046905,12195165
2021-10-20,"Johnson&Johnson, Moderna, Oxford/AstraZeneca, Pfizer/BioNTech",6153129,6051352,12204481
2021-10-21,"Johnson&Johnson, Moderna, Oxford/AstraZeneca, Pfizer/BioNTech",6160889,6056945,12217834
2021-10-22,"Johnson&Johnson, Moderna, Oxford/AstraZeneca, Pfizer/BioNTech",6171331,6063442,12234773
2021-10-23,"Johnson&Johnson, Moderna, Pfizer/BioNTech",6175004,6065646,12240650
2021-10-24,"Johnson&Johnson, Moderna, Pfizer/BioNTech",6177688,6067421,12245109
2021-10-25,"Johnson&Johnson, Moderna, Oxford/AstraZeneca, Pfizer/BioNTech",6188169,6073214,12261383
2021-10-26,"Johnson&Johnson, Moderna, Oxford/AstraZeneca, Pfizer/BioNTech",6200151,6079753,12279904
2021-10-27,"Johnson&Johnson, Moderna, Oxford/AstraZeneca, Pfizer/BioNTech",6214752,6087150,12301902
2021-10-28,"Johnson&Johnson, Moderna, Oxford/AstraZeneca, Pfizer/BioNTech",6218165,6088820,12306985
2021-10-29,"Johnson&Johnson, Moderna, Oxford/AstraZeneca, Pfizer/BioNTech",6232582,6096782,12329364
2021-10-30,"Johnson&Johnson, Moderna, Pfizer/BioNTech",6237113,6099697,12336810
2021-10-31,"Johnson&Johnson, Moderna, Oxford/AstraZeneca, Pfizer/BioNTech",6240875,6102167,12343042
2021-11-01,"Johnson&Johnson, Moderna, Oxford/AstraZeneca, Pfizer/BioNTech",6256066,6109846,12365912
2021-11-02,"Johnson&Johnson, Moderna, Oxford/AstraZeneca, Pfizer/BioNTech",6271513,6117396,12388909
2021-11-03,"Johnson&Johnson, Moderna, Oxford/AstraZeneca, Pfizer/BioNTech",6288688,6124684,12413372
2021-11-04,"Johnson&Johnson, Moderna, Oxford/AstraZeneca, Pfizer/BioNTech",6307036,6132850,12439886
2021-11-05,"Johnson&Johnson, Moderna, Oxford/AstraZeneca, Pfizer/BioNTech",6329843,6144113,12473956
2021-11-06,"Johnson&Johnson, Moderna, Oxford/AstraZeneca, Pfizer/BioNTech",6336349,6147162,12483511
2021-11-07,"Johnson&Johnson, Moderna, Oxford/AstraZeneca, Pfizer/BioNTech",6340364,6149592,12489956
2021-11-08,"Johnson&Johnson, Moderna, Oxford/AstraZeneca, Pfizer/BioNTech",6356671,6157219,12513890
2021-11-09,"Johnson&Johnson, Moderna, Oxford/AstraZeneca, Pfizer/BioNTech",6371476,6164508,12535984
2021-11-10,"Johnson&Johnson, Moderna, Oxford/AstraZeneca, Pfizer/BioNTech",6387201,6171877,12559078
2021-11-11,"Johnson&Johnson, Moderna, Oxford/AstraZeneca, Pfizer/BioNTech",6402660,6180973,12583633
2021-11-12,"Johnson&Johnson, Moderna, Oxford/AstraZeneca, Pfizer/BioNTech",6422455,6193748,12616203
2021-11-13,"Johnson&Johnson, Moderna, Oxford/AstraZeneca, Pfizer/BioNTech",6427839,6197609,12625448
2021-11-14,"Johnson&Johnson, Moderna, Oxford/AstraZeneca, Pfizer/BioNTech",6431721,6200611,12632332
2021-11-15,"Johnson&Johnson, Moderna, Oxford/AstraZeneca, Pfizer/BioNTech",6446789,6211292,12658081
2021-11-16,"Johnson&Johnson, Moderna, Oxford/AstraZeneca, Pfizer/BioNTech",6464311,6223263,12687574
2021-11-17,"Johnson&Johnson, Moderna, Oxford/AstraZeneca, Pfizer/BioNTech",6468538,6226820,12695358
2021-11-18,"Johnson&Johnson, Moderna, Oxford/AstraZeneca, Pfizer/BioNTech",6487935,6238491,12726426
2021-11-19,"Johnson&Johnson, Moderna, Oxford/AstraZeneca, Pfizer/BioNTech",6512537,6255458,12767995
2021-11-20,"Johnson&Johnson, Moderna, Oxford/AstraZeneca, Pfizer/BioNTech",6521105,6260430,12781535
2021-11-21,"Johnson&Johnson, Moderna, Oxford/AstraZeneca, Pfizer/BioNTech",6527871,6264200,12792071
2021-11-22,"Johnson&Johnson, Moderna, Oxford/AstraZeneca, Pfizer/BioNTech",6546365,6278298,12824663
2021-11-23,"Johnson&Johnson, Moderna, Oxford/AstraZeneca, Pfizer/BioNTech",6565400,6291546,12856946
2021-11-24,"Johnson&Johnson, Moderna, Oxford/AstraZeneca, Pfizer/BioNTech",6584356,6307374,12891730
2021-11-25,"Johnson&Johnson, Moderna, Oxford/AstraZeneca, Pfizer/BioNTech",6603472,6322390,12925862
2021-11-26,"Johnson&Johnson, Moderna, Oxford/AstraZeneca, Pfizer/BioNTech",6625029,6341510,12966539
2021-11-27,"Johnson&Johnson, Moderna, Oxford/AstraZeneca, Pfizer/BioNTech",6632476,6347054,12979530
2021-11-28,"Johnson&Johnson, Moderna, Oxford/AstraZeneca, Pfizer/BioNTech",6635804,6350185,12985989
2021-11-29,"Johnson&Johnson, Moderna, Oxford/AstraZeneca, Pfizer/BioNTech",6650928,6363830,13014758
2021-11-30,"Johnson&Johnson, Moderna, Oxford/AstraZeneca, Pfizer/BioNTech",6664021,6375036,13039057
2021-12-01,"Johnson&Johnson, Moderna, Oxford/AstraZeneca, Pfizer/BioNTech",6677952,6387465,13065417
2021-12-02,"Johnson&Johnson, Moderna, Oxford/AstraZeneca, Pfizer/BioNTech",6688462,6399943,13088405
2021-12-03,"Johnson&Johnson, Moderna, Oxford/AstraZeneca, Pfizer/BioNTech",6698019,6415488,13113507
2021-12-04,"Johnson&Johnson, Moderna, Oxford/AstraZeneca, Pfizer/BioNTech",6700550,6419429,13119979
2021-12-05,"Johnson&Johnson, Moderna, Oxford/AstraZeneca, Pfizer/BioNTech",6701892,6421757,13123649
2021-12-06,"Johnson&Johnson, Moderna, Oxford/AstraZeneca, Pfizer/BioNTech",6709991,6433259,13143250
2021-12-07,"Johnson&Johnson, Moderna, Oxford/AstraZeneca, Pfizer/BioNTech",6717795,6445237,13163032
2021-12-08,"Johnson&Johnson, Moderna, Oxford/AstraZeneca, Pfizer/BioNTech",6725983,6451135,13177118
2021-12-09,"Johnson&Johnson, Moderna, Oxford/AstraZeneca, Pfizer/BioNTech",6733045,6463933,13196978
2021-12-10,"Johnson&Johnson, Moderna, Oxford/AstraZeneca, Pfizer/BioNTech",6739919,6481695,13221614
2021-12-11,"Johnson&Johnson, Moderna, Oxford/AstraZeneca, Pfizer/BioNTech",6741573,6486956,13228529
2021-12-12,"Johnson&Johnson, Moderna, Oxford/AstraZeneca, Pfizer/BioNTech",6742874,6491385,13234259
2021-12-13,"Johnson&Johnson, Moderna, Oxford/AstraZeneca, Pfizer/BioNTech",6749227,6504646,13253873
2021-12-14,"Johnson&Johnson, Moderna, Oxford/AstraZeneca, Pfizer/BioNTech",6755412,6518275,13273687
2021-12-15,"Johnson&Johnson, Moderna, Oxford/AstraZeneca, Pfizer/BioNTech",6761576,6531846,13293422
2021-12-16,"Johnson&Johnson, Moderna, Oxford/AstraZeneca, Pfizer/BioNTech",6768421,6546601,13315022
2021-12-17,"Johnson&Johnson, Moderna, Oxford/AstraZeneca, Pfizer/BioNTech",6776662,6563792,13340454
2021-12-18,"Johnson&Johnson, Moderna, Oxford/AstraZeneca, Pfizer/BioNTech",6779245,6569217,13348462
2021-12-19,"Johnson&Johnson, Moderna, Pfizer/BioNTech",6781010,6571707,13352717
2021-12-20,"Johnson&Johnson, Moderna, Oxford/AstraZeneca, Pfizer/BioNTech",6786744,6585655,13372399
2021-12-21,"Johnson&Johnson, Moderna, Oxford/AstraZeneca, Pfizer/BioNTech",6793340,6597524,13390864
2021-12-22,"Johnson&Johnson, Moderna, Oxford/AstraZeneca, Pfizer/BioNTech",6798332,6610444,13408776
2021-12-23,"Johnson&Johnson, Moderna, Oxford/AstraZeneca, Pfizer/BioNTech",6801140,6615930,13417070
2021-12-24,"Johnson&Johnson, Moderna, Oxford/AstraZeneca, Pfizer/BioNTech",6801185,6616024,13417209
2021-12-25,"Moderna, Oxford/AstraZeneca, Pfizer/BioNTech",6801185,6616029,13417214
2021-12-26,"Moderna, Pfizer/BioNTech",6801274,6616222,13417496
2021-12-27,"Johnson&Johnson, Moderna, Oxford/AstraZeneca, Pfizer/BioNTech",6804921,6625465,13430386
