date,vaccine,people_vaccinated,people_fully_vaccinated,total_vaccinations
2020-12-27,Pfizer/BioNTech,1287,0,1287
2020-12-28,Pfizer/BioNTech,3590,0,3590
2020-12-29,Pfizer/BioNTech,7062,1,7063
2020-12-30,Pfizer/BioNTech,10579,1,10580
2020-12-31,Pfizer/BioNTech,11890,1,11891
2021-01-01,"Moderna, Pfizer/BioNTech",12159,1,12160
2021-01-02,"Moderna, Pfizer/BioNTech",13442,1,13443
2021-01-03,"Moderna, Pfizer/BioNTech",14369,1,14370
2021-01-04,"Moderna, Pfizer/BioNTech",17980,1,17981
2021-01-05,"Moderna, Pfizer/BioNTech",22506,2,22508
2021-01-06,"Moderna, Pfizer/BioNTech",28353,3,28356
2021-01-07,"Moderna, Pfizer/BioNTech",36352,3,36355
2021-01-08,"Moderna, Pfizer/BioNTech",46404,4,46408
2021-01-09,"Moderna, Pfizer/BioNTech",48432,6,48438
2021-01-10,Pfizer/BioNTech,50203,8,50211
2021-01-11,"Moderna, Pfizer/BioNTech",60060,10,60070
2021-01-12,"Moderna, Pfizer/BioNTech",73516,12,73528
2021-01-13,"Moderna, Pfizer/BioNTech",87066,12,87078
2021-01-14,"Moderna, Pfizer/BioNTech",102321,16,102337
2021-01-15,"Moderna, Pfizer/BioNTech",116342,17,116359
2021-01-16,"Moderna, Pfizer/BioNTech",119746,21,119767
2021-01-17,"Moderna, Pfizer/BioNTech",122367,657,123024
2021-01-18,"Moderna, Pfizer/BioNTech",134861,2484,137345
2021-01-19,"Moderna, Pfizer/BioNTech",147475,5213,152688
2021-01-20,"Moderna, Pfizer/BioNTech",161173,7877,169050
2021-01-21,"Moderna, Pfizer/BioNTech",176828,9619,186447
2021-01-22,"Moderna, Pfizer/BioNTech",191722,10663,202385
2021-01-23,"Moderna, Pfizer/BioNTech",195041,11541,206582
2021-01-24,"Moderna, Pfizer/BioNTech",197297,12412,209709
2021-01-25,"Moderna, Pfizer/BioNTech",206952,15384,222336
2021-01-26,"Moderna, Pfizer/BioNTech",217499,19376,236875
2021-01-27,"Moderna, Pfizer/BioNTech",226532,23911,250443
2021-01-28,"Moderna, Pfizer/BioNTech",233638,30044,263682
2021-01-29,"Moderna, Pfizer/BioNTech",239856,37953,277809
2021-01-30,"Moderna, Pfizer/BioNTech",240597,39041,279638
2021-01-31,"Moderna, Pfizer/BioNTech",241315,40223,281538
2021-02-01,"Moderna, Pfizer/BioNTech",245296,48192,293488
2021-02-02,"Moderna, Pfizer/BioNTech",249449,58432,307881
2021-02-03,"Moderna, Pfizer/BioNTech",253875,69455,323330
2021-02-04,"Moderna, Pfizer/BioNTech",258782,82450,341232
2021-02-05,"Moderna, Pfizer/BioNTech",264257,93125,357382
2021-02-06,"Moderna, Oxford/AstraZeneca, Pfizer/BioNTech",265115,95491,360606
2021-02-07,"Moderna, Oxford/AstraZeneca, Pfizer/BioNTech",265967,97991,363958
2021-02-08,"Moderna, Oxford/AstraZeneca, Pfizer/BioNTech",270062,109422,379484
2021-02-09,"Moderna, Oxford/AstraZeneca, Pfizer/BioNTech",275170,121336,396506
2021-02-10,"Moderna, Oxford/AstraZeneca, Pfizer/BioNTech",280689,134598,415287
2021-02-11,"Moderna, Oxford/AstraZeneca, Pfizer/BioNTech",287032,150818,437850
2021-02-12,"Moderna, Oxford/AstraZeneca, Pfizer/BioNTech",293862,165567,459429
2021-02-13,"Moderna, Oxford/AstraZeneca, Pfizer/BioNTech",295479,168555,464034
2021-02-14,"Moderna, Oxford/AstraZeneca, Pfizer/BioNTech",296485,169941,466426
2021-02-15,"Moderna, Oxford/AstraZeneca, Pfizer/BioNTech",302884,179312,482196
2021-02-16,"Moderna, Oxford/AstraZeneca, Pfizer/BioNTech",311608,188395,500003
2021-02-17,"Moderna, Oxford/AstraZeneca, Pfizer/BioNTech",321311,196706,518017
2021-02-18,"Moderna, Oxford/AstraZeneca, Pfizer/BioNTech",333642,204791,538433
2021-02-19,"Moderna, Oxford/AstraZeneca, Pfizer/BioNTech",345508,212167,557675
2021-02-20,"Moderna, Oxford/AstraZeneca, Pfizer/BioNTech",347518,213353,560871
2021-02-21,"Moderna, Oxford/AstraZeneca, Pfizer/BioNTech",348655,214379,563034
2021-02-22,"Moderna, Oxford/AstraZeneca, Pfizer/BioNTech",358783,220417,579200
2021-02-23,"Moderna, Oxford/AstraZeneca, Pfizer/BioNTech",371747,227408,599155
2021-02-24,"Moderna, Oxford/AstraZeneca, Pfizer/BioNTech",385632,233451,619083
2021-02-25,"Moderna, Oxford/AstraZeneca, Pfizer/BioNTech",403616,239003,642619
2021-02-26,"Moderna, Oxford/AstraZeneca, Pfizer/BioNTech",419798,244365,664163
2021-02-27,"Moderna, Oxford/AstraZeneca, Pfizer/BioNTech",422807,244925,667732
2021-02-28,"Moderna, Oxford/AstraZeneca, Pfizer/BioNTech",425165,245477,670642
2021-03-01,"Moderna, Oxford/AstraZeneca, Pfizer/BioNTech",444767,248927,693694
2021-03-02,"Moderna, Oxford/AstraZeneca, Pfizer/BioNTech",471996,252477,724473
2021-03-03,"Moderna, Oxford/AstraZeneca, Pfizer/BioNTech",502957,256988,759945
2021-03-04,"Moderna, Oxford/AstraZeneca, Pfizer/BioNTech",536249,261678,797927
2021-03-05,"Johnson&Johnson, Moderna, Oxford/AstraZeneca, Pfizer/BioNTech",565096,267106,832202
2021-03-06,"Johnson&Johnson, Moderna, Oxford/AstraZeneca, Pfizer/BioNTech",577255,267972,845227
2021-03-07,"Johnson&Johnson, Moderna, Oxford/AstraZeneca, Pfizer/BioNTech",588804,268815,857619
2021-03-08,"Johnson&Johnson, Moderna, Oxford/AstraZeneca, Pfizer/BioNTech",618553,273678,892231
2021-03-09,"Johnson&Johnson, Moderna, Oxford/AstraZeneca, Pfizer/BioNTech",654922,280066,934988
2021-03-10,"Johnson&Johnson, Moderna, Oxford/AstraZeneca, Pfizer/BioNTech",696261,287027,983288
2021-03-11,"Johnson&Johnson, Moderna, Oxford/AstraZeneca, Pfizer/BioNTech",741118,295404,1036522
2021-03-12,"Johnson&Johnson, Moderna, Oxford/AstraZeneca, Pfizer/BioNTech",779885,303903,1083788
2021-03-13,"Johnson&Johnson, Moderna, Oxford/AstraZeneca, Pfizer/BioNTech",796995,305218,1102213
2021-03-14,"Johnson&Johnson, Moderna, Oxford/AstraZeneca, Pfizer/BioNTech",809114,306374,1115488
2021-03-15,"Johnson&Johnson, Moderna, Oxford/AstraZeneca, Pfizer/BioNTech",837513,315157,1152670
2021-03-16,"Johnson&Johnson, Moderna, Oxford/AstraZeneca, Pfizer/BioNTech",876409,325695,1202104
2021-03-17,"Moderna, Oxford/AstraZeneca, Pfizer/BioNTech",913900,336210,1250110
2021-03-18,"Johnson&Johnson, Moderna, Oxford/AstraZeneca, Pfizer/BioNTech",951906,348635,1300541
2021-03-19,"Johnson&Johnson, Moderna, Oxford/AstraZeneca, Pfizer/BioNTech",986424,362250,1348674
2021-03-20,"Johnson&Johnson, Moderna, Oxford/AstraZeneca, Pfizer/BioNTech",1001608,364280,1365888
2021-03-21,"Johnson&Johnson, Moderna, Oxford/AstraZeneca, Pfizer/BioNTech",1009053,365840,1374893
2021-03-22,"Johnson&Johnson, Moderna, Oxford/AstraZeneca, Pfizer/BioNTech",1033632,378345,1411977
2021-03-23,"Johnson&Johnson, Moderna, Oxford/AstraZeneca, Pfizer/BioNTech",1060308,391711,1452019
2021-03-24,"Johnson&Johnson, Moderna, Oxford/AstraZeneca, Pfizer/BioNTech",1087199,407460,1494659
2021-03-25,"Johnson&Johnson, Moderna, Oxford/AstraZeneca, Pfizer/BioNTech",1113558,425316,1538874
2021-03-26,"Johnson&Johnson, Moderna, Oxford/AstraZeneca, Pfizer/BioNTech",1138400,442831,1581231
2021-03-27,"Johnson&Johnson, Moderna, Oxford/AstraZeneca, Pfizer/BioNTech",1146860,447677,1594537
2021-03-28,"Moderna, Oxford/AstraZeneca, Pfizer/BioNTech",1152408,451825,1604233
2021-03-29,"Johnson&Johnson, Moderna, Oxford/AstraZeneca, Pfizer/BioNTech",1171567,472562,1644129
2021-03-30,"Johnson&Johnson, Moderna, Oxford/AstraZeneca, Pfizer/BioNTech",1196277,494749,1691026
2021-03-31,"Johnson&Johnson, Moderna, Oxford/AstraZeneca, Pfizer/BioNTech",1219433,521819,1741252
2021-04-01,"Johnson&Johnson, Moderna, Oxford/AstraZeneca, Pfizer/BioNTech",1245119,553880,1798999
2021-04-02,"Johnson&Johnson, Moderna, Oxford/AstraZeneca, Pfizer/BioNTech",1252100,566679,1818779
2021-04-03,"Johnson&Johnson, Moderna, Oxford/AstraZeneca, Pfizer/BioNTech",1255751,577611,1833362
2021-04-04,"Johnson&Johnson, Moderna, Oxford/AstraZeneca, Pfizer/BioNTech",1258294,586536,1844830
2021-04-05,"Johnson&Johnson, Moderna, Oxford/AstraZeneca, Pfizer/BioNTech",1260725,593741,1854466
2021-04-06,"Johnson&Johnson, Moderna, Oxford/AstraZeneca, Pfizer/BioNTech",1276941,623017,1899958
2021-04-07,"Johnson&Johnson, Moderna, Oxford/AstraZeneca, Pfizer/BioNTech",1300445,645264,1945709
2021-04-08,"Johnson&Johnson, Moderna, Oxford/AstraZeneca, Pfizer/BioNTech",1339257,676310,2015567
2021-04-09,"Johnson&Johnson, Moderna, Oxford/AstraZeneca, Pfizer/BioNTech",1378857,706510,2085367
2021-04-10,"Johnson&Johnson, Moderna, Oxford/AstraZeneca, Pfizer/BioNTech",1394426,721823,2116249
2021-04-11,"Johnson&Johnson, Moderna, Oxford/AstraZeneca, Pfizer/BioNTech",1404221,731879,2136100
2021-04-12,"Johnson&Johnson, Moderna, Oxford/AstraZeneca, Pfizer/BioNTech",1442543,757026,2199569
2021-04-13,"Moderna, Oxford/AstraZeneca, Pfizer/BioNTech",1478850,783067,2261917
2021-04-14,"Moderna, Oxford/AstraZeneca, Pfizer/BioNTech",1517735,810443,2328178
2021-04-15,"Moderna, Oxford/AstraZeneca, Pfizer/BioNTech",1565567,836223,2401790
2021-04-16,"Moderna, Oxford/AstraZeneca, Pfizer/BioNTech",1610281,861909,2472190
2021-04-17,"Moderna, Oxford/AstraZeneca, Pfizer/BioNTech",1627008,870936,2497944
2021-04-18,"Moderna, Oxford/AstraZeneca, Pfizer/BioNTech",1640007,875922,2515929
2021-04-19,"Johnson&Johnson, Moderna, Oxford/AstraZeneca, Pfizer/BioNTech",1683981,891366,2575347
2021-04-20,"Johnson&Johnson, Moderna, Oxford/AstraZeneca, Pfizer/BioNTech",1726569,907255,2633824
2021-04-21,"Moderna, Oxford/AstraZeneca, Pfizer/BioNTech",1774341,921624,2695965
2021-04-22,"Johnson&Johnson, Moderna, Oxford/AstraZeneca, Pfizer/BioNTech",1828869,939023,2767892
2021-04-23,"Johnson&Johnson, Moderna, Oxford/AstraZeneca, Pfizer/BioNTech",1878885,951090,2829975
2021-04-24,"Johnson&Johnson, Moderna, Oxford/AstraZeneca, Pfizer/BioNTech",1896763,956357,2853120
2021-04-25,"Johnson&Johnson, Moderna, Oxford/AstraZeneca, Pfizer/BioNTech",1911477,960360,2871837
2021-04-26,"Johnson&Johnson, Moderna, Oxford/AstraZeneca, Pfizer/BioNTech",1961088,967930,2929018
2021-04-27,"Johnson&Johnson, Moderna, Oxford/AstraZeneca, Pfizer/BioNTech",2010079,980182,2990261
2021-04-28,"Johnson&Johnson, Moderna, Oxford/AstraZeneca, Pfizer/BioNTech",2068862,994211,3063073
2021-04-29,"Johnson&Johnson, Moderna, Oxford/AstraZeneca, Pfizer/BioNTech",2134482,1010131,3144613
2021-04-30,"Johnson&Johnson, Moderna, Oxford/AstraZeneca, Pfizer/BioNTech",2196778,1020126,3216904
2021-05-01,"Johnson&Johnson, Moderna, Oxford/AstraZeneca, Pfizer/BioNTech",2216166,1023591,3239757
2021-05-02,"Johnson&Johnson, Moderna, Oxford/AstraZeneca, Pfizer/BioNTech",2235121,1025882,3261003
2021-05-03,"Johnson&Johnson, Moderna, Oxford/AstraZeneca, Pfizer/BioNTech",2302403,1030964,3333367
2021-05-04,"Johnson&Johnson, Moderna, Oxford/AstraZeneca, Pfizer/BioNTech",2368962,1039339,3408301
2021-05-05,"Johnson&Johnson, Moderna, Oxford/AstraZeneca, Pfizer/BioNTech",2442174,1048787,3490961
2021-05-06,"Johnson&Johnson, Moderna, Oxford/AstraZeneca, Pfizer/BioNTech",2522621,1059543,3582164
2021-05-07,"Johnson&Johnson, Moderna, Oxford/AstraZeneca, Pfizer/BioNTech",2599955,1069688,3669643
2021-05-08,"Johnson&Johnson, Moderna, Oxford/AstraZeneca, Pfizer/BioNTech",2629494,1071482,3700976
2021-05-09,"Johnson&Johnson, Moderna, Oxford/AstraZeneca, Pfizer/BioNTech",2653732,1072703,3726435
2021-05-10,"Johnson&Johnson, Moderna, Oxford/AstraZeneca, Pfizer/BioNTech",2726541,1079953,3806494
2021-05-11,"Johnson&Johnson, Moderna, Oxford/AstraZeneca, Pfizer/BioNTech",2802701,1088789,3891490
2021-05-12,"Johnson&Johnson, Moderna, Oxford/AstraZeneca, Pfizer/BioNTech",2882652,1097937,3980589
2021-05-13,"Johnson&Johnson, Moderna, Oxford/AstraZeneca, Pfizer/BioNTech",2966707,1107132,4073839
2021-05-14,"Johnson&Johnson, Moderna, Oxford/AstraZeneca, Pfizer/BioNTech",3046260,1114963,4161223
2021-05-15,"Johnson&Johnson, Moderna, Oxford/AstraZeneca, Pfizer/BioNTech",3078230,1117250,4195480
2021-05-16,"Johnson&Johnson, Moderna, Oxford/AstraZeneca, Pfizer/BioNTech",3104044,1118537,4222581
2021-05-17,"Johnson&Johnson, Moderna, Oxford/AstraZeneca, Pfizer/BioNTech",3176588,1125294,4301882
2021-05-18,"Johnson&Johnson, Moderna, Oxford/AstraZeneca, Pfizer/BioNTech",3248580,1138416,4386996
2021-05-19,"Johnson&Johnson, Moderna, Oxford/AstraZeneca, Pfizer/BioNTech",3326082,1153592,4479674
2021-05-20,"Johnson&Johnson, Moderna, Oxford/AstraZeneca, Pfizer/BioNTech",3401577,1180664,4582241
2021-05-21,"Johnson&Johnson, Moderna, Oxford/AstraZeneca, Pfizer/BioNTech",3470433,1208474,4678907
2021-05-22,"Johnson&Johnson, Moderna, Oxford/AstraZeneca, Pfizer/BioNTech",3502896,1219717,4722613
2021-05-23,"Johnson&Johnson, Moderna, Oxford/AstraZeneca, Pfizer/BioNTech",3525346,1228760,4754106
2021-05-24,"Johnson&Johnson, Moderna, Oxford/AstraZeneca, Pfizer/BioNTech",3572567,1262441,4835008
2021-05-25,"Johnson&Johnson, Moderna, Oxford/AstraZeneca, Pfizer/BioNTech",3624484,1298290,4922774
2021-05-26,"Johnson&Johnson, Moderna, Oxford/AstraZeneca, Pfizer/BioNTech",3692253,1335854,5028107
2021-05-27,"Johnson&Johnson, Moderna, Oxford/AstraZeneca, Pfizer/BioNTech",3753689,1383221,5136910
2021-05-28,"Johnson&Johnson, Moderna, Oxford/AstraZeneca, Pfizer/BioNTech",3815442,1429837,5245279
2021-05-29,"Johnson&Johnson, Moderna, Oxford/AstraZeneca, Pfizer/BioNTech",3844708,1446983,5291691
2021-05-30,"Johnson&Johnson, Moderna, Oxford/AstraZeneca, Pfizer/BioNTech",3867121,1461456,5328577
2021-05-31,"Johnson&Johnson, Moderna, Oxford/AstraZeneca, Pfizer/BioNTech",3922868,1508994,5431862
2021-06-01,"Johnson&Johnson, Moderna, Oxford/AstraZeneca, Pfizer/BioNTech",3981973,1557886,5539859
2021-06-02,"Johnson&Johnson, Moderna, Oxford/AstraZeneca, Pfizer/BioNTech",4044951,1611929,5656880
2021-06-03,"Johnson&Johnson, Moderna, Oxford/AstraZeneca, Pfizer/BioNTech",4103207,1672181,5775388
2021-06-04,"Johnson&Johnson, Moderna, Oxford/AstraZeneca, Pfizer/BioNTech",4166347,1729620,5895967
2021-06-05,"Johnson&Johnson, Moderna, Oxford/AstraZeneca, Pfizer/BioNTech",4200535,1748551,5949086
2021-06-06,"Johnson&Johnson, Moderna, Oxford/AstraZeneca, Pfizer/BioNTech",4227495,1763731,5991226
2021-06-07,"Johnson&Johnson, Moderna, Oxford/AstraZeneca, Pfizer/BioNTech",4291196,1819385,6110581
2021-06-08,"Johnson&Johnson, Moderna, Oxford/AstraZeneca, Pfizer/BioNTech",4355217,1874424,6229641
2021-06-09,"Johnson&Johnson, Moderna, Oxford/AstraZeneca, Pfizer/BioNTech",4414440,1939130,6353570
2021-06-10,"Johnson&Johnson, Moderna, Oxford/AstraZeneca, Pfizer/BioNTech",4468307,2010467,6478774
2021-06-11,"Johnson&Johnson, Moderna, Oxford/AstraZeneca, Pfizer/BioNTech",4520439,2080328,6600767
2021-06-12,"Johnson&Johnson, Moderna, Oxford/AstraZeneca, Pfizer/BioNTech",4552462,2101190,6653652
2021-06-13,"Johnson&Johnson, Moderna, Oxford/AstraZeneca, Pfizer/BioNTech",4576507,2119636,6696143
2021-06-14,"Johnson&Johnson, Moderna, Oxford/AstraZeneca, Pfizer/BioNTech",4619599,2194056,6813655
2021-06-15,"Johnson&Johnson, Moderna, Oxford/AstraZeneca, Pfizer/BioNTech",4664281,2266473,6930754
2021-06-16,"Johnson&Johnson, Moderna, Oxford/AstraZeneca, Pfizer/BioNTech",4707108,2344739,7051847
2021-06-17,"Johnson&Johnson, Moderna, Oxford/AstraZeneca, Pfizer/BioNTech",4746550,2427863,7174413
2021-06-18,"Johnson&Johnson, Moderna, Oxford/AstraZeneca, Pfizer/BioNTech",4788997,2508471,7297468
2021-06-19,"Johnson&Johnson, Moderna, Oxford/AstraZeneca, Pfizer/BioNTech",4810791,2537819,7348610
2021-06-20,"Johnson&Johnson, Moderna, Oxford/AstraZeneca, Pfizer/BioNTech",4828204,2561700,7389904
2021-06-21,"Johnson&Johnson, Moderna, Oxford/AstraZeneca, Pfizer/BioNTech",4860716,2640340,7501056
2021-06-22,"Johnson&Johnson, Moderna, Oxford/AstraZeneca, Pfizer/BioNTech",4893696,2722695,7616391
2021-06-23,"Johnson&Johnson, Moderna, Oxford/AstraZeneca, Pfizer/BioNTech",4925420,2807965,7733385
2021-06-24,"Johnson&Johnson, Moderna, Oxford/AstraZeneca, Pfizer/BioNTech",4955291,2898045,7853336
2021-06-25,"Johnson&Johnson, Moderna, Oxford/AstraZeneca, Pfizer/BioNTech",4986387,2984298,7970685
2021-06-26,"Johnson&Johnson, Moderna, Oxford/AstraZeneca, Pfizer/BioNTech",5002294,3019192,8021486
2021-06-27,"Johnson&Johnson, Moderna, Oxford/AstraZeneca, Pfizer/BioNTech",5016254,3045912,8062166
2021-06-28,"Johnson&Johnson, Moderna, Oxford/AstraZeneca, Pfizer/BioNTech",5044677,3131148,8175825
2021-06-29,"Johnson&Johnson, Moderna, Oxford/AstraZeneca, Pfizer/BioNTech",5073971,3217715,8291686
2021-06-30,"Johnson&Johnson, Moderna, Oxford/AstraZeneca, Pfizer/BioNTech",5101482,3308769,8410251
2021-07-01,"Johnson&Johnson, Moderna, Oxford/AstraZeneca, Pfizer/BioNTech",5125479,3398881,8524360
2021-07-02,"Johnson&Johnson, Moderna, Oxford/AstraZeneca, Pfizer/BioNTech",5152232,3484825,8637057
2021-07-03,"Johnson&Johnson, Moderna, Oxford/AstraZeneca, Pfizer/BioNTech",5159336,3516403,8675739
2021-07-04,"Johnson&Johnson, Moderna, Oxford/AstraZeneca, Pfizer/BioNTech",5166925,3538232,8705157
2021-07-05,"Johnson&Johnson, Moderna, Oxford/AstraZeneca, Pfizer/BioNTech",5174346,3563649,8737995
2021-07-06,"Johnson&Johnson, Moderna, Oxford/AstraZeneca, Pfizer/BioNTech",5179820,3591383,8771203
2021-07-07,"Johnson&Johnson, Moderna, Oxford/AstraZeneca, Pfizer/BioNTech",5205655,3670386,8876041
2021-07-08,"Johnson&Johnson, Moderna, Oxford/AstraZeneca, Pfizer/BioNTech",5232273,3740734,8973007
2021-07-09,"Johnson&Johnson, Moderna, Oxford/AstraZeneca, Pfizer/BioNTech",5260228,3810077,9070305
2021-07-10,"Johnson&Johnson, Moderna, Oxford/AstraZeneca, Pfizer/BioNTech",5269615,3838755,9108370
2021-07-11,"Johnson&Johnson, Moderna, Oxford/AstraZeneca, Pfizer/BioNTech",5278173,3861648,9139821
2021-07-12,"Johnson&Johnson, Moderna, Oxford/AstraZeneca, Pfizer/BioNTech",5305713,3930745,9236458
2021-07-13,"Johnson&Johnson, Moderna, Oxford/AstraZeneca, Pfizer/BioNTech",5331919,4000645,9332564
2021-07-14,"Johnson&Johnson, Moderna, Oxford/AstraZeneca, Pfizer/BioNTech",5357759,4072664,9430423
2021-07-15,"Johnson&Johnson, Moderna, Oxford/AstraZeneca, Pfizer/BioNTech",5386954,4138711,9525665
2021-07-16,"Johnson&Johnson, Moderna, Oxford/AstraZeneca, Pfizer/BioNTech",5414892,4211475,9626367
2021-07-17,"Johnson&Johnson, Moderna, Oxford/AstraZeneca, Pfizer/BioNTech",5423700,4242956,9666656
2021-07-18,"Johnson&Johnson, Moderna, Oxford/AstraZeneca, Pfizer/BioNTech",5432145,4268973,9701118
2021-07-19,"Johnson&Johnson, Moderna, Oxford/AstraZeneca, Pfizer/BioNTech",5455518,4336021,9791539
2021-07-20,"Johnson&Johnson, Moderna, Oxford/AstraZeneca, Pfizer/BioNTech",5476933,4403104,9880037
2021-07-21,"Johnson&Johnson, Moderna, Oxford/AstraZeneca, Pfizer/BioNTech",5500393,4466583,9966976
2021-07-22,"Johnson&Johnson, Moderna, Oxford/AstraZeneca, Pfizer/BioNTech",5522765,4525239,10048004
2021-07-23,"Johnson&Johnson, Moderna, Oxford/AstraZeneca, Pfizer/BioNTech",5546002,4580016,10126018
2021-07-24,"Johnson&Johnson, Moderna, Oxford/AstraZeneca, Pfizer/BioNTech",5553352,4607699,10161051
2021-07-25,"Johnson&Johnson, Moderna, Oxford/AstraZeneca, Pfizer/BioNTech",5559989,4629843,10189832
2021-07-26,"Johnson&Johnson, Moderna, Oxford/AstraZeneca, Pfizer/BioNTech",5583549,4678550,10262099
2021-07-27,"Johnson&Johnson, Moderna, Oxford/AstraZeneca, Pfizer/BioNTech",5606305,4725223,10331528
2021-07-28,"Johnson&Johnson, Moderna, Oxford/AstraZeneca, Pfizer/BioNTech",5627586,4771260,10398846
2021-07-29,"Johnson&Johnson, Moderna, Oxford/AstraZeneca, Pfizer/BioNTech",5648929,4813260,10462189
2021-07-30,"Johnson&Johnson, Moderna, Oxford/AstraZeneca, Pfizer/BioNTech",5672213,4855852,10528065
2021-07-31,"Johnson&Johnson, Moderna, Oxford/AstraZeneca, Pfizer/BioNTech",5681164,4875399,10556563
2021-08-01,"Johnson&Johnson, Moderna, Oxford/AstraZeneca, Pfizer/BioNTech",5687900,4891584,10579484
2021-08-02,"Johnson&Johnson, Moderna, Oxford/AstraZeneca, Pfizer/BioNTech",5706549,4929163,10635712
2021-08-03,"Johnson&Johnson, Moderna, Oxford/AstraZeneca, Pfizer/BioNTech",5724203,4967293,10691496
2021-08-04,"Johnson&Johnson, Moderna, Oxford/AstraZeneca, Pfizer/BioNTech",5740332,5004078,10744410
2021-08-05,"Johnson&Johnson, Moderna, Oxford/AstraZeneca, Pfizer/BioNTech",5756377,5044587,10800964
2021-08-06,"Johnson&Johnson, Moderna, Oxford/AstraZeneca, Pfizer/BioNTech",5773183,5087909,10861092
2021-08-07,"Johnson&Johnson, Moderna, Oxford/AstraZeneca, Pfizer/BioNTech",5778793,5106095,10884888
2021-08-08,"Johnson&Johnson, Moderna, Oxford/AstraZeneca, Pfizer/BioNTech",5783162,5121865,10905027
2021-08-09,"Johnson&Johnson, Moderna, Oxford/AstraZeneca, Pfizer/BioNTech",5795804,5166944,10962748
2021-08-10,"Johnson&Johnson, Moderna, Oxford/AstraZeneca, Pfizer/BioNTech",5807652,5206539,11014191
2021-08-11,"Johnson&Johnson, Moderna, Oxford/AstraZeneca, Pfizer/BioNTech",5819024,5249689,11068713
2021-08-12,"Johnson&Johnson, Moderna, Oxford/AstraZeneca, Pfizer/BioNTech",5830452,5286846,11117298
2021-08-13,"Johnson&Johnson, Moderna, Oxford/AstraZeneca, Pfizer/BioNTech",5841186,5327213,11168399
2021-08-14,"Johnson&Johnson, Moderna, Oxford/AstraZeneca, Pfizer/BioNTech",5844526,5337929,11182455
2021-08-15,"Johnson&Johnson, Moderna, Oxford/AstraZeneca, Pfizer/BioNTech",5847114,5348319,11195433
2021-08-16,"Johnson&Johnson, Moderna, Oxford/AstraZeneca, Pfizer/BioNTech",5856910,5382411,11239321
2021-08-17,"Johnson&Johnson, Moderna, Oxford/AstraZeneca, Pfizer/BioNTech",5866510,5409519,11276029
2021-08-18,"Johnson&Johnson, Moderna, Oxford/AstraZeneca, Pfizer/BioNTech",5875888,5448430,11324318
2021-08-19,"Johnson&Johnson, Moderna, Oxford/AstraZeneca, Pfizer/BioNTech",5885568,5486797,11372365
2021-08-20,"Johnson&Johnson, Moderna, Oxford/AstraZeneca, Pfizer/BioNTech",5896965,5526996,11423961
2021-08-21,"Johnson&Johnson, Moderna, Oxford/AstraZeneca, Pfizer/BioNTech",5899689,5539769,11439458
2021-08-22,"Johnson&Johnson, Moderna, Oxford/AstraZeneca, Pfizer/BioNTech",5902035,5551743,11453778
2021-08-23,"Johnson&Johnson, Moderna, Oxford/AstraZeneca, Pfizer/BioNTech",5912567,5591031,11503598
2021-08-24,"Johnson&Johnson, Moderna, Oxford/AstraZeneca, Pfizer/BioNTech",5922448,5624297,11546745
2021-08-25,"Johnson&Johnson, Moderna, Oxford/AstraZeneca, Pfizer/BioNTech",5931312,5652675,11583987
2021-08-26,"Johnson&Johnson, Moderna, Oxford/AstraZeneca, Pfizer/BioNTech",5939768,5678805,11618573
2021-08-27,"Johnson&Johnson, Moderna, Oxford/AstraZeneca, Pfizer/BioNTech",5950099,5704795,11654894
2021-08-28,"Johnson&Johnson, Moderna, Oxford/AstraZeneca, Pfizer/BioNTech",5952835,5711862,11664697
2021-08-29,"Johnson&Johnson, Moderna, Oxford/AstraZeneca, Pfizer/BioNTech",5955247,5718486,11673733
2021-08-30,"Johnson&Johnson, Moderna, Oxford/AstraZeneca, Pfizer/BioNTech",5963774,5740368,11704142
2021-08-31,"Johnson&Johnson, Moderna, Oxford/AstraZeneca, Pfizer/BioNTech",5971459,5758481,11729940
2021-09-01,"Johnson&Johnson, Moderna, Oxford/AstraZeneca, Pfizer/BioNTech",5977370,5772503,11749873
2021-09-02,"Johnson&Johnson, Moderna, Oxford/AstraZeneca, Pfizer/BioNTech",5984219,5786897,11771116
2021-09-03,"Johnson&Johnson, Moderna, Oxford/AstraZeneca, Pfizer/BioNTech",5993785,5802634,11796419
2021-09-04,"Johnson&Johnson, Moderna, Oxford/AstraZeneca, Pfizer/BioNTech",5995856,5806193,11802049
2021-09-05,"Johnson&Johnson, Moderna, Oxford/AstraZeneca, Pfizer/BioNTech",5997896,5809043,11806939
2021-09-06,"Johnson&Johnson, Moderna, Oxford/AstraZeneca, Pfizer/BioNTech",6004136,5821590,11825726
2021-09-07,"Johnson&Johnson, Moderna, Oxford/AstraZeneca, Pfizer/BioNTech",6008531,5832678,11841209
2021-09-08,"Johnson&Johnson, Moderna, Oxford/AstraZeneca, Pfizer/BioNTech",6014208,5842542,11856750
2021-09-09,"Johnson&Johnson, Moderna, Oxford/AstraZeneca, Pfizer/BioNTech",6020909,5852614,11873523
2021-09-10,"Johnson&Johnson, Moderna, Oxford/AstraZeneca, Pfizer/BioNTech",6028607,5864798,11893405
2021-09-11,"Johnson&Johnson, Moderna, Oxford/AstraZeneca, Pfizer/BioNTech",6030477,5867285,11897762
2021-09-12,"Johnson&Johnson, Moderna, Oxford/AstraZeneca, Pfizer/BioNTech",6031595,5868918,11900513
2021-09-13,"Johnson&Johnson, Moderna, Oxford/AstraZeneca, Pfizer/BioNTech",6037035,5879226,11916261
2021-09-14,"Johnson&Johnson, Moderna, Oxford/AstraZeneca, Pfizer/BioNTech",6042433,5888244,11930677
2021-09-15,"Johnson&Johnson, Moderna, Oxford/AstraZeneca, Pfizer/BioNTech",6047636,5896772,11944408
2021-09-16,"Johnson&Johnson, Moderna, Oxford/AstraZeneca, Pfizer/BioNTech",6052993,5905053,11958046
2021-09-17,"Johnson&Johnson, Moderna, Oxford/AstraZeneca, Pfizer/BioNTech",6059566,5915292,11974858
2021-09-18,"Johnson&Johnson, Moderna, Oxford/AstraZeneca, Pfizer/BioNTech",6061294,5917654,11978948
2021-09-19,"Johnson&Johnson, Moderna, Oxford/AstraZeneca, Pfizer/BioNTech",6062240,5919223,11981463
2021-09-20,"Johnson&Johnson, Moderna, Oxford/AstraZeneca, Pfizer/BioNTech",6066256,5927424,11993680
2021-09-21,"Johnson&Johnson, Moderna, Oxford/AstraZeneca, Pfizer/BioNTech",6070494,5934962,12005456
2021-09-22,"Johnson&Johnson, Moderna, Oxford/AstraZeneca, Pfizer/BioNTech",6074688,5940485,12015173
2021-09-23,"Johnson&Johnson, Moderna, Oxford/AstraZeneca, Pfizer/BioNTech",6079665,5946903,12026568
2021-09-24,"Johnson&Johnson, Moderna, Oxford/AstraZeneca, Pfizer/BioNTech",6085425,5956524,12041949
2021-09-25,"Johnson&Johnson, Moderna, Oxford/AstraZeneca, Pfizer/BioNTech",6086922,5958524,12045446
2021-09-26,"Johnson&Johnson, Moderna, Oxford/AstraZeneca, Pfizer/BioNTech",6087667,5960164,12047831
2021-09-27,"Johnson&Johnson, Moderna, Oxford/AstraZeneca, Pfizer/BioNTech",6091551,5966680,12058231
2021-09-28,"Johnson&Johnson, Moderna, Oxford/AstraZeneca, Pfizer/BioNTech",6091920,5967310,12059230
2021-09-29,"Johnson&Johnson, Moderna, Oxford/AstraZeneca, Pfizer/BioNTech",6095697,5974775,12070472
2021-09-30,"Johnson&Johnson, Moderna, Oxford/AstraZeneca, Pfizer/BioNTech",6100210,5982477,12082687
2021-10-01,"Johnson&Johnson, Moderna, Oxford/AstraZeneca, Pfizer/BioNTech",6104514,5990461,12094975
2021-10-02,"Johnson&Johnson, Moderna, Oxford/AstraZeneca, Pfizer/BioNTech",6105577,5992008,12097585
2021-10-03,"Johnson&Johnson, Moderna, Oxford/AstraZeneca, Pfizer/BioNTech",6106302,5992879,12099181
2021-10-04,"Johnson&Johnson, Moderna, Oxford/AstraZeneca, Pfizer/BioNTech",6109377,5998454,12107831
2021-10-05,"Johnson&Johnson, Moderna, Oxford/AstraZeneca, Pfizer/BioNTech",6112541,6003540,12116081
2021-10-06,"Johnson&Johnson, Moderna, Oxford/AstraZeneca, Pfizer/BioNTech",6116060,6008714,12124774
2021-10-07,"Johnson&Johnson, Moderna, Oxford/AstraZeneca, Pfizer/BioNTech",6119344,6013975,12133319
2021-10-08,"Johnson&Johnson, Moderna, Oxford/AstraZeneca, Pfizer/BioNTech",6124138,6020619,12144757
2021-10-09,"Johnson&Johnson, Moderna, Oxford/AstraZeneca, Pfizer/BioNTech",6125384,6022284,12147668
2021-10-10,"Johnson&Johnson, Moderna, Oxford/AstraZeneca, Pfizer/BioNTech",6126328,6023116,12149444
2021-10-11,"Johnson&Johnson, Moderna, Oxford/AstraZeneca, Pfizer/BioNTech",6129258,6027531,12156789
2021-10-12,"Johnson&Johnson, Moderna, Oxford/AstraZeneca, Pfizer/BioNTech",6132193,6031537,12163730
2021-10-13,"Johnson&Johnson, Moderna, Oxford/AstraZeneca, Pfizer/BioNTech",6135724,6035721,12171445
2021-10-14,"Johnson&Johnson, Moderna, Oxford/AstraZeneca, Pfizer/BioNTech",6139397,6040670,12180067
2021-10-15,"Johnson&Johnson, Moderna, Oxford/AstraZeneca, Pfizer/BioNTech",6144626,6046817,12191443
2021-10-16,"Johnson&Johnson, Moderna, Oxford/AstraZeneca, Pfizer/BioNTech",6146041,6048345,12194386
2021-10-17,"Johnson&Johnson, Moderna, Pfizer/BioNTech",6147368,6049400,12196768
2021-10-18,"Johnson&Johnson, Moderna, Oxford/AstraZeneca, Pfizer/BioNTech",6151482,6053500,12204982
2021-10-19,"Johnson&Johnson, Moderna, Oxford/AstraZeneca, Pfizer/BioNTech",6155062,6055599,12210661
2021-10-20,"Johnson&Johnson, Moderna, Oxford/AstraZeneca, Pfizer/BioNTech",6159946,6060049,12219995
2021-10-21,"Johnson&Johnson, Moderna, Oxford/AstraZeneca, Pfizer/BioNTech",6167712,6065653,12233365
2021-10-22,"Johnson&Johnson, Moderna, Oxford/AstraZeneca, Pfizer/BioNTech",6178166,6072157,12250323
2021-10-23,"Johnson&Johnson, Moderna, Oxford/AstraZeneca, Pfizer/BioNTech",6181839,6074362,12256201
2021-10-24,"Johnson&Johnson, Moderna, Oxford/AstraZeneca, Pfizer/BioNTech",6184524,6076143,12260667
2021-10-25,"Johnson&Johnson, Moderna, Oxford/AstraZeneca, Pfizer/BioNTech",6195023,6081951,12276974
2021-10-26,"Johnson&Johnson, Moderna, Oxford/AstraZeneca, Pfizer/BioNTech",6207013,6088501,12295514
2021-10-27,"Johnson&Johnson, Moderna, Oxford/AstraZeneca, Pfizer/BioNTech",6221622,6095908,12317530
2021-10-28,"Johnson&Johnson, Moderna, Oxford/AstraZeneca, Pfizer/BioNTech",6225046,6097592,12322638
2021-10-29,"Johnson&Johnson, Moderna, Oxford/AstraZeneca, Pfizer/BioNTech",6239483,6105580,12345063
2021-10-30,"Johnson&Johnson, Moderna, Oxford/AstraZeneca, Pfizer/BioNTech",6244012,6108507,12352519
2021-10-31,"Johnson&Johnson, Moderna, Oxford/AstraZeneca, Pfizer/BioNTech",6247775,6110981,12358756
2021-11-01,"Johnson&Johnson, Moderna, Oxford/AstraZeneca, Pfizer/BioNTech",6262970,6118666,12381636
2021-11-02,"Johnson&Johnson, Moderna, Oxford/AstraZeneca, Pfizer/BioNTech",6278423,6126223,12404646
2021-11-03,"Johnson&Johnson, Moderna, Oxford/AstraZeneca, Pfizer/BioNTech",6295602,6133517,12429119
2021-11-04,"Johnson&Johnson, Moderna, Oxford/AstraZeneca, Pfizer/BioNTech",6313954,6141689,12455643
2021-11-05,"Johnson&Johnson, Moderna, Oxford/AstraZeneca, Pfizer/BioNTech",6336752,6152970,12489722
2021-11-06,"Johnson&Johnson, Moderna, Oxford/AstraZeneca, Pfizer/BioNTech",6343269,6156026,12499295
2021-11-07,"Johnson&Johnson, Moderna, Oxford/AstraZeneca, Pfizer/BioNTech",6347290,6158462,12505752
2021-11-08,"Johnson&Johnson, Moderna, Oxford/AstraZeneca, Pfizer/BioNTech",6363558,6166091,12529649
2021-11-09,"Johnson&Johnson, Moderna, Oxford/AstraZeneca, Pfizer/BioNTech",6378366,6173390,12551756
2021-11-10,"Johnson&Johnson, Moderna, Oxford/AstraZeneca, Pfizer/BioNTech",6394103,6180772,12574875
2021-11-11,"Johnson&Johnson, Moderna, Oxford/AstraZeneca, Pfizer/BioNTech",6409572,6189876,12599448
2021-11-12,"Johnson&Johnson, Moderna, Oxford/AstraZeneca, Pfizer/BioNTech",6429375,6202677,12632052
2021-11-13,"Johnson&Johnson, Moderna, Oxford/AstraZeneca, Pfizer/BioNTech",6434768,6206549,12641317
2021-11-14,"Johnson&Johnson, Moderna, Oxford/AstraZeneca, Pfizer/BioNTech",6438662,6209554,12648216
2021-11-15,"Johnson&Johnson, Moderna, Oxford/AstraZeneca, Pfizer/BioNTech",6453743,6220247,12673990
2021-11-16,"Johnson&Johnson, Moderna, Oxford/AstraZeneca, Pfizer/BioNTech",6471285,6232229,12703514
2021-11-17,"Johnson&Johnson, Moderna, Oxford/AstraZeneca, Pfizer/BioNTech",6475526,6235794,12711320
2021-11-18,"Johnson&Johnson, Moderna, Oxford/AstraZeneca, Pfizer/BioNTech",6494947,6247487,12742434
2021-11-19,"Johnson&Johnson, Moderna, Oxford/AstraZeneca, Pfizer/BioNTech",6519555,6264458,12784013
2021-11-20,"Johnson&Johnson, Moderna, Oxford/AstraZeneca, Pfizer/BioNTech",6528134,6269440,12797574
2021-11-21,"Johnson&Johnson, Moderna, Pfizer/BioNTech",6534903,6273213,12808116
2021-11-22,"Johnson&Johnson, Moderna, Oxford/AstraZeneca, Pfizer/BioNTech",6553413,6287325,12840738
2021-11-23,"Johnson&Johnson, Moderna, Oxford/AstraZeneca, Pfizer/BioNTech",6572479,6300584,12873063
2021-11-24,"Johnson&Johnson, Moderna, Oxford/AstraZeneca, Pfizer/BioNTech",6591494,6316431,12907925
2021-11-25,"Johnson&Johnson, Moderna, Oxford/AstraZeneca, Pfizer/BioNTech",6610640,6331465,12942105
2021-11-26,"Johnson&Johnson, Moderna, Oxford/AstraZeneca, Pfizer/BioNTech",6632294,6350600,12982894
2021-11-27,"Johnson&Johnson, Moderna, Oxford/AstraZeneca, Pfizer/BioNTech",6639763,6356155,12995918
2021-11-28,"Johnson&Johnson, Moderna, Oxford/AstraZeneca, Pfizer/BioNTech",6643096,6359290,13002386
2021-11-29,"Johnson&Johnson, Moderna, Oxford/AstraZeneca, Pfizer/BioNTech",6658305,6372947,13031252
2021-11-30,"Johnson&Johnson, Moderna, Oxford/AstraZeneca, Pfizer/BioNTech",6671508,6384178,13055686
2021-12-01,"Johnson&Johnson, Moderna, Oxford/AstraZeneca, Pfizer/BioNTech",6685545,6396633,13082178
2021-12-02,"Johnson&Johnson, Moderna, Oxford/AstraZeneca, Pfizer/BioNTech",6696181,6409123,13105304
2021-12-03,"Johnson&Johnson, Moderna, Oxford/AstraZeneca, Pfizer/BioNTech",6705821,6424696,13130517
2021-12-04,"Johnson&Johnson, Moderna, Pfizer/BioNTech",6708378,6428646,13137024
2021-12-05,"Johnson&Johnson, Moderna, Oxford/AstraZeneca, Pfizer/BioNTech",6709738,6430984,13140722
2021-12-06,"Johnson&Johnson, Moderna, Oxford/AstraZeneca, Pfizer/BioNTech",6717884,6442513,13160397
2021-12-07,"Johnson&Johnson, Moderna, Oxford/AstraZeneca, Pfizer/BioNTech",6725774,6454522,13180296
2021-12-08,"Johnson&Johnson, Moderna, Oxford/AstraZeneca, Pfizer/BioNTech",6734016,6460450,13194466
2021-12-09,"Johnson&Johnson, Moderna, Oxford/AstraZeneca, Pfizer/BioNTech",6741137,6473268,13214405
2021-12-10,"Johnson&Johnson, Moderna, Oxford/AstraZeneca, Pfizer/BioNTech",6748069,6491073,13239142
2021-12-11,"Johnson&Johnson, Moderna, Pfizer/BioNTech",6749727,6496345,13246072
2021-12-12,"Johnson&Johnson, Moderna, Oxford/AstraZeneca, Pfizer/BioNTech",6751038,6500778,13251816
2021-12-13,"Johnson&Johnson, Moderna, Oxford/AstraZeneca, Pfizer/BioNTech",6757386,6514088,13271474
2021-12-14,"Johnson&Johnson, Moderna, Oxford/AstraZeneca, Pfizer/BioNTech",6763596,6527757,13291353
2021-12-15,"Johnson&Johnson, Moderna, Oxford/AstraZeneca, Pfizer/BioNTech",6769802,6541356,13311158
2021-12-16,"Johnson&Johnson, Moderna, Oxford/AstraZeneca, Pfizer/BioNTech",6776743,6556190,13332933
2021-12-17,"Johnson&Johnson, Moderna, Oxford/AstraZeneca, Pfizer/BioNTech",6785109,6573454,13358563
2021-12-18,"Johnson&Johnson, Moderna, Oxford/AstraZeneca, Pfizer/BioNTech",6787720,6578905,13366625
2021-12-19,"Johnson&Johnson, Moderna, Pfizer/BioNTech",6789491,6581409,13370900
2021-12-20,"Johnson&Johnson, Moderna, Oxford/AstraZeneca, Pfizer/BioNTech",6795344,6595473,13390817
2021-12-21,"Johnson&Johnson, Moderna, Oxford/AstraZeneca, Pfizer/BioNTech",6802005,6607466,13409471
2021-12-22,"Johnson&Johnson, Moderna, Oxford/AstraZeneca, Pfizer/BioNTech",6807054,6620523,13427577
2021-12-23,"Johnson&Johnson, Moderna, Oxford/AstraZeneca, Pfizer/BioNTech",6809927,6626124,13436051
2021-12-24,"Johnson&Johnson, Moderna, Oxford/AstraZeneca, Pfizer/BioNTech",6809973,6626225,13436198
2021-12-25,"Moderna, Pfizer/BioNTech",6809974,6626233,13436207
2021-12-26,"Moderna, Pfizer/BioNTech",6810076,6626436,13436512
2021-12-27,"Johnson&Johnson, Moderna, Pfizer/BioNTech",6813943,6636173,13450116
2021-12-28,"Johnson&Johnson, Moderna, Oxford/AstraZeneca, Pfizer/BioNTech",6819184,6644168,13463352
2021-12-29,"Johnson&Johnson, Moderna, Oxford/AstraZeneca, Pfizer/BioNTech",6823465,6651887,13475352
2021-12-30,"Johnson&Johnson, Moderna, Pfizer/BioNTech",6827763,6657319,13485082
2021-12-31,"Johnson&Johnson, Moderna, Pfizer/BioNTech",6828273,6658742,13487015
2022-01-01,"Johnson&Johnson, Moderna, Pfizer/BioNTech",6828278,6658760,13487038
2022-01-02,"Johnson&Johnson, Moderna, Pfizer/BioNTech",6829135,6660137,13489272
2022-01-03,"Johnson&Johnson, Moderna, Oxford/AstraZeneca, Pfizer/BioNTech",6833269,6669039,13502308
2022-01-04,"Johnson&Johnson, Moderna, Oxford/AstraZeneca, Pfizer/BioNTech",6838353,6676791,13515144
2022-01-05,"Johnson&Johnson, Moderna, Oxford/AstraZeneca, Pfizer/BioNTech",6844173,6684760,13528933
2022-01-06,"Johnson&Johnson, Moderna, Oxford/AstraZeneca, Pfizer/BioNTech",6850759,6693161,13543920
2022-01-07,"Johnson&Johnson, Moderna, Oxford/AstraZeneca, Pfizer/BioNTech",6858634,6703516,13562150
2022-01-08,"Johnson&Johnson, Moderna, Oxford/AstraZeneca, Pfizer/BioNTech",6861114,6706299,13567413
2022-01-09,"Johnson&Johnson, Moderna, Pfizer/BioNTech",6862196,6707993,13570189
2022-01-10,"Johnson&Johnson, Moderna, Oxford/AstraZeneca, Pfizer/BioNTech",6866692,6714179,13580871
2022-01-11,"Johnson&Johnson, Moderna, Oxford/AstraZeneca, Pfizer/BioNTech",6872131,6720933,13593064
2022-01-12,"Johnson&Johnson, Moderna, Oxford/AstraZeneca, Pfizer/BioNTech",6878081,6726576,13604657
2022-01-13,"Johnson&Johnson, Moderna, Oxford/AstraZeneca, Pfizer/BioNTech",6883964,6731352,13615316
2022-01-14,"Johnson&Johnson, Moderna, Oxford/AstraZeneca, Pfizer/BioNTech",6890263,6734984,13625247
2022-01-15,"Johnson&Johnson, Moderna, Oxford/AstraZeneca, Pfizer/BioNTech",6891540,6735638,13627178
2022-01-16,"Johnson&Johnson, Moderna, Oxford/AstraZeneca, Pfizer/BioNTech",6892227,6736075,13628302
2022-01-17,"Johnson&Johnson, Moderna, Oxford/AstraZeneca, Pfizer/BioNTech",6895780,6740031,13635811
2022-01-18,"Johnson&Johnson, Moderna, Oxford/AstraZeneca, Pfizer/BioNTech",6899631,6744980,13644611
2022-01-19,"Johnson&Johnson, Moderna, Oxford/AstraZeneca, Pfizer/BioNTech",6903699,6748912,13652611
2022-01-20,"Johnson&Johnson, Moderna, Oxford/AstraZeneca, Pfizer/BioNTech",6907293,6753361,13660654
2022-01-21,"Johnson&Johnson, Moderna, Oxford/AstraZeneca, Pfizer/BioNTech",6911288,6755888,13667176
2022-01-22,"Johnson&Johnson, Moderna, Pfizer/BioNTech",6912067,6756326,13668393
2022-01-23,"Johnson&Johnson, Moderna, Pfizer/BioNTech",6912628,6756960,13669588
2022-01-24,"Johnson&Johnson, Moderna, Oxford/AstraZeneca, Pfizer/BioNTech",6914894,6760394,13675288
2022-01-25,"Johnson&Johnson, Moderna, Oxford/AstraZeneca, Pfizer/BioNTech",6917247,6764388,13681635
2022-01-26,"Johnson&Johnson, Moderna, Oxford/AstraZeneca, Pfizer/BioNTech",6919632,6768952,13688584
2022-01-27,"Johnson&Johnson, Moderna, Oxford/AstraZeneca, Pfizer/BioNTech",6921955,6773762,13695717
2022-01-28,"Johnson&Johnson, Moderna, Oxford/AstraZeneca, Pfizer/BioNTech",6924866,6779922,13704788
2022-01-29,"Johnson&Johnson, Moderna, Oxford/AstraZeneca, Pfizer/BioNTech",6925466,6781573,13707039
2022-01-30,"Johnson&Johnson, Moderna, Pfizer/BioNTech",6925693,6782350,13708043
2022-01-31,"Johnson&Johnson, Moderna, Pfizer/BioNTech",6927232,6786265,13713497
2022-02-01,"Johnson&Johnson, Moderna, Pfizer/BioNTech",6928826,6790297,13719123
2022-02-02,"Johnson&Johnson, Moderna, Pfizer/BioNTech",6930393,6794799,13725192
2022-02-03,"Johnson&Johnson, Moderna, Pfizer/BioNTech",6931766,6799275,13731041
2022-02-04,"Johnson&Johnson, Moderna, Pfizer/BioNTech",6933367,6804389,13737756
2022-02-05,"Johnson&Johnson, Moderna, Pfizer/BioNTech",6933540,6804998,13738538
2022-02-06,"Johnson&Johnson, Moderna, Pfizer/BioNTech",6933634,6805317,13738951
2022-02-07,"Johnson&Johnson, Moderna, Pfizer/BioNTech",6934332,6808526,13742858
2022-02-08,"Johnson&Johnson, Moderna, Pfizer/BioNTech",6935124,6811710,13746834
2022-02-09,"Johnson&Johnson, Moderna, Pfizer/BioNTech",6935948,6815080,13751028
2022-02-10,"Johnson&Johnson, Moderna, Pfizer/BioNTech",6936730,6818204,13754934
2022-02-11,"Johnson&Johnson, Moderna, Pfizer/BioNTech",6937677,6822112,13759789
2022-02-12,"Johnson&Johnson, Moderna, Pfizer/BioNTech",6937787,6822530,13760317
2022-02-13,"Johnson&Johnson, Moderna, Pfizer/BioNTech",6937820,6822967,13760787
2022-02-14,"Johnson&Johnson, Moderna, Pfizer/BioNTech",6938273,6825077,13763350
2022-02-15,"Johnson&Johnson, Moderna, Pfizer/BioNTech",6938822,6827279,13766101
2022-02-16,"Johnson&Johnson, Moderna, Pfizer/BioNTech",6939405,6829375,13768780
2022-02-17,"Johnson&Johnson, Moderna, Pfizer/BioNTech",6939996,6831712,13771708
2022-02-18,"Johnson&Johnson, Moderna, Oxford/AstraZeneca, Pfizer/BioNTech",6940635,6834762,13775397
2022-02-19,"Johnson&Johnson, Moderna, Pfizer/BioNTech",6940714,6835043,13775757
2022-02-20,"Johnson&Johnson, Moderna, Pfizer/BioNTech",6940748,6835192,13775940
2022-02-21,"Johnson&Johnson, Moderna, Pfizer/BioNTech",6941102,6836889,13777991
2022-02-22,"Johnson&Johnson, Moderna, Oxford/AstraZeneca, Pfizer/BioNTech",6941475,6838565,13780040
2022-02-23,"Johnson&Johnson, Moderna, Pfizer/BioNTech",6941921,6840205,13782126
2022-02-24,"Johnson&Johnson, Moderna, Pfizer/BioNTech",6942327,6841833,13784160
2022-02-25,"Johnson&Johnson, Moderna, Pfizer/BioNTech",6942907,6843914,13786821
2022-02-26,"Johnson&Johnson, Moderna, Pfizer/BioNTech",6942968,6844073,13787041
2022-02-27,"Johnson&Johnson, Moderna, Pfizer/BioNTech",6943002,6844148,13787150
2022-02-28,"Johnson&Johnson, Moderna, Pfizer/BioNTech",6943241,6845116,13788357
2022-03-01,"Johnson&Johnson, Moderna, Pfizer/BioNTech",6943483,6845888,13789371
2022-03-02,"Johnson&Johnson, Moderna, Novavax, Pfizer/BioNTech",6943819,6846794,13790613
2022-03-03,"Johnson&Johnson, Moderna, Novavax, Pfizer/BioNTech",6944142,6847735,13791877
2022-03-04,"Johnson&Johnson, Moderna, Novavax, Pfizer/BioNTech",6944758,6848946,13793704
2022-03-05,"Johnson&Johnson, Moderna, Novavax, Pfizer/BioNTech",6944835,6849037,13793872
2022-03-06,"Moderna, Novavax, Pfizer/BioNTech",6944846,6849054,13793900
2022-03-07,"Johnson&Johnson, Moderna, Novavax, Pfizer/BioNTech",6945183,6849609,13794792
2022-03-08,"Johnson&Johnson, Moderna, Novavax, Pfizer/BioNTech",6945519,6850145,13795664
2022-03-09,"Johnson&Johnson, Moderna, Novavax, Pfizer/BioNTech",6945899,6850722,13796621
2022-03-10,"Johnson&Johnson, Moderna, Novavax, Pfizer/BioNTech",6946299,6851388,13797687
2022-03-11,"Johnson&Johnson, Moderna, Novavax, Pfizer/BioNTech",6947030,6852291,13799321
2022-03-12,"Johnson&Johnson, Moderna, Novavax, Pfizer/BioNTech",6947098,6852396,13799494
2022-03-13,"Johnson&Johnson, Moderna, Novavax, Pfizer/BioNTech",6947111,6852414,13799525
2022-03-14,"Johnson&Johnson, Moderna, Novavax, Pfizer/BioNTech",6947369,6852786,13800155
2022-03-15,"Johnson&Johnson, Moderna, Novavax, Pfizer/BioNTech",6947643,6853221,13800864
2022-03-16,"Johnson&Johnson, Moderna, Novavax, Pfizer/BioNTech",6947950,6853744,13801694
2022-03-17,"Johnson&Johnson, Moderna, Novavax, Oxford/AstraZeneca, Pfizer/BioNTech",6948231,6854161,13802392
2022-03-18,"Johnson&Johnson, Moderna, Novavax, Pfizer/BioNTech",6948882,6854906,13803788
