date,vaccine,people_vaccinated,people_fully_vaccinated,total_vaccinations
2020-12-27,Pfizer/BioNTech,1284,0,1284
2020-12-28,Pfizer/BioNTech,3588,0,3588
2020-12-29,Pfizer/BioNTech,7051,1,7052
2020-12-30,Pfizer/BioNTech,10572,1,10573
2020-12-31,Pfizer/BioNTech,11879,1,11880
2021-01-01,"Moderna, Pfizer/BioNTech",12149,1,12150
2021-01-02,"Moderna, Pfizer/BioNTech",13430,1,13431
2021-01-03,"Moderna, Pfizer/BioNTech",14355,1,14356
2021-01-04,"Moderna, Pfizer/BioNTech",17972,1,17973
2021-01-05,"Moderna, Pfizer/BioNTech",22500,3,22503
2021-01-06,"Moderna, Pfizer/BioNTech",28347,4,28351
2021-01-07,"Moderna, Pfizer/BioNTech",36340,4,36344
2021-01-08,"Moderna, Pfizer/BioNTech",46393,5,46398
2021-01-09,"Moderna, Pfizer/BioNTech",48419,6,48425
2021-01-10,Pfizer/BioNTech,50189,8,50197
2021-01-11,"Moderna, Pfizer/BioNTech",60047,10,60057
2021-01-12,"Moderna, Pfizer/BioNTech",73501,12,73513
2021-01-13,"Moderna, Pfizer/BioNTech",87052,12,87064
2021-01-14,"Moderna, Pfizer/BioNTech",102302,16,102318
2021-01-15,"Moderna, Pfizer/BioNTech",116322,17,116339
2021-01-16,"Moderna, Pfizer/BioNTech",119725,21,119746
2021-01-17,"Moderna, Pfizer/BioNTech",122346,655,123001
2021-01-18,"Moderna, Pfizer/BioNTech",134840,2481,137321
2021-01-19,"Moderna, Pfizer/BioNTech",147453,5204,152657
2021-01-20,"Moderna, Pfizer/BioNTech",161148,7867,169015
2021-01-21,"Moderna, Pfizer/BioNTech",176803,9610,186413
2021-01-22,"Moderna, Pfizer/BioNTech",191695,10653,202348
2021-01-23,"Moderna, Pfizer/BioNTech",195016,11532,206548
2021-01-24,"Moderna, Pfizer/BioNTech",197272,12401,209673
2021-01-25,"Moderna, Pfizer/BioNTech",206924,15378,222302
2021-01-26,"Moderna, Pfizer/BioNTech",217473,19371,236844
2021-01-27,"Moderna, Pfizer/BioNTech",226505,23906,250411
2021-01-28,"Moderna, Pfizer/BioNTech",233608,30032,263640
2021-01-29,"Moderna, Pfizer/BioNTech",239826,37939,277765
2021-01-30,"Moderna, Pfizer/BioNTech",240567,39027,279594
2021-01-31,"Moderna, Pfizer/BioNTech",241283,40209,281492
2021-02-01,"Moderna, Pfizer/BioNTech",245263,48177,293440
2021-02-02,"Moderna, Pfizer/BioNTech",249415,58416,307831
2021-02-03,"Moderna, Pfizer/BioNTech",253841,69439,323280
2021-02-04,"Moderna, Pfizer/BioNTech",258748,82431,341179
2021-02-05,"Moderna, Pfizer/BioNTech",264220,93102,357322
2021-02-06,"Moderna, Oxford/AstraZeneca, Pfizer/BioNTech",265076,95469,360545
2021-02-07,"Moderna, Oxford/AstraZeneca, Pfizer/BioNTech",265927,97969,363896
2021-02-08,"Moderna, Oxford/AstraZeneca, Pfizer/BioNTech",270020,109406,379426
2021-02-09,"Moderna, Oxford/AstraZeneca, Pfizer/BioNTech",275128,121319,396447
2021-02-10,"Moderna, Oxford/AstraZeneca, Pfizer/BioNTech",280643,134581,415224
2021-02-11,"Moderna, Oxford/AstraZeneca, Pfizer/BioNTech",286982,150805,437787
2021-02-12,"Moderna, Oxford/AstraZeneca, Pfizer/BioNTech",293811,165547,459358
2021-02-13,"Moderna, Oxford/AstraZeneca, Pfizer/BioNTech",295426,168536,463962
2021-02-14,"Moderna, Oxford/AstraZeneca, Pfizer/BioNTech",296430,169922,466352
2021-02-15,"Moderna, Oxford/AstraZeneca, Pfizer/BioNTech",302827,179293,482120
2021-02-16,"Moderna, Oxford/AstraZeneca, Pfizer/BioNTech",311548,188377,499925
2021-02-17,"Moderna, Oxford/AstraZeneca, Pfizer/BioNTech",321247,196686,517933
2021-02-18,"Moderna, Oxford/AstraZeneca, Pfizer/BioNTech",333578,204770,538348
2021-02-19,"Moderna, Oxford/AstraZeneca, Pfizer/BioNTech",345443,212150,557593
2021-02-20,"Moderna, Oxford/AstraZeneca, Pfizer/BioNTech",347452,213336,560788
2021-02-21,"Moderna, Oxford/AstraZeneca, Pfizer/BioNTech",348588,214361,562949
2021-02-22,"Moderna, Oxford/AstraZeneca, Pfizer/BioNTech",358714,220396,579110
2021-02-23,"Moderna, Oxford/AstraZeneca, Pfizer/BioNTech",371681,227388,599069
2021-02-24,"Moderna, Oxford/AstraZeneca, Pfizer/BioNTech",385564,233428,618992
2021-02-25,"Moderna, Oxford/AstraZeneca, Pfizer/BioNTech",403546,238979,642525
2021-02-26,"Moderna, Oxford/AstraZeneca, Pfizer/BioNTech",419725,244340,664065
2021-02-27,"Moderna, Oxford/AstraZeneca, Pfizer/BioNTech",422735,244899,667634
2021-02-28,"Moderna, Oxford/AstraZeneca, Pfizer/BioNTech",425093,245451,670544
2021-03-01,"Moderna, Oxford/AstraZeneca, Pfizer/BioNTech",444690,248902,693592
2021-03-02,"Moderna, Oxford/AstraZeneca, Pfizer/BioNTech",471919,252451,724370
2021-03-03,"Moderna, Oxford/AstraZeneca, Pfizer/BioNTech",502875,256962,759837
2021-03-04,"Moderna, Oxford/AstraZeneca, Pfizer/BioNTech",536171,261652,797823
2021-03-05,"Johnson&Johnson, Moderna, Oxford/AstraZeneca, Pfizer/BioNTech",565021,267076,832097
2021-03-06,"Johnson&Johnson, Moderna, Oxford/AstraZeneca, Pfizer/BioNTech",577176,267941,845117
2021-03-07,"Johnson&Johnson, Moderna, Oxford/AstraZeneca, Pfizer/BioNTech",588725,268783,857508
2021-03-08,"Johnson&Johnson, Moderna, Oxford/AstraZeneca, Pfizer/BioNTech",618478,273645,892123
2021-03-09,"Johnson&Johnson, Moderna, Oxford/AstraZeneca, Pfizer/BioNTech",654843,280031,934874
2021-03-10,"Johnson&Johnson, Moderna, Oxford/AstraZeneca, Pfizer/BioNTech",696179,286991,983170
2021-03-11,"Johnson&Johnson, Moderna, Oxford/AstraZeneca, Pfizer/BioNTech",741030,295364,1036394
2021-03-12,"Johnson&Johnson, Moderna, Oxford/AstraZeneca, Pfizer/BioNTech",779800,303861,1083661
2021-03-13,"Johnson&Johnson, Moderna, Oxford/AstraZeneca, Pfizer/BioNTech",796906,305176,1102082
2021-03-14,"Johnson&Johnson, Moderna, Oxford/AstraZeneca, Pfizer/BioNTech",809025,306332,1115357
2021-03-15,"Johnson&Johnson, Moderna, Oxford/AstraZeneca, Pfizer/BioNTech",837412,315112,1152524
2021-03-16,"Johnson&Johnson, Moderna, Oxford/AstraZeneca, Pfizer/BioNTech",876302,325651,1201953
2021-03-17,"Moderna, Oxford/AstraZeneca, Pfizer/BioNTech",913793,336163,1249956
2021-03-18,"Johnson&Johnson, Moderna, Oxford/AstraZeneca, Pfizer/BioNTech",951799,348587,1300386
2021-03-19,"Moderna, Oxford/AstraZeneca, Pfizer/BioNTech",986313,362201,1348514
2021-03-20,"Johnson&Johnson, Moderna, Oxford/AstraZeneca, Pfizer/BioNTech",1001497,364233,1365730
2021-03-21,"Johnson&Johnson, Moderna, Oxford/AstraZeneca, Pfizer/BioNTech",1008939,365793,1374732
2021-03-22,"Johnson&Johnson, Moderna, Oxford/AstraZeneca, Pfizer/BioNTech",1033526,378296,1411822
2021-03-23,"Johnson&Johnson, Moderna, Oxford/AstraZeneca, Pfizer/BioNTech",1060199,391662,1451861
2021-03-24,"Johnson&Johnson, Moderna, Oxford/AstraZeneca, Pfizer/BioNTech",1087083,407408,1494491
2021-03-25,"Johnson&Johnson, Moderna, Oxford/AstraZeneca, Pfizer/BioNTech",1113440,425264,1538704
2021-03-26,"Johnson&Johnson, Moderna, Oxford/AstraZeneca, Pfizer/BioNTech",1138281,442775,1581056
2021-03-27,"Johnson&Johnson, Moderna, Oxford/AstraZeneca, Pfizer/BioNTech",1146737,447620,1594357
2021-03-28,"Moderna, Oxford/AstraZeneca, Pfizer/BioNTech",1152286,451768,1604054
2021-03-29,"Johnson&Johnson, Moderna, Oxford/AstraZeneca, Pfizer/BioNTech",1171439,472505,1643944
2021-03-30,"Johnson&Johnson, Moderna, Oxford/AstraZeneca, Pfizer/BioNTech",1196149,494687,1690836
2021-03-31,"Johnson&Johnson, Moderna, Oxford/AstraZeneca, Pfizer/BioNTech",1219308,521758,1741066
2021-04-01,"Johnson&Johnson, Moderna, Oxford/AstraZeneca, Pfizer/BioNTech",1244989,553821,1798810
2021-04-02,"Johnson&Johnson, Moderna, Oxford/AstraZeneca, Pfizer/BioNTech",1251960,566623,1818583
2021-04-03,"Johnson&Johnson, Moderna, Oxford/AstraZeneca, Pfizer/BioNTech",1255609,577553,1833162
2021-04-04,"Johnson&Johnson, Moderna, Oxford/AstraZeneca, Pfizer/BioNTech",1258147,586478,1844625
2021-04-05,"Johnson&Johnson, Moderna, Oxford/AstraZeneca, Pfizer/BioNTech",1260574,593678,1854252
2021-04-06,"Johnson&Johnson, Moderna, Oxford/AstraZeneca, Pfizer/BioNTech",1276787,622957,1899744
2021-04-07,"Johnson&Johnson, Moderna, Oxford/AstraZeneca, Pfizer/BioNTech",1300283,645202,1945485
2021-04-08,"Johnson&Johnson, Moderna, Oxford/AstraZeneca, Pfizer/BioNTech",1339084,676249,2015333
2021-04-09,"Johnson&Johnson, Moderna, Oxford/AstraZeneca, Pfizer/BioNTech",1378682,706446,2085128
2021-04-10,"Johnson&Johnson, Moderna, Oxford/AstraZeneca, Pfizer/BioNTech",1394242,721757,2115999
2021-04-11,"Johnson&Johnson, Moderna, Oxford/AstraZeneca, Pfizer/BioNTech",1404045,731811,2135856
2021-04-12,"Johnson&Johnson, Moderna, Oxford/AstraZeneca, Pfizer/BioNTech",1442373,756952,2199325
2021-04-13,"Moderna, Oxford/AstraZeneca, Pfizer/BioNTech",1478677,782991,2261668
2021-04-14,"Moderna, Oxford/AstraZeneca, Pfizer/BioNTech",1517559,810363,2327922
2021-04-15,"Moderna, Oxford/AstraZeneca, Pfizer/BioNTech",1565390,836140,2401530
2021-04-16,"Moderna, Oxford/AstraZeneca, Pfizer/BioNTech",1610095,861824,2471919
2021-04-17,"Moderna, Oxford/AstraZeneca, Pfizer/BioNTech",1626818,870853,2497671
2021-04-18,"Moderna, Oxford/AstraZeneca, Pfizer/BioNTech",1639818,875840,2515658
2021-04-19,"Moderna, Oxford/AstraZeneca, Pfizer/BioNTech",1683789,891287,2575076
2021-04-20,"Johnson&Johnson, Moderna, Oxford/AstraZeneca, Pfizer/BioNTech",1726383,907173,2633556
2021-04-21,"Moderna, Oxford/AstraZeneca, Pfizer/BioNTech",1774162,921543,2695705
2021-04-22,"Johnson&Johnson, Moderna, Oxford/AstraZeneca, Pfizer/BioNTech",1828688,938943,2767631
2021-04-23,"Johnson&Johnson, Moderna, Oxford/AstraZeneca, Pfizer/BioNTech",1878707,951010,2829717
2021-04-24,"Johnson&Johnson, Moderna, Oxford/AstraZeneca, Pfizer/BioNTech",1896581,956274,2852855
2021-04-25,"Johnson&Johnson, Moderna, Oxford/AstraZeneca, Pfizer/BioNTech",1911292,960274,2871566
2021-04-26,"Johnson&Johnson, Moderna, Oxford/AstraZeneca, Pfizer/BioNTech",1960913,967841,2928754
2021-04-27,"Johnson&Johnson, Moderna, Oxford/AstraZeneca, Pfizer/BioNTech",2009913,980094,2990007
2021-04-28,"Johnson&Johnson, Moderna, Oxford/AstraZeneca, Pfizer/BioNTech",2068704,994125,3062829
2021-04-29,"Johnson&Johnson, Moderna, Oxford/AstraZeneca, Pfizer/BioNTech",2134325,1010044,3144369
2021-04-30,"Johnson&Johnson, Moderna, Oxford/AstraZeneca, Pfizer/BioNTech",2196626,1020038,3216664
2021-05-01,"Johnson&Johnson, Moderna, Oxford/AstraZeneca, Pfizer/BioNTech",2216011,1023501,3239512
2021-05-02,"Johnson&Johnson, Moderna, Oxford/AstraZeneca, Pfizer/BioNTech",2234963,1025789,3260752
2021-05-03,"Johnson&Johnson, Moderna, Oxford/AstraZeneca, Pfizer/BioNTech",2302255,1030870,3333125
2021-05-04,"Johnson&Johnson, Moderna, Oxford/AstraZeneca, Pfizer/BioNTech",2368810,1039243,3408053
2021-05-05,"Johnson&Johnson, Moderna, Oxford/AstraZeneca, Pfizer/BioNTech",2442041,1048689,3490730
2021-05-06,"Johnson&Johnson, Moderna, Oxford/AstraZeneca, Pfizer/BioNTech",2522503,1059441,3581944
2021-05-07,"Johnson&Johnson, Moderna, Oxford/AstraZeneca, Pfizer/BioNTech",2599852,1069582,3669434
2021-05-08,"Johnson&Johnson, Moderna, Oxford/AstraZeneca, Pfizer/BioNTech",2629370,1071370,3700740
2021-05-09,"Johnson&Johnson, Moderna, Oxford/AstraZeneca, Pfizer/BioNTech",2653620,1072592,3726212
2021-05-10,"Johnson&Johnson, Moderna, Oxford/AstraZeneca, Pfizer/BioNTech",2726455,1079839,3806294
2021-05-11,"Johnson&Johnson, Moderna, Oxford/AstraZeneca, Pfizer/BioNTech",2802617,1088672,3891289
2021-05-12,"Johnson&Johnson, Moderna, Oxford/AstraZeneca, Pfizer/BioNTech",2882575,1097813,3980388
2021-05-13,"Johnson&Johnson, Moderna, Oxford/AstraZeneca, Pfizer/BioNTech",2966642,1107002,4073644
2021-05-14,"Johnson&Johnson, Moderna, Oxford/AstraZeneca, Pfizer/BioNTech",3046186,1114828,4161014
2021-05-15,"Johnson&Johnson, Moderna, Oxford/AstraZeneca, Pfizer/BioNTech",3078158,1117108,4195266
2021-05-16,"Johnson&Johnson, Moderna, Oxford/AstraZeneca, Pfizer/BioNTech",3103981,1118390,4222371
2021-05-17,"Johnson&Johnson, Moderna, Oxford/AstraZeneca, Pfizer/BioNTech",3176542,1125144,4301686
2021-05-18,"Johnson&Johnson, Moderna, Oxford/AstraZeneca, Pfizer/BioNTech",3248532,1138264,4386796
2021-05-19,"Johnson&Johnson, Moderna, Oxford/AstraZeneca, Pfizer/BioNTech",3326040,1153439,4479479
2021-05-20,"Johnson&Johnson, Moderna, Oxford/AstraZeneca, Pfizer/BioNTech",3401561,1180507,4582068
2021-05-21,"Johnson&Johnson, Moderna, Oxford/AstraZeneca, Pfizer/BioNTech",3470431,1208313,4678744
2021-05-22,"Johnson&Johnson, Moderna, Oxford/AstraZeneca, Pfizer/BioNTech",3502890,1219542,4722432
2021-05-23,"Johnson&Johnson, Moderna, Oxford/AstraZeneca, Pfizer/BioNTech",3525335,1228589,4753924
2021-05-24,"Johnson&Johnson, Moderna, Oxford/AstraZeneca, Pfizer/BioNTech",3572536,1262277,4834813
2021-05-25,"Johnson&Johnson, Moderna, Oxford/AstraZeneca, Pfizer/BioNTech",3624457,1298129,4922586
2021-05-26,"Johnson&Johnson, Moderna, Oxford/AstraZeneca, Pfizer/BioNTech",3692256,1335684,5027940
2021-05-27,"Johnson&Johnson, Moderna, Oxford/AstraZeneca, Pfizer/BioNTech",3753712,1383058,5136770
2021-05-28,"Johnson&Johnson, Moderna, Oxford/AstraZeneca, Pfizer/BioNTech",3815497,1429671,5245168
2021-05-29,"Johnson&Johnson, Moderna, Oxford/AstraZeneca, Pfizer/BioNTech",3844762,1446806,5291568
2021-05-30,"Johnson&Johnson, Moderna, Oxford/AstraZeneca, Pfizer/BioNTech",3867186,1461271,5328457
2021-05-31,"Johnson&Johnson, Moderna, Oxford/AstraZeneca, Pfizer/BioNTech",3922962,1508812,5431774
2021-06-01,"Johnson&Johnson, Moderna, Oxford/AstraZeneca, Pfizer/BioNTech",3982064,1557698,5539762
2021-06-02,"Johnson&Johnson, Moderna, Oxford/AstraZeneca, Pfizer/BioNTech",4045036,1611729,5656765
2021-06-03,"Johnson&Johnson, Moderna, Oxford/AstraZeneca, Pfizer/BioNTech",4103305,1671979,5775284
2021-06-04,"Johnson&Johnson, Moderna, Oxford/AstraZeneca, Pfizer/BioNTech",4166442,1729420,5895862
2021-06-05,"Johnson&Johnson, Moderna, Oxford/AstraZeneca, Pfizer/BioNTech",4200639,1748343,5948982
2021-06-06,"Johnson&Johnson, Moderna, Oxford/AstraZeneca, Pfizer/BioNTech",4227607,1763519,5991126
2021-06-07,"Johnson&Johnson, Moderna, Oxford/AstraZeneca, Pfizer/BioNTech",4291302,1819182,6110484
2021-06-08,"Johnson&Johnson, Moderna, Oxford/AstraZeneca, Pfizer/BioNTech",4355320,1874215,6229535
2021-06-09,"Johnson&Johnson, Moderna, Oxford/AstraZeneca, Pfizer/BioNTech",4414543,1938929,6353472
2021-06-10,"Johnson&Johnson, Moderna, Oxford/AstraZeneca, Pfizer/BioNTech",4468417,2010263,6478680
2021-06-11,"Johnson&Johnson, Moderna, Oxford/AstraZeneca, Pfizer/BioNTech",4520549,2080126,6600675
2021-06-12,"Johnson&Johnson, Moderna, Oxford/AstraZeneca, Pfizer/BioNTech",4552593,2100972,6653565
2021-06-13,"Johnson&Johnson, Moderna, Oxford/AstraZeneca, Pfizer/BioNTech",4576633,2119418,6696051
2021-06-14,"Johnson&Johnson, Moderna, Oxford/AstraZeneca, Pfizer/BioNTech",4619734,2193847,6813581
2021-06-15,"Johnson&Johnson, Moderna, Oxford/AstraZeneca, Pfizer/BioNTech",4664414,2266260,6930674
2021-06-16,"Johnson&Johnson, Moderna, Oxford/AstraZeneca, Pfizer/BioNTech",4707220,2344541,7051761
2021-06-17,"Johnson&Johnson, Moderna, Oxford/AstraZeneca, Pfizer/BioNTech",4746654,2427678,7174332
2021-06-18,"Johnson&Johnson, Moderna, Oxford/AstraZeneca, Pfizer/BioNTech",4789104,2508286,7297390
2021-06-19,"Johnson&Johnson, Moderna, Oxford/AstraZeneca, Pfizer/BioNTech",4810900,2537623,7348523
2021-06-20,"Johnson&Johnson, Moderna, Oxford/AstraZeneca, Pfizer/BioNTech",4828305,2561510,7389815
2021-06-21,"Johnson&Johnson, Moderna, Oxford/AstraZeneca, Pfizer/BioNTech",4860819,2640168,7500987
2021-06-22,"Johnson&Johnson, Moderna, Oxford/AstraZeneca, Pfizer/BioNTech",4893786,2722517,7616303
2021-06-23,"Johnson&Johnson, Moderna, Oxford/AstraZeneca, Pfizer/BioNTech",4925496,2807791,7733287
2021-06-24,"Johnson&Johnson, Moderna, Oxford/AstraZeneca, Pfizer/BioNTech",4955362,2897856,7853218
2021-06-25,"Johnson&Johnson, Moderna, Oxford/AstraZeneca, Pfizer/BioNTech",4986459,2984110,7970569
2021-06-26,"Johnson&Johnson, Moderna, Oxford/AstraZeneca, Pfizer/BioNTech",5002371,3019004,8021375
2021-06-27,"Johnson&Johnson, Moderna, Oxford/AstraZeneca, Pfizer/BioNTech",5016338,3045729,8062067
2021-06-28,"Johnson&Johnson, Moderna, Oxford/AstraZeneca, Pfizer/BioNTech",5044750,3130976,8175726
2021-06-29,"Johnson&Johnson, Moderna, Oxford/AstraZeneca, Pfizer/BioNTech",5074041,3217534,8291575
2021-06-30,"Johnson&Johnson, Moderna, Oxford/AstraZeneca, Pfizer/BioNTech",5101556,3308599,8410155
2021-07-01,"Johnson&Johnson, Moderna, Oxford/AstraZeneca, Pfizer/BioNTech",5125544,3398729,8524273
2021-07-02,"Johnson&Johnson, Moderna, Oxford/AstraZeneca, Pfizer/BioNTech",5152283,3484685,8636968
2021-07-03,"Johnson&Johnson, Moderna, Oxford/AstraZeneca, Pfizer/BioNTech",5159396,3516262,8675658
2021-07-04,"Johnson&Johnson, Moderna, Oxford/AstraZeneca, Pfizer/BioNTech",5166979,3538084,8705063
2021-07-05,"Johnson&Johnson, Moderna, Oxford/AstraZeneca, Pfizer/BioNTech",5174389,3563496,8737885
2021-07-06,"Johnson&Johnson, Moderna, Oxford/AstraZeneca, Pfizer/BioNTech",5179852,3591221,8771073
2021-07-07,"Johnson&Johnson, Moderna, Oxford/AstraZeneca, Pfizer/BioNTech",5205677,3670265,8875942
2021-07-08,"Johnson&Johnson, Moderna, Oxford/AstraZeneca, Pfizer/BioNTech",5232292,3740633,8972925
2021-07-09,"Johnson&Johnson, Moderna, Oxford/AstraZeneca, Pfizer/BioNTech",5260232,3809999,9070231
2021-07-10,"Johnson&Johnson, Moderna, Oxford/AstraZeneca, Pfizer/BioNTech",5269602,3838682,9108284
2021-07-11,"Johnson&Johnson, Moderna, Oxford/AstraZeneca, Pfizer/BioNTech",5278151,3861586,9139737
2021-07-12,"Johnson&Johnson, Moderna, Oxford/AstraZeneca, Pfizer/BioNTech",5305681,3930704,9236385
2021-07-13,"Johnson&Johnson, Moderna, Oxford/AstraZeneca, Pfizer/BioNTech",5331885,4000604,9332489
2021-07-14,"Johnson&Johnson, Moderna, Oxford/AstraZeneca, Pfizer/BioNTech",5357715,4072638,9430353
2021-07-15,"Johnson&Johnson, Moderna, Oxford/AstraZeneca, Pfizer/BioNTech",5386898,4138686,9525584
2021-07-16,"Johnson&Johnson, Moderna, Oxford/AstraZeneca, Pfizer/BioNTech",5414819,4211459,9626278
2021-07-17,"Johnson&Johnson, Moderna, Oxford/AstraZeneca, Pfizer/BioNTech",5423624,4242944,9666568
2021-07-18,"Johnson&Johnson, Moderna, Oxford/AstraZeneca, Pfizer/BioNTech",5432069,4268967,9701036
2021-07-19,"Johnson&Johnson, Moderna, Oxford/AstraZeneca, Pfizer/BioNTech",5455431,4336023,9791454
2021-07-20,"Johnson&Johnson, Moderna, Oxford/AstraZeneca, Pfizer/BioNTech",5476836,4403110,9879946
2021-07-21,"Johnson&Johnson, Moderna, Oxford/AstraZeneca, Pfizer/BioNTech",5500286,4466586,9966872
2021-07-22,"Johnson&Johnson, Moderna, Oxford/AstraZeneca, Pfizer/BioNTech",5522662,4525236,10047898
2021-07-23,"Johnson&Johnson, Moderna, Oxford/AstraZeneca, Pfizer/BioNTech",5545886,4580006,10125892
2021-07-24,"Johnson&Johnson, Moderna, Oxford/AstraZeneca, Pfizer/BioNTech",5553223,4607707,10160930
2021-07-25,"Johnson&Johnson, Moderna, Oxford/AstraZeneca, Pfizer/BioNTech",5559856,4629856,10189712
2021-07-26,"Johnson&Johnson, Moderna, Oxford/AstraZeneca, Pfizer/BioNTech",5583408,4678564,10261972
2021-07-27,"Johnson&Johnson, Moderna, Oxford/AstraZeneca, Pfizer/BioNTech",5606149,4725216,10331365
2021-07-28,"Johnson&Johnson, Moderna, Oxford/AstraZeneca, Pfizer/BioNTech",5627417,4771237,10398654
2021-07-29,"Johnson&Johnson, Moderna, Oxford/AstraZeneca, Pfizer/BioNTech",5648747,4813223,10461970
2021-07-30,"Johnson&Johnson, Moderna, Oxford/AstraZeneca, Pfizer/BioNTech",5672025,4855812,10527837
2021-07-31,"Johnson&Johnson, Moderna, Oxford/AstraZeneca, Pfizer/BioNTech",5680968,4875356,10556324
2021-08-01,"Johnson&Johnson, Moderna, Oxford/AstraZeneca, Pfizer/BioNTech",5687697,4891545,10579242
2021-08-02,"Johnson&Johnson, Moderna, Oxford/AstraZeneca, Pfizer/BioNTech",5706336,4929111,10635447
2021-08-03,"Johnson&Johnson, Moderna, Oxford/AstraZeneca, Pfizer/BioNTech",5723982,4967235,10691217
2021-08-04,"Johnson&Johnson, Moderna, Oxford/AstraZeneca, Pfizer/BioNTech",5740095,5004001,10744096
2021-08-05,"Johnson&Johnson, Moderna, Oxford/AstraZeneca, Pfizer/BioNTech",5756139,5044502,10800641
2021-08-06,"Johnson&Johnson, Moderna, Oxford/AstraZeneca, Pfizer/BioNTech",5772924,5087798,10860722
2021-08-07,"Johnson&Johnson, Moderna, Oxford/AstraZeneca, Pfizer/BioNTech",5778522,5105993,10884515
2021-08-08,"Johnson&Johnson, Moderna, Oxford/AstraZeneca, Pfizer/BioNTech",5782886,5121756,10904642
2021-08-09,"Johnson&Johnson, Moderna, Oxford/AstraZeneca, Pfizer/BioNTech",5795525,5166823,10962348
2021-08-10,"Johnson&Johnson, Moderna, Oxford/AstraZeneca, Pfizer/BioNTech",5807367,5206401,11013768
2021-08-11,"Johnson&Johnson, Moderna, Oxford/AstraZeneca, Pfizer/BioNTech",5818720,5249533,11068253
2021-08-12,"Johnson&Johnson, Moderna, Oxford/AstraZeneca, Pfizer/BioNTech",5830145,5286669,11116814
2021-08-13,"Johnson&Johnson, Moderna, Oxford/AstraZeneca, Pfizer/BioNTech",5840868,5327015,11167883
2021-08-14,"Johnson&Johnson, Moderna, Oxford/AstraZeneca, Pfizer/BioNTech",5844202,5337729,11181931
2021-08-15,"Johnson&Johnson, Moderna, Oxford/AstraZeneca, Pfizer/BioNTech",5846786,5348110,11194896
2021-08-16,"Johnson&Johnson, Moderna, Oxford/AstraZeneca, Pfizer/BioNTech",5856576,5382182,11238758
2021-08-17,"Johnson&Johnson, Moderna, Oxford/AstraZeneca, Pfizer/BioNTech",5866170,5409276,11275446
2021-08-18,"Johnson&Johnson, Moderna, Oxford/AstraZeneca, Pfizer/BioNTech",5875548,5448153,11323701
2021-08-19,"Johnson&Johnson, Moderna, Oxford/AstraZeneca, Pfizer/BioNTech",5885219,5486503,11371722
2021-08-20,"Johnson&Johnson, Moderna, Oxford/AstraZeneca, Pfizer/BioNTech",5896605,5526688,11423293
2021-08-21,"Johnson&Johnson, Moderna, Oxford/AstraZeneca, Pfizer/BioNTech",5899325,5539453,11438778
2021-08-22,"Johnson&Johnson, Moderna, Oxford/AstraZeneca, Pfizer/BioNTech",5901669,5551420,11453089
2021-08-23,"Johnson&Johnson, Moderna, Oxford/AstraZeneca, Pfizer/BioNTech",5912197,5590692,11502889
2021-08-24,"Johnson&Johnson, Moderna, Oxford/AstraZeneca, Pfizer/BioNTech",5922070,5623940,11546010
2021-08-25,"Johnson&Johnson, Moderna, Oxford/AstraZeneca, Pfizer/BioNTech",5930936,5652316,11583252
2021-08-26,"Johnson&Johnson, Moderna, Oxford/AstraZeneca, Pfizer/BioNTech",5939387,5678444,11617831
2021-08-27,"Johnson&Johnson, Moderna, Oxford/AstraZeneca, Pfizer/BioNTech",5949713,5704412,11654125
2021-08-28,"Johnson&Johnson, Moderna, Oxford/AstraZeneca, Pfizer/BioNTech",5952442,5711465,11663907
2021-08-29,"Johnson&Johnson, Moderna, Oxford/AstraZeneca, Pfizer/BioNTech",5954854,5718085,11672939
2021-08-30,"Johnson&Johnson, Moderna, Oxford/AstraZeneca, Pfizer/BioNTech",5963381,5739961,11703342
2021-08-31,"Johnson&Johnson, Moderna, Oxford/AstraZeneca, Pfizer/BioNTech",5971058,5758056,11729114
2021-09-01,"Johnson&Johnson, Moderna, Oxford/AstraZeneca, Pfizer/BioNTech",5976952,5772057,11749009
2021-09-02,"Johnson&Johnson, Moderna, Oxford/AstraZeneca, Pfizer/BioNTech",5983791,5786447,11770238
2021-09-03,"Johnson&Johnson, Moderna, Oxford/AstraZeneca, Pfizer/BioNTech",5993350,5802167,11795517
2021-09-04,"Johnson&Johnson, Moderna, Oxford/AstraZeneca, Pfizer/BioNTech",5995418,5805721,11801139
2021-09-05,"Johnson&Johnson, Moderna, Oxford/AstraZeneca, Pfizer/BioNTech",5997457,5808565,11806022
2021-09-06,"Johnson&Johnson, Moderna, Oxford/AstraZeneca, Pfizer/BioNTech",6003695,5821102,11824797
2021-09-07,"Johnson&Johnson, Moderna, Oxford/AstraZeneca, Pfizer/BioNTech",6008089,5832195,11840284
2021-09-08,"Johnson&Johnson, Moderna, Oxford/AstraZeneca, Pfizer/BioNTech",6013763,5842042,11855805
2021-09-09,"Johnson&Johnson, Moderna, Oxford/AstraZeneca, Pfizer/BioNTech",6020458,5852110,11872568
2021-09-10,"Johnson&Johnson, Moderna, Oxford/AstraZeneca, Pfizer/BioNTech",6028151,5864283,11892434
2021-09-11,"Johnson&Johnson, Moderna, Oxford/AstraZeneca, Pfizer/BioNTech",6030016,5866765,11896781
2021-09-12,"Johnson&Johnson, Moderna, Oxford/AstraZeneca, Pfizer/BioNTech",6031134,5868397,11899531
2021-09-13,"Johnson&Johnson, Moderna, Oxford/AstraZeneca, Pfizer/BioNTech",6036561,5878693,11915254
2021-09-14,"Johnson&Johnson, Moderna, Oxford/AstraZeneca, Pfizer/BioNTech",6041956,5887710,11929666
2021-09-15,"Johnson&Johnson, Moderna, Oxford/AstraZeneca, Pfizer/BioNTech",6047158,5896234,11943392
2021-09-16,"Johnson&Johnson, Moderna, Oxford/AstraZeneca, Pfizer/BioNTech",6052504,5904506,11957010
2021-09-17,"Johnson&Johnson, Moderna, Oxford/AstraZeneca, Pfizer/BioNTech",6059071,5914736,11973807
2021-09-18,"Johnson&Johnson, Moderna, Oxford/AstraZeneca, Pfizer/BioNTech",6060798,5917094,11977892
2021-09-19,"Johnson&Johnson, Moderna, Oxford/AstraZeneca, Pfizer/BioNTech",6061744,5918661,11980405
2021-09-20,"Johnson&Johnson, Moderna, Oxford/AstraZeneca, Pfizer/BioNTech",6065759,5926855,11992614
2021-09-21,"Johnson&Johnson, Moderna, Oxford/AstraZeneca, Pfizer/BioNTech",6069992,5934385,12004377
2021-09-22,"Johnson&Johnson, Moderna, Oxford/AstraZeneca, Pfizer/BioNTech",6074178,5939895,12014073
2021-09-23,"Johnson&Johnson, Moderna, Oxford/AstraZeneca, Pfizer/BioNTech",6079152,5946299,12025451
2021-09-24,"Johnson&Johnson, Moderna, Oxford/AstraZeneca, Pfizer/BioNTech",6084910,5955918,12040828
2021-09-25,"Johnson&Johnson, Moderna, Oxford/AstraZeneca, Pfizer/BioNTech",6086407,5957917,12044324
2021-09-26,"Johnson&Johnson, Moderna, Oxford/AstraZeneca, Pfizer/BioNTech",6087151,5959554,12046705
2021-09-27,"Johnson&Johnson, Moderna, Oxford/AstraZeneca, Pfizer/BioNTech",6091029,5966064,12057093
2021-09-28,"Johnson&Johnson, Moderna, Pfizer/BioNTech",6091394,5966688,12058082
2021-09-29,"Johnson&Johnson, Moderna, Oxford/AstraZeneca, Pfizer/BioNTech",6095169,5974146,12069315
2021-09-30,"Johnson&Johnson, Moderna, Oxford/AstraZeneca, Pfizer/BioNTech",6099675,5981840,12081515
2021-10-01,"Johnson&Johnson, Moderna, Oxford/AstraZeneca, Pfizer/BioNTech",6103976,5989815,12093791
2021-10-02,"Johnson&Johnson, Moderna, Oxford/AstraZeneca, Pfizer/BioNTech",6105039,5991355,12096394
2021-10-03,"Johnson&Johnson, Moderna, Pfizer/BioNTech",6105762,5992222,12097984
2021-10-04,"Johnson&Johnson, Moderna, Oxford/AstraZeneca, Pfizer/BioNTech",6108839,5997788,12106627
2021-10-05,"Johnson&Johnson, Moderna, Oxford/AstraZeneca, Pfizer/BioNTech",6112002,6002870,12114872
2021-10-06,"Johnson&Johnson, Moderna, Oxford/AstraZeneca, Pfizer/BioNTech",6115521,6008040,12123561
2021-10-07,"Johnson&Johnson, Moderna, Oxford/AstraZeneca, Pfizer/BioNTech",6118801,6013296,12132097
2021-10-08,"Johnson&Johnson, Moderna, Oxford/AstraZeneca, Pfizer/BioNTech",6123594,6019932,12143526
2021-10-09,"Johnson&Johnson, Moderna, Oxford/AstraZeneca, Pfizer/BioNTech",6124837,6021589,12146426
2021-10-10,"Johnson&Johnson, Moderna, Oxford/AstraZeneca, Pfizer/BioNTech",6125780,6022420,12148200
2021-10-11,"Johnson&Johnson, Moderna, Oxford/AstraZeneca, Pfizer/BioNTech",6128710,6026833,12155543
2021-10-12,"Johnson&Johnson, Moderna, Oxford/AstraZeneca, Pfizer/BioNTech",6131639,6030836,12162475
2021-10-13,"Johnson&Johnson, Moderna, Oxford/AstraZeneca, Pfizer/BioNTech",6135170,6035017,12170187
2021-10-14,"Johnson&Johnson, Moderna, Oxford/AstraZeneca, Pfizer/BioNTech",6138841,6039964,12178805
2021-10-15,"Johnson&Johnson, Moderna, Oxford/AstraZeneca, Pfizer/BioNTech",6144070,6046108,12190178
2021-10-16,"Johnson&Johnson, Moderna, Oxford/AstraZeneca, Pfizer/BioNTech",6145484,6047633,12193117
2021-10-17,"Johnson&Johnson, Moderna, Pfizer/BioNTech",6146810,6048686,12195496
2021-10-18,"Johnson&Johnson, Moderna, Oxford/AstraZeneca, Pfizer/BioNTech",6150926,6052779,12203705
2021-10-19,"Johnson&Johnson, Moderna, Oxford/AstraZeneca, Pfizer/BioNTech",6154504,6054874,12209378
2021-10-20,"Johnson&Johnson, Moderna, Oxford/AstraZeneca, Pfizer/BioNTech",6159384,6059322,12218706
2021-10-21,"Johnson&Johnson, Moderna, Oxford/AstraZeneca, Pfizer/BioNTech",6167152,6064923,12232075
2021-10-22,"Johnson&Johnson, Moderna, Oxford/AstraZeneca, Pfizer/BioNTech",6177605,6071426,12249031
2021-10-23,"Johnson&Johnson, Moderna, Oxford/AstraZeneca, Pfizer/BioNTech",6181280,6073632,12254912
2021-10-24,"Johnson&Johnson, Moderna, Oxford/AstraZeneca, Pfizer/BioNTech",6183962,6075409,12259371
2021-10-25,"Johnson&Johnson, Moderna, Oxford/AstraZeneca, Pfizer/BioNTech",6194460,6081213,12275673
2021-10-26,"Johnson&Johnson, Moderna, Oxford/AstraZeneca, Pfizer/BioNTech",6206451,6087761,12294212
2021-10-27,"Johnson&Johnson, Moderna, Oxford/AstraZeneca, Pfizer/BioNTech",6221061,6095162,12316223
2021-10-28,"Johnson&Johnson, Moderna, Oxford/AstraZeneca, Pfizer/BioNTech",6224479,6096841,12321320
2021-10-29,"Johnson&Johnson, Moderna, Oxford/AstraZeneca, Pfizer/BioNTech",6238911,6104821,12343732
2021-10-30,"Johnson&Johnson, Moderna, Oxford/AstraZeneca, Pfizer/BioNTech",6243441,6107745,12351186
2021-10-31,"Johnson&Johnson, Moderna, Oxford/AstraZeneca, Pfizer/BioNTech",6247203,6110216,12357419
2021-11-01,"Johnson&Johnson, Moderna, Oxford/AstraZeneca, Pfizer/BioNTech",6262405,6117905,12380310
2021-11-02,"Johnson&Johnson, Moderna, Oxford/AstraZeneca, Pfizer/BioNTech",6277856,6125459,12403315
2021-11-03,"Johnson&Johnson, Moderna, Oxford/AstraZeneca, Pfizer/BioNTech",6295037,6132754,12427791
2021-11-04,"Johnson&Johnson, Moderna, Oxford/AstraZeneca, Pfizer/BioNTech",6313391,6140921,12454312
2021-11-05,"Johnson&Johnson, Moderna, Oxford/AstraZeneca, Pfizer/BioNTech",6336189,6152199,12488388
2021-11-06,"Johnson&Johnson, Moderna, Oxford/AstraZeneca, Pfizer/BioNTech",6342700,6155251,12497951
2021-11-07,"Johnson&Johnson, Moderna, Oxford/AstraZeneca, Pfizer/BioNTech",6346721,6157687,12504408
2021-11-08,"Johnson&Johnson, Moderna, Oxford/AstraZeneca, Pfizer/BioNTech",6362991,6165319,12528310
2021-11-09,"Johnson&Johnson, Moderna, Oxford/AstraZeneca, Pfizer/BioNTech",6377799,6172610,12550409
2021-11-10,"Johnson&Johnson, Moderna, Oxford/AstraZeneca, Pfizer/BioNTech",6393541,6179986,12573527
2021-11-11,"Johnson&Johnson, Moderna, Oxford/AstraZeneca, Pfizer/BioNTech",6409012,6189088,12598100
2021-11-12,"Johnson&Johnson, Moderna, Oxford/AstraZeneca, Pfizer/BioNTech",6428816,6201884,12630700
2021-11-13,"Johnson&Johnson, Moderna, Oxford/AstraZeneca, Pfizer/BioNTech",6434208,6205755,12639963
2021-11-14,"Johnson&Johnson, Moderna, Oxford/AstraZeneca, Pfizer/BioNTech",6438099,6208757,12646856
2021-11-15,"Johnson&Johnson, Moderna, Oxford/AstraZeneca, Pfizer/BioNTech",6453177,6219447,12672624
2021-11-16,"Johnson&Johnson, Moderna, Oxford/AstraZeneca, Pfizer/BioNTech",6470720,6231428,12702148
2021-11-17,"Johnson&Johnson, Moderna, Oxford/AstraZeneca, Pfizer/BioNTech",6474962,6234991,12709953
2021-11-18,"Johnson&Johnson, Moderna, Oxford/AstraZeneca, Pfizer/BioNTech",6494376,6246675,12741051
2021-11-19,"Johnson&Johnson, Moderna, Oxford/AstraZeneca, Pfizer/BioNTech",6518986,6263642,12782628
2021-11-20,"Johnson&Johnson, Moderna, Pfizer/BioNTech",6527558,6268621,12796179
2021-11-21,"Johnson&Johnson, Moderna, Pfizer/BioNTech",6534329,6272392,12806721
2021-11-22,"Johnson&Johnson, Moderna, Oxford/AstraZeneca, Pfizer/BioNTech",6552846,6286503,12839349
2021-11-23,"Johnson&Johnson, Moderna, Oxford/AstraZeneca, Pfizer/BioNTech",6571910,6299761,12871671
2021-11-24,"Johnson&Johnson, Moderna, Oxford/AstraZeneca, Pfizer/BioNTech",6590924,6315604,12906528
2021-11-25,"Johnson&Johnson, Moderna, Oxford/AstraZeneca, Pfizer/BioNTech",6610072,6330629,12940701
2021-11-26,"Johnson&Johnson, Moderna, Oxford/AstraZeneca, Pfizer/BioNTech",6631732,6349768,12981500
2021-11-27,"Johnson&Johnson, Moderna, Oxford/AstraZeneca, Pfizer/BioNTech",6639204,6355322,12994526
2021-11-28,"Johnson&Johnson, Moderna, Oxford/AstraZeneca, Pfizer/BioNTech",6642542,6358456,13000998
2021-11-29,"Johnson&Johnson, Moderna, Oxford/AstraZeneca, Pfizer/BioNTech",6657751,6372112,13029863
2021-11-30,"Johnson&Johnson, Moderna, Oxford/AstraZeneca, Pfizer/BioNTech",6670955,6383347,13054302
2021-12-01,"Johnson&Johnson, Moderna, Oxford/AstraZeneca, Pfizer/BioNTech",6684986,6395802,13080788
2021-12-02,"Johnson&Johnson, Moderna, Oxford/AstraZeneca, Pfizer/BioNTech",6695623,6408296,13103919
2021-12-03,"Johnson&Johnson, Moderna, Oxford/AstraZeneca, Pfizer/BioNTech",6705268,6423867,13129135
2021-12-04,"Johnson&Johnson, Moderna, Pfizer/BioNTech",6707829,6427815,13135644
2021-12-05,"Johnson&Johnson, Moderna, Oxford/AstraZeneca, Pfizer/BioNTech",6709192,6430155,13139347
2021-12-06,"Johnson&Johnson, Moderna, Oxford/AstraZeneca, Pfizer/BioNTech",6717355,6441678,13159033
2021-12-07,"Johnson&Johnson, Moderna, Oxford/AstraZeneca, Pfizer/BioNTech",6725255,6453684,13178939
2021-12-08,"Johnson&Johnson, Moderna, Oxford/AstraZeneca, Pfizer/BioNTech",6733506,6459610,13193116
2021-12-09,"Johnson&Johnson, Moderna, Oxford/AstraZeneca, Pfizer/BioNTech",6740628,6472429,13213057
2021-12-10,"Johnson&Johnson, Moderna, Oxford/AstraZeneca, Pfizer/BioNTech",6747561,6490232,13237793
2021-12-11,"Johnson&Johnson, Moderna, Pfizer/BioNTech",6749222,6495503,13244725
2021-12-12,"Johnson&Johnson, Moderna, Oxford/AstraZeneca, Pfizer/BioNTech",6750532,6499936,13250468
2021-12-13,"Johnson&Johnson, Moderna, Oxford/AstraZeneca, Pfizer/BioNTech",6756889,6513246,13270135
2021-12-14,"Johnson&Johnson, Moderna, Oxford/AstraZeneca, Pfizer/BioNTech",6763117,6526916,13290033
2021-12-15,"Johnson&Johnson, Moderna, Oxford/AstraZeneca, Pfizer/BioNTech",6769319,6540515,13309834
2021-12-16,"Johnson&Johnson, Moderna, Oxford/AstraZeneca, Pfizer/BioNTech",6776259,6555349,13331608
2021-12-17,"Johnson&Johnson, Moderna, Oxford/AstraZeneca, Pfizer/BioNTech",6784631,6572607,13357238
2021-12-18,"Johnson&Johnson, Moderna, Oxford/AstraZeneca, Pfizer/BioNTech",6787241,6578055,13365296
2021-12-19,"Johnson&Johnson, Moderna, Pfizer/BioNTech",6789013,6580558,13369571
2021-12-20,"Johnson&Johnson, Moderna, Oxford/AstraZeneca, Pfizer/BioNTech",6794852,6594622,13389474
2021-12-21,"Johnson&Johnson, Moderna, Oxford/AstraZeneca, Pfizer/BioNTech",6801521,6606610,13408131
2021-12-22,"Johnson&Johnson, Moderna, Oxford/AstraZeneca, Pfizer/BioNTech",6806581,6619655,13426236
2021-12-23,"Johnson&Johnson, Moderna, Oxford/AstraZeneca, Pfizer/BioNTech",6809448,6625256,13434704
2021-12-24,"Johnson&Johnson, Moderna, Oxford/AstraZeneca, Pfizer/BioNTech",6809494,6625356,13434850
2021-12-25,"Moderna, Pfizer/BioNTech",6809495,6625363,13434858
2021-12-26,"Moderna, Pfizer/BioNTech",6809596,6625564,13435160
2021-12-27,"Johnson&Johnson, Moderna, Pfizer/BioNTech",6813461,6635300,13448761
2021-12-28,"Johnson&Johnson, Moderna, Oxford/AstraZeneca, Pfizer/BioNTech",6818700,6643291,13461991
2021-12-29,"Johnson&Johnson, Moderna, Oxford/AstraZeneca, Pfizer/BioNTech",6822979,6651001,13473980
2021-12-30,"Johnson&Johnson, Moderna, Pfizer/BioNTech",6827282,6656429,13483711
2021-12-31,"Johnson&Johnson, Moderna, Pfizer/BioNTech",6827789,6657851,13485640
2022-01-01,"Johnson&Johnson, Moderna, Pfizer/BioNTech",6827794,6657869,13485663
2022-01-02,"Johnson&Johnson, Moderna, Pfizer/BioNTech",6828646,6659251,13487897
2022-01-03,"Johnson&Johnson, Moderna, Oxford/AstraZeneca, Pfizer/BioNTech",6832777,6668156,13500933
2022-01-04,"Johnson&Johnson, Moderna, Oxford/AstraZeneca, Pfizer/BioNTech",6837871,6675934,13513805
2022-01-05,"Johnson&Johnson, Moderna, Oxford/AstraZeneca, Pfizer/BioNTech",6843677,6683903,13527580
2022-01-06,"Johnson&Johnson, Moderna, Oxford/AstraZeneca, Pfizer/BioNTech",6850265,6692329,13542594
2022-01-07,"Johnson&Johnson, Moderna, Oxford/AstraZeneca, Pfizer/BioNTech",6858132,6702679,13560811
2022-01-08,"Johnson&Johnson, Moderna, Oxford/AstraZeneca, Pfizer/BioNTech",6860615,6705462,13566077
2022-01-09,"Johnson&Johnson, Moderna, Pfizer/BioNTech",6861697,6707164,13568861
2022-01-10,"Johnson&Johnson, Moderna, Oxford/AstraZeneca, Pfizer/BioNTech",6866186,6713339,13579525
2022-01-11,"Johnson&Johnson, Moderna, Oxford/AstraZeneca, Pfizer/BioNTech",6871618,6720098,13591716
2022-01-12,"Johnson&Johnson, Moderna, Oxford/AstraZeneca, Pfizer/BioNTech",6877571,6725742,13603313
2022-01-13,"Johnson&Johnson, Moderna, Oxford/AstraZeneca, Pfizer/BioNTech",6883462,6730511,13613973
2022-01-14,"Johnson&Johnson, Moderna, Oxford/AstraZeneca, Pfizer/BioNTech",6889747,6734158,13623905
2022-01-15,"Johnson&Johnson, Moderna, Oxford/AstraZeneca, Pfizer/BioNTech",6891023,6734815,13625838
2022-01-16,"Johnson&Johnson, Moderna, Oxford/AstraZeneca, Pfizer/BioNTech",6891711,6735256,13626967
2022-01-17,"Johnson&Johnson, Moderna, Oxford/AstraZeneca, Pfizer/BioNTech",6895221,6739210,13634431
2022-01-18,"Johnson&Johnson, Moderna, Oxford/AstraZeneca, Pfizer/BioNTech",6899079,6744167,13643246
2022-01-19,"Johnson&Johnson, Moderna, Oxford/AstraZeneca, Pfizer/BioNTech",6903129,6748096,13651225
2022-01-20,"Johnson&Johnson, Moderna, Oxford/AstraZeneca, Pfizer/BioNTech",6906711,6752530,13659241
2022-01-21,"Johnson&Johnson, Moderna, Oxford/AstraZeneca, Pfizer/BioNTech",6910705,6755056,13665761
2022-01-22,"Johnson&Johnson, Moderna, Pfizer/BioNTech",6911483,6755495,13666978
2022-01-23,"Johnson&Johnson, Moderna, Pfizer/BioNTech",6912042,6756129,13668171
2022-01-24,"Johnson&Johnson, Moderna, Oxford/AstraZeneca, Pfizer/BioNTech",6914301,6759558,13673859
2022-01-25,"Johnson&Johnson, Moderna, Oxford/AstraZeneca, Pfizer/BioNTech",6916653,6763547,13680200
2022-01-26,"Johnson&Johnson, Moderna, Oxford/AstraZeneca, Pfizer/BioNTech",6919047,6768109,13687156
2022-01-27,"Johnson&Johnson, Moderna, Oxford/AstraZeneca, Pfizer/BioNTech",6921395,6772926,13694321
2022-01-28,"Johnson&Johnson, Moderna, Oxford/AstraZeneca, Pfizer/BioNTech",6924316,6779060,13703376
2022-01-29,"Johnson&Johnson, Moderna, Pfizer/BioNTech",6924918,6780705,13705623
2022-01-30,"Johnson&Johnson, Moderna, Pfizer/BioNTech",6925145,6781479,13706624
2022-01-31,"Johnson&Johnson, Moderna, Pfizer/BioNTech",6926674,6785389,13712063
2022-02-01,"Johnson&Johnson, Moderna, Pfizer/BioNTech",6928246,6789393,13717639
2022-02-02,"Johnson&Johnson, Moderna, Pfizer/BioNTech",6929812,6793877,13723689
2022-02-03,"Johnson&Johnson, Moderna, Pfizer/BioNTech",6931186,6798347,13729533
2022-02-04,"Johnson&Johnson, Moderna, Pfizer/BioNTech",6932781,6803451,13736232
2022-02-05,"Johnson&Johnson, Moderna, Pfizer/BioNTech",6932964,6804065,13737029
2022-02-06,"Johnson&Johnson, Moderna, Pfizer/BioNTech",6933059,6804384,13737443
2022-02-07,"Johnson&Johnson, Moderna, Pfizer/BioNTech",6933750,6807555,13741305
2022-02-08,"Johnson&Johnson, Moderna, Pfizer/BioNTech",6934517,6810687,13745204
2022-02-09,"Johnson&Johnson, Moderna, Pfizer/BioNTech",6935316,6813996,13749312
2022-02-10,"Johnson&Johnson, Moderna, Pfizer/BioNTech",6936052,6816969,13753021
