date,vaccine,people_vaccinated,people_fully_vaccinated,total_vaccinations
2020-12-27,Pfizer/BioNTech,1258,0,1258
2020-12-28,Pfizer/BioNTech,3558,0,3558
2020-12-29,Pfizer/BioNTech,7012,0,7012
2020-12-30,Pfizer/BioNTech,10498,0,10498
2020-12-31,Pfizer/BioNTech,11803,0,11803
2021-01-01,Pfizer/BioNTech,12064,0,12064
2021-01-02,Pfizer/BioNTech,13333,0,13333
2021-01-03,Pfizer/BioNTech,14248,0,14248
2021-01-04,Pfizer/BioNTech,17835,0,17835
2021-01-05,Pfizer/BioNTech,22334,0,22334
2021-01-06,Pfizer/BioNTech,28163,0,28163
2021-01-07,Pfizer/BioNTech,36119,0,36119
2021-01-08,Pfizer/BioNTech,46080,0,46080
2021-01-09,Pfizer/BioNTech,48095,0,48095
2021-01-10,Pfizer/BioNTech,49850,0,49850
2021-01-11,Pfizer/BioNTech,59661,0,59661
2021-01-12,Pfizer/BioNTech,73053,0,73053
2021-01-13,Pfizer/BioNTech,86546,0,86546
2021-01-14,"Moderna, Pfizer/BioNTech",101726,0,101726
2021-01-15,"Moderna, Pfizer/BioNTech",115680,0,115680
2021-01-16,"Moderna, Pfizer/BioNTech",119054,2,119056
2021-01-17,"Moderna, Pfizer/BioNTech",121653,639,122292
2021-01-18,"Moderna, Pfizer/BioNTech",134119,2457,136576
2021-01-19,"Moderna, Pfizer/BioNTech",146637,5164,151801
2021-01-20,"Moderna, Pfizer/BioNTech",160260,7802,168062
2021-01-21,"Moderna, Pfizer/BioNTech",175852,9531,185383
2021-01-22,"Moderna, Pfizer/BioNTech",190661,10572,201233
2021-01-23,"Moderna, Pfizer/BioNTech",193954,11442,205396
2021-01-24,"Moderna, Pfizer/BioNTech",196198,12308,208506
2021-01-25,"Moderna, Pfizer/BioNTech",205804,15270,221074
2021-01-26,"Moderna, Pfizer/BioNTech",216310,19235,235545
2021-01-27,"Moderna, Pfizer/BioNTech",225307,23741,249048
2021-01-28,"Moderna, Pfizer/BioNTech",232359,29841,262200
2021-01-29,"Moderna, Pfizer/BioNTech",238546,37691,276237
2021-01-30,"Moderna, Pfizer/BioNTech",239270,38776,278046
2021-01-31,"Moderna, Pfizer/BioNTech",239973,39950,279923
2021-02-01,"Moderna, Pfizer/BioNTech",243929,47849,291778
2021-02-02,"Moderna, Pfizer/BioNTech",248049,58048,306097
2021-02-03,"Moderna, Pfizer/BioNTech",252441,69015,321456
2021-02-04,"Moderna, Pfizer/BioNTech",257324,81957,339281
2021-02-05,"Moderna, Pfizer/BioNTech",262764,92591,355355
2021-02-06,"Moderna, Pfizer/BioNTech",263601,94933,358534
2021-02-07,"Moderna, Pfizer/BioNTech",264449,97410,361859
2021-02-08,"Moderna, Pfizer/BioNTech",268482,108779,377261
2021-02-09,"Moderna, Oxford/AstraZeneca, Pfizer/BioNTech",273554,120683,394237
2021-02-10,"Moderna, Pfizer/BioNTech",279029,133871,412900
2021-02-11,"Moderna, Oxford/AstraZeneca, Pfizer/BioNTech",285318,150019,435337
2021-02-12,"Moderna, Oxford/AstraZeneca, Pfizer/BioNTech",292036,164681,456717
2021-02-13,"Moderna, Oxford/AstraZeneca, Pfizer/BioNTech",293621,167657,461278
2021-02-14,"Moderna, Oxford/AstraZeneca, Pfizer/BioNTech",294611,169030,463641
2021-02-15,"Moderna, Oxford/AstraZeneca, Pfizer/BioNTech",300990,178347,479337
2021-02-16,"Moderna, Oxford/AstraZeneca, Pfizer/BioNTech",309680,187376,497056
2021-02-17,"Moderna, Oxford/AstraZeneca, Pfizer/BioNTech",319350,195635,514985
2021-02-18,"Moderna, Oxford/AstraZeneca, Pfizer/BioNTech",331630,203641,535271
2021-02-19,"Moderna, Oxford/AstraZeneca, Pfizer/BioNTech",343456,210936,554392
2021-02-20,"Moderna, Oxford/AstraZeneca, Pfizer/BioNTech",345423,212102,557525
2021-02-21,"Moderna, Oxford/AstraZeneca, Pfizer/BioNTech",346527,213111,559638
2021-02-22,"Moderna, Oxford/AstraZeneca, Pfizer/BioNTech",356618,219105,575723
2021-02-23,"Moderna, Oxford/AstraZeneca, Pfizer/BioNTech",369502,226043,595545
2021-02-24,"Moderna, Oxford/AstraZeneca, Pfizer/BioNTech",383329,232044,615373
2021-02-25,"Moderna, Oxford/AstraZeneca, Pfizer/BioNTech",401263,237566,638829
2021-02-26,"Moderna, Oxford/AstraZeneca, Pfizer/BioNTech",417389,242880,660269
2021-02-27,"Moderna, Oxford/AstraZeneca, Pfizer/BioNTech",420383,243428,663811
2021-02-28,"Moderna, Oxford/AstraZeneca, Pfizer/BioNTech",422724,243973,666697
2021-03-01,"Moderna, Oxford/AstraZeneca, Pfizer/BioNTech",442209,247377,689586
2021-03-02,"Moderna, Oxford/AstraZeneca, Pfizer/BioNTech",469363,250903,720266
2021-03-03,"Moderna, Oxford/AstraZeneca, Pfizer/BioNTech",500118,255379,755497
2021-03-04,"Moderna, Oxford/AstraZeneca, Pfizer/BioNTech",533250,260034,793284
2021-03-05,"Johnson&Johnson, Moderna, Oxford/AstraZeneca, Pfizer/BioNTech",561956,265410,827366
2021-03-06,"Moderna, Oxford/AstraZeneca, Pfizer/BioNTech",574046,266249,840295
2021-03-07,"Johnson&Johnson, Moderna, Oxford/AstraZeneca, Pfizer/BioNTech",585428,267078,852506
2021-03-08,"Moderna, Oxford/AstraZeneca, Pfizer/BioNTech",615019,271892,886911
2021-03-09,"Moderna, Oxford/AstraZeneca, Pfizer/BioNTech",651177,278242,929419
2021-03-10,"Moderna, Oxford/AstraZeneca, Pfizer/BioNTech",692296,285166,977462
2021-03-11,"Moderna, Oxford/AstraZeneca, Pfizer/BioNTech",736944,293497,1030441
2021-03-12,"Moderna, Oxford/AstraZeneca, Pfizer/BioNTech",775560,301928,1077488
2021-03-13,"Moderna, Oxford/AstraZeneca, Pfizer/BioNTech",792580,303213,1095793
2021-03-14,"Moderna, Oxford/AstraZeneca, Pfizer/BioNTech",804646,304344,1108990
2021-03-15,"Moderna, Oxford/AstraZeneca, Pfizer/BioNTech",832914,313098,1146012
2021-03-16,"Moderna, Oxford/AstraZeneca, Pfizer/BioNTech",871690,323584,1195274
2021-03-17,"Moderna, Oxford/AstraZeneca, Pfizer/BioNTech",909063,334047,1243110
2021-03-18,"Johnson&Johnson, Moderna, Oxford/AstraZeneca, Pfizer/BioNTech",946882,346418,1293300
2021-03-19,"Moderna, Oxford/AstraZeneca, Pfizer/BioNTech",981161,359988,1341149
2021-03-20,"Moderna, Oxford/AstraZeneca, Pfizer/BioNTech",996200,361997,1358197
2021-03-21,"Moderna, Oxford/AstraZeneca, Pfizer/BioNTech",1003572,363534,1367106
2021-03-22,"Johnson&Johnson, Moderna, Oxford/AstraZeneca, Pfizer/BioNTech",1027903,375970,1403873
2021-03-23,"Johnson&Johnson, Moderna, Oxford/AstraZeneca, Pfizer/BioNTech",1054374,389271,1443645
2021-03-24,"Moderna, Oxford/AstraZeneca, Pfizer/BioNTech",1081144,404931,1486075
2021-03-25,"Moderna, Oxford/AstraZeneca, Pfizer/BioNTech",1107364,422734,1530098
2021-03-26,"Moderna, Oxford/AstraZeneca, Pfizer/BioNTech",1132073,440176,1572249
2021-03-27,"Johnson&Johnson, Moderna, Oxford/AstraZeneca, Pfizer/BioNTech",1140464,444999,1585463
2021-03-28,"Moderna, Oxford/AstraZeneca, Pfizer/BioNTech",1145987,449120,1595107
2021-03-29,"Johnson&Johnson, Moderna, Oxford/AstraZeneca, Pfizer/BioNTech",1164985,469740,1634725
2021-03-30,"Moderna, Oxford/AstraZeneca, Pfizer/BioNTech",1189570,491839,1681409
2021-03-31,"Johnson&Johnson, Moderna, Oxford/AstraZeneca, Pfizer/BioNTech",1212544,518828,1731372
2021-04-01,"Johnson&Johnson, Moderna, Oxford/AstraZeneca, Pfizer/BioNTech",1238031,550730,1788761
2021-04-02,"Johnson&Johnson, Moderna, Oxford/AstraZeneca, Pfizer/BioNTech",1244863,563470,1808333
2021-04-03,"Moderna, Oxford/AstraZeneca, Pfizer/BioNTech",1248425,574361,1822786
2021-04-04,"Moderna, Oxford/AstraZeneca, Pfizer/BioNTech",1250888,583139,1834027
2021-04-05,"Johnson&Johnson, Moderna, Oxford/AstraZeneca, Pfizer/BioNTech",1253214,590288,1843502
2021-04-06,"Johnson&Johnson, Moderna, Oxford/AstraZeneca, Pfizer/BioNTech",1269240,619450,1888690
2021-04-07,"Johnson&Johnson, Moderna, Oxford/AstraZeneca, Pfizer/BioNTech",1292528,641538,1934066
2021-04-08,"Johnson&Johnson, Moderna, Oxford/AstraZeneca, Pfizer/BioNTech",1330950,672364,2003314
2021-04-09,"Johnson&Johnson, Moderna, Oxford/AstraZeneca, Pfizer/BioNTech",1370143,702320,2072463
2021-04-10,"Johnson&Johnson, Moderna, Oxford/AstraZeneca, Pfizer/BioNTech",1385477,717535,2103012
2021-04-11,"Johnson&Johnson, Moderna, Oxford/AstraZeneca, Pfizer/BioNTech",1395185,727535,2122720
2021-04-12,"Moderna, Oxford/AstraZeneca, Pfizer/BioNTech",1433194,752432,2185626
2021-04-13,"Moderna, Oxford/AstraZeneca, Pfizer/BioNTech",1469237,778302,2247539
2021-04-14,"Moderna, Oxford/AstraZeneca, Pfizer/BioNTech",1507893,805582,2313475
2021-04-15,"Moderna, Oxford/AstraZeneca, Pfizer/BioNTech",1555528,831217,2386745
2021-04-16,"Johnson&Johnson, Moderna, Oxford/AstraZeneca, Pfizer/BioNTech",1599994,856777,2456771
2021-04-17,"Moderna, Oxford/AstraZeneca, Pfizer/BioNTech",1616568,865766,2482334
2021-04-18,"Moderna, Oxford/AstraZeneca, Pfizer/BioNTech",1629486,870716,2500202
2021-04-19,"Moderna, Oxford/AstraZeneca, Pfizer/BioNTech",1673320,886072,2559392
2021-04-20,"Moderna, Oxford/AstraZeneca, Pfizer/BioNTech",1715368,901857,2617225
2021-04-21,"Johnson&Johnson, Moderna, Oxford/AstraZeneca, Pfizer/BioNTech",1763007,916083,2679090
2021-04-22,"Johnson&Johnson, Moderna, Oxford/AstraZeneca, Pfizer/BioNTech",1817387,933378,2750765
2021-04-23,"Johnson&Johnson, Moderna, Oxford/AstraZeneca, Pfizer/BioNTech",1867247,945341,2812588
2021-04-24,"Johnson&Johnson, Moderna, Oxford/AstraZeneca, Pfizer/BioNTech",1885018,950540,2835558
2021-04-25,"Johnson&Johnson, Moderna, Oxford/AstraZeneca, Pfizer/BioNTech",1899660,954521,2854181
2021-04-26,"Johnson&Johnson, Moderna, Oxford/AstraZeneca, Pfizer/BioNTech",1949137,962026,2911163
2021-04-27,"Johnson&Johnson, Moderna, Oxford/AstraZeneca, Pfizer/BioNTech",1998013,974151,2972164
2021-04-28,"Johnson&Johnson, Moderna, Oxford/AstraZeneca, Pfizer/BioNTech",2056668,988070,3044738
2021-04-29,"Johnson&Johnson, Moderna, Oxford/AstraZeneca, Pfizer/BioNTech",2122099,1003828,3125927
2021-04-30,"Johnson&Johnson, Moderna, Oxford/AstraZeneca, Pfizer/BioNTech",2184203,1013701,3197904
2021-05-01,"Johnson&Johnson, Moderna, Oxford/AstraZeneca, Pfizer/BioNTech",2203466,1017085,3220551
2021-05-02,"Johnson&Johnson, Moderna, Oxford/AstraZeneca, Pfizer/BioNTech",2222332,1019317,3241649
2021-05-03,"Johnson&Johnson, Moderna, Oxford/AstraZeneca, Pfizer/BioNTech",2289450,1024331,3313781
2021-05-04,"Johnson&Johnson, Moderna, Oxford/AstraZeneca, Pfizer/BioNTech",2355781,1032571,3388352
2021-05-05,"Johnson&Johnson, Moderna, Oxford/AstraZeneca, Pfizer/BioNTech",2428823,1041879,3470702
2021-05-06,"Johnson&Johnson, Moderna, Oxford/AstraZeneca, Pfizer/BioNTech",2509045,1052463,3561508
2021-05-07,"Johnson&Johnson, Moderna, Oxford/AstraZeneca, Pfizer/BioNTech",2586207,1062412,3648619
2021-05-08,"Johnson&Johnson, Moderna, Oxford/AstraZeneca, Pfizer/BioNTech",2615574,1064112,3679686
2021-05-09,"Johnson&Johnson, Moderna, Oxford/AstraZeneca, Pfizer/BioNTech",2639717,1065282,3704999
2021-05-10,"Johnson&Johnson, Moderna, Oxford/AstraZeneca, Pfizer/BioNTech",2712318,1072385,3784703
2021-05-11,"Johnson&Johnson, Moderna, Oxford/AstraZeneca, Pfizer/BioNTech",2788283,1081120,3869403
2021-05-12,"Johnson&Johnson, Moderna, Oxford/AstraZeneca, Pfizer/BioNTech",2868003,1090099,3958102
2021-05-13,"Johnson&Johnson, Moderna, Oxford/AstraZeneca, Pfizer/BioNTech",2951881,1099166,4051047
2021-05-14,"Johnson&Johnson, Moderna, Oxford/AstraZeneca, Pfizer/BioNTech",3031162,1106849,4138011
2021-05-15,"Johnson&Johnson, Moderna, Oxford/AstraZeneca, Pfizer/BioNTech",3062968,1109003,4171971
2021-05-16,"Johnson&Johnson, Moderna, Oxford/AstraZeneca, Pfizer/BioNTech",3088686,1110179,4198865
2021-05-17,"Johnson&Johnson, Moderna, Oxford/AstraZeneca, Pfizer/BioNTech",3161086,1116817,4277903
2021-05-18,"Johnson&Johnson, Moderna, Oxford/AstraZeneca, Pfizer/BioNTech",3232892,1129746,4362638
2021-05-19,"Johnson&Johnson, Moderna, Oxford/AstraZeneca, Pfizer/BioNTech",3310207,1144764,4454971
2021-05-20,"Johnson&Johnson, Moderna, Oxford/AstraZeneca, Pfizer/BioNTech",3385441,1171628,4557069
2021-05-21,"Johnson&Johnson, Moderna, Oxford/AstraZeneca, Pfizer/BioNTech",3454091,1199225,4653316
2021-05-22,"Johnson&Johnson, Moderna, Oxford/AstraZeneca, Pfizer/BioNTech",3486352,1210273,4696625
2021-05-23,"Johnson&Johnson, Moderna, Oxford/AstraZeneca, Pfizer/BioNTech",3508616,1219224,4727840
2021-05-24,"Johnson&Johnson, Moderna, Oxford/AstraZeneca, Pfizer/BioNTech",3555603,1252676,4808279
2021-05-25,"Johnson&Johnson, Moderna, Oxford/AstraZeneca, Pfizer/BioNTech",3607336,1288284,4895620
2021-05-26,"Johnson&Johnson, Moderna, Oxford/AstraZeneca, Pfizer/BioNTech",3674962,1325652,5000614
2021-05-27,"Johnson&Johnson, Moderna, Oxford/AstraZeneca, Pfizer/BioNTech",3736200,1372845,5109045
2021-05-28,"Johnson&Johnson, Moderna, Oxford/AstraZeneca, Pfizer/BioNTech",3797787,1419203,5216990
2021-05-29,"Johnson&Johnson, Moderna, Oxford/AstraZeneca, Pfizer/BioNTech",3826883,1436231,5263114
2021-05-30,"Johnson&Johnson, Moderna, Oxford/AstraZeneca, Pfizer/BioNTech",3849182,1450596,5299778
2021-05-31,"Johnson&Johnson, Moderna, Oxford/AstraZeneca, Pfizer/BioNTech",3904791,1497921,5402712
2021-06-01,"Johnson&Johnson, Moderna, Oxford/AstraZeneca, Pfizer/BioNTech",3963646,1546186,5509832
2021-06-02,"Johnson&Johnson, Moderna, Oxford/AstraZeneca, Pfizer/BioNTech",4026404,1600029,5626433
2021-06-03,"Johnson&Johnson, Moderna, Oxford/AstraZeneca, Pfizer/BioNTech",4084488,1660051,5744539
2021-06-04,"Johnson&Johnson, Moderna, Oxford/AstraZeneca, Pfizer/BioNTech",4147430,1717290,5864720
2021-06-05,"Johnson&Johnson, Moderna, Oxford/AstraZeneca, Pfizer/BioNTech",4181487,1736012,5917499
2021-06-06,"Johnson&Johnson, Moderna, Oxford/AstraZeneca, Pfizer/BioNTech",4208340,1751056,5959396
2021-06-07,"Johnson&Johnson, Moderna, Oxford/AstraZeneca, Pfizer/BioNTech",4271840,1806530,6078370
2021-06-08,"Johnson&Johnson, Moderna, Oxford/AstraZeneca, Pfizer/BioNTech",4335624,1861348,6196972
2021-06-09,"Johnson&Johnson, Moderna, Oxford/AstraZeneca, Pfizer/BioNTech",4394514,1925498,6320012
2021-06-10,"Johnson&Johnson, Moderna, Oxford/AstraZeneca, Pfizer/BioNTech",4447957,1996332,6444289
2021-06-11,"Johnson&Johnson, Moderna, Oxford/AstraZeneca, Pfizer/BioNTech",4499802,2065817,6565619
2021-06-12,"Johnson&Johnson, Moderna, Oxford/AstraZeneca, Pfizer/BioNTech",4531658,2086503,6618161
2021-06-13,"Johnson&Johnson, Moderna, Oxford/AstraZeneca, Pfizer/BioNTech",4555522,2104821,6660343
2021-06-14,"Johnson&Johnson, Moderna, Oxford/AstraZeneca, Pfizer/BioNTech",4598126,2178988,6777114
2021-06-15,"Johnson&Johnson, Moderna, Oxford/AstraZeneca, Pfizer/BioNTech",4642448,2251133,6893581
2021-06-16,"Johnson&Johnson, Moderna, Oxford/AstraZeneca, Pfizer/BioNTech",4684803,2329137,7013940
2021-06-17,"Johnson&Johnson, Moderna, Oxford/AstraZeneca, Pfizer/BioNTech",4723776,2411981,7135757
2021-06-18,"Johnson&Johnson, Moderna, Oxford/AstraZeneca, Pfizer/BioNTech",4765090,2492242,7257332
2021-06-19,"Johnson&Johnson, Moderna, Oxford/AstraZeneca, Pfizer/BioNTech",4786643,2521404,7308047
2021-06-20,"Johnson&Johnson, Moderna, Oxford/AstraZeneca, Pfizer/BioNTech",4803886,2545121,7349007
2021-06-21,"Johnson&Johnson, Moderna, Oxford/AstraZeneca, Pfizer/BioNTech",4836157,2623471,7459628
2021-06-22,"Johnson&Johnson, Moderna, Oxford/AstraZeneca, Pfizer/BioNTech",4868212,2705512,7573724
2021-06-23,"Johnson&Johnson, Moderna, Oxford/AstraZeneca, Pfizer/BioNTech",4899032,2790517,7689549
2021-06-24,"Johnson&Johnson, Moderna, Oxford/AstraZeneca, Pfizer/BioNTech",4928539,2880372,7808911
2021-06-25,"Johnson&Johnson, Moderna, Oxford/AstraZeneca, Pfizer/BioNTech",4959123,2966252,7925375
2021-06-26,"Johnson&Johnson, Moderna, Oxford/AstraZeneca, Pfizer/BioNTech",4974774,3000903,7975677
2021-06-27,"Johnson&Johnson, Moderna, Oxford/AstraZeneca, Pfizer/BioNTech",4988569,3027439,8016008
2021-06-28,"Johnson&Johnson, Moderna, Oxford/AstraZeneca, Pfizer/BioNTech",5016664,3112367,8129031
2021-06-29,"Johnson&Johnson, Moderna, Oxford/AstraZeneca, Pfizer/BioNTech",5045504,3198630,8244134
2021-06-30,"Johnson&Johnson, Moderna, Oxford/AstraZeneca, Pfizer/BioNTech",5072497,3289278,8361775
2021-07-01,"Johnson&Johnson, Moderna, Oxford/AstraZeneca, Pfizer/BioNTech",5095910,3378911,8474821
2021-07-02,"Johnson&Johnson, Moderna, Oxford/AstraZeneca, Pfizer/BioNTech",5122188,3464300,8586488
2021-07-03,"Johnson&Johnson, Moderna, Oxford/AstraZeneca, Pfizer/BioNTech",5129140,3495671,8624811
2021-07-04,"Johnson&Johnson, Moderna, Oxford/AstraZeneca, Pfizer/BioNTech",5136589,3517377,8653966
2021-07-05,"Johnson&Johnson, Moderna, Oxford/AstraZeneca, Pfizer/BioNTech",5143846,3542616,8686462
2021-07-06,"Johnson&Johnson, Moderna, Oxford/AstraZeneca, Pfizer/BioNTech",5149157,3570108,8719265
2021-07-07,"Johnson&Johnson, Moderna, Oxford/AstraZeneca, Pfizer/BioNTech",5174581,3648711,8823292
2021-07-08,"Johnson&Johnson, Moderna, Oxford/AstraZeneca, Pfizer/BioNTech",5200928,3718722,8919650
2021-07-09,"Johnson&Johnson, Moderna, Oxford/AstraZeneca, Pfizer/BioNTech",5228480,3787632,9016112
2021-07-10,"Johnson&Johnson, Moderna, Oxford/AstraZeneca, Pfizer/BioNTech",5237696,3816096,9053792
2021-07-11,"Johnson&Johnson, Moderna, Oxford/AstraZeneca, Pfizer/BioNTech",5246140,3838871,9085011
2021-07-12,"Johnson&Johnson, Moderna, Oxford/AstraZeneca, Pfizer/BioNTech",5273296,3907583,9180879
2021-07-13,"Johnson&Johnson, Moderna, Oxford/AstraZeneca, Pfizer/BioNTech",5299126,3977107,9276233
2021-07-14,"Johnson&Johnson, Moderna, Oxford/AstraZeneca, Pfizer/BioNTech",5324419,4048402,9372821
2021-07-15,"Johnson&Johnson, Moderna, Oxford/AstraZeneca, Pfizer/BioNTech",5352834,4113555,9466389
2021-07-16,"Johnson&Johnson, Moderna, Oxford/AstraZeneca, Pfizer/BioNTech",5379945,4185487,9565432
2021-07-17,"Johnson&Johnson, Moderna, Oxford/AstraZeneca, Pfizer/BioNTech",5388559,4216628,9605187
2021-07-18,"Johnson&Johnson, Moderna, Oxford/AstraZeneca, Pfizer/BioNTech",5396397,4242097,9638494
2021-07-19,"Johnson&Johnson, Moderna, Oxford/AstraZeneca, Pfizer/BioNTech",5419084,4308349,9727433
2021-07-20,"Johnson&Johnson, Moderna, Oxford/AstraZeneca, Pfizer/BioNTech",5440065,4374770,9814835
2021-07-21,"Johnson&Johnson, Moderna, Oxford/AstraZeneca, Pfizer/BioNTech",5462778,4437327,9900105
2021-07-22,"Johnson&Johnson, Moderna, Oxford/AstraZeneca, Pfizer/BioNTech",5484570,4494871,9979441
2021-07-23,"Johnson&Johnson, Moderna, Oxford/AstraZeneca, Pfizer/BioNTech",5506678,4547721,10054399
2021-07-24,"Johnson&Johnson, Moderna, Oxford/AstraZeneca, Pfizer/BioNTech",5513092,4574457,10087549
