date,vaccine,people_vaccinated,people_fully_vaccinated,total_vaccinations
2020-12-27,Pfizer/BioNTech,1287,0,1287
2020-12-28,Pfizer/BioNTech,3590,0,3590
2020-12-29,Pfizer/BioNTech,7061,1,7062
2020-12-30,Pfizer/BioNTech,10578,1,10579
2020-12-31,Pfizer/BioNTech,11889,1,11890
2021-01-01,"Moderna, Pfizer/BioNTech",12158,1,12159
2021-01-02,"Moderna, Pfizer/BioNTech",13441,1,13442
2021-01-03,"Moderna, Pfizer/BioNTech",14367,1,14368
2021-01-04,"Moderna, Pfizer/BioNTech",17979,1,17980
2021-01-05,"Moderna, Pfizer/BioNTech",22505,2,22507
2021-01-06,"Moderna, Pfizer/BioNTech",28352,3,28355
2021-01-07,"Moderna, Pfizer/BioNTech",36352,3,36355
2021-01-08,"Moderna, Pfizer/BioNTech",46406,4,46410
2021-01-09,"Moderna, Pfizer/BioNTech",48434,6,48440
2021-01-10,Pfizer/BioNTech,50205,8,50213
2021-01-11,"Moderna, Pfizer/BioNTech",60062,10,60072
2021-01-12,"Moderna, Pfizer/BioNTech",73518,12,73530
2021-01-13,"Moderna, Pfizer/BioNTech",87068,12,87080
2021-01-14,"Moderna, Pfizer/BioNTech",102323,16,102339
2021-01-15,"Moderna, Pfizer/BioNTech",116344,17,116361
2021-01-16,"Moderna, Pfizer/BioNTech",119748,21,119769
2021-01-17,"Moderna, Pfizer/BioNTech",122369,657,123026
2021-01-18,"Moderna, Pfizer/BioNTech",134863,2484,137347
2021-01-19,"Moderna, Pfizer/BioNTech",147477,5212,152689
2021-01-20,"Moderna, Pfizer/BioNTech",161176,7876,169052
2021-01-21,"Moderna, Pfizer/BioNTech",176832,9618,186450
2021-01-22,"Moderna, Pfizer/BioNTech",191726,10662,202388
2021-01-23,"Moderna, Pfizer/BioNTech",195045,11540,206585
2021-01-24,"Moderna, Pfizer/BioNTech",197301,12410,209711
2021-01-25,"Moderna, Pfizer/BioNTech",206956,15383,222339
2021-01-26,"Moderna, Pfizer/BioNTech",217505,19375,236880
2021-01-27,"Moderna, Pfizer/BioNTech",226538,23910,250448
2021-01-28,"Moderna, Pfizer/BioNTech",233643,30045,263688
2021-01-29,"Moderna, Pfizer/BioNTech",239861,37955,277816
2021-01-30,"Moderna, Pfizer/BioNTech",240602,39043,279645
2021-01-31,"Moderna, Pfizer/BioNTech",241320,40225,281545
2021-02-01,"Moderna, Pfizer/BioNTech",245302,48194,293496
2021-02-02,"Moderna, Pfizer/BioNTech",249456,58434,307890
2021-02-03,"Moderna, Pfizer/BioNTech",253882,69457,323339
2021-02-04,"Moderna, Pfizer/BioNTech",258790,82452,341242
2021-02-05,"Moderna, Pfizer/BioNTech",264265,93127,357392
2021-02-06,"Moderna, Oxford/AstraZeneca, Pfizer/BioNTech",265123,95493,360616
2021-02-07,"Moderna, Oxford/AstraZeneca, Pfizer/BioNTech",265975,97993,363968
2021-02-08,"Moderna, Oxford/AstraZeneca, Pfizer/BioNTech",270070,109424,379494
2021-02-09,"Moderna, Oxford/AstraZeneca, Pfizer/BioNTech",275178,121338,396516
2021-02-10,"Moderna, Oxford/AstraZeneca, Pfizer/BioNTech",280697,134601,415298
2021-02-11,"Moderna, Oxford/AstraZeneca, Pfizer/BioNTech",287040,150822,437862
2021-02-12,"Moderna, Oxford/AstraZeneca, Pfizer/BioNTech",293870,165571,459441
2021-02-13,"Moderna, Oxford/AstraZeneca, Pfizer/BioNTech",295487,168559,464046
2021-02-14,"Moderna, Oxford/AstraZeneca, Pfizer/BioNTech",296493,169945,466438
2021-02-15,"Moderna, Oxford/AstraZeneca, Pfizer/BioNTech",302892,179316,482208
2021-02-16,"Moderna, Oxford/AstraZeneca, Pfizer/BioNTech",311616,188400,500016
2021-02-17,"Moderna, Oxford/AstraZeneca, Pfizer/BioNTech",321319,196711,518030
2021-02-18,"Moderna, Oxford/AstraZeneca, Pfizer/BioNTech",333649,204795,538444
2021-02-19,"Moderna, Oxford/AstraZeneca, Pfizer/BioNTech",345515,212172,557687
2021-02-20,"Moderna, Oxford/AstraZeneca, Pfizer/BioNTech",347525,213358,560883
2021-02-21,"Moderna, Oxford/AstraZeneca, Pfizer/BioNTech",348662,214384,563046
2021-02-22,"Moderna, Oxford/AstraZeneca, Pfizer/BioNTech",358790,220422,579212
2021-02-23,"Moderna, Oxford/AstraZeneca, Pfizer/BioNTech",371754,227414,599168
2021-02-24,"Moderna, Oxford/AstraZeneca, Pfizer/BioNTech",385639,233457,619096
2021-02-25,"Moderna, Oxford/AstraZeneca, Pfizer/BioNTech",403623,239009,642632
2021-02-26,"Moderna, Oxford/AstraZeneca, Pfizer/BioNTech",419804,244371,664175
2021-02-27,"Moderna, Oxford/AstraZeneca, Pfizer/BioNTech",422813,244931,667744
2021-02-28,"Moderna, Oxford/AstraZeneca, Pfizer/BioNTech",425171,245483,670654
2021-03-01,"Moderna, Oxford/AstraZeneca, Pfizer/BioNTech",444773,248934,693707
2021-03-02,"Moderna, Oxford/AstraZeneca, Pfizer/BioNTech",472002,252484,724486
2021-03-03,"Moderna, Oxford/AstraZeneca, Pfizer/BioNTech",502963,256995,759958
2021-03-04,"Moderna, Oxford/AstraZeneca, Pfizer/BioNTech",536255,261686,797941
2021-03-05,"Johnson&Johnson, Moderna, Oxford/AstraZeneca, Pfizer/BioNTech",565102,267114,832216
2021-03-06,"Johnson&Johnson, Moderna, Oxford/AstraZeneca, Pfizer/BioNTech",577261,267980,845241
2021-03-07,"Johnson&Johnson, Moderna, Oxford/AstraZeneca, Pfizer/BioNTech",588810,268823,857633
2021-03-08,"Johnson&Johnson, Moderna, Oxford/AstraZeneca, Pfizer/BioNTech",618559,273686,892245
2021-03-09,"Johnson&Johnson, Moderna, Oxford/AstraZeneca, Pfizer/BioNTech",654929,280074,935003
2021-03-10,"Johnson&Johnson, Moderna, Oxford/AstraZeneca, Pfizer/BioNTech",696268,287035,983303
2021-03-11,"Johnson&Johnson, Moderna, Oxford/AstraZeneca, Pfizer/BioNTech",741125,295412,1036537
2021-03-12,"Johnson&Johnson, Moderna, Oxford/AstraZeneca, Pfizer/BioNTech",779892,303910,1083802
2021-03-13,"Johnson&Johnson, Moderna, Oxford/AstraZeneca, Pfizer/BioNTech",797002,305225,1102227
2021-03-14,"Johnson&Johnson, Moderna, Oxford/AstraZeneca, Pfizer/BioNTech",809121,306381,1115502
2021-03-15,"Johnson&Johnson, Moderna, Oxford/AstraZeneca, Pfizer/BioNTech",837519,315164,1152683
2021-03-16,"Johnson&Johnson, Moderna, Oxford/AstraZeneca, Pfizer/BioNTech",876415,325702,1202117
2021-03-17,"Moderna, Oxford/AstraZeneca, Pfizer/BioNTech",913906,336217,1250123
2021-03-18,"Johnson&Johnson, Moderna, Oxford/AstraZeneca, Pfizer/BioNTech",951911,348642,1300553
2021-03-19,"Johnson&Johnson, Moderna, Oxford/AstraZeneca, Pfizer/BioNTech",986428,362257,1348685
2021-03-20,"Johnson&Johnson, Moderna, Oxford/AstraZeneca, Pfizer/BioNTech",1001612,364287,1365899
2021-03-21,"Johnson&Johnson, Moderna, Oxford/AstraZeneca, Pfizer/BioNTech",1009057,365847,1374904
2021-03-22,"Johnson&Johnson, Moderna, Oxford/AstraZeneca, Pfizer/BioNTech",1033636,378352,1411988
2021-03-23,"Johnson&Johnson, Moderna, Oxford/AstraZeneca, Pfizer/BioNTech",1060311,391718,1452029
2021-03-24,"Johnson&Johnson, Moderna, Oxford/AstraZeneca, Pfizer/BioNTech",1087201,407467,1494668
2021-03-25,"Johnson&Johnson, Moderna, Oxford/AstraZeneca, Pfizer/BioNTech",1113559,425323,1538882
2021-03-26,"Johnson&Johnson, Moderna, Oxford/AstraZeneca, Pfizer/BioNTech",1138401,442837,1581238
2021-03-27,"Johnson&Johnson, Moderna, Oxford/AstraZeneca, Pfizer/BioNTech",1146861,447683,1594544
2021-03-28,"Moderna, Oxford/AstraZeneca, Pfizer/BioNTech",1152409,451831,1604240
2021-03-29,"Johnson&Johnson, Moderna, Oxford/AstraZeneca, Pfizer/BioNTech",1171568,472568,1644136
2021-03-30,"Johnson&Johnson, Moderna, Oxford/AstraZeneca, Pfizer/BioNTech",1196279,494756,1691035
2021-03-31,"Johnson&Johnson, Moderna, Oxford/AstraZeneca, Pfizer/BioNTech",1219437,521826,1741263
2021-04-01,"Johnson&Johnson, Moderna, Oxford/AstraZeneca, Pfizer/BioNTech",1245123,553887,1799010
2021-04-02,"Johnson&Johnson, Moderna, Oxford/AstraZeneca, Pfizer/BioNTech",1252104,566686,1818790
2021-04-03,"Johnson&Johnson, Moderna, Oxford/AstraZeneca, Pfizer/BioNTech",1255755,577618,1833373
2021-04-04,"Johnson&Johnson, Moderna, Oxford/AstraZeneca, Pfizer/BioNTech",1258297,586543,1844840
2021-04-05,"Johnson&Johnson, Moderna, Oxford/AstraZeneca, Pfizer/BioNTech",1260728,593747,1854475
2021-04-06,"Johnson&Johnson, Moderna, Oxford/AstraZeneca, Pfizer/BioNTech",1276944,623023,1899967
2021-04-07,"Johnson&Johnson, Moderna, Oxford/AstraZeneca, Pfizer/BioNTech",1300447,645269,1945716
2021-04-08,"Johnson&Johnson, Moderna, Oxford/AstraZeneca, Pfizer/BioNTech",1339259,676315,2015574
2021-04-09,"Johnson&Johnson, Moderna, Oxford/AstraZeneca, Pfizer/BioNTech",1378857,706514,2085371
2021-04-10,"Johnson&Johnson, Moderna, Oxford/AstraZeneca, Pfizer/BioNTech",1394426,721827,2116253
2021-04-11,"Johnson&Johnson, Moderna, Oxford/AstraZeneca, Pfizer/BioNTech",1404221,731883,2136104
2021-04-12,"Johnson&Johnson, Moderna, Oxford/AstraZeneca, Pfizer/BioNTech",1442543,757030,2199573
2021-04-13,"Moderna, Oxford/AstraZeneca, Pfizer/BioNTech",1478850,783071,2261921
2021-04-14,"Moderna, Oxford/AstraZeneca, Pfizer/BioNTech",1517735,810447,2328182
2021-04-15,"Moderna, Oxford/AstraZeneca, Pfizer/BioNTech",1565567,836227,2401794
2021-04-16,"Moderna, Oxford/AstraZeneca, Pfizer/BioNTech",1610280,861912,2472192
2021-04-17,"Moderna, Oxford/AstraZeneca, Pfizer/BioNTech",1627007,870939,2497946
2021-04-18,"Moderna, Oxford/AstraZeneca, Pfizer/BioNTech",1640006,875925,2515931
2021-04-19,"Johnson&Johnson, Moderna, Oxford/AstraZeneca, Pfizer/BioNTech",1683980,891369,2575349
2021-04-20,"Johnson&Johnson, Moderna, Oxford/AstraZeneca, Pfizer/BioNTech",1726568,907258,2633826
2021-04-21,"Moderna, Oxford/AstraZeneca, Pfizer/BioNTech",1774341,921626,2695967
2021-04-22,"Johnson&Johnson, Moderna, Oxford/AstraZeneca, Pfizer/BioNTech",1828869,939025,2767894
2021-04-23,"Johnson&Johnson, Moderna, Oxford/AstraZeneca, Pfizer/BioNTech",1878887,951092,2829979
2021-04-24,"Johnson&Johnson, Moderna, Oxford/AstraZeneca, Pfizer/BioNTech",1896764,956359,2853123
2021-04-25,"Johnson&Johnson, Moderna, Oxford/AstraZeneca, Pfizer/BioNTech",1911477,960362,2871839
2021-04-26,"Johnson&Johnson, Moderna, Oxford/AstraZeneca, Pfizer/BioNTech",1961089,967932,2929021
2021-04-27,"Johnson&Johnson, Moderna, Oxford/AstraZeneca, Pfizer/BioNTech",2010080,980184,2990264
2021-04-28,"Johnson&Johnson, Moderna, Oxford/AstraZeneca, Pfizer/BioNTech",2068862,994214,3063076
2021-04-29,"Johnson&Johnson, Moderna, Oxford/AstraZeneca, Pfizer/BioNTech",2134481,1010134,3144615
2021-04-30,"Johnson&Johnson, Moderna, Oxford/AstraZeneca, Pfizer/BioNTech",2196776,1020129,3216905
2021-05-01,"Johnson&Johnson, Moderna, Oxford/AstraZeneca, Pfizer/BioNTech",2216164,1023594,3239758
2021-05-02,"Johnson&Johnson, Moderna, Oxford/AstraZeneca, Pfizer/BioNTech",2235119,1025885,3261004
2021-05-03,"Johnson&Johnson, Moderna, Oxford/AstraZeneca, Pfizer/BioNTech",2302400,1030967,3333367
2021-05-04,"Johnson&Johnson, Moderna, Oxford/AstraZeneca, Pfizer/BioNTech",2368958,1039343,3408301
2021-05-05,"Johnson&Johnson, Moderna, Oxford/AstraZeneca, Pfizer/BioNTech",2442171,1048791,3490962
2021-05-06,"Johnson&Johnson, Moderna, Oxford/AstraZeneca, Pfizer/BioNTech",2522621,1059547,3582168
2021-05-07,"Johnson&Johnson, Moderna, Oxford/AstraZeneca, Pfizer/BioNTech",2599955,1069691,3669646
2021-05-08,"Johnson&Johnson, Moderna, Oxford/AstraZeneca, Pfizer/BioNTech",2629494,1071485,3700979
2021-05-09,"Johnson&Johnson, Moderna, Oxford/AstraZeneca, Pfizer/BioNTech",2653731,1072705,3726436
2021-05-10,"Johnson&Johnson, Moderna, Oxford/AstraZeneca, Pfizer/BioNTech",2726540,1079955,3806495
2021-05-11,"Johnson&Johnson, Moderna, Oxford/AstraZeneca, Pfizer/BioNTech",2802700,1088791,3891491
2021-05-12,"Johnson&Johnson, Moderna, Oxford/AstraZeneca, Pfizer/BioNTech",2882653,1097938,3980591
2021-05-13,"Johnson&Johnson, Moderna, Oxford/AstraZeneca, Pfizer/BioNTech",2966708,1107133,4073841
2021-05-14,"Johnson&Johnson, Moderna, Oxford/AstraZeneca, Pfizer/BioNTech",3046261,1114965,4161226
2021-05-15,"Johnson&Johnson, Moderna, Oxford/AstraZeneca, Pfizer/BioNTech",3078231,1117251,4195482
2021-05-16,"Johnson&Johnson, Moderna, Oxford/AstraZeneca, Pfizer/BioNTech",3104045,1118537,4222582
2021-05-17,"Johnson&Johnson, Moderna, Oxford/AstraZeneca, Pfizer/BioNTech",3176589,1125294,4301883
2021-05-18,"Johnson&Johnson, Moderna, Oxford/AstraZeneca, Pfizer/BioNTech",3248579,1138416,4386995
2021-05-19,"Johnson&Johnson, Moderna, Oxford/AstraZeneca, Pfizer/BioNTech",3326082,1153591,4479673
2021-05-20,"Johnson&Johnson, Moderna, Oxford/AstraZeneca, Pfizer/BioNTech",3401576,1180662,4582238
2021-05-21,"Johnson&Johnson, Moderna, Oxford/AstraZeneca, Pfizer/BioNTech",3470431,1208473,4678904
2021-05-22,"Johnson&Johnson, Moderna, Oxford/AstraZeneca, Pfizer/BioNTech",3502893,1219716,4722609
2021-05-23,"Johnson&Johnson, Moderna, Oxford/AstraZeneca, Pfizer/BioNTech",3525342,1228759,4754101
2021-05-24,"Johnson&Johnson, Moderna, Oxford/AstraZeneca, Pfizer/BioNTech",3572563,1262440,4835003
2021-05-25,"Johnson&Johnson, Moderna, Oxford/AstraZeneca, Pfizer/BioNTech",3624482,1298288,4922770
2021-05-26,"Johnson&Johnson, Moderna, Oxford/AstraZeneca, Pfizer/BioNTech",3692250,1335853,5028103
2021-05-27,"Johnson&Johnson, Moderna, Oxford/AstraZeneca, Pfizer/BioNTech",3753684,1383220,5136904
2021-05-28,"Johnson&Johnson, Moderna, Oxford/AstraZeneca, Pfizer/BioNTech",3815438,1429836,5245274
2021-05-29,"Johnson&Johnson, Moderna, Oxford/AstraZeneca, Pfizer/BioNTech",3844704,1446982,5291686
2021-05-30,"Johnson&Johnson, Moderna, Oxford/AstraZeneca, Pfizer/BioNTech",3867116,1461454,5328570
2021-05-31,"Johnson&Johnson, Moderna, Oxford/AstraZeneca, Pfizer/BioNTech",3922863,1508992,5431855
2021-06-01,"Johnson&Johnson, Moderna, Oxford/AstraZeneca, Pfizer/BioNTech",3981969,1557884,5539853
2021-06-02,"Johnson&Johnson, Moderna, Oxford/AstraZeneca, Pfizer/BioNTech",4044948,1611927,5656875
2021-06-03,"Johnson&Johnson, Moderna, Oxford/AstraZeneca, Pfizer/BioNTech",4103205,1672178,5775383
2021-06-04,"Johnson&Johnson, Moderna, Oxford/AstraZeneca, Pfizer/BioNTech",4166345,1729618,5895963
2021-06-05,"Johnson&Johnson, Moderna, Oxford/AstraZeneca, Pfizer/BioNTech",4200532,1748549,5949081
2021-06-06,"Johnson&Johnson, Moderna, Oxford/AstraZeneca, Pfizer/BioNTech",4227492,1763728,5991220
2021-06-07,"Johnson&Johnson, Moderna, Oxford/AstraZeneca, Pfizer/BioNTech",4291196,1819385,6110581
2021-06-08,"Johnson&Johnson, Moderna, Oxford/AstraZeneca, Pfizer/BioNTech",4355217,1874424,6229641
2021-06-09,"Johnson&Johnson, Moderna, Oxford/AstraZeneca, Pfizer/BioNTech",4414438,1939128,6353566
2021-06-10,"Johnson&Johnson, Moderna, Oxford/AstraZeneca, Pfizer/BioNTech",4468305,2010465,6478770
2021-06-11,"Johnson&Johnson, Moderna, Oxford/AstraZeneca, Pfizer/BioNTech",4520439,2080325,6600764
2021-06-12,"Johnson&Johnson, Moderna, Oxford/AstraZeneca, Pfizer/BioNTech",4552462,2101187,6653649
2021-06-13,"Johnson&Johnson, Moderna, Oxford/AstraZeneca, Pfizer/BioNTech",4576507,2119634,6696141
2021-06-14,"Johnson&Johnson, Moderna, Oxford/AstraZeneca, Pfizer/BioNTech",4619599,2194054,6813653
2021-06-15,"Johnson&Johnson, Moderna, Oxford/AstraZeneca, Pfizer/BioNTech",4664281,2266469,6930750
2021-06-16,"Johnson&Johnson, Moderna, Oxford/AstraZeneca, Pfizer/BioNTech",4707108,2344738,7051846
2021-06-17,"Johnson&Johnson, Moderna, Oxford/AstraZeneca, Pfizer/BioNTech",4746550,2427865,7174415
2021-06-18,"Johnson&Johnson, Moderna, Oxford/AstraZeneca, Pfizer/BioNTech",4788997,2508474,7297471
2021-06-19,"Johnson&Johnson, Moderna, Oxford/AstraZeneca, Pfizer/BioNTech",4810790,2537822,7348612
2021-06-20,"Johnson&Johnson, Moderna, Oxford/AstraZeneca, Pfizer/BioNTech",4828203,2561700,7389903
2021-06-21,"Johnson&Johnson, Moderna, Oxford/AstraZeneca, Pfizer/BioNTech",4860716,2640339,7501055
2021-06-22,"Johnson&Johnson, Moderna, Oxford/AstraZeneca, Pfizer/BioNTech",4893695,2722694,7616389
2021-06-23,"Johnson&Johnson, Moderna, Oxford/AstraZeneca, Pfizer/BioNTech",4925416,2807966,7733382
2021-06-24,"Johnson&Johnson, Moderna, Oxford/AstraZeneca, Pfizer/BioNTech",4955286,2898045,7853331
2021-06-25,"Johnson&Johnson, Moderna, Oxford/AstraZeneca, Pfizer/BioNTech",4986382,2984297,7970679
2021-06-26,"Johnson&Johnson, Moderna, Oxford/AstraZeneca, Pfizer/BioNTech",5002288,3019191,8021479
2021-06-27,"Johnson&Johnson, Moderna, Oxford/AstraZeneca, Pfizer/BioNTech",5016248,3045911,8062159
2021-06-28,"Johnson&Johnson, Moderna, Oxford/AstraZeneca, Pfizer/BioNTech",5044671,3131147,8175818
2021-06-29,"Johnson&Johnson, Moderna, Oxford/AstraZeneca, Pfizer/BioNTech",5073962,3217714,8291676
2021-06-30,"Johnson&Johnson, Moderna, Oxford/AstraZeneca, Pfizer/BioNTech",5101472,3308768,8410240
2021-07-01,"Johnson&Johnson, Moderna, Oxford/AstraZeneca, Pfizer/BioNTech",5125470,3398881,8524351
2021-07-02,"Johnson&Johnson, Moderna, Oxford/AstraZeneca, Pfizer/BioNTech",5152225,3484824,8637049
2021-07-03,"Johnson&Johnson, Moderna, Oxford/AstraZeneca, Pfizer/BioNTech",5159330,3516402,8675732
2021-07-04,"Johnson&Johnson, Moderna, Oxford/AstraZeneca, Pfizer/BioNTech",5166919,3538231,8705150
2021-07-05,"Johnson&Johnson, Moderna, Oxford/AstraZeneca, Pfizer/BioNTech",5174339,3563647,8737986
2021-07-06,"Johnson&Johnson, Moderna, Oxford/AstraZeneca, Pfizer/BioNTech",5179811,3591381,8771192
2021-07-07,"Johnson&Johnson, Moderna, Oxford/AstraZeneca, Pfizer/BioNTech",5205645,3670384,8876029
2021-07-08,"Johnson&Johnson, Moderna, Oxford/AstraZeneca, Pfizer/BioNTech",5232264,3740733,8972997
2021-07-09,"Johnson&Johnson, Moderna, Oxford/AstraZeneca, Pfizer/BioNTech",5260217,3810077,9070294
2021-07-10,"Johnson&Johnson, Moderna, Oxford/AstraZeneca, Pfizer/BioNTech",5269603,3838755,9108358
2021-07-11,"Johnson&Johnson, Moderna, Oxford/AstraZeneca, Pfizer/BioNTech",5278161,3861648,9139809
2021-07-12,"Johnson&Johnson, Moderna, Oxford/AstraZeneca, Pfizer/BioNTech",5305702,3930745,9236447
2021-07-13,"Johnson&Johnson, Moderna, Oxford/AstraZeneca, Pfizer/BioNTech",5331908,4000648,9332556
2021-07-14,"Johnson&Johnson, Moderna, Oxford/AstraZeneca, Pfizer/BioNTech",5357749,4072667,9430416
2021-07-15,"Johnson&Johnson, Moderna, Oxford/AstraZeneca, Pfizer/BioNTech",5386944,4138715,9525659
2021-07-16,"Johnson&Johnson, Moderna, Oxford/AstraZeneca, Pfizer/BioNTech",5414881,4211479,9626360
2021-07-17,"Johnson&Johnson, Moderna, Oxford/AstraZeneca, Pfizer/BioNTech",5423689,4242959,9666648
2021-07-18,"Johnson&Johnson, Moderna, Oxford/AstraZeneca, Pfizer/BioNTech",5432135,4268976,9701111
2021-07-19,"Johnson&Johnson, Moderna, Oxford/AstraZeneca, Pfizer/BioNTech",5455508,4336024,9791532
2021-07-20,"Johnson&Johnson, Moderna, Oxford/AstraZeneca, Pfizer/BioNTech",5476923,4403107,9880030
2021-07-21,"Johnson&Johnson, Moderna, Oxford/AstraZeneca, Pfizer/BioNTech",5500383,4466587,9966970
2021-07-22,"Johnson&Johnson, Moderna, Oxford/AstraZeneca, Pfizer/BioNTech",5522754,4525242,10047996
2021-07-23,"Johnson&Johnson, Moderna, Oxford/AstraZeneca, Pfizer/BioNTech",5545987,4580014,10126001
2021-07-24,"Johnson&Johnson, Moderna, Oxford/AstraZeneca, Pfizer/BioNTech",5553337,4607697,10161034
2021-07-25,"Johnson&Johnson, Moderna, Oxford/AstraZeneca, Pfizer/BioNTech",5559974,4629840,10189814
2021-07-26,"Johnson&Johnson, Moderna, Oxford/AstraZeneca, Pfizer/BioNTech",5583533,4678545,10262078
2021-07-27,"Johnson&Johnson, Moderna, Oxford/AstraZeneca, Pfizer/BioNTech",5606287,4725217,10331504
2021-07-28,"Johnson&Johnson, Moderna, Oxford/AstraZeneca, Pfizer/BioNTech",5627568,4771252,10398820
2021-07-29,"Johnson&Johnson, Moderna, Oxford/AstraZeneca, Pfizer/BioNTech",5648910,4813251,10462161
2021-07-30,"Johnson&Johnson, Moderna, Oxford/AstraZeneca, Pfizer/BioNTech",5672193,4855842,10528035
2021-07-31,"Johnson&Johnson, Moderna, Oxford/AstraZeneca, Pfizer/BioNTech",5681144,4875389,10556533
2021-08-01,"Johnson&Johnson, Moderna, Oxford/AstraZeneca, Pfizer/BioNTech",5687878,4891574,10579452
2021-08-02,"Johnson&Johnson, Moderna, Oxford/AstraZeneca, Pfizer/BioNTech",5706527,4929150,10635677
2021-08-03,"Johnson&Johnson, Moderna, Oxford/AstraZeneca, Pfizer/BioNTech",5724182,4967279,10691461
2021-08-04,"Johnson&Johnson, Moderna, Oxford/AstraZeneca, Pfizer/BioNTech",5740311,5004062,10744373
2021-08-05,"Johnson&Johnson, Moderna, Oxford/AstraZeneca, Pfizer/BioNTech",5756355,5044571,10800926
2021-08-06,"Johnson&Johnson, Moderna, Oxford/AstraZeneca, Pfizer/BioNTech",5773159,5087892,10861051
2021-08-07,"Johnson&Johnson, Moderna, Oxford/AstraZeneca, Pfizer/BioNTech",5778769,5106079,10884848
2021-08-08,"Johnson&Johnson, Moderna, Oxford/AstraZeneca, Pfizer/BioNTech",5783136,5121848,10904984
2021-08-09,"Johnson&Johnson, Moderna, Oxford/AstraZeneca, Pfizer/BioNTech",5795780,5166926,10962706
2021-08-10,"Johnson&Johnson, Moderna, Oxford/AstraZeneca, Pfizer/BioNTech",5807628,5206519,11014147
2021-08-11,"Johnson&Johnson, Moderna, Oxford/AstraZeneca, Pfizer/BioNTech",5819000,5249668,11068668
2021-08-12,"Johnson&Johnson, Moderna, Oxford/AstraZeneca, Pfizer/BioNTech",5830426,5286825,11117251
2021-08-13,"Johnson&Johnson, Moderna, Oxford/AstraZeneca, Pfizer/BioNTech",5841158,5327191,11168349
2021-08-14,"Johnson&Johnson, Moderna, Oxford/AstraZeneca, Pfizer/BioNTech",5844498,5337908,11182406
2021-08-15,"Johnson&Johnson, Moderna, Oxford/AstraZeneca, Pfizer/BioNTech",5847084,5348297,11195381
2021-08-16,"Johnson&Johnson, Moderna, Oxford/AstraZeneca, Pfizer/BioNTech",5856877,5382389,11239266
2021-08-17,"Johnson&Johnson, Moderna, Oxford/AstraZeneca, Pfizer/BioNTech",5866476,5409496,11275972
2021-08-18,"Johnson&Johnson, Moderna, Oxford/AstraZeneca, Pfizer/BioNTech",5875855,5448408,11324263
2021-08-19,"Johnson&Johnson, Moderna, Oxford/AstraZeneca, Pfizer/BioNTech",5885535,5486775,11372310
2021-08-20,"Johnson&Johnson, Moderna, Oxford/AstraZeneca, Pfizer/BioNTech",5896931,5526973,11423904
2021-08-21,"Johnson&Johnson, Moderna, Oxford/AstraZeneca, Pfizer/BioNTech",5899655,5539746,11439401
2021-08-22,"Johnson&Johnson, Moderna, Oxford/AstraZeneca, Pfizer/BioNTech",5902001,5551719,11453720
2021-08-23,"Johnson&Johnson, Moderna, Oxford/AstraZeneca, Pfizer/BioNTech",5912534,5591006,11503540
2021-08-24,"Johnson&Johnson, Moderna, Oxford/AstraZeneca, Pfizer/BioNTech",5922415,5624272,11546687
2021-08-25,"Johnson&Johnson, Moderna, Oxford/AstraZeneca, Pfizer/BioNTech",5931280,5652650,11583930
2021-08-26,"Johnson&Johnson, Moderna, Oxford/AstraZeneca, Pfizer/BioNTech",5939737,5678778,11618515
2021-08-27,"Johnson&Johnson, Moderna, Oxford/AstraZeneca, Pfizer/BioNTech",5950067,5704764,11654831
2021-08-28,"Johnson&Johnson, Moderna, Oxford/AstraZeneca, Pfizer/BioNTech",5952803,5711830,11664633
2021-08-29,"Johnson&Johnson, Moderna, Oxford/AstraZeneca, Pfizer/BioNTech",5955215,5718454,11673669
2021-08-30,"Johnson&Johnson, Moderna, Oxford/AstraZeneca, Pfizer/BioNTech",5963742,5740336,11704078
2021-08-31,"Johnson&Johnson, Moderna, Oxford/AstraZeneca, Pfizer/BioNTech",5971425,5758447,11729872
2021-09-01,"Johnson&Johnson, Moderna, Oxford/AstraZeneca, Pfizer/BioNTech",5977336,5772470,11749806
2021-09-02,"Johnson&Johnson, Moderna, Oxford/AstraZeneca, Pfizer/BioNTech",5984187,5786865,11771052
2021-09-03,"Johnson&Johnson, Moderna, Oxford/AstraZeneca, Pfizer/BioNTech",5993750,5802602,11796352
2021-09-04,"Johnson&Johnson, Moderna, Oxford/AstraZeneca, Pfizer/BioNTech",5995821,5806161,11801982
2021-09-05,"Johnson&Johnson, Moderna, Oxford/AstraZeneca, Pfizer/BioNTech",5997861,5809011,11806872
2021-09-06,"Johnson&Johnson, Moderna, Oxford/AstraZeneca, Pfizer/BioNTech",6004100,5821558,11825658
2021-09-07,"Johnson&Johnson, Moderna, Oxford/AstraZeneca, Pfizer/BioNTech",6008495,5832645,11841140
2021-09-08,"Johnson&Johnson, Moderna, Oxford/AstraZeneca, Pfizer/BioNTech",6014172,5842508,11856680
2021-09-09,"Johnson&Johnson, Moderna, Oxford/AstraZeneca, Pfizer/BioNTech",6020874,5852579,11873453
2021-09-10,"Johnson&Johnson, Moderna, Oxford/AstraZeneca, Pfizer/BioNTech",6028572,5864763,11893335
2021-09-11,"Johnson&Johnson, Moderna, Oxford/AstraZeneca, Pfizer/BioNTech",6030442,5867248,11897690
2021-09-12,"Johnson&Johnson, Moderna, Oxford/AstraZeneca, Pfizer/BioNTech",6031560,5868881,11900441
2021-09-13,"Johnson&Johnson, Moderna, Oxford/AstraZeneca, Pfizer/BioNTech",6037000,5879188,11916188
2021-09-14,"Johnson&Johnson, Moderna, Oxford/AstraZeneca, Pfizer/BioNTech",6042399,5888206,11930605
2021-09-15,"Johnson&Johnson, Moderna, Oxford/AstraZeneca, Pfizer/BioNTech",6047602,5896735,11944337
2021-09-16,"Johnson&Johnson, Moderna, Oxford/AstraZeneca, Pfizer/BioNTech",6052958,5905017,11957975
2021-09-17,"Johnson&Johnson, Moderna, Oxford/AstraZeneca, Pfizer/BioNTech",6059530,5915256,11974786
2021-09-18,"Johnson&Johnson, Moderna, Oxford/AstraZeneca, Pfizer/BioNTech",6061258,5917618,11978876
2021-09-19,"Johnson&Johnson, Moderna, Oxford/AstraZeneca, Pfizer/BioNTech",6062204,5919187,11981391
2021-09-20,"Johnson&Johnson, Moderna, Oxford/AstraZeneca, Pfizer/BioNTech",6066220,5927389,11993609
2021-09-21,"Johnson&Johnson, Moderna, Oxford/AstraZeneca, Pfizer/BioNTech",6070458,5934926,12005384
2021-09-22,"Johnson&Johnson, Moderna, Oxford/AstraZeneca, Pfizer/BioNTech",6074652,5940449,12015101
2021-09-23,"Johnson&Johnson, Moderna, Oxford/AstraZeneca, Pfizer/BioNTech",6079630,5946869,12026499
2021-09-24,"Johnson&Johnson, Moderna, Oxford/AstraZeneca, Pfizer/BioNTech",6085390,5956488,12041878
2021-09-25,"Johnson&Johnson, Moderna, Oxford/AstraZeneca, Pfizer/BioNTech",6086887,5958488,12045375
2021-09-26,"Johnson&Johnson, Moderna, Oxford/AstraZeneca, Pfizer/BioNTech",6087632,5960128,12047760
2021-09-27,"Johnson&Johnson, Moderna, Oxford/AstraZeneca, Pfizer/BioNTech",6091516,5966643,12058159
2021-09-28,"Johnson&Johnson, Moderna, Oxford/AstraZeneca, Pfizer/BioNTech",6091885,5967273,12059158
2021-09-29,"Johnson&Johnson, Moderna, Oxford/AstraZeneca, Pfizer/BioNTech",6095662,5974738,12070400
2021-09-30,"Johnson&Johnson, Moderna, Oxford/AstraZeneca, Pfizer/BioNTech",6100172,5982439,12082611
2021-10-01,"Johnson&Johnson, Moderna, Oxford/AstraZeneca, Pfizer/BioNTech",6104476,5990423,12094899
2021-10-02,"Johnson&Johnson, Moderna, Oxford/AstraZeneca, Pfizer/BioNTech",6105539,5991970,12097509
2021-10-03,"Johnson&Johnson, Moderna, Oxford/AstraZeneca, Pfizer/BioNTech",6106264,5992841,12099105
2021-10-04,"Johnson&Johnson, Moderna, Oxford/AstraZeneca, Pfizer/BioNTech",6109339,5998414,12107753
2021-10-05,"Johnson&Johnson, Moderna, Oxford/AstraZeneca, Pfizer/BioNTech",6112503,6003501,12116004
2021-10-06,"Johnson&Johnson, Moderna, Oxford/AstraZeneca, Pfizer/BioNTech",6116022,6008675,12124697
2021-10-07,"Johnson&Johnson, Moderna, Oxford/AstraZeneca, Pfizer/BioNTech",6119306,6013936,12133242
2021-10-08,"Johnson&Johnson, Moderna, Oxford/AstraZeneca, Pfizer/BioNTech",6124101,6020580,12144681
2021-10-09,"Johnson&Johnson, Moderna, Oxford/AstraZeneca, Pfizer/BioNTech",6125346,6022243,12147589
2021-10-10,"Johnson&Johnson, Moderna, Oxford/AstraZeneca, Pfizer/BioNTech",6126290,6023075,12149365
2021-10-11,"Johnson&Johnson, Moderna, Oxford/AstraZeneca, Pfizer/BioNTech",6129220,6027490,12156710
2021-10-12,"Johnson&Johnson, Moderna, Oxford/AstraZeneca, Pfizer/BioNTech",6132153,6031494,12163647
2021-10-13,"Johnson&Johnson, Moderna, Oxford/AstraZeneca, Pfizer/BioNTech",6135684,6035678,12171362
2021-10-14,"Johnson&Johnson, Moderna, Oxford/AstraZeneca, Pfizer/BioNTech",6139357,6040627,12179984
2021-10-15,"Johnson&Johnson, Moderna, Oxford/AstraZeneca, Pfizer/BioNTech",6144586,6046774,12191360
2021-10-16,"Johnson&Johnson, Moderna, Oxford/AstraZeneca, Pfizer/BioNTech",6146001,6048302,12194303
2021-10-17,"Johnson&Johnson, Moderna, Pfizer/BioNTech",6147328,6049357,12196685
2021-10-18,"Johnson&Johnson, Moderna, Oxford/AstraZeneca, Pfizer/BioNTech",6151442,6053457,12204899
2021-10-19,"Johnson&Johnson, Moderna, Oxford/AstraZeneca, Pfizer/BioNTech",6155022,6055556,12210578
2021-10-20,"Johnson&Johnson, Moderna, Oxford/AstraZeneca, Pfizer/BioNTech",6159906,6060006,12219912
2021-10-21,"Johnson&Johnson, Moderna, Oxford/AstraZeneca, Pfizer/BioNTech",6167671,6065609,12233280
2021-10-22,"Johnson&Johnson, Moderna, Oxford/AstraZeneca, Pfizer/BioNTech",6178125,6072113,12250238
2021-10-23,"Johnson&Johnson, Moderna, Oxford/AstraZeneca, Pfizer/BioNTech",6181799,6074319,12256118
2021-10-24,"Johnson&Johnson, Moderna, Oxford/AstraZeneca, Pfizer/BioNTech",6184484,6076100,12260584
2021-10-25,"Johnson&Johnson, Moderna, Oxford/AstraZeneca, Pfizer/BioNTech",6194983,6081908,12276891
2021-10-26,"Johnson&Johnson, Moderna, Oxford/AstraZeneca, Pfizer/BioNTech",6206973,6088458,12295431
2021-10-27,"Johnson&Johnson, Moderna, Oxford/AstraZeneca, Pfizer/BioNTech",6221582,6095864,12317446
2021-10-28,"Johnson&Johnson, Moderna, Oxford/AstraZeneca, Pfizer/BioNTech",6225006,6097548,12322554
2021-10-29,"Johnson&Johnson, Moderna, Oxford/AstraZeneca, Pfizer/BioNTech",6239443,6105536,12344979
2021-10-30,"Johnson&Johnson, Moderna, Oxford/AstraZeneca, Pfizer/BioNTech",6243972,6108460,12352432
2021-10-31,"Johnson&Johnson, Moderna, Oxford/AstraZeneca, Pfizer/BioNTech",6247735,6110934,12358669
2021-11-01,"Johnson&Johnson, Moderna, Oxford/AstraZeneca, Pfizer/BioNTech",6262929,6118619,12381548
2021-11-02,"Johnson&Johnson, Moderna, Oxford/AstraZeneca, Pfizer/BioNTech",6278382,6126176,12404558
2021-11-03,"Johnson&Johnson, Moderna, Oxford/AstraZeneca, Pfizer/BioNTech",6295561,6133470,12429031
2021-11-04,"Johnson&Johnson, Moderna, Oxford/AstraZeneca, Pfizer/BioNTech",6313912,6141640,12455552
2021-11-05,"Johnson&Johnson, Moderna, Oxford/AstraZeneca, Pfizer/BioNTech",6336710,6152921,12489631
2021-11-06,"Johnson&Johnson, Moderna, Oxford/AstraZeneca, Pfizer/BioNTech",6343227,6155977,12499204
2021-11-07,"Johnson&Johnson, Moderna, Oxford/AstraZeneca, Pfizer/BioNTech",6347248,6158413,12505661
2021-11-08,"Johnson&Johnson, Moderna, Oxford/AstraZeneca, Pfizer/BioNTech",6363516,6166042,12529558
2021-11-09,"Johnson&Johnson, Moderna, Oxford/AstraZeneca, Pfizer/BioNTech",6378324,6173341,12551665
2021-11-10,"Johnson&Johnson, Moderna, Oxford/AstraZeneca, Pfizer/BioNTech",6394061,6180723,12574784
2021-11-11,"Johnson&Johnson, Moderna, Oxford/AstraZeneca, Pfizer/BioNTech",6409530,6189827,12599357
2021-11-12,"Johnson&Johnson, Moderna, Oxford/AstraZeneca, Pfizer/BioNTech",6429333,6202628,12631961
2021-11-13,"Johnson&Johnson, Moderna, Oxford/AstraZeneca, Pfizer/BioNTech",6434726,6206500,12641226
2021-11-14,"Johnson&Johnson, Moderna, Oxford/AstraZeneca, Pfizer/BioNTech",6438619,6209504,12648123
2021-11-15,"Johnson&Johnson, Moderna, Oxford/AstraZeneca, Pfizer/BioNTech",6453700,6220197,12673897
2021-11-16,"Johnson&Johnson, Moderna, Oxford/AstraZeneca, Pfizer/BioNTech",6471242,6232179,12703421
2021-11-17,"Johnson&Johnson, Moderna, Oxford/AstraZeneca, Pfizer/BioNTech",6475483,6235744,12711227
2021-11-18,"Johnson&Johnson, Moderna, Oxford/AstraZeneca, Pfizer/BioNTech",6494904,6247437,12742341
2021-11-19,"Johnson&Johnson, Moderna, Oxford/AstraZeneca, Pfizer/BioNTech",6519512,6264408,12783920
2021-11-20,"Johnson&Johnson, Moderna, Oxford/AstraZeneca, Pfizer/BioNTech",6528091,6269390,12797481
2021-11-21,"Johnson&Johnson, Moderna, Pfizer/BioNTech",6534862,6273163,12808025
2021-11-22,"Johnson&Johnson, Moderna, Oxford/AstraZeneca, Pfizer/BioNTech",6553372,6287274,12840646
2021-11-23,"Johnson&Johnson, Moderna, Oxford/AstraZeneca, Pfizer/BioNTech",6572438,6300533,12872971
2021-11-24,"Johnson&Johnson, Moderna, Oxford/AstraZeneca, Pfizer/BioNTech",6591454,6316380,12907834
2021-11-25,"Johnson&Johnson, Moderna, Oxford/AstraZeneca, Pfizer/BioNTech",6610600,6331414,12942014
2021-11-26,"Johnson&Johnson, Moderna, Oxford/AstraZeneca, Pfizer/BioNTech",6632252,6350549,12982801
2021-11-27,"Johnson&Johnson, Moderna, Oxford/AstraZeneca, Pfizer/BioNTech",6639721,6356104,12995825
2021-11-28,"Johnson&Johnson, Moderna, Oxford/AstraZeneca, Pfizer/BioNTech",6643054,6359239,13002293
2021-11-29,"Johnson&Johnson, Moderna, Oxford/AstraZeneca, Pfizer/BioNTech",6658263,6372896,13031159
2021-11-30,"Johnson&Johnson, Moderna, Oxford/AstraZeneca, Pfizer/BioNTech",6671464,6384127,13055591
2021-12-01,"Johnson&Johnson, Moderna, Oxford/AstraZeneca, Pfizer/BioNTech",6685501,6396582,13082083
2021-12-02,"Johnson&Johnson, Moderna, Oxford/AstraZeneca, Pfizer/BioNTech",6696137,6409072,13105209
2021-12-03,"Johnson&Johnson, Moderna, Oxford/AstraZeneca, Pfizer/BioNTech",6705777,6424645,13130422
2021-12-04,"Johnson&Johnson, Moderna, Pfizer/BioNTech",6708334,6428595,13136929
2021-12-05,"Johnson&Johnson, Moderna, Oxford/AstraZeneca, Pfizer/BioNTech",6709693,6430933,13140626
2021-12-06,"Johnson&Johnson, Moderna, Oxford/AstraZeneca, Pfizer/BioNTech",6717839,6442462,13160301
2021-12-07,"Johnson&Johnson, Moderna, Oxford/AstraZeneca, Pfizer/BioNTech",6725728,6454471,13180199
2021-12-08,"Johnson&Johnson, Moderna, Oxford/AstraZeneca, Pfizer/BioNTech",6733970,6460399,13194369
2021-12-09,"Johnson&Johnson, Moderna, Oxford/AstraZeneca, Pfizer/BioNTech",6741091,6473217,13214308
2021-12-10,"Johnson&Johnson, Moderna, Oxford/AstraZeneca, Pfizer/BioNTech",6748023,6491022,13239045
2021-12-11,"Johnson&Johnson, Moderna, Pfizer/BioNTech",6749681,6496294,13245975
2021-12-12,"Johnson&Johnson, Moderna, Oxford/AstraZeneca, Pfizer/BioNTech",6750992,6500728,13251720
2021-12-13,"Johnson&Johnson, Moderna, Oxford/AstraZeneca, Pfizer/BioNTech",6757340,6514038,13271378
2021-12-14,"Johnson&Johnson, Moderna, Oxford/AstraZeneca, Pfizer/BioNTech",6763550,6527705,13291255
2021-12-15,"Johnson&Johnson, Moderna, Oxford/AstraZeneca, Pfizer/BioNTech",6769756,6541304,13311060
2021-12-16,"Johnson&Johnson, Moderna, Oxford/AstraZeneca, Pfizer/BioNTech",6776696,6556138,13332834
2021-12-17,"Johnson&Johnson, Moderna, Oxford/AstraZeneca, Pfizer/BioNTech",6785063,6573401,13358464
2021-12-18,"Johnson&Johnson, Moderna, Oxford/AstraZeneca, Pfizer/BioNTech",6787674,6578852,13366526
2021-12-19,"Johnson&Johnson, Moderna, Pfizer/BioNTech",6789445,6581356,13370801
2021-12-20,"Johnson&Johnson, Moderna, Oxford/AstraZeneca, Pfizer/BioNTech",6795294,6595420,13390714
2021-12-21,"Johnson&Johnson, Moderna, Oxford/AstraZeneca, Pfizer/BioNTech",6801955,6607412,13409367
2021-12-22,"Johnson&Johnson, Moderna, Oxford/AstraZeneca, Pfizer/BioNTech",6807004,6620469,13427473
2021-12-23,"Johnson&Johnson, Moderna, Oxford/AstraZeneca, Pfizer/BioNTech",6809877,6626070,13435947
2021-12-24,"Johnson&Johnson, Moderna, Oxford/AstraZeneca, Pfizer/BioNTech",6809923,6626171,13436094
2021-12-25,"Moderna, Pfizer/BioNTech",6809924,6626179,13436103
2021-12-26,"Moderna, Pfizer/BioNTech",6810026,6626381,13436407
2021-12-27,"Johnson&Johnson, Moderna, Pfizer/BioNTech",6813893,6636118,13450011
2021-12-28,"Johnson&Johnson, Moderna, Oxford/AstraZeneca, Pfizer/BioNTech",6819134,6644111,13463245
2021-12-29,"Johnson&Johnson, Moderna, Oxford/AstraZeneca, Pfizer/BioNTech",6823414,6651830,13475244
2021-12-30,"Johnson&Johnson, Moderna, Pfizer/BioNTech",6827711,6657262,13484973
2021-12-31,"Johnson&Johnson, Moderna, Pfizer/BioNTech",6828221,6658685,13486906
2022-01-01,"Johnson&Johnson, Moderna, Pfizer/BioNTech",6828226,6658703,13486929
2022-01-02,"Johnson&Johnson, Moderna, Pfizer/BioNTech",6829083,6660080,13489163
2022-01-03,"Johnson&Johnson, Moderna, Oxford/AstraZeneca, Pfizer/BioNTech",6833217,6668982,13502199
2022-01-04,"Johnson&Johnson, Moderna, Oxford/AstraZeneca, Pfizer/BioNTech",6838301,6676733,13515034
2022-01-05,"Johnson&Johnson, Moderna, Oxford/AstraZeneca, Pfizer/BioNTech",6844121,6684703,13528824
2022-01-06,"Johnson&Johnson, Moderna, Oxford/AstraZeneca, Pfizer/BioNTech",6850707,6693104,13543811
2022-01-07,"Johnson&Johnson, Moderna, Oxford/AstraZeneca, Pfizer/BioNTech",6858581,6703458,13562039
2022-01-08,"Johnson&Johnson, Moderna, Oxford/AstraZeneca, Pfizer/BioNTech",6861061,6706241,13567302
2022-01-09,"Johnson&Johnson, Moderna, Pfizer/BioNTech",6862143,6707935,13570078
2022-01-10,"Johnson&Johnson, Moderna, Oxford/AstraZeneca, Pfizer/BioNTech",6866639,6714121,13580760
2022-01-11,"Johnson&Johnson, Moderna, Oxford/AstraZeneca, Pfizer/BioNTech",6872078,6720875,13592953
2022-01-12,"Johnson&Johnson, Moderna, Oxford/AstraZeneca, Pfizer/BioNTech",6878028,6726518,13604546
2022-01-13,"Johnson&Johnson, Moderna, Oxford/AstraZeneca, Pfizer/BioNTech",6883911,6731293,13615204
2022-01-14,"Johnson&Johnson, Moderna, Oxford/AstraZeneca, Pfizer/BioNTech",6890210,6734926,13625136
2022-01-15,"Johnson&Johnson, Moderna, Oxford/AstraZeneca, Pfizer/BioNTech",6891487,6735580,13627067
2022-01-16,"Johnson&Johnson, Moderna, Oxford/AstraZeneca, Pfizer/BioNTech",6892174,6736017,13628191
2022-01-17,"Johnson&Johnson, Moderna, Oxford/AstraZeneca, Pfizer/BioNTech",6895726,6739973,13635699
2022-01-18,"Johnson&Johnson, Moderna, Oxford/AstraZeneca, Pfizer/BioNTech",6899577,6744922,13644499
2022-01-19,"Johnson&Johnson, Moderna, Oxford/AstraZeneca, Pfizer/BioNTech",6903644,6748854,13652498
2022-01-20,"Johnson&Johnson, Moderna, Oxford/AstraZeneca, Pfizer/BioNTech",6907238,6753299,13660537
2022-01-21,"Johnson&Johnson, Moderna, Oxford/AstraZeneca, Pfizer/BioNTech",6911233,6755826,13667059
2022-01-22,"Johnson&Johnson, Moderna, Pfizer/BioNTech",6912013,6756264,13668277
2022-01-23,"Johnson&Johnson, Moderna, Pfizer/BioNTech",6912574,6756898,13669472
2022-01-24,"Johnson&Johnson, Moderna, Oxford/AstraZeneca, Pfizer/BioNTech",6914840,6760332,13675172
2022-01-25,"Johnson&Johnson, Moderna, Oxford/AstraZeneca, Pfizer/BioNTech",6917193,6764326,13681519
2022-01-26,"Johnson&Johnson, Moderna, Oxford/AstraZeneca, Pfizer/BioNTech",6919577,6768890,13688467
2022-01-27,"Johnson&Johnson, Moderna, Oxford/AstraZeneca, Pfizer/BioNTech",6921901,6773699,13695600
2022-01-28,"Johnson&Johnson, Moderna, Oxford/AstraZeneca, Pfizer/BioNTech",6924813,6779858,13704671
2022-01-29,"Johnson&Johnson, Moderna, Pfizer/BioNTech",6925413,6781507,13706920
2022-01-30,"Johnson&Johnson, Moderna, Pfizer/BioNTech",6925640,6782284,13707924
2022-01-31,"Johnson&Johnson, Moderna, Pfizer/BioNTech",6927179,6786199,13713378
2022-02-01,"Johnson&Johnson, Moderna, Pfizer/BioNTech",6928773,6790231,13719004
2022-02-02,"Johnson&Johnson, Moderna, Pfizer/BioNTech",6930340,6794733,13725073
2022-02-03,"Johnson&Johnson, Moderna, Pfizer/BioNTech",6931713,6799209,13730922
2022-02-04,"Johnson&Johnson, Moderna, Pfizer/BioNTech",6933314,6804323,13737637
2022-02-05,"Johnson&Johnson, Moderna, Pfizer/BioNTech",6933487,6804932,13738419
2022-02-06,"Johnson&Johnson, Moderna, Pfizer/BioNTech",6933581,6805251,13738832
2022-02-07,"Johnson&Johnson, Moderna, Pfizer/BioNTech",6934278,6808460,13742738
2022-02-08,"Johnson&Johnson, Moderna, Pfizer/BioNTech",6935070,6811644,13746714
2022-02-09,"Johnson&Johnson, Moderna, Pfizer/BioNTech",6935893,6815014,13750907
2022-02-10,"Johnson&Johnson, Moderna, Pfizer/BioNTech",6936675,6818138,13754813
2022-02-11,"Johnson&Johnson, Moderna, Pfizer/BioNTech",6937622,6822045,13759667
2022-02-12,"Johnson&Johnson, Moderna, Pfizer/BioNTech",6937732,6822464,13760196
2022-02-13,"Johnson&Johnson, Moderna, Pfizer/BioNTech",6937765,6822901,13760666
2022-02-14,"Johnson&Johnson, Moderna, Pfizer/BioNTech",6938218,6825011,13763229
2022-02-15,"Johnson&Johnson, Moderna, Pfizer/BioNTech",6938767,6827213,13765980
2022-02-16,"Johnson&Johnson, Moderna, Pfizer/BioNTech",6939347,6829309,13768656
2022-02-17,"Johnson&Johnson, Moderna, Pfizer/BioNTech",6939937,6831643,13771580
2022-02-18,"Johnson&Johnson, Moderna, Pfizer/BioNTech",6940570,6834693,13775263
2022-02-19,"Johnson&Johnson, Moderna, Pfizer/BioNTech",6940649,6834974,13775623
2022-02-20,"Johnson&Johnson, Moderna, Pfizer/BioNTech",6940683,6835123,13775806
2022-02-21,"Johnson&Johnson, Moderna, Pfizer/BioNTech",6941036,6836820,13777856
2022-02-22,"Johnson&Johnson, Moderna, Oxford/AstraZeneca, Pfizer/BioNTech",6941406,6838495,13779901
2022-02-23,"Johnson&Johnson, Moderna, Pfizer/BioNTech",6941852,6840135,13781987
2022-02-24,"Johnson&Johnson, Moderna, Pfizer/BioNTech",6942267,6841763,13784030
2022-02-25,"Johnson&Johnson, Moderna, Pfizer/BioNTech",6942847,6843843,13786690
2022-02-26,"Johnson&Johnson, Moderna, Pfizer/BioNTech",6942908,6844002,13786910
2022-02-27,"Johnson&Johnson, Moderna, Pfizer/BioNTech",6942942,6844077,13787019
2022-02-28,"Johnson&Johnson, Moderna, Pfizer/BioNTech",6943181,6845044,13788225
2022-03-01,"Johnson&Johnson, Moderna, Pfizer/BioNTech",6943420,6845813,13789233
2022-03-02,"Johnson&Johnson, Moderna, Novavax, Pfizer/BioNTech",6943757,6846719,13790476
2022-03-03,"Johnson&Johnson, Moderna, Novavax, Pfizer/BioNTech",6944075,6847634,13791709
2022-03-04,"Johnson&Johnson, Moderna, Novavax, Pfizer/BioNTech",6944694,6848843,13793537
2022-03-05,"Johnson&Johnson, Moderna, Novavax, Pfizer/BioNTech",6944771,6848934,13793705
2022-03-06,"Moderna, Novavax, Pfizer/BioNTech",6944782,6848951,13793733
2022-03-07,"Johnson&Johnson, Moderna, Novavax, Pfizer/BioNTech",6945119,6849505,13794624
2022-03-08,"Johnson&Johnson, Moderna, Novavax, Pfizer/BioNTech",6945454,6850041,13795495
2022-03-09,"Johnson&Johnson, Moderna, Novavax, Pfizer/BioNTech",6945832,6850618,13796450
2022-03-10,"Johnson&Johnson, Moderna, Novavax, Pfizer/BioNTech",6946231,6851284,13797515
2022-03-11,"Johnson&Johnson, Moderna, Novavax, Pfizer/BioNTech",6946961,6852182,13799143
2022-03-12,"Johnson&Johnson, Moderna, Novavax, Pfizer/BioNTech",6947029,6852287,13799316
2022-03-13,"Johnson&Johnson, Moderna, Novavax, Pfizer/BioNTech",6947042,6852305,13799347
2022-03-14,"Johnson&Johnson, Moderna, Novavax, Pfizer/BioNTech",6947293,6852666,13799959
2022-03-15,"Johnson&Johnson, Moderna, Novavax, Pfizer/BioNTech",6947559,6853092,13800651
2022-03-16,"Johnson&Johnson, Moderna, Novavax, Pfizer/BioNTech",6947854,6853592,13801446
