date,vaccine,people_vaccinated,people_fully_vaccinated,total_vaccinations
2020-12-27,Pfizer/BioNTech,1283,0,1283
2020-12-28,Pfizer/BioNTech,3589,0,3589
2020-12-29,Pfizer/BioNTech,7056,0,7056
2020-12-30,Pfizer/BioNTech,10574,0,10574
2020-12-31,Pfizer/BioNTech,11883,0,11883
2021-01-01,"Moderna, Pfizer/BioNTech",12152,0,12152
2021-01-02,Pfizer/BioNTech,13431,0,13431
2021-01-03,Pfizer/BioNTech,14354,0,14354
2021-01-04,"Moderna, Pfizer/BioNTech",17966,0,17966
2021-01-05,"Moderna, Pfizer/BioNTech",22487,1,22488
2021-01-06,"Moderna, Pfizer/BioNTech",28331,2,28333
2021-01-07,"Moderna, Pfizer/BioNTech",36327,2,36329
2021-01-08,"Moderna, Pfizer/BioNTech",46378,3,46381
2021-01-09,"Moderna, Pfizer/BioNTech",48404,4,48408
2021-01-10,Pfizer/BioNTech,50171,5,50176
2021-01-11,Pfizer/BioNTech,60027,7,60034
2021-01-12,"Moderna, Pfizer/BioNTech",73476,9,73485
2021-01-13,Pfizer/BioNTech,87013,9,87022
2021-01-14,"Moderna, Pfizer/BioNTech",102258,13,102271
2021-01-15,"Moderna, Pfizer/BioNTech",116271,14,116285
2021-01-16,"Moderna, Pfizer/BioNTech",119671,18,119689
2021-01-17,"Moderna, Pfizer/BioNTech",122289,654,122943
2021-01-18,"Moderna, Pfizer/BioNTech",134776,2480,137256
2021-01-19,"Moderna, Pfizer/BioNTech",147378,5204,152582
2021-01-20,"Moderna, Pfizer/BioNTech",161062,7865,168927
2021-01-21,"Moderna, Pfizer/BioNTech",176710,9608,186318
2021-01-22,"Moderna, Pfizer/BioNTech",191590,10654,202244
2021-01-23,"Moderna, Pfizer/BioNTech",194911,11534,206445
2021-01-24,"Moderna, Pfizer/BioNTech",197166,12403,209569
2021-01-25,"Moderna, Pfizer/BioNTech",206808,15376,222184
2021-01-26,"Moderna, Pfizer/BioNTech",217347,19369,236716
2021-01-27,"Moderna, Pfizer/BioNTech",226376,23905,250281
2021-01-28,"Moderna, Pfizer/BioNTech",233477,30035,263512
2021-01-29,"Moderna, Pfizer/BioNTech",239693,37947,277640
2021-01-30,"Moderna, Pfizer/BioNTech",240431,39035,279466
2021-01-31,"Moderna, Pfizer/BioNTech",241145,40216,281361
2021-02-01,"Moderna, Pfizer/BioNTech",245125,48179,293304
2021-02-02,"Moderna, Pfizer/BioNTech",249270,58411,307681
2021-02-03,"Moderna, Pfizer/BioNTech",253691,69423,323114
2021-02-04,"Moderna, Pfizer/BioNTech",258588,82411,340999
2021-02-05,"Moderna, Pfizer/BioNTech",264055,93086,357141
2021-02-06,"Moderna, Oxford/AstraZeneca, Pfizer/BioNTech",264904,95453,360357
2021-02-07,"Moderna, Pfizer/BioNTech",265754,97954,363708
2021-02-08,"Moderna, Oxford/AstraZeneca, Pfizer/BioNTech",269836,109382,379218
2021-02-09,"Moderna, Oxford/AstraZeneca, Pfizer/BioNTech",274932,121293,396225
2021-02-10,"Moderna, Oxford/AstraZeneca, Pfizer/BioNTech",280440,134548,414988
2021-02-11,"Moderna, Oxford/AstraZeneca, Pfizer/BioNTech",286774,150762,437536
2021-02-12,"Moderna, Oxford/AstraZeneca, Pfizer/BioNTech",293594,165495,459089
2021-02-13,"Moderna, Oxford/AstraZeneca, Pfizer/BioNTech",295204,168484,463688
2021-02-14,"Moderna, Oxford/AstraZeneca, Pfizer/BioNTech",296205,169868,466073
2021-02-15,"Moderna, Oxford/AstraZeneca, Pfizer/BioNTech",302603,179231,481834
2021-02-16,"Moderna, Oxford/AstraZeneca, Pfizer/BioNTech",311319,188310,499629
2021-02-17,"Moderna, Oxford/AstraZeneca, Pfizer/BioNTech",321017,196613,517630
2021-02-18,"Moderna, Oxford/AstraZeneca, Pfizer/BioNTech",333333,204694,538027
2021-02-19,"Moderna, Oxford/AstraZeneca, Pfizer/BioNTech",345190,212059,557249
2021-02-20,"Moderna, Oxford/AstraZeneca, Pfizer/BioNTech",347190,213242,560432
2021-02-21,"Moderna, Oxford/AstraZeneca, Pfizer/BioNTech",348322,214265,562587
2021-02-22,"Moderna, Oxford/AstraZeneca, Pfizer/BioNTech",358442,220295,578737
2021-02-23,"Moderna, Oxford/AstraZeneca, Pfizer/BioNTech",371389,227276,598665
2021-02-24,"Moderna, Oxford/AstraZeneca, Pfizer/BioNTech",385258,233312,618570
2021-02-25,"Moderna, Oxford/AstraZeneca, Pfizer/BioNTech",403226,238862,642088
2021-02-26,"Moderna, Oxford/AstraZeneca, Pfizer/BioNTech",419390,244213,663603
2021-02-27,"Moderna, Oxford/AstraZeneca, Pfizer/BioNTech",422398,244769,667167
2021-02-28,"Moderna, Oxford/AstraZeneca, Pfizer/BioNTech",424746,245320,670066
2021-03-01,"Moderna, Oxford/AstraZeneca, Pfizer/BioNTech",444334,248768,693102
2021-03-02,"Moderna, Oxford/AstraZeneca, Pfizer/BioNTech",471555,252312,723867
2021-03-03,"Moderna, Oxford/AstraZeneca, Pfizer/BioNTech",502454,256815,759269
2021-03-04,"Moderna, Oxford/AstraZeneca, Pfizer/BioNTech",535729,261499,797228
2021-03-05,"Johnson&Johnson, Moderna, Oxford/AstraZeneca, Pfizer/BioNTech",564552,266919,831471
2021-03-06,"Johnson&Johnson, Moderna, Oxford/AstraZeneca, Pfizer/BioNTech",576697,267781,844478
2021-03-07,"Johnson&Johnson, Moderna, Oxford/AstraZeneca, Pfizer/BioNTech",588234,268622,856856
2021-03-08,"Johnson&Johnson, Moderna, Oxford/AstraZeneca, Pfizer/BioNTech",617972,273476,891448
2021-03-09,"Johnson&Johnson, Moderna, Oxford/AstraZeneca, Pfizer/BioNTech",654328,279855,934183
2021-03-10,"Moderna, Oxford/AstraZeneca, Pfizer/BioNTech",695635,286809,982444
2021-03-11,"Johnson&Johnson, Moderna, Oxford/AstraZeneca, Pfizer/BioNTech",740462,295178,1035640
2021-03-12,"Johnson&Johnson, Moderna, Oxford/AstraZeneca, Pfizer/BioNTech",779228,303672,1082900
2021-03-13,"Johnson&Johnson, Moderna, Oxford/AstraZeneca, Pfizer/BioNTech",796312,304979,1101291
2021-03-14,"Johnson&Johnson, Moderna, Oxford/AstraZeneca, Pfizer/BioNTech",808424,306131,1114555
2021-03-15,"Moderna, Oxford/AstraZeneca, Pfizer/BioNTech",836802,314905,1151707
2021-03-16,"Johnson&Johnson, Moderna, Oxford/AstraZeneca, Pfizer/BioNTech",875684,325441,1201125
2021-03-17,"Moderna, Oxford/AstraZeneca, Pfizer/BioNTech",913148,335945,1249093
2021-03-18,"Johnson&Johnson, Moderna, Oxford/AstraZeneca, Pfizer/BioNTech",951126,348357,1299483
2021-03-19,"Moderna, Oxford/AstraZeneca, Pfizer/BioNTech",985604,361965,1347569
2021-03-20,"Johnson&Johnson, Moderna, Oxford/AstraZeneca, Pfizer/BioNTech",1000747,363994,1364741
2021-03-21,"Johnson&Johnson, Moderna, Oxford/AstraZeneca, Pfizer/BioNTech",1008168,365552,1373720
2021-03-22,"Johnson&Johnson, Moderna, Oxford/AstraZeneca, Pfizer/BioNTech",1032729,378051,1410780
2021-03-23,"Johnson&Johnson, Moderna, Oxford/AstraZeneca, Pfizer/BioNTech",1059369,391402,1450771
2021-03-24,"Johnson&Johnson, Moderna, Oxford/AstraZeneca, Pfizer/BioNTech",1086228,407138,1493366
2021-03-25,"Moderna, Oxford/AstraZeneca, Pfizer/BioNTech",1112563,424988,1537551
2021-03-26,"Johnson&Johnson, Moderna, Oxford/AstraZeneca, Pfizer/BioNTech",1137363,442489,1579852
2021-03-27,"Johnson&Johnson, Moderna, Oxford/AstraZeneca, Pfizer/BioNTech",1145799,447335,1593134
2021-03-28,"Moderna, Oxford/AstraZeneca, Pfizer/BioNTech",1151337,451477,1602814
2021-03-29,"Johnson&Johnson, Moderna, Oxford/AstraZeneca, Pfizer/BioNTech",1170462,472211,1642673
2021-03-30,"Johnson&Johnson, Moderna, Oxford/AstraZeneca, Pfizer/BioNTech",1195148,494385,1689533
2021-03-31,"Johnson&Johnson, Moderna, Oxford/AstraZeneca, Pfizer/BioNTech",1218258,521442,1739700
2021-04-01,"Johnson&Johnson, Moderna, Oxford/AstraZeneca, Pfizer/BioNTech",1243899,553488,1797387
2021-04-02,"Johnson&Johnson, Moderna, Oxford/AstraZeneca, Pfizer/BioNTech",1250822,566274,1817096
2021-04-03,"Johnson&Johnson, Moderna, Oxford/AstraZeneca, Pfizer/BioNTech",1254447,577198,1831645
2021-04-04,"Johnson&Johnson, Moderna, Oxford/AstraZeneca, Pfizer/BioNTech",1256958,586117,1843075
2021-04-05,"Johnson&Johnson, Moderna, Oxford/AstraZeneca, Pfizer/BioNTech",1259366,593299,1852665
2021-04-06,"Johnson&Johnson, Moderna, Oxford/AstraZeneca, Pfizer/BioNTech",1275513,622555,1898068
2021-04-07,"Johnson&Johnson, Moderna, Oxford/AstraZeneca, Pfizer/BioNTech",1298939,644783,1943722
2021-04-08,"Johnson&Johnson, Moderna, Oxford/AstraZeneca, Pfizer/BioNTech",1337666,675797,2013463
2021-04-09,"Johnson&Johnson, Moderna, Oxford/AstraZeneca, Pfizer/BioNTech",1377207,705976,2083183
2021-04-10,"Johnson&Johnson, Moderna, Oxford/AstraZeneca, Pfizer/BioNTech",1392710,721266,2113976
2021-04-11,"Johnson&Johnson, Moderna, Oxford/AstraZeneca, Pfizer/BioNTech",1402491,731311,2133802
2021-04-12,"Johnson&Johnson, Moderna, Oxford/AstraZeneca, Pfizer/BioNTech",1440763,756447,2197210
2021-04-13,"Moderna, Oxford/AstraZeneca, Pfizer/BioNTech",1477020,782480,2259500
2021-04-14,"Moderna, Oxford/AstraZeneca, Pfizer/BioNTech",1515845,809840,2325685
2021-04-15,"Moderna, Oxford/AstraZeneca, Pfizer/BioNTech",1563641,835587,2399228
2021-04-16,"Moderna, Oxford/AstraZeneca, Pfizer/BioNTech",1608299,861235,2469534
2021-04-17,"Moderna, Oxford/AstraZeneca, Pfizer/BioNTech",1624990,870260,2495250
2021-04-18,"Moderna, Oxford/AstraZeneca, Pfizer/BioNTech",1637980,875241,2513221
2021-04-19,"Moderna, Oxford/AstraZeneca, Pfizer/BioNTech",1681955,890668,2572623
2021-04-20,"Johnson&Johnson, Moderna, Oxford/AstraZeneca, Pfizer/BioNTech",1724513,906525,2631038
2021-04-21,"Moderna, Oxford/AstraZeneca, Pfizer/BioNTech",1772244,920872,2693116
2021-04-22,"Johnson&Johnson, Moderna, Oxford/AstraZeneca, Pfizer/BioNTech",1826740,938249,2764989
2021-04-23,"Johnson&Johnson, Moderna, Oxford/AstraZeneca, Pfizer/BioNTech",1876713,950302,2827015
2021-04-24,"Johnson&Johnson, Moderna, Oxford/AstraZeneca, Pfizer/BioNTech",1894547,955549,2850096
2021-04-25,"Johnson&Johnson, Moderna, Oxford/AstraZeneca, Pfizer/BioNTech",1909242,959546,2868788
2021-04-26,"Johnson&Johnson, Moderna, Oxford/AstraZeneca, Pfizer/BioNTech",1958821,967094,2925915
2021-04-27,"Johnson&Johnson, Moderna, Oxford/AstraZeneca, Pfizer/BioNTech",2007778,979317,2987095
2021-04-28,"Johnson&Johnson, Moderna, Oxford/AstraZeneca, Pfizer/BioNTech",2066529,993310,3059839
2021-04-29,"Johnson&Johnson, Moderna, Oxford/AstraZeneca, Pfizer/BioNTech",2132083,1009201,3141284
2021-04-30,"Johnson&Johnson, Moderna, Oxford/AstraZeneca, Pfizer/BioNTech",2194319,1019169,3213488
2021-05-01,"Johnson&Johnson, Moderna, Oxford/AstraZeneca, Pfizer/BioNTech",2213654,1022621,3236275
2021-05-02,"Johnson&Johnson, Moderna, Oxford/AstraZeneca, Pfizer/BioNTech",2232570,1024886,3257456
2021-05-03,"Johnson&Johnson, Moderna, Oxford/AstraZeneca, Pfizer/BioNTech",2299814,1029939,3329753
2021-05-04,"Johnson&Johnson, Moderna, Oxford/AstraZeneca, Pfizer/BioNTech",2366314,1038274,3404588
2021-05-05,"Johnson&Johnson, Moderna, Oxford/AstraZeneca, Pfizer/BioNTech",2439472,1047677,3487149
2021-05-06,"Johnson&Johnson, Moderna, Oxford/AstraZeneca, Pfizer/BioNTech",2519851,1058400,3578251
2021-05-07,"Johnson&Johnson, Moderna, Oxford/AstraZeneca, Pfizer/BioNTech",2597094,1068466,3665560
2021-05-08,"Johnson&Johnson, Moderna, Oxford/AstraZeneca, Pfizer/BioNTech",2626534,1070231,3696765
2021-05-09,"Johnson&Johnson, Moderna, Oxford/AstraZeneca, Pfizer/BioNTech",2650735,1071438,3722173
2021-05-10,"Johnson&Johnson, Moderna, Oxford/AstraZeneca, Pfizer/BioNTech",2723493,1078655,3802148
2021-05-11,"Johnson&Johnson, Moderna, Oxford/AstraZeneca, Pfizer/BioNTech",2799579,1087451,3887030
2021-05-12,"Johnson&Johnson, Moderna, Oxford/AstraZeneca, Pfizer/BioNTech",2879438,1096551,3975989
2021-05-13,"Johnson&Johnson, Moderna, Oxford/AstraZeneca, Pfizer/BioNTech",2963440,1105707,4069147
2021-05-14,"Johnson&Johnson, Moderna, Oxford/AstraZeneca, Pfizer/BioNTech",3042883,1113494,4156377
2021-05-15,"Johnson&Johnson, Moderna, Oxford/AstraZeneca, Pfizer/BioNTech",3074767,1115738,4190505
2021-05-16,"Johnson&Johnson, Moderna, Oxford/AstraZeneca, Pfizer/BioNTech",3100522,1117001,4217523
2021-05-17,"Johnson&Johnson, Moderna, Oxford/AstraZeneca, Pfizer/BioNTech",3173011,1123724,4296735
2021-05-18,"Johnson&Johnson, Moderna, Oxford/AstraZeneca, Pfizer/BioNTech",3244928,1136790,4381718
2021-05-19,"Johnson&Johnson, Moderna, Oxford/AstraZeneca, Pfizer/BioNTech",3322375,1151921,4474296
2021-05-20,"Johnson&Johnson, Moderna, Oxford/AstraZeneca, Pfizer/BioNTech",3397808,1178944,4576752
2021-05-21,"Johnson&Johnson, Moderna, Oxford/AstraZeneca, Pfizer/BioNTech",3466560,1206693,4673253
2021-05-22,"Johnson&Johnson, Moderna, Oxford/AstraZeneca, Pfizer/BioNTech",3498923,1217870,4716793
2021-05-23,"Johnson&Johnson, Moderna, Oxford/AstraZeneca, Pfizer/BioNTech",3521275,1226903,4748178
2021-05-24,"Johnson&Johnson, Moderna, Oxford/AstraZeneca, Pfizer/BioNTech",3568395,1260553,4828948
2021-05-25,"Johnson&Johnson, Moderna, Oxford/AstraZeneca, Pfizer/BioNTech",3620223,1296344,4916567
2021-05-26,"Johnson&Johnson, Moderna, Oxford/AstraZeneca, Pfizer/BioNTech",3687961,1333855,5021816
2021-05-27,"Johnson&Johnson, Moderna, Oxford/AstraZeneca, Pfizer/BioNTech",3749334,1381171,5130505
2021-05-28,"Johnson&Johnson, Moderna, Oxford/AstraZeneca, Pfizer/BioNTech",3811014,1427726,5238740
2021-05-29,"Johnson&Johnson, Moderna, Oxford/AstraZeneca, Pfizer/BioNTech",3840181,1444821,5285002
2021-05-30,"Johnson&Johnson, Moderna, Oxford/AstraZeneca, Pfizer/BioNTech",3862536,1459254,5321790
2021-05-31,"Johnson&Johnson, Moderna, Oxford/AstraZeneca, Pfizer/BioNTech",3918259,1506778,5425037
2021-06-01,"Johnson&Johnson, Moderna, Oxford/AstraZeneca, Pfizer/BioNTech",3977264,1555608,5532872
2021-06-02,"Johnson&Johnson, Moderna, Oxford/AstraZeneca, Pfizer/BioNTech",4040136,1609565,5649701
2021-06-03,"Johnson&Johnson, Moderna, Oxford/AstraZeneca, Pfizer/BioNTech",4098336,1669750,5768086
2021-06-04,"Johnson&Johnson, Moderna, Oxford/AstraZeneca, Pfizer/BioNTech",4161406,1727140,5888546
2021-06-05,"Johnson&Johnson, Moderna, Oxford/AstraZeneca, Pfizer/BioNTech",4195537,1745968,5941505
2021-06-06,"Johnson&Johnson, Moderna, Oxford/AstraZeneca, Pfizer/BioNTech",4222445,1761099,5983544
2021-06-07,"Johnson&Johnson, Moderna, Oxford/AstraZeneca, Pfizer/BioNTech",4286117,1816702,6102819
2021-06-08,"Johnson&Johnson, Moderna, Oxford/AstraZeneca, Pfizer/BioNTech",4350084,1871663,6221747
2021-06-09,"Johnson&Johnson, Moderna, Oxford/AstraZeneca, Pfizer/BioNTech",4409231,1936206,6345437
2021-06-10,"Johnson&Johnson, Moderna, Oxford/AstraZeneca, Pfizer/BioNTech",4463076,2007395,6470471
2021-06-11,"Johnson&Johnson, Moderna, Oxford/AstraZeneca, Pfizer/BioNTech",4515161,2077117,6592278
2021-06-12,"Johnson&Johnson, Moderna, Oxford/AstraZeneca, Pfizer/BioNTech",4547160,2097894,6645054
2021-06-13,"Johnson&Johnson, Moderna, Oxford/AstraZeneca, Pfizer/BioNTech",4571167,2116282,6687449
2021-06-14,"Johnson&Johnson, Moderna, Oxford/AstraZeneca, Pfizer/BioNTech",4614229,2190630,6804859
2021-06-15,"Johnson&Johnson, Moderna, Oxford/AstraZeneca, Pfizer/BioNTech",4658862,2262946,6921808
2021-06-16,"Johnson&Johnson, Moderna, Oxford/AstraZeneca, Pfizer/BioNTech",4701582,2341122,7042704
2021-06-17,"Johnson&Johnson, Moderna, Oxford/AstraZeneca, Pfizer/BioNTech",4740944,2424142,7165086
2021-06-18,"Johnson&Johnson, Moderna, Oxford/AstraZeneca, Pfizer/BioNTech",4783330,2504613,7287943
2021-06-19,"Johnson&Johnson, Moderna, Oxford/AstraZeneca, Pfizer/BioNTech",4805079,2533862,7338941
2021-06-20,"Johnson&Johnson, Moderna, Oxford/AstraZeneca, Pfizer/BioNTech",4822440,2557660,7380100
2021-06-21,"Johnson&Johnson, Moderna, Oxford/AstraZeneca, Pfizer/BioNTech",4854932,2636178,7491110
2021-06-22,"Johnson&Johnson, Moderna, Oxford/AstraZeneca, Pfizer/BioNTech",4887885,2718380,7606265
2021-06-23,"Johnson&Johnson, Moderna, Oxford/AstraZeneca, Pfizer/BioNTech",4919522,2803544,7723066
2021-06-24,"Johnson&Johnson, Moderna, Oxford/AstraZeneca, Pfizer/BioNTech",4949347,2893502,7842849
2021-06-25,"Johnson&Johnson, Moderna, Oxford/AstraZeneca, Pfizer/BioNTech",4980397,2979578,7959975
2021-06-26,"Johnson&Johnson, Moderna, Oxford/AstraZeneca, Pfizer/BioNTech",4996256,3014355,8010611
2021-06-27,"Johnson&Johnson, Moderna, Oxford/AstraZeneca, Pfizer/BioNTech",5010196,3040971,8051167
2021-06-28,"Johnson&Johnson, Moderna, Oxford/AstraZeneca, Pfizer/BioNTech",5038591,3126091,8164682
2021-06-29,"Johnson&Johnson, Moderna, Oxford/AstraZeneca, Pfizer/BioNTech",5067850,3212507,8280357
2021-06-30,"Johnson&Johnson, Moderna, Oxford/AstraZeneca, Pfizer/BioNTech",5095320,3303432,8398752
2021-07-01,"Johnson&Johnson, Moderna, Oxford/AstraZeneca, Pfizer/BioNTech",5119282,3393436,8512718
2021-07-02,"Johnson&Johnson, Moderna, Oxford/AstraZeneca, Pfizer/BioNTech",5145983,3479228,8625211
2021-07-03,"Johnson&Johnson, Moderna, Oxford/AstraZeneca, Pfizer/BioNTech",5153055,3510707,8663762
2021-07-04,"Johnson&Johnson, Moderna, Oxford/AstraZeneca, Pfizer/BioNTech",5160605,3532481,8693086
2021-07-05,"Johnson&Johnson, Moderna, Oxford/AstraZeneca, Pfizer/BioNTech",5167966,3557828,8725794
2021-07-06,"Johnson&Johnson, Moderna, Oxford/AstraZeneca, Pfizer/BioNTech",5173375,3585445,8758820
2021-07-07,"Johnson&Johnson, Moderna, Oxford/AstraZeneca, Pfizer/BioNTech",5199153,3664369,8863522
2021-07-08,"Johnson&Johnson, Moderna, Oxford/AstraZeneca, Pfizer/BioNTech",5225739,3734637,8960376
2021-07-09,"Johnson&Johnson, Moderna, Oxford/AstraZeneca, Pfizer/BioNTech",5253648,3803848,9057496
2021-07-10,"Johnson&Johnson, Moderna, Oxford/AstraZeneca, Pfizer/BioNTech",5262990,3832442,9095432
2021-07-11,"Johnson&Johnson, Moderna, Oxford/AstraZeneca, Pfizer/BioNTech",5271510,3855299,9126809
2021-07-12,"Johnson&Johnson, Moderna, Oxford/AstraZeneca, Pfizer/BioNTech",5299023,3924333,9223356
2021-07-13,"Johnson&Johnson, Moderna, Oxford/AstraZeneca, Pfizer/BioNTech",5325195,3994146,9319341
2021-07-14,"Johnson&Johnson, Moderna, Oxford/AstraZeneca, Pfizer/BioNTech",5350997,4066062,9417059
2021-07-15,"Johnson&Johnson, Moderna, Oxford/AstraZeneca, Pfizer/BioNTech",5380157,4132002,9512159
2021-07-16,"Johnson&Johnson, Moderna, Oxford/AstraZeneca, Pfizer/BioNTech",5408066,4204649,9612715
2021-07-17,"Johnson&Johnson, Moderna, Oxford/AstraZeneca, Pfizer/BioNTech",5416829,4236047,9652876
2021-07-18,"Johnson&Johnson, Moderna, Oxford/AstraZeneca, Pfizer/BioNTech",5425266,4262014,9687280
2021-07-19,"Johnson&Johnson, Moderna, Oxford/AstraZeneca, Pfizer/BioNTech",5448608,4328988,9777596
2021-07-20,"Johnson&Johnson, Moderna, Oxford/AstraZeneca, Pfizer/BioNTech",5469979,4395969,9865948
2021-07-21,"Johnson&Johnson, Moderna, Oxford/AstraZeneca, Pfizer/BioNTech",5493420,4459371,9952791
2021-07-22,"Johnson&Johnson, Moderna, Oxford/AstraZeneca, Pfizer/BioNTech",5515772,4517931,10033703
2021-07-23,"Johnson&Johnson, Moderna, Oxford/AstraZeneca, Pfizer/BioNTech",5538958,4572613,10111571
2021-07-24,"Johnson&Johnson, Moderna, Oxford/AstraZeneca, Pfizer/BioNTech",5546265,4600238,10146503
2021-07-25,"Johnson&Johnson, Moderna, Oxford/AstraZeneca, Pfizer/BioNTech",5552878,4622335,10175213
2021-07-26,"Johnson&Johnson, Moderna, Oxford/AstraZeneca, Pfizer/BioNTech",5576406,4670953,10247359
2021-07-27,"Johnson&Johnson, Moderna, Oxford/AstraZeneca, Pfizer/BioNTech",5599127,4717515,10316642
2021-07-28,"Johnson&Johnson, Moderna, Oxford/AstraZeneca, Pfizer/BioNTech",5620367,4763428,10383795
2021-07-29,"Johnson&Johnson, Moderna, Oxford/AstraZeneca, Pfizer/BioNTech",5641677,4805312,10446989
2021-07-30,"Johnson&Johnson, Moderna, Oxford/AstraZeneca, Pfizer/BioNTech",5664942,4847799,10512741
2021-07-31,"Johnson&Johnson, Moderna, Oxford/AstraZeneca, Pfizer/BioNTech",5673859,4867299,10541158
2021-08-01,"Johnson&Johnson, Moderna, Oxford/AstraZeneca, Pfizer/BioNTech",5680572,4883445,10564017
2021-08-02,"Johnson&Johnson, Moderna, Oxford/AstraZeneca, Pfizer/BioNTech",5699190,4920942,10620132
2021-08-03,"Johnson&Johnson, Moderna, Oxford/AstraZeneca, Pfizer/BioNTech",5716809,4958985,10675794
2021-08-04,"Johnson&Johnson, Moderna, Oxford/AstraZeneca, Pfizer/BioNTech",5732893,4995665,10728558
2021-08-05,"Johnson&Johnson, Moderna, Oxford/AstraZeneca, Pfizer/BioNTech",5748916,5036083,10784999
2021-08-06,"Johnson&Johnson, Moderna, Oxford/AstraZeneca, Pfizer/BioNTech",5765692,5079310,10845002
2021-08-07,"Johnson&Johnson, Moderna, Oxford/AstraZeneca, Pfizer/BioNTech",5771281,5097448,10868729
2021-08-08,"Johnson&Johnson, Moderna, Oxford/AstraZeneca, Pfizer/BioNTech",5775633,5113179,10888812
2021-08-09,"Johnson&Johnson, Moderna, Oxford/AstraZeneca, Pfizer/BioNTech",5788266,5158182,10946448
2021-08-10,"Johnson&Johnson, Moderna, Oxford/AstraZeneca, Pfizer/BioNTech",5800093,5197703,10997796
2021-08-11,"Johnson&Johnson, Moderna, Oxford/AstraZeneca, Pfizer/BioNTech",5811447,5240786,11052233
2021-08-12,"Johnson&Johnson, Moderna, Oxford/AstraZeneca, Pfizer/BioNTech",5822861,5277863,11100724
2021-08-13,"Johnson&Johnson, Moderna, Oxford/AstraZeneca, Pfizer/BioNTech",5833578,5318154,11151732
2021-08-14,"Johnson&Johnson, Moderna, Oxford/AstraZeneca, Pfizer/BioNTech",5836913,5328831,11165744
2021-08-15,"Johnson&Johnson, Moderna, Oxford/AstraZeneca, Pfizer/BioNTech",5839495,5339185,11178680
2021-08-16,"Johnson&Johnson, Moderna, Oxford/AstraZeneca, Pfizer/BioNTech",5849278,5373217,11222495
2021-08-17,"Johnson&Johnson, Moderna, Oxford/AstraZeneca, Pfizer/BioNTech",5858866,5400280,11259146
2021-08-18,"Johnson&Johnson, Moderna, Oxford/AstraZeneca, Pfizer/BioNTech",5868232,5439119,11307351
2021-08-19,"Johnson&Johnson, Moderna, Oxford/AstraZeneca, Pfizer/BioNTech",5877891,5477436,11355327
2021-08-20,"Johnson&Johnson, Moderna, Oxford/AstraZeneca, Pfizer/BioNTech",5889268,5517597,11406865
2021-08-21,"Johnson&Johnson, Moderna, Oxford/AstraZeneca, Pfizer/BioNTech",5891983,5530334,11422317
2021-08-22,"Johnson&Johnson, Moderna, Oxford/AstraZeneca, Pfizer/BioNTech",5894322,5542287,11436609
2021-08-23,"Johnson&Johnson, Moderna, Oxford/AstraZeneca, Pfizer/BioNTech",5904849,5581523,11486372
2021-08-24,"Johnson&Johnson, Moderna, Oxford/AstraZeneca, Pfizer/BioNTech",5914713,5614744,11529457
2021-08-25,"Johnson&Johnson, Moderna, Oxford/AstraZeneca, Pfizer/BioNTech",5923575,5643088,11566663
2021-08-26,"Johnson&Johnson, Moderna, Oxford/AstraZeneca, Pfizer/BioNTech",5932015,5669192,11601207
2021-08-27,"Johnson&Johnson, Moderna, Oxford/AstraZeneca, Pfizer/BioNTech",5942328,5695115,11637443
2021-08-28,"Johnson&Johnson, Moderna, Oxford/AstraZeneca, Pfizer/BioNTech",5945049,5702144,11647193
2021-08-29,"Johnson&Johnson, Moderna, Oxford/AstraZeneca, Pfizer/BioNTech",5947452,5708756,11656208
2021-08-30,"Johnson&Johnson, Moderna, Oxford/AstraZeneca, Pfizer/BioNTech",5955969,5730604,11686573
2021-08-31,"Johnson&Johnson, Moderna, Oxford/AstraZeneca, Pfizer/BioNTech",5963635,5748662,11712297
2021-09-01,"Johnson&Johnson, Moderna, Oxford/AstraZeneca, Pfizer/BioNTech",5969515,5762634,11732149
2021-09-02,"Johnson&Johnson, Moderna, Oxford/AstraZeneca, Pfizer/BioNTech",5976342,5776999,11753341
2021-09-03,"Johnson&Johnson, Moderna, Oxford/AstraZeneca, Pfizer/BioNTech",5985896,5792686,11778582
2021-09-04,"Johnson&Johnson, Moderna, Oxford/AstraZeneca, Pfizer/BioNTech",5987959,5796233,11784192
2021-09-05,"Johnson&Johnson, Moderna, Oxford/AstraZeneca, Pfizer/BioNTech",5989992,5799073,11789065
2021-09-06,"Johnson&Johnson, Moderna, Oxford/AstraZeneca, Pfizer/BioNTech",5996218,5811583,11807801
2021-09-07,"Johnson&Johnson, Moderna, Oxford/AstraZeneca, Pfizer/BioNTech",6000597,5822670,11823267
2021-09-08,"Johnson&Johnson, Moderna, Oxford/AstraZeneca, Pfizer/BioNTech",6006257,5832500,11838757
2021-09-09,"Johnson&Johnson, Moderna, Oxford/AstraZeneca, Pfizer/BioNTech",6012935,5842552,11855487
2021-09-10,"Johnson&Johnson, Moderna, Oxford/AstraZeneca, Pfizer/BioNTech",6020616,5854715,11875331
2021-09-11,"Johnson&Johnson, Moderna, Oxford/AstraZeneca, Pfizer/BioNTech",6022477,5857187,11879664
2021-09-12,"Johnson&Johnson, Moderna, Oxford/AstraZeneca, Pfizer/BioNTech",6023591,5858810,11882401
2021-09-13,"Johnson&Johnson, Moderna, Oxford/AstraZeneca, Pfizer/BioNTech",6029013,5869092,11898105
2021-09-14,"Johnson&Johnson, Moderna, Oxford/AstraZeneca, Pfizer/BioNTech",6034397,5878094,11912491
2021-09-15,"Johnson&Johnson, Moderna, Oxford/AstraZeneca, Pfizer/BioNTech",6039586,5886609,11926195
2021-09-16,"Johnson&Johnson, Moderna, Oxford/AstraZeneca, Pfizer/BioNTech",6044928,5894869,11939797
2021-09-17,"Johnson&Johnson, Moderna, Oxford/AstraZeneca, Pfizer/BioNTech",6051494,5905080,11956574
2021-09-18,"Johnson&Johnson, Moderna, Oxford/AstraZeneca, Pfizer/BioNTech",6053218,5907429,11960647
2021-09-19,"Johnson&Johnson, Moderna, Oxford/AstraZeneca, Pfizer/BioNTech",6054158,5908993,11963151
2021-09-20,"Johnson&Johnson, Moderna, Oxford/AstraZeneca, Pfizer/BioNTech",6058164,5917177,11975341
2021-09-21,"Johnson&Johnson, Moderna, Oxford/AstraZeneca, Pfizer/BioNTech",6062390,5924705,11987095
2021-09-22,"Johnson&Johnson, Moderna, Oxford/AstraZeneca, Pfizer/BioNTech",6066565,5930212,11996777
2021-09-23,"Johnson&Johnson, Moderna, Oxford/AstraZeneca, Pfizer/BioNTech",6071540,5936613,12008153
2021-09-24,"Johnson&Johnson, Moderna, Oxford/AstraZeneca, Pfizer/BioNTech",6077292,5946220,12023512
2021-09-25,"Johnson&Johnson, Moderna, Oxford/AstraZeneca, Pfizer/BioNTech",6078782,5948206,12026988
2021-09-26,"Johnson&Johnson, Moderna, Pfizer/BioNTech",6079522,5949836,12029358
2021-09-27,"Johnson&Johnson, Moderna, Oxford/AstraZeneca, Pfizer/BioNTech",6083398,5956324,12039722
2021-09-28,"Johnson&Johnson, Moderna, Pfizer/BioNTech",6083756,5956929,12040685
2021-09-29,"Johnson&Johnson, Moderna, Oxford/AstraZeneca, Pfizer/BioNTech",6087527,5964374,12051901
2021-09-30,"Johnson&Johnson, Moderna, Oxford/AstraZeneca, Pfizer/BioNTech",6092023,5972062,12064085
2021-10-01,"Johnson&Johnson, Moderna, Oxford/AstraZeneca, Pfizer/BioNTech",6096309,5980016,12076325
2021-10-02,"Johnson&Johnson, Moderna, Oxford/AstraZeneca, Pfizer/BioNTech",6097368,5981551,12078919
2021-10-03,"Johnson&Johnson, Moderna, Pfizer/BioNTech",6098083,5982412,12080495
2021-10-04,"Johnson&Johnson, Moderna, Oxford/AstraZeneca, Pfizer/BioNTech",6101151,5987974,12089125
2021-10-05,"Johnson&Johnson, Moderna, Oxford/AstraZeneca, Pfizer/BioNTech",6104306,5993035,12097341
2021-10-06,"Johnson&Johnson, Moderna, Oxford/AstraZeneca, Pfizer/BioNTech",6107816,5998191,12106007
2021-10-07,"Johnson&Johnson, Moderna, Oxford/AstraZeneca, Pfizer/BioNTech",6111088,6003436,12114524
2021-10-08,"Johnson&Johnson, Moderna, Oxford/AstraZeneca, Pfizer/BioNTech",6115869,6010053,12125922
2021-10-09,"Johnson&Johnson, Moderna, Oxford/AstraZeneca, Pfizer/BioNTech",6117110,6011705,12128815
2021-10-10,"Johnson&Johnson, Moderna, Oxford/AstraZeneca, Pfizer/BioNTech",6118050,6012534,12130584
2021-10-11,"Johnson&Johnson, Moderna, Oxford/AstraZeneca, Pfizer/BioNTech",6120979,6016939,12137918
2021-10-12,"Johnson&Johnson, Moderna, Oxford/AstraZeneca, Pfizer/BioNTech",6123897,6020931,12144828
2021-10-13,"Johnson&Johnson, Moderna, Oxford/AstraZeneca, Pfizer/BioNTech",6127430,6025110,12152540
2021-10-14,"Johnson&Johnson, Moderna, Oxford/AstraZeneca, Pfizer/BioNTech",6131103,6030051,12161154
2021-10-15,"Johnson&Johnson, Moderna, Oxford/AstraZeneca, Pfizer/BioNTech",6136329,6036179,12172508
2021-10-16,"Johnson&Johnson, Moderna, Oxford/AstraZeneca, Pfizer/BioNTech",6137725,6037694,12175419
2021-10-17,"Johnson&Johnson, Moderna, Pfizer/BioNTech",6139044,6038747,12177791
2021-10-18,"Johnson&Johnson, Moderna, Oxford/AstraZeneca, Pfizer/BioNTech",6143153,6042837,12185990
2021-10-19,"Johnson&Johnson, Moderna, Oxford/AstraZeneca, Pfizer/BioNTech",6146725,6044921,12191646
2021-10-20,"Johnson&Johnson, Moderna, Oxford/AstraZeneca, Pfizer/BioNTech",6151588,6049363,12200951
2021-10-21,"Johnson&Johnson, Moderna, Oxford/AstraZeneca, Pfizer/BioNTech",6159342,6054951,12214293
2021-10-22,"Johnson&Johnson, Moderna, Oxford/AstraZeneca, Pfizer/BioNTech",6169785,6061447,12231232
2021-10-23,"Johnson&Johnson, Moderna, Pfizer/BioNTech",6173456,6063647,12237103
2021-10-24,"Johnson&Johnson, Moderna, Pfizer/BioNTech",6176140,6065419,12241559
2021-10-25,"Johnson&Johnson, Moderna, Oxford/AstraZeneca, Pfizer/BioNTech",6186621,6071213,12257834
2021-10-26,"Johnson&Johnson, Moderna, Oxford/AstraZeneca, Pfizer/BioNTech",6198594,6077751,12276345
2021-10-27,"Johnson&Johnson, Moderna, Oxford/AstraZeneca, Pfizer/BioNTech",6213187,6085144,12298331
2021-10-28,"Johnson&Johnson, Moderna, Oxford/AstraZeneca, Pfizer/BioNTech",6216596,6086813,12303409
2021-10-29,"Johnson&Johnson, Moderna, Oxford/AstraZeneca, Pfizer/BioNTech",6231013,6094774,12325787
2021-10-30,"Johnson&Johnson, Moderna, Pfizer/BioNTech",6235541,6097688,12333229
2021-10-31,"Johnson&Johnson, Moderna, Oxford/AstraZeneca, Pfizer/BioNTech",6239303,6100158,12339461
2021-11-01,"Johnson&Johnson, Moderna, Oxford/AstraZeneca, Pfizer/BioNTech",6254489,6107841,12362330
2021-11-02,"Johnson&Johnson, Moderna, Oxford/AstraZeneca, Pfizer/BioNTech",6269928,6115389,12385317
2021-11-03,"Johnson&Johnson, Moderna, Oxford/AstraZeneca, Pfizer/BioNTech",6287098,6122675,12409773
2021-11-04,"Johnson&Johnson, Moderna, Oxford/AstraZeneca, Pfizer/BioNTech",6305428,6130839,12436267
2021-11-05,"Johnson&Johnson, Moderna, Oxford/AstraZeneca, Pfizer/BioNTech",6328204,6142101,12470305
2021-11-06,"Johnson&Johnson, Moderna, Oxford/AstraZeneca, Pfizer/BioNTech",6334706,6145149,12479855
2021-11-07,"Johnson&Johnson, Moderna, Oxford/AstraZeneca, Pfizer/BioNTech",6338721,6147580,12486301
2021-11-08,"Johnson&Johnson, Moderna, Oxford/AstraZeneca, Pfizer/BioNTech",6354978,6155204,12510182
2021-11-09,"Johnson&Johnson, Moderna, Oxford/AstraZeneca, Pfizer/BioNTech",6369738,6162490,12532228
2021-11-10,"Johnson&Johnson, Moderna, Oxford/AstraZeneca, Pfizer/BioNTech",6385438,6169856,12555294
2021-11-11,"Johnson&Johnson, Moderna, Oxford/AstraZeneca, Pfizer/BioNTech",6400825,6178950,12579775
2021-11-12,"Johnson&Johnson, Moderna, Oxford/AstraZeneca, Pfizer/BioNTech",6420587,6191717,12612304
2021-11-13,"Johnson&Johnson, Moderna, Oxford/AstraZeneca, Pfizer/BioNTech",6425967,6195576,12621543
2021-11-14,"Johnson&Johnson, Moderna, Oxford/AstraZeneca, Pfizer/BioNTech",6429847,6198576,12628423
2021-11-15,"Johnson&Johnson, Moderna, Oxford/AstraZeneca, Pfizer/BioNTech",6444893,6209255,12654148
2021-11-16,"Johnson&Johnson, Moderna, Oxford/AstraZeneca, Pfizer/BioNTech",6462352,6221220,12683572
2021-11-17,"Johnson&Johnson, Moderna, Oxford/AstraZeneca, Pfizer/BioNTech",6466568,6224777,12691345
2021-11-18,"Johnson&Johnson, Moderna, Oxford/AstraZeneca, Pfizer/BioNTech",6485914,6236441,12722355
2021-11-19,"Johnson&Johnson, Moderna, Oxford/AstraZeneca, Pfizer/BioNTech",6510402,6253401,12763803
2021-11-20,"Johnson&Johnson, Moderna, Oxford/AstraZeneca, Pfizer/BioNTech",6518954,6258371,12777325
2021-11-21,"Johnson&Johnson, Moderna, Oxford/AstraZeneca, Pfizer/BioNTech",6525707,6262137,12787844
2021-11-22,"Johnson&Johnson, Moderna, Oxford/AstraZeneca, Pfizer/BioNTech",6544069,6276220,12820289
2021-11-23,"Johnson&Johnson, Moderna, Oxford/AstraZeneca, Pfizer/BioNTech",6562954,6289459,12852413
2021-11-24,"Johnson&Johnson, Moderna, Oxford/AstraZeneca, Pfizer/BioNTech",6581820,6305279,12887099
2021-11-25,"Johnson&Johnson, Moderna, Oxford/AstraZeneca, Pfizer/BioNTech",6600845,6320285,12921130
2021-11-26,"Johnson&Johnson, Moderna, Oxford/AstraZeneca, Pfizer/BioNTech",6622340,6339360,12961700
2021-11-27,"Johnson&Johnson, Moderna, Oxford/AstraZeneca, Pfizer/BioNTech",6629742,6344887,12974629
2021-11-28,"Johnson&Johnson, Moderna, Pfizer/BioNTech",6633053,6348016,12981069
2021-11-29,"Johnson&Johnson, Moderna, Oxford/AstraZeneca, Pfizer/BioNTech",6648183,6361633,13009816
2021-11-30,"Johnson&Johnson, Moderna, Oxford/AstraZeneca, Pfizer/BioNTech",6661318,6372817,13034135
2021-12-01,"Johnson&Johnson, Moderna, Oxford/AstraZeneca, Pfizer/BioNTech",6675205,6385200,13060405
2021-12-02,"Johnson&Johnson, Moderna, Oxford/AstraZeneca, Pfizer/BioNTech",6685768,6397615,13083383
2021-12-03,"Johnson&Johnson, Moderna, Oxford/AstraZeneca, Pfizer/BioNTech",6695302,6413090,13108392
2021-12-04,"Johnson&Johnson, Moderna, Oxford/AstraZeneca, Pfizer/BioNTech",6697826,6417017,13114843
2021-12-05,"Johnson&Johnson, Moderna, Oxford/AstraZeneca, Pfizer/BioNTech",6699164,6419333,13118497
2021-12-06,"Johnson&Johnson, Moderna, Oxford/AstraZeneca, Pfizer/BioNTech",6707243,6430787,13138030
2021-12-07,"Johnson&Johnson, Moderna, Oxford/AstraZeneca, Pfizer/BioNTech",6714999,6442697,13157696
2021-12-08,"Johnson&Johnson, Moderna, Oxford/AstraZeneca, Pfizer/BioNTech",6723183,6448565,13171748
2021-12-09,"Johnson&Johnson, Moderna, Oxford/AstraZeneca, Pfizer/BioNTech",6730217,6461269,13191486
2021-12-10,"Johnson&Johnson, Moderna, Oxford/AstraZeneca, Pfizer/BioNTech",6737035,6478913,13215948
2021-12-11,"Johnson&Johnson, Moderna, Oxford/AstraZeneca, Pfizer/BioNTech",6738670,6484144,13222814
2021-12-12,"Johnson&Johnson, Moderna, Oxford/AstraZeneca, Pfizer/BioNTech",6739968,6488566,13228534
2021-12-13,"Johnson&Johnson, Moderna, Oxford/AstraZeneca, Pfizer/BioNTech",6746285,6501769,13248054
2021-12-14,"Johnson&Johnson, Moderna, Oxford/AstraZeneca, Pfizer/BioNTech",6752368,6515156,13267524
2021-12-15,"Johnson&Johnson, Moderna, Oxford/AstraZeneca, Pfizer/BioNTech",6758133,6528247,13286380
