date,vaccine,people_vaccinated,people_fully_vaccinated,total_vaccinations
2020-12-27,Pfizer/BioNTech,1287,0,1287
2020-12-28,Pfizer/BioNTech,3590,0,3590
2020-12-29,Pfizer/BioNTech,7061,1,7062
2020-12-30,Pfizer/BioNTech,10577,1,10578
2020-12-31,Pfizer/BioNTech,11890,1,11891
2021-01-01,"Moderna, Pfizer/BioNTech",12161,1,12162
2021-01-02,"Moderna, Pfizer/BioNTech",13447,2,13449
2021-01-03,"Moderna, Pfizer/BioNTech",14374,2,14376
2021-01-04,"Moderna, Pfizer/BioNTech",17984,2,17986
2021-01-05,"Moderna, Pfizer/BioNTech",22509,3,22512
2021-01-06,"Moderna, Pfizer/BioNTech",28355,4,28359
2021-01-07,"Moderna, Pfizer/BioNTech",36354,4,36358
2021-01-08,"Moderna, Pfizer/BioNTech",46407,5,46412
2021-01-09,"Moderna, Pfizer/BioNTech",48433,7,48440
2021-01-10,Pfizer/BioNTech,50205,9,50214
2021-01-11,"Moderna, Pfizer/BioNTech",60062,11,60073
2021-01-12,"Moderna, Pfizer/BioNTech",73517,13,73530
2021-01-13,"Moderna, Pfizer/BioNTech",87063,14,87077
2021-01-14,"Moderna, Pfizer/BioNTech",102316,18,102334
2021-01-15,"Moderna, Pfizer/BioNTech",116336,19,116355
2021-01-16,"Moderna, Pfizer/BioNTech",119740,23,119763
2021-01-17,"Moderna, Pfizer/BioNTech",122361,659,123020
2021-01-18,"Moderna, Pfizer/BioNTech",134854,2486,137340
2021-01-19,"Moderna, Pfizer/BioNTech",147465,5215,152680
2021-01-20,"Moderna, Pfizer/BioNTech",161163,7880,169043
2021-01-21,"Moderna, Pfizer/BioNTech",176816,9623,186439
2021-01-22,"Moderna, Pfizer/BioNTech",191708,10668,202376
2021-01-23,"Moderna, Pfizer/BioNTech",195026,11548,206574
2021-01-24,"Moderna, Pfizer/BioNTech",197282,12419,209701
2021-01-25,"Moderna, Pfizer/BioNTech",206937,15389,222326
2021-01-26,"Moderna, Pfizer/BioNTech",217485,19380,236865
2021-01-27,"Moderna, Pfizer/BioNTech",226517,23915,250432
2021-01-28,"Moderna, Pfizer/BioNTech",233623,30049,263672
2021-01-29,"Moderna, Pfizer/BioNTech",239839,37958,277797
2021-01-30,"Moderna, Pfizer/BioNTech",240580,39046,279626
2021-01-31,"Moderna, Pfizer/BioNTech",241299,40228,281527
2021-02-01,"Moderna, Pfizer/BioNTech",245282,48198,293480
2021-02-02,"Moderna, Pfizer/BioNTech",249437,58438,307875
2021-02-03,"Moderna, Pfizer/BioNTech",253864,69458,323322
2021-02-04,"Moderna, Pfizer/BioNTech",258771,82451,341222
2021-02-05,"Moderna, Pfizer/BioNTech",264245,93125,357370
2021-02-06,"Moderna, Oxford/AstraZeneca, Pfizer/BioNTech",265102,95491,360593
2021-02-07,"Moderna, Oxford/AstraZeneca, Pfizer/BioNTech",265953,97991,363944
2021-02-08,"Moderna, Oxford/AstraZeneca, Pfizer/BioNTech",270046,109420,379466
2021-02-09,"Moderna, Oxford/AstraZeneca, Pfizer/BioNTech",275158,121333,396491
2021-02-10,"Moderna, Oxford/AstraZeneca, Pfizer/BioNTech",280677,134594,415271
2021-02-11,"Moderna, Oxford/AstraZeneca, Pfizer/BioNTech",287019,150814,437833
2021-02-12,"Moderna, Oxford/AstraZeneca, Pfizer/BioNTech",293847,165564,459411
2021-02-13,"Moderna, Oxford/AstraZeneca, Pfizer/BioNTech",295465,168551,464016
2021-02-14,"Moderna, Oxford/AstraZeneca, Pfizer/BioNTech",296471,169938,466409
2021-02-15,"Moderna, Oxford/AstraZeneca, Pfizer/BioNTech",302871,179309,482180
2021-02-16,"Moderna, Oxford/AstraZeneca, Pfizer/BioNTech",311592,188390,499982
2021-02-17,"Moderna, Oxford/AstraZeneca, Pfizer/BioNTech",321294,196702,517996
2021-02-18,"Moderna, Oxford/AstraZeneca, Pfizer/BioNTech",333624,204785,538409
2021-02-19,"Moderna, Oxford/AstraZeneca, Pfizer/BioNTech",345491,212162,557653
2021-02-20,"Moderna, Oxford/AstraZeneca, Pfizer/BioNTech",347501,213348,560849
2021-02-21,"Moderna, Oxford/AstraZeneca, Pfizer/BioNTech",348638,214374,563012
2021-02-22,"Moderna, Oxford/AstraZeneca, Pfizer/BioNTech",358762,220411,579173
2021-02-23,"Moderna, Oxford/AstraZeneca, Pfizer/BioNTech",371727,227403,599130
2021-02-24,"Moderna, Oxford/AstraZeneca, Pfizer/BioNTech",385611,233445,619056
2021-02-25,"Moderna, Oxford/AstraZeneca, Pfizer/BioNTech",403595,238996,642591
2021-02-26,"Moderna, Oxford/AstraZeneca, Pfizer/BioNTech",419776,244356,664132
2021-02-27,"Moderna, Oxford/AstraZeneca, Pfizer/BioNTech",422785,244915,667700
2021-02-28,"Moderna, Oxford/AstraZeneca, Pfizer/BioNTech",425143,245466,670609
2021-03-01,"Moderna, Oxford/AstraZeneca, Pfizer/BioNTech",444743,248915,693658
2021-03-02,"Moderna, Oxford/AstraZeneca, Pfizer/BioNTech",471971,252469,724440
2021-03-03,"Moderna, Oxford/AstraZeneca, Pfizer/BioNTech",502927,256981,759908
2021-03-04,"Moderna, Oxford/AstraZeneca, Pfizer/BioNTech",536212,261672,797884
2021-03-05,"Johnson&Johnson, Moderna, Oxford/AstraZeneca, Pfizer/BioNTech",565059,267101,832160
2021-03-06,"Johnson&Johnson, Moderna, Oxford/AstraZeneca, Pfizer/BioNTech",577219,267967,845186
2021-03-07,"Johnson&Johnson, Moderna, Oxford/AstraZeneca, Pfizer/BioNTech",588769,268810,857579
2021-03-08,"Johnson&Johnson, Moderna, Oxford/AstraZeneca, Pfizer/BioNTech",618520,273673,892193
2021-03-09,"Johnson&Johnson, Moderna, Oxford/AstraZeneca, Pfizer/BioNTech",654893,280061,934954
2021-03-10,"Johnson&Johnson, Moderna, Oxford/AstraZeneca, Pfizer/BioNTech",696226,287021,983247
2021-03-11,"Johnson&Johnson, Moderna, Oxford/AstraZeneca, Pfizer/BioNTech",741084,295396,1036480
2021-03-12,"Johnson&Johnson, Moderna, Oxford/AstraZeneca, Pfizer/BioNTech, Čína",779846,303897,1083743
2021-03-13,"Johnson&Johnson, Moderna, Oxford/AstraZeneca, Pfizer/BioNTech",796958,305213,1102171
2021-03-14,"Johnson&Johnson, Moderna, Oxford/AstraZeneca, Pfizer/BioNTech",809077,306370,1115447
2021-03-15,"Johnson&Johnson, Moderna, Oxford/AstraZeneca, Pfizer/BioNTech",837473,315150,1152623
2021-03-16,"Johnson&Johnson, Moderna, Oxford/AstraZeneca, Pfizer/BioNTech",876371,325687,1202058
2021-03-17,"Moderna, Oxford/AstraZeneca, Pfizer/BioNTech",913859,336202,1250061
2021-03-18,"Johnson&Johnson, Moderna, Oxford/AstraZeneca, Pfizer/BioNTech",951867,348628,1300495
2021-03-19,"Johnson&Johnson, Moderna, Oxford/AstraZeneca, Pfizer/BioNTech",986387,362243,1348630
2021-03-20,"Johnson&Johnson, Moderna, Oxford/AstraZeneca, Pfizer/BioNTech",1001571,364273,1365844
2021-03-21,"Johnson&Johnson, Moderna, Oxford/AstraZeneca, Pfizer/BioNTech",1009020,365833,1374853
2021-03-22,"Johnson&Johnson, Moderna, Oxford/AstraZeneca, Pfizer/BioNTech",1033597,378334,1411931
2021-03-23,"Johnson&Johnson, Moderna, Oxford/AstraZeneca, Pfizer/BioNTech",1060274,391701,1451975
2021-03-24,"Johnson&Johnson, Moderna, Oxford/AstraZeneca, Pfizer/BioNTech",1087171,407447,1494618
2021-03-25,"Johnson&Johnson, Moderna, Oxford/AstraZeneca, Pfizer/BioNTech",1113531,425302,1538833
2021-03-26,"Johnson&Johnson, Moderna, Oxford/AstraZeneca, Pfizer/BioNTech",1138374,442815,1581189
2021-03-27,"Johnson&Johnson, Moderna, Oxford/AstraZeneca, Pfizer/BioNTech, Čína",1146837,447661,1594498
2021-03-28,"Moderna, Oxford/AstraZeneca, Pfizer/BioNTech",1152386,451809,1604195
2021-03-29,"Johnson&Johnson, Moderna, Oxford/AstraZeneca, Pfizer/BioNTech",1171548,472545,1644093
2021-03-30,"Johnson&Johnson, Moderna, Oxford/AstraZeneca, Pfizer/BioNTech",1196257,494732,1690989
2021-03-31,"Johnson&Johnson, Moderna, Oxford/AstraZeneca, Pfizer/BioNTech",1219416,521801,1741217
2021-04-01,"Johnson&Johnson, Moderna, Oxford/AstraZeneca, Pfizer/BioNTech",1245107,553859,1798966
2021-04-02,"Johnson&Johnson, Moderna, Oxford/AstraZeneca, Pfizer/BioNTech",1252091,566655,1818746
2021-04-03,"Johnson&Johnson, Moderna, Oxford/AstraZeneca, Pfizer/BioNTech",1255746,577588,1833334
2021-04-04,"Johnson&Johnson, Moderna, Oxford/AstraZeneca, Pfizer/BioNTech",1258292,586514,1844806
2021-04-05,"Johnson&Johnson, Moderna, Oxford/AstraZeneca, Pfizer/BioNTech",1260725,593719,1854444
2021-04-06,"Johnson&Johnson, Moderna, Oxford/AstraZeneca, Pfizer/BioNTech, Čína",1276944,622995,1899939
2021-04-07,"Johnson&Johnson, Moderna, Oxford/AstraZeneca, Pfizer/BioNTech",1300448,645234,1945682
2021-04-08,"Johnson&Johnson, Moderna, Oxford/AstraZeneca, Pfizer/BioNTech",1339270,676283,2015553
2021-04-09,"Johnson&Johnson, Moderna, Oxford/AstraZeneca, Pfizer/BioNTech",1378867,706484,2085351
2021-04-10,"Johnson&Johnson, Moderna, Oxford/AstraZeneca, Pfizer/BioNTech",1394436,721798,2116234
2021-04-11,"Johnson&Johnson, Moderna, Oxford/AstraZeneca, Pfizer/BioNTech",1404231,731856,2136087
2021-04-12,"Johnson&Johnson, Moderna, Oxford/AstraZeneca, Pfizer/BioNTech",1442554,757003,2199557
2021-04-13,"Moderna, Oxford/AstraZeneca, Pfizer/BioNTech",1478862,783046,2261908
2021-04-14,"Moderna, Oxford/AstraZeneca, Pfizer/BioNTech",1517752,810426,2328178
2021-04-15,"Moderna, Oxford/AstraZeneca, Pfizer/BioNTech",1565588,836208,2401796
2021-04-16,"Moderna, Oxford/AstraZeneca, Pfizer/BioNTech",1610309,861891,2472200
2021-04-17,"Indie/AstraZeneca, Moderna, Oxford/AstraZeneca, Pfizer/BioNTech",1627038,870917,2497955
2021-04-18,"Moderna, Oxford/AstraZeneca, Pfizer/BioNTech",1640038,875903,2515941
2021-04-19,"Johnson&Johnson, Moderna, Oxford/AstraZeneca, Pfizer/BioNTech",1684014,891346,2575360
2021-04-20,"Johnson&Johnson, Moderna, Oxford/AstraZeneca, Pfizer/BioNTech",1726604,907236,2633840
2021-04-21,"Moderna, Oxford/AstraZeneca, Pfizer/BioNTech",1774370,921607,2695977
2021-04-22,"Johnson&Johnson, Moderna, Oxford/AstraZeneca, Pfizer/BioNTech",1828902,939007,2767909
2021-04-23,"Johnson&Johnson, Moderna, Oxford/AstraZeneca, Pfizer/BioNTech",1878916,951074,2829990
2021-04-24,"Johnson&Johnson, Moderna, Oxford/AstraZeneca, Pfizer/BioNTech, Čína",1896794,956344,2853138
2021-04-25,"Johnson&Johnson, Moderna, Oxford/AstraZeneca, Pfizer/BioNTech",1911507,960349,2871856
2021-04-26,"Johnson&Johnson, Moderna, Oxford/AstraZeneca, Pfizer/BioNTech",1961122,967919,2929041
2021-04-27,"Johnson&Johnson, Moderna, Oxford/AstraZeneca, Pfizer/BioNTech",2010113,980174,2990287
2021-04-28,"Johnson&Johnson, Moderna, Oxford/AstraZeneca, Pfizer/BioNTech",2068895,994197,3063092
2021-04-29,"Johnson&Johnson, Moderna, Oxford/AstraZeneca, Pfizer/BioNTech",2134516,1010119,3144635
2021-04-30,"Johnson&Johnson, Moderna, Oxford/AstraZeneca, Pfizer/BioNTech",2196810,1020115,3216925
2021-05-01,"Johnson&Johnson, Moderna, Oxford/AstraZeneca, Pfizer/BioNTech",2216205,1023581,3239786
2021-05-02,"Johnson&Johnson, Moderna, Oxford/AstraZeneca, Pfizer/BioNTech",2235157,1025872,3261029
2021-05-03,"Johnson&Johnson, Moderna, Oxford/AstraZeneca, Pfizer/BioNTech",2302434,1030956,3333390
2021-05-04,"Johnson&Johnson, Moderna, Oxford/AstraZeneca, Pfizer/BioNTech",2368994,1039331,3408325
2021-05-05,"Johnson&Johnson, Moderna, Oxford/AstraZeneca, Pfizer/BioNTech",2442207,1048779,3490986
2021-05-06,"Johnson&Johnson, Moderna, Oxford/AstraZeneca, Pfizer/BioNTech",2522647,1059532,3582179
2021-05-07,"Johnson&Johnson, Moderna, Oxford/AstraZeneca, Pfizer/BioNTech",2599987,1069678,3669665
2021-05-08,"Johnson&Johnson, Moderna, Oxford/AstraZeneca, Pfizer/BioNTech",2629532,1071472,3701004
2021-05-09,"Johnson&Johnson, Moderna, Oxford/AstraZeneca, Pfizer/BioNTech",2653775,1072696,3726471
2021-05-10,"Johnson&Johnson, Moderna, Oxford/AstraZeneca, Pfizer/BioNTech",2726576,1079943,3806519
2021-05-11,"Johnson&Johnson, Moderna, Oxford/AstraZeneca, Pfizer/BioNTech",2802730,1088778,3891508
2021-05-12,"Johnson&Johnson, Moderna, Oxford/AstraZeneca, Pfizer/BioNTech",2882677,1097926,3980603
2021-05-13,"Johnson&Johnson, Moderna, Oxford/AstraZeneca, Pfizer/BioNTech",2966731,1107118,4073849
2021-05-14,"Johnson&Johnson, Moderna, Oxford/AstraZeneca, Pfizer/BioNTech",3046287,1114946,4161233
2021-05-15,"Johnson&Johnson, Moderna, Oxford/AstraZeneca, Pfizer/BioNTech",3078255,1117233,4195488
2021-05-16,"Johnson&Johnson, Moderna, Oxford/AstraZeneca, Pfizer/BioNTech",3104071,1118520,4222591
2021-05-17,"Indie/AstraZeneca, Johnson&Johnson, Moderna, Oxford/AstraZeneca, Pfizer/BioNTech",3176615,1125280,4301895
2021-05-18,"Indie/AstraZeneca, Johnson&Johnson, Moderna, Oxford/AstraZeneca, Pfizer/BioNTech",3248610,1138407,4387017
2021-05-19,"Johnson&Johnson, Moderna, Oxford/AstraZeneca, Pfizer/BioNTech",3326111,1153583,4479694
2021-05-20,"Johnson&Johnson, Moderna, Oxford/AstraZeneca, Pfizer/BioNTech",3401613,1180655,4582268
2021-05-21,"Johnson&Johnson, Moderna, Oxford/AstraZeneca, Pfizer/BioNTech",3470474,1208467,4678941
2021-05-22,"Johnson&Johnson, Moderna, Oxford/AstraZeneca, Pfizer/BioNTech",3502949,1219712,4722661
2021-05-23,"Johnson&Johnson, Moderna, Oxford/AstraZeneca, Pfizer/BioNTech",3525400,1228754,4754154
2021-05-24,"Johnson&Johnson, Moderna, Oxford/AstraZeneca, Pfizer/BioNTech",3572621,1262436,4835057
2021-05-25,"Indie/AstraZeneca, Johnson&Johnson, Moderna, Oxford/AstraZeneca, Pfizer/BioNTech",3624548,1298284,4922832
2021-05-26,"Johnson&Johnson, Moderna, Oxford/AstraZeneca, Pfizer/BioNTech",3692320,1335849,5028169
2021-05-27,"Indie/AstraZeneca, Johnson&Johnson, Moderna, Oxford/AstraZeneca, Pfizer/BioNTech",3753762,1383217,5136979
2021-05-28,"Johnson&Johnson, Moderna, Oxford/AstraZeneca, Pfizer/BioNTech",3815514,1429835,5245349
2021-05-29,"Johnson&Johnson, Moderna, Oxford/AstraZeneca, Pfizer/BioNTech",3844790,1446984,5291774
2021-05-30,"Johnson&Johnson, Moderna, Oxford/AstraZeneca, Pfizer/BioNTech, Čína",3867213,1461457,5328670
2021-05-31,"Indie/AstraZeneca, Johnson&Johnson, Moderna, Oxford/AstraZeneca, Pfizer/BioNTech",3922963,1508998,5431961
2021-06-01,"Johnson&Johnson, Moderna, Oxford/AstraZeneca, Pfizer/BioNTech",3982087,1557893,5539980
2021-06-02,"Johnson&Johnson, Moderna, Oxford/AstraZeneca, Pfizer/BioNTech",4045073,1611930,5657003
2021-06-03,"Johnson&Johnson, Moderna, Oxford/AstraZeneca, Pfizer/BioNTech",4103338,1672179,5775517
2021-06-04,"Johnson&Johnson, Moderna, Oxford/AstraZeneca, Pfizer/BioNTech",4166487,1729615,5896102
2021-06-05,"Johnson&Johnson, Moderna, Oxford/AstraZeneca, Pfizer/BioNTech",4200682,1748550,5949232
2021-06-06,"Johnson&Johnson, Moderna, Oxford/AstraZeneca, Pfizer/BioNTech",4227645,1763730,5991375
2021-06-07,"Johnson&Johnson, Moderna, Oxford/AstraZeneca, Pfizer/BioNTech",4291349,1819386,6110735
2021-06-08,"Indie/AstraZeneca, Johnson&Johnson, Moderna, Oxford/AstraZeneca, Pfizer/BioNTech",4355368,1874415,6229783
2021-06-09,"Indie/AstraZeneca, Johnson&Johnson, Moderna, Oxford/AstraZeneca, Pfizer/BioNTech",4414595,1939117,6353712
2021-06-10,"Johnson&Johnson, Moderna, Oxford/AstraZeneca, Pfizer/BioNTech",4468464,2010447,6478911
2021-06-11,"Johnson&Johnson, Moderna, Oxford/AstraZeneca, Pfizer/BioNTech",4520597,2080309,6600906
2021-06-12,"Johnson&Johnson, Moderna, Oxford/AstraZeneca, Pfizer/BioNTech",4552633,2101174,6653807
2021-06-13,"Johnson&Johnson, Moderna, Oxford/AstraZeneca, Pfizer/BioNTech",4576678,2119621,6696299
2021-06-14,"Johnson&Johnson, Moderna, Oxford/AstraZeneca, Pfizer/BioNTech, Čína",4619782,2194038,6813820
2021-06-15,"Johnson&Johnson, Moderna, Oxford/AstraZeneca, Pfizer/BioNTech",4664475,2266455,6930930
2021-06-16,"Johnson&Johnson, Moderna, Oxford/AstraZeneca, Pfizer/BioNTech",4707309,2344713,7052022
2021-06-17,"Johnson&Johnson, Moderna, Oxford/AstraZeneca, Pfizer/BioNTech",4746751,2427841,7174592
2021-06-18,"Johnson&Johnson, Moderna, Oxford/AstraZeneca, Pfizer/BioNTech",4789205,2508454,7297659
2021-06-19,"Johnson&Johnson, Moderna, Oxford/AstraZeneca, Pfizer/BioNTech, Čína",4811009,2537809,7348818
2021-06-20,"Johnson&Johnson, Moderna, Oxford/AstraZeneca, Pfizer/BioNTech",4828425,2561697,7390122
2021-06-21,"Johnson&Johnson, Moderna, Oxford/AstraZeneca, Pfizer/BioNTech, Čína",4860943,2640337,7501280
2021-06-22,"Johnson&Johnson, Moderna, Oxford/AstraZeneca, Pfizer/BioNTech",4893931,2722690,7616621
2021-06-23,"Johnson&Johnson, Moderna, Oxford/AstraZeneca, Pfizer/BioNTech",4925663,2807963,7733626
2021-06-24,"Johnson&Johnson, Moderna, Oxford/AstraZeneca, Pfizer/BioNTech",4955544,2898051,7853595
2021-06-25,"Johnson&Johnson, Moderna, Oxford/AstraZeneca, Pfizer/BioNTech",4986644,2984316,7970960
2021-06-26,"Johnson&Johnson, Moderna, Oxford/AstraZeneca, Pfizer/BioNTech",5002551,3019216,8021767
2021-06-27,"Johnson&Johnson, Moderna, Oxford/AstraZeneca, Pfizer/BioNTech",5016515,3045945,8062460
2021-06-28,"Johnson&Johnson, Moderna, Oxford/AstraZeneca, Pfizer/BioNTech",5044946,3131188,8176134
2021-06-29,"Johnson&Johnson, Moderna, Oxford/AstraZeneca, Pfizer/BioNTech",5074247,3217765,8292012
2021-06-30,"Johnson&Johnson, Moderna, Oxford/AstraZeneca, Pfizer/BioNTech",5101761,3308839,8410600
2021-07-01,"Johnson&Johnson, Moderna, Oxford/AstraZeneca, Pfizer/BioNTech",5125780,3398967,8524747
2021-07-02,"Johnson&Johnson, Moderna, Oxford/AstraZeneca, Pfizer/BioNTech",5152537,3484930,8637467
2021-07-03,"Johnson&Johnson, Moderna, Oxford/AstraZeneca, Pfizer/BioNTech",5159652,3516509,8676161
2021-07-04,"Johnson&Johnson, Moderna, Oxford/AstraZeneca, Pfizer/BioNTech",5167251,3538341,8705592
2021-07-05,"Johnson&Johnson, Moderna, Oxford/AstraZeneca, Pfizer/BioNTech",5174682,3563763,8738445
2021-07-06,"Johnson&Johnson, Moderna, Oxford/AstraZeneca, Pfizer/BioNTech, Čína",5180177,3591513,8771690
2021-07-07,"Johnson&Johnson, Moderna, Oxford/AstraZeneca, Pfizer/BioNTech",5206027,3670531,8876558
2021-07-08,"Johnson&Johnson, Moderna, Oxford/AstraZeneca, Pfizer/BioNTech",5232652,3740906,8973558
2021-07-09,"Johnson&Johnson, Moderna, Oxford/AstraZeneca, Pfizer/BioNTech",5260622,3810262,9070884
2021-07-10,"Indie/AstraZeneca, Johnson&Johnson, Moderna, Oxford/AstraZeneca, Pfizer/BioNTech",5270013,3838944,9108957
2021-07-11,"Johnson&Johnson, Moderna, Oxford/AstraZeneca, Pfizer/BioNTech",5278576,3861840,9140416
2021-07-12,"Johnson&Johnson, Moderna, Oxford/AstraZeneca, Pfizer/BioNTech, Čína",5306144,3930939,9237083
2021-07-13,"Johnson&Johnson, Moderna, Oxford/AstraZeneca, Pfizer/BioNTech",5332367,4000852,9333219
2021-07-14,"Johnson&Johnson, Moderna, Oxford/AstraZeneca, Pfizer/BioNTech",5358222,4072878,9431100
2021-07-15,"Indie/AstraZeneca, Johnson&Johnson, Moderna, Oxford/AstraZeneca, Pfizer/BioNTech",5387421,4138922,9526343
2021-07-16,"Johnson&Johnson, Moderna, Oxford/AstraZeneca, Pfizer/BioNTech",5415375,4211687,9627062
2021-07-17,"Johnson&Johnson, Moderna, Oxford/AstraZeneca, Pfizer/BioNTech, Čína",5424189,4243176,9667365
2021-07-18,"Johnson&Johnson, Moderna, Oxford/AstraZeneca, Pfizer/BioNTech",5432640,4269197,9701837
2021-07-19,"Johnson&Johnson, Moderna, Oxford/AstraZeneca, Pfizer/BioNTech",5456018,4336241,9792259
2021-07-20,"Johnson&Johnson, Moderna, Oxford/AstraZeneca, Pfizer/BioNTech",5477450,4403329,9880779
2021-07-21,"Indie/AstraZeneca, Johnson&Johnson, Moderna, Oxford/AstraZeneca, Pfizer/BioNTech",5500920,4466820,9967740
2021-07-22,"Johnson&Johnson, Moderna, Oxford/AstraZeneca, Pfizer/BioNTech",5523307,4525489,10048796
2021-07-23,"Johnson&Johnson, Moderna, Oxford/AstraZeneca, Pfizer/BioNTech",5546561,4580280,10126841
2021-07-24,"Johnson&Johnson, Moderna, Oxford/AstraZeneca, Pfizer/BioNTech",5553928,4607972,10161900
2021-07-25,"Johnson&Johnson, Moderna, Oxford/AstraZeneca, Pfizer/BioNTech",5560581,4630118,10190699
2021-07-26,"Johnson&Johnson, Moderna, Oxford/AstraZeneca, Pfizer/BioNTech",5584150,4678831,10262981
2021-07-27,"Johnson&Johnson, Moderna, Oxford/AstraZeneca, Pfizer/BioNTech, Čína",5606914,4725515,10332429
2021-07-28,"Johnson&Johnson, Moderna, Oxford/AstraZeneca, Pfizer/BioNTech",5628211,4771568,10399779
2021-07-29,"Johnson&Johnson, Moderna, Oxford/AstraZeneca, Pfizer/BioNTech",5649565,4813574,10463139
2021-07-30,"Johnson&Johnson, Moderna, Oxford/AstraZeneca, Pfizer/BioNTech",5672862,4856182,10529044
2021-07-31,"Johnson&Johnson, Moderna, Oxford/AstraZeneca, Pfizer/BioNTech",5681831,4875746,10557577
2021-08-01,"Johnson&Johnson, Moderna, Oxford/AstraZeneca, Pfizer/BioNTech",5688571,4891933,10580504
2021-08-02,"Johnson&Johnson, Moderna, Oxford/AstraZeneca, Pfizer/BioNTech",5707230,4929528,10636758
2021-08-03,"Johnson&Johnson, Moderna, Oxford/AstraZeneca, Pfizer/BioNTech",5724904,4967681,10692585
2021-08-04,"Johnson&Johnson, Moderna, Oxford/AstraZeneca, Pfizer/BioNTech",5741046,5004484,10745530
2021-08-05,"Johnson&Johnson, Moderna, Oxford/AstraZeneca, Pfizer/BioNTech",5757109,5045008,10802117
2021-08-06,"Johnson&Johnson, Moderna, Oxford/AstraZeneca, Pfizer/BioNTech",5773941,5088357,10862298
2021-08-07,"Johnson&Johnson, Moderna, Oxford/AstraZeneca, Pfizer/BioNTech",5779560,5106555,10886115
2021-08-08,"Johnson&Johnson, Moderna, Oxford/AstraZeneca, Pfizer/BioNTech",5783937,5122333,10906270
2021-08-09,"Indie/AstraZeneca, Johnson&Johnson, Moderna, Oxford/AstraZeneca, Pfizer/BioNTech",5796586,5167428,10964014
2021-08-10,"Johnson&Johnson, Moderna, Oxford/AstraZeneca, Pfizer/BioNTech",5808446,5207037,11015483
2021-08-11,"Indie/AstraZeneca, Johnson&Johnson, Moderna, Oxford/AstraZeneca, Pfizer/BioNTech",5819830,5250205,11070035
2021-08-12,"Johnson&Johnson, Moderna, Oxford/AstraZeneca, Pfizer/BioNTech",5831263,5287374,11118637
2021-08-13,"Johnson&Johnson, Moderna, Oxford/AstraZeneca, Pfizer/BioNTech",5842009,5327749,11169758
2021-08-14,"Johnson&Johnson, Moderna, Oxford/AstraZeneca, Pfizer/BioNTech",5845359,5338480,11183839
2021-08-15,"Johnson&Johnson, Moderna, Oxford/AstraZeneca, Pfizer/BioNTech",5847955,5348878,11196833
2021-08-16,"Johnson&Johnson, Moderna, Oxford/AstraZeneca, Pfizer/BioNTech",5857755,5382984,11240739
2021-08-17,"Johnson&Johnson, Moderna, Oxford/AstraZeneca, Pfizer/BioNTech",5867361,5410117,11277478
2021-08-18,"Johnson&Johnson, Moderna, Oxford/AstraZeneca, Pfizer/BioNTech",5876741,5449052,11325793
2021-08-19,"Johnson&Johnson, Moderna, Oxford/AstraZeneca, Pfizer/BioNTech",5886427,5487430,11373857
2021-08-20,"Johnson&Johnson, Moderna, Oxford/AstraZeneca, Pfizer/BioNTech",5897829,5527649,11425478
2021-08-21,"Johnson&Johnson, Moderna, Oxford/AstraZeneca, Pfizer/BioNTech",5900562,5540441,11441003
2021-08-22,"Johnson&Johnson, Moderna, Oxford/AstraZeneca, Pfizer/BioNTech",5902908,5552425,11455333
2021-08-23,"Indie/AstraZeneca, Johnson&Johnson, Moderna, Oxford/AstraZeneca, Pfizer/BioNTech",5913449,5591727,11505176
2021-08-24,"Johnson&Johnson, Moderna, Oxford/AstraZeneca, Pfizer/BioNTech",5923334,5624994,11548328
2021-08-25,"Indie/AstraZeneca, Johnson&Johnson, Moderna, Oxford/AstraZeneca, Pfizer/BioNTech",5932214,5653393,11585607
2021-08-26,"Johnson&Johnson, Moderna, Oxford/AstraZeneca, Pfizer/BioNTech",5940672,5679547,11620219
2021-08-27,"Johnson&Johnson, Moderna, Oxford/AstraZeneca, Pfizer/BioNTech",5951004,5705555,11656559
2021-08-28,"Johnson&Johnson, Moderna, Oxford/AstraZeneca, Pfizer/BioNTech",5953750,5712641,11666391
2021-08-29,"Johnson&Johnson, Moderna, Oxford/AstraZeneca, Pfizer/BioNTech",5956169,5719275,11675444
2021-08-30,"Johnson&Johnson, Moderna, Oxford/AstraZeneca, Pfizer/BioNTech",5964700,5741175,11705875
2021-08-31,"Indie/AstraZeneca, Johnson&Johnson, Moderna, Oxford/AstraZeneca, Pfizer/BioNTech",5972392,5759309,11731701
2021-09-01,"Johnson&Johnson, Moderna, Oxford/AstraZeneca, Pfizer/BioNTech",5978311,5773340,11751651
2021-09-02,"Johnson&Johnson, Moderna, Oxford/AstraZeneca, Pfizer/BioNTech",5985159,5787750,11772909
2021-09-03,"Johnson&Johnson, Moderna, Oxford/AstraZeneca, Pfizer/BioNTech",5994721,5803501,11798222
2021-09-04,"Johnson&Johnson, Moderna, Oxford/AstraZeneca, Pfizer/BioNTech",5996801,5807074,11803875
2021-09-05,"Johnson&Johnson, Moderna, Oxford/AstraZeneca, Pfizer/BioNTech",5998850,5809927,11808777
2021-09-06,"Indie/AstraZeneca, Johnson&Johnson, Moderna, Oxford/AstraZeneca, Pfizer/BioNTech",6005093,5822484,11827577
2021-09-07,"Johnson&Johnson, Moderna, Oxford/AstraZeneca, Pfizer/BioNTech",6009489,5833589,11843078
2021-09-08,"Johnson&Johnson, Moderna, Oxford/AstraZeneca, Pfizer/BioNTech",6015170,5843466,11858636
2021-09-09,"Johnson&Johnson, Moderna, Oxford/AstraZeneca, Pfizer/BioNTech",6021876,5853548,11875424
2021-09-10,"Johnson&Johnson, Moderna, Oxford/AstraZeneca, Pfizer/BioNTech",6029583,5865746,11895329
2021-09-11,"Johnson&Johnson, Moderna, Oxford/AstraZeneca, Pfizer/BioNTech",6031461,5868247,11899708
2021-09-12,"Johnson&Johnson, Moderna, Oxford/AstraZeneca, Pfizer/BioNTech",6032581,5869885,11902466
2021-09-13,"Johnson&Johnson, Moderna, Oxford/AstraZeneca, Pfizer/BioNTech",6038027,5880204,11918231
2021-09-14,"Johnson&Johnson, Moderna, Oxford/AstraZeneca, Pfizer/BioNTech",6043434,5889230,11932664
2021-09-15,"Johnson&Johnson, Moderna, Oxford/AstraZeneca, Pfizer/BioNTech",6048650,5897767,11946417
2021-09-16,"Johnson&Johnson, Moderna, Oxford/AstraZeneca, Pfizer/BioNTech",6054022,5906048,11960070
2021-09-17,"Johnson&Johnson, Moderna, Oxford/AstraZeneca, Pfizer/BioNTech",6060598,5916293,11976891
2021-09-18,"Johnson&Johnson, Moderna, Oxford/AstraZeneca, Pfizer/BioNTech",6062331,5918662,11980993
2021-09-19,"Johnson&Johnson, Moderna, Oxford/AstraZeneca, Pfizer/BioNTech",6063278,5920236,11983514
2021-09-20,"Johnson&Johnson, Moderna, Oxford/AstraZeneca, Pfizer/BioNTech",6067311,5928443,11995754
2021-09-21,"Johnson&Johnson, Moderna, Oxford/AstraZeneca, Pfizer/BioNTech",6071557,5935985,12007542
2021-09-22,"Johnson&Johnson, Moderna, Oxford/AstraZeneca, Pfizer/BioNTech",6075756,5941519,12017275
2021-09-23,"Johnson&Johnson, Moderna, Oxford/AstraZeneca, Pfizer/BioNTech",6080719,5947943,12028662
2021-09-24,"Johnson&Johnson, Moderna, Oxford/AstraZeneca, Pfizer/BioNTech",6086487,5957568,12044055
2021-09-25,"Johnson&Johnson, Moderna, Oxford/AstraZeneca, Pfizer/BioNTech",6087990,5959571,12047561
2021-09-26,"Johnson&Johnson, Moderna, Oxford/AstraZeneca, Pfizer/BioNTech",6088737,5961216,12049953
2021-09-27,"Johnson&Johnson, Moderna, Oxford/AstraZeneca, Pfizer/BioNTech",6092627,5967736,12060363
2021-09-28,"Johnson&Johnson, Moderna, Oxford/AstraZeneca, Pfizer/BioNTech",6093006,5968376,12061382
2021-09-29,"Johnson&Johnson, Moderna, Oxford/AstraZeneca, Pfizer/BioNTech",6096785,5975841,12072626
2021-09-30,"Johnson&Johnson, Moderna, Oxford/AstraZeneca, Pfizer/BioNTech",6101309,5983558,12084867
2021-10-01,"Johnson&Johnson, Moderna, Oxford/AstraZeneca, Pfizer/BioNTech",6105625,5991551,12097176
2021-10-02,"Johnson&Johnson, Moderna, Oxford/AstraZeneca, Pfizer/BioNTech",6106691,5993100,12099791
2021-10-03,"Johnson&Johnson, Moderna, Oxford/AstraZeneca, Pfizer/BioNTech",6107416,5993975,12101391
2021-10-04,"Johnson&Johnson, Moderna, Oxford/AstraZeneca, Pfizer/BioNTech",6110498,5999557,12110055
2021-10-05,"Johnson&Johnson, Moderna, Oxford/AstraZeneca, Pfizer/BioNTech",6113662,6004647,12118309
2021-10-06,"Johnson&Johnson, Moderna, Oxford/AstraZeneca, Pfizer/BioNTech",6117187,6009829,12127016
2021-10-07,"Johnson&Johnson, Moderna, Oxford/AstraZeneca, Pfizer/BioNTech",6120473,6015092,12135565
2021-10-08,"Johnson&Johnson, Moderna, Oxford/AstraZeneca, Pfizer/BioNTech",6125272,6021743,12147015
2021-10-09,"Indie/AstraZeneca, Johnson&Johnson, Moderna, Oxford/AstraZeneca, Pfizer/BioNTech",6126516,6023414,12149930
2021-10-10,"Johnson&Johnson, Moderna, Oxford/AstraZeneca, Pfizer/BioNTech",6127464,6024252,12151716
2021-10-11,"Johnson&Johnson, Moderna, Oxford/AstraZeneca, Pfizer/BioNTech",6130394,6028678,12159072
2021-10-12,"Johnson&Johnson, Moderna, Oxford/AstraZeneca, Pfizer/BioNTech",6133337,6032683,12166020
2021-10-13,"Johnson&Johnson, Moderna, Oxford/AstraZeneca, Pfizer/BioNTech",6136873,6036881,12173754
2021-10-14,"Johnson&Johnson, Moderna, Oxford/AstraZeneca, Pfizer/BioNTech",6140548,6041833,12182381
2021-10-15,"Johnson&Johnson, Moderna, Oxford/AstraZeneca, Pfizer/BioNTech",6145783,6047986,12193769
2021-10-16,"Johnson&Johnson, Moderna, Oxford/AstraZeneca, Pfizer/BioNTech",6147199,6049519,12196718
2021-10-17,"Johnson&Johnson, Moderna, Pfizer/BioNTech",6148525,6050576,12199101
2021-10-18,"Johnson&Johnson, Moderna, Oxford/AstraZeneca, Pfizer/BioNTech",6152639,6054685,12207324
2021-10-19,"Johnson&Johnson, Moderna, Oxford/AstraZeneca, Pfizer/BioNTech",6156221,6056791,12213012
2021-10-20,"Johnson&Johnson, Moderna, Oxford/AstraZeneca, Pfizer/BioNTech",6161113,6061256,12222369
2021-10-21,"Johnson&Johnson, Moderna, Oxford/AstraZeneca, Pfizer/BioNTech",6168885,6066869,12235754
2021-10-22,"Johnson&Johnson, Moderna, Oxford/AstraZeneca, Pfizer/BioNTech",6179345,6073374,12252719
2021-10-23,"Johnson&Johnson, Moderna, Oxford/AstraZeneca, Pfizer/BioNTech",6183027,6075587,12258614
2021-10-24,"Johnson&Johnson, Moderna, Oxford/AstraZeneca, Pfizer/BioNTech",6185715,6077367,12263082
2021-10-25,"Johnson&Johnson, Moderna, Oxford/AstraZeneca, Pfizer/BioNTech",6196228,6083189,12279417
2021-10-26,"Johnson&Johnson, Moderna, Oxford/AstraZeneca, Pfizer/BioNTech",6208225,6089743,12297968
2021-10-27,"Johnson&Johnson, Moderna, Oxford/AstraZeneca, Pfizer/BioNTech, Čína",6222838,6097162,12320000
2021-10-28,"Johnson&Johnson, Moderna, Oxford/AstraZeneca, Pfizer/BioNTech",6226269,6098851,12325120
2021-10-29,"Johnson&Johnson, Moderna, Oxford/AstraZeneca, Pfizer/BioNTech",6240712,6106842,12347554
2021-10-30,"Johnson&Johnson, Moderna, Oxford/AstraZeneca, Pfizer/BioNTech",6245243,6109774,12355017
2021-10-31,"Johnson&Johnson, Moderna, Oxford/AstraZeneca, Pfizer/BioNTech",6249005,6112250,12361255
2021-11-01,"Johnson&Johnson, Moderna, Oxford/AstraZeneca, Pfizer/BioNTech",6264203,6119931,12384134
2021-11-02,"Johnson&Johnson, Moderna, Oxford/AstraZeneca, Pfizer/BioNTech",6279655,6127493,12407148
2021-11-03,"Johnson&Johnson, Moderna, Oxford/AstraZeneca, Pfizer/BioNTech",6296839,6134786,12431625
2021-11-04,"Johnson&Johnson, Moderna, Oxford/AstraZeneca, Pfizer/BioNTech",6315187,6142964,12458151
2021-11-05,"Johnson&Johnson, Moderna, Oxford/AstraZeneca, Pfizer/BioNTech",6337991,6154255,12492246
2021-11-06,"Johnson&Johnson, Moderna, Oxford/AstraZeneca, Pfizer/BioNTech",6344509,6157315,12501824
2021-11-07,"Johnson&Johnson, Moderna, Oxford/AstraZeneca, Pfizer/BioNTech",6348535,6159751,12508286
2021-11-08,"Johnson&Johnson, Moderna, Oxford/AstraZeneca, Pfizer/BioNTech",6364801,6167381,12532182
2021-11-09,"Johnson&Johnson, Moderna, Oxford/AstraZeneca, Pfizer/BioNTech",6379614,6174682,12554296
2021-11-10,"Johnson&Johnson, Moderna, Oxford/AstraZeneca, Pfizer/BioNTech",6395352,6182070,12577422
2021-11-11,"Johnson&Johnson, Moderna, Oxford/AstraZeneca, Pfizer/BioNTech, Čína",6410829,6191181,12602010
2021-11-12,"Johnson&Johnson, Moderna, Oxford/AstraZeneca, Pfizer/BioNTech",6430632,6203981,12634613
2021-11-13,"Johnson&Johnson, Moderna, Oxford/AstraZeneca, Pfizer/BioNTech",6436029,6207860,12643889
2021-11-14,"Johnson&Johnson, Moderna, Oxford/AstraZeneca, Pfizer/BioNTech",6439928,6210870,12650798
2021-11-15,"Johnson&Johnson, Moderna, Oxford/AstraZeneca, Pfizer/BioNTech",6455017,6221579,12676596
2021-11-16,"Johnson&Johnson, Moderna, Oxford/AstraZeneca, Pfizer/BioNTech",6472548,6233557,12706105
2021-11-17,"Johnson&Johnson, Moderna, Oxford/AstraZeneca, Pfizer/BioNTech",6476791,6237127,12713918
2021-11-18,"Johnson&Johnson, Moderna, Oxford/AstraZeneca, Pfizer/BioNTech",6496206,6248821,12745027
2021-11-19,"Johnson&Johnson, Moderna, Oxford/AstraZeneca, Pfizer/BioNTech",6520816,6265799,12786615
2021-11-20,"Johnson&Johnson, Moderna, Oxford/AstraZeneca, Pfizer/BioNTech",6529393,6270786,12800179
2021-11-21,"Johnson&Johnson, Moderna, Oxford/AstraZeneca, Pfizer/BioNTech",6536161,6274562,12810723
2021-11-22,"Johnson&Johnson, Moderna, Oxford/AstraZeneca, Pfizer/BioNTech",6554670,6288677,12843347
2021-11-23,"Johnson&Johnson, Moderna, Oxford/AstraZeneca, Pfizer/BioNTech",6573739,6301944,12875683
2021-11-24,"Johnson&Johnson, Moderna, Oxford/AstraZeneca, Pfizer/BioNTech",6592753,6317797,12910550
2021-11-25,"Johnson&Johnson, Moderna, Oxford/AstraZeneca, Pfizer/BioNTech",6611897,6332844,12944741
2021-11-26,"Johnson&Johnson, Moderna, Oxford/AstraZeneca, Pfizer/BioNTech",6633555,6351986,12985541
2021-11-27,"Johnson&Johnson, Moderna, Oxford/AstraZeneca, Pfizer/BioNTech",6641026,6357542,12998568
2021-11-28,"Johnson&Johnson, Moderna, Oxford/AstraZeneca, Pfizer/BioNTech",6644359,6360682,13005041
2021-11-29,"Johnson&Johnson, Moderna, Oxford/AstraZeneca, Pfizer/BioNTech",6659568,6374346,13033914
2021-11-30,"Johnson&Johnson, Moderna, Oxford/AstraZeneca, Pfizer/BioNTech",6672769,6385578,13058347
2021-12-01,"Johnson&Johnson, Moderna, Oxford/AstraZeneca, Pfizer/BioNTech",6686808,6398039,13084847
2021-12-02,"Johnson&Johnson, Moderna, Oxford/AstraZeneca, Pfizer/BioNTech",6697451,6410535,13107986
2021-12-03,"Johnson&Johnson, Moderna, Oxford/AstraZeneca, Pfizer/BioNTech",6707090,6426115,13133205
2021-12-04,"Johnson&Johnson, Moderna, Pfizer/BioNTech",6709647,6430073,13139720
2021-12-05,"Johnson&Johnson, Moderna, Oxford/AstraZeneca, Pfizer/BioNTech",6711008,6432418,13143426
2021-12-06,"Johnson&Johnson, Moderna, Oxford/AstraZeneca, Pfizer/BioNTech",6719157,6443947,13163104
2021-12-07,"Johnson&Johnson, Moderna, Oxford/AstraZeneca, Pfizer/BioNTech",6727047,6455959,13183006
2021-12-08,"Johnson&Johnson, Moderna, Oxford/AstraZeneca, Pfizer/BioNTech",6735293,6461888,13197181
2021-12-09,"Johnson&Johnson, Moderna, Oxford/AstraZeneca, Pfizer/BioNTech",6742415,6474712,13217127
2021-12-10,"Johnson&Johnson, Moderna, Oxford/AstraZeneca, Pfizer/BioNTech",6749345,6492519,13241864
2021-12-11,"Johnson&Johnson, Moderna, Oxford/AstraZeneca, Pfizer/BioNTech",6751000,6497786,13248786
2021-12-12,"Johnson&Johnson, Moderna, Oxford/AstraZeneca, Pfizer/BioNTech",6752311,6502223,13254534
2021-12-13,"Johnson&Johnson, Moderna, Oxford/AstraZeneca, Pfizer/BioNTech",6758667,6515535,13274202
2021-12-14,"Johnson&Johnson, Moderna, Oxford/AstraZeneca, Pfizer/BioNTech",6764878,6529207,13294085
2021-12-15,"Johnson&Johnson, Moderna, Oxford/AstraZeneca, Pfizer/BioNTech",6771085,6542806,13313891
2021-12-16,"Johnson&Johnson, Moderna, Oxford/AstraZeneca, Pfizer/BioNTech",6778028,6557641,13335669
2021-12-17,"Johnson&Johnson, Moderna, Oxford/AstraZeneca, Pfizer/BioNTech",6786392,6574910,13361302
2021-12-18,"Johnson&Johnson, Moderna, Oxford/AstraZeneca, Pfizer/BioNTech",6789003,6580365,13369368
2021-12-19,"Johnson&Johnson, Moderna, Pfizer/BioNTech",6790775,6582869,13373644
2021-12-20,"Johnson&Johnson, Moderna, Oxford/AstraZeneca, Pfizer/BioNTech",6796626,6596932,13393558
2021-12-21,"Johnson&Johnson, Moderna, Oxford/AstraZeneca, Pfizer/BioNTech",6803289,6608934,13412223
2021-12-22,"Johnson&Johnson, Moderna, Oxford/AstraZeneca, Pfizer/BioNTech",6808335,6621993,13430328
2021-12-23,"Johnson&Johnson, Moderna, Oxford/AstraZeneca, Pfizer/BioNTech",6811209,6627597,13438806
2021-12-24,"Johnson&Johnson, Moderna, Oxford/AstraZeneca, Pfizer/BioNTech",6811255,6627701,13438956
2021-12-25,"Moderna, Pfizer/BioNTech",6811256,6627709,13438965
2021-12-26,"Moderna, Pfizer/BioNTech",6811358,6627912,13439270
2021-12-27,"Johnson&Johnson, Moderna, Pfizer/BioNTech",6815226,6637658,13452884
2021-12-28,"Johnson&Johnson, Moderna, Oxford/AstraZeneca, Pfizer/BioNTech",6820466,6645656,13466122
2021-12-29,"Johnson&Johnson, Moderna, Oxford/AstraZeneca, Pfizer/BioNTech",6824748,6653377,13478125
2021-12-30,"Johnson&Johnson, Moderna, Pfizer/BioNTech",6829049,6658810,13487859
2021-12-31,"Johnson&Johnson, Moderna, Pfizer/BioNTech",6829560,6660235,13489795
2022-01-01,"Moderna, Pfizer/BioNTech",6829566,6660253,13489819
2022-01-02,"Johnson&Johnson, Moderna, Pfizer/BioNTech",6830422,6661630,13492052
2022-01-03,"Johnson&Johnson, Moderna, Oxford/AstraZeneca, Pfizer/BioNTech",6834558,6670539,13505097
2022-01-04,"Johnson&Johnson, Moderna, Oxford/AstraZeneca, Pfizer/BioNTech",6839641,6678296,13517937
2022-01-05,"Johnson&Johnson, Moderna, Oxford/AstraZeneca, Pfizer/BioNTech",6845463,6686270,13531733
2022-01-06,"Johnson&Johnson, Moderna, Oxford/AstraZeneca, Pfizer/BioNTech",6852049,6694671,13546720
2022-01-07,"Johnson&Johnson, Moderna, Oxford/AstraZeneca, Pfizer/BioNTech",6859924,6705027,13564951
2022-01-08,"Johnson&Johnson, Moderna, Oxford/AstraZeneca, Pfizer/BioNTech",6862403,6707805,13570208
2022-01-09,"Johnson&Johnson, Moderna, Pfizer/BioNTech",6863486,6709500,13572986
2022-01-10,"Johnson&Johnson, Moderna, Oxford/AstraZeneca, Pfizer/BioNTech",6867993,6715691,13583684
2022-01-11,"Johnson&Johnson, Moderna, Oxford/AstraZeneca, Pfizer/BioNTech",6873441,6722447,13595888
2022-01-12,"Johnson&Johnson, Moderna, Oxford/AstraZeneca, Pfizer/BioNTech",6879398,6728089,13607487
2022-01-13,"Johnson&Johnson, Moderna, Oxford/AstraZeneca, Pfizer/BioNTech",6885287,6732864,13618151
2022-01-14,"Johnson&Johnson, Moderna, Oxford/AstraZeneca, Pfizer/BioNTech",6891590,6736495,13628085
2022-01-15,"Johnson&Johnson, Moderna, Oxford/AstraZeneca, Pfizer/BioNTech",6892866,6737151,13630017
2022-01-16,"Johnson&Johnson, Moderna, Oxford/AstraZeneca, Pfizer/BioNTech",6893556,6737588,13631144
2022-01-17,"Johnson&Johnson, Moderna, Oxford/AstraZeneca, Pfizer/BioNTech",6897111,6741544,13638655
2022-01-18,"Johnson&Johnson, Moderna, Oxford/AstraZeneca, Pfizer/BioNTech",6900960,6746495,13647455
2022-01-19,"Johnson&Johnson, Moderna, Oxford/AstraZeneca, Pfizer/BioNTech",6905029,6750427,13655456
2022-01-20,"Johnson&Johnson, Moderna, Oxford/AstraZeneca, Pfizer/BioNTech",6908621,6754883,13663504
2022-01-21,"Johnson&Johnson, Moderna, Oxford/AstraZeneca, Pfizer/BioNTech",6912619,6757411,13670030
2022-01-22,"Johnson&Johnson, Moderna, Pfizer/BioNTech",6913398,6757852,13671250
2022-01-23,"Johnson&Johnson, Moderna, Pfizer/BioNTech",6913959,6758486,13672445
2022-01-24,"Johnson&Johnson, Moderna, Oxford/AstraZeneca, Pfizer/BioNTech",6916231,6761921,13678152
2022-01-25,"Johnson&Johnson, Moderna, Oxford/AstraZeneca, Pfizer/BioNTech",6918589,6765915,13684504
2022-01-26,"Johnson&Johnson, Moderna, Oxford/AstraZeneca, Pfizer/BioNTech",6920974,6770483,13691457
2022-01-27,"Johnson&Johnson, Moderna, Oxford/AstraZeneca, Pfizer/BioNTech",6923296,6775295,13698591
2022-01-28,"Johnson&Johnson, Moderna, Oxford/AstraZeneca, Pfizer/BioNTech",6926213,6781458,13707671
2022-01-29,"Johnson&Johnson, Moderna, Oxford/AstraZeneca, Pfizer/BioNTech",6926815,6783109,13709924
2022-01-30,"Johnson&Johnson, Moderna, Pfizer/BioNTech",6927042,6783891,13710933
2022-01-31,"Johnson&Johnson, Moderna, Pfizer/BioNTech",6928583,6787818,13716401
2022-02-01,"Johnson&Johnson, Moderna, Pfizer/BioNTech",6930178,6791850,13722028
2022-02-02,"Johnson&Johnson, Moderna, Oxford/AstraZeneca, Pfizer/BioNTech",6931744,6796360,13728104
2022-02-03,"Johnson&Johnson, Moderna, Pfizer/BioNTech",6933124,6800845,13733969
2022-02-04,"Johnson&Johnson, Moderna, Pfizer/BioNTech",6934725,6805960,13740685
2022-02-05,"Johnson&Johnson, Moderna, Pfizer/BioNTech",6934898,6806570,13741468
2022-02-06,"Johnson&Johnson, Moderna, Pfizer/BioNTech",6934994,6806889,13741883
2022-02-07,"Johnson&Johnson, Moderna, Pfizer/BioNTech",6935697,6810098,13745795
2022-02-08,"Johnson&Johnson, Moderna, Pfizer/BioNTech",6936492,6813287,13749779
2022-02-09,"Johnson&Johnson, Moderna, Pfizer/BioNTech",6937315,6816661,13753976
2022-02-10,"Johnson&Johnson, Moderna, Pfizer/BioNTech",6938117,6819787,13757904
2022-02-11,"Johnson&Johnson, Moderna, Pfizer/BioNTech",6939071,6823702,13762773
2022-02-12,"Johnson&Johnson, Moderna, Pfizer/BioNTech",6939181,6824121,13763302
2022-02-13,"Johnson&Johnson, Moderna, Pfizer/BioNTech",6939218,6824559,13763777
2022-02-14,"Johnson&Johnson, Moderna, Pfizer/BioNTech",6939676,6826670,13766346
2022-02-15,"Johnson&Johnson, Moderna, Pfizer/BioNTech",6940229,6828880,13769109
2022-02-16,"Johnson&Johnson, Moderna, Pfizer/BioNTech",6940820,6830979,13771799
2022-02-17,"Johnson&Johnson, Moderna, Pfizer/BioNTech",6941414,6833321,13774735
2022-02-18,"Johnson&Johnson, Moderna, Oxford/AstraZeneca, Pfizer/BioNTech",6942056,6836374,13778430
2022-02-19,"Johnson&Johnson, Moderna, Pfizer/BioNTech",6942135,6836655,13778790
2022-02-20,"Johnson&Johnson, Moderna, Oxford/AstraZeneca, Pfizer/BioNTech",6942172,6836804,13778976
2022-02-21,"Johnson&Johnson, Moderna, Pfizer/BioNTech",6942536,6838503,13781039
2022-02-22,"Johnson&Johnson, Moderna, Oxford/AstraZeneca, Pfizer/BioNTech",6942928,6840200,13783128
2022-02-23,"Johnson&Johnson, Moderna, Pfizer/BioNTech",6943384,6841843,13785227
2022-02-24,"Johnson&Johnson, Moderna, Pfizer/BioNTech",6943792,6843474,13787266
2022-02-25,"Johnson&Johnson, Moderna, Pfizer/BioNTech",6944375,6845558,13789933
2022-02-26,"Johnson&Johnson, Moderna, Pfizer/BioNTech",6944436,6845719,13790155
2022-02-27,"Johnson&Johnson, Moderna, Pfizer/BioNTech",6944466,6845795,13790261
2022-02-28,"Johnson&Johnson, Moderna, Pfizer/BioNTech",6944712,6846771,13791483
2022-03-01,"Johnson&Johnson, Moderna, Pfizer/BioNTech",6945017,6847555,13792572
2022-03-02,"Johnson&Johnson, Moderna, Novavax, Pfizer/BioNTech",6945390,6848462,13793852
2022-03-03,"Johnson&Johnson, Moderna, Novavax, Pfizer/BioNTech",6945727,6849405,13795132
2022-03-04,"Johnson&Johnson, Moderna, Novavax, Pfizer/BioNTech",6946357,6850626,13796983
2022-03-05,"Johnson&Johnson, Moderna, Novavax, Pfizer/BioNTech",6946438,6850719,13797157
2022-03-06,"Moderna, Novavax, Pfizer/BioNTech",6946451,6850737,13797188
2022-03-07,"Johnson&Johnson, Moderna, Novavax, Pfizer/BioNTech",6946786,6851295,13798081
2022-03-08,"Johnson&Johnson, Moderna, Novavax, Pfizer/BioNTech",6947121,6851837,13798958
2022-03-09,"Johnson&Johnson, Moderna, Novavax, Pfizer/BioNTech",6947510,6852426,13799936
2022-03-10,"Johnson&Johnson, Moderna, Novavax, Pfizer/BioNTech",6947922,6853097,13801019
2022-03-11,"Johnson&Johnson, Moderna, Novavax, Pfizer/BioNTech",6948671,6854007,13802678
2022-03-12,"Johnson&Johnson, Moderna, Novavax, Pfizer/BioNTech",6948739,6854112,13802851
2022-03-13,"Johnson&Johnson, Moderna, Novavax, Pfizer/BioNTech",6948752,6854130,13802882
2022-03-14,"Johnson&Johnson, Moderna, Novavax, Pfizer/BioNTech",6949019,6854512,13803531
2022-03-15,"Johnson&Johnson, Moderna, Novavax, Pfizer/BioNTech",6949303,6854948,13804251
2022-03-16,"Johnson&Johnson, Moderna, Novavax, Pfizer/BioNTech",6949621,6855491,13805112
2022-03-17,"Johnson&Johnson, Moderna, Novavax, Oxford/AstraZeneca, Pfizer/BioNTech",6949917,6855924,13805841
2022-03-18,"Johnson&Johnson, Moderna, Novavax, Pfizer/BioNTech",6950615,6856719,13807334
2022-03-19,"Moderna, Novavax, Pfizer/BioNTech",6950671,6856764,13807435
2022-03-20,"Moderna, Novavax, Pfizer/BioNTech",6950689,6856776,13807465
2022-03-21,"Johnson&Johnson, Moderna, Novavax, Pfizer/BioNTech",6950877,6857103,13807980
2022-03-22,"Johnson&Johnson, Moderna, Novavax, Pfizer/BioNTech",6951118,6857499,13808617
2022-03-23,"Johnson&Johnson, Moderna, Novavax, Pfizer/BioNTech",6951455,6857937,13809392
2022-03-24,"Johnson&Johnson, Moderna, Novavax, Pfizer/BioNTech",6951766,6858410,13810176
2022-03-25,"Johnson&Johnson, Moderna, Novavax, Pfizer/BioNTech",6952261,6859215,13811476
2022-03-26,"Johnson&Johnson, Moderna, Novavax, Pfizer/BioNTech",6952313,6859293,13811606
2022-03-27,"Moderna, Novavax, Pfizer/BioNTech",6952329,6859310,13811639
2022-03-28,"Johnson&Johnson, Moderna, Novavax, Pfizer/BioNTech",6952484,6859688,13812172
2022-03-29,"Johnson&Johnson, Moderna, Novavax, Pfizer/BioNTech",6952746,6860094,13812840
2022-03-30,"Johnson&Johnson, Moderna, Novavax, Pfizer/BioNTech",6953051,6860587,13813638
2022-03-31,"Johnson&Johnson, Moderna, Novavax, Pfizer/BioNTech",6953349,6861079,13814428
2022-04-01,"Johnson&Johnson, Moderna, Novavax, Pfizer/BioNTech",6953960,6861840,13815800
2022-04-02,"Moderna, Novavax, Pfizer/BioNTech",6954015,6861925,13815940
2022-04-03,"Moderna, Novavax, Pfizer/BioNTech",6954028,6861954,13815982
2022-04-04,"Johnson&Johnson, Moderna, Novavax, Pfizer/BioNTech",6954204,6862236,13816440
2022-04-05,"Johnson&Johnson, Moderna, Novavax, Pfizer/BioNTech",6954395,6862472,13816867
2022-04-06,"Johnson&Johnson, Moderna, Novavax, Pfizer/BioNTech",6954612,6862818,13817430
2022-04-07,"Johnson&Johnson, Moderna, Novavax, Pfizer/BioNTech",6954835,6863236,13818071
2022-04-08,"Johnson&Johnson, Moderna, Novavax, Pfizer/BioNTech",6955289,6863959,13819248
2022-04-09,"Johnson&Johnson, Moderna, Novavax, Pfizer/BioNTech",6955348,6864031,13819379
2022-04-10,"Moderna, Novavax, Pfizer/BioNTech",6955360,6864040,13819400
2022-04-11,"Johnson&Johnson, Moderna, Novavax, Pfizer/BioNTech",6955522,6864271,13819793
2022-04-12,"Johnson&Johnson, Moderna, Novavax, Pfizer/BioNTech",6955769,6864569,13820338
2022-04-13,"Johnson&Johnson, Moderna, Novavax, Pfizer/BioNTech",6956010,6864923,13820933
2022-04-14,"Johnson&Johnson, Moderna, Novavax, Pfizer/BioNTech",6956272,6865308,13821580
2022-04-15,"Moderna, Novavax, Pfizer/BioNTech",6956288,6865336,13821624
2022-04-16,"Johnson&Johnson, Moderna, Novavax, Pfizer/BioNTech",6956308,6865370,13821678
2022-04-17,"Moderna, Novavax, Pfizer/BioNTech",6956309,6865371,13821680
2022-04-18,"Moderna, Novavax, Pfizer/BioNTech",6956323,6865388,13821711
2022-04-19,"Johnson&Johnson, Moderna, Novavax, Pfizer/BioNTech",6956462,6865726,13822188
2022-04-20,"Johnson&Johnson, Moderna, Novavax, Pfizer/BioNTech",6956685,6866116,13822801
2022-04-21,"Johnson&Johnson, Moderna, Novavax, Pfizer/BioNTech",6956902,6866540,13823442
2022-04-22,"Johnson&Johnson, Moderna, Novavax, Pfizer/BioNTech",6957367,6867367,13824734
2022-04-23,"Moderna, Novavax, Pfizer/BioNTech",6957398,6867446,13824844
2022-04-24,"Moderna, Novavax, Pfizer/BioNTech",6957403,6867457,13824860
2022-04-25,"Johnson&Johnson, Moderna, Novavax, Pfizer/BioNTech",6957558,6867665,13825223
2022-04-26,"Johnson&Johnson, Moderna, Novavax, Pfizer/BioNTech",6957698,6867929,13825627
2022-04-27,"Johnson&Johnson, Moderna, Novavax, Pfizer/BioNTech",6957966,6868259,13826225
2022-04-28,"Johnson&Johnson, Moderna, Novavax, Pfizer/BioNTech",6958161,6868547,13826708
2022-04-29,"Johnson&Johnson, Moderna, Novavax, Pfizer/BioNTech",6958596,6869136,13827732
2022-04-30,"Moderna, Novavax, Pfizer/BioNTech",6958636,6869203,13827839
2022-05-01,"Moderna, Novavax, Oxford/AstraZeneca, Pfizer/BioNTech",6958641,6869212,13827853
2022-05-02,"Johnson&Johnson, Moderna, Novavax, Pfizer/BioNTech",6958766,6869393,13828159
2022-05-03,"Johnson&Johnson, Moderna, Novavax, Pfizer/BioNTech",6958922,6869649,13828571
2022-05-04,"Johnson&Johnson, Moderna, Novavax, Pfizer/BioNTech",6959127,6869924,13829051
2022-05-05,"Johnson&Johnson, Moderna, Novavax, Pfizer/BioNTech",6959334,6870214,13829548
2022-05-06,"Johnson&Johnson, Moderna, Novavax, Pfizer/BioNTech",6959708,6870556,13830264
2022-05-07,"Moderna, Novavax, Pfizer/BioNTech",6959735,6870582,13830317
2022-05-08,"Moderna, Pfizer/BioNTech",6959736,6870590,13830326
2022-05-09,"Johnson&Johnson, Moderna, Novavax, Pfizer/BioNTech",6959844,6870680,13830524
2022-05-10,"Johnson&Johnson, Moderna, Novavax, Pfizer/BioNTech",6959997,6870917,13830914
2022-05-11,"Johnson&Johnson, Moderna, Novavax, Oxford/AstraZeneca, Pfizer/BioNTech",6960218,6871184,13831402
2022-05-12,"Johnson&Johnson, Moderna, Novavax, Pfizer/BioNTech",6960417,6871461,13831878
2022-05-13,"Johnson&Johnson, Moderna, Novavax, Pfizer/BioNTech",6960759,6871958,13832717
2022-05-14,"Johnson&Johnson, Moderna, Novavax, Pfizer/BioNTech",6960800,6871998,13832798
2022-05-15,"Johnson&Johnson, Moderna, Novavax, Pfizer/BioNTech",6960813,6872009,13832822
2022-05-16,"Johnson&Johnson, Moderna, Novavax, Pfizer/BioNTech",6960918,6872129,13833047
2022-05-17,"Johnson&Johnson, Moderna, Novavax, Pfizer/BioNTech",6961059,6872284,13833343
2022-05-18,"Johnson&Johnson, Moderna, Novavax, Pfizer/BioNTech",6961286,6872615,13833901
2022-05-19,"Johnson&Johnson, Moderna, Novavax, Pfizer/BioNTech",6961472,6872866,13834338
2022-05-20,"Johnson&Johnson, Moderna, Novavax, Pfizer/BioNTech",6961770,6873416,13835186
2022-05-21,"Johnson&Johnson, Moderna, Novavax, Pfizer/BioNTech",6961809,6873445,13835254
2022-05-22,"Moderna, Pfizer/BioNTech",6961817,6873451,13835268
2022-05-23,"Johnson&Johnson, Moderna, Novavax, Pfizer/BioNTech",6961938,6873606,13835544
2022-05-24,"Johnson&Johnson, Moderna, Novavax, Pfizer/BioNTech",6962067,6873779,13835846
2022-05-25,"Johnson&Johnson, Moderna, Novavax, Oxford/AstraZeneca, Pfizer/BioNTech",6962239,6874028,13836267
2022-05-26,"Johnson&Johnson, Moderna, Novavax, Pfizer/BioNTech",6962392,6874253,13836645
2022-05-27,"Johnson&Johnson, Moderna, Novavax, Pfizer/BioNTech",6962657,6874720,13837377
2022-05-28,"Moderna, Novavax, Pfizer/BioNTech",6962694,6874769,13837463
2022-05-29,"Moderna, Novavax, Pfizer/BioNTech",6962703,6874773,13837476
2022-05-30,"Johnson&Johnson, Moderna, Novavax, Pfizer/BioNTech",6962782,6874929,13837711
2022-05-31,"Johnson&Johnson, Moderna, Novavax, Pfizer/BioNTech",6962927,6875125,13838052
2022-06-01,"Johnson&Johnson, Moderna, Novavax, Pfizer/BioNTech",6963048,6875354,13838402
2022-06-02,"Moderna, Novavax, Pfizer/BioNTech",6963181,6875585,13838766
2022-06-03,"Johnson&Johnson, Moderna, Novavax, Pfizer/BioNTech",6963435,6876043,13839478
2022-06-04,"Johnson&Johnson, Moderna, Novavax, Pfizer/BioNTech",6963468,6876083,13839551
2022-06-05,"Moderna, Novavax, Pfizer/BioNTech",6963475,6876089,13839564
2022-06-06,"Johnson&Johnson, Moderna, Novavax, Pfizer/BioNTech",6963557,6876230,13839787
2022-06-07,"Johnson&Johnson, Moderna, Novavax, Pfizer/BioNTech",6963644,6876382,13840026
2022-06-08,"Johnson&Johnson, Moderna, Novavax, Pfizer/BioNTech",6963775,6876628,13840403
2022-06-09,"Johnson&Johnson, Moderna, Novavax, Pfizer/BioNTech",6963868,6876825,13840693
2022-06-10,"Johnson&Johnson, Moderna, Novavax, Pfizer/BioNTech",6964045,6877148,13841193
2022-06-11,"Moderna, Novavax, Pfizer/BioNTech",6964059,6877187,13841246
2022-06-12,"Moderna, Novavax, Pfizer/BioNTech",6964065,6877210,13841275
2022-06-13,"Johnson&Johnson, Moderna, Novavax, Oxford/AstraZeneca, Pfizer/BioNTech",6964106,6877317,13841423
