date,vaccine,people_vaccinated,people_fully_vaccinated,total_vaccinations
2020-12-27,Pfizer/BioNTech,1287,0,1287
2020-12-28,Pfizer/BioNTech,3590,0,3590
2020-12-29,Pfizer/BioNTech,7062,1,7063
2020-12-30,Pfizer/BioNTech,10579,1,10580
2020-12-31,Pfizer/BioNTech,11890,1,11891
2021-01-01,"Moderna, Pfizer/BioNTech",12159,1,12160
2021-01-02,"Moderna, Pfizer/BioNTech",13442,1,13443
2021-01-03,"Moderna, Pfizer/BioNTech",14369,1,14370
2021-01-04,"Moderna, Pfizer/BioNTech",17980,1,17981
2021-01-05,"Moderna, Pfizer/BioNTech",22506,2,22508
2021-01-06,"Moderna, Pfizer/BioNTech",28353,3,28356
2021-01-07,"Moderna, Pfizer/BioNTech",36352,3,36355
2021-01-08,"Moderna, Pfizer/BioNTech",46405,4,46409
2021-01-09,"Moderna, Pfizer/BioNTech",48433,6,48439
2021-01-10,Pfizer/BioNTech,50204,8,50212
2021-01-11,"Moderna, Pfizer/BioNTech",60061,10,60071
2021-01-12,"Moderna, Pfizer/BioNTech",73517,12,73529
2021-01-13,"Moderna, Pfizer/BioNTech",87067,12,87079
2021-01-14,"Moderna, Pfizer/BioNTech",102322,16,102338
2021-01-15,"Moderna, Pfizer/BioNTech",116343,17,116360
2021-01-16,"Moderna, Pfizer/BioNTech",119747,21,119768
2021-01-17,"Moderna, Pfizer/BioNTech",122368,657,123025
2021-01-18,"Moderna, Pfizer/BioNTech",134862,2484,137346
2021-01-19,"Moderna, Pfizer/BioNTech",147476,5213,152689
2021-01-20,"Moderna, Pfizer/BioNTech",161174,7877,169051
2021-01-21,"Moderna, Pfizer/BioNTech",176829,9619,186448
2021-01-22,"Moderna, Pfizer/BioNTech",191723,10663,202386
2021-01-23,"Moderna, Pfizer/BioNTech",195042,11541,206583
2021-01-24,"Moderna, Pfizer/BioNTech",197298,12412,209710
2021-01-25,"Moderna, Pfizer/BioNTech",206953,15384,222337
2021-01-26,"Moderna, Pfizer/BioNTech",217501,19376,236877
2021-01-27,"Moderna, Pfizer/BioNTech",226534,23911,250445
2021-01-28,"Moderna, Pfizer/BioNTech",233640,30045,263685
2021-01-29,"Moderna, Pfizer/BioNTech",239858,37954,277812
2021-01-30,"Moderna, Pfizer/BioNTech",240599,39042,279641
2021-01-31,"Moderna, Pfizer/BioNTech",241317,40224,281541
2021-02-01,"Moderna, Pfizer/BioNTech",245298,48193,293491
2021-02-02,"Moderna, Pfizer/BioNTech",249451,58433,307884
2021-02-03,"Moderna, Pfizer/BioNTech",253877,69456,323333
2021-02-04,"Moderna, Pfizer/BioNTech",258785,82451,341236
2021-02-05,"Moderna, Pfizer/BioNTech",264260,93126,357386
2021-02-06,"Moderna, Oxford/AstraZeneca, Pfizer/BioNTech",265118,95492,360610
2021-02-07,"Moderna, Oxford/AstraZeneca, Pfizer/BioNTech",265970,97992,363962
2021-02-08,"Moderna, Oxford/AstraZeneca, Pfizer/BioNTech",270065,109423,379488
2021-02-09,"Moderna, Oxford/AstraZeneca, Pfizer/BioNTech",275173,121337,396510
2021-02-10,"Moderna, Oxford/AstraZeneca, Pfizer/BioNTech",280692,134599,415291
2021-02-11,"Moderna, Oxford/AstraZeneca, Pfizer/BioNTech",287035,150819,437854
2021-02-12,"Moderna, Oxford/AstraZeneca, Pfizer/BioNTech",293865,165568,459433
2021-02-13,"Moderna, Oxford/AstraZeneca, Pfizer/BioNTech",295482,168556,464038
2021-02-14,"Moderna, Oxford/AstraZeneca, Pfizer/BioNTech",296488,169942,466430
2021-02-15,"Moderna, Oxford/AstraZeneca, Pfizer/BioNTech",302887,179313,482200
2021-02-16,"Moderna, Oxford/AstraZeneca, Pfizer/BioNTech",311611,188397,500008
2021-02-17,"Moderna, Oxford/AstraZeneca, Pfizer/BioNTech",321314,196708,518022
2021-02-18,"Moderna, Oxford/AstraZeneca, Pfizer/BioNTech",333644,204793,538437
2021-02-19,"Moderna, Oxford/AstraZeneca, Pfizer/BioNTech",345510,212169,557679
2021-02-20,"Moderna, Oxford/AstraZeneca, Pfizer/BioNTech",347520,213355,560875
2021-02-21,"Moderna, Oxford/AstraZeneca, Pfizer/BioNTech",348657,214381,563038
2021-02-22,"Moderna, Oxford/AstraZeneca, Pfizer/BioNTech",358785,220419,579204
2021-02-23,"Moderna, Oxford/AstraZeneca, Pfizer/BioNTech",371749,227410,599159
2021-02-24,"Moderna, Oxford/AstraZeneca, Pfizer/BioNTech",385634,233453,619087
2021-02-25,"Moderna, Oxford/AstraZeneca, Pfizer/BioNTech",403618,239005,642623
2021-02-26,"Moderna, Oxford/AstraZeneca, Pfizer/BioNTech",419799,244367,664166
2021-02-27,"Moderna, Oxford/AstraZeneca, Pfizer/BioNTech",422808,244927,667735
2021-02-28,"Moderna, Oxford/AstraZeneca, Pfizer/BioNTech",425166,245479,670645
2021-03-01,"Moderna, Oxford/AstraZeneca, Pfizer/BioNTech",444768,248929,693697
2021-03-02,"Moderna, Oxford/AstraZeneca, Pfizer/BioNTech",471997,252479,724476
2021-03-03,"Moderna, Oxford/AstraZeneca, Pfizer/BioNTech",502958,256990,759948
2021-03-04,"Moderna, Oxford/AstraZeneca, Pfizer/BioNTech",536250,261681,797931
2021-03-05,"Johnson&Johnson, Moderna, Oxford/AstraZeneca, Pfizer/BioNTech",565097,267109,832206
2021-03-06,"Johnson&Johnson, Moderna, Oxford/AstraZeneca, Pfizer/BioNTech",577256,267975,845231
2021-03-07,"Johnson&Johnson, Moderna, Oxford/AstraZeneca, Pfizer/BioNTech",588805,268818,857623
2021-03-08,"Johnson&Johnson, Moderna, Oxford/AstraZeneca, Pfizer/BioNTech",618554,273681,892235
2021-03-09,"Johnson&Johnson, Moderna, Oxford/AstraZeneca, Pfizer/BioNTech",654924,280069,934993
2021-03-10,"Johnson&Johnson, Moderna, Oxford/AstraZeneca, Pfizer/BioNTech",696263,287030,983293
2021-03-11,"Johnson&Johnson, Moderna, Oxford/AstraZeneca, Pfizer/BioNTech",741120,295407,1036527
2021-03-12,"Johnson&Johnson, Moderna, Oxford/AstraZeneca, Pfizer/BioNTech",779887,303905,1083792
2021-03-13,"Johnson&Johnson, Moderna, Oxford/AstraZeneca, Pfizer/BioNTech",796997,305220,1102217
2021-03-14,"Johnson&Johnson, Moderna, Oxford/AstraZeneca, Pfizer/BioNTech",809116,306376,1115492
2021-03-15,"Johnson&Johnson, Moderna, Oxford/AstraZeneca, Pfizer/BioNTech",837515,315159,1152674
2021-03-16,"Johnson&Johnson, Moderna, Oxford/AstraZeneca, Pfizer/BioNTech",876411,325697,1202108
2021-03-17,"Moderna, Oxford/AstraZeneca, Pfizer/BioNTech",913902,336212,1250114
2021-03-18,"Johnson&Johnson, Moderna, Oxford/AstraZeneca, Pfizer/BioNTech",951907,348637,1300544
2021-03-19,"Johnson&Johnson, Moderna, Oxford/AstraZeneca, Pfizer/BioNTech",986424,362252,1348676
2021-03-20,"Johnson&Johnson, Moderna, Oxford/AstraZeneca, Pfizer/BioNTech",1001608,364282,1365890
2021-03-21,"Johnson&Johnson, Moderna, Oxford/AstraZeneca, Pfizer/BioNTech",1009053,365842,1374895
2021-03-22,"Johnson&Johnson, Moderna, Oxford/AstraZeneca, Pfizer/BioNTech",1033632,378347,1411979
2021-03-23,"Johnson&Johnson, Moderna, Oxford/AstraZeneca, Pfizer/BioNTech",1060307,391713,1452020
2021-03-24,"Johnson&Johnson, Moderna, Oxford/AstraZeneca, Pfizer/BioNTech",1087198,407462,1494660
2021-03-25,"Johnson&Johnson, Moderna, Oxford/AstraZeneca, Pfizer/BioNTech",1113557,425318,1538875
2021-03-26,"Johnson&Johnson, Moderna, Oxford/AstraZeneca, Pfizer/BioNTech",1138399,442832,1581231
2021-03-27,"Johnson&Johnson, Moderna, Oxford/AstraZeneca, Pfizer/BioNTech",1146859,447678,1594537
2021-03-28,"Moderna, Oxford/AstraZeneca, Pfizer/BioNTech",1152407,451826,1604233
2021-03-29,"Johnson&Johnson, Moderna, Oxford/AstraZeneca, Pfizer/BioNTech",1171566,472563,1644129
2021-03-30,"Johnson&Johnson, Moderna, Oxford/AstraZeneca, Pfizer/BioNTech",1196276,494751,1691027
2021-03-31,"Johnson&Johnson, Moderna, Oxford/AstraZeneca, Pfizer/BioNTech",1219434,521821,1741255
2021-04-01,"Johnson&Johnson, Moderna, Oxford/AstraZeneca, Pfizer/BioNTech",1245120,553882,1799002
2021-04-02,"Johnson&Johnson, Moderna, Oxford/AstraZeneca, Pfizer/BioNTech",1252101,566681,1818782
2021-04-03,"Johnson&Johnson, Moderna, Oxford/AstraZeneca, Pfizer/BioNTech",1255752,577613,1833365
2021-04-04,"Johnson&Johnson, Moderna, Oxford/AstraZeneca, Pfizer/BioNTech",1258294,586538,1844832
2021-04-05,"Johnson&Johnson, Moderna, Oxford/AstraZeneca, Pfizer/BioNTech",1260725,593743,1854468
2021-04-06,"Johnson&Johnson, Moderna, Oxford/AstraZeneca, Pfizer/BioNTech",1276941,623019,1899960
2021-04-07,"Johnson&Johnson, Moderna, Oxford/AstraZeneca, Pfizer/BioNTech",1300445,645266,1945711
2021-04-08,"Johnson&Johnson, Moderna, Oxford/AstraZeneca, Pfizer/BioNTech",1339257,676312,2015569
2021-04-09,"Johnson&Johnson, Moderna, Oxford/AstraZeneca, Pfizer/BioNTech",1378856,706511,2085367
2021-04-10,"Johnson&Johnson, Moderna, Oxford/AstraZeneca, Pfizer/BioNTech",1394425,721824,2116249
2021-04-11,"Johnson&Johnson, Moderna, Oxford/AstraZeneca, Pfizer/BioNTech",1404220,731880,2136100
2021-04-12,"Johnson&Johnson, Moderna, Oxford/AstraZeneca, Pfizer/BioNTech",1442542,757027,2199569
2021-04-13,"Moderna, Oxford/AstraZeneca, Pfizer/BioNTech",1478849,783068,2261917
2021-04-14,"Moderna, Oxford/AstraZeneca, Pfizer/BioNTech",1517735,810444,2328179
2021-04-15,"Moderna, Oxford/AstraZeneca, Pfizer/BioNTech",1565567,836224,2401791
2021-04-16,"Moderna, Oxford/AstraZeneca, Pfizer/BioNTech",1610280,861910,2472190
2021-04-17,"Moderna, Oxford/AstraZeneca, Pfizer/BioNTech",1627007,870937,2497944
2021-04-18,"Moderna, Oxford/AstraZeneca, Pfizer/BioNTech",1640006,875923,2515929
2021-04-19,"Johnson&Johnson, Moderna, Oxford/AstraZeneca, Pfizer/BioNTech",1683980,891367,2575347
2021-04-20,"Johnson&Johnson, Moderna, Oxford/AstraZeneca, Pfizer/BioNTech",1726568,907256,2633824
2021-04-21,"Moderna, Oxford/AstraZeneca, Pfizer/BioNTech",1774340,921624,2695964
2021-04-22,"Johnson&Johnson, Moderna, Oxford/AstraZeneca, Pfizer/BioNTech",1828868,939023,2767891
2021-04-23,"Johnson&Johnson, Moderna, Oxford/AstraZeneca, Pfizer/BioNTech",1878885,951090,2829975
2021-04-24,"Johnson&Johnson, Moderna, Oxford/AstraZeneca, Pfizer/BioNTech",1896763,956357,2853120
2021-04-25,"Johnson&Johnson, Moderna, Oxford/AstraZeneca, Pfizer/BioNTech",1911476,960360,2871836
2021-04-26,"Johnson&Johnson, Moderna, Oxford/AstraZeneca, Pfizer/BioNTech",1961088,967930,2929018
2021-04-27,"Johnson&Johnson, Moderna, Oxford/AstraZeneca, Pfizer/BioNTech",2010079,980182,2990261
2021-04-28,"Johnson&Johnson, Moderna, Oxford/AstraZeneca, Pfizer/BioNTech",2068861,994212,3063073
2021-04-29,"Johnson&Johnson, Moderna, Oxford/AstraZeneca, Pfizer/BioNTech",2134481,1010132,3144613
2021-04-30,"Johnson&Johnson, Moderna, Oxford/AstraZeneca, Pfizer/BioNTech",2196776,1020127,3216903
2021-05-01,"Johnson&Johnson, Moderna, Oxford/AstraZeneca, Pfizer/BioNTech",2216164,1023592,3239756
2021-05-02,"Johnson&Johnson, Moderna, Oxford/AstraZeneca, Pfizer/BioNTech",2235119,1025883,3261002
2021-05-03,"Johnson&Johnson, Moderna, Oxford/AstraZeneca, Pfizer/BioNTech",2302401,1030965,3333366
2021-05-04,"Johnson&Johnson, Moderna, Oxford/AstraZeneca, Pfizer/BioNTech",2368960,1039340,3408300
2021-05-05,"Johnson&Johnson, Moderna, Oxford/AstraZeneca, Pfizer/BioNTech",2442173,1048788,3490961
2021-05-06,"Johnson&Johnson, Moderna, Oxford/AstraZeneca, Pfizer/BioNTech",2522621,1059544,3582165
2021-05-07,"Johnson&Johnson, Moderna, Oxford/AstraZeneca, Pfizer/BioNTech",2599954,1069689,3669643
2021-05-08,"Johnson&Johnson, Moderna, Oxford/AstraZeneca, Pfizer/BioNTech",2629493,1071483,3700976
2021-05-09,"Johnson&Johnson, Moderna, Oxford/AstraZeneca, Pfizer/BioNTech",2653731,1072704,3726435
2021-05-10,"Johnson&Johnson, Moderna, Oxford/AstraZeneca, Pfizer/BioNTech",2726540,1079954,3806494
2021-05-11,"Johnson&Johnson, Moderna, Oxford/AstraZeneca, Pfizer/BioNTech",2802700,1088790,3891490
2021-05-12,"Johnson&Johnson, Moderna, Oxford/AstraZeneca, Pfizer/BioNTech",2882652,1097938,3980590
2021-05-13,"Johnson&Johnson, Moderna, Oxford/AstraZeneca, Pfizer/BioNTech",2966707,1107133,4073840
2021-05-14,"Johnson&Johnson, Moderna, Oxford/AstraZeneca, Pfizer/BioNTech",3046260,1114965,4161225
2021-05-15,"Johnson&Johnson, Moderna, Oxford/AstraZeneca, Pfizer/BioNTech",3078230,1117252,4195482
2021-05-16,"Johnson&Johnson, Moderna, Oxford/AstraZeneca, Pfizer/BioNTech",3104044,1118538,4222582
2021-05-17,"Johnson&Johnson, Moderna, Oxford/AstraZeneca, Pfizer/BioNTech",3176588,1125295,4301883
2021-05-18,"Johnson&Johnson, Moderna, Oxford/AstraZeneca, Pfizer/BioNTech",3248580,1138417,4386997
2021-05-19,"Johnson&Johnson, Moderna, Oxford/AstraZeneca, Pfizer/BioNTech",3326082,1153592,4479674
2021-05-20,"Johnson&Johnson, Moderna, Oxford/AstraZeneca, Pfizer/BioNTech",3401577,1180664,4582241
2021-05-21,"Johnson&Johnson, Moderna, Oxford/AstraZeneca, Pfizer/BioNTech",3470432,1208475,4678907
2021-05-22,"Johnson&Johnson, Moderna, Oxford/AstraZeneca, Pfizer/BioNTech",3502894,1219718,4722612
2021-05-23,"Johnson&Johnson, Moderna, Oxford/AstraZeneca, Pfizer/BioNTech",3525344,1228761,4754105
2021-05-24,"Johnson&Johnson, Moderna, Oxford/AstraZeneca, Pfizer/BioNTech",3572564,1262442,4835006
2021-05-25,"Johnson&Johnson, Moderna, Oxford/AstraZeneca, Pfizer/BioNTech",3624483,1298291,4922774
2021-05-26,"Johnson&Johnson, Moderna, Oxford/AstraZeneca, Pfizer/BioNTech",3692252,1335856,5028108
2021-05-27,"Johnson&Johnson, Moderna, Oxford/AstraZeneca, Pfizer/BioNTech",3753687,1383223,5136910
2021-05-28,"Johnson&Johnson, Moderna, Oxford/AstraZeneca, Pfizer/BioNTech",3815441,1429839,5245280
2021-05-29,"Johnson&Johnson, Moderna, Oxford/AstraZeneca, Pfizer/BioNTech",3844707,1446985,5291692
2021-05-30,"Johnson&Johnson, Moderna, Oxford/AstraZeneca, Pfizer/BioNTech",3867119,1461457,5328576
2021-05-31,"Johnson&Johnson, Moderna, Oxford/AstraZeneca, Pfizer/BioNTech",3922866,1508995,5431861
2021-06-01,"Johnson&Johnson, Moderna, Oxford/AstraZeneca, Pfizer/BioNTech",3981972,1557887,5539859
2021-06-02,"Johnson&Johnson, Moderna, Oxford/AstraZeneca, Pfizer/BioNTech",4044951,1611929,5656880
2021-06-03,"Johnson&Johnson, Moderna, Oxford/AstraZeneca, Pfizer/BioNTech",4103208,1672180,5775388
2021-06-04,"Johnson&Johnson, Moderna, Oxford/AstraZeneca, Pfizer/BioNTech",4166347,1729620,5895967
2021-06-05,"Johnson&Johnson, Moderna, Oxford/AstraZeneca, Pfizer/BioNTech",4200534,1748551,5949085
2021-06-06,"Johnson&Johnson, Moderna, Oxford/AstraZeneca, Pfizer/BioNTech",4227494,1763731,5991225
2021-06-07,"Johnson&Johnson, Moderna, Oxford/AstraZeneca, Pfizer/BioNTech",4291196,1819386,6110582
2021-06-08,"Johnson&Johnson, Moderna, Oxford/AstraZeneca, Pfizer/BioNTech",4355217,1874425,6229642
2021-06-09,"Johnson&Johnson, Moderna, Oxford/AstraZeneca, Pfizer/BioNTech",4414437,1939128,6353565
2021-06-10,"Johnson&Johnson, Moderna, Oxford/AstraZeneca, Pfizer/BioNTech",4468304,2010465,6478769
2021-06-11,"Johnson&Johnson, Moderna, Oxford/AstraZeneca, Pfizer/BioNTech",4520436,2080325,6600761
2021-06-12,"Johnson&Johnson, Moderna, Oxford/AstraZeneca, Pfizer/BioNTech",4552459,2101187,6653646
2021-06-13,"Johnson&Johnson, Moderna, Oxford/AstraZeneca, Pfizer/BioNTech",4576504,2119634,6696138
2021-06-14,"Johnson&Johnson, Moderna, Oxford/AstraZeneca, Pfizer/BioNTech",4619596,2194054,6813650
2021-06-15,"Johnson&Johnson, Moderna, Oxford/AstraZeneca, Pfizer/BioNTech",4664278,2266470,6930748
2021-06-16,"Johnson&Johnson, Moderna, Oxford/AstraZeneca, Pfizer/BioNTech",4707105,2344739,7051844
2021-06-17,"Johnson&Johnson, Moderna, Oxford/AstraZeneca, Pfizer/BioNTech",4746547,2427864,7174411
2021-06-18,"Johnson&Johnson, Moderna, Oxford/AstraZeneca, Pfizer/BioNTech",4788993,2508472,7297465
2021-06-19,"Johnson&Johnson, Moderna, Oxford/AstraZeneca, Pfizer/BioNTech",4810787,2537820,7348607
2021-06-20,"Johnson&Johnson, Moderna, Oxford/AstraZeneca, Pfizer/BioNTech",4828200,2561699,7389899
2021-06-21,"Johnson&Johnson, Moderna, Oxford/AstraZeneca, Pfizer/BioNTech",4860713,2640339,7501052
2021-06-22,"Johnson&Johnson, Moderna, Oxford/AstraZeneca, Pfizer/BioNTech",4893692,2722694,7616386
2021-06-23,"Johnson&Johnson, Moderna, Oxford/AstraZeneca, Pfizer/BioNTech",4925414,2807965,7733379
2021-06-24,"Johnson&Johnson, Moderna, Oxford/AstraZeneca, Pfizer/BioNTech",4955284,2898044,7853328
2021-06-25,"Johnson&Johnson, Moderna, Oxford/AstraZeneca, Pfizer/BioNTech",4986380,2984296,7970676
2021-06-26,"Johnson&Johnson, Moderna, Oxford/AstraZeneca, Pfizer/BioNTech",5002286,3019190,8021476
2021-06-27,"Johnson&Johnson, Moderna, Oxford/AstraZeneca, Pfizer/BioNTech",5016246,3045910,8062156
2021-06-28,"Johnson&Johnson, Moderna, Oxford/AstraZeneca, Pfizer/BioNTech",5044669,3131146,8175815
2021-06-29,"Johnson&Johnson, Moderna, Oxford/AstraZeneca, Pfizer/BioNTech",5073961,3217713,8291674
2021-06-30,"Johnson&Johnson, Moderna, Oxford/AstraZeneca, Pfizer/BioNTech",5101471,3308767,8410238
2021-07-01,"Johnson&Johnson, Moderna, Oxford/AstraZeneca, Pfizer/BioNTech",5125470,3398881,8524351
2021-07-02,"Johnson&Johnson, Moderna, Oxford/AstraZeneca, Pfizer/BioNTech",5152223,3484823,8637046
2021-07-03,"Johnson&Johnson, Moderna, Oxford/AstraZeneca, Pfizer/BioNTech",5159326,3516401,8675727
2021-07-04,"Johnson&Johnson, Moderna, Oxford/AstraZeneca, Pfizer/BioNTech",5166915,3538230,8705145
2021-07-05,"Johnson&Johnson, Moderna, Oxford/AstraZeneca, Pfizer/BioNTech",5174336,3563646,8737982
2021-07-06,"Johnson&Johnson, Moderna, Oxford/AstraZeneca, Pfizer/BioNTech",5179809,3591380,8771189
2021-07-07,"Johnson&Johnson, Moderna, Oxford/AstraZeneca, Pfizer/BioNTech",5205643,3670383,8876026
2021-07-08,"Johnson&Johnson, Moderna, Oxford/AstraZeneca, Pfizer/BioNTech",5232263,3740731,8972994
2021-07-09,"Johnson&Johnson, Moderna, Oxford/AstraZeneca, Pfizer/BioNTech",5260217,3810075,9070292
2021-07-10,"Johnson&Johnson, Moderna, Oxford/AstraZeneca, Pfizer/BioNTech",5269603,3838753,9108356
2021-07-11,"Johnson&Johnson, Moderna, Oxford/AstraZeneca, Pfizer/BioNTech",5278161,3861646,9139807
2021-07-12,"Johnson&Johnson, Moderna, Oxford/AstraZeneca, Pfizer/BioNTech",5305701,3930743,9236444
2021-07-13,"Johnson&Johnson, Moderna, Oxford/AstraZeneca, Pfizer/BioNTech",5331907,4000646,9332553
2021-07-14,"Johnson&Johnson, Moderna, Oxford/AstraZeneca, Pfizer/BioNTech",5357748,4072665,9430413
2021-07-15,"Johnson&Johnson, Moderna, Oxford/AstraZeneca, Pfizer/BioNTech",5386943,4138713,9525656
2021-07-16,"Johnson&Johnson, Moderna, Oxford/AstraZeneca, Pfizer/BioNTech",5414880,4211476,9626356
2021-07-17,"Johnson&Johnson, Moderna, Oxford/AstraZeneca, Pfizer/BioNTech",5423688,4242957,9666645
2021-07-18,"Johnson&Johnson, Moderna, Oxford/AstraZeneca, Pfizer/BioNTech",5432133,4268973,9701106
2021-07-19,"Johnson&Johnson, Moderna, Oxford/AstraZeneca, Pfizer/BioNTech",5455506,4336021,9791527
2021-07-20,"Johnson&Johnson, Moderna, Oxford/AstraZeneca, Pfizer/BioNTech",5476921,4403104,9880025
2021-07-21,"Johnson&Johnson, Moderna, Oxford/AstraZeneca, Pfizer/BioNTech",5500381,4466582,9966963
2021-07-22,"Johnson&Johnson, Moderna, Oxford/AstraZeneca, Pfizer/BioNTech",5522752,4525237,10047989
2021-07-23,"Johnson&Johnson, Moderna, Oxford/AstraZeneca, Pfizer/BioNTech",5545989,4580012,10126001
2021-07-24,"Johnson&Johnson, Moderna, Oxford/AstraZeneca, Pfizer/BioNTech",5553339,4607695,10161034
2021-07-25,"Johnson&Johnson, Moderna, Oxford/AstraZeneca, Pfizer/BioNTech",5559976,4629839,10189815
2021-07-26,"Johnson&Johnson, Moderna, Oxford/AstraZeneca, Pfizer/BioNTech",5583536,4678545,10262081
2021-07-27,"Johnson&Johnson, Moderna, Oxford/AstraZeneca, Pfizer/BioNTech",5606290,4725217,10331507
2021-07-28,"Johnson&Johnson, Moderna, Oxford/AstraZeneca, Pfizer/BioNTech",5627571,4771253,10398824
2021-07-29,"Johnson&Johnson, Moderna, Oxford/AstraZeneca, Pfizer/BioNTech",5648913,4813253,10462166
2021-07-30,"Johnson&Johnson, Moderna, Oxford/AstraZeneca, Pfizer/BioNTech",5672197,4855844,10528041
2021-07-31,"Johnson&Johnson, Moderna, Oxford/AstraZeneca, Pfizer/BioNTech",5681148,4875391,10556539
2021-08-01,"Johnson&Johnson, Moderna, Oxford/AstraZeneca, Pfizer/BioNTech",5687883,4891576,10579459
2021-08-02,"Johnson&Johnson, Moderna, Oxford/AstraZeneca, Pfizer/BioNTech",5706532,4929153,10635685
2021-08-03,"Johnson&Johnson, Moderna, Oxford/AstraZeneca, Pfizer/BioNTech",5724187,4967282,10691469
2021-08-04,"Johnson&Johnson, Moderna, Oxford/AstraZeneca, Pfizer/BioNTech",5740316,5004066,10744382
2021-08-05,"Johnson&Johnson, Moderna, Oxford/AstraZeneca, Pfizer/BioNTech",5756360,5044575,10800935
2021-08-06,"Johnson&Johnson, Moderna, Oxford/AstraZeneca, Pfizer/BioNTech",5773165,5087896,10861061
2021-08-07,"Johnson&Johnson, Moderna, Oxford/AstraZeneca, Pfizer/BioNTech",5778775,5106081,10884856
2021-08-08,"Johnson&Johnson, Moderna, Oxford/AstraZeneca, Pfizer/BioNTech",5783144,5121851,10904995
2021-08-09,"Johnson&Johnson, Moderna, Oxford/AstraZeneca, Pfizer/BioNTech",5795788,5166930,10962718
2021-08-10,"Johnson&Johnson, Moderna, Oxford/AstraZeneca, Pfizer/BioNTech",5807636,5206524,11014160
2021-08-11,"Johnson&Johnson, Moderna, Oxford/AstraZeneca, Pfizer/BioNTech",5819008,5249673,11068681
2021-08-12,"Johnson&Johnson, Moderna, Oxford/AstraZeneca, Pfizer/BioNTech",5830435,5286830,11117265
2021-08-13,"Johnson&Johnson, Moderna, Oxford/AstraZeneca, Pfizer/BioNTech",5841168,5327196,11168364
2021-08-14,"Johnson&Johnson, Moderna, Oxford/AstraZeneca, Pfizer/BioNTech",5844508,5337912,11182420
2021-08-15,"Johnson&Johnson, Moderna, Oxford/AstraZeneca, Pfizer/BioNTech",5847094,5348301,11195395
2021-08-16,"Johnson&Johnson, Moderna, Oxford/AstraZeneca, Pfizer/BioNTech",5856890,5382393,11239283
2021-08-17,"Johnson&Johnson, Moderna, Oxford/AstraZeneca, Pfizer/BioNTech",5866490,5409500,11275990
2021-08-18,"Johnson&Johnson, Moderna, Oxford/AstraZeneca, Pfizer/BioNTech",5875868,5448411,11324279
2021-08-19,"Johnson&Johnson, Moderna, Oxford/AstraZeneca, Pfizer/BioNTech",5885548,5486778,11372326
2021-08-20,"Johnson&Johnson, Moderna, Oxford/AstraZeneca, Pfizer/BioNTech",5896944,5526977,11423921
2021-08-21,"Johnson&Johnson, Moderna, Oxford/AstraZeneca, Pfizer/BioNTech",5899668,5539750,11439418
2021-08-22,"Johnson&Johnson, Moderna, Oxford/AstraZeneca, Pfizer/BioNTech",5902014,5551724,11453738
2021-08-23,"Johnson&Johnson, Moderna, Oxford/AstraZeneca, Pfizer/BioNTech",5912546,5591011,11503557
2021-08-24,"Johnson&Johnson, Moderna, Oxford/AstraZeneca, Pfizer/BioNTech",5922427,5624277,11546704
2021-08-25,"Johnson&Johnson, Moderna, Oxford/AstraZeneca, Pfizer/BioNTech",5931292,5652655,11583947
2021-08-26,"Johnson&Johnson, Moderna, Oxford/AstraZeneca, Pfizer/BioNTech",5939748,5678783,11618531
2021-08-27,"Johnson&Johnson, Moderna, Oxford/AstraZeneca, Pfizer/BioNTech",5950078,5704771,11654849
2021-08-28,"Johnson&Johnson, Moderna, Oxford/AstraZeneca, Pfizer/BioNTech",5952814,5711838,11664652
2021-08-29,"Johnson&Johnson, Moderna, Oxford/AstraZeneca, Pfizer/BioNTech",5955226,5718462,11673688
2021-08-30,"Johnson&Johnson, Moderna, Oxford/AstraZeneca, Pfizer/BioNTech",5963753,5740344,11704097
2021-08-31,"Johnson&Johnson, Moderna, Oxford/AstraZeneca, Pfizer/BioNTech",5971437,5758456,11729893
2021-09-01,"Johnson&Johnson, Moderna, Oxford/AstraZeneca, Pfizer/BioNTech",5977348,5772479,11749827
2021-09-02,"Johnson&Johnson, Moderna, Oxford/AstraZeneca, Pfizer/BioNTech",5984197,5786873,11771070
2021-09-03,"Johnson&Johnson, Moderna, Oxford/AstraZeneca, Pfizer/BioNTech",5993763,5802611,11796374
2021-09-04,"Johnson&Johnson, Moderna, Oxford/AstraZeneca, Pfizer/BioNTech",5995834,5806170,11802004
2021-09-05,"Johnson&Johnson, Moderna, Oxford/AstraZeneca, Pfizer/BioNTech",5997874,5809020,11806894
2021-09-06,"Johnson&Johnson, Moderna, Oxford/AstraZeneca, Pfizer/BioNTech",6004114,5821567,11825681
2021-09-07,"Johnson&Johnson, Moderna, Oxford/AstraZeneca, Pfizer/BioNTech",6008509,5832655,11841164
2021-09-08,"Johnson&Johnson, Moderna, Oxford/AstraZeneca, Pfizer/BioNTech",6014186,5842519,11856705
2021-09-09,"Johnson&Johnson, Moderna, Oxford/AstraZeneca, Pfizer/BioNTech",6020887,5852590,11873477
2021-09-10,"Johnson&Johnson, Moderna, Oxford/AstraZeneca, Pfizer/BioNTech",6028585,5864774,11893359
2021-09-11,"Johnson&Johnson, Moderna, Oxford/AstraZeneca, Pfizer/BioNTech",6030455,5867260,11897715
2021-09-12,"Johnson&Johnson, Moderna, Oxford/AstraZeneca, Pfizer/BioNTech",6031573,5868893,11900466
2021-09-13,"Johnson&Johnson, Moderna, Oxford/AstraZeneca, Pfizer/BioNTech",6037013,5879200,11916213
2021-09-14,"Johnson&Johnson, Moderna, Oxford/AstraZeneca, Pfizer/BioNTech",6042412,5888218,11930630
2021-09-15,"Johnson&Johnson, Moderna, Oxford/AstraZeneca, Pfizer/BioNTech",6047615,5896746,11944361
2021-09-16,"Johnson&Johnson, Moderna, Oxford/AstraZeneca, Pfizer/BioNTech",6052972,5905027,11957999
2021-09-17,"Johnson&Johnson, Moderna, Oxford/AstraZeneca, Pfizer/BioNTech",6059545,5915266,11974811
2021-09-18,"Johnson&Johnson, Moderna, Oxford/AstraZeneca, Pfizer/BioNTech",6061273,5917628,11978901
2021-09-19,"Johnson&Johnson, Moderna, Oxford/AstraZeneca, Pfizer/BioNTech",6062219,5919197,11981416
2021-09-20,"Johnson&Johnson, Moderna, Oxford/AstraZeneca, Pfizer/BioNTech",6066235,5927399,11993634
2021-09-21,"Johnson&Johnson, Moderna, Oxford/AstraZeneca, Pfizer/BioNTech",6070473,5934936,12005409
2021-09-22,"Johnson&Johnson, Moderna, Oxford/AstraZeneca, Pfizer/BioNTech",6074667,5940459,12015126
2021-09-23,"Johnson&Johnson, Moderna, Oxford/AstraZeneca, Pfizer/BioNTech",6079644,5946877,12026521
2021-09-24,"Johnson&Johnson, Moderna, Oxford/AstraZeneca, Pfizer/BioNTech",6085404,5956498,12041902
2021-09-25,"Johnson&Johnson, Moderna, Oxford/AstraZeneca, Pfizer/BioNTech",6086901,5958498,12045399
2021-09-26,"Johnson&Johnson, Moderna, Oxford/AstraZeneca, Pfizer/BioNTech",6087646,5960138,12047784
2021-09-27,"Johnson&Johnson, Moderna, Oxford/AstraZeneca, Pfizer/BioNTech",6091530,5966653,12058183
2021-09-28,"Johnson&Johnson, Moderna, Oxford/AstraZeneca, Pfizer/BioNTech",6091899,5967283,12059182
2021-09-29,"Johnson&Johnson, Moderna, Oxford/AstraZeneca, Pfizer/BioNTech",6095676,5974748,12070424
2021-09-30,"Johnson&Johnson, Moderna, Oxford/AstraZeneca, Pfizer/BioNTech",6100189,5982449,12082638
2021-10-01,"Johnson&Johnson, Moderna, Oxford/AstraZeneca, Pfizer/BioNTech",6104493,5990433,12094926
2021-10-02,"Johnson&Johnson, Moderna, Oxford/AstraZeneca, Pfizer/BioNTech",6105556,5991980,12097536
2021-10-03,"Johnson&Johnson, Moderna, Oxford/AstraZeneca, Pfizer/BioNTech",6106281,5992851,12099132
2021-10-04,"Johnson&Johnson, Moderna, Oxford/AstraZeneca, Pfizer/BioNTech",6109356,5998426,12107782
2021-10-05,"Johnson&Johnson, Moderna, Oxford/AstraZeneca, Pfizer/BioNTech",6112520,6003513,12116033
2021-10-06,"Johnson&Johnson, Moderna, Oxford/AstraZeneca, Pfizer/BioNTech",6116039,6008687,12124726
2021-10-07,"Johnson&Johnson, Moderna, Oxford/AstraZeneca, Pfizer/BioNTech",6119323,6013948,12133271
2021-10-08,"Johnson&Johnson, Moderna, Oxford/AstraZeneca, Pfizer/BioNTech",6124117,6020592,12144709
2021-10-09,"Johnson&Johnson, Moderna, Oxford/AstraZeneca, Pfizer/BioNTech",6125362,6022256,12147618
2021-10-10,"Johnson&Johnson, Moderna, Oxford/AstraZeneca, Pfizer/BioNTech",6126306,6023088,12149394
2021-10-11,"Johnson&Johnson, Moderna, Oxford/AstraZeneca, Pfizer/BioNTech",6129236,6027503,12156739
2021-10-12,"Johnson&Johnson, Moderna, Oxford/AstraZeneca, Pfizer/BioNTech",6132170,6031508,12163678
2021-10-13,"Johnson&Johnson, Moderna, Oxford/AstraZeneca, Pfizer/BioNTech",6135701,6035692,12171393
2021-10-14,"Johnson&Johnson, Moderna, Oxford/AstraZeneca, Pfizer/BioNTech",6139374,6040641,12180015
2021-10-15,"Johnson&Johnson, Moderna, Oxford/AstraZeneca, Pfizer/BioNTech",6144603,6046788,12191391
2021-10-16,"Johnson&Johnson, Moderna, Oxford/AstraZeneca, Pfizer/BioNTech",6146018,6048316,12194334
2021-10-17,"Johnson&Johnson, Moderna, Pfizer/BioNTech",6147345,6049371,12196716
2021-10-18,"Johnson&Johnson, Moderna, Oxford/AstraZeneca, Pfizer/BioNTech",6151459,6053471,12204930
2021-10-19,"Johnson&Johnson, Moderna, Oxford/AstraZeneca, Pfizer/BioNTech",6155039,6055570,12210609
2021-10-20,"Johnson&Johnson, Moderna, Oxford/AstraZeneca, Pfizer/BioNTech",6159923,6060020,12219943
2021-10-21,"Johnson&Johnson, Moderna, Oxford/AstraZeneca, Pfizer/BioNTech",6167688,6065624,12233312
2021-10-22,"Johnson&Johnson, Moderna, Oxford/AstraZeneca, Pfizer/BioNTech",6178142,6072128,12250270
2021-10-23,"Johnson&Johnson, Moderna, Oxford/AstraZeneca, Pfizer/BioNTech",6181816,6074334,12256150
2021-10-24,"Johnson&Johnson, Moderna, Oxford/AstraZeneca, Pfizer/BioNTech",6184501,6076115,12260616
2021-10-25,"Johnson&Johnson, Moderna, Oxford/AstraZeneca, Pfizer/BioNTech",6195000,6081923,12276923
2021-10-26,"Johnson&Johnson, Moderna, Oxford/AstraZeneca, Pfizer/BioNTech",6206990,6088473,12295463
2021-10-27,"Johnson&Johnson, Moderna, Oxford/AstraZeneca, Pfizer/BioNTech",6221599,6095880,12317479
2021-10-28,"Johnson&Johnson, Moderna, Oxford/AstraZeneca, Pfizer/BioNTech",6225023,6097564,12322587
2021-10-29,"Johnson&Johnson, Moderna, Oxford/AstraZeneca, Pfizer/BioNTech",6239460,6105552,12345012
2021-10-30,"Johnson&Johnson, Moderna, Oxford/AstraZeneca, Pfizer/BioNTech",6243989,6108478,12352467
2021-10-31,"Johnson&Johnson, Moderna, Oxford/AstraZeneca, Pfizer/BioNTech",6247752,6110952,12358704
2021-11-01,"Johnson&Johnson, Moderna, Oxford/AstraZeneca, Pfizer/BioNTech",6262947,6118637,12381584
2021-11-02,"Johnson&Johnson, Moderna, Oxford/AstraZeneca, Pfizer/BioNTech",6278400,6126194,12404594
2021-11-03,"Johnson&Johnson, Moderna, Oxford/AstraZeneca, Pfizer/BioNTech",6295579,6133488,12429067
2021-11-04,"Johnson&Johnson, Moderna, Oxford/AstraZeneca, Pfizer/BioNTech",6313930,6141659,12455589
2021-11-05,"Johnson&Johnson, Moderna, Oxford/AstraZeneca, Pfizer/BioNTech",6336728,6152940,12489668
2021-11-06,"Johnson&Johnson, Moderna, Oxford/AstraZeneca, Pfizer/BioNTech",6343245,6155996,12499241
2021-11-07,"Johnson&Johnson, Moderna, Oxford/AstraZeneca, Pfizer/BioNTech",6347266,6158432,12505698
2021-11-08,"Johnson&Johnson, Moderna, Oxford/AstraZeneca, Pfizer/BioNTech",6363534,6166061,12529595
2021-11-09,"Johnson&Johnson, Moderna, Oxford/AstraZeneca, Pfizer/BioNTech",6378342,6173360,12551702
2021-11-10,"Johnson&Johnson, Moderna, Oxford/AstraZeneca, Pfizer/BioNTech",6394079,6180742,12574821
2021-11-11,"Johnson&Johnson, Moderna, Oxford/AstraZeneca, Pfizer/BioNTech",6409548,6189846,12599394
2021-11-12,"Johnson&Johnson, Moderna, Oxford/AstraZeneca, Pfizer/BioNTech",6429351,6202647,12631998
2021-11-13,"Johnson&Johnson, Moderna, Oxford/AstraZeneca, Pfizer/BioNTech",6434744,6206519,12641263
2021-11-14,"Johnson&Johnson, Moderna, Oxford/AstraZeneca, Pfizer/BioNTech",6438637,6209523,12648160
2021-11-15,"Johnson&Johnson, Moderna, Oxford/AstraZeneca, Pfizer/BioNTech",6453718,6220216,12673934
2021-11-16,"Johnson&Johnson, Moderna, Oxford/AstraZeneca, Pfizer/BioNTech",6471260,6232198,12703458
2021-11-17,"Johnson&Johnson, Moderna, Oxford/AstraZeneca, Pfizer/BioNTech",6475501,6235763,12711264
2021-11-18,"Johnson&Johnson, Moderna, Oxford/AstraZeneca, Pfizer/BioNTech",6494922,6247456,12742378
2021-11-19,"Johnson&Johnson, Moderna, Oxford/AstraZeneca, Pfizer/BioNTech",6519530,6264427,12783957
2021-11-20,"Johnson&Johnson, Moderna, Oxford/AstraZeneca, Pfizer/BioNTech",6528109,6269409,12797518
2021-11-21,"Johnson&Johnson, Moderna, Pfizer/BioNTech",6534880,6273182,12808062
2021-11-22,"Johnson&Johnson, Moderna, Oxford/AstraZeneca, Pfizer/BioNTech",6553390,6287294,12840684
2021-11-23,"Johnson&Johnson, Moderna, Oxford/AstraZeneca, Pfizer/BioNTech",6572456,6300553,12873009
2021-11-24,"Johnson&Johnson, Moderna, Oxford/AstraZeneca, Pfizer/BioNTech",6591471,6316400,12907871
2021-11-25,"Johnson&Johnson, Moderna, Oxford/AstraZeneca, Pfizer/BioNTech",6610617,6331434,12942051
2021-11-26,"Johnson&Johnson, Moderna, Oxford/AstraZeneca, Pfizer/BioNTech",6632271,6350569,12982840
2021-11-27,"Johnson&Johnson, Moderna, Oxford/AstraZeneca, Pfizer/BioNTech",6639740,6356124,12995864
2021-11-28,"Johnson&Johnson, Moderna, Oxford/AstraZeneca, Pfizer/BioNTech",6643073,6359259,13002332
2021-11-29,"Johnson&Johnson, Moderna, Oxford/AstraZeneca, Pfizer/BioNTech",6658282,6372916,13031198
2021-11-30,"Johnson&Johnson, Moderna, Oxford/AstraZeneca, Pfizer/BioNTech",6671484,6384147,13055631
2021-12-01,"Johnson&Johnson, Moderna, Oxford/AstraZeneca, Pfizer/BioNTech",6685521,6396602,13082123
2021-12-02,"Johnson&Johnson, Moderna, Oxford/AstraZeneca, Pfizer/BioNTech",6696157,6409092,13105249
2021-12-03,"Johnson&Johnson, Moderna, Oxford/AstraZeneca, Pfizer/BioNTech",6705797,6424665,13130462
2021-12-04,"Johnson&Johnson, Moderna, Pfizer/BioNTech",6708354,6428615,13136969
2021-12-05,"Johnson&Johnson, Moderna, Oxford/AstraZeneca, Pfizer/BioNTech",6709713,6430953,13140666
2021-12-06,"Johnson&Johnson, Moderna, Oxford/AstraZeneca, Pfizer/BioNTech",6717859,6442482,13160341
2021-12-07,"Johnson&Johnson, Moderna, Oxford/AstraZeneca, Pfizer/BioNTech",6725749,6454491,13180240
2021-12-08,"Johnson&Johnson, Moderna, Oxford/AstraZeneca, Pfizer/BioNTech",6733991,6460419,13194410
2021-12-09,"Johnson&Johnson, Moderna, Oxford/AstraZeneca, Pfizer/BioNTech",6741112,6473237,13214349
2021-12-10,"Johnson&Johnson, Moderna, Oxford/AstraZeneca, Pfizer/BioNTech",6748044,6491042,13239086
2021-12-11,"Johnson&Johnson, Moderna, Pfizer/BioNTech",6749702,6496314,13246016
2021-12-12,"Johnson&Johnson, Moderna, Oxford/AstraZeneca, Pfizer/BioNTech",6751013,6500748,13251761
2021-12-13,"Johnson&Johnson, Moderna, Oxford/AstraZeneca, Pfizer/BioNTech",6757361,6514058,13271419
2021-12-14,"Johnson&Johnson, Moderna, Oxford/AstraZeneca, Pfizer/BioNTech",6763571,6527727,13291298
2021-12-15,"Johnson&Johnson, Moderna, Oxford/AstraZeneca, Pfizer/BioNTech",6769777,6541326,13311103
2021-12-16,"Johnson&Johnson, Moderna, Oxford/AstraZeneca, Pfizer/BioNTech",6776717,6556160,13332877
2021-12-17,"Johnson&Johnson, Moderna, Oxford/AstraZeneca, Pfizer/BioNTech",6785083,6573424,13358507
2021-12-18,"Johnson&Johnson, Moderna, Oxford/AstraZeneca, Pfizer/BioNTech",6787694,6578875,13366569
2021-12-19,"Johnson&Johnson, Moderna, Pfizer/BioNTech",6789465,6581379,13370844
2021-12-20,"Johnson&Johnson, Moderna, Oxford/AstraZeneca, Pfizer/BioNTech",6795318,6595443,13390761
2021-12-21,"Johnson&Johnson, Moderna, Oxford/AstraZeneca, Pfizer/BioNTech",6801979,6607436,13409415
2021-12-22,"Johnson&Johnson, Moderna, Oxford/AstraZeneca, Pfizer/BioNTech",6807028,6620493,13427521
2021-12-23,"Johnson&Johnson, Moderna, Oxford/AstraZeneca, Pfizer/BioNTech",6809901,6626094,13435995
2021-12-24,"Johnson&Johnson, Moderna, Oxford/AstraZeneca, Pfizer/BioNTech",6809947,6626195,13436142
2021-12-25,"Moderna, Pfizer/BioNTech",6809948,6626203,13436151
2021-12-26,"Moderna, Pfizer/BioNTech",6810050,6626405,13436455
2021-12-27,"Johnson&Johnson, Moderna, Pfizer/BioNTech",6813917,6636142,13450059
2021-12-28,"Johnson&Johnson, Moderna, Oxford/AstraZeneca, Pfizer/BioNTech",6819158,6644137,13463295
2021-12-29,"Johnson&Johnson, Moderna, Oxford/AstraZeneca, Pfizer/BioNTech",6823438,6651856,13475294
2021-12-30,"Johnson&Johnson, Moderna, Pfizer/BioNTech",6827735,6657288,13485023
2021-12-31,"Johnson&Johnson, Moderna, Pfizer/BioNTech",6828245,6658711,13486956
2022-01-01,"Johnson&Johnson, Moderna, Pfizer/BioNTech",6828250,6658729,13486979
2022-01-02,"Johnson&Johnson, Moderna, Pfizer/BioNTech",6829107,6660106,13489213
2022-01-03,"Johnson&Johnson, Moderna, Oxford/AstraZeneca, Pfizer/BioNTech",6833241,6669008,13502249
2022-01-04,"Johnson&Johnson, Moderna, Oxford/AstraZeneca, Pfizer/BioNTech",6838325,6676760,13515085
2022-01-05,"Johnson&Johnson, Moderna, Oxford/AstraZeneca, Pfizer/BioNTech",6844145,6684730,13528875
2022-01-06,"Johnson&Johnson, Moderna, Oxford/AstraZeneca, Pfizer/BioNTech",6850731,6693131,13543862
2022-01-07,"Johnson&Johnson, Moderna, Oxford/AstraZeneca, Pfizer/BioNTech",6858606,6703485,13562091
2022-01-08,"Johnson&Johnson, Moderna, Oxford/AstraZeneca, Pfizer/BioNTech",6861086,6706268,13567354
2022-01-09,"Johnson&Johnson, Moderna, Pfizer/BioNTech",6862168,6707962,13570130
2022-01-10,"Johnson&Johnson, Moderna, Oxford/AstraZeneca, Pfizer/BioNTech",6866664,6714148,13580812
2022-01-11,"Johnson&Johnson, Moderna, Oxford/AstraZeneca, Pfizer/BioNTech",6872103,6720902,13593005
2022-01-12,"Johnson&Johnson, Moderna, Oxford/AstraZeneca, Pfizer/BioNTech",6878053,6726545,13604598
2022-01-13,"Johnson&Johnson, Moderna, Oxford/AstraZeneca, Pfizer/BioNTech",6883936,6731320,13615256
2022-01-14,"Johnson&Johnson, Moderna, Oxford/AstraZeneca, Pfizer/BioNTech",6890235,6734953,13625188
2022-01-15,"Johnson&Johnson, Moderna, Oxford/AstraZeneca, Pfizer/BioNTech",6891512,6735607,13627119
2022-01-16,"Johnson&Johnson, Moderna, Oxford/AstraZeneca, Pfizer/BioNTech",6892199,6736044,13628243
2022-01-17,"Johnson&Johnson, Moderna, Oxford/AstraZeneca, Pfizer/BioNTech",6895751,6740000,13635751
2022-01-18,"Johnson&Johnson, Moderna, Oxford/AstraZeneca, Pfizer/BioNTech",6899602,6744949,13644551
2022-01-19,"Johnson&Johnson, Moderna, Oxford/AstraZeneca, Pfizer/BioNTech",6903669,6748881,13652550
2022-01-20,"Johnson&Johnson, Moderna, Oxford/AstraZeneca, Pfizer/BioNTech",6907263,6753330,13660593
2022-01-21,"Johnson&Johnson, Moderna, Oxford/AstraZeneca, Pfizer/BioNTech",6911258,6755857,13667115
2022-01-22,"Johnson&Johnson, Moderna, Pfizer/BioNTech",6912037,6756295,13668332
2022-01-23,"Johnson&Johnson, Moderna, Pfizer/BioNTech",6912598,6756929,13669527
2022-01-24,"Johnson&Johnson, Moderna, Oxford/AstraZeneca, Pfizer/BioNTech",6914864,6760363,13675227
2022-01-25,"Johnson&Johnson, Moderna, Oxford/AstraZeneca, Pfizer/BioNTech",6917217,6764357,13681574
2022-01-26,"Johnson&Johnson, Moderna, Oxford/AstraZeneca, Pfizer/BioNTech",6919601,6768921,13688522
2022-01-27,"Johnson&Johnson, Moderna, Oxford/AstraZeneca, Pfizer/BioNTech",6921924,6773730,13695654
2022-01-28,"Johnson&Johnson, Moderna, Oxford/AstraZeneca, Pfizer/BioNTech",6924835,6779890,13704725
2022-01-29,"Johnson&Johnson, Moderna, Pfizer/BioNTech",6925435,6781539,13706974
2022-01-30,"Johnson&Johnson, Moderna, Pfizer/BioNTech",6925662,6782316,13707978
2022-01-31,"Johnson&Johnson, Moderna, Pfizer/BioNTech",6927201,6786231,13713432
2022-02-01,"Johnson&Johnson, Moderna, Pfizer/BioNTech",6928795,6790263,13719058
2022-02-02,"Johnson&Johnson, Moderna, Pfizer/BioNTech",6930362,6794765,13725127
2022-02-03,"Johnson&Johnson, Moderna, Pfizer/BioNTech",6931735,6799241,13730976
2022-02-04,"Johnson&Johnson, Moderna, Pfizer/BioNTech",6933336,6804355,13737691
2022-02-05,"Johnson&Johnson, Moderna, Pfizer/BioNTech",6933509,6804964,13738473
2022-02-06,"Johnson&Johnson, Moderna, Pfizer/BioNTech",6933603,6805283,13738886
2022-02-07,"Johnson&Johnson, Moderna, Pfizer/BioNTech",6934301,6808492,13742793
2022-02-08,"Johnson&Johnson, Moderna, Pfizer/BioNTech",6935093,6811676,13746769
2022-02-09,"Johnson&Johnson, Moderna, Pfizer/BioNTech",6935916,6815046,13750962
2022-02-10,"Johnson&Johnson, Moderna, Pfizer/BioNTech",6936697,6818170,13754867
2022-02-11,"Johnson&Johnson, Moderna, Pfizer/BioNTech",6937644,6822077,13759721
2022-02-12,"Johnson&Johnson, Moderna, Pfizer/BioNTech",6937754,6822496,13760250
2022-02-13,"Johnson&Johnson, Moderna, Pfizer/BioNTech",6937787,6822933,13760720
2022-02-14,"Johnson&Johnson, Moderna, Pfizer/BioNTech",6938240,6825043,13763283
2022-02-15,"Johnson&Johnson, Moderna, Pfizer/BioNTech",6938789,6827245,13766034
2022-02-16,"Johnson&Johnson, Moderna, Pfizer/BioNTech",6939371,6829341,13768712
2022-02-17,"Johnson&Johnson, Moderna, Pfizer/BioNTech",6939961,6831678,13771639
2022-02-18,"Johnson&Johnson, Moderna, Pfizer/BioNTech",6940597,6834728,13775325
2022-02-19,"Johnson&Johnson, Moderna, Pfizer/BioNTech",6940676,6835009,13775685
2022-02-20,"Johnson&Johnson, Moderna, Pfizer/BioNTech",6940710,6835158,13775868
2022-02-21,"Johnson&Johnson, Moderna, Pfizer/BioNTech",6941064,6836855,13777919
2022-02-22,"Johnson&Johnson, Moderna, Oxford/AstraZeneca, Pfizer/BioNTech",6941437,6838531,13779968
2022-02-23,"Johnson&Johnson, Moderna, Pfizer/BioNTech",6941883,6840171,13782054
2022-02-24,"Johnson&Johnson, Moderna, Pfizer/BioNTech",6942293,6841799,13784092
2022-02-25,"Johnson&Johnson, Moderna, Pfizer/BioNTech",6942873,6843880,13786753
2022-02-26,"Johnson&Johnson, Moderna, Pfizer/BioNTech",6942934,6844039,13786973
2022-02-27,"Johnson&Johnson, Moderna, Pfizer/BioNTech",6942968,6844114,13787082
2022-02-28,"Johnson&Johnson, Moderna, Pfizer/BioNTech",6943207,6845082,13788289
2022-03-01,"Johnson&Johnson, Moderna, Pfizer/BioNTech",6943449,6845852,13789301
2022-03-02,"Johnson&Johnson, Moderna, Novavax, Pfizer/BioNTech",6943785,6846758,13790543
2022-03-03,"Johnson&Johnson, Moderna, Novavax, Pfizer/BioNTech",6944108,6847699,13791807
2022-03-04,"Johnson&Johnson, Moderna, Novavax, Pfizer/BioNTech",6944727,6848908,13793635
2022-03-05,"Johnson&Johnson, Moderna, Novavax, Pfizer/BioNTech",6944804,6848999,13793803
2022-03-06,"Moderna, Novavax, Pfizer/BioNTech",6944815,6849016,13793831
2022-03-07,"Johnson&Johnson, Moderna, Novavax, Pfizer/BioNTech",6945152,6849570,13794722
2022-03-08,"Johnson&Johnson, Moderna, Novavax, Pfizer/BioNTech",6945488,6850106,13795594
2022-03-09,"Johnson&Johnson, Moderna, Novavax, Pfizer/BioNTech",6945867,6850683,13796550
2022-03-10,"Johnson&Johnson, Moderna, Novavax, Pfizer/BioNTech",6946267,6851349,13797616
2022-03-11,"Johnson&Johnson, Moderna, Novavax, Pfizer/BioNTech",6946998,6852250,13799248
2022-03-12,"Johnson&Johnson, Moderna, Novavax, Pfizer/BioNTech",6947066,6852355,13799421
2022-03-13,"Johnson&Johnson, Moderna, Novavax, Pfizer/BioNTech",6947079,6852373,13799452
2022-03-14,"Johnson&Johnson, Moderna, Novavax, Pfizer/BioNTech",6947330,6852743,13800073
2022-03-15,"Johnson&Johnson, Moderna, Novavax, Pfizer/BioNTech",6947600,6853173,13800773
2022-03-16,"Johnson&Johnson, Moderna, Novavax, Pfizer/BioNTech",6947904,6853694,13801598
2022-03-17,"Johnson&Johnson, Moderna, Novavax, Oxford/AstraZeneca, Pfizer/BioNTech",6948171,6854101,13802272
