date,vaccine,people_vaccinated,people_fully_vaccinated,total_vaccinations
2020-12-27,Pfizer/BioNTech,1288,0,1288
2020-12-28,Pfizer/BioNTech,3591,0,3591
2020-12-29,Pfizer/BioNTech,7063,1,7064
2020-12-30,Pfizer/BioNTech,10580,1,10581
2020-12-31,Pfizer/BioNTech,11891,1,11892
2021-01-01,"Moderna, Pfizer/BioNTech",12160,1,12161
2021-01-02,"Moderna, Pfizer/BioNTech",13442,2,13444
2021-01-03,"Moderna, Pfizer/BioNTech",14369,2,14371
2021-01-04,"Moderna, Pfizer/BioNTech",17977,2,17979
2021-01-05,"Moderna, Pfizer/BioNTech",22502,3,22505
2021-01-06,"Moderna, Pfizer/BioNTech",28348,4,28352
2021-01-07,"Moderna, Pfizer/BioNTech",36346,4,36350
2021-01-08,"Moderna, Pfizer/BioNTech",46397,5,46402
2021-01-09,"Moderna, Pfizer/BioNTech",48424,7,48431
2021-01-10,Pfizer/BioNTech,50196,9,50205
2021-01-11,"Moderna, Pfizer/BioNTech",60052,11,60063
2021-01-12,"Moderna, Pfizer/BioNTech",73508,13,73521
2021-01-13,"Moderna, Pfizer/BioNTech",87054,13,87067
2021-01-14,"Moderna, Pfizer/BioNTech",102307,17,102324
2021-01-15,"Moderna, Pfizer/BioNTech",116328,18,116346
2021-01-16,"Moderna, Pfizer/BioNTech",119732,22,119754
2021-01-17,"Moderna, Pfizer/BioNTech",122353,658,123011
2021-01-18,"Moderna, Pfizer/BioNTech",134847,2485,137332
2021-01-19,"Moderna, Pfizer/BioNTech",147460,5214,152674
2021-01-20,"Moderna, Pfizer/BioNTech",161158,7878,169036
2021-01-21,"Moderna, Pfizer/BioNTech",176812,9620,186432
2021-01-22,"Moderna, Pfizer/BioNTech",191705,10664,202369
2021-01-23,"Moderna, Pfizer/BioNTech",195024,11541,206565
2021-01-24,"Moderna, Pfizer/BioNTech",197280,12412,209692
2021-01-25,"Moderna, Pfizer/BioNTech",206935,15382,222317
2021-01-26,"Moderna, Pfizer/BioNTech",217482,19374,236856
2021-01-27,"Moderna, Pfizer/BioNTech",226514,23909,250423
2021-01-28,"Moderna, Pfizer/BioNTech",233620,30041,263661
2021-01-29,"Moderna, Pfizer/BioNTech",239835,37948,277783
2021-01-30,"Moderna, Pfizer/BioNTech",240576,39036,279612
2021-01-31,"Moderna, Pfizer/BioNTech",241295,40218,281513
2021-02-01,"Moderna, Pfizer/BioNTech",245278,48187,293465
2021-02-02,"Moderna, Pfizer/BioNTech",249431,58427,307858
2021-02-03,"Moderna, Pfizer/BioNTech",253858,69447,323305
2021-02-04,"Moderna, Pfizer/BioNTech",258764,82441,341205
2021-02-05,"Moderna, Pfizer/BioNTech",264240,93116,357356
2021-02-06,"Moderna, Oxford/AstraZeneca, Pfizer/BioNTech",265097,95481,360578
2021-02-07,"Moderna, Oxford/AstraZeneca, Pfizer/BioNTech",265948,97981,363929
2021-02-08,"Moderna, Oxford/AstraZeneca, Pfizer/BioNTech",270043,109411,379454
2021-02-09,"Moderna, Oxford/AstraZeneca, Pfizer/BioNTech",275151,121327,396478
2021-02-10,"Moderna, Oxford/AstraZeneca, Pfizer/BioNTech",280670,134587,415257
2021-02-11,"Moderna, Oxford/AstraZeneca, Pfizer/BioNTech",287013,150807,437820
2021-02-12,"Moderna, Oxford/AstraZeneca, Pfizer/BioNTech",293843,165556,459399
2021-02-13,"Moderna, Oxford/AstraZeneca, Pfizer/BioNTech",295461,168544,464005
2021-02-14,"Moderna, Oxford/AstraZeneca, Pfizer/BioNTech",296467,169930,466397
2021-02-15,"Moderna, Oxford/AstraZeneca, Pfizer/BioNTech",302866,179301,482167
2021-02-16,"Moderna, Oxford/AstraZeneca, Pfizer/BioNTech",311587,188382,499969
2021-02-17,"Moderna, Oxford/AstraZeneca, Pfizer/BioNTech",321290,196693,517983
2021-02-18,"Moderna, Oxford/AstraZeneca, Pfizer/BioNTech",333620,204776,538396
2021-02-19,"Moderna, Oxford/AstraZeneca, Pfizer/BioNTech",345486,212152,557638
2021-02-20,"Moderna, Oxford/AstraZeneca, Pfizer/BioNTech",347496,213338,560834
2021-02-21,"Moderna, Oxford/AstraZeneca, Pfizer/BioNTech",348633,214364,562997
2021-02-22,"Moderna, Oxford/AstraZeneca, Pfizer/BioNTech",358760,220402,579162
2021-02-23,"Moderna, Oxford/AstraZeneca, Pfizer/BioNTech",371725,227393,599118
2021-02-24,"Moderna, Oxford/AstraZeneca, Pfizer/BioNTech",385610,233436,619046
2021-02-25,"Moderna, Oxford/AstraZeneca, Pfizer/BioNTech",403593,238988,642581
2021-02-26,"Moderna, Oxford/AstraZeneca, Pfizer/BioNTech",419776,244348,664124
2021-02-27,"Moderna, Oxford/AstraZeneca, Pfizer/BioNTech",422785,244907,667692
2021-02-28,"Moderna, Oxford/AstraZeneca, Pfizer/BioNTech",425143,245458,670601
2021-03-01,"Moderna, Oxford/AstraZeneca, Pfizer/BioNTech",444743,248908,693651
2021-03-02,"Moderna, Oxford/AstraZeneca, Pfizer/BioNTech",471971,252458,724429
2021-03-03,"Moderna, Oxford/AstraZeneca, Pfizer/BioNTech",502928,256969,759897
2021-03-04,"Moderna, Oxford/AstraZeneca, Pfizer/BioNTech",536216,261659,797875
2021-03-05,"Johnson&Johnson, Moderna, Oxford/AstraZeneca, Pfizer/BioNTech",565060,267088,832148
2021-03-06,"Johnson&Johnson, Moderna, Oxford/AstraZeneca, Pfizer/BioNTech",577220,267954,845174
2021-03-07,"Johnson&Johnson, Moderna, Oxford/AstraZeneca, Pfizer/BioNTech",588769,268797,857566
2021-03-08,"Johnson&Johnson, Moderna, Oxford/AstraZeneca, Pfizer/BioNTech",618519,273660,892179
2021-03-09,"Johnson&Johnson, Moderna, Oxford/AstraZeneca, Pfizer/BioNTech",654892,280048,934940
2021-03-10,"Johnson&Johnson, Moderna, Oxford/AstraZeneca, Pfizer/BioNTech",696227,287009,983236
2021-03-11,"Johnson&Johnson, Moderna, Oxford/AstraZeneca, Pfizer/BioNTech",741085,295385,1036470
2021-03-12,"Johnson&Johnson, Moderna, Oxford/AstraZeneca, Pfizer/BioNTech",779849,303885,1083734
2021-03-13,"Johnson&Johnson, Moderna, Oxford/AstraZeneca, Pfizer/BioNTech",796960,305200,1102160
2021-03-14,"Johnson&Johnson, Moderna, Oxford/AstraZeneca, Pfizer/BioNTech",809078,306356,1115434
2021-03-15,"Johnson&Johnson, Moderna, Oxford/AstraZeneca, Pfizer/BioNTech",837476,315138,1152614
2021-03-16,"Johnson&Johnson, Moderna, Oxford/AstraZeneca, Pfizer/BioNTech",876374,325675,1202049
2021-03-17,"Moderna, Oxford/AstraZeneca, Pfizer/BioNTech",913863,336190,1250053
2021-03-18,"Johnson&Johnson, Moderna, Oxford/AstraZeneca, Pfizer/BioNTech",951871,348615,1300486
2021-03-19,"Johnson&Johnson, Moderna, Oxford/AstraZeneca, Pfizer/BioNTech",986392,362230,1348622
2021-03-20,"Johnson&Johnson, Moderna, Oxford/AstraZeneca, Pfizer/BioNTech",1001577,364260,1365837
2021-03-21,"Johnson&Johnson, Moderna, Oxford/AstraZeneca, Pfizer/BioNTech",1009024,365820,1374844
2021-03-22,"Johnson&Johnson, Moderna, Oxford/AstraZeneca, Pfizer/BioNTech",1033603,378323,1411926
2021-03-23,"Johnson&Johnson, Moderna, Oxford/AstraZeneca, Pfizer/BioNTech",1060279,391690,1451969
2021-03-24,"Johnson&Johnson, Moderna, Oxford/AstraZeneca, Pfizer/BioNTech",1087174,407436,1494610
2021-03-25,"Johnson&Johnson, Moderna, Oxford/AstraZeneca, Pfizer/BioNTech",1113534,425292,1538826
2021-03-26,"Johnson&Johnson, Moderna, Oxford/AstraZeneca, Pfizer/BioNTech",1138377,442806,1581183
2021-03-27,"Johnson&Johnson, Moderna, Oxford/AstraZeneca, Pfizer/BioNTech",1146839,447652,1594491
2021-03-28,"Moderna, Oxford/AstraZeneca, Pfizer/BioNTech",1152387,451800,1604187
2021-03-29,"Johnson&Johnson, Moderna, Oxford/AstraZeneca, Pfizer/BioNTech",1171547,472538,1644085
2021-03-30,"Johnson&Johnson, Moderna, Oxford/AstraZeneca, Pfizer/BioNTech",1196258,494726,1690984
2021-03-31,"Johnson&Johnson, Moderna, Oxford/AstraZeneca, Pfizer/BioNTech",1219414,521795,1741209
2021-04-01,"Johnson&Johnson, Moderna, Oxford/AstraZeneca, Pfizer/BioNTech",1245103,553853,1798956
2021-04-02,"Johnson&Johnson, Moderna, Oxford/AstraZeneca, Pfizer/BioNTech",1252088,566651,1818739
2021-04-03,"Johnson&Johnson, Moderna, Oxford/AstraZeneca, Pfizer/BioNTech",1255742,577583,1833325
2021-04-04,"Johnson&Johnson, Moderna, Oxford/AstraZeneca, Pfizer/BioNTech",1258285,586506,1844791
2021-04-05,"Johnson&Johnson, Moderna, Oxford/AstraZeneca, Pfizer/BioNTech",1260718,593712,1854430
2021-04-06,"Johnson&Johnson, Moderna, Oxford/AstraZeneca, Pfizer/BioNTech",1276935,622987,1899922
2021-04-07,"Johnson&Johnson, Moderna, Oxford/AstraZeneca, Pfizer/BioNTech",1300441,645230,1945671
2021-04-08,"Johnson&Johnson, Moderna, Oxford/AstraZeneca, Pfizer/BioNTech",1339260,676277,2015537
2021-04-09,"Johnson&Johnson, Moderna, Oxford/AstraZeneca, Pfizer/BioNTech",1378859,706478,2085337
2021-04-10,"Johnson&Johnson, Moderna, Oxford/AstraZeneca, Pfizer/BioNTech",1394427,721791,2116218
2021-04-11,"Johnson&Johnson, Moderna, Oxford/AstraZeneca, Pfizer/BioNTech",1404222,731847,2136069
2021-04-12,"Johnson&Johnson, Moderna, Oxford/AstraZeneca, Pfizer/BioNTech",1442545,756993,2199538
2021-04-13,"Moderna, Oxford/AstraZeneca, Pfizer/BioNTech",1478854,783036,2261890
2021-04-14,"Moderna, Oxford/AstraZeneca, Pfizer/BioNTech",1517743,810413,2328156
2021-04-15,"Moderna, Oxford/AstraZeneca, Pfizer/BioNTech",1565579,836194,2401773
2021-04-16,"Moderna, Oxford/AstraZeneca, Pfizer/BioNTech",1610295,861877,2472172
2021-04-17,"Moderna, Oxford/AstraZeneca, Pfizer/BioNTech",1627021,870904,2497925
2021-04-18,"Moderna, Oxford/AstraZeneca, Pfizer/BioNTech",1640021,875890,2515911
2021-04-19,"Johnson&Johnson, Moderna, Oxford/AstraZeneca, Pfizer/BioNTech",1683996,891334,2575330
2021-04-20,"Johnson&Johnson, Moderna, Oxford/AstraZeneca, Pfizer/BioNTech",1726584,907224,2633808
2021-04-21,"Moderna, Oxford/AstraZeneca, Pfizer/BioNTech",1774352,921594,2695946
2021-04-22,"Johnson&Johnson, Moderna, Oxford/AstraZeneca, Pfizer/BioNTech",1828882,938995,2767877
2021-04-23,"Johnson&Johnson, Moderna, Oxford/AstraZeneca, Pfizer/BioNTech",1878895,951062,2829957
2021-04-24,"Johnson&Johnson, Moderna, Oxford/AstraZeneca, Pfizer/BioNTech",1896773,956329,2853102
2021-04-25,"Johnson&Johnson, Moderna, Oxford/AstraZeneca, Pfizer/BioNTech",1911487,960332,2871819
2021-04-26,"Johnson&Johnson, Moderna, Oxford/AstraZeneca, Pfizer/BioNTech",1961102,967903,2929005
2021-04-27,"Johnson&Johnson, Moderna, Oxford/AstraZeneca, Pfizer/BioNTech",2010091,980158,2990249
2021-04-28,"Johnson&Johnson, Moderna, Oxford/AstraZeneca, Pfizer/BioNTech",2068873,994183,3063056
2021-04-29,"Johnson&Johnson, Moderna, Oxford/AstraZeneca, Pfizer/BioNTech",2134493,1010105,3144598
2021-04-30,"Johnson&Johnson, Moderna, Oxford/AstraZeneca, Pfizer/BioNTech",2196790,1020102,3216892
2021-05-01,"Johnson&Johnson, Moderna, Oxford/AstraZeneca, Pfizer/BioNTech",2216183,1023567,3239750
2021-05-02,"Johnson&Johnson, Moderna, Oxford/AstraZeneca, Pfizer/BioNTech",2235136,1025858,3260994
2021-05-03,"Johnson&Johnson, Moderna, Oxford/AstraZeneca, Pfizer/BioNTech",2302415,1030944,3333359
2021-05-04,"Johnson&Johnson, Moderna, Oxford/AstraZeneca, Pfizer/BioNTech",2368978,1039316,3408294
2021-05-05,"Johnson&Johnson, Moderna, Oxford/AstraZeneca, Pfizer/BioNTech",2442191,1048765,3490956
2021-05-06,"Johnson&Johnson, Moderna, Oxford/AstraZeneca, Pfizer/BioNTech",2522640,1059517,3582157
2021-05-07,"Johnson&Johnson, Moderna, Oxford/AstraZeneca, Pfizer/BioNTech",2599977,1069663,3669640
2021-05-08,"Johnson&Johnson, Moderna, Oxford/AstraZeneca, Pfizer/BioNTech",2629519,1071457,3700976
2021-05-09,"Johnson&Johnson, Moderna, Oxford/AstraZeneca, Pfizer/BioNTech",2653760,1072682,3726442
2021-05-10,"Johnson&Johnson, Moderna, Oxford/AstraZeneca, Pfizer/BioNTech",2726562,1079929,3806491
2021-05-11,"Johnson&Johnson, Moderna, Oxford/AstraZeneca, Pfizer/BioNTech",2802717,1088762,3891479
2021-05-12,"Johnson&Johnson, Moderna, Oxford/AstraZeneca, Pfizer/BioNTech",2882667,1097909,3980576
2021-05-13,"Johnson&Johnson, Moderna, Oxford/AstraZeneca, Pfizer/BioNTech",2966726,1107105,4073831
2021-05-14,"Johnson&Johnson, Moderna, Oxford/AstraZeneca, Pfizer/BioNTech",3046284,1114936,4161220
2021-05-15,"Johnson&Johnson, Moderna, Oxford/AstraZeneca, Pfizer/BioNTech",3078252,1117223,4195475
2021-05-16,"Johnson&Johnson, Moderna, Oxford/AstraZeneca, Pfizer/BioNTech",3104068,1118510,4222578
2021-05-17,"Johnson&Johnson, Moderna, Oxford/AstraZeneca, Pfizer/BioNTech",3176610,1125269,4301879
2021-05-18,"Johnson&Johnson, Moderna, Oxford/AstraZeneca, Pfizer/BioNTech",3248606,1138393,4386999
2021-05-19,"Johnson&Johnson, Moderna, Oxford/AstraZeneca, Pfizer/BioNTech",3326107,1153568,4479675
2021-05-20,"Johnson&Johnson, Moderna, Oxford/AstraZeneca, Pfizer/BioNTech",3401607,1180639,4582246
2021-05-21,"Johnson&Johnson, Moderna, Oxford/AstraZeneca, Pfizer/BioNTech",3470465,1208448,4678913
2021-05-22,"Johnson&Johnson, Moderna, Oxford/AstraZeneca, Pfizer/BioNTech",3502938,1219693,4722631
2021-05-23,"Johnson&Johnson, Moderna, Oxford/AstraZeneca, Pfizer/BioNTech",3525389,1228736,4754125
2021-05-24,"Johnson&Johnson, Moderna, Oxford/AstraZeneca, Pfizer/BioNTech",3572607,1262417,4835024
2021-05-25,"Johnson&Johnson, Moderna, Oxford/AstraZeneca, Pfizer/BioNTech",3624531,1298268,4922799
2021-05-26,"Johnson&Johnson, Moderna, Oxford/AstraZeneca, Pfizer/BioNTech",3692302,1335834,5028136
2021-05-27,"Johnson&Johnson, Moderna, Oxford/AstraZeneca, Pfizer/BioNTech",3753739,1383204,5136943
2021-05-28,"Johnson&Johnson, Moderna, Oxford/AstraZeneca, Pfizer/BioNTech",3815495,1429821,5245316
2021-05-29,"Johnson&Johnson, Moderna, Oxford/AstraZeneca, Pfizer/BioNTech",3844770,1446969,5291739
2021-05-30,"Johnson&Johnson, Moderna, Oxford/AstraZeneca, Pfizer/BioNTech",3867188,1461442,5328630
2021-05-31,"Johnson&Johnson, Moderna, Oxford/AstraZeneca, Pfizer/BioNTech",3922937,1508978,5431915
2021-06-01,"Johnson&Johnson, Moderna, Oxford/AstraZeneca, Pfizer/BioNTech",3982058,1557872,5539930
2021-06-02,"Johnson&Johnson, Moderna, Oxford/AstraZeneca, Pfizer/BioNTech",4045041,1611914,5656955
2021-06-03,"Johnson&Johnson, Moderna, Oxford/AstraZeneca, Pfizer/BioNTech",4103306,1672167,5775473
2021-06-04,"Johnson&Johnson, Moderna, Oxford/AstraZeneca, Pfizer/BioNTech",4166456,1729606,5896062
2021-06-05,"Johnson&Johnson, Moderna, Oxford/AstraZeneca, Pfizer/BioNTech",4200647,1748540,5949187
2021-06-06,"Johnson&Johnson, Moderna, Oxford/AstraZeneca, Pfizer/BioNTech",4227610,1763721,5991331
2021-06-07,"Johnson&Johnson, Moderna, Oxford/AstraZeneca, Pfizer/BioNTech",4291315,1819377,6110692
2021-06-08,"Johnson&Johnson, Moderna, Oxford/AstraZeneca, Pfizer/BioNTech",4355332,1874409,6229741
2021-06-09,"Johnson&Johnson, Moderna, Oxford/AstraZeneca, Pfizer/BioNTech",4414556,1939112,6353668
2021-06-10,"Johnson&Johnson, Moderna, Oxford/AstraZeneca, Pfizer/BioNTech",4468425,2010444,6478869
2021-06-11,"Johnson&Johnson, Moderna, Oxford/AstraZeneca, Pfizer/BioNTech",4520563,2080305,6600868
2021-06-12,"Johnson&Johnson, Moderna, Oxford/AstraZeneca, Pfizer/BioNTech",4552593,2101169,6653762
2021-06-13,"Johnson&Johnson, Moderna, Oxford/AstraZeneca, Pfizer/BioNTech",4576638,2119613,6696251
2021-06-14,"Johnson&Johnson, Moderna, Oxford/AstraZeneca, Pfizer/BioNTech",4619741,2194033,6813774
2021-06-15,"Johnson&Johnson, Moderna, Oxford/AstraZeneca, Pfizer/BioNTech",4664427,2266451,6930878
2021-06-16,"Johnson&Johnson, Moderna, Oxford/AstraZeneca, Pfizer/BioNTech",4707252,2344708,7051960
2021-06-17,"Johnson&Johnson, Moderna, Oxford/AstraZeneca, Pfizer/BioNTech",4746697,2427833,7174530
2021-06-18,"Johnson&Johnson, Moderna, Oxford/AstraZeneca, Pfizer/BioNTech",4789151,2508446,7297597
2021-06-19,"Johnson&Johnson, Moderna, Oxford/AstraZeneca, Pfizer/BioNTech",4810951,2537799,7348750
2021-06-20,"Johnson&Johnson, Moderna, Oxford/AstraZeneca, Pfizer/BioNTech",4828365,2561685,7390050
2021-06-21,"Johnson&Johnson, Moderna, Oxford/AstraZeneca, Pfizer/BioNTech",4860884,2640327,7501211
2021-06-22,"Johnson&Johnson, Moderna, Oxford/AstraZeneca, Pfizer/BioNTech",4893867,2722679,7616546
2021-06-23,"Johnson&Johnson, Moderna, Oxford/AstraZeneca, Pfizer/BioNTech",4925597,2807951,7733548
2021-06-24,"Johnson&Johnson, Moderna, Oxford/AstraZeneca, Pfizer/BioNTech",4955475,2898035,7853510
2021-06-25,"Johnson&Johnson, Moderna, Oxford/AstraZeneca, Pfizer/BioNTech",4986577,2984297,7970874
2021-06-26,"Johnson&Johnson, Moderna, Oxford/AstraZeneca, Pfizer/BioNTech",5002482,3019196,8021678
2021-06-27,"Johnson&Johnson, Moderna, Oxford/AstraZeneca, Pfizer/BioNTech",5016443,3045923,8062366
2021-06-28,"Johnson&Johnson, Moderna, Oxford/AstraZeneca, Pfizer/BioNTech",5044870,3131167,8176037
2021-06-29,"Johnson&Johnson, Moderna, Oxford/AstraZeneca, Pfizer/BioNTech",5074170,3217743,8291913
2021-06-30,"Johnson&Johnson, Moderna, Oxford/AstraZeneca, Pfizer/BioNTech",5101682,3308813,8410495
2021-07-01,"Johnson&Johnson, Moderna, Oxford/AstraZeneca, Pfizer/BioNTech",5125691,3398937,8524628
2021-07-02,"Johnson&Johnson, Moderna, Oxford/AstraZeneca, Pfizer/BioNTech",5152451,3484896,8637347
2021-07-03,"Johnson&Johnson, Moderna, Oxford/AstraZeneca, Pfizer/BioNTech",5159561,3516478,8676039
2021-07-04,"Johnson&Johnson, Moderna, Oxford/AstraZeneca, Pfizer/BioNTech",5167157,3538308,8705465
2021-07-05,"Johnson&Johnson, Moderna, Oxford/AstraZeneca, Pfizer/BioNTech",5174585,3563726,8738311
2021-07-06,"Johnson&Johnson, Moderna, Oxford/AstraZeneca, Pfizer/BioNTech",5180072,3591469,8771541
2021-07-07,"Johnson&Johnson, Moderna, Oxford/AstraZeneca, Pfizer/BioNTech",5205912,3670484,8876396
2021-07-08,"Johnson&Johnson, Moderna, Oxford/AstraZeneca, Pfizer/BioNTech",5232535,3740854,8973389
2021-07-09,"Johnson&Johnson, Moderna, Oxford/AstraZeneca, Pfizer/BioNTech",5260499,3810209,9070708
2021-07-10,"Johnson&Johnson, Moderna, Oxford/AstraZeneca, Pfizer/BioNTech",5269888,3838889,9108777
2021-07-11,"Johnson&Johnson, Moderna, Oxford/AstraZeneca, Pfizer/BioNTech",5278449,3861783,9140232
2021-07-12,"Johnson&Johnson, Moderna, Oxford/AstraZeneca, Pfizer/BioNTech",5306006,3930881,9236887
2021-07-13,"Johnson&Johnson, Moderna, Oxford/AstraZeneca, Pfizer/BioNTech",5332220,4000785,9333005
2021-07-14,"Johnson&Johnson, Moderna, Oxford/AstraZeneca, Pfizer/BioNTech",5358067,4072806,9430873
2021-07-15,"Johnson&Johnson, Moderna, Oxford/AstraZeneca, Pfizer/BioNTech",5387265,4138855,9526120
2021-07-16,"Johnson&Johnson, Moderna, Oxford/AstraZeneca, Pfizer/BioNTech",5415209,4211619,9626828
2021-07-17,"Johnson&Johnson, Moderna, Oxford/AstraZeneca, Pfizer/BioNTech",5424015,4243104,9667119
2021-07-18,"Johnson&Johnson, Moderna, Oxford/AstraZeneca, Pfizer/BioNTech",5432463,4269126,9701589
2021-07-19,"Johnson&Johnson, Moderna, Oxford/AstraZeneca, Pfizer/BioNTech",5455839,4336174,9792013
2021-07-20,"Johnson&Johnson, Moderna, Oxford/AstraZeneca, Pfizer/BioNTech",5477258,4403265,9880523
2021-07-21,"Johnson&Johnson, Moderna, Oxford/AstraZeneca, Pfizer/BioNTech",5500721,4466752,9967473
2021-07-22,"Johnson&Johnson, Moderna, Oxford/AstraZeneca, Pfizer/BioNTech",5523097,4525415,10048512
2021-07-23,"Johnson&Johnson, Moderna, Oxford/AstraZeneca, Pfizer/BioNTech",5546343,4580204,10126547
2021-07-24,"Johnson&Johnson, Moderna, Oxford/AstraZeneca, Pfizer/BioNTech",5553698,4607894,10161592
2021-07-25,"Johnson&Johnson, Moderna, Oxford/AstraZeneca, Pfizer/BioNTech",5560342,4630039,10190381
2021-07-26,"Johnson&Johnson, Moderna, Oxford/AstraZeneca, Pfizer/BioNTech",5583903,4678753,10262656
2021-07-27,"Johnson&Johnson, Moderna, Oxford/AstraZeneca, Pfizer/BioNTech",5606666,4725435,10332101
2021-07-28,"Johnson&Johnson, Moderna, Oxford/AstraZeneca, Pfizer/BioNTech",5627955,4771478,10399433
2021-07-29,"Johnson&Johnson, Moderna, Oxford/AstraZeneca, Pfizer/BioNTech",5649305,4813486,10462791
2021-07-30,"Johnson&Johnson, Moderna, Oxford/AstraZeneca, Pfizer/BioNTech",5672595,4856089,10528684
2021-07-31,"Johnson&Johnson, Moderna, Oxford/AstraZeneca, Pfizer/BioNTech",5681559,4875647,10557206
2021-08-01,"Johnson&Johnson, Moderna, Oxford/AstraZeneca, Pfizer/BioNTech",5688292,4891831,10580123
2021-08-02,"Johnson&Johnson, Moderna, Oxford/AstraZeneca, Pfizer/BioNTech",5706942,4929421,10636363
2021-08-03,"Johnson&Johnson, Moderna, Oxford/AstraZeneca, Pfizer/BioNTech",5724603,4967564,10692167
2021-08-04,"Johnson&Johnson, Moderna, Oxford/AstraZeneca, Pfizer/BioNTech",5740742,5004366,10745108
2021-08-05,"Johnson&Johnson, Moderna, Oxford/AstraZeneca, Pfizer/BioNTech",5756793,5044880,10801673
2021-08-06,"Johnson&Johnson, Moderna, Oxford/AstraZeneca, Pfizer/BioNTech",5773608,5088219,10861827
2021-08-07,"Johnson&Johnson, Moderna, Oxford/AstraZeneca, Pfizer/BioNTech",5779221,5106411,10885632
2021-08-08,"Johnson&Johnson, Moderna, Oxford/AstraZeneca, Pfizer/BioNTech",5783594,5122187,10905781
2021-08-09,"Johnson&Johnson, Moderna, Oxford/AstraZeneca, Pfizer/BioNTech",5796237,5167276,10963513
2021-08-10,"Johnson&Johnson, Moderna, Oxford/AstraZeneca, Pfizer/BioNTech",5808090,5206876,11014966
2021-08-11,"Johnson&Johnson, Moderna, Oxford/AstraZeneca, Pfizer/BioNTech",5819465,5250032,11069497
2021-08-12,"Johnson&Johnson, Moderna, Oxford/AstraZeneca, Pfizer/BioNTech",5830893,5287193,11118086
2021-08-13,"Johnson&Johnson, Moderna, Oxford/AstraZeneca, Pfizer/BioNTech",5841628,5327564,11169192
2021-08-14,"Johnson&Johnson, Moderna, Oxford/AstraZeneca, Pfizer/BioNTech",5844971,5338283,11183254
2021-08-15,"Johnson&Johnson, Moderna, Oxford/AstraZeneca, Pfizer/BioNTech",5847565,5348678,11196243
2021-08-16,"Johnson&Johnson, Moderna, Oxford/AstraZeneca, Pfizer/BioNTech",5857363,5382778,11240141
2021-08-17,"Johnson&Johnson, Moderna, Oxford/AstraZeneca, Pfizer/BioNTech",5866966,5409902,11276868
2021-08-18,"Johnson&Johnson, Moderna, Oxford/AstraZeneca, Pfizer/BioNTech",5876345,5448819,11325164
2021-08-19,"Johnson&Johnson, Moderna, Oxford/AstraZeneca, Pfizer/BioNTech",5886031,5487192,11373223
2021-08-20,"Johnson&Johnson, Moderna, Oxford/AstraZeneca, Pfizer/BioNTech",5897428,5527398,11424826
2021-08-21,"Johnson&Johnson, Moderna, Oxford/AstraZeneca, Pfizer/BioNTech",5900154,5540180,11440334
2021-08-22,"Johnson&Johnson, Moderna, Oxford/AstraZeneca, Pfizer/BioNTech",5902501,5552158,11454659
2021-08-23,"Johnson&Johnson, Moderna, Oxford/AstraZeneca, Pfizer/BioNTech",5913035,5591446,11504481
2021-08-24,"Johnson&Johnson, Moderna, Oxford/AstraZeneca, Pfizer/BioNTech",5922919,5624715,11547634
2021-08-25,"Johnson&Johnson, Moderna, Oxford/AstraZeneca, Pfizer/BioNTech",5931792,5653102,11584894
2021-08-26,"Johnson&Johnson, Moderna, Oxford/AstraZeneca, Pfizer/BioNTech",5940250,5679242,11619492
2021-08-27,"Johnson&Johnson, Moderna, Oxford/AstraZeneca, Pfizer/BioNTech",5950579,5705238,11655817
2021-08-28,"Johnson&Johnson, Moderna, Oxford/AstraZeneca, Pfizer/BioNTech",5953321,5712313,11665634
2021-08-29,"Johnson&Johnson, Moderna, Oxford/AstraZeneca, Pfizer/BioNTech",5955736,5718941,11674677
2021-08-30,"Johnson&Johnson, Moderna, Oxford/AstraZeneca, Pfizer/BioNTech",5964268,5740832,11705100
2021-08-31,"Johnson&Johnson, Moderna, Oxford/AstraZeneca, Pfizer/BioNTech",5971958,5758952,11730910
2021-09-01,"Johnson&Johnson, Moderna, Oxford/AstraZeneca, Pfizer/BioNTech",5977873,5772978,11750851
2021-09-02,"Johnson&Johnson, Moderna, Oxford/AstraZeneca, Pfizer/BioNTech",5984714,5787374,11772088
2021-09-03,"Johnson&Johnson, Moderna, Oxford/AstraZeneca, Pfizer/BioNTech",5994277,5803118,11797395
2021-09-04,"Johnson&Johnson, Moderna, Oxford/AstraZeneca, Pfizer/BioNTech",5996351,5806682,11803033
2021-09-05,"Johnson&Johnson, Moderna, Oxford/AstraZeneca, Pfizer/BioNTech",5998396,5809533,11807929
2021-09-06,"Johnson&Johnson, Moderna, Oxford/AstraZeneca, Pfizer/BioNTech",6004636,5822087,11826723
2021-09-07,"Johnson&Johnson, Moderna, Oxford/AstraZeneca, Pfizer/BioNTech",6009033,5833183,11842216
2021-09-08,"Johnson&Johnson, Moderna, Oxford/AstraZeneca, Pfizer/BioNTech",6014713,5843054,11857767
2021-09-09,"Johnson&Johnson, Moderna, Oxford/AstraZeneca, Pfizer/BioNTech",6021414,5853128,11874542
2021-09-10,"Johnson&Johnson, Moderna, Oxford/AstraZeneca, Pfizer/BioNTech",6029117,5865317,11894434
2021-09-11,"Johnson&Johnson, Moderna, Oxford/AstraZeneca, Pfizer/BioNTech",6030989,5867812,11898801
2021-09-12,"Johnson&Johnson, Moderna, Oxford/AstraZeneca, Pfizer/BioNTech",6032110,5869449,11901559
2021-09-13,"Johnson&Johnson, Moderna, Oxford/AstraZeneca, Pfizer/BioNTech",6037555,5879764,11917319
2021-09-14,"Johnson&Johnson, Moderna, Oxford/AstraZeneca, Pfizer/BioNTech",6042956,5888784,11931740
2021-09-15,"Johnson&Johnson, Moderna, Oxford/AstraZeneca, Pfizer/BioNTech",6048166,5897317,11945483
2021-09-16,"Johnson&Johnson, Moderna, Oxford/AstraZeneca, Pfizer/BioNTech",6053528,5905601,11959129
2021-09-17,"Johnson&Johnson, Moderna, Oxford/AstraZeneca, Pfizer/BioNTech",6060101,5915842,11975943
2021-09-18,"Johnson&Johnson, Moderna, Oxford/AstraZeneca, Pfizer/BioNTech",6061834,5918207,11980041
2021-09-19,"Johnson&Johnson, Moderna, Oxford/AstraZeneca, Pfizer/BioNTech",6062781,5919779,11982560
2021-09-20,"Johnson&Johnson, Moderna, Oxford/AstraZeneca, Pfizer/BioNTech",6066807,5927984,11994791
2021-09-21,"Johnson&Johnson, Moderna, Oxford/AstraZeneca, Pfizer/BioNTech",6071048,5935525,12006573
2021-09-22,"Johnson&Johnson, Moderna, Oxford/AstraZeneca, Pfizer/BioNTech",6075242,5941055,12016297
2021-09-23,"Johnson&Johnson, Moderna, Oxford/AstraZeneca, Pfizer/BioNTech",6080213,5947470,12027683
2021-09-24,"Johnson&Johnson, Moderna, Oxford/AstraZeneca, Pfizer/BioNTech",6085976,5957090,12043066
2021-09-25,"Johnson&Johnson, Moderna, Oxford/AstraZeneca, Pfizer/BioNTech",6087475,5959093,12046568
2021-09-26,"Johnson&Johnson, Moderna, Oxford/AstraZeneca, Pfizer/BioNTech",6088220,5960735,12048955
2021-09-27,"Johnson&Johnson, Moderna, Oxford/AstraZeneca, Pfizer/BioNTech",6092106,5967254,12059360
2021-09-28,"Johnson&Johnson, Moderna, Oxford/AstraZeneca, Pfizer/BioNTech",6092481,5967890,12060371
2021-09-29,"Johnson&Johnson, Moderna, Oxford/AstraZeneca, Pfizer/BioNTech",6096257,5975356,12071613
2021-09-30,"Johnson&Johnson, Moderna, Oxford/AstraZeneca, Pfizer/BioNTech",6100778,5983061,12083839
2021-10-01,"Johnson&Johnson, Moderna, Oxford/AstraZeneca, Pfizer/BioNTech",6105090,5991049,12096139
2021-10-02,"Johnson&Johnson, Moderna, Oxford/AstraZeneca, Pfizer/BioNTech",6106153,5992595,12098748
2021-10-03,"Johnson&Johnson, Moderna, Oxford/AstraZeneca, Pfizer/BioNTech",6106878,5993467,12100345
2021-10-04,"Johnson&Johnson, Moderna, Oxford/AstraZeneca, Pfizer/BioNTech",6109958,5999047,12109005
2021-10-05,"Johnson&Johnson, Moderna, Oxford/AstraZeneca, Pfizer/BioNTech",6113122,6004136,12117258
2021-10-06,"Johnson&Johnson, Moderna, Oxford/AstraZeneca, Pfizer/BioNTech",6116644,6009314,12125958
2021-10-07,"Johnson&Johnson, Moderna, Oxford/AstraZeneca, Pfizer/BioNTech",6119928,6014577,12134505
2021-10-08,"Johnson&Johnson, Moderna, Oxford/AstraZeneca, Pfizer/BioNTech",6124723,6021223,12145946
2021-10-09,"Johnson&Johnson, Moderna, Oxford/AstraZeneca, Pfizer/BioNTech",6125968,6022891,12148859
2021-10-10,"Johnson&Johnson, Moderna, Oxford/AstraZeneca, Pfizer/BioNTech",6126912,6023724,12150636
2021-10-11,"Johnson&Johnson, Moderna, Oxford/AstraZeneca, Pfizer/BioNTech",6129843,6028144,12157987
2021-10-12,"Johnson&Johnson, Moderna, Oxford/AstraZeneca, Pfizer/BioNTech",6132779,6032147,12164926
2021-10-13,"Johnson&Johnson, Moderna, Oxford/AstraZeneca, Pfizer/BioNTech",6136311,6036336,12172647
2021-10-14,"Johnson&Johnson, Moderna, Oxford/AstraZeneca, Pfizer/BioNTech",6139983,6041286,12181269
2021-10-15,"Johnson&Johnson, Moderna, Oxford/AstraZeneca, Pfizer/BioNTech",6145213,6047436,12192649
2021-10-16,"Johnson&Johnson, Moderna, Oxford/AstraZeneca, Pfizer/BioNTech",6146627,6048961,12195588
2021-10-17,"Johnson&Johnson, Moderna, Pfizer/BioNTech",6147954,6050016,12197970
2021-10-18,"Johnson&Johnson, Moderna, Oxford/AstraZeneca, Pfizer/BioNTech",6152068,6054124,12206192
2021-10-19,"Johnson&Johnson, Moderna, Oxford/AstraZeneca, Pfizer/BioNTech",6155650,6056230,12211880
2021-10-20,"Johnson&Johnson, Moderna, Oxford/AstraZeneca, Pfizer/BioNTech",6160536,6060691,12221227
2021-10-21,"Johnson&Johnson, Moderna, Oxford/AstraZeneca, Pfizer/BioNTech",6168305,6066301,12234606
2021-10-22,"Johnson&Johnson, Moderna, Oxford/AstraZeneca, Pfizer/BioNTech",6178762,6072806,12251568
2021-10-23,"Johnson&Johnson, Moderna, Oxford/AstraZeneca, Pfizer/BioNTech",6182439,6075017,12257456
2021-10-24,"Johnson&Johnson, Moderna, Oxford/AstraZeneca, Pfizer/BioNTech",6185124,6076798,12261922
2021-10-25,"Johnson&Johnson, Moderna, Oxford/AstraZeneca, Pfizer/BioNTech",6195626,6082609,12278235
2021-10-26,"Johnson&Johnson, Moderna, Oxford/AstraZeneca, Pfizer/BioNTech",6207617,6089160,12296777
2021-10-27,"Johnson&Johnson, Moderna, Oxford/AstraZeneca, Pfizer/BioNTech",6222225,6096576,12318801
2021-10-28,"Johnson&Johnson, Moderna, Oxford/AstraZeneca, Pfizer/BioNTech",6225651,6098261,12323912
2021-10-29,"Johnson&Johnson, Moderna, Oxford/AstraZeneca, Pfizer/BioNTech",6240089,6106248,12346337
2021-10-30,"Johnson&Johnson, Moderna, Oxford/AstraZeneca, Pfizer/BioNTech",6244618,6109176,12353794
2021-10-31,"Johnson&Johnson, Moderna, Oxford/AstraZeneca, Pfizer/BioNTech",6248381,6111653,12360034
2021-11-01,"Johnson&Johnson, Moderna, Oxford/AstraZeneca, Pfizer/BioNTech",6263578,6119339,12382917
2021-11-02,"Johnson&Johnson, Moderna, Oxford/AstraZeneca, Pfizer/BioNTech",6279030,6126895,12405925
2021-11-03,"Johnson&Johnson, Moderna, Oxford/AstraZeneca, Pfizer/BioNTech",6296210,6134186,12430396
2021-11-04,"Johnson&Johnson, Moderna, Oxford/AstraZeneca, Pfizer/BioNTech",6314558,6142360,12456918
2021-11-05,"Johnson&Johnson, Moderna, Oxford/AstraZeneca, Pfizer/BioNTech",6337361,6153647,12491008
2021-11-06,"Johnson&Johnson, Moderna, Oxford/AstraZeneca, Pfizer/BioNTech",6343876,6156705,12500581
2021-11-07,"Johnson&Johnson, Moderna, Oxford/AstraZeneca, Pfizer/BioNTech",6347900,6159141,12507041
2021-11-08,"Johnson&Johnson, Moderna, Oxford/AstraZeneca, Pfizer/BioNTech",6364166,6166768,12530934
2021-11-09,"Johnson&Johnson, Moderna, Oxford/AstraZeneca, Pfizer/BioNTech",6378978,6174067,12553045
2021-11-10,"Johnson&Johnson, Moderna, Oxford/AstraZeneca, Pfizer/BioNTech",6394717,6181454,12576171
2021-11-11,"Johnson&Johnson, Moderna, Oxford/AstraZeneca, Pfizer/BioNTech",6410187,6190562,12600749
2021-11-12,"Johnson&Johnson, Moderna, Oxford/AstraZeneca, Pfizer/BioNTech",6429987,6203363,12633350
2021-11-13,"Johnson&Johnson, Moderna, Oxford/AstraZeneca, Pfizer/BioNTech",6435381,6207239,12642620
2021-11-14,"Johnson&Johnson, Moderna, Oxford/AstraZeneca, Pfizer/BioNTech",6439276,6210247,12649523
2021-11-15,"Johnson&Johnson, Moderna, Oxford/AstraZeneca, Pfizer/BioNTech",6454355,6220942,12675297
2021-11-16,"Johnson&Johnson, Moderna, Oxford/AstraZeneca, Pfizer/BioNTech",6471889,6232919,12704808
2021-11-17,"Johnson&Johnson, Moderna, Oxford/AstraZeneca, Pfizer/BioNTech",6476132,6236485,12712617
2021-11-18,"Johnson&Johnson, Moderna, Oxford/AstraZeneca, Pfizer/BioNTech",6495550,6248181,12743731
2021-11-19,"Johnson&Johnson, Moderna, Oxford/AstraZeneca, Pfizer/BioNTech",6520160,6265158,12785318
2021-11-20,"Johnson&Johnson, Moderna, Oxford/AstraZeneca, Pfizer/BioNTech",6528737,6270141,12798878
2021-11-21,"Johnson&Johnson, Moderna, Pfizer/BioNTech",6535506,6273914,12809420
2021-11-22,"Johnson&Johnson, Moderna, Oxford/AstraZeneca, Pfizer/BioNTech",6554014,6288027,12842041
2021-11-23,"Johnson&Johnson, Moderna, Oxford/AstraZeneca, Pfizer/BioNTech",6573080,6301290,12874370
2021-11-24,"Johnson&Johnson, Moderna, Oxford/AstraZeneca, Pfizer/BioNTech",6592093,6317141,12909234
2021-11-25,"Johnson&Johnson, Moderna, Oxford/AstraZeneca, Pfizer/BioNTech",6611237,6332179,12943416
2021-11-26,"Johnson&Johnson, Moderna, Oxford/AstraZeneca, Pfizer/BioNTech",6632893,6351317,12984210
2021-11-27,"Johnson&Johnson, Moderna, Oxford/AstraZeneca, Pfizer/BioNTech",6640363,6356872,12997235
2021-11-28,"Johnson&Johnson, Moderna, Oxford/AstraZeneca, Pfizer/BioNTech",6643696,6360008,13003704
2021-11-29,"Johnson&Johnson, Moderna, Oxford/AstraZeneca, Pfizer/BioNTech",6658905,6373669,13032574
2021-11-30,"Johnson&Johnson, Moderna, Oxford/AstraZeneca, Pfizer/BioNTech",6672107,6384898,13057005
2021-12-01,"Johnson&Johnson, Moderna, Oxford/AstraZeneca, Pfizer/BioNTech",6686145,6397354,13083499
2021-12-02,"Johnson&Johnson, Moderna, Oxford/AstraZeneca, Pfizer/BioNTech",6696785,6409845,13106630
2021-12-03,"Johnson&Johnson, Moderna, Oxford/AstraZeneca, Pfizer/BioNTech",6706425,6425424,13131849
2021-12-04,"Johnson&Johnson, Moderna, Pfizer/BioNTech",6708982,6429374,13138356
2021-12-05,"Johnson&Johnson, Moderna, Oxford/AstraZeneca, Pfizer/BioNTech",6710343,6431714,13142057
2021-12-06,"Johnson&Johnson, Moderna, Oxford/AstraZeneca, Pfizer/BioNTech",6718490,6443243,13161733
2021-12-07,"Johnson&Johnson, Moderna, Oxford/AstraZeneca, Pfizer/BioNTech",6726381,6455253,13181634
2021-12-08,"Johnson&Johnson, Moderna, Oxford/AstraZeneca, Pfizer/BioNTech",6734625,6461181,13195806
2021-12-09,"Johnson&Johnson, Moderna, Oxford/AstraZeneca, Pfizer/BioNTech",6741746,6474001,13215747
2021-12-10,"Johnson&Johnson, Moderna, Oxford/AstraZeneca, Pfizer/BioNTech",6748675,6491805,13240480
2021-12-11,"Johnson&Johnson, Moderna, Oxford/AstraZeneca, Pfizer/BioNTech",6750334,6497077,13247411
2021-12-12,"Johnson&Johnson, Moderna, Oxford/AstraZeneca, Pfizer/BioNTech",6751645,6501510,13253155
2021-12-13,"Johnson&Johnson, Moderna, Oxford/AstraZeneca, Pfizer/BioNTech",6758001,6514823,13272824
2021-12-14,"Johnson&Johnson, Moderna, Oxford/AstraZeneca, Pfizer/BioNTech",6764211,6528492,13292703
2021-12-15,"Johnson&Johnson, Moderna, Oxford/AstraZeneca, Pfizer/BioNTech",6770417,6542090,13312507
2021-12-16,"Johnson&Johnson, Moderna, Oxford/AstraZeneca, Pfizer/BioNTech",6777358,6556924,13334282
2021-12-17,"Johnson&Johnson, Moderna, Oxford/AstraZeneca, Pfizer/BioNTech",6785724,6574190,13359914
2021-12-18,"Johnson&Johnson, Moderna, Oxford/AstraZeneca, Pfizer/BioNTech",6788335,6579642,13367977
2021-12-19,"Johnson&Johnson, Moderna, Pfizer/BioNTech",6790106,6582145,13372251
2021-12-20,"Johnson&Johnson, Moderna, Oxford/AstraZeneca, Pfizer/BioNTech",6795962,6596207,13392169
2021-12-21,"Johnson&Johnson, Moderna, Oxford/AstraZeneca, Pfizer/BioNTech",6802624,6608201,13410825
2021-12-22,"Johnson&Johnson, Moderna, Oxford/AstraZeneca, Pfizer/BioNTech",6807672,6621259,13428931
2021-12-23,"Johnson&Johnson, Moderna, Oxford/AstraZeneca, Pfizer/BioNTech",6810546,6626861,13437407
2021-12-24,"Johnson&Johnson, Moderna, Oxford/AstraZeneca, Pfizer/BioNTech",6810592,6626963,13437555
2021-12-25,"Moderna, Pfizer/BioNTech",6810593,6626971,13437564
2021-12-26,"Moderna, Pfizer/BioNTech",6810695,6627174,13437869
2021-12-27,"Johnson&Johnson, Moderna, Pfizer/BioNTech",6814562,6636917,13451479
2021-12-28,"Johnson&Johnson, Moderna, Oxford/AstraZeneca, Pfizer/BioNTech",6819802,6644913,13464715
2021-12-29,"Johnson&Johnson, Moderna, Oxford/AstraZeneca, Pfizer/BioNTech",6824082,6652632,13476714
2021-12-30,"Johnson&Johnson, Moderna, Pfizer/BioNTech",6828383,6658065,13486448
2021-12-31,"Johnson&Johnson, Moderna, Pfizer/BioNTech",6828893,6659489,13488382
2022-01-01,"Johnson&Johnson, Moderna, Pfizer/BioNTech",6828899,6659507,13488406
2022-01-02,"Johnson&Johnson, Moderna, Pfizer/BioNTech",6829756,6660884,13490640
2022-01-03,"Johnson&Johnson, Moderna, Oxford/AstraZeneca, Pfizer/BioNTech",6833893,6669793,13503686
2022-01-04,"Johnson&Johnson, Moderna, Oxford/AstraZeneca, Pfizer/BioNTech",6838977,6677548,13516525
2022-01-05,"Johnson&Johnson, Moderna, Oxford/AstraZeneca, Pfizer/BioNTech",6844797,6685520,13530317
2022-01-06,"Johnson&Johnson, Moderna, Oxford/AstraZeneca, Pfizer/BioNTech",6851381,6693920,13545301
2022-01-07,"Johnson&Johnson, Moderna, Oxford/AstraZeneca, Pfizer/BioNTech",6859256,6704275,13563531
2022-01-08,"Johnson&Johnson, Moderna, Oxford/AstraZeneca, Pfizer/BioNTech",6861736,6707054,13568790
2022-01-09,"Johnson&Johnson, Moderna, Pfizer/BioNTech",6862819,6708749,13571568
2022-01-10,"Johnson&Johnson, Moderna, Oxford/AstraZeneca, Pfizer/BioNTech",6867322,6714938,13582260
2022-01-11,"Johnson&Johnson, Moderna, Oxford/AstraZeneca, Pfizer/BioNTech",6872761,6721691,13594452
2022-01-12,"Johnson&Johnson, Moderna, Oxford/AstraZeneca, Pfizer/BioNTech",6878718,6727334,13606052
2022-01-13,"Johnson&Johnson, Moderna, Oxford/AstraZeneca, Pfizer/BioNTech",6884604,6732111,13616715
2022-01-14,"Johnson&Johnson, Moderna, Oxford/AstraZeneca, Pfizer/BioNTech",6890905,6735743,13626648
2022-01-15,"Johnson&Johnson, Moderna, Oxford/AstraZeneca, Pfizer/BioNTech",6892181,6736399,13628580
2022-01-16,"Johnson&Johnson, Moderna, Oxford/AstraZeneca, Pfizer/BioNTech",6892869,6736836,13629705
2022-01-17,"Johnson&Johnson, Moderna, Oxford/AstraZeneca, Pfizer/BioNTech",6896423,6740792,13637215
2022-01-18,"Johnson&Johnson, Moderna, Oxford/AstraZeneca, Pfizer/BioNTech",6900273,6745741,13646014
2022-01-19,"Johnson&Johnson, Moderna, Oxford/AstraZeneca, Pfizer/BioNTech",6904343,6749672,13654015
2022-01-20,"Johnson&Johnson, Moderna, Oxford/AstraZeneca, Pfizer/BioNTech",6907935,6754128,13662063
2022-01-21,"Johnson&Johnson, Moderna, Oxford/AstraZeneca, Pfizer/BioNTech",6911929,6756656,13668585
2022-01-22,"Johnson&Johnson, Moderna, Pfizer/BioNTech",6912708,6757095,13669803
2022-01-23,"Johnson&Johnson, Moderna, Pfizer/BioNTech",6913269,6757729,13670998
2022-01-24,"Johnson&Johnson, Moderna, Oxford/AstraZeneca, Pfizer/BioNTech",6915539,6761164,13676703
2022-01-25,"Johnson&Johnson, Moderna, Oxford/AstraZeneca, Pfizer/BioNTech",6917894,6765159,13683053
2022-01-26,"Johnson&Johnson, Moderna, Oxford/AstraZeneca, Pfizer/BioNTech",6920279,6769725,13690004
2022-01-27,"Johnson&Johnson, Moderna, Oxford/AstraZeneca, Pfizer/BioNTech",6922598,6774537,13697135
2022-01-28,"Johnson&Johnson, Moderna, Oxford/AstraZeneca, Pfizer/BioNTech",6925515,6780700,13706215
2022-01-29,"Johnson&Johnson, Moderna, Oxford/AstraZeneca, Pfizer/BioNTech",6926115,6782351,13708466
2022-01-30,"Johnson&Johnson, Moderna, Pfizer/BioNTech",6926342,6783129,13709471
2022-01-31,"Johnson&Johnson, Moderna, Pfizer/BioNTech",6927884,6787052,13714936
2022-02-01,"Johnson&Johnson, Moderna, Pfizer/BioNTech",6929480,6791083,13720563
2022-02-02,"Johnson&Johnson, Moderna, Oxford/AstraZeneca, Pfizer/BioNTech",6931047,6795592,13726639
2022-02-03,"Johnson&Johnson, Moderna, Pfizer/BioNTech",6932419,6800070,13732489
2022-02-04,"Johnson&Johnson, Moderna, Pfizer/BioNTech",6934020,6805185,13739205
2022-02-05,"Johnson&Johnson, Moderna, Pfizer/BioNTech",6934193,6805794,13739987
2022-02-06,"Johnson&Johnson, Moderna, Pfizer/BioNTech",6934289,6806113,13740402
2022-02-07,"Johnson&Johnson, Moderna, Pfizer/BioNTech",6934990,6809322,13744312
2022-02-08,"Johnson&Johnson, Moderna, Pfizer/BioNTech",6935785,6812510,13748295
2022-02-09,"Johnson&Johnson, Moderna, Pfizer/BioNTech",6936609,6815881,13752490
2022-02-10,"Johnson&Johnson, Moderna, Pfizer/BioNTech",6937407,6819005,13756412
2022-02-11,"Johnson&Johnson, Moderna, Pfizer/BioNTech",6938361,6822919,13761280
2022-02-12,"Johnson&Johnson, Moderna, Pfizer/BioNTech",6938471,6823338,13761809
2022-02-13,"Johnson&Johnson, Moderna, Pfizer/BioNTech",6938506,6823775,13762281
2022-02-14,"Johnson&Johnson, Moderna, Pfizer/BioNTech",6938963,6825887,13764850
2022-02-15,"Johnson&Johnson, Moderna, Pfizer/BioNTech",6939516,6828094,13767610
2022-02-16,"Johnson&Johnson, Moderna, Pfizer/BioNTech",6940107,6830193,13770300
2022-02-17,"Johnson&Johnson, Moderna, Pfizer/BioNTech",6940701,6832534,13773235
2022-02-18,"Johnson&Johnson, Moderna, Oxford/AstraZeneca, Pfizer/BioNTech",6941342,6835586,13776928
2022-02-19,"Johnson&Johnson, Moderna, Pfizer/BioNTech",6941421,6835867,13777288
2022-02-20,"Johnson&Johnson, Moderna, Pfizer/BioNTech",6941456,6836016,13777472
2022-02-21,"Johnson&Johnson, Moderna, Pfizer/BioNTech",6941819,6837713,13779532
2022-02-22,"Johnson&Johnson, Moderna, Oxford/AstraZeneca, Pfizer/BioNTech",6942211,6839394,13781605
2022-02-23,"Johnson&Johnson, Moderna, Pfizer/BioNTech",6942665,6841036,13783701
2022-02-24,"Johnson&Johnson, Moderna, Pfizer/BioNTech",6943073,6842666,13785739
2022-02-25,"Johnson&Johnson, Moderna, Pfizer/BioNTech",6943656,6844750,13788406
2022-02-26,"Johnson&Johnson, Moderna, Pfizer/BioNTech",6943717,6844911,13788628
2022-02-27,"Johnson&Johnson, Moderna, Pfizer/BioNTech",6943747,6844987,13788734
2022-02-28,"Johnson&Johnson, Moderna, Pfizer/BioNTech",6943993,6845961,13789954
2022-03-01,"Johnson&Johnson, Moderna, Pfizer/BioNTech",6944298,6846745,13791043
2022-03-02,"Johnson&Johnson, Moderna, Novavax, Pfizer/BioNTech",6944668,6847652,13792320
2022-03-03,"Johnson&Johnson, Moderna, Novavax, Pfizer/BioNTech",6945003,6848595,13793598
2022-03-04,"Johnson&Johnson, Moderna, Novavax, Pfizer/BioNTech",6945631,6849816,13795447
2022-03-05,"Johnson&Johnson, Moderna, Novavax, Pfizer/BioNTech",6945712,6849907,13795619
2022-03-06,"Moderna, Novavax, Pfizer/BioNTech",6945724,6849925,13795649
2022-03-07,"Johnson&Johnson, Moderna, Novavax, Pfizer/BioNTech",6946059,6850482,13796541
2022-03-08,"Johnson&Johnson, Moderna, Novavax, Pfizer/BioNTech",6946394,6851024,13797418
2022-03-09,"Johnson&Johnson, Moderna, Novavax, Pfizer/BioNTech",6946781,6851612,13798393
2022-03-10,"Johnson&Johnson, Moderna, Novavax, Pfizer/BioNTech",6947192,6852283,13799475
2022-03-11,"Johnson&Johnson, Moderna, Novavax, Pfizer/BioNTech",6947941,6853191,13801132
2022-03-12,"Johnson&Johnson, Moderna, Novavax, Pfizer/BioNTech",6948009,6853296,13801305
2022-03-13,"Johnson&Johnson, Moderna, Novavax, Pfizer/BioNTech",6948022,6853314,13801336
2022-03-14,"Johnson&Johnson, Moderna, Novavax, Pfizer/BioNTech",6948287,6853693,13801980
2022-03-15,"Johnson&Johnson, Moderna, Novavax, Pfizer/BioNTech",6948570,6854129,13802699
2022-03-16,"Johnson&Johnson, Moderna, Novavax, Pfizer/BioNTech",6948887,6854671,13803558
2022-03-17,"Johnson&Johnson, Moderna, Novavax, Oxford/AstraZeneca, Pfizer/BioNTech",6949180,6855104,13804284
2022-03-18,"Johnson&Johnson, Moderna, Novavax, Pfizer/BioNTech",6949876,6855896,13805772
2022-03-19,"Moderna, Novavax, Pfizer/BioNTech",6949932,6855941,13805873
2022-03-20,"Moderna, Novavax, Pfizer/BioNTech",6949949,6855953,13805902
2022-03-21,"Johnson&Johnson, Moderna, Novavax, Pfizer/BioNTech",6950136,6856280,13806416
2022-03-22,"Johnson&Johnson, Moderna, Novavax, Pfizer/BioNTech",6950375,6856676,13807051
2022-03-23,"Johnson&Johnson, Moderna, Novavax, Pfizer/BioNTech",6950707,6857111,13807818
2022-03-24,"Johnson&Johnson, Moderna, Novavax, Pfizer/BioNTech",6951017,6857584,13808601
2022-03-25,"Johnson&Johnson, Moderna, Novavax, Pfizer/BioNTech",6951502,6858384,13809886
2022-03-26,"Johnson&Johnson, Moderna, Novavax, Pfizer/BioNTech",6951554,6858461,13810015
2022-03-27,"Moderna, Novavax, Pfizer/BioNTech",6951570,6858478,13810048
2022-03-28,"Johnson&Johnson, Moderna, Novavax, Pfizer/BioNTech",6951723,6858857,13810580
2022-03-29,"Johnson&Johnson, Moderna, Novavax, Pfizer/BioNTech",6951985,6859263,13811248
2022-03-30,"Johnson&Johnson, Moderna, Novavax, Pfizer/BioNTech",6952287,6859754,13812041
2022-03-31,"Johnson&Johnson, Moderna, Novavax, Pfizer/BioNTech",6952584,6860246,13812830
2022-04-01,"Johnson&Johnson, Moderna, Novavax, Pfizer/BioNTech",6953157,6861004,13814161
2022-04-02,"Moderna, Novavax, Pfizer/BioNTech",6953212,6861088,13814300
2022-04-03,"Moderna, Novavax, Pfizer/BioNTech",6953224,6861117,13814341
2022-04-04,"Johnson&Johnson, Moderna, Novavax, Pfizer/BioNTech",6953389,6861396,13814785
2022-04-05,"Johnson&Johnson, Moderna, Novavax, Pfizer/BioNTech",6953577,6861632,13815209
2022-04-06,"Johnson&Johnson, Moderna, Novavax, Pfizer/BioNTech",6953793,6861978,13815771
2022-04-07,"Johnson&Johnson, Moderna, Novavax, Pfizer/BioNTech",6954011,6862393,13816404
2022-04-08,"Johnson&Johnson, Moderna, Novavax, Pfizer/BioNTech",6954456,6863113,13817569
2022-04-09,"Johnson&Johnson, Moderna, Novavax, Pfizer/BioNTech",6954515,6863185,13817700
2022-04-10,"Moderna, Novavax, Pfizer/BioNTech",6954527,6863194,13817721
2022-04-11,"Johnson&Johnson, Moderna, Novavax, Pfizer/BioNTech",6954684,6863425,13818109
2022-04-12,"Johnson&Johnson, Moderna, Novavax, Pfizer/BioNTech",6954923,6863723,13818646
2022-04-13,"Johnson&Johnson, Moderna, Novavax, Pfizer/BioNTech",6955162,6864076,13819238
2022-04-14,"Johnson&Johnson, Moderna, Novavax, Pfizer/BioNTech",6955427,6864458,13819885
2022-04-15,"Moderna, Novavax, Pfizer/BioNTech",6955438,6864481,13819919
2022-04-16,"Moderna, Novavax, Pfizer/BioNTech",6955456,6864513,13819969
2022-04-17,"Moderna, Novavax, Pfizer/BioNTech",6955457,6864514,13819971
2022-04-18,"Moderna, Novavax, Pfizer/BioNTech",6955459,6864530,13819989
2022-04-19,"Johnson&Johnson, Moderna, Novavax, Pfizer/BioNTech",6955594,6864866,13820460
2022-04-20,"Johnson&Johnson, Moderna, Novavax, Pfizer/BioNTech",6955813,6865253,13821066
2022-04-21,"Johnson&Johnson, Moderna, Novavax, Pfizer/BioNTech",6956029,6865670,13821699
2022-04-22,"Johnson&Johnson, Moderna, Novavax, Pfizer/BioNTech",6956494,6866483,13822977
2022-04-23,"Moderna, Novavax, Pfizer/BioNTech",6956525,6866562,13823087
2022-04-24,"Moderna, Novavax, Pfizer/BioNTech",6956530,6866572,13823102
2022-04-25,"Johnson&Johnson, Moderna, Novavax, Pfizer/BioNTech",6956670,6866772,13823442
2022-04-26,"Johnson&Johnson, Moderna, Novavax, Pfizer/BioNTech",6956804,6867022,13823826
2022-04-27,"Johnson&Johnson, Moderna, Novavax, Pfizer/BioNTech",6957066,6867344,13824410
2022-04-28,"Johnson&Johnson, Moderna, Novavax, Pfizer/BioNTech",6957250,6867624,13824874
2022-04-29,"Johnson&Johnson, Moderna, Novavax, Pfizer/BioNTech",6957646,6868168,13825814
2022-04-30,"Moderna, Novavax, Pfizer/BioNTech",6957685,6868232,13825917
2022-05-01,"Moderna, Novavax, Pfizer/BioNTech",6957689,6868241,13825930
