date,vaccine,people_vaccinated,people_fully_vaccinated,total_vaccinations
2020-12-27,Pfizer/BioNTech,1281,0,1281
2020-12-28,Pfizer/BioNTech,3586,0,3586
2020-12-29,Pfizer/BioNTech,7051,0,7051
2020-12-30,Pfizer/BioNTech,10564,0,10564
2020-12-31,Pfizer/BioNTech,11866,0,11866
2021-01-01,"Moderna, Pfizer/BioNTech",12135,0,12135
2021-01-02,Pfizer/BioNTech,13411,0,13411
2021-01-03,Pfizer/BioNTech,14334,0,14334
2021-01-04,"Moderna, Pfizer/BioNTech",17939,0,17939
2021-01-05,"Moderna, Pfizer/BioNTech",22447,0,22447
2021-01-06,"Moderna, Pfizer/BioNTech",28285,1,28286
2021-01-07,"Moderna, Pfizer/BioNTech",36266,1,36267
2021-01-08,Pfizer/BioNTech,46303,1,46304
2021-01-09,"Moderna, Pfizer/BioNTech",48326,2,48328
2021-01-10,Pfizer/BioNTech,50092,4,50096
2021-01-11,Pfizer/BioNTech,59938,6,59944
2021-01-12,"Moderna, Pfizer/BioNTech",73336,8,73344
2021-01-13,Pfizer/BioNTech,86865,8,86873
2021-01-14,"Moderna, Pfizer/BioNTech",102085,11,102096
2021-01-15,"Moderna, Pfizer/BioNTech",116080,11,116091
2021-01-16,"Moderna, Pfizer/BioNTech",119469,14,119483
2021-01-17,"Moderna, Pfizer/BioNTech",122079,653,122732
2021-01-18,"Moderna, Pfizer/BioNTech",134552,2478,137030
2021-01-19,"Moderna, Pfizer/BioNTech",147137,5200,152337
2021-01-20,"Moderna, Pfizer/BioNTech",160803,7853,168656
2021-01-21,"Moderna, Pfizer/BioNTech",176436,9592,186028
2021-01-22,"Moderna, Pfizer/BioNTech",191288,10636,201924
2021-01-23,"Moderna, Pfizer/BioNTech",194601,11513,206114
2021-01-24,"Moderna, Pfizer/BioNTech",196854,12383,209237
2021-01-25,"Moderna, Pfizer/BioNTech",206489,15354,221843
2021-01-26,"Moderna, Pfizer/BioNTech",217023,19335,236358
2021-01-27,"Moderna, Pfizer/BioNTech",226045,23864,249909
2021-01-28,"Moderna, Pfizer/BioNTech",233133,29985,263118
2021-01-29,"Moderna, Pfizer/BioNTech",239329,37883,277212
2021-01-30,"Moderna, Pfizer/BioNTech",240060,38971,279031
2021-01-31,"Moderna, Pfizer/BioNTech",240771,40152,280923
2021-02-01,"Moderna, Pfizer/BioNTech",244744,48101,292845
2021-02-02,"Moderna, Pfizer/BioNTech",248874,58328,307202
2021-02-03,"Moderna, Pfizer/BioNTech",253285,69326,322611
2021-02-04,"Moderna, Pfizer/BioNTech",258177,82295,340472
2021-02-05,"Moderna, Pfizer/BioNTech",263629,92958,356587
2021-02-06,"Moderna, Oxford/AstraZeneca, Pfizer/BioNTech",264473,95313,359786
2021-02-07,"Moderna, Pfizer/BioNTech",265319,97807,363126
2021-02-08,"Moderna, Oxford/AstraZeneca, Pfizer/BioNTech",269386,109198,378584
2021-02-09,"Moderna, Oxford/AstraZeneca, Pfizer/BioNTech",274475,121127,395602
2021-02-10,"Moderna, Oxford/AstraZeneca, Pfizer/BioNTech",279972,134359,414331
2021-02-11,"Moderna, Oxford/AstraZeneca, Pfizer/BioNTech",286287,150558,436845
2021-02-12,"Moderna, Oxford/AstraZeneca, Pfizer/BioNTech",293036,165262,458298
2021-02-13,"Moderna, Oxford/AstraZeneca, Pfizer/BioNTech",294638,168246,462884
2021-02-14,"Moderna, Oxford/AstraZeneca, Pfizer/BioNTech",295636,169626,465262
2021-02-15,"Moderna, Oxford/AstraZeneca, Pfizer/BioNTech",302032,178970,481002
2021-02-16,"Moderna, Oxford/AstraZeneca, Pfizer/BioNTech",310744,188035,498779
2021-02-17,"Moderna, Oxford/AstraZeneca, Pfizer/BioNTech",320436,196329,516765
2021-02-18,"Moderna, Oxford/AstraZeneca, Pfizer/BioNTech",332745,204390,537135
2021-02-19,"Moderna, Oxford/AstraZeneca, Pfizer/BioNTech",344591,211722,556313
2021-02-20,"Moderna, Oxford/AstraZeneca, Pfizer/BioNTech",346580,212900,559480
2021-02-21,"Moderna, Oxford/AstraZeneca, Pfizer/BioNTech",347701,213919,561620
2021-02-22,"Moderna, Oxford/AstraZeneca, Pfizer/BioNTech",357814,219937,577751
2021-02-23,"Moderna, Oxford/AstraZeneca, Pfizer/BioNTech",370747,226900,597647
2021-02-24,"Moderna, Oxford/AstraZeneca, Pfizer/BioNTech",384613,232926,617539
2021-02-25,"Moderna, Oxford/AstraZeneca, Pfizer/BioNTech",402573,238463,641036
2021-02-26,"Moderna, Oxford/AstraZeneca, Pfizer/BioNTech",418725,243795,662520
2021-02-27,"Moderna, Oxford/AstraZeneca, Pfizer/BioNTech",421727,244347,666074
2021-02-28,"Moderna, Oxford/AstraZeneca, Pfizer/BioNTech",424066,244893,668959
2021-03-01,"Moderna, Oxford/AstraZeneca, Pfizer/BioNTech",443627,248329,691956
2021-03-02,"Moderna, Oxford/AstraZeneca, Pfizer/BioNTech",470835,251867,722702
2021-03-03,"Moderna, Oxford/AstraZeneca, Pfizer/BioNTech",501677,256359,758036
2021-03-04,"Moderna, Oxford/AstraZeneca, Pfizer/BioNTech",534910,261031,795941
2021-03-05,"Johnson&Johnson, Moderna, Oxford/AstraZeneca, Pfizer/BioNTech",563708,266432,830140
2021-03-06,"Johnson&Johnson, Moderna, Oxford/AstraZeneca, Pfizer/BioNTech",575840,267284,843124
2021-03-07,"Johnson&Johnson, Moderna, Oxford/AstraZeneca, Pfizer/BioNTech",587364,268120,855484
2021-03-08,"Johnson&Johnson, Moderna, Oxford/AstraZeneca, Pfizer/BioNTech",617064,272959,890023
2021-03-09,"Johnson&Johnson, Moderna, Oxford/AstraZeneca, Pfizer/BioNTech",653392,279331,932723
2021-03-10,"Moderna, Oxford/AstraZeneca, Pfizer/BioNTech",694665,286274,980939
2021-03-11,"Johnson&Johnson, Moderna, Oxford/AstraZeneca, Pfizer/BioNTech",739456,294637,1034093
2021-03-12,"Johnson&Johnson, Moderna, Oxford/AstraZeneca, Pfizer/BioNTech",778229,303086,1081315
2021-03-13,"Moderna, Oxford/AstraZeneca, Pfizer/BioNTech",795287,304384,1099671
2021-03-14,"Moderna, Oxford/AstraZeneca, Pfizer/BioNTech",807386,305527,1112913
2021-03-15,"Moderna, Oxford/AstraZeneca, Pfizer/BioNTech",835745,314294,1150039
2021-03-16,"Johnson&Johnson, Moderna, Oxford/AstraZeneca, Pfizer/BioNTech",874615,324817,1199432
2021-03-17,"Moderna, Oxford/AstraZeneca, Pfizer/BioNTech",912064,335309,1247373
2021-03-18,"Johnson&Johnson, Moderna, Oxford/AstraZeneca, Pfizer/BioNTech",950003,347709,1297712
2021-03-19,"Moderna, Oxford/AstraZeneca, Pfizer/BioNTech",984451,361304,1345755
2021-03-20,"Johnson&Johnson, Moderna, Oxford/AstraZeneca, Pfizer/BioNTech",999570,363315,1362885
2021-03-21,"Johnson&Johnson, Moderna, Oxford/AstraZeneca, Pfizer/BioNTech",1006968,364861,1371829
2021-03-22,"Johnson&Johnson, Moderna, Oxford/AstraZeneca, Pfizer/BioNTech",1031483,377351,1408834
2021-03-23,"Johnson&Johnson, Moderna, Oxford/AstraZeneca, Pfizer/BioNTech",1058086,390690,1448776
2021-03-24,"Johnson&Johnson, Moderna, Oxford/AstraZeneca, Pfizer/BioNTech",1084912,406407,1491319
2021-03-25,"Moderna, Oxford/AstraZeneca, Pfizer/BioNTech",1111213,424238,1535451
2021-03-26,"Moderna, Oxford/AstraZeneca, Pfizer/BioNTech",1135994,441721,1577715
2021-03-27,"Johnson&Johnson, Moderna, Oxford/AstraZeneca, Pfizer/BioNTech",1144411,446561,1590972
2021-03-28,"Moderna, Oxford/AstraZeneca, Pfizer/BioNTech",1149939,450696,1600635
2021-03-29,"Johnson&Johnson, Moderna, Oxford/AstraZeneca, Pfizer/BioNTech",1169040,471402,1640442
2021-03-30,"Johnson&Johnson, Moderna, Oxford/AstraZeneca, Pfizer/BioNTech",1193716,493567,1687283
2021-03-31,"Johnson&Johnson, Moderna, Oxford/AstraZeneca, Pfizer/BioNTech",1216787,520603,1737390
2021-04-01,"Johnson&Johnson, Moderna, Oxford/AstraZeneca, Pfizer/BioNTech",1242373,552636,1795009
2021-04-02,"Johnson&Johnson, Moderna, Oxford/AstraZeneca, Pfizer/BioNTech",1249269,565420,1814689
2021-04-03,"Johnson&Johnson, Moderna, Oxford/AstraZeneca, Pfizer/BioNTech",1252870,576328,1829198
2021-04-04,"Johnson&Johnson, Moderna, Oxford/AstraZeneca, Pfizer/BioNTech",1255360,585232,1840592
2021-04-05,"Johnson&Johnson, Moderna, Oxford/AstraZeneca, Pfizer/BioNTech",1257735,592406,1850141
2021-04-06,"Johnson&Johnson, Moderna, Oxford/AstraZeneca, Pfizer/BioNTech",1273839,621628,1895467
2021-04-07,"Johnson&Johnson, Moderna, Oxford/AstraZeneca, Pfizer/BioNTech",1297219,643841,1941060
2021-04-08,"Johnson&Johnson, Moderna, Oxford/AstraZeneca, Pfizer/BioNTech",1335863,674838,2010701
2021-04-09,"Johnson&Johnson, Moderna, Oxford/AstraZeneca, Pfizer/BioNTech",1375355,705000,2080355
2021-04-10,"Johnson&Johnson, Moderna, Oxford/AstraZeneca, Pfizer/BioNTech",1390810,720278,2111088
2021-04-11,"Johnson&Johnson, Moderna, Oxford/AstraZeneca, Pfizer/BioNTech",1400562,730301,2130863
2021-04-12,"Johnson&Johnson, Moderna, Oxford/AstraZeneca, Pfizer/BioNTech",1438785,755405,2194190
2021-04-13,"Moderna, Oxford/AstraZeneca, Pfizer/BioNTech",1475004,781426,2256430
2021-04-14,"Moderna, Oxford/AstraZeneca, Pfizer/BioNTech",1513773,808760,2322533
2021-04-15,"Moderna, Oxford/AstraZeneca, Pfizer/BioNTech",1561525,834459,2395984
2021-04-16,"Moderna, Oxford/AstraZeneca, Pfizer/BioNTech",1606146,860073,2466219
2021-04-17,"Moderna, Oxford/AstraZeneca, Pfizer/BioNTech",1622809,869092,2491901
2021-04-18,"Moderna, Oxford/AstraZeneca, Pfizer/BioNTech",1635774,874072,2509846
2021-04-19,"Moderna, Oxford/AstraZeneca, Pfizer/BioNTech",1679749,889516,2569265
2021-04-20,"Johnson&Johnson, Moderna, Oxford/AstraZeneca, Pfizer/BioNTech",1722269,905363,2627632
2021-04-21,"Moderna, Oxford/AstraZeneca, Pfizer/BioNTech",1769966,919692,2689658
2021-04-22,"Johnson&Johnson, Moderna, Oxford/AstraZeneca, Pfizer/BioNTech",1824429,937057,2761486
2021-04-23,"Johnson&Johnson, Moderna, Oxford/AstraZeneca, Pfizer/BioNTech",1874349,949087,2823436
2021-04-24,"Johnson&Johnson, Moderna, Oxford/AstraZeneca, Pfizer/BioNTech",1892162,954319,2846481
2021-04-25,"Johnson&Johnson, Moderna, Oxford/AstraZeneca, Pfizer/BioNTech",1906832,958302,2865134
2021-04-26,"Johnson&Johnson, Moderna, Oxford/AstraZeneca, Pfizer/BioNTech",1956390,965839,2922229
2021-04-27,"Johnson&Johnson, Moderna, Oxford/AstraZeneca, Pfizer/BioNTech",2005352,978048,2983400
2021-04-28,"Johnson&Johnson, Moderna, Oxford/AstraZeneca, Pfizer/BioNTech",2064078,992018,3056096
2021-04-29,"Johnson&Johnson, Moderna, Oxford/AstraZeneca, Pfizer/BioNTech",2129611,1007868,3137479
2021-04-30,"Johnson&Johnson, Moderna, Oxford/AstraZeneca, Pfizer/BioNTech",2191805,1017800,3209605
2021-05-01,"Johnson&Johnson, Moderna, Oxford/AstraZeneca, Pfizer/BioNTech",2211098,1021223,3232321
2021-05-02,"Johnson&Johnson, Moderna, Oxford/AstraZeneca, Pfizer/BioNTech",2229995,1023474,3253469
2021-05-03,"Johnson&Johnson, Moderna, Oxford/AstraZeneca, Pfizer/BioNTech",2297214,1028519,3325733
2021-05-04,"Johnson&Johnson, Moderna, Oxford/AstraZeneca, Pfizer/BioNTech",2363686,1036825,3400511
2021-05-05,"Johnson&Johnson, Moderna, Oxford/AstraZeneca, Pfizer/BioNTech",2436812,1046193,3483005
2021-05-06,"Johnson&Johnson, Moderna, Oxford/AstraZeneca, Pfizer/BioNTech",2517175,1056867,3574042
2021-05-07,"Johnson&Johnson, Moderna, Oxford/AstraZeneca, Pfizer/BioNTech",2594430,1066918,3661348
2021-05-08,"Johnson&Johnson, Moderna, Oxford/AstraZeneca, Pfizer/BioNTech",2623832,1068658,3692490
2021-05-09,"Johnson&Johnson, Moderna, Oxford/AstraZeneca, Pfizer/BioNTech",2648003,1069846,3717849
2021-05-10,"Johnson&Johnson, Moderna, Oxford/AstraZeneca, Pfizer/BioNTech",2720735,1077040,3797775
2021-05-11,"Johnson&Johnson, Moderna, Oxford/AstraZeneca, Pfizer/BioNTech",2796805,1085814,3882619
2021-05-12,"Johnson&Johnson, Moderna, Oxford/AstraZeneca, Pfizer/BioNTech",2876631,1094861,3971492
2021-05-13,"Johnson&Johnson, Moderna, Oxford/AstraZeneca, Pfizer/BioNTech",2960620,1103991,4064611
2021-05-14,"Johnson&Johnson, Moderna, Oxford/AstraZeneca, Pfizer/BioNTech",3040017,1111718,4151735
2021-05-15,"Johnson&Johnson, Moderna, Oxford/AstraZeneca, Pfizer/BioNTech",3071860,1113916,4185776
2021-05-16,"Johnson&Johnson, Moderna, Oxford/AstraZeneca, Pfizer/BioNTech",3097605,1115158,4212763
2021-05-17,"Johnson&Johnson, Moderna, Oxford/AstraZeneca, Pfizer/BioNTech",3170082,1121839,4291921
2021-05-18,"Johnson&Johnson, Moderna, Oxford/AstraZeneca, Pfizer/BioNTech",3241987,1134835,4376822
2021-05-19,"Johnson&Johnson, Moderna, Oxford/AstraZeneca, Pfizer/BioNTech",3319416,1149931,4469347
2021-05-20,"Johnson&Johnson, Moderna, Oxford/AstraZeneca, Pfizer/BioNTech",3394816,1176897,4571713
2021-05-21,"Johnson&Johnson, Moderna, Oxford/AstraZeneca, Pfizer/BioNTech",3463550,1204579,4668129
2021-05-22,"Johnson&Johnson, Moderna, Oxford/AstraZeneca, Pfizer/BioNTech",3495887,1215716,4711603
2021-05-23,"Johnson&Johnson, Moderna, Oxford/AstraZeneca, Pfizer/BioNTech",3518200,1224724,4742924
2021-05-24,"Johnson&Johnson, Moderna, Oxford/AstraZeneca, Pfizer/BioNTech",3565314,1258328,4823642
2021-05-25,"Johnson&Johnson, Moderna, Oxford/AstraZeneca, Pfizer/BioNTech",3617145,1294081,4911226
2021-05-26,"Johnson&Johnson, Moderna, Oxford/AstraZeneca, Pfizer/BioNTech",3684868,1331558,5016426
2021-05-27,"Johnson&Johnson, Moderna, Oxford/AstraZeneca, Pfizer/BioNTech",3746235,1378822,5125057
2021-05-28,"Johnson&Johnson, Moderna, Oxford/AstraZeneca, Pfizer/BioNTech",3807901,1425320,5233221
2021-05-29,"Johnson&Johnson, Moderna, Oxford/AstraZeneca, Pfizer/BioNTech",3837052,1442390,5279442
2021-05-30,"Johnson&Johnson, Moderna, Oxford/AstraZeneca, Pfizer/BioNTech",3859392,1456797,5316189
2021-05-31,"Johnson&Johnson, Moderna, Oxford/AstraZeneca, Pfizer/BioNTech",3915110,1504308,5419418
2021-06-01,"Johnson&Johnson, Moderna, Oxford/AstraZeneca, Pfizer/BioNTech",3974120,1553087,5527207
2021-06-02,"Johnson&Johnson, Moderna, Oxford/AstraZeneca, Pfizer/BioNTech",4036987,1606992,5643979
2021-06-03,"Johnson&Johnson, Moderna, Oxford/AstraZeneca, Pfizer/BioNTech",4095199,1667145,5762344
2021-06-04,"Johnson&Johnson, Moderna, Oxford/AstraZeneca, Pfizer/BioNTech",4158269,1724461,5882730
2021-06-05,"Johnson&Johnson, Moderna, Oxford/AstraZeneca, Pfizer/BioNTech",4192394,1743237,5935631
2021-06-06,"Johnson&Johnson, Moderna, Oxford/AstraZeneca, Pfizer/BioNTech",4219295,1758330,5977625
2021-06-07,"Johnson&Johnson, Moderna, Oxford/AstraZeneca, Pfizer/BioNTech",4282960,1813901,6096861
2021-06-08,"Johnson&Johnson, Moderna, Oxford/AstraZeneca, Pfizer/BioNTech",4346926,1868811,6215737
2021-06-09,"Johnson&Johnson, Moderna, Oxford/AstraZeneca, Pfizer/BioNTech",4406107,1933178,6339285
2021-06-10,"Johnson&Johnson, Moderna, Oxford/AstraZeneca, Pfizer/BioNTech",4459982,2004207,6464189
2021-06-11,"Johnson&Johnson, Moderna, Oxford/AstraZeneca, Pfizer/BioNTech",4512071,2073855,6585926
2021-06-12,"Johnson&Johnson, Moderna, Oxford/AstraZeneca, Pfizer/BioNTech",4544050,2094583,6638633
2021-06-13,"Johnson&Johnson, Moderna, Oxford/AstraZeneca, Pfizer/BioNTech",4568051,2112940,6680991
2021-06-14,"Johnson&Johnson, Moderna, Oxford/AstraZeneca, Pfizer/BioNTech",4611113,2187235,6798348
2021-06-15,"Johnson&Johnson, Moderna, Oxford/AstraZeneca, Pfizer/BioNTech",4655750,2259488,6915238
2021-06-16,"Johnson&Johnson, Moderna, Oxford/AstraZeneca, Pfizer/BioNTech",4698469,2337617,7036086
2021-06-17,"Johnson&Johnson, Moderna, Oxford/AstraZeneca, Pfizer/BioNTech",4737834,2420586,7158420
2021-06-18,"Johnson&Johnson, Moderna, Oxford/AstraZeneca, Pfizer/BioNTech",4780212,2500995,7281207
2021-06-19,"Johnson&Johnson, Moderna, Oxford/AstraZeneca, Pfizer/BioNTech",4801950,2530210,7332160
2021-06-20,"Johnson&Johnson, Moderna, Oxford/AstraZeneca, Pfizer/BioNTech",4819303,2553974,7373277
2021-06-21,"Johnson&Johnson, Moderna, Oxford/AstraZeneca, Pfizer/BioNTech",4851800,2632451,7484251
2021-06-22,"Johnson&Johnson, Moderna, Oxford/AstraZeneca, Pfizer/BioNTech",4884755,2714610,7599365
2021-06-23,"Johnson&Johnson, Moderna, Oxford/AstraZeneca, Pfizer/BioNTech",4916393,2799734,7716127
2021-06-24,"Johnson&Johnson, Moderna, Oxford/AstraZeneca, Pfizer/BioNTech",4946223,2889666,7835889
2021-06-25,"Johnson&Johnson, Moderna, Oxford/AstraZeneca, Pfizer/BioNTech",4977261,2975698,7952959
2021-06-26,"Johnson&Johnson, Moderna, Oxford/AstraZeneca, Pfizer/BioNTech",4993112,3010436,8003548
2021-06-27,"Johnson&Johnson, Moderna, Oxford/AstraZeneca, Pfizer/BioNTech",5007046,3037027,8044073
2021-06-28,"Johnson&Johnson, Moderna, Oxford/AstraZeneca, Pfizer/BioNTech",5035456,3122113,8157569
2021-06-29,"Johnson&Johnson, Moderna, Oxford/AstraZeneca, Pfizer/BioNTech",5064712,3208485,8273197
2021-06-30,"Johnson&Johnson, Moderna, Oxford/AstraZeneca, Pfizer/BioNTech",5092196,3299333,8391529
2021-07-01,"Johnson&Johnson, Moderna, Oxford/AstraZeneca, Pfizer/BioNTech",5116164,3389270,8505434
2021-07-02,"Johnson&Johnson, Moderna, Oxford/AstraZeneca, Pfizer/BioNTech",5142869,3474989,8617858
2021-07-03,"Johnson&Johnson, Moderna, Oxford/AstraZeneca, Pfizer/BioNTech",5149937,3506444,8656381
2021-07-04,"Johnson&Johnson, Moderna, Oxford/AstraZeneca, Pfizer/BioNTech",5157481,3528204,8685685
2021-07-05,"Johnson&Johnson, Moderna, Oxford/AstraZeneca, Pfizer/BioNTech",5164828,3553521,8718349
2021-07-06,"Johnson&Johnson, Moderna, Oxford/AstraZeneca, Pfizer/BioNTech",5170222,3581092,8751314
2021-07-07,"Johnson&Johnson, Moderna, Oxford/AstraZeneca, Pfizer/BioNTech",5195998,3659965,8855963
2021-07-08,"Johnson&Johnson, Moderna, Oxford/AstraZeneca, Pfizer/BioNTech",5222583,3730190,8952773
2021-07-09,"Johnson&Johnson, Moderna, Oxford/AstraZeneca, Pfizer/BioNTech",5250479,3799363,9049842
2021-07-10,"Johnson&Johnson, Moderna, Oxford/AstraZeneca, Pfizer/BioNTech",5259815,3827926,9087741
2021-07-11,"Johnson&Johnson, Moderna, Oxford/AstraZeneca, Pfizer/BioNTech",5268331,3850776,9119107
2021-07-12,"Johnson&Johnson, Moderna, Oxford/AstraZeneca, Pfizer/BioNTech",5295848,3919795,9215643
2021-07-13,"Johnson&Johnson, Moderna, Oxford/AstraZeneca, Pfizer/BioNTech",5322011,3989578,9311589
2021-07-14,"Johnson&Johnson, Moderna, Oxford/AstraZeneca, Pfizer/BioNTech",5347811,4061477,9409288
2021-07-15,"Johnson&Johnson, Moderna, Oxford/AstraZeneca, Pfizer/BioNTech",5376969,4127391,9504360
2021-07-16,"Johnson&Johnson, Moderna, Oxford/AstraZeneca, Pfizer/BioNTech",5404867,4200002,9604869
2021-07-17,"Johnson&Johnson, Moderna, Oxford/AstraZeneca, Pfizer/BioNTech",5413620,4231383,9645003
2021-07-18,"Johnson&Johnson, Moderna, Oxford/AstraZeneca, Pfizer/BioNTech",5422051,4257342,9679393
2021-07-19,"Johnson&Johnson, Moderna, Oxford/AstraZeneca, Pfizer/BioNTech",5445383,4324287,9769670
2021-07-20,"Johnson&Johnson, Moderna, Oxford/AstraZeneca, Pfizer/BioNTech",5466760,4391242,9858002
2021-07-21,"Johnson&Johnson, Moderna, Oxford/AstraZeneca, Pfizer/BioNTech",5490199,4454605,9944804
2021-07-22,"Johnson&Johnson, Moderna, Oxford/AstraZeneca, Pfizer/BioNTech",5512540,4513137,10025677
2021-07-23,"Johnson&Johnson, Moderna, Oxford/AstraZeneca, Pfizer/BioNTech",5535712,4567779,10103491
2021-07-24,"Johnson&Johnson, Moderna, Oxford/AstraZeneca, Pfizer/BioNTech",5543013,4595382,10138395
2021-07-25,"Johnson&Johnson, Moderna, Oxford/AstraZeneca, Pfizer/BioNTech",5549612,4617464,10167076
2021-07-26,"Johnson&Johnson, Moderna, Oxford/AstraZeneca, Pfizer/BioNTech",5573119,4666029,10239148
2021-07-27,"Johnson&Johnson, Moderna, Oxford/AstraZeneca, Pfizer/BioNTech",5595834,4712569,10308403
2021-07-28,"Johnson&Johnson, Moderna, Oxford/AstraZeneca, Pfizer/BioNTech",5617057,4758450,10375507
2021-07-29,"Johnson&Johnson, Moderna, Oxford/AstraZeneca, Pfizer/BioNTech",5638354,4800302,10438656
2021-07-30,"Johnson&Johnson, Moderna, Oxford/AstraZeneca, Pfizer/BioNTech",5661613,4842762,10504375
2021-07-31,"Johnson&Johnson, Moderna, Oxford/AstraZeneca, Pfizer/BioNTech",5670528,4862252,10532780
2021-08-01,"Johnson&Johnson, Moderna, Oxford/AstraZeneca, Pfizer/BioNTech",5677236,4878380,10555616
2021-08-02,"Johnson&Johnson, Moderna, Oxford/AstraZeneca, Pfizer/BioNTech",5695842,4915855,10611697
2021-08-03,"Johnson&Johnson, Moderna, Oxford/AstraZeneca, Pfizer/BioNTech",5713454,4953876,10667330
2021-08-04,"Johnson&Johnson, Moderna, Oxford/AstraZeneca, Pfizer/BioNTech",5729522,4990517,10720039
2021-08-05,"Johnson&Johnson, Moderna, Oxford/AstraZeneca, Pfizer/BioNTech",5745525,5030898,10776423
2021-08-06,"Johnson&Johnson, Moderna, Oxford/AstraZeneca, Pfizer/BioNTech",5762291,5074090,10836381
2021-08-07,"Johnson&Johnson, Moderna, Oxford/AstraZeneca, Pfizer/BioNTech",5767869,5092210,10860079
2021-08-08,"Johnson&Johnson, Moderna, Oxford/AstraZeneca, Pfizer/BioNTech",5772214,5107930,10880144
2021-08-09,"Johnson&Johnson, Moderna, Oxford/AstraZeneca, Pfizer/BioNTech",5784842,5152918,10937760
2021-08-10,"Johnson&Johnson, Moderna, Oxford/AstraZeneca, Pfizer/BioNTech",5796656,5192418,10989074
2021-08-11,"Johnson&Johnson, Moderna, Oxford/AstraZeneca, Pfizer/BioNTech",5808001,5235488,11043489
2021-08-12,"Johnson&Johnson, Moderna, Oxford/AstraZeneca, Pfizer/BioNTech",5819395,5272550,11091945
2021-08-13,"Johnson&Johnson, Moderna, Oxford/AstraZeneca, Pfizer/BioNTech",5830079,5312803,11142882
2021-08-14,"Johnson&Johnson, Moderna, Oxford/AstraZeneca, Pfizer/BioNTech",5833411,5323474,11156885
2021-08-15,"Johnson&Johnson, Moderna, Oxford/AstraZeneca, Pfizer/BioNTech",5835984,5333824,11169808
2021-08-16,"Johnson&Johnson, Moderna, Oxford/AstraZeneca, Pfizer/BioNTech",5845750,5367831,11213581
2021-08-17,"Johnson&Johnson, Moderna, Oxford/AstraZeneca, Pfizer/BioNTech",5855328,5394875,11250203
2021-08-18,"Johnson&Johnson, Moderna, Oxford/AstraZeneca, Pfizer/BioNTech",5864689,5433689,11298378
2021-08-19,"Johnson&Johnson, Moderna, Oxford/AstraZeneca, Pfizer/BioNTech",5874343,5471988,11346331
2021-08-20,"Johnson&Johnson, Moderna, Oxford/AstraZeneca, Pfizer/BioNTech",5885677,5512120,11397797
2021-08-21,"Johnson&Johnson, Moderna, Oxford/AstraZeneca, Pfizer/BioNTech",5888384,5524849,11413233
2021-08-22,"Johnson&Johnson, Moderna, Oxford/AstraZeneca, Pfizer/BioNTech",5890717,5536797,11427514
2021-08-23,"Johnson&Johnson, Moderna, Oxford/AstraZeneca, Pfizer/BioNTech",5901235,5575991,11477226
2021-08-24,"Johnson&Johnson, Moderna, Oxford/AstraZeneca, Pfizer/BioNTech",5911091,5609187,11520278
2021-08-25,"Johnson&Johnson, Moderna, Oxford/AstraZeneca, Pfizer/BioNTech",5919935,5637496,11557431
2021-08-26,"Johnson&Johnson, Moderna, Oxford/AstraZeneca, Pfizer/BioNTech",5928358,5663574,11591932
2021-08-27,"Johnson&Johnson, Moderna, Oxford/AstraZeneca, Pfizer/BioNTech",5938660,5689476,11628136
2021-08-28,"Johnson&Johnson, Moderna, Oxford/AstraZeneca, Pfizer/BioNTech",5941372,5696493,11637865
2021-08-29,"Johnson&Johnson, Moderna, Oxford/AstraZeneca, Pfizer/BioNTech",5943772,5703097,11646869
2021-08-30,"Johnson&Johnson, Moderna, Oxford/AstraZeneca, Pfizer/BioNTech",5952275,5724916,11677191
2021-08-31,"Johnson&Johnson, Moderna, Oxford/AstraZeneca, Pfizer/BioNTech",5959923,5742956,11702879
2021-09-01,"Johnson&Johnson, Moderna, Oxford/AstraZeneca, Pfizer/BioNTech",5965792,5756913,11722705
2021-09-02,"Johnson&Johnson, Moderna, Oxford/AstraZeneca, Pfizer/BioNTech",5972585,5771251,11743836
2021-09-03,"Johnson&Johnson, Moderna, Oxford/AstraZeneca, Pfizer/BioNTech",5982087,5786894,11768981
2021-09-04,"Johnson&Johnson, Moderna, Oxford/AstraZeneca, Pfizer/BioNTech",5984140,5790433,11774573
2021-09-05,"Johnson&Johnson, Moderna, Oxford/AstraZeneca, Pfizer/BioNTech",5986168,5793260,11779428
2021-09-06,"Johnson&Johnson, Moderna, Oxford/AstraZeneca, Pfizer/BioNTech",5992337,5805743,11798080
2021-09-07,"Johnson&Johnson, Moderna, Oxford/AstraZeneca, Pfizer/BioNTech",5996688,5816811,11813499
2021-09-08,"Johnson&Johnson, Moderna, Oxford/AstraZeneca, Pfizer/BioNTech",6002329,5826626,11828955
2021-09-09,"Johnson&Johnson, Moderna, Oxford/AstraZeneca, Pfizer/BioNTech",6008972,5836669,11845641
2021-09-10,"Johnson&Johnson, Moderna, Oxford/AstraZeneca, Pfizer/BioNTech",6016616,5848815,11865431
2021-09-11,"Johnson&Johnson, Moderna, Pfizer/BioNTech",6018470,5851279,11869749
2021-09-12,"Johnson&Johnson, Moderna, Oxford/AstraZeneca, Pfizer/BioNTech",6019582,5852898,11872480
2021-09-13,"Johnson&Johnson, Moderna, Oxford/AstraZeneca, Pfizer/BioNTech",6024992,5863144,11888136
2021-09-14,"Johnson&Johnson, Moderna, Oxford/AstraZeneca, Pfizer/BioNTech",6030353,5872133,11902486
2021-09-15,"Johnson&Johnson, Moderna, Oxford/AstraZeneca, Pfizer/BioNTech",6035531,5880638,11916169
2021-09-16,"Johnson&Johnson, Moderna, Oxford/AstraZeneca, Pfizer/BioNTech",6040798,5888882,11929680
2021-09-17,"Johnson&Johnson, Moderna, Oxford/AstraZeneca, Pfizer/BioNTech",6047336,5899070,11946406
2021-09-18,"Johnson&Johnson, Moderna, Pfizer/BioNTech",6049056,5901409,11950465
2021-09-19,"Johnson&Johnson, Moderna, Oxford/AstraZeneca, Pfizer/BioNTech",6049994,5902969,11952963
2021-09-20,"Johnson&Johnson, Moderna, Oxford/AstraZeneca, Pfizer/BioNTech",6053972,5911138,11965110
2021-09-21,"Johnson&Johnson, Moderna, Oxford/AstraZeneca, Pfizer/BioNTech",6058077,5918648,11976725
2021-09-22,"Johnson&Johnson, Moderna, Oxford/AstraZeneca, Pfizer/BioNTech",6062223,5924147,11986370
2021-09-23,"Johnson&Johnson, Moderna, Oxford/AstraZeneca, Pfizer/BioNTech",6067177,5930539,11997716
2021-09-24,"Johnson&Johnson, Moderna, Oxford/AstraZeneca, Pfizer/BioNTech",6072909,5940136,12013045
2021-09-25,"Johnson&Johnson, Moderna, Pfizer/BioNTech",6074395,5942111,12016506
2021-09-26,"Johnson&Johnson, Moderna, Pfizer/BioNTech",6075130,5943730,12018860
2021-09-27,"Johnson&Johnson, Moderna, Oxford/AstraZeneca, Pfizer/BioNTech",6078933,5950197,12029130
2021-09-28,"Johnson&Johnson, Moderna, Pfizer/BioNTech",6079262,5950792,12030054
2021-09-29,"Johnson&Johnson, Moderna, Oxford/AstraZeneca, Pfizer/BioNTech",6082995,5958211,12041206
2021-09-30,"Johnson&Johnson, Moderna, Oxford/AstraZeneca, Pfizer/BioNTech",6087365,5965864,12053229
2021-10-01,"Johnson&Johnson, Moderna, Oxford/AstraZeneca, Pfizer/BioNTech",6091580,5973800,12065380
2021-10-02,"Johnson&Johnson, Moderna, Pfizer/BioNTech",6092619,5975327,12067946
2021-10-03,"Johnson&Johnson, Moderna, Pfizer/BioNTech",6093322,5976188,12069510
2021-10-04,"Johnson&Johnson, Moderna, Oxford/AstraZeneca, Pfizer/BioNTech",6096315,5981733,12078048
2021-10-05,"Johnson&Johnson, Moderna, Oxford/AstraZeneca, Pfizer/BioNTech",6099359,5986778,12086137
2021-10-06,"Johnson&Johnson, Moderna, Oxford/AstraZeneca, Pfizer/BioNTech",6102802,5991917,12094719
2021-10-07,"Johnson&Johnson, Moderna, Oxford/AstraZeneca, Pfizer/BioNTech",6105976,5997105,12103081
2021-10-08,"Johnson&Johnson, Moderna, Oxford/AstraZeneca, Pfizer/BioNTech",6110684,6003681,12114365
2021-10-09,"Johnson&Johnson, Moderna, Pfizer/BioNTech",6111914,6005323,12117237
2021-10-10,"Johnson&Johnson, Moderna, Pfizer/BioNTech",6112843,6006150,12118993
2021-10-11,"Johnson&Johnson, Moderna, Oxford/AstraZeneca, Pfizer/BioNTech",6115684,6010505,12126189
2021-10-12,"Johnson&Johnson, Moderna, Oxford/AstraZeneca, Pfizer/BioNTech",6118393,6014403,12132796
2021-10-13,"Johnson&Johnson, Moderna, Oxford/AstraZeneca, Pfizer/BioNTech",6121802,6018528,12140330
2021-10-14,"Johnson&Johnson, Moderna, Oxford/AstraZeneca, Pfizer/BioNTech",6125350,6023457,12148807
2021-10-15,"Johnson&Johnson, Moderna, Oxford/AstraZeneca, Pfizer/BioNTech",6130441,6029576,12160017
2021-10-16,"Johnson&Johnson, Moderna, Pfizer/BioNTech",6131805,6031085,12162890
2021-10-17,"Johnson&Johnson, Moderna, Pfizer/BioNTech",6133117,6032134,12165251
2021-10-18,"Johnson&Johnson, Moderna, Oxford/AstraZeneca, Pfizer/BioNTech",6137077,6036164,12173241
2021-10-19,"Johnson&Johnson, Moderna, Oxford/AstraZeneca, Pfizer/BioNTech",6140539,6038232,12178771
2021-10-20,"Johnson&Johnson, Moderna, Oxford/AstraZeneca, Pfizer/BioNTech",6145312,6042641,12187953
2021-10-21,"Johnson&Johnson, Moderna, Oxford/AstraZeneca, Pfizer/BioNTech",6152853,6048101,12200954
2021-10-22,"Johnson&Johnson, Moderna, Oxford/AstraZeneca, Pfizer/BioNTech",6163121,6054517,12217638
2021-10-23,"Johnson&Johnson, Moderna, Pfizer/BioNTech",6166748,6056710,12223458
2021-10-24,"Johnson&Johnson, Moderna, Pfizer/BioNTech",6169421,6058479,12227900
2021-10-25,"Johnson&Johnson, Moderna, Oxford/AstraZeneca, Pfizer/BioNTech",6179637,6064150,12243787
2021-10-26,"Johnson&Johnson, Moderna, Oxford/AstraZeneca, Pfizer/BioNTech",6191228,6070574,12261802
2021-10-27,"Johnson&Johnson, Moderna, Oxford/AstraZeneca, Pfizer/BioNTech",6205394,6077724,12283118
2021-10-28,"Johnson&Johnson, Moderna, Pfizer/BioNTech",6208723,6079354,12288077
2021-10-29,"Johnson&Johnson, Moderna, Oxford/AstraZeneca, Pfizer/BioNTech",6222737,6087060,12309797
2021-10-30,"Johnson&Johnson, Moderna, Pfizer/BioNTech",6226985,6089732,12316717
2021-10-31,"Johnson&Johnson, Moderna, Oxford/AstraZeneca, Pfizer/BioNTech",6230509,6091991,12322500
2021-11-01,"Johnson&Johnson, Moderna, Oxford/AstraZeneca, Pfizer/BioNTech",6245235,6099433,12344668
2021-11-02,"Johnson&Johnson, Moderna, Oxford/AstraZeneca, Pfizer/BioNTech",6260146,6106598,12366744
2021-11-03,"Johnson&Johnson, Moderna, Oxford/AstraZeneca, Pfizer/BioNTech",6276560,6113315,12389875
2021-11-04,"Johnson&Johnson, Moderna, Oxford/AstraZeneca, Pfizer/BioNTech",6294206,6121086,12415292
2021-11-05,"Johnson&Johnson, Moderna, Oxford/AstraZeneca, Pfizer/BioNTech",6315368,6131208,12446576
2021-11-06,"Johnson&Johnson, Moderna, Oxford/AstraZeneca, Pfizer/BioNTech",6320872,6133452,12454324
