date,vaccine,people_vaccinated,people_fully_vaccinated,total_vaccinations
2020-12-27,Pfizer/BioNTech,1283,0,1283
2020-12-28,Pfizer/BioNTech,3589,0,3589
2020-12-29,Pfizer/BioNTech,7057,1,7058
2020-12-30,Pfizer/BioNTech,10577,1,10578
2020-12-31,Pfizer/BioNTech,11889,1,11890
2021-01-01,"Moderna, Pfizer/BioNTech",12158,1,12159
2021-01-02,Pfizer/BioNTech,13438,1,13439
2021-01-03,"Moderna, Pfizer/BioNTech",14362,1,14363
2021-01-04,"Moderna, Pfizer/BioNTech",17975,1,17976
2021-01-05,"Moderna, Pfizer/BioNTech",22499,2,22501
2021-01-06,"Moderna, Pfizer/BioNTech",28347,3,28350
2021-01-07,"Moderna, Pfizer/BioNTech",36347,3,36350
2021-01-08,"Moderna, Pfizer/BioNTech",46398,4,46402
2021-01-09,"Moderna, Pfizer/BioNTech",48425,5,48430
2021-01-10,Pfizer/BioNTech,50193,6,50199
2021-01-11,Pfizer/BioNTech,60047,8,60055
2021-01-12,"Moderna, Pfizer/BioNTech",73502,10,73512
2021-01-13,Pfizer/BioNTech,87044,10,87054
2021-01-14,"Moderna, Pfizer/BioNTech",102291,14,102305
2021-01-15,"Moderna, Pfizer/BioNTech",116309,15,116324
2021-01-16,"Moderna, Pfizer/BioNTech",119712,19,119731
2021-01-17,"Moderna, Pfizer/BioNTech",122329,655,122984
2021-01-18,"Moderna, Pfizer/BioNTech",134819,2481,137300
2021-01-19,"Moderna, Pfizer/BioNTech",147424,5207,152631
2021-01-20,"Moderna, Pfizer/BioNTech",161114,7870,168984
2021-01-21,"Moderna, Pfizer/BioNTech",176766,9616,186382
2021-01-22,"Moderna, Pfizer/BioNTech",191650,10662,202312
2021-01-23,"Moderna, Pfizer/BioNTech",194971,11542,206513
2021-01-24,"Moderna, Pfizer/BioNTech",197226,12411,209637
2021-01-25,"Moderna, Pfizer/BioNTech",206872,15385,222257
2021-01-26,"Moderna, Pfizer/BioNTech",217413,19380,236793
2021-01-27,"Moderna, Pfizer/BioNTech",226441,23918,250359
2021-01-28,"Moderna, Pfizer/BioNTech",233542,30054,263596
2021-01-29,"Moderna, Pfizer/BioNTech",239758,37965,277723
2021-01-30,"Moderna, Pfizer/BioNTech",240497,39053,279550
2021-01-31,"Moderna, Pfizer/BioNTech",241212,40235,281447
2021-02-01,"Moderna, Pfizer/BioNTech",245192,48197,293389
2021-02-02,"Moderna, Pfizer/BioNTech",249339,58433,307772
2021-02-03,"Moderna, Pfizer/BioNTech",253762,69451,323213
2021-02-04,"Moderna, Pfizer/BioNTech",258661,82442,341103
2021-02-05,"Moderna, Pfizer/BioNTech",264129,93116,357245
2021-02-06,"Moderna, Oxford/AstraZeneca, Pfizer/BioNTech",264981,95484,360465
2021-02-07,"Moderna, Pfizer/BioNTech",265831,97985,363816
2021-02-08,"Moderna, Oxford/AstraZeneca, Pfizer/BioNTech",269917,109416,379333
2021-02-09,"Moderna, Oxford/AstraZeneca, Pfizer/BioNTech",275016,121328,396344
2021-02-10,"Moderna, Oxford/AstraZeneca, Pfizer/BioNTech",280526,134588,415114
2021-02-11,"Moderna, Oxford/AstraZeneca, Pfizer/BioNTech",286863,150802,437665
2021-02-12,"Moderna, Oxford/AstraZeneca, Pfizer/BioNTech",293687,165542,459229
2021-02-13,"Moderna, Oxford/AstraZeneca, Pfizer/BioNTech",295298,168531,463829
2021-02-14,"Moderna, Oxford/AstraZeneca, Pfizer/BioNTech",296300,169915,466215
2021-02-15,"Moderna, Oxford/AstraZeneca, Pfizer/BioNTech",302698,179281,481979
2021-02-16,"Moderna, Oxford/AstraZeneca, Pfizer/BioNTech",311416,188364,499780
2021-02-17,"Moderna, Oxford/AstraZeneca, Pfizer/BioNTech",321114,196670,517784
2021-02-18,"Moderna, Oxford/AstraZeneca, Pfizer/BioNTech",333433,204753,538186
2021-02-19,"Moderna, Oxford/AstraZeneca, Pfizer/BioNTech",345292,212126,557418
2021-02-20,"Moderna, Oxford/AstraZeneca, Pfizer/BioNTech",347293,213311,560604
2021-02-21,"Moderna, Oxford/AstraZeneca, Pfizer/BioNTech",348427,214335,562762
2021-02-22,"Moderna, Oxford/AstraZeneca, Pfizer/BioNTech",358551,220367,578918
2021-02-23,"Moderna, Oxford/AstraZeneca, Pfizer/BioNTech",371507,227350,598857
2021-02-24,"Moderna, Oxford/AstraZeneca, Pfizer/BioNTech",385383,233386,618769
2021-02-25,"Moderna, Oxford/AstraZeneca, Pfizer/BioNTech",403354,238937,642291
2021-02-26,"Moderna, Oxford/AstraZeneca, Pfizer/BioNTech",419524,244289,663813
2021-02-27,"Moderna, Oxford/AstraZeneca, Pfizer/BioNTech",422533,244846,667379
2021-02-28,"Moderna, Oxford/AstraZeneca, Pfizer/BioNTech",424883,245397,670280
2021-03-01,"Moderna, Oxford/AstraZeneca, Pfizer/BioNTech",444474,248846,693320
2021-03-02,"Moderna, Oxford/AstraZeneca, Pfizer/BioNTech",471700,252395,724095
2021-03-03,"Moderna, Oxford/AstraZeneca, Pfizer/BioNTech",502647,256900,759547
2021-03-04,"Moderna, Oxford/AstraZeneca, Pfizer/BioNTech",535933,261585,797518
2021-03-05,"Johnson&Johnson, Moderna, Oxford/AstraZeneca, Pfizer/BioNTech",564774,267007,831781
2021-03-06,"Johnson&Johnson, Moderna, Oxford/AstraZeneca, Pfizer/BioNTech",576922,267868,844790
2021-03-07,"Johnson&Johnson, Moderna, Oxford/AstraZeneca, Pfizer/BioNTech",588464,268709,857173
2021-03-08,"Johnson&Johnson, Moderna, Oxford/AstraZeneca, Pfizer/BioNTech",618211,273563,891774
2021-03-09,"Johnson&Johnson, Moderna, Oxford/AstraZeneca, Pfizer/BioNTech",654568,279945,934513
2021-03-10,"Johnson&Johnson, Moderna, Oxford/AstraZeneca, Pfizer/BioNTech",695882,286901,982783
2021-03-11,"Johnson&Johnson, Moderna, Oxford/AstraZeneca, Pfizer/BioNTech",740713,295273,1035986
2021-03-12,"Johnson&Johnson, Moderna, Oxford/AstraZeneca, Pfizer/BioNTech",779484,303766,1083250
2021-03-13,"Johnson&Johnson, Moderna, Oxford/AstraZeneca, Pfizer/BioNTech",796572,305075,1101647
2021-03-14,"Johnson&Johnson, Moderna, Oxford/AstraZeneca, Pfizer/BioNTech",808690,306229,1114919
2021-03-15,"Johnson&Johnson, Moderna, Oxford/AstraZeneca, Pfizer/BioNTech",837074,315005,1152079
2021-03-16,"Johnson&Johnson, Moderna, Oxford/AstraZeneca, Pfizer/BioNTech",875965,325542,1201507
2021-03-17,"Moderna, Oxford/AstraZeneca, Pfizer/BioNTech",913437,336049,1249486
2021-03-18,"Johnson&Johnson, Moderna, Oxford/AstraZeneca, Pfizer/BioNTech",951422,348461,1299883
2021-03-19,"Moderna, Oxford/AstraZeneca, Pfizer/BioNTech",985914,362072,1347986
2021-03-20,"Johnson&Johnson, Moderna, Oxford/AstraZeneca, Pfizer/BioNTech",1001068,364102,1365170
2021-03-21,"Johnson&Johnson, Moderna, Oxford/AstraZeneca, Pfizer/BioNTech",1008493,365660,1374153
2021-03-22,"Johnson&Johnson, Moderna, Oxford/AstraZeneca, Pfizer/BioNTech",1033069,378163,1411232
2021-03-23,"Johnson&Johnson, Moderna, Oxford/AstraZeneca, Pfizer/BioNTech",1059731,391518,1451249
2021-03-24,"Johnson&Johnson, Moderna, Oxford/AstraZeneca, Pfizer/BioNTech",1086602,407260,1493862
2021-03-25,"Moderna, Oxford/AstraZeneca, Pfizer/BioNTech",1112946,425112,1538058
2021-03-26,"Johnson&Johnson, Moderna, Oxford/AstraZeneca, Pfizer/BioNTech",1137765,442615,1580380
2021-03-27,"Johnson&Johnson, Moderna, Oxford/AstraZeneca, Pfizer/BioNTech",1146207,447460,1593667
2021-03-28,"Moderna, Oxford/AstraZeneca, Pfizer/BioNTech",1151749,451605,1603354
2021-03-29,"Johnson&Johnson, Moderna, Oxford/AstraZeneca, Pfizer/BioNTech",1170882,472340,1643222
2021-03-30,"Johnson&Johnson, Moderna, Oxford/AstraZeneca, Pfizer/BioNTech",1195571,494521,1690092
2021-03-31,"Johnson&Johnson, Moderna, Oxford/AstraZeneca, Pfizer/BioNTech",1218696,521585,1740281
2021-04-01,"Johnson&Johnson, Moderna, Oxford/AstraZeneca, Pfizer/BioNTech",1244345,553638,1797983
2021-04-02,"Johnson&Johnson, Moderna, Oxford/AstraZeneca, Pfizer/BioNTech",1251274,566428,1817702
2021-04-03,"Johnson&Johnson, Moderna, Oxford/AstraZeneca, Pfizer/BioNTech",1254900,577355,1832255
2021-04-04,"Johnson&Johnson, Moderna, Oxford/AstraZeneca, Pfizer/BioNTech",1257417,586276,1843693
2021-04-05,"Johnson&Johnson, Moderna, Oxford/AstraZeneca, Pfizer/BioNTech",1259828,593466,1853294
2021-04-06,"Johnson&Johnson, Moderna, Oxford/AstraZeneca, Pfizer/BioNTech",1275995,622724,1898719
2021-04-07,"Johnson&Johnson, Moderna, Oxford/AstraZeneca, Pfizer/BioNTech",1299435,644955,1944390
2021-04-08,"Johnson&Johnson, Moderna, Oxford/AstraZeneca, Pfizer/BioNTech",1338191,675978,2014169
2021-04-09,"Johnson&Johnson, Moderna, Oxford/AstraZeneca, Pfizer/BioNTech",1377757,706165,2083922
2021-04-10,"Johnson&Johnson, Moderna, Oxford/AstraZeneca, Pfizer/BioNTech",1393281,721459,2114740
2021-04-11,"Johnson&Johnson, Moderna, Oxford/AstraZeneca, Pfizer/BioNTech",1403068,731504,2134572
2021-04-12,"Johnson&Johnson, Moderna, Oxford/AstraZeneca, Pfizer/BioNTech",1441359,756647,2198006
2021-04-13,"Moderna, Oxford/AstraZeneca, Pfizer/BioNTech",1477629,782683,2260312
2021-04-14,"Moderna, Oxford/AstraZeneca, Pfizer/BioNTech",1516468,810046,2326514
2021-04-15,"Moderna, Oxford/AstraZeneca, Pfizer/BioNTech",1564281,835807,2400088
2021-04-16,"Moderna, Oxford/AstraZeneca, Pfizer/BioNTech",1608958,861466,2470424
2021-04-17,"Moderna, Oxford/AstraZeneca, Pfizer/BioNTech",1625654,870492,2496146
2021-04-18,"Moderna, Oxford/AstraZeneca, Pfizer/BioNTech",1638643,875473,2514116
2021-04-19,"Moderna, Oxford/AstraZeneca, Pfizer/BioNTech",1682604,890908,2573512
2021-04-20,"Johnson&Johnson, Moderna, Oxford/AstraZeneca, Pfizer/BioNTech",1725182,906772,2631954
2021-04-21,"Moderna, Oxford/AstraZeneca, Pfizer/BioNTech",1772922,921123,2694045
2021-04-22,"Johnson&Johnson, Moderna, Oxford/AstraZeneca, Pfizer/BioNTech",1827427,938511,2765938
2021-04-23,"Johnson&Johnson, Moderna, Oxford/AstraZeneca, Pfizer/BioNTech",1877418,950562,2827980
2021-04-24,"Johnson&Johnson, Moderna, Oxford/AstraZeneca, Pfizer/BioNTech",1895273,955813,2851086
2021-04-25,"Johnson&Johnson, Moderna, Oxford/AstraZeneca, Pfizer/BioNTech",1909971,959810,2869781
2021-04-26,"Johnson&Johnson, Moderna, Oxford/AstraZeneca, Pfizer/BioNTech",1959559,967362,2926921
2021-04-27,"Johnson&Johnson, Moderna, Oxford/AstraZeneca, Pfizer/BioNTech",2008541,979595,2988136
2021-04-28,"Johnson&Johnson, Moderna, Oxford/AstraZeneca, Pfizer/BioNTech",2067313,993602,3060915
2021-04-29,"Johnson&Johnson, Moderna, Oxford/AstraZeneca, Pfizer/BioNTech",2132889,1009503,3142392
2021-04-30,"Johnson&Johnson, Moderna, Oxford/AstraZeneca, Pfizer/BioNTech",2195141,1019481,3214622
2021-05-01,"Johnson&Johnson, Moderna, Oxford/AstraZeneca, Pfizer/BioNTech",2214492,1022934,3237426
2021-05-02,"Johnson&Johnson, Moderna, Oxford/AstraZeneca, Pfizer/BioNTech",2233423,1025206,3258629
2021-05-03,"Johnson&Johnson, Moderna, Oxford/AstraZeneca, Pfizer/BioNTech",2300676,1030269,3330945
2021-05-04,"Johnson&Johnson, Moderna, Oxford/AstraZeneca, Pfizer/BioNTech",2367192,1038611,3405803
2021-05-05,"Johnson&Johnson, Moderna, Oxford/AstraZeneca, Pfizer/BioNTech",2440369,1048022,3488391
2021-05-06,"Johnson&Johnson, Moderna, Oxford/AstraZeneca, Pfizer/BioNTech",2520783,1058754,3579537
2021-05-07,"Johnson&Johnson, Moderna, Oxford/AstraZeneca, Pfizer/BioNTech",2598064,1068836,3666900
2021-05-08,"Johnson&Johnson, Moderna, Oxford/AstraZeneca, Pfizer/BioNTech",2627534,1070610,3698144
2021-05-09,"Johnson&Johnson, Moderna, Oxford/AstraZeneca, Pfizer/BioNTech",2651749,1071823,3723572
2021-05-10,"Johnson&Johnson, Moderna, Oxford/AstraZeneca, Pfizer/BioNTech",2724533,1079050,3803583
2021-05-11,"Johnson&Johnson, Moderna, Oxford/AstraZeneca, Pfizer/BioNTech",2800644,1087868,3888512
2021-05-12,"Johnson&Johnson, Moderna, Oxford/AstraZeneca, Pfizer/BioNTech",2880524,1096982,3977506
2021-05-13,"Johnson&Johnson, Moderna, Oxford/AstraZeneca, Pfizer/BioNTech",2964546,1106145,4070691
2021-05-14,"Johnson&Johnson, Moderna, Oxford/AstraZeneca, Pfizer/BioNTech",3044022,1113942,4157964
2021-05-15,"Johnson&Johnson, Moderna, Oxford/AstraZeneca, Pfizer/BioNTech",3075939,1116196,4192135
2021-05-16,"Johnson&Johnson, Moderna, Oxford/AstraZeneca, Pfizer/BioNTech",3101723,1117467,4219190
2021-05-17,"Johnson&Johnson, Moderna, Oxford/AstraZeneca, Pfizer/BioNTech",3174250,1124200,4298450
2021-05-18,"Johnson&Johnson, Moderna, Oxford/AstraZeneca, Pfizer/BioNTech",3246202,1137281,4383483
2021-05-19,"Johnson&Johnson, Moderna, Oxford/AstraZeneca, Pfizer/BioNTech",3323669,1152419,4476088
2021-05-20,"Johnson&Johnson, Moderna, Oxford/AstraZeneca, Pfizer/BioNTech",3399135,1179456,4578591
2021-05-21,"Johnson&Johnson, Moderna, Oxford/AstraZeneca, Pfizer/BioNTech",3467923,1207226,4675149
2021-05-22,"Johnson&Johnson, Moderna, Oxford/AstraZeneca, Pfizer/BioNTech",3500321,1218421,4718742
2021-05-23,"Johnson&Johnson, Moderna, Oxford/AstraZeneca, Pfizer/BioNTech",3522700,1227456,4750156
2021-05-24,"Johnson&Johnson, Moderna, Oxford/AstraZeneca, Pfizer/BioNTech",3569842,1261115,4830957
2021-05-25,"Johnson&Johnson, Moderna, Oxford/AstraZeneca, Pfizer/BioNTech",3621704,1296928,4918632
2021-05-26,"Johnson&Johnson, Moderna, Oxford/AstraZeneca, Pfizer/BioNTech",3689464,1334459,5023923
2021-05-27,"Johnson&Johnson, Moderna, Oxford/AstraZeneca, Pfizer/BioNTech",3750855,1381795,5132650
2021-05-28,"Johnson&Johnson, Moderna, Oxford/AstraZeneca, Pfizer/BioNTech",3812556,1428376,5240932
2021-05-29,"Johnson&Johnson, Moderna, Oxford/AstraZeneca, Pfizer/BioNTech",3841748,1445480,5287228
2021-05-30,"Johnson&Johnson, Moderna, Oxford/AstraZeneca, Pfizer/BioNTech",3864120,1459923,5324043
2021-05-31,"Johnson&Johnson, Moderna, Oxford/AstraZeneca, Pfizer/BioNTech",3919855,1507440,5427295
2021-06-01,"Johnson&Johnson, Moderna, Oxford/AstraZeneca, Pfizer/BioNTech",3978887,1556283,5535170
2021-06-02,"Johnson&Johnson, Moderna, Oxford/AstraZeneca, Pfizer/BioNTech",4041795,1610273,5652068
2021-06-03,"Johnson&Johnson, Moderna, Oxford/AstraZeneca, Pfizer/BioNTech",4100018,1670482,5770500
2021-06-04,"Johnson&Johnson, Moderna, Oxford/AstraZeneca, Pfizer/BioNTech",4163110,1727897,5891007
2021-06-05,"Johnson&Johnson, Moderna, Oxford/AstraZeneca, Pfizer/BioNTech",4197255,1746752,5944007
2021-06-06,"Johnson&Johnson, Moderna, Oxford/AstraZeneca, Pfizer/BioNTech",4224170,1761901,5986071
2021-06-07,"Johnson&Johnson, Moderna, Oxford/AstraZeneca, Pfizer/BioNTech",4287845,1817524,6105369
2021-06-08,"Johnson&Johnson, Moderna, Oxford/AstraZeneca, Pfizer/BioNTech",4351813,1872512,6224325
2021-06-09,"Johnson&Johnson, Moderna, Oxford/AstraZeneca, Pfizer/BioNTech",4410987,1937123,6348110
2021-06-10,"Johnson&Johnson, Moderna, Oxford/AstraZeneca, Pfizer/BioNTech",4464825,2008359,6473184
2021-06-11,"Johnson&Johnson, Moderna, Oxford/AstraZeneca, Pfizer/BioNTech",4516915,2078116,6595031
2021-06-12,"Johnson&Johnson, Moderna, Oxford/AstraZeneca, Pfizer/BioNTech",4548924,2098913,6647837
2021-06-13,"Johnson&Johnson, Moderna, Oxford/AstraZeneca, Pfizer/BioNTech",4572940,2117312,6690252
2021-06-14,"Johnson&Johnson, Moderna, Oxford/AstraZeneca, Pfizer/BioNTech",4616009,2191698,6807707
2021-06-15,"Johnson&Johnson, Moderna, Oxford/AstraZeneca, Pfizer/BioNTech",4660657,2264048,6924705
2021-06-16,"Johnson&Johnson, Moderna, Oxford/AstraZeneca, Pfizer/BioNTech",4703405,2342270,7045675
2021-06-17,"Johnson&Johnson, Moderna, Oxford/AstraZeneca, Pfizer/BioNTech",4742782,2425343,7168125
2021-06-18,"Johnson&Johnson, Moderna, Oxford/AstraZeneca, Pfizer/BioNTech",4785178,2505872,7291050
2021-06-19,"Johnson&Johnson, Moderna, Oxford/AstraZeneca, Pfizer/BioNTech",4806934,2535153,7342087
2021-06-20,"Johnson&Johnson, Moderna, Oxford/AstraZeneca, Pfizer/BioNTech",4824299,2558981,7383280
2021-06-21,"Johnson&Johnson, Moderna, Oxford/AstraZeneca, Pfizer/BioNTech",4856794,2637561,7494355
2021-06-22,"Johnson&Johnson, Moderna, Oxford/AstraZeneca, Pfizer/BioNTech",4889742,2719804,7609546
2021-06-23,"Johnson&Johnson, Moderna, Oxford/AstraZeneca, Pfizer/BioNTech",4921391,2804998,7726389
2021-06-24,"Johnson&Johnson, Moderna, Oxford/AstraZeneca, Pfizer/BioNTech",4951221,2895000,7846221
2021-06-25,"Johnson&Johnson, Moderna, Oxford/AstraZeneca, Pfizer/BioNTech",4982274,2981132,7963406
2021-06-26,"Johnson&Johnson, Moderna, Oxford/AstraZeneca, Pfizer/BioNTech",4998139,3015947,8014086
2021-06-27,"Johnson&Johnson, Moderna, Oxford/AstraZeneca, Pfizer/BioNTech",5012081,3042598,8054679
2021-06-28,"Johnson&Johnson, Moderna, Oxford/AstraZeneca, Pfizer/BioNTech",5040487,3127760,8168247
2021-06-29,"Johnson&Johnson, Moderna, Oxford/AstraZeneca, Pfizer/BioNTech",5069752,3214221,8283973
2021-06-30,"Johnson&Johnson, Moderna, Oxford/AstraZeneca, Pfizer/BioNTech",5097232,3305193,8402425
2021-07-01,"Johnson&Johnson, Moderna, Oxford/AstraZeneca, Pfizer/BioNTech",5121193,3395223,8516416
2021-07-02,"Johnson&Johnson, Moderna, Oxford/AstraZeneca, Pfizer/BioNTech",5147894,3481055,8628949
2021-07-03,"Johnson&Johnson, Moderna, Oxford/AstraZeneca, Pfizer/BioNTech",5154970,3512558,8667528
2021-07-04,"Johnson&Johnson, Moderna, Oxford/AstraZeneca, Pfizer/BioNTech",5162525,3534348,8696873
2021-07-05,"Johnson&Johnson, Moderna, Oxford/AstraZeneca, Pfizer/BioNTech",5169898,3559712,8729610
2021-07-06,"Johnson&Johnson, Moderna, Oxford/AstraZeneca, Pfizer/BioNTech",5175314,3587351,8762665
2021-07-07,"Johnson&Johnson, Moderna, Oxford/AstraZeneca, Pfizer/BioNTech",5201095,3666303,8867398
2021-07-08,"Johnson&Johnson, Moderna, Oxford/AstraZeneca, Pfizer/BioNTech",5227690,3736600,8964290
2021-07-09,"Johnson&Johnson, Moderna, Oxford/AstraZeneca, Pfizer/BioNTech",5255604,3805859,9061463
2021-07-10,"Johnson&Johnson, Moderna, Oxford/AstraZeneca, Pfizer/BioNTech",5264953,3834485,9099438
2021-07-11,"Johnson&Johnson, Moderna, Oxford/AstraZeneca, Pfizer/BioNTech",5273476,3857346,9130822
2021-07-12,"Johnson&Johnson, Moderna, Oxford/AstraZeneca, Pfizer/BioNTech",5300986,3926408,9227394
2021-07-13,"Johnson&Johnson, Moderna, Oxford/AstraZeneca, Pfizer/BioNTech",5327164,3996242,9323406
2021-07-14,"Johnson&Johnson, Moderna, Oxford/AstraZeneca, Pfizer/BioNTech",5352960,4068188,9421148
2021-07-15,"Johnson&Johnson, Moderna, Oxford/AstraZeneca, Pfizer/BioNTech",5382118,4134149,9516267
2021-07-16,"Johnson&Johnson, Moderna, Oxford/AstraZeneca, Pfizer/BioNTech",5410032,4206829,9616861
2021-07-17,"Johnson&Johnson, Moderna, Oxford/AstraZeneca, Pfizer/BioNTech",5418799,4238248,9657047
2021-07-18,"Johnson&Johnson, Moderna, Oxford/AstraZeneca, Pfizer/BioNTech",5427238,4264223,9691461
2021-07-19,"Johnson&Johnson, Moderna, Oxford/AstraZeneca, Pfizer/BioNTech",5450581,4331222,9781803
2021-07-20,"Johnson&Johnson, Moderna, Oxford/AstraZeneca, Pfizer/BioNTech",5471957,4398233,9870190
2021-07-21,"Johnson&Johnson, Moderna, Oxford/AstraZeneca, Pfizer/BioNTech",5495400,4461660,9957060
2021-07-22,"Johnson&Johnson, Moderna, Oxford/AstraZeneca, Pfizer/BioNTech",5517755,4520236,10037991
2021-07-23,"Johnson&Johnson, Moderna, Oxford/AstraZeneca, Pfizer/BioNTech",5540943,4574939,10115882
2021-07-24,"Johnson&Johnson, Moderna, Oxford/AstraZeneca, Pfizer/BioNTech",5548253,4602579,10150832
2021-07-25,"Johnson&Johnson, Moderna, Oxford/AstraZeneca, Pfizer/BioNTech",5554863,4624682,10179545
2021-07-26,"Johnson&Johnson, Moderna, Oxford/AstraZeneca, Pfizer/BioNTech",5578396,4673321,10251717
2021-07-27,"Johnson&Johnson, Moderna, Oxford/AstraZeneca, Pfizer/BioNTech",5601116,4719910,10321026
2021-07-28,"Johnson&Johnson, Moderna, Oxford/AstraZeneca, Pfizer/BioNTech",5622359,4765843,10388202
2021-07-29,"Johnson&Johnson, Moderna, Oxford/AstraZeneca, Pfizer/BioNTech",5643671,4807746,10451417
2021-07-30,"Johnson&Johnson, Moderna, Oxford/AstraZeneca, Pfizer/BioNTech",5666941,4850242,10517183
2021-07-31,"Johnson&Johnson, Moderna, Oxford/AstraZeneca, Pfizer/BioNTech",5675861,4869748,10545609
2021-08-01,"Johnson&Johnson, Moderna, Oxford/AstraZeneca, Pfizer/BioNTech",5682575,4885899,10568474
2021-08-02,"Johnson&Johnson, Moderna, Oxford/AstraZeneca, Pfizer/BioNTech",5701196,4923406,10624602
2021-08-03,"Johnson&Johnson, Moderna, Oxford/AstraZeneca, Pfizer/BioNTech",5718820,4961462,10680282
2021-08-04,"Johnson&Johnson, Moderna, Oxford/AstraZeneca, Pfizer/BioNTech",5734912,4998152,10733064
2021-08-05,"Johnson&Johnson, Moderna, Oxford/AstraZeneca, Pfizer/BioNTech",5750941,5038577,10789518
2021-08-06,"Johnson&Johnson, Moderna, Oxford/AstraZeneca, Pfizer/BioNTech",5767716,5081811,10849527
2021-08-07,"Johnson&Johnson, Moderna, Oxford/AstraZeneca, Pfizer/BioNTech",5773307,5099954,10873261
2021-08-08,"Johnson&Johnson, Moderna, Oxford/AstraZeneca, Pfizer/BioNTech",5777663,5115688,10893351
2021-08-09,"Johnson&Johnson, Moderna, Oxford/AstraZeneca, Pfizer/BioNTech",5790297,5160701,10950998
2021-08-10,"Johnson&Johnson, Moderna, Oxford/AstraZeneca, Pfizer/BioNTech",5802129,5200224,11002353
2021-08-11,"Johnson&Johnson, Moderna, Oxford/AstraZeneca, Pfizer/BioNTech",5813485,5243314,11056799
2021-08-12,"Johnson&Johnson, Moderna, Oxford/AstraZeneca, Pfizer/BioNTech",5824901,5280395,11105296
2021-08-13,"Johnson&Johnson, Moderna, Oxford/AstraZeneca, Pfizer/BioNTech",5835623,5320693,11156316
2021-08-14,"Johnson&Johnson, Moderna, Oxford/AstraZeneca, Pfizer/BioNTech",5838956,5331376,11170332
2021-08-15,"Johnson&Johnson, Moderna, Oxford/AstraZeneca, Pfizer/BioNTech",5841537,5341733,11183270
2021-08-16,"Johnson&Johnson, Moderna, Oxford/AstraZeneca, Pfizer/BioNTech",5851323,5375777,11227100
2021-08-17,"Johnson&Johnson, Moderna, Oxford/AstraZeneca, Pfizer/BioNTech",5860915,5402849,11263764
2021-08-18,"Johnson&Johnson, Moderna, Oxford/AstraZeneca, Pfizer/BioNTech",5870283,5441694,11311977
2021-08-19,"Johnson&Johnson, Moderna, Oxford/AstraZeneca, Pfizer/BioNTech",5879945,5480014,11359959
2021-08-20,"Johnson&Johnson, Moderna, Oxford/AstraZeneca, Pfizer/BioNTech",5891327,5520178,11411505
2021-08-21,"Johnson&Johnson, Moderna, Oxford/AstraZeneca, Pfizer/BioNTech",5894043,5532920,11426963
2021-08-22,"Johnson&Johnson, Moderna, Oxford/AstraZeneca, Pfizer/BioNTech",5896382,5544874,11441256
2021-08-23,"Johnson&Johnson, Moderna, Oxford/AstraZeneca, Pfizer/BioNTech",5906911,5584112,11491023
2021-08-24,"Johnson&Johnson, Moderna, Oxford/AstraZeneca, Pfizer/BioNTech",5916776,5617333,11534109
2021-08-25,"Johnson&Johnson, Moderna, Oxford/AstraZeneca, Pfizer/BioNTech",5925638,5645683,11571321
2021-08-26,"Johnson&Johnson, Moderna, Oxford/AstraZeneca, Pfizer/BioNTech",5934082,5671793,11605875
2021-08-27,"Johnson&Johnson, Moderna, Oxford/AstraZeneca, Pfizer/BioNTech",5944399,5697726,11642125
2021-08-28,"Johnson&Johnson, Moderna, Oxford/AstraZeneca, Pfizer/BioNTech",5947121,5704756,11651877
2021-08-29,"Johnson&Johnson, Moderna, Oxford/AstraZeneca, Pfizer/BioNTech",5949528,5711372,11660900
2021-08-30,"Johnson&Johnson, Moderna, Oxford/AstraZeneca, Pfizer/BioNTech",5958052,5733225,11691277
2021-08-31,"Johnson&Johnson, Moderna, Oxford/AstraZeneca, Pfizer/BioNTech",5965722,5751285,11717007
2021-09-01,"Johnson&Johnson, Moderna, Oxford/AstraZeneca, Pfizer/BioNTech",5971605,5765265,11736870
2021-09-02,"Johnson&Johnson, Moderna, Oxford/AstraZeneca, Pfizer/BioNTech",5978437,5779641,11758078
2021-09-03,"Johnson&Johnson, Moderna, Oxford/AstraZeneca, Pfizer/BioNTech",5987990,5795332,11783322
2021-09-04,"Johnson&Johnson, Moderna, Oxford/AstraZeneca, Pfizer/BioNTech",5990059,5798881,11788940
2021-09-05,"Johnson&Johnson, Moderna, Oxford/AstraZeneca, Pfizer/BioNTech",5992097,5801721,11793818
2021-09-06,"Johnson&Johnson, Moderna, Oxford/AstraZeneca, Pfizer/BioNTech",5998331,5814234,11812565
2021-09-07,"Johnson&Johnson, Moderna, Oxford/AstraZeneca, Pfizer/BioNTech",6002721,5825323,11828044
2021-09-08,"Johnson&Johnson, Moderna, Oxford/AstraZeneca, Pfizer/BioNTech",6008385,5835158,11843543
2021-09-09,"Johnson&Johnson, Moderna, Oxford/AstraZeneca, Pfizer/BioNTech",6015065,5845210,11860275
2021-09-10,"Johnson&Johnson, Moderna, Oxford/AstraZeneca, Pfizer/BioNTech",6022749,5857378,11880127
2021-09-11,"Johnson&Johnson, Moderna, Oxford/AstraZeneca, Pfizer/BioNTech",6024611,5859852,11884463
2021-09-12,"Johnson&Johnson, Moderna, Oxford/AstraZeneca, Pfizer/BioNTech",6025725,5861476,11887201
2021-09-13,"Johnson&Johnson, Moderna, Oxford/AstraZeneca, Pfizer/BioNTech",6031152,5871761,11902913
2021-09-14,"Johnson&Johnson, Moderna, Oxford/AstraZeneca, Pfizer/BioNTech",6036536,5880767,11917303
2021-09-15,"Johnson&Johnson, Moderna, Oxford/AstraZeneca, Pfizer/BioNTech",6041727,5889282,11931009
2021-09-16,"Johnson&Johnson, Moderna, Oxford/AstraZeneca, Pfizer/BioNTech",6047067,5897545,11944612
2021-09-17,"Johnson&Johnson, Moderna, Oxford/AstraZeneca, Pfizer/BioNTech",6053636,5907766,11961402
2021-09-18,"Johnson&Johnson, Moderna, Oxford/AstraZeneca, Pfizer/BioNTech",6055358,5910118,11965476
2021-09-19,"Johnson&Johnson, Moderna, Oxford/AstraZeneca, Pfizer/BioNTech",6056299,5911683,11967982
2021-09-20,"Johnson&Johnson, Moderna, Oxford/AstraZeneca, Pfizer/BioNTech",6060310,5919872,11980182
2021-09-21,"Johnson&Johnson, Moderna, Oxford/AstraZeneca, Pfizer/BioNTech",6064534,5927399,11991933
2021-09-22,"Johnson&Johnson, Moderna, Oxford/AstraZeneca, Pfizer/BioNTech",6068710,5932909,12001619
2021-09-23,"Johnson&Johnson, Moderna, Oxford/AstraZeneca, Pfizer/BioNTech",6073686,5939308,12012994
2021-09-24,"Johnson&Johnson, Moderna, Oxford/AstraZeneca, Pfizer/BioNTech",6079444,5948920,12028364
2021-09-25,"Johnson&Johnson, Moderna, Oxford/AstraZeneca, Pfizer/BioNTech",6080937,5950914,12031851
2021-09-26,"Johnson&Johnson, Moderna, Pfizer/BioNTech",6081677,5952551,12034228
2021-09-27,"Johnson&Johnson, Moderna, Oxford/AstraZeneca, Pfizer/BioNTech",6085553,5959052,12044605
2021-09-28,"Johnson&Johnson, Moderna, Pfizer/BioNTech",6085911,5959666,12045577
2021-09-29,"Johnson&Johnson, Moderna, Oxford/AstraZeneca, Pfizer/BioNTech",6089683,5967117,12056800
2021-09-30,"Johnson&Johnson, Moderna, Oxford/AstraZeneca, Pfizer/BioNTech",6094181,5974807,12068988
2021-10-01,"Johnson&Johnson, Moderna, Oxford/AstraZeneca, Pfizer/BioNTech",6098473,5982768,12081241
2021-10-02,"Johnson&Johnson, Moderna, Oxford/AstraZeneca, Pfizer/BioNTech",6099533,5984304,12083837
2021-10-03,"Johnson&Johnson, Moderna, Pfizer/BioNTech",6100253,5985168,12085421
2021-10-04,"Johnson&Johnson, Moderna, Oxford/AstraZeneca, Pfizer/BioNTech",6103323,5990732,12094055
2021-10-05,"Johnson&Johnson, Moderna, Oxford/AstraZeneca, Pfizer/BioNTech",6106479,5995795,12102274
2021-10-06,"Johnson&Johnson, Moderna, Oxford/AstraZeneca, Pfizer/BioNTech",6109987,6000953,12110940
2021-10-07,"Johnson&Johnson, Moderna, Oxford/AstraZeneca, Pfizer/BioNTech",6113257,6006197,12119454
2021-10-08,"Johnson&Johnson, Moderna, Oxford/AstraZeneca, Pfizer/BioNTech",6118043,6012823,12130866
2021-10-09,"Johnson&Johnson, Moderna, Oxford/AstraZeneca, Pfizer/BioNTech",6119285,6014475,12133760
2021-10-10,"Johnson&Johnson, Moderna, Oxford/AstraZeneca, Pfizer/BioNTech",6120226,6015304,12135530
2021-10-11,"Johnson&Johnson, Moderna, Oxford/AstraZeneca, Pfizer/BioNTech",6123154,6019713,12142867
2021-10-12,"Johnson&Johnson, Moderna, Oxford/AstraZeneca, Pfizer/BioNTech",6126078,6023708,12149786
2021-10-13,"Johnson&Johnson, Moderna, Oxford/AstraZeneca, Pfizer/BioNTech",6129611,6027887,12157498
2021-10-14,"Johnson&Johnson, Moderna, Oxford/AstraZeneca, Pfizer/BioNTech",6133286,6032829,12166115
2021-10-15,"Johnson&Johnson, Moderna, Oxford/AstraZeneca, Pfizer/BioNTech",6138514,6038962,12177476
2021-10-16,"Johnson&Johnson, Moderna, Oxford/AstraZeneca, Pfizer/BioNTech",6139923,6040480,12180403
2021-10-17,"Johnson&Johnson, Moderna, Pfizer/BioNTech",6141243,6041533,12182776
2021-10-18,"Johnson&Johnson, Moderna, Oxford/AstraZeneca, Pfizer/BioNTech",6145356,6045626,12190982
2021-10-19,"Johnson&Johnson, Moderna, Oxford/AstraZeneca, Pfizer/BioNTech",6148933,6047714,12196647
2021-10-20,"Johnson&Johnson, Moderna, Oxford/AstraZeneca, Pfizer/BioNTech",6153803,6052162,12205965
2021-10-21,"Johnson&Johnson, Moderna, Oxford/AstraZeneca, Pfizer/BioNTech",6161567,6057756,12219323
2021-10-22,"Johnson&Johnson, Moderna, Oxford/AstraZeneca, Pfizer/BioNTech",6172008,6064253,12236261
2021-10-23,"Johnson&Johnson, Moderna, Pfizer/BioNTech",6175683,6066459,12242142
2021-10-24,"Johnson&Johnson, Moderna, Pfizer/BioNTech",6178368,6068236,12246604
2021-10-25,"Johnson&Johnson, Moderna, Oxford/AstraZeneca, Pfizer/BioNTech",6188851,6074030,12262881
2021-10-26,"Johnson&Johnson, Moderna, Oxford/AstraZeneca, Pfizer/BioNTech",6200835,6080570,12281405
2021-10-27,"Johnson&Johnson, Moderna, Oxford/AstraZeneca, Pfizer/BioNTech",6215437,6087967,12303404
2021-10-28,"Johnson&Johnson, Moderna, Oxford/AstraZeneca, Pfizer/BioNTech",6218851,6089640,12308491
2021-10-29,"Johnson&Johnson, Moderna, Oxford/AstraZeneca, Pfizer/BioNTech",6233266,6097600,12330866
2021-10-30,"Johnson&Johnson, Moderna, Pfizer/BioNTech",6237797,6100515,12338312
2021-10-31,"Johnson&Johnson, Moderna, Oxford/AstraZeneca, Pfizer/BioNTech",6241561,6102987,12344548
2021-11-01,"Johnson&Johnson, Moderna, Oxford/AstraZeneca, Pfizer/BioNTech",6256753,6110664,12367417
2021-11-02,"Johnson&Johnson, Moderna, Oxford/AstraZeneca, Pfizer/BioNTech",6272198,6118212,12390410
2021-11-03,"Johnson&Johnson, Moderna, Oxford/AstraZeneca, Pfizer/BioNTech",6289375,6125501,12414876
2021-11-04,"Johnson&Johnson, Moderna, Oxford/AstraZeneca, Pfizer/BioNTech",6307723,6133667,12441390
2021-11-05,"Johnson&Johnson, Moderna, Oxford/AstraZeneca, Pfizer/BioNTech",6330529,6144930,12475459
2021-11-06,"Johnson&Johnson, Moderna, Oxford/AstraZeneca, Pfizer/BioNTech",6337036,6147981,12485017
2021-11-07,"Johnson&Johnson, Moderna, Oxford/AstraZeneca, Pfizer/BioNTech",6341051,6150411,12491462
2021-11-08,"Johnson&Johnson, Moderna, Oxford/AstraZeneca, Pfizer/BioNTech",6357357,6158038,12515395
2021-11-09,"Johnson&Johnson, Moderna, Oxford/AstraZeneca, Pfizer/BioNTech",6372163,6165329,12537492
2021-11-10,"Johnson&Johnson, Moderna, Oxford/AstraZeneca, Pfizer/BioNTech",6387893,6172700,12560593
2021-11-11,"Johnson&Johnson, Moderna, Oxford/AstraZeneca, Pfizer/BioNTech",6403359,6181801,12585160
2021-11-12,"Johnson&Johnson, Moderna, Oxford/AstraZeneca, Pfizer/BioNTech",6423155,6194577,12617732
2021-11-13,"Johnson&Johnson, Moderna, Oxford/AstraZeneca, Pfizer/BioNTech",6428543,6198441,12626984
2021-11-14,"Johnson&Johnson, Moderna, Oxford/AstraZeneca, Pfizer/BioNTech",6432429,6201443,12633872
2021-11-15,"Johnson&Johnson, Moderna, Oxford/AstraZeneca, Pfizer/BioNTech",6447506,6212127,12659633
2021-11-16,"Johnson&Johnson, Moderna, Oxford/AstraZeneca, Pfizer/BioNTech",6465041,6224096,12689137
2021-11-17,"Johnson&Johnson, Moderna, Oxford/AstraZeneca, Pfizer/BioNTech",6469274,6227655,12696929
2021-11-18,"Johnson&Johnson, Moderna, Oxford/AstraZeneca, Pfizer/BioNTech",6488672,6239329,12728001
2021-11-19,"Johnson&Johnson, Moderna, Oxford/AstraZeneca, Pfizer/BioNTech",6513278,6256296,12769574
2021-11-20,"Johnson&Johnson, Moderna, Oxford/AstraZeneca, Pfizer/BioNTech",6521846,6261269,12783115
2021-11-21,"Johnson&Johnson, Moderna, Oxford/AstraZeneca, Pfizer/BioNTech",6528617,6265040,12793657
2021-11-22,"Johnson&Johnson, Moderna, Oxford/AstraZeneca, Pfizer/BioNTech",6547121,6279142,12826263
2021-11-23,"Johnson&Johnson, Moderna, Oxford/AstraZeneca, Pfizer/BioNTech",6566166,6292392,12858558
2021-11-24,"Johnson&Johnson, Moderna, Oxford/AstraZeneca, Pfizer/BioNTech",6585128,6308226,12893354
2021-11-25,"Johnson&Johnson, Moderna, Oxford/AstraZeneca, Pfizer/BioNTech",6604253,6323245,12927498
2021-11-26,"Johnson&Johnson, Moderna, Oxford/AstraZeneca, Pfizer/BioNTech",6625819,6342365,12968184
2021-11-27,"Johnson&Johnson, Moderna, Oxford/AstraZeneca, Pfizer/BioNTech",6633270,6347909,12981179
2021-11-28,"Johnson&Johnson, Moderna, Oxford/AstraZeneca, Pfizer/BioNTech",6636599,6351040,12987639
2021-11-29,"Johnson&Johnson, Moderna, Oxford/AstraZeneca, Pfizer/BioNTech",6651742,6364690,13016432
2021-11-30,"Johnson&Johnson, Moderna, Oxford/AstraZeneca, Pfizer/BioNTech",6664851,6375904,13040755
2021-12-01,"Johnson&Johnson, Moderna, Oxford/AstraZeneca, Pfizer/BioNTech",6678804,6388333,13067137
2021-12-02,"Johnson&Johnson, Moderna, Oxford/AstraZeneca, Pfizer/BioNTech",6689350,6400812,13090162
2021-12-03,"Johnson&Johnson, Moderna, Oxford/AstraZeneca, Pfizer/BioNTech",6698940,6416366,13115306
2021-12-04,"Johnson&Johnson, Moderna, Pfizer/BioNTech",6701487,6420309,13121796
2021-12-05,"Johnson&Johnson, Moderna, Pfizer/BioNTech",6702830,6422642,13125472
2021-12-06,"Johnson&Johnson, Moderna, Oxford/AstraZeneca, Pfizer/BioNTech",6710946,6434152,13145098
2021-12-07,"Johnson&Johnson, Moderna, Oxford/AstraZeneca, Pfizer/BioNTech",6718749,6446135,13164884
2021-12-08,"Johnson&Johnson, Moderna, Oxford/AstraZeneca, Pfizer/BioNTech",6726946,6452044,13178990
2021-12-09,"Johnson&Johnson, Moderna, Oxford/AstraZeneca, Pfizer/BioNTech",6734011,6464846,13198857
2021-12-10,"Johnson&Johnson, Moderna, Oxford/AstraZeneca, Pfizer/BioNTech",6740878,6482630,13223508
2021-12-11,"Johnson&Johnson, Moderna, Pfizer/BioNTech",6742533,6487895,13230428
2021-12-12,"Johnson&Johnson, Moderna, Pfizer/BioNTech",6743835,6492324,13236159
2021-12-13,"Johnson&Johnson, Moderna, Oxford/AstraZeneca, Pfizer/BioNTech",6750186,6505610,13255796
2021-12-14,"Johnson&Johnson, Moderna, Oxford/AstraZeneca, Pfizer/BioNTech",6756373,6519250,13275623
2021-12-15,"Johnson&Johnson, Moderna, Oxford/AstraZeneca, Pfizer/BioNTech",6762538,6532831,13295369
2021-12-16,"Johnson&Johnson, Moderna, Oxford/AstraZeneca, Pfizer/BioNTech",6769388,6547597,13316985
2021-12-17,"Johnson&Johnson, Moderna, Oxford/AstraZeneca, Pfizer/BioNTech",6777645,6564805,13342450
2021-12-18,"Johnson&Johnson, Moderna, Pfizer/BioNTech",6780233,6570235,13350468
2021-12-19,"Johnson&Johnson, Moderna, Pfizer/BioNTech",6781997,6572728,13354725
2021-12-20,"Johnson&Johnson, Moderna, Oxford/AstraZeneca, Pfizer/BioNTech",6787751,6586702,13374453
2021-12-21,"Johnson&Johnson, Moderna, Oxford/AstraZeneca, Pfizer/BioNTech",6794371,6598637,13393008
2021-12-22,"Johnson&Johnson, Moderna, Pfizer/BioNTech",6799396,6611611,13411007
2021-12-23,"Johnson&Johnson, Moderna, Oxford/AstraZeneca, Pfizer/BioNTech",6802241,6617115,13419356
2021-12-24,"Johnson&Johnson, Moderna, Pfizer/BioNTech",6802286,6617211,13419497
2021-12-25,"Moderna, Pfizer/BioNTech",6802286,6617216,13419502
2021-12-26,"Moderna, Pfizer/BioNTech",6802384,6617410,13419794
2021-12-27,"Johnson&Johnson, Moderna, Pfizer/BioNTech",6806195,6627087,13433282
2021-12-28,"Johnson&Johnson, Moderna, Oxford/AstraZeneca, Pfizer/BioNTech",6811393,6634981,13446374
2021-12-29,"Johnson&Johnson, Moderna, Oxford/AstraZeneca, Pfizer/BioNTech",6815625,6642546,13458171
2021-12-30,"Johnson&Johnson, Moderna, Oxford/AstraZeneca, Pfizer/BioNTech",6819737,6647847,13467584
2021-12-31,"Johnson&Johnson, Moderna, Oxford/AstraZeneca, Pfizer/BioNTech",6820236,6649242,13469478
2022-01-01,"Johnson&Johnson, Moderna, Pfizer/BioNTech",6820236,6649257,13469493
