date,vaccine,people_vaccinated,people_fully_vaccinated,total_vaccinations
2020-12-27,Pfizer/BioNTech,1255,0,1255
2020-12-28,Pfizer/BioNTech,3552,0,3552
2020-12-29,Pfizer/BioNTech,7004,0,7004
2020-12-30,Pfizer/BioNTech,10484,0,10484
2020-12-31,Pfizer/BioNTech,11788,0,11788
2021-01-01,Pfizer/BioNTech,12049,0,12049
2021-01-02,Pfizer/BioNTech,13318,0,13318
2021-01-03,Pfizer/BioNTech,14232,0,14232
2021-01-04,Pfizer/BioNTech,17814,0,17814
2021-01-05,Pfizer/BioNTech,22309,0,22309
2021-01-06,Pfizer/BioNTech,28136,0,28136
2021-01-07,Pfizer/BioNTech,36086,0,36086
2021-01-08,Pfizer/BioNTech,46039,0,46039
2021-01-09,Pfizer/BioNTech,48052,0,48052
2021-01-10,Pfizer/BioNTech,49807,0,49807
2021-01-11,Pfizer/BioNTech,59618,0,59618
2021-01-12,Pfizer/BioNTech,73002,0,73002
2021-01-13,Pfizer/BioNTech,86491,0,86491
2021-01-14,"Moderna, Pfizer/BioNTech",101669,0,101669
2021-01-15,"Moderna, Pfizer/BioNTech",115616,0,115616
2021-01-16,"Moderna, Pfizer/BioNTech",118990,2,118992
2021-01-17,"Moderna, Pfizer/BioNTech",121586,636,122222
2021-01-18,"Moderna, Pfizer/BioNTech",134045,2452,136497
2021-01-19,"Moderna, Pfizer/BioNTech",146552,5157,151709
2021-01-20,"Moderna, Pfizer/BioNTech",160169,7793,167962
2021-01-21,"Moderna, Pfizer/BioNTech",175756,9521,185277
2021-01-22,"Moderna, Pfizer/BioNTech",190561,10558,201119
2021-01-23,"Moderna, Pfizer/BioNTech",193852,11428,205280
2021-01-24,"Moderna, Pfizer/BioNTech",196096,12294,208390
2021-01-25,"Moderna, Pfizer/BioNTech",205698,15254,220952
2021-01-26,"Moderna, Pfizer/BioNTech",216199,19218,235417
2021-01-27,"Moderna, Pfizer/BioNTech",225194,23720,248914
2021-01-28,"Moderna, Pfizer/BioNTech",232234,29816,262050
2021-01-29,"Moderna, Pfizer/BioNTech",238416,37650,276066
2021-01-30,"Moderna, Pfizer/BioNTech",239136,38735,277871
2021-01-31,"Moderna, Pfizer/BioNTech",239839,39909,279748
2021-02-01,"Moderna, Pfizer/BioNTech",243792,47804,291596
2021-02-02,"Moderna, Pfizer/BioNTech",247912,57996,305908
2021-02-03,"Moderna, Pfizer/BioNTech",252301,68959,321260
2021-02-04,"Moderna, Pfizer/BioNTech",257180,81900,339080
2021-02-05,"Moderna, Pfizer/BioNTech",262617,92530,355147
2021-02-06,"Moderna, Pfizer/BioNTech",263453,94871,358324
2021-02-07,"Moderna, Pfizer/BioNTech",264299,97347,361646
2021-02-08,"Moderna, Pfizer/BioNTech",268330,108705,377035
2021-02-09,"Moderna, Oxford/AstraZeneca, Pfizer/BioNTech",273401,120603,394004
2021-02-10,"Moderna, Pfizer/BioNTech",278871,133786,412657
2021-02-11,"Moderna, Oxford/AstraZeneca, Pfizer/BioNTech",285159,149927,435086
2021-02-12,"Moderna, Oxford/AstraZeneca, Pfizer/BioNTech",291870,164585,456455
2021-02-13,"Moderna, Oxford/AstraZeneca, Pfizer/BioNTech",293452,167557,461009
2021-02-14,"Moderna, Oxford/AstraZeneca, Pfizer/BioNTech",294442,168928,463370
2021-02-15,"Moderna, Oxford/AstraZeneca, Pfizer/BioNTech",300817,178242,479059
2021-02-16,"Moderna, Oxford/AstraZeneca, Pfizer/BioNTech",309500,187266,496766
2021-02-17,"Moderna, Oxford/AstraZeneca, Pfizer/BioNTech",319169,195521,514690
2021-02-18,"Moderna, Oxford/AstraZeneca, Pfizer/BioNTech",331442,203515,534957
2021-02-19,"Moderna, Oxford/AstraZeneca, Pfizer/BioNTech",343261,210804,554065
2021-02-20,"Moderna, Oxford/AstraZeneca, Pfizer/BioNTech",345227,211968,557195
2021-02-21,"Moderna, Oxford/AstraZeneca, Pfizer/BioNTech",346328,212975,559303
2021-02-22,"Moderna, Oxford/AstraZeneca, Pfizer/BioNTech",356416,218966,575382
2021-02-23,"Moderna, Oxford/AstraZeneca, Pfizer/BioNTech",369292,225903,595195
2021-02-24,"Moderna, Oxford/AstraZeneca, Pfizer/BioNTech",383109,231900,615009
2021-02-25,"Moderna, Oxford/AstraZeneca, Pfizer/BioNTech",401046,237417,638463
2021-02-26,"Moderna, Oxford/AstraZeneca, Pfizer/BioNTech",417160,242730,659890
2021-02-27,"Moderna, Oxford/AstraZeneca, Pfizer/BioNTech",420152,243278,663430
2021-02-28,"Moderna, Oxford/AstraZeneca, Pfizer/BioNTech",422490,243820,666310
2021-03-01,"Moderna, Oxford/AstraZeneca, Pfizer/BioNTech",441939,247222,689161
2021-03-02,"Moderna, Oxford/AstraZeneca, Pfizer/BioNTech",469041,250747,719788
2021-03-03,"Moderna, Oxford/AstraZeneca, Pfizer/BioNTech",499768,255221,754989
2021-03-04,"Moderna, Oxford/AstraZeneca, Pfizer/BioNTech",532871,259873,792744
2021-03-05,"Moderna, Oxford/AstraZeneca, Pfizer/BioNTech",561560,265248,826808
2021-03-06,"Moderna, Oxford/AstraZeneca, Pfizer/BioNTech",573646,266085,839731
2021-03-07,"Moderna, Oxford/AstraZeneca, Pfizer/BioNTech",585012,266913,851925
2021-03-08,"Moderna, Oxford/AstraZeneca, Pfizer/BioNTech",614593,271723,886316
2021-03-09,"Moderna, Oxford/AstraZeneca, Pfizer/BioNTech",650742,278069,928811
2021-03-10,"Moderna, Oxford/AstraZeneca, Pfizer/BioNTech",691836,284986,976822
2021-03-11,"Moderna, Oxford/AstraZeneca, Pfizer/BioNTech",736463,293313,1029776
2021-03-12,"Moderna, Oxford/AstraZeneca, Pfizer/BioNTech",775062,301738,1076800
2021-03-13,"Moderna, Oxford/AstraZeneca, Pfizer/BioNTech",792073,303022,1095095
2021-03-14,"Moderna, Oxford/AstraZeneca, Pfizer/BioNTech",804135,304152,1108287
2021-03-15,"Moderna, Oxford/AstraZeneca, Pfizer/BioNTech",832387,312904,1145291
2021-03-16,"Moderna, Oxford/AstraZeneca, Pfizer/BioNTech",871144,323382,1194526
2021-03-17,"Moderna, Oxford/AstraZeneca, Pfizer/BioNTech",908489,333840,1242329
2021-03-18,"Moderna, Oxford/AstraZeneca, Pfizer/BioNTech",946288,346202,1292490
2021-03-19,"Moderna, Oxford/AstraZeneca, Pfizer/BioNTech",980529,359757,1340286
2021-03-20,"Moderna, Oxford/AstraZeneca, Pfizer/BioNTech",995547,361765,1357312
2021-03-21,"Moderna, Oxford/AstraZeneca, Pfizer/BioNTech",1002913,363299,1366212
2021-03-22,"Moderna, Oxford/AstraZeneca, Pfizer/BioNTech",1027165,375698,1402863
2021-03-23,"Moderna, Oxford/AstraZeneca, Pfizer/BioNTech",1053571,388953,1442524
2021-03-24,"Moderna, Oxford/AstraZeneca, Pfizer/BioNTech",1080305,404602,1484907
2021-03-25,"Moderna, Oxford/AstraZeneca, Pfizer/BioNTech",1106470,422396,1528866
2021-03-26,"Moderna, Oxford/AstraZeneca, Pfizer/BioNTech",1131161,439829,1570990
2021-03-27,"Moderna, Oxford/AstraZeneca, Pfizer/BioNTech",1139546,444644,1584190
2021-03-28,"Moderna, Oxford/AstraZeneca, Pfizer/BioNTech",1145065,448760,1593825
2021-03-29,"Moderna, Oxford/AstraZeneca, Pfizer/BioNTech",1163899,469370,1633269
2021-03-30,"Moderna, Oxford/AstraZeneca, Pfizer/BioNTech",1188441,491453,1679894
2021-03-31,"Moderna, Oxford/AstraZeneca, Pfizer/BioNTech",1211383,518420,1729803
2021-04-01,"Moderna, Oxford/AstraZeneca, Pfizer/BioNTech",1236849,550298,1787147
2021-04-02,"Moderna, Oxford/AstraZeneca, Pfizer/BioNTech",1243670,563031,1806701
2021-04-03,"Moderna, Oxford/AstraZeneca, Pfizer/BioNTech",1247225,573916,1821141
2021-04-04,"Moderna, Oxford/AstraZeneca, Pfizer/BioNTech",1249682,582683,1832365
2021-04-05,"Moderna, Oxford/AstraZeneca, Pfizer/BioNTech",1251998,589826,1841824
2021-04-06,"Moderna, Oxford/AstraZeneca, Pfizer/BioNTech",1268010,618979,1886989
2021-04-07,"Moderna, Oxford/AstraZeneca, Pfizer/BioNTech",1291269,641043,1932312
2021-04-08,"Moderna, Oxford/AstraZeneca, Pfizer/BioNTech",1329640,671852,2001492
2021-04-09,"Moderna, Oxford/AstraZeneca, Pfizer/BioNTech",1368799,701774,2070573
2021-04-10,"Moderna, Oxford/AstraZeneca, Pfizer/BioNTech",1384107,716966,2101073
2021-04-11,"Moderna, Oxford/AstraZeneca, Pfizer/BioNTech",1393802,726957,2120759
2021-04-12,"Moderna, Oxford/AstraZeneca, Pfizer/BioNTech",1431719,751794,2183513
2021-04-13,"Moderna, Oxford/AstraZeneca, Pfizer/BioNTech",1467690,777617,2245307
2021-04-14,"Moderna, Oxford/AstraZeneca, Pfizer/BioNTech",1506250,804876,2311126
2021-04-15,"Moderna, Oxford/AstraZeneca, Pfizer/BioNTech",1553795,830455,2384250
2021-04-16,"Moderna, Oxford/AstraZeneca, Pfizer/BioNTech",1598217,856005,2454222
2021-04-17,"Moderna, Oxford/AstraZeneca, Pfizer/BioNTech",1614774,864989,2479763
2021-04-18,"Moderna, Oxford/AstraZeneca, Pfizer/BioNTech",1627681,869934,2497615
2021-04-19,"Moderna, Oxford/AstraZeneca, Pfizer/BioNTech",1671368,885275,2556643
2021-04-20,"Moderna, Oxford/AstraZeneca, Pfizer/BioNTech",1713325,901049,2614374
2021-04-21,"Moderna, Oxford/AstraZeneca, Pfizer/BioNTech",1760901,915191,2676092
2021-04-22,"Johnson&Johnson, Moderna, Oxford/AstraZeneca, Pfizer/BioNTech",1815199,932472,2747671
2021-04-23,"Johnson&Johnson, Moderna, Oxford/AstraZeneca, Pfizer/BioNTech",1865019,944421,2809440
2021-04-24,"Johnson&Johnson, Moderna, Oxford/AstraZeneca, Pfizer/BioNTech",1882776,949611,2832387
2021-04-25,"Johnson&Johnson, Moderna, Oxford/AstraZeneca, Pfizer/BioNTech",1897410,953588,2850998
2021-04-26,"Johnson&Johnson, Moderna, Oxford/AstraZeneca, Pfizer/BioNTech",1946852,960976,2907828
2021-04-27,"Johnson&Johnson, Moderna, Oxford/AstraZeneca, Pfizer/BioNTech",1995683,973088,2968771
2021-04-28,"Johnson&Johnson, Moderna, Oxford/AstraZeneca, Pfizer/BioNTech",2054271,986982,3041253
2021-04-29,"Johnson&Johnson, Moderna, Oxford/AstraZeneca, Pfizer/BioNTech",2119626,1002718,3122344
2021-04-30,"Johnson&Johnson, Moderna, Oxford/AstraZeneca, Pfizer/BioNTech",2181674,1012578,3194252
2021-05-01,"Johnson&Johnson, Moderna, Oxford/AstraZeneca, Pfizer/BioNTech",2200923,1015953,3216876
2021-05-02,"Johnson&Johnson, Moderna, Oxford/AstraZeneca, Pfizer/BioNTech",2219780,1018178,3237958
2021-05-03,"Johnson&Johnson, Moderna, Oxford/AstraZeneca, Pfizer/BioNTech",2286838,1023166,3310004
2021-05-04,"Johnson&Johnson, Moderna, Oxford/AstraZeneca, Pfizer/BioNTech",2353071,1031408,3384479
2021-05-05,"Johnson&Johnson, Moderna, Oxford/AstraZeneca, Pfizer/BioNTech",2426054,1040704,3466758
2021-05-06,"Johnson&Johnson, Moderna, Oxford/AstraZeneca, Pfizer/BioNTech",2506222,1051268,3557490
2021-05-07,"Johnson&Johnson, Moderna, Oxford/AstraZeneca, Pfizer/BioNTech",2583340,1061205,3644545
2021-05-08,"Johnson&Johnson, Moderna, Oxford/AstraZeneca, Pfizer/BioNTech",2612689,1062897,3675586
2021-05-09,"Johnson&Johnson, Moderna, Oxford/AstraZeneca, Pfizer/BioNTech",2636820,1064061,3700881
2021-05-10,"Johnson&Johnson, Moderna, Oxford/AstraZeneca, Pfizer/BioNTech",2709362,1071148,3780510
2021-05-11,"Johnson&Johnson, Moderna, Oxford/AstraZeneca, Pfizer/BioNTech",2785252,1079872,3865124
2021-05-12,"Johnson&Johnson, Moderna, Oxford/AstraZeneca, Pfizer/BioNTech",2864873,1088836,3953709
2021-05-13,"Johnson&Johnson, Moderna, Oxford/AstraZeneca, Pfizer/BioNTech",2948701,1097889,4046590
2021-05-14,"Johnson&Johnson, Moderna, Oxford/AstraZeneca, Pfizer/BioNTech",3027919,1105548,4133467
2021-05-15,"Johnson&Johnson, Moderna, Oxford/AstraZeneca, Pfizer/BioNTech",3059715,1107687,4167402
2021-05-16,"Johnson&Johnson, Moderna, Oxford/AstraZeneca, Pfizer/BioNTech",3085414,1108856,4194270
2021-05-17,"Johnson&Johnson, Moderna, Oxford/AstraZeneca, Pfizer/BioNTech",3157791,1115484,4273275
2021-05-18,"Johnson&Johnson, Moderna, Oxford/AstraZeneca, Pfizer/BioNTech",3229536,1128378,4357914
2021-05-19,"Johnson&Johnson, Moderna, Oxford/AstraZeneca, Pfizer/BioNTech",3306813,1143372,4450185
2021-05-20,"Johnson&Johnson, Moderna, Oxford/AstraZeneca, Pfizer/BioNTech",3381971,1170223,4552194
2021-05-21,"Johnson&Johnson, Moderna, Oxford/AstraZeneca, Pfizer/BioNTech",3450578,1197810,4648388
2021-05-22,"Johnson&Johnson, Moderna, Oxford/AstraZeneca, Pfizer/BioNTech",3482814,1208850,4691664
2021-05-23,"Johnson&Johnson, Moderna, Oxford/AstraZeneca, Pfizer/BioNTech",3505046,1217796,4722842
2021-05-24,"Johnson&Johnson, Moderna, Oxford/AstraZeneca, Pfizer/BioNTech",3551898,1251220,4803118
2021-05-25,"Johnson&Johnson, Moderna, Oxford/AstraZeneca, Pfizer/BioNTech",3603561,1286819,4890380
2021-05-26,"Johnson&Johnson, Moderna, Oxford/AstraZeneca, Pfizer/BioNTech",3671108,1324180,4995288
2021-05-27,"Johnson&Johnson, Moderna, Oxford/AstraZeneca, Pfizer/BioNTech",3732275,1371352,5103627
2021-05-28,"Johnson&Johnson, Moderna, Oxford/AstraZeneca, Pfizer/BioNTech",3793774,1417694,5211468
2021-05-29,"Johnson&Johnson, Moderna, Oxford/AstraZeneca, Pfizer/BioNTech",3822810,1434713,5257523
2021-05-30,"Johnson&Johnson, Moderna, Oxford/AstraZeneca, Pfizer/BioNTech",3845068,1449070,5294138
2021-05-31,"Johnson&Johnson, Moderna, Oxford/AstraZeneca, Pfizer/BioNTech",3900330,1496376,5396706
2021-06-01,"Johnson&Johnson, Moderna, Oxford/AstraZeneca, Pfizer/BioNTech",3958776,1544555,5503331
2021-06-02,"Johnson&Johnson, Moderna, Oxford/AstraZeneca, Pfizer/BioNTech",4021219,1598372,5619591
2021-06-03,"Johnson&Johnson, Moderna, Oxford/AstraZeneca, Pfizer/BioNTech",4079014,1658329,5737343
2021-06-04,"Johnson&Johnson, Moderna, Oxford/AstraZeneca, Pfizer/BioNTech",4141595,1715543,5857138
2021-06-05,"Johnson&Johnson, Moderna, Oxford/AstraZeneca, Pfizer/BioNTech",4175464,1734242,5909706
2021-06-06,"Johnson&Johnson, Moderna, Oxford/AstraZeneca, Pfizer/BioNTech",4202233,1749280,5951513
2021-06-07,"Johnson&Johnson, Moderna, Oxford/AstraZeneca, Pfizer/BioNTech",4265335,1804719,6070054
2021-06-08,"Johnson&Johnson, Moderna, Oxford/AstraZeneca, Pfizer/BioNTech",4328757,1859467,6188224
2021-06-09,"Johnson&Johnson, Moderna, Oxford/AstraZeneca, Pfizer/BioNTech",4386855,1923502,6310357
2021-06-10,"Johnson&Johnson, Moderna, Oxford/AstraZeneca, Pfizer/BioNTech",4439419,1994183,6433602
2021-06-11,"Johnson&Johnson, Moderna, Oxford/AstraZeneca, Pfizer/BioNTech",4490773,2063586,6554359
2021-06-12,"Johnson&Johnson, Moderna, Oxford/AstraZeneca, Pfizer/BioNTech",4522463,2084253,6606716
2021-06-13,"Johnson&Johnson, Moderna, Oxford/AstraZeneca, Pfizer/BioNTech",4546272,2102558,6648830
2021-06-14,"Johnson&Johnson, Moderna, Oxford/AstraZeneca, Pfizer/BioNTech",4588728,2176673,6765401
2021-06-15,"Johnson&Johnson, Moderna, Oxford/AstraZeneca, Pfizer/BioNTech",4632889,2248705,6881594
2021-06-16,"Johnson&Johnson, Moderna, Oxford/AstraZeneca, Pfizer/BioNTech",4675052,2326662,7001714
2021-06-17,"Johnson&Johnson, Moderna, Oxford/AstraZeneca, Pfizer/BioNTech",4713882,2409441,7123323
2021-06-18,"Johnson&Johnson, Moderna, Oxford/AstraZeneca, Pfizer/BioNTech",4755045,2489617,7244662
2021-06-19,"Johnson&Johnson, Moderna, Oxford/AstraZeneca, Pfizer/BioNTech",4776543,2518755,7295298
2021-06-20,"Johnson&Johnson, Moderna, Oxford/AstraZeneca, Pfizer/BioNTech",4793762,2542462,7336224
2021-06-21,"Johnson&Johnson, Moderna, Oxford/AstraZeneca, Pfizer/BioNTech",4825963,2620737,7446700
2021-06-22,"Johnson&Johnson, Moderna, Oxford/AstraZeneca, Pfizer/BioNTech",4858013,2702705,7560718
2021-06-23,"Johnson&Johnson, Moderna, Oxford/AstraZeneca, Pfizer/BioNTech",4888867,2787624,7676491
2021-06-24,"Johnson&Johnson, Moderna, Oxford/AstraZeneca, Pfizer/BioNTech",4918273,2877385,7795658
2021-06-25,"Johnson&Johnson, Moderna, Oxford/AstraZeneca, Pfizer/BioNTech",4948901,2963145,7912046
2021-06-26,"Johnson&Johnson, Moderna, Oxford/AstraZeneca, Pfizer/BioNTech",4964513,2997760,7962273
2021-06-27,"Johnson&Johnson, Moderna, Oxford/AstraZeneca, Pfizer/BioNTech",4978308,3024272,8002580
2021-06-28,"Johnson&Johnson, Moderna, Oxford/AstraZeneca, Pfizer/BioNTech",5006392,3109071,8115463
2021-06-29,"Johnson&Johnson, Moderna, Oxford/AstraZeneca, Pfizer/BioNTech",5035244,3195203,8230447
2021-06-30,"Johnson&Johnson, Moderna, Oxford/AstraZeneca, Pfizer/BioNTech",5062308,3285691,8347999
2021-07-01,"Johnson&Johnson, Moderna, Oxford/AstraZeneca, Pfizer/BioNTech",5085623,3374987,8460610
2021-07-02,"Johnson&Johnson, Moderna, Oxford/AstraZeneca, Pfizer/BioNTech",5111698,3459872,8571570
2021-07-03,"Johnson&Johnson, Moderna, Oxford/AstraZeneca, Pfizer/BioNTech",5118662,3491176,8609838
2021-07-04,"Johnson&Johnson, Moderna, Oxford/AstraZeneca, Pfizer/BioNTech",5126116,3512824,8638940
2021-07-05,"Johnson&Johnson, Moderna, Oxford/AstraZeneca, Pfizer/BioNTech",5133370,3538028,8671398
2021-07-06,"Johnson&Johnson, Moderna, Oxford/AstraZeneca, Pfizer/BioNTech",5138583,3565481,8704064
2021-07-07,"Johnson&Johnson, Moderna, Oxford/AstraZeneca, Pfizer/BioNTech",5163900,3643457,8807357
2021-07-08,"Johnson&Johnson, Moderna, Oxford/AstraZeneca, Pfizer/BioNTech",5189997,3712819,8902816
2021-07-09,"Johnson&Johnson, Moderna, Oxford/AstraZeneca, Pfizer/BioNTech",5217037,3780583,8997620
2021-07-10,"Johnson&Johnson, Moderna, Oxford/AstraZeneca, Pfizer/BioNTech",5225918,3808746,9034664
2021-07-11,"Johnson&Johnson, Moderna, Oxford/AstraZeneca, Pfizer/BioNTech",5234122,3830283,9064405
