date,vaccine,people_vaccinated,people_fully_vaccinated,total_vaccinations
2020-12-27,Pfizer/BioNTech,1274,0,1274
2020-12-28,Pfizer/BioNTech,3575,0,3575
2020-12-29,Pfizer/BioNTech,7036,0,7036
2020-12-30,Pfizer/BioNTech,10542,0,10542
2020-12-31,Pfizer/BioNTech,11851,0,11851
2021-01-01,"Moderna, Pfizer/BioNTech",12118,0,12118
2021-01-02,Pfizer/BioNTech,13394,0,13394
2021-01-03,Pfizer/BioNTech,14313,0,14313
2021-01-04,"Moderna, Pfizer/BioNTech",17911,0,17911
2021-01-05,"Moderna, Pfizer/BioNTech",22418,0,22418
2021-01-06,Pfizer/BioNTech,28254,0,28254
2021-01-07,"Moderna, Pfizer/BioNTech",36229,0,36229
2021-01-08,Pfizer/BioNTech,46238,0,46238
2021-01-09,"Moderna, Pfizer/BioNTech",48259,1,48260
2021-01-10,Pfizer/BioNTech,50019,3,50022
2021-01-11,Pfizer/BioNTech,59859,5,59864
2021-01-12,Pfizer/BioNTech,73268,7,73275
2021-01-13,Pfizer/BioNTech,86782,7,86789
2021-01-14,"Moderna, Pfizer/BioNTech",101981,9,101990
2021-01-15,"Moderna, Pfizer/BioNTech",115967,9,115976
2021-01-16,"Moderna, Pfizer/BioNTech",119348,12,119360
2021-01-17,"Moderna, Pfizer/BioNTech",121953,650,122603
2021-01-18,"Moderna, Pfizer/BioNTech",134428,2472,136900
2021-01-19,"Moderna, Pfizer/BioNTech",146994,5192,152186
2021-01-20,"Moderna, Pfizer/BioNTech",160637,7840,168477
2021-01-21,"Moderna, Pfizer/BioNTech",176257,9574,185831
2021-01-22,"Moderna, Pfizer/BioNTech",191099,10617,201716
2021-01-23,"Moderna, Pfizer/BioNTech",194397,11492,205889
2021-01-24,"Moderna, Pfizer/BioNTech",196646,12360,209006
2021-01-25,"Moderna, Pfizer/BioNTech",206275,15328,221603
2021-01-26,"Moderna, Pfizer/BioNTech",216806,19303,236109
2021-01-27,"Moderna, Pfizer/BioNTech",225826,23827,249653
2021-01-28,"Moderna, Pfizer/BioNTech",232901,29945,262846
2021-01-29,"Moderna, Pfizer/BioNTech",239096,37837,276933
2021-01-30,"Moderna, Pfizer/BioNTech",239827,38926,278753
2021-01-31,"Moderna, Pfizer/BioNTech",240536,40106,280642
2021-02-01,"Moderna, Pfizer/BioNTech",244500,48042,292542
2021-02-02,"Moderna, Pfizer/BioNTech",248627,58266,306893
2021-02-03,"Moderna, Pfizer/BioNTech",253037,69255,322292
2021-02-04,"Moderna, Pfizer/BioNTech",257927,82209,340136
2021-02-05,"Moderna, Pfizer/BioNTech",263376,92858,356234
2021-02-06,"Moderna, Pfizer/BioNTech",264218,95207,359425
2021-02-07,"Moderna, Pfizer/BioNTech",265065,97694,362759
2021-02-08,"Moderna, Oxford/AstraZeneca, Pfizer/BioNTech",269129,109079,378208
2021-02-09,"Moderna, Oxford/AstraZeneca, Pfizer/BioNTech",274213,121000,395213
2021-02-10,"Moderna, Pfizer/BioNTech",279704,134211,413915
2021-02-11,"Moderna, Oxford/AstraZeneca, Pfizer/BioNTech",286009,150395,436404
2021-02-12,"Moderna, Oxford/AstraZeneca, Pfizer/BioNTech",292754,165086,457840
2021-02-13,"Moderna, Oxford/AstraZeneca, Pfizer/BioNTech",294345,168065,462410
2021-02-14,"Moderna, Oxford/AstraZeneca, Pfizer/BioNTech",295336,169443,464779
2021-02-15,"Moderna, Oxford/AstraZeneca, Pfizer/BioNTech",301727,178777,480504
2021-02-16,"Moderna, Oxford/AstraZeneca, Pfizer/BioNTech",310434,187829,498263
2021-02-17,"Moderna, Oxford/AstraZeneca, Pfizer/BioNTech",320117,196119,516236
2021-02-18,"Moderna, Oxford/AstraZeneca, Pfizer/BioNTech",332419,204160,536579
2021-02-19,"Moderna, Oxford/AstraZeneca, Pfizer/BioNTech",344263,211481,555744
2021-02-20,"Moderna, Oxford/AstraZeneca, Pfizer/BioNTech",346245,212657,558902
2021-02-21,"Moderna, Oxford/AstraZeneca, Pfizer/BioNTech",347357,213672,561029
2021-02-22,"Moderna, Oxford/AstraZeneca, Pfizer/BioNTech",357475,219678,577153
2021-02-23,"Moderna, Oxford/AstraZeneca, Pfizer/BioNTech",370406,226638,597044
2021-02-24,"Moderna, Oxford/AstraZeneca, Pfizer/BioNTech",384267,232658,616925
2021-02-25,"Moderna, Oxford/AstraZeneca, Pfizer/BioNTech",402220,238189,640409
2021-02-26,"Moderna, Oxford/AstraZeneca, Pfizer/BioNTech",418376,243516,661892
2021-02-27,"Moderna, Oxford/AstraZeneca, Pfizer/BioNTech",421377,244066,665443
2021-02-28,"Moderna, Oxford/AstraZeneca, Pfizer/BioNTech",423716,244610,668326
2021-03-01,"Moderna, Oxford/AstraZeneca, Pfizer/BioNTech",443255,248037,691292
2021-03-02,"Moderna, Oxford/AstraZeneca, Pfizer/BioNTech",470458,251573,722031
2021-03-03,"Moderna, Oxford/AstraZeneca, Pfizer/BioNTech",501289,256062,757351
2021-03-04,"Moderna, Oxford/AstraZeneca, Pfizer/BioNTech",534501,260726,795227
2021-03-05,"Johnson&Johnson, Moderna, Oxford/AstraZeneca, Pfizer/BioNTech",563292,266124,829416
2021-03-06,"Johnson&Johnson, Moderna, Oxford/AstraZeneca, Pfizer/BioNTech",575418,266972,842390
2021-03-07,"Johnson&Johnson, Moderna, Oxford/AstraZeneca, Pfizer/BioNTech",586935,267805,854740
2021-03-08,"Johnson&Johnson, Moderna, Oxford/AstraZeneca, Pfizer/BioNTech",616620,272635,889255
2021-03-09,"Johnson&Johnson, Moderna, Oxford/AstraZeneca, Pfizer/BioNTech",652880,278995,931875
2021-03-10,"Moderna, Oxford/AstraZeneca, Pfizer/BioNTech",694140,285930,980070
2021-03-11,"Johnson&Johnson, Moderna, Oxford/AstraZeneca, Pfizer/BioNTech",738926,294280,1033206
2021-03-12,"Johnson&Johnson, Moderna, Oxford/AstraZeneca, Pfizer/BioNTech",777693,302725,1080418
2021-03-13,"Moderna, Oxford/AstraZeneca, Pfizer/BioNTech",794742,304014,1098756
2021-03-14,"Moderna, Oxford/AstraZeneca, Pfizer/BioNTech",806836,305149,1111985
2021-03-15,"Moderna, Oxford/AstraZeneca, Pfizer/BioNTech",835189,313917,1149106
2021-03-16,"Johnson&Johnson, Moderna, Oxford/AstraZeneca, Pfizer/BioNTech",874028,324436,1198464
2021-03-17,"Moderna, Oxford/AstraZeneca, Pfizer/BioNTech",911470,334921,1246391
2021-03-18,"Johnson&Johnson, Moderna, Oxford/AstraZeneca, Pfizer/BioNTech",949405,347315,1296720
2021-03-19,"Moderna, Oxford/AstraZeneca, Pfizer/BioNTech",983844,360904,1344748
2021-03-20,"Johnson&Johnson, Moderna, Oxford/AstraZeneca, Pfizer/BioNTech",998960,362914,1361874
2021-03-21,"Johnson&Johnson, Moderna, Oxford/AstraZeneca, Pfizer/BioNTech",1006351,364455,1370806
2021-03-22,"Johnson&Johnson, Moderna, Oxford/AstraZeneca, Pfizer/BioNTech",1030862,376942,1407804
2021-03-23,"Johnson&Johnson, Moderna, Oxford/AstraZeneca, Pfizer/BioNTech",1057460,390271,1447731
2021-03-24,"Johnson&Johnson, Moderna, Oxford/AstraZeneca, Pfizer/BioNTech",1084283,405975,1490258
2021-03-25,"Moderna, Oxford/AstraZeneca, Pfizer/BioNTech",1110574,423802,1534376
2021-03-26,"Moderna, Oxford/AstraZeneca, Pfizer/BioNTech",1135345,441282,1576627
2021-03-27,"Johnson&Johnson, Moderna, Oxford/AstraZeneca, Pfizer/BioNTech",1143760,446113,1589873
2021-03-28,"Moderna, Oxford/AstraZeneca, Pfizer/BioNTech",1149286,450246,1599532
2021-03-29,"Johnson&Johnson, Moderna, Oxford/AstraZeneca, Pfizer/BioNTech",1168379,470938,1639317
2021-03-30,"Johnson&Johnson, Moderna, Oxford/AstraZeneca, Pfizer/BioNTech",1193055,493096,1686151
2021-03-31,"Johnson&Johnson, Moderna, Oxford/AstraZeneca, Pfizer/BioNTech",1216121,520130,1736251
2021-04-01,"Johnson&Johnson, Moderna, Oxford/AstraZeneca, Pfizer/BioNTech",1241691,552153,1793844
2021-04-02,"Johnson&Johnson, Moderna, Oxford/AstraZeneca, Pfizer/BioNTech",1248580,564931,1813511
2021-04-03,"Johnson&Johnson, Moderna, Oxford/AstraZeneca, Pfizer/BioNTech",1252177,575834,1828011
2021-04-04,"Johnson&Johnson, Moderna, Oxford/AstraZeneca, Pfizer/BioNTech",1254666,584729,1839395
2021-04-05,"Johnson&Johnson, Moderna, Oxford/AstraZeneca, Pfizer/BioNTech",1257035,591899,1848934
2021-04-06,"Johnson&Johnson, Moderna, Oxford/AstraZeneca, Pfizer/BioNTech",1273124,621113,1894237
2021-04-07,"Johnson&Johnson, Moderna, Oxford/AstraZeneca, Pfizer/BioNTech",1296489,643305,1939794
2021-04-08,"Johnson&Johnson, Moderna, Oxford/AstraZeneca, Pfizer/BioNTech",1335122,674294,2009416
2021-04-09,"Johnson&Johnson, Moderna, Oxford/AstraZeneca, Pfizer/BioNTech",1374594,704455,2079049
2021-04-10,"Johnson&Johnson, Moderna, Oxford/AstraZeneca, Pfizer/BioNTech",1390037,719728,2109765
2021-04-11,"Johnson&Johnson, Moderna, Oxford/AstraZeneca, Pfizer/BioNTech",1399784,729744,2129528
2021-04-12,"Johnson&Johnson, Moderna, Oxford/AstraZeneca, Pfizer/BioNTech",1437997,754830,2192827
2021-04-13,"Moderna, Oxford/AstraZeneca, Pfizer/BioNTech",1474196,780824,2255020
2021-04-14,"Moderna, Oxford/AstraZeneca, Pfizer/BioNTech",1512958,808156,2321114
2021-04-15,"Moderna, Oxford/AstraZeneca, Pfizer/BioNTech",1560703,833844,2394547
2021-04-16,"Moderna, Oxford/AstraZeneca, Pfizer/BioNTech",1605306,859444,2464750
2021-04-17,"Moderna, Oxford/AstraZeneca, Pfizer/BioNTech",1621963,868457,2490420
2021-04-18,"Moderna, Oxford/AstraZeneca, Pfizer/BioNTech",1634925,873432,2508357
2021-04-19,"Moderna, Oxford/AstraZeneca, Pfizer/BioNTech",1678896,888865,2567761
2021-04-20,"Johnson&Johnson, Moderna, Oxford/AstraZeneca, Pfizer/BioNTech",1721411,904710,2626121
2021-04-21,"Moderna, Oxford/AstraZeneca, Pfizer/BioNTech",1769105,919029,2688134
2021-04-22,"Johnson&Johnson, Moderna, Oxford/AstraZeneca, Pfizer/BioNTech",1823562,936385,2759947
2021-04-23,"Johnson&Johnson, Moderna, Oxford/AstraZeneca, Pfizer/BioNTech",1873478,948414,2821892
2021-04-24,"Johnson&Johnson, Moderna, Oxford/AstraZeneca, Pfizer/BioNTech",1891286,953643,2844929
2021-04-25,"Johnson&Johnson, Moderna, Oxford/AstraZeneca, Pfizer/BioNTech",1905954,957625,2863579
2021-04-26,"Johnson&Johnson, Moderna, Oxford/AstraZeneca, Pfizer/BioNTech",1955517,965164,2920681
2021-04-27,"Johnson&Johnson, Moderna, Oxford/AstraZeneca, Pfizer/BioNTech",2004466,977355,2981821
2021-04-28,"Johnson&Johnson, Moderna, Oxford/AstraZeneca, Pfizer/BioNTech",2063184,991317,3054501
2021-04-29,"Johnson&Johnson, Moderna, Oxford/AstraZeneca, Pfizer/BioNTech",2128720,1007159,3135879
2021-04-30,"Johnson&Johnson, Moderna, Oxford/AstraZeneca, Pfizer/BioNTech",2190906,1017082,3207988
2021-05-01,"Johnson&Johnson, Moderna, Oxford/AstraZeneca, Pfizer/BioNTech",2210196,1020497,3230693
2021-05-02,"Johnson&Johnson, Moderna, Oxford/AstraZeneca, Pfizer/BioNTech",2229089,1022746,3251835
2021-05-03,"Johnson&Johnson, Moderna, Oxford/AstraZeneca, Pfizer/BioNTech",2296308,1027791,3324099
2021-05-04,"Johnson&Johnson, Moderna, Oxford/AstraZeneca, Pfizer/BioNTech",2362776,1036089,3398865
2021-05-05,"Johnson&Johnson, Moderna, Oxford/AstraZeneca, Pfizer/BioNTech",2435897,1045449,3481346
2021-05-06,"Johnson&Johnson, Moderna, Oxford/AstraZeneca, Pfizer/BioNTech",2516260,1056118,3572378
2021-05-07,"Johnson&Johnson, Moderna, Oxford/AstraZeneca, Pfizer/BioNTech",2593523,1066171,3659694
2021-05-08,"Johnson&Johnson, Moderna, Oxford/AstraZeneca, Pfizer/BioNTech",2622921,1067906,3690827
2021-05-09,"Johnson&Johnson, Moderna, Oxford/AstraZeneca, Pfizer/BioNTech",2647089,1069093,3716182
2021-05-10,"Johnson&Johnson, Moderna, Oxford/AstraZeneca, Pfizer/BioNTech",2719820,1076270,3796090
2021-05-11,"Johnson&Johnson, Moderna, Oxford/AstraZeneca, Pfizer/BioNTech",2795886,1085035,3880921
2021-05-12,"Johnson&Johnson, Moderna, Oxford/AstraZeneca, Pfizer/BioNTech",2875705,1094074,3969779
2021-05-13,"Johnson&Johnson, Moderna, Oxford/AstraZeneca, Pfizer/BioNTech",2959694,1103202,4062896
2021-05-14,"Johnson&Johnson, Moderna, Oxford/AstraZeneca, Pfizer/BioNTech",3039090,1110926,4150016
2021-05-15,"Johnson&Johnson, Moderna, Oxford/AstraZeneca, Pfizer/BioNTech",3070927,1113113,4184040
2021-05-16,"Johnson&Johnson, Moderna, Oxford/AstraZeneca, Pfizer/BioNTech",3096670,1114352,4211022
2021-05-17,"Johnson&Johnson, Moderna, Oxford/AstraZeneca, Pfizer/BioNTech",3169147,1121031,4290178
2021-05-18,"Johnson&Johnson, Moderna, Oxford/AstraZeneca, Pfizer/BioNTech",3241050,1134017,4375067
2021-05-19,"Johnson&Johnson, Moderna, Oxford/AstraZeneca, Pfizer/BioNTech",3318490,1149106,4467596
2021-05-20,"Johnson&Johnson, Moderna, Oxford/AstraZeneca, Pfizer/BioNTech",3393895,1176068,4569963
2021-05-21,"Johnson&Johnson, Moderna, Oxford/AstraZeneca, Pfizer/BioNTech",3462639,1203747,4666386
2021-05-22,"Johnson&Johnson, Moderna, Oxford/AstraZeneca, Pfizer/BioNTech",3494971,1214879,4709850
2021-05-23,"Johnson&Johnson, Moderna, Oxford/AstraZeneca, Pfizer/BioNTech",3517278,1223882,4741160
2021-05-24,"Johnson&Johnson, Moderna, Oxford/AstraZeneca, Pfizer/BioNTech",3564353,1257478,4821831
2021-05-25,"Johnson&Johnson, Moderna, Oxford/AstraZeneca, Pfizer/BioNTech",3616187,1293217,4909404
2021-05-26,"Johnson&Johnson, Moderna, Oxford/AstraZeneca, Pfizer/BioNTech",3683912,1330688,5014600
2021-05-27,"Johnson&Johnson, Moderna, Oxford/AstraZeneca, Pfizer/BioNTech",3745266,1377947,5123213
2021-05-28,"Johnson&Johnson, Moderna, Oxford/AstraZeneca, Pfizer/BioNTech",3806928,1424432,5231360
2021-05-29,"Johnson&Johnson, Moderna, Oxford/AstraZeneca, Pfizer/BioNTech",3836075,1441498,5277573
2021-05-30,"Johnson&Johnson, Moderna, Oxford/AstraZeneca, Pfizer/BioNTech",3858412,1455903,5314315
2021-05-31,"Johnson&Johnson, Moderna, Oxford/AstraZeneca, Pfizer/BioNTech",3914125,1503402,5417527
2021-06-01,"Johnson&Johnson, Moderna, Oxford/AstraZeneca, Pfizer/BioNTech",3973137,1552164,5525301
2021-06-02,"Johnson&Johnson, Moderna, Oxford/AstraZeneca, Pfizer/BioNTech",4036003,1606056,5642059
2021-06-03,"Johnson&Johnson, Moderna, Oxford/AstraZeneca, Pfizer/BioNTech",4094219,1666198,5760417
2021-06-04,"Johnson&Johnson, Moderna, Oxford/AstraZeneca, Pfizer/BioNTech",4157291,1723501,5880792
2021-06-05,"Johnson&Johnson, Moderna, Oxford/AstraZeneca, Pfizer/BioNTech",4191417,1742271,5933688
2021-06-06,"Johnson&Johnson, Moderna, Oxford/AstraZeneca, Pfizer/BioNTech",4218317,1757360,5975677
2021-06-07,"Johnson&Johnson, Moderna, Oxford/AstraZeneca, Pfizer/BioNTech",4281986,1812921,6094907
2021-06-08,"Johnson&Johnson, Moderna, Oxford/AstraZeneca, Pfizer/BioNTech",4345948,1867816,6213764
2021-06-09,"Johnson&Johnson, Moderna, Oxford/AstraZeneca, Pfizer/BioNTech",4405123,1932147,6337270
2021-06-10,"Johnson&Johnson, Moderna, Oxford/AstraZeneca, Pfizer/BioNTech",4458998,2003144,6462142
2021-06-11,"Johnson&Johnson, Moderna, Oxford/AstraZeneca, Pfizer/BioNTech",4511085,2072759,6583844
2021-06-12,"Johnson&Johnson, Moderna, Oxford/AstraZeneca, Pfizer/BioNTech",4543066,2093484,6636550
2021-06-13,"Johnson&Johnson, Moderna, Oxford/AstraZeneca, Pfizer/BioNTech",4567072,2111835,6678907
2021-06-14,"Johnson&Johnson, Moderna, Oxford/AstraZeneca, Pfizer/BioNTech",4610120,2186122,6796242
2021-06-15,"Johnson&Johnson, Moderna, Oxford/AstraZeneca, Pfizer/BioNTech",4654749,2258358,6913107
2021-06-16,"Johnson&Johnson, Moderna, Oxford/AstraZeneca, Pfizer/BioNTech",4697476,2336472,7033948
2021-06-17,"Johnson&Johnson, Moderna, Oxford/AstraZeneca, Pfizer/BioNTech",4736843,2419422,7156265
2021-06-18,"Johnson&Johnson, Moderna, Oxford/AstraZeneca, Pfizer/BioNTech",4779219,2499806,7279025
2021-06-19,"Johnson&Johnson, Moderna, Oxford/AstraZeneca, Pfizer/BioNTech",4800954,2529017,7329971
2021-06-20,"Johnson&Johnson, Moderna, Oxford/AstraZeneca, Pfizer/BioNTech",4818311,2552773,7371084
2021-06-21,"Johnson&Johnson, Moderna, Oxford/AstraZeneca, Pfizer/BioNTech",4850816,2631240,7482056
2021-06-22,"Johnson&Johnson, Moderna, Oxford/AstraZeneca, Pfizer/BioNTech",4883769,2713392,7597161
2021-06-23,"Johnson&Johnson, Moderna, Oxford/AstraZeneca, Pfizer/BioNTech",4915414,2798508,7713922
2021-06-24,"Johnson&Johnson, Moderna, Oxford/AstraZeneca, Pfizer/BioNTech",4945247,2888436,7833683
2021-06-25,"Johnson&Johnson, Moderna, Oxford/AstraZeneca, Pfizer/BioNTech",4976282,2974447,7950729
2021-06-26,"Johnson&Johnson, Moderna, Oxford/AstraZeneca, Pfizer/BioNTech",4992132,3009176,8001308
2021-06-27,"Johnson&Johnson, Moderna, Oxford/AstraZeneca, Pfizer/BioNTech",5006071,3035760,8041831
2021-06-28,"Johnson&Johnson, Moderna, Oxford/AstraZeneca, Pfizer/BioNTech",5034487,3120844,8155331
2021-06-29,"Johnson&Johnson, Moderna, Oxford/AstraZeneca, Pfizer/BioNTech",5063737,3207220,8270957
2021-06-30,"Johnson&Johnson, Moderna, Oxford/AstraZeneca, Pfizer/BioNTech",5091236,3298064,8389300
2021-07-01,"Johnson&Johnson, Moderna, Oxford/AstraZeneca, Pfizer/BioNTech",5115179,3387975,8503154
2021-07-02,"Johnson&Johnson, Moderna, Oxford/AstraZeneca, Pfizer/BioNTech",5141899,3473675,8615574
2021-07-03,"Johnson&Johnson, Moderna, Oxford/AstraZeneca, Pfizer/BioNTech",5148969,3505121,8654090
2021-07-04,"Johnson&Johnson, Moderna, Oxford/AstraZeneca, Pfizer/BioNTech",5156511,3526877,8683388
2021-07-05,"Johnson&Johnson, Moderna, Oxford/AstraZeneca, Pfizer/BioNTech",5163856,3552185,8716041
2021-07-06,"Johnson&Johnson, Moderna, Oxford/AstraZeneca, Pfizer/BioNTech",5169247,3579751,8748998
2021-07-07,"Johnson&Johnson, Moderna, Oxford/AstraZeneca, Pfizer/BioNTech",5195029,3658610,8853639
2021-07-08,"Johnson&Johnson, Moderna, Oxford/AstraZeneca, Pfizer/BioNTech",5221609,3728824,8950433
2021-07-09,"Johnson&Johnson, Moderna, Oxford/AstraZeneca, Pfizer/BioNTech",5249510,3797976,9047486
2021-07-10,"Johnson&Johnson, Moderna, Oxford/AstraZeneca, Pfizer/BioNTech",5258844,3826535,9085379
2021-07-11,"Johnson&Johnson, Moderna, Oxford/AstraZeneca, Pfizer/BioNTech",5267360,3849377,9116737
2021-07-12,"Johnson&Johnson, Moderna, Oxford/AstraZeneca, Pfizer/BioNTech",5294888,3918385,9213273
2021-07-13,"Johnson&Johnson, Moderna, Oxford/AstraZeneca, Pfizer/BioNTech",5321080,3988161,9309241
2021-07-14,"Johnson&Johnson, Moderna, Oxford/AstraZeneca, Pfizer/BioNTech",5346916,4060048,9406964
2021-07-15,"Johnson&Johnson, Moderna, Oxford/AstraZeneca, Pfizer/BioNTech",5376114,4125959,9502073
2021-07-16,"Johnson&Johnson, Moderna, Oxford/AstraZeneca, Pfizer/BioNTech",5404040,4198559,9602599
2021-07-17,"Johnson&Johnson, Moderna, Oxford/AstraZeneca, Pfizer/BioNTech",5412790,4229936,9642726
2021-07-18,"Johnson&Johnson, Moderna, Oxford/AstraZeneca, Pfizer/BioNTech",5421224,4255896,9677120
2021-07-19,"Johnson&Johnson, Moderna, Oxford/AstraZeneca, Pfizer/BioNTech",5444558,4322831,9767389
2021-07-20,"Johnson&Johnson, Moderna, Oxford/AstraZeneca, Pfizer/BioNTech",5465937,4389779,9855716
2021-07-21,"Johnson&Johnson, Moderna, Oxford/AstraZeneca, Pfizer/BioNTech",5489373,4453128,9942501
2021-07-22,"Johnson&Johnson, Moderna, Oxford/AstraZeneca, Pfizer/BioNTech",5511706,4511649,10023355
2021-07-23,"Johnson&Johnson, Moderna, Oxford/AstraZeneca, Pfizer/BioNTech",5534873,4566278,10101151
2021-07-24,"Johnson&Johnson, Moderna, Oxford/AstraZeneca, Pfizer/BioNTech",5542170,4593877,10136047
2021-07-25,"Johnson&Johnson, Moderna, Oxford/AstraZeneca, Pfizer/BioNTech",5548769,4615911,10164680
2021-07-26,"Johnson&Johnson, Moderna, Oxford/AstraZeneca, Pfizer/BioNTech",5572266,4664468,10236734
2021-07-27,"Johnson&Johnson, Moderna, Oxford/AstraZeneca, Pfizer/BioNTech",5594966,4710996,10305962
2021-07-28,"Johnson&Johnson, Moderna, Oxford/AstraZeneca, Pfizer/BioNTech",5616185,4756866,10373051
2021-07-29,"Johnson&Johnson, Moderna, Oxford/AstraZeneca, Pfizer/BioNTech",5637463,4798707,10436170
2021-07-30,"Johnson&Johnson, Moderna, Oxford/AstraZeneca, Pfizer/BioNTech",5660721,4841156,10501877
2021-07-31,"Johnson&Johnson, Moderna, Oxford/AstraZeneca, Pfizer/BioNTech",5669637,4860644,10530281
2021-08-01,"Johnson&Johnson, Moderna, Oxford/AstraZeneca, Pfizer/BioNTech",5676345,4876768,10553113
2021-08-02,"Johnson&Johnson, Moderna, Oxford/AstraZeneca, Pfizer/BioNTech",5694938,4914234,10609172
2021-08-03,"Johnson&Johnson, Moderna, Oxford/AstraZeneca, Pfizer/BioNTech",5712544,4952251,10664795
2021-08-04,"Johnson&Johnson, Moderna, Oxford/AstraZeneca, Pfizer/BioNTech",5728606,4988894,10717500
2021-08-05,"Johnson&Johnson, Moderna, Oxford/AstraZeneca, Pfizer/BioNTech",5744597,5029267,10773864
2021-08-06,"Johnson&Johnson, Moderna, Oxford/AstraZeneca, Pfizer/BioNTech",5761351,5072442,10833793
2021-08-07,"Johnson&Johnson, Moderna, Oxford/AstraZeneca, Pfizer/BioNTech",5766923,5090558,10857481
2021-08-08,"Johnson&Johnson, Moderna, Oxford/AstraZeneca, Pfizer/BioNTech",5771268,5106276,10877544
2021-08-09,"Johnson&Johnson, Moderna, Oxford/AstraZeneca, Pfizer/BioNTech",5783888,5151257,10935145
2021-08-10,"Johnson&Johnson, Moderna, Oxford/AstraZeneca, Pfizer/BioNTech",5795691,5190746,10986437
2021-08-11,"Johnson&Johnson, Moderna, Oxford/AstraZeneca, Pfizer/BioNTech",5807028,5233808,11040836
2021-08-12,"Johnson&Johnson, Moderna, Oxford/AstraZeneca, Pfizer/BioNTech",5818418,5270802,11089220
2021-08-13,"Johnson&Johnson, Moderna, Oxford/AstraZeneca, Pfizer/BioNTech",5829090,5311038,11140128
2021-08-14,"Johnson&Johnson, Moderna, Oxford/AstraZeneca, Pfizer/BioNTech",5832426,5321701,11154127
2021-08-15,"Johnson&Johnson, Moderna, Oxford/AstraZeneca, Pfizer/BioNTech",5835001,5332051,11167052
2021-08-16,"Johnson&Johnson, Moderna, Oxford/AstraZeneca, Pfizer/BioNTech",5844768,5366041,11210809
2021-08-17,"Johnson&Johnson, Moderna, Oxford/AstraZeneca, Pfizer/BioNTech",5854329,5393073,11247402
2021-08-18,"Johnson&Johnson, Moderna, Oxford/AstraZeneca, Pfizer/BioNTech",5863681,5431870,11295551
2021-08-19,"Johnson&Johnson, Moderna, Oxford/AstraZeneca, Pfizer/BioNTech",5873305,5470153,11343458
2021-08-20,"Johnson&Johnson, Moderna, Oxford/AstraZeneca, Pfizer/BioNTech",5884628,5510272,11394900
2021-08-21,"Johnson&Johnson, Moderna, Oxford/AstraZeneca, Pfizer/BioNTech",5887330,5523000,11410330
2021-08-22,"Johnson&Johnson, Moderna, Oxford/AstraZeneca, Pfizer/BioNTech",5889668,5534942,11424610
2021-08-23,"Johnson&Johnson, Moderna, Oxford/AstraZeneca, Pfizer/BioNTech",5900168,5574121,11474289
2021-08-24,"Johnson&Johnson, Moderna, Oxford/AstraZeneca, Pfizer/BioNTech",5910012,5607304,11517316
2021-08-25,"Johnson&Johnson, Moderna, Oxford/AstraZeneca, Pfizer/BioNTech",5918840,5635600,11554440
2021-08-26,"Johnson&Johnson, Moderna, Oxford/AstraZeneca, Pfizer/BioNTech",5927255,5661652,11588907
2021-08-27,"Johnson&Johnson, Moderna, Oxford/AstraZeneca, Pfizer/BioNTech",5937554,5687535,11625089
2021-08-28,"Johnson&Johnson, Moderna, Oxford/AstraZeneca, Pfizer/BioNTech",5940265,5694548,11634813
2021-08-29,"Johnson&Johnson, Moderna, Oxford/AstraZeneca, Pfizer/BioNTech",5942668,5701159,11643827
2021-08-30,"Johnson&Johnson, Moderna, Oxford/AstraZeneca, Pfizer/BioNTech",5951159,5722966,11674125
2021-08-31,"Johnson&Johnson, Moderna, Oxford/AstraZeneca, Pfizer/BioNTech",5958790,5740992,11699782
2021-09-01,"Johnson&Johnson, Moderna, Oxford/AstraZeneca, Pfizer/BioNTech",5964641,5754924,11719565
2021-09-02,"Johnson&Johnson, Moderna, Oxford/AstraZeneca, Pfizer/BioNTech",5971412,5769251,11740663
2021-09-03,"Johnson&Johnson, Moderna, Oxford/AstraZeneca, Pfizer/BioNTech",5980842,5784881,11765723
2021-09-04,"Johnson&Johnson, Moderna, Oxford/AstraZeneca, Pfizer/BioNTech",5982890,5788407,11771297
2021-09-05,"Johnson&Johnson, Moderna, Oxford/AstraZeneca, Pfizer/BioNTech",5984916,5791232,11776148
2021-09-06,"Johnson&Johnson, Moderna, Oxford/AstraZeneca, Pfizer/BioNTech",5991049,5803703,11794752
2021-09-07,"Johnson&Johnson, Moderna, Oxford/AstraZeneca, Pfizer/BioNTech",5995388,5814752,11810140
2021-09-08,"Johnson&Johnson, Moderna, Oxford/AstraZeneca, Pfizer/BioNTech",6000978,5824554,11825532
2021-09-09,"Johnson&Johnson, Moderna, Oxford/AstraZeneca, Pfizer/BioNTech",6007595,5834586,11842181
2021-09-10,"Johnson&Johnson, Moderna, Oxford/AstraZeneca, Pfizer/BioNTech",6015193,5846728,11861921
2021-09-11,"Johnson&Johnson, Moderna, Pfizer/BioNTech",6017049,5849191,11866240
2021-09-12,"Johnson&Johnson, Moderna, Oxford/AstraZeneca, Pfizer/BioNTech",6018153,5850807,11868960
2021-09-13,"Johnson&Johnson, Moderna, Oxford/AstraZeneca, Pfizer/BioNTech",6023523,5861049,11884572
2021-09-14,"Johnson&Johnson, Moderna, Oxford/AstraZeneca, Pfizer/BioNTech",6028833,5870024,11898857
2021-09-15,"Johnson&Johnson, Moderna, Oxford/AstraZeneca, Pfizer/BioNTech",6033969,5878509,11912478
2021-09-16,"Johnson&Johnson, Moderna, Oxford/AstraZeneca, Pfizer/BioNTech",6039150,5886729,11925879
2021-09-17,"Johnson&Johnson, Moderna, Oxford/AstraZeneca, Pfizer/BioNTech",6045553,5896819,11942372
2021-09-18,"Johnson&Johnson, Moderna, Pfizer/BioNTech",6047266,5899149,11946415
2021-09-19,"Johnson&Johnson, Moderna, Oxford/AstraZeneca, Pfizer/BioNTech",6048202,5900707,11948909
2021-09-20,"Johnson&Johnson, Moderna, Oxford/AstraZeneca, Pfizer/BioNTech",6052065,5908800,11960865
2021-09-21,"Johnson&Johnson, Moderna, Oxford/AstraZeneca, Pfizer/BioNTech",6056083,5916277,11972360
2021-09-22,"Johnson&Johnson, Moderna, Oxford/AstraZeneca, Pfizer/BioNTech",6060105,5921719,11981824
2021-09-23,"Johnson&Johnson, Moderna, Oxford/AstraZeneca, Pfizer/BioNTech",6065008,5928087,11993095
2021-09-24,"Johnson&Johnson, Moderna, Oxford/AstraZeneca, Pfizer/BioNTech",6070577,5937559,12008136
2021-09-25,"Johnson&Johnson, Moderna, Oxford/AstraZeneca, Pfizer/BioNTech",6072027,5939512,12011539
2021-09-26,"Johnson&Johnson, Moderna, Pfizer/BioNTech",6072761,5941128,12013889
2021-09-27,"Johnson&Johnson, Moderna, Oxford/AstraZeneca, Pfizer/BioNTech",6076528,5947568,12024096
2021-09-28,"Johnson&Johnson, Moderna, Pfizer/BioNTech",6076845,5948153,12024998
2021-09-29,"Johnson&Johnson, Moderna, Oxford/AstraZeneca, Pfizer/BioNTech",6080502,5955484,12035986
2021-09-30,"Johnson&Johnson, Moderna, Oxford/AstraZeneca, Pfizer/BioNTech",6084796,5963057,12047853
2021-10-01,"Johnson&Johnson, Moderna, Oxford/AstraZeneca, Pfizer/BioNTech",6088797,5970848,12059645
2021-10-02,"Johnson&Johnson, Moderna, Pfizer/BioNTech",6089834,5972373,12062207
2021-10-03,"Johnson&Johnson, Moderna, Pfizer/BioNTech",6090532,5973231,12063763
2021-10-04,"Johnson&Johnson, Moderna, Oxford/AstraZeneca, Pfizer/BioNTech",6093451,5978682,12072133
2021-10-05,"Johnson&Johnson, Moderna, Oxford/AstraZeneca, Pfizer/BioNTech",6096311,5983546,12079857
2021-10-06,"Johnson&Johnson, Moderna, Oxford/AstraZeneca, Pfizer/BioNTech",6099649,5988543,12088192
2021-10-07,"Johnson&Johnson, Moderna, Oxford/AstraZeneca, Pfizer/BioNTech",6102729,5993639,12096368
2021-10-08,"Johnson&Johnson, Moderna, Oxford/AstraZeneca, Pfizer/BioNTech",6107347,6000118,12107465
2021-10-09,"Johnson&Johnson, Moderna, Pfizer/BioNTech",6108569,6001746,12110315
2021-10-10,"Johnson&Johnson, Moderna, Pfizer/BioNTech",6109483,6002571,12112054
2021-10-11,"Johnson&Johnson, Moderna, Oxford/AstraZeneca, Pfizer/BioNTech",6112302,6006841,12119143
2021-10-12,"Johnson&Johnson, Moderna, Oxford/AstraZeneca, Pfizer/BioNTech",6114857,6010545,12125402
2021-10-13,"Johnson&Johnson, Moderna, Oxford/AstraZeneca, Pfizer/BioNTech",6117732,6014135,12131867
