date,vaccine,people_vaccinated,people_fully_vaccinated,total_vaccinations
2020-12-27,Pfizer/BioNTech,1285,0,1285
2020-12-28,Pfizer/BioNTech,3584,0,3584
2020-12-29,Pfizer/BioNTech,7046,1,7047
2020-12-30,Pfizer/BioNTech,10559,1,10560
2020-12-31,Pfizer/BioNTech,11866,1,11867
2021-01-01,"Moderna, Pfizer/BioNTech",12136,1,12137
2021-01-02,"Moderna, Pfizer/BioNTech",13418,1,13419
2021-01-03,"Moderna, Pfizer/BioNTech",14343,1,14344
2021-01-04,"Moderna, Pfizer/BioNTech",17957,1,17958
2021-01-05,"Moderna, Pfizer/BioNTech",22483,3,22486
2021-01-06,"Moderna, Pfizer/BioNTech",28329,4,28333
2021-01-07,"Moderna, Pfizer/BioNTech",36318,4,36322
2021-01-08,"Moderna, Pfizer/BioNTech",46362,5,46367
2021-01-09,"Moderna, Pfizer/BioNTech",48390,7,48397
2021-01-10,Pfizer/BioNTech,50160,9,50169
2021-01-11,"Moderna, Pfizer/BioNTech",60016,11,60027
2021-01-12,"Moderna, Pfizer/BioNTech",73453,13,73466
2021-01-13,"Moderna, Pfizer/BioNTech",86981,13,86994
2021-01-14,"Moderna, Pfizer/BioNTech",102214,17,102231
2021-01-15,"Moderna, Pfizer/BioNTech",116227,18,116245
2021-01-16,"Moderna, Pfizer/BioNTech",119631,22,119653
2021-01-17,"Moderna, Pfizer/BioNTech",122252,656,122908
2021-01-18,"Moderna, Pfizer/BioNTech",134682,2479,137161
2021-01-19,"Moderna, Pfizer/BioNTech",147218,5200,152418
2021-01-20,"Moderna, Pfizer/BioNTech",160822,7862,168684
2021-01-21,"Moderna, Pfizer/BioNTech",176447,9592,186039
2021-01-22,"Moderna, Pfizer/BioNTech",191335,10634,201969
2021-01-23,"Moderna, Pfizer/BioNTech",194655,11513,206168
2021-01-24,"Moderna, Pfizer/BioNTech",196911,12383,209294
2021-01-25,"Moderna, Pfizer/BioNTech",206563,15358,221921
2021-01-26,"Moderna, Pfizer/BioNTech",217107,19350,236457
2021-01-27,"Moderna, Pfizer/BioNTech",226137,23883,250020
2021-01-28,"Moderna, Pfizer/BioNTech",233234,30007,263241
2021-01-29,"Moderna, Pfizer/BioNTech",239453,37908,277361
2021-01-30,"Moderna, Pfizer/BioNTech",240194,38996,279190
2021-01-31,"Moderna, Pfizer/BioNTech",240912,40178,281090
2021-02-01,"Moderna, Pfizer/BioNTech",244893,48142,293035
2021-02-02,"Moderna, Pfizer/BioNTech",249046,58373,307419
2021-02-03,"Moderna, Pfizer/BioNTech",253470,69382,322852
2021-02-04,"Moderna, Pfizer/BioNTech",258378,82349,340727
2021-02-05,"Moderna, Pfizer/BioNTech",263849,93012,356861
2021-02-06,"Moderna, Oxford/AstraZeneca, Pfizer/BioNTech",264706,95379,360085
2021-02-07,"Moderna, Oxford/AstraZeneca, Pfizer/BioNTech",265557,97878,363435
2021-02-08,"Moderna, Oxford/AstraZeneca, Pfizer/BioNTech",269654,109251,378905
2021-02-09,"Moderna, Oxford/AstraZeneca, Pfizer/BioNTech",274758,121094,395852
2021-02-10,"Moderna, Oxford/AstraZeneca, Pfizer/BioNTech",280274,134276,414550
2021-02-11,"Moderna, Oxford/AstraZeneca, Pfizer/BioNTech",286603,150469,437072
2021-02-12,"Moderna, Oxford/AstraZeneca, Pfizer/BioNTech",293431,165212,458643
2021-02-13,"Moderna, Oxford/AstraZeneca, Pfizer/BioNTech",295045,168201,463246
2021-02-14,"Moderna, Oxford/AstraZeneca, Pfizer/BioNTech",296049,169587,465636
2021-02-15,"Moderna, Oxford/AstraZeneca, Pfizer/BioNTech",302444,178952,481396
2021-02-16,"Moderna, Oxford/AstraZeneca, Pfizer/BioNTech",311164,188032,499196
2021-02-17,"Moderna, Oxford/AstraZeneca, Pfizer/BioNTech",320862,196341,517203
2021-02-18,"Moderna, Oxford/AstraZeneca, Pfizer/BioNTech",333182,204419,537601
2021-02-19,"Moderna, Oxford/AstraZeneca, Pfizer/BioNTech",345036,211794,556830
2021-02-20,"Moderna, Oxford/AstraZeneca, Pfizer/BioNTech",347045,212980,560025
2021-02-21,"Moderna, Oxford/AstraZeneca, Pfizer/BioNTech",348181,214006,562187
2021-02-22,"Moderna, Oxford/AstraZeneca, Pfizer/BioNTech",358298,220038,578336
2021-02-23,"Moderna, Oxford/AstraZeneca, Pfizer/BioNTech",371256,227030,598286
2021-02-24,"Moderna, Oxford/AstraZeneca, Pfizer/BioNTech",385136,233071,618207
2021-02-25,"Moderna, Oxford/AstraZeneca, Pfizer/BioNTech",403116,238620,641736
2021-02-26,"Moderna, Oxford/AstraZeneca, Pfizer/BioNTech",419280,243982,663262
2021-02-27,"Moderna, Oxford/AstraZeneca, Pfizer/BioNTech",422290,244542,666832
2021-02-28,"Moderna, Oxford/AstraZeneca, Pfizer/BioNTech",424648,245094,669742
2021-03-01,"Moderna, Oxford/AstraZeneca, Pfizer/BioNTech",444228,248541,692769
2021-03-02,"Moderna, Oxford/AstraZeneca, Pfizer/BioNTech",471447,252089,723536
2021-03-03,"Moderna, Oxford/AstraZeneca, Pfizer/BioNTech",502403,256599,759002
2021-03-04,"Moderna, Oxford/AstraZeneca, Pfizer/BioNTech",535692,261289,796981
2021-03-05,"Johnson&Johnson, Moderna, Oxford/AstraZeneca, Pfizer/BioNTech",564525,266715,831240
2021-03-06,"Johnson&Johnson, Moderna, Oxford/AstraZeneca, Pfizer/BioNTech",576680,267580,844260
2021-03-07,"Johnson&Johnson, Moderna, Oxford/AstraZeneca, Pfizer/BioNTech",588229,268421,856650
2021-03-08,"Johnson&Johnson, Moderna, Oxford/AstraZeneca, Pfizer/BioNTech",617974,273283,891257
2021-03-09,"Johnson&Johnson, Moderna, Oxford/AstraZeneca, Pfizer/BioNTech",654328,279668,933996
2021-03-10,"Johnson&Johnson, Moderna, Oxford/AstraZeneca, Pfizer/BioNTech",695661,286627,982288
2021-03-11,"Johnson&Johnson, Moderna, Oxford/AstraZeneca, Pfizer/BioNTech",740505,294989,1035494
2021-03-12,"Johnson&Johnson, Moderna, Oxford/AstraZeneca, Pfizer/BioNTech",779268,303482,1082750
2021-03-13,"Johnson&Johnson, Moderna, Oxford/AstraZeneca, Pfizer/BioNTech",796375,304796,1101171
2021-03-14,"Johnson&Johnson, Moderna, Oxford/AstraZeneca, Pfizer/BioNTech",808491,305952,1114443
2021-03-15,"Johnson&Johnson, Moderna, Oxford/AstraZeneca, Pfizer/BioNTech",836876,314730,1151606
2021-03-16,"Johnson&Johnson, Moderna, Oxford/AstraZeneca, Pfizer/BioNTech",875757,325267,1201024
2021-03-17,"Moderna, Oxford/AstraZeneca, Pfizer/BioNTech",913238,335775,1249013
2021-03-18,"Johnson&Johnson, Moderna, Oxford/AstraZeneca, Pfizer/BioNTech",951231,348187,1299418
2021-03-19,"Moderna, Oxford/AstraZeneca, Pfizer/BioNTech",985738,361789,1347527
2021-03-20,"Johnson&Johnson, Moderna, Oxford/AstraZeneca, Pfizer/BioNTech",1000919,363821,1364740
2021-03-21,"Johnson&Johnson, Moderna, Oxford/AstraZeneca, Pfizer/BioNTech",1008360,365381,1373741
2021-03-22,"Johnson&Johnson, Moderna, Oxford/AstraZeneca, Pfizer/BioNTech",1032931,377853,1410784
2021-03-23,"Johnson&Johnson, Moderna, Oxford/AstraZeneca, Pfizer/BioNTech",1059605,391210,1450815
2021-03-24,"Johnson&Johnson, Moderna, Oxford/AstraZeneca, Pfizer/BioNTech",1086489,406955,1493444
2021-03-25,"Johnson&Johnson, Moderna, Oxford/AstraZeneca, Pfizer/BioNTech",1112836,424809,1537645
2021-03-26,"Johnson&Johnson, Moderna, Oxford/AstraZeneca, Pfizer/BioNTech",1137675,442294,1579969
2021-03-27,"Johnson&Johnson, Moderna, Oxford/AstraZeneca, Pfizer/BioNTech",1146130,447139,1593269
2021-03-28,"Moderna, Oxford/AstraZeneca, Pfizer/BioNTech",1151678,451287,1602965
2021-03-29,"Johnson&Johnson, Moderna, Oxford/AstraZeneca, Pfizer/BioNTech",1170829,472021,1642850
2021-03-30,"Johnson&Johnson, Moderna, Oxford/AstraZeneca, Pfizer/BioNTech",1195529,494197,1689726
2021-03-31,"Johnson&Johnson, Moderna, Oxford/AstraZeneca, Pfizer/BioNTech",1218682,521267,1739949
2021-04-01,"Johnson&Johnson, Moderna, Oxford/AstraZeneca, Pfizer/BioNTech",1244360,553321,1797681
2021-04-02,"Johnson&Johnson, Moderna, Oxford/AstraZeneca, Pfizer/BioNTech",1251331,566121,1817452
2021-04-03,"Johnson&Johnson, Moderna, Oxford/AstraZeneca, Pfizer/BioNTech",1254981,577052,1832033
2021-04-04,"Johnson&Johnson, Moderna, Oxford/AstraZeneca, Pfizer/BioNTech",1257521,585976,1843497
2021-04-05,"Johnson&Johnson, Moderna, Oxford/AstraZeneca, Pfizer/BioNTech",1259950,593178,1853128
2021-04-06,"Johnson&Johnson, Moderna, Oxford/AstraZeneca, Pfizer/BioNTech",1276164,622447,1898611
2021-04-07,"Johnson&Johnson, Moderna, Oxford/AstraZeneca, Pfizer/BioNTech",1299655,644684,1944339
2021-04-08,"Johnson&Johnson, Moderna, Oxford/AstraZeneca, Pfizer/BioNTech",1338451,675727,2014178
2021-04-09,"Johnson&Johnson, Moderna, Oxford/AstraZeneca, Pfizer/BioNTech",1378048,705915,2083963
2021-04-10,"Johnson&Johnson, Moderna, Oxford/AstraZeneca, Pfizer/BioNTech",1393612,721225,2114837
2021-04-11,"Johnson&Johnson, Moderna, Oxford/AstraZeneca, Pfizer/BioNTech",1403405,731279,2134684
2021-04-12,"Johnson&Johnson, Moderna, Oxford/AstraZeneca, Pfizer/BioNTech",1441725,756408,2198133
2021-04-13,"Moderna, Oxford/AstraZeneca, Pfizer/BioNTech",1478017,782441,2260458
2021-04-14,"Moderna, Oxford/AstraZeneca, Pfizer/BioNTech",1516893,809809,2326702
2021-04-15,"Moderna, Oxford/AstraZeneca, Pfizer/BioNTech",1564722,835578,2400300
2021-04-16,"Moderna, Oxford/AstraZeneca, Pfizer/BioNTech",1609418,861258,2470676
2021-04-17,"Moderna, Oxford/AstraZeneca, Pfizer/BioNTech",1626140,870284,2496424
2021-04-18,"Moderna, Oxford/AstraZeneca, Pfizer/BioNTech",1639135,875270,2514405
2021-04-19,"Moderna, Oxford/AstraZeneca, Pfizer/BioNTech",1683100,890707,2573807
2021-04-20,"Johnson&Johnson, Moderna, Oxford/AstraZeneca, Pfizer/BioNTech",1725682,906593,2632275
2021-04-21,"Moderna, Oxford/AstraZeneca, Pfizer/BioNTech",1773449,920961,2694410
2021-04-22,"Johnson&Johnson, Moderna, Oxford/AstraZeneca, Pfizer/BioNTech",1827971,938357,2766328
2021-04-23,"Johnson&Johnson, Moderna, Oxford/AstraZeneca, Pfizer/BioNTech",1877978,950422,2828400
2021-04-24,"Johnson&Johnson, Moderna, Oxford/AstraZeneca, Pfizer/BioNTech",1895850,955687,2851537
2021-04-25,"Johnson&Johnson, Moderna, Oxford/AstraZeneca, Pfizer/BioNTech",1910559,959687,2870246
2021-04-26,"Johnson&Johnson, Moderna, Oxford/AstraZeneca, Pfizer/BioNTech",1960157,967252,2927409
2021-04-27,"Johnson&Johnson, Moderna, Oxford/AstraZeneca, Pfizer/BioNTech",2009139,979500,2988639
2021-04-28,"Johnson&Johnson, Moderna, Oxford/AstraZeneca, Pfizer/BioNTech",2067892,993526,3061418
2021-04-29,"Johnson&Johnson, Moderna, Oxford/AstraZeneca, Pfizer/BioNTech",2133489,1009438,3142927
2021-04-30,"Johnson&Johnson, Moderna, Oxford/AstraZeneca, Pfizer/BioNTech",2195777,1019432,3215209
2021-05-01,"Johnson&Johnson, Moderna, Oxford/AstraZeneca, Pfizer/BioNTech",2215163,1022895,3238058
2021-05-02,"Johnson&Johnson, Moderna, Oxford/AstraZeneca, Pfizer/BioNTech",2234110,1025184,3259294
2021-05-03,"Johnson&Johnson, Moderna, Oxford/AstraZeneca, Pfizer/BioNTech",2301377,1030265,3331642
2021-05-04,"Johnson&Johnson, Moderna, Oxford/AstraZeneca, Pfizer/BioNTech",2367918,1038640,3406558
2021-05-05,"Johnson&Johnson, Moderna, Oxford/AstraZeneca, Pfizer/BioNTech",2441117,1048085,3489202
2021-05-06,"Johnson&Johnson, Moderna, Oxford/AstraZeneca, Pfizer/BioNTech",2521545,1058840,3580385
2021-05-07,"Johnson&Johnson, Moderna, Oxford/AstraZeneca, Pfizer/BioNTech",2598858,1068981,3667839
2021-05-08,"Johnson&Johnson, Moderna, Oxford/AstraZeneca, Pfizer/BioNTech",2628383,1070769,3699152
2021-05-09,"Johnson&Johnson, Moderna, Oxford/AstraZeneca, Pfizer/BioNTech",2652614,1071988,3724602
2021-05-10,"Johnson&Johnson, Moderna, Oxford/AstraZeneca, Pfizer/BioNTech",2725396,1079235,3804631
2021-05-11,"Johnson&Johnson, Moderna, Oxford/AstraZeneca, Pfizer/BioNTech",2801522,1088068,3889590
2021-05-12,"Johnson&Johnson, Moderna, Oxford/AstraZeneca, Pfizer/BioNTech",2881449,1097213,3978662
2021-05-13,"Johnson&Johnson, Moderna, Oxford/AstraZeneca, Pfizer/BioNTech",2965480,1106402,4071882
2021-05-14,"Johnson&Johnson, Moderna, Oxford/AstraZeneca, Pfizer/BioNTech",3044978,1114231,4159209
2021-05-15,"Johnson&Johnson, Moderna, Oxford/AstraZeneca, Pfizer/BioNTech",3076934,1116513,4193447
2021-05-16,"Johnson&Johnson, Moderna, Oxford/AstraZeneca, Pfizer/BioNTech",3102738,1117798,4220536
2021-05-17,"Johnson&Johnson, Moderna, Oxford/AstraZeneca, Pfizer/BioNTech",3175264,1124551,4299815
2021-05-18,"Johnson&Johnson, Moderna, Oxford/AstraZeneca, Pfizer/BioNTech",3247234,1137672,4384906
2021-05-19,"Johnson&Johnson, Moderna, Oxford/AstraZeneca, Pfizer/BioNTech",3324712,1152834,4477546
2021-05-20,"Johnson&Johnson, Moderna, Oxford/AstraZeneca, Pfizer/BioNTech",3400172,1179894,4580066
2021-05-21,"Johnson&Johnson, Moderna, Oxford/AstraZeneca, Pfizer/BioNTech",3468979,1207704,4676683
2021-05-22,"Johnson&Johnson, Moderna, Oxford/AstraZeneca, Pfizer/BioNTech",3501427,1218939,4720366
2021-05-23,"Johnson&Johnson, Moderna, Oxford/AstraZeneca, Pfizer/BioNTech",3523872,1227980,4751852
2021-05-24,"Johnson&Johnson, Moderna, Oxford/AstraZeneca, Pfizer/BioNTech",3571057,1261660,4832717
2021-05-25,"Johnson&Johnson, Moderna, Oxford/AstraZeneca, Pfizer/BioNTech",3622934,1297499,4920433
2021-05-26,"Johnson&Johnson, Moderna, Oxford/AstraZeneca, Pfizer/BioNTech",3690678,1335050,5025728
2021-05-27,"Johnson&Johnson, Moderna, Oxford/AstraZeneca, Pfizer/BioNTech",3752077,1382414,5134491
2021-05-28,"Johnson&Johnson, Moderna, Oxford/AstraZeneca, Pfizer/BioNTech",3813810,1429013,5242823
2021-05-29,"Johnson&Johnson, Moderna, Oxford/AstraZeneca, Pfizer/BioNTech",3843066,1446154,5289220
2021-05-30,"Johnson&Johnson, Moderna, Oxford/AstraZeneca, Pfizer/BioNTech",3865468,1460614,5326082
2021-05-31,"Johnson&Johnson, Moderna, Oxford/AstraZeneca, Pfizer/BioNTech",3921199,1508142,5429341
2021-06-01,"Johnson&Johnson, Moderna, Oxford/AstraZeneca, Pfizer/BioNTech",3980269,1557018,5537287
2021-06-02,"Johnson&Johnson, Moderna, Oxford/AstraZeneca, Pfizer/BioNTech",4043211,1611045,5654256
2021-06-03,"Johnson&Johnson, Moderna, Oxford/AstraZeneca, Pfizer/BioNTech",4101430,1671285,5772715
2021-06-04,"Johnson&Johnson, Moderna, Oxford/AstraZeneca, Pfizer/BioNTech",4164530,1728716,5893246
2021-06-05,"Johnson&Johnson, Moderna, Oxford/AstraZeneca, Pfizer/BioNTech",4198710,1747636,5946346
2021-06-06,"Johnson&Johnson, Moderna, Oxford/AstraZeneca, Pfizer/BioNTech",4225664,1762810,5988474
2021-06-07,"Johnson&Johnson, Moderna, Oxford/AstraZeneca, Pfizer/BioNTech",4289347,1818451,6107798
2021-06-08,"Johnson&Johnson, Moderna, Oxford/AstraZeneca, Pfizer/BioNTech",4353344,1873472,6226816
2021-06-09,"Johnson&Johnson, Moderna, Oxford/AstraZeneca, Pfizer/BioNTech",4412547,1938153,6350700
2021-06-10,"Johnson&Johnson, Moderna, Oxford/AstraZeneca, Pfizer/BioNTech",4466384,2009456,6475840
2021-06-11,"Johnson&Johnson, Moderna, Oxford/AstraZeneca, Pfizer/BioNTech",4518490,2079302,6597792
2021-06-12,"Johnson&Johnson, Moderna, Oxford/AstraZeneca, Pfizer/BioNTech",4550500,2100152,6650652
2021-06-13,"Johnson&Johnson, Moderna, Oxford/AstraZeneca, Pfizer/BioNTech",4574544,2118595,6693139
2021-06-14,"Johnson&Johnson, Moderna, Oxford/AstraZeneca, Pfizer/BioNTech",4617615,2192998,6810613
2021-06-15,"Johnson&Johnson, Moderna, Oxford/AstraZeneca, Pfizer/BioNTech",4662281,2265398,6927679
2021-06-16,"Johnson&Johnson, Moderna, Oxford/AstraZeneca, Pfizer/BioNTech",4705083,2343652,7048735
2021-06-17,"Johnson&Johnson, Moderna, Oxford/AstraZeneca, Pfizer/BioNTech",4744509,2426755,7171264
2021-06-18,"Johnson&Johnson, Moderna, Oxford/AstraZeneca, Pfizer/BioNTech",4786940,2507339,7294279
2021-06-19,"Johnson&Johnson, Moderna, Oxford/AstraZeneca, Pfizer/BioNTech",4808726,2536674,7345400
2021-06-20,"Johnson&Johnson, Moderna, Oxford/AstraZeneca, Pfizer/BioNTech",4826128,2560540,7386668
2021-06-21,"Johnson&Johnson, Moderna, Oxford/AstraZeneca, Pfizer/BioNTech",4858625,2639156,7497781
2021-06-22,"Johnson&Johnson, Moderna, Oxford/AstraZeneca, Pfizer/BioNTech",4891587,2721466,7613053
2021-06-23,"Johnson&Johnson, Moderna, Oxford/AstraZeneca, Pfizer/BioNTech",4923300,2806713,7730013
2021-06-24,"Johnson&Johnson, Moderna, Oxford/AstraZeneca, Pfizer/BioNTech",4953155,2896747,7849902
2021-06-25,"Johnson&Johnson, Moderna, Oxford/AstraZeneca, Pfizer/BioNTech",4984234,2982929,7967163
2021-06-26,"Johnson&Johnson, Moderna, Oxford/AstraZeneca, Pfizer/BioNTech",5000130,3017812,8017942
2021-06-27,"Johnson&Johnson, Moderna, Oxford/AstraZeneca, Pfizer/BioNTech",5014092,3044524,8058616
2021-06-28,"Johnson&Johnson, Moderna, Oxford/AstraZeneca, Pfizer/BioNTech",5042504,3129710,8172214
2021-06-29,"Johnson&Johnson, Moderna, Oxford/AstraZeneca, Pfizer/BioNTech",5071778,3216209,8287987
2021-06-30,"Johnson&Johnson, Moderna, Oxford/AstraZeneca, Pfizer/BioNTech",5099274,3307235,8406509
2021-07-01,"Johnson&Johnson, Moderna, Oxford/AstraZeneca, Pfizer/BioNTech",5123247,3397306,8520553
2021-07-02,"Johnson&Johnson, Moderna, Oxford/AstraZeneca, Pfizer/BioNTech",5149984,3483213,8633197
2021-07-03,"Johnson&Johnson, Moderna, Oxford/AstraZeneca, Pfizer/BioNTech",5157084,3514777,8671861
2021-07-04,"Johnson&Johnson, Moderna, Oxford/AstraZeneca, Pfizer/BioNTech",5164668,3536597,8701265
2021-07-05,"Johnson&Johnson, Moderna, Oxford/AstraZeneca, Pfizer/BioNTech",5172078,3562008,8734086
2021-07-06,"Johnson&Johnson, Moderna, Oxford/AstraZeneca, Pfizer/BioNTech",5177541,3589723,8767264
2021-07-07,"Johnson&Johnson, Moderna, Oxford/AstraZeneca, Pfizer/BioNTech",5203355,3668697,8872052
2021-07-08,"Johnson&Johnson, Moderna, Oxford/AstraZeneca, Pfizer/BioNTech",5229958,3739030,8968988
2021-07-09,"Johnson&Johnson, Moderna, Oxford/AstraZeneca, Pfizer/BioNTech",5257893,3808347,9066240
2021-07-10,"Johnson&Johnson, Moderna, Oxford/AstraZeneca, Pfizer/BioNTech",5267269,3837015,9104284
2021-07-11,"Johnson&Johnson, Moderna, Oxford/AstraZeneca, Pfizer/BioNTech",5275818,3859902,9135720
2021-07-12,"Johnson&Johnson, Moderna, Oxford/AstraZeneca, Pfizer/BioNTech",5303339,3928957,9232296
2021-07-13,"Johnson&Johnson, Moderna, Oxford/AstraZeneca, Pfizer/BioNTech",5329537,3998818,9328355
2021-07-14,"Johnson&Johnson, Moderna, Oxford/AstraZeneca, Pfizer/BioNTech",5355359,4070814,9426173
2021-07-15,"Johnson&Johnson, Moderna, Oxford/AstraZeneca, Pfizer/BioNTech",5384540,4136809,9521349
2021-07-16,"Johnson&Johnson, Moderna, Oxford/AstraZeneca, Pfizer/BioNTech",5412455,4209531,9621986
2021-07-17,"Johnson&Johnson, Moderna, Oxford/AstraZeneca, Pfizer/BioNTech",5421252,4241005,9662257
2021-07-18,"Johnson&Johnson, Moderna, Oxford/AstraZeneca, Pfizer/BioNTech",5429696,4267012,9696708
2021-07-19,"Johnson&Johnson, Moderna, Oxford/AstraZeneca, Pfizer/BioNTech",5453064,4334036,9787100
2021-07-20,"Johnson&Johnson, Moderna, Oxford/AstraZeneca, Pfizer/BioNTech",5474462,4401093,9875555
2021-07-21,"Johnson&Johnson, Moderna, Oxford/AstraZeneca, Pfizer/BioNTech",5497908,4464520,9962428
2021-07-22,"Johnson&Johnson, Moderna, Oxford/AstraZeneca, Pfizer/BioNTech",5520273,4523131,10043404
2021-07-23,"Johnson&Johnson, Moderna, Oxford/AstraZeneca, Pfizer/BioNTech",5543489,4577868,10121357
2021-07-24,"Johnson&Johnson, Moderna, Oxford/AstraZeneca, Pfizer/BioNTech",5550831,4605542,10156373
2021-07-25,"Johnson&Johnson, Moderna, Oxford/AstraZeneca, Pfizer/BioNTech",5557463,4627680,10185143
2021-07-26,"Johnson&Johnson, Moderna, Oxford/AstraZeneca, Pfizer/BioNTech",5581007,4676358,10257365
2021-07-27,"Johnson&Johnson, Moderna, Oxford/AstraZeneca, Pfizer/BioNTech",5603743,4723002,10326745
2021-07-28,"Johnson&Johnson, Moderna, Oxford/AstraZeneca, Pfizer/BioNTech",5625018,4769006,10394024
2021-07-29,"Johnson&Johnson, Moderna, Oxford/AstraZeneca, Pfizer/BioNTech",5646345,4810979,10457324
2021-07-30,"Johnson&Johnson, Moderna, Oxford/AstraZeneca, Pfizer/BioNTech",5669620,4853552,10523172
2021-07-31,"Johnson&Johnson, Moderna, Oxford/AstraZeneca, Pfizer/BioNTech",5678561,4873089,10551650
2021-08-01,"Johnson&Johnson, Moderna, Oxford/AstraZeneca, Pfizer/BioNTech",5685289,4889270,10574559
2021-08-02,"Johnson&Johnson, Moderna, Oxford/AstraZeneca, Pfizer/BioNTech",5703925,4926820,10630745
2021-08-03,"Johnson&Johnson, Moderna, Oxford/AstraZeneca, Pfizer/BioNTech",5721574,4964927,10686501
2021-08-04,"Johnson&Johnson, Moderna, Oxford/AstraZeneca, Pfizer/BioNTech",5737690,5001699,10739389
2021-08-05,"Johnson&Johnson, Moderna, Oxford/AstraZeneca, Pfizer/BioNTech",5753725,5042188,10795913
2021-08-06,"Johnson&Johnson, Moderna, Oxford/AstraZeneca, Pfizer/BioNTech",5770516,5085476,10855992
2021-08-07,"Johnson&Johnson, Moderna, Oxford/AstraZeneca, Pfizer/BioNTech",5776118,5103656,10879774
2021-08-08,"Johnson&Johnson, Moderna, Oxford/AstraZeneca, Pfizer/BioNTech",5780483,5119416,10899899
2021-08-09,"Johnson&Johnson, Moderna, Oxford/AstraZeneca, Pfizer/BioNTech",5793122,5164479,10957601
2021-08-10,"Johnson&Johnson, Moderna, Oxford/AstraZeneca, Pfizer/BioNTech",5804965,5204051,11009016
2021-08-11,"Johnson&Johnson, Moderna, Oxford/AstraZeneca, Pfizer/BioNTech",5816317,5247175,11063492
2021-08-12,"Johnson&Johnson, Moderna, Oxford/AstraZeneca, Pfizer/BioNTech",5827740,5284312,11112052
2021-08-13,"Johnson&Johnson, Moderna, Oxford/AstraZeneca, Pfizer/BioNTech",5838462,5324648,11163110
2021-08-14,"Johnson&Johnson, Moderna, Oxford/AstraZeneca, Pfizer/BioNTech",5841798,5335359,11177157
2021-08-15,"Johnson&Johnson, Moderna, Oxford/AstraZeneca, Pfizer/BioNTech",5844384,5345745,11190129
2021-08-16,"Johnson&Johnson, Moderna, Oxford/AstraZeneca, Pfizer/BioNTech",5854169,5379812,11233981
2021-08-17,"Johnson&Johnson, Moderna, Oxford/AstraZeneca, Pfizer/BioNTech",5863762,5406908,11270670
2021-08-18,"Johnson&Johnson, Moderna, Oxford/AstraZeneca, Pfizer/BioNTech",5873139,5445784,11318923
2021-08-19,"Johnson&Johnson, Moderna, Oxford/AstraZeneca, Pfizer/BioNTech",5882813,5484132,11366945
2021-08-20,"Johnson&Johnson, Moderna, Oxford/AstraZeneca, Pfizer/BioNTech",5894197,5524300,11418497
2021-08-21,"Johnson&Johnson, Moderna, Oxford/AstraZeneca, Pfizer/BioNTech",5896920,5537064,11433984
2021-08-22,"Johnson&Johnson, Moderna, Oxford/AstraZeneca, Pfizer/BioNTech",5899266,5549032,11448298
2021-08-23,"Johnson&Johnson, Moderna, Oxford/AstraZeneca, Pfizer/BioNTech",5909793,5588294,11498087
2021-08-24,"Johnson&Johnson, Moderna, Oxford/AstraZeneca, Pfizer/BioNTech",5919668,5621543,11541211
2021-08-25,"Johnson&Johnson, Moderna, Oxford/AstraZeneca, Pfizer/BioNTech",5928533,5649918,11578451
2021-08-26,"Johnson&Johnson, Moderna, Oxford/AstraZeneca, Pfizer/BioNTech",5936983,5676043,11613026
2021-08-27,"Johnson&Johnson, Moderna, Oxford/AstraZeneca, Pfizer/BioNTech",5947310,5702012,11649322
2021-08-28,"Johnson&Johnson, Moderna, Oxford/AstraZeneca, Pfizer/BioNTech",5950042,5709067,11659109
2021-08-29,"Johnson&Johnson, Moderna, Oxford/AstraZeneca, Pfizer/BioNTech",5952455,5715685,11668140
2021-08-30,"Johnson&Johnson, Moderna, Oxford/AstraZeneca, Pfizer/BioNTech",5960982,5737556,11698538
2021-08-31,"Johnson&Johnson, Moderna, Oxford/AstraZeneca, Pfizer/BioNTech",5968661,5755657,11724318
2021-09-01,"Johnson&Johnson, Moderna, Oxford/AstraZeneca, Pfizer/BioNTech",5974557,5769666,11744223
2021-09-02,"Johnson&Johnson, Moderna, Oxford/AstraZeneca, Pfizer/BioNTech",5981395,5784047,11765442
2021-09-03,"Johnson&Johnson, Moderna, Oxford/AstraZeneca, Pfizer/BioNTech",5990956,5799767,11790723
2021-09-04,"Johnson&Johnson, Moderna, Oxford/AstraZeneca, Pfizer/BioNTech",5993024,5803321,11796345
2021-09-05,"Johnson&Johnson, Moderna, Oxford/AstraZeneca, Pfizer/BioNTech",5995063,5806168,11801231
2021-09-06,"Johnson&Johnson, Moderna, Oxford/AstraZeneca, Pfizer/BioNTech",6001299,5818700,11819999
2021-09-07,"Johnson&Johnson, Moderna, Oxford/AstraZeneca, Pfizer/BioNTech",6005693,5829777,11835470
2021-09-08,"Johnson&Johnson, Moderna, Oxford/AstraZeneca, Pfizer/BioNTech",6011369,5839635,11851004
2021-09-09,"Johnson&Johnson, Moderna, Oxford/AstraZeneca, Pfizer/BioNTech",6018067,5849700,11867767
2021-09-10,"Johnson&Johnson, Moderna, Oxford/AstraZeneca, Pfizer/BioNTech",6025758,5861870,11887628
2021-09-11,"Johnson&Johnson, Moderna, Oxford/AstraZeneca, Pfizer/BioNTech",6027622,5864351,11891973
2021-09-12,"Johnson&Johnson, Moderna, Oxford/AstraZeneca, Pfizer/BioNTech",6028740,5865983,11894723
2021-09-13,"Johnson&Johnson, Moderna, Oxford/AstraZeneca, Pfizer/BioNTech",6034169,5876280,11910449
2021-09-14,"Johnson&Johnson, Moderna, Oxford/AstraZeneca, Pfizer/BioNTech",6039567,5885297,11924864
2021-09-15,"Johnson&Johnson, Moderna, Oxford/AstraZeneca, Pfizer/BioNTech",6044767,5893823,11938590
2021-09-16,"Johnson&Johnson, Moderna, Oxford/AstraZeneca, Pfizer/BioNTech",6050115,5902096,11952211
2021-09-17,"Johnson&Johnson, Moderna, Oxford/AstraZeneca, Pfizer/BioNTech",6056683,5912329,11969012
2021-09-18,"Johnson&Johnson, Moderna, Oxford/AstraZeneca, Pfizer/BioNTech",6058410,5914687,11973097
2021-09-19,"Johnson&Johnson, Moderna, Oxford/AstraZeneca, Pfizer/BioNTech",6059357,5916255,11975612
2021-09-20,"Johnson&Johnson, Moderna, Oxford/AstraZeneca, Pfizer/BioNTech",6063373,5924451,11987824
2021-09-21,"Johnson&Johnson, Moderna, Oxford/AstraZeneca, Pfizer/BioNTech",6067608,5931982,11999590
2021-09-22,"Johnson&Johnson, Moderna, Oxford/AstraZeneca, Pfizer/BioNTech",6071798,5937493,12009291
2021-09-23,"Johnson&Johnson, Moderna, Oxford/AstraZeneca, Pfizer/BioNTech",6076770,5943896,12020666
2021-09-24,"Johnson&Johnson, Moderna, Oxford/AstraZeneca, Pfizer/BioNTech",6082529,5953516,12036045
2021-09-25,"Johnson&Johnson, Moderna, Oxford/AstraZeneca, Pfizer/BioNTech",6084024,5955515,12039539
2021-09-26,"Johnson&Johnson, Moderna, Oxford/AstraZeneca, Pfizer/BioNTech",6084768,5957152,12041920
2021-09-27,"Johnson&Johnson, Moderna, Oxford/AstraZeneca, Pfizer/BioNTech",6088647,5963662,12052309
2021-09-28,"Johnson&Johnson, Moderna, Pfizer/BioNTech",6089014,5964286,12053300
2021-09-29,"Johnson&Johnson, Moderna, Oxford/AstraZeneca, Pfizer/BioNTech",6092790,5971744,12064534
2021-09-30,"Johnson&Johnson, Moderna, Oxford/AstraZeneca, Pfizer/BioNTech",6097296,5979439,12076735
2021-10-01,"Johnson&Johnson, Moderna, Oxford/AstraZeneca, Pfizer/BioNTech",6101600,5987416,12089016
2021-10-02,"Johnson&Johnson, Moderna, Oxford/AstraZeneca, Pfizer/BioNTech",6102664,5988957,12091621
2021-10-03,"Johnson&Johnson, Moderna, Oxford/AstraZeneca, Pfizer/BioNTech",6103389,5989826,12093215
2021-10-04,"Johnson&Johnson, Moderna, Oxford/AstraZeneca, Pfizer/BioNTech",6106466,5995392,12101858
2021-10-05,"Johnson&Johnson, Moderna, Oxford/AstraZeneca, Pfizer/BioNTech",6109628,6000476,12110104
2021-10-06,"Johnson&Johnson, Moderna, Oxford/AstraZeneca, Pfizer/BioNTech",6113146,6005645,12118791
2021-10-07,"Johnson&Johnson, Moderna, Oxford/AstraZeneca, Pfizer/BioNTech",6116427,6010903,12127330
2021-10-08,"Johnson&Johnson, Moderna, Oxford/AstraZeneca, Pfizer/BioNTech",6121221,6017540,12138761
2021-10-09,"Johnson&Johnson, Moderna, Oxford/AstraZeneca, Pfizer/BioNTech",6122465,6019198,12141663
2021-10-10,"Johnson&Johnson, Moderna, Oxford/AstraZeneca, Pfizer/BioNTech",6123408,6020029,12143437
2021-10-11,"Johnson&Johnson, Moderna, Oxford/AstraZeneca, Pfizer/BioNTech",6126339,6024443,12150782
2021-10-12,"Johnson&Johnson, Moderna, Oxford/AstraZeneca, Pfizer/BioNTech",6129269,6028447,12157716
2021-10-13,"Johnson&Johnson, Moderna, Oxford/AstraZeneca, Pfizer/BioNTech",6132800,6032631,12165431
2021-10-14,"Johnson&Johnson, Moderna, Oxford/AstraZeneca, Pfizer/BioNTech",6136474,6037579,12174053
2021-10-15,"Johnson&Johnson, Moderna, Oxford/AstraZeneca, Pfizer/BioNTech",6141705,6043723,12185428
2021-10-16,"Johnson&Johnson, Moderna, Oxford/AstraZeneca, Pfizer/BioNTech",6143120,6045250,12188370
2021-10-17,"Johnson&Johnson, Moderna, Pfizer/BioNTech",6144447,6046303,12190750
2021-10-18,"Johnson&Johnson, Moderna, Oxford/AstraZeneca, Pfizer/BioNTech",6148564,6050398,12198962
2021-10-19,"Johnson&Johnson, Moderna, Oxford/AstraZeneca, Pfizer/BioNTech",6152142,6052494,12204636
2021-10-20,"Johnson&Johnson, Moderna, Oxford/AstraZeneca, Pfizer/BioNTech",6157021,6056941,12213962
2021-10-21,"Johnson&Johnson, Moderna, Oxford/AstraZeneca, Pfizer/BioNTech",6164789,6062542,12227331
2021-10-22,"Johnson&Johnson, Moderna, Oxford/AstraZeneca, Pfizer/BioNTech",6175244,6069044,12244288
2021-10-23,"Johnson&Johnson, Moderna, Oxford/AstraZeneca, Pfizer/BioNTech",6178919,6071250,12250169
2021-10-24,"Johnson&Johnson, Moderna, Oxford/AstraZeneca, Pfizer/BioNTech",6181602,6073030,12254632
2021-10-25,"Johnson&Johnson, Moderna, Oxford/AstraZeneca, Pfizer/BioNTech",6192098,6078834,12270932
2021-10-26,"Johnson&Johnson, Moderna, Oxford/AstraZeneca, Pfizer/BioNTech",6204092,6085381,12289473
2021-10-27,"Johnson&Johnson, Moderna, Oxford/AstraZeneca, Pfizer/BioNTech",6218702,6092783,12311485
2021-10-28,"Johnson&Johnson, Moderna, Oxford/AstraZeneca, Pfizer/BioNTech",6222124,6094466,12316590
2021-10-29,"Johnson&Johnson, Moderna, Oxford/AstraZeneca, Pfizer/BioNTech",6236560,6102448,12339008
2021-10-30,"Johnson&Johnson, Moderna, Oxford/AstraZeneca, Pfizer/BioNTech",6241089,6105372,12346461
2021-10-31,"Johnson&Johnson, Moderna, Oxford/AstraZeneca, Pfizer/BioNTech",6244851,6107843,12352694
2021-11-01,"Johnson&Johnson, Moderna, Oxford/AstraZeneca, Pfizer/BioNTech",6260050,6115534,12375584
2021-11-02,"Johnson&Johnson, Moderna, Oxford/AstraZeneca, Pfizer/BioNTech",6275500,6123090,12398590
2021-11-03,"Johnson&Johnson, Moderna, Oxford/AstraZeneca, Pfizer/BioNTech",6292681,6130385,12423066
2021-11-04,"Johnson&Johnson, Moderna, Oxford/AstraZeneca, Pfizer/BioNTech",6311035,6138552,12449587
2021-11-05,"Johnson&Johnson, Moderna, Oxford/AstraZeneca, Pfizer/BioNTech",6333834,6149832,12483666
2021-11-06,"Johnson&Johnson, Moderna, Oxford/AstraZeneca, Pfizer/BioNTech",6340345,6152884,12493229
2021-11-07,"Johnson&Johnson, Moderna, Oxford/AstraZeneca, Pfizer/BioNTech",6344366,6155320,12499686
2021-11-08,"Johnson&Johnson, Moderna, Oxford/AstraZeneca, Pfizer/BioNTech",6360636,6162952,12523588
2021-11-09,"Johnson&Johnson, Moderna, Oxford/AstraZeneca, Pfizer/BioNTech",6375445,6170245,12545690
2021-11-10,"Johnson&Johnson, Moderna, Oxford/AstraZeneca, Pfizer/BioNTech",6391188,6177624,12568812
2021-11-11,"Johnson&Johnson, Moderna, Oxford/AstraZeneca, Pfizer/BioNTech",6406658,6186726,12593384
2021-11-12,"Johnson&Johnson, Moderna, Oxford/AstraZeneca, Pfizer/BioNTech",6426469,6199526,12625995
2021-11-13,"Johnson&Johnson, Moderna, Oxford/AstraZeneca, Pfizer/BioNTech",6431861,6203397,12635258
2021-11-14,"Johnson&Johnson, Moderna, Oxford/AstraZeneca, Pfizer/BioNTech",6435753,6206399,12642152
2021-11-15,"Johnson&Johnson, Moderna, Oxford/AstraZeneca, Pfizer/BioNTech",6450827,6217090,12667917
2021-11-16,"Johnson&Johnson, Moderna, Oxford/AstraZeneca, Pfizer/BioNTech",6468366,6229069,12697435
2021-11-17,"Johnson&Johnson, Moderna, Oxford/AstraZeneca, Pfizer/BioNTech",6472608,6232632,12705240
2021-11-18,"Johnson&Johnson, Moderna, Oxford/AstraZeneca, Pfizer/BioNTech",6492026,6244318,12736344
2021-11-19,"Johnson&Johnson, Moderna, Oxford/AstraZeneca, Pfizer/BioNTech",6516636,6261293,12777929
2021-11-20,"Johnson&Johnson, Moderna, Oxford/AstraZeneca, Pfizer/BioNTech",6525212,6266272,12791484
2021-11-21,"Johnson&Johnson, Moderna, Pfizer/BioNTech",6531983,6270043,12802026
2021-11-22,"Johnson&Johnson, Moderna, Oxford/AstraZeneca, Pfizer/BioNTech",6550497,6284153,12834650
2021-11-23,"Johnson&Johnson, Moderna, Oxford/AstraZeneca, Pfizer/BioNTech",6569558,6297411,12866969
2021-11-24,"Johnson&Johnson, Moderna, Oxford/AstraZeneca, Pfizer/BioNTech",6588571,6313256,12901827
2021-11-25,"Johnson&Johnson, Moderna, Oxford/AstraZeneca, Pfizer/BioNTech",6607719,6328285,12936004
2021-11-26,"Johnson&Johnson, Moderna, Oxford/AstraZeneca, Pfizer/BioNTech",6629374,6347426,12976800
2021-11-27,"Johnson&Johnson, Moderna, Oxford/AstraZeneca, Pfizer/BioNTech",6636847,6352981,12989828
2021-11-28,"Johnson&Johnson, Moderna, Oxford/AstraZeneca, Pfizer/BioNTech",6640183,6356116,12996299
2021-11-29,"Johnson&Johnson, Moderna, Oxford/AstraZeneca, Pfizer/BioNTech",6655390,6369772,13025162
2021-11-30,"Johnson&Johnson, Moderna, Oxford/AstraZeneca, Pfizer/BioNTech",6668590,6381004,13049594
2021-12-01,"Johnson&Johnson, Moderna, Oxford/AstraZeneca, Pfizer/BioNTech",6682623,6393458,13076081
2021-12-02,"Johnson&Johnson, Moderna, Oxford/AstraZeneca, Pfizer/BioNTech",6693258,6405949,13099207
2021-12-03,"Johnson&Johnson, Moderna, Oxford/AstraZeneca, Pfizer/BioNTech",6702899,6421523,13124422
2021-12-04,"Johnson&Johnson, Moderna, Pfizer/BioNTech",6705458,6425472,13130930
2021-12-05,"Johnson&Johnson, Moderna, Oxford/AstraZeneca, Pfizer/BioNTech",6706818,6427812,13134630
2021-12-06,"Johnson&Johnson, Moderna, Oxford/AstraZeneca, Pfizer/BioNTech",6714964,6439335,13154299
2021-12-07,"Johnson&Johnson, Moderna, Oxford/AstraZeneca, Pfizer/BioNTech",6722853,6451346,13174199
2021-12-08,"Johnson&Johnson, Moderna, Oxford/AstraZeneca, Pfizer/BioNTech",6731090,6457276,13188366
2021-12-09,"Johnson&Johnson, Moderna, Oxford/AstraZeneca, Pfizer/BioNTech",6738209,6470096,13208305
2021-12-10,"Johnson&Johnson, Moderna, Oxford/AstraZeneca, Pfizer/BioNTech",6745143,6487899,13233042
2021-12-11,"Johnson&Johnson, Moderna, Pfizer/BioNTech",6746800,6493170,13239970
2021-12-12,"Johnson&Johnson, Moderna, Oxford/AstraZeneca, Pfizer/BioNTech",6748109,6497603,13245712
2021-12-13,"Johnson&Johnson, Moderna, Oxford/AstraZeneca, Pfizer/BioNTech",6754458,6510913,13265371
2021-12-14,"Johnson&Johnson, Moderna, Oxford/AstraZeneca, Pfizer/BioNTech",6760669,6524581,13285250
2021-12-15,"Johnson&Johnson, Moderna, Oxford/AstraZeneca, Pfizer/BioNTech",6766871,6538182,13305053
2021-12-16,"Johnson&Johnson, Moderna, Oxford/AstraZeneca, Pfizer/BioNTech",6773808,6553015,13326823
2021-12-17,"Johnson&Johnson, Moderna, Oxford/AstraZeneca, Pfizer/BioNTech",6782173,6570276,13352449
2021-12-18,"Johnson&Johnson, Moderna, Oxford/AstraZeneca, Pfizer/BioNTech",6784782,6575726,13360508
2021-12-19,"Johnson&Johnson, Moderna, Pfizer/BioNTech",6786553,6578230,13364783
2021-12-20,"Johnson&Johnson, Moderna, Oxford/AstraZeneca, Pfizer/BioNTech",6792394,6592296,13384690
2021-12-21,"Johnson&Johnson, Moderna, Oxford/AstraZeneca, Pfizer/BioNTech",6799054,6604286,13403340
2021-12-22,"Johnson&Johnson, Moderna, Oxford/AstraZeneca, Pfizer/BioNTech",6804096,6617341,13421437
2021-12-23,"Johnson&Johnson, Moderna, Oxford/AstraZeneca, Pfizer/BioNTech",6806964,6622943,13429907
2021-12-24,"Johnson&Johnson, Moderna, Oxford/AstraZeneca, Pfizer/BioNTech",6807010,6623043,13430053
2021-12-25,"Moderna, Pfizer/BioNTech",6807011,6623051,13430062
2021-12-26,"Moderna, Pfizer/BioNTech",6807112,6623252,13430364
2021-12-27,"Johnson&Johnson, Moderna, Pfizer/BioNTech",6810973,6632994,13443967
2021-12-28,"Johnson&Johnson, Moderna, Oxford/AstraZeneca, Pfizer/BioNTech",6816211,6640985,13457196
2021-12-29,"Johnson&Johnson, Moderna, Oxford/AstraZeneca, Pfizer/BioNTech",6820491,6648703,13469194
2021-12-30,"Johnson&Johnson, Moderna, Pfizer/BioNTech",6824792,6654133,13478925
2021-12-31,"Johnson&Johnson, Moderna, Pfizer/BioNTech",6825298,6655556,13480854
2022-01-01,"Johnson&Johnson, Moderna, Pfizer/BioNTech",6825303,6655574,13480877
2022-01-02,"Johnson&Johnson, Moderna, Pfizer/BioNTech",6826157,6656952,13483109
2022-01-03,"Johnson&Johnson, Moderna, Oxford/AstraZeneca, Pfizer/BioNTech",6830291,6665849,13496140
2022-01-04,"Johnson&Johnson, Moderna, Oxford/AstraZeneca, Pfizer/BioNTech",6835381,6673599,13508980
2022-01-05,"Johnson&Johnson, Moderna, Oxford/AstraZeneca, Pfizer/BioNTech",6841190,6681557,13522747
2022-01-06,"Johnson&Johnson, Moderna, Oxford/AstraZeneca, Pfizer/BioNTech",6847773,6689961,13537734
2022-01-07,"Johnson&Johnson, Moderna, Oxford/AstraZeneca, Pfizer/BioNTech",6855644,6700307,13555951
2022-01-08,"Johnson&Johnson, Moderna, Oxford/AstraZeneca, Pfizer/BioNTech",6858128,6703087,13561215
2022-01-09,"Johnson&Johnson, Moderna, Pfizer/BioNTech",6859207,6704778,13563985
2022-01-10,"Johnson&Johnson, Moderna, Oxford/AstraZeneca, Pfizer/BioNTech",6863700,6710963,13574663
2022-01-11,"Johnson&Johnson, Moderna, Oxford/AstraZeneca, Pfizer/BioNTech",6869137,6717714,13586851
2022-01-12,"Johnson&Johnson, Moderna, Oxford/AstraZeneca, Pfizer/BioNTech",6875091,6723356,13598447
2022-01-13,"Johnson&Johnson, Moderna, Oxford/AstraZeneca, Pfizer/BioNTech",6880986,6728125,13609111
2022-01-14,"Johnson&Johnson, Moderna, Oxford/AstraZeneca, Pfizer/BioNTech",6887289,6731754,13619043
2022-01-15,"Johnson&Johnson, Moderna, Oxford/AstraZeneca, Pfizer/BioNTech",6888567,6732408,13620975
2022-01-16,"Johnson&Johnson, Moderna, Oxford/AstraZeneca, Pfizer/BioNTech",6889255,6732846,13622101
2022-01-17,"Johnson&Johnson, Moderna, Oxford/AstraZeneca, Pfizer/BioNTech",6892796,6736796,13629592
2022-01-18,"Johnson&Johnson, Moderna, Oxford/AstraZeneca, Pfizer/BioNTech",6896651,6741746,13638397
2022-01-19,"Johnson&Johnson, Moderna, Oxford/AstraZeneca, Pfizer/BioNTech",6900718,6745685,13646403
2022-01-20,"Johnson&Johnson, Moderna, Oxford/AstraZeneca, Pfizer/BioNTech",6904313,6750123,13654436
2022-01-21,"Johnson&Johnson, Moderna, Oxford/AstraZeneca, Pfizer/BioNTech",6908310,6752650,13660960
2022-01-22,"Johnson&Johnson, Moderna, Pfizer/BioNTech",6909089,6753088,13662177
2022-01-23,"Johnson&Johnson, Moderna, Pfizer/BioNTech",6909650,6753723,13663373
2022-01-24,"Johnson&Johnson, Moderna, Oxford/AstraZeneca, Pfizer/BioNTech",6911906,6757158,13669064
2022-01-25,"Johnson&Johnson, Moderna, Oxford/AstraZeneca, Pfizer/BioNTech",6914265,6761148,13675413
2022-01-26,"Johnson&Johnson, Moderna, Oxford/AstraZeneca, Pfizer/BioNTech",6916646,6765710,13682356
2022-01-27,"Johnson&Johnson, Moderna, Oxford/AstraZeneca, Pfizer/BioNTech",6918974,6770519,13689493
2022-01-28,"Johnson&Johnson, Moderna, Oxford/AstraZeneca, Pfizer/BioNTech",6921880,6776665,13698545
2022-01-29,"Johnson&Johnson, Moderna, Pfizer/BioNTech",6922480,6778312,13700792
2022-01-30,"Johnson&Johnson, Moderna, Pfizer/BioNTech",6922708,6779087,13701795
2022-01-31,"Johnson&Johnson, Moderna, Pfizer/BioNTech",6924238,6783003,13707241
2022-02-01,"Johnson&Johnson, Moderna, Pfizer/BioNTech",6925817,6787025,13712842
2022-02-02,"Johnson&Johnson, Moderna, Pfizer/BioNTech",6927385,6791518,13718903
2022-02-03,"Johnson&Johnson, Moderna, Pfizer/BioNTech",6928759,6796000,13724759
2022-02-04,"Johnson&Johnson, Moderna, Pfizer/BioNTech",6930359,6801106,13731465
2022-02-05,"Johnson&Johnson, Moderna, Pfizer/BioNTech",6930541,6801715,13732256
2022-02-06,"Johnson&Johnson, Moderna, Pfizer/BioNTech",6930635,6802034,13732669
2022-02-07,"Johnson&Johnson, Moderna, Pfizer/BioNTech",6931331,6805230,13736561
2022-02-08,"Johnson&Johnson, Moderna, Pfizer/BioNTech",6932109,6808405,13740514
2022-02-09,"Johnson&Johnson, Moderna, Pfizer/BioNTech",6932920,6811764,13744684
2022-02-10,"Johnson&Johnson, Moderna, Pfizer/BioNTech",6933700,6814866,13748566
2022-02-11,"Johnson&Johnson, Moderna, Pfizer/BioNTech",6934627,6818769,13753396
2022-02-12,"Johnson&Johnson, Moderna, Pfizer/BioNTech",6934737,6819184,13753921
2022-02-13,"Johnson&Johnson, Moderna, Pfizer/BioNTech",6934775,6819621,13754396
2022-02-14,"Johnson&Johnson, Moderna, Pfizer/BioNTech",6935216,6821708,13756924
2022-02-15,"Johnson&Johnson, Moderna, Pfizer/BioNTech",6935757,6823893,13759650
2022-02-16,"Johnson&Johnson, Moderna, Pfizer/BioNTech",6936333,6825975,13762308
2022-02-17,"Johnson&Johnson, Moderna, Pfizer/BioNTech",6936916,6828281,13765197
2022-02-18,"Johnson&Johnson, Moderna, Pfizer/BioNTech",6937537,6831261,13768798
2022-02-19,"Johnson&Johnson, Moderna, Pfizer/BioNTech",6937618,6831541,13769159
2022-02-20,"Johnson&Johnson, Moderna, Pfizer/BioNTech",6937651,6831678,13769329
