date,vaccine,people_vaccinated,people_fully_vaccinated,total_vaccinations
2020-12-27,Pfizer/BioNTech,1258,0,1258
2020-12-28,Pfizer/BioNTech,3558,0,3558
2020-12-29,Pfizer/BioNTech,7012,0,7012
2020-12-30,Pfizer/BioNTech,10499,0,10499
2020-12-31,Pfizer/BioNTech,11804,0,11804
2021-01-01,Pfizer/BioNTech,12066,0,12066
2021-01-02,Pfizer/BioNTech,13335,0,13335
2021-01-03,Pfizer/BioNTech,14250,0,14250
2021-01-04,Pfizer/BioNTech,17837,0,17837
2021-01-05,Pfizer/BioNTech,22336,0,22336
2021-01-06,Pfizer/BioNTech,28166,0,28166
2021-01-07,Pfizer/BioNTech,36122,0,36122
2021-01-08,Pfizer/BioNTech,46083,0,46083
2021-01-09,Pfizer/BioNTech,48098,0,48098
2021-01-10,Pfizer/BioNTech,49853,0,49853
2021-01-11,Pfizer/BioNTech,59666,0,59666
2021-01-12,Pfizer/BioNTech,73060,0,73060
2021-01-13,Pfizer/BioNTech,86553,0,86553
2021-01-14,"Moderna, Pfizer/BioNTech",101734,0,101734
2021-01-15,"Moderna, Pfizer/BioNTech",115688,0,115688
2021-01-16,"Moderna, Pfizer/BioNTech",119063,2,119065
2021-01-17,"Moderna, Pfizer/BioNTech",121662,639,122301
2021-01-18,"Moderna, Pfizer/BioNTech",134129,2457,136586
2021-01-19,"Moderna, Pfizer/BioNTech",146648,5164,151812
2021-01-20,"Moderna, Pfizer/BioNTech",160272,7802,168074
2021-01-21,"Moderna, Pfizer/BioNTech",175865,9531,185396
2021-01-22,"Moderna, Pfizer/BioNTech",190675,10572,201247
2021-01-23,"Moderna, Pfizer/BioNTech",193968,11442,205410
2021-01-24,"Moderna, Pfizer/BioNTech",196212,12308,208520
2021-01-25,"Moderna, Pfizer/BioNTech",205818,15270,221088
2021-01-26,"Moderna, Pfizer/BioNTech",216324,19238,235562
2021-01-27,"Moderna, Pfizer/BioNTech",225323,23744,249067
2021-01-28,"Moderna, Pfizer/BioNTech",232376,29844,262220
2021-01-29,"Moderna, Pfizer/BioNTech",238564,37694,276258
2021-01-30,"Moderna, Pfizer/BioNTech",239288,38779,278067
2021-01-31,"Moderna, Pfizer/BioNTech",239991,39953,279944
2021-02-01,"Moderna, Pfizer/BioNTech",243948,47853,291801
2021-02-02,"Moderna, Pfizer/BioNTech",248068,58053,306121
2021-02-03,"Moderna, Pfizer/BioNTech",252460,69021,321481
2021-02-04,"Moderna, Pfizer/BioNTech",257343,81963,339306
2021-02-05,"Moderna, Pfizer/BioNTech",262784,92601,355385
2021-02-06,"Moderna, Pfizer/BioNTech",263621,94943,358564
2021-02-07,"Moderna, Pfizer/BioNTech",264469,97420,361889
2021-02-08,"Moderna, Pfizer/BioNTech",268502,108789,377291
2021-02-09,"Moderna, Oxford/AstraZeneca, Pfizer/BioNTech",273574,120693,394267
2021-02-10,"Moderna, Pfizer/BioNTech",279049,133882,412931
2021-02-11,"Moderna, Oxford/AstraZeneca, Pfizer/BioNTech",285339,150030,435369
2021-02-12,"Moderna, Oxford/AstraZeneca, Pfizer/BioNTech",292058,164693,456751
2021-02-13,"Moderna, Oxford/AstraZeneca, Pfizer/BioNTech",293643,167669,461312
2021-02-14,"Moderna, Oxford/AstraZeneca, Pfizer/BioNTech",294633,169042,463675
2021-02-15,"Moderna, Oxford/AstraZeneca, Pfizer/BioNTech",301012,178360,479372
2021-02-16,"Moderna, Oxford/AstraZeneca, Pfizer/BioNTech",309703,187390,497093
2021-02-17,"Moderna, Oxford/AstraZeneca, Pfizer/BioNTech",319373,195651,515024
2021-02-18,"Moderna, Oxford/AstraZeneca, Pfizer/BioNTech",331653,203658,535311
2021-02-19,"Moderna, Oxford/AstraZeneca, Pfizer/BioNTech",343479,210955,554434
2021-02-20,"Moderna, Oxford/AstraZeneca, Pfizer/BioNTech",345447,212121,557568
2021-02-21,"Moderna, Oxford/AstraZeneca, Pfizer/BioNTech",346551,213130,559681
2021-02-22,"Moderna, Oxford/AstraZeneca, Pfizer/BioNTech",356643,219124,575767
2021-02-23,"Moderna, Oxford/AstraZeneca, Pfizer/BioNTech",369527,226062,595589
2021-02-24,"Moderna, Oxford/AstraZeneca, Pfizer/BioNTech",383355,232063,615418
2021-02-25,"Moderna, Oxford/AstraZeneca, Pfizer/BioNTech",401291,237586,638877
2021-02-26,"Moderna, Oxford/AstraZeneca, Pfizer/BioNTech",417417,242901,660318
2021-02-27,"Moderna, Oxford/AstraZeneca, Pfizer/BioNTech",420412,243449,663861
2021-02-28,"Moderna, Oxford/AstraZeneca, Pfizer/BioNTech",422753,243994,666747
2021-03-01,"Moderna, Oxford/AstraZeneca, Pfizer/BioNTech",442241,247398,689639
2021-03-02,"Moderna, Oxford/AstraZeneca, Pfizer/BioNTech",469398,250924,720322
2021-03-03,"Moderna, Oxford/AstraZeneca, Pfizer/BioNTech",500156,255400,755556
2021-03-04,"Moderna, Oxford/AstraZeneca, Pfizer/BioNTech",533293,260056,793349
2021-03-05,"Johnson&Johnson, Moderna, Oxford/AstraZeneca, Pfizer/BioNTech",561999,265432,827431
2021-03-06,"Moderna, Oxford/AstraZeneca, Pfizer/BioNTech",574089,266271,840360
2021-03-07,"Johnson&Johnson, Moderna, Oxford/AstraZeneca, Pfizer/BioNTech",585475,267100,852575
2021-03-08,"Moderna, Oxford/AstraZeneca, Pfizer/BioNTech",615070,271914,886984
2021-03-09,"Moderna, Oxford/AstraZeneca, Pfizer/BioNTech",651229,278264,929493
2021-03-10,"Moderna, Oxford/AstraZeneca, Pfizer/BioNTech",692352,285188,977540
2021-03-11,"Moderna, Oxford/AstraZeneca, Pfizer/BioNTech",736999,293520,1030519
2021-03-12,"Moderna, Oxford/AstraZeneca, Pfizer/BioNTech",775617,301952,1077569
2021-03-13,"Moderna, Oxford/AstraZeneca, Pfizer/BioNTech",792637,303237,1095874
2021-03-14,"Moderna, Oxford/AstraZeneca, Pfizer/BioNTech",804704,304368,1109072
2021-03-15,"Moderna, Oxford/AstraZeneca, Pfizer/BioNTech",832972,313123,1146095
2021-03-16,"Moderna, Oxford/AstraZeneca, Pfizer/BioNTech",871751,323609,1195360
2021-03-17,"Moderna, Oxford/AstraZeneca, Pfizer/BioNTech",909127,334073,1243200
2021-03-18,"Johnson&Johnson, Moderna, Oxford/AstraZeneca, Pfizer/BioNTech",946946,346445,1293391
2021-03-19,"Moderna, Oxford/AstraZeneca, Pfizer/BioNTech",981250,360016,1341266
2021-03-20,"Moderna, Oxford/AstraZeneca, Pfizer/BioNTech",996321,362025,1358346
2021-03-21,"Moderna, Oxford/AstraZeneca, Pfizer/BioNTech",1003693,363563,1367256
2021-03-22,"Johnson&Johnson, Moderna, Oxford/AstraZeneca, Pfizer/BioNTech",1028041,375999,1404040
2021-03-23,"Johnson&Johnson, Moderna, Oxford/AstraZeneca, Pfizer/BioNTech",1054527,389301,1443828
2021-03-24,"Moderna, Oxford/AstraZeneca, Pfizer/BioNTech",1081298,404961,1486259
2021-03-25,"Moderna, Oxford/AstraZeneca, Pfizer/BioNTech",1107529,422767,1530296
2021-03-26,"Moderna, Oxford/AstraZeneca, Pfizer/BioNTech",1132241,440210,1572451
2021-03-27,"Johnson&Johnson, Moderna, Oxford/AstraZeneca, Pfizer/BioNTech",1140636,445034,1585670
2021-03-28,"Moderna, Oxford/AstraZeneca, Pfizer/BioNTech",1146160,449156,1595316
2021-03-29,"Johnson&Johnson, Moderna, Oxford/AstraZeneca, Pfizer/BioNTech",1165160,469781,1634941
2021-03-30,"Moderna, Oxford/AstraZeneca, Pfizer/BioNTech",1189748,491880,1681628
2021-03-31,"Johnson&Johnson, Moderna, Oxford/AstraZeneca, Pfizer/BioNTech",1212723,518873,1731596
2021-04-01,"Johnson&Johnson, Moderna, Oxford/AstraZeneca, Pfizer/BioNTech",1238210,550778,1788988
2021-04-02,"Johnson&Johnson, Moderna, Oxford/AstraZeneca, Pfizer/BioNTech",1245044,563522,1808566
2021-04-03,"Moderna, Oxford/AstraZeneca, Pfizer/BioNTech",1248606,574413,1823019
2021-04-04,"Moderna, Oxford/AstraZeneca, Pfizer/BioNTech",1251070,583194,1834264
2021-04-05,"Johnson&Johnson, Moderna, Oxford/AstraZeneca, Pfizer/BioNTech",1253398,590344,1843742
2021-04-06,"Johnson&Johnson, Moderna, Oxford/AstraZeneca, Pfizer/BioNTech",1269428,619506,1888934
2021-04-07,"Johnson&Johnson, Moderna, Oxford/AstraZeneca, Pfizer/BioNTech",1292718,641596,1934314
2021-04-08,"Johnson&Johnson, Moderna, Oxford/AstraZeneca, Pfizer/BioNTech",1331146,672423,2003569
2021-04-09,"Johnson&Johnson, Moderna, Oxford/AstraZeneca, Pfizer/BioNTech",1370340,702400,2072740
2021-04-10,"Johnson&Johnson, Moderna, Oxford/AstraZeneca, Pfizer/BioNTech",1385675,717646,2103321
2021-04-11,"Johnson&Johnson, Moderna, Oxford/AstraZeneca, Pfizer/BioNTech",1395383,727646,2123029
2021-04-12,"Moderna, Oxford/AstraZeneca, Pfizer/BioNTech",1433395,752552,2185947
2021-04-13,"Moderna, Oxford/AstraZeneca, Pfizer/BioNTech",1469440,778438,2247878
2021-04-14,"Moderna, Oxford/AstraZeneca, Pfizer/BioNTech",1508099,805723,2313822
2021-04-15,"Moderna, Oxford/AstraZeneca, Pfizer/BioNTech",1555734,831371,2387105
2021-04-16,"Johnson&Johnson, Moderna, Oxford/AstraZeneca, Pfizer/BioNTech",1600202,856932,2457134
2021-04-17,"Moderna, Oxford/AstraZeneca, Pfizer/BioNTech",1616776,865922,2482698
2021-04-18,"Moderna, Oxford/AstraZeneca, Pfizer/BioNTech",1629694,870873,2500567
2021-04-19,"Moderna, Oxford/AstraZeneca, Pfizer/BioNTech",1673529,886232,2559761
2021-04-20,"Moderna, Oxford/AstraZeneca, Pfizer/BioNTech",1715584,902020,2617604
2021-04-21,"Johnson&Johnson, Moderna, Oxford/AstraZeneca, Pfizer/BioNTech",1763224,916250,2679474
2021-04-22,"Johnson&Johnson, Moderna, Oxford/AstraZeneca, Pfizer/BioNTech",1817608,933545,2751153
2021-04-23,"Johnson&Johnson, Moderna, Oxford/AstraZeneca, Pfizer/BioNTech",1867475,945508,2812983
2021-04-24,"Johnson&Johnson, Moderna, Oxford/AstraZeneca, Pfizer/BioNTech",1885247,950707,2835954
2021-04-25,"Johnson&Johnson, Moderna, Oxford/AstraZeneca, Pfizer/BioNTech",1899891,954688,2854579
2021-04-26,"Johnson&Johnson, Moderna, Oxford/AstraZeneca, Pfizer/BioNTech",1949374,962194,2911568
2021-04-27,"Johnson&Johnson, Moderna, Oxford/AstraZeneca, Pfizer/BioNTech",1998254,974322,2972576
2021-04-28,"Johnson&Johnson, Moderna, Oxford/AstraZeneca, Pfizer/BioNTech",2056910,988243,3045153
2021-04-29,"Johnson&Johnson, Moderna, Oxford/AstraZeneca, Pfizer/BioNTech",2122341,1004005,3126346
2021-04-30,"Johnson&Johnson, Moderna, Oxford/AstraZeneca, Pfizer/BioNTech",2184447,1013880,3198327
2021-05-01,"Johnson&Johnson, Moderna, Oxford/AstraZeneca, Pfizer/BioNTech",2203711,1017264,3220975
2021-05-02,"Johnson&Johnson, Moderna, Oxford/AstraZeneca, Pfizer/BioNTech",2222579,1019497,3242076
2021-05-03,"Johnson&Johnson, Moderna, Oxford/AstraZeneca, Pfizer/BioNTech",2289705,1024511,3314216
2021-05-04,"Johnson&Johnson, Moderna, Oxford/AstraZeneca, Pfizer/BioNTech",2356042,1032753,3388795
2021-05-05,"Johnson&Johnson, Moderna, Oxford/AstraZeneca, Pfizer/BioNTech",2429089,1042065,3471154
2021-05-06,"Johnson&Johnson, Moderna, Oxford/AstraZeneca, Pfizer/BioNTech",2509313,1052649,3561962
2021-05-07,"Johnson&Johnson, Moderna, Oxford/AstraZeneca, Pfizer/BioNTech",2586488,1062601,3649089
2021-05-08,"Johnson&Johnson, Moderna, Oxford/AstraZeneca, Pfizer/BioNTech",2615855,1064302,3680157
2021-05-09,"Johnson&Johnson, Moderna, Oxford/AstraZeneca, Pfizer/BioNTech",2639998,1065472,3705470
2021-05-10,"Johnson&Johnson, Moderna, Oxford/AstraZeneca, Pfizer/BioNTech",2712602,1072580,3785182
2021-05-11,"Johnson&Johnson, Moderna, Oxford/AstraZeneca, Pfizer/BioNTech",2788575,1081317,3869892
2021-05-12,"Johnson&Johnson, Moderna, Oxford/AstraZeneca, Pfizer/BioNTech",2868298,1090296,3958594
2021-05-13,"Johnson&Johnson, Moderna, Oxford/AstraZeneca, Pfizer/BioNTech",2952180,1099364,4051544
2021-05-14,"Johnson&Johnson, Moderna, Oxford/AstraZeneca, Pfizer/BioNTech",3031466,1107050,4138516
2021-05-15,"Johnson&Johnson, Moderna, Oxford/AstraZeneca, Pfizer/BioNTech",3063273,1109204,4172477
2021-05-16,"Johnson&Johnson, Moderna, Oxford/AstraZeneca, Pfizer/BioNTech",3088994,1110381,4199375
2021-05-17,"Johnson&Johnson, Moderna, Oxford/AstraZeneca, Pfizer/BioNTech",3161398,1117024,4278422
2021-05-18,"Johnson&Johnson, Moderna, Oxford/AstraZeneca, Pfizer/BioNTech",3233219,1129957,4363176
2021-05-19,"Johnson&Johnson, Moderna, Oxford/AstraZeneca, Pfizer/BioNTech",3310538,1144976,4455514
2021-05-20,"Johnson&Johnson, Moderna, Oxford/AstraZeneca, Pfizer/BioNTech",3385780,1171841,4557621
2021-05-21,"Johnson&Johnson, Moderna, Oxford/AstraZeneca, Pfizer/BioNTech",3454442,1199438,4653880
2021-05-22,"Johnson&Johnson, Moderna, Oxford/AstraZeneca, Pfizer/BioNTech",3486703,1210487,4697190
2021-05-23,"Johnson&Johnson, Moderna, Oxford/AstraZeneca, Pfizer/BioNTech",3508967,1219439,4728406
2021-05-24,"Johnson&Johnson, Moderna, Oxford/AstraZeneca, Pfizer/BioNTech",3555963,1252894,4808857
2021-05-25,"Johnson&Johnson, Moderna, Oxford/AstraZeneca, Pfizer/BioNTech",3607704,1288505,4896209
2021-05-26,"Johnson&Johnson, Moderna, Oxford/AstraZeneca, Pfizer/BioNTech",3675337,1325877,5001214
2021-05-27,"Johnson&Johnson, Moderna, Oxford/AstraZeneca, Pfizer/BioNTech",3736579,1373070,5109649
2021-05-28,"Johnson&Johnson, Moderna, Oxford/AstraZeneca, Pfizer/BioNTech",3798172,1419429,5217601
2021-05-29,"Johnson&Johnson, Moderna, Oxford/AstraZeneca, Pfizer/BioNTech",3827274,1436457,5263731
2021-05-30,"Johnson&Johnson, Moderna, Oxford/AstraZeneca, Pfizer/BioNTech",3849578,1450822,5300400
2021-05-31,"Johnson&Johnson, Moderna, Oxford/AstraZeneca, Pfizer/BioNTech",3905196,1498150,5403346
2021-06-01,"Johnson&Johnson, Moderna, Oxford/AstraZeneca, Pfizer/BioNTech",3964054,1546417,5510471
2021-06-02,"Johnson&Johnson, Moderna, Oxford/AstraZeneca, Pfizer/BioNTech",4026817,1600264,5627081
2021-06-03,"Johnson&Johnson, Moderna, Oxford/AstraZeneca, Pfizer/BioNTech",4084905,1660289,5745194
2021-06-04,"Johnson&Johnson, Moderna, Oxford/AstraZeneca, Pfizer/BioNTech",4147861,1717531,5865392
2021-06-05,"Johnson&Johnson, Moderna, Oxford/AstraZeneca, Pfizer/BioNTech",4181922,1736253,5918175
2021-06-06,"Johnson&Johnson, Moderna, Oxford/AstraZeneca, Pfizer/BioNTech",4208782,1751299,5960081
2021-06-07,"Johnson&Johnson, Moderna, Oxford/AstraZeneca, Pfizer/BioNTech",4272290,1806774,6079064
2021-06-08,"Johnson&Johnson, Moderna, Oxford/AstraZeneca, Pfizer/BioNTech",4336079,1861598,6197677
2021-06-09,"Johnson&Johnson, Moderna, Oxford/AstraZeneca, Pfizer/BioNTech",4394975,1925760,6320735
2021-06-10,"Johnson&Johnson, Moderna, Oxford/AstraZeneca, Pfizer/BioNTech",4448462,1996607,6445069
2021-06-11,"Johnson&Johnson, Moderna, Oxford/AstraZeneca, Pfizer/BioNTech",4500336,2066110,6566446
2021-06-12,"Johnson&Johnson, Moderna, Oxford/AstraZeneca, Pfizer/BioNTech",4532214,2086799,6619013
2021-06-13,"Johnson&Johnson, Moderna, Oxford/AstraZeneca, Pfizer/BioNTech",4556164,2105119,6661283
2021-06-14,"Johnson&Johnson, Moderna, Oxford/AstraZeneca, Pfizer/BioNTech",4598489,2179287,6777776
2021-06-15,"Johnson&Johnson, Moderna, Oxford/AstraZeneca, Pfizer/BioNTech",4642800,2251435,6894235
2021-06-16,"Johnson&Johnson, Moderna, Oxford/AstraZeneca, Pfizer/BioNTech",4685133,2329441,7014574
2021-06-17,"Johnson&Johnson, Moderna, Oxford/AstraZeneca, Pfizer/BioNTech",4724089,2412291,7136380
2021-06-18,"Johnson&Johnson, Moderna, Oxford/AstraZeneca, Pfizer/BioNTech",4765413,2492555,7257968
2021-06-19,"Johnson&Johnson, Moderna, Oxford/AstraZeneca, Pfizer/BioNTech",4786987,2521726,7308713
2021-06-20,"Johnson&Johnson, Moderna, Oxford/AstraZeneca, Pfizer/BioNTech",4804232,2545445,7349677
2021-06-21,"Johnson&Johnson, Moderna, Oxford/AstraZeneca, Pfizer/BioNTech",4836512,2623799,7460311
2021-06-22,"Johnson&Johnson, Moderna, Oxford/AstraZeneca, Pfizer/BioNTech",4868569,2705846,7574415
2021-06-23,"Johnson&Johnson, Moderna, Oxford/AstraZeneca, Pfizer/BioNTech",4899395,2790855,7690250
2021-06-24,"Johnson&Johnson, Moderna, Oxford/AstraZeneca, Pfizer/BioNTech",4928922,2880715,7809637
2021-06-25,"Johnson&Johnson, Moderna, Oxford/AstraZeneca, Pfizer/BioNTech",4959524,2966602,7926126
2021-06-26,"Johnson&Johnson, Moderna, Oxford/AstraZeneca, Pfizer/BioNTech",4975177,3001256,7976433
2021-06-27,"Johnson&Johnson, Moderna, Oxford/AstraZeneca, Pfizer/BioNTech",4988980,3027794,8016774
2021-06-28,"Johnson&Johnson, Moderna, Oxford/AstraZeneca, Pfizer/BioNTech",5017086,3112729,8129815
2021-06-29,"Johnson&Johnson, Moderna, Oxford/AstraZeneca, Pfizer/BioNTech",5045934,3198994,8244928
2021-06-30,"Johnson&Johnson, Moderna, Oxford/AstraZeneca, Pfizer/BioNTech",5072934,3289648,8362582
2021-07-01,"Johnson&Johnson, Moderna, Oxford/AstraZeneca, Pfizer/BioNTech",5096365,3379303,8475668
2021-07-02,"Johnson&Johnson, Moderna, Oxford/AstraZeneca, Pfizer/BioNTech",5122654,3464708,8587362
2021-07-03,"Johnson&Johnson, Moderna, Oxford/AstraZeneca, Pfizer/BioNTech",5129612,3496081,8625693
2021-07-04,"Johnson&Johnson, Moderna, Oxford/AstraZeneca, Pfizer/BioNTech",5137062,3517792,8654854
2021-07-05,"Johnson&Johnson, Moderna, Oxford/AstraZeneca, Pfizer/BioNTech",5144319,3543034,8687353
2021-07-06,"Johnson&Johnson, Moderna, Oxford/AstraZeneca, Pfizer/BioNTech",5149629,3570531,8720160
2021-07-07,"Johnson&Johnson, Moderna, Oxford/AstraZeneca, Pfizer/BioNTech",5175054,3649150,8824204
2021-07-08,"Johnson&Johnson, Moderna, Oxford/AstraZeneca, Pfizer/BioNTech",5201398,3719177,8920575
2021-07-09,"Johnson&Johnson, Moderna, Oxford/AstraZeneca, Pfizer/BioNTech",5228944,3788113,9017057
2021-07-10,"Johnson&Johnson, Moderna, Oxford/AstraZeneca, Pfizer/BioNTech",5238160,3816583,9054743
2021-07-11,"Johnson&Johnson, Moderna, Oxford/AstraZeneca, Pfizer/BioNTech",5246604,3839366,9085970
2021-07-12,"Johnson&Johnson, Moderna, Oxford/AstraZeneca, Pfizer/BioNTech",5273759,3908106,9181865
2021-07-13,"Johnson&Johnson, Moderna, Oxford/AstraZeneca, Pfizer/BioNTech",5299585,3977636,9277221
2021-07-14,"Johnson&Johnson, Moderna, Oxford/AstraZeneca, Pfizer/BioNTech",5324978,4049055,9374033
2021-07-15,"Johnson&Johnson, Moderna, Oxford/AstraZeneca, Pfizer/BioNTech",5353405,4114240,9467645
2021-07-16,"Johnson&Johnson, Moderna, Oxford/AstraZeneca, Pfizer/BioNTech",5380685,4186365,9567050
2021-07-17,"Johnson&Johnson, Moderna, Oxford/AstraZeneca, Pfizer/BioNTech",5389206,4217422,9606628
2021-07-18,"Johnson&Johnson, Moderna, Oxford/AstraZeneca, Pfizer/BioNTech",5397186,4242931,9640117
2021-07-19,"Johnson&Johnson, Moderna, Oxford/AstraZeneca, Pfizer/BioNTech",5419892,4309220,9729112
2021-07-20,"Johnson&Johnson, Moderna, Oxford/AstraZeneca, Pfizer/BioNTech",5440893,4375689,9816582
2021-07-21,"Johnson&Johnson, Moderna, Oxford/AstraZeneca, Pfizer/BioNTech",5463656,4438340,9901996
2021-07-22,"Johnson&Johnson, Moderna, Oxford/AstraZeneca, Pfizer/BioNTech",5485527,4496049,9981576
2021-07-23,"Johnson&Johnson, Moderna, Oxford/AstraZeneca, Pfizer/BioNTech",5507952,4549524,10057476
2021-07-24,"Johnson&Johnson, Moderna, Oxford/AstraZeneca, Pfizer/BioNTech",5514951,4576720,10091671
2021-07-25,"Johnson&Johnson, Moderna, Oxford/AstraZeneca, Pfizer/BioNTech",5521196,4598322,10119518
2021-07-26,"Johnson&Johnson, Moderna, Oxford/AstraZeneca, Pfizer/BioNTech",5543014,4644066,10187080
