date,vaccine,people_vaccinated,people_fully_vaccinated,total_vaccinations
2020-12-27,Pfizer/BioNTech,1286,0,1286
2020-12-28,Pfizer/BioNTech,3589,0,3589
2020-12-29,Pfizer/BioNTech,7060,1,7061
2020-12-30,Pfizer/BioNTech,10576,1,10577
2020-12-31,Pfizer/BioNTech,11889,1,11890
2021-01-01,"Moderna, Pfizer/BioNTech",12160,1,12161
2021-01-02,"Moderna, Pfizer/BioNTech",13446,2,13448
2021-01-03,"Moderna, Pfizer/BioNTech",14373,2,14375
2021-01-04,"Moderna, Pfizer/BioNTech",17979,3,17982
2021-01-05,"Moderna, Pfizer/BioNTech",22497,4,22501
2021-01-06,"Moderna, Pfizer/BioNTech",28339,5,28344
2021-01-07,"Moderna, Pfizer/BioNTech",36336,5,36341
2021-01-08,"Moderna, Pfizer/BioNTech",46388,6,46394
2021-01-09,"Moderna, Pfizer/BioNTech",48414,8,48422
2021-01-10,Pfizer/BioNTech,50186,10,50196
2021-01-11,"Moderna, Pfizer/BioNTech",60041,12,60053
2021-01-12,"Moderna, Pfizer/BioNTech",73495,14,73509
2021-01-13,"Moderna, Pfizer/BioNTech",87040,15,87055
2021-01-14,"Moderna, Pfizer/BioNTech",102290,19,102309
2021-01-15,"Moderna, Pfizer/BioNTech",116310,20,116330
2021-01-16,"Moderna, Pfizer/BioNTech",119714,24,119738
2021-01-17,"Moderna, Pfizer/BioNTech",122332,660,122992
2021-01-18,"Moderna, Pfizer/BioNTech",134823,2486,137309
2021-01-19,"Moderna, Pfizer/BioNTech",147432,5215,152647
2021-01-20,"Moderna, Pfizer/BioNTech",161128,7880,169008
2021-01-21,"Moderna, Pfizer/BioNTech",176781,9623,186404
2021-01-22,"Moderna, Pfizer/BioNTech",191672,10668,202340
2021-01-23,"Moderna, Pfizer/BioNTech",194990,11548,206538
2021-01-24,"Moderna, Pfizer/BioNTech",197246,12419,209665
2021-01-25,"Moderna, Pfizer/BioNTech",206901,15383,222284
2021-01-26,"Moderna, Pfizer/BioNTech",217449,19369,236818
2021-01-27,"Moderna, Pfizer/BioNTech",226480,23900,250380
2021-01-28,"Moderna, Pfizer/BioNTech",233586,30033,263619
2021-01-29,"Indie/AstraZeneca, Moderna, Pfizer/BioNTech",239801,37942,277743
2021-01-30,"Moderna, Pfizer/BioNTech",240542,39030,279572
2021-01-31,"Moderna, Pfizer/BioNTech",241261,40212,281473
2021-02-01,"Moderna, Pfizer/BioNTech",245244,48179,293423
2021-02-02,"Moderna, Pfizer/BioNTech",249400,58419,307819
2021-02-03,"Moderna, Pfizer/BioNTech",253827,69438,323265
2021-02-04,"Moderna, Pfizer/BioNTech",258734,82429,341163
2021-02-05,"Moderna, Pfizer/BioNTech",264208,93102,357310
2021-02-06,"Moderna, Oxford/AstraZeneca, Pfizer/BioNTech",265065,95468,360533
2021-02-07,"Moderna, Oxford/AstraZeneca, Pfizer/BioNTech",265916,97967,363883
2021-02-08,"Moderna, Oxford/AstraZeneca, Pfizer/BioNTech",270007,109394,379401
2021-02-09,"Moderna, Oxford/AstraZeneca, Pfizer/BioNTech",275119,121306,396425
2021-02-10,"Moderna, Oxford/AstraZeneca, Pfizer/BioNTech",280639,134565,415204
2021-02-11,"Moderna, Oxford/AstraZeneca, Pfizer/BioNTech",286981,150784,437765
2021-02-12,"Moderna, Oxford/AstraZeneca, Pfizer/BioNTech",293809,165532,459341
2021-02-13,"Moderna, Oxford/AstraZeneca, Pfizer/BioNTech",295427,168519,463946
2021-02-14,"Moderna, Oxford/AstraZeneca, Pfizer/BioNTech",296433,169905,466338
2021-02-15,"Moderna, Oxford/AstraZeneca, Pfizer/BioNTech",302833,179276,482109
2021-02-16,"Moderna, Oxford/AstraZeneca, Pfizer/BioNTech",311550,188356,499906
2021-02-17,"Moderna, Oxford/AstraZeneca, Pfizer/BioNTech",321252,196668,517920
2021-02-18,"Moderna, Oxford/AstraZeneca, Pfizer/BioNTech",333580,204751,538331
2021-02-19,"Moderna, Oxford/AstraZeneca, Pfizer/BioNTech",345446,212128,557574
2021-02-20,"Moderna, Oxford/AstraZeneca, Pfizer/BioNTech",347456,213314,560770
2021-02-21,"Moderna, Oxford/AstraZeneca, Pfizer/BioNTech",348593,214340,562933
2021-02-22,"Moderna, Oxford/AstraZeneca, Pfizer/BioNTech",358717,220377,579094
2021-02-23,"Moderna, Oxford/AstraZeneca, Pfizer/BioNTech",371681,227369,599050
2021-02-24,"Moderna, Oxford/AstraZeneca, Pfizer/BioNTech",385563,233410,618973
2021-02-25,"Moderna, Oxford/AstraZeneca, Pfizer/BioNTech",403545,238961,642506
2021-02-26,"Moderna, Oxford/AstraZeneca, Pfizer/BioNTech",419724,244320,664044
2021-02-27,"Moderna, Oxford/AstraZeneca, Pfizer/BioNTech",422733,244878,667611
2021-02-28,"Moderna, Oxford/AstraZeneca, Pfizer/BioNTech",425091,245429,670520
2021-03-01,"Moderna, Oxford/AstraZeneca, Pfizer/BioNTech",444690,248876,693566
2021-03-02,"Indie/AstraZeneca, Moderna, Oxford/AstraZeneca, Pfizer/BioNTech",471922,252431,724353
2021-03-03,"Moderna, Oxford/AstraZeneca, Pfizer/BioNTech",502875,256943,759818
2021-03-04,"Moderna, Oxford/AstraZeneca, Pfizer/BioNTech",536160,261634,797794
2021-03-05,"Johnson&Johnson, Moderna, Oxford/AstraZeneca, Pfizer/BioNTech",565007,267063,832070
2021-03-06,"Johnson&Johnson, Moderna, Oxford/AstraZeneca, Pfizer/BioNTech",577167,267929,845096
2021-03-07,"Johnson&Johnson, Moderna, Oxford/AstraZeneca, Pfizer/BioNTech",588717,268772,857489
2021-03-08,"Johnson&Johnson, Moderna, Oxford/AstraZeneca, Pfizer/BioNTech",618465,273635,892100
2021-03-09,"Johnson&Johnson, Moderna, Oxford/AstraZeneca, Pfizer/BioNTech",654837,280020,934857
2021-03-10,"Johnson&Johnson, Moderna, Oxford/AstraZeneca, Pfizer/BioNTech",696170,286980,983150
2021-03-11,"Johnson&Johnson, Moderna, Oxford/AstraZeneca, Pfizer/BioNTech",741028,295355,1036383
2021-03-12,"Johnson&Johnson, Moderna, Oxford/AstraZeneca, Pfizer/BioNTech, Čína",779789,303856,1083645
2021-03-13,"Johnson&Johnson, Moderna, Oxford/AstraZeneca, Pfizer/BioNTech",796902,305172,1102074
2021-03-14,"Johnson&Johnson, Moderna, Oxford/AstraZeneca, Pfizer/BioNTech",809020,306329,1115349
2021-03-15,"Johnson&Johnson, Moderna, Oxford/AstraZeneca, Pfizer/BioNTech",837416,315109,1152525
2021-03-16,"Johnson&Johnson, Moderna, Oxford/AstraZeneca, Pfizer/BioNTech",876314,325645,1201959
2021-03-17,"Moderna, Oxford/AstraZeneca, Pfizer/BioNTech",913802,336160,1249962
2021-03-18,"Johnson&Johnson, Moderna, Oxford/AstraZeneca, Pfizer/BioNTech",951808,348586,1300394
2021-03-19,"Johnson&Johnson, Moderna, Oxford/AstraZeneca, Pfizer/BioNTech",986326,362200,1348526
2021-03-20,"Johnson&Johnson, Moderna, Oxford/AstraZeneca, Pfizer/BioNTech",1001508,364230,1365738
2021-03-21,"Johnson&Johnson, Moderna, Oxford/AstraZeneca, Pfizer/BioNTech",1008956,365790,1374746
2021-03-22,"Indie/AstraZeneca, Johnson&Johnson, Moderna, Oxford/AstraZeneca, Pfizer/BioNTech",1033532,378290,1411822
2021-03-23,"Johnson&Johnson, Moderna, Oxford/AstraZeneca, Pfizer/BioNTech",1060209,391658,1451867
2021-03-24,"Johnson&Johnson, Moderna, Oxford/AstraZeneca, Pfizer/BioNTech",1087106,407401,1494507
2021-03-25,"Indie/AstraZeneca, Johnson&Johnson, Moderna, Oxford/AstraZeneca, Pfizer/BioNTech",1113466,425255,1538721
2021-03-26,"Johnson&Johnson, Moderna, Oxford/AstraZeneca, Pfizer/BioNTech",1138306,442768,1581074
2021-03-27,"Johnson&Johnson, Moderna, Oxford/AstraZeneca, Pfizer/BioNTech, Čína",1146769,447615,1594384
2021-03-28,"Moderna, Oxford/AstraZeneca, Pfizer/BioNTech, Čína",1152317,451763,1604080
2021-03-29,"Johnson&Johnson, Moderna, Oxford/AstraZeneca, Pfizer/BioNTech",1171477,472497,1643974
2021-03-30,"Johnson&Johnson, Moderna, Oxford/AstraZeneca, Pfizer/BioNTech",1196186,494685,1690871
2021-03-31,"Johnson&Johnson, Moderna, Oxford/AstraZeneca, Pfizer/BioNTech",1219346,521754,1741100
2021-04-01,"Indie/AstraZeneca, Johnson&Johnson, Moderna, Oxford/AstraZeneca, Pfizer/BioNTech",1245038,553811,1798849
2021-04-02,"Indie/AstraZeneca, Johnson&Johnson, Moderna, Oxford/AstraZeneca, Pfizer/BioNTech",1252022,566609,1818631
2021-04-03,"Johnson&Johnson, Moderna, Oxford/AstraZeneca, Pfizer/BioNTech",1255678,577542,1833220
2021-04-04,"Johnson&Johnson, Moderna, Oxford/AstraZeneca, Pfizer/BioNTech",1258225,586468,1844693
2021-04-05,"Johnson&Johnson, Moderna, Oxford/AstraZeneca, Pfizer/BioNTech",1260658,593673,1854331
2021-04-06,"Indie/AstraZeneca, Johnson&Johnson, Moderna, Oxford/AstraZeneca, Pfizer/BioNTech, Čína",1276877,622948,1899825
2021-04-07,"Johnson&Johnson, Moderna, Oxford/AstraZeneca, Pfizer/BioNTech",1300379,645187,1945566
2021-04-08,"Johnson&Johnson, Moderna, Oxford/AstraZeneca, Pfizer/BioNTech",1339199,676235,2015434
2021-04-09,"Indie/AstraZeneca, Johnson&Johnson, Moderna, Oxford/AstraZeneca, Pfizer/BioNTech",1378799,706435,2085234
2021-04-10,"Johnson&Johnson, Moderna, Oxford/AstraZeneca, Pfizer/BioNTech",1394368,721749,2116117
2021-04-11,"Johnson&Johnson, Moderna, Oxford/AstraZeneca, Pfizer/BioNTech",1404163,731806,2135969
2021-04-12,"Johnson&Johnson, Moderna, Oxford/AstraZeneca, Pfizer/BioNTech",1442484,756952,2199436
2021-04-13,"Moderna, Oxford/AstraZeneca, Pfizer/BioNTech",1478793,782995,2261788
2021-04-14,"Moderna, Oxford/AstraZeneca, Pfizer/BioNTech",1517682,810374,2328056
2021-04-15,"Moderna, Oxford/AstraZeneca, Pfizer/BioNTech",1565517,836155,2401672
2021-04-16,"Moderna, Oxford/AstraZeneca, Pfizer/BioNTech",1610238,861834,2472072
2021-04-17,"Indie/AstraZeneca, Moderna, Oxford/AstraZeneca, Pfizer/BioNTech",1626966,870859,2497825
2021-04-18,"Moderna, Oxford/AstraZeneca, Pfizer/BioNTech, Čína",1639967,875846,2515813
2021-04-19,"Johnson&Johnson, Moderna, Oxford/AstraZeneca, Pfizer/BioNTech",1683942,891286,2575228
2021-04-20,"Johnson&Johnson, Moderna, Oxford/AstraZeneca, Pfizer/BioNTech",1726531,907176,2633707
2021-04-21,"Moderna, Oxford/AstraZeneca, Pfizer/BioNTech",1774296,921547,2695843
2021-04-22,"Johnson&Johnson, Moderna, Oxford/AstraZeneca, Pfizer/BioNTech",1828826,938946,2767772
2021-04-23,"Johnson&Johnson, Moderna, Oxford/AstraZeneca, Pfizer/BioNTech",1878837,951012,2829849
2021-04-24,"Johnson&Johnson, Moderna, Oxford/AstraZeneca, Pfizer/BioNTech, Čína",1896714,956282,2852996
2021-04-25,"Johnson&Johnson, Moderna, Oxford/AstraZeneca, Pfizer/BioNTech",1911427,960286,2871713
2021-04-26,"Johnson&Johnson, Moderna, Oxford/AstraZeneca, Pfizer/BioNTech",1961045,967854,2928899
2021-04-27,"Johnson&Johnson, Moderna, Oxford/AstraZeneca, Pfizer/BioNTech",2010036,980106,2990142
2021-04-28,"Johnson&Johnson, Moderna, Oxford/AstraZeneca, Pfizer/BioNTech, Čína",2068818,994129,3062947
2021-04-29,"Johnson&Johnson, Moderna, Oxford/AstraZeneca, Pfizer/BioNTech",2134438,1010051,3144489
2021-04-30,"Johnson&Johnson, Moderna, Oxford/AstraZeneca, Pfizer/BioNTech",2196730,1020048,3216778
2021-05-01,"Johnson&Johnson, Moderna, Oxford/AstraZeneca, Pfizer/BioNTech",2216124,1023514,3239638
2021-05-02,"Johnson&Johnson, Moderna, Oxford/AstraZeneca, Pfizer/BioNTech",2235076,1025806,3260882
2021-05-03,"Johnson&Johnson, Moderna, Oxford/AstraZeneca, Pfizer/BioNTech",2302352,1030891,3333243
2021-05-04,"Johnson&Johnson, Moderna, Oxford/AstraZeneca, Pfizer/BioNTech",2368912,1039265,3408177
2021-05-05,"Johnson&Johnson, Moderna, Oxford/AstraZeneca, Pfizer/BioNTech",2442120,1048714,3490834
2021-05-06,"Johnson&Johnson, Moderna, Oxford/AstraZeneca, Pfizer/BioNTech",2522562,1059466,3582028
2021-05-07,"Indie/AstraZeneca, Johnson&Johnson, Moderna, Oxford/AstraZeneca, Pfizer/BioNTech",2599899,1069610,3669509
2021-05-08,"Johnson&Johnson, Moderna, Oxford/AstraZeneca, Pfizer/BioNTech",2629443,1071404,3700847
2021-05-09,"Johnson&Johnson, Moderna, Oxford/AstraZeneca, Pfizer/BioNTech",2653686,1072627,3726313
2021-05-10,"Johnson&Johnson, Moderna, Oxford/AstraZeneca, Pfizer/BioNTech",2726487,1079874,3806361
2021-05-11,"Johnson&Johnson, Moderna, Oxford/AstraZeneca, Pfizer/BioNTech",2802642,1088710,3891352
2021-05-12,"Johnson&Johnson, Moderna, Oxford/AstraZeneca, Pfizer/BioNTech",2882584,1097857,3980441
2021-05-13,"Johnson&Johnson, Moderna, Oxford/AstraZeneca, Pfizer/BioNTech",2966637,1107045,4073682
2021-05-14,"Johnson&Johnson, Moderna, Oxford/AstraZeneca, Pfizer/BioNTech",3046194,1114872,4161066
2021-05-15,"Johnson&Johnson, Moderna, Oxford/AstraZeneca, Pfizer/BioNTech",3078160,1117159,4195319
2021-05-16,"Johnson&Johnson, Moderna, Oxford/AstraZeneca, Pfizer/BioNTech",3103978,1118447,4222425
2021-05-17,"Indie/AstraZeneca, Johnson&Johnson, Moderna, Oxford/AstraZeneca, Pfizer/BioNTech",3176520,1125205,4301725
2021-05-18,"Indie/AstraZeneca, Johnson&Johnson, Moderna, Oxford/AstraZeneca, Pfizer/BioNTech",3248513,1138331,4386844
2021-05-19,"Johnson&Johnson, Moderna, Oxford/AstraZeneca, Pfizer/BioNTech",3326016,1153505,4479521
2021-05-20,"Johnson&Johnson, Moderna, Oxford/AstraZeneca, Pfizer/BioNTech",3401517,1180577,4582094
2021-05-21,"Johnson&Johnson, Moderna, Oxford/AstraZeneca, Pfizer/BioNTech",3470380,1208389,4678769
2021-05-22,"Johnson&Johnson, Moderna, Oxford/AstraZeneca, Pfizer/BioNTech",3502855,1219634,4722489
2021-05-23,"Johnson&Johnson, Moderna, Oxford/AstraZeneca, Pfizer/BioNTech",3525306,1228677,4753983
2021-05-24,"Johnson&Johnson, Moderna, Oxford/AstraZeneca, Pfizer/BioNTech",3572526,1262357,4834883
2021-05-25,"Indie/AstraZeneca, Johnson&Johnson, Moderna, Oxford/AstraZeneca, Pfizer/BioNTech",3624453,1298205,4922658
2021-05-26,"Johnson&Johnson, Moderna, Oxford/AstraZeneca, Pfizer/BioNTech, Čína",3692229,1335767,5027996
2021-05-27,"Indie/AstraZeneca, Johnson&Johnson, Moderna, Oxford/AstraZeneca, Pfizer/BioNTech",3753670,1383136,5136806
2021-05-28,"Johnson&Johnson, Moderna, Oxford/AstraZeneca, Pfizer/BioNTech",3815421,1429754,5245175
2021-05-29,"Indie/AstraZeneca, Johnson&Johnson, Moderna, Oxford/AstraZeneca, Pfizer/BioNTech",3844700,1446904,5291604
2021-05-30,"Johnson&Johnson, Moderna, Oxford/AstraZeneca, Pfizer/BioNTech, Čína",3867121,1461377,5328498
2021-05-31,"Indie/AstraZeneca, Johnson&Johnson, Moderna, Oxford/AstraZeneca, Pfizer/BioNTech",3922869,1508914,5431783
2021-06-01,"Johnson&Johnson, Moderna, Oxford/AstraZeneca, Pfizer/BioNTech",3981995,1557807,5539802
2021-06-02,"Indie/AstraZeneca, Johnson&Johnson, Moderna, Oxford/AstraZeneca, Pfizer/BioNTech",4044976,1611841,5656817
2021-06-03,"Johnson&Johnson, Moderna, Oxford/AstraZeneca, Pfizer/BioNTech",4103244,1672088,5775332
2021-06-04,"Johnson&Johnson, Moderna, Oxford/AstraZeneca, Pfizer/BioNTech",4166394,1729520,5895914
2021-06-05,"Indie/AstraZeneca, Johnson&Johnson, Moderna, Oxford/AstraZeneca, Pfizer/BioNTech",4200593,1748456,5949049
2021-06-06,"Johnson&Johnson, Moderna, Oxford/AstraZeneca, Pfizer/BioNTech",4227558,1763637,5991195
2021-06-07,"Johnson&Johnson, Moderna, Oxford/AstraZeneca, Pfizer/BioNTech",4291256,1819297,6110553
2021-06-08,"Indie/AstraZeneca, Johnson&Johnson, Moderna, Oxford/AstraZeneca, Pfizer/BioNTech",4355277,1874325,6229602
2021-06-09,"Indie/AstraZeneca, Johnson&Johnson, Moderna, Oxford/AstraZeneca, Pfizer/BioNTech",4414501,1939018,6353519
2021-06-10,"Indie/AstraZeneca, Johnson&Johnson, Moderna, Oxford/AstraZeneca, Pfizer/BioNTech",4468370,2010342,6478712
2021-06-11,"Johnson&Johnson, Moderna, Oxford/AstraZeneca, Pfizer/BioNTech",4520497,2080206,6600703
2021-06-12,"Indie/AstraZeneca, Johnson&Johnson, Moderna, Oxford/AstraZeneca, Pfizer/BioNTech, Čína",4552536,2101070,6653606
2021-06-13,"Johnson&Johnson, Moderna, Oxford/AstraZeneca, Pfizer/BioNTech",4576580,2119517,6696097
2021-06-14,"Johnson&Johnson, Moderna, Oxford/AstraZeneca, Pfizer/BioNTech, Čína",4619683,2193935,6813618
2021-06-15,"Johnson&Johnson, Moderna, Oxford/AstraZeneca, Pfizer/BioNTech",4664374,2266352,6930726
2021-06-16,"Johnson&Johnson, Moderna, Oxford/AstraZeneca, Pfizer/BioNTech",4707206,2344606,7051812
2021-06-17,"Johnson&Johnson, Moderna, Oxford/AstraZeneca, Pfizer/BioNTech",4746647,2427732,7174379
2021-06-18,"Johnson&Johnson, Moderna, Oxford/AstraZeneca, Pfizer/BioNTech",4789102,2508342,7297444
2021-06-19,"Johnson&Johnson, Moderna, Oxford/AstraZeneca, Pfizer/BioNTech, Čína",4810908,2537697,7348605
2021-06-20,"Johnson&Johnson, Moderna, Oxford/AstraZeneca, Pfizer/BioNTech, Čína",4828324,2561582,7389906
2021-06-21,"Johnson&Johnson, Moderna, Oxford/AstraZeneca, Pfizer/BioNTech, Čína",4860844,2640221,7501065
2021-06-22,"Johnson&Johnson, Moderna, Oxford/AstraZeneca, Pfizer/BioNTech",4893830,2722571,7616401
2021-06-23,"Johnson&Johnson, Moderna, Oxford/AstraZeneca, Pfizer/BioNTech",4925564,2807844,7733408
2021-06-24,"Johnson&Johnson, Moderna, Oxford/AstraZeneca, Pfizer/BioNTech, Čína",4955446,2897935,7853381
2021-06-25,"Johnson&Johnson, Moderna, Oxford/AstraZeneca, Pfizer/BioNTech",4986544,2984201,7970745
2021-06-26,"Johnson&Johnson, Moderna, Oxford/AstraZeneca, Pfizer/BioNTech",5002452,3019101,8021553
2021-06-27,"Johnson&Johnson, Moderna, Oxford/AstraZeneca, Pfizer/BioNTech, Čína",5016416,3045831,8062247
2021-06-28,"Johnson&Johnson, Moderna, Oxford/AstraZeneca, Pfizer/BioNTech",5044848,3131075,8175923
2021-06-29,"Johnson&Johnson, Moderna, Oxford/AstraZeneca, Pfizer/BioNTech",5074145,3217646,8291791
2021-06-30,"Johnson&Johnson, Moderna, Oxford/AstraZeneca, Pfizer/BioNTech",5101661,3308725,8410386
2021-07-01,"Johnson&Johnson, Moderna, Oxford/AstraZeneca, Pfizer/BioNTech",5125682,3398851,8524533
2021-07-02,"Johnson&Johnson, Moderna, Oxford/AstraZeneca, Pfizer/BioNTech",5152442,3484815,8637257
2021-07-03,"Indie/AstraZeneca, Johnson&Johnson, Moderna, Oxford/AstraZeneca, Pfizer/BioNTech",5159556,3516398,8675954
2021-07-04,"Johnson&Johnson, Moderna, Oxford/AstraZeneca, Pfizer/BioNTech",5167155,3538230,8705385
2021-07-05,"Johnson&Johnson, Moderna, Oxford/AstraZeneca, Pfizer/BioNTech",5174587,3563654,8738241
2021-07-06,"Johnson&Johnson, Moderna, Oxford/AstraZeneca, Pfizer/BioNTech, Čína",5180083,3591407,8771490
2021-07-07,"Johnson&Johnson, Moderna, Oxford/AstraZeneca, Pfizer/BioNTech",5205930,3670427,8876357
2021-07-08,"Johnson&Johnson, Moderna, Oxford/AstraZeneca, Pfizer/BioNTech",5232560,3740803,8973363
2021-07-09,"Indie/AstraZeneca, Johnson&Johnson, Moderna, Oxford/AstraZeneca, Pfizer/BioNTech",5260531,3810160,9070691
2021-07-10,"Indie/AstraZeneca, Johnson&Johnson, Moderna, Oxford/AstraZeneca, Pfizer/BioNTech",5269921,3838842,9108763
2021-07-11,"Johnson&Johnson, Moderna, Oxford/AstraZeneca, Pfizer/BioNTech",5278485,3861738,9140223
2021-07-12,"Johnson&Johnson, Moderna, Oxford/AstraZeneca, Pfizer/BioNTech, Čína",5306052,3930838,9236890
2021-07-13,"Johnson&Johnson, Moderna, Oxford/AstraZeneca, Pfizer/BioNTech",5332279,4000756,9333035
2021-07-14,"Johnson&Johnson, Moderna, Oxford/AstraZeneca, Pfizer/BioNTech",5358133,4072777,9430910
2021-07-15,"Indie/AstraZeneca, Johnson&Johnson, Moderna, Oxford/AstraZeneca, Pfizer/BioNTech",5387333,4138821,9526154
2021-07-16,"Johnson&Johnson, Moderna, Oxford/AstraZeneca, Pfizer/BioNTech",5415289,4211585,9626874
2021-07-17,"Johnson&Johnson, Moderna, Oxford/AstraZeneca, Pfizer/BioNTech, Čína",5424103,4243074,9667177
2021-07-18,"Johnson&Johnson, Moderna, Oxford/AstraZeneca, Pfizer/BioNTech, Čína",5432553,4269098,9701651
2021-07-19,"Johnson&Johnson, Moderna, Oxford/AstraZeneca, Pfizer/BioNTech",5455933,4336137,9792070
2021-07-20,"Johnson&Johnson, Moderna, Oxford/AstraZeneca, Pfizer/BioNTech",5477368,4403229,9880597
2021-07-21,"Indie/AstraZeneca, Johnson&Johnson, Moderna, Oxford/AstraZeneca, Pfizer/BioNTech",5500843,4466721,9967564
2021-07-22,"Johnson&Johnson, Moderna, Oxford/AstraZeneca, Pfizer/BioNTech",5523230,4525392,10048622
2021-07-23,"Johnson&Johnson, Moderna, Oxford/AstraZeneca, Pfizer/BioNTech",5546486,4580183,10126669
2021-07-24,"Indie/AstraZeneca, Johnson&Johnson, Moderna, Oxford/AstraZeneca, Pfizer/BioNTech, Čína",5553856,4607877,10161733
2021-07-25,"Johnson&Johnson, Moderna, Oxford/AstraZeneca, Pfizer/BioNTech",5560511,4630023,10190534
2021-07-26,"Johnson&Johnson, Moderna, Oxford/AstraZeneca, Pfizer/BioNTech",5584081,4678734,10262815
2021-07-27,"Johnson&Johnson, Moderna, Oxford/AstraZeneca, Pfizer/BioNTech, Čína",5606850,4725418,10332268
2021-07-28,"Johnson&Johnson, Moderna, Oxford/AstraZeneca, Pfizer/BioNTech",5628148,4771472,10399620
2021-07-29,"Johnson&Johnson, Moderna, Oxford/AstraZeneca, Pfizer/BioNTech",5649503,4813477,10462980
2021-07-30,"Johnson&Johnson, Moderna, Oxford/AstraZeneca, Pfizer/BioNTech",5672800,4856087,10528887
2021-07-31,"Indie/AstraZeneca, Johnson&Johnson, Moderna, Oxford/AstraZeneca, Pfizer/BioNTech",5681771,4875651,10557422
2021-08-01,"Johnson&Johnson, Moderna, Oxford/AstraZeneca, Pfizer/BioNTech, Čína",5688514,4891836,10580350
2021-08-02,"Johnson&Johnson, Moderna, Oxford/AstraZeneca, Pfizer/BioNTech",5707175,4929430,10636605
2021-08-03,"Johnson&Johnson, Moderna, Oxford/AstraZeneca, Pfizer/BioNTech",5724850,4967585,10692435
2021-08-04,"Johnson&Johnson, Moderna, Oxford/AstraZeneca, Pfizer/BioNTech",5740994,5004393,10745387
2021-08-05,"Johnson&Johnson, Moderna, Oxford/AstraZeneca, Pfizer/BioNTech",5757058,5044923,10801981
2021-08-06,"Johnson&Johnson, Moderna, Oxford/AstraZeneca, Pfizer/BioNTech",5773892,5088277,10862169
2021-08-07,"Johnson&Johnson, Moderna, Oxford/AstraZeneca, Pfizer/BioNTech",5779513,5106475,10885988
2021-08-08,"Johnson&Johnson, Moderna, Oxford/AstraZeneca, Pfizer/BioNTech",5783891,5122254,10906145
2021-08-09,"Indie/AstraZeneca, Johnson&Johnson, Moderna, Oxford/AstraZeneca, Pfizer/BioNTech",5796541,5167349,10963890
2021-08-10,"Johnson&Johnson, Moderna, Oxford/AstraZeneca, Pfizer/BioNTech, Čína",5808406,5206957,11015363
2021-08-11,"Indie/AstraZeneca, Johnson&Johnson, Moderna, Oxford/AstraZeneca, Pfizer/BioNTech",5819790,5250123,11069913
2021-08-12,"Johnson&Johnson, Moderna, Oxford/AstraZeneca, Pfizer/BioNTech",5831222,5287290,11118512
2021-08-13,"Johnson&Johnson, Moderna, Oxford/AstraZeneca, Pfizer/BioNTech",5841971,5327669,11169640
2021-08-14,"Johnson&Johnson, Moderna, Oxford/AstraZeneca, Pfizer/BioNTech",5845323,5338400,11183723
2021-08-15,"Johnson&Johnson, Moderna, Oxford/AstraZeneca, Pfizer/BioNTech",5847920,5348798,11196718
2021-08-16,"Indie/AstraZeneca, Johnson&Johnson, Moderna, Oxford/AstraZeneca, Pfizer/BioNTech, Čína",5857725,5382908,11240633
2021-08-17,"Johnson&Johnson, Moderna, Oxford/AstraZeneca, Pfizer/BioNTech",5867329,5410043,11277372
2021-08-18,"Johnson&Johnson, Moderna, Oxford/AstraZeneca, Pfizer/BioNTech",5876710,5448981,11325691
2021-08-19,"Johnson&Johnson, Moderna, Oxford/AstraZeneca, Pfizer/BioNTech",5886397,5487360,11373757
2021-08-20,"Johnson&Johnson, Moderna, Oxford/AstraZeneca, Pfizer/BioNTech",5897802,5527583,11425385
2021-08-21,"Indie/AstraZeneca, Johnson&Johnson, Moderna, Oxford/AstraZeneca, Pfizer/BioNTech",5900535,5540376,11440911
2021-08-22,"Johnson&Johnson, Moderna, Oxford/AstraZeneca, Pfizer/BioNTech",5902881,5552358,11455239
2021-08-23,"Indie/AstraZeneca, Johnson&Johnson, Moderna, Oxford/AstraZeneca, Pfizer/BioNTech",5913423,5591665,11505088
2021-08-24,"Johnson&Johnson, Moderna, Oxford/AstraZeneca, Pfizer/BioNTech",5923309,5624933,11548242
2021-08-25,"Indie/AstraZeneca, Johnson&Johnson, Moderna, Oxford/AstraZeneca, Pfizer/BioNTech",5932191,5653335,11585526
2021-08-26,"Johnson&Johnson, Moderna, Oxford/AstraZeneca, Pfizer/BioNTech",5940652,5679495,11620147
2021-08-27,"Indie/AstraZeneca, Johnson&Johnson, Moderna, Oxford/AstraZeneca, Pfizer/BioNTech",5950983,5705504,11656487
2021-08-28,"Johnson&Johnson, Moderna, Oxford/AstraZeneca, Pfizer/BioNTech",5953731,5712591,11666322
2021-08-29,"Johnson&Johnson, Moderna, Oxford/AstraZeneca, Pfizer/BioNTech, Čína",5956150,5719225,11675375
2021-08-30,"Johnson&Johnson, Moderna, Oxford/AstraZeneca, Pfizer/BioNTech",5964679,5741128,11705807
2021-08-31,"Indie/AstraZeneca, Johnson&Johnson, Moderna, Oxford/AstraZeneca, Pfizer/BioNTech, Čína",5972376,5759265,11731641
2021-09-01,"Johnson&Johnson, Moderna, Oxford/AstraZeneca, Pfizer/BioNTech",5978294,5773297,11751591
2021-09-02,"Johnson&Johnson, Moderna, Oxford/AstraZeneca, Pfizer/BioNTech",5985142,5787705,11772847
2021-09-03,"Johnson&Johnson, Moderna, Oxford/AstraZeneca, Pfizer/BioNTech",5994710,5803461,11798171
2021-09-04,"Indie/AstraZeneca, Johnson&Johnson, Moderna, Oxford/AstraZeneca, Pfizer/BioNTech",5996795,5807040,11803835
2021-09-05,"Johnson&Johnson, Moderna, Oxford/AstraZeneca, Pfizer/BioNTech",5998845,5809893,11808738
2021-09-06,"Indie/AstraZeneca, Johnson&Johnson, Moderna, Oxford/AstraZeneca, Pfizer/BioNTech",6005092,5822453,11827545
2021-09-07,"Johnson&Johnson, Moderna, Oxford/AstraZeneca, Pfizer/BioNTech",6009489,5833560,11843049
2021-09-08,"Johnson&Johnson, Moderna, Oxford/AstraZeneca, Pfizer/BioNTech, Čína",6015174,5843438,11858612
2021-09-09,"Indie/AstraZeneca, Johnson&Johnson, Moderna, Oxford/AstraZeneca, Pfizer/BioNTech",6021877,5853521,11875398
2021-09-10,"Johnson&Johnson, Moderna, Oxford/AstraZeneca, Pfizer/BioNTech",6029585,5865723,11895308
2021-09-11,"Indie/AstraZeneca, Johnson&Johnson, Moderna, Oxford/AstraZeneca, Pfizer/BioNTech",6031465,5868227,11899692
2021-09-12,"Johnson&Johnson, Moderna, Oxford/AstraZeneca, Pfizer/BioNTech",6032587,5869866,11902453
2021-09-13,"Johnson&Johnson, Moderna, Oxford/AstraZeneca, Pfizer/BioNTech",6038032,5880191,11918223
2021-09-14,"Johnson&Johnson, Moderna, Oxford/AstraZeneca, Pfizer/BioNTech",6043437,5889215,11932652
2021-09-15,"Johnson&Johnson, Moderna, Oxford/AstraZeneca, Pfizer/BioNTech",6048654,5897754,11946408
2021-09-16,"Johnson&Johnson, Moderna, Oxford/AstraZeneca, Pfizer/BioNTech",6054029,5906037,11960066
2021-09-17,"Johnson&Johnson, Moderna, Oxford/AstraZeneca, Pfizer/BioNTech",6060607,5916285,11976892
2021-09-18,"Johnson&Johnson, Moderna, Oxford/AstraZeneca, Pfizer/BioNTech, Čína",6062341,5918656,11980997
2021-09-19,"Johnson&Johnson, Moderna, Oxford/AstraZeneca, Pfizer/BioNTech",6063290,5920230,11983520
2021-09-20,"Johnson&Johnson, Moderna, Oxford/AstraZeneca, Pfizer/BioNTech",6067322,5928436,11995758
2021-09-21,"Johnson&Johnson, Moderna, Oxford/AstraZeneca, Pfizer/BioNTech",6071569,5935981,12007550
2021-09-22,"Johnson&Johnson, Moderna, Oxford/AstraZeneca, Pfizer/BioNTech, Čína",6075768,5941517,12017285
2021-09-23,"Johnson&Johnson, Moderna, Oxford/AstraZeneca, Pfizer/BioNTech",6080729,5947939,12028668
2021-09-24,"Johnson&Johnson, Moderna, Oxford/AstraZeneca, Pfizer/BioNTech",6086495,5957567,12044062
2021-09-25,"Johnson&Johnson, Moderna, Oxford/AstraZeneca, Pfizer/BioNTech",6087998,5959570,12047568
2021-09-26,"Johnson&Johnson, Moderna, Oxford/AstraZeneca, Pfizer/BioNTech",6088748,5961215,12049963
2021-09-27,"Indie/AstraZeneca, Johnson&Johnson, Moderna, Oxford/AstraZeneca, Pfizer/BioNTech, Čína",6092638,5967744,12060382
2021-09-28,"Johnson&Johnson, Moderna, Oxford/AstraZeneca, Pfizer/BioNTech",6093017,5968386,12061403
2021-09-29,"Johnson&Johnson, Moderna, Oxford/AstraZeneca, Pfizer/BioNTech",6096796,5975853,12072649
2021-09-30,"Johnson&Johnson, Moderna, Oxford/AstraZeneca, Pfizer/BioNTech",6101323,5983571,12084894
2021-10-01,"Indie/AstraZeneca, Johnson&Johnson, Moderna, Oxford/AstraZeneca, Pfizer/BioNTech, Čína",6105640,5991565,12097205
2021-10-02,"Johnson&Johnson, Moderna, Oxford/AstraZeneca, Pfizer/BioNTech, Čína",6106708,5993119,12099827
2021-10-03,"Johnson&Johnson, Moderna, Oxford/AstraZeneca, Pfizer/BioNTech",6107434,5993994,12101428
2021-10-04,"Johnson&Johnson, Moderna, Oxford/AstraZeneca, Pfizer/BioNTech",6110518,5999576,12110094
2021-10-05,"Johnson&Johnson, Moderna, Oxford/AstraZeneca, Pfizer/BioNTech",6113684,6004668,12118352
2021-10-06,"Johnson&Johnson, Moderna, Oxford/AstraZeneca, Pfizer/BioNTech",6117207,6009849,12127056
2021-10-07,"Johnson&Johnson, Moderna, Oxford/AstraZeneca, Pfizer/BioNTech",6120494,6015114,12135608
2021-10-08,"Johnson&Johnson, Moderna, Oxford/AstraZeneca, Pfizer/BioNTech",6125293,6021766,12147059
2021-10-09,"Indie/AstraZeneca, Johnson&Johnson, Moderna, Oxford/AstraZeneca, Pfizer/BioNTech",6126539,6023437,12149976
2021-10-10,"Johnson&Johnson, Moderna, Oxford/AstraZeneca, Pfizer/BioNTech",6127488,6024275,12151763
2021-10-11,"Johnson&Johnson, Moderna, Oxford/AstraZeneca, Pfizer/BioNTech",6130419,6028703,12159122
2021-10-12,"Johnson&Johnson, Moderna, Oxford/AstraZeneca, Pfizer/BioNTech",6133364,6032710,12166074
2021-10-13,"Johnson&Johnson, Moderna, Oxford/AstraZeneca, Pfizer/BioNTech",6136900,6036909,12173809
2021-10-14,"Johnson&Johnson, Moderna, Oxford/AstraZeneca, Pfizer/BioNTech",6140574,6041863,12182437
2021-10-15,"Johnson&Johnson, Moderna, Oxford/AstraZeneca, Pfizer/BioNTech",6145810,6048017,12193827
2021-10-16,"Johnson&Johnson, Moderna, Oxford/AstraZeneca, Pfizer/BioNTech",6147230,6049551,12196781
2021-10-17,"Johnson&Johnson, Moderna, Pfizer/BioNTech, Čína",6148556,6050611,12199167
2021-10-18,"Johnson&Johnson, Moderna, Oxford/AstraZeneca, Pfizer/BioNTech",6152668,6054721,12207389
2021-10-19,"Johnson&Johnson, Moderna, Oxford/AstraZeneca, Pfizer/BioNTech",6156253,6056824,12213077
2021-10-20,"Johnson&Johnson, Moderna, Oxford/AstraZeneca, Pfizer/BioNTech",6161146,6061290,12222436
2021-10-21,"Johnson&Johnson, Moderna, Oxford/AstraZeneca, Pfizer/BioNTech",6168915,6066903,12235818
2021-10-22,"Johnson&Johnson, Moderna, Oxford/AstraZeneca, Pfizer/BioNTech",6179381,6073409,12252790
2021-10-23,"Johnson&Johnson, Moderna, Oxford/AstraZeneca, Pfizer/BioNTech",6183066,6075623,12258689
2021-10-24,"Johnson&Johnson, Moderna, Oxford/AstraZeneca, Pfizer/BioNTech",6185752,6077404,12263156
2021-10-25,"Johnson&Johnson, Moderna, Oxford/AstraZeneca, Pfizer/BioNTech",6196266,6083228,12279494
2021-10-26,"Johnson&Johnson, Moderna, Oxford/AstraZeneca, Pfizer/BioNTech, Čína",6208263,6089780,12298043
2021-10-27,"Johnson&Johnson, Moderna, Oxford/AstraZeneca, Pfizer/BioNTech, Čína",6222872,6097197,12320069
2021-10-28,"Johnson&Johnson, Moderna, Oxford/AstraZeneca, Pfizer/BioNTech",6226306,6098890,12325196
2021-10-29,"Johnson&Johnson, Moderna, Oxford/AstraZeneca, Pfizer/BioNTech",6240753,6106882,12347635
2021-10-30,"Johnson&Johnson, Moderna, Oxford/AstraZeneca, Pfizer/BioNTech",6245282,6109810,12355092
2021-10-31,"Johnson&Johnson, Moderna, Oxford/AstraZeneca, Pfizer/BioNTech",6249044,6112288,12361332
2021-11-01,"Johnson&Johnson, Moderna, Oxford/AstraZeneca, Pfizer/BioNTech",6264241,6119969,12384210
2021-11-02,"Johnson&Johnson, Moderna, Oxford/AstraZeneca, Pfizer/BioNTech, Čína",6279692,6127528,12407220
2021-11-03,"Johnson&Johnson, Moderna, Oxford/AstraZeneca, Pfizer/BioNTech, Čína",6296880,6134822,12431702
2021-11-04,"Johnson&Johnson, Moderna, Oxford/AstraZeneca, Pfizer/BioNTech",6315227,6143002,12458229
2021-11-05,"Johnson&Johnson, Moderna, Oxford/AstraZeneca, Pfizer/BioNTech",6338032,6154296,12492328
2021-11-06,"Johnson&Johnson, Moderna, Oxford/AstraZeneca, Pfizer/BioNTech",6344550,6157358,12501908
2021-11-07,"Johnson&Johnson, Moderna, Oxford/AstraZeneca, Pfizer/BioNTech",6348580,6159799,12508379
2021-11-08,"Johnson&Johnson, Moderna, Oxford/AstraZeneca, Pfizer/BioNTech",6364845,6167429,12532274
2021-11-09,"Johnson&Johnson, Moderna, Oxford/AstraZeneca, Pfizer/BioNTech",6379662,6174735,12554397
2021-11-10,"Johnson&Johnson, Moderna, Oxford/AstraZeneca, Pfizer/BioNTech",6395401,6182122,12577523
2021-11-11,"Johnson&Johnson, Moderna, Oxford/AstraZeneca, Pfizer/BioNTech, Čína",6410880,6191233,12602113
2021-11-12,"Johnson&Johnson, Moderna, Oxford/AstraZeneca, Pfizer/BioNTech",6430682,6204033,12634715
2021-11-13,"Johnson&Johnson, Moderna, Oxford/AstraZeneca, Pfizer/BioNTech",6436079,6207914,12643993
2021-11-14,"Johnson&Johnson, Moderna, Oxford/AstraZeneca, Pfizer/BioNTech",6439978,6210924,12650902
2021-11-15,"Johnson&Johnson, Moderna, Oxford/AstraZeneca, Pfizer/BioNTech",6455066,6221632,12676698
2021-11-16,"Johnson&Johnson, Moderna, Oxford/AstraZeneca, Pfizer/BioNTech",6472596,6233611,12706207
2021-11-17,"Johnson&Johnson, Moderna, Oxford/AstraZeneca, Pfizer/BioNTech",6476841,6237184,12714025
2021-11-18,"Johnson&Johnson, Moderna, Oxford/AstraZeneca, Pfizer/BioNTech",6496254,6248876,12745130
2021-11-19,"Johnson&Johnson, Moderna, Oxford/AstraZeneca, Pfizer/BioNTech",6520865,6265858,12786723
2021-11-20,"Johnson&Johnson, Moderna, Oxford/AstraZeneca, Pfizer/BioNTech",6529442,6270845,12800287
2021-11-21,"Johnson&Johnson, Moderna, Oxford/AstraZeneca, Pfizer/BioNTech",6536210,6274623,12810833
2021-11-22,"Johnson&Johnson, Moderna, Oxford/AstraZeneca, Pfizer/BioNTech, Čína",6554719,6288739,12843458
2021-11-23,"Johnson&Johnson, Moderna, Oxford/AstraZeneca, Pfizer/BioNTech",6573787,6302006,12875793
2021-11-24,"Johnson&Johnson, Moderna, Oxford/AstraZeneca, Pfizer/BioNTech",6592798,6317859,12910657
2021-11-25,"Johnson&Johnson, Moderna, Oxford/AstraZeneca, Pfizer/BioNTech",6611941,6332905,12944846
2021-11-26,"Johnson&Johnson, Moderna, Oxford/AstraZeneca, Pfizer/BioNTech",6633600,6352048,12985648
2021-11-27,"Johnson&Johnson, Moderna, Oxford/AstraZeneca, Pfizer/BioNTech",6641072,6357605,12998677
2021-11-28,"Johnson&Johnson, Moderna, Oxford/AstraZeneca, Pfizer/BioNTech",6644405,6360745,13005150
2021-11-29,"Johnson&Johnson, Moderna, Oxford/AstraZeneca, Pfizer/BioNTech",6659611,6374408,13034019
2021-11-30,"Johnson&Johnson, Moderna, Oxford/AstraZeneca, Pfizer/BioNTech",6672814,6385641,13058455
2021-12-01,"Johnson&Johnson, Moderna, Oxford/AstraZeneca, Pfizer/BioNTech",6686856,6398101,13084957
2021-12-02,"Johnson&Johnson, Moderna, Oxford/AstraZeneca, Pfizer/BioNTech, Čína",6697499,6410599,13108098
2021-12-03,"Johnson&Johnson, Moderna, Oxford/AstraZeneca, Pfizer/BioNTech",6707139,6426180,13133319
2021-12-04,"Johnson&Johnson, Moderna, Pfizer/BioNTech",6709699,6430138,13139837
2021-12-05,"Johnson&Johnson, Moderna, Oxford/AstraZeneca, Pfizer/BioNTech",6711059,6432483,13143542
2021-12-06,"Johnson&Johnson, Moderna, Oxford/AstraZeneca, Pfizer/BioNTech",6719208,6444012,13163220
2021-12-07,"Johnson&Johnson, Moderna, Oxford/AstraZeneca, Pfizer/BioNTech",6727098,6456027,13183125
2021-12-08,"Johnson&Johnson, Moderna, Oxford/AstraZeneca, Pfizer/BioNTech",6735344,6461957,13197301
2021-12-09,"Johnson&Johnson, Moderna, Oxford/AstraZeneca, Pfizer/BioNTech",6742464,6474780,13217244
2021-12-10,"Johnson&Johnson, Moderna, Oxford/AstraZeneca, Pfizer/BioNTech",6749394,6492592,13241986
2021-12-11,"Johnson&Johnson, Moderna, Oxford/AstraZeneca, Pfizer/BioNTech",6751050,6497859,13248909
2021-12-12,"Johnson&Johnson, Moderna, Oxford/AstraZeneca, Pfizer/BioNTech",6752361,6502296,13254657
2021-12-13,"Johnson&Johnson, Moderna, Oxford/AstraZeneca, Pfizer/BioNTech",6758718,6515608,13274326
2021-12-14,"Johnson&Johnson, Moderna, Oxford/AstraZeneca, Pfizer/BioNTech",6764928,6529280,13294208
2021-12-15,"Johnson&Johnson, Moderna, Oxford/AstraZeneca, Pfizer/BioNTech",6771134,6542877,13314011
2021-12-16,"Johnson&Johnson, Moderna, Oxford/AstraZeneca, Pfizer/BioNTech",6778078,6557713,13335791
2021-12-17,"Johnson&Johnson, Moderna, Oxford/AstraZeneca, Pfizer/BioNTech",6786444,6574983,13361427
2021-12-18,"Johnson&Johnson, Moderna, Oxford/AstraZeneca, Pfizer/BioNTech",6789055,6580440,13369495
2021-12-19,"Johnson&Johnson, Moderna, Pfizer/BioNTech",6790827,6582944,13373771
2021-12-20,"Johnson&Johnson, Moderna, Oxford/AstraZeneca, Pfizer/BioNTech",6796679,6597008,13393687
2021-12-21,"Johnson&Johnson, Moderna, Oxford/AstraZeneca, Pfizer/BioNTech",6803342,6609018,13412360
2021-12-22,"Johnson&Johnson, Moderna, Oxford/AstraZeneca, Pfizer/BioNTech",6808388,6622078,13430466
2021-12-23,"Johnson&Johnson, Moderna, Oxford/AstraZeneca, Pfizer/BioNTech",6811263,6627683,13438946
2021-12-24,"Johnson&Johnson, Moderna, Oxford/AstraZeneca, Pfizer/BioNTech",6811309,6627787,13439096
2021-12-25,"Moderna, Pfizer/BioNTech",6811311,6627795,13439106
2021-12-26,"Moderna, Pfizer/BioNTech",6811413,6627998,13439411
2021-12-27,"Johnson&Johnson, Moderna, Pfizer/BioNTech",6815280,6637745,13453025
2021-12-28,"Johnson&Johnson, Moderna, Oxford/AstraZeneca, Pfizer/BioNTech",6820521,6645743,13466264
2021-12-29,"Johnson&Johnson, Moderna, Oxford/AstraZeneca, Pfizer/BioNTech",6824803,6653465,13478268
2021-12-30,"Johnson&Johnson, Moderna, Pfizer/BioNTech",6829104,6658899,13488003
2021-12-31,"Johnson&Johnson, Moderna, Pfizer/BioNTech",6829615,6660324,13489939
2022-01-01,"Moderna, Pfizer/BioNTech",6829621,6660342,13489963
2022-01-02,"Johnson&Johnson, Moderna, Pfizer/BioNTech",6830477,6661719,13492196
2022-01-03,"Johnson&Johnson, Moderna, Oxford/AstraZeneca, Pfizer/BioNTech",6834613,6670629,13505242
2022-01-04,"Johnson&Johnson, Moderna, Oxford/AstraZeneca, Pfizer/BioNTech",6839696,6678386,13518082
2022-01-05,"Johnson&Johnson, Moderna, Oxford/AstraZeneca, Pfizer/BioNTech, Čína",6845518,6686361,13531879
2022-01-06,"Johnson&Johnson, Moderna, Oxford/AstraZeneca, Pfizer/BioNTech",6852106,6694762,13546868
2022-01-07,"Johnson&Johnson, Moderna, Oxford/AstraZeneca, Pfizer/BioNTech",6859984,6705118,13565102
2022-01-08,"Johnson&Johnson, Moderna, Oxford/AstraZeneca, Pfizer/BioNTech",6862462,6707896,13570358
2022-01-09,"Johnson&Johnson, Moderna, Pfizer/BioNTech",6863544,6709592,13573136
2022-01-10,"Johnson&Johnson, Moderna, Oxford/AstraZeneca, Pfizer/BioNTech",6868051,6715785,13583836
2022-01-11,"Johnson&Johnson, Moderna, Oxford/AstraZeneca, Pfizer/BioNTech",6873500,6722544,13596044
2022-01-12,"Johnson&Johnson, Moderna, Oxford/AstraZeneca, Pfizer/BioNTech",6879458,6728187,13607645
2022-01-13,"Johnson&Johnson, Moderna, Oxford/AstraZeneca, Pfizer/BioNTech",6885347,6732962,13618309
2022-01-14,"Johnson&Johnson, Moderna, Oxford/AstraZeneca, Pfizer/BioNTech",6891649,6736594,13628243
2022-01-15,"Johnson&Johnson, Moderna, Oxford/AstraZeneca, Pfizer/BioNTech",6892925,6737250,13630175
2022-01-16,"Johnson&Johnson, Moderna, Oxford/AstraZeneca, Pfizer/BioNTech",6893615,6737687,13631302
2022-01-17,"Johnson&Johnson, Moderna, Oxford/AstraZeneca, Pfizer/BioNTech",6897170,6741643,13638813
2022-01-18,"Johnson&Johnson, Moderna, Oxford/AstraZeneca, Pfizer/BioNTech",6901019,6746597,13647616
2022-01-19,"Johnson&Johnson, Moderna, Oxford/AstraZeneca, Pfizer/BioNTech",6905089,6750528,13655617
2022-01-20,"Johnson&Johnson, Moderna, Oxford/AstraZeneca, Pfizer/BioNTech",6908687,6754983,13663670
2022-01-21,"Johnson&Johnson, Moderna, Oxford/AstraZeneca, Pfizer/BioNTech",6912684,6757511,13670195
2022-01-22,"Johnson&Johnson, Moderna, Pfizer/BioNTech",6913464,6757952,13671416
2022-01-23,"Johnson&Johnson, Moderna, Pfizer/BioNTech",6914025,6758586,13672611
2022-01-24,"Johnson&Johnson, Moderna, Oxford/AstraZeneca, Pfizer/BioNTech",6916297,6762022,13678319
2022-01-25,"Johnson&Johnson, Moderna, Oxford/AstraZeneca, Pfizer/BioNTech",6918655,6766016,13684671
2022-01-26,"Johnson&Johnson, Moderna, Oxford/AstraZeneca, Pfizer/BioNTech",6921039,6770585,13691624
2022-01-27,"Johnson&Johnson, Moderna, Oxford/AstraZeneca, Pfizer/BioNTech",6923361,6775398,13698759
2022-01-28,"Johnson&Johnson, Moderna, Oxford/AstraZeneca, Pfizer/BioNTech",6926279,6781565,13707844
2022-01-29,"Johnson&Johnson, Moderna, Oxford/AstraZeneca, Pfizer/BioNTech",6926881,6783216,13710097
2022-01-30,"Johnson&Johnson, Moderna, Pfizer/BioNTech",6927108,6783998,13711106
2022-01-31,"Johnson&Johnson, Moderna, Pfizer/BioNTech",6928650,6787925,13716575
2022-02-01,"Johnson&Johnson, Moderna, Pfizer/BioNTech",6930245,6791957,13722202
2022-02-02,"Johnson&Johnson, Moderna, Oxford/AstraZeneca, Pfizer/BioNTech",6931810,6796470,13728280
2022-02-03,"Johnson&Johnson, Moderna, Pfizer/BioNTech",6933190,6800955,13734145
2022-02-04,"Johnson&Johnson, Moderna, Pfizer/BioNTech",6934791,6806071,13740862
2022-02-05,"Johnson&Johnson, Moderna, Pfizer/BioNTech",6934964,6806681,13741645
2022-02-06,"Johnson&Johnson, Moderna, Pfizer/BioNTech",6935060,6807000,13742060
2022-02-07,"Johnson&Johnson, Moderna, Pfizer/BioNTech",6935763,6810209,13745972
2022-02-08,"Johnson&Johnson, Moderna, Pfizer/BioNTech",6936558,6813398,13749956
2022-02-09,"Johnson&Johnson, Moderna, Pfizer/BioNTech",6937380,6816772,13754152
2022-02-10,"Johnson&Johnson, Moderna, Pfizer/BioNTech",6938184,6819904,13758088
2022-02-11,"Johnson&Johnson, Moderna, Pfizer/BioNTech",6939138,6823819,13762957
2022-02-12,"Johnson&Johnson, Moderna, Pfizer/BioNTech",6939248,6824238,13763486
2022-02-13,"Johnson&Johnson, Moderna, Pfizer/BioNTech",6939285,6824676,13763961
2022-02-14,"Johnson&Johnson, Moderna, Pfizer/BioNTech",6939743,6826788,13766531
2022-02-15,"Johnson&Johnson, Moderna, Pfizer/BioNTech",6940296,6828998,13769294
2022-02-16,"Johnson&Johnson, Moderna, Pfizer/BioNTech",6940887,6831097,13771984
2022-02-17,"Johnson&Johnson, Moderna, Pfizer/BioNTech",6941482,6833439,13774921
2022-02-18,"Johnson&Johnson, Moderna, Oxford/AstraZeneca, Pfizer/BioNTech",6942124,6836492,13778616
2022-02-19,"Johnson&Johnson, Moderna, Pfizer/BioNTech",6942204,6836773,13778977
2022-02-20,"Johnson&Johnson, Moderna, Oxford/AstraZeneca, Pfizer/BioNTech",6942242,6836922,13779164
2022-02-21,"Johnson&Johnson, Moderna, Pfizer/BioNTech",6942606,6838622,13781228
2022-02-22,"Johnson&Johnson, Moderna, Oxford/AstraZeneca, Pfizer/BioNTech",6942999,6840320,13783319
2022-02-23,"Johnson&Johnson, Moderna, Pfizer/BioNTech",6943456,6841963,13785419
2022-02-24,"Johnson&Johnson, Moderna, Pfizer/BioNTech",6943864,6843594,13787458
2022-02-25,"Johnson&Johnson, Moderna, Pfizer/BioNTech",6944447,6845679,13790126
2022-02-26,"Johnson&Johnson, Moderna, Pfizer/BioNTech",6944506,6845840,13790346
2022-02-27,"Johnson&Johnson, Moderna, Pfizer/BioNTech",6944536,6845916,13790452
2022-02-28,"Johnson&Johnson, Moderna, Pfizer/BioNTech",6944782,6846893,13791675
2022-03-01,"Johnson&Johnson, Moderna, Pfizer/BioNTech",6945089,6847678,13792767
2022-03-02,"Johnson&Johnson, Moderna, Novavax, Pfizer/BioNTech",6945462,6848586,13794048
2022-03-03,"Johnson&Johnson, Moderna, Novavax, Pfizer/BioNTech",6945799,6849529,13795328
2022-03-04,"Johnson&Johnson, Moderna, Novavax, Pfizer/BioNTech",6946429,6850750,13797179
2022-03-05,"Johnson&Johnson, Moderna, Novavax, Pfizer/BioNTech",6946510,6850843,13797353
2022-03-06,"Moderna, Novavax, Pfizer/BioNTech",6946523,6850861,13797384
2022-03-07,"Johnson&Johnson, Moderna, Novavax, Pfizer/BioNTech",6946858,6851419,13798277
2022-03-08,"Johnson&Johnson, Moderna, Novavax, Pfizer/BioNTech",6947193,6851961,13799154
2022-03-09,"Johnson&Johnson, Moderna, Novavax, Pfizer/BioNTech",6947582,6852550,13800132
2022-03-10,"Johnson&Johnson, Moderna, Novavax, Pfizer/BioNTech",6947994,6853223,13801217
2022-03-11,"Johnson&Johnson, Moderna, Novavax, Pfizer/BioNTech",6948743,6854133,13802876
2022-03-12,"Johnson&Johnson, Moderna, Novavax, Pfizer/BioNTech",6948814,6854238,13803052
2022-03-13,"Johnson&Johnson, Moderna, Novavax, Pfizer/BioNTech",6948827,6854257,13803084
2022-03-14,"Johnson&Johnson, Moderna, Novavax, Pfizer/BioNTech",6949094,6854640,13803734
2022-03-15,"Johnson&Johnson, Moderna, Novavax, Pfizer/BioNTech",6949378,6855076,13804454
2022-03-16,"Johnson&Johnson, Moderna, Novavax, Pfizer/BioNTech",6949697,6855619,13805316
2022-03-17,"Johnson&Johnson, Moderna, Novavax, Oxford/AstraZeneca, Pfizer/BioNTech",6949993,6856051,13806044
2022-03-18,"Johnson&Johnson, Moderna, Novavax, Pfizer/BioNTech",6950690,6856846,13807536
2022-03-19,"Moderna, Novavax, Pfizer/BioNTech",6950746,6856891,13807637
2022-03-20,"Moderna, Novavax, Pfizer/BioNTech",6950764,6856903,13807667
2022-03-21,"Johnson&Johnson, Moderna, Novavax, Pfizer/BioNTech",6950952,6857230,13808182
2022-03-22,"Johnson&Johnson, Moderna, Novavax, Pfizer/BioNTech",6951193,6857629,13808822
2022-03-23,"Johnson&Johnson, Moderna, Novavax, Pfizer/BioNTech",6951530,6858068,13809598
2022-03-24,"Johnson&Johnson, Moderna, Novavax, Pfizer/BioNTech",6951841,6858541,13810382
2022-03-25,"Johnson&Johnson, Moderna, Novavax, Pfizer/BioNTech",6952336,6859350,13811686
2022-03-26,"Johnson&Johnson, Moderna, Novavax, Pfizer/BioNTech",6952388,6859428,13811816
2022-03-27,"Moderna, Novavax, Pfizer/BioNTech",6952404,6859445,13811849
2022-03-28,"Johnson&Johnson, Moderna, Novavax, Pfizer/BioNTech",6952558,6859823,13812381
2022-03-29,"Johnson&Johnson, Moderna, Novavax, Pfizer/BioNTech",6952820,6860229,13813049
2022-03-30,"Johnson&Johnson, Moderna, Novavax, Pfizer/BioNTech",6953125,6860722,13813847
2022-03-31,"Johnson&Johnson, Moderna, Novavax, Pfizer/BioNTech",6953423,6861214,13814637
2022-04-01,"Johnson&Johnson, Moderna, Novavax, Pfizer/BioNTech",6954034,6861974,13816008
2022-04-02,"Moderna, Novavax, Pfizer/BioNTech",6954091,6862058,13816149
2022-04-03,"Moderna, Novavax, Pfizer/BioNTech",6954104,6862087,13816191
2022-04-04,"Johnson&Johnson, Moderna, Novavax, Pfizer/BioNTech",6954281,6862369,13816650
2022-04-05,"Johnson&Johnson, Moderna, Novavax, Pfizer/BioNTech",6954472,6862605,13817077
2022-04-06,"Johnson&Johnson, Moderna, Novavax, Pfizer/BioNTech",6954689,6862951,13817640
2022-04-07,"Johnson&Johnson, Moderna, Novavax, Pfizer/BioNTech",6954913,6863369,13818282
2022-04-08,"Johnson&Johnson, Moderna, Novavax, Pfizer/BioNTech",6955367,6864092,13819459
2022-04-09,"Johnson&Johnson, Moderna, Novavax, Pfizer/BioNTech",6955427,6864164,13819591
2022-04-10,"Moderna, Novavax, Pfizer/BioNTech",6955440,6864173,13819613
2022-04-11,"Johnson&Johnson, Moderna, Novavax, Pfizer/BioNTech",6955602,6864404,13820006
2022-04-12,"Johnson&Johnson, Moderna, Novavax, Pfizer/BioNTech",6955849,6864702,13820551
2022-04-13,"Johnson&Johnson, Moderna, Novavax, Pfizer/BioNTech",6956090,6865056,13821146
2022-04-14,"Johnson&Johnson, Moderna, Novavax, Pfizer/BioNTech",6956352,6865441,13821793
2022-04-15,"Moderna, Novavax, Pfizer/BioNTech",6956368,6865472,13821840
2022-04-16,"Johnson&Johnson, Moderna, Novavax, Pfizer/BioNTech",6956388,6865506,13821894
2022-04-17,"Moderna, Novavax, Pfizer/BioNTech",6956389,6865507,13821896
2022-04-18,"Moderna, Novavax, Pfizer/BioNTech",6956403,6865524,13821927
2022-04-19,"Johnson&Johnson, Moderna, Novavax, Pfizer/BioNTech",6956542,6865862,13822404
2022-04-20,"Johnson&Johnson, Moderna, Novavax, Pfizer/BioNTech, Čína",6956765,6866252,13823017
2022-04-21,"Johnson&Johnson, Moderna, Novavax, Pfizer/BioNTech",6956982,6866676,13823658
2022-04-22,"Johnson&Johnson, Moderna, Novavax, Pfizer/BioNTech",6957446,6867504,13824950
2022-04-23,"Moderna, Novavax, Pfizer/BioNTech",6957477,6867583,13825060
2022-04-24,"Moderna, Novavax, Pfizer/BioNTech",6957482,6867594,13825076
2022-04-25,"Johnson&Johnson, Moderna, Novavax, Pfizer/BioNTech",6957638,6867802,13825440
2022-04-26,"Johnson&Johnson, Moderna, Novavax, Pfizer/BioNTech",6957778,6868066,13825844
2022-04-27,"Johnson&Johnson, Moderna, Novavax, Pfizer/BioNTech",6958045,6868396,13826441
2022-04-28,"Johnson&Johnson, Moderna, Novavax, Pfizer/BioNTech",6958239,6868686,13826925
2022-04-29,"Johnson&Johnson, Moderna, Novavax, Pfizer/BioNTech",6958674,6869275,13827949
2022-04-30,"Moderna, Novavax, Pfizer/BioNTech",6958715,6869342,13828057
2022-05-01,"Moderna, Novavax, Oxford/AstraZeneca, Pfizer/BioNTech",6958720,6869352,13828072
2022-05-02,"Johnson&Johnson, Moderna, Novavax, Pfizer/BioNTech",6958860,6869534,13828394
2022-05-03,"Johnson&Johnson, Moderna, Novavax, Pfizer/BioNTech",6959017,6869790,13828807
2022-05-04,"Johnson&Johnson, Moderna, Novavax, Pfizer/BioNTech",6959223,6870065,13829288
2022-05-05,"Johnson&Johnson, Moderna, Novavax, Pfizer/BioNTech",6959430,6870355,13829785
2022-05-06,"Johnson&Johnson, Moderna, Novavax, Pfizer/BioNTech",6959806,6870697,13830503
2022-05-07,"Moderna, Novavax, Pfizer/BioNTech",6959833,6870723,13830556
2022-05-08,"Moderna, Pfizer/BioNTech",6959834,6870731,13830565
2022-05-09,"Johnson&Johnson, Moderna, Novavax, Pfizer/BioNTech",6959942,6870821,13830763
2022-05-10,"Johnson&Johnson, Moderna, Novavax, Pfizer/BioNTech",6960097,6871058,13831155
2022-05-11,"Johnson&Johnson, Moderna, Novavax, Oxford/AstraZeneca, Pfizer/BioNTech",6960319,6871325,13831644
2022-05-12,"Johnson&Johnson, Moderna, Novavax, Pfizer/BioNTech",6960522,6871602,13832124
2022-05-13,"Johnson&Johnson, Moderna, Novavax, Pfizer/BioNTech",6960867,6872101,13832968
2022-05-14,"Johnson&Johnson, Moderna, Novavax, Pfizer/BioNTech",6960908,6872141,13833049
2022-05-15,"Johnson&Johnson, Moderna, Novavax, Pfizer/BioNTech",6960923,6872152,13833075
2022-05-16,"Johnson&Johnson, Moderna, Novavax, Pfizer/BioNTech",6961033,6872272,13833305
2022-05-17,"Johnson&Johnson, Moderna, Novavax, Pfizer/BioNTech",6961175,6872427,13833602
2022-05-18,"Johnson&Johnson, Moderna, Novavax, Pfizer/BioNTech",6961410,6872759,13834169
2022-05-19,"Johnson&Johnson, Moderna, Novavax, Pfizer/BioNTech",6961604,6873010,13834614
2022-05-20,"Johnson&Johnson, Moderna, Novavax, Pfizer/BioNTech",6961905,6873564,13835469
2022-05-21,"Johnson&Johnson, Moderna, Novavax, Pfizer/BioNTech",6961944,6873593,13835537
2022-05-22,"Moderna, Pfizer/BioNTech",6961953,6873600,13835553
2022-05-23,"Johnson&Johnson, Moderna, Novavax, Pfizer/BioNTech",6962075,6873755,13835830
2022-05-24,"Johnson&Johnson, Moderna, Novavax, Pfizer/BioNTech",6962206,6873928,13836134
2022-05-25,"Johnson&Johnson, Moderna, Novavax, Oxford/AstraZeneca, Pfizer/BioNTech",6962383,6874177,13836560
2022-05-26,"Johnson&Johnson, Moderna, Novavax, Pfizer/BioNTech",6962535,6874402,13836937
2022-05-27,"Johnson&Johnson, Moderna, Novavax, Pfizer/BioNTech",6962805,6874868,13837673
2022-05-28,"Moderna, Novavax, Pfizer/BioNTech",6962843,6874917,13837760
2022-05-29,"Moderna, Novavax, Pfizer/BioNTech",6962852,6874921,13837773
2022-05-30,"Johnson&Johnson, Moderna, Novavax, Pfizer/BioNTech",6962942,6875081,13838023
2022-05-31,"Johnson&Johnson, Moderna, Novavax, Pfizer/BioNTech",6963091,6875277,13838368
2022-06-01,"Johnson&Johnson, Moderna, Novavax, Pfizer/BioNTech",6963229,6875507,13838736
2022-06-02,"Moderna, Novavax, Pfizer/BioNTech",6963359,6875747,13839106
2022-06-03,"Johnson&Johnson, Moderna, Novavax, Pfizer/BioNTech",6963618,6876207,13839825
2022-06-04,"Johnson&Johnson, Moderna, Novavax, Pfizer/BioNTech",6963652,6876247,13839899
2022-06-05,"Moderna, Novavax, Pfizer/BioNTech",6963659,6876253,13839912
2022-06-06,"Johnson&Johnson, Moderna, Novavax, Pfizer/BioNTech",6963748,6876396,13840144
2022-06-07,"Johnson&Johnson, Moderna, Novavax, Pfizer/BioNTech",6963833,6876555,13840388
2022-06-08,"Johnson&Johnson, Moderna, Novavax, Pfizer/BioNTech",6963968,6876803,13840771
2022-06-09,"Johnson&Johnson, Moderna, Novavax, Pfizer/BioNTech",6964063,6877005,13841068
2022-06-10,"Johnson&Johnson, Moderna, Novavax, Pfizer/BioNTech",6964243,6877340,13841583
2022-06-11,"Moderna, Novavax, Pfizer/BioNTech",6964257,6877379,13841636
2022-06-12,"Moderna, Novavax, Pfizer/BioNTech",6964263,6877402,13841665
2022-06-13,"Johnson&Johnson, Moderna, Novavax, Oxford/AstraZeneca, Pfizer/BioNTech",6964315,6877525,13841840
2022-06-14,"Johnson&Johnson, Moderna, Novavax, Pfizer/BioNTech",6964395,6877673,13842068
2022-06-15,"Johnson&Johnson, Moderna, Novavax, Pfizer/BioNTech",6964470,6877868,13842338
2022-06-16,"Johnson&Johnson, Moderna, Novavax, Pfizer/BioNTech",6964535,6878045,13842580
2022-06-17,"Johnson&Johnson, Moderna, Novavax, Pfizer/BioNTech",6964687,6878332,13843019
2022-06-18,"Moderna, Novavax, Pfizer/BioNTech",6964699,6878371,13843070
2022-06-19,"Moderna, Pfizer/BioNTech",6964702,6878379,13843081
2022-06-20,"Johnson&Johnson, Moderna, Novavax, Pfizer/BioNTech",6964766,6878500,13843266
2022-06-21,"Johnson&Johnson, Moderna, Novavax, Pfizer/BioNTech",6964829,6878626,13843455
2022-06-22,"Johnson&Johnson, Moderna, Novavax, Pfizer/BioNTech",6964922,6878807,13843729
2022-06-23,"Johnson&Johnson, Moderna, Novavax, Pfizer/BioNTech",6964982,6878975,13843957
2022-06-24,"Johnson&Johnson, Moderna, Novavax, Pfizer/BioNTech",6965136,6879325,13844461
2022-06-25,"Moderna, Novavax, Pfizer/BioNTech",6965156,6879377,13844533
2022-06-26,"Moderna, Pfizer/BioNTech",6965157,6879387,13844544
2022-06-27,"Johnson&Johnson, Moderna, Novavax, Pfizer/BioNTech",6965223,6879502,13844725
2022-06-28,"Johnson&Johnson, Moderna, Novavax, Pfizer/BioNTech",6965294,6879622,13844916
2022-06-29,"Johnson&Johnson, Moderna, Novavax, Pfizer/BioNTech",6965415,6879806,13845221
2022-06-30,"Johnson&Johnson, Moderna, Novavax, Pfizer/BioNTech",6965500,6879955,13845455
2022-07-01,"Johnson&Johnson, Moderna, Novavax, Pfizer/BioNTech",6965665,6880200,13845865
2022-07-02,"Moderna, Novavax, Pfizer/BioNTech",6965678,6880207,13845885
2022-07-03,"Moderna, Pfizer/BioNTech",6965681,6880216,13845897
2022-07-04,"Johnson&Johnson, Moderna, Novavax, Pfizer/BioNTech",6965747,6880281,13846028
2022-07-05,"Novavax, Pfizer/BioNTech",6965748,6880282,13846030
2022-07-06,"Moderna, Pfizer/BioNTech",6965750,6880287,13846037
2022-07-07,"Johnson&Johnson, Moderna, Novavax, Pfizer/BioNTech",6965854,6880383,13846237
2022-07-08,"Indie/AstraZeneca, Johnson&Johnson, Moderna, Novavax, Oxford/AstraZeneca, Pfizer/BioNTech",6966001,6880563,13846564
2022-07-09,"Johnson&Johnson, Moderna, Novavax, Pfizer/BioNTech",6966010,6880571,13846581
2022-07-10,"Moderna, Pfizer/BioNTech",6966014,6880581,13846595
2022-07-11,"Johnson&Johnson, Moderna, Novavax, Pfizer/BioNTech",6966096,6880663,13846759
2022-07-12,"Johnson&Johnson, Moderna, Novavax, Pfizer/BioNTech",6966177,6880741,13846918
