date,vaccine,people_vaccinated,people_fully_vaccinated,total_vaccinations
2020-12-27,Pfizer/BioNTech,1278,0,1278
2020-12-28,Pfizer/BioNTech,3585,0,3585
2020-12-29,Pfizer/BioNTech,7052,0,7052
2020-12-30,Pfizer/BioNTech,10568,0,10568
2020-12-31,Pfizer/BioNTech,11875,0,11875
2021-01-01,"Moderna, Pfizer/BioNTech",12144,0,12144
2021-01-02,Pfizer/BioNTech,13422,0,13422
2021-01-03,Pfizer/BioNTech,14344,0,14344
2021-01-04,"Moderna, Pfizer/BioNTech",17953,0,17953
2021-01-05,"Moderna, Pfizer/BioNTech",22473,0,22473
2021-01-06,"Moderna, Pfizer/BioNTech",28314,1,28315
2021-01-07,"Moderna, Pfizer/BioNTech",36308,1,36309
2021-01-08,"Moderna, Pfizer/BioNTech",46360,1,46361
2021-01-09,"Moderna, Pfizer/BioNTech",48385,2,48387
2021-01-10,Pfizer/BioNTech,50152,3,50155
2021-01-11,Pfizer/BioNTech,60006,5,60011
2021-01-12,"Moderna, Pfizer/BioNTech",73451,7,73458
2021-01-13,Pfizer/BioNTech,86990,7,86997
2021-01-14,"Moderna, Pfizer/BioNTech",102225,11,102236
2021-01-15,"Moderna, Pfizer/BioNTech",116236,12,116248
2021-01-16,"Moderna, Pfizer/BioNTech",119633,15,119648
2021-01-17,"Moderna, Pfizer/BioNTech",122250,651,122901
2021-01-18,"Moderna, Pfizer/BioNTech",134732,2478,137210
2021-01-19,"Moderna, Pfizer/BioNTech",147333,5202,152535
2021-01-20,"Moderna, Pfizer/BioNTech",161011,7861,168872
2021-01-21,"Moderna, Pfizer/BioNTech",176664,9603,186267
2021-01-22,"Moderna, Pfizer/BioNTech",191541,10648,202189
2021-01-23,"Moderna, Pfizer/BioNTech",194862,11527,206389
2021-01-24,"Moderna, Pfizer/BioNTech",197116,12396,209512
2021-01-25,"Moderna, Pfizer/BioNTech",206757,15369,222126
2021-01-26,"Moderna, Pfizer/BioNTech",217293,19359,236652
2021-01-27,"Moderna, Pfizer/BioNTech",226320,23896,250216
2021-01-28,"Moderna, Pfizer/BioNTech",233415,30025,263440
2021-01-29,"Moderna, Pfizer/BioNTech",239625,37934,277559
2021-01-30,"Moderna, Pfizer/BioNTech",240362,39022,279384
2021-01-31,"Moderna, Pfizer/BioNTech",241075,40203,281278
2021-02-01,"Moderna, Pfizer/BioNTech",245054,48162,293216
2021-02-02,"Moderna, Pfizer/BioNTech",249196,58391,307587
2021-02-03,"Moderna, Pfizer/BioNTech",253615,69401,323016
2021-02-04,"Moderna, Pfizer/BioNTech",258510,82385,340895
2021-02-05,"Moderna, Pfizer/BioNTech",263976,93056,357032
2021-02-06,"Moderna, Oxford/AstraZeneca, Pfizer/BioNTech",264824,95421,360245
2021-02-07,"Moderna, Pfizer/BioNTech",265673,97922,363595
2021-02-08,"Moderna, Oxford/AstraZeneca, Pfizer/BioNTech",269754,109353,379107
2021-02-09,"Moderna, Oxford/AstraZeneca, Pfizer/BioNTech",274847,121264,396111
2021-02-10,"Moderna, Oxford/AstraZeneca, Pfizer/BioNTech",280353,134511,414864
2021-02-11,"Moderna, Oxford/AstraZeneca, Pfizer/BioNTech",286684,150724,437408
2021-02-12,"Moderna, Oxford/AstraZeneca, Pfizer/BioNTech",293499,165454,458953
2021-02-13,"Moderna, Oxford/AstraZeneca, Pfizer/BioNTech",295108,168442,463550
2021-02-14,"Moderna, Oxford/AstraZeneca, Pfizer/BioNTech",296111,169826,465937
2021-02-15,"Moderna, Oxford/AstraZeneca, Pfizer/BioNTech",302508,179183,481691
2021-02-16,"Moderna, Oxford/AstraZeneca, Pfizer/BioNTech",311224,188258,499482
2021-02-17,"Moderna, Oxford/AstraZeneca, Pfizer/BioNTech",320921,196562,517483
2021-02-18,"Moderna, Oxford/AstraZeneca, Pfizer/BioNTech",333237,204640,537877
2021-02-19,"Moderna, Oxford/AstraZeneca, Pfizer/BioNTech",345090,212000,557090
2021-02-20,"Moderna, Oxford/AstraZeneca, Pfizer/BioNTech",347085,213181,560266
2021-02-21,"Moderna, Oxford/AstraZeneca, Pfizer/BioNTech",348216,214204,562420
2021-02-22,"Moderna, Oxford/AstraZeneca, Pfizer/BioNTech",358337,220233,578570
2021-02-23,"Moderna, Oxford/AstraZeneca, Pfizer/BioNTech",371281,227209,598490
2021-02-24,"Moderna, Oxford/AstraZeneca, Pfizer/BioNTech",385152,233242,618394
2021-02-25,"Moderna, Oxford/AstraZeneca, Pfizer/BioNTech",403116,238788,641904
2021-02-26,"Moderna, Oxford/AstraZeneca, Pfizer/BioNTech",419282,244134,663416
2021-02-27,"Moderna, Oxford/AstraZeneca, Pfizer/BioNTech",422290,244691,666981
2021-02-28,"Moderna, Oxford/AstraZeneca, Pfizer/BioNTech",424636,245240,669876
2021-03-01,"Moderna, Oxford/AstraZeneca, Pfizer/BioNTech",444221,248684,692905
2021-03-02,"Moderna, Oxford/AstraZeneca, Pfizer/BioNTech",471437,252224,723661
2021-03-03,"Moderna, Oxford/AstraZeneca, Pfizer/BioNTech",502316,256726,759042
2021-03-04,"Moderna, Oxford/AstraZeneca, Pfizer/BioNTech",535585,261407,796992
2021-03-05,"Johnson&Johnson, Moderna, Oxford/AstraZeneca, Pfizer/BioNTech",564396,266824,831220
2021-03-06,"Johnson&Johnson, Moderna, Oxford/AstraZeneca, Pfizer/BioNTech",576537,267683,844220
2021-03-07,"Johnson&Johnson, Moderna, Oxford/AstraZeneca, Pfizer/BioNTech",588071,268524,856595
2021-03-08,"Johnson&Johnson, Moderna, Oxford/AstraZeneca, Pfizer/BioNTech",617800,273376,891176
2021-03-09,"Johnson&Johnson, Moderna, Oxford/AstraZeneca, Pfizer/BioNTech",654152,279755,933907
2021-03-10,"Moderna, Oxford/AstraZeneca, Pfizer/BioNTech",695456,286705,982161
2021-03-11,"Johnson&Johnson, Moderna, Oxford/AstraZeneca, Pfizer/BioNTech",740271,295073,1035344
2021-03-12,"Johnson&Johnson, Moderna, Oxford/AstraZeneca, Pfizer/BioNTech",779032,303562,1082594
2021-03-13,"Johnson&Johnson, Moderna, Oxford/AstraZeneca, Pfizer/BioNTech",796107,304866,1100973
2021-03-14,"Johnson&Johnson, Moderna, Oxford/AstraZeneca, Pfizer/BioNTech",808217,306018,1114235
2021-03-15,"Moderna, Oxford/AstraZeneca, Pfizer/BioNTech",836594,314791,1151385
2021-03-16,"Johnson&Johnson, Moderna, Oxford/AstraZeneca, Pfizer/BioNTech",875469,325323,1200792
2021-03-17,"Moderna, Oxford/AstraZeneca, Pfizer/BioNTech",912930,335828,1248758
2021-03-18,"Johnson&Johnson, Moderna, Oxford/AstraZeneca, Pfizer/BioNTech",950911,348241,1299152
2021-03-19,"Moderna, Oxford/AstraZeneca, Pfizer/BioNTech",985385,361845,1347230
2021-03-20,"Johnson&Johnson, Moderna, Oxford/AstraZeneca, Pfizer/BioNTech",1000519,363870,1364389
2021-03-21,"Johnson&Johnson, Moderna, Oxford/AstraZeneca, Pfizer/BioNTech",1007937,365426,1373363
2021-03-22,"Johnson&Johnson, Moderna, Oxford/AstraZeneca, Pfizer/BioNTech",1032481,377927,1410408
2021-03-23,"Johnson&Johnson, Moderna, Oxford/AstraZeneca, Pfizer/BioNTech",1059111,391274,1450385
2021-03-24,"Johnson&Johnson, Moderna, Oxford/AstraZeneca, Pfizer/BioNTech",1085959,407006,1492965
2021-03-25,"Moderna, Oxford/AstraZeneca, Pfizer/BioNTech",1112282,424851,1537133
2021-03-26,"Johnson&Johnson, Moderna, Oxford/AstraZeneca, Pfizer/BioNTech",1137082,442345,1579427
2021-03-27,"Johnson&Johnson, Moderna, Oxford/AstraZeneca, Pfizer/BioNTech",1145509,447190,1592699
2021-03-28,"Moderna, Oxford/AstraZeneca, Pfizer/BioNTech",1151046,451328,1602374
2021-03-29,"Johnson&Johnson, Moderna, Oxford/AstraZeneca, Pfizer/BioNTech",1170160,472061,1642221
2021-03-30,"Johnson&Johnson, Moderna, Oxford/AstraZeneca, Pfizer/BioNTech",1194849,494234,1689083
2021-03-31,"Johnson&Johnson, Moderna, Oxford/AstraZeneca, Pfizer/BioNTech",1217955,521288,1739243
2021-04-01,"Johnson&Johnson, Moderna, Oxford/AstraZeneca, Pfizer/BioNTech",1243575,553327,1796902
2021-04-02,"Johnson&Johnson, Moderna, Oxford/AstraZeneca, Pfizer/BioNTech",1250495,566113,1816608
2021-04-03,"Johnson&Johnson, Moderna, Oxford/AstraZeneca, Pfizer/BioNTech",1254111,577029,1831140
2021-04-04,"Johnson&Johnson, Moderna, Oxford/AstraZeneca, Pfizer/BioNTech",1256620,585947,1842567
2021-04-05,"Johnson&Johnson, Moderna, Oxford/AstraZeneca, Pfizer/BioNTech",1259022,593127,1852149
2021-04-06,"Johnson&Johnson, Moderna, Oxford/AstraZeneca, Pfizer/BioNTech",1275154,622375,1897529
2021-04-07,"Johnson&Johnson, Moderna, Oxford/AstraZeneca, Pfizer/BioNTech",1298565,644600,1943165
2021-04-08,"Johnson&Johnson, Moderna, Oxford/AstraZeneca, Pfizer/BioNTech",1337266,675614,2012880
2021-04-09,"Johnson&Johnson, Moderna, Oxford/AstraZeneca, Pfizer/BioNTech",1376798,705784,2082582
2021-04-10,"Johnson&Johnson, Moderna, Oxford/AstraZeneca, Pfizer/BioNTech",1392289,721072,2113361
2021-04-11,"Johnson&Johnson, Moderna, Oxford/AstraZeneca, Pfizer/BioNTech",1402063,731111,2133174
2021-04-12,"Johnson&Johnson, Moderna, Oxford/AstraZeneca, Pfizer/BioNTech",1440310,756239,2196549
2021-04-13,"Moderna, Oxford/AstraZeneca, Pfizer/BioNTech",1476553,782267,2258820
2021-04-14,"Moderna, Oxford/AstraZeneca, Pfizer/BioNTech",1515359,809621,2324980
2021-04-15,"Moderna, Oxford/AstraZeneca, Pfizer/BioNTech",1563135,835363,2398498
2021-04-16,"Moderna, Oxford/AstraZeneca, Pfizer/BioNTech",1607778,861001,2468779
2021-04-17,"Moderna, Oxford/AstraZeneca, Pfizer/BioNTech",1624466,870025,2494491
2021-04-18,"Moderna, Oxford/AstraZeneca, Pfizer/BioNTech",1637450,875005,2512455
2021-04-19,"Moderna, Oxford/AstraZeneca, Pfizer/BioNTech",1681422,890425,2571847
2021-04-20,"Johnson&Johnson, Moderna, Oxford/AstraZeneca, Pfizer/BioNTech",1723965,906279,2630244
2021-04-21,"Moderna, Oxford/AstraZeneca, Pfizer/BioNTech",1771686,920626,2692312
2021-04-22,"Johnson&Johnson, Moderna, Oxford/AstraZeneca, Pfizer/BioNTech",1826172,937999,2764171
2021-04-23,"Johnson&Johnson, Moderna, Oxford/AstraZeneca, Pfizer/BioNTech",1876129,950048,2826177
2021-04-24,"Johnson&Johnson, Moderna, Oxford/AstraZeneca, Pfizer/BioNTech",1893955,955288,2849243
2021-04-25,"Johnson&Johnson, Moderna, Oxford/AstraZeneca, Pfizer/BioNTech",1908641,959280,2867921
2021-04-26,"Johnson&Johnson, Moderna, Oxford/AstraZeneca, Pfizer/BioNTech",1958212,966827,2925039
2021-04-27,"Johnson&Johnson, Moderna, Oxford/AstraZeneca, Pfizer/BioNTech",2007173,979044,2986217
2021-04-28,"Johnson&Johnson, Moderna, Oxford/AstraZeneca, Pfizer/BioNTech",2065915,993030,3058945
2021-04-29,"Johnson&Johnson, Moderna, Oxford/AstraZeneca, Pfizer/BioNTech",2131455,1008916,3140371
2021-04-30,"Johnson&Johnson, Moderna, Oxford/AstraZeneca, Pfizer/BioNTech",2193686,1018876,3212562
2021-05-01,"Johnson&Johnson, Moderna, Oxford/AstraZeneca, Pfizer/BioNTech",2213008,1022320,3235328
2021-05-02,"Johnson&Johnson, Moderna, Oxford/AstraZeneca, Pfizer/BioNTech",2231918,1024585,3256503
2021-05-03,"Johnson&Johnson, Moderna, Oxford/AstraZeneca, Pfizer/BioNTech",2299155,1029637,3328792
2021-05-04,"Johnson&Johnson, Moderna, Oxford/AstraZeneca, Pfizer/BioNTech",2365637,1037962,3403599
2021-05-05,"Johnson&Johnson, Moderna, Oxford/AstraZeneca, Pfizer/BioNTech",2438786,1047354,3486140
2021-05-06,"Johnson&Johnson, Moderna, Oxford/AstraZeneca, Pfizer/BioNTech",2519165,1058057,3577222
2021-05-07,"Johnson&Johnson, Moderna, Oxford/AstraZeneca, Pfizer/BioNTech",2596393,1068113,3664506
2021-05-08,"Johnson&Johnson, Moderna, Oxford/AstraZeneca, Pfizer/BioNTech",2625821,1069871,3695692
2021-05-09,"Johnson&Johnson, Moderna, Oxford/AstraZeneca, Pfizer/BioNTech",2650007,1071071,3721078
2021-05-10,"Johnson&Johnson, Moderna, Oxford/AstraZeneca, Pfizer/BioNTech",2722745,1078279,3801024
2021-05-11,"Johnson&Johnson, Moderna, Oxford/AstraZeneca, Pfizer/BioNTech",2798833,1087066,3885899
2021-05-12,"Johnson&Johnson, Moderna, Oxford/AstraZeneca, Pfizer/BioNTech",2878674,1096157,3974831
2021-05-13,"Johnson&Johnson, Moderna, Oxford/AstraZeneca, Pfizer/BioNTech",2962675,1105311,4067986
2021-05-14,"Johnson&Johnson, Moderna, Oxford/AstraZeneca, Pfizer/BioNTech",3042089,1113083,4155172
2021-05-15,"Johnson&Johnson, Moderna, Oxford/AstraZeneca, Pfizer/BioNTech",3073953,1115321,4189274
2021-05-16,"Johnson&Johnson, Moderna, Oxford/AstraZeneca, Pfizer/BioNTech",3099702,1116579,4216281
2021-05-17,"Johnson&Johnson, Moderna, Oxford/AstraZeneca, Pfizer/BioNTech",3172195,1123298,4295493
2021-05-18,"Johnson&Johnson, Moderna, Oxford/AstraZeneca, Pfizer/BioNTech",3244109,1136346,4380455
2021-05-19,"Johnson&Johnson, Moderna, Oxford/AstraZeneca, Pfizer/BioNTech",3321548,1151467,4473015
2021-05-20,"Johnson&Johnson, Moderna, Oxford/AstraZeneca, Pfizer/BioNTech",3396959,1178481,4575440
2021-05-21,"Johnson&Johnson, Moderna, Oxford/AstraZeneca, Pfizer/BioNTech",3465699,1206225,4671924
2021-05-22,"Johnson&Johnson, Moderna, Oxford/AstraZeneca, Pfizer/BioNTech",3498054,1217390,4715444
2021-05-23,"Johnson&Johnson, Moderna, Oxford/AstraZeneca, Pfizer/BioNTech",3520396,1226414,4746810
2021-05-24,"Johnson&Johnson, Moderna, Oxford/AstraZeneca, Pfizer/BioNTech",3567512,1260055,4827567
2021-05-25,"Johnson&Johnson, Moderna, Oxford/AstraZeneca, Pfizer/BioNTech",3619332,1295825,4915157
2021-05-26,"Johnson&Johnson, Moderna, Oxford/AstraZeneca, Pfizer/BioNTech",3687063,1333314,5020377
2021-05-27,"Johnson&Johnson, Moderna, Oxford/AstraZeneca, Pfizer/BioNTech",3748433,1380609,5129042
2021-05-28,"Johnson&Johnson, Moderna, Oxford/AstraZeneca, Pfizer/BioNTech",3810115,1427151,5237266
2021-05-29,"Johnson&Johnson, Moderna, Oxford/AstraZeneca, Pfizer/BioNTech",3839277,1444242,5283519
2021-05-30,"Johnson&Johnson, Moderna, Oxford/AstraZeneca, Pfizer/BioNTech",3861626,1458664,5320290
2021-05-31,"Johnson&Johnson, Moderna, Oxford/AstraZeneca, Pfizer/BioNTech",3917343,1506178,5423521
2021-06-01,"Johnson&Johnson, Moderna, Oxford/AstraZeneca, Pfizer/BioNTech",3976353,1554997,5531350
2021-06-02,"Johnson&Johnson, Moderna, Oxford/AstraZeneca, Pfizer/BioNTech",4039222,1608942,5648164
2021-06-03,"Johnson&Johnson, Moderna, Oxford/AstraZeneca, Pfizer/BioNTech",4097431,1669111,5766542
2021-06-04,"Johnson&Johnson, Moderna, Oxford/AstraZeneca, Pfizer/BioNTech",4160491,1726471,5886962
2021-06-05,"Johnson&Johnson, Moderna, Oxford/AstraZeneca, Pfizer/BioNTech",4194616,1745272,5939888
2021-06-06,"Johnson&Johnson, Moderna, Oxford/AstraZeneca, Pfizer/BioNTech",4221521,1760384,5981905
2021-06-07,"Johnson&Johnson, Moderna, Oxford/AstraZeneca, Pfizer/BioNTech",4285186,1815970,6101156
2021-06-08,"Johnson&Johnson, Moderna, Oxford/AstraZeneca, Pfizer/BioNTech",4349150,1870912,6220062
2021-06-09,"Johnson&Johnson, Moderna, Oxford/AstraZeneca, Pfizer/BioNTech",4408318,1935396,6343714
2021-06-10,"Johnson&Johnson, Moderna, Oxford/AstraZeneca, Pfizer/BioNTech",4462179,2006514,6468693
2021-06-11,"Johnson&Johnson, Moderna, Oxford/AstraZeneca, Pfizer/BioNTech",4514270,2076212,6590482
2021-06-12,"Johnson&Johnson, Moderna, Oxford/AstraZeneca, Pfizer/BioNTech",4546266,2096971,6643237
2021-06-13,"Johnson&Johnson, Moderna, Oxford/AstraZeneca, Pfizer/BioNTech",4570273,2115346,6685619
2021-06-14,"Johnson&Johnson, Moderna, Oxford/AstraZeneca, Pfizer/BioNTech",4613336,2189672,6803008
2021-06-15,"Johnson&Johnson, Moderna, Oxford/AstraZeneca, Pfizer/BioNTech",4657975,2261958,6919933
2021-06-16,"Johnson&Johnson, Moderna, Oxford/AstraZeneca, Pfizer/BioNTech",4700701,2340121,7040822
2021-06-17,"Johnson&Johnson, Moderna, Oxford/AstraZeneca, Pfizer/BioNTech",4740072,2423135,7163207
2021-06-18,"Johnson&Johnson, Moderna, Oxford/AstraZeneca, Pfizer/BioNTech",4782444,2503568,7286012
2021-06-19,"Johnson&Johnson, Moderna, Oxford/AstraZeneca, Pfizer/BioNTech",4804189,2532800,7336989
2021-06-20,"Johnson&Johnson, Moderna, Oxford/AstraZeneca, Pfizer/BioNTech",4821549,2556591,7378140
2021-06-21,"Johnson&Johnson, Moderna, Oxford/AstraZeneca, Pfizer/BioNTech",4854047,2635094,7489141
2021-06-22,"Johnson&Johnson, Moderna, Oxford/AstraZeneca, Pfizer/BioNTech",4886997,2717281,7604278
2021-06-23,"Johnson&Johnson, Moderna, Oxford/AstraZeneca, Pfizer/BioNTech",4918645,2802426,7721071
2021-06-24,"Johnson&Johnson, Moderna, Oxford/AstraZeneca, Pfizer/BioNTech",4948477,2892372,7840849
2021-06-25,"Johnson&Johnson, Moderna, Oxford/AstraZeneca, Pfizer/BioNTech",4979524,2978431,7957955
2021-06-26,"Johnson&Johnson, Moderna, Oxford/AstraZeneca, Pfizer/BioNTech",4995378,3013194,8008572
2021-06-27,"Johnson&Johnson, Moderna, Oxford/AstraZeneca, Pfizer/BioNTech",5009315,3039801,8049116
2021-06-28,"Johnson&Johnson, Moderna, Oxford/AstraZeneca, Pfizer/BioNTech",5037715,3124916,8162631
2021-06-29,"Johnson&Johnson, Moderna, Oxford/AstraZeneca, Pfizer/BioNTech",5066976,3211310,8278286
2021-06-30,"Johnson&Johnson, Moderna, Oxford/AstraZeneca, Pfizer/BioNTech",5094461,3302206,8396667
2021-07-01,"Johnson&Johnson, Moderna, Oxford/AstraZeneca, Pfizer/BioNTech",5118425,3392189,8510614
2021-07-02,"Johnson&Johnson, Moderna, Oxford/AstraZeneca, Pfizer/BioNTech",5145132,3477964,8623096
2021-07-03,"Johnson&Johnson, Moderna, Oxford/AstraZeneca, Pfizer/BioNTech",5152205,3509437,8661642
2021-07-04,"Johnson&Johnson, Moderna, Oxford/AstraZeneca, Pfizer/BioNTech",5159754,3531208,8690962
2021-07-05,"Johnson&Johnson, Moderna, Oxford/AstraZeneca, Pfizer/BioNTech",5167115,3556550,8723665
2021-07-06,"Johnson&Johnson, Moderna, Oxford/AstraZeneca, Pfizer/BioNTech",5172517,3584161,8756678
2021-07-07,"Johnson&Johnson, Moderna, Oxford/AstraZeneca, Pfizer/BioNTech",5198294,3663069,8861363
2021-07-08,"Johnson&Johnson, Moderna, Oxford/AstraZeneca, Pfizer/BioNTech",5224886,3733325,8958211
2021-07-09,"Johnson&Johnson, Moderna, Oxford/AstraZeneca, Pfizer/BioNTech",5252794,3802528,9055322
2021-07-10,"Johnson&Johnson, Moderna, Oxford/AstraZeneca, Pfizer/BioNTech",5262134,3831111,9093245
2021-07-11,"Johnson&Johnson, Moderna, Oxford/AstraZeneca, Pfizer/BioNTech",5270653,3853967,9124620
2021-07-12,"Johnson&Johnson, Moderna, Oxford/AstraZeneca, Pfizer/BioNTech",5298171,3922993,9221164
2021-07-13,"Johnson&Johnson, Moderna, Oxford/AstraZeneca, Pfizer/BioNTech",5324338,3992796,9317134
2021-07-14,"Johnson&Johnson, Moderna, Oxford/AstraZeneca, Pfizer/BioNTech",5350137,4064702,9414839
2021-07-15,"Johnson&Johnson, Moderna, Oxford/AstraZeneca, Pfizer/BioNTech",5379302,4130640,9509942
2021-07-16,"Johnson&Johnson, Moderna, Oxford/AstraZeneca, Pfizer/BioNTech",5407205,4203278,9610483
2021-07-17,"Johnson&Johnson, Moderna, Oxford/AstraZeneca, Pfizer/BioNTech",5415967,4234670,9650637
2021-07-18,"Johnson&Johnson, Moderna, Oxford/AstraZeneca, Pfizer/BioNTech",5424403,4260635,9685038
2021-07-19,"Johnson&Johnson, Moderna, Oxford/AstraZeneca, Pfizer/BioNTech",5447743,4327598,9775341
2021-07-20,"Johnson&Johnson, Moderna, Oxford/AstraZeneca, Pfizer/BioNTech",5469119,4394568,9863687
2021-07-21,"Johnson&Johnson, Moderna, Oxford/AstraZeneca, Pfizer/BioNTech",5492562,4457957,9950519
2021-07-22,"Johnson&Johnson, Moderna, Oxford/AstraZeneca, Pfizer/BioNTech",5514914,4516512,10031426
2021-07-23,"Johnson&Johnson, Moderna, Oxford/AstraZeneca, Pfizer/BioNTech",5538099,4571187,10109286
2021-07-24,"Johnson&Johnson, Moderna, Oxford/AstraZeneca, Pfizer/BioNTech",5545404,4598805,10144209
2021-07-25,"Johnson&Johnson, Moderna, Oxford/AstraZeneca, Pfizer/BioNTech",5552012,4620899,10172911
2021-07-26,"Johnson&Johnson, Moderna, Oxford/AstraZeneca, Pfizer/BioNTech",5575540,4669506,10245046
2021-07-27,"Johnson&Johnson, Moderna, Oxford/AstraZeneca, Pfizer/BioNTech",5598261,4716066,10314327
2021-07-28,"Johnson&Johnson, Moderna, Oxford/AstraZeneca, Pfizer/BioNTech",5619498,4761968,10381466
2021-07-29,"Johnson&Johnson, Moderna, Oxford/AstraZeneca, Pfizer/BioNTech",5640804,4803843,10444647
2021-07-30,"Johnson&Johnson, Moderna, Oxford/AstraZeneca, Pfizer/BioNTech",5664065,4846320,10510385
2021-07-31,"Johnson&Johnson, Moderna, Oxford/AstraZeneca, Pfizer/BioNTech",5672979,4865816,10538795
2021-08-01,"Johnson&Johnson, Moderna, Oxford/AstraZeneca, Pfizer/BioNTech",5679692,4881958,10561650
2021-08-02,"Johnson&Johnson, Moderna, Oxford/AstraZeneca, Pfizer/BioNTech",5698307,4919455,10617762
2021-08-03,"Johnson&Johnson, Moderna, Oxford/AstraZeneca, Pfizer/BioNTech",5715928,4957497,10673425
2021-08-04,"Johnson&Johnson, Moderna, Oxford/AstraZeneca, Pfizer/BioNTech",5732007,4994172,10726179
2021-08-05,"Johnson&Johnson, Moderna, Oxford/AstraZeneca, Pfizer/BioNTech",5748026,5034581,10782607
2021-08-06,"Johnson&Johnson, Moderna, Oxford/AstraZeneca, Pfizer/BioNTech",5764804,5077799,10842603
2021-08-07,"Johnson&Johnson, Moderna, Oxford/AstraZeneca, Pfizer/BioNTech",5770389,5095935,10866324
2021-08-08,"Johnson&Johnson, Moderna, Oxford/AstraZeneca, Pfizer/BioNTech",5774739,5111665,10886404
2021-08-09,"Johnson&Johnson, Moderna, Oxford/AstraZeneca, Pfizer/BioNTech",5787376,5156665,10944041
2021-08-10,"Johnson&Johnson, Moderna, Oxford/AstraZeneca, Pfizer/BioNTech",5799203,5196185,10995388
2021-08-11,"Johnson&Johnson, Moderna, Oxford/AstraZeneca, Pfizer/BioNTech",5810555,5239269,11049824
2021-08-12,"Johnson&Johnson, Moderna, Oxford/AstraZeneca, Pfizer/BioNTech",5821970,5276346,11098316
2021-08-13,"Johnson&Johnson, Moderna, Oxford/AstraZeneca, Pfizer/BioNTech",5832682,5316632,11149314
2021-08-14,"Johnson&Johnson, Moderna, Oxford/AstraZeneca, Pfizer/BioNTech",5836017,5327309,11163326
2021-08-15,"Johnson&Johnson, Moderna, Oxford/AstraZeneca, Pfizer/BioNTech",5838596,5337663,11176259
2021-08-16,"Johnson&Johnson, Moderna, Oxford/AstraZeneca, Pfizer/BioNTech",5848375,5371693,11220068
2021-08-17,"Johnson&Johnson, Moderna, Oxford/AstraZeneca, Pfizer/BioNTech",5857964,5398752,11256716
2021-08-18,"Johnson&Johnson, Moderna, Oxford/AstraZeneca, Pfizer/BioNTech",5867327,5437585,11304912
2021-08-19,"Johnson&Johnson, Moderna, Oxford/AstraZeneca, Pfizer/BioNTech",5876988,5475900,11352888
2021-08-20,"Johnson&Johnson, Moderna, Oxford/AstraZeneca, Pfizer/BioNTech",5888364,5516055,11404419
2021-08-21,"Johnson&Johnson, Moderna, Oxford/AstraZeneca, Pfizer/BioNTech",5891077,5528789,11419866
2021-08-22,"Johnson&Johnson, Moderna, Oxford/AstraZeneca, Pfizer/BioNTech",5893416,5540741,11434157
2021-08-23,"Johnson&Johnson, Moderna, Oxford/AstraZeneca, Pfizer/BioNTech",5903944,5579973,11483917
2021-08-24,"Johnson&Johnson, Moderna, Oxford/AstraZeneca, Pfizer/BioNTech",5913806,5613190,11526996
2021-08-25,"Johnson&Johnson, Moderna, Oxford/AstraZeneca, Pfizer/BioNTech",5922666,5641526,11564192
2021-08-26,"Johnson&Johnson, Moderna, Oxford/AstraZeneca, Pfizer/BioNTech",5931108,5667629,11598737
2021-08-27,"Johnson&Johnson, Moderna, Oxford/AstraZeneca, Pfizer/BioNTech",5941418,5693548,11634966
2021-08-28,"Johnson&Johnson, Moderna, Oxford/AstraZeneca, Pfizer/BioNTech",5944138,5700573,11644711
2021-08-29,"Johnson&Johnson, Moderna, Oxford/AstraZeneca, Pfizer/BioNTech",5946540,5707184,11653724
2021-08-30,"Johnson&Johnson, Moderna, Oxford/AstraZeneca, Pfizer/BioNTech",5955057,5729030,11684087
2021-08-31,"Johnson&Johnson, Moderna, Oxford/AstraZeneca, Pfizer/BioNTech",5962718,5747081,11709799
2021-09-01,"Johnson&Johnson, Moderna, Oxford/AstraZeneca, Pfizer/BioNTech",5968600,5761054,11729654
2021-09-02,"Johnson&Johnson, Moderna, Oxford/AstraZeneca, Pfizer/BioNTech",5975426,5775420,11750846
2021-09-03,"Johnson&Johnson, Moderna, Oxford/AstraZeneca, Pfizer/BioNTech",5984975,5791102,11776077
2021-09-04,"Johnson&Johnson, Moderna, Oxford/AstraZeneca, Pfizer/BioNTech",5987037,5794648,11781685
2021-09-05,"Johnson&Johnson, Moderna, Oxford/AstraZeneca, Pfizer/BioNTech",5989069,5797487,11786556
2021-09-06,"Johnson&Johnson, Moderna, Oxford/AstraZeneca, Pfizer/BioNTech",5995295,5809995,11805290
2021-09-07,"Johnson&Johnson, Moderna, Oxford/AstraZeneca, Pfizer/BioNTech",5999670,5821080,11820750
2021-09-08,"Johnson&Johnson, Moderna, Oxford/AstraZeneca, Pfizer/BioNTech",6005327,5830908,11836235
2021-09-09,"Johnson&Johnson, Moderna, Oxford/AstraZeneca, Pfizer/BioNTech",6012001,5840956,11852957
2021-09-10,"Johnson&Johnson, Moderna, Oxford/AstraZeneca, Pfizer/BioNTech",6019679,5853118,11872797
2021-09-11,"Johnson&Johnson, Moderna, Oxford/AstraZeneca, Pfizer/BioNTech",6021540,5855589,11877129
2021-09-12,"Johnson&Johnson, Moderna, Oxford/AstraZeneca, Pfizer/BioNTech",6022654,5857211,11879865
2021-09-13,"Johnson&Johnson, Moderna, Oxford/AstraZeneca, Pfizer/BioNTech",6028078,5867495,11895573
2021-09-14,"Johnson&Johnson, Moderna, Oxford/AstraZeneca, Pfizer/BioNTech",6033458,5876490,11909948
2021-09-15,"Johnson&Johnson, Moderna, Oxford/AstraZeneca, Pfizer/BioNTech",6038644,5884998,11923642
2021-09-16,"Johnson&Johnson, Moderna, Oxford/AstraZeneca, Pfizer/BioNTech",6043987,5893258,11937245
2021-09-17,"Johnson&Johnson, Moderna, Oxford/AstraZeneca, Pfizer/BioNTech",6050550,5903462,11954012
2021-09-18,"Johnson&Johnson, Moderna, Oxford/AstraZeneca, Pfizer/BioNTech",6052273,5905811,11958084
2021-09-19,"Johnson&Johnson, Moderna, Oxford/AstraZeneca, Pfizer/BioNTech",6053213,5907374,11960587
2021-09-20,"Johnson&Johnson, Moderna, Oxford/AstraZeneca, Pfizer/BioNTech",6057217,5915557,11972774
2021-09-21,"Johnson&Johnson, Moderna, Oxford/AstraZeneca, Pfizer/BioNTech",6061442,5923079,11984521
2021-09-22,"Johnson&Johnson, Moderna, Oxford/AstraZeneca, Pfizer/BioNTech",6065615,5928586,11994201
2021-09-23,"Johnson&Johnson, Moderna, Oxford/AstraZeneca, Pfizer/BioNTech",6070592,5934987,12005579
2021-09-24,"Johnson&Johnson, Moderna, Oxford/AstraZeneca, Pfizer/BioNTech",6076343,5944593,12020936
2021-09-25,"Johnson&Johnson, Moderna, Oxford/AstraZeneca, Pfizer/BioNTech",6077833,5946579,12024412
2021-09-26,"Johnson&Johnson, Moderna, Pfizer/BioNTech",6078573,5948206,12026779
2021-09-27,"Johnson&Johnson, Moderna, Oxford/AstraZeneca, Pfizer/BioNTech",6082446,5954692,12037138
2021-09-28,"Johnson&Johnson, Moderna, Pfizer/BioNTech",6082802,5955294,12038096
2021-09-29,"Johnson&Johnson, Moderna, Oxford/AstraZeneca, Pfizer/BioNTech",6086573,5962735,12049308
2021-09-30,"Johnson&Johnson, Moderna, Oxford/AstraZeneca, Pfizer/BioNTech",6091067,5970417,12061484
2021-10-01,"Johnson&Johnson, Moderna, Oxford/AstraZeneca, Pfizer/BioNTech",6095351,5978367,12073718
2021-10-02,"Johnson&Johnson, Moderna, Oxford/AstraZeneca, Pfizer/BioNTech",6096410,5979901,12076311
2021-10-03,"Johnson&Johnson, Moderna, Pfizer/BioNTech",6097125,5980762,12077887
2021-10-04,"Johnson&Johnson, Moderna, Oxford/AstraZeneca, Pfizer/BioNTech",6100192,5986324,12086516
2021-10-05,"Johnson&Johnson, Moderna, Oxford/AstraZeneca, Pfizer/BioNTech",6103344,5991383,12094727
2021-10-06,"Johnson&Johnson, Moderna, Oxford/AstraZeneca, Pfizer/BioNTech",6106852,5996536,12103388
2021-10-07,"Johnson&Johnson, Moderna, Oxford/AstraZeneca, Pfizer/BioNTech",6110122,6001781,12111903
2021-10-08,"Johnson&Johnson, Moderna, Oxford/AstraZeneca, Pfizer/BioNTech",6114901,6008394,12123295
2021-10-09,"Johnson&Johnson, Moderna, Oxford/AstraZeneca, Pfizer/BioNTech",6116139,6010044,12126183
2021-10-10,"Johnson&Johnson, Moderna, Oxford/AstraZeneca, Pfizer/BioNTech",6117079,6010873,12127952
2021-10-11,"Johnson&Johnson, Moderna, Oxford/AstraZeneca, Pfizer/BioNTech",6120000,6015274,12135274
2021-10-12,"Johnson&Johnson, Moderna, Oxford/AstraZeneca, Pfizer/BioNTech",6122913,6019267,12142180
2021-10-13,"Johnson&Johnson, Moderna, Oxford/AstraZeneca, Pfizer/BioNTech",6126442,6023443,12149885
2021-10-14,"Johnson&Johnson, Moderna, Oxford/AstraZeneca, Pfizer/BioNTech",6130115,6028384,12158499
2021-10-15,"Johnson&Johnson, Moderna, Oxford/AstraZeneca, Pfizer/BioNTech",6135340,6034512,12169852
2021-10-16,"Johnson&Johnson, Moderna, Oxford/AstraZeneca, Pfizer/BioNTech",6136735,6036027,12172762
2021-10-17,"Johnson&Johnson, Moderna, Pfizer/BioNTech",6138054,6037079,12175133
2021-10-18,"Johnson&Johnson, Moderna, Oxford/AstraZeneca, Pfizer/BioNTech",6142164,6041168,12183332
2021-10-19,"Johnson&Johnson, Moderna, Oxford/AstraZeneca, Pfizer/BioNTech",6145732,6043251,12188983
2021-10-20,"Johnson&Johnson, Moderna, Oxford/AstraZeneca, Pfizer/BioNTech",6150591,6047693,12198284
2021-10-21,"Johnson&Johnson, Moderna, Oxford/AstraZeneca, Pfizer/BioNTech",6158333,6053279,12211612
2021-10-22,"Johnson&Johnson, Moderna, Oxford/AstraZeneca, Pfizer/BioNTech",6168772,6059777,12228549
2021-10-23,"Johnson&Johnson, Moderna, Pfizer/BioNTech",6172440,6061976,12234416
2021-10-24,"Johnson&Johnson, Moderna, Pfizer/BioNTech",6175122,6063748,12238870
2021-10-25,"Johnson&Johnson, Moderna, Oxford/AstraZeneca, Pfizer/BioNTech",6185597,6069540,12255137
2021-10-26,"Johnson&Johnson, Moderna, Oxford/AstraZeneca, Pfizer/BioNTech",6197512,6076070,12273582
2021-10-27,"Johnson&Johnson, Moderna, Oxford/AstraZeneca, Pfizer/BioNTech",6212089,6083462,12295551
2021-10-28,"Johnson&Johnson, Moderna, Oxford/AstraZeneca, Pfizer/BioNTech",6215440,6085130,12300570
2021-10-29,"Johnson&Johnson, Moderna, Oxford/AstraZeneca, Pfizer/BioNTech",6229847,6093089,12322936
2021-10-30,"Johnson&Johnson, Moderna, Pfizer/BioNTech",6234371,6096000,12330371
2021-10-31,"Johnson&Johnson, Moderna, Oxford/AstraZeneca, Pfizer/BioNTech",6238127,6098467,12336594
2021-11-01,"Johnson&Johnson, Moderna, Oxford/AstraZeneca, Pfizer/BioNTech",6253236,6106150,12359386
2021-11-02,"Johnson&Johnson, Moderna, Oxford/AstraZeneca, Pfizer/BioNTech",6268534,6113688,12382222
2021-11-03,"Johnson&Johnson, Moderna, Oxford/AstraZeneca, Pfizer/BioNTech",6285619,6120975,12406594
2021-11-04,"Johnson&Johnson, Moderna, Oxford/AstraZeneca, Pfizer/BioNTech",6303829,6129137,12432966
2021-11-05,"Johnson&Johnson, Moderna, Oxford/AstraZeneca, Pfizer/BioNTech",6326527,6140393,12466920
2021-11-06,"Johnson&Johnson, Moderna, Oxford/AstraZeneca, Pfizer/BioNTech",6333012,6143442,12476454
2021-11-07,"Johnson&Johnson, Moderna, Oxford/AstraZeneca, Pfizer/BioNTech",6337024,6145872,12482896
2021-11-08,"Johnson&Johnson, Moderna, Oxford/AstraZeneca, Pfizer/BioNTech",6353185,6153493,12506678
2021-11-09,"Johnson&Johnson, Moderna, Oxford/AstraZeneca, Pfizer/BioNTech",6367889,6160776,12528665
2021-11-10,"Johnson&Johnson, Moderna, Oxford/AstraZeneca, Pfizer/BioNTech",6383537,6168143,12551680
2021-11-11,"Johnson&Johnson, Moderna, Oxford/AstraZeneca, Pfizer/BioNTech",6398867,6177219,12576086
2021-11-12,"Johnson&Johnson, Moderna, Oxford/AstraZeneca, Pfizer/BioNTech",6418540,6189969,12608509
2021-11-13,"Johnson&Johnson, Moderna, Oxford/AstraZeneca, Pfizer/BioNTech",6423924,6193826,12617750
2021-11-14,"Johnson&Johnson, Moderna, Oxford/AstraZeneca, Pfizer/BioNTech",6427797,6196820,12624617
2021-11-15,"Johnson&Johnson, Moderna, Oxford/AstraZeneca, Pfizer/BioNTech",6442786,6207494,12650280
2021-11-16,"Johnson&Johnson, Moderna, Oxford/AstraZeneca, Pfizer/BioNTech",6460209,6219393,12679602
2021-11-17,"Johnson&Johnson, Moderna, Oxford/AstraZeneca, Pfizer/BioNTech",6464390,6222943,12687333
2021-11-18,"Johnson&Johnson, Moderna, Oxford/AstraZeneca, Pfizer/BioNTech",6483677,6234590,12718267
2021-11-19,"Johnson&Johnson, Moderna, Oxford/AstraZeneca, Pfizer/BioNTech",6508090,6251515,12759605
2021-11-20,"Johnson&Johnson, Moderna, Oxford/AstraZeneca, Pfizer/BioNTech",6516617,6256470,12773087
2021-11-21,"Johnson&Johnson, Moderna, Oxford/AstraZeneca, Pfizer/BioNTech",6523361,6260229,12783590
2021-11-22,"Johnson&Johnson, Moderna, Oxford/AstraZeneca, Pfizer/BioNTech",6541661,6274267,12815928
2021-11-23,"Johnson&Johnson, Moderna, Oxford/AstraZeneca, Pfizer/BioNTech",6560581,6287409,12847990
2021-11-24,"Johnson&Johnson, Moderna, Oxford/AstraZeneca, Pfizer/BioNTech",6579446,6303195,12882641
2021-11-25,"Johnson&Johnson, Moderna, Oxford/AstraZeneca, Pfizer/BioNTech",6598495,6318135,12916630
2021-11-26,"Johnson&Johnson, Moderna, Oxford/AstraZeneca, Pfizer/BioNTech",6619963,6337139,12957102
2021-11-27,"Johnson&Johnson, Moderna, Oxford/AstraZeneca, Pfizer/BioNTech",6627349,6342636,12969985
2021-11-28,"Johnson&Johnson, Moderna, Pfizer/BioNTech",6630657,6345758,12976415
2021-11-29,"Johnson&Johnson, Moderna, Oxford/AstraZeneca, Pfizer/BioNTech",6645740,6359321,13005061
2021-11-30,"Johnson&Johnson, Moderna, Oxford/AstraZeneca, Pfizer/BioNTech",6658766,6370357,13029123
2021-12-01,"Johnson&Johnson, Moderna, Oxford/AstraZeneca, Pfizer/BioNTech",6672564,6382593,13055157
2021-12-02,"Johnson&Johnson, Moderna, Oxford/AstraZeneca, Pfizer/BioNTech",6683030,6394834,13077864
2021-12-03,"Johnson&Johnson, Moderna, Oxford/AstraZeneca, Pfizer/BioNTech",6692245,6409920,13102165
2021-12-04,"Johnson&Johnson, Moderna, Oxford/AstraZeneca, Pfizer/BioNTech",6694697,6413781,13108478
2021-12-05,"Johnson&Johnson, Moderna, Oxford/AstraZeneca, Pfizer/BioNTech",6696018,6416077,13112095
2021-12-06,"Johnson&Johnson, Moderna, Oxford/AstraZeneca, Pfizer/BioNTech",6703418,6426570,13129988
