date,vaccine,people_vaccinated,people_fully_vaccinated,total_vaccinations
2020-12-27,Pfizer/BioNTech,1288,0,1288
2020-12-28,Pfizer/BioNTech,3591,0,3591
2020-12-29,Pfizer/BioNTech,7063,1,7064
2020-12-30,Pfizer/BioNTech,10580,1,10581
2020-12-31,Pfizer/BioNTech,11891,1,11892
2021-01-01,"Moderna, Pfizer/BioNTech",12160,1,12161
2021-01-02,"Moderna, Pfizer/BioNTech",13442,2,13444
2021-01-03,"Moderna, Pfizer/BioNTech",14369,2,14371
2021-01-04,"Moderna, Pfizer/BioNTech",17978,2,17980
2021-01-05,"Moderna, Pfizer/BioNTech",22503,3,22506
2021-01-06,"Moderna, Pfizer/BioNTech",28349,4,28353
2021-01-07,"Moderna, Pfizer/BioNTech",36347,4,36351
2021-01-08,"Moderna, Pfizer/BioNTech",46398,5,46403
2021-01-09,"Moderna, Pfizer/BioNTech",48425,7,48432
2021-01-10,Pfizer/BioNTech,50196,9,50205
2021-01-11,"Moderna, Pfizer/BioNTech",60051,11,60062
2021-01-12,"Moderna, Pfizer/BioNTech",73507,13,73520
2021-01-13,"Moderna, Pfizer/BioNTech",87052,13,87065
2021-01-14,"Moderna, Pfizer/BioNTech",102305,17,102322
2021-01-15,"Moderna, Pfizer/BioNTech",116327,18,116345
2021-01-16,"Moderna, Pfizer/BioNTech",119731,22,119753
2021-01-17,"Moderna, Pfizer/BioNTech",122352,658,123010
2021-01-18,"Moderna, Pfizer/BioNTech",134846,2485,137331
2021-01-19,"Moderna, Pfizer/BioNTech",147459,5214,152673
2021-01-20,"Moderna, Pfizer/BioNTech",161157,7878,169035
2021-01-21,"Moderna, Pfizer/BioNTech",176811,9620,186431
2021-01-22,"Moderna, Pfizer/BioNTech",191704,10664,202368
2021-01-23,"Moderna, Pfizer/BioNTech",195023,11541,206564
2021-01-24,"Moderna, Pfizer/BioNTech",197279,12412,209691
2021-01-25,"Moderna, Pfizer/BioNTech",206934,15383,222317
2021-01-26,"Moderna, Pfizer/BioNTech",217481,19375,236856
2021-01-27,"Moderna, Pfizer/BioNTech",226513,23910,250423
2021-01-28,"Moderna, Pfizer/BioNTech",233619,30042,263661
2021-01-29,"Moderna, Pfizer/BioNTech",239834,37949,277783
2021-01-30,"Moderna, Pfizer/BioNTech",240575,39037,279612
2021-01-31,"Moderna, Pfizer/BioNTech",241294,40219,281513
2021-02-01,"Moderna, Pfizer/BioNTech",245277,48187,293464
2021-02-02,"Moderna, Pfizer/BioNTech",249430,58427,307857
2021-02-03,"Moderna, Pfizer/BioNTech",253857,69447,323304
2021-02-04,"Moderna, Pfizer/BioNTech",258763,82441,341204
2021-02-05,"Moderna, Pfizer/BioNTech",264239,93117,357356
2021-02-06,"Moderna, Oxford/AstraZeneca, Pfizer/BioNTech",265098,95482,360580
2021-02-07,"Moderna, Oxford/AstraZeneca, Pfizer/BioNTech",265949,97982,363931
2021-02-08,"Moderna, Oxford/AstraZeneca, Pfizer/BioNTech",270044,109412,379456
2021-02-09,"Moderna, Oxford/AstraZeneca, Pfizer/BioNTech",275152,121328,396480
2021-02-10,"Moderna, Oxford/AstraZeneca, Pfizer/BioNTech",280671,134589,415260
2021-02-11,"Moderna, Oxford/AstraZeneca, Pfizer/BioNTech",287014,150809,437823
2021-02-12,"Moderna, Oxford/AstraZeneca, Pfizer/BioNTech",293844,165558,459402
2021-02-13,"Moderna, Oxford/AstraZeneca, Pfizer/BioNTech",295462,168546,464008
2021-02-14,"Moderna, Oxford/AstraZeneca, Pfizer/BioNTech",296468,169932,466400
2021-02-15,"Moderna, Oxford/AstraZeneca, Pfizer/BioNTech",302867,179303,482170
2021-02-16,"Moderna, Oxford/AstraZeneca, Pfizer/BioNTech",311588,188384,499972
2021-02-17,"Moderna, Oxford/AstraZeneca, Pfizer/BioNTech",321291,196695,517986
2021-02-18,"Moderna, Oxford/AstraZeneca, Pfizer/BioNTech",333621,204778,538399
2021-02-19,"Moderna, Oxford/AstraZeneca, Pfizer/BioNTech",345487,212154,557641
2021-02-20,"Moderna, Oxford/AstraZeneca, Pfizer/BioNTech",347497,213340,560837
2021-02-21,"Moderna, Oxford/AstraZeneca, Pfizer/BioNTech",348634,214366,563000
2021-02-22,"Moderna, Oxford/AstraZeneca, Pfizer/BioNTech",358761,220404,579165
2021-02-23,"Moderna, Oxford/AstraZeneca, Pfizer/BioNTech",371726,227395,599121
2021-02-24,"Moderna, Oxford/AstraZeneca, Pfizer/BioNTech",385611,233438,619049
2021-02-25,"Moderna, Oxford/AstraZeneca, Pfizer/BioNTech",403595,238990,642585
2021-02-26,"Moderna, Oxford/AstraZeneca, Pfizer/BioNTech",419778,244350,664128
2021-02-27,"Moderna, Oxford/AstraZeneca, Pfizer/BioNTech",422787,244910,667697
2021-02-28,"Moderna, Oxford/AstraZeneca, Pfizer/BioNTech",425145,245461,670606
2021-03-01,"Moderna, Oxford/AstraZeneca, Pfizer/BioNTech",444745,248911,693656
2021-03-02,"Moderna, Oxford/AstraZeneca, Pfizer/BioNTech",471973,252461,724434
2021-03-03,"Moderna, Oxford/AstraZeneca, Pfizer/BioNTech",502930,256972,759902
2021-03-04,"Moderna, Oxford/AstraZeneca, Pfizer/BioNTech",536217,261662,797879
2021-03-05,"Johnson&Johnson, Moderna, Oxford/AstraZeneca, Pfizer/BioNTech",565061,267091,832152
2021-03-06,"Johnson&Johnson, Moderna, Oxford/AstraZeneca, Pfizer/BioNTech",577221,267957,845178
2021-03-07,"Johnson&Johnson, Moderna, Oxford/AstraZeneca, Pfizer/BioNTech",588770,268800,857570
2021-03-08,"Johnson&Johnson, Moderna, Oxford/AstraZeneca, Pfizer/BioNTech",618521,273663,892184
2021-03-09,"Johnson&Johnson, Moderna, Oxford/AstraZeneca, Pfizer/BioNTech",654894,280051,934945
2021-03-10,"Johnson&Johnson, Moderna, Oxford/AstraZeneca, Pfizer/BioNTech",696229,287012,983241
2021-03-11,"Johnson&Johnson, Moderna, Oxford/AstraZeneca, Pfizer/BioNTech",741090,295388,1036478
2021-03-12,"Johnson&Johnson, Moderna, Oxford/AstraZeneca, Pfizer/BioNTech",779855,303888,1083743
2021-03-13,"Johnson&Johnson, Moderna, Oxford/AstraZeneca, Pfizer/BioNTech",796966,305203,1102169
2021-03-14,"Johnson&Johnson, Moderna, Oxford/AstraZeneca, Pfizer/BioNTech",809085,306359,1115444
2021-03-15,"Johnson&Johnson, Moderna, Oxford/AstraZeneca, Pfizer/BioNTech",837483,315141,1152624
2021-03-16,"Johnson&Johnson, Moderna, Oxford/AstraZeneca, Pfizer/BioNTech",876381,325678,1202059
2021-03-17,"Moderna, Oxford/AstraZeneca, Pfizer/BioNTech",913870,336193,1250063
2021-03-18,"Johnson&Johnson, Moderna, Oxford/AstraZeneca, Pfizer/BioNTech",951878,348619,1300497
2021-03-19,"Johnson&Johnson, Moderna, Oxford/AstraZeneca, Pfizer/BioNTech",986399,362234,1348633
2021-03-20,"Johnson&Johnson, Moderna, Oxford/AstraZeneca, Pfizer/BioNTech",1001583,364264,1365847
2021-03-21,"Johnson&Johnson, Moderna, Oxford/AstraZeneca, Pfizer/BioNTech",1009030,365824,1374854
2021-03-22,"Johnson&Johnson, Moderna, Oxford/AstraZeneca, Pfizer/BioNTech",1033609,378327,1411936
2021-03-23,"Johnson&Johnson, Moderna, Oxford/AstraZeneca, Pfizer/BioNTech",1060285,391694,1451979
2021-03-24,"Johnson&Johnson, Moderna, Oxford/AstraZeneca, Pfizer/BioNTech",1087180,407439,1494619
2021-03-25,"Johnson&Johnson, Moderna, Oxford/AstraZeneca, Pfizer/BioNTech",1113540,425295,1538835
2021-03-26,"Johnson&Johnson, Moderna, Oxford/AstraZeneca, Pfizer/BioNTech",1138383,442809,1581192
2021-03-27,"Johnson&Johnson, Moderna, Oxford/AstraZeneca, Pfizer/BioNTech",1146845,447655,1594500
2021-03-28,"Moderna, Oxford/AstraZeneca, Pfizer/BioNTech",1152393,451803,1604196
2021-03-29,"Johnson&Johnson, Moderna, Oxford/AstraZeneca, Pfizer/BioNTech",1171553,472541,1644094
2021-03-30,"Johnson&Johnson, Moderna, Oxford/AstraZeneca, Pfizer/BioNTech",1196264,494729,1690993
2021-03-31,"Johnson&Johnson, Moderna, Oxford/AstraZeneca, Pfizer/BioNTech",1219420,521798,1741218
2021-04-01,"Johnson&Johnson, Moderna, Oxford/AstraZeneca, Pfizer/BioNTech",1245106,553857,1798963
2021-04-02,"Johnson&Johnson, Moderna, Oxford/AstraZeneca, Pfizer/BioNTech",1252090,566655,1818745
2021-04-03,"Johnson&Johnson, Moderna, Oxford/AstraZeneca, Pfizer/BioNTech",1255744,577587,1833331
2021-04-04,"Johnson&Johnson, Moderna, Oxford/AstraZeneca, Pfizer/BioNTech",1258288,586511,1844799
2021-04-05,"Johnson&Johnson, Moderna, Oxford/AstraZeneca, Pfizer/BioNTech",1260721,593717,1854438
2021-04-06,"Johnson&Johnson, Moderna, Oxford/AstraZeneca, Pfizer/BioNTech",1276938,622992,1899930
2021-04-07,"Johnson&Johnson, Moderna, Oxford/AstraZeneca, Pfizer/BioNTech",1300443,645235,1945678
2021-04-08,"Johnson&Johnson, Moderna, Oxford/AstraZeneca, Pfizer/BioNTech",1339260,676284,2015544
2021-04-09,"Johnson&Johnson, Moderna, Oxford/AstraZeneca, Pfizer/BioNTech",1378859,706486,2085345
2021-04-10,"Johnson&Johnson, Moderna, Oxford/AstraZeneca, Pfizer/BioNTech",1394427,721799,2116226
2021-04-11,"Johnson&Johnson, Moderna, Oxford/AstraZeneca, Pfizer/BioNTech",1404222,731855,2136077
2021-04-12,"Johnson&Johnson, Moderna, Oxford/AstraZeneca, Pfizer/BioNTech",1442545,757001,2199546
2021-04-13,"Moderna, Oxford/AstraZeneca, Pfizer/BioNTech",1478852,783044,2261896
2021-04-14,"Moderna, Oxford/AstraZeneca, Pfizer/BioNTech",1517741,810421,2328162
2021-04-15,"Moderna, Oxford/AstraZeneca, Pfizer/BioNTech",1565577,836202,2401779
2021-04-16,"Moderna, Oxford/AstraZeneca, Pfizer/BioNTech",1610293,861885,2472178
2021-04-17,"Moderna, Oxford/AstraZeneca, Pfizer/BioNTech",1627019,870912,2497931
2021-04-18,"Moderna, Oxford/AstraZeneca, Pfizer/BioNTech",1640019,875898,2515917
2021-04-19,"Johnson&Johnson, Moderna, Oxford/AstraZeneca, Pfizer/BioNTech",1683994,891342,2575336
2021-04-20,"Johnson&Johnson, Moderna, Oxford/AstraZeneca, Pfizer/BioNTech",1726582,907231,2633813
2021-04-21,"Moderna, Oxford/AstraZeneca, Pfizer/BioNTech",1774350,921601,2695951
2021-04-22,"Johnson&Johnson, Moderna, Oxford/AstraZeneca, Pfizer/BioNTech",1828881,939001,2767882
2021-04-23,"Johnson&Johnson, Moderna, Oxford/AstraZeneca, Pfizer/BioNTech",1878895,951068,2829963
2021-04-24,"Johnson&Johnson, Moderna, Oxford/AstraZeneca, Pfizer/BioNTech",1896773,956335,2853108
2021-04-25,"Johnson&Johnson, Moderna, Oxford/AstraZeneca, Pfizer/BioNTech",1911487,960339,2871826
2021-04-26,"Johnson&Johnson, Moderna, Oxford/AstraZeneca, Pfizer/BioNTech",1961101,967910,2929011
2021-04-27,"Johnson&Johnson, Moderna, Oxford/AstraZeneca, Pfizer/BioNTech",2010090,980165,2990255
2021-04-28,"Johnson&Johnson, Moderna, Oxford/AstraZeneca, Pfizer/BioNTech",2068874,994191,3063065
2021-04-29,"Johnson&Johnson, Moderna, Oxford/AstraZeneca, Pfizer/BioNTech",2134494,1010112,3144606
2021-04-30,"Johnson&Johnson, Moderna, Oxford/AstraZeneca, Pfizer/BioNTech",2196791,1020109,3216900
2021-05-01,"Johnson&Johnson, Moderna, Oxford/AstraZeneca, Pfizer/BioNTech",2216183,1023574,3239757
2021-05-02,"Johnson&Johnson, Moderna, Oxford/AstraZeneca, Pfizer/BioNTech",2235137,1025865,3261002
2021-05-03,"Johnson&Johnson, Moderna, Oxford/AstraZeneca, Pfizer/BioNTech",2302417,1030950,3333367
2021-05-04,"Johnson&Johnson, Moderna, Oxford/AstraZeneca, Pfizer/BioNTech",2368981,1039322,3408303
2021-05-05,"Johnson&Johnson, Moderna, Oxford/AstraZeneca, Pfizer/BioNTech",2442195,1048772,3490967
2021-05-06,"Johnson&Johnson, Moderna, Oxford/AstraZeneca, Pfizer/BioNTech",2522644,1059524,3582168
2021-05-07,"Johnson&Johnson, Moderna, Oxford/AstraZeneca, Pfizer/BioNTech",2599978,1069671,3669649
2021-05-08,"Johnson&Johnson, Moderna, Oxford/AstraZeneca, Pfizer/BioNTech",2629520,1071465,3700985
2021-05-09,"Johnson&Johnson, Moderna, Oxford/AstraZeneca, Pfizer/BioNTech",2653761,1072690,3726451
2021-05-10,"Johnson&Johnson, Moderna, Oxford/AstraZeneca, Pfizer/BioNTech",2726565,1079938,3806503
2021-05-11,"Johnson&Johnson, Moderna, Oxford/AstraZeneca, Pfizer/BioNTech",2802721,1088771,3891492
2021-05-12,"Johnson&Johnson, Moderna, Oxford/AstraZeneca, Pfizer/BioNTech",2882673,1097919,3980592
2021-05-13,"Johnson&Johnson, Moderna, Oxford/AstraZeneca, Pfizer/BioNTech",2966732,1107115,4073847
2021-05-14,"Johnson&Johnson, Moderna, Oxford/AstraZeneca, Pfizer/BioNTech",3046289,1114946,4161235
2021-05-15,"Johnson&Johnson, Moderna, Oxford/AstraZeneca, Pfizer/BioNTech",3078257,1117233,4195490
2021-05-16,"Johnson&Johnson, Moderna, Oxford/AstraZeneca, Pfizer/BioNTech",3104073,1118520,4222593
2021-05-17,"Johnson&Johnson, Moderna, Oxford/AstraZeneca, Pfizer/BioNTech",3176615,1125279,4301894
2021-05-18,"Johnson&Johnson, Moderna, Oxford/AstraZeneca, Pfizer/BioNTech",3248612,1138403,4387015
2021-05-19,"Johnson&Johnson, Moderna, Oxford/AstraZeneca, Pfizer/BioNTech",3326112,1153578,4479690
2021-05-20,"Johnson&Johnson, Moderna, Oxford/AstraZeneca, Pfizer/BioNTech",3401612,1180649,4582261
2021-05-21,"Johnson&Johnson, Moderna, Oxford/AstraZeneca, Pfizer/BioNTech",3470470,1208458,4678928
2021-05-22,"Johnson&Johnson, Moderna, Oxford/AstraZeneca, Pfizer/BioNTech",3502942,1219702,4722644
2021-05-23,"Johnson&Johnson, Moderna, Oxford/AstraZeneca, Pfizer/BioNTech",3525393,1228745,4754138
2021-05-24,"Johnson&Johnson, Moderna, Oxford/AstraZeneca, Pfizer/BioNTech",3572612,1262427,4835039
2021-05-25,"Johnson&Johnson, Moderna, Oxford/AstraZeneca, Pfizer/BioNTech",3624534,1298278,4922812
2021-05-26,"Johnson&Johnson, Moderna, Oxford/AstraZeneca, Pfizer/BioNTech",3692304,1335843,5028147
2021-05-27,"Johnson&Johnson, Moderna, Oxford/AstraZeneca, Pfizer/BioNTech",3753739,1383211,5136950
2021-05-28,"Johnson&Johnson, Moderna, Oxford/AstraZeneca, Pfizer/BioNTech",3815496,1429829,5245325
2021-05-29,"Johnson&Johnson, Moderna, Oxford/AstraZeneca, Pfizer/BioNTech",3844769,1446976,5291745
2021-05-30,"Johnson&Johnson, Moderna, Oxford/AstraZeneca, Pfizer/BioNTech",3867184,1461449,5328633
2021-05-31,"Johnson&Johnson, Moderna, Oxford/AstraZeneca, Pfizer/BioNTech",3922931,1508984,5431915
2021-06-01,"Johnson&Johnson, Moderna, Oxford/AstraZeneca, Pfizer/BioNTech",3982052,1557878,5539930
2021-06-02,"Johnson&Johnson, Moderna, Oxford/AstraZeneca, Pfizer/BioNTech",4045035,1611920,5656955
2021-06-03,"Johnson&Johnson, Moderna, Oxford/AstraZeneca, Pfizer/BioNTech",4103299,1672173,5775472
2021-06-04,"Johnson&Johnson, Moderna, Oxford/AstraZeneca, Pfizer/BioNTech",4166447,1729612,5896059
2021-06-05,"Johnson&Johnson, Moderna, Oxford/AstraZeneca, Pfizer/BioNTech",4200638,1748546,5949184
2021-06-06,"Johnson&Johnson, Moderna, Oxford/AstraZeneca, Pfizer/BioNTech",4227601,1763727,5991328
2021-06-07,"Johnson&Johnson, Moderna, Oxford/AstraZeneca, Pfizer/BioNTech",4291304,1819384,6110688
2021-06-08,"Johnson&Johnson, Moderna, Oxford/AstraZeneca, Pfizer/BioNTech",4355320,1874417,6229737
2021-06-09,"Johnson&Johnson, Moderna, Oxford/AstraZeneca, Pfizer/BioNTech",4414545,1939122,6353667
2021-06-10,"Johnson&Johnson, Moderna, Oxford/AstraZeneca, Pfizer/BioNTech",4468418,2010460,6478878
2021-06-11,"Johnson&Johnson, Moderna, Oxford/AstraZeneca, Pfizer/BioNTech",4520557,2080321,6600878
2021-06-12,"Johnson&Johnson, Moderna, Oxford/AstraZeneca, Pfizer/BioNTech",4552585,2101185,6653770
2021-06-13,"Johnson&Johnson, Moderna, Oxford/AstraZeneca, Pfizer/BioNTech",4576631,2119630,6696261
2021-06-14,"Johnson&Johnson, Moderna, Oxford/AstraZeneca, Pfizer/BioNTech",4619734,2194052,6813786
2021-06-15,"Johnson&Johnson, Moderna, Oxford/AstraZeneca, Pfizer/BioNTech",4664418,2266470,6930888
2021-06-16,"Johnson&Johnson, Moderna, Oxford/AstraZeneca, Pfizer/BioNTech",4707243,2344728,7051971
2021-06-17,"Johnson&Johnson, Moderna, Oxford/AstraZeneca, Pfizer/BioNTech",4746688,2427852,7174540
2021-06-18,"Johnson&Johnson, Moderna, Oxford/AstraZeneca, Pfizer/BioNTech",4789139,2508465,7297604
2021-06-19,"Johnson&Johnson, Moderna, Oxford/AstraZeneca, Pfizer/BioNTech",4810939,2537818,7348757
2021-06-20,"Johnson&Johnson, Moderna, Oxford/AstraZeneca, Pfizer/BioNTech",4828353,2561702,7390055
2021-06-21,"Johnson&Johnson, Moderna, Oxford/AstraZeneca, Pfizer/BioNTech",4860870,2640344,7501214
2021-06-22,"Johnson&Johnson, Moderna, Oxford/AstraZeneca, Pfizer/BioNTech",4893854,2722696,7616550
2021-06-23,"Johnson&Johnson, Moderna, Oxford/AstraZeneca, Pfizer/BioNTech",4925582,2807968,7733550
2021-06-24,"Johnson&Johnson, Moderna, Oxford/AstraZeneca, Pfizer/BioNTech",4955460,2898053,7853513
2021-06-25,"Johnson&Johnson, Moderna, Oxford/AstraZeneca, Pfizer/BioNTech",4986561,2984316,7970877
2021-06-26,"Johnson&Johnson, Moderna, Oxford/AstraZeneca, Pfizer/BioNTech",5002465,3019214,8021679
2021-06-27,"Johnson&Johnson, Moderna, Oxford/AstraZeneca, Pfizer/BioNTech",5016426,3045939,8062365
2021-06-28,"Johnson&Johnson, Moderna, Oxford/AstraZeneca, Pfizer/BioNTech",5044854,3131182,8176036
2021-06-29,"Johnson&Johnson, Moderna, Oxford/AstraZeneca, Pfizer/BioNTech",5074154,3217754,8291908
2021-06-30,"Johnson&Johnson, Moderna, Oxford/AstraZeneca, Pfizer/BioNTech",5101666,3308820,8410486
2021-07-01,"Johnson&Johnson, Moderna, Oxford/AstraZeneca, Pfizer/BioNTech",5125678,3398942,8524620
2021-07-02,"Johnson&Johnson, Moderna, Oxford/AstraZeneca, Pfizer/BioNTech",5152437,3484898,8637335
2021-07-03,"Johnson&Johnson, Moderna, Oxford/AstraZeneca, Pfizer/BioNTech",5159546,3516480,8676026
2021-07-04,"Johnson&Johnson, Moderna, Oxford/AstraZeneca, Pfizer/BioNTech",5167142,3538310,8705452
2021-07-05,"Johnson&Johnson, Moderna, Oxford/AstraZeneca, Pfizer/BioNTech",5174569,3563727,8738296
2021-07-06,"Johnson&Johnson, Moderna, Oxford/AstraZeneca, Pfizer/BioNTech",5180054,3591470,8771524
2021-07-07,"Johnson&Johnson, Moderna, Oxford/AstraZeneca, Pfizer/BioNTech",5205891,3670483,8876374
2021-07-08,"Johnson&Johnson, Moderna, Oxford/AstraZeneca, Pfizer/BioNTech",5232515,3740852,8973367
2021-07-09,"Johnson&Johnson, Moderna, Oxford/AstraZeneca, Pfizer/BioNTech",5260477,3810205,9070682
2021-07-10,"Johnson&Johnson, Moderna, Oxford/AstraZeneca, Pfizer/BioNTech",5269866,3838884,9108750
2021-07-11,"Johnson&Johnson, Moderna, Oxford/AstraZeneca, Pfizer/BioNTech",5278426,3861778,9140204
2021-07-12,"Johnson&Johnson, Moderna, Oxford/AstraZeneca, Pfizer/BioNTech",5305979,3930875,9236854
2021-07-13,"Johnson&Johnson, Moderna, Oxford/AstraZeneca, Pfizer/BioNTech",5332192,4000779,9332971
2021-07-14,"Johnson&Johnson, Moderna, Oxford/AstraZeneca, Pfizer/BioNTech",5358038,4072798,9430836
2021-07-15,"Johnson&Johnson, Moderna, Oxford/AstraZeneca, Pfizer/BioNTech",5387233,4138845,9526078
2021-07-16,"Johnson&Johnson, Moderna, Oxford/AstraZeneca, Pfizer/BioNTech",5415176,4211610,9626786
2021-07-17,"Johnson&Johnson, Moderna, Oxford/AstraZeneca, Pfizer/BioNTech",5423982,4243094,9667076
2021-07-18,"Johnson&Johnson, Moderna, Oxford/AstraZeneca, Pfizer/BioNTech",5432428,4269114,9701542
2021-07-19,"Johnson&Johnson, Moderna, Oxford/AstraZeneca, Pfizer/BioNTech",5455804,4336162,9791966
2021-07-20,"Johnson&Johnson, Moderna, Oxford/AstraZeneca, Pfizer/BioNTech",5477220,4403251,9880471
2021-07-21,"Johnson&Johnson, Moderna, Oxford/AstraZeneca, Pfizer/BioNTech",5500682,4466737,9967419
2021-07-22,"Johnson&Johnson, Moderna, Oxford/AstraZeneca, Pfizer/BioNTech",5523057,4525399,10048456
2021-07-23,"Johnson&Johnson, Moderna, Oxford/AstraZeneca, Pfizer/BioNTech",5546302,4580187,10126489
2021-07-24,"Johnson&Johnson, Moderna, Oxford/AstraZeneca, Pfizer/BioNTech",5553657,4607877,10161534
2021-07-25,"Johnson&Johnson, Moderna, Oxford/AstraZeneca, Pfizer/BioNTech",5560299,4630022,10190321
2021-07-26,"Johnson&Johnson, Moderna, Oxford/AstraZeneca, Pfizer/BioNTech",5583859,4678735,10262594
2021-07-27,"Johnson&Johnson, Moderna, Oxford/AstraZeneca, Pfizer/BioNTech",5606622,4725415,10332037
2021-07-28,"Johnson&Johnson, Moderna, Oxford/AstraZeneca, Pfizer/BioNTech",5627909,4771459,10399368
2021-07-29,"Johnson&Johnson, Moderna, Oxford/AstraZeneca, Pfizer/BioNTech",5649257,4813467,10462724
2021-07-30,"Johnson&Johnson, Moderna, Oxford/AstraZeneca, Pfizer/BioNTech",5672547,4856069,10528616
2021-07-31,"Johnson&Johnson, Moderna, Oxford/AstraZeneca, Pfizer/BioNTech",5681509,4875627,10557136
2021-08-01,"Johnson&Johnson, Moderna, Oxford/AstraZeneca, Pfizer/BioNTech",5688243,4891812,10580055
2021-08-02,"Johnson&Johnson, Moderna, Oxford/AstraZeneca, Pfizer/BioNTech",5706892,4929400,10636292
2021-08-03,"Johnson&Johnson, Moderna, Oxford/AstraZeneca, Pfizer/BioNTech",5724550,4967543,10692093
2021-08-04,"Johnson&Johnson, Moderna, Oxford/AstraZeneca, Pfizer/BioNTech",5740688,5004342,10745030
2021-08-05,"Johnson&Johnson, Moderna, Oxford/AstraZeneca, Pfizer/BioNTech",5756737,5044855,10801592
2021-08-06,"Johnson&Johnson, Moderna, Oxford/AstraZeneca, Pfizer/BioNTech",5773552,5088193,10861745
2021-08-07,"Johnson&Johnson, Moderna, Oxford/AstraZeneca, Pfizer/BioNTech",5779165,5106383,10885548
2021-08-08,"Johnson&Johnson, Moderna, Oxford/AstraZeneca, Pfizer/BioNTech",5783539,5122156,10905695
2021-08-09,"Johnson&Johnson, Moderna, Oxford/AstraZeneca, Pfizer/BioNTech",5796182,5167246,10963428
2021-08-10,"Johnson&Johnson, Moderna, Oxford/AstraZeneca, Pfizer/BioNTech",5808033,5206845,11014878
2021-08-11,"Johnson&Johnson, Moderna, Oxford/AstraZeneca, Pfizer/BioNTech",5819408,5250000,11069408
2021-08-12,"Johnson&Johnson, Moderna, Oxford/AstraZeneca, Pfizer/BioNTech",5830836,5287163,11117999
2021-08-13,"Johnson&Johnson, Moderna, Oxford/AstraZeneca, Pfizer/BioNTech",5841570,5327534,11169104
2021-08-14,"Johnson&Johnson, Moderna, Oxford/AstraZeneca, Pfizer/BioNTech",5844912,5338252,11183164
2021-08-15,"Johnson&Johnson, Moderna, Oxford/AstraZeneca, Pfizer/BioNTech",5847504,5348645,11196149
2021-08-16,"Johnson&Johnson, Moderna, Oxford/AstraZeneca, Pfizer/BioNTech",5857302,5382742,11240044
2021-08-17,"Johnson&Johnson, Moderna, Oxford/AstraZeneca, Pfizer/BioNTech",5866905,5409865,11276770
2021-08-18,"Johnson&Johnson, Moderna, Oxford/AstraZeneca, Pfizer/BioNTech",5876283,5448779,11325062
2021-08-19,"Johnson&Johnson, Moderna, Oxford/AstraZeneca, Pfizer/BioNTech",5885968,5487150,11373118
2021-08-20,"Johnson&Johnson, Moderna, Oxford/AstraZeneca, Pfizer/BioNTech",5897366,5527354,11424720
2021-08-21,"Johnson&Johnson, Moderna, Oxford/AstraZeneca, Pfizer/BioNTech",5900092,5540133,11440225
2021-08-22,"Johnson&Johnson, Moderna, Oxford/AstraZeneca, Pfizer/BioNTech",5902438,5552111,11454549
2021-08-23,"Johnson&Johnson, Moderna, Oxford/AstraZeneca, Pfizer/BioNTech",5912973,5591398,11504371
2021-08-24,"Johnson&Johnson, Moderna, Oxford/AstraZeneca, Pfizer/BioNTech",5922855,5624667,11547522
2021-08-25,"Johnson&Johnson, Moderna, Oxford/AstraZeneca, Pfizer/BioNTech",5931728,5653051,11584779
2021-08-26,"Johnson&Johnson, Moderna, Oxford/AstraZeneca, Pfizer/BioNTech",5940188,5679188,11619376
2021-08-27,"Johnson&Johnson, Moderna, Oxford/AstraZeneca, Pfizer/BioNTech",5950517,5705185,11655702
2021-08-28,"Johnson&Johnson, Moderna, Oxford/AstraZeneca, Pfizer/BioNTech",5953259,5712260,11665519
2021-08-29,"Johnson&Johnson, Moderna, Oxford/AstraZeneca, Pfizer/BioNTech",5955674,5718888,11674562
2021-08-30,"Johnson&Johnson, Moderna, Oxford/AstraZeneca, Pfizer/BioNTech",5964206,5740777,11704983
2021-08-31,"Johnson&Johnson, Moderna, Oxford/AstraZeneca, Pfizer/BioNTech",5971895,5758895,11730790
2021-09-01,"Johnson&Johnson, Moderna, Oxford/AstraZeneca, Pfizer/BioNTech",5977810,5772921,11750731
2021-09-02,"Johnson&Johnson, Moderna, Oxford/AstraZeneca, Pfizer/BioNTech",5984652,5787318,11771970
2021-09-03,"Johnson&Johnson, Moderna, Oxford/AstraZeneca, Pfizer/BioNTech",5994216,5803059,11797275
2021-09-04,"Johnson&Johnson, Moderna, Oxford/AstraZeneca, Pfizer/BioNTech",5996290,5806623,11802913
2021-09-05,"Johnson&Johnson, Moderna, Oxford/AstraZeneca, Pfizer/BioNTech",5998333,5809473,11807806
2021-09-06,"Johnson&Johnson, Moderna, Oxford/AstraZeneca, Pfizer/BioNTech",6004573,5822025,11826598
2021-09-07,"Johnson&Johnson, Moderna, Oxford/AstraZeneca, Pfizer/BioNTech",6008970,5833121,11842091
2021-09-08,"Johnson&Johnson, Moderna, Oxford/AstraZeneca, Pfizer/BioNTech",6014648,5842990,11857638
2021-09-09,"Johnson&Johnson, Moderna, Oxford/AstraZeneca, Pfizer/BioNTech",6021348,5853062,11874410
2021-09-10,"Johnson&Johnson, Moderna, Oxford/AstraZeneca, Pfizer/BioNTech",6029051,5865251,11894302
2021-09-11,"Johnson&Johnson, Moderna, Oxford/AstraZeneca, Pfizer/BioNTech",6030922,5867743,11898665
2021-09-12,"Johnson&Johnson, Moderna, Oxford/AstraZeneca, Pfizer/BioNTech",6032043,5869379,11901422
2021-09-13,"Johnson&Johnson, Moderna, Oxford/AstraZeneca, Pfizer/BioNTech",6037488,5879691,11917179
2021-09-14,"Johnson&Johnson, Moderna, Oxford/AstraZeneca, Pfizer/BioNTech",6042887,5888710,11931597
2021-09-15,"Johnson&Johnson, Moderna, Oxford/AstraZeneca, Pfizer/BioNTech",6048099,5897243,11945342
2021-09-16,"Johnson&Johnson, Moderna, Oxford/AstraZeneca, Pfizer/BioNTech",6053461,5905528,11958989
2021-09-17,"Johnson&Johnson, Moderna, Oxford/AstraZeneca, Pfizer/BioNTech",6060033,5915769,11975802
2021-09-18,"Johnson&Johnson, Moderna, Oxford/AstraZeneca, Pfizer/BioNTech",6061765,5918134,11979899
2021-09-19,"Johnson&Johnson, Moderna, Oxford/AstraZeneca, Pfizer/BioNTech",6062711,5919706,11982417
2021-09-20,"Johnson&Johnson, Moderna, Oxford/AstraZeneca, Pfizer/BioNTech",6066737,5927912,11994649
2021-09-21,"Johnson&Johnson, Moderna, Oxford/AstraZeneca, Pfizer/BioNTech",6070977,5935453,12006430
2021-09-22,"Johnson&Johnson, Moderna, Oxford/AstraZeneca, Pfizer/BioNTech",6075171,5940981,12016152
2021-09-23,"Johnson&Johnson, Moderna, Oxford/AstraZeneca, Pfizer/BioNTech",6080142,5947396,12027538
2021-09-24,"Johnson&Johnson, Moderna, Oxford/AstraZeneca, Pfizer/BioNTech",6085904,5957015,12042919
2021-09-25,"Johnson&Johnson, Moderna, Oxford/AstraZeneca, Pfizer/BioNTech",6087404,5959018,12046422
2021-09-26,"Johnson&Johnson, Moderna, Oxford/AstraZeneca, Pfizer/BioNTech",6088149,5960660,12048809
2021-09-27,"Johnson&Johnson, Moderna, Oxford/AstraZeneca, Pfizer/BioNTech",6092035,5967179,12059214
2021-09-28,"Johnson&Johnson, Moderna, Oxford/AstraZeneca, Pfizer/BioNTech",6092409,5967815,12060224
2021-09-29,"Johnson&Johnson, Moderna, Oxford/AstraZeneca, Pfizer/BioNTech",6096187,5975283,12071470
2021-09-30,"Johnson&Johnson, Moderna, Oxford/AstraZeneca, Pfizer/BioNTech",6100707,5982988,12083695
2021-10-01,"Johnson&Johnson, Moderna, Oxford/AstraZeneca, Pfizer/BioNTech",6105019,5990976,12095995
2021-10-02,"Johnson&Johnson, Moderna, Oxford/AstraZeneca, Pfizer/BioNTech",6106082,5992522,12098604
2021-10-03,"Johnson&Johnson, Moderna, Oxford/AstraZeneca, Pfizer/BioNTech",6106807,5993394,12100201
2021-10-04,"Johnson&Johnson, Moderna, Oxford/AstraZeneca, Pfizer/BioNTech",6109888,5998975,12108863
2021-10-05,"Johnson&Johnson, Moderna, Oxford/AstraZeneca, Pfizer/BioNTech",6113051,6004062,12117113
2021-10-06,"Johnson&Johnson, Moderna, Oxford/AstraZeneca, Pfizer/BioNTech",6116572,6009239,12125811
2021-10-07,"Johnson&Johnson, Moderna, Oxford/AstraZeneca, Pfizer/BioNTech",6119856,6014502,12134358
2021-10-08,"Johnson&Johnson, Moderna, Oxford/AstraZeneca, Pfizer/BioNTech",6124650,6021147,12145797
2021-10-09,"Johnson&Johnson, Moderna, Oxford/AstraZeneca, Pfizer/BioNTech",6125894,6022814,12148708
2021-10-10,"Johnson&Johnson, Moderna, Oxford/AstraZeneca, Pfizer/BioNTech",6126838,6023647,12150485
2021-10-11,"Johnson&Johnson, Moderna, Oxford/AstraZeneca, Pfizer/BioNTech",6129769,6028067,12157836
2021-10-12,"Johnson&Johnson, Moderna, Oxford/AstraZeneca, Pfizer/BioNTech",6132703,6032070,12164773
2021-10-13,"Johnson&Johnson, Moderna, Oxford/AstraZeneca, Pfizer/BioNTech",6136235,6036258,12172493
2021-10-14,"Johnson&Johnson, Moderna, Oxford/AstraZeneca, Pfizer/BioNTech",6139907,6041208,12181115
2021-10-15,"Johnson&Johnson, Moderna, Oxford/AstraZeneca, Pfizer/BioNTech",6145136,6047358,12192494
2021-10-16,"Johnson&Johnson, Moderna, Oxford/AstraZeneca, Pfizer/BioNTech",6146549,6048884,12195433
2021-10-17,"Johnson&Johnson, Moderna, Pfizer/BioNTech",6147876,6049939,12197815
2021-10-18,"Johnson&Johnson, Moderna, Oxford/AstraZeneca, Pfizer/BioNTech",6151989,6054045,12206034
2021-10-19,"Johnson&Johnson, Moderna, Oxford/AstraZeneca, Pfizer/BioNTech",6155570,6056151,12211721
2021-10-20,"Johnson&Johnson, Moderna, Oxford/AstraZeneca, Pfizer/BioNTech",6160455,6060611,12221066
2021-10-21,"Johnson&Johnson, Moderna, Oxford/AstraZeneca, Pfizer/BioNTech",6168224,6066220,12234444
2021-10-22,"Johnson&Johnson, Moderna, Oxford/AstraZeneca, Pfizer/BioNTech",6178681,6072725,12251406
2021-10-23,"Johnson&Johnson, Moderna, Oxford/AstraZeneca, Pfizer/BioNTech",6182358,6074936,12257294
2021-10-24,"Johnson&Johnson, Moderna, Oxford/AstraZeneca, Pfizer/BioNTech",6185043,6076717,12261760
2021-10-25,"Johnson&Johnson, Moderna, Oxford/AstraZeneca, Pfizer/BioNTech",6195544,6082528,12278072
2021-10-26,"Johnson&Johnson, Moderna, Oxford/AstraZeneca, Pfizer/BioNTech",6207534,6089079,12296613
2021-10-27,"Johnson&Johnson, Moderna, Oxford/AstraZeneca, Pfizer/BioNTech",6222142,6096495,12318637
2021-10-28,"Johnson&Johnson, Moderna, Oxford/AstraZeneca, Pfizer/BioNTech",6225568,6098180,12323748
2021-10-29,"Johnson&Johnson, Moderna, Oxford/AstraZeneca, Pfizer/BioNTech",6240007,6106168,12346175
2021-10-30,"Johnson&Johnson, Moderna, Oxford/AstraZeneca, Pfizer/BioNTech",6244537,6109097,12353634
2021-10-31,"Johnson&Johnson, Moderna, Oxford/AstraZeneca, Pfizer/BioNTech",6248300,6111572,12359872
2021-11-01,"Johnson&Johnson, Moderna, Oxford/AstraZeneca, Pfizer/BioNTech",6263499,6119258,12382757
2021-11-02,"Johnson&Johnson, Moderna, Oxford/AstraZeneca, Pfizer/BioNTech",6278952,6126815,12405767
2021-11-03,"Johnson&Johnson, Moderna, Oxford/AstraZeneca, Pfizer/BioNTech",6296131,6134106,12430237
2021-11-04,"Johnson&Johnson, Moderna, Oxford/AstraZeneca, Pfizer/BioNTech",6314479,6142280,12456759
2021-11-05,"Johnson&Johnson, Moderna, Oxford/AstraZeneca, Pfizer/BioNTech",6337282,6153567,12490849
2021-11-06,"Johnson&Johnson, Moderna, Oxford/AstraZeneca, Pfizer/BioNTech",6343798,6156624,12500422
2021-11-07,"Johnson&Johnson, Moderna, Oxford/AstraZeneca, Pfizer/BioNTech",6347822,6159060,12506882
2021-11-08,"Johnson&Johnson, Moderna, Oxford/AstraZeneca, Pfizer/BioNTech",6364088,6166687,12530775
2021-11-09,"Johnson&Johnson, Moderna, Oxford/AstraZeneca, Pfizer/BioNTech",6378900,6173985,12552885
2021-11-10,"Johnson&Johnson, Moderna, Oxford/AstraZeneca, Pfizer/BioNTech",6394639,6181370,12576009
2021-11-11,"Johnson&Johnson, Moderna, Oxford/AstraZeneca, Pfizer/BioNTech",6410109,6190478,12600587
2021-11-12,"Johnson&Johnson, Moderna, Oxford/AstraZeneca, Pfizer/BioNTech",6429911,6203281,12633192
2021-11-13,"Johnson&Johnson, Moderna, Oxford/AstraZeneca, Pfizer/BioNTech",6435305,6207157,12642462
2021-11-14,"Johnson&Johnson, Moderna, Oxford/AstraZeneca, Pfizer/BioNTech",6439200,6210164,12649364
2021-11-15,"Johnson&Johnson, Moderna, Oxford/AstraZeneca, Pfizer/BioNTech",6454278,6220858,12675136
2021-11-16,"Johnson&Johnson, Moderna, Oxford/AstraZeneca, Pfizer/BioNTech",6471814,6232834,12704648
2021-11-17,"Johnson&Johnson, Moderna, Oxford/AstraZeneca, Pfizer/BioNTech",6476055,6236400,12712455
2021-11-18,"Johnson&Johnson, Moderna, Oxford/AstraZeneca, Pfizer/BioNTech",6495473,6248096,12743569
2021-11-19,"Johnson&Johnson, Moderna, Oxford/AstraZeneca, Pfizer/BioNTech",6520082,6265070,12785152
2021-11-20,"Johnson&Johnson, Moderna, Oxford/AstraZeneca, Pfizer/BioNTech",6528660,6270053,12798713
2021-11-21,"Johnson&Johnson, Moderna, Pfizer/BioNTech",6535429,6273826,12809255
2021-11-22,"Johnson&Johnson, Moderna, Oxford/AstraZeneca, Pfizer/BioNTech",6553938,6287941,12841879
2021-11-23,"Johnson&Johnson, Moderna, Oxford/AstraZeneca, Pfizer/BioNTech",6573003,6301203,12874206
2021-11-24,"Johnson&Johnson, Moderna, Oxford/AstraZeneca, Pfizer/BioNTech",6592016,6317053,12909069
2021-11-25,"Johnson&Johnson, Moderna, Oxford/AstraZeneca, Pfizer/BioNTech",6611161,6332089,12943250
2021-11-26,"Johnson&Johnson, Moderna, Oxford/AstraZeneca, Pfizer/BioNTech",6632817,6351227,12984044
2021-11-27,"Johnson&Johnson, Moderna, Oxford/AstraZeneca, Pfizer/BioNTech",6640287,6356782,12997069
2021-11-28,"Johnson&Johnson, Moderna, Oxford/AstraZeneca, Pfizer/BioNTech",6643620,6359917,13003537
2021-11-29,"Johnson&Johnson, Moderna, Oxford/AstraZeneca, Pfizer/BioNTech",6658829,6373578,13032407
2021-11-30,"Johnson&Johnson, Moderna, Oxford/AstraZeneca, Pfizer/BioNTech",6672031,6384807,13056838
2021-12-01,"Johnson&Johnson, Moderna, Oxford/AstraZeneca, Pfizer/BioNTech",6686063,6397262,13083325
2021-12-02,"Johnson&Johnson, Moderna, Oxford/AstraZeneca, Pfizer/BioNTech",6696704,6409753,13106457
2021-12-03,"Johnson&Johnson, Moderna, Oxford/AstraZeneca, Pfizer/BioNTech",6706344,6425332,13131676
2021-12-04,"Johnson&Johnson, Moderna, Pfizer/BioNTech",6708901,6429282,13138183
2021-12-05,"Johnson&Johnson, Moderna, Oxford/AstraZeneca, Pfizer/BioNTech",6710262,6431622,13141884
2021-12-06,"Johnson&Johnson, Moderna, Oxford/AstraZeneca, Pfizer/BioNTech",6718410,6443151,13161561
2021-12-07,"Johnson&Johnson, Moderna, Oxford/AstraZeneca, Pfizer/BioNTech",6726301,6455162,13181463
2021-12-08,"Johnson&Johnson, Moderna, Oxford/AstraZeneca, Pfizer/BioNTech",6734545,6461090,13195635
2021-12-09,"Johnson&Johnson, Moderna, Oxford/AstraZeneca, Pfizer/BioNTech",6741666,6473909,13215575
2021-12-10,"Johnson&Johnson, Moderna, Oxford/AstraZeneca, Pfizer/BioNTech",6748599,6491713,13240312
2021-12-11,"Johnson&Johnson, Moderna, Oxford/AstraZeneca, Pfizer/BioNTech",6750258,6496985,13247243
2021-12-12,"Johnson&Johnson, Moderna, Oxford/AstraZeneca, Pfizer/BioNTech",6751569,6501418,13252987
2021-12-13,"Johnson&Johnson, Moderna, Oxford/AstraZeneca, Pfizer/BioNTech",6757924,6514731,13272655
2021-12-14,"Johnson&Johnson, Moderna, Oxford/AstraZeneca, Pfizer/BioNTech",6764134,6528400,13292534
2021-12-15,"Johnson&Johnson, Moderna, Oxford/AstraZeneca, Pfizer/BioNTech",6770340,6541998,13312338
2021-12-16,"Johnson&Johnson, Moderna, Oxford/AstraZeneca, Pfizer/BioNTech",6777281,6556832,13334113
2021-12-17,"Johnson&Johnson, Moderna, Oxford/AstraZeneca, Pfizer/BioNTech",6785647,6574097,13359744
2021-12-18,"Johnson&Johnson, Moderna, Oxford/AstraZeneca, Pfizer/BioNTech",6788258,6579549,13367807
2021-12-19,"Johnson&Johnson, Moderna, Pfizer/BioNTech",6790029,6582053,13372082
2021-12-20,"Johnson&Johnson, Moderna, Oxford/AstraZeneca, Pfizer/BioNTech",6795885,6596115,13392000
2021-12-21,"Johnson&Johnson, Moderna, Oxford/AstraZeneca, Pfizer/BioNTech",6802547,6608110,13410657
2021-12-22,"Johnson&Johnson, Moderna, Oxford/AstraZeneca, Pfizer/BioNTech",6807595,6621168,13428763
2021-12-23,"Johnson&Johnson, Moderna, Oxford/AstraZeneca, Pfizer/BioNTech",6810469,6626769,13437238
2021-12-24,"Johnson&Johnson, Moderna, Oxford/AstraZeneca, Pfizer/BioNTech",6810515,6626871,13437386
2021-12-25,"Moderna, Pfizer/BioNTech",6810516,6626879,13437395
2021-12-26,"Moderna, Pfizer/BioNTech",6810618,6627082,13437700
2021-12-27,"Johnson&Johnson, Moderna, Pfizer/BioNTech",6814485,6636825,13451310
2021-12-28,"Johnson&Johnson, Moderna, Oxford/AstraZeneca, Pfizer/BioNTech",6819725,6644821,13464546
2021-12-29,"Johnson&Johnson, Moderna, Oxford/AstraZeneca, Pfizer/BioNTech",6824005,6652540,13476545
2021-12-30,"Johnson&Johnson, Moderna, Pfizer/BioNTech",6828306,6657973,13486279
2021-12-31,"Johnson&Johnson, Moderna, Pfizer/BioNTech",6828816,6659397,13488213
2022-01-01,"Johnson&Johnson, Moderna, Pfizer/BioNTech",6828822,6659415,13488237
2022-01-02,"Johnson&Johnson, Moderna, Pfizer/BioNTech",6829679,6660792,13490471
2022-01-03,"Johnson&Johnson, Moderna, Oxford/AstraZeneca, Pfizer/BioNTech",6833816,6669700,13503516
2022-01-04,"Johnson&Johnson, Moderna, Oxford/AstraZeneca, Pfizer/BioNTech",6838900,6677455,13516355
2022-01-05,"Johnson&Johnson, Moderna, Oxford/AstraZeneca, Pfizer/BioNTech",6844720,6685426,13530146
2022-01-06,"Johnson&Johnson, Moderna, Oxford/AstraZeneca, Pfizer/BioNTech",6851304,6693826,13545130
2022-01-07,"Johnson&Johnson, Moderna, Oxford/AstraZeneca, Pfizer/BioNTech",6859180,6704181,13563361
2022-01-08,"Johnson&Johnson, Moderna, Oxford/AstraZeneca, Pfizer/BioNTech",6861660,6706964,13568624
2022-01-09,"Johnson&Johnson, Moderna, Pfizer/BioNTech",6862742,6708658,13571400
2022-01-10,"Johnson&Johnson, Moderna, Oxford/AstraZeneca, Pfizer/BioNTech",6867240,6714847,13582087
2022-01-11,"Johnson&Johnson, Moderna, Oxford/AstraZeneca, Pfizer/BioNTech",6872678,6721600,13594278
2022-01-12,"Johnson&Johnson, Moderna, Oxford/AstraZeneca, Pfizer/BioNTech",6878635,6727243,13605878
2022-01-13,"Johnson&Johnson, Moderna, Oxford/AstraZeneca, Pfizer/BioNTech",6884518,6732020,13616538
2022-01-14,"Johnson&Johnson, Moderna, Oxford/AstraZeneca, Pfizer/BioNTech",6890819,6735652,13626471
2022-01-15,"Johnson&Johnson, Moderna, Oxford/AstraZeneca, Pfizer/BioNTech",6892095,6736308,13628403
2022-01-16,"Johnson&Johnson, Moderna, Oxford/AstraZeneca, Pfizer/BioNTech",6892783,6736745,13629528
2022-01-17,"Johnson&Johnson, Moderna, Oxford/AstraZeneca, Pfizer/BioNTech",6896337,6740701,13637038
2022-01-18,"Johnson&Johnson, Moderna, Oxford/AstraZeneca, Pfizer/BioNTech",6900187,6745650,13645837
2022-01-19,"Johnson&Johnson, Moderna, Oxford/AstraZeneca, Pfizer/BioNTech",6904257,6749581,13653838
2022-01-20,"Johnson&Johnson, Moderna, Oxford/AstraZeneca, Pfizer/BioNTech",6907849,6754037,13661886
2022-01-21,"Johnson&Johnson, Moderna, Oxford/AstraZeneca, Pfizer/BioNTech",6911844,6756565,13668409
2022-01-22,"Johnson&Johnson, Moderna, Pfizer/BioNTech",6912623,6757004,13669627
2022-01-23,"Johnson&Johnson, Moderna, Pfizer/BioNTech",6913184,6757638,13670822
2022-01-24,"Johnson&Johnson, Moderna, Oxford/AstraZeneca, Pfizer/BioNTech",6915454,6761073,13676527
2022-01-25,"Johnson&Johnson, Moderna, Oxford/AstraZeneca, Pfizer/BioNTech",6917809,6765068,13682877
2022-01-26,"Johnson&Johnson, Moderna, Oxford/AstraZeneca, Pfizer/BioNTech",6920194,6769634,13689828
2022-01-27,"Johnson&Johnson, Moderna, Oxford/AstraZeneca, Pfizer/BioNTech",6922513,6774446,13696959
2022-01-28,"Johnson&Johnson, Moderna, Oxford/AstraZeneca, Pfizer/BioNTech",6925425,6780608,13706033
2022-01-29,"Johnson&Johnson, Moderna, Oxford/AstraZeneca, Pfizer/BioNTech",6926025,6782259,13708284
2022-01-30,"Johnson&Johnson, Moderna, Pfizer/BioNTech",6926252,6783037,13709289
2022-01-31,"Johnson&Johnson, Moderna, Pfizer/BioNTech",6927794,6786955,13714749
2022-02-01,"Johnson&Johnson, Moderna, Pfizer/BioNTech",6929390,6790986,13720376
2022-02-02,"Johnson&Johnson, Moderna, Oxford/AstraZeneca, Pfizer/BioNTech",6930957,6795494,13726451
2022-02-03,"Johnson&Johnson, Moderna, Pfizer/BioNTech",6932329,6799972,13732301
2022-02-04,"Johnson&Johnson, Moderna, Pfizer/BioNTech",6933930,6805087,13739017
2022-02-05,"Johnson&Johnson, Moderna, Pfizer/BioNTech",6934103,6805696,13739799
2022-02-06,"Johnson&Johnson, Moderna, Pfizer/BioNTech",6934199,6806015,13740214
2022-02-07,"Johnson&Johnson, Moderna, Pfizer/BioNTech",6934900,6809224,13744124
2022-02-08,"Johnson&Johnson, Moderna, Pfizer/BioNTech",6935695,6812412,13748107
2022-02-09,"Johnson&Johnson, Moderna, Pfizer/BioNTech",6936521,6815783,13752304
2022-02-10,"Johnson&Johnson, Moderna, Pfizer/BioNTech",6937318,6818907,13756225
2022-02-11,"Johnson&Johnson, Moderna, Pfizer/BioNTech",6938272,6822821,13761093
2022-02-12,"Johnson&Johnson, Moderna, Pfizer/BioNTech",6938382,6823240,13761622
2022-02-13,"Johnson&Johnson, Moderna, Pfizer/BioNTech",6938417,6823677,13762094
2022-02-14,"Johnson&Johnson, Moderna, Pfizer/BioNTech",6938874,6825789,13764663
2022-02-15,"Johnson&Johnson, Moderna, Pfizer/BioNTech",6939426,6827995,13767421
2022-02-16,"Johnson&Johnson, Moderna, Pfizer/BioNTech",6940017,6830094,13770111
2022-02-17,"Johnson&Johnson, Moderna, Pfizer/BioNTech",6940612,6832433,13773045
2022-02-18,"Johnson&Johnson, Moderna, Oxford/AstraZeneca, Pfizer/BioNTech",6941253,6835485,13776738
2022-02-19,"Johnson&Johnson, Moderna, Pfizer/BioNTech",6941332,6835766,13777098
2022-02-20,"Johnson&Johnson, Moderna, Pfizer/BioNTech",6941367,6835915,13777282
2022-02-21,"Johnson&Johnson, Moderna, Pfizer/BioNTech",6941730,6837612,13779342
2022-02-22,"Johnson&Johnson, Moderna, Oxford/AstraZeneca, Pfizer/BioNTech",6942121,6839291,13781412
2022-02-23,"Johnson&Johnson, Moderna, Pfizer/BioNTech",6942575,6840933,13783508
2022-02-24,"Johnson&Johnson, Moderna, Pfizer/BioNTech",6942983,6842563,13785546
2022-02-25,"Johnson&Johnson, Moderna, Pfizer/BioNTech",6943566,6844645,13788211
2022-02-26,"Johnson&Johnson, Moderna, Pfizer/BioNTech",6943627,6844806,13788433
2022-02-27,"Johnson&Johnson, Moderna, Pfizer/BioNTech",6943657,6844882,13788539
2022-02-28,"Johnson&Johnson, Moderna, Pfizer/BioNTech",6943903,6845852,13789755
2022-03-01,"Johnson&Johnson, Moderna, Pfizer/BioNTech",6944205,6846636,13790841
2022-03-02,"Johnson&Johnson, Moderna, Novavax, Pfizer/BioNTech",6944574,6847543,13792117
2022-03-03,"Johnson&Johnson, Moderna, Novavax, Pfizer/BioNTech",6944908,6848486,13793394
2022-03-04,"Johnson&Johnson, Moderna, Novavax, Pfizer/BioNTech",6945534,6849707,13795241
2022-03-05,"Johnson&Johnson, Moderna, Novavax, Pfizer/BioNTech",6945614,6849798,13795412
2022-03-06,"Moderna, Novavax, Pfizer/BioNTech",6945625,6849816,13795441
2022-03-07,"Johnson&Johnson, Moderna, Novavax, Pfizer/BioNTech",6945960,6850373,13796333
2022-03-08,"Johnson&Johnson, Moderna, Novavax, Pfizer/BioNTech",6946295,6850915,13797210
2022-03-09,"Johnson&Johnson, Moderna, Novavax, Pfizer/BioNTech",6946682,6851502,13798184
2022-03-10,"Johnson&Johnson, Moderna, Novavax, Pfizer/BioNTech",6947093,6852173,13799266
2022-03-11,"Johnson&Johnson, Moderna, Novavax, Pfizer/BioNTech",6947832,6853081,13800913
2022-03-12,"Johnson&Johnson, Moderna, Novavax, Pfizer/BioNTech",6947900,6853186,13801086
2022-03-13,"Johnson&Johnson, Moderna, Novavax, Pfizer/BioNTech",6947913,6853204,13801117
2022-03-14,"Johnson&Johnson, Moderna, Novavax, Pfizer/BioNTech",6948178,6853583,13801761
2022-03-15,"Johnson&Johnson, Moderna, Novavax, Pfizer/BioNTech",6948458,6854019,13802477
2022-03-16,"Johnson&Johnson, Moderna, Novavax, Pfizer/BioNTech",6948773,6854561,13803334
2022-03-17,"Johnson&Johnson, Moderna, Novavax, Oxford/AstraZeneca, Pfizer/BioNTech",6949066,6854992,13804058
2022-03-18,"Johnson&Johnson, Moderna, Novavax, Pfizer/BioNTech",6949756,6855784,13805540
2022-03-19,"Moderna, Novavax, Pfizer/BioNTech",6949812,6855829,13805641
2022-03-20,"Moderna, Novavax, Pfizer/BioNTech",6949829,6855841,13805670
2022-03-21,"Johnson&Johnson, Moderna, Novavax, Pfizer/BioNTech",6950014,6856168,13806182
2022-03-22,"Johnson&Johnson, Moderna, Novavax, Pfizer/BioNTech",6950252,6856564,13806816
2022-03-23,"Johnson&Johnson, Moderna, Novavax, Pfizer/BioNTech",6950584,6856999,13807583
2022-03-24,"Johnson&Johnson, Moderna, Novavax, Pfizer/BioNTech",6950892,6857471,13808363
2022-03-25,"Johnson&Johnson, Moderna, Novavax, Pfizer/BioNTech",6951370,6858271,13809641
2022-03-26,"Johnson&Johnson, Moderna, Novavax, Pfizer/BioNTech",6951422,6858348,13809770
2022-03-27,"Moderna, Novavax, Pfizer/BioNTech",6951438,6858364,13809802
2022-03-28,"Johnson&Johnson, Moderna, Novavax, Pfizer/BioNTech",6951591,6858742,13810333
2022-03-29,"Johnson&Johnson, Moderna, Novavax, Pfizer/BioNTech",6951854,6859147,13811001
2022-03-30,"Johnson&Johnson, Moderna, Novavax, Pfizer/BioNTech",6952157,6859638,13811795
2022-03-31,"Johnson&Johnson, Moderna, Novavax, Pfizer/BioNTech",6952452,6860129,13812581
2022-04-01,"Johnson&Johnson, Moderna, Novavax, Pfizer/BioNTech",6953021,6860885,13813906
2022-04-02,"Moderna, Novavax, Pfizer/BioNTech",6953076,6860969,13814045
2022-04-03,"Moderna, Novavax, Pfizer/BioNTech",6953088,6860998,13814086
2022-04-04,"Johnson&Johnson, Moderna, Novavax, Pfizer/BioNTech",6953256,6861276,13814532
2022-04-05,"Johnson&Johnson, Moderna, Novavax, Pfizer/BioNTech",6953445,6861511,13814956
2022-04-06,"Johnson&Johnson, Moderna, Novavax, Pfizer/BioNTech",6953667,6861856,13815523
2022-04-07,"Johnson&Johnson, Moderna, Novavax, Pfizer/BioNTech",6953889,6862271,13816160
2022-04-08,"Johnson&Johnson, Moderna, Novavax, Pfizer/BioNTech",6954334,6862989,13817323
2022-04-09,"Johnson&Johnson, Moderna, Novavax, Pfizer/BioNTech",6954392,6863061,13817453
2022-04-10,"Moderna, Novavax, Pfizer/BioNTech",6954404,6863070,13817474
2022-04-11,"Johnson&Johnson, Moderna, Novavax, Pfizer/BioNTech",6954561,6863300,13817861
2022-04-12,"Johnson&Johnson, Moderna, Novavax, Pfizer/BioNTech",6954799,6863596,13818395
2022-04-13,"Johnson&Johnson, Moderna, Novavax, Pfizer/BioNTech",6955034,6863939,13818973
2022-04-14,"Johnson&Johnson, Moderna, Novavax, Pfizer/BioNTech",6955301,6864320,13819621
2022-04-15,"Moderna, Novavax, Pfizer/BioNTech",6955319,6864336,13819655
2022-04-16,"Moderna, Novavax, Pfizer/BioNTech",6955337,6864368,13819705
2022-04-17,"Moderna, Novavax, Pfizer/BioNTech",6955338,6864369,13819707
2022-04-18,"Moderna, Novavax, Pfizer/BioNTech",6955340,6864385,13819725
2022-04-19,"Johnson&Johnson, Moderna, Novavax, Pfizer/BioNTech",6955472,6864720,13820192
2022-04-20,"Johnson&Johnson, Moderna, Novavax, Pfizer/BioNTech",6955691,6865104,13820795
2022-04-21,"Johnson&Johnson, Moderna, Novavax, Pfizer/BioNTech",6955903,6865516,13821419
2022-04-22,"Johnson&Johnson, Moderna, Novavax, Pfizer/BioNTech",6956348,6866310,13822658
2022-04-23,"Moderna, Novavax, Pfizer/BioNTech",6956378,6866388,13822766
2022-04-24,"Moderna, Novavax, Pfizer/BioNTech",6956383,6866397,13822780
