date,vaccine,people_vaccinated,people_fully_vaccinated,total_vaccinations
2020-12-27,Pfizer/BioNTech,1281,0,1281
2020-12-28,Pfizer/BioNTech,3586,0,3586
2020-12-29,Pfizer/BioNTech,7051,0,7051
2020-12-30,Pfizer/BioNTech,10563,0,10563
2020-12-31,Pfizer/BioNTech,11867,0,11867
2021-01-01,"Moderna, Pfizer/BioNTech",12136,0,12136
2021-01-02,Pfizer/BioNTech,13411,0,13411
2021-01-03,Pfizer/BioNTech,14333,0,14333
2021-01-04,"Moderna, Pfizer/BioNTech",17940,0,17940
2021-01-05,"Moderna, Pfizer/BioNTech",22451,0,22451
2021-01-06,"Moderna, Pfizer/BioNTech",28287,1,28288
2021-01-07,"Moderna, Pfizer/BioNTech",36269,1,36270
2021-01-08,"Moderna, Pfizer/BioNTech",46308,1,46309
2021-01-09,"Moderna, Pfizer/BioNTech",48324,2,48326
2021-01-10,Pfizer/BioNTech,50074,4,50078
2021-01-11,Pfizer/BioNTech,59920,6,59926
2021-01-12,"Moderna, Pfizer/BioNTech",73366,8,73374
2021-01-13,Pfizer/BioNTech,86882,8,86890
2021-01-14,"Moderna, Pfizer/BioNTech",102091,12,102103
2021-01-15,"Moderna, Pfizer/BioNTech",116092,12,116104
2021-01-16,"Moderna, Pfizer/BioNTech",119476,15,119491
2021-01-17,"Moderna, Pfizer/BioNTech",122088,654,122742
2021-01-18,"Moderna, Pfizer/BioNTech",134563,2479,137042
2021-01-19,"Moderna, Pfizer/BioNTech",147155,5201,152356
2021-01-20,"Moderna, Pfizer/BioNTech",160822,7854,168676
2021-01-21,"Moderna, Pfizer/BioNTech",176466,9594,186060
2021-01-22,"Moderna, Pfizer/BioNTech",191326,10638,201964
2021-01-23,"Moderna, Pfizer/BioNTech",194641,11516,206157
2021-01-24,"Moderna, Pfizer/BioNTech",196894,12384,209278
2021-01-25,"Moderna, Pfizer/BioNTech",206528,15356,221884
2021-01-26,"Moderna, Pfizer/BioNTech",217061,19342,236403
2021-01-27,"Moderna, Pfizer/BioNTech",226085,23875,249960
2021-01-28,"Moderna, Pfizer/BioNTech",233176,29998,263174
2021-01-29,"Moderna, Pfizer/BioNTech",239380,37898,277278
2021-01-30,"Moderna, Pfizer/BioNTech",240114,38986,279100
2021-01-31,"Moderna, Pfizer/BioNTech",240825,40167,280992
2021-02-01,"Moderna, Pfizer/BioNTech",244800,48117,292917
2021-02-02,"Moderna, Pfizer/BioNTech",248934,58347,307281
2021-02-03,"Moderna, Pfizer/BioNTech",253347,69343,322690
2021-02-04,"Moderna, Pfizer/BioNTech",258241,82317,340558
2021-02-05,"Moderna, Pfizer/BioNTech",263696,92982,356678
2021-02-06,"Moderna, Oxford/AstraZeneca, Pfizer/BioNTech",264543,95339,359882
2021-02-07,"Moderna, Pfizer/BioNTech",265389,97835,363224
2021-02-08,"Moderna, Oxford/AstraZeneca, Pfizer/BioNTech",269459,109248,378707
2021-02-09,"Moderna, Oxford/AstraZeneca, Pfizer/BioNTech",274546,121130,395676
2021-02-10,"Moderna, Oxford/AstraZeneca, Pfizer/BioNTech",280047,134361,414408
2021-02-11,"Moderna, Oxford/AstraZeneca, Pfizer/BioNTech",286366,150563,436929
2021-02-12,"Moderna, Oxford/AstraZeneca, Pfizer/BioNTech",293124,165278,458402
2021-02-13,"Moderna, Oxford/AstraZeneca, Pfizer/BioNTech",294727,168256,462983
2021-02-14,"Moderna, Oxford/AstraZeneca, Pfizer/BioNTech",295726,169638,465364
2021-02-15,"Moderna, Oxford/AstraZeneca, Pfizer/BioNTech",302124,178987,481111
2021-02-16,"Moderna, Oxford/AstraZeneca, Pfizer/BioNTech",310838,188056,498894
2021-02-17,"Moderna, Oxford/AstraZeneca, Pfizer/BioNTech",320533,196356,516889
2021-02-18,"Moderna, Oxford/AstraZeneca, Pfizer/BioNTech",332844,204419,537263
2021-02-19,"Moderna, Oxford/AstraZeneca, Pfizer/BioNTech",344690,211762,556452
2021-02-20,"Moderna, Oxford/AstraZeneca, Pfizer/BioNTech",346682,212942,559624
2021-02-21,"Moderna, Oxford/AstraZeneca, Pfizer/BioNTech",347808,213961,561769
2021-02-22,"Moderna, Oxford/AstraZeneca, Pfizer/BioNTech",357919,219981,577900
2021-02-23,"Moderna, Oxford/AstraZeneca, Pfizer/BioNTech",370855,226946,597801
2021-02-24,"Moderna, Oxford/AstraZeneca, Pfizer/BioNTech",384721,232976,617697
2021-02-25,"Moderna, Oxford/AstraZeneca, Pfizer/BioNTech",402683,238519,641202
2021-02-26,"Moderna, Oxford/AstraZeneca, Pfizer/BioNTech",418837,243853,662690
2021-02-27,"Moderna, Oxford/AstraZeneca, Pfizer/BioNTech",421841,244408,666249
2021-02-28,"Moderna, Oxford/AstraZeneca, Pfizer/BioNTech",424183,244955,669138
2021-03-01,"Moderna, Oxford/AstraZeneca, Pfizer/BioNTech",443752,248395,692147
2021-03-02,"Moderna, Oxford/AstraZeneca, Pfizer/BioNTech",470958,251933,722891
2021-03-03,"Moderna, Oxford/AstraZeneca, Pfizer/BioNTech",501803,256430,758233
2021-03-04,"Moderna, Oxford/AstraZeneca, Pfizer/BioNTech",535040,261106,796146
2021-03-05,"Johnson&Johnson, Moderna, Oxford/AstraZeneca, Pfizer/BioNTech",563838,266512,830350
2021-03-06,"Johnson&Johnson, Moderna, Oxford/AstraZeneca, Pfizer/BioNTech",575975,267364,843339
2021-03-07,"Johnson&Johnson, Moderna, Oxford/AstraZeneca, Pfizer/BioNTech",587503,268201,855704
2021-03-08,"Johnson&Johnson, Moderna, Oxford/AstraZeneca, Pfizer/BioNTech",617206,273043,890249
2021-03-09,"Johnson&Johnson, Moderna, Oxford/AstraZeneca, Pfizer/BioNTech",653540,279415,932955
2021-03-10,"Moderna, Oxford/AstraZeneca, Pfizer/BioNTech",694817,286356,981173
2021-03-11,"Johnson&Johnson, Moderna, Oxford/AstraZeneca, Pfizer/BioNTech",739610,294718,1034328
2021-03-12,"Johnson&Johnson, Moderna, Oxford/AstraZeneca, Pfizer/BioNTech",778384,303173,1081557
2021-03-13,"Johnson&Johnson, Moderna, Oxford/AstraZeneca, Pfizer/BioNTech",795447,304474,1099921
2021-03-14,"Moderna, Oxford/AstraZeneca, Pfizer/BioNTech",807547,305620,1113167
2021-03-15,"Moderna, Oxford/AstraZeneca, Pfizer/BioNTech",835910,314385,1150295
2021-03-16,"Johnson&Johnson, Moderna, Oxford/AstraZeneca, Pfizer/BioNTech",874779,324907,1199686
2021-03-17,"Moderna, Oxford/AstraZeneca, Pfizer/BioNTech",912228,335401,1247629
2021-03-18,"Johnson&Johnson, Moderna, Oxford/AstraZeneca, Pfizer/BioNTech",950171,347802,1297973
2021-03-19,"Moderna, Oxford/AstraZeneca, Pfizer/BioNTech",984620,361398,1346018
2021-03-20,"Johnson&Johnson, Moderna, Oxford/AstraZeneca, Pfizer/BioNTech",999742,363412,1363154
2021-03-21,"Johnson&Johnson, Moderna, Oxford/AstraZeneca, Pfizer/BioNTech",1007147,364961,1372108
2021-03-22,"Johnson&Johnson, Moderna, Oxford/AstraZeneca, Pfizer/BioNTech",1031665,377458,1409123
2021-03-23,"Johnson&Johnson, Moderna, Oxford/AstraZeneca, Pfizer/BioNTech",1058275,390802,1449077
2021-03-24,"Johnson&Johnson, Moderna, Oxford/AstraZeneca, Pfizer/BioNTech",1085103,406522,1491625
2021-03-25,"Moderna, Oxford/AstraZeneca, Pfizer/BioNTech",1111403,424355,1535758
2021-03-26,"Johnson&Johnson, Moderna, Oxford/AstraZeneca, Pfizer/BioNTech",1136187,441840,1578027
2021-03-27,"Johnson&Johnson, Moderna, Oxford/AstraZeneca, Pfizer/BioNTech",1144604,446683,1591287
2021-03-28,"Moderna, Oxford/AstraZeneca, Pfizer/BioNTech",1150137,450821,1600958
2021-03-29,"Johnson&Johnson, Moderna, Oxford/AstraZeneca, Pfizer/BioNTech",1169243,471529,1640772
2021-03-30,"Johnson&Johnson, Moderna, Oxford/AstraZeneca, Pfizer/BioNTech",1193920,493695,1687615
2021-03-31,"Johnson&Johnson, Moderna, Oxford/AstraZeneca, Pfizer/BioNTech",1216993,520734,1737727
2021-04-01,"Johnson&Johnson, Moderna, Oxford/AstraZeneca, Pfizer/BioNTech",1242585,552772,1795357
2021-04-02,"Johnson&Johnson, Moderna, Oxford/AstraZeneca, Pfizer/BioNTech",1249486,565555,1815041
2021-04-03,"Johnson&Johnson, Moderna, Oxford/AstraZeneca, Pfizer/BioNTech",1253088,576468,1829556
2021-04-04,"Johnson&Johnson, Moderna, Oxford/AstraZeneca, Pfizer/BioNTech",1255584,585375,1840959
2021-04-05,"Johnson&Johnson, Moderna, Oxford/AstraZeneca, Pfizer/BioNTech",1257962,592549,1850511
2021-04-06,"Johnson&Johnson, Moderna, Oxford/AstraZeneca, Pfizer/BioNTech",1274067,621779,1895846
2021-04-07,"Johnson&Johnson, Moderna, Oxford/AstraZeneca, Pfizer/BioNTech",1297451,643994,1941445
2021-04-08,"Johnson&Johnson, Moderna, Oxford/AstraZeneca, Pfizer/BioNTech",1336104,674996,2011100
2021-04-09,"Johnson&Johnson, Moderna, Oxford/AstraZeneca, Pfizer/BioNTech",1375607,705162,2080769
2021-04-10,"Johnson&Johnson, Moderna, Oxford/AstraZeneca, Pfizer/BioNTech",1391066,720447,2111513
2021-04-11,"Johnson&Johnson, Moderna, Oxford/AstraZeneca, Pfizer/BioNTech",1400824,730476,2131300
2021-04-12,"Johnson&Johnson, Moderna, Oxford/AstraZeneca, Pfizer/BioNTech",1439048,755590,2194638
2021-04-13,"Moderna, Oxford/AstraZeneca, Pfizer/BioNTech",1475268,781610,2256878
2021-04-14,"Moderna, Oxford/AstraZeneca, Pfizer/BioNTech",1514044,808950,2322994
2021-04-15,"Moderna, Oxford/AstraZeneca, Pfizer/BioNTech",1561801,834646,2396447
2021-04-16,"Moderna, Oxford/AstraZeneca, Pfizer/BioNTech",1606423,860264,2466687
2021-04-17,"Moderna, Oxford/AstraZeneca, Pfizer/BioNTech",1623088,869282,2492370
2021-04-18,"Moderna, Oxford/AstraZeneca, Pfizer/BioNTech",1636058,874263,2510321
2021-04-19,"Moderna, Oxford/AstraZeneca, Pfizer/BioNTech",1680034,889712,2569746
2021-04-20,"Johnson&Johnson, Moderna, Oxford/AstraZeneca, Pfizer/BioNTech",1722558,905565,2628123
2021-04-21,"Moderna, Oxford/AstraZeneca, Pfizer/BioNTech",1770257,919897,2690154
2021-04-22,"Johnson&Johnson, Moderna, Oxford/AstraZeneca, Pfizer/BioNTech",1824725,937263,2761988
2021-04-23,"Johnson&Johnson, Moderna, Oxford/AstraZeneca, Pfizer/BioNTech",1874651,949298,2823949
2021-04-24,"Johnson&Johnson, Moderna, Oxford/AstraZeneca, Pfizer/BioNTech",1892466,954533,2846999
2021-04-25,"Johnson&Johnson, Moderna, Oxford/AstraZeneca, Pfizer/BioNTech",1907137,958519,2865656
2021-04-26,"Johnson&Johnson, Moderna, Oxford/AstraZeneca, Pfizer/BioNTech",1956694,966056,2922750
2021-04-27,"Johnson&Johnson, Moderna, Oxford/AstraZeneca, Pfizer/BioNTech",2005655,978263,2983918
2021-04-28,"Johnson&Johnson, Moderna, Oxford/AstraZeneca, Pfizer/BioNTech",2064384,992236,3056620
2021-04-29,"Johnson&Johnson, Moderna, Oxford/AstraZeneca, Pfizer/BioNTech",2129916,1008093,3138009
2021-04-30,"Johnson&Johnson, Moderna, Oxford/AstraZeneca, Pfizer/BioNTech",2192107,1018030,3210137
2021-05-01,"Johnson&Johnson, Moderna, Oxford/AstraZeneca, Pfizer/BioNTech",2211406,1021455,3232861
2021-05-02,"Johnson&Johnson, Moderna, Oxford/AstraZeneca, Pfizer/BioNTech",2230306,1023712,3254018
2021-05-03,"Johnson&Johnson, Moderna, Oxford/AstraZeneca, Pfizer/BioNTech",2297525,1028759,3326284
2021-05-04,"Johnson&Johnson, Moderna, Oxford/AstraZeneca, Pfizer/BioNTech",2363986,1037058,3401044
2021-05-05,"Johnson&Johnson, Moderna, Oxford/AstraZeneca, Pfizer/BioNTech",2437120,1046434,3483554
2021-05-06,"Johnson&Johnson, Moderna, Oxford/AstraZeneca, Pfizer/BioNTech",2517488,1057119,3574607
2021-05-07,"Johnson&Johnson, Moderna, Oxford/AstraZeneca, Pfizer/BioNTech",2594708,1067149,3661857
2021-05-08,"Johnson&Johnson, Moderna, Oxford/AstraZeneca, Pfizer/BioNTech",2624114,1068892,3693006
2021-05-09,"Johnson&Johnson, Moderna, Oxford/AstraZeneca, Pfizer/BioNTech",2648286,1070084,3718370
2021-05-10,"Johnson&Johnson, Moderna, Oxford/AstraZeneca, Pfizer/BioNTech",2721018,1077283,3798301
2021-05-11,"Johnson&Johnson, Moderna, Oxford/AstraZeneca, Pfizer/BioNTech",2797093,1086063,3883156
2021-05-12,"Johnson&Johnson, Moderna, Oxford/AstraZeneca, Pfizer/BioNTech",2876916,1095119,3972035
2021-05-13,"Johnson&Johnson, Moderna, Oxford/AstraZeneca, Pfizer/BioNTech",2960908,1104250,4065158
2021-05-14,"Johnson&Johnson, Moderna, Oxford/AstraZeneca, Pfizer/BioNTech",3040308,1111986,4152294
2021-05-15,"Johnson&Johnson, Moderna, Oxford/AstraZeneca, Pfizer/BioNTech",3072153,1114189,4186342
2021-05-16,"Johnson&Johnson, Moderna, Oxford/AstraZeneca, Pfizer/BioNTech",3097896,1115433,4213329
2021-05-17,"Johnson&Johnson, Moderna, Oxford/AstraZeneca, Pfizer/BioNTech",3170372,1122116,4292488
2021-05-18,"Johnson&Johnson, Moderna, Oxford/AstraZeneca, Pfizer/BioNTech",3242273,1135119,4377392
2021-05-19,"Johnson&Johnson, Moderna, Oxford/AstraZeneca, Pfizer/BioNTech",3319704,1150218,4469922
2021-05-20,"Johnson&Johnson, Moderna, Oxford/AstraZeneca, Pfizer/BioNTech",3395104,1177190,4572294
2021-05-21,"Johnson&Johnson, Moderna, Oxford/AstraZeneca, Pfizer/BioNTech",3463838,1204881,4668719
2021-05-22,"Johnson&Johnson, Moderna, Oxford/AstraZeneca, Pfizer/BioNTech",3496176,1216021,4712197
2021-05-23,"Johnson&Johnson, Moderna, Oxford/AstraZeneca, Pfizer/BioNTech",3518491,1225030,4743521
2021-05-24,"Johnson&Johnson, Moderna, Oxford/AstraZeneca, Pfizer/BioNTech",3565604,1258635,4824239
2021-05-25,"Johnson&Johnson, Moderna, Oxford/AstraZeneca, Pfizer/BioNTech",3617436,1294389,4911825
2021-05-26,"Johnson&Johnson, Moderna, Oxford/AstraZeneca, Pfizer/BioNTech",3685163,1331867,5017030
2021-05-27,"Johnson&Johnson, Moderna, Oxford/AstraZeneca, Pfizer/BioNTech",3746530,1379139,5125669
2021-05-28,"Johnson&Johnson, Moderna, Oxford/AstraZeneca, Pfizer/BioNTech",3808199,1425636,5233835
2021-05-29,"Johnson&Johnson, Moderna, Oxford/AstraZeneca, Pfizer/BioNTech",3837351,1442708,5280059
2021-05-30,"Johnson&Johnson, Moderna, Oxford/AstraZeneca, Pfizer/BioNTech",3859692,1457116,5316808
2021-05-31,"Johnson&Johnson, Moderna, Oxford/AstraZeneca, Pfizer/BioNTech",3915410,1504629,5420039
2021-06-01,"Johnson&Johnson, Moderna, Oxford/AstraZeneca, Pfizer/BioNTech",3974421,1553415,5527836
2021-06-02,"Johnson&Johnson, Moderna, Oxford/AstraZeneca, Pfizer/BioNTech",4037287,1607323,5644610
2021-06-03,"Johnson&Johnson, Moderna, Oxford/AstraZeneca, Pfizer/BioNTech",4095497,1667478,5762975
2021-06-04,"Johnson&Johnson, Moderna, Oxford/AstraZeneca, Pfizer/BioNTech",4158566,1724798,5883364
2021-06-05,"Johnson&Johnson, Moderna, Oxford/AstraZeneca, Pfizer/BioNTech",4192692,1743577,5936269
2021-06-06,"Johnson&Johnson, Moderna, Oxford/AstraZeneca, Pfizer/BioNTech",4219593,1758671,5978264
2021-06-07,"Johnson&Johnson, Moderna, Oxford/AstraZeneca, Pfizer/BioNTech",4283261,1814246,6097507
2021-06-08,"Johnson&Johnson, Moderna, Oxford/AstraZeneca, Pfizer/BioNTech",4347227,1869160,6216387
2021-06-09,"Johnson&Johnson, Moderna, Oxford/AstraZeneca, Pfizer/BioNTech",4406408,1933541,6339949
2021-06-10,"Johnson&Johnson, Moderna, Oxford/AstraZeneca, Pfizer/BioNTech",4460288,2004584,6464872
2021-06-11,"Johnson&Johnson, Moderna, Oxford/AstraZeneca, Pfizer/BioNTech",4512382,2074242,6586624
2021-06-12,"Johnson&Johnson, Moderna, Oxford/AstraZeneca, Pfizer/BioNTech",4544363,2094971,6639334
2021-06-13,"Johnson&Johnson, Moderna, Oxford/AstraZeneca, Pfizer/BioNTech",4568364,2113332,6681696
2021-06-14,"Johnson&Johnson, Moderna, Oxford/AstraZeneca, Pfizer/BioNTech",4611427,2187633,6799060
2021-06-15,"Johnson&Johnson, Moderna, Oxford/AstraZeneca, Pfizer/BioNTech",4656066,2259888,6915954
2021-06-16,"Johnson&Johnson, Moderna, Oxford/AstraZeneca, Pfizer/BioNTech",4698787,2338022,7036809
2021-06-17,"Johnson&Johnson, Moderna, Oxford/AstraZeneca, Pfizer/BioNTech",4738155,2420996,7159151
2021-06-18,"Johnson&Johnson, Moderna, Oxford/AstraZeneca, Pfizer/BioNTech",4780535,2501410,7281945
2021-06-19,"Johnson&Johnson, Moderna, Oxford/AstraZeneca, Pfizer/BioNTech",4802274,2530625,7332899
2021-06-20,"Johnson&Johnson, Moderna, Oxford/AstraZeneca, Pfizer/BioNTech",4819628,2554393,7374021
2021-06-21,"Johnson&Johnson, Moderna, Oxford/AstraZeneca, Pfizer/BioNTech",4852125,2632875,7485000
2021-06-22,"Johnson&Johnson, Moderna, Oxford/AstraZeneca, Pfizer/BioNTech",4885080,2715038,7600118
2021-06-23,"Johnson&Johnson, Moderna, Oxford/AstraZeneca, Pfizer/BioNTech",4916721,2800167,7716888
2021-06-24,"Johnson&Johnson, Moderna, Oxford/AstraZeneca, Pfizer/BioNTech",4946554,2890105,7836659
2021-06-25,"Johnson&Johnson, Moderna, Oxford/AstraZeneca, Pfizer/BioNTech",4977592,2976147,7953739
2021-06-26,"Johnson&Johnson, Moderna, Oxford/AstraZeneca, Pfizer/BioNTech",4993443,3010889,8004332
2021-06-27,"Johnson&Johnson, Moderna, Oxford/AstraZeneca, Pfizer/BioNTech",5007376,3037480,8044856
2021-06-28,"Johnson&Johnson, Moderna, Oxford/AstraZeneca, Pfizer/BioNTech",5035784,3122563,8158347
2021-06-29,"Johnson&Johnson, Moderna, Oxford/AstraZeneca, Pfizer/BioNTech",5065044,3208936,8273980
2021-06-30,"Johnson&Johnson, Moderna, Oxford/AstraZeneca, Pfizer/BioNTech",5092529,3299794,8392323
2021-07-01,"Johnson&Johnson, Moderna, Oxford/AstraZeneca, Pfizer/BioNTech",5116496,3389736,8506232
2021-07-02,"Johnson&Johnson, Moderna, Oxford/AstraZeneca, Pfizer/BioNTech",5143203,3475466,8618669
2021-07-03,"Johnson&Johnson, Moderna, Oxford/AstraZeneca, Pfizer/BioNTech",5150274,3506922,8657196
2021-07-04,"Johnson&Johnson, Moderna, Oxford/AstraZeneca, Pfizer/BioNTech",5157820,3528685,8686505
2021-07-05,"Johnson&Johnson, Moderna, Oxford/AstraZeneca, Pfizer/BioNTech",5165167,3554003,8719170
2021-07-06,"Johnson&Johnson, Moderna, Oxford/AstraZeneca, Pfizer/BioNTech",5170563,3581582,8752145
2021-07-07,"Johnson&Johnson, Moderna, Oxford/AstraZeneca, Pfizer/BioNTech",5196336,3660461,8856797
2021-07-08,"Johnson&Johnson, Moderna, Oxford/AstraZeneca, Pfizer/BioNTech",5222924,3730693,8953617
2021-07-09,"Johnson&Johnson, Moderna, Oxford/AstraZeneca, Pfizer/BioNTech",5250818,3799872,9050690
2021-07-10,"Johnson&Johnson, Moderna, Oxford/AstraZeneca, Pfizer/BioNTech",5260156,3828438,9088594
2021-07-11,"Johnson&Johnson, Moderna, Oxford/AstraZeneca, Pfizer/BioNTech",5268671,3851288,9119959
2021-07-12,"Johnson&Johnson, Moderna, Oxford/AstraZeneca, Pfizer/BioNTech",5296186,3920312,9216498
2021-07-13,"Johnson&Johnson, Moderna, Oxford/AstraZeneca, Pfizer/BioNTech",5322351,3990098,9312449
2021-07-14,"Johnson&Johnson, Moderna, Oxford/AstraZeneca, Pfizer/BioNTech",5348150,4062001,9410151
2021-07-15,"Johnson&Johnson, Moderna, Oxford/AstraZeneca, Pfizer/BioNTech",5377309,4127920,9505229
2021-07-16,"Johnson&Johnson, Moderna, Oxford/AstraZeneca, Pfizer/BioNTech",5405203,4200535,9605738
2021-07-17,"Johnson&Johnson, Moderna, Oxford/AstraZeneca, Pfizer/BioNTech",5413957,4231919,9645876
2021-07-18,"Johnson&Johnson, Moderna, Oxford/AstraZeneca, Pfizer/BioNTech",5422389,4257880,9680269
2021-07-19,"Johnson&Johnson, Moderna, Oxford/AstraZeneca, Pfizer/BioNTech",5445723,4324830,9770553
2021-07-20,"Johnson&Johnson, Moderna, Oxford/AstraZeneca, Pfizer/BioNTech",5467099,4391793,9858892
2021-07-21,"Johnson&Johnson, Moderna, Oxford/AstraZeneca, Pfizer/BioNTech",5490542,4455162,9945704
2021-07-22,"Johnson&Johnson, Moderna, Oxford/AstraZeneca, Pfizer/BioNTech",5512881,4513700,10026581
2021-07-23,"Johnson&Johnson, Moderna, Oxford/AstraZeneca, Pfizer/BioNTech",5536054,4568346,10104400
2021-07-24,"Johnson&Johnson, Moderna, Oxford/AstraZeneca, Pfizer/BioNTech",5543357,4595951,10139308
2021-07-25,"Johnson&Johnson, Moderna, Oxford/AstraZeneca, Pfizer/BioNTech",5549957,4618035,10167992
2021-07-26,"Johnson&Johnson, Moderna, Oxford/AstraZeneca, Pfizer/BioNTech",5573471,4666605,10240076
2021-07-27,"Johnson&Johnson, Moderna, Oxford/AstraZeneca, Pfizer/BioNTech",5596187,4713147,10309334
2021-07-28,"Johnson&Johnson, Moderna, Oxford/AstraZeneca, Pfizer/BioNTech",5617413,4759035,10376448
2021-07-29,"Johnson&Johnson, Moderna, Oxford/AstraZeneca, Pfizer/BioNTech",5638713,4800893,10439606
2021-07-30,"Johnson&Johnson, Moderna, Oxford/AstraZeneca, Pfizer/BioNTech",5661970,4843355,10505325
2021-07-31,"Johnson&Johnson, Moderna, Oxford/AstraZeneca, Pfizer/BioNTech",5670883,4862849,10533732
2021-08-01,"Johnson&Johnson, Moderna, Oxford/AstraZeneca, Pfizer/BioNTech",5677592,4878978,10556570
2021-08-02,"Johnson&Johnson, Moderna, Oxford/AstraZeneca, Pfizer/BioNTech",5696201,4916455,10612656
2021-08-03,"Johnson&Johnson, Moderna, Oxford/AstraZeneca, Pfizer/BioNTech",5713818,4954479,10668297
2021-08-04,"Johnson&Johnson, Moderna, Oxford/AstraZeneca, Pfizer/BioNTech",5729892,4991126,10721018
2021-08-05,"Johnson&Johnson, Moderna, Oxford/AstraZeneca, Pfizer/BioNTech",5745896,5031513,10777409
2021-08-06,"Johnson&Johnson, Moderna, Oxford/AstraZeneca, Pfizer/BioNTech",5762661,5074711,10837372
2021-08-07,"Johnson&Johnson, Moderna, Oxford/AstraZeneca, Pfizer/BioNTech",5768242,5092834,10861076
2021-08-08,"Johnson&Johnson, Moderna, Oxford/AstraZeneca, Pfizer/BioNTech",5772588,5108554,10881142
2021-08-09,"Johnson&Johnson, Moderna, Oxford/AstraZeneca, Pfizer/BioNTech",5785217,5153545,10938762
2021-08-10,"Johnson&Johnson, Moderna, Oxford/AstraZeneca, Pfizer/BioNTech",5797034,5193050,10990084
2021-08-11,"Johnson&Johnson, Moderna, Oxford/AstraZeneca, Pfizer/BioNTech",5808379,5236123,11044502
2021-08-12,"Johnson&Johnson, Moderna, Oxford/AstraZeneca, Pfizer/BioNTech",5819776,5273188,11092964
2021-08-13,"Johnson&Johnson, Moderna, Oxford/AstraZeneca, Pfizer/BioNTech",5830465,5313447,11143912
2021-08-14,"Johnson&Johnson, Moderna, Oxford/AstraZeneca, Pfizer/BioNTech",5833799,5324122,11157921
2021-08-15,"Johnson&Johnson, Moderna, Oxford/AstraZeneca, Pfizer/BioNTech",5836372,5334474,11170846
2021-08-16,"Johnson&Johnson, Moderna, Oxford/AstraZeneca, Pfizer/BioNTech",5846138,5368482,11214620
2021-08-17,"Johnson&Johnson, Moderna, Oxford/AstraZeneca, Pfizer/BioNTech",5855720,5395528,11251248
2021-08-18,"Johnson&Johnson, Moderna, Oxford/AstraZeneca, Pfizer/BioNTech",5865084,5434346,11299430
2021-08-19,"Johnson&Johnson, Moderna, Oxford/AstraZeneca, Pfizer/BioNTech",5874742,5472649,11347391
2021-08-20,"Johnson&Johnson, Moderna, Oxford/AstraZeneca, Pfizer/BioNTech",5886076,5512793,11398869
2021-08-21,"Johnson&Johnson, Moderna, Oxford/AstraZeneca, Pfizer/BioNTech",5888785,5525522,11414307
2021-08-22,"Johnson&Johnson, Moderna, Oxford/AstraZeneca, Pfizer/BioNTech",5891121,5537471,11428592
2021-08-23,"Johnson&Johnson, Moderna, Oxford/AstraZeneca, Pfizer/BioNTech",5901643,5576676,11478319
2021-08-24,"Johnson&Johnson, Moderna, Oxford/AstraZeneca, Pfizer/BioNTech",5911499,5609877,11521376
2021-08-25,"Johnson&Johnson, Moderna, Oxford/AstraZeneca, Pfizer/BioNTech",5920351,5638196,11558547
2021-08-26,"Johnson&Johnson, Moderna, Oxford/AstraZeneca, Pfizer/BioNTech",5928783,5664280,11593063
2021-08-27,"Johnson&Johnson, Moderna, Oxford/AstraZeneca, Pfizer/BioNTech",5939088,5690184,11629272
2021-08-28,"Johnson&Johnson, Moderna, Oxford/AstraZeneca, Pfizer/BioNTech",5941801,5697206,11639007
2021-08-29,"Johnson&Johnson, Moderna, Oxford/AstraZeneca, Pfizer/BioNTech",5944203,5703811,11648014
2021-08-30,"Johnson&Johnson, Moderna, Oxford/AstraZeneca, Pfizer/BioNTech",5952716,5725636,11678352
2021-08-31,"Johnson&Johnson, Moderna, Oxford/AstraZeneca, Pfizer/BioNTech",5960363,5743680,11704043
2021-09-01,"Johnson&Johnson, Moderna, Oxford/AstraZeneca, Pfizer/BioNTech",5966240,5757643,11723883
2021-09-02,"Johnson&Johnson, Moderna, Oxford/AstraZeneca, Pfizer/BioNTech",5973039,5771987,11745026
2021-09-03,"Johnson&Johnson, Moderna, Oxford/AstraZeneca, Pfizer/BioNTech",5982576,5787650,11770226
2021-09-04,"Johnson&Johnson, Moderna, Oxford/AstraZeneca, Pfizer/BioNTech",5984631,5791192,11775823
2021-09-05,"Johnson&Johnson, Moderna, Oxford/AstraZeneca, Pfizer/BioNTech",5986661,5794020,11780681
2021-09-06,"Johnson&Johnson, Moderna, Oxford/AstraZeneca, Pfizer/BioNTech",5992831,5806507,11799338
2021-09-07,"Johnson&Johnson, Moderna, Oxford/AstraZeneca, Pfizer/BioNTech",5997183,5817580,11814763
2021-09-08,"Johnson&Johnson, Moderna, Oxford/AstraZeneca, Pfizer/BioNTech",6002829,5827400,11830229
2021-09-09,"Johnson&Johnson, Moderna, Oxford/AstraZeneca, Pfizer/BioNTech",6009473,5837445,11846918
2021-09-10,"Johnson&Johnson, Moderna, Oxford/AstraZeneca, Pfizer/BioNTech",6017119,5849593,11866712
2021-09-11,"Johnson&Johnson, Moderna, Oxford/AstraZeneca, Pfizer/BioNTech",6018974,5852061,11871035
2021-09-12,"Johnson&Johnson, Moderna, Oxford/AstraZeneca, Pfizer/BioNTech",6020086,5853679,11873765
2021-09-13,"Johnson&Johnson, Moderna, Oxford/AstraZeneca, Pfizer/BioNTech",6025502,5863926,11889428
2021-09-14,"Johnson&Johnson, Moderna, Oxford/AstraZeneca, Pfizer/BioNTech",6030870,5872918,11903788
2021-09-15,"Johnson&Johnson, Moderna, Oxford/AstraZeneca, Pfizer/BioNTech",6036052,5881425,11917477
2021-09-16,"Johnson&Johnson, Moderna, Oxford/AstraZeneca, Pfizer/BioNTech",6041335,5889674,11931009
2021-09-17,"Johnson&Johnson, Moderna, Oxford/AstraZeneca, Pfizer/BioNTech",6047876,5899867,11947743
2021-09-18,"Johnson&Johnson, Moderna, Oxford/AstraZeneca, Pfizer/BioNTech",6049598,5902212,11951810
2021-09-19,"Johnson&Johnson, Moderna, Oxford/AstraZeneca, Pfizer/BioNTech",6050536,5903773,11954309
2021-09-20,"Johnson&Johnson, Moderna, Oxford/AstraZeneca, Pfizer/BioNTech",6054525,5911952,11966477
2021-09-21,"Johnson&Johnson, Moderna, Oxford/AstraZeneca, Pfizer/BioNTech",6058649,5919467,11978116
2021-09-22,"Johnson&Johnson, Moderna, Oxford/AstraZeneca, Pfizer/BioNTech",6062810,5924971,11987781
2021-09-23,"Johnson&Johnson, Moderna, Oxford/AstraZeneca, Pfizer/BioNTech",6067774,5931365,11999139
2021-09-24,"Johnson&Johnson, Moderna, Oxford/AstraZeneca, Pfizer/BioNTech",6073514,5940967,12014481
2021-09-25,"Johnson&Johnson, Moderna, Pfizer/BioNTech",6075003,5942946,12017949
2021-09-26,"Johnson&Johnson, Moderna, Pfizer/BioNTech",6075741,5944569,12020310
2021-09-27,"Johnson&Johnson, Moderna, Oxford/AstraZeneca, Pfizer/BioNTech",6079596,5951042,12030638
2021-09-28,"Johnson&Johnson, Moderna, Pfizer/BioNTech",6079950,5951639,12031589
2021-09-29,"Johnson&Johnson, Moderna, Oxford/AstraZeneca, Pfizer/BioNTech",6083711,5959067,12042778
2021-09-30,"Johnson&Johnson, Moderna, Oxford/AstraZeneca, Pfizer/BioNTech",6088138,5966726,12054864
2021-10-01,"Johnson&Johnson, Moderna, Oxford/AstraZeneca, Pfizer/BioNTech",6092382,5974665,12067047
2021-10-02,"Johnson&Johnson, Moderna, Pfizer/BioNTech",6093423,5976193,12069616
2021-10-03,"Johnson&Johnson, Moderna, Pfizer/BioNTech",6094126,5977054,12071180
2021-10-04,"Johnson&Johnson, Moderna, Oxford/AstraZeneca, Pfizer/BioNTech",6097153,5982612,12079765
2021-10-05,"Johnson&Johnson, Moderna, Oxford/AstraZeneca, Pfizer/BioNTech",6100233,5987665,12087898
2021-10-06,"Johnson&Johnson, Moderna, Oxford/AstraZeneca, Pfizer/BioNTech",6103695,5992814,12096509
2021-10-07,"Johnson&Johnson, Moderna, Oxford/AstraZeneca, Pfizer/BioNTech",6106881,5998003,12104884
2021-10-08,"Johnson&Johnson, Moderna, Oxford/AstraZeneca, Pfizer/BioNTech",6111603,6004610,12116213
2021-10-09,"Johnson&Johnson, Moderna, Pfizer/BioNTech",6112835,6006254,12119089
2021-10-10,"Johnson&Johnson, Moderna, Pfizer/BioNTech",6113772,6007081,12120853
2021-10-11,"Johnson&Johnson, Moderna, Oxford/AstraZeneca, Pfizer/BioNTech",6116639,6011444,12128083
2021-10-12,"Johnson&Johnson, Moderna, Oxford/AstraZeneca, Pfizer/BioNTech",6119381,6015361,12134742
2021-10-13,"Johnson&Johnson, Moderna, Oxford/AstraZeneca, Pfizer/BioNTech",6122797,6019490,12142287
2021-10-14,"Johnson&Johnson, Moderna, Oxford/AstraZeneca, Pfizer/BioNTech",6126359,6024424,12150783
2021-10-15,"Johnson&Johnson, Moderna, Oxford/AstraZeneca, Pfizer/BioNTech",6131464,6030549,12162013
2021-10-16,"Johnson&Johnson, Moderna, Pfizer/BioNTech",6132832,6032060,12164892
2021-10-17,"Johnson&Johnson, Moderna, Pfizer/BioNTech",6134149,6033111,12167260
2021-10-18,"Johnson&Johnson, Moderna, Oxford/AstraZeneca, Pfizer/BioNTech",6138131,6037195,12175326
2021-10-19,"Johnson&Johnson, Moderna, Oxford/AstraZeneca, Pfizer/BioNTech",6141583,6039267,12180850
2021-10-20,"Johnson&Johnson, Moderna, Oxford/AstraZeneca, Pfizer/BioNTech",6146342,6043692,12190034
2021-10-21,"Johnson&Johnson, Moderna, Oxford/AstraZeneca, Pfizer/BioNTech",6153914,6049210,12203124
2021-10-22,"Johnson&Johnson, Moderna, Oxford/AstraZeneca, Pfizer/BioNTech",6164225,6055691,12219916
2021-10-23,"Johnson&Johnson, Moderna, Pfizer/BioNTech",6167866,6057888,12225754
2021-10-24,"Johnson&Johnson, Moderna, Pfizer/BioNTech",6170540,6059658,12230198
2021-10-25,"Johnson&Johnson, Moderna, Oxford/AstraZeneca, Pfizer/BioNTech",6180842,6065438,12246280
2021-10-26,"Johnson&Johnson, Moderna, Oxford/AstraZeneca, Pfizer/BioNTech",6192496,6071930,12264426
2021-10-27,"Johnson&Johnson, Moderna, Oxford/AstraZeneca, Pfizer/BioNTech",6206898,6079306,12286204
2021-10-28,"Johnson&Johnson, Moderna, Pfizer/BioNTech",6210231,6080944,12291175
2021-10-29,"Johnson&Johnson, Moderna, Oxford/AstraZeneca, Pfizer/BioNTech",6224483,6088876,12313359
2021-10-30,"Johnson&Johnson, Moderna, Pfizer/BioNTech",6228946,6091761,12320707
2021-10-31,"Johnson&Johnson, Moderna, Oxford/AstraZeneca, Pfizer/BioNTech",6232666,6094216,12326882
2021-11-01,"Johnson&Johnson, Moderna, Oxford/AstraZeneca, Pfizer/BioNTech",6247562,6101811,12349373
2021-11-02,"Johnson&Johnson, Moderna, Oxford/AstraZeneca, Pfizer/BioNTech",6262686,6109183,12371869
2021-11-03,"Johnson&Johnson, Moderna, Oxford/AstraZeneca, Pfizer/BioNTech",6279575,6116350,12395925
2021-11-04,"Johnson&Johnson, Moderna, Oxford/AstraZeneca, Pfizer/BioNTech",6297568,6124345,12421913
2021-11-05,"Johnson&Johnson, Moderna, Oxford/AstraZeneca, Pfizer/BioNTech",6320046,6135415,12455461
2021-11-06,"Johnson&Johnson, Moderna, Oxford/AstraZeneca, Pfizer/BioNTech",6326414,6138387,12464801
2021-11-07,"Johnson&Johnson, Moderna, Oxford/AstraZeneca, Pfizer/BioNTech",6330327,6140746,12471073
2021-11-08,"Johnson&Johnson, Moderna, Oxford/AstraZeneca, Pfizer/BioNTech",6345805,6147752,12493557
2021-11-09,"Johnson&Johnson, Moderna, Oxford/AstraZeneca, Pfizer/BioNTech",6359835,6154432,12514267
2021-11-10,"Johnson&Johnson, Moderna, Oxford/AstraZeneca, Pfizer/BioNTech",6374676,6161063,12535739
2021-11-11,"Johnson&Johnson, Moderna, Oxford/AstraZeneca, Pfizer/BioNTech",6389163,6169317,12558480
2021-11-12,"Johnson&Johnson, Moderna, Oxford/AstraZeneca, Pfizer/BioNTech",6407390,6180908,12588298
2021-11-13,"Johnson&Johnson, Moderna, Oxford/AstraZeneca, Pfizer/BioNTech",6412066,6184098,12596164
