date,vaccine,people_vaccinated,people_fully_vaccinated,total_vaccinations
2020-12-27,Pfizer/BioNTech,1286,0,1286
2020-12-28,Pfizer/BioNTech,3589,0,3589
2020-12-29,Pfizer/BioNTech,7061,1,7062
2020-12-30,Pfizer/BioNTech,10578,1,10579
2020-12-31,Pfizer/BioNTech,11889,1,11890
2021-01-01,"Moderna, Pfizer/BioNTech",12158,1,12159
2021-01-02,"Moderna, Pfizer/BioNTech",13441,2,13443
2021-01-03,"Moderna, Pfizer/BioNTech",14368,2,14370
2021-01-04,"Moderna, Pfizer/BioNTech",17976,2,17978
2021-01-05,"Moderna, Pfizer/BioNTech",22500,3,22503
2021-01-06,"Moderna, Pfizer/BioNTech",28346,4,28350
2021-01-07,"Moderna, Pfizer/BioNTech",36344,4,36348
2021-01-08,"Moderna, Pfizer/BioNTech",46395,5,46400
2021-01-09,"Moderna, Pfizer/BioNTech",48422,7,48429
2021-01-10,Pfizer/BioNTech,50194,9,50203
2021-01-11,"Moderna, Pfizer/BioNTech",60050,11,60061
2021-01-12,"Moderna, Pfizer/BioNTech",73506,13,73519
2021-01-13,"Moderna, Pfizer/BioNTech",87052,13,87065
2021-01-14,"Moderna, Pfizer/BioNTech",102306,17,102323
2021-01-15,"Moderna, Pfizer/BioNTech",116327,18,116345
2021-01-16,"Moderna, Pfizer/BioNTech",119731,22,119753
2021-01-17,"Moderna, Pfizer/BioNTech",122352,657,123009
2021-01-18,"Moderna, Pfizer/BioNTech",134846,2484,137330
2021-01-19,"Moderna, Pfizer/BioNTech",147459,5213,152672
2021-01-20,"Moderna, Pfizer/BioNTech",161157,7878,169035
2021-01-21,"Moderna, Pfizer/BioNTech",176811,9620,186431
2021-01-22,"Moderna, Pfizer/BioNTech",191704,10664,202368
2021-01-23,"Moderna, Pfizer/BioNTech",195022,11541,206563
2021-01-24,"Moderna, Pfizer/BioNTech",197278,12412,209690
2021-01-25,"Moderna, Pfizer/BioNTech",206933,15382,222315
2021-01-26,"Moderna, Pfizer/BioNTech",217480,19373,236853
2021-01-27,"Moderna, Pfizer/BioNTech",226512,23908,250420
2021-01-28,"Moderna, Pfizer/BioNTech",233618,30040,263658
2021-01-29,"Moderna, Pfizer/BioNTech",239833,37947,277780
2021-01-30,"Moderna, Pfizer/BioNTech",240574,39035,279609
2021-01-31,"Moderna, Pfizer/BioNTech",241293,40217,281510
2021-02-01,"Moderna, Pfizer/BioNTech",245276,48186,293462
2021-02-02,"Moderna, Pfizer/BioNTech",249429,58426,307855
2021-02-03,"Moderna, Pfizer/BioNTech",253856,69446,323302
2021-02-04,"Moderna, Pfizer/BioNTech",258762,82440,341202
2021-02-05,"Moderna, Pfizer/BioNTech",264238,93115,357353
2021-02-06,"Moderna, Oxford/AstraZeneca, Pfizer/BioNTech",265095,95480,360575
2021-02-07,"Moderna, Oxford/AstraZeneca, Pfizer/BioNTech",265946,97980,363926
2021-02-08,"Moderna, Oxford/AstraZeneca, Pfizer/BioNTech",270039,109411,379450
2021-02-09,"Moderna, Oxford/AstraZeneca, Pfizer/BioNTech",275147,121327,396474
2021-02-10,"Moderna, Oxford/AstraZeneca, Pfizer/BioNTech",280666,134588,415254
2021-02-11,"Moderna, Oxford/AstraZeneca, Pfizer/BioNTech",287008,150808,437816
2021-02-12,"Moderna, Oxford/AstraZeneca, Pfizer/BioNTech",293837,165557,459394
2021-02-13,"Moderna, Oxford/AstraZeneca, Pfizer/BioNTech",295455,168544,463999
2021-02-14,"Moderna, Oxford/AstraZeneca, Pfizer/BioNTech",296461,169930,466391
2021-02-15,"Moderna, Oxford/AstraZeneca, Pfizer/BioNTech",302860,179301,482161
2021-02-16,"Moderna, Oxford/AstraZeneca, Pfizer/BioNTech",311581,188382,499963
2021-02-17,"Moderna, Oxford/AstraZeneca, Pfizer/BioNTech",321284,196693,517977
2021-02-18,"Moderna, Oxford/AstraZeneca, Pfizer/BioNTech",333613,204776,538389
2021-02-19,"Moderna, Oxford/AstraZeneca, Pfizer/BioNTech",345479,212152,557631
2021-02-20,"Moderna, Oxford/AstraZeneca, Pfizer/BioNTech",347489,213338,560827
2021-02-21,"Moderna, Oxford/AstraZeneca, Pfizer/BioNTech",348626,214364,562990
2021-02-22,"Moderna, Oxford/AstraZeneca, Pfizer/BioNTech",358753,220402,579155
2021-02-23,"Moderna, Oxford/AstraZeneca, Pfizer/BioNTech",371718,227393,599111
2021-02-24,"Moderna, Oxford/AstraZeneca, Pfizer/BioNTech",385603,233436,619039
2021-02-25,"Moderna, Oxford/AstraZeneca, Pfizer/BioNTech",403587,238988,642575
2021-02-26,"Moderna, Oxford/AstraZeneca, Pfizer/BioNTech",419770,244348,664118
2021-02-27,"Moderna, Oxford/AstraZeneca, Pfizer/BioNTech",422779,244907,667686
2021-02-28,"Moderna, Oxford/AstraZeneca, Pfizer/BioNTech",425137,245458,670595
2021-03-01,"Moderna, Oxford/AstraZeneca, Pfizer/BioNTech",444736,248906,693642
2021-03-02,"Moderna, Oxford/AstraZeneca, Pfizer/BioNTech",471963,252456,724419
2021-03-03,"Moderna, Oxford/AstraZeneca, Pfizer/BioNTech",502921,256967,759888
2021-03-04,"Moderna, Oxford/AstraZeneca, Pfizer/BioNTech",536207,261657,797864
2021-03-05,"Johnson&Johnson, Moderna, Oxford/AstraZeneca, Pfizer/BioNTech",565051,267086,832137
2021-03-06,"Johnson&Johnson, Moderna, Oxford/AstraZeneca, Pfizer/BioNTech",577211,267952,845163
2021-03-07,"Johnson&Johnson, Moderna, Oxford/AstraZeneca, Pfizer/BioNTech",588760,268795,857555
2021-03-08,"Johnson&Johnson, Moderna, Oxford/AstraZeneca, Pfizer/BioNTech",618510,273657,892167
2021-03-09,"Johnson&Johnson, Moderna, Oxford/AstraZeneca, Pfizer/BioNTech",654883,280045,934928
2021-03-10,"Johnson&Johnson, Moderna, Oxford/AstraZeneca, Pfizer/BioNTech",696218,287006,983224
2021-03-11,"Johnson&Johnson, Moderna, Oxford/AstraZeneca, Pfizer/BioNTech",741075,295382,1036457
2021-03-12,"Johnson&Johnson, Moderna, Oxford/AstraZeneca, Pfizer/BioNTech",779839,303882,1083721
2021-03-13,"Johnson&Johnson, Moderna, Oxford/AstraZeneca, Pfizer/BioNTech",796950,305197,1102147
2021-03-14,"Johnson&Johnson, Moderna, Oxford/AstraZeneca, Pfizer/BioNTech",809068,306353,1115421
2021-03-15,"Johnson&Johnson, Moderna, Oxford/AstraZeneca, Pfizer/BioNTech",837466,315135,1152601
2021-03-16,"Johnson&Johnson, Moderna, Oxford/AstraZeneca, Pfizer/BioNTech",876363,325672,1202035
2021-03-17,"Moderna, Oxford/AstraZeneca, Pfizer/BioNTech",913851,336187,1250038
2021-03-18,"Johnson&Johnson, Moderna, Oxford/AstraZeneca, Pfizer/BioNTech",951860,348613,1300473
2021-03-19,"Johnson&Johnson, Moderna, Oxford/AstraZeneca, Pfizer/BioNTech",986381,362228,1348609
2021-03-20,"Johnson&Johnson, Moderna, Oxford/AstraZeneca, Pfizer/BioNTech",1001566,364258,1365824
2021-03-21,"Johnson&Johnson, Moderna, Oxford/AstraZeneca, Pfizer/BioNTech",1009014,365818,1374832
2021-03-22,"Johnson&Johnson, Moderna, Oxford/AstraZeneca, Pfizer/BioNTech",1033592,378319,1411911
2021-03-23,"Johnson&Johnson, Moderna, Oxford/AstraZeneca, Pfizer/BioNTech",1060268,391686,1451954
2021-03-24,"Johnson&Johnson, Moderna, Oxford/AstraZeneca, Pfizer/BioNTech",1087162,407433,1494595
2021-03-25,"Johnson&Johnson, Moderna, Oxford/AstraZeneca, Pfizer/BioNTech",1113522,425288,1538810
2021-03-26,"Johnson&Johnson, Moderna, Oxford/AstraZeneca, Pfizer/BioNTech",1138365,442802,1581167
2021-03-27,"Johnson&Johnson, Moderna, Oxford/AstraZeneca, Pfizer/BioNTech",1146827,447648,1594475
2021-03-28,"Moderna, Oxford/AstraZeneca, Pfizer/BioNTech",1152375,451796,1604171
2021-03-29,"Johnson&Johnson, Moderna, Oxford/AstraZeneca, Pfizer/BioNTech",1171536,472534,1644070
2021-03-30,"Johnson&Johnson, Moderna, Oxford/AstraZeneca, Pfizer/BioNTech",1196246,494721,1690967
2021-03-31,"Johnson&Johnson, Moderna, Oxford/AstraZeneca, Pfizer/BioNTech",1219403,521790,1741193
2021-04-01,"Johnson&Johnson, Moderna, Oxford/AstraZeneca, Pfizer/BioNTech",1245093,553847,1798940
2021-04-02,"Johnson&Johnson, Moderna, Oxford/AstraZeneca, Pfizer/BioNTech",1252077,566645,1818722
2021-04-03,"Johnson&Johnson, Moderna, Oxford/AstraZeneca, Pfizer/BioNTech",1255731,577577,1833308
2021-04-04,"Johnson&Johnson, Moderna, Oxford/AstraZeneca, Pfizer/BioNTech",1258274,586500,1844774
2021-04-05,"Johnson&Johnson, Moderna, Oxford/AstraZeneca, Pfizer/BioNTech",1260707,593706,1854413
2021-04-06,"Johnson&Johnson, Moderna, Oxford/AstraZeneca, Pfizer/BioNTech",1276924,622981,1899905
2021-04-07,"Johnson&Johnson, Moderna, Oxford/AstraZeneca, Pfizer/BioNTech",1300428,645223,1945651
2021-04-08,"Johnson&Johnson, Moderna, Oxford/AstraZeneca, Pfizer/BioNTech",1339248,676270,2015518
2021-04-09,"Johnson&Johnson, Moderna, Oxford/AstraZeneca, Pfizer/BioNTech",1378847,706471,2085318
2021-04-10,"Johnson&Johnson, Moderna, Oxford/AstraZeneca, Pfizer/BioNTech",1394415,721784,2116199
2021-04-11,"Johnson&Johnson, Moderna, Oxford/AstraZeneca, Pfizer/BioNTech",1404211,731841,2136052
2021-04-12,"Johnson&Johnson, Moderna, Oxford/AstraZeneca, Pfizer/BioNTech",1442533,756987,2199520
2021-04-13,"Moderna, Oxford/AstraZeneca, Pfizer/BioNTech",1478842,783029,2261871
2021-04-14,"Moderna, Oxford/AstraZeneca, Pfizer/BioNTech",1517731,810406,2328137
2021-04-15,"Moderna, Oxford/AstraZeneca, Pfizer/BioNTech",1565568,836188,2401756
2021-04-16,"Moderna, Oxford/AstraZeneca, Pfizer/BioNTech",1610285,861871,2472156
2021-04-17,"Moderna, Oxford/AstraZeneca, Pfizer/BioNTech",1627011,870898,2497909
2021-04-18,"Moderna, Oxford/AstraZeneca, Pfizer/BioNTech",1640011,875884,2515895
2021-04-19,"Johnson&Johnson, Moderna, Oxford/AstraZeneca, Pfizer/BioNTech",1683987,891329,2575316
2021-04-20,"Johnson&Johnson, Moderna, Oxford/AstraZeneca, Pfizer/BioNTech",1726576,907219,2633795
2021-04-21,"Moderna, Oxford/AstraZeneca, Pfizer/BioNTech",1774341,921589,2695930
2021-04-22,"Johnson&Johnson, Moderna, Oxford/AstraZeneca, Pfizer/BioNTech",1828872,938989,2767861
2021-04-23,"Johnson&Johnson, Moderna, Oxford/AstraZeneca, Pfizer/BioNTech",1878885,951056,2829941
2021-04-24,"Johnson&Johnson, Moderna, Oxford/AstraZeneca, Pfizer/BioNTech",1896763,956323,2853086
2021-04-25,"Johnson&Johnson, Moderna, Oxford/AstraZeneca, Pfizer/BioNTech",1911477,960326,2871803
2021-04-26,"Johnson&Johnson, Moderna, Oxford/AstraZeneca, Pfizer/BioNTech",1961092,967896,2928988
2021-04-27,"Johnson&Johnson, Moderna, Oxford/AstraZeneca, Pfizer/BioNTech",2010082,980152,2990234
2021-04-28,"Johnson&Johnson, Moderna, Oxford/AstraZeneca, Pfizer/BioNTech",2068863,994176,3063039
2021-04-29,"Johnson&Johnson, Moderna, Oxford/AstraZeneca, Pfizer/BioNTech",2134484,1010098,3144582
2021-04-30,"Johnson&Johnson, Moderna, Oxford/AstraZeneca, Pfizer/BioNTech",2196781,1020095,3216876
2021-05-01,"Johnson&Johnson, Moderna, Oxford/AstraZeneca, Pfizer/BioNTech",2216174,1023560,3239734
2021-05-02,"Johnson&Johnson, Moderna, Oxford/AstraZeneca, Pfizer/BioNTech",2235127,1025851,3260978
2021-05-03,"Johnson&Johnson, Moderna, Oxford/AstraZeneca, Pfizer/BioNTech",2302406,1030936,3333342
2021-05-04,"Johnson&Johnson, Moderna, Oxford/AstraZeneca, Pfizer/BioNTech",2368969,1039308,3408277
2021-05-05,"Johnson&Johnson, Moderna, Oxford/AstraZeneca, Pfizer/BioNTech",2442181,1048757,3490938
2021-05-06,"Johnson&Johnson, Moderna, Oxford/AstraZeneca, Pfizer/BioNTech",2522630,1059509,3582139
2021-05-07,"Johnson&Johnson, Moderna, Oxford/AstraZeneca, Pfizer/BioNTech",2599970,1069655,3669625
2021-05-08,"Johnson&Johnson, Moderna, Oxford/AstraZeneca, Pfizer/BioNTech",2629511,1071448,3700959
2021-05-09,"Johnson&Johnson, Moderna, Oxford/AstraZeneca, Pfizer/BioNTech",2653753,1072672,3726425
2021-05-10,"Johnson&Johnson, Moderna, Oxford/AstraZeneca, Pfizer/BioNTech",2726554,1079919,3806473
2021-05-11,"Johnson&Johnson, Moderna, Oxford/AstraZeneca, Pfizer/BioNTech",2802708,1088752,3891460
2021-05-12,"Johnson&Johnson, Moderna, Oxford/AstraZeneca, Pfizer/BioNTech",2882656,1097900,3980556
2021-05-13,"Johnson&Johnson, Moderna, Oxford/AstraZeneca, Pfizer/BioNTech",2966714,1107096,4073810
2021-05-14,"Johnson&Johnson, Moderna, Oxford/AstraZeneca, Pfizer/BioNTech",3046270,1114924,4161194
2021-05-15,"Johnson&Johnson, Moderna, Oxford/AstraZeneca, Pfizer/BioNTech",3078237,1117211,4195448
2021-05-16,"Johnson&Johnson, Moderna, Oxford/AstraZeneca, Pfizer/BioNTech",3104053,1118498,4222551
2021-05-17,"Johnson&Johnson, Moderna, Oxford/AstraZeneca, Pfizer/BioNTech",3176594,1125256,4301850
2021-05-18,"Johnson&Johnson, Moderna, Oxford/AstraZeneca, Pfizer/BioNTech",3248589,1138381,4386970
2021-05-19,"Johnson&Johnson, Moderna, Oxford/AstraZeneca, Pfizer/BioNTech",3326091,1153556,4479647
2021-05-20,"Johnson&Johnson, Moderna, Oxford/AstraZeneca, Pfizer/BioNTech",3401591,1180629,4582220
2021-05-21,"Johnson&Johnson, Moderna, Oxford/AstraZeneca, Pfizer/BioNTech",3470449,1208439,4678888
2021-05-22,"Johnson&Johnson, Moderna, Oxford/AstraZeneca, Pfizer/BioNTech",3502923,1219684,4722607
2021-05-23,"Johnson&Johnson, Moderna, Oxford/AstraZeneca, Pfizer/BioNTech",3525375,1228727,4754102
2021-05-24,"Johnson&Johnson, Moderna, Oxford/AstraZeneca, Pfizer/BioNTech",3572593,1262407,4835000
2021-05-25,"Johnson&Johnson, Moderna, Oxford/AstraZeneca, Pfizer/BioNTech",3624517,1298257,4922774
2021-05-26,"Johnson&Johnson, Moderna, Oxford/AstraZeneca, Pfizer/BioNTech",3692289,1335822,5028111
2021-05-27,"Johnson&Johnson, Moderna, Oxford/AstraZeneca, Pfizer/BioNTech",3753726,1383192,5136918
2021-05-28,"Johnson&Johnson, Moderna, Oxford/AstraZeneca, Pfizer/BioNTech",3815484,1429809,5245293
2021-05-29,"Johnson&Johnson, Moderna, Oxford/AstraZeneca, Pfizer/BioNTech",3844758,1446956,5291714
2021-05-30,"Johnson&Johnson, Moderna, Oxford/AstraZeneca, Pfizer/BioNTech",3867176,1461429,5328605
2021-05-31,"Johnson&Johnson, Moderna, Oxford/AstraZeneca, Pfizer/BioNTech",3922925,1508965,5431890
2021-06-01,"Johnson&Johnson, Moderna, Oxford/AstraZeneca, Pfizer/BioNTech",3982045,1557859,5539904
2021-06-02,"Johnson&Johnson, Moderna, Oxford/AstraZeneca, Pfizer/BioNTech",4045028,1611898,5656926
2021-06-03,"Johnson&Johnson, Moderna, Oxford/AstraZeneca, Pfizer/BioNTech",4103294,1672150,5775444
2021-06-04,"Johnson&Johnson, Moderna, Oxford/AstraZeneca, Pfizer/BioNTech",4166446,1729591,5896037
2021-06-05,"Johnson&Johnson, Moderna, Oxford/AstraZeneca, Pfizer/BioNTech",4200639,1748525,5949164
2021-06-06,"Johnson&Johnson, Moderna, Oxford/AstraZeneca, Pfizer/BioNTech",4227602,1763706,5991308
2021-06-07,"Johnson&Johnson, Moderna, Oxford/AstraZeneca, Pfizer/BioNTech",4291307,1819363,6110670
2021-06-08,"Johnson&Johnson, Moderna, Oxford/AstraZeneca, Pfizer/BioNTech",4355324,1874395,6229719
2021-06-09,"Johnson&Johnson, Moderna, Oxford/AstraZeneca, Pfizer/BioNTech",4414549,1939098,6353647
2021-06-10,"Johnson&Johnson, Moderna, Oxford/AstraZeneca, Pfizer/BioNTech",4468419,2010429,6478848
2021-06-11,"Johnson&Johnson, Moderna, Oxford/AstraZeneca, Pfizer/BioNTech",4520557,2080291,6600848
2021-06-12,"Johnson&Johnson, Moderna, Oxford/AstraZeneca, Pfizer/BioNTech",4552588,2101155,6653743
2021-06-13,"Johnson&Johnson, Moderna, Oxford/AstraZeneca, Pfizer/BioNTech",4576632,2119599,6696231
2021-06-14,"Johnson&Johnson, Moderna, Oxford/AstraZeneca, Pfizer/BioNTech",4619734,2194021,6813755
2021-06-15,"Johnson&Johnson, Moderna, Oxford/AstraZeneca, Pfizer/BioNTech",4664420,2266438,6930858
2021-06-16,"Johnson&Johnson, Moderna, Oxford/AstraZeneca, Pfizer/BioNTech",4707249,2344695,7051944
2021-06-17,"Johnson&Johnson, Moderna, Oxford/AstraZeneca, Pfizer/BioNTech",4746693,2427820,7174513
2021-06-18,"Johnson&Johnson, Moderna, Oxford/AstraZeneca, Pfizer/BioNTech",4789143,2508433,7297576
2021-06-19,"Johnson&Johnson, Moderna, Oxford/AstraZeneca, Pfizer/BioNTech",4810943,2537786,7348729
2021-06-20,"Johnson&Johnson, Moderna, Oxford/AstraZeneca, Pfizer/BioNTech",4828357,2561673,7390030
2021-06-21,"Johnson&Johnson, Moderna, Oxford/AstraZeneca, Pfizer/BioNTech",4860876,2640315,7501191
2021-06-22,"Johnson&Johnson, Moderna, Oxford/AstraZeneca, Pfizer/BioNTech",4893862,2722666,7616528
2021-06-23,"Johnson&Johnson, Moderna, Oxford/AstraZeneca, Pfizer/BioNTech",4925594,2807939,7733533
2021-06-24,"Johnson&Johnson, Moderna, Oxford/AstraZeneca, Pfizer/BioNTech",4955472,2898023,7853495
2021-06-25,"Johnson&Johnson, Moderna, Oxford/AstraZeneca, Pfizer/BioNTech",4986574,2984288,7970862
2021-06-26,"Johnson&Johnson, Moderna, Oxford/AstraZeneca, Pfizer/BioNTech",5002479,3019188,8021667
2021-06-27,"Johnson&Johnson, Moderna, Oxford/AstraZeneca, Pfizer/BioNTech",5016440,3045916,8062356
2021-06-28,"Johnson&Johnson, Moderna, Oxford/AstraZeneca, Pfizer/BioNTech",5044868,3131161,8176029
2021-06-29,"Johnson&Johnson, Moderna, Oxford/AstraZeneca, Pfizer/BioNTech",5074171,3217738,8291909
2021-06-30,"Johnson&Johnson, Moderna, Oxford/AstraZeneca, Pfizer/BioNTech",5101683,3308810,8410493
2021-07-01,"Johnson&Johnson, Moderna, Oxford/AstraZeneca, Pfizer/BioNTech",5125695,3398937,8524632
2021-07-02,"Johnson&Johnson, Moderna, Oxford/AstraZeneca, Pfizer/BioNTech",5152455,3484897,8637352
2021-07-03,"Johnson&Johnson, Moderna, Oxford/AstraZeneca, Pfizer/BioNTech",5159566,3516480,8676046
2021-07-04,"Johnson&Johnson, Moderna, Oxford/AstraZeneca, Pfizer/BioNTech",5167163,3538310,8705473
2021-07-05,"Johnson&Johnson, Moderna, Oxford/AstraZeneca, Pfizer/BioNTech",5174593,3563729,8738322
2021-07-06,"Johnson&Johnson, Moderna, Oxford/AstraZeneca, Pfizer/BioNTech",5180081,3591472,8771553
2021-07-07,"Johnson&Johnson, Moderna, Oxford/AstraZeneca, Pfizer/BioNTech",5205922,3670488,8876410
2021-07-08,"Johnson&Johnson, Moderna, Oxford/AstraZeneca, Pfizer/BioNTech",5232546,3740860,8973406
2021-07-09,"Johnson&Johnson, Moderna, Oxford/AstraZeneca, Pfizer/BioNTech",5260513,3810214,9070727
2021-07-10,"Johnson&Johnson, Moderna, Oxford/AstraZeneca, Pfizer/BioNTech",5269903,3838895,9108798
2021-07-11,"Johnson&Johnson, Moderna, Oxford/AstraZeneca, Pfizer/BioNTech",5278465,3861789,9140254
2021-07-12,"Johnson&Johnson, Moderna, Oxford/AstraZeneca, Pfizer/BioNTech",5306027,3930887,9236914
2021-07-13,"Johnson&Johnson, Moderna, Oxford/AstraZeneca, Pfizer/BioNTech",5332241,4000794,9333035
2021-07-14,"Johnson&Johnson, Moderna, Oxford/AstraZeneca, Pfizer/BioNTech",5358093,4072817,9430910
2021-07-15,"Johnson&Johnson, Moderna, Oxford/AstraZeneca, Pfizer/BioNTech",5387293,4138868,9526161
2021-07-16,"Johnson&Johnson, Moderna, Oxford/AstraZeneca, Pfizer/BioNTech",5415241,4211633,9626874
2021-07-17,"Johnson&Johnson, Moderna, Oxford/AstraZeneca, Pfizer/BioNTech",5424048,4243120,9667168
2021-07-18,"Johnson&Johnson, Moderna, Oxford/AstraZeneca, Pfizer/BioNTech",5432498,4269143,9701641
2021-07-19,"Johnson&Johnson, Moderna, Oxford/AstraZeneca, Pfizer/BioNTech",5455874,4336191,9792065
2021-07-20,"Johnson&Johnson, Moderna, Oxford/AstraZeneca, Pfizer/BioNTech",5477300,4403280,9880580
2021-07-21,"Johnson&Johnson, Moderna, Oxford/AstraZeneca, Pfizer/BioNTech",5500764,4466767,9967531
2021-07-22,"Johnson&Johnson, Moderna, Oxford/AstraZeneca, Pfizer/BioNTech",5523141,4525432,10048573
2021-07-23,"Johnson&Johnson, Moderna, Oxford/AstraZeneca, Pfizer/BioNTech",5546388,4580223,10126611
2021-07-24,"Johnson&Johnson, Moderna, Oxford/AstraZeneca, Pfizer/BioNTech",5553749,4607914,10161663
2021-07-25,"Johnson&Johnson, Moderna, Oxford/AstraZeneca, Pfizer/BioNTech",5560394,4630058,10190452
2021-07-26,"Johnson&Johnson, Moderna, Oxford/AstraZeneca, Pfizer/BioNTech",5583959,4678773,10262732
2021-07-27,"Johnson&Johnson, Moderna, Oxford/AstraZeneca, Pfizer/BioNTech",5606721,4725456,10332177
2021-07-28,"Johnson&Johnson, Moderna, Oxford/AstraZeneca, Pfizer/BioNTech",5628013,4771500,10399513
2021-07-29,"Johnson&Johnson, Moderna, Oxford/AstraZeneca, Pfizer/BioNTech",5649362,4813506,10462868
2021-07-30,"Johnson&Johnson, Moderna, Oxford/AstraZeneca, Pfizer/BioNTech",5672655,4856113,10528768
2021-07-31,"Johnson&Johnson, Moderna, Oxford/AstraZeneca, Pfizer/BioNTech",5681620,4875671,10557291
2021-08-01,"Johnson&Johnson, Moderna, Oxford/AstraZeneca, Pfizer/BioNTech",5688355,4891855,10580210
2021-08-02,"Johnson&Johnson, Moderna, Oxford/AstraZeneca, Pfizer/BioNTech",5707008,4929446,10636454
2021-08-03,"Johnson&Johnson, Moderna, Oxford/AstraZeneca, Pfizer/BioNTech",5724669,4967590,10692259
2021-08-04,"Johnson&Johnson, Moderna, Oxford/AstraZeneca, Pfizer/BioNTech",5740810,5004393,10745203
2021-08-05,"Johnson&Johnson, Moderna, Oxford/AstraZeneca, Pfizer/BioNTech",5756862,5044912,10801774
2021-08-06,"Johnson&Johnson, Moderna, Oxford/AstraZeneca, Pfizer/BioNTech",5773678,5088256,10861934
2021-08-07,"Johnson&Johnson, Moderna, Oxford/AstraZeneca, Pfizer/BioNTech",5779293,5106449,10885742
2021-08-08,"Johnson&Johnson, Moderna, Oxford/AstraZeneca, Pfizer/BioNTech",5783665,5122226,10905891
2021-08-09,"Johnson&Johnson, Moderna, Oxford/AstraZeneca, Pfizer/BioNTech",5796308,5167316,10963624
2021-08-10,"Johnson&Johnson, Moderna, Oxford/AstraZeneca, Pfizer/BioNTech",5808161,5206917,11015078
2021-08-11,"Johnson&Johnson, Moderna, Oxford/AstraZeneca, Pfizer/BioNTech",5819539,5250075,11069614
2021-08-12,"Johnson&Johnson, Moderna, Oxford/AstraZeneca, Pfizer/BioNTech",5830967,5287237,11118204
2021-08-13,"Johnson&Johnson, Moderna, Oxford/AstraZeneca, Pfizer/BioNTech",5841702,5327607,11169309
2021-08-14,"Johnson&Johnson, Moderna, Oxford/AstraZeneca, Pfizer/BioNTech",5845045,5338331,11183376
2021-08-15,"Johnson&Johnson, Moderna, Oxford/AstraZeneca, Pfizer/BioNTech",5847639,5348726,11196365
2021-08-16,"Johnson&Johnson, Moderna, Oxford/AstraZeneca, Pfizer/BioNTech",5857439,5382829,11240268
2021-08-17,"Johnson&Johnson, Moderna, Oxford/AstraZeneca, Pfizer/BioNTech",5867042,5409954,11276996
2021-08-18,"Johnson&Johnson, Moderna, Oxford/AstraZeneca, Pfizer/BioNTech",5876421,5448878,11325299
2021-08-19,"Johnson&Johnson, Moderna, Oxford/AstraZeneca, Pfizer/BioNTech",5886109,5487251,11373360
2021-08-20,"Johnson&Johnson, Moderna, Oxford/AstraZeneca, Pfizer/BioNTech",5897507,5527459,11424966
2021-08-21,"Johnson&Johnson, Moderna, Oxford/AstraZeneca, Pfizer/BioNTech",5900235,5540245,11440480
2021-08-22,"Johnson&Johnson, Moderna, Oxford/AstraZeneca, Pfizer/BioNTech",5902581,5552223,11454804
2021-08-23,"Johnson&Johnson, Moderna, Oxford/AstraZeneca, Pfizer/BioNTech",5913117,5591511,11504628
2021-08-24,"Johnson&Johnson, Moderna, Oxford/AstraZeneca, Pfizer/BioNTech",5923001,5624779,11547780
2021-08-25,"Johnson&Johnson, Moderna, Oxford/AstraZeneca, Pfizer/BioNTech",5931876,5653169,11585045
2021-08-26,"Johnson&Johnson, Moderna, Oxford/AstraZeneca, Pfizer/BioNTech",5940333,5679314,11619647
2021-08-27,"Johnson&Johnson, Moderna, Oxford/AstraZeneca, Pfizer/BioNTech",5950661,5705311,11655972
2021-08-28,"Johnson&Johnson, Moderna, Oxford/AstraZeneca, Pfizer/BioNTech",5953403,5712387,11665790
2021-08-29,"Johnson&Johnson, Moderna, Oxford/AstraZeneca, Pfizer/BioNTech",5955818,5719015,11674833
2021-08-30,"Johnson&Johnson, Moderna, Oxford/AstraZeneca, Pfizer/BioNTech",5964350,5740909,11705259
2021-08-31,"Johnson&Johnson, Moderna, Oxford/AstraZeneca, Pfizer/BioNTech",5972038,5759033,11731071
2021-09-01,"Johnson&Johnson, Moderna, Oxford/AstraZeneca, Pfizer/BioNTech",5977953,5773061,11751014
2021-09-02,"Johnson&Johnson, Moderna, Oxford/AstraZeneca, Pfizer/BioNTech",5984796,5787461,11772257
2021-09-03,"Johnson&Johnson, Moderna, Oxford/AstraZeneca, Pfizer/BioNTech",5994357,5803203,11797560
2021-09-04,"Johnson&Johnson, Moderna, Oxford/AstraZeneca, Pfizer/BioNTech",5996430,5806768,11803198
2021-09-05,"Johnson&Johnson, Moderna, Oxford/AstraZeneca, Pfizer/BioNTech",5998476,5809620,11808096
2021-09-06,"Johnson&Johnson, Moderna, Oxford/AstraZeneca, Pfizer/BioNTech",6004716,5822176,11826892
2021-09-07,"Johnson&Johnson, Moderna, Oxford/AstraZeneca, Pfizer/BioNTech",6009112,5833272,11842384
2021-09-08,"Johnson&Johnson, Moderna, Oxford/AstraZeneca, Pfizer/BioNTech",6014791,5843143,11857934
2021-09-09,"Johnson&Johnson, Moderna, Oxford/AstraZeneca, Pfizer/BioNTech",6021494,5853219,11874713
2021-09-10,"Johnson&Johnson, Moderna, Oxford/AstraZeneca, Pfizer/BioNTech",6029196,5865408,11894604
2021-09-11,"Johnson&Johnson, Moderna, Oxford/AstraZeneca, Pfizer/BioNTech",6031070,5867903,11898973
2021-09-12,"Johnson&Johnson, Moderna, Oxford/AstraZeneca, Pfizer/BioNTech",6032191,5869540,11901731
2021-09-13,"Johnson&Johnson, Moderna, Oxford/AstraZeneca, Pfizer/BioNTech",6037636,5879860,11917496
2021-09-14,"Johnson&Johnson, Moderna, Oxford/AstraZeneca, Pfizer/BioNTech",6043039,5888880,11931919
2021-09-15,"Johnson&Johnson, Moderna, Oxford/AstraZeneca, Pfizer/BioNTech",6048250,5897414,11945664
2021-09-16,"Johnson&Johnson, Moderna, Oxford/AstraZeneca, Pfizer/BioNTech",6053614,5905698,11959312
2021-09-17,"Johnson&Johnson, Moderna, Oxford/AstraZeneca, Pfizer/BioNTech",6060186,5915939,11976125
2021-09-18,"Johnson&Johnson, Moderna, Oxford/AstraZeneca, Pfizer/BioNTech",6061919,5918305,11980224
2021-09-19,"Johnson&Johnson, Moderna, Oxford/AstraZeneca, Pfizer/BioNTech",6062866,5919877,11982743
2021-09-20,"Johnson&Johnson, Moderna, Oxford/AstraZeneca, Pfizer/BioNTech",6066893,5928083,11994976
2021-09-21,"Johnson&Johnson, Moderna, Oxford/AstraZeneca, Pfizer/BioNTech",6071135,5935622,12006757
2021-09-22,"Johnson&Johnson, Moderna, Oxford/AstraZeneca, Pfizer/BioNTech",6075331,5941152,12016483
2021-09-23,"Johnson&Johnson, Moderna, Oxford/AstraZeneca, Pfizer/BioNTech",6080302,5947568,12027870
2021-09-24,"Johnson&Johnson, Moderna, Oxford/AstraZeneca, Pfizer/BioNTech",6086067,5957189,12043256
2021-09-25,"Johnson&Johnson, Moderna, Oxford/AstraZeneca, Pfizer/BioNTech",6087567,5959189,12046756
2021-09-26,"Johnson&Johnson, Moderna, Oxford/AstraZeneca, Pfizer/BioNTech",6088312,5960832,12049144
2021-09-27,"Johnson&Johnson, Moderna, Oxford/AstraZeneca, Pfizer/BioNTech",6092199,5967350,12059549
2021-09-28,"Johnson&Johnson, Moderna, Oxford/AstraZeneca, Pfizer/BioNTech",6092575,5967987,12060562
2021-09-29,"Johnson&Johnson, Moderna, Oxford/AstraZeneca, Pfizer/BioNTech",6096352,5975452,12071804
2021-09-30,"Johnson&Johnson, Moderna, Oxford/AstraZeneca, Pfizer/BioNTech",6100873,5983160,12084033
2021-10-01,"Johnson&Johnson, Moderna, Oxford/AstraZeneca, Pfizer/BioNTech",6105187,5991148,12096335
2021-10-02,"Johnson&Johnson, Moderna, Oxford/AstraZeneca, Pfizer/BioNTech",6106250,5992694,12098944
2021-10-03,"Johnson&Johnson, Moderna, Oxford/AstraZeneca, Pfizer/BioNTech",6106974,5993568,12100542
2021-10-04,"Johnson&Johnson, Moderna, Oxford/AstraZeneca, Pfizer/BioNTech",6110054,5999150,12109204
2021-10-05,"Johnson&Johnson, Moderna, Oxford/AstraZeneca, Pfizer/BioNTech",6113216,6004238,12117454
2021-10-06,"Johnson&Johnson, Moderna, Oxford/AstraZeneca, Pfizer/BioNTech",6116742,6009418,12126160
2021-10-07,"Johnson&Johnson, Moderna, Oxford/AstraZeneca, Pfizer/BioNTech",6120028,6014682,12134710
2021-10-08,"Johnson&Johnson, Moderna, Oxford/AstraZeneca, Pfizer/BioNTech",6124823,6021328,12146151
2021-10-09,"Johnson&Johnson, Moderna, Oxford/AstraZeneca, Pfizer/BioNTech",6126068,6022996,12149064
2021-10-10,"Johnson&Johnson, Moderna, Oxford/AstraZeneca, Pfizer/BioNTech",6127012,6023829,12150841
2021-10-11,"Johnson&Johnson, Moderna, Oxford/AstraZeneca, Pfizer/BioNTech",6129941,6028250,12158191
2021-10-12,"Johnson&Johnson, Moderna, Oxford/AstraZeneca, Pfizer/BioNTech",6132879,6032253,12165132
2021-10-13,"Johnson&Johnson, Moderna, Oxford/AstraZeneca, Pfizer/BioNTech",6136411,6036443,12172854
2021-10-14,"Johnson&Johnson, Moderna, Oxford/AstraZeneca, Pfizer/BioNTech",6140083,6041393,12181476
2021-10-15,"Johnson&Johnson, Moderna, Oxford/AstraZeneca, Pfizer/BioNTech",6145314,6047543,12192857
2021-10-16,"Johnson&Johnson, Moderna, Oxford/AstraZeneca, Pfizer/BioNTech",6146728,6049070,12195798
2021-10-17,"Johnson&Johnson, Moderna, Pfizer/BioNTech",6148054,6050124,12198178
2021-10-18,"Johnson&Johnson, Moderna, Oxford/AstraZeneca, Pfizer/BioNTech",6152168,6054232,12206400
2021-10-19,"Johnson&Johnson, Moderna, Oxford/AstraZeneca, Pfizer/BioNTech",6155749,6056340,12212089
2021-10-20,"Johnson&Johnson, Moderna, Oxford/AstraZeneca, Pfizer/BioNTech",6160636,6060801,12221437
2021-10-21,"Johnson&Johnson, Moderna, Oxford/AstraZeneca, Pfizer/BioNTech",6168405,6066411,12234816
2021-10-22,"Johnson&Johnson, Moderna, Oxford/AstraZeneca, Pfizer/BioNTech",6178862,6072918,12251780
2021-10-23,"Johnson&Johnson, Moderna, Oxford/AstraZeneca, Pfizer/BioNTech",6182540,6075129,12257669
2021-10-24,"Johnson&Johnson, Moderna, Oxford/AstraZeneca, Pfizer/BioNTech",6185226,6076909,12262135
2021-10-25,"Johnson&Johnson, Moderna, Oxford/AstraZeneca, Pfizer/BioNTech",6195731,6082723,12278454
2021-10-26,"Johnson&Johnson, Moderna, Oxford/AstraZeneca, Pfizer/BioNTech",6207723,6089274,12296997
2021-10-27,"Johnson&Johnson, Moderna, Oxford/AstraZeneca, Pfizer/BioNTech",6222331,6096692,12319023
2021-10-28,"Johnson&Johnson, Moderna, Oxford/AstraZeneca, Pfizer/BioNTech",6225759,6098378,12324137
2021-10-29,"Johnson&Johnson, Moderna, Oxford/AstraZeneca, Pfizer/BioNTech",6240197,6106366,12346563
2021-10-30,"Johnson&Johnson, Moderna, Oxford/AstraZeneca, Pfizer/BioNTech",6244726,6109294,12354020
2021-10-31,"Johnson&Johnson, Moderna, Oxford/AstraZeneca, Pfizer/BioNTech",6248489,6111771,12360260
2021-11-01,"Johnson&Johnson, Moderna, Oxford/AstraZeneca, Pfizer/BioNTech",6263686,6119456,12383142
2021-11-02,"Johnson&Johnson, Moderna, Oxford/AstraZeneca, Pfizer/BioNTech",6279137,6127013,12406150
2021-11-03,"Johnson&Johnson, Moderna, Oxford/AstraZeneca, Pfizer/BioNTech",6296317,6134304,12430621
2021-11-04,"Johnson&Johnson, Moderna, Oxford/AstraZeneca, Pfizer/BioNTech",6314664,6142478,12457142
2021-11-05,"Johnson&Johnson, Moderna, Oxford/AstraZeneca, Pfizer/BioNTech",6337467,6153766,12491233
2021-11-06,"Johnson&Johnson, Moderna, Oxford/AstraZeneca, Pfizer/BioNTech",6343982,6156824,12500806
2021-11-07,"Johnson&Johnson, Moderna, Oxford/AstraZeneca, Pfizer/BioNTech",6348006,6159260,12507266
2021-11-08,"Johnson&Johnson, Moderna, Oxford/AstraZeneca, Pfizer/BioNTech",6364271,6166887,12531158
2021-11-09,"Johnson&Johnson, Moderna, Oxford/AstraZeneca, Pfizer/BioNTech",6379083,6174186,12553269
2021-11-10,"Johnson&Johnson, Moderna, Oxford/AstraZeneca, Pfizer/BioNTech",6394822,6181574,12576396
2021-11-11,"Johnson&Johnson, Moderna, Oxford/AstraZeneca, Pfizer/BioNTech",6410292,6190682,12600974
2021-11-12,"Johnson&Johnson, Moderna, Oxford/AstraZeneca, Pfizer/BioNTech",6430092,6203483,12633575
2021-11-13,"Johnson&Johnson, Moderna, Oxford/AstraZeneca, Pfizer/BioNTech",6435486,6207360,12642846
2021-11-14,"Johnson&Johnson, Moderna, Oxford/AstraZeneca, Pfizer/BioNTech",6439381,6210369,12649750
2021-11-15,"Johnson&Johnson, Moderna, Oxford/AstraZeneca, Pfizer/BioNTech",6454459,6221065,12675524
2021-11-16,"Johnson&Johnson, Moderna, Oxford/AstraZeneca, Pfizer/BioNTech",6471993,6233041,12705034
2021-11-17,"Johnson&Johnson, Moderna, Oxford/AstraZeneca, Pfizer/BioNTech",6476236,6236609,12712845
2021-11-18,"Johnson&Johnson, Moderna, Oxford/AstraZeneca, Pfizer/BioNTech",6495652,6248304,12743956
2021-11-19,"Johnson&Johnson, Moderna, Oxford/AstraZeneca, Pfizer/BioNTech",6520262,6265281,12785543
2021-11-20,"Johnson&Johnson, Moderna, Oxford/AstraZeneca, Pfizer/BioNTech",6528839,6270264,12799103
2021-11-21,"Johnson&Johnson, Moderna, Oxford/AstraZeneca, Pfizer/BioNTech",6535608,6274038,12809646
2021-11-22,"Johnson&Johnson, Moderna, Oxford/AstraZeneca, Pfizer/BioNTech",6554116,6288151,12842267
2021-11-23,"Johnson&Johnson, Moderna, Oxford/AstraZeneca, Pfizer/BioNTech",6573184,6301414,12874598
2021-11-24,"Johnson&Johnson, Moderna, Oxford/AstraZeneca, Pfizer/BioNTech",6592197,6317265,12909462
2021-11-25,"Johnson&Johnson, Moderna, Oxford/AstraZeneca, Pfizer/BioNTech",6611340,6332305,12943645
2021-11-26,"Johnson&Johnson, Moderna, Oxford/AstraZeneca, Pfizer/BioNTech",6632996,6351443,12984439
2021-11-27,"Johnson&Johnson, Moderna, Oxford/AstraZeneca, Pfizer/BioNTech",6640465,6356998,12997463
2021-11-28,"Johnson&Johnson, Moderna, Oxford/AstraZeneca, Pfizer/BioNTech",6643798,6360135,13003933
2021-11-29,"Johnson&Johnson, Moderna, Oxford/AstraZeneca, Pfizer/BioNTech",6659005,6373795,13032800
2021-11-30,"Johnson&Johnson, Moderna, Oxford/AstraZeneca, Pfizer/BioNTech",6672206,6385022,13057228
2021-12-01,"Johnson&Johnson, Moderna, Oxford/AstraZeneca, Pfizer/BioNTech",6686244,6397479,13083723
2021-12-02,"Johnson&Johnson, Moderna, Oxford/AstraZeneca, Pfizer/BioNTech",6696885,6409971,13106856
2021-12-03,"Johnson&Johnson, Moderna, Oxford/AstraZeneca, Pfizer/BioNTech",6706525,6425551,13132076
2021-12-04,"Johnson&Johnson, Moderna, Pfizer/BioNTech",6709082,6429502,13138584
2021-12-05,"Johnson&Johnson, Moderna, Oxford/AstraZeneca, Pfizer/BioNTech",6710443,6431842,13142285
2021-12-06,"Johnson&Johnson, Moderna, Oxford/AstraZeneca, Pfizer/BioNTech",6718591,6443368,13161959
2021-12-07,"Johnson&Johnson, Moderna, Oxford/AstraZeneca, Pfizer/BioNTech",6726482,6455376,13181858
2021-12-08,"Johnson&Johnson, Moderna, Oxford/AstraZeneca, Pfizer/BioNTech",6734727,6461305,13196032
2021-12-09,"Johnson&Johnson, Moderna, Oxford/AstraZeneca, Pfizer/BioNTech",6741848,6474128,13215976
2021-12-10,"Johnson&Johnson, Moderna, Oxford/AstraZeneca, Pfizer/BioNTech",6748778,6491932,13240710
2021-12-11,"Johnson&Johnson, Moderna, Oxford/AstraZeneca, Pfizer/BioNTech",6750437,6497204,13247641
2021-12-12,"Johnson&Johnson, Moderna, Oxford/AstraZeneca, Pfizer/BioNTech",6751748,6501637,13253385
2021-12-13,"Johnson&Johnson, Moderna, Oxford/AstraZeneca, Pfizer/BioNTech",6758104,6514950,13273054
2021-12-14,"Johnson&Johnson, Moderna, Oxford/AstraZeneca, Pfizer/BioNTech",6764313,6528619,13292932
2021-12-15,"Johnson&Johnson, Moderna, Oxford/AstraZeneca, Pfizer/BioNTech",6770519,6542217,13312736
2021-12-16,"Johnson&Johnson, Moderna, Oxford/AstraZeneca, Pfizer/BioNTech",6777460,6557051,13334511
2021-12-17,"Johnson&Johnson, Moderna, Oxford/AstraZeneca, Pfizer/BioNTech",6785825,6574317,13360142
2021-12-18,"Johnson&Johnson, Moderna, Oxford/AstraZeneca, Pfizer/BioNTech",6788436,6579769,13368205
2021-12-19,"Johnson&Johnson, Moderna, Pfizer/BioNTech",6790207,6582272,13372479
2021-12-20,"Johnson&Johnson, Moderna, Oxford/AstraZeneca, Pfizer/BioNTech",6796064,6596334,13392398
2021-12-21,"Johnson&Johnson, Moderna, Oxford/AstraZeneca, Pfizer/BioNTech",6802726,6608328,13411054
2021-12-22,"Johnson&Johnson, Moderna, Oxford/AstraZeneca, Pfizer/BioNTech",6807774,6621386,13429160
2021-12-23,"Johnson&Johnson, Moderna, Oxford/AstraZeneca, Pfizer/BioNTech",6810647,6626988,13437635
2021-12-24,"Johnson&Johnson, Moderna, Oxford/AstraZeneca, Pfizer/BioNTech",6810693,6627090,13437783
2021-12-25,"Moderna, Pfizer/BioNTech",6810694,6627098,13437792
2021-12-26,"Moderna, Pfizer/BioNTech",6810796,6627301,13438097
2021-12-27,"Johnson&Johnson, Moderna, Pfizer/BioNTech",6814663,6637045,13451708
2021-12-28,"Johnson&Johnson, Moderna, Oxford/AstraZeneca, Pfizer/BioNTech",6819902,6645041,13464943
2021-12-29,"Johnson&Johnson, Moderna, Oxford/AstraZeneca, Pfizer/BioNTech",6824182,6652760,13476942
2021-12-30,"Johnson&Johnson, Moderna, Pfizer/BioNTech",6828483,6658193,13486676
2021-12-31,"Johnson&Johnson, Moderna, Pfizer/BioNTech",6828993,6659617,13488610
2022-01-01,"Johnson&Johnson, Moderna, Pfizer/BioNTech",6828999,6659635,13488634
2022-01-02,"Johnson&Johnson, Moderna, Pfizer/BioNTech",6829855,6661012,13490867
2022-01-03,"Johnson&Johnson, Moderna, Oxford/AstraZeneca, Pfizer/BioNTech",6833992,6669920,13503912
2022-01-04,"Johnson&Johnson, Moderna, Oxford/AstraZeneca, Pfizer/BioNTech",6839075,6677675,13516750
2022-01-05,"Johnson&Johnson, Moderna, Oxford/AstraZeneca, Pfizer/BioNTech",6844896,6685646,13530542
2022-01-06,"Johnson&Johnson, Moderna, Oxford/AstraZeneca, Pfizer/BioNTech",6851480,6694046,13545526
2022-01-07,"Johnson&Johnson, Moderna, Oxford/AstraZeneca, Pfizer/BioNTech",6859356,6704401,13563757
2022-01-08,"Johnson&Johnson, Moderna, Oxford/AstraZeneca, Pfizer/BioNTech",6861835,6707179,13569014
2022-01-09,"Johnson&Johnson, Moderna, Pfizer/BioNTech",6862918,6708874,13571792
2022-01-10,"Johnson&Johnson, Moderna, Oxford/AstraZeneca, Pfizer/BioNTech",6867420,6715065,13582485
2022-01-11,"Johnson&Johnson, Moderna, Oxford/AstraZeneca, Pfizer/BioNTech",6872865,6721819,13594684
2022-01-12,"Johnson&Johnson, Moderna, Oxford/AstraZeneca, Pfizer/BioNTech",6878822,6727462,13606284
2022-01-13,"Johnson&Johnson, Moderna, Oxford/AstraZeneca, Pfizer/BioNTech",6884710,6732239,13616949
2022-01-14,"Johnson&Johnson, Moderna, Oxford/AstraZeneca, Pfizer/BioNTech",6891014,6735871,13626885
2022-01-15,"Johnson&Johnson, Moderna, Oxford/AstraZeneca, Pfizer/BioNTech",6892290,6736527,13628817
2022-01-16,"Johnson&Johnson, Moderna, Oxford/AstraZeneca, Pfizer/BioNTech",6892979,6736964,13629943
2022-01-17,"Johnson&Johnson, Moderna, Oxford/AstraZeneca, Pfizer/BioNTech",6896535,6740920,13637455
2022-01-18,"Johnson&Johnson, Moderna, Oxford/AstraZeneca, Pfizer/BioNTech",6900385,6745869,13646254
2022-01-19,"Johnson&Johnson, Moderna, Oxford/AstraZeneca, Pfizer/BioNTech",6904454,6749799,13654253
2022-01-20,"Johnson&Johnson, Moderna, Oxford/AstraZeneca, Pfizer/BioNTech",6908046,6754255,13662301
2022-01-21,"Johnson&Johnson, Moderna, Oxford/AstraZeneca, Pfizer/BioNTech",6912038,6756783,13668821
2022-01-22,"Johnson&Johnson, Moderna, Pfizer/BioNTech",6912817,6757222,13670039
2022-01-23,"Johnson&Johnson, Moderna, Pfizer/BioNTech",6913378,6757856,13671234
2022-01-24,"Johnson&Johnson, Moderna, Oxford/AstraZeneca, Pfizer/BioNTech",6915648,6761291,13676939
2022-01-25,"Johnson&Johnson, Moderna, Oxford/AstraZeneca, Pfizer/BioNTech",6918003,6765285,13683288
2022-01-26,"Johnson&Johnson, Moderna, Oxford/AstraZeneca, Pfizer/BioNTech",6920388,6769851,13690239
2022-01-27,"Johnson&Johnson, Moderna, Oxford/AstraZeneca, Pfizer/BioNTech",6922707,6774663,13697370
2022-01-28,"Johnson&Johnson, Moderna, Oxford/AstraZeneca, Pfizer/BioNTech",6925623,6780825,13706448
2022-01-29,"Johnson&Johnson, Moderna, Oxford/AstraZeneca, Pfizer/BioNTech",6926223,6782476,13708699
2022-01-30,"Johnson&Johnson, Moderna, Pfizer/BioNTech",6926450,6783254,13709704
2022-01-31,"Johnson&Johnson, Moderna, Pfizer/BioNTech",6927992,6787177,13715169
2022-02-01,"Johnson&Johnson, Moderna, Pfizer/BioNTech",6929588,6791208,13720796
2022-02-02,"Johnson&Johnson, Moderna, Oxford/AstraZeneca, Pfizer/BioNTech",6931155,6795717,13726872
2022-02-03,"Johnson&Johnson, Moderna, Pfizer/BioNTech",6932527,6800201,13732728
2022-02-04,"Johnson&Johnson, Moderna, Pfizer/BioNTech",6934128,6805316,13739444
2022-02-05,"Johnson&Johnson, Moderna, Pfizer/BioNTech",6934301,6805926,13740227
2022-02-06,"Johnson&Johnson, Moderna, Pfizer/BioNTech",6934397,6806245,13740642
2022-02-07,"Johnson&Johnson, Moderna, Pfizer/BioNTech",6935097,6809455,13744552
2022-02-08,"Johnson&Johnson, Moderna, Pfizer/BioNTech",6935892,6812643,13748535
2022-02-09,"Johnson&Johnson, Moderna, Pfizer/BioNTech",6936716,6816014,13752730
2022-02-10,"Johnson&Johnson, Moderna, Pfizer/BioNTech",6937514,6819138,13756652
2022-02-11,"Johnson&Johnson, Moderna, Pfizer/BioNTech",6938468,6823051,13761519
2022-02-12,"Johnson&Johnson, Moderna, Pfizer/BioNTech",6938578,6823470,13762048
2022-02-13,"Johnson&Johnson, Moderna, Pfizer/BioNTech",6938613,6823907,13762520
2022-02-14,"Johnson&Johnson, Moderna, Pfizer/BioNTech",6939071,6826019,13765090
2022-02-15,"Johnson&Johnson, Moderna, Pfizer/BioNTech",6939624,6828228,13767852
2022-02-16,"Johnson&Johnson, Moderna, Pfizer/BioNTech",6940215,6830327,13770542
2022-02-17,"Johnson&Johnson, Moderna, Pfizer/BioNTech",6940809,6832668,13773477
2022-02-18,"Johnson&Johnson, Moderna, Oxford/AstraZeneca, Pfizer/BioNTech",6941451,6835720,13777171
2022-02-19,"Johnson&Johnson, Moderna, Pfizer/BioNTech",6941530,6836001,13777531
2022-02-20,"Johnson&Johnson, Moderna, Pfizer/BioNTech",6941566,6836150,13777716
2022-02-21,"Johnson&Johnson, Moderna, Pfizer/BioNTech",6941929,6837848,13779777
2022-02-22,"Johnson&Johnson, Moderna, Oxford/AstraZeneca, Pfizer/BioNTech",6942321,6839529,13781850
2022-02-23,"Johnson&Johnson, Moderna, Pfizer/BioNTech",6942777,6841171,13783948
2022-02-24,"Johnson&Johnson, Moderna, Pfizer/BioNTech",6943186,6842800,13785986
2022-02-25,"Johnson&Johnson, Moderna, Pfizer/BioNTech",6943769,6844884,13788653
2022-02-26,"Johnson&Johnson, Moderna, Pfizer/BioNTech",6943830,6845045,13788875
2022-02-27,"Johnson&Johnson, Moderna, Pfizer/BioNTech",6943860,6845121,13788981
2022-02-28,"Johnson&Johnson, Moderna, Pfizer/BioNTech",6944107,6846095,13790202
2022-03-01,"Johnson&Johnson, Moderna, Pfizer/BioNTech",6944412,6846879,13791291
2022-03-02,"Johnson&Johnson, Moderna, Novavax, Pfizer/BioNTech",6944784,6847786,13792570
2022-03-03,"Johnson&Johnson, Moderna, Novavax, Pfizer/BioNTech",6945119,6848729,13793848
2022-03-04,"Johnson&Johnson, Moderna, Novavax, Pfizer/BioNTech",6945746,6849950,13795696
2022-03-05,"Johnson&Johnson, Moderna, Novavax, Pfizer/BioNTech",6945827,6850041,13795868
2022-03-06,"Moderna, Novavax, Pfizer/BioNTech",6945839,6850059,13795898
2022-03-07,"Johnson&Johnson, Moderna, Novavax, Pfizer/BioNTech",6946174,6850616,13796790
2022-03-08,"Johnson&Johnson, Moderna, Novavax, Pfizer/BioNTech",6946509,6851158,13797667
2022-03-09,"Johnson&Johnson, Moderna, Novavax, Pfizer/BioNTech",6946896,6851746,13798642
2022-03-10,"Johnson&Johnson, Moderna, Novavax, Pfizer/BioNTech",6947307,6852417,13799724
2022-03-11,"Johnson&Johnson, Moderna, Novavax, Pfizer/BioNTech",6948057,6853325,13801382
2022-03-12,"Johnson&Johnson, Moderna, Novavax, Pfizer/BioNTech",6948125,6853430,13801555
2022-03-13,"Johnson&Johnson, Moderna, Novavax, Pfizer/BioNTech",6948138,6853448,13801586
2022-03-14,"Johnson&Johnson, Moderna, Novavax, Pfizer/BioNTech",6948404,6853829,13802233
2022-03-15,"Johnson&Johnson, Moderna, Novavax, Pfizer/BioNTech",6948688,6854265,13802953
2022-03-16,"Johnson&Johnson, Moderna, Novavax, Pfizer/BioNTech",6949006,6854807,13803813
2022-03-17,"Johnson&Johnson, Moderna, Novavax, Oxford/AstraZeneca, Pfizer/BioNTech",6949299,6855240,13804539
2022-03-18,"Johnson&Johnson, Moderna, Novavax, Pfizer/BioNTech",6949995,6856032,13806027
2022-03-19,"Moderna, Novavax, Pfizer/BioNTech",6950051,6856077,13806128
2022-03-20,"Moderna, Novavax, Pfizer/BioNTech",6950069,6856089,13806158
2022-03-21,"Johnson&Johnson, Moderna, Novavax, Pfizer/BioNTech",6950256,6856416,13806672
2022-03-22,"Johnson&Johnson, Moderna, Novavax, Pfizer/BioNTech",6950495,6856812,13807307
2022-03-23,"Johnson&Johnson, Moderna, Novavax, Pfizer/BioNTech",6950832,6857249,13808081
2022-03-24,"Johnson&Johnson, Moderna, Novavax, Pfizer/BioNTech",6951143,6857722,13808865
2022-03-25,"Johnson&Johnson, Moderna, Novavax, Pfizer/BioNTech",6951634,6858522,13810156
2022-03-26,"Johnson&Johnson, Moderna, Novavax, Pfizer/BioNTech",6951686,6858600,13810286
2022-03-27,"Moderna, Novavax, Pfizer/BioNTech",6951702,6858617,13810319
2022-03-28,"Johnson&Johnson, Moderna, Novavax, Pfizer/BioNTech",6951856,6858996,13810852
2022-03-29,"Johnson&Johnson, Moderna, Novavax, Pfizer/BioNTech",6952118,6859402,13811520
2022-03-30,"Johnson&Johnson, Moderna, Novavax, Pfizer/BioNTech",6952422,6859895,13812317
2022-03-31,"Johnson&Johnson, Moderna, Novavax, Pfizer/BioNTech",6952720,6860387,13813107
2022-04-01,"Johnson&Johnson, Moderna, Novavax, Pfizer/BioNTech",6953309,6861145,13814454
2022-04-02,"Moderna, Novavax, Pfizer/BioNTech",6953364,6861229,13814593
2022-04-03,"Moderna, Novavax, Pfizer/BioNTech",6953376,6861258,13814634
2022-04-04,"Johnson&Johnson, Moderna, Novavax, Pfizer/BioNTech",6953545,6861538,13815083
2022-04-05,"Johnson&Johnson, Moderna, Novavax, Pfizer/BioNTech",6953735,6861774,13815509
2022-04-06,"Johnson&Johnson, Moderna, Novavax, Pfizer/BioNTech",6953953,6862120,13816073
2022-04-07,"Johnson&Johnson, Moderna, Novavax, Pfizer/BioNTech",6954170,6862536,13816706
2022-04-08,"Johnson&Johnson, Moderna, Novavax, Pfizer/BioNTech",6954617,6863259,13817876
2022-04-09,"Johnson&Johnson, Moderna, Novavax, Pfizer/BioNTech",6954676,6863331,13818007
2022-04-10,"Moderna, Novavax, Pfizer/BioNTech",6954688,6863340,13818028
2022-04-11,"Johnson&Johnson, Moderna, Novavax, Pfizer/BioNTech",6954847,6863571,13818418
2022-04-12,"Johnson&Johnson, Moderna, Novavax, Pfizer/BioNTech",6955088,6863869,13818957
2022-04-13,"Johnson&Johnson, Moderna, Novavax, Pfizer/BioNTech",6955324,6864224,13819548
2022-04-14,"Johnson&Johnson, Moderna, Novavax, Pfizer/BioNTech",6955582,6864608,13820190
2022-04-15,"Moderna, Novavax, Pfizer/BioNTech",6955589,6864633,13820222
2022-04-16,"Moderna, Novavax, Pfizer/BioNTech",6955607,6864665,13820272
2022-04-17,"Moderna, Novavax, Pfizer/BioNTech",6955608,6864666,13820274
2022-04-18,"Moderna, Novavax, Pfizer/BioNTech",6955610,6864683,13820293
2022-04-19,"Johnson&Johnson, Moderna, Novavax, Pfizer/BioNTech",6955745,6865021,13820766
2022-04-20,"Johnson&Johnson, Moderna, Novavax, Pfizer/BioNTech",6955963,6865408,13821371
2022-04-21,"Johnson&Johnson, Moderna, Novavax, Pfizer/BioNTech",6956177,6865830,13822007
2022-04-22,"Johnson&Johnson, Moderna, Novavax, Pfizer/BioNTech",6956640,6866655,13823295
2022-04-23,"Moderna, Novavax, Pfizer/BioNTech",6956671,6866734,13823405
2022-04-24,"Moderna, Novavax, Pfizer/BioNTech",6956676,6866745,13823421
2022-04-25,"Johnson&Johnson, Moderna, Novavax, Pfizer/BioNTech",6956822,6866952,13823774
2022-04-26,"Johnson&Johnson, Moderna, Novavax, Pfizer/BioNTech",6956958,6867212,13824170
2022-04-27,"Johnson&Johnson, Moderna, Novavax, Pfizer/BioNTech",6957220,6867542,13824762
2022-04-28,"Johnson&Johnson, Moderna, Novavax, Pfizer/BioNTech",6957412,6867827,13825239
2022-04-29,"Johnson&Johnson, Moderna, Novavax, Pfizer/BioNTech",6957840,6868406,13826246
2022-04-30,"Moderna, Novavax, Pfizer/BioNTech",6957879,6868471,13826350
2022-05-01,"Moderna, Novavax, Pfizer/BioNTech",6957882,6868479,13826361
2022-05-02,"Johnson&Johnson, Moderna, Novavax, Pfizer/BioNTech",6957991,6868652,13826643
2022-05-03,"Johnson&Johnson, Moderna, Novavax, Pfizer/BioNTech",6958141,6868900,13827041
2022-05-04,"Johnson&Johnson, Moderna, Novavax, Pfizer/BioNTech",6958338,6869170,13827508
2022-05-05,"Johnson&Johnson, Moderna, Novavax, Pfizer/BioNTech",6958542,6869457,13827999
2022-05-06,"Johnson&Johnson, Moderna, Novavax, Pfizer/BioNTech",6958895,6869777,13828672
2022-05-07,"Moderna, Novavax, Pfizer/BioNTech",6958922,6869803,13828725
2022-05-08,"Moderna, Pfizer/BioNTech",6958923,6869811,13828734
2022-05-09,"Johnson&Johnson, Moderna, Novavax, Pfizer/BioNTech",6959014,6869886,13828900
2022-05-10,"Johnson&Johnson, Moderna, Novavax, Pfizer/BioNTech",6959145,6870093,13829238
