date,vaccine,people_vaccinated,people_fully_vaccinated,total_vaccinations
2020-12-27,Pfizer/BioNTech,1284,0,1284
2020-12-28,Pfizer/BioNTech,3590,0,3590
2020-12-29,Pfizer/BioNTech,7060,1,7061
2020-12-30,Pfizer/BioNTech,10581,1,10582
2020-12-31,Pfizer/BioNTech,11893,1,11894
2021-01-01,"Moderna, Pfizer/BioNTech",12163,1,12164
2021-01-02,"Moderna, Pfizer/BioNTech",13445,1,13446
2021-01-03,"Moderna, Pfizer/BioNTech",14370,1,14371
2021-01-04,"Moderna, Pfizer/BioNTech",17987,1,17988
2021-01-05,"Moderna, Pfizer/BioNTech",22514,3,22517
2021-01-06,"Moderna, Pfizer/BioNTech",28362,4,28366
2021-01-07,"Moderna, Pfizer/BioNTech",36362,4,36366
2021-01-08,"Moderna, Pfizer/BioNTech",46415,5,46420
2021-01-09,"Moderna, Pfizer/BioNTech",48442,6,48448
2021-01-10,Pfizer/BioNTech,50214,7,50221
2021-01-11,"Moderna, Pfizer/BioNTech",60075,9,60084
2021-01-12,"Moderna, Pfizer/BioNTech",73534,11,73545
2021-01-13,"Moderna, Pfizer/BioNTech",87085,11,87096
2021-01-14,"Moderna, Pfizer/BioNTech",102341,15,102356
2021-01-15,"Moderna, Pfizer/BioNTech",116363,16,116379
2021-01-16,"Moderna, Pfizer/BioNTech",119766,20,119786
2021-01-17,"Moderna, Pfizer/BioNTech",122387,655,123042
2021-01-18,"Moderna, Pfizer/BioNTech",134882,2482,137364
2021-01-19,"Moderna, Pfizer/BioNTech",147494,5210,152704
2021-01-20,"Moderna, Pfizer/BioNTech",161188,7874,169062
2021-01-21,"Moderna, Pfizer/BioNTech",176845,9620,186465
2021-01-22,"Moderna, Pfizer/BioNTech",191739,10666,202405
2021-01-23,"Moderna, Pfizer/BioNTech",195060,11546,206606
2021-01-24,"Moderna, Pfizer/BioNTech",197316,12415,209731
2021-01-25,"Moderna, Pfizer/BioNTech",206969,15392,222361
2021-01-26,"Moderna, Pfizer/BioNTech",217519,19385,236904
2021-01-27,"Moderna, Pfizer/BioNTech",226552,23920,250472
2021-01-28,"Moderna, Pfizer/BioNTech",233656,30055,263711
2021-01-29,"Moderna, Pfizer/BioNTech",239874,37964,277838
2021-01-30,"Moderna, Pfizer/BioNTech",240615,39052,279667
2021-01-31,"Moderna, Pfizer/BioNTech",241331,40234,281565
2021-02-01,"Moderna, Pfizer/BioNTech",245313,48204,293517
2021-02-02,"Moderna, Pfizer/BioNTech",249465,58445,307910
2021-02-03,"Moderna, Pfizer/BioNTech",253890,69468,323358
2021-02-04,"Moderna, Pfizer/BioNTech",258796,82463,341259
2021-02-05,"Moderna, Pfizer/BioNTech",264267,93139,357406
2021-02-06,"Moderna, Oxford/AstraZeneca, Pfizer/BioNTech",265122,95506,360628
2021-02-07,"Moderna, Oxford/AstraZeneca, Pfizer/BioNTech",265973,98006,363979
2021-02-08,"Moderna, Oxford/AstraZeneca, Pfizer/BioNTech",270066,109444,379510
2021-02-09,"Moderna, Oxford/AstraZeneca, Pfizer/BioNTech",275174,121360,396534
2021-02-10,"Moderna, Oxford/AstraZeneca, Pfizer/BioNTech",280689,134621,415310
2021-02-11,"Moderna, Oxford/AstraZeneca, Pfizer/BioNTech",287030,150846,437876
2021-02-12,"Moderna, Oxford/AstraZeneca, Pfizer/BioNTech",293861,165591,459452
2021-02-13,"Moderna, Oxford/AstraZeneca, Pfizer/BioNTech",295475,168580,464055
2021-02-14,"Moderna, Oxford/AstraZeneca, Pfizer/BioNTech",296479,169966,466445
2021-02-15,"Moderna, Oxford/AstraZeneca, Pfizer/BioNTech",302878,179338,482216
2021-02-16,"Moderna, Oxford/AstraZeneca, Pfizer/BioNTech",311600,188424,500024
2021-02-17,"Moderna, Oxford/AstraZeneca, Pfizer/BioNTech",321300,196733,518033
2021-02-18,"Moderna, Oxford/AstraZeneca, Pfizer/BioNTech",333630,204818,538448
2021-02-19,"Moderna, Oxford/AstraZeneca, Pfizer/BioNTech",345496,212198,557694
2021-02-20,"Moderna, Oxford/AstraZeneca, Pfizer/BioNTech",347502,213384,560886
2021-02-21,"Moderna, Oxford/AstraZeneca, Pfizer/BioNTech",348638,214409,563047
2021-02-22,"Moderna, Oxford/AstraZeneca, Pfizer/BioNTech",358765,220446,579211
2021-02-23,"Moderna, Oxford/AstraZeneca, Pfizer/BioNTech",371732,227438,599170
2021-02-24,"Moderna, Oxford/AstraZeneca, Pfizer/BioNTech",385615,233479,619094
2021-02-25,"Moderna, Oxford/AstraZeneca, Pfizer/BioNTech",403597,239030,642627
2021-02-26,"Moderna, Oxford/AstraZeneca, Pfizer/BioNTech",419778,244390,664168
2021-02-27,"Moderna, Oxford/AstraZeneca, Pfizer/BioNTech",422788,244949,667737
2021-02-28,"Moderna, Oxford/AstraZeneca, Pfizer/BioNTech",425144,245501,670645
2021-03-01,"Moderna, Oxford/AstraZeneca, Pfizer/BioNTech",444742,248953,693695
2021-03-02,"Moderna, Oxford/AstraZeneca, Pfizer/BioNTech",471973,252503,724476
2021-03-03,"Moderna, Oxford/AstraZeneca, Pfizer/BioNTech",502929,257012,759941
2021-03-04,"Moderna, Oxford/AstraZeneca, Pfizer/BioNTech",536224,261702,797926
2021-03-05,"Johnson&Johnson, Moderna, Oxford/AstraZeneca, Pfizer/BioNTech",565073,267128,832201
2021-03-06,"Johnson&Johnson, Moderna, Oxford/AstraZeneca, Pfizer/BioNTech",577228,267993,845221
2021-03-07,"Johnson&Johnson, Moderna, Oxford/AstraZeneca, Pfizer/BioNTech",588776,268835,857611
2021-03-08,"Johnson&Johnson, Moderna, Oxford/AstraZeneca, Pfizer/BioNTech",618531,273697,892228
2021-03-09,"Johnson&Johnson, Moderna, Oxford/AstraZeneca, Pfizer/BioNTech",654901,280083,934984
2021-03-10,"Johnson&Johnson, Moderna, Oxford/AstraZeneca, Pfizer/BioNTech",696235,287044,983279
2021-03-11,"Johnson&Johnson, Moderna, Oxford/AstraZeneca, Pfizer/BioNTech",741085,295419,1036504
2021-03-12,"Johnson&Johnson, Moderna, Oxford/AstraZeneca, Pfizer/BioNTech",779859,303916,1083775
2021-03-13,"Johnson&Johnson, Moderna, Oxford/AstraZeneca, Pfizer/BioNTech",796969,305230,1102199
2021-03-14,"Johnson&Johnson, Moderna, Oxford/AstraZeneca, Pfizer/BioNTech",809089,306386,1115475
2021-03-15,"Johnson&Johnson, Moderna, Oxford/AstraZeneca, Pfizer/BioNTech",837483,315168,1152651
2021-03-16,"Johnson&Johnson, Moderna, Oxford/AstraZeneca, Pfizer/BioNTech",876378,325707,1202085
2021-03-17,"Moderna, Oxford/AstraZeneca, Pfizer/BioNTech",913871,336220,1250091
2021-03-18,"Johnson&Johnson, Moderna, Oxford/AstraZeneca, Pfizer/BioNTech",951882,348643,1300525
2021-03-19,"Moderna, Oxford/AstraZeneca, Pfizer/BioNTech",986398,362259,1348657
2021-03-20,"Johnson&Johnson, Moderna, Oxford/AstraZeneca, Pfizer/BioNTech",1001581,364291,1365872
2021-03-21,"Johnson&Johnson, Moderna, Oxford/AstraZeneca, Pfizer/BioNTech",1009022,365851,1374873
2021-03-22,"Johnson&Johnson, Moderna, Oxford/AstraZeneca, Pfizer/BioNTech",1033609,378354,1411963
2021-03-23,"Johnson&Johnson, Moderna, Oxford/AstraZeneca, Pfizer/BioNTech",1060280,391720,1452000
2021-03-24,"Johnson&Johnson, Moderna, Oxford/AstraZeneca, Pfizer/BioNTech",1087165,407466,1494631
2021-03-25,"Johnson&Johnson, Moderna, Oxford/AstraZeneca, Pfizer/BioNTech",1113523,425322,1538845
2021-03-26,"Johnson&Johnson, Moderna, Oxford/AstraZeneca, Pfizer/BioNTech",1138362,442833,1581195
2021-03-27,"Johnson&Johnson, Moderna, Oxford/AstraZeneca, Pfizer/BioNTech",1146816,447679,1594495
2021-03-28,"Moderna, Oxford/AstraZeneca, Pfizer/BioNTech",1152364,451827,1604191
2021-03-29,"Johnson&Johnson, Moderna, Oxford/AstraZeneca, Pfizer/BioNTech",1171517,472565,1644082
2021-03-30,"Johnson&Johnson, Moderna, Oxford/AstraZeneca, Pfizer/BioNTech",1196226,494752,1690978
2021-03-31,"Johnson&Johnson, Moderna, Oxford/AstraZeneca, Pfizer/BioNTech",1219381,521822,1741203
2021-04-01,"Johnson&Johnson, Moderna, Oxford/AstraZeneca, Pfizer/BioNTech",1245061,553887,1798948
2021-04-02,"Johnson&Johnson, Moderna, Oxford/AstraZeneca, Pfizer/BioNTech",1252031,566688,1818719
2021-04-03,"Johnson&Johnson, Moderna, Oxford/AstraZeneca, Pfizer/BioNTech",1255679,577621,1833300
2021-04-04,"Johnson&Johnson, Moderna, Oxford/AstraZeneca, Pfizer/BioNTech",1258215,586545,1844760
2021-04-05,"Johnson&Johnson, Moderna, Oxford/AstraZeneca, Pfizer/BioNTech",1260641,593748,1854389
2021-04-06,"Johnson&Johnson, Moderna, Oxford/AstraZeneca, Pfizer/BioNTech",1276849,623023,1899872
2021-04-07,"Johnson&Johnson, Moderna, Oxford/AstraZeneca, Pfizer/BioNTech",1300344,645267,1945611
2021-04-08,"Johnson&Johnson, Moderna, Oxford/AstraZeneca, Pfizer/BioNTech",1339150,676312,2015462
2021-04-09,"Johnson&Johnson, Moderna, Oxford/AstraZeneca, Pfizer/BioNTech",1378746,706509,2085255
2021-04-10,"Johnson&Johnson, Moderna, Oxford/AstraZeneca, Pfizer/BioNTech",1394302,721818,2116120
2021-04-11,"Johnson&Johnson, Moderna, Oxford/AstraZeneca, Pfizer/BioNTech",1404104,731873,2135977
2021-04-12,"Johnson&Johnson, Moderna, Oxford/AstraZeneca, Pfizer/BioNTech",1442431,757022,2199453
2021-04-13,"Moderna, Oxford/AstraZeneca, Pfizer/BioNTech",1478734,783068,2261802
2021-04-14,"Moderna, Oxford/AstraZeneca, Pfizer/BioNTech",1517615,810443,2328058
2021-04-15,"Moderna, Oxford/AstraZeneca, Pfizer/BioNTech",1565446,836224,2401670
2021-04-16,"Moderna, Oxford/AstraZeneca, Pfizer/BioNTech",1610154,861907,2472061
2021-04-17,"Moderna, Oxford/AstraZeneca, Pfizer/BioNTech",1626876,870936,2497812
2021-04-18,"Moderna, Oxford/AstraZeneca, Pfizer/BioNTech",1639877,875923,2515800
2021-04-19,"Moderna, Oxford/AstraZeneca, Pfizer/BioNTech",1683848,891370,2575218
2021-04-20,"Johnson&Johnson, Moderna, Oxford/AstraZeneca, Pfizer/BioNTech",1726442,907252,2633694
2021-04-21,"Moderna, Oxford/AstraZeneca, Pfizer/BioNTech",1774219,921620,2695839
2021-04-22,"Johnson&Johnson, Moderna, Oxford/AstraZeneca, Pfizer/BioNTech",1828750,939020,2767770
2021-04-23,"Johnson&Johnson, Moderna, Oxford/AstraZeneca, Pfizer/BioNTech",1878771,951086,2829857
2021-04-24,"Johnson&Johnson, Moderna, Oxford/AstraZeneca, Pfizer/BioNTech",1896642,956349,2852991
2021-04-25,"Johnson&Johnson, Moderna, Oxford/AstraZeneca, Pfizer/BioNTech",1911355,960349,2871704
2021-04-26,"Johnson&Johnson, Moderna, Oxford/AstraZeneca, Pfizer/BioNTech",1960973,967914,2928887
2021-04-27,"Johnson&Johnson, Moderna, Oxford/AstraZeneca, Pfizer/BioNTech",2009977,980165,2990142
2021-04-28,"Johnson&Johnson, Moderna, Oxford/AstraZeneca, Pfizer/BioNTech",2068770,994193,3062963
2021-04-29,"Johnson&Johnson, Moderna, Oxford/AstraZeneca, Pfizer/BioNTech",2134392,1010114,3144506
2021-04-30,"Johnson&Johnson, Moderna, Oxford/AstraZeneca, Pfizer/BioNTech",2196693,1020108,3216801
2021-05-01,"Johnson&Johnson, Moderna, Oxford/AstraZeneca, Pfizer/BioNTech",2216076,1023570,3239646
2021-05-02,"Johnson&Johnson, Moderna, Oxford/AstraZeneca, Pfizer/BioNTech",2235028,1025858,3260886
2021-05-03,"Johnson&Johnson, Moderna, Oxford/AstraZeneca, Pfizer/BioNTech",2302319,1030938,3333257
2021-05-04,"Johnson&Johnson, Moderna, Oxford/AstraZeneca, Pfizer/BioNTech",2368875,1039310,3408185
2021-05-05,"Johnson&Johnson, Moderna, Oxford/AstraZeneca, Pfizer/BioNTech",2442106,1048752,3490858
2021-05-06,"Johnson&Johnson, Moderna, Oxford/AstraZeneca, Pfizer/BioNTech",2522569,1059504,3582073
2021-05-07,"Johnson&Johnson, Moderna, Oxford/AstraZeneca, Pfizer/BioNTech",2599921,1069642,3669563
2021-05-08,"Johnson&Johnson, Moderna, Oxford/AstraZeneca, Pfizer/BioNTech",2629438,1071429,3700867
2021-05-09,"Johnson&Johnson, Moderna, Oxford/AstraZeneca, Pfizer/BioNTech",2653686,1072650,3726336
2021-05-10,"Johnson&Johnson, Moderna, Oxford/AstraZeneca, Pfizer/BioNTech",2726515,1079893,3806408
2021-05-11,"Johnson&Johnson, Moderna, Oxford/AstraZeneca, Pfizer/BioNTech",2802682,1088726,3891408
2021-05-12,"Johnson&Johnson, Moderna, Oxford/AstraZeneca, Pfizer/BioNTech",2882642,1097865,3980507
2021-05-13,"Johnson&Johnson, Moderna, Oxford/AstraZeneca, Pfizer/BioNTech",2966711,1107052,4073763
2021-05-14,"Johnson&Johnson, Moderna, Oxford/AstraZeneca, Pfizer/BioNTech",3046259,1114876,4161135
2021-05-15,"Johnson&Johnson, Moderna, Oxford/AstraZeneca, Pfizer/BioNTech",3078229,1117150,4195379
2021-05-16,"Johnson&Johnson, Moderna, Oxford/AstraZeneca, Pfizer/BioNTech",3104049,1118431,4222480
2021-05-17,"Johnson&Johnson, Moderna, Oxford/AstraZeneca, Pfizer/BioNTech",3176615,1125185,4301800
2021-05-18,"Johnson&Johnson, Moderna, Oxford/AstraZeneca, Pfizer/BioNTech",3248612,1138303,4386915
2021-05-19,"Johnson&Johnson, Moderna, Oxford/AstraZeneca, Pfizer/BioNTech",3326122,1153477,4479599
2021-05-20,"Johnson&Johnson, Moderna, Oxford/AstraZeneca, Pfizer/BioNTech",3401647,1180546,4582193
2021-05-21,"Johnson&Johnson, Moderna, Oxford/AstraZeneca, Pfizer/BioNTech",3470514,1208348,4678862
2021-05-22,"Johnson&Johnson, Moderna, Oxford/AstraZeneca, Pfizer/BioNTech",3502975,1219578,4722553
2021-05-23,"Johnson&Johnson, Moderna, Oxford/AstraZeneca, Pfizer/BioNTech",3525416,1228625,4754041
2021-05-24,"Johnson&Johnson, Moderna, Oxford/AstraZeneca, Pfizer/BioNTech",3572620,1262310,4834930
2021-05-25,"Johnson&Johnson, Moderna, Oxford/AstraZeneca, Pfizer/BioNTech",3624546,1298160,4922706
2021-05-26,"Johnson&Johnson, Moderna, Oxford/AstraZeneca, Pfizer/BioNTech",3692352,1335718,5028070
2021-05-27,"Johnson&Johnson, Moderna, Oxford/AstraZeneca, Pfizer/BioNTech",3753808,1383096,5136904
2021-05-28,"Johnson&Johnson, Moderna, Oxford/AstraZeneca, Pfizer/BioNTech",3815589,1429708,5245297
2021-05-29,"Johnson&Johnson, Moderna, Oxford/AstraZeneca, Pfizer/BioNTech",3844855,1446840,5291695
2021-05-30,"Johnson&Johnson, Moderna, Oxford/AstraZeneca, Pfizer/BioNTech",3867279,1461306,5328585
2021-05-31,"Johnson&Johnson, Moderna, Oxford/AstraZeneca, Pfizer/BioNTech",3923058,1508845,5431903
2021-06-01,"Johnson&Johnson, Moderna, Oxford/AstraZeneca, Pfizer/BioNTech",3982164,1557733,5539897
2021-06-02,"Johnson&Johnson, Moderna, Oxford/AstraZeneca, Pfizer/BioNTech",4045144,1611761,5656905
2021-06-03,"Johnson&Johnson, Moderna, Oxford/AstraZeneca, Pfizer/BioNTech",4103428,1672009,5775437
2021-06-04,"Johnson&Johnson, Moderna, Oxford/AstraZeneca, Pfizer/BioNTech",4166574,1729455,5896029
2021-06-05,"Johnson&Johnson, Moderna, Oxford/AstraZeneca, Pfizer/BioNTech",4200777,1748375,5949152
2021-06-06,"Johnson&Johnson, Moderna, Oxford/AstraZeneca, Pfizer/BioNTech",4227739,1763548,5991287
2021-06-07,"Johnson&Johnson, Moderna, Oxford/AstraZeneca, Pfizer/BioNTech",4291437,1819217,6110654
2021-06-08,"Johnson&Johnson, Moderna, Oxford/AstraZeneca, Pfizer/BioNTech",4355466,1874251,6229717
2021-06-09,"Johnson&Johnson, Moderna, Oxford/AstraZeneca, Pfizer/BioNTech",4414700,1938963,6353663
2021-06-10,"Johnson&Johnson, Moderna, Oxford/AstraZeneca, Pfizer/BioNTech",4468580,2010297,6478877
2021-06-11,"Johnson&Johnson, Moderna, Oxford/AstraZeneca, Pfizer/BioNTech",4520718,2080156,6600874
2021-06-12,"Johnson&Johnson, Moderna, Oxford/AstraZeneca, Pfizer/BioNTech",4552764,2100999,6653763
2021-06-13,"Johnson&Johnson, Moderna, Oxford/AstraZeneca, Pfizer/BioNTech",4576806,2119439,6696245
2021-06-14,"Johnson&Johnson, Moderna, Oxford/AstraZeneca, Pfizer/BioNTech",4619906,2193868,6813774
2021-06-15,"Johnson&Johnson, Moderna, Oxford/AstraZeneca, Pfizer/BioNTech",4664594,2266279,6930873
2021-06-16,"Johnson&Johnson, Moderna, Oxford/AstraZeneca, Pfizer/BioNTech",4707414,2344562,7051976
2021-06-17,"Johnson&Johnson, Moderna, Oxford/AstraZeneca, Pfizer/BioNTech",4746847,2427696,7174543
2021-06-18,"Johnson&Johnson, Moderna, Oxford/AstraZeneca, Pfizer/BioNTech",4789305,2508303,7297608
2021-06-19,"Johnson&Johnson, Moderna, Oxford/AstraZeneca, Pfizer/BioNTech",4811099,2537638,7348737
2021-06-20,"Johnson&Johnson, Moderna, Oxford/AstraZeneca, Pfizer/BioNTech",4828504,2561524,7390028
2021-06-21,"Johnson&Johnson, Moderna, Oxford/AstraZeneca, Pfizer/BioNTech",4861022,2640177,7501199
2021-06-22,"Johnson&Johnson, Moderna, Oxford/AstraZeneca, Pfizer/BioNTech",4893991,2722534,7616525
2021-06-23,"Johnson&Johnson, Moderna, Oxford/AstraZeneca, Pfizer/BioNTech",4925700,2807809,7733509
2021-06-24,"Johnson&Johnson, Moderna, Oxford/AstraZeneca, Pfizer/BioNTech",4955568,2897875,7853443
2021-06-25,"Johnson&Johnson, Moderna, Oxford/AstraZeneca, Pfizer/BioNTech",4986666,2984131,7970797
2021-06-26,"Johnson&Johnson, Moderna, Oxford/AstraZeneca, Pfizer/BioNTech",5002571,3019028,8021599
2021-06-27,"Johnson&Johnson, Moderna, Oxford/AstraZeneca, Pfizer/BioNTech",5016536,3045747,8062283
2021-06-28,"Johnson&Johnson, Moderna, Oxford/AstraZeneca, Pfizer/BioNTech",5044950,3131000,8175950
2021-06-29,"Johnson&Johnson, Moderna, Oxford/AstraZeneca, Pfizer/BioNTech",5074240,3217559,8291799
2021-06-30,"Johnson&Johnson, Moderna, Oxford/AstraZeneca, Pfizer/BioNTech",5101758,3308628,8410386
2021-07-01,"Johnson&Johnson, Moderna, Oxford/AstraZeneca, Pfizer/BioNTech",5125748,3398760,8524508
2021-07-02,"Johnson&Johnson, Moderna, Oxford/AstraZeneca, Pfizer/BioNTech",5152493,3484716,8637209
2021-07-03,"Johnson&Johnson, Moderna, Oxford/AstraZeneca, Pfizer/BioNTech",5159603,3516289,8675892
2021-07-04,"Johnson&Johnson, Moderna, Oxford/AstraZeneca, Pfizer/BioNTech",5167184,3538110,8705294
2021-07-05,"Johnson&Johnson, Moderna, Oxford/AstraZeneca, Pfizer/BioNTech",5174593,3563524,8738117
2021-07-06,"Johnson&Johnson, Moderna, Oxford/AstraZeneca, Pfizer/BioNTech",5180056,3591251,8771307
2021-07-07,"Johnson&Johnson, Moderna, Oxford/AstraZeneca, Pfizer/BioNTech",5205882,3670297,8876179
2021-07-08,"Johnson&Johnson, Moderna, Oxford/AstraZeneca, Pfizer/BioNTech",5232503,3740667,8973170
2021-07-09,"Johnson&Johnson, Moderna, Oxford/AstraZeneca, Pfizer/BioNTech",5260445,3810036,9070481
2021-07-10,"Johnson&Johnson, Moderna, Oxford/AstraZeneca, Pfizer/BioNTech",5269813,3838720,9108533
2021-07-11,"Johnson&Johnson, Moderna, Oxford/AstraZeneca, Pfizer/BioNTech",5278359,3861624,9139983
2021-07-12,"Johnson&Johnson, Moderna, Oxford/AstraZeneca, Pfizer/BioNTech",5305888,3930749,9236637
2021-07-13,"Johnson&Johnson, Moderna, Oxford/AstraZeneca, Pfizer/BioNTech",5332088,4000660,9332748
2021-07-14,"Johnson&Johnson, Moderna, Oxford/AstraZeneca, Pfizer/BioNTech",5357923,4072701,9430624
2021-07-15,"Johnson&Johnson, Moderna, Oxford/AstraZeneca, Pfizer/BioNTech",5387102,4138764,9525866
2021-07-16,"Johnson&Johnson, Moderna, Oxford/AstraZeneca, Pfizer/BioNTech",5415026,4211547,9626573
2021-07-17,"Johnson&Johnson, Moderna, Oxford/AstraZeneca, Pfizer/BioNTech",5423832,4243032,9666864
2021-07-18,"Johnson&Johnson, Moderna, Oxford/AstraZeneca, Pfizer/BioNTech",5432277,4269054,9701331
2021-07-19,"Johnson&Johnson, Moderna, Oxford/AstraZeneca, Pfizer/BioNTech",5455643,4336111,9791754
2021-07-20,"Johnson&Johnson, Moderna, Oxford/AstraZeneca, Pfizer/BioNTech",5477046,4403211,9880257
2021-07-21,"Johnson&Johnson, Moderna, Oxford/AstraZeneca, Pfizer/BioNTech",5500506,4466704,9967210
2021-07-22,"Johnson&Johnson, Moderna, Oxford/AstraZeneca, Pfizer/BioNTech",5522883,4525357,10048240
2021-07-23,"Johnson&Johnson, Moderna, Oxford/AstraZeneca, Pfizer/BioNTech",5546109,4580134,10126243
2021-07-24,"Johnson&Johnson, Moderna, Oxford/AstraZeneca, Pfizer/BioNTech",5553444,4607833,10161277
2021-07-25,"Johnson&Johnson, Moderna, Oxford/AstraZeneca, Pfizer/BioNTech",5560077,4629983,10190060
2021-07-26,"Johnson&Johnson, Moderna, Oxford/AstraZeneca, Pfizer/BioNTech",5583635,4678690,10262325
2021-07-27,"Johnson&Johnson, Moderna, Oxford/AstraZeneca, Pfizer/BioNTech",5606377,4725349,10331726
2021-07-28,"Johnson&Johnson, Moderna, Oxford/AstraZeneca, Pfizer/BioNTech",5627644,4771373,10399017
2021-07-29,"Johnson&Johnson, Moderna, Oxford/AstraZeneca, Pfizer/BioNTech",5648974,4813359,10462333
2021-07-30,"Johnson&Johnson, Moderna, Oxford/AstraZeneca, Pfizer/BioNTech",5672251,4855954,10528205
2021-07-31,"Johnson&Johnson, Moderna, Oxford/AstraZeneca, Pfizer/BioNTech",5681190,4875498,10556688
2021-08-01,"Johnson&Johnson, Moderna, Oxford/AstraZeneca, Pfizer/BioNTech",5687916,4891684,10579600
2021-08-02,"Johnson&Johnson, Moderna, Oxford/AstraZeneca, Pfizer/BioNTech",5706557,4929250,10635807
2021-08-03,"Johnson&Johnson, Moderna, Oxford/AstraZeneca, Pfizer/BioNTech",5724203,4967373,10691576
2021-08-04,"Johnson&Johnson, Moderna, Oxford/AstraZeneca, Pfizer/BioNTech",5740314,5004136,10744450
2021-08-05,"Johnson&Johnson, Moderna, Oxford/AstraZeneca, Pfizer/BioNTech",5756358,5044638,10800996
2021-08-06,"Johnson&Johnson, Moderna, Oxford/AstraZeneca, Pfizer/BioNTech",5773144,5087939,10861083
2021-08-07,"Johnson&Johnson, Moderna, Oxford/AstraZeneca, Pfizer/BioNTech",5778744,5106128,10884872
2021-08-08,"Johnson&Johnson, Moderna, Oxford/AstraZeneca, Pfizer/BioNTech",5783103,5121887,10904990
2021-08-09,"Johnson&Johnson, Moderna, Oxford/AstraZeneca, Pfizer/BioNTech",5795745,5166952,10962697
2021-08-10,"Johnson&Johnson, Moderna, Oxford/AstraZeneca, Pfizer/BioNTech",5807587,5206530,11014117
2021-08-11,"Johnson&Johnson, Moderna, Oxford/AstraZeneca, Pfizer/BioNTech",5818940,5249673,11068613
2021-08-12,"Johnson&Johnson, Moderna, Oxford/AstraZeneca, Pfizer/BioNTech",5830367,5286809,11117176
2021-08-13,"Johnson&Johnson, Moderna, Oxford/AstraZeneca, Pfizer/BioNTech",5841090,5327162,11168252
2021-08-14,"Johnson&Johnson, Moderna, Oxford/AstraZeneca, Pfizer/BioNTech",5844423,5337876,11182299
2021-08-15,"Johnson&Johnson, Moderna, Oxford/AstraZeneca, Pfizer/BioNTech",5847006,5348252,11195258
2021-08-16,"Johnson&Johnson, Moderna, Oxford/AstraZeneca, Pfizer/BioNTech",5856797,5382332,11239129
2021-08-17,"Johnson&Johnson, Moderna, Oxford/AstraZeneca, Pfizer/BioNTech",5866392,5409429,11275821
2021-08-18,"Johnson&Johnson, Moderna, Oxford/AstraZeneca, Pfizer/BioNTech",5875769,5448311,11324080
2021-08-19,"Johnson&Johnson, Moderna, Oxford/AstraZeneca, Pfizer/BioNTech",5885438,5486663,11372101
2021-08-20,"Johnson&Johnson, Moderna, Oxford/AstraZeneca, Pfizer/BioNTech",5896824,5526855,11423679
2021-08-21,"Johnson&Johnson, Moderna, Oxford/AstraZeneca, Pfizer/BioNTech",5899544,5539621,11439165
2021-08-22,"Johnson&Johnson, Moderna, Oxford/AstraZeneca, Pfizer/BioNTech",5901888,5551585,11453473
2021-08-23,"Johnson&Johnson, Moderna, Oxford/AstraZeneca, Pfizer/BioNTech",5912417,5590861,11503278
2021-08-24,"Johnson&Johnson, Moderna, Oxford/AstraZeneca, Pfizer/BioNTech",5922293,5624109,11546402
2021-08-25,"Johnson&Johnson, Moderna, Oxford/AstraZeneca, Pfizer/BioNTech",5931162,5652486,11583648
2021-08-26,"Johnson&Johnson, Moderna, Oxford/AstraZeneca, Pfizer/BioNTech",5939614,5678612,11618226
2021-08-27,"Johnson&Johnson, Moderna, Oxford/AstraZeneca, Pfizer/BioNTech",5949940,5704582,11654522
2021-08-28,"Johnson&Johnson, Moderna, Oxford/AstraZeneca, Pfizer/BioNTech",5952671,5711633,11664304
2021-08-29,"Johnson&Johnson, Moderna, Oxford/AstraZeneca, Pfizer/BioNTech",5955083,5718253,11673336
2021-08-30,"Johnson&Johnson, Moderna, Oxford/AstraZeneca, Pfizer/BioNTech",5963612,5740127,11703739
2021-08-31,"Johnson&Johnson, Moderna, Oxford/AstraZeneca, Pfizer/BioNTech",5971288,5758219,11729507
2021-09-01,"Johnson&Johnson, Moderna, Oxford/AstraZeneca, Pfizer/BioNTech",5977183,5772219,11749402
2021-09-02,"Johnson&Johnson, Moderna, Oxford/AstraZeneca, Pfizer/BioNTech",5984026,5786612,11770638
2021-09-03,"Johnson&Johnson, Moderna, Oxford/AstraZeneca, Pfizer/BioNTech",5993587,5802326,11795913
2021-09-04,"Johnson&Johnson, Moderna, Oxford/AstraZeneca, Pfizer/BioNTech",5995654,5805878,11801532
2021-09-05,"Johnson&Johnson, Moderna, Oxford/AstraZeneca, Pfizer/BioNTech",5997693,5808721,11806414
2021-09-06,"Johnson&Johnson, Moderna, Oxford/AstraZeneca, Pfizer/BioNTech",6003930,5821253,11825183
2021-09-07,"Johnson&Johnson, Moderna, Oxford/AstraZeneca, Pfizer/BioNTech",6008324,5832348,11840672
2021-09-08,"Johnson&Johnson, Moderna, Oxford/AstraZeneca, Pfizer/BioNTech",6013998,5842195,11856193
2021-09-09,"Johnson&Johnson, Moderna, Oxford/AstraZeneca, Pfizer/BioNTech",6020691,5852261,11872952
2021-09-10,"Johnson&Johnson, Moderna, Oxford/AstraZeneca, Pfizer/BioNTech",6028384,5864436,11892820
2021-09-11,"Johnson&Johnson, Moderna, Oxford/AstraZeneca, Pfizer/BioNTech",6030249,5866918,11897167
2021-09-12,"Johnson&Johnson, Moderna, Oxford/AstraZeneca, Pfizer/BioNTech",6031366,5868549,11899915
2021-09-13,"Johnson&Johnson, Moderna, Oxford/AstraZeneca, Pfizer/BioNTech",6036799,5878849,11915648
2021-09-14,"Johnson&Johnson, Moderna, Oxford/AstraZeneca, Pfizer/BioNTech",6042192,5887865,11930057
2021-09-15,"Johnson&Johnson, Moderna, Oxford/AstraZeneca, Pfizer/BioNTech",6047393,5896388,11943781
2021-09-16,"Johnson&Johnson, Moderna, Oxford/AstraZeneca, Pfizer/BioNTech",6052738,5904661,11957399
2021-09-17,"Johnson&Johnson, Moderna, Oxford/AstraZeneca, Pfizer/BioNTech",6059306,5914893,11974199
2021-09-18,"Johnson&Johnson, Moderna, Oxford/AstraZeneca, Pfizer/BioNTech",6061033,5917252,11978285
2021-09-19,"Johnson&Johnson, Moderna, Oxford/AstraZeneca, Pfizer/BioNTech",6061979,5918819,11980798
2021-09-20,"Johnson&Johnson, Moderna, Oxford/AstraZeneca, Pfizer/BioNTech",6065994,5927016,11993010
2021-09-21,"Johnson&Johnson, Moderna, Oxford/AstraZeneca, Pfizer/BioNTech",6070225,5934546,12004771
2021-09-22,"Johnson&Johnson, Moderna, Oxford/AstraZeneca, Pfizer/BioNTech",6074411,5940058,12014469
2021-09-23,"Johnson&Johnson, Moderna, Oxford/AstraZeneca, Pfizer/BioNTech",6079385,5946463,12025848
2021-09-24,"Johnson&Johnson, Moderna, Oxford/AstraZeneca, Pfizer/BioNTech",6085145,5956086,12041231
2021-09-25,"Johnson&Johnson, Moderna, Oxford/AstraZeneca, Pfizer/BioNTech",6086642,5958084,12044726
2021-09-26,"Johnson&Johnson, Moderna, Oxford/AstraZeneca, Pfizer/BioNTech",6087386,5959721,12047107
2021-09-27,"Johnson&Johnson, Moderna, Oxford/AstraZeneca, Pfizer/BioNTech",6091265,5966231,12057496
2021-09-28,"Johnson&Johnson, Moderna, Pfizer/BioNTech",6091630,5966854,12058484
2021-09-29,"Johnson&Johnson, Moderna, Oxford/AstraZeneca, Pfizer/BioNTech",6095406,5974313,12069719
2021-09-30,"Johnson&Johnson, Moderna, Oxford/AstraZeneca, Pfizer/BioNTech",6099911,5982008,12081919
2021-10-01,"Johnson&Johnson, Moderna, Oxford/AstraZeneca, Pfizer/BioNTech",6104212,5989983,12094195
2021-10-02,"Johnson&Johnson, Moderna, Oxford/AstraZeneca, Pfizer/BioNTech",6105275,5991523,12096798
2021-10-03,"Johnson&Johnson, Moderna, Pfizer/BioNTech",6105998,5992390,12098388
2021-10-04,"Johnson&Johnson, Moderna, Oxford/AstraZeneca, Pfizer/BioNTech",6109074,5997960,12107034
2021-10-05,"Johnson&Johnson, Moderna, Oxford/AstraZeneca, Pfizer/BioNTech",6112238,6003041,12115279
2021-10-06,"Johnson&Johnson, Moderna, Oxford/AstraZeneca, Pfizer/BioNTech",6115757,6008211,12123968
2021-10-07,"Johnson&Johnson, Moderna, Oxford/AstraZeneca, Pfizer/BioNTech",6119037,6013466,12132503
2021-10-08,"Johnson&Johnson, Moderna, Oxford/AstraZeneca, Pfizer/BioNTech",6123830,6020104,12143934
2021-10-09,"Johnson&Johnson, Moderna, Oxford/AstraZeneca, Pfizer/BioNTech",6125073,6021760,12146833
2021-10-10,"Johnson&Johnson, Moderna, Oxford/AstraZeneca, Pfizer/BioNTech",6126015,6022590,12148605
2021-10-11,"Johnson&Johnson, Moderna, Oxford/AstraZeneca, Pfizer/BioNTech",6128945,6027002,12155947
2021-10-12,"Johnson&Johnson, Moderna, Oxford/AstraZeneca, Pfizer/BioNTech",6131875,6031004,12162879
2021-10-13,"Johnson&Johnson, Moderna, Oxford/AstraZeneca, Pfizer/BioNTech",6135406,6035184,12170590
2021-10-14,"Johnson&Johnson, Moderna, Oxford/AstraZeneca, Pfizer/BioNTech",6139077,6040131,12179208
2021-10-15,"Johnson&Johnson, Moderna, Oxford/AstraZeneca, Pfizer/BioNTech",6144306,6046275,12190581
2021-10-16,"Johnson&Johnson, Moderna, Oxford/AstraZeneca, Pfizer/BioNTech",6145720,6047800,12193520
2021-10-17,"Johnson&Johnson, Moderna, Pfizer/BioNTech",6147045,6048853,12195898
2021-10-18,"Johnson&Johnson, Moderna, Oxford/AstraZeneca, Pfizer/BioNTech",6151160,6052944,12204104
2021-10-19,"Johnson&Johnson, Moderna, Oxford/AstraZeneca, Pfizer/BioNTech",6154737,6055039,12209776
2021-10-20,"Johnson&Johnson, Moderna, Oxford/AstraZeneca, Pfizer/BioNTech",6159617,6059487,12219104
2021-10-21,"Johnson&Johnson, Moderna, Oxford/AstraZeneca, Pfizer/BioNTech",6167385,6065087,12232472
2021-10-22,"Johnson&Johnson, Moderna, Oxford/AstraZeneca, Pfizer/BioNTech",6177839,6071591,12249430
2021-10-23,"Johnson&Johnson, Moderna, Oxford/AstraZeneca, Pfizer/BioNTech",6181514,6073797,12255311
2021-10-24,"Johnson&Johnson, Moderna, Oxford/AstraZeneca, Pfizer/BioNTech",6184195,6075573,12259768
2021-10-25,"Johnson&Johnson, Moderna, Oxford/AstraZeneca, Pfizer/BioNTech",6194693,6081377,12276070
2021-10-26,"Johnson&Johnson, Moderna, Oxford/AstraZeneca, Pfizer/BioNTech",6206684,6087925,12294609
2021-10-27,"Johnson&Johnson, Moderna, Oxford/AstraZeneca, Pfizer/BioNTech",6221292,6095327,12316619
2021-10-28,"Johnson&Johnson, Moderna, Oxford/AstraZeneca, Pfizer/BioNTech",6224710,6097006,12321716
2021-10-29,"Johnson&Johnson, Moderna, Oxford/AstraZeneca, Pfizer/BioNTech",6239143,6104986,12344129
2021-10-30,"Johnson&Johnson, Moderna, Oxford/AstraZeneca, Pfizer/BioNTech",6243673,6107910,12351583
2021-10-31,"Johnson&Johnson, Moderna, Oxford/AstraZeneca, Pfizer/BioNTech",6247435,6110381,12357816
2021-11-01,"Johnson&Johnson, Moderna, Oxford/AstraZeneca, Pfizer/BioNTech",6262637,6118064,12380701
2021-11-02,"Johnson&Johnson, Moderna, Oxford/AstraZeneca, Pfizer/BioNTech",6278089,6125618,12403707
2021-11-03,"Johnson&Johnson, Moderna, Oxford/AstraZeneca, Pfizer/BioNTech",6295267,6132912,12428179
2021-11-04,"Johnson&Johnson, Moderna, Oxford/AstraZeneca, Pfizer/BioNTech",6313620,6141079,12454699
2021-11-05,"Johnson&Johnson, Moderna, Oxford/AstraZeneca, Pfizer/BioNTech",6336416,6152357,12488773
2021-11-06,"Johnson&Johnson, Moderna, Pfizer/BioNTech",6342929,6155409,12498338
2021-11-07,"Johnson&Johnson, Moderna, Oxford/AstraZeneca, Pfizer/BioNTech",6346951,6157846,12504797
2021-11-08,"Johnson&Johnson, Moderna, Oxford/AstraZeneca, Pfizer/BioNTech",6363221,6165478,12528699
2021-11-09,"Johnson&Johnson, Moderna, Oxford/AstraZeneca, Pfizer/BioNTech",6378030,6172773,12550803
2021-11-10,"Johnson&Johnson, Moderna, Oxford/AstraZeneca, Pfizer/BioNTech",6393771,6180148,12573919
2021-11-11,"Johnson&Johnson, Moderna, Oxford/AstraZeneca, Pfizer/BioNTech",6409240,6189254,12598494
2021-11-12,"Johnson&Johnson, Moderna, Oxford/AstraZeneca, Pfizer/BioNTech",6429047,6202051,12631098
2021-11-13,"Johnson&Johnson, Moderna, Oxford/AstraZeneca, Pfizer/BioNTech",6434439,6205920,12640359
2021-11-14,"Johnson&Johnson, Moderna, Oxford/AstraZeneca, Pfizer/BioNTech",6438331,6208923,12647254
2021-11-15,"Johnson&Johnson, Moderna, Oxford/AstraZeneca, Pfizer/BioNTech",6453409,6219613,12673022
2021-11-16,"Johnson&Johnson, Moderna, Oxford/AstraZeneca, Pfizer/BioNTech",6470950,6231593,12702543
2021-11-17,"Johnson&Johnson, Moderna, Oxford/AstraZeneca, Pfizer/BioNTech",6475192,6235156,12710348
2021-11-18,"Johnson&Johnson, Moderna, Oxford/AstraZeneca, Pfizer/BioNTech",6494608,6246841,12741449
2021-11-19,"Johnson&Johnson, Moderna, Oxford/AstraZeneca, Pfizer/BioNTech",6519218,6263809,12783027
2021-11-20,"Johnson&Johnson, Moderna, Pfizer/BioNTech",6527790,6268788,12796578
2021-11-21,"Johnson&Johnson, Moderna, Pfizer/BioNTech",6534561,6272559,12807120
2021-11-22,"Johnson&Johnson, Moderna, Oxford/AstraZeneca, Pfizer/BioNTech",6553078,6286670,12839748
2021-11-23,"Johnson&Johnson, Moderna, Oxford/AstraZeneca, Pfizer/BioNTech",6572141,6299926,12872067
2021-11-24,"Johnson&Johnson, Moderna, Oxford/AstraZeneca, Pfizer/BioNTech",6591154,6315768,12906922
2021-11-25,"Johnson&Johnson, Moderna, Oxford/AstraZeneca, Pfizer/BioNTech",6610306,6330794,12941100
2021-11-26,"Johnson&Johnson, Moderna, Oxford/AstraZeneca, Pfizer/BioNTech",6631961,6349930,12981891
2021-11-27,"Johnson&Johnson, Moderna, Oxford/AstraZeneca, Pfizer/BioNTech",6639432,6355484,12994916
2021-11-28,"Johnson&Johnson, Moderna, Oxford/AstraZeneca, Pfizer/BioNTech",6642769,6358618,13001387
2021-11-29,"Johnson&Johnson, Moderna, Oxford/AstraZeneca, Pfizer/BioNTech",6657978,6372274,13030252
2021-11-30,"Johnson&Johnson, Moderna, Oxford/AstraZeneca, Pfizer/BioNTech",6671182,6383508,13054690
2021-12-01,"Johnson&Johnson, Moderna, Oxford/AstraZeneca, Pfizer/BioNTech",6685212,6395960,13081172
2021-12-02,"Johnson&Johnson, Moderna, Oxford/AstraZeneca, Pfizer/BioNTech",6695848,6408452,13104300
2021-12-03,"Johnson&Johnson, Moderna, Oxford/AstraZeneca, Pfizer/BioNTech",6705493,6424022,13129515
2021-12-04,"Johnson&Johnson, Moderna, Pfizer/BioNTech",6708055,6427969,13136024
2021-12-05,"Johnson&Johnson, Moderna, Oxford/AstraZeneca, Pfizer/BioNTech",6709418,6430309,13139727
2021-12-06,"Johnson&Johnson, Moderna, Oxford/AstraZeneca, Pfizer/BioNTech",6717581,6441831,13159412
2021-12-07,"Johnson&Johnson, Moderna, Oxford/AstraZeneca, Pfizer/BioNTech",6725470,6453835,13179305
2021-12-08,"Johnson&Johnson, Moderna, Oxford/AstraZeneca, Pfizer/BioNTech",6733719,6459758,13193477
2021-12-09,"Johnson&Johnson, Moderna, Oxford/AstraZeneca, Pfizer/BioNTech",6740842,6472577,13213419
2021-12-10,"Johnson&Johnson, Moderna, Oxford/AstraZeneca, Pfizer/BioNTech",6747776,6490381,13238157
2021-12-11,"Johnson&Johnson, Moderna, Pfizer/BioNTech",6749437,6495652,13245089
2021-12-12,"Johnson&Johnson, Moderna, Oxford/AstraZeneca, Pfizer/BioNTech",6750746,6500084,13250830
2021-12-13,"Johnson&Johnson, Moderna, Oxford/AstraZeneca, Pfizer/BioNTech",6757101,6513393,13270494
2021-12-14,"Johnson&Johnson, Moderna, Oxford/AstraZeneca, Pfizer/BioNTech",6763327,6527061,13290388
2021-12-15,"Johnson&Johnson, Moderna, Oxford/AstraZeneca, Pfizer/BioNTech",6769529,6540662,13310191
2021-12-16,"Johnson&Johnson, Moderna, Oxford/AstraZeneca, Pfizer/BioNTech",6776468,6555497,13331965
2021-12-17,"Johnson&Johnson, Moderna, Oxford/AstraZeneca, Pfizer/BioNTech",6784839,6572755,13357594
2021-12-18,"Johnson&Johnson, Moderna, Oxford/AstraZeneca, Pfizer/BioNTech",6787449,6578203,13365652
2021-12-19,"Johnson&Johnson, Moderna, Pfizer/BioNTech",6789221,6580705,13369926
2021-12-20,"Johnson&Johnson, Moderna, Oxford/AstraZeneca, Pfizer/BioNTech",6795035,6594762,13389797
2021-12-21,"Johnson&Johnson, Moderna, Oxford/AstraZeneca, Pfizer/BioNTech",6801703,6606748,13408451
2021-12-22,"Johnson&Johnson, Moderna, Oxford/AstraZeneca, Pfizer/BioNTech",6806763,6619794,13426557
2021-12-23,"Johnson&Johnson, Moderna, Oxford/AstraZeneca, Pfizer/BioNTech",6809629,6625394,13435023
2021-12-24,"Johnson&Johnson, Moderna, Oxford/AstraZeneca, Pfizer/BioNTech",6809675,6625494,13435169
2021-12-25,"Moderna, Pfizer/BioNTech",6809676,6625501,13435177
2021-12-26,"Moderna, Pfizer/BioNTech",6809775,6625704,13435479
2021-12-27,"Johnson&Johnson, Moderna, Pfizer/BioNTech",6813640,6635439,13449079
2021-12-28,"Johnson&Johnson, Moderna, Oxford/AstraZeneca, Pfizer/BioNTech",6818876,6643420,13462296
2021-12-29,"Johnson&Johnson, Moderna, Oxford/AstraZeneca, Pfizer/BioNTech",6823156,6651130,13474286
2021-12-30,"Johnson&Johnson, Moderna, Pfizer/BioNTech",6827455,6656556,13484011
2021-12-31,"Johnson&Johnson, Moderna, Pfizer/BioNTech",6827962,6657973,13485935
2022-01-01,"Johnson&Johnson, Moderna, Pfizer/BioNTech",6827967,6657991,13485958
2022-01-02,"Johnson&Johnson, Moderna, Pfizer/BioNTech",6828818,6659373,13488191
2022-01-03,"Johnson&Johnson, Moderna, Oxford/AstraZeneca, Pfizer/BioNTech",6832936,6668268,13501204
2022-01-04,"Johnson&Johnson, Moderna, Oxford/AstraZeneca, Pfizer/BioNTech",6838021,6676042,13514063
2022-01-05,"Johnson&Johnson, Moderna, Oxford/AstraZeneca, Pfizer/BioNTech",6843821,6684004,13527825
2022-01-06,"Johnson&Johnson, Moderna, Oxford/AstraZeneca, Pfizer/BioNTech",6850402,6692427,13542829
2022-01-07,"Johnson&Johnson, Moderna, Oxford/AstraZeneca, Pfizer/BioNTech",6858258,6702770,13561028
2022-01-08,"Johnson&Johnson, Moderna, Oxford/AstraZeneca, Pfizer/BioNTech",6860740,6705552,13566292
2022-01-09,"Johnson&Johnson, Moderna, Pfizer/BioNTech",6861822,6707254,13569076
2022-01-10,"Johnson&Johnson, Moderna, Oxford/AstraZeneca, Pfizer/BioNTech",6866295,6713424,13579719
2022-01-11,"Johnson&Johnson, Moderna, Oxford/AstraZeneca, Pfizer/BioNTech",6871717,6720183,13591900
2022-01-12,"Johnson&Johnson, Moderna, Oxford/AstraZeneca, Pfizer/BioNTech",6877664,6725824,13603488
2022-01-13,"Johnson&Johnson, Moderna, Oxford/AstraZeneca, Pfizer/BioNTech",6883533,6730588,13614121
2022-01-14,"Johnson&Johnson, Moderna, Oxford/AstraZeneca, Pfizer/BioNTech",6889810,6734233,13624043
2022-01-15,"Johnson&Johnson, Moderna, Oxford/AstraZeneca, Pfizer/BioNTech",6891083,6734888,13625971
2022-01-16,"Johnson&Johnson, Moderna, Oxford/AstraZeneca, Pfizer/BioNTech",6891768,6735328,13627096
2022-01-17,"Johnson&Johnson, Moderna, Oxford/AstraZeneca, Pfizer/BioNTech",6895261,6739275,13634536
2022-01-18,"Johnson&Johnson, Moderna, Oxford/AstraZeneca, Pfizer/BioNTech",6899136,6744222,13643358
2022-01-19,"Johnson&Johnson, Moderna, Oxford/AstraZeneca, Pfizer/BioNTech",6903181,6748151,13651332
2022-01-20,"Johnson&Johnson, Moderna, Oxford/AstraZeneca, Pfizer/BioNTech",6906767,6752566,13659333
2022-01-21,"Johnson&Johnson, Moderna, Oxford/AstraZeneca, Pfizer/BioNTech",6910761,6755085,13665846
2022-01-22,"Johnson&Johnson, Moderna, Oxford/AstraZeneca, Pfizer/BioNTech",6911541,6755524,13667065
2022-01-23,"Johnson&Johnson, Moderna, Pfizer/BioNTech",6912101,6756158,13668259
2022-01-24,"Johnson&Johnson, Moderna, Oxford/AstraZeneca, Pfizer/BioNTech",6914364,6759580,13673944
2022-01-25,"Johnson&Johnson, Moderna, Oxford/AstraZeneca, Pfizer/BioNTech",6916715,6763557,13680272
2022-01-26,"Johnson&Johnson, Moderna, Oxford/AstraZeneca, Pfizer/BioNTech",6919110,6768113,13687223
2022-01-27,"Johnson&Johnson, Moderna, Oxford/AstraZeneca, Pfizer/BioNTech",6921461,6772926,13694387
2022-01-28,"Johnson&Johnson, Moderna, Oxford/AstraZeneca, Pfizer/BioNTech",6924378,6779049,13703427
2022-01-29,"Johnson&Johnson, Moderna, Pfizer/BioNTech",6924980,6780693,13705673
2022-01-30,"Johnson&Johnson, Moderna, Pfizer/BioNTech",6925207,6781467,13706674
2022-01-31,"Johnson&Johnson, Moderna, Pfizer/BioNTech",6926719,6785357,13712076
2022-02-01,"Johnson&Johnson, Moderna, Pfizer/BioNTech",6928272,6789338,13717610
2022-02-02,"Johnson&Johnson, Moderna, Pfizer/BioNTech",6929821,6793796,13723617
2022-02-03,"Johnson&Johnson, Moderna, Pfizer/BioNTech",6931174,6798215,13729389
2022-02-04,"Johnson&Johnson, Moderna, Pfizer/BioNTech",6932705,6803208,13735913
2022-02-05,"Johnson&Johnson, Moderna, Pfizer/BioNTech",6932872,6803789,13736661
