date,vaccine,people_vaccinated,people_fully_vaccinated,total_vaccinations
2020-12-27,Pfizer/BioNTech,1283,0,1283
2020-12-28,Pfizer/BioNTech,3589,0,3589
2020-12-29,Pfizer/BioNTech,7057,0,7057
2020-12-30,Pfizer/BioNTech,10575,0,10575
2020-12-31,Pfizer/BioNTech,11887,0,11887
2021-01-01,"Moderna, Pfizer/BioNTech",12156,0,12156
2021-01-02,Pfizer/BioNTech,13435,0,13435
2021-01-03,Pfizer/BioNTech,14358,0,14358
2021-01-04,"Moderna, Pfizer/BioNTech",17971,0,17971
2021-01-05,"Moderna, Pfizer/BioNTech",22493,1,22494
2021-01-06,"Moderna, Pfizer/BioNTech",28338,2,28340
2021-01-07,"Moderna, Pfizer/BioNTech",36335,2,36337
2021-01-08,"Moderna, Pfizer/BioNTech",46386,3,46389
2021-01-09,"Moderna, Pfizer/BioNTech",48413,4,48417
2021-01-10,Pfizer/BioNTech,50180,5,50185
2021-01-11,Pfizer/BioNTech,60035,7,60042
2021-01-12,"Moderna, Pfizer/BioNTech",73484,9,73493
2021-01-13,Pfizer/BioNTech,87021,9,87030
2021-01-14,"Moderna, Pfizer/BioNTech",102267,13,102280
2021-01-15,"Moderna, Pfizer/BioNTech",116281,14,116295
2021-01-16,"Moderna, Pfizer/BioNTech",119683,18,119701
2021-01-17,"Moderna, Pfizer/BioNTech",122300,654,122954
2021-01-18,"Moderna, Pfizer/BioNTech",134788,2480,137268
2021-01-19,"Moderna, Pfizer/BioNTech",147391,5205,152596
2021-01-20,"Moderna, Pfizer/BioNTech",161079,7866,168945
2021-01-21,"Moderna, Pfizer/BioNTech",176725,9611,186336
2021-01-22,"Moderna, Pfizer/BioNTech",191607,10657,202264
2021-01-23,"Moderna, Pfizer/BioNTech",194928,11537,206465
2021-01-24,"Moderna, Pfizer/BioNTech",197183,12406,209589
2021-01-25,"Moderna, Pfizer/BioNTech",206825,15380,222205
2021-01-26,"Moderna, Pfizer/BioNTech",217366,19375,236741
2021-01-27,"Moderna, Pfizer/BioNTech",226395,23912,250307
2021-01-28,"Moderna, Pfizer/BioNTech",233496,30043,263539
2021-01-29,"Moderna, Pfizer/BioNTech",239710,37954,277664
2021-01-30,"Moderna, Pfizer/BioNTech",240448,39042,279490
2021-01-31,"Moderna, Pfizer/BioNTech",241163,40223,281386
2021-02-01,"Moderna, Pfizer/BioNTech",245143,48185,293328
2021-02-02,"Moderna, Pfizer/BioNTech",249290,58418,307708
2021-02-03,"Moderna, Pfizer/BioNTech",253712,69431,323143
2021-02-04,"Moderna, Pfizer/BioNTech",258610,82419,341029
2021-02-05,"Moderna, Pfizer/BioNTech",264077,93093,357170
2021-02-06,"Moderna, Oxford/AstraZeneca, Pfizer/BioNTech",264926,95461,360387
2021-02-07,"Moderna, Pfizer/BioNTech",265777,97961,363738
2021-02-08,"Moderna, Oxford/AstraZeneca, Pfizer/BioNTech",269859,109391,379250
2021-02-09,"Moderna, Oxford/AstraZeneca, Pfizer/BioNTech",274957,121302,396259
2021-02-10,"Moderna, Oxford/AstraZeneca, Pfizer/BioNTech",280466,134559,415025
2021-02-11,"Moderna, Oxford/AstraZeneca, Pfizer/BioNTech",286801,150773,437574
2021-02-12,"Moderna, Oxford/AstraZeneca, Pfizer/BioNTech",293623,165509,459132
2021-02-13,"Moderna, Oxford/AstraZeneca, Pfizer/BioNTech",295235,168498,463733
2021-02-14,"Moderna, Oxford/AstraZeneca, Pfizer/BioNTech",296237,169882,466119
2021-02-15,"Moderna, Oxford/AstraZeneca, Pfizer/BioNTech",302635,179247,481882
2021-02-16,"Moderna, Oxford/AstraZeneca, Pfizer/BioNTech",311354,188328,499682
2021-02-17,"Moderna, Oxford/AstraZeneca, Pfizer/BioNTech",321053,196634,517687
2021-02-18,"Moderna, Oxford/AstraZeneca, Pfizer/BioNTech",333369,204717,538086
2021-02-19,"Moderna, Oxford/AstraZeneca, Pfizer/BioNTech",345228,212085,557313
2021-02-20,"Moderna, Oxford/AstraZeneca, Pfizer/BioNTech",347228,213269,560497
2021-02-21,"Moderna, Oxford/AstraZeneca, Pfizer/BioNTech",348361,214293,562654
2021-02-22,"Moderna, Oxford/AstraZeneca, Pfizer/BioNTech",358483,220322,578805
2021-02-23,"Moderna, Oxford/AstraZeneca, Pfizer/BioNTech",371434,227304,598738
2021-02-24,"Moderna, Oxford/AstraZeneca, Pfizer/BioNTech",385305,233340,618645
2021-02-25,"Moderna, Oxford/AstraZeneca, Pfizer/BioNTech",403274,238891,642165
2021-02-26,"Moderna, Oxford/AstraZeneca, Pfizer/BioNTech",419443,244243,663686
2021-02-27,"Moderna, Oxford/AstraZeneca, Pfizer/BioNTech",422452,244799,667251
2021-02-28,"Moderna, Oxford/AstraZeneca, Pfizer/BioNTech",424802,245350,670152
2021-03-01,"Moderna, Oxford/AstraZeneca, Pfizer/BioNTech",444391,248798,693189
2021-03-02,"Moderna, Oxford/AstraZeneca, Pfizer/BioNTech",471613,252346,723959
2021-03-03,"Moderna, Oxford/AstraZeneca, Pfizer/BioNTech",502536,256850,759386
2021-03-04,"Moderna, Oxford/AstraZeneca, Pfizer/BioNTech",535818,261533,797351
2021-03-05,"Johnson&Johnson, Moderna, Oxford/AstraZeneca, Pfizer/BioNTech",564650,266953,831603
2021-03-06,"Johnson&Johnson, Moderna, Oxford/AstraZeneca, Pfizer/BioNTech",576796,267815,844611
2021-03-07,"Johnson&Johnson, Moderna, Oxford/AstraZeneca, Pfizer/BioNTech",588336,268657,856993
2021-03-08,"Johnson&Johnson, Moderna, Oxford/AstraZeneca, Pfizer/BioNTech",618079,273510,891589
2021-03-09,"Johnson&Johnson, Moderna, Oxford/AstraZeneca, Pfizer/BioNTech",654433,279891,934324
2021-03-10,"Johnson&Johnson, Moderna, Oxford/AstraZeneca, Pfizer/BioNTech",695745,286847,982592
2021-03-11,"Johnson&Johnson, Moderna, Oxford/AstraZeneca, Pfizer/BioNTech",740576,295216,1035792
2021-03-12,"Johnson&Johnson, Moderna, Oxford/AstraZeneca, Pfizer/BioNTech",779341,303710,1083051
2021-03-13,"Johnson&Johnson, Moderna, Oxford/AstraZeneca, Pfizer/BioNTech",796427,305018,1101445
2021-03-14,"Johnson&Johnson, Moderna, Oxford/AstraZeneca, Pfizer/BioNTech",808544,306171,1114715
2021-03-15,"Moderna, Oxford/AstraZeneca, Pfizer/BioNTech",836923,314945,1151868
2021-03-16,"Johnson&Johnson, Moderna, Oxford/AstraZeneca, Pfizer/BioNTech",875808,325482,1201290
2021-03-17,"Moderna, Oxford/AstraZeneca, Pfizer/BioNTech",913272,335987,1249259
2021-03-18,"Johnson&Johnson, Moderna, Oxford/AstraZeneca, Pfizer/BioNTech",951257,348400,1299657
2021-03-19,"Moderna, Oxford/AstraZeneca, Pfizer/BioNTech",985741,362010,1347751
2021-03-20,"Johnson&Johnson, Moderna, Oxford/AstraZeneca, Pfizer/BioNTech",1000888,364040,1364928
2021-03-21,"Johnson&Johnson, Moderna, Oxford/AstraZeneca, Pfizer/BioNTech",1008309,365598,1373907
2021-03-22,"Johnson&Johnson, Moderna, Oxford/AstraZeneca, Pfizer/BioNTech",1032876,378099,1410975
2021-03-23,"Johnson&Johnson, Moderna, Oxford/AstraZeneca, Pfizer/BioNTech",1059525,391451,1450976
2021-03-24,"Johnson&Johnson, Moderna, Oxford/AstraZeneca, Pfizer/BioNTech",1086388,407188,1493576
2021-03-25,"Moderna, Oxford/AstraZeneca, Pfizer/BioNTech",1112729,425039,1537768
2021-03-26,"Johnson&Johnson, Moderna, Oxford/AstraZeneca, Pfizer/BioNTech",1137531,442541,1580072
2021-03-27,"Johnson&Johnson, Moderna, Oxford/AstraZeneca, Pfizer/BioNTech",1145969,447386,1593355
2021-03-28,"Moderna, Oxford/AstraZeneca, Pfizer/BioNTech",1151509,451530,1603039
2021-03-29,"Johnson&Johnson, Moderna, Oxford/AstraZeneca, Pfizer/BioNTech",1170642,472265,1642907
2021-03-30,"Johnson&Johnson, Moderna, Oxford/AstraZeneca, Pfizer/BioNTech",1195326,494441,1689767
2021-03-31,"Johnson&Johnson, Moderna, Oxford/AstraZeneca, Pfizer/BioNTech",1218444,521500,1739944
2021-04-01,"Johnson&Johnson, Moderna, Oxford/AstraZeneca, Pfizer/BioNTech",1244088,553550,1797638
2021-04-02,"Johnson&Johnson, Moderna, Oxford/AstraZeneca, Pfizer/BioNTech",1251012,566337,1817349
2021-04-03,"Johnson&Johnson, Moderna, Oxford/AstraZeneca, Pfizer/BioNTech",1254637,577264,1831901
2021-04-04,"Johnson&Johnson, Moderna, Oxford/AstraZeneca, Pfizer/BioNTech",1257151,586184,1843335
2021-04-05,"Johnson&Johnson, Moderna, Oxford/AstraZeneca, Pfizer/BioNTech",1259560,593372,1852932
2021-04-06,"Johnson&Johnson, Moderna, Oxford/AstraZeneca, Pfizer/BioNTech",1275715,622629,1898344
2021-04-07,"Johnson&Johnson, Moderna, Oxford/AstraZeneca, Pfizer/BioNTech",1299144,644858,1944002
2021-04-08,"Johnson&Johnson, Moderna, Oxford/AstraZeneca, Pfizer/BioNTech",1337880,675877,2013757
2021-04-09,"Johnson&Johnson, Moderna, Oxford/AstraZeneca, Pfizer/BioNTech",1377429,706059,2083488
2021-04-10,"Johnson&Johnson, Moderna, Oxford/AstraZeneca, Pfizer/BioNTech",1392938,721349,2114287
2021-04-11,"Johnson&Johnson, Moderna, Oxford/AstraZeneca, Pfizer/BioNTech",1402722,731394,2134116
2021-04-12,"Johnson&Johnson, Moderna, Oxford/AstraZeneca, Pfizer/BioNTech",1441008,756532,2197540
2021-04-13,"Moderna, Oxford/AstraZeneca, Pfizer/BioNTech",1477269,782565,2259834
2021-04-14,"Moderna, Oxford/AstraZeneca, Pfizer/BioNTech",1516100,809925,2326025
2021-04-15,"Moderna, Oxford/AstraZeneca, Pfizer/BioNTech",1563900,835677,2399577
2021-04-16,"Moderna, Oxford/AstraZeneca, Pfizer/BioNTech",1608569,861332,2469901
2021-04-17,"Moderna, Oxford/AstraZeneca, Pfizer/BioNTech",1625260,870357,2495617
2021-04-18,"Moderna, Oxford/AstraZeneca, Pfizer/BioNTech",1638249,875337,2513586
2021-04-19,"Moderna, Oxford/AstraZeneca, Pfizer/BioNTech",1682213,890770,2572983
2021-04-20,"Johnson&Johnson, Moderna, Oxford/AstraZeneca, Pfizer/BioNTech",1724776,906631,2631407
2021-04-21,"Moderna, Oxford/AstraZeneca, Pfizer/BioNTech",1772513,920981,2693494
2021-04-22,"Johnson&Johnson, Moderna, Oxford/AstraZeneca, Pfizer/BioNTech",1827011,938362,2765373
2021-04-23,"Johnson&Johnson, Moderna, Oxford/AstraZeneca, Pfizer/BioNTech",1876991,950416,2827407
2021-04-24,"Johnson&Johnson, Moderna, Oxford/AstraZeneca, Pfizer/BioNTech",1894831,955665,2850496
2021-04-25,"Johnson&Johnson, Moderna, Oxford/AstraZeneca, Pfizer/BioNTech",1909530,959662,2869192
2021-04-26,"Johnson&Johnson, Moderna, Oxford/AstraZeneca, Pfizer/BioNTech",1959115,967213,2926328
2021-04-27,"Johnson&Johnson, Moderna, Oxford/AstraZeneca, Pfizer/BioNTech",2008085,979435,2987520
2021-04-28,"Johnson&Johnson, Moderna, Oxford/AstraZeneca, Pfizer/BioNTech",2066847,993435,3060282
2021-04-29,"Johnson&Johnson, Moderna, Oxford/AstraZeneca, Pfizer/BioNTech",2132405,1009327,3141732
2021-04-30,"Johnson&Johnson, Moderna, Oxford/AstraZeneca, Pfizer/BioNTech",2194642,1019297,3213939
2021-05-01,"Johnson&Johnson, Moderna, Oxford/AstraZeneca, Pfizer/BioNTech",2213981,1022749,3236730
2021-05-02,"Johnson&Johnson, Moderna, Oxford/AstraZeneca, Pfizer/BioNTech",2232906,1025017,3257923
2021-05-03,"Johnson&Johnson, Moderna, Oxford/AstraZeneca, Pfizer/BioNTech",2300153,1030075,3330228
2021-05-04,"Johnson&Johnson, Moderna, Oxford/AstraZeneca, Pfizer/BioNTech",2366654,1038411,3405065
2021-05-05,"Johnson&Johnson, Moderna, Oxford/AstraZeneca, Pfizer/BioNTech",2439817,1047816,3487633
2021-05-06,"Johnson&Johnson, Moderna, Oxford/AstraZeneca, Pfizer/BioNTech",2520207,1058542,3578749
2021-05-07,"Johnson&Johnson, Moderna, Oxford/AstraZeneca, Pfizer/BioNTech",2597462,1068615,3666077
2021-05-08,"Johnson&Johnson, Moderna, Oxford/AstraZeneca, Pfizer/BioNTech",2626916,1070384,3697300
2021-05-09,"Johnson&Johnson, Moderna, Oxford/AstraZeneca, Pfizer/BioNTech",2651128,1071595,3722723
2021-05-10,"Johnson&Johnson, Moderna, Oxford/AstraZeneca, Pfizer/BioNTech",2723899,1078817,3802716
2021-05-11,"Johnson&Johnson, Moderna, Oxford/AstraZeneca, Pfizer/BioNTech",2799992,1087618,3887610
2021-05-12,"Johnson&Johnson, Moderna, Oxford/AstraZeneca, Pfizer/BioNTech",2879865,1096724,3976589
2021-05-13,"Johnson&Johnson, Moderna, Oxford/AstraZeneca, Pfizer/BioNTech",2963881,1105882,4069763
2021-05-14,"Johnson&Johnson, Moderna, Oxford/AstraZeneca, Pfizer/BioNTech",3043334,1113673,4157007
2021-05-15,"Johnson&Johnson, Moderna, Oxford/AstraZeneca, Pfizer/BioNTech",3075228,1115919,4191147
2021-05-16,"Johnson&Johnson, Moderna, Oxford/AstraZeneca, Pfizer/BioNTech",3100994,1117189,4218183
2021-05-17,"Johnson&Johnson, Moderna, Oxford/AstraZeneca, Pfizer/BioNTech",3173504,1123917,4297421
2021-05-18,"Johnson&Johnson, Moderna, Oxford/AstraZeneca, Pfizer/BioNTech",3245434,1136989,4382423
2021-05-19,"Johnson&Johnson, Moderna, Oxford/AstraZeneca, Pfizer/BioNTech",3322888,1152123,4475011
2021-05-20,"Johnson&Johnson, Moderna, Oxford/AstraZeneca, Pfizer/BioNTech",3398332,1179150,4577482
2021-05-21,"Johnson&Johnson, Moderna, Oxford/AstraZeneca, Pfizer/BioNTech",3467095,1206904,4673999
2021-05-22,"Johnson&Johnson, Moderna, Oxford/AstraZeneca, Pfizer/BioNTech",3499473,1218087,4717560
2021-05-23,"Johnson&Johnson, Moderna, Oxford/AstraZeneca, Pfizer/BioNTech",3521835,1227122,4748957
2021-05-24,"Johnson&Johnson, Moderna, Oxford/AstraZeneca, Pfizer/BioNTech",3568962,1260778,4829740
2021-05-25,"Johnson&Johnson, Moderna, Oxford/AstraZeneca, Pfizer/BioNTech",3620797,1296578,4917375
2021-05-26,"Johnson&Johnson, Moderna, Oxford/AstraZeneca, Pfizer/BioNTech",3688543,1334094,5022637
2021-05-27,"Johnson&Johnson, Moderna, Oxford/AstraZeneca, Pfizer/BioNTech",3749921,1381419,5131340
2021-05-28,"Johnson&Johnson, Moderna, Oxford/AstraZeneca, Pfizer/BioNTech",3811605,1427979,5239584
2021-05-29,"Johnson&Johnson, Moderna, Oxford/AstraZeneca, Pfizer/BioNTech",3840776,1445079,5285855
2021-05-30,"Johnson&Johnson, Moderna, Oxford/AstraZeneca, Pfizer/BioNTech",3863138,1459516,5322654
2021-05-31,"Johnson&Johnson, Moderna, Oxford/AstraZeneca, Pfizer/BioNTech",3918867,1507033,5425900
2021-06-01,"Johnson&Johnson, Moderna, Oxford/AstraZeneca, Pfizer/BioNTech",3977873,1555861,5533734
2021-06-02,"Johnson&Johnson, Moderna, Oxford/AstraZeneca, Pfizer/BioNTech",4040753,1609833,5650586
2021-06-03,"Johnson&Johnson, Moderna, Oxford/AstraZeneca, Pfizer/BioNTech",4098953,1670025,5768978
2021-06-04,"Johnson&Johnson, Moderna, Oxford/AstraZeneca, Pfizer/BioNTech",4162025,1727429,5889454
2021-06-05,"Johnson&Johnson, Moderna, Oxford/AstraZeneca, Pfizer/BioNTech",4196158,1746269,5942427
2021-06-06,"Johnson&Johnson, Moderna, Oxford/AstraZeneca, Pfizer/BioNTech",4223068,1761411,5984479
2021-06-07,"Johnson&Johnson, Moderna, Oxford/AstraZeneca, Pfizer/BioNTech",4286739,1817020,6103759
2021-06-08,"Johnson&Johnson, Moderna, Oxford/AstraZeneca, Pfizer/BioNTech",4350701,1871987,6222688
2021-06-09,"Johnson&Johnson, Moderna, Oxford/AstraZeneca, Pfizer/BioNTech",4409858,1936560,6346418
2021-06-10,"Johnson&Johnson, Moderna, Oxford/AstraZeneca, Pfizer/BioNTech",4463698,2007766,6471464
2021-06-11,"Johnson&Johnson, Moderna, Oxford/AstraZeneca, Pfizer/BioNTech",4515784,2077504,6593288
2021-06-12,"Johnson&Johnson, Moderna, Oxford/AstraZeneca, Pfizer/BioNTech",4547787,2098287,6646074
2021-06-13,"Johnson&Johnson, Moderna, Oxford/AstraZeneca, Pfizer/BioNTech",4571795,2116680,6688475
2021-06-14,"Johnson&Johnson, Moderna, Oxford/AstraZeneca, Pfizer/BioNTech",4614855,2191042,6805897
2021-06-15,"Johnson&Johnson, Moderna, Oxford/AstraZeneca, Pfizer/BioNTech",4659491,2263367,6922858
2021-06-16,"Johnson&Johnson, Moderna, Oxford/AstraZeneca, Pfizer/BioNTech",4702214,2341555,7043769
2021-06-17,"Johnson&Johnson, Moderna, Oxford/AstraZeneca, Pfizer/BioNTech",4741578,2424605,7166183
2021-06-18,"Johnson&Johnson, Moderna, Oxford/AstraZeneca, Pfizer/BioNTech",4783963,2505104,7289067
2021-06-19,"Johnson&Johnson, Moderna, Oxford/AstraZeneca, Pfizer/BioNTech",4805716,2534364,7340080
2021-06-20,"Johnson&Johnson, Moderna, Oxford/AstraZeneca, Pfizer/BioNTech",4823077,2558178,7381255
2021-06-21,"Johnson&Johnson, Moderna, Oxford/AstraZeneca, Pfizer/BioNTech",4855565,2636720,7492285
2021-06-22,"Johnson&Johnson, Moderna, Oxford/AstraZeneca, Pfizer/BioNTech",4888518,2718937,7607455
2021-06-23,"Johnson&Johnson, Moderna, Oxford/AstraZeneca, Pfizer/BioNTech",4920155,2804114,7724269
2021-06-24,"Johnson&Johnson, Moderna, Oxford/AstraZeneca, Pfizer/BioNTech",4949980,2894090,7844070
2021-06-25,"Johnson&Johnson, Moderna, Oxford/AstraZeneca, Pfizer/BioNTech",4981029,2980184,7961213
2021-06-26,"Johnson&Johnson, Moderna, Oxford/AstraZeneca, Pfizer/BioNTech",4996889,3014979,8011868
2021-06-27,"Johnson&Johnson, Moderna, Oxford/AstraZeneca, Pfizer/BioNTech",5010830,3041611,8052441
2021-06-28,"Johnson&Johnson, Moderna, Oxford/AstraZeneca, Pfizer/BioNTech",5039226,3126753,8165979
2021-06-29,"Johnson&Johnson, Moderna, Oxford/AstraZeneca, Pfizer/BioNTech",5068484,3213183,8281667
2021-06-30,"Johnson&Johnson, Moderna, Oxford/AstraZeneca, Pfizer/BioNTech",5095956,3304123,8400079
2021-07-01,"Johnson&Johnson, Moderna, Oxford/AstraZeneca, Pfizer/BioNTech",5119917,3394132,8514049
2021-07-02,"Johnson&Johnson, Moderna, Oxford/AstraZeneca, Pfizer/BioNTech",5146610,3479936,8626546
2021-07-03,"Johnson&Johnson, Moderna, Oxford/AstraZeneca, Pfizer/BioNTech",5153684,3511425,8665109
2021-07-04,"Johnson&Johnson, Moderna, Oxford/AstraZeneca, Pfizer/BioNTech",5161237,3533205,8694442
2021-07-05,"Johnson&Johnson, Moderna, Oxford/AstraZeneca, Pfizer/BioNTech",5168601,3558557,8727158
2021-07-06,"Johnson&Johnson, Moderna, Oxford/AstraZeneca, Pfizer/BioNTech",5174010,3586180,8760190
2021-07-07,"Johnson&Johnson, Moderna, Oxford/AstraZeneca, Pfizer/BioNTech",5199791,3665112,8864903
2021-07-08,"Johnson&Johnson, Moderna, Oxford/AstraZeneca, Pfizer/BioNTech",5226378,3735385,8961763
2021-07-09,"Johnson&Johnson, Moderna, Oxford/AstraZeneca, Pfizer/BioNTech",5254287,3804610,9058897
2021-07-10,"Johnson&Johnson, Moderna, Oxford/AstraZeneca, Pfizer/BioNTech",5263630,3833212,9096842
2021-07-11,"Johnson&Johnson, Moderna, Oxford/AstraZeneca, Pfizer/BioNTech",5272153,3856066,9128219
2021-07-12,"Johnson&Johnson, Moderna, Oxford/AstraZeneca, Pfizer/BioNTech",5299665,3925108,9224773
2021-07-13,"Johnson&Johnson, Moderna, Oxford/AstraZeneca, Pfizer/BioNTech",5325839,3994927,9320766
2021-07-14,"Johnson&Johnson, Moderna, Oxford/AstraZeneca, Pfizer/BioNTech",5351638,4066854,9418492
2021-07-15,"Johnson&Johnson, Moderna, Oxford/AstraZeneca, Pfizer/BioNTech",5380799,4132800,9513599
2021-07-16,"Johnson&Johnson, Moderna, Oxford/AstraZeneca, Pfizer/BioNTech",5408710,4205459,9614169
2021-07-17,"Johnson&Johnson, Moderna, Oxford/AstraZeneca, Pfizer/BioNTech",5417474,4236863,9654337
2021-07-18,"Johnson&Johnson, Moderna, Oxford/AstraZeneca, Pfizer/BioNTech",5425912,4262834,9688746
2021-07-19,"Johnson&Johnson, Moderna, Oxford/AstraZeneca, Pfizer/BioNTech",5449252,4329813,9779065
2021-07-20,"Johnson&Johnson, Moderna, Oxford/AstraZeneca, Pfizer/BioNTech",5470625,4396797,9867422
2021-07-21,"Johnson&Johnson, Moderna, Oxford/AstraZeneca, Pfizer/BioNTech",5494065,4460206,9954271
2021-07-22,"Johnson&Johnson, Moderna, Oxford/AstraZeneca, Pfizer/BioNTech",5516416,4518767,10035183
2021-07-23,"Johnson&Johnson, Moderna, Oxford/AstraZeneca, Pfizer/BioNTech",5539606,4573449,10113055
2021-07-24,"Johnson&Johnson, Moderna, Oxford/AstraZeneca, Pfizer/BioNTech",5546913,4601077,10147990
2021-07-25,"Johnson&Johnson, Moderna, Oxford/AstraZeneca, Pfizer/BioNTech",5553524,4623173,10176697
2021-07-26,"Johnson&Johnson, Moderna, Oxford/AstraZeneca, Pfizer/BioNTech",5577054,4671796,10248850
2021-07-27,"Johnson&Johnson, Moderna, Oxford/AstraZeneca, Pfizer/BioNTech",5599774,4718367,10318141
2021-07-28,"Johnson&Johnson, Moderna, Oxford/AstraZeneca, Pfizer/BioNTech",5621015,4764286,10385301
2021-07-29,"Johnson&Johnson, Moderna, Oxford/AstraZeneca, Pfizer/BioNTech",5642329,4806174,10448503
2021-07-30,"Johnson&Johnson, Moderna, Oxford/AstraZeneca, Pfizer/BioNTech",5665594,4848664,10514258
2021-07-31,"Johnson&Johnson, Moderna, Oxford/AstraZeneca, Pfizer/BioNTech",5674513,4868167,10542680
2021-08-01,"Johnson&Johnson, Moderna, Oxford/AstraZeneca, Pfizer/BioNTech",5681228,4884315,10565543
2021-08-02,"Johnson&Johnson, Moderna, Oxford/AstraZeneca, Pfizer/BioNTech",5699844,4921811,10621655
2021-08-03,"Johnson&Johnson, Moderna, Oxford/AstraZeneca, Pfizer/BioNTech",5717467,4959860,10677327
2021-08-04,"Johnson&Johnson, Moderna, Oxford/AstraZeneca, Pfizer/BioNTech",5733550,4996542,10730092
2021-08-05,"Johnson&Johnson, Moderna, Oxford/AstraZeneca, Pfizer/BioNTech",5749575,5036964,10786539
2021-08-06,"Johnson&Johnson, Moderna, Oxford/AstraZeneca, Pfizer/BioNTech",5766351,5080193,10846544
2021-08-07,"Johnson&Johnson, Moderna, Oxford/AstraZeneca, Pfizer/BioNTech",5771940,5098331,10870271
2021-08-08,"Johnson&Johnson, Moderna, Oxford/AstraZeneca, Pfizer/BioNTech",5776293,5114064,10890357
2021-08-09,"Johnson&Johnson, Moderna, Oxford/AstraZeneca, Pfizer/BioNTech",5788927,5159073,10948000
2021-08-10,"Johnson&Johnson, Moderna, Oxford/AstraZeneca, Pfizer/BioNTech",5800756,5198593,10999349
2021-08-11,"Johnson&Johnson, Moderna, Oxford/AstraZeneca, Pfizer/BioNTech",5812111,5241677,11053788
2021-08-12,"Johnson&Johnson, Moderna, Oxford/AstraZeneca, Pfizer/BioNTech",5823526,5278756,11102282
2021-08-13,"Johnson&Johnson, Moderna, Oxford/AstraZeneca, Pfizer/BioNTech",5834244,5319052,11153296
2021-08-14,"Johnson&Johnson, Moderna, Oxford/AstraZeneca, Pfizer/BioNTech",5837579,5329731,11167310
2021-08-15,"Johnson&Johnson, Moderna, Oxford/AstraZeneca, Pfizer/BioNTech",5840162,5340087,11180249
2021-08-16,"Johnson&Johnson, Moderna, Oxford/AstraZeneca, Pfizer/BioNTech",5849946,5374124,11224070
2021-08-17,"Johnson&Johnson, Moderna, Oxford/AstraZeneca, Pfizer/BioNTech",5859533,5401189,11260722
2021-08-18,"Johnson&Johnson, Moderna, Oxford/AstraZeneca, Pfizer/BioNTech",5868902,5440029,11308931
2021-08-19,"Johnson&Johnson, Moderna, Oxford/AstraZeneca, Pfizer/BioNTech",5878561,5478348,11356909
2021-08-20,"Johnson&Johnson, Moderna, Oxford/AstraZeneca, Pfizer/BioNTech",5889943,5518511,11408454
2021-08-21,"Johnson&Johnson, Moderna, Oxford/AstraZeneca, Pfizer/BioNTech",5892659,5531249,11423908
2021-08-22,"Johnson&Johnson, Moderna, Oxford/AstraZeneca, Pfizer/BioNTech",5894998,5543202,11438200
2021-08-23,"Johnson&Johnson, Moderna, Oxford/AstraZeneca, Pfizer/BioNTech",5905527,5582438,11487965
2021-08-24,"Johnson&Johnson, Moderna, Oxford/AstraZeneca, Pfizer/BioNTech",5915392,5615660,11531052
2021-08-25,"Johnson&Johnson, Moderna, Oxford/AstraZeneca, Pfizer/BioNTech",5924252,5644003,11568255
2021-08-26,"Johnson&Johnson, Moderna, Oxford/AstraZeneca, Pfizer/BioNTech",5932692,5670109,11602801
2021-08-27,"Johnson&Johnson, Moderna, Oxford/AstraZeneca, Pfizer/BioNTech",5943006,5696035,11639041
2021-08-28,"Johnson&Johnson, Moderna, Oxford/AstraZeneca, Pfizer/BioNTech",5945728,5703066,11648794
2021-08-29,"Johnson&Johnson, Moderna, Oxford/AstraZeneca, Pfizer/BioNTech",5948133,5709680,11657813
2021-08-30,"Johnson&Johnson, Moderna, Oxford/AstraZeneca, Pfizer/BioNTech",5956652,5731529,11688181
2021-08-31,"Johnson&Johnson, Moderna, Oxford/AstraZeneca, Pfizer/BioNTech",5964318,5749589,11713907
2021-09-01,"Johnson&Johnson, Moderna, Oxford/AstraZeneca, Pfizer/BioNTech",5970198,5763564,11733762
2021-09-02,"Johnson&Johnson, Moderna, Oxford/AstraZeneca, Pfizer/BioNTech",5977027,5777936,11754963
2021-09-03,"Johnson&Johnson, Moderna, Oxford/AstraZeneca, Pfizer/BioNTech",5986581,5793625,11780206
2021-09-04,"Johnson&Johnson, Moderna, Oxford/AstraZeneca, Pfizer/BioNTech",5988644,5797172,11785816
2021-09-05,"Johnson&Johnson, Moderna, Oxford/AstraZeneca, Pfizer/BioNTech",5990678,5800013,11790691
2021-09-06,"Johnson&Johnson, Moderna, Oxford/AstraZeneca, Pfizer/BioNTech",5996905,5812525,11809430
2021-09-07,"Johnson&Johnson, Moderna, Oxford/AstraZeneca, Pfizer/BioNTech",6001286,5823613,11824899
2021-09-08,"Johnson&Johnson, Moderna, Oxford/AstraZeneca, Pfizer/BioNTech",6006946,5833446,11840392
2021-09-09,"Johnson&Johnson, Moderna, Oxford/AstraZeneca, Pfizer/BioNTech",6013624,5843497,11857121
2021-09-10,"Johnson&Johnson, Moderna, Oxford/AstraZeneca, Pfizer/BioNTech",6021307,5855663,11876970
2021-09-11,"Johnson&Johnson, Moderna, Oxford/AstraZeneca, Pfizer/BioNTech",6023168,5858137,11881305
2021-09-12,"Johnson&Johnson, Moderna, Oxford/AstraZeneca, Pfizer/BioNTech",6024282,5859760,11884042
2021-09-13,"Johnson&Johnson, Moderna, Oxford/AstraZeneca, Pfizer/BioNTech",6029704,5870043,11899747
2021-09-14,"Johnson&Johnson, Moderna, Oxford/AstraZeneca, Pfizer/BioNTech",6035085,5879045,11914130
2021-09-15,"Johnson&Johnson, Moderna, Oxford/AstraZeneca, Pfizer/BioNTech",6040274,5887560,11927834
2021-09-16,"Johnson&Johnson, Moderna, Oxford/AstraZeneca, Pfizer/BioNTech",6045615,5895821,11941436
2021-09-17,"Johnson&Johnson, Moderna, Oxford/AstraZeneca, Pfizer/BioNTech",6052182,5906038,11958220
2021-09-18,"Johnson&Johnson, Moderna, Oxford/AstraZeneca, Pfizer/BioNTech",6053904,5908388,11962292
2021-09-19,"Johnson&Johnson, Moderna, Oxford/AstraZeneca, Pfizer/BioNTech",6054845,5909952,11964797
2021-09-20,"Johnson&Johnson, Moderna, Oxford/AstraZeneca, Pfizer/BioNTech",6058854,5918138,11976992
2021-09-21,"Johnson&Johnson, Moderna, Oxford/AstraZeneca, Pfizer/BioNTech",6063076,5925662,11988738
2021-09-22,"Johnson&Johnson, Moderna, Oxford/AstraZeneca, Pfizer/BioNTech",6067252,5931169,11998421
2021-09-23,"Johnson&Johnson, Moderna, Oxford/AstraZeneca, Pfizer/BioNTech",6072226,5937568,12009794
2021-09-24,"Johnson&Johnson, Moderna, Oxford/AstraZeneca, Pfizer/BioNTech",6077978,5947175,12025153
2021-09-25,"Johnson&Johnson, Moderna, Oxford/AstraZeneca, Pfizer/BioNTech",6079470,5949161,12028631
2021-09-26,"Johnson&Johnson, Moderna, Pfizer/BioNTech",6080210,5950792,12031002
2021-09-27,"Johnson&Johnson, Moderna, Oxford/AstraZeneca, Pfizer/BioNTech",6084085,5957286,12041371
2021-09-28,"Johnson&Johnson, Moderna, Pfizer/BioNTech",6084443,5957892,12042335
2021-09-29,"Johnson&Johnson, Moderna, Oxford/AstraZeneca, Pfizer/BioNTech",6088214,5965337,12053551
2021-09-30,"Johnson&Johnson, Moderna, Oxford/AstraZeneca, Pfizer/BioNTech",6092708,5973024,12065732
2021-10-01,"Johnson&Johnson, Moderna, Oxford/AstraZeneca, Pfizer/BioNTech",6096996,5980980,12077976
2021-10-02,"Johnson&Johnson, Moderna, Oxford/AstraZeneca, Pfizer/BioNTech",6098056,5982516,12080572
2021-10-03,"Johnson&Johnson, Moderna, Pfizer/BioNTech",6098773,5983379,12082152
2021-10-04,"Johnson&Johnson, Moderna, Oxford/AstraZeneca, Pfizer/BioNTech",6101843,5988942,12090785
2021-10-05,"Johnson&Johnson, Moderna, Oxford/AstraZeneca, Pfizer/BioNTech",6105000,5994004,12099004
2021-10-06,"Johnson&Johnson, Moderna, Oxford/AstraZeneca, Pfizer/BioNTech",6108507,5999159,12107666
2021-10-07,"Johnson&Johnson, Moderna, Oxford/AstraZeneca, Pfizer/BioNTech",6111778,6004403,12116181
2021-10-08,"Johnson&Johnson, Moderna, Oxford/AstraZeneca, Pfizer/BioNTech",6116560,6011023,12127583
2021-10-09,"Johnson&Johnson, Moderna, Oxford/AstraZeneca, Pfizer/BioNTech",6117801,6012674,12130475
2021-10-10,"Johnson&Johnson, Moderna, Oxford/AstraZeneca, Pfizer/BioNTech",6118741,6013503,12132244
2021-10-11,"Johnson&Johnson, Moderna, Oxford/AstraZeneca, Pfizer/BioNTech",6121670,6017910,12139580
2021-10-12,"Johnson&Johnson, Moderna, Oxford/AstraZeneca, Pfizer/BioNTech",6124590,6021903,12146493
2021-10-13,"Johnson&Johnson, Moderna, Oxford/AstraZeneca, Pfizer/BioNTech",6128123,6026083,12154206
2021-10-14,"Johnson&Johnson, Moderna, Oxford/AstraZeneca, Pfizer/BioNTech",6131798,6031021,12162819
2021-10-15,"Johnson&Johnson, Moderna, Oxford/AstraZeneca, Pfizer/BioNTech",6137025,6037150,12174175
2021-10-16,"Johnson&Johnson, Moderna, Oxford/AstraZeneca, Pfizer/BioNTech",6138433,6038667,12177100
2021-10-17,"Johnson&Johnson, Moderna, Pfizer/BioNTech",6139752,6039720,12179472
2021-10-18,"Johnson&Johnson, Moderna, Oxford/AstraZeneca, Pfizer/BioNTech",6143863,6043811,12187674
2021-10-19,"Johnson&Johnson, Moderna, Oxford/AstraZeneca, Pfizer/BioNTech",6147439,6045895,12193334
2021-10-20,"Johnson&Johnson, Moderna, Oxford/AstraZeneca, Pfizer/BioNTech",6152305,6050341,12202646
2021-10-21,"Johnson&Johnson, Moderna, Oxford/AstraZeneca, Pfizer/BioNTech",6160063,6055932,12215995
2021-10-22,"Johnson&Johnson, Moderna, Oxford/AstraZeneca, Pfizer/BioNTech",6170506,6062427,12232933
2021-10-23,"Johnson&Johnson, Moderna, Pfizer/BioNTech",6174179,6064631,12238810
2021-10-24,"Johnson&Johnson, Moderna, Pfizer/BioNTech",6176863,6066403,12243266
2021-10-25,"Johnson&Johnson, Moderna, Oxford/AstraZeneca, Pfizer/BioNTech",6187344,6072195,12259539
2021-10-26,"Johnson&Johnson, Moderna, Oxford/AstraZeneca, Pfizer/BioNTech",6199322,6078732,12278054
2021-10-27,"Johnson&Johnson, Moderna, Oxford/AstraZeneca, Pfizer/BioNTech",6213922,6086125,12300047
2021-10-28,"Johnson&Johnson, Moderna, Oxford/AstraZeneca, Pfizer/BioNTech",6217333,6087795,12305128
2021-10-29,"Johnson&Johnson, Moderna, Oxford/AstraZeneca, Pfizer/BioNTech",6231749,6095755,12327504
2021-10-30,"Johnson&Johnson, Moderna, Pfizer/BioNTech",6236278,6098669,12334947
2021-10-31,"Johnson&Johnson, Moderna, Oxford/AstraZeneca, Pfizer/BioNTech",6240040,6101139,12341179
2021-11-01,"Johnson&Johnson, Moderna, Oxford/AstraZeneca, Pfizer/BioNTech",6255227,6108818,12364045
2021-11-02,"Johnson&Johnson, Moderna, Oxford/AstraZeneca, Pfizer/BioNTech",6270672,6116366,12387038
2021-11-03,"Johnson&Johnson, Moderna, Oxford/AstraZeneca, Pfizer/BioNTech",6287845,6123653,12411498
2021-11-04,"Johnson&Johnson, Moderna, Oxford/AstraZeneca, Pfizer/BioNTech",6306182,6131816,12437998
2021-11-05,"Johnson&Johnson, Moderna, Oxford/AstraZeneca, Pfizer/BioNTech",6328990,6143079,12472069
2021-11-06,"Johnson&Johnson, Moderna, Oxford/AstraZeneca, Pfizer/BioNTech",6335495,6146128,12481623
2021-11-07,"Johnson&Johnson, Moderna, Oxford/AstraZeneca, Pfizer/BioNTech",6339511,6148559,12488070
2021-11-08,"Johnson&Johnson, Moderna, Oxford/AstraZeneca, Pfizer/BioNTech",6355789,6156186,12511975
2021-11-09,"Johnson&Johnson, Moderna, Oxford/AstraZeneca, Pfizer/BioNTech",6370591,6163474,12534065
2021-11-10,"Johnson&Johnson, Moderna, Oxford/AstraZeneca, Pfizer/BioNTech",6386297,6170840,12557137
2021-11-11,"Johnson&Johnson, Moderna, Oxford/AstraZeneca, Pfizer/BioNTech",6401713,6179936,12581649
2021-11-12,"Johnson&Johnson, Moderna, Oxford/AstraZeneca, Pfizer/BioNTech",6421485,6192703,12614188
2021-11-13,"Johnson&Johnson, Moderna, Oxford/AstraZeneca, Pfizer/BioNTech",6426867,6196563,12623430
2021-11-14,"Johnson&Johnson, Moderna, Oxford/AstraZeneca, Pfizer/BioNTech",6430749,6199565,12630314
2021-11-15,"Johnson&Johnson, Moderna, Oxford/AstraZeneca, Pfizer/BioNTech",6445807,6210246,12656053
2021-11-16,"Johnson&Johnson, Moderna, Oxford/AstraZeneca, Pfizer/BioNTech",6463309,6222216,12685525
2021-11-17,"Johnson&Johnson, Moderna, Oxford/AstraZeneca, Pfizer/BioNTech",6467535,6225773,12693308
2021-11-18,"Johnson&Johnson, Moderna, Oxford/AstraZeneca, Pfizer/BioNTech",6486913,6237440,12724353
2021-11-19,"Johnson&Johnson, Moderna, Oxford/AstraZeneca, Pfizer/BioNTech",6511506,6254404,12765910
2021-11-20,"Johnson&Johnson, Moderna, Oxford/AstraZeneca, Pfizer/BioNTech",6520070,6259373,12779443
2021-11-21,"Johnson&Johnson, Moderna, Oxford/AstraZeneca, Pfizer/BioNTech",6526831,6263142,12789973
2021-11-22,"Johnson&Johnson, Moderna, Oxford/AstraZeneca, Pfizer/BioNTech",6545304,6277235,12822539
2021-11-23,"Johnson&Johnson, Moderna, Oxford/AstraZeneca, Pfizer/BioNTech",6564228,6290478,12854706
2021-11-24,"Johnson&Johnson, Moderna, Oxford/AstraZeneca, Pfizer/BioNTech",6583098,6306301,12889399
2021-11-25,"Johnson&Johnson, Moderna, Oxford/AstraZeneca, Pfizer/BioNTech",6602125,6321310,12923435
2021-11-26,"Johnson&Johnson, Moderna, Oxford/AstraZeneca, Pfizer/BioNTech",6623638,6340422,12964060
2021-11-27,"Johnson&Johnson, Moderna, Oxford/AstraZeneca, Pfizer/BioNTech",6631082,6345963,12977045
2021-11-28,"Johnson&Johnson, Moderna, Oxford/AstraZeneca, Pfizer/BioNTech",6634407,6349094,12983501
2021-11-29,"Johnson&Johnson, Moderna, Oxford/AstraZeneca, Pfizer/BioNTech",6649525,6362734,13012259
2021-11-30,"Johnson&Johnson, Moderna, Oxford/AstraZeneca, Pfizer/BioNTech",6662658,6373934,13036592
2021-12-01,"Johnson&Johnson, Moderna, Oxford/AstraZeneca, Pfizer/BioNTech",6676557,6386351,13062908
2021-12-02,"Johnson&Johnson, Moderna, Oxford/AstraZeneca, Pfizer/BioNTech",6687110,6398798,13085908
2021-12-03,"Johnson&Johnson, Moderna, Oxford/AstraZeneca, Pfizer/BioNTech",6696656,6414315,13110971
2021-12-04,"Johnson&Johnson, Moderna, Oxford/AstraZeneca, Pfizer/BioNTech",6699182,6418250,13117432
2021-12-05,"Johnson&Johnson, Moderna, Oxford/AstraZeneca, Pfizer/BioNTech",6700521,6420570,13121091
2021-12-06,"Johnson&Johnson, Moderna, Oxford/AstraZeneca, Pfizer/BioNTech",6708632,6432052,13140684
2021-12-07,"Johnson&Johnson, Moderna, Oxford/AstraZeneca, Pfizer/BioNTech",6716450,6444013,13160463
2021-12-08,"Johnson&Johnson, Moderna, Oxford/AstraZeneca, Pfizer/BioNTech",6724652,6449900,13174552
2021-12-09,"Johnson&Johnson, Moderna, Oxford/AstraZeneca, Pfizer/BioNTech",6731714,6462654,13194368
2021-12-10,"Johnson&Johnson, Moderna, Oxford/AstraZeneca, Pfizer/BioNTech",6738565,6480370,13218935
2021-12-11,"Johnson&Johnson, Moderna, Oxford/AstraZeneca, Pfizer/BioNTech",6740217,6485605,13225822
2021-12-12,"Johnson&Johnson, Moderna, Oxford/AstraZeneca, Pfizer/BioNTech",6741520,6490030,13231550
2021-12-13,"Johnson&Johnson, Moderna, Oxford/AstraZeneca, Pfizer/BioNTech",6747866,6503272,13251138
2021-12-14,"Johnson&Johnson, Moderna, Oxford/AstraZeneca, Pfizer/BioNTech",6754051,6516858,13270909
2021-12-15,"Johnson&Johnson, Moderna, Oxford/AstraZeneca, Pfizer/BioNTech",6760213,6530381,13290594
2021-12-16,"Johnson&Johnson, Moderna, Oxford/AstraZeneca, Pfizer/BioNTech",6766884,6545058,13311942
2021-12-17,"Johnson&Johnson, Moderna, Oxford/AstraZeneca, Pfizer/BioNTech",6774981,6562136,13337117
2021-12-18,"Johnson&Johnson, Moderna, Oxford/AstraZeneca, Pfizer/BioNTech",6777550,6567538,13345088
2021-12-19,"Johnson&Johnson, Moderna, Pfizer/BioNTech",6779307,6570012,13349319
2021-12-20,"Johnson&Johnson, Moderna, Oxford/AstraZeneca, Pfizer/BioNTech",6784646,6583156,13367802
