date,vaccine,people_vaccinated,people_fully_vaccinated,total_vaccinations
2020-12-27,Pfizer/BioNTech,1287,0,1287
2020-12-28,Pfizer/BioNTech,3590,0,3590
2020-12-29,Pfizer/BioNTech,7062,1,7063
2020-12-30,Pfizer/BioNTech,10579,1,10580
2020-12-31,Pfizer/BioNTech,11890,1,11891
2021-01-01,"Moderna, Pfizer/BioNTech",12159,1,12160
2021-01-02,"Moderna, Pfizer/BioNTech",13442,2,13444
2021-01-03,"Moderna, Pfizer/BioNTech",14369,2,14371
2021-01-04,"Moderna, Pfizer/BioNTech",17980,2,17982
2021-01-05,"Moderna, Pfizer/BioNTech",22506,3,22509
2021-01-06,"Moderna, Pfizer/BioNTech",28353,4,28357
2021-01-07,"Moderna, Pfizer/BioNTech",36352,4,36356
2021-01-08,"Moderna, Pfizer/BioNTech",46404,5,46409
2021-01-09,"Moderna, Pfizer/BioNTech",48432,7,48439
2021-01-10,Pfizer/BioNTech,50203,9,50212
2021-01-11,"Moderna, Pfizer/BioNTech",60059,11,60070
2021-01-12,"Moderna, Pfizer/BioNTech",73515,13,73528
2021-01-13,"Moderna, Pfizer/BioNTech",87061,13,87074
2021-01-14,"Moderna, Pfizer/BioNTech",102314,17,102331
2021-01-15,"Moderna, Pfizer/BioNTech",116336,18,116354
2021-01-16,"Moderna, Pfizer/BioNTech",119740,22,119762
2021-01-17,"Moderna, Pfizer/BioNTech",122361,658,123019
2021-01-18,"Moderna, Pfizer/BioNTech",134855,2485,137340
2021-01-19,"Moderna, Pfizer/BioNTech",147468,5214,152682
2021-01-20,"Moderna, Pfizer/BioNTech",161167,7878,169045
2021-01-21,"Moderna, Pfizer/BioNTech",176822,9620,186442
2021-01-22,"Moderna, Pfizer/BioNTech",191716,10664,202380
2021-01-23,"Moderna, Pfizer/BioNTech",195035,11542,206577
2021-01-24,"Moderna, Pfizer/BioNTech",197291,12413,209704
2021-01-25,"Moderna, Pfizer/BioNTech",206946,15385,222331
2021-01-26,"Moderna, Pfizer/BioNTech",217493,19377,236870
2021-01-27,"Moderna, Pfizer/BioNTech",226525,23912,250437
2021-01-28,"Moderna, Pfizer/BioNTech",233631,30045,263676
2021-01-29,"Moderna, Pfizer/BioNTech",239848,37954,277802
2021-01-30,"Moderna, Pfizer/BioNTech",240589,39042,279631
2021-01-31,"Moderna, Pfizer/BioNTech",241307,40224,281531
2021-02-01,"Moderna, Pfizer/BioNTech",245290,48193,293483
2021-02-02,"Moderna, Pfizer/BioNTech",249443,58433,307876
2021-02-03,"Moderna, Pfizer/BioNTech",253870,69454,323324
2021-02-04,"Moderna, Pfizer/BioNTech",258778,82447,341225
2021-02-05,"Moderna, Pfizer/BioNTech",264254,93122,357376
2021-02-06,"Moderna, Oxford/AstraZeneca, Pfizer/BioNTech",265112,95488,360600
2021-02-07,"Moderna, Oxford/AstraZeneca, Pfizer/BioNTech",265964,97988,363952
2021-02-08,"Moderna, Oxford/AstraZeneca, Pfizer/BioNTech",270059,109418,379477
2021-02-09,"Moderna, Oxford/AstraZeneca, Pfizer/BioNTech",275167,121334,396501
2021-02-10,"Moderna, Oxford/AstraZeneca, Pfizer/BioNTech",280686,134595,415281
2021-02-11,"Moderna, Oxford/AstraZeneca, Pfizer/BioNTech",287029,150815,437844
2021-02-12,"Moderna, Oxford/AstraZeneca, Pfizer/BioNTech",293859,165564,459423
2021-02-13,"Moderna, Oxford/AstraZeneca, Pfizer/BioNTech",295477,168552,464029
2021-02-14,"Moderna, Oxford/AstraZeneca, Pfizer/BioNTech",296483,169938,466421
2021-02-15,"Moderna, Oxford/AstraZeneca, Pfizer/BioNTech",302883,179309,482192
2021-02-16,"Moderna, Oxford/AstraZeneca, Pfizer/BioNTech",311605,188390,499995
2021-02-17,"Moderna, Oxford/AstraZeneca, Pfizer/BioNTech",321308,196701,518009
2021-02-18,"Moderna, Oxford/AstraZeneca, Pfizer/BioNTech",333640,204786,538426
2021-02-19,"Moderna, Oxford/AstraZeneca, Pfizer/BioNTech",345506,212162,557668
2021-02-20,"Moderna, Oxford/AstraZeneca, Pfizer/BioNTech",347516,213348,560864
2021-02-21,"Moderna, Oxford/AstraZeneca, Pfizer/BioNTech",348653,214374,563027
2021-02-22,"Moderna, Oxford/AstraZeneca, Pfizer/BioNTech",358781,220412,579193
2021-02-23,"Moderna, Oxford/AstraZeneca, Pfizer/BioNTech",371746,227403,599149
2021-02-24,"Moderna, Oxford/AstraZeneca, Pfizer/BioNTech",385631,233445,619076
2021-02-25,"Moderna, Oxford/AstraZeneca, Pfizer/BioNTech",403615,238997,642612
2021-02-26,"Moderna, Oxford/AstraZeneca, Pfizer/BioNTech",419797,244359,664156
2021-02-27,"Moderna, Oxford/AstraZeneca, Pfizer/BioNTech",422806,244919,667725
2021-02-28,"Moderna, Oxford/AstraZeneca, Pfizer/BioNTech",425164,245471,670635
2021-03-01,"Moderna, Oxford/AstraZeneca, Pfizer/BioNTech",444765,248921,693686
2021-03-02,"Moderna, Oxford/AstraZeneca, Pfizer/BioNTech",471993,252471,724464
2021-03-03,"Moderna, Oxford/AstraZeneca, Pfizer/BioNTech",502952,256982,759934
2021-03-04,"Moderna, Oxford/AstraZeneca, Pfizer/BioNTech",536243,261673,797916
2021-03-05,"Johnson&Johnson, Moderna, Oxford/AstraZeneca, Pfizer/BioNTech",565089,267102,832191
2021-03-06,"Johnson&Johnson, Moderna, Oxford/AstraZeneca, Pfizer/BioNTech",577249,267968,845217
2021-03-07,"Johnson&Johnson, Moderna, Oxford/AstraZeneca, Pfizer/BioNTech",588798,268811,857609
2021-03-08,"Johnson&Johnson, Moderna, Oxford/AstraZeneca, Pfizer/BioNTech",618548,273674,892222
2021-03-09,"Johnson&Johnson, Moderna, Oxford/AstraZeneca, Pfizer/BioNTech",654919,280062,934981
2021-03-10,"Johnson&Johnson, Moderna, Oxford/AstraZeneca, Pfizer/BioNTech",696255,287023,983278
2021-03-11,"Johnson&Johnson, Moderna, Oxford/AstraZeneca, Pfizer/BioNTech",741113,295400,1036513
2021-03-12,"Johnson&Johnson, Moderna, Oxford/AstraZeneca, Pfizer/BioNTech",779878,303900,1083778
2021-03-13,"Johnson&Johnson, Moderna, Oxford/AstraZeneca, Pfizer/BioNTech",796988,305215,1102203
2021-03-14,"Johnson&Johnson, Moderna, Oxford/AstraZeneca, Pfizer/BioNTech",809106,306371,1115477
2021-03-15,"Johnson&Johnson, Moderna, Oxford/AstraZeneca, Pfizer/BioNTech",837504,315154,1152658
2021-03-16,"Johnson&Johnson, Moderna, Oxford/AstraZeneca, Pfizer/BioNTech",876402,325692,1202094
2021-03-17,"Moderna, Oxford/AstraZeneca, Pfizer/BioNTech",913892,336207,1250099
2021-03-18,"Johnson&Johnson, Moderna, Oxford/AstraZeneca, Pfizer/BioNTech",951900,348633,1300533
2021-03-19,"Johnson&Johnson, Moderna, Oxford/AstraZeneca, Pfizer/BioNTech",986421,362248,1348669
2021-03-20,"Johnson&Johnson, Moderna, Oxford/AstraZeneca, Pfizer/BioNTech",1001605,364278,1365883
2021-03-21,"Johnson&Johnson, Moderna, Oxford/AstraZeneca, Pfizer/BioNTech",1009050,365838,1374888
2021-03-22,"Johnson&Johnson, Moderna, Oxford/AstraZeneca, Pfizer/BioNTech",1033629,378342,1411971
2021-03-23,"Johnson&Johnson, Moderna, Oxford/AstraZeneca, Pfizer/BioNTech",1060305,391708,1452013
2021-03-24,"Johnson&Johnson, Moderna, Oxford/AstraZeneca, Pfizer/BioNTech",1087198,407456,1494654
2021-03-25,"Johnson&Johnson, Moderna, Oxford/AstraZeneca, Pfizer/BioNTech",1113557,425312,1538869
2021-03-26,"Johnson&Johnson, Moderna, Oxford/AstraZeneca, Pfizer/BioNTech",1138400,442827,1581227
2021-03-27,"Johnson&Johnson, Moderna, Oxford/AstraZeneca, Pfizer/BioNTech",1146862,447673,1594535
2021-03-28,"Moderna, Oxford/AstraZeneca, Pfizer/BioNTech",1152410,451821,1604231
2021-03-29,"Johnson&Johnson, Moderna, Oxford/AstraZeneca, Pfizer/BioNTech",1171570,472558,1644128
2021-03-30,"Johnson&Johnson, Moderna, Oxford/AstraZeneca, Pfizer/BioNTech",1196281,494746,1691027
2021-03-31,"Johnson&Johnson, Moderna, Oxford/AstraZeneca, Pfizer/BioNTech",1219437,521816,1741253
2021-04-01,"Johnson&Johnson, Moderna, Oxford/AstraZeneca, Pfizer/BioNTech",1245124,553876,1799000
2021-04-02,"Johnson&Johnson, Moderna, Oxford/AstraZeneca, Pfizer/BioNTech",1252108,566675,1818783
2021-04-03,"Johnson&Johnson, Moderna, Oxford/AstraZeneca, Pfizer/BioNTech",1255760,577607,1833367
2021-04-04,"Johnson&Johnson, Moderna, Oxford/AstraZeneca, Pfizer/BioNTech",1258304,586531,1844835
2021-04-05,"Johnson&Johnson, Moderna, Oxford/AstraZeneca, Pfizer/BioNTech",1260736,593736,1854472
2021-04-06,"Johnson&Johnson, Moderna, Oxford/AstraZeneca, Pfizer/BioNTech",1276953,623011,1899964
2021-04-07,"Johnson&Johnson, Moderna, Oxford/AstraZeneca, Pfizer/BioNTech",1300459,645255,1945714
2021-04-08,"Johnson&Johnson, Moderna, Oxford/AstraZeneca, Pfizer/BioNTech",1339274,676302,2015576
2021-04-09,"Johnson&Johnson, Moderna, Oxford/AstraZeneca, Pfizer/BioNTech",1378874,706502,2085376
2021-04-10,"Johnson&Johnson, Moderna, Oxford/AstraZeneca, Pfizer/BioNTech",1394442,721815,2116257
2021-04-11,"Johnson&Johnson, Moderna, Oxford/AstraZeneca, Pfizer/BioNTech",1404237,731871,2136108
2021-04-12,"Johnson&Johnson, Moderna, Oxford/AstraZeneca, Pfizer/BioNTech",1442560,757017,2199577
2021-04-13,"Moderna, Oxford/AstraZeneca, Pfizer/BioNTech",1478866,783060,2261926
2021-04-14,"Moderna, Oxford/AstraZeneca, Pfizer/BioNTech",1517755,810437,2328192
2021-04-15,"Moderna, Oxford/AstraZeneca, Pfizer/BioNTech",1565591,836218,2401809
2021-04-16,"Moderna, Oxford/AstraZeneca, Pfizer/BioNTech",1610306,861901,2472207
2021-04-17,"Moderna, Oxford/AstraZeneca, Pfizer/BioNTech",1627033,870928,2497961
2021-04-18,"Moderna, Oxford/AstraZeneca, Pfizer/BioNTech",1640033,875914,2515947
2021-04-19,"Johnson&Johnson, Moderna, Oxford/AstraZeneca, Pfizer/BioNTech",1684006,891358,2575364
2021-04-20,"Johnson&Johnson, Moderna, Oxford/AstraZeneca, Pfizer/BioNTech",1726595,907248,2633843
2021-04-21,"Moderna, Oxford/AstraZeneca, Pfizer/BioNTech",1774366,921617,2695983
2021-04-22,"Johnson&Johnson, Moderna, Oxford/AstraZeneca, Pfizer/BioNTech",1828896,939017,2767913
2021-04-23,"Johnson&Johnson, Moderna, Oxford/AstraZeneca, Pfizer/BioNTech",1878911,951084,2829995
2021-04-24,"Johnson&Johnson, Moderna, Oxford/AstraZeneca, Pfizer/BioNTech",1896789,956351,2853140
2021-04-25,"Johnson&Johnson, Moderna, Oxford/AstraZeneca, Pfizer/BioNTech",1911503,960355,2871858
2021-04-26,"Johnson&Johnson, Moderna, Oxford/AstraZeneca, Pfizer/BioNTech",1961115,967926,2929041
2021-04-27,"Johnson&Johnson, Moderna, Oxford/AstraZeneca, Pfizer/BioNTech",2010105,980179,2990284
2021-04-28,"Johnson&Johnson, Moderna, Oxford/AstraZeneca, Pfizer/BioNTech",2068888,994207,3063095
2021-04-29,"Johnson&Johnson, Moderna, Oxford/AstraZeneca, Pfizer/BioNTech",2134511,1010129,3144640
2021-04-30,"Johnson&Johnson, Moderna, Oxford/AstraZeneca, Pfizer/BioNTech",2196805,1020126,3216931
2021-05-01,"Johnson&Johnson, Moderna, Oxford/AstraZeneca, Pfizer/BioNTech",2216194,1023591,3239785
2021-05-02,"Johnson&Johnson, Moderna, Oxford/AstraZeneca, Pfizer/BioNTech",2235149,1025882,3261031
2021-05-03,"Johnson&Johnson, Moderna, Oxford/AstraZeneca, Pfizer/BioNTech",2302432,1030967,3333399
2021-05-04,"Johnson&Johnson, Moderna, Oxford/AstraZeneca, Pfizer/BioNTech",2368994,1039341,3408335
2021-05-05,"Johnson&Johnson, Moderna, Oxford/AstraZeneca, Pfizer/BioNTech",2442209,1048793,3491002
2021-05-06,"Johnson&Johnson, Moderna, Oxford/AstraZeneca, Pfizer/BioNTech",2522658,1059550,3582208
2021-05-07,"Johnson&Johnson, Moderna, Oxford/AstraZeneca, Pfizer/BioNTech",2599993,1069699,3669692
2021-05-08,"Johnson&Johnson, Moderna, Oxford/AstraZeneca, Pfizer/BioNTech",2629536,1071493,3701029
2021-05-09,"Johnson&Johnson, Moderna, Oxford/AstraZeneca, Pfizer/BioNTech",2653777,1072717,3726494
2021-05-10,"Johnson&Johnson, Moderna, Oxford/AstraZeneca, Pfizer/BioNTech",2726585,1079968,3806553
2021-05-11,"Johnson&Johnson, Moderna, Oxford/AstraZeneca, Pfizer/BioNTech",2802745,1088804,3891549
2021-05-12,"Johnson&Johnson, Moderna, Oxford/AstraZeneca, Pfizer/BioNTech",2882696,1097952,3980648
2021-05-13,"Johnson&Johnson, Moderna, Oxford/AstraZeneca, Pfizer/BioNTech",2966752,1107147,4073899
2021-05-14,"Johnson&Johnson, Moderna, Oxford/AstraZeneca, Pfizer/BioNTech",3046304,1114978,4161282
2021-05-15,"Johnson&Johnson, Moderna, Oxford/AstraZeneca, Pfizer/BioNTech",3078276,1117265,4195541
2021-05-16,"Johnson&Johnson, Moderna, Oxford/AstraZeneca, Pfizer/BioNTech",3104090,1118552,4222642
2021-05-17,"Johnson&Johnson, Moderna, Oxford/AstraZeneca, Pfizer/BioNTech",3176636,1125309,4301945
2021-05-18,"Johnson&Johnson, Moderna, Oxford/AstraZeneca, Pfizer/BioNTech",3248634,1138432,4387066
2021-05-19,"Johnson&Johnson, Moderna, Oxford/AstraZeneca, Pfizer/BioNTech",3326134,1153608,4479742
2021-05-20,"Johnson&Johnson, Moderna, Oxford/AstraZeneca, Pfizer/BioNTech",3401631,1180683,4582314
2021-05-21,"Johnson&Johnson, Moderna, Oxford/AstraZeneca, Pfizer/BioNTech",3470491,1208493,4678984
2021-05-22,"Johnson&Johnson, Moderna, Oxford/AstraZeneca, Pfizer/BioNTech",3502960,1219737,4722697
2021-05-23,"Johnson&Johnson, Moderna, Oxford/AstraZeneca, Pfizer/BioNTech",3525410,1228780,4754190
2021-05-24,"Johnson&Johnson, Moderna, Oxford/AstraZeneca, Pfizer/BioNTech",3572629,1262463,4835092
2021-05-25,"Johnson&Johnson, Moderna, Oxford/AstraZeneca, Pfizer/BioNTech",3624550,1298311,4922861
2021-05-26,"Johnson&Johnson, Moderna, Oxford/AstraZeneca, Pfizer/BioNTech",3692320,1335875,5028195
2021-05-27,"Johnson&Johnson, Moderna, Oxford/AstraZeneca, Pfizer/BioNTech",3753753,1383244,5136997
2021-05-28,"Johnson&Johnson, Moderna, Oxford/AstraZeneca, Pfizer/BioNTech",3815508,1429861,5245369
2021-05-29,"Johnson&Johnson, Moderna, Oxford/AstraZeneca, Pfizer/BioNTech",3844781,1447009,5291790
2021-05-30,"Johnson&Johnson, Moderna, Oxford/AstraZeneca, Pfizer/BioNTech",3867196,1461482,5328678
2021-05-31,"Johnson&Johnson, Moderna, Oxford/AstraZeneca, Pfizer/BioNTech",3922943,1509018,5431961
2021-06-01,"Johnson&Johnson, Moderna, Oxford/AstraZeneca, Pfizer/BioNTech",3982057,1557911,5539968
2021-06-02,"Johnson&Johnson, Moderna, Oxford/AstraZeneca, Pfizer/BioNTech",4045038,1611956,5656994
2021-06-03,"Johnson&Johnson, Moderna, Oxford/AstraZeneca, Pfizer/BioNTech",4103300,1672210,5775510
2021-06-04,"Johnson&Johnson, Moderna, Oxford/AstraZeneca, Pfizer/BioNTech",4166446,1729648,5896094
2021-06-05,"Johnson&Johnson, Moderna, Oxford/AstraZeneca, Pfizer/BioNTech",4200636,1748582,5949218
2021-06-06,"Johnson&Johnson, Moderna, Oxford/AstraZeneca, Pfizer/BioNTech",4227595,1763762,5991357
2021-06-07,"Johnson&Johnson, Moderna, Oxford/AstraZeneca, Pfizer/BioNTech",4291297,1819420,6110717
2021-06-08,"Johnson&Johnson, Moderna, Oxford/AstraZeneca, Pfizer/BioNTech",4355319,1874459,6229778
2021-06-09,"Johnson&Johnson, Moderna, Oxford/AstraZeneca, Pfizer/BioNTech",4414542,1939166,6353708
2021-06-10,"Johnson&Johnson, Moderna, Oxford/AstraZeneca, Pfizer/BioNTech",4468411,2010506,6478917
2021-06-11,"Johnson&Johnson, Moderna, Oxford/AstraZeneca, Pfizer/BioNTech",4520545,2080364,6600909
2021-06-12,"Johnson&Johnson, Moderna, Oxford/AstraZeneca, Pfizer/BioNTech",4552569,2101229,6653798
2021-06-13,"Johnson&Johnson, Moderna, Oxford/AstraZeneca, Pfizer/BioNTech",4576615,2119674,6696289
2021-06-14,"Johnson&Johnson, Moderna, Oxford/AstraZeneca, Pfizer/BioNTech",4619711,2194094,6813805
2021-06-15,"Johnson&Johnson, Moderna, Oxford/AstraZeneca, Pfizer/BioNTech",4664393,2266514,6930907
2021-06-16,"Johnson&Johnson, Moderna, Oxford/AstraZeneca, Pfizer/BioNTech",4707224,2344779,7052003
2021-06-17,"Johnson&Johnson, Moderna, Oxford/AstraZeneca, Pfizer/BioNTech",4746667,2427904,7174571
2021-06-18,"Johnson&Johnson, Moderna, Oxford/AstraZeneca, Pfizer/BioNTech",4789116,2508515,7297631
2021-06-19,"Johnson&Johnson, Moderna, Oxford/AstraZeneca, Pfizer/BioNTech",4810915,2537866,7348781
2021-06-20,"Johnson&Johnson, Moderna, Oxford/AstraZeneca, Pfizer/BioNTech",4828330,2561747,7390077
2021-06-21,"Johnson&Johnson, Moderna, Oxford/AstraZeneca, Pfizer/BioNTech",4860846,2640386,7501232
2021-06-22,"Johnson&Johnson, Moderna, Oxford/AstraZeneca, Pfizer/BioNTech",4893829,2722739,7616568
2021-06-23,"Johnson&Johnson, Moderna, Oxford/AstraZeneca, Pfizer/BioNTech",4925555,2808012,7733567
2021-06-24,"Johnson&Johnson, Moderna, Oxford/AstraZeneca, Pfizer/BioNTech",4955433,2898095,7853528
2021-06-25,"Johnson&Johnson, Moderna, Oxford/AstraZeneca, Pfizer/BioNTech",4986531,2984356,7970887
2021-06-26,"Johnson&Johnson, Moderna, Oxford/AstraZeneca, Pfizer/BioNTech",5002437,3019252,8021689
2021-06-27,"Johnson&Johnson, Moderna, Oxford/AstraZeneca, Pfizer/BioNTech",5016398,3045974,8062372
2021-06-28,"Johnson&Johnson, Moderna, Oxford/AstraZeneca, Pfizer/BioNTech",5044823,3131216,8176039
2021-06-29,"Johnson&Johnson, Moderna, Oxford/AstraZeneca, Pfizer/BioNTech",5074122,3217787,8291909
2021-06-30,"Johnson&Johnson, Moderna, Oxford/AstraZeneca, Pfizer/BioNTech",5101636,3308844,8410480
2021-07-01,"Johnson&Johnson, Moderna, Oxford/AstraZeneca, Pfizer/BioNTech",5125644,3398963,8524607
2021-07-02,"Johnson&Johnson, Moderna, Oxford/AstraZeneca, Pfizer/BioNTech",5152399,3484922,8637321
2021-07-03,"Johnson&Johnson, Moderna, Oxford/AstraZeneca, Pfizer/BioNTech",5159505,3516503,8676008
2021-07-04,"Johnson&Johnson, Moderna, Oxford/AstraZeneca, Pfizer/BioNTech",5167098,3538332,8705430
2021-07-05,"Johnson&Johnson, Moderna, Oxford/AstraZeneca, Pfizer/BioNTech",5174522,3563750,8738272
2021-07-06,"Johnson&Johnson, Moderna, Oxford/AstraZeneca, Pfizer/BioNTech",5180002,3591488,8771490
2021-07-07,"Johnson&Johnson, Moderna, Oxford/AstraZeneca, Pfizer/BioNTech",5205840,3670499,8876339
2021-07-08,"Johnson&Johnson, Moderna, Oxford/AstraZeneca, Pfizer/BioNTech",5232463,3740859,8973322
2021-07-09,"Johnson&Johnson, Moderna, Oxford/AstraZeneca, Pfizer/BioNTech",5260420,3810203,9070623
2021-07-10,"Johnson&Johnson, Moderna, Oxford/AstraZeneca, Pfizer/BioNTech",5269809,3838882,9108691
2021-07-11,"Johnson&Johnson, Moderna, Oxford/AstraZeneca, Pfizer/BioNTech",5278367,3861775,9140142
2021-07-12,"Johnson&Johnson, Moderna, Oxford/AstraZeneca, Pfizer/BioNTech",5305913,3930870,9236783
2021-07-13,"Johnson&Johnson, Moderna, Oxford/AstraZeneca, Pfizer/BioNTech",5332126,4000776,9332902
2021-07-14,"Johnson&Johnson, Moderna, Oxford/AstraZeneca, Pfizer/BioNTech",5357971,4072795,9430766
2021-07-15,"Johnson&Johnson, Moderna, Oxford/AstraZeneca, Pfizer/BioNTech",5387166,4138846,9526012
2021-07-16,"Johnson&Johnson, Moderna, Oxford/AstraZeneca, Pfizer/BioNTech",5415105,4211610,9626715
2021-07-17,"Johnson&Johnson, Moderna, Oxford/AstraZeneca, Pfizer/BioNTech",5423909,4243093,9667002
2021-07-18,"Johnson&Johnson, Moderna, Oxford/AstraZeneca, Pfizer/BioNTech",5432355,4269111,9701466
2021-07-19,"Johnson&Johnson, Moderna, Oxford/AstraZeneca, Pfizer/BioNTech",5455732,4336159,9791891
2021-07-20,"Johnson&Johnson, Moderna, Oxford/AstraZeneca, Pfizer/BioNTech",5477144,4403246,9880390
2021-07-21,"Johnson&Johnson, Moderna, Oxford/AstraZeneca, Pfizer/BioNTech",5500610,4466728,9967338
2021-07-22,"Johnson&Johnson, Moderna, Oxford/AstraZeneca, Pfizer/BioNTech",5522983,4525384,10048367
2021-07-23,"Johnson&Johnson, Moderna, Oxford/AstraZeneca, Pfizer/BioNTech",5546224,4580164,10126388
2021-07-24,"Johnson&Johnson, Moderna, Oxford/AstraZeneca, Pfizer/BioNTech",5553576,4607848,10161424
2021-07-25,"Johnson&Johnson, Moderna, Oxford/AstraZeneca, Pfizer/BioNTech",5560216,4629993,10190209
2021-07-26,"Johnson&Johnson, Moderna, Oxford/AstraZeneca, Pfizer/BioNTech",5583778,4678704,10262482
2021-07-27,"Johnson&Johnson, Moderna, Oxford/AstraZeneca, Pfizer/BioNTech",5606536,4725381,10331917
2021-07-28,"Johnson&Johnson, Moderna, Oxford/AstraZeneca, Pfizer/BioNTech",5627823,4771423,10399246
2021-07-29,"Johnson&Johnson, Moderna, Oxford/AstraZeneca, Pfizer/BioNTech",5649167,4813428,10462595
2021-07-30,"Johnson&Johnson, Moderna, Oxford/AstraZeneca, Pfizer/BioNTech",5672455,4856022,10528477
2021-07-31,"Johnson&Johnson, Moderna, Oxford/AstraZeneca, Pfizer/BioNTech",5681413,4875578,10556991
2021-08-01,"Johnson&Johnson, Moderna, Oxford/AstraZeneca, Pfizer/BioNTech",5688148,4891763,10579911
2021-08-02,"Johnson&Johnson, Moderna, Oxford/AstraZeneca, Pfizer/BioNTech",5706798,4929350,10636148
2021-08-03,"Johnson&Johnson, Moderna, Oxford/AstraZeneca, Pfizer/BioNTech",5724451,4967487,10691938
2021-08-04,"Johnson&Johnson, Moderna, Oxford/AstraZeneca, Pfizer/BioNTech",5740582,5004281,10744863
2021-08-05,"Johnson&Johnson, Moderna, Oxford/AstraZeneca, Pfizer/BioNTech",5756630,5044793,10801423
2021-08-06,"Johnson&Johnson, Moderna, Oxford/AstraZeneca, Pfizer/BioNTech",5773440,5088121,10861561
2021-08-07,"Johnson&Johnson, Moderna, Oxford/AstraZeneca, Pfizer/BioNTech",5779050,5106310,10885360
2021-08-08,"Johnson&Johnson, Moderna, Oxford/AstraZeneca, Pfizer/BioNTech",5783423,5122081,10905504
2021-08-09,"Johnson&Johnson, Moderna, Oxford/AstraZeneca, Pfizer/BioNTech",5796064,5167162,10963226
2021-08-10,"Johnson&Johnson, Moderna, Oxford/AstraZeneca, Pfizer/BioNTech",5807914,5206756,11014670
2021-08-11,"Johnson&Johnson, Moderna, Oxford/AstraZeneca, Pfizer/BioNTech",5819288,5249911,11069199
2021-08-12,"Johnson&Johnson, Moderna, Oxford/AstraZeneca, Pfizer/BioNTech",5830714,5287071,11117785
2021-08-13,"Johnson&Johnson, Moderna, Oxford/AstraZeneca, Pfizer/BioNTech",5841448,5327441,11168889
2021-08-14,"Johnson&Johnson, Moderna, Oxford/AstraZeneca, Pfizer/BioNTech",5844789,5338159,11182948
2021-08-15,"Johnson&Johnson, Moderna, Oxford/AstraZeneca, Pfizer/BioNTech",5847381,5348552,11195933
2021-08-16,"Johnson&Johnson, Moderna, Oxford/AstraZeneca, Pfizer/BioNTech",5857176,5382648,11239824
2021-08-17,"Johnson&Johnson, Moderna, Oxford/AstraZeneca, Pfizer/BioNTech",5866779,5409764,11276543
2021-08-18,"Johnson&Johnson, Moderna, Oxford/AstraZeneca, Pfizer/BioNTech",5876156,5448680,11324836
2021-08-19,"Johnson&Johnson, Moderna, Oxford/AstraZeneca, Pfizer/BioNTech",5885838,5487050,11372888
2021-08-20,"Johnson&Johnson, Moderna, Oxford/AstraZeneca, Pfizer/BioNTech",5897232,5527252,11424484
2021-08-21,"Johnson&Johnson, Moderna, Oxford/AstraZeneca, Pfizer/BioNTech",5899958,5540030,11439988
2021-08-22,"Johnson&Johnson, Moderna, Oxford/AstraZeneca, Pfizer/BioNTech",5902304,5552006,11454310
2021-08-23,"Johnson&Johnson, Moderna, Oxford/AstraZeneca, Pfizer/BioNTech",5912837,5591294,11504131
2021-08-24,"Johnson&Johnson, Moderna, Oxford/AstraZeneca, Pfizer/BioNTech",5922718,5624562,11547280
2021-08-25,"Johnson&Johnson, Moderna, Oxford/AstraZeneca, Pfizer/BioNTech",5931586,5652940,11584526
2021-08-26,"Johnson&Johnson, Moderna, Oxford/AstraZeneca, Pfizer/BioNTech",5940042,5679070,11619112
2021-08-27,"Johnson&Johnson, Moderna, Oxford/AstraZeneca, Pfizer/BioNTech",5950369,5705061,11655430
2021-08-28,"Johnson&Johnson, Moderna, Oxford/AstraZeneca, Pfizer/BioNTech",5953111,5712131,11665242
2021-08-29,"Johnson&Johnson, Moderna, Oxford/AstraZeneca, Pfizer/BioNTech",5955525,5718758,11674283
2021-08-30,"Johnson&Johnson, Moderna, Oxford/AstraZeneca, Pfizer/BioNTech",5964054,5740642,11704696
2021-08-31,"Johnson&Johnson, Moderna, Oxford/AstraZeneca, Pfizer/BioNTech",5971744,5758759,11730503
2021-09-01,"Johnson&Johnson, Moderna, Oxford/AstraZeneca, Pfizer/BioNTech",5977656,5772784,11750440
2021-09-02,"Johnson&Johnson, Moderna, Oxford/AstraZeneca, Pfizer/BioNTech",5984501,5787181,11771682
2021-09-03,"Johnson&Johnson, Moderna, Oxford/AstraZeneca, Pfizer/BioNTech",5994065,5802920,11796985
2021-09-04,"Johnson&Johnson, Moderna, Oxford/AstraZeneca, Pfizer/BioNTech",5996137,5806481,11802618
2021-09-05,"Johnson&Johnson, Moderna, Oxford/AstraZeneca, Pfizer/BioNTech",5998178,5809331,11807509
2021-09-06,"Johnson&Johnson, Moderna, Oxford/AstraZeneca, Pfizer/BioNTech",6004418,5821878,11826296
2021-09-07,"Johnson&Johnson, Moderna, Oxford/AstraZeneca, Pfizer/BioNTech",6008813,5832968,11841781
2021-09-08,"Johnson&Johnson, Moderna, Oxford/AstraZeneca, Pfizer/BioNTech",6014490,5842836,11857326
2021-09-09,"Johnson&Johnson, Moderna, Oxford/AstraZeneca, Pfizer/BioNTech",6021192,5852912,11874104
2021-09-10,"Johnson&Johnson, Moderna, Oxford/AstraZeneca, Pfizer/BioNTech",6028893,5865097,11893990
2021-09-11,"Johnson&Johnson, Moderna, Oxford/AstraZeneca, Pfizer/BioNTech",6030763,5867585,11898348
2021-09-12,"Johnson&Johnson, Moderna, Oxford/AstraZeneca, Pfizer/BioNTech",6031884,5869220,11901104
2021-09-13,"Johnson&Johnson, Moderna, Oxford/AstraZeneca, Pfizer/BioNTech",6037327,5879528,11916855
2021-09-14,"Johnson&Johnson, Moderna, Oxford/AstraZeneca, Pfizer/BioNTech",6042727,5888547,11931274
2021-09-15,"Johnson&Johnson, Moderna, Oxford/AstraZeneca, Pfizer/BioNTech",6047939,5897079,11945018
2021-09-16,"Johnson&Johnson, Moderna, Oxford/AstraZeneca, Pfizer/BioNTech",6053299,5905363,11958662
2021-09-17,"Johnson&Johnson, Moderna, Oxford/AstraZeneca, Pfizer/BioNTech",6059872,5915603,11975475
2021-09-18,"Johnson&Johnson, Moderna, Oxford/AstraZeneca, Pfizer/BioNTech",6061604,5917969,11979573
2021-09-19,"Johnson&Johnson, Moderna, Oxford/AstraZeneca, Pfizer/BioNTech",6062550,5919539,11982089
2021-09-20,"Johnson&Johnson, Moderna, Oxford/AstraZeneca, Pfizer/BioNTech",6066572,5927742,11994314
2021-09-21,"Johnson&Johnson, Moderna, Oxford/AstraZeneca, Pfizer/BioNTech",6070811,5935283,12006094
2021-09-22,"Johnson&Johnson, Moderna, Oxford/AstraZeneca, Pfizer/BioNTech",6075006,5940811,12015817
2021-09-23,"Johnson&Johnson, Moderna, Oxford/AstraZeneca, Pfizer/BioNTech",6079980,5947227,12027207
2021-09-24,"Johnson&Johnson, Moderna, Oxford/AstraZeneca, Pfizer/BioNTech",6085741,5956845,12042586
2021-09-25,"Johnson&Johnson, Moderna, Oxford/AstraZeneca, Pfizer/BioNTech",6087241,5958846,12046087
2021-09-26,"Johnson&Johnson, Moderna, Oxford/AstraZeneca, Pfizer/BioNTech",6087986,5960487,12048473
2021-09-27,"Johnson&Johnson, Moderna, Oxford/AstraZeneca, Pfizer/BioNTech",6091871,5967004,12058875
2021-09-28,"Johnson&Johnson, Moderna, Oxford/AstraZeneca, Pfizer/BioNTech",6092242,5967641,12059883
2021-09-29,"Johnson&Johnson, Moderna, Oxford/AstraZeneca, Pfizer/BioNTech",6096020,5975106,12071126
2021-09-30,"Johnson&Johnson, Moderna, Oxford/AstraZeneca, Pfizer/BioNTech",6100535,5982811,12083346
2021-10-01,"Johnson&Johnson, Moderna, Oxford/AstraZeneca, Pfizer/BioNTech",6104843,5990797,12095640
2021-10-02,"Johnson&Johnson, Moderna, Oxford/AstraZeneca, Pfizer/BioNTech",6105906,5992344,12098250
2021-10-03,"Johnson&Johnson, Moderna, Oxford/AstraZeneca, Pfizer/BioNTech",6106631,5993216,12099847
2021-10-04,"Johnson&Johnson, Moderna, Oxford/AstraZeneca, Pfizer/BioNTech",6109708,5998793,12108501
2021-10-05,"Johnson&Johnson, Moderna, Oxford/AstraZeneca, Pfizer/BioNTech",6112870,6003878,12116748
2021-10-06,"Johnson&Johnson, Moderna, Oxford/AstraZeneca, Pfizer/BioNTech",6116390,6009053,12125443
2021-10-07,"Johnson&Johnson, Moderna, Oxford/AstraZeneca, Pfizer/BioNTech",6119674,6014314,12133988
2021-10-08,"Johnson&Johnson, Moderna, Oxford/AstraZeneca, Pfizer/BioNTech",6124468,6020959,12145427
2021-10-09,"Johnson&Johnson, Moderna, Oxford/AstraZeneca, Pfizer/BioNTech",6125712,6022625,12148337
2021-10-10,"Johnson&Johnson, Moderna, Oxford/AstraZeneca, Pfizer/BioNTech",6126656,6023457,12150113
2021-10-11,"Johnson&Johnson, Moderna, Oxford/AstraZeneca, Pfizer/BioNTech",6129586,6027873,12157459
2021-10-12,"Johnson&Johnson, Moderna, Oxford/AstraZeneca, Pfizer/BioNTech",6132522,6031878,12164400
2021-10-13,"Johnson&Johnson, Moderna, Oxford/AstraZeneca, Pfizer/BioNTech",6136054,6036065,12172119
2021-10-14,"Johnson&Johnson, Moderna, Oxford/AstraZeneca, Pfizer/BioNTech",6139727,6041016,12180743
2021-10-15,"Johnson&Johnson, Moderna, Oxford/AstraZeneca, Pfizer/BioNTech",6144955,6047164,12192119
2021-10-16,"Johnson&Johnson, Moderna, Oxford/AstraZeneca, Pfizer/BioNTech",6146370,6048692,12195062
2021-10-17,"Johnson&Johnson, Moderna, Pfizer/BioNTech",6147697,6049747,12197444
2021-10-18,"Johnson&Johnson, Moderna, Oxford/AstraZeneca, Pfizer/BioNTech",6151810,6053849,12205659
2021-10-19,"Johnson&Johnson, Moderna, Oxford/AstraZeneca, Pfizer/BioNTech",6155390,6055950,12211340
2021-10-20,"Johnson&Johnson, Moderna, Oxford/AstraZeneca, Pfizer/BioNTech",6160274,6060410,12220684
2021-10-21,"Johnson&Johnson, Moderna, Oxford/AstraZeneca, Pfizer/BioNTech",6168041,6066016,12234057
2021-10-22,"Johnson&Johnson, Moderna, Oxford/AstraZeneca, Pfizer/BioNTech",6178495,6072517,12251012
2021-10-23,"Johnson&Johnson, Moderna, Oxford/AstraZeneca, Pfizer/BioNTech",6182169,6074724,12256893
2021-10-24,"Johnson&Johnson, Moderna, Oxford/AstraZeneca, Pfizer/BioNTech",6184854,6076505,12261359
2021-10-25,"Johnson&Johnson, Moderna, Oxford/AstraZeneca, Pfizer/BioNTech",6195353,6082314,12277667
2021-10-26,"Johnson&Johnson, Moderna, Oxford/AstraZeneca, Pfizer/BioNTech",6207343,6088865,12296208
2021-10-27,"Johnson&Johnson, Moderna, Oxford/AstraZeneca, Pfizer/BioNTech",6221952,6096279,12318231
2021-10-28,"Johnson&Johnson, Moderna, Oxford/AstraZeneca, Pfizer/BioNTech",6225377,6097964,12323341
2021-10-29,"Johnson&Johnson, Moderna, Oxford/AstraZeneca, Pfizer/BioNTech",6239814,6105952,12345766
2021-10-30,"Johnson&Johnson, Moderna, Oxford/AstraZeneca, Pfizer/BioNTech",6244343,6108878,12353221
2021-10-31,"Johnson&Johnson, Moderna, Oxford/AstraZeneca, Pfizer/BioNTech",6248106,6111353,12359459
2021-11-01,"Johnson&Johnson, Moderna, Oxford/AstraZeneca, Pfizer/BioNTech",6263303,6119038,12382341
2021-11-02,"Johnson&Johnson, Moderna, Oxford/AstraZeneca, Pfizer/BioNTech",6278755,6126594,12405349
2021-11-03,"Johnson&Johnson, Moderna, Oxford/AstraZeneca, Pfizer/BioNTech",6295934,6133887,12429821
2021-11-04,"Johnson&Johnson, Moderna, Oxford/AstraZeneca, Pfizer/BioNTech",6314284,6142059,12456343
2021-11-05,"Johnson&Johnson, Moderna, Oxford/AstraZeneca, Pfizer/BioNTech",6337083,6153341,12490424
2021-11-06,"Johnson&Johnson, Moderna, Oxford/AstraZeneca, Pfizer/BioNTech",6343600,6156397,12499997
2021-11-07,"Johnson&Johnson, Moderna, Oxford/AstraZeneca, Pfizer/BioNTech",6347622,6158833,12506455
2021-11-08,"Johnson&Johnson, Moderna, Oxford/AstraZeneca, Pfizer/BioNTech",6363889,6166461,12530350
2021-11-09,"Johnson&Johnson, Moderna, Oxford/AstraZeneca, Pfizer/BioNTech",6378698,6173760,12552458
2021-11-10,"Johnson&Johnson, Moderna, Oxford/AstraZeneca, Pfizer/BioNTech",6394436,6181146,12575582
2021-11-11,"Johnson&Johnson, Moderna, Oxford/AstraZeneca, Pfizer/BioNTech",6409907,6190254,12600161
2021-11-12,"Johnson&Johnson, Moderna, Oxford/AstraZeneca, Pfizer/BioNTech",6429710,6203058,12632768
2021-11-13,"Johnson&Johnson, Moderna, Oxford/AstraZeneca, Pfizer/BioNTech",6435104,6206933,12642037
2021-11-14,"Johnson&Johnson, Moderna, Oxford/AstraZeneca, Pfizer/BioNTech",6438998,6209938,12648936
2021-11-15,"Johnson&Johnson, Moderna, Oxford/AstraZeneca, Pfizer/BioNTech",6454078,6220631,12674709
2021-11-16,"Johnson&Johnson, Moderna, Oxford/AstraZeneca, Pfizer/BioNTech",6471619,6232611,12704230
2021-11-17,"Johnson&Johnson, Moderna, Oxford/AstraZeneca, Pfizer/BioNTech",6475860,6236176,12712036
2021-11-18,"Johnson&Johnson, Moderna, Oxford/AstraZeneca, Pfizer/BioNTech",6495279,6247870,12743149
2021-11-19,"Johnson&Johnson, Moderna, Oxford/AstraZeneca, Pfizer/BioNTech",6519886,6264841,12784727
2021-11-20,"Johnson&Johnson, Moderna, Oxford/AstraZeneca, Pfizer/BioNTech",6528464,6269823,12798287
2021-11-21,"Johnson&Johnson, Moderna, Pfizer/BioNTech",6535233,6273596,12808829
2021-11-22,"Johnson&Johnson, Moderna, Oxford/AstraZeneca, Pfizer/BioNTech",6553743,6287711,12841454
2021-11-23,"Johnson&Johnson, Moderna, Oxford/AstraZeneca, Pfizer/BioNTech",6572809,6300972,12873781
2021-11-24,"Johnson&Johnson, Moderna, Oxford/AstraZeneca, Pfizer/BioNTech",6591824,6316819,12908643
2021-11-25,"Johnson&Johnson, Moderna, Oxford/AstraZeneca, Pfizer/BioNTech",6610968,6331853,12942821
2021-11-26,"Johnson&Johnson, Moderna, Oxford/AstraZeneca, Pfizer/BioNTech",6632623,6350990,12983613
2021-11-27,"Johnson&Johnson, Moderna, Oxford/AstraZeneca, Pfizer/BioNTech",6640092,6356545,12996637
2021-11-28,"Johnson&Johnson, Moderna, Oxford/AstraZeneca, Pfizer/BioNTech",6643425,6359680,13003105
2021-11-29,"Johnson&Johnson, Moderna, Oxford/AstraZeneca, Pfizer/BioNTech",6658634,6373337,13031971
2021-11-30,"Johnson&Johnson, Moderna, Oxford/AstraZeneca, Pfizer/BioNTech",6671837,6384568,13056405
2021-12-01,"Johnson&Johnson, Moderna, Oxford/AstraZeneca, Pfizer/BioNTech",6685871,6397023,13082894
2021-12-02,"Johnson&Johnson, Moderna, Oxford/AstraZeneca, Pfizer/BioNTech",6696511,6409513,13106024
2021-12-03,"Johnson&Johnson, Moderna, Oxford/AstraZeneca, Pfizer/BioNTech",6706151,6425090,13131241
2021-12-04,"Johnson&Johnson, Moderna, Pfizer/BioNTech",6708708,6429040,13137748
2021-12-05,"Johnson&Johnson, Moderna, Oxford/AstraZeneca, Pfizer/BioNTech",6710069,6431379,13141448
2021-12-06,"Johnson&Johnson, Moderna, Oxford/AstraZeneca, Pfizer/BioNTech",6718216,6442909,13161125
2021-12-07,"Johnson&Johnson, Moderna, Oxford/AstraZeneca, Pfizer/BioNTech",6726107,6454918,13181025
2021-12-08,"Johnson&Johnson, Moderna, Oxford/AstraZeneca, Pfizer/BioNTech",6734351,6460846,13195197
2021-12-09,"Johnson&Johnson, Moderna, Oxford/AstraZeneca, Pfizer/BioNTech",6741472,6473665,13215137
2021-12-10,"Johnson&Johnson, Moderna, Oxford/AstraZeneca, Pfizer/BioNTech",6748404,6491468,13239872
2021-12-11,"Johnson&Johnson, Moderna, Oxford/AstraZeneca, Pfizer/BioNTech",6750063,6496740,13246803
2021-12-12,"Johnson&Johnson, Moderna, Oxford/AstraZeneca, Pfizer/BioNTech",6751374,6501173,13252547
2021-12-13,"Johnson&Johnson, Moderna, Oxford/AstraZeneca, Pfizer/BioNTech",6757725,6514485,13272210
2021-12-14,"Johnson&Johnson, Moderna, Oxford/AstraZeneca, Pfizer/BioNTech",6763936,6528154,13292090
2021-12-15,"Johnson&Johnson, Moderna, Oxford/AstraZeneca, Pfizer/BioNTech",6770143,6541755,13311898
2021-12-16,"Johnson&Johnson, Moderna, Oxford/AstraZeneca, Pfizer/BioNTech",6777084,6556589,13333673
2021-12-17,"Johnson&Johnson, Moderna, Oxford/AstraZeneca, Pfizer/BioNTech",6785449,6573853,13359302
2021-12-18,"Johnson&Johnson, Moderna, Oxford/AstraZeneca, Pfizer/BioNTech",6788060,6579305,13367365
2021-12-19,"Johnson&Johnson, Moderna, Pfizer/BioNTech",6789831,6581809,13371640
2021-12-20,"Johnson&Johnson, Moderna, Oxford/AstraZeneca, Pfizer/BioNTech",6795686,6595872,13391558
2021-12-21,"Johnson&Johnson, Moderna, Oxford/AstraZeneca, Pfizer/BioNTech",6802347,6607867,13410214
2021-12-22,"Johnson&Johnson, Moderna, Oxford/AstraZeneca, Pfizer/BioNTech",6807395,6620923,13428318
2021-12-23,"Johnson&Johnson, Moderna, Oxford/AstraZeneca, Pfizer/BioNTech",6810269,6626524,13436793
2021-12-24,"Johnson&Johnson, Moderna, Oxford/AstraZeneca, Pfizer/BioNTech",6810315,6626625,13436940
2021-12-25,"Moderna, Pfizer/BioNTech",6810316,6626633,13436949
2021-12-26,"Moderna, Pfizer/BioNTech",6810418,6626836,13437254
2021-12-27,"Johnson&Johnson, Moderna, Pfizer/BioNTech",6814285,6636579,13450864
2021-12-28,"Johnson&Johnson, Moderna, Oxford/AstraZeneca, Pfizer/BioNTech",6819526,6644574,13464100
2021-12-29,"Johnson&Johnson, Moderna, Oxford/AstraZeneca, Pfizer/BioNTech",6823807,6652293,13476100
2021-12-30,"Johnson&Johnson, Moderna, Pfizer/BioNTech",6828107,6657725,13485832
2021-12-31,"Johnson&Johnson, Moderna, Pfizer/BioNTech",6828617,6659148,13487765
2022-01-01,"Johnson&Johnson, Moderna, Pfizer/BioNTech",6828623,6659166,13487789
2022-01-02,"Johnson&Johnson, Moderna, Pfizer/BioNTech",6829480,6660543,13490023
2022-01-03,"Johnson&Johnson, Moderna, Oxford/AstraZeneca, Pfizer/BioNTech",6833615,6669445,13503060
2022-01-04,"Johnson&Johnson, Moderna, Oxford/AstraZeneca, Pfizer/BioNTech",6838701,6677199,13515900
2022-01-05,"Johnson&Johnson, Moderna, Oxford/AstraZeneca, Pfizer/BioNTech",6844521,6685169,13529690
2022-01-06,"Johnson&Johnson, Moderna, Oxford/AstraZeneca, Pfizer/BioNTech",6851107,6693570,13544677
2022-01-07,"Johnson&Johnson, Moderna, Oxford/AstraZeneca, Pfizer/BioNTech",6858983,6703925,13562908
2022-01-08,"Johnson&Johnson, Moderna, Oxford/AstraZeneca, Pfizer/BioNTech",6861463,6706708,13568171
2022-01-09,"Johnson&Johnson, Moderna, Pfizer/BioNTech",6862545,6708402,13570947
2022-01-10,"Johnson&Johnson, Moderna, Oxford/AstraZeneca, Pfizer/BioNTech",6867043,6714588,13581631
2022-01-11,"Johnson&Johnson, Moderna, Oxford/AstraZeneca, Pfizer/BioNTech",6872481,6721342,13593823
2022-01-12,"Johnson&Johnson, Moderna, Oxford/AstraZeneca, Pfizer/BioNTech",6878429,6726984,13605413
2022-01-13,"Johnson&Johnson, Moderna, Oxford/AstraZeneca, Pfizer/BioNTech",6884313,6731761,13616074
2022-01-14,"Johnson&Johnson, Moderna, Oxford/AstraZeneca, Pfizer/BioNTech",6890614,6735393,13626007
2022-01-15,"Johnson&Johnson, Moderna, Oxford/AstraZeneca, Pfizer/BioNTech",6891891,6736047,13627938
2022-01-16,"Johnson&Johnson, Moderna, Oxford/AstraZeneca, Pfizer/BioNTech",6892578,6736484,13629062
2022-01-17,"Johnson&Johnson, Moderna, Oxford/AstraZeneca, Pfizer/BioNTech",6896132,6740440,13636572
2022-01-18,"Johnson&Johnson, Moderna, Oxford/AstraZeneca, Pfizer/BioNTech",6899982,6745389,13645371
2022-01-19,"Johnson&Johnson, Moderna, Oxford/AstraZeneca, Pfizer/BioNTech",6904051,6749320,13653371
2022-01-20,"Johnson&Johnson, Moderna, Oxford/AstraZeneca, Pfizer/BioNTech",6907643,6753774,13661417
2022-01-21,"Johnson&Johnson, Moderna, Oxford/AstraZeneca, Pfizer/BioNTech",6911638,6756302,13667940
2022-01-22,"Johnson&Johnson, Moderna, Pfizer/BioNTech",6912417,6756741,13669158
2022-01-23,"Johnson&Johnson, Moderna, Pfizer/BioNTech",6912978,6757375,13670353
2022-01-24,"Johnson&Johnson, Moderna, Oxford/AstraZeneca, Pfizer/BioNTech",6915248,6760810,13676058
2022-01-25,"Johnson&Johnson, Moderna, Oxford/AstraZeneca, Pfizer/BioNTech",6917602,6764805,13682407
2022-01-26,"Johnson&Johnson, Moderna, Oxford/AstraZeneca, Pfizer/BioNTech",6919986,6769370,13689356
2022-01-27,"Johnson&Johnson, Moderna, Oxford/AstraZeneca, Pfizer/BioNTech",6922309,6774182,13696491
2022-01-28,"Johnson&Johnson, Moderna, Oxford/AstraZeneca, Pfizer/BioNTech",6925220,6780344,13705564
2022-01-29,"Johnson&Johnson, Moderna, Oxford/AstraZeneca, Pfizer/BioNTech",6925820,6781995,13707815
2022-01-30,"Johnson&Johnson, Moderna, Pfizer/BioNTech",6926047,6782773,13708820
2022-01-31,"Johnson&Johnson, Moderna, Pfizer/BioNTech",6927588,6786691,13714279
2022-02-01,"Johnson&Johnson, Moderna, Pfizer/BioNTech",6929185,6790723,13719908
2022-02-02,"Johnson&Johnson, Moderna, Oxford/AstraZeneca, Pfizer/BioNTech",6930751,6795227,13725978
2022-02-03,"Johnson&Johnson, Moderna, Pfizer/BioNTech",6932123,6799704,13731827
2022-02-04,"Johnson&Johnson, Moderna, Pfizer/BioNTech",6933723,6804819,13738542
2022-02-05,"Johnson&Johnson, Moderna, Pfizer/BioNTech",6933896,6805428,13739324
2022-02-06,"Johnson&Johnson, Moderna, Pfizer/BioNTech",6933992,6805747,13739739
2022-02-07,"Johnson&Johnson, Moderna, Pfizer/BioNTech",6934690,6808956,13743646
2022-02-08,"Johnson&Johnson, Moderna, Pfizer/BioNTech",6935483,6812141,13747624
2022-02-09,"Johnson&Johnson, Moderna, Pfizer/BioNTech",6936309,6815512,13751821
2022-02-10,"Johnson&Johnson, Moderna, Pfizer/BioNTech",6937099,6818636,13755735
2022-02-11,"Johnson&Johnson, Moderna, Pfizer/BioNTech",6938051,6822546,13760597
2022-02-12,"Johnson&Johnson, Moderna, Pfizer/BioNTech",6938161,6822964,13761125
2022-02-13,"Johnson&Johnson, Moderna, Pfizer/BioNTech",6938196,6823401,13761597
2022-02-14,"Johnson&Johnson, Moderna, Pfizer/BioNTech",6938653,6825514,13764167
2022-02-15,"Johnson&Johnson, Moderna, Pfizer/BioNTech",6939204,6827717,13766921
2022-02-16,"Johnson&Johnson, Moderna, Pfizer/BioNTech",6939794,6829814,13769608
2022-02-17,"Johnson&Johnson, Moderna, Pfizer/BioNTech",6940388,6832153,13772541
2022-02-18,"Johnson&Johnson, Moderna, Oxford/AstraZeneca, Pfizer/BioNTech",6941029,6835204,13776233
2022-02-19,"Johnson&Johnson, Moderna, Pfizer/BioNTech",6941108,6835485,13776593
2022-02-20,"Johnson&Johnson, Moderna, Pfizer/BioNTech",6941142,6835634,13776776
2022-02-21,"Johnson&Johnson, Moderna, Pfizer/BioNTech",6941503,6837331,13778834
2022-02-22,"Johnson&Johnson, Moderna, Oxford/AstraZeneca, Pfizer/BioNTech",6941893,6839010,13780903
2022-02-23,"Johnson&Johnson, Moderna, Pfizer/BioNTech",6942344,6840652,13782996
2022-02-24,"Johnson&Johnson, Moderna, Pfizer/BioNTech",6942751,6842282,13785033
2022-02-25,"Johnson&Johnson, Moderna, Pfizer/BioNTech",6943335,6844365,13787700
2022-02-26,"Johnson&Johnson, Moderna, Pfizer/BioNTech",6943396,6844525,13787921
2022-02-27,"Johnson&Johnson, Moderna, Pfizer/BioNTech",6943426,6844601,13788027
2022-02-28,"Johnson&Johnson, Moderna, Pfizer/BioNTech",6943671,6845570,13789241
2022-03-01,"Johnson&Johnson, Moderna, Pfizer/BioNTech",6943924,6846347,13790271
2022-03-02,"Johnson&Johnson, Moderna, Novavax, Pfizer/BioNTech",6944259,6847254,13791513
2022-03-03,"Johnson&Johnson, Moderna, Novavax, Pfizer/BioNTech",6944588,6848196,13792784
2022-03-04,"Johnson&Johnson, Moderna, Novavax, Pfizer/BioNTech",6945209,6849414,13794623
2022-03-05,"Johnson&Johnson, Moderna, Novavax, Pfizer/BioNTech",6945288,6849505,13794793
2022-03-06,"Moderna, Novavax, Pfizer/BioNTech",6945299,6849523,13794822
2022-03-07,"Johnson&Johnson, Moderna, Novavax, Pfizer/BioNTech",6945632,6850080,13795712
2022-03-08,"Johnson&Johnson, Moderna, Novavax, Pfizer/BioNTech",6945966,6850622,13796588
2022-03-09,"Johnson&Johnson, Moderna, Novavax, Pfizer/BioNTech",6946348,6851205,13797553
2022-03-10,"Johnson&Johnson, Moderna, Novavax, Pfizer/BioNTech",6946754,6851873,13798627
2022-03-11,"Johnson&Johnson, Moderna, Novavax, Pfizer/BioNTech",6947482,6852781,13800263
2022-03-12,"Johnson&Johnson, Moderna, Novavax, Pfizer/BioNTech",6947550,6852886,13800436
2022-03-13,"Johnson&Johnson, Moderna, Novavax, Pfizer/BioNTech",6947563,6852904,13800467
2022-03-14,"Johnson&Johnson, Moderna, Novavax, Pfizer/BioNTech",6947821,6853279,13801100
2022-03-15,"Johnson&Johnson, Moderna, Novavax, Pfizer/BioNTech",6948097,6853714,13801811
2022-03-16,"Johnson&Johnson, Moderna, Novavax, Pfizer/BioNTech",6948406,6854253,13802659
2022-03-17,"Johnson&Johnson, Moderna, Novavax, Oxford/AstraZeneca, Pfizer/BioNTech",6948696,6854684,13803380
2022-03-18,"Johnson&Johnson, Moderna, Novavax, Pfizer/BioNTech",6949377,6855473,13804850
2022-03-19,"Moderna, Novavax, Pfizer/BioNTech",6949434,6855518,13804952
2022-03-20,"Moderna, Novavax, Pfizer/BioNTech",6949451,6855530,13804981
2022-03-21,"Johnson&Johnson, Moderna, Novavax, Pfizer/BioNTech",6949636,6855857,13805493
2022-03-22,"Johnson&Johnson, Moderna, Novavax, Pfizer/BioNTech",6949869,6856249,13806118
2022-03-23,"Johnson&Johnson, Moderna, Novavax, Pfizer/BioNTech",6950208,6856682,13806890
2022-03-24,"Johnson&Johnson, Moderna, Novavax, Pfizer/BioNTech",6950509,6857147,13807656
2022-03-25,"Johnson&Johnson, Moderna, Novavax, Pfizer/BioNTech",6950988,6857939,13808927
2022-03-26,"Johnson&Johnson, Moderna, Novavax, Pfizer/BioNTech",6951040,6858016,13809056
2022-03-27,"Moderna, Novavax, Pfizer/BioNTech",6951056,6858032,13809088
2022-03-28,"Johnson&Johnson, Moderna, Novavax, Pfizer/BioNTech",6951210,6858408,13809618
2022-03-29,"Johnson&Johnson, Moderna, Novavax, Pfizer/BioNTech",6951470,6858809,13810279
2022-03-30,"Johnson&Johnson, Moderna, Novavax, Pfizer/BioNTech",6951773,6859263,13811036
2022-03-31,"Johnson&Johnson, Moderna, Novavax, Pfizer/BioNTech",6952061,6859747,13811808
2022-04-01,"Johnson&Johnson, Moderna, Novavax, Pfizer/BioNTech",6952593,6860450,13813043
2022-04-02,"Moderna, Novavax, Pfizer/BioNTech",6952637,6860521,13813158
2022-04-03,"Moderna, Novavax, Pfizer/BioNTech",6952649,6860549,13813198
