date,vaccine,people_vaccinated,people_fully_vaccinated,total_vaccinations
2020-12-27,Pfizer/BioNTech,1262,0,1262
2020-12-28,Pfizer/BioNTech,3552,0,3552
2020-12-29,Pfizer/BioNTech,7012,0,7012
2020-12-30,Pfizer/BioNTech,10482,0,10482
2020-12-31,Pfizer/BioNTech,11795,0,11795
2021-01-01,Pfizer/BioNTech,12057,0,12057
2021-01-02,Pfizer/BioNTech,13314,0,13314
2021-01-03,Pfizer/BioNTech,14231,0,14231
2021-01-04,Pfizer/BioNTech,17804,0,17804
2021-01-05,Pfizer/BioNTech,22323,0,22323
2021-01-06,Pfizer/BioNTech,28144,0,28144
2021-01-07,Pfizer/BioNTech,36106,0,36106
2021-01-08,Pfizer/BioNTech,46069,0,46069
2021-01-09,Pfizer/BioNTech,48073,0,48073
2021-01-10,Pfizer/BioNTech,49791,0,49791
2021-01-11,Pfizer/BioNTech,59568,0,59568
2021-01-12,Pfizer/BioNTech,72965,0,72965
2021-01-13,Pfizer/BioNTech,86453,0,86453
2021-01-14,"Moderna, Pfizer/BioNTech",101592,0,101592
2021-01-15,"Moderna, Pfizer/BioNTech",115452,0,115452
2021-01-16,"Moderna, Pfizer/BioNTech",118800,0,118800
2021-01-17,"Moderna, Pfizer/BioNTech",121247,631,121878
2021-01-18,"Moderna, Pfizer/BioNTech",133425,2421,135846
2021-01-19,"Moderna, Pfizer/BioNTech",145772,5111,150883
2021-01-20,"Moderna, Pfizer/BioNTech",159238,7729,166967
2021-01-21,"Moderna, Pfizer/BioNTech",174548,9443,183991
2021-01-22,"Moderna, Pfizer/BioNTech",189163,10473,199636
2021-01-23,Pfizer/BioNTech,192379,11330,203709
2021-01-24,"Moderna, Pfizer/BioNTech",194612,12190,206802
2021-01-25,"Moderna, Pfizer/BioNTech",204194,15113,219307
2021-01-26,"Moderna, Pfizer/BioNTech",214660,19059,233719
2021-01-27,"Moderna, Pfizer/BioNTech",223643,23533,247176
2021-01-28,"Moderna, Pfizer/BioNTech",230658,29598,260256
2021-01-29,"Moderna, Pfizer/BioNTech",236810,37351,274161
2021-01-30,"Moderna, Pfizer/BioNTech",237527,38427,275954
2021-01-31,Pfizer/BioNTech,238223,39555,277778
2021-02-01,"Moderna, Pfizer/BioNTech",241953,47344,289297
2021-02-02,"Moderna, Pfizer/BioNTech",246020,57465,303485
2021-02-03,"Moderna, Pfizer/BioNTech",250314,68375,318689
2021-02-04,"Moderna, Pfizer/BioNTech",255162,81196,336358
2021-02-05,"Moderna, Pfizer/BioNTech",260485,91742,352227
2021-02-06,"Moderna, Pfizer/BioNTech",261316,94050,355366
2021-02-07,"Moderna, Pfizer/BioNTech",262139,96368,358507
2021-02-08,"Moderna, Pfizer/BioNTech",266019,107372,373391
2021-02-09,"Moderna, Pfizer/BioNTech",270991,119182,390173
2021-02-10,"Moderna, Pfizer/BioNTech",276360,132213,408573
2021-02-11,"Moderna, Oxford/AstraZeneca, Pfizer/BioNTech",282455,148048,430503
2021-02-12,"Moderna, Oxford/AstraZeneca, Pfizer/BioNTech",288813,162454,451267
2021-02-13,"Moderna, Oxford/AstraZeneca, Pfizer/BioNTech",290309,165389,455698
2021-02-14,"Moderna, Oxford/AstraZeneca, Pfizer/BioNTech",291290,166750,458040
2021-02-15,"Moderna, Oxford/AstraZeneca, Pfizer/BioNTech",297393,175962,473355
2021-02-16,"Moderna, Oxford/AstraZeneca, Pfizer/BioNTech",305731,184620,490351
2021-02-17,"Moderna, Oxford/AstraZeneca, Pfizer/BioNTech",315061,192688,507749
2021-02-18,"Moderna, Oxford/AstraZeneca, Pfizer/BioNTech",326987,200471,527458
2021-02-19,"Moderna, Oxford/AstraZeneca, Pfizer/BioNTech",338358,207574,545932
2021-02-20,"Moderna, Oxford/AstraZeneca, Pfizer/BioNTech",340215,208735,548950
2021-02-21,"Moderna, Oxford/AstraZeneca, Pfizer/BioNTech",341208,209733,550941
2021-02-22,"Moderna, Oxford/AstraZeneca, Pfizer/BioNTech",351014,215662,566676
2021-02-23,"Moderna, Oxford/AstraZeneca, Pfizer/BioNTech",363389,222343,585732
2021-02-24,"Moderna, Oxford/AstraZeneca, Pfizer/BioNTech",376605,228150,604755
2021-02-25,"Moderna, Oxford/AstraZeneca, Pfizer/BioNTech",393287,233273,626560
2021-02-26,"Moderna, Oxford/AstraZeneca, Pfizer/BioNTech",406410,237911,644321
