date,vaccine,people_vaccinated,people_fully_vaccinated,total_vaccinations
2020-12-27,Pfizer/BioNTech,1279,0,1279
2020-12-28,Pfizer/BioNTech,3586,0,3586
2020-12-29,Pfizer/BioNTech,7053,0,7053
2020-12-30,Pfizer/BioNTech,10569,0,10569
2020-12-31,Pfizer/BioNTech,11875,0,11875
2021-01-01,"Moderna, Pfizer/BioNTech",12144,0,12144
2021-01-02,Pfizer/BioNTech,13422,0,13422
2021-01-03,Pfizer/BioNTech,14344,0,14344
2021-01-04,"Moderna, Pfizer/BioNTech",17953,0,17953
2021-01-05,"Moderna, Pfizer/BioNTech",22472,0,22472
2021-01-06,"Moderna, Pfizer/BioNTech",28313,1,28314
2021-01-07,"Moderna, Pfizer/BioNTech",36305,1,36306
2021-01-08,"Moderna, Pfizer/BioNTech",46357,1,46358
2021-01-09,"Moderna, Pfizer/BioNTech",48382,2,48384
2021-01-10,Pfizer/BioNTech,50149,4,50153
2021-01-11,Pfizer/BioNTech,60001,6,60007
2021-01-12,"Moderna, Pfizer/BioNTech",73446,8,73454
2021-01-13,Pfizer/BioNTech,86985,8,86993
2021-01-14,"Moderna, Pfizer/BioNTech",102219,12,102231
2021-01-15,"Moderna, Pfizer/BioNTech",116229,13,116242
2021-01-16,"Moderna, Pfizer/BioNTech",119626,16,119642
2021-01-17,"Moderna, Pfizer/BioNTech",122243,652,122895
2021-01-18,"Moderna, Pfizer/BioNTech",134725,2479,137204
2021-01-19,"Moderna, Pfizer/BioNTech",147326,5203,152529
2021-01-20,"Moderna, Pfizer/BioNTech",161005,7861,168866
2021-01-21,"Moderna, Pfizer/BioNTech",176657,9603,186260
2021-01-22,"Moderna, Pfizer/BioNTech",191534,10648,202182
2021-01-23,"Moderna, Pfizer/BioNTech",194855,11527,206382
2021-01-24,"Moderna, Pfizer/BioNTech",197109,12396,209505
2021-01-25,"Moderna, Pfizer/BioNTech",206749,15369,222118
2021-01-26,"Moderna, Pfizer/BioNTech",217286,19359,236645
2021-01-27,"Moderna, Pfizer/BioNTech",226313,23896,250209
2021-01-28,"Moderna, Pfizer/BioNTech",233407,30024,263431
2021-01-29,"Moderna, Pfizer/BioNTech",239617,37933,277550
2021-01-30,"Moderna, Pfizer/BioNTech",240353,39021,279374
2021-01-31,"Moderna, Pfizer/BioNTech",241066,40202,281268
2021-02-01,"Moderna, Pfizer/BioNTech",245045,48159,293204
2021-02-02,"Moderna, Pfizer/BioNTech",249187,58387,307574
2021-02-03,"Moderna, Pfizer/BioNTech",253605,69396,323001
2021-02-04,"Moderna, Pfizer/BioNTech",258501,82380,340881
2021-02-05,"Moderna, Pfizer/BioNTech",263967,93051,357018
2021-02-06,"Moderna, Oxford/AstraZeneca, Pfizer/BioNTech",264814,95416,360230
2021-02-07,"Moderna, Pfizer/BioNTech",265663,97917,363580
2021-02-08,"Moderna, Oxford/AstraZeneca, Pfizer/BioNTech",269744,109348,379092
2021-02-09,"Moderna, Oxford/AstraZeneca, Pfizer/BioNTech",274837,121258,396095
2021-02-10,"Moderna, Oxford/AstraZeneca, Pfizer/BioNTech",280341,134505,414846
2021-02-11,"Moderna, Oxford/AstraZeneca, Pfizer/BioNTech",286672,150716,437388
2021-02-12,"Moderna, Oxford/AstraZeneca, Pfizer/BioNTech",293487,165446,458933
2021-02-13,"Moderna, Oxford/AstraZeneca, Pfizer/BioNTech",295096,168434,463530
2021-02-14,"Moderna, Oxford/AstraZeneca, Pfizer/BioNTech",296099,169818,465917
2021-02-15,"Moderna, Oxford/AstraZeneca, Pfizer/BioNTech",302497,179175,481672
2021-02-16,"Moderna, Oxford/AstraZeneca, Pfizer/BioNTech",311213,188249,499462
2021-02-17,"Moderna, Oxford/AstraZeneca, Pfizer/BioNTech",320909,196553,517462
2021-02-18,"Moderna, Oxford/AstraZeneca, Pfizer/BioNTech",333225,204630,537855
2021-02-19,"Moderna, Oxford/AstraZeneca, Pfizer/BioNTech",345078,211989,557067
2021-02-20,"Moderna, Oxford/AstraZeneca, Pfizer/BioNTech",347073,213170,560243
2021-02-21,"Moderna, Oxford/AstraZeneca, Pfizer/BioNTech",348204,214193,562397
2021-02-22,"Moderna, Oxford/AstraZeneca, Pfizer/BioNTech",358325,220222,578547
2021-02-23,"Moderna, Oxford/AstraZeneca, Pfizer/BioNTech",371268,227198,598466
2021-02-24,"Moderna, Oxford/AstraZeneca, Pfizer/BioNTech",385140,233231,618371
2021-02-25,"Moderna, Oxford/AstraZeneca, Pfizer/BioNTech",403105,238777,641882
2021-02-26,"Moderna, Oxford/AstraZeneca, Pfizer/BioNTech",419270,244123,663393
2021-02-27,"Moderna, Oxford/AstraZeneca, Pfizer/BioNTech",422278,244680,666958
2021-02-28,"Moderna, Oxford/AstraZeneca, Pfizer/BioNTech",424624,245229,669853
2021-03-01,"Moderna, Oxford/AstraZeneca, Pfizer/BioNTech",444206,248673,692879
2021-03-02,"Moderna, Oxford/AstraZeneca, Pfizer/BioNTech",471422,252213,723635
2021-03-03,"Moderna, Oxford/AstraZeneca, Pfizer/BioNTech",502298,256715,759013
2021-03-04,"Moderna, Oxford/AstraZeneca, Pfizer/BioNTech",535567,261396,796963
2021-03-05,"Johnson&Johnson, Moderna, Oxford/AstraZeneca, Pfizer/BioNTech",564378,266813,831191
2021-03-06,"Johnson&Johnson, Moderna, Oxford/AstraZeneca, Pfizer/BioNTech",576518,267671,844189
2021-03-07,"Johnson&Johnson, Moderna, Oxford/AstraZeneca, Pfizer/BioNTech",588052,268512,856564
2021-03-08,"Johnson&Johnson, Moderna, Oxford/AstraZeneca, Pfizer/BioNTech",617781,273364,891145
2021-03-09,"Johnson&Johnson, Moderna, Oxford/AstraZeneca, Pfizer/BioNTech",654131,279742,933873
2021-03-10,"Moderna, Oxford/AstraZeneca, Pfizer/BioNTech",695434,286691,982125
2021-03-11,"Johnson&Johnson, Moderna, Oxford/AstraZeneca, Pfizer/BioNTech",740250,295059,1035309
2021-03-12,"Johnson&Johnson, Moderna, Oxford/AstraZeneca, Pfizer/BioNTech",779010,303548,1082558
2021-03-13,"Johnson&Johnson, Moderna, Oxford/AstraZeneca, Pfizer/BioNTech",796084,304852,1100936
2021-03-14,"Johnson&Johnson, Moderna, Oxford/AstraZeneca, Pfizer/BioNTech",808193,306004,1114197
2021-03-15,"Moderna, Oxford/AstraZeneca, Pfizer/BioNTech",836568,314776,1151344
2021-03-16,"Johnson&Johnson, Moderna, Oxford/AstraZeneca, Pfizer/BioNTech",875444,325308,1200752
2021-03-17,"Moderna, Oxford/AstraZeneca, Pfizer/BioNTech",912902,335813,1248715
2021-03-18,"Johnson&Johnson, Moderna, Oxford/AstraZeneca, Pfizer/BioNTech",950879,348226,1299105
2021-03-19,"Moderna, Oxford/AstraZeneca, Pfizer/BioNTech",985352,361830,1347182
2021-03-20,"Johnson&Johnson, Moderna, Oxford/AstraZeneca, Pfizer/BioNTech",1000484,363852,1364336
2021-03-21,"Johnson&Johnson, Moderna, Oxford/AstraZeneca, Pfizer/BioNTech",1007901,365408,1373309
2021-03-22,"Johnson&Johnson, Moderna, Oxford/AstraZeneca, Pfizer/BioNTech",1032444,377907,1410351
2021-03-23,"Johnson&Johnson, Moderna, Oxford/AstraZeneca, Pfizer/BioNTech",1059072,391255,1450327
2021-03-24,"Johnson&Johnson, Moderna, Oxford/AstraZeneca, Pfizer/BioNTech",1085920,406987,1492907
2021-03-25,"Moderna, Oxford/AstraZeneca, Pfizer/BioNTech",1112242,424832,1537074
2021-03-26,"Johnson&Johnson, Moderna, Oxford/AstraZeneca, Pfizer/BioNTech",1137038,442326,1579364
2021-03-27,"Johnson&Johnson, Moderna, Oxford/AstraZeneca, Pfizer/BioNTech",1145465,447171,1592636
2021-03-28,"Moderna, Oxford/AstraZeneca, Pfizer/BioNTech",1151001,451309,1602310
2021-03-29,"Johnson&Johnson, Moderna, Oxford/AstraZeneca, Pfizer/BioNTech",1170113,472042,1642155
2021-03-30,"Johnson&Johnson, Moderna, Oxford/AstraZeneca, Pfizer/BioNTech",1194803,494214,1689017
2021-03-31,"Johnson&Johnson, Moderna, Oxford/AstraZeneca, Pfizer/BioNTech",1217910,521267,1739177
2021-04-01,"Johnson&Johnson, Moderna, Oxford/AstraZeneca, Pfizer/BioNTech",1243528,553307,1796835
2021-04-02,"Johnson&Johnson, Moderna, Oxford/AstraZeneca, Pfizer/BioNTech",1250446,566092,1816538
2021-04-03,"Johnson&Johnson, Moderna, Oxford/AstraZeneca, Pfizer/BioNTech",1254060,577008,1831068
2021-04-04,"Johnson&Johnson, Moderna, Oxford/AstraZeneca, Pfizer/BioNTech",1256566,585926,1842492
2021-04-05,"Johnson&Johnson, Moderna, Oxford/AstraZeneca, Pfizer/BioNTech",1258968,593106,1852074
2021-04-06,"Johnson&Johnson, Moderna, Oxford/AstraZeneca, Pfizer/BioNTech",1275095,622354,1897449
2021-04-07,"Johnson&Johnson, Moderna, Oxford/AstraZeneca, Pfizer/BioNTech",1298505,644578,1943083
2021-04-08,"Johnson&Johnson, Moderna, Oxford/AstraZeneca, Pfizer/BioNTech",1337205,675592,2012797
2021-04-09,"Johnson&Johnson, Moderna, Oxford/AstraZeneca, Pfizer/BioNTech",1376737,705761,2082498
2021-04-10,"Johnson&Johnson, Moderna, Oxford/AstraZeneca, Pfizer/BioNTech",1392225,721049,2113274
2021-04-11,"Johnson&Johnson, Moderna, Oxford/AstraZeneca, Pfizer/BioNTech",1401998,731088,2133086
2021-04-12,"Johnson&Johnson, Moderna, Oxford/AstraZeneca, Pfizer/BioNTech",1440244,756214,2196458
2021-04-13,"Moderna, Oxford/AstraZeneca, Pfizer/BioNTech",1476487,782246,2258733
2021-04-14,"Moderna, Oxford/AstraZeneca, Pfizer/BioNTech",1515292,809601,2324893
2021-04-15,"Moderna, Oxford/AstraZeneca, Pfizer/BioNTech",1563065,835340,2398405
2021-04-16,"Moderna, Oxford/AstraZeneca, Pfizer/BioNTech",1607708,860975,2468683
2021-04-17,"Moderna, Oxford/AstraZeneca, Pfizer/BioNTech",1624397,869999,2494396
2021-04-18,"Moderna, Oxford/AstraZeneca, Pfizer/BioNTech",1637381,874979,2512360
2021-04-19,"Moderna, Oxford/AstraZeneca, Pfizer/BioNTech",1681352,890399,2571751
2021-04-20,"Johnson&Johnson, Moderna, Oxford/AstraZeneca, Pfizer/BioNTech",1723892,906253,2630145
2021-04-21,"Moderna, Oxford/AstraZeneca, Pfizer/BioNTech",1771611,920600,2692211
2021-04-22,"Johnson&Johnson, Moderna, Oxford/AstraZeneca, Pfizer/BioNTech",1826093,937973,2764066
2021-04-23,"Johnson&Johnson, Moderna, Oxford/AstraZeneca, Pfizer/BioNTech",1876045,950022,2826067
2021-04-24,"Johnson&Johnson, Moderna, Oxford/AstraZeneca, Pfizer/BioNTech",1893872,955261,2849133
2021-04-25,"Johnson&Johnson, Moderna, Oxford/AstraZeneca, Pfizer/BioNTech",1908557,959251,2867808
2021-04-26,"Johnson&Johnson, Moderna, Oxford/AstraZeneca, Pfizer/BioNTech",1958124,966797,2924921
2021-04-27,"Johnson&Johnson, Moderna, Oxford/AstraZeneca, Pfizer/BioNTech",2007086,979016,2986102
2021-04-28,"Johnson&Johnson, Moderna, Oxford/AstraZeneca, Pfizer/BioNTech",2065826,993000,3058826
2021-04-29,"Johnson&Johnson, Moderna, Oxford/AstraZeneca, Pfizer/BioNTech",2131365,1008884,3140249
2021-04-30,"Johnson&Johnson, Moderna, Oxford/AstraZeneca, Pfizer/BioNTech",2193594,1018843,3212437
2021-05-01,"Johnson&Johnson, Moderna, Oxford/AstraZeneca, Pfizer/BioNTech",2212914,1022286,3235200
2021-05-02,"Johnson&Johnson, Moderna, Oxford/AstraZeneca, Pfizer/BioNTech",2231824,1024550,3256374
2021-05-03,"Johnson&Johnson, Moderna, Oxford/AstraZeneca, Pfizer/BioNTech",2299062,1029603,3328665
2021-05-04,"Johnson&Johnson, Moderna, Oxford/AstraZeneca, Pfizer/BioNTech",2365543,1037924,3403467
2021-05-05,"Johnson&Johnson, Moderna, Oxford/AstraZeneca, Pfizer/BioNTech",2438689,1047316,3486005
2021-05-06,"Johnson&Johnson, Moderna, Oxford/AstraZeneca, Pfizer/BioNTech",2519067,1058017,3577084
2021-05-07,"Johnson&Johnson, Moderna, Oxford/AstraZeneca, Pfizer/BioNTech",2596292,1068073,3664365
2021-05-08,"Johnson&Johnson, Moderna, Oxford/AstraZeneca, Pfizer/BioNTech",2625720,1069829,3695549
2021-05-09,"Johnson&Johnson, Moderna, Oxford/AstraZeneca, Pfizer/BioNTech",2649906,1071028,3720934
2021-05-10,"Johnson&Johnson, Moderna, Oxford/AstraZeneca, Pfizer/BioNTech",2722641,1078236,3800877
2021-05-11,"Johnson&Johnson, Moderna, Oxford/AstraZeneca, Pfizer/BioNTech",2798730,1087023,3885753
2021-05-12,"Johnson&Johnson, Moderna, Oxford/AstraZeneca, Pfizer/BioNTech",2878567,1096112,3974679
2021-05-13,"Johnson&Johnson, Moderna, Oxford/AstraZeneca, Pfizer/BioNTech",2962567,1105263,4067830
2021-05-14,"Johnson&Johnson, Moderna, Oxford/AstraZeneca, Pfizer/BioNTech",3041979,1113034,4155013
2021-05-15,"Johnson&Johnson, Moderna, Oxford/AstraZeneca, Pfizer/BioNTech",3073842,1115272,4189114
2021-05-16,"Johnson&Johnson, Moderna, Oxford/AstraZeneca, Pfizer/BioNTech",3099590,1116530,4216120
2021-05-17,"Johnson&Johnson, Moderna, Oxford/AstraZeneca, Pfizer/BioNTech",3172080,1123247,4295327
2021-05-18,"Johnson&Johnson, Moderna, Oxford/AstraZeneca, Pfizer/BioNTech",3243991,1136293,4380284
2021-05-19,"Johnson&Johnson, Moderna, Oxford/AstraZeneca, Pfizer/BioNTech",3321429,1151411,4472840
2021-05-20,"Johnson&Johnson, Moderna, Oxford/AstraZeneca, Pfizer/BioNTech",3396838,1178422,4575260
2021-05-21,"Johnson&Johnson, Moderna, Oxford/AstraZeneca, Pfizer/BioNTech",3465578,1206163,4671741
2021-05-22,"Johnson&Johnson, Moderna, Oxford/AstraZeneca, Pfizer/BioNTech",3497932,1217327,4715259
2021-05-23,"Johnson&Johnson, Moderna, Oxford/AstraZeneca, Pfizer/BioNTech",3520269,1226351,4746620
2021-05-24,"Johnson&Johnson, Moderna, Oxford/AstraZeneca, Pfizer/BioNTech",3567384,1259990,4827374
2021-05-25,"Johnson&Johnson, Moderna, Oxford/AstraZeneca, Pfizer/BioNTech",3619202,1295758,4914960
2021-05-26,"Johnson&Johnson, Moderna, Oxford/AstraZeneca, Pfizer/BioNTech",3686932,1333247,5020179
2021-05-27,"Johnson&Johnson, Moderna, Oxford/AstraZeneca, Pfizer/BioNTech",3748304,1380541,5128845
2021-05-28,"Johnson&Johnson, Moderna, Oxford/AstraZeneca, Pfizer/BioNTech",3809981,1427083,5237064
2021-05-29,"Johnson&Johnson, Moderna, Oxford/AstraZeneca, Pfizer/BioNTech",3839143,1444176,5283319
2021-05-30,"Johnson&Johnson, Moderna, Oxford/AstraZeneca, Pfizer/BioNTech",3861492,1458600,5320092
2021-05-31,"Johnson&Johnson, Moderna, Oxford/AstraZeneca, Pfizer/BioNTech",3917207,1506114,5423321
2021-06-01,"Johnson&Johnson, Moderna, Oxford/AstraZeneca, Pfizer/BioNTech",3976214,1554929,5531143
2021-06-02,"Johnson&Johnson, Moderna, Oxford/AstraZeneca, Pfizer/BioNTech",4039085,1608873,5647958
2021-06-03,"Johnson&Johnson, Moderna, Oxford/AstraZeneca, Pfizer/BioNTech",4097294,1669041,5766335
2021-06-04,"Johnson&Johnson, Moderna, Oxford/AstraZeneca, Pfizer/BioNTech",4160354,1726395,5886749
2021-06-05,"Johnson&Johnson, Moderna, Oxford/AstraZeneca, Pfizer/BioNTech",4194480,1745196,5939676
2021-06-06,"Johnson&Johnson, Moderna, Oxford/AstraZeneca, Pfizer/BioNTech",4221385,1760303,5981688
2021-06-07,"Johnson&Johnson, Moderna, Oxford/AstraZeneca, Pfizer/BioNTech",4285051,1815886,6100937
2021-06-08,"Johnson&Johnson, Moderna, Oxford/AstraZeneca, Pfizer/BioNTech",4349019,1870830,6219849
2021-06-09,"Johnson&Johnson, Moderna, Oxford/AstraZeneca, Pfizer/BioNTech",4408190,1935309,6343499
2021-06-10,"Johnson&Johnson, Moderna, Oxford/AstraZeneca, Pfizer/BioNTech",4462051,2006415,6468466
2021-06-11,"Johnson&Johnson, Moderna, Oxford/AstraZeneca, Pfizer/BioNTech",4514140,2076110,6590250
2021-06-12,"Johnson&Johnson, Moderna, Oxford/AstraZeneca, Pfizer/BioNTech",4546135,2096862,6642997
2021-06-13,"Johnson&Johnson, Moderna, Oxford/AstraZeneca, Pfizer/BioNTech",4570143,2115234,6685377
2021-06-14,"Johnson&Johnson, Moderna, Oxford/AstraZeneca, Pfizer/BioNTech",4613207,2189556,6802763
2021-06-15,"Johnson&Johnson, Moderna, Oxford/AstraZeneca, Pfizer/BioNTech",4657847,2261840,6919687
2021-06-16,"Johnson&Johnson, Moderna, Oxford/AstraZeneca, Pfizer/BioNTech",4700572,2340002,7040574
2021-06-17,"Johnson&Johnson, Moderna, Oxford/AstraZeneca, Pfizer/BioNTech",4739942,2423012,7162954
2021-06-18,"Johnson&Johnson, Moderna, Oxford/AstraZeneca, Pfizer/BioNTech",4782317,2503440,7285757
2021-06-19,"Johnson&Johnson, Moderna, Oxford/AstraZeneca, Pfizer/BioNTech",4804061,2532672,7336733
2021-06-20,"Johnson&Johnson, Moderna, Oxford/AstraZeneca, Pfizer/BioNTech",4821420,2556461,7377881
2021-06-21,"Johnson&Johnson, Moderna, Oxford/AstraZeneca, Pfizer/BioNTech",4853917,2634962,7488879
2021-06-22,"Johnson&Johnson, Moderna, Oxford/AstraZeneca, Pfizer/BioNTech",4886867,2717148,7604015
2021-06-23,"Johnson&Johnson, Moderna, Oxford/AstraZeneca, Pfizer/BioNTech",4918514,2802289,7720803
2021-06-24,"Johnson&Johnson, Moderna, Oxford/AstraZeneca, Pfizer/BioNTech",4948345,2892231,7840576
2021-06-25,"Johnson&Johnson, Moderna, Oxford/AstraZeneca, Pfizer/BioNTech",4979391,2978286,7957677
2021-06-26,"Johnson&Johnson, Moderna, Oxford/AstraZeneca, Pfizer/BioNTech",4995245,3013047,8008292
2021-06-27,"Johnson&Johnson, Moderna, Oxford/AstraZeneca, Pfizer/BioNTech",5009182,3039654,8048836
2021-06-28,"Johnson&Johnson, Moderna, Oxford/AstraZeneca, Pfizer/BioNTech",5037580,3124766,8162346
2021-06-29,"Johnson&Johnson, Moderna, Oxford/AstraZeneca, Pfizer/BioNTech",5066841,3211158,8277999
2021-06-30,"Johnson&Johnson, Moderna, Oxford/AstraZeneca, Pfizer/BioNTech",5094325,3302053,8396378
2021-07-01,"Johnson&Johnson, Moderna, Oxford/AstraZeneca, Pfizer/BioNTech",5118288,3392037,8510325
2021-07-02,"Johnson&Johnson, Moderna, Oxford/AstraZeneca, Pfizer/BioNTech",5144994,3477806,8622800
2021-07-03,"Johnson&Johnson, Moderna, Oxford/AstraZeneca, Pfizer/BioNTech",5152067,3509277,8661344
2021-07-04,"Johnson&Johnson, Moderna, Oxford/AstraZeneca, Pfizer/BioNTech",5159616,3531047,8690663
2021-07-05,"Johnson&Johnson, Moderna, Oxford/AstraZeneca, Pfizer/BioNTech",5166977,3556387,8723364
2021-07-06,"Johnson&Johnson, Moderna, Oxford/AstraZeneca, Pfizer/BioNTech",5172379,3583999,8756378
2021-07-07,"Johnson&Johnson, Moderna, Oxford/AstraZeneca, Pfizer/BioNTech",5198154,3662904,8861058
2021-07-08,"Johnson&Johnson, Moderna, Oxford/AstraZeneca, Pfizer/BioNTech",5224746,3733158,8957904
2021-07-09,"Johnson&Johnson, Moderna, Oxford/AstraZeneca, Pfizer/BioNTech",5252653,3802357,9055010
2021-07-10,"Johnson&Johnson, Moderna, Oxford/AstraZeneca, Pfizer/BioNTech",5261992,3830940,9092932
2021-07-11,"Johnson&Johnson, Moderna, Oxford/AstraZeneca, Pfizer/BioNTech",5270510,3853796,9124306
2021-07-12,"Johnson&Johnson, Moderna, Oxford/AstraZeneca, Pfizer/BioNTech",5298029,3922820,9220849
2021-07-13,"Johnson&Johnson, Moderna, Oxford/AstraZeneca, Pfizer/BioNTech",5324196,3992621,9316817
2021-07-14,"Johnson&Johnson, Moderna, Oxford/AstraZeneca, Pfizer/BioNTech",5349995,4064527,9414522
2021-07-15,"Johnson&Johnson, Moderna, Oxford/AstraZeneca, Pfizer/BioNTech",5379160,4130465,9509625
2021-07-16,"Johnson&Johnson, Moderna, Oxford/AstraZeneca, Pfizer/BioNTech",5407062,4203100,9610162
2021-07-17,"Johnson&Johnson, Moderna, Oxford/AstraZeneca, Pfizer/BioNTech",5415825,4234492,9650317
2021-07-18,"Johnson&Johnson, Moderna, Oxford/AstraZeneca, Pfizer/BioNTech",5424260,4260457,9684717
2021-07-19,"Johnson&Johnson, Moderna, Oxford/AstraZeneca, Pfizer/BioNTech",5447601,4327417,9775018
2021-07-20,"Johnson&Johnson, Moderna, Oxford/AstraZeneca, Pfizer/BioNTech",5468976,4394387,9863363
2021-07-21,"Johnson&Johnson, Moderna, Oxford/AstraZeneca, Pfizer/BioNTech",5492418,4457774,9950192
2021-07-22,"Johnson&Johnson, Moderna, Oxford/AstraZeneca, Pfizer/BioNTech",5514769,4516325,10031094
2021-07-23,"Johnson&Johnson, Moderna, Oxford/AstraZeneca, Pfizer/BioNTech",5537953,4570998,10108951
2021-07-24,"Johnson&Johnson, Moderna, Oxford/AstraZeneca, Pfizer/BioNTech",5545258,4598616,10143874
2021-07-25,"Johnson&Johnson, Moderna, Oxford/AstraZeneca, Pfizer/BioNTech",5551865,4620710,10172575
2021-07-26,"Johnson&Johnson, Moderna, Oxford/AstraZeneca, Pfizer/BioNTech",5575390,4669312,10244702
2021-07-27,"Johnson&Johnson, Moderna, Oxford/AstraZeneca, Pfizer/BioNTech",5598110,4715871,10313981
2021-07-28,"Johnson&Johnson, Moderna, Oxford/AstraZeneca, Pfizer/BioNTech",5619346,4761770,10381116
2021-07-29,"Johnson&Johnson, Moderna, Oxford/AstraZeneca, Pfizer/BioNTech",5640652,4803643,10444295
2021-07-30,"Johnson&Johnson, Moderna, Oxford/AstraZeneca, Pfizer/BioNTech",5663913,4846119,10510032
2021-07-31,"Johnson&Johnson, Moderna, Oxford/AstraZeneca, Pfizer/BioNTech",5672827,4865614,10538441
2021-08-01,"Johnson&Johnson, Moderna, Oxford/AstraZeneca, Pfizer/BioNTech",5679540,4881755,10561295
2021-08-02,"Johnson&Johnson, Moderna, Oxford/AstraZeneca, Pfizer/BioNTech",5698153,4919251,10617404
2021-08-03,"Johnson&Johnson, Moderna, Oxford/AstraZeneca, Pfizer/BioNTech",5715774,4957292,10673066
2021-08-04,"Johnson&Johnson, Moderna, Oxford/AstraZeneca, Pfizer/BioNTech",5731855,4993968,10725823
2021-08-05,"Johnson&Johnson, Moderna, Oxford/AstraZeneca, Pfizer/BioNTech",5747873,5034377,10782250
2021-08-06,"Johnson&Johnson, Moderna, Oxford/AstraZeneca, Pfizer/BioNTech",5764651,5077594,10842245
2021-08-07,"Johnson&Johnson, Moderna, Oxford/AstraZeneca, Pfizer/BioNTech",5770236,5095729,10865965
2021-08-08,"Johnson&Johnson, Moderna, Oxford/AstraZeneca, Pfizer/BioNTech",5774586,5111457,10886043
2021-08-09,"Johnson&Johnson, Moderna, Oxford/AstraZeneca, Pfizer/BioNTech",5787223,5156456,10943679
2021-08-10,"Johnson&Johnson, Moderna, Oxford/AstraZeneca, Pfizer/BioNTech",5799050,5195976,10995026
2021-08-11,"Johnson&Johnson, Moderna, Oxford/AstraZeneca, Pfizer/BioNTech",5810402,5239060,11049462
2021-08-12,"Johnson&Johnson, Moderna, Oxford/AstraZeneca, Pfizer/BioNTech",5821816,5276137,11097953
2021-08-13,"Johnson&Johnson, Moderna, Oxford/AstraZeneca, Pfizer/BioNTech",5832528,5316420,11148948
2021-08-14,"Johnson&Johnson, Moderna, Oxford/AstraZeneca, Pfizer/BioNTech",5835863,5327097,11162960
2021-08-15,"Johnson&Johnson, Moderna, Oxford/AstraZeneca, Pfizer/BioNTech",5838442,5337450,11175892
2021-08-16,"Johnson&Johnson, Moderna, Oxford/AstraZeneca, Pfizer/BioNTech",5848220,5371481,11219701
2021-08-17,"Johnson&Johnson, Moderna, Oxford/AstraZeneca, Pfizer/BioNTech",5857808,5398540,11256348
2021-08-18,"Johnson&Johnson, Moderna, Oxford/AstraZeneca, Pfizer/BioNTech",5867171,5437371,11304542
2021-08-19,"Johnson&Johnson, Moderna, Oxford/AstraZeneca, Pfizer/BioNTech",5876831,5475684,11352515
2021-08-20,"Johnson&Johnson, Moderna, Oxford/AstraZeneca, Pfizer/BioNTech",5888209,5515838,11404047
2021-08-21,"Johnson&Johnson, Moderna, Oxford/AstraZeneca, Pfizer/BioNTech",5890922,5528572,11419494
2021-08-22,"Johnson&Johnson, Moderna, Oxford/AstraZeneca, Pfizer/BioNTech",5893260,5540524,11433784
2021-08-23,"Johnson&Johnson, Moderna, Oxford/AstraZeneca, Pfizer/BioNTech",5903788,5579753,11483541
2021-08-24,"Johnson&Johnson, Moderna, Oxford/AstraZeneca, Pfizer/BioNTech",5913650,5612970,11526620
2021-08-25,"Johnson&Johnson, Moderna, Oxford/AstraZeneca, Pfizer/BioNTech",5922510,5641305,11563815
2021-08-26,"Johnson&Johnson, Moderna, Oxford/AstraZeneca, Pfizer/BioNTech",5930952,5667406,11598358
2021-08-27,"Johnson&Johnson, Moderna, Oxford/AstraZeneca, Pfizer/BioNTech",5941261,5693324,11634585
2021-08-28,"Johnson&Johnson, Moderna, Oxford/AstraZeneca, Pfizer/BioNTech",5943982,5700349,11644331
2021-08-29,"Johnson&Johnson, Moderna, Oxford/AstraZeneca, Pfizer/BioNTech",5946384,5706960,11653344
2021-08-30,"Johnson&Johnson, Moderna, Oxford/AstraZeneca, Pfizer/BioNTech",5954902,5728805,11683707
2021-08-31,"Johnson&Johnson, Moderna, Oxford/AstraZeneca, Pfizer/BioNTech",5962562,5746856,11709418
2021-09-01,"Johnson&Johnson, Moderna, Oxford/AstraZeneca, Pfizer/BioNTech",5968442,5760829,11729271
2021-09-02,"Johnson&Johnson, Moderna, Oxford/AstraZeneca, Pfizer/BioNTech",5975267,5775194,11750461
2021-09-03,"Johnson&Johnson, Moderna, Oxford/AstraZeneca, Pfizer/BioNTech",5984816,5790876,11775692
2021-09-04,"Johnson&Johnson, Moderna, Oxford/AstraZeneca, Pfizer/BioNTech",5986878,5794422,11781300
2021-09-05,"Johnson&Johnson, Moderna, Oxford/AstraZeneca, Pfizer/BioNTech",5988910,5797261,11786171
2021-09-06,"Johnson&Johnson, Moderna, Oxford/AstraZeneca, Pfizer/BioNTech",5995134,5809767,11804901
2021-09-07,"Johnson&Johnson, Moderna, Oxford/AstraZeneca, Pfizer/BioNTech",5999508,5820850,11820358
2021-09-08,"Johnson&Johnson, Moderna, Oxford/AstraZeneca, Pfizer/BioNTech",6005165,5830678,11835843
2021-09-09,"Johnson&Johnson, Moderna, Oxford/AstraZeneca, Pfizer/BioNTech",6011839,5840725,11852564
2021-09-10,"Johnson&Johnson, Moderna, Oxford/AstraZeneca, Pfizer/BioNTech",6019516,5852886,11872402
2021-09-11,"Johnson&Johnson, Moderna, Oxford/AstraZeneca, Pfizer/BioNTech",6021377,5855357,11876734
2021-09-12,"Johnson&Johnson, Moderna, Oxford/AstraZeneca, Pfizer/BioNTech",6022491,5856978,11879469
2021-09-13,"Johnson&Johnson, Moderna, Oxford/AstraZeneca, Pfizer/BioNTech",6027915,5867262,11895177
2021-09-14,"Johnson&Johnson, Moderna, Oxford/AstraZeneca, Pfizer/BioNTech",6033295,5876256,11909551
2021-09-15,"Johnson&Johnson, Moderna, Oxford/AstraZeneca, Pfizer/BioNTech",6038481,5884764,11923245
2021-09-16,"Johnson&Johnson, Moderna, Oxford/AstraZeneca, Pfizer/BioNTech",6043823,5893021,11936844
2021-09-17,"Johnson&Johnson, Moderna, Oxford/AstraZeneca, Pfizer/BioNTech",6050385,5903223,11953608
2021-09-18,"Johnson&Johnson, Moderna, Oxford/AstraZeneca, Pfizer/BioNTech",6052108,5905572,11957680
2021-09-19,"Johnson&Johnson, Moderna, Oxford/AstraZeneca, Pfizer/BioNTech",6053048,5907135,11960183
2021-09-20,"Johnson&Johnson, Moderna, Oxford/AstraZeneca, Pfizer/BioNTech",6057051,5915318,11972369
2021-09-21,"Johnson&Johnson, Moderna, Oxford/AstraZeneca, Pfizer/BioNTech",6061276,5922840,11984116
2021-09-22,"Johnson&Johnson, Moderna, Oxford/AstraZeneca, Pfizer/BioNTech",6065449,5928345,11993794
2021-09-23,"Johnson&Johnson, Moderna, Oxford/AstraZeneca, Pfizer/BioNTech",6070426,5934746,12005172
2021-09-24,"Johnson&Johnson, Moderna, Oxford/AstraZeneca, Pfizer/BioNTech",6076177,5944352,12020529
2021-09-25,"Johnson&Johnson, Moderna, Oxford/AstraZeneca, Pfizer/BioNTech",6077667,5946338,12024005
2021-09-26,"Johnson&Johnson, Moderna, Pfizer/BioNTech",6078407,5947966,12026373
2021-09-27,"Johnson&Johnson, Moderna, Oxford/AstraZeneca, Pfizer/BioNTech",6082279,5954452,12036731
2021-09-28,"Johnson&Johnson, Moderna, Pfizer/BioNTech",6082635,5955053,12037688
2021-09-29,"Johnson&Johnson, Moderna, Oxford/AstraZeneca, Pfizer/BioNTech",6086404,5962494,12048898
2021-09-30,"Johnson&Johnson, Moderna, Oxford/AstraZeneca, Pfizer/BioNTech",6090897,5970176,12061073
2021-10-01,"Johnson&Johnson, Moderna, Oxford/AstraZeneca, Pfizer/BioNTech",6095180,5978126,12073306
2021-10-02,"Johnson&Johnson, Moderna, Oxford/AstraZeneca, Pfizer/BioNTech",6096239,5979660,12075899
2021-10-03,"Johnson&Johnson, Moderna, Pfizer/BioNTech",6096954,5980521,12077475
2021-10-04,"Johnson&Johnson, Moderna, Oxford/AstraZeneca, Pfizer/BioNTech",6100021,5986083,12086104
2021-10-05,"Johnson&Johnson, Moderna, Oxford/AstraZeneca, Pfizer/BioNTech",6103172,5991142,12094314
2021-10-06,"Johnson&Johnson, Moderna, Oxford/AstraZeneca, Pfizer/BioNTech",6106679,5996295,12102974
2021-10-07,"Johnson&Johnson, Moderna, Oxford/AstraZeneca, Pfizer/BioNTech",6109949,6001540,12111489
2021-10-08,"Johnson&Johnson, Moderna, Oxford/AstraZeneca, Pfizer/BioNTech",6114728,6008153,12122881
2021-10-09,"Johnson&Johnson, Moderna, Oxford/AstraZeneca, Pfizer/BioNTech",6115966,6009803,12125769
2021-10-10,"Johnson&Johnson, Moderna, Oxford/AstraZeneca, Pfizer/BioNTech",6116906,6010632,12127538
2021-10-11,"Johnson&Johnson, Moderna, Oxford/AstraZeneca, Pfizer/BioNTech",6119827,6015033,12134860
2021-10-12,"Johnson&Johnson, Moderna, Oxford/AstraZeneca, Pfizer/BioNTech",6122739,6019026,12141765
2021-10-13,"Johnson&Johnson, Moderna, Oxford/AstraZeneca, Pfizer/BioNTech",6126268,6023202,12149470
2021-10-14,"Johnson&Johnson, Moderna, Oxford/AstraZeneca, Pfizer/BioNTech",6129941,6028143,12158084
2021-10-15,"Johnson&Johnson, Moderna, Oxford/AstraZeneca, Pfizer/BioNTech",6135163,6034271,12169434
2021-10-16,"Johnson&Johnson, Moderna, Oxford/AstraZeneca, Pfizer/BioNTech",6136558,6035785,12172343
2021-10-17,"Johnson&Johnson, Moderna, Pfizer/BioNTech",6137877,6036836,12174713
2021-10-18,"Johnson&Johnson, Moderna, Oxford/AstraZeneca, Pfizer/BioNTech",6141986,6040925,12182911
2021-10-19,"Johnson&Johnson, Moderna, Oxford/AstraZeneca, Pfizer/BioNTech",6145552,6043008,12188560
2021-10-20,"Johnson&Johnson, Moderna, Oxford/AstraZeneca, Pfizer/BioNTech",6150411,6047449,12197860
2021-10-21,"Johnson&Johnson, Moderna, Oxford/AstraZeneca, Pfizer/BioNTech",6158152,6053036,12211188
2021-10-22,"Johnson&Johnson, Moderna, Oxford/AstraZeneca, Pfizer/BioNTech",6168589,6059533,12228122
2021-10-23,"Johnson&Johnson, Moderna, Pfizer/BioNTech",6172257,6061732,12233989
2021-10-24,"Johnson&Johnson, Moderna, Pfizer/BioNTech",6174939,6063504,12238443
2021-10-25,"Johnson&Johnson, Moderna, Oxford/AstraZeneca, Pfizer/BioNTech",6185412,6069296,12254708
2021-10-26,"Johnson&Johnson, Moderna, Oxford/AstraZeneca, Pfizer/BioNTech",6197324,6075826,12273150
2021-10-27,"Johnson&Johnson, Moderna, Oxford/AstraZeneca, Pfizer/BioNTech",6211874,6083218,12295092
2021-10-28,"Johnson&Johnson, Moderna, Pfizer/BioNTech",6215223,6084885,12300108
2021-10-29,"Johnson&Johnson, Moderna, Oxford/AstraZeneca, Pfizer/BioNTech",6229584,6092844,12322428
2021-10-30,"Johnson&Johnson, Moderna, Pfizer/BioNTech",6234107,6095754,12329861
2021-10-31,"Johnson&Johnson, Moderna, Oxford/AstraZeneca, Pfizer/BioNTech",6237862,6098221,12336083
2021-11-01,"Johnson&Johnson, Moderna, Oxford/AstraZeneca, Pfizer/BioNTech",6252962,6105904,12358866
2021-11-02,"Johnson&Johnson, Moderna, Oxford/AstraZeneca, Pfizer/BioNTech",6268253,6113441,12381694
2021-11-03,"Johnson&Johnson, Moderna, Oxford/AstraZeneca, Pfizer/BioNTech",6285337,6120727,12406064
2021-11-04,"Johnson&Johnson, Moderna, Oxford/AstraZeneca, Pfizer/BioNTech",6303548,6128889,12432437
2021-11-05,"Johnson&Johnson, Moderna, Oxford/AstraZeneca, Pfizer/BioNTech",6326240,6140143,12466383
2021-11-06,"Johnson&Johnson, Moderna, Oxford/AstraZeneca, Pfizer/BioNTech",6332726,6143192,12475918
2021-11-07,"Johnson&Johnson, Moderna, Oxford/AstraZeneca, Pfizer/BioNTech",6336741,6145622,12482363
2021-11-08,"Johnson&Johnson, Moderna, Oxford/AstraZeneca, Pfizer/BioNTech",6352897,6153243,12506140
2021-11-09,"Johnson&Johnson, Moderna, Oxford/AstraZeneca, Pfizer/BioNTech",6367598,6160526,12528124
2021-11-10,"Johnson&Johnson, Moderna, Oxford/AstraZeneca, Pfizer/BioNTech",6383230,6167892,12551122
2021-11-11,"Johnson&Johnson, Moderna, Oxford/AstraZeneca, Pfizer/BioNTech",6398555,6176967,12575522
2021-11-12,"Johnson&Johnson, Moderna, Oxford/AstraZeneca, Pfizer/BioNTech",6418209,6189713,12607922
2021-11-13,"Johnson&Johnson, Moderna, Oxford/AstraZeneca, Pfizer/BioNTech",6423591,6193570,12617161
2021-11-14,"Johnson&Johnson, Moderna, Oxford/AstraZeneca, Pfizer/BioNTech",6427462,6196564,12624026
2021-11-15,"Johnson&Johnson, Moderna, Oxford/AstraZeneca, Pfizer/BioNTech",6442486,6207232,12649718
2021-11-16,"Johnson&Johnson, Moderna, Oxford/AstraZeneca, Pfizer/BioNTech",6459924,6219127,12679051
2021-11-17,"Johnson&Johnson, Moderna, Oxford/AstraZeneca, Pfizer/BioNTech",6464105,6222677,12686782
2021-11-18,"Johnson&Johnson, Moderna, Oxford/AstraZeneca, Pfizer/BioNTech",6483389,6234319,12717708
2021-11-19,"Johnson&Johnson, Moderna, Oxford/AstraZeneca, Pfizer/BioNTech",6507802,6251235,12759037
2021-11-20,"Johnson&Johnson, Moderna, Oxford/AstraZeneca, Pfizer/BioNTech",6516329,6256189,12772518
2021-11-21,"Johnson&Johnson, Moderna, Oxford/AstraZeneca, Pfizer/BioNTech",6523074,6259943,12783017
2021-11-22,"Johnson&Johnson, Moderna, Oxford/AstraZeneca, Pfizer/BioNTech",6541373,6273971,12815344
2021-11-23,"Johnson&Johnson, Moderna, Oxford/AstraZeneca, Pfizer/BioNTech",6560292,6287110,12847402
2021-11-24,"Johnson&Johnson, Moderna, Oxford/AstraZeneca, Pfizer/BioNTech",6579144,6302884,12882028
2021-11-25,"Johnson&Johnson, Moderna, Oxford/AstraZeneca, Pfizer/BioNTech",6598188,6317810,12915998
2021-11-26,"Johnson&Johnson, Moderna, Oxford/AstraZeneca, Pfizer/BioNTech",6619582,6336707,12956289
2021-11-27,"Johnson&Johnson, Moderna, Oxford/AstraZeneca, Pfizer/BioNTech",6626963,6342199,12969162
2021-11-28,"Johnson&Johnson, Moderna, Pfizer/BioNTech",6630265,6345320,12975585
2021-11-29,"Johnson&Johnson, Moderna, Oxford/AstraZeneca, Pfizer/BioNTech",6645269,6358846,13004115
2021-11-30,"Johnson&Johnson, Moderna, Oxford/AstraZeneca, Pfizer/BioNTech",6658243,6369838,13028081
2021-12-01,"Johnson&Johnson, Moderna, Oxford/AstraZeneca, Pfizer/BioNTech",6671993,6382028,13054021
2021-12-02,"Johnson&Johnson, Moderna, Oxford/AstraZeneca, Pfizer/BioNTech",6682422,6394214,13076636
2021-12-03,"Johnson&Johnson, Moderna, Oxford/AstraZeneca, Pfizer/BioNTech",6691491,6409163,13100654
2021-12-04,"Johnson&Johnson, Moderna, Oxford/AstraZeneca, Pfizer/BioNTech",6693911,6413016,13106927
2021-12-05,"Johnson&Johnson, Moderna, Oxford/AstraZeneca, Pfizer/BioNTech",6695100,6415104,13110204
