date,vaccine,people_vaccinated,people_fully_vaccinated,total_vaccinations
2020-12-27,Pfizer/BioNTech,1286,0,1286
2020-12-28,Pfizer/BioNTech,3589,0,3589
2020-12-29,Pfizer/BioNTech,7059,1,7060
2020-12-30,Pfizer/BioNTech,10576,1,10577
2020-12-31,Pfizer/BioNTech,11887,1,11888
2021-01-01,"Moderna, Pfizer/BioNTech",12156,1,12157
2021-01-02,"Moderna, Pfizer/BioNTech",13439,2,13441
2021-01-03,"Moderna, Pfizer/BioNTech",14366,2,14368
2021-01-04,"Moderna, Pfizer/BioNTech",17974,2,17976
2021-01-05,"Moderna, Pfizer/BioNTech",22498,3,22501
2021-01-06,"Moderna, Pfizer/BioNTech",28344,4,28348
2021-01-07,"Moderna, Pfizer/BioNTech",36342,4,36346
2021-01-08,"Moderna, Pfizer/BioNTech",46393,5,46398
2021-01-09,"Moderna, Pfizer/BioNTech",48419,7,48426
2021-01-10,Pfizer/BioNTech,50191,9,50200
2021-01-11,"Moderna, Pfizer/BioNTech",60048,11,60059
2021-01-12,"Moderna, Pfizer/BioNTech",73504,13,73517
2021-01-13,"Moderna, Pfizer/BioNTech",87050,13,87063
2021-01-14,"Moderna, Pfizer/BioNTech",102303,17,102320
2021-01-15,"Moderna, Pfizer/BioNTech",116323,18,116341
2021-01-16,"Moderna, Pfizer/BioNTech",119727,22,119749
2021-01-17,"Moderna, Pfizer/BioNTech",122348,657,123005
2021-01-18,"Moderna, Pfizer/BioNTech",134842,2484,137326
2021-01-19,"Moderna, Pfizer/BioNTech",147453,5213,152666
2021-01-20,"Moderna, Pfizer/BioNTech",161151,7878,169029
2021-01-21,"Moderna, Pfizer/BioNTech",176803,9620,186423
2021-01-22,"Moderna, Pfizer/BioNTech",191696,10664,202360
2021-01-23,"Moderna, Pfizer/BioNTech",195014,11541,206555
2021-01-24,"Moderna, Pfizer/BioNTech",197270,12412,209682
2021-01-25,"Moderna, Pfizer/BioNTech",206925,15382,222307
2021-01-26,"Moderna, Pfizer/BioNTech",217472,19373,236845
2021-01-27,"Moderna, Pfizer/BioNTech",226504,23908,250412
2021-01-28,"Moderna, Pfizer/BioNTech",233610,30040,263650
2021-01-29,"Moderna, Pfizer/BioNTech",239825,37947,277772
2021-01-30,"Moderna, Pfizer/BioNTech",240566,39035,279601
2021-01-31,"Moderna, Pfizer/BioNTech",241285,40217,281502
2021-02-01,"Moderna, Pfizer/BioNTech",245269,48187,293456
2021-02-02,"Moderna, Pfizer/BioNTech",249422,58427,307849
2021-02-03,"Moderna, Pfizer/BioNTech",253849,69447,323296
2021-02-04,"Moderna, Pfizer/BioNTech",258756,82440,341196
2021-02-05,"Moderna, Pfizer/BioNTech",264232,93114,357346
2021-02-06,"Moderna, Oxford/AstraZeneca, Pfizer/BioNTech",265089,95479,360568
2021-02-07,"Moderna, Oxford/AstraZeneca, Pfizer/BioNTech",265940,97979,363919
2021-02-08,"Moderna, Oxford/AstraZeneca, Pfizer/BioNTech",270033,109410,379443
2021-02-09,"Moderna, Oxford/AstraZeneca, Pfizer/BioNTech",275141,121323,396464
2021-02-10,"Moderna, Oxford/AstraZeneca, Pfizer/BioNTech",280660,134584,415244
2021-02-11,"Moderna, Oxford/AstraZeneca, Pfizer/BioNTech",287002,150803,437805
2021-02-12,"Moderna, Oxford/AstraZeneca, Pfizer/BioNTech",293830,165552,459382
2021-02-13,"Moderna, Oxford/AstraZeneca, Pfizer/BioNTech",295448,168539,463987
2021-02-14,"Moderna, Oxford/AstraZeneca, Pfizer/BioNTech",296454,169925,466379
2021-02-15,"Moderna, Oxford/AstraZeneca, Pfizer/BioNTech",302853,179296,482149
2021-02-16,"Moderna, Oxford/AstraZeneca, Pfizer/BioNTech",311574,188377,499951
2021-02-17,"Moderna, Oxford/AstraZeneca, Pfizer/BioNTech",321277,196688,517965
2021-02-18,"Moderna, Oxford/AstraZeneca, Pfizer/BioNTech",333606,204771,538377
2021-02-19,"Moderna, Oxford/AstraZeneca, Pfizer/BioNTech",345472,212147,557619
2021-02-20,"Moderna, Oxford/AstraZeneca, Pfizer/BioNTech",347482,213333,560815
2021-02-21,"Moderna, Oxford/AstraZeneca, Pfizer/BioNTech",348619,214359,562978
2021-02-22,"Moderna, Oxford/AstraZeneca, Pfizer/BioNTech",358746,220397,579143
2021-02-23,"Moderna, Oxford/AstraZeneca, Pfizer/BioNTech",371711,227388,599099
2021-02-24,"Moderna, Oxford/AstraZeneca, Pfizer/BioNTech",385595,233431,619026
2021-02-25,"Moderna, Oxford/AstraZeneca, Pfizer/BioNTech",403579,238982,642561
2021-02-26,"Moderna, Oxford/AstraZeneca, Pfizer/BioNTech",419762,244342,664104
2021-02-27,"Moderna, Oxford/AstraZeneca, Pfizer/BioNTech",422771,244901,667672
2021-02-28,"Moderna, Oxford/AstraZeneca, Pfizer/BioNTech",425129,245452,670581
2021-03-01,"Moderna, Oxford/AstraZeneca, Pfizer/BioNTech",444729,248901,693630
2021-03-02,"Moderna, Oxford/AstraZeneca, Pfizer/BioNTech",471956,252451,724407
2021-03-03,"Moderna, Oxford/AstraZeneca, Pfizer/BioNTech",502914,256962,759876
2021-03-04,"Moderna, Oxford/AstraZeneca, Pfizer/BioNTech",536198,261653,797851
2021-03-05,"Johnson&Johnson, Moderna, Oxford/AstraZeneca, Pfizer/BioNTech",565042,267082,832124
2021-03-06,"Johnson&Johnson, Moderna, Oxford/AstraZeneca, Pfizer/BioNTech",577202,267948,845150
2021-03-07,"Johnson&Johnson, Moderna, Oxford/AstraZeneca, Pfizer/BioNTech",588751,268791,857542
2021-03-08,"Johnson&Johnson, Moderna, Oxford/AstraZeneca, Pfizer/BioNTech",618501,273653,892154
2021-03-09,"Johnson&Johnson, Moderna, Oxford/AstraZeneca, Pfizer/BioNTech",654874,280041,934915
2021-03-10,"Johnson&Johnson, Moderna, Oxford/AstraZeneca, Pfizer/BioNTech",696209,287002,983211
2021-03-11,"Johnson&Johnson, Moderna, Oxford/AstraZeneca, Pfizer/BioNTech",741066,295377,1036443
2021-03-12,"Johnson&Johnson, Moderna, Oxford/AstraZeneca, Pfizer/BioNTech, Čína",779830,303877,1083707
2021-03-13,"Johnson&Johnson, Moderna, Oxford/AstraZeneca, Pfizer/BioNTech",796941,305192,1102133
2021-03-14,"Johnson&Johnson, Moderna, Oxford/AstraZeneca, Pfizer/BioNTech",809058,306348,1115406
2021-03-15,"Johnson&Johnson, Moderna, Oxford/AstraZeneca, Pfizer/BioNTech",837456,315130,1152586
2021-03-16,"Johnson&Johnson, Moderna, Oxford/AstraZeneca, Pfizer/BioNTech",876353,325667,1202020
2021-03-17,"Moderna, Oxford/AstraZeneca, Pfizer/BioNTech",913840,336182,1250022
2021-03-18,"Johnson&Johnson, Moderna, Oxford/AstraZeneca, Pfizer/BioNTech",951849,348608,1300457
2021-03-19,"Johnson&Johnson, Moderna, Oxford/AstraZeneca, Pfizer/BioNTech",986370,362223,1348593
2021-03-20,"Johnson&Johnson, Moderna, Oxford/AstraZeneca, Pfizer/BioNTech",1001555,364253,1365808
2021-03-21,"Johnson&Johnson, Moderna, Oxford/AstraZeneca, Pfizer/BioNTech",1009004,365813,1374817
2021-03-22,"Johnson&Johnson, Moderna, Oxford/AstraZeneca, Pfizer/BioNTech",1033581,378315,1411896
2021-03-23,"Johnson&Johnson, Moderna, Oxford/AstraZeneca, Pfizer/BioNTech",1060257,391682,1451939
2021-03-24,"Johnson&Johnson, Moderna, Oxford/AstraZeneca, Pfizer/BioNTech",1087152,407428,1494580
2021-03-25,"Johnson&Johnson, Moderna, Oxford/AstraZeneca, Pfizer/BioNTech",1113512,425283,1538795
2021-03-26,"Johnson&Johnson, Moderna, Oxford/AstraZeneca, Pfizer/BioNTech",1138354,442797,1581151
2021-03-27,"Johnson&Johnson, Moderna, Oxford/AstraZeneca, Pfizer/BioNTech",1146816,447643,1594459
2021-03-28,"Moderna, Oxford/AstraZeneca, Pfizer/BioNTech",1152364,451791,1604155
2021-03-29,"Johnson&Johnson, Moderna, Oxford/AstraZeneca, Pfizer/BioNTech",1171526,472528,1644054
2021-03-30,"Johnson&Johnson, Moderna, Oxford/AstraZeneca, Pfizer/BioNTech",1196236,494715,1690951
2021-03-31,"Johnson&Johnson, Moderna, Oxford/AstraZeneca, Pfizer/BioNTech",1219393,521784,1741177
2021-04-01,"Johnson&Johnson, Moderna, Oxford/AstraZeneca, Pfizer/BioNTech",1245082,553841,1798923
2021-04-02,"Johnson&Johnson, Moderna, Oxford/AstraZeneca, Pfizer/BioNTech",1252066,566639,1818705
2021-04-03,"Johnson&Johnson, Moderna, Oxford/AstraZeneca, Pfizer/BioNTech",1255720,577571,1833291
2021-04-04,"Johnson&Johnson, Moderna, Oxford/AstraZeneca, Pfizer/BioNTech",1258264,586494,1844758
2021-04-05,"Johnson&Johnson, Moderna, Oxford/AstraZeneca, Pfizer/BioNTech",1260697,593700,1854397
2021-04-06,"Johnson&Johnson, Moderna, Oxford/AstraZeneca, Pfizer/BioNTech, Čína",1276914,622976,1899890
2021-04-07,"Johnson&Johnson, Moderna, Oxford/AstraZeneca, Pfizer/BioNTech",1300418,645217,1945635
2021-04-08,"Johnson&Johnson, Moderna, Oxford/AstraZeneca, Pfizer/BioNTech",1339239,676265,2015504
2021-04-09,"Johnson&Johnson, Moderna, Oxford/AstraZeneca, Pfizer/BioNTech",1378838,706465,2085303
2021-04-10,"Johnson&Johnson, Moderna, Oxford/AstraZeneca, Pfizer/BioNTech",1394406,721778,2116184
2021-04-11,"Johnson&Johnson, Moderna, Oxford/AstraZeneca, Pfizer/BioNTech",1404202,731836,2136038
2021-04-12,"Johnson&Johnson, Moderna, Oxford/AstraZeneca, Pfizer/BioNTech",1442525,756982,2199507
2021-04-13,"Moderna, Oxford/AstraZeneca, Pfizer/BioNTech",1478834,783024,2261858
2021-04-14,"Moderna, Oxford/AstraZeneca, Pfizer/BioNTech",1517723,810401,2328124
2021-04-15,"Moderna, Oxford/AstraZeneca, Pfizer/BioNTech",1565560,836183,2401743
2021-04-16,"Moderna, Oxford/AstraZeneca, Pfizer/BioNTech",1610278,861865,2472143
2021-04-17,"Indie/AstraZeneca, Moderna, Oxford/AstraZeneca, Pfizer/BioNTech",1627005,870892,2497897
2021-04-18,"Moderna, Oxford/AstraZeneca, Pfizer/BioNTech",1640005,875878,2515883
2021-04-19,"Johnson&Johnson, Moderna, Oxford/AstraZeneca, Pfizer/BioNTech",1683981,891323,2575304
2021-04-20,"Johnson&Johnson, Moderna, Oxford/AstraZeneca, Pfizer/BioNTech",1726570,907213,2633783
2021-04-21,"Moderna, Oxford/AstraZeneca, Pfizer/BioNTech",1774335,921583,2695918
2021-04-22,"Johnson&Johnson, Moderna, Oxford/AstraZeneca, Pfizer/BioNTech",1828866,938983,2767849
2021-04-23,"Johnson&Johnson, Moderna, Oxford/AstraZeneca, Pfizer/BioNTech",1878879,951050,2829929
2021-04-24,"Johnson&Johnson, Moderna, Oxford/AstraZeneca, Pfizer/BioNTech",1896757,956317,2853074
2021-04-25,"Johnson&Johnson, Moderna, Oxford/AstraZeneca, Pfizer/BioNTech",1911471,960321,2871792
2021-04-26,"Johnson&Johnson, Moderna, Oxford/AstraZeneca, Pfizer/BioNTech",1961086,967891,2928977
2021-04-27,"Johnson&Johnson, Moderna, Oxford/AstraZeneca, Pfizer/BioNTech",2010077,980147,2990224
2021-04-28,"Johnson&Johnson, Moderna, Oxford/AstraZeneca, Pfizer/BioNTech",2068858,994171,3063029
2021-04-29,"Johnson&Johnson, Moderna, Oxford/AstraZeneca, Pfizer/BioNTech",2134478,1010092,3144570
2021-04-30,"Johnson&Johnson, Moderna, Oxford/AstraZeneca, Pfizer/BioNTech",2196774,1020089,3216863
2021-05-01,"Johnson&Johnson, Moderna, Oxford/AstraZeneca, Pfizer/BioNTech",2216167,1023554,3239721
2021-05-02,"Johnson&Johnson, Moderna, Oxford/AstraZeneca, Pfizer/BioNTech",2235119,1025845,3260964
2021-05-03,"Johnson&Johnson, Moderna, Oxford/AstraZeneca, Pfizer/BioNTech",2302397,1030929,3333326
2021-05-04,"Johnson&Johnson, Moderna, Oxford/AstraZeneca, Pfizer/BioNTech",2368958,1039300,3408258
2021-05-05,"Johnson&Johnson, Moderna, Oxford/AstraZeneca, Pfizer/BioNTech",2442168,1048748,3490916
2021-05-06,"Johnson&Johnson, Moderna, Oxford/AstraZeneca, Pfizer/BioNTech",2522615,1059500,3582115
2021-05-07,"Johnson&Johnson, Moderna, Oxford/AstraZeneca, Pfizer/BioNTech",2599954,1069646,3669600
2021-05-08,"Johnson&Johnson, Moderna, Oxford/AstraZeneca, Pfizer/BioNTech",2629495,1071439,3700934
2021-05-09,"Johnson&Johnson, Moderna, Oxford/AstraZeneca, Pfizer/BioNTech",2653737,1072663,3726400
2021-05-10,"Johnson&Johnson, Moderna, Oxford/AstraZeneca, Pfizer/BioNTech",2726537,1079910,3806447
2021-05-11,"Johnson&Johnson, Moderna, Oxford/AstraZeneca, Pfizer/BioNTech",2802690,1088742,3891432
2021-05-12,"Johnson&Johnson, Moderna, Oxford/AstraZeneca, Pfizer/BioNTech",2882638,1097890,3980528
2021-05-13,"Johnson&Johnson, Moderna, Oxford/AstraZeneca, Pfizer/BioNTech",2966693,1107083,4073776
2021-05-14,"Johnson&Johnson, Moderna, Oxford/AstraZeneca, Pfizer/BioNTech",3046251,1114911,4161162
2021-05-15,"Johnson&Johnson, Moderna, Oxford/AstraZeneca, Pfizer/BioNTech",3078219,1117198,4195417
2021-05-16,"Johnson&Johnson, Moderna, Oxford/AstraZeneca, Pfizer/BioNTech",3104036,1118485,4222521
2021-05-17,"Indie/AstraZeneca, Johnson&Johnson, Moderna, Oxford/AstraZeneca, Pfizer/BioNTech",3176579,1125243,4301822
2021-05-18,"Indie/AstraZeneca, Johnson&Johnson, Moderna, Oxford/AstraZeneca, Pfizer/BioNTech",3248575,1138368,4386943
2021-05-19,"Johnson&Johnson, Moderna, Oxford/AstraZeneca, Pfizer/BioNTech",3326077,1153543,4479620
2021-05-20,"Johnson&Johnson, Moderna, Oxford/AstraZeneca, Pfizer/BioNTech",3401576,1180616,4582192
2021-05-21,"Johnson&Johnson, Moderna, Oxford/AstraZeneca, Pfizer/BioNTech",3470435,1208426,4678861
2021-05-22,"Johnson&Johnson, Moderna, Oxford/AstraZeneca, Pfizer/BioNTech",3502911,1219671,4722582
2021-05-23,"Johnson&Johnson, Moderna, Oxford/AstraZeneca, Pfizer/BioNTech",3525362,1228714,4754076
2021-05-24,"Johnson&Johnson, Moderna, Oxford/AstraZeneca, Pfizer/BioNTech",3572580,1262394,4834974
2021-05-25,"Johnson&Johnson, Moderna, Oxford/AstraZeneca, Pfizer/BioNTech",3624503,1298243,4922746
2021-05-26,"Johnson&Johnson, Moderna, Oxford/AstraZeneca, Pfizer/BioNTech",3692276,1335808,5028084
2021-05-27,"Indie/AstraZeneca, Johnson&Johnson, Moderna, Oxford/AstraZeneca, Pfizer/BioNTech",3753713,1383178,5136891
2021-05-28,"Johnson&Johnson, Moderna, Oxford/AstraZeneca, Pfizer/BioNTech",3815470,1429794,5245264
2021-05-29,"Johnson&Johnson, Moderna, Oxford/AstraZeneca, Pfizer/BioNTech",3844745,1446941,5291686
2021-05-30,"Johnson&Johnson, Moderna, Oxford/AstraZeneca, Pfizer/BioNTech, Čína",3867165,1461414,5328579
2021-05-31,"Indie/AstraZeneca, Johnson&Johnson, Moderna, Oxford/AstraZeneca, Pfizer/BioNTech",3922917,1508950,5431867
2021-06-01,"Johnson&Johnson, Moderna, Oxford/AstraZeneca, Pfizer/BioNTech",3982036,1557844,5539880
2021-06-02,"Johnson&Johnson, Moderna, Oxford/AstraZeneca, Pfizer/BioNTech",4045019,1611883,5656902
2021-06-03,"Johnson&Johnson, Moderna, Oxford/AstraZeneca, Pfizer/BioNTech",4103285,1672134,5775419
2021-06-04,"Johnson&Johnson, Moderna, Oxford/AstraZeneca, Pfizer/BioNTech",4166436,1729575,5896011
2021-06-05,"Johnson&Johnson, Moderna, Oxford/AstraZeneca, Pfizer/BioNTech",4200630,1748509,5949139
2021-06-06,"Johnson&Johnson, Moderna, Oxford/AstraZeneca, Pfizer/BioNTech",4227593,1763690,5991283
2021-06-07,"Johnson&Johnson, Moderna, Oxford/AstraZeneca, Pfizer/BioNTech",4291299,1819348,6110647
2021-06-08,"Johnson&Johnson, Moderna, Oxford/AstraZeneca, Pfizer/BioNTech",4355317,1874379,6229696
2021-06-09,"Johnson&Johnson, Moderna, Oxford/AstraZeneca, Pfizer/BioNTech",4414542,1939081,6353623
2021-06-10,"Johnson&Johnson, Moderna, Oxford/AstraZeneca, Pfizer/BioNTech",4468411,2010412,6478823
2021-06-11,"Johnson&Johnson, Moderna, Oxford/AstraZeneca, Pfizer/BioNTech",4520547,2080271,6600818
2021-06-12,"Johnson&Johnson, Moderna, Oxford/AstraZeneca, Pfizer/BioNTech",4552580,2101135,6653715
2021-06-13,"Johnson&Johnson, Moderna, Oxford/AstraZeneca, Pfizer/BioNTech",4576624,2119580,6696204
2021-06-14,"Johnson&Johnson, Moderna, Oxford/AstraZeneca, Pfizer/BioNTech",4619725,2194001,6813726
2021-06-15,"Johnson&Johnson, Moderna, Oxford/AstraZeneca, Pfizer/BioNTech",4664411,2266416,6930827
2021-06-16,"Johnson&Johnson, Moderna, Oxford/AstraZeneca, Pfizer/BioNTech",4707241,2344672,7051913
2021-06-17,"Johnson&Johnson, Moderna, Oxford/AstraZeneca, Pfizer/BioNTech",4746685,2427797,7174482
2021-06-18,"Johnson&Johnson, Moderna, Oxford/AstraZeneca, Pfizer/BioNTech",4789135,2508409,7297544
2021-06-19,"Johnson&Johnson, Moderna, Oxford/AstraZeneca, Pfizer/BioNTech",4810936,2537763,7348699
2021-06-20,"Johnson&Johnson, Moderna, Oxford/AstraZeneca, Pfizer/BioNTech",4828350,2561650,7390000
2021-06-21,"Johnson&Johnson, Moderna, Oxford/AstraZeneca, Pfizer/BioNTech, Čína",4860870,2640292,7501162
2021-06-22,"Johnson&Johnson, Moderna, Oxford/AstraZeneca, Pfizer/BioNTech",4893858,2722644,7616502
2021-06-23,"Johnson&Johnson, Moderna, Oxford/AstraZeneca, Pfizer/BioNTech",4925591,2807917,7733508
2021-06-24,"Johnson&Johnson, Moderna, Oxford/AstraZeneca, Pfizer/BioNTech",4955470,2898002,7853472
2021-06-25,"Johnson&Johnson, Moderna, Oxford/AstraZeneca, Pfizer/BioNTech",4986573,2984267,7970840
2021-06-26,"Johnson&Johnson, Moderna, Oxford/AstraZeneca, Pfizer/BioNTech",5002478,3019167,8021645
2021-06-27,"Johnson&Johnson, Moderna, Oxford/AstraZeneca, Pfizer/BioNTech",5016440,3045895,8062335
2021-06-28,"Johnson&Johnson, Moderna, Oxford/AstraZeneca, Pfizer/BioNTech",5044869,3131140,8176009
2021-06-29,"Johnson&Johnson, Moderna, Oxford/AstraZeneca, Pfizer/BioNTech",5074173,3217719,8291892
2021-06-30,"Johnson&Johnson, Moderna, Oxford/AstraZeneca, Pfizer/BioNTech",5101687,3308790,8410477
2021-07-01,"Johnson&Johnson, Moderna, Oxford/AstraZeneca, Pfizer/BioNTech",5125704,3398919,8524623
2021-07-02,"Johnson&Johnson, Moderna, Oxford/AstraZeneca, Pfizer/BioNTech",5152462,3484879,8637341
2021-07-03,"Johnson&Johnson, Moderna, Oxford/AstraZeneca, Pfizer/BioNTech",5159574,3516462,8676036
2021-07-04,"Johnson&Johnson, Moderna, Oxford/AstraZeneca, Pfizer/BioNTech",5167171,3538291,8705462
2021-07-05,"Johnson&Johnson, Moderna, Oxford/AstraZeneca, Pfizer/BioNTech",5174602,3563710,8738312
2021-07-06,"Johnson&Johnson, Moderna, Oxford/AstraZeneca, Pfizer/BioNTech",5180093,3591454,8771547
2021-07-07,"Johnson&Johnson, Moderna, Oxford/AstraZeneca, Pfizer/BioNTech",5205936,3670471,8876407
2021-07-08,"Johnson&Johnson, Moderna, Oxford/AstraZeneca, Pfizer/BioNTech",5232561,3740843,8973404
2021-07-09,"Johnson&Johnson, Moderna, Oxford/AstraZeneca, Pfizer/BioNTech",5260530,3810199,9070729
2021-07-10,"Johnson&Johnson, Moderna, Oxford/AstraZeneca, Pfizer/BioNTech",5269919,3838879,9108798
2021-07-11,"Johnson&Johnson, Moderna, Oxford/AstraZeneca, Pfizer/BioNTech",5278480,3861773,9140253
2021-07-12,"Johnson&Johnson, Moderna, Oxford/AstraZeneca, Pfizer/BioNTech",5306040,3930871,9236911
2021-07-13,"Johnson&Johnson, Moderna, Oxford/AstraZeneca, Pfizer/BioNTech",5332259,4000779,9333038
2021-07-14,"Johnson&Johnson, Moderna, Oxford/AstraZeneca, Pfizer/BioNTech",5358110,4072802,9430912
2021-07-15,"Indie/AstraZeneca, Johnson&Johnson, Moderna, Oxford/AstraZeneca, Pfizer/BioNTech",5387305,4138846,9526151
2021-07-16,"Johnson&Johnson, Moderna, Oxford/AstraZeneca, Pfizer/BioNTech",5415254,4211613,9626867
2021-07-17,"Johnson&Johnson, Moderna, Oxford/AstraZeneca, Pfizer/BioNTech",5424066,4243100,9667166
2021-07-18,"Johnson&Johnson, Moderna, Oxford/AstraZeneca, Pfizer/BioNTech",5432514,4269122,9701636
2021-07-19,"Johnson&Johnson, Moderna, Oxford/AstraZeneca, Pfizer/BioNTech",5455892,4336170,9792062
2021-07-20,"Johnson&Johnson, Moderna, Oxford/AstraZeneca, Pfizer/BioNTech",5477320,4403262,9880582
2021-07-21,"Johnson&Johnson, Moderna, Oxford/AstraZeneca, Pfizer/BioNTech",5500786,4466754,9967540
2021-07-22,"Johnson&Johnson, Moderna, Oxford/AstraZeneca, Pfizer/BioNTech",5523165,4525419,10048584
2021-07-23,"Johnson&Johnson, Moderna, Oxford/AstraZeneca, Pfizer/BioNTech",5546416,4580212,10126628
2021-07-24,"Johnson&Johnson, Moderna, Oxford/AstraZeneca, Pfizer/BioNTech",5553777,4607904,10161681
2021-07-25,"Johnson&Johnson, Moderna, Oxford/AstraZeneca, Pfizer/BioNTech",5560424,4630048,10190472
2021-07-26,"Johnson&Johnson, Moderna, Oxford/AstraZeneca, Pfizer/BioNTech",5583988,4678763,10262751
2021-07-27,"Johnson&Johnson, Moderna, Oxford/AstraZeneca, Pfizer/BioNTech",5606750,4725446,10332196
2021-07-28,"Johnson&Johnson, Moderna, Oxford/AstraZeneca, Pfizer/BioNTech",5628044,4771493,10399537
2021-07-29,"Johnson&Johnson, Moderna, Oxford/AstraZeneca, Pfizer/BioNTech",5649397,4813500,10462897
2021-07-30,"Johnson&Johnson, Moderna, Oxford/AstraZeneca, Pfizer/BioNTech",5672694,4856108,10528802
2021-07-31,"Johnson&Johnson, Moderna, Oxford/AstraZeneca, Pfizer/BioNTech",5681662,4875666,10557328
2021-08-01,"Johnson&Johnson, Moderna, Oxford/AstraZeneca, Pfizer/BioNTech",5688400,4891850,10580250
2021-08-02,"Johnson&Johnson, Moderna, Oxford/AstraZeneca, Pfizer/BioNTech",5707055,4929443,10636498
2021-08-03,"Johnson&Johnson, Moderna, Oxford/AstraZeneca, Pfizer/BioNTech",5724721,4967589,10692310
2021-08-04,"Johnson&Johnson, Moderna, Oxford/AstraZeneca, Pfizer/BioNTech",5740862,5004393,10745255
2021-08-05,"Johnson&Johnson, Moderna, Oxford/AstraZeneca, Pfizer/BioNTech",5756913,5044914,10801827
2021-08-06,"Johnson&Johnson, Moderna, Oxford/AstraZeneca, Pfizer/BioNTech",5773734,5088260,10861994
2021-08-07,"Johnson&Johnson, Moderna, Oxford/AstraZeneca, Pfizer/BioNTech",5779349,5106456,10885805
2021-08-08,"Johnson&Johnson, Moderna, Oxford/AstraZeneca, Pfizer/BioNTech",5783721,5122233,10905954
2021-08-09,"Indie/AstraZeneca, Johnson&Johnson, Moderna, Oxford/AstraZeneca, Pfizer/BioNTech",5796364,5167324,10963688
2021-08-10,"Johnson&Johnson, Moderna, Oxford/AstraZeneca, Pfizer/BioNTech",5808217,5206930,11015147
2021-08-11,"Indie/AstraZeneca, Johnson&Johnson, Moderna, Oxford/AstraZeneca, Pfizer/BioNTech",5819596,5250089,11069685
2021-08-12,"Johnson&Johnson, Moderna, Oxford/AstraZeneca, Pfizer/BioNTech",5831024,5287254,11118278
2021-08-13,"Johnson&Johnson, Moderna, Oxford/AstraZeneca, Pfizer/BioNTech",5841760,5327625,11169385
2021-08-14,"Johnson&Johnson, Moderna, Oxford/AstraZeneca, Pfizer/BioNTech",5845105,5338352,11183457
2021-08-15,"Johnson&Johnson, Moderna, Oxford/AstraZeneca, Pfizer/BioNTech",5847699,5348747,11196446
2021-08-16,"Johnson&Johnson, Moderna, Oxford/AstraZeneca, Pfizer/BioNTech",5857498,5382853,11240351
2021-08-17,"Johnson&Johnson, Moderna, Oxford/AstraZeneca, Pfizer/BioNTech",5867101,5409982,11277083
2021-08-18,"Johnson&Johnson, Moderna, Oxford/AstraZeneca, Pfizer/BioNTech",5876481,5448909,11325390
2021-08-19,"Johnson&Johnson, Moderna, Oxford/AstraZeneca, Pfizer/BioNTech",5886169,5487283,11373452
2021-08-20,"Johnson&Johnson, Moderna, Oxford/AstraZeneca, Pfizer/BioNTech",5897568,5527499,11425067
2021-08-21,"Johnson&Johnson, Moderna, Oxford/AstraZeneca, Pfizer/BioNTech",5900296,5540286,11440582
2021-08-22,"Johnson&Johnson, Moderna, Oxford/AstraZeneca, Pfizer/BioNTech",5902642,5552269,11454911
2021-08-23,"Johnson&Johnson, Moderna, Oxford/AstraZeneca, Pfizer/BioNTech",5913179,5591567,11504746
2021-08-24,"Johnson&Johnson, Moderna, Oxford/AstraZeneca, Pfizer/BioNTech",5923065,5624835,11547900
2021-08-25,"Indie/AstraZeneca, Johnson&Johnson, Moderna, Oxford/AstraZeneca, Pfizer/BioNTech",5931941,5653227,11585168
2021-08-26,"Johnson&Johnson, Moderna, Oxford/AstraZeneca, Pfizer/BioNTech",5940399,5679373,11619772
2021-08-27,"Johnson&Johnson, Moderna, Oxford/AstraZeneca, Pfizer/BioNTech",5950726,5705373,11656099
2021-08-28,"Johnson&Johnson, Moderna, Oxford/AstraZeneca, Pfizer/BioNTech",5953470,5712454,11665924
2021-08-29,"Johnson&Johnson, Moderna, Oxford/AstraZeneca, Pfizer/BioNTech",5955885,5719081,11674966
2021-08-30,"Johnson&Johnson, Moderna, Oxford/AstraZeneca, Pfizer/BioNTech",5964417,5740975,11705392
2021-08-31,"Johnson&Johnson, Moderna, Oxford/AstraZeneca, Pfizer/BioNTech",5972107,5759104,11731211
2021-09-01,"Johnson&Johnson, Moderna, Oxford/AstraZeneca, Pfizer/BioNTech",5978022,5773133,11751155
2021-09-02,"Johnson&Johnson, Moderna, Oxford/AstraZeneca, Pfizer/BioNTech",5984865,5787533,11772398
2021-09-03,"Johnson&Johnson, Moderna, Oxford/AstraZeneca, Pfizer/BioNTech",5994422,5803272,11797694
2021-09-04,"Johnson&Johnson, Moderna, Oxford/AstraZeneca, Pfizer/BioNTech",5996497,5806838,11803335
2021-09-05,"Johnson&Johnson, Moderna, Oxford/AstraZeneca, Pfizer/BioNTech",5998544,5809690,11808234
2021-09-06,"Johnson&Johnson, Moderna, Oxford/AstraZeneca, Pfizer/BioNTech",6004785,5822245,11827030
2021-09-07,"Johnson&Johnson, Moderna, Oxford/AstraZeneca, Pfizer/BioNTech",6009181,5833341,11842522
2021-09-08,"Johnson&Johnson, Moderna, Oxford/AstraZeneca, Pfizer/BioNTech",6014860,5843213,11858073
2021-09-09,"Johnson&Johnson, Moderna, Oxford/AstraZeneca, Pfizer/BioNTech",6021563,5853289,11874852
2021-09-10,"Johnson&Johnson, Moderna, Oxford/AstraZeneca, Pfizer/BioNTech",6029267,5865479,11894746
2021-09-11,"Johnson&Johnson, Moderna, Oxford/AstraZeneca, Pfizer/BioNTech",6031143,5867976,11899119
2021-09-12,"Johnson&Johnson, Moderna, Oxford/AstraZeneca, Pfizer/BioNTech",6032261,5869613,11901874
2021-09-13,"Johnson&Johnson, Moderna, Oxford/AstraZeneca, Pfizer/BioNTech",6037705,5879932,11917637
2021-09-14,"Johnson&Johnson, Moderna, Oxford/AstraZeneca, Pfizer/BioNTech",6043109,5888954,11932063
2021-09-15,"Johnson&Johnson, Moderna, Oxford/AstraZeneca, Pfizer/BioNTech",6048322,5897489,11945811
2021-09-16,"Johnson&Johnson, Moderna, Oxford/AstraZeneca, Pfizer/BioNTech",6053690,5905773,11959463
2021-09-17,"Johnson&Johnson, Moderna, Oxford/AstraZeneca, Pfizer/BioNTech",6060262,5916015,11976277
2021-09-18,"Johnson&Johnson, Moderna, Oxford/AstraZeneca, Pfizer/BioNTech",6061994,5918381,11980375
2021-09-19,"Johnson&Johnson, Moderna, Oxford/AstraZeneca, Pfizer/BioNTech",6062941,5919953,11982894
2021-09-20,"Johnson&Johnson, Moderna, Oxford/AstraZeneca, Pfizer/BioNTech",6066970,5928159,11995129
2021-09-21,"Johnson&Johnson, Moderna, Oxford/AstraZeneca, Pfizer/BioNTech",6071214,5935698,12006912
2021-09-22,"Johnson&Johnson, Moderna, Oxford/AstraZeneca, Pfizer/BioNTech",6075410,5941228,12016638
2021-09-23,"Johnson&Johnson, Moderna, Oxford/AstraZeneca, Pfizer/BioNTech",6080381,5947644,12028025
2021-09-24,"Johnson&Johnson, Moderna, Oxford/AstraZeneca, Pfizer/BioNTech",6086147,5957266,12043413
2021-09-25,"Johnson&Johnson, Moderna, Oxford/AstraZeneca, Pfizer/BioNTech",6087649,5959266,12046915
2021-09-26,"Johnson&Johnson, Moderna, Oxford/AstraZeneca, Pfizer/BioNTech",6088394,5960910,12049304
2021-09-27,"Johnson&Johnson, Moderna, Oxford/AstraZeneca, Pfizer/BioNTech",6092281,5967429,12059710
2021-09-28,"Johnson&Johnson, Moderna, Oxford/AstraZeneca, Pfizer/BioNTech",6092658,5968067,12060725
2021-09-29,"Johnson&Johnson, Moderna, Oxford/AstraZeneca, Pfizer/BioNTech",6096436,5975532,12071968
2021-09-30,"Johnson&Johnson, Moderna, Oxford/AstraZeneca, Pfizer/BioNTech",6100958,5983241,12084199
2021-10-01,"Johnson&Johnson, Moderna, Oxford/AstraZeneca, Pfizer/BioNTech",6105272,5991230,12096502
2021-10-02,"Johnson&Johnson, Moderna, Oxford/AstraZeneca, Pfizer/BioNTech",6106335,5992776,12099111
2021-10-03,"Johnson&Johnson, Moderna, Oxford/AstraZeneca, Pfizer/BioNTech",6107059,5993650,12100709
2021-10-04,"Johnson&Johnson, Moderna, Oxford/AstraZeneca, Pfizer/BioNTech",6110140,5999232,12109372
2021-10-05,"Johnson&Johnson, Moderna, Oxford/AstraZeneca, Pfizer/BioNTech",6113305,6004320,12117625
2021-10-06,"Johnson&Johnson, Moderna, Oxford/AstraZeneca, Pfizer/BioNTech",6116828,6009497,12126325
2021-10-07,"Johnson&Johnson, Moderna, Oxford/AstraZeneca, Pfizer/BioNTech",6120114,6014761,12134875
2021-10-08,"Johnson&Johnson, Moderna, Oxford/AstraZeneca, Pfizer/BioNTech",6124909,6021409,12146318
2021-10-09,"Johnson&Johnson, Moderna, Oxford/AstraZeneca, Pfizer/BioNTech",6126153,6023076,12149229
2021-10-10,"Johnson&Johnson, Moderna, Oxford/AstraZeneca, Pfizer/BioNTech",6127098,6023910,12151008
2021-10-11,"Johnson&Johnson, Moderna, Oxford/AstraZeneca, Pfizer/BioNTech",6130027,6028331,12158358
2021-10-12,"Johnson&Johnson, Moderna, Oxford/AstraZeneca, Pfizer/BioNTech",6132966,6032334,12165300
2021-10-13,"Johnson&Johnson, Moderna, Oxford/AstraZeneca, Pfizer/BioNTech",6136498,6036524,12173022
2021-10-14,"Johnson&Johnson, Moderna, Oxford/AstraZeneca, Pfizer/BioNTech",6140170,6041474,12181644
2021-10-15,"Johnson&Johnson, Moderna, Oxford/AstraZeneca, Pfizer/BioNTech",6145401,6047625,12193026
2021-10-16,"Johnson&Johnson, Moderna, Oxford/AstraZeneca, Pfizer/BioNTech",6146815,6049155,12195970
2021-10-17,"Johnson&Johnson, Moderna, Pfizer/BioNTech",6148141,6050211,12198352
2021-10-18,"Johnson&Johnson, Moderna, Oxford/AstraZeneca, Pfizer/BioNTech",6152255,6054319,12206574
2021-10-19,"Johnson&Johnson, Moderna, Oxford/AstraZeneca, Pfizer/BioNTech",6155836,6056428,12212264
2021-10-20,"Johnson&Johnson, Moderna, Oxford/AstraZeneca, Pfizer/BioNTech",6160727,6060889,12221616
2021-10-21,"Johnson&Johnson, Moderna, Oxford/AstraZeneca, Pfizer/BioNTech",6168495,6066499,12234994
2021-10-22,"Johnson&Johnson, Moderna, Oxford/AstraZeneca, Pfizer/BioNTech",6178952,6073006,12251958
2021-10-23,"Johnson&Johnson, Moderna, Oxford/AstraZeneca, Pfizer/BioNTech",6182631,6075217,12257848
2021-10-24,"Johnson&Johnson, Moderna, Oxford/AstraZeneca, Pfizer/BioNTech",6185318,6076997,12262315
2021-10-25,"Johnson&Johnson, Moderna, Oxford/AstraZeneca, Pfizer/BioNTech",6195825,6082814,12278639
2021-10-26,"Johnson&Johnson, Moderna, Oxford/AstraZeneca, Pfizer/BioNTech",6207818,6089368,12297186
2021-10-27,"Johnson&Johnson, Moderna, Oxford/AstraZeneca, Pfizer/BioNTech",6222426,6096786,12319212
2021-10-28,"Johnson&Johnson, Moderna, Oxford/AstraZeneca, Pfizer/BioNTech",6225855,6098472,12324327
2021-10-29,"Johnson&Johnson, Moderna, Oxford/AstraZeneca, Pfizer/BioNTech",6240295,6106460,12346755
2021-10-30,"Johnson&Johnson, Moderna, Oxford/AstraZeneca, Pfizer/BioNTech",6244824,6109392,12354216
2021-10-31,"Johnson&Johnson, Moderna, Oxford/AstraZeneca, Pfizer/BioNTech",6248587,6111869,12360456
2021-11-01,"Johnson&Johnson, Moderna, Oxford/AstraZeneca, Pfizer/BioNTech",6263784,6119554,12383338
2021-11-02,"Johnson&Johnson, Moderna, Oxford/AstraZeneca, Pfizer/BioNTech",6279235,6127113,12406348
2021-11-03,"Johnson&Johnson, Moderna, Oxford/AstraZeneca, Pfizer/BioNTech",6296415,6134404,12430819
2021-11-04,"Johnson&Johnson, Moderna, Oxford/AstraZeneca, Pfizer/BioNTech",6314762,6142578,12457340
2021-11-05,"Johnson&Johnson, Moderna, Oxford/AstraZeneca, Pfizer/BioNTech",6337565,6153867,12491432
2021-11-06,"Johnson&Johnson, Moderna, Oxford/AstraZeneca, Pfizer/BioNTech",6344080,6156926,12501006
2021-11-07,"Johnson&Johnson, Moderna, Oxford/AstraZeneca, Pfizer/BioNTech",6348104,6159362,12507466
2021-11-08,"Johnson&Johnson, Moderna, Oxford/AstraZeneca, Pfizer/BioNTech",6364370,6166989,12531359
2021-11-09,"Johnson&Johnson, Moderna, Oxford/AstraZeneca, Pfizer/BioNTech",6379182,6174288,12553470
2021-11-10,"Johnson&Johnson, Moderna, Oxford/AstraZeneca, Pfizer/BioNTech",6394921,6181676,12576597
2021-11-11,"Johnson&Johnson, Moderna, Oxford/AstraZeneca, Pfizer/BioNTech",6410393,6190783,12601176
2021-11-12,"Johnson&Johnson, Moderna, Oxford/AstraZeneca, Pfizer/BioNTech",6430193,6203584,12633777
2021-11-13,"Johnson&Johnson, Moderna, Oxford/AstraZeneca, Pfizer/BioNTech",6435588,6207461,12643049
2021-11-14,"Johnson&Johnson, Moderna, Oxford/AstraZeneca, Pfizer/BioNTech",6439483,6210471,12649954
2021-11-15,"Johnson&Johnson, Moderna, Oxford/AstraZeneca, Pfizer/BioNTech",6454562,6221168,12675730
2021-11-16,"Johnson&Johnson, Moderna, Oxford/AstraZeneca, Pfizer/BioNTech",6472096,6233148,12705244
2021-11-17,"Johnson&Johnson, Moderna, Oxford/AstraZeneca, Pfizer/BioNTech",6476338,6236716,12713054
2021-11-18,"Johnson&Johnson, Moderna, Oxford/AstraZeneca, Pfizer/BioNTech",6495752,6248408,12744160
2021-11-19,"Johnson&Johnson, Moderna, Oxford/AstraZeneca, Pfizer/BioNTech",6520361,6265387,12785748
2021-11-20,"Johnson&Johnson, Moderna, Oxford/AstraZeneca, Pfizer/BioNTech",6528938,6270371,12799309
2021-11-21,"Johnson&Johnson, Moderna, Oxford/AstraZeneca, Pfizer/BioNTech",6535707,6274146,12809853
2021-11-22,"Johnson&Johnson, Moderna, Oxford/AstraZeneca, Pfizer/BioNTech",6554215,6288260,12842475
2021-11-23,"Johnson&Johnson, Moderna, Oxford/AstraZeneca, Pfizer/BioNTech",6573284,6301522,12874806
2021-11-24,"Johnson&Johnson, Moderna, Oxford/AstraZeneca, Pfizer/BioNTech",6592298,6317373,12909671
2021-11-25,"Johnson&Johnson, Moderna, Oxford/AstraZeneca, Pfizer/BioNTech",6611440,6332413,12943853
2021-11-26,"Johnson&Johnson, Moderna, Oxford/AstraZeneca, Pfizer/BioNTech",6633096,6351551,12984647
2021-11-27,"Johnson&Johnson, Moderna, Oxford/AstraZeneca, Pfizer/BioNTech",6640565,6357106,12997671
2021-11-28,"Johnson&Johnson, Moderna, Oxford/AstraZeneca, Pfizer/BioNTech",6643898,6360243,13004141
2021-11-29,"Johnson&Johnson, Moderna, Oxford/AstraZeneca, Pfizer/BioNTech",6659106,6373904,13033010
2021-11-30,"Johnson&Johnson, Moderna, Oxford/AstraZeneca, Pfizer/BioNTech",6672306,6385131,13057437
2021-12-01,"Johnson&Johnson, Moderna, Oxford/AstraZeneca, Pfizer/BioNTech",6686344,6397588,13083932
2021-12-02,"Johnson&Johnson, Moderna, Oxford/AstraZeneca, Pfizer/BioNTech",6696985,6410080,13107065
2021-12-03,"Johnson&Johnson, Moderna, Oxford/AstraZeneca, Pfizer/BioNTech",6706625,6425660,13132285
2021-12-04,"Johnson&Johnson, Moderna, Pfizer/BioNTech",6709182,6429611,13138793
2021-12-05,"Johnson&Johnson, Moderna, Oxford/AstraZeneca, Pfizer/BioNTech",6710543,6431951,13142494
2021-12-06,"Johnson&Johnson, Moderna, Oxford/AstraZeneca, Pfizer/BioNTech",6718691,6443476,13162167
2021-12-07,"Johnson&Johnson, Moderna, Oxford/AstraZeneca, Pfizer/BioNTech",6726582,6455484,13182066
2021-12-08,"Johnson&Johnson, Moderna, Oxford/AstraZeneca, Pfizer/BioNTech",6734827,6461413,13196240
2021-12-09,"Johnson&Johnson, Moderna, Oxford/AstraZeneca, Pfizer/BioNTech",6741948,6474237,13216185
2021-12-10,"Johnson&Johnson, Moderna, Oxford/AstraZeneca, Pfizer/BioNTech",6748877,6492040,13240917
2021-12-11,"Johnson&Johnson, Moderna, Oxford/AstraZeneca, Pfizer/BioNTech",6750532,6497308,13247840
2021-12-12,"Johnson&Johnson, Moderna, Oxford/AstraZeneca, Pfizer/BioNTech",6751843,6501741,13253584
2021-12-13,"Johnson&Johnson, Moderna, Oxford/AstraZeneca, Pfizer/BioNTech",6758199,6515054,13273253
2021-12-14,"Johnson&Johnson, Moderna, Oxford/AstraZeneca, Pfizer/BioNTech",6764408,6528724,13293132
2021-12-15,"Johnson&Johnson, Moderna, Oxford/AstraZeneca, Pfizer/BioNTech",6770614,6542322,13312936
2021-12-16,"Johnson&Johnson, Moderna, Oxford/AstraZeneca, Pfizer/BioNTech",6777555,6557156,13334711
2021-12-17,"Johnson&Johnson, Moderna, Oxford/AstraZeneca, Pfizer/BioNTech",6785919,6574423,13360342
2021-12-18,"Johnson&Johnson, Moderna, Oxford/AstraZeneca, Pfizer/BioNTech",6788530,6579875,13368405
2021-12-19,"Johnson&Johnson, Moderna, Pfizer/BioNTech",6790302,6582378,13372680
2021-12-20,"Johnson&Johnson, Moderna, Oxford/AstraZeneca, Pfizer/BioNTech",6796160,6596440,13392600
2021-12-21,"Johnson&Johnson, Moderna, Oxford/AstraZeneca, Pfizer/BioNTech",6802822,6608435,13411257
2021-12-22,"Johnson&Johnson, Moderna, Oxford/AstraZeneca, Pfizer/BioNTech",6807868,6621492,13429360
2021-12-23,"Johnson&Johnson, Moderna, Oxford/AstraZeneca, Pfizer/BioNTech",6810742,6627094,13437836
2021-12-24,"Johnson&Johnson, Moderna, Oxford/AstraZeneca, Pfizer/BioNTech",6810788,6627196,13437984
2021-12-25,"Moderna, Pfizer/BioNTech",6810789,6627204,13437993
2021-12-26,"Moderna, Pfizer/BioNTech",6810891,6627407,13438298
2021-12-27,"Johnson&Johnson, Moderna, Pfizer/BioNTech",6814758,6637153,13451911
2021-12-28,"Johnson&Johnson, Moderna, Oxford/AstraZeneca, Pfizer/BioNTech",6819997,6645150,13465147
2021-12-29,"Johnson&Johnson, Moderna, Oxford/AstraZeneca, Pfizer/BioNTech",6824278,6652870,13477148
2021-12-30,"Johnson&Johnson, Moderna, Pfizer/BioNTech",6828579,6658303,13486882
2021-12-31,"Johnson&Johnson, Moderna, Pfizer/BioNTech",6829089,6659727,13488816
2022-01-01,"Johnson&Johnson, Moderna, Pfizer/BioNTech",6829095,6659745,13488840
2022-01-02,"Johnson&Johnson, Moderna, Pfizer/BioNTech",6829951,6661122,13491073
2022-01-03,"Johnson&Johnson, Moderna, Oxford/AstraZeneca, Pfizer/BioNTech",6834088,6670030,13504118
2022-01-04,"Johnson&Johnson, Moderna, Oxford/AstraZeneca, Pfizer/BioNTech",6839171,6677785,13516956
2022-01-05,"Johnson&Johnson, Moderna, Oxford/AstraZeneca, Pfizer/BioNTech",6844993,6685757,13530750
2022-01-06,"Johnson&Johnson, Moderna, Oxford/AstraZeneca, Pfizer/BioNTech",6851578,6694157,13545735
2022-01-07,"Johnson&Johnson, Moderna, Oxford/AstraZeneca, Pfizer/BioNTech",6859453,6704512,13563965
2022-01-08,"Johnson&Johnson, Moderna, Oxford/AstraZeneca, Pfizer/BioNTech",6861932,6707290,13569222
2022-01-09,"Johnson&Johnson, Moderna, Pfizer/BioNTech",6863015,6708985,13572000
2022-01-10,"Johnson&Johnson, Moderna, Oxford/AstraZeneca, Pfizer/BioNTech",6867517,6715177,13582694
2022-01-11,"Johnson&Johnson, Moderna, Oxford/AstraZeneca, Pfizer/BioNTech",6872963,6721932,13594895
2022-01-12,"Johnson&Johnson, Moderna, Oxford/AstraZeneca, Pfizer/BioNTech",6878920,6727575,13606495
2022-01-13,"Johnson&Johnson, Moderna, Oxford/AstraZeneca, Pfizer/BioNTech",6884808,6732352,13617160
2022-01-14,"Johnson&Johnson, Moderna, Oxford/AstraZeneca, Pfizer/BioNTech",6891110,6735983,13627093
2022-01-15,"Johnson&Johnson, Moderna, Oxford/AstraZeneca, Pfizer/BioNTech",6892386,6736639,13629025
2022-01-16,"Johnson&Johnson, Moderna, Oxford/AstraZeneca, Pfizer/BioNTech",6893076,6737076,13630152
2022-01-17,"Johnson&Johnson, Moderna, Oxford/AstraZeneca, Pfizer/BioNTech",6896632,6741032,13637664
2022-01-18,"Johnson&Johnson, Moderna, Oxford/AstraZeneca, Pfizer/BioNTech",6900481,6745981,13646462
2022-01-19,"Johnson&Johnson, Moderna, Oxford/AstraZeneca, Pfizer/BioNTech",6904550,6749913,13654463
2022-01-20,"Johnson&Johnson, Moderna, Oxford/AstraZeneca, Pfizer/BioNTech",6908142,6754369,13662511
2022-01-21,"Johnson&Johnson, Moderna, Oxford/AstraZeneca, Pfizer/BioNTech",6912133,6756897,13669030
2022-01-22,"Johnson&Johnson, Moderna, Pfizer/BioNTech",6912912,6757336,13670248
2022-01-23,"Johnson&Johnson, Moderna, Pfizer/BioNTech",6913473,6757970,13671443
2022-01-24,"Johnson&Johnson, Moderna, Oxford/AstraZeneca, Pfizer/BioNTech",6915743,6761405,13677148
2022-01-25,"Johnson&Johnson, Moderna, Oxford/AstraZeneca, Pfizer/BioNTech",6918098,6765399,13683497
2022-01-26,"Johnson&Johnson, Moderna, Oxford/AstraZeneca, Pfizer/BioNTech",6920483,6769967,13690450
2022-01-27,"Johnson&Johnson, Moderna, Oxford/AstraZeneca, Pfizer/BioNTech",6922802,6774779,13697581
2022-01-28,"Johnson&Johnson, Moderna, Oxford/AstraZeneca, Pfizer/BioNTech",6925718,6780941,13706659
2022-01-29,"Johnson&Johnson, Moderna, Oxford/AstraZeneca, Pfizer/BioNTech",6926319,6782592,13708911
2022-01-30,"Johnson&Johnson, Moderna, Pfizer/BioNTech",6926546,6783370,13709916
2022-01-31,"Johnson&Johnson, Moderna, Pfizer/BioNTech",6928088,6787293,13715381
2022-02-01,"Johnson&Johnson, Moderna, Pfizer/BioNTech",6929684,6791325,13721009
2022-02-02,"Johnson&Johnson, Moderna, Oxford/AstraZeneca, Pfizer/BioNTech",6931251,6795835,13727086
2022-02-03,"Johnson&Johnson, Moderna, Pfizer/BioNTech",6932631,6800320,13732951
2022-02-04,"Johnson&Johnson, Moderna, Pfizer/BioNTech",6934231,6805435,13739666
2022-02-05,"Johnson&Johnson, Moderna, Pfizer/BioNTech",6934404,6806045,13740449
2022-02-06,"Johnson&Johnson, Moderna, Pfizer/BioNTech",6934500,6806364,13740864
2022-02-07,"Johnson&Johnson, Moderna, Pfizer/BioNTech",6935202,6809574,13744776
2022-02-08,"Johnson&Johnson, Moderna, Pfizer/BioNTech",6935997,6812763,13748760
2022-02-09,"Johnson&Johnson, Moderna, Pfizer/BioNTech",6936821,6816135,13752956
2022-02-10,"Johnson&Johnson, Moderna, Pfizer/BioNTech",6937621,6819260,13756881
2022-02-11,"Johnson&Johnson, Moderna, Pfizer/BioNTech",6938575,6823174,13761749
2022-02-12,"Johnson&Johnson, Moderna, Pfizer/BioNTech",6938685,6823593,13762278
2022-02-13,"Johnson&Johnson, Moderna, Pfizer/BioNTech",6938720,6824030,13762750
2022-02-14,"Johnson&Johnson, Moderna, Pfizer/BioNTech",6939178,6826142,13765320
2022-02-15,"Johnson&Johnson, Moderna, Pfizer/BioNTech",6939731,6828351,13768082
2022-02-16,"Johnson&Johnson, Moderna, Pfizer/BioNTech",6940322,6830450,13770772
2022-02-17,"Johnson&Johnson, Moderna, Pfizer/BioNTech",6940916,6832791,13773707
2022-02-18,"Johnson&Johnson, Moderna, Oxford/AstraZeneca, Pfizer/BioNTech",6941557,6835844,13777401
2022-02-19,"Johnson&Johnson, Moderna, Pfizer/BioNTech",6941636,6836125,13777761
2022-02-20,"Johnson&Johnson, Moderna, Pfizer/BioNTech",6941672,6836274,13777946
2022-02-21,"Johnson&Johnson, Moderna, Pfizer/BioNTech",6942035,6837972,13780007
2022-02-22,"Johnson&Johnson, Moderna, Oxford/AstraZeneca, Pfizer/BioNTech",6942427,6839660,13782087
2022-02-23,"Johnson&Johnson, Moderna, Pfizer/BioNTech",6942883,6841302,13784185
2022-02-24,"Johnson&Johnson, Moderna, Pfizer/BioNTech",6943292,6842932,13786224
2022-02-25,"Johnson&Johnson, Moderna, Pfizer/BioNTech",6943875,6845016,13788891
2022-02-26,"Johnson&Johnson, Moderna, Pfizer/BioNTech",6943936,6845177,13789113
2022-02-27,"Johnson&Johnson, Moderna, Pfizer/BioNTech",6943966,6845253,13789219
2022-02-28,"Johnson&Johnson, Moderna, Pfizer/BioNTech",6944213,6846229,13790442
2022-03-01,"Johnson&Johnson, Moderna, Pfizer/BioNTech",6944518,6847013,13791531
2022-03-02,"Johnson&Johnson, Moderna, Novavax, Pfizer/BioNTech",6944890,6847920,13792810
2022-03-03,"Johnson&Johnson, Moderna, Novavax, Pfizer/BioNTech",6945225,6848863,13794088
2022-03-04,"Johnson&Johnson, Moderna, Novavax, Pfizer/BioNTech",6945852,6850084,13795936
2022-03-05,"Johnson&Johnson, Moderna, Novavax, Pfizer/BioNTech",6945933,6850175,13796108
2022-03-06,"Moderna, Novavax, Pfizer/BioNTech",6945945,6850193,13796138
2022-03-07,"Johnson&Johnson, Moderna, Novavax, Pfizer/BioNTech",6946280,6850751,13797031
2022-03-08,"Johnson&Johnson, Moderna, Novavax, Pfizer/BioNTech",6946615,6851293,13797908
2022-03-09,"Johnson&Johnson, Moderna, Novavax, Pfizer/BioNTech",6947002,6851881,13798883
2022-03-10,"Johnson&Johnson, Moderna, Novavax, Pfizer/BioNTech",6947413,6852552,13799965
2022-03-11,"Johnson&Johnson, Moderna, Novavax, Pfizer/BioNTech",6948163,6853460,13801623
2022-03-12,"Johnson&Johnson, Moderna, Novavax, Pfizer/BioNTech",6948231,6853565,13801796
2022-03-13,"Johnson&Johnson, Moderna, Novavax, Pfizer/BioNTech",6948244,6853583,13801827
2022-03-14,"Johnson&Johnson, Moderna, Novavax, Pfizer/BioNTech",6948510,6853965,13802475
2022-03-15,"Johnson&Johnson, Moderna, Novavax, Pfizer/BioNTech",6948794,6854401,13803195
2022-03-16,"Johnson&Johnson, Moderna, Novavax, Pfizer/BioNTech",6949112,6854943,13804055
2022-03-17,"Johnson&Johnson, Moderna, Novavax, Oxford/AstraZeneca, Pfizer/BioNTech",6949407,6855376,13804783
2022-03-18,"Johnson&Johnson, Moderna, Novavax, Pfizer/BioNTech",6950103,6856169,13806272
2022-03-19,"Moderna, Novavax, Pfizer/BioNTech",6950159,6856214,13806373
2022-03-20,"Moderna, Novavax, Pfizer/BioNTech",6950177,6856226,13806403
2022-03-21,"Johnson&Johnson, Moderna, Novavax, Pfizer/BioNTech",6950364,6856553,13806917
2022-03-22,"Johnson&Johnson, Moderna, Novavax, Pfizer/BioNTech",6950604,6856949,13807553
2022-03-23,"Johnson&Johnson, Moderna, Novavax, Pfizer/BioNTech",6950941,6857386,13808327
2022-03-24,"Johnson&Johnson, Moderna, Novavax, Pfizer/BioNTech",6951252,6857859,13809111
2022-03-25,"Johnson&Johnson, Moderna, Novavax, Pfizer/BioNTech",6951744,6858659,13810403
2022-03-26,"Johnson&Johnson, Moderna, Novavax, Pfizer/BioNTech",6951796,6858737,13810533
2022-03-27,"Moderna, Novavax, Pfizer/BioNTech",6951812,6858754,13810566
2022-03-28,"Johnson&Johnson, Moderna, Novavax, Pfizer/BioNTech",6951966,6859133,13811099
2022-03-29,"Johnson&Johnson, Moderna, Novavax, Pfizer/BioNTech",6952228,6859539,13811767
2022-03-30,"Johnson&Johnson, Moderna, Novavax, Pfizer/BioNTech",6952533,6860032,13812565
2022-03-31,"Johnson&Johnson, Moderna, Novavax, Pfizer/BioNTech",6952831,6860524,13813355
2022-04-01,"Johnson&Johnson, Moderna, Novavax, Pfizer/BioNTech",6953423,6861283,13814706
2022-04-02,"Moderna, Novavax, Pfizer/BioNTech",6953478,6861367,13814845
2022-04-03,"Moderna, Novavax, Pfizer/BioNTech",6953490,6861396,13814886
2022-04-04,"Johnson&Johnson, Moderna, Novavax, Pfizer/BioNTech",6953661,6861676,13815337
2022-04-05,"Johnson&Johnson, Moderna, Novavax, Pfizer/BioNTech",6953852,6861911,13815763
2022-04-06,"Johnson&Johnson, Moderna, Novavax, Pfizer/BioNTech",6954070,6862257,13816327
2022-04-07,"Johnson&Johnson, Moderna, Novavax, Pfizer/BioNTech",6954288,6862673,13816961
2022-04-08,"Johnson&Johnson, Moderna, Novavax, Pfizer/BioNTech",6954741,6863395,13818136
2022-04-09,"Johnson&Johnson, Moderna, Novavax, Pfizer/BioNTech",6954800,6863467,13818267
2022-04-10,"Moderna, Novavax, Pfizer/BioNTech",6954812,6863476,13818288
2022-04-11,"Johnson&Johnson, Moderna, Novavax, Pfizer/BioNTech",6954972,6863707,13818679
2022-04-12,"Johnson&Johnson, Moderna, Novavax, Pfizer/BioNTech",6955216,6864005,13819221
2022-04-13,"Johnson&Johnson, Moderna, Novavax, Pfizer/BioNTech",6955458,6864359,13819817
2022-04-14,"Johnson&Johnson, Moderna, Novavax, Pfizer/BioNTech",6955717,6864745,13820462
2022-04-15,"Moderna, Novavax, Pfizer/BioNTech",6955732,6864771,13820503
2022-04-16,"Johnson&Johnson, Moderna, Novavax, Pfizer/BioNTech",6955752,6864805,13820557
2022-04-17,"Moderna, Novavax, Pfizer/BioNTech",6955753,6864806,13820559
2022-04-18,"Moderna, Novavax, Pfizer/BioNTech",6955765,6864823,13820588
2022-04-19,"Johnson&Johnson, Moderna, Novavax, Pfizer/BioNTech",6955903,6865161,13821064
2022-04-20,"Johnson&Johnson, Moderna, Novavax, Pfizer/BioNTech",6956122,6865549,13821671
2022-04-21,"Johnson&Johnson, Moderna, Novavax, Pfizer/BioNTech",6956337,6865973,13822310
2022-04-22,"Johnson&Johnson, Moderna, Novavax, Pfizer/BioNTech",6956799,6866799,13823598
2022-04-23,"Moderna, Novavax, Pfizer/BioNTech",6956830,6866878,13823708
2022-04-24,"Moderna, Novavax, Pfizer/BioNTech",6956835,6866889,13823724
2022-04-25,"Johnson&Johnson, Moderna, Novavax, Pfizer/BioNTech",6956981,6867097,13824078
2022-04-26,"Johnson&Johnson, Moderna, Novavax, Pfizer/BioNTech",6957117,6867361,13824478
2022-04-27,"Johnson&Johnson, Moderna, Novavax, Pfizer/BioNTech",6957380,6867691,13825071
2022-04-28,"Johnson&Johnson, Moderna, Novavax, Pfizer/BioNTech",6957572,6867978,13825550
2022-04-29,"Johnson&Johnson, Moderna, Novavax, Pfizer/BioNTech",6957999,6868563,13826562
2022-04-30,"Moderna, Novavax, Pfizer/BioNTech",6958038,6868628,13826666
2022-05-01,"Moderna, Novavax, Pfizer/BioNTech",6958041,6868636,13826677
2022-05-02,"Johnson&Johnson, Moderna, Novavax, Pfizer/BioNTech",6958153,6868815,13826968
2022-05-03,"Johnson&Johnson, Moderna, Novavax, Pfizer/BioNTech",6958303,6869067,13827370
2022-05-04,"Johnson&Johnson, Moderna, Novavax, Pfizer/BioNTech",6958500,6869342,13827842
2022-05-05,"Johnson&Johnson, Moderna, Novavax, Pfizer/BioNTech",6958705,6869631,13828336
2022-05-06,"Johnson&Johnson, Moderna, Novavax, Pfizer/BioNTech",6959067,6869957,13829024
2022-05-07,"Moderna, Novavax, Pfizer/BioNTech",6959094,6869983,13829077
2022-05-08,"Moderna, Pfizer/BioNTech",6959095,6869991,13829086
2022-05-09,"Johnson&Johnson, Moderna, Novavax, Pfizer/BioNTech",6959190,6870075,13829265
2022-05-10,"Johnson&Johnson, Moderna, Novavax, Pfizer/BioNTech",6959340,6870312,13829652
2022-05-11,"Johnson&Johnson, Moderna, Novavax, Pfizer/BioNTech",6959561,6870573,13830134
2022-05-12,"Johnson&Johnson, Moderna, Novavax, Pfizer/BioNTech",6959758,6870845,13830603
2022-05-13,"Johnson&Johnson, Moderna, Novavax, Pfizer/BioNTech",6960085,6871336,13831421
2022-05-14,"Johnson&Johnson, Moderna, Novavax, Pfizer/BioNTech",6960126,6871376,13831502
2022-05-15,"Johnson&Johnson, Moderna, Novavax, Pfizer/BioNTech",6960140,6871387,13831527
2022-05-16,"Johnson&Johnson, Moderna, Novavax, Pfizer/BioNTech",6960239,6871503,13831742
2022-05-17,"Johnson&Johnson, Moderna, Novavax, Pfizer/BioNTech",6960382,6871649,13832031
2022-05-18,"Johnson&Johnson, Moderna, Novavax, Pfizer/BioNTech",6960594,6871966,13832560
