date,vaccine,people_vaccinated,people_fully_vaccinated,total_vaccinations
2020-12-27,Pfizer/BioNTech,1273,0,1273
2020-12-28,Pfizer/BioNTech,3573,0,3573
2020-12-29,Pfizer/BioNTech,7029,0,7029
2020-12-30,Pfizer/BioNTech,10523,0,10523
2020-12-31,Pfizer/BioNTech,11829,0,11829
2021-01-01,"Moderna, Pfizer/BioNTech",12094,0,12094
2021-01-02,Pfizer/BioNTech,13367,0,13367
2021-01-03,Pfizer/BioNTech,14287,0,14287
2021-01-04,"Moderna, Pfizer/BioNTech",17882,0,17882
2021-01-05,"Moderna, Pfizer/BioNTech",22385,0,22385
2021-01-06,Pfizer/BioNTech,28226,0,28226
2021-01-07,"Moderna, Pfizer/BioNTech",36191,0,36191
2021-01-08,Pfizer/BioNTech,46167,0,46167
2021-01-09,"Moderna, Pfizer/BioNTech",48187,0,48187
2021-01-10,Pfizer/BioNTech,49945,2,49947
2021-01-11,Pfizer/BioNTech,59765,4,59769
2021-01-12,Pfizer/BioNTech,73167,6,73173
2021-01-13,Pfizer/BioNTech,86664,6,86670
2021-01-14,"Moderna, Pfizer/BioNTech",101858,8,101866
2021-01-15,"Moderna, Pfizer/BioNTech",115825,8,115833
2021-01-16,"Moderna, Pfizer/BioNTech",119203,10,119213
2021-01-17,"Moderna, Pfizer/BioNTech",121805,651,122456
2021-01-18,"Moderna, Pfizer/BioNTech",134277,2473,136750
2021-01-19,"Moderna, Pfizer/BioNTech",146834,5184,152018
2021-01-20,"Moderna, Pfizer/BioNTech",160465,7828,168293
2021-01-21,"Moderna, Pfizer/BioNTech",176069,9559,185628
2021-01-22,"Moderna, Pfizer/BioNTech",190890,10603,201493
2021-01-23,"Moderna, Pfizer/BioNTech",194184,11474,205658
2021-01-24,"Moderna, Pfizer/BioNTech",196429,12343,208772
2021-01-25,"Moderna, Pfizer/BioNTech",206049,15314,221363
2021-01-26,"Moderna, Pfizer/BioNTech",216565,19283,235848
2021-01-27,"Moderna, Pfizer/BioNTech",225575,23801,249376
2021-01-28,"Moderna, Pfizer/BioNTech",232641,29910,262551
2021-01-29,"Moderna, Pfizer/BioNTech",238836,37784,276620
2021-01-30,"Moderna, Pfizer/BioNTech",239567,38871,278438
2021-01-31,"Moderna, Pfizer/BioNTech",240274,40050,280324
2021-02-01,"Moderna, Pfizer/BioNTech",244235,47972,292207
2021-02-02,"Moderna, Pfizer/BioNTech",248361,58184,306545
2021-02-03,"Moderna, Pfizer/BioNTech",252764,69161,321925
2021-02-04,"Moderna, Pfizer/BioNTech",257654,82114,339768
2021-02-05,"Moderna, Pfizer/BioNTech",263098,92756,355854
2021-02-06,"Moderna, Pfizer/BioNTech",263939,95103,359042
2021-02-07,"Moderna, Pfizer/BioNTech",264787,97589,362376
2021-02-08,"Moderna, Oxford/AstraZeneca, Pfizer/BioNTech",268840,108970,377810
2021-02-09,"Moderna, Oxford/AstraZeneca, Pfizer/BioNTech",273913,120886,394799
2021-02-10,"Moderna, Pfizer/BioNTech",279401,134084,413485
2021-02-11,"Moderna, Oxford/AstraZeneca, Pfizer/BioNTech",285695,150249,435944
2021-02-12,"Moderna, Oxford/AstraZeneca, Pfizer/BioNTech",292425,164926,457351
2021-02-13,"Moderna, Oxford/AstraZeneca, Pfizer/BioNTech",294012,167904,461916
2021-02-14,"Moderna, Oxford/AstraZeneca, Pfizer/BioNTech",295003,169279,464282
2021-02-15,"Moderna, Oxford/AstraZeneca, Pfizer/BioNTech",301390,178607,479997
2021-02-16,"Moderna, Oxford/AstraZeneca, Pfizer/BioNTech",310089,187656,497745
2021-02-17,"Moderna, Oxford/AstraZeneca, Pfizer/BioNTech",319765,195930,515695
2021-02-18,"Moderna, Oxford/AstraZeneca, Pfizer/BioNTech",332057,203962,536019
2021-02-19,"Moderna, Oxford/AstraZeneca, Pfizer/BioNTech",343893,211274,555167
2021-02-20,"Moderna, Oxford/AstraZeneca, Pfizer/BioNTech",345872,212445,558317
2021-02-21,"Moderna, Oxford/AstraZeneca, Pfizer/BioNTech",346981,213459,560440
2021-02-22,"Moderna, Oxford/AstraZeneca, Pfizer/BioNTech",357079,219462,576541
2021-02-23,"Moderna, Oxford/AstraZeneca, Pfizer/BioNTech",369988,226414,596402
2021-02-24,"Moderna, Oxford/AstraZeneca, Pfizer/BioNTech",383833,232423,616256
2021-02-25,"Moderna, Oxford/AstraZeneca, Pfizer/BioNTech",401784,237954,639738
2021-02-26,"Moderna, Oxford/AstraZeneca, Pfizer/BioNTech",417923,243279,661202
2021-02-27,"Moderna, Oxford/AstraZeneca, Pfizer/BioNTech",420928,243829,664757
2021-02-28,"Moderna, Oxford/AstraZeneca, Pfizer/BioNTech",423270,244374,667644
2021-03-01,"Moderna, Oxford/AstraZeneca, Pfizer/BioNTech",442773,247793,690566
2021-03-02,"Moderna, Oxford/AstraZeneca, Pfizer/BioNTech",469949,251325,721274
2021-03-03,"Moderna, Oxford/AstraZeneca, Pfizer/BioNTech",500741,255810,756551
2021-03-04,"Moderna, Oxford/AstraZeneca, Pfizer/BioNTech",533904,260471,794375
2021-03-05,"Johnson&Johnson, Moderna, Oxford/AstraZeneca, Pfizer/BioNTech",562665,265856,828521
2021-03-06,"Johnson&Johnson, Moderna, Oxford/AstraZeneca, Pfizer/BioNTech",574787,266700,841487
2021-03-07,"Johnson&Johnson, Moderna, Oxford/AstraZeneca, Pfizer/BioNTech",586191,267532,853723
2021-03-08,"Johnson&Johnson, Moderna, Oxford/AstraZeneca, Pfizer/BioNTech",615811,272355,888166
2021-03-09,"Johnson&Johnson, Moderna, Oxford/AstraZeneca, Pfizer/BioNTech",652005,278708,930713
2021-03-10,"Moderna, Oxford/AstraZeneca, Pfizer/BioNTech",693161,285639,978800
2021-03-11,"Johnson&Johnson, Moderna, Oxford/AstraZeneca, Pfizer/BioNTech",737860,293984,1031844
2021-03-12,"Johnson&Johnson, Moderna, Oxford/AstraZeneca, Pfizer/BioNTech",776515,302429,1078944
2021-03-13,"Moderna, Oxford/AstraZeneca, Pfizer/BioNTech",793554,303715,1097269
2021-03-14,"Moderna, Oxford/AstraZeneca, Pfizer/BioNTech",805636,304850,1110486
2021-03-15,"Moderna, Oxford/AstraZeneca, Pfizer/BioNTech",833932,313611,1147543
2021-03-16,"Johnson&Johnson, Moderna, Oxford/AstraZeneca, Pfizer/BioNTech",872749,324113,1196862
2021-03-17,"Moderna, Oxford/AstraZeneca, Pfizer/BioNTech",910174,334588,1244762
2021-03-18,"Johnson&Johnson, Moderna, Oxford/AstraZeneca, Pfizer/BioNTech",948041,346976,1295017
2021-03-19,"Moderna, Oxford/AstraZeneca, Pfizer/BioNTech",982399,360559,1342958
2021-03-20,"Johnson&Johnson, Moderna, Oxford/AstraZeneca, Pfizer/BioNTech",997503,362574,1360077
2021-03-21,"Johnson&Johnson, Moderna, Oxford/AstraZeneca, Pfizer/BioNTech",1004889,364118,1369007
2021-03-22,"Johnson&Johnson, Moderna, Oxford/AstraZeneca, Pfizer/BioNTech",1029313,376579,1405892
2021-03-23,"Johnson&Johnson, Moderna, Oxford/AstraZeneca, Pfizer/BioNTech",1055851,389900,1445751
2021-03-24,"Johnson&Johnson, Moderna, Oxford/AstraZeneca, Pfizer/BioNTech",1082667,405598,1488265
2021-03-25,"Moderna, Oxford/AstraZeneca, Pfizer/BioNTech",1108942,423416,1532358
2021-03-26,"Moderna, Oxford/AstraZeneca, Pfizer/BioNTech",1133692,440878,1574570
2021-03-27,"Johnson&Johnson, Moderna, Oxford/AstraZeneca, Pfizer/BioNTech",1142106,445707,1587813
2021-03-28,"Moderna, Oxford/AstraZeneca, Pfizer/BioNTech",1147637,449837,1597474
2021-03-29,"Johnson&Johnson, Moderna, Oxford/AstraZeneca, Pfizer/BioNTech",1166668,470489,1637157
2021-03-30,"Johnson&Johnson, Moderna, Oxford/AstraZeneca, Pfizer/BioNTech",1191292,492611,1683903
2021-03-31,"Johnson&Johnson, Moderna, Oxford/AstraZeneca, Pfizer/BioNTech",1214309,519629,1733938
2021-04-01,"Johnson&Johnson, Moderna, Oxford/AstraZeneca, Pfizer/BioNTech",1239849,551595,1791444
2021-04-02,"Johnson&Johnson, Moderna, Oxford/AstraZeneca, Pfizer/BioNTech",1246716,564369,1811085
2021-04-03,"Johnson&Johnson, Moderna, Oxford/AstraZeneca, Pfizer/BioNTech",1250303,575272,1825575
2021-04-04,"Johnson&Johnson, Moderna, Oxford/AstraZeneca, Pfizer/BioNTech",1252777,584069,1836846
2021-04-05,"Johnson&Johnson, Moderna, Oxford/AstraZeneca, Pfizer/BioNTech",1255136,591233,1846369
2021-04-06,"Johnson&Johnson, Moderna, Oxford/AstraZeneca, Pfizer/BioNTech",1271204,620430,1891634
2021-04-07,"Johnson&Johnson, Moderna, Oxford/AstraZeneca, Pfizer/BioNTech",1294549,642559,1937108
2021-04-08,"Johnson&Johnson, Moderna, Oxford/AstraZeneca, Pfizer/BioNTech",1333083,673447,2006530
2021-04-09,"Johnson&Johnson, Moderna, Oxford/AstraZeneca, Pfizer/BioNTech",1372399,703478,2075877
2021-04-10,"Johnson&Johnson, Moderna, Oxford/AstraZeneca, Pfizer/BioNTech",1387827,718749,2106576
2021-04-11,"Johnson&Johnson, Moderna, Oxford/AstraZeneca, Pfizer/BioNTech",1397566,728759,2126325
2021-04-12,"Johnson&Johnson, Moderna, Oxford/AstraZeneca, Pfizer/BioNTech",1435661,753754,2189415
2021-04-13,"Moderna, Oxford/AstraZeneca, Pfizer/BioNTech",1471797,779686,2251483
2021-04-14,"Moderna, Oxford/AstraZeneca, Pfizer/BioNTech",1510524,807008,2317532
2021-04-15,"Moderna, Oxford/AstraZeneca, Pfizer/BioNTech",1558220,832680,2390900
2021-04-16,"Moderna, Oxford/AstraZeneca, Pfizer/BioNTech",1602771,858273,2461044
2021-04-17,"Moderna, Oxford/AstraZeneca, Pfizer/BioNTech",1619398,867280,2486678
2021-04-18,"Moderna, Oxford/AstraZeneca, Pfizer/BioNTech",1632342,872251,2504593
2021-04-19,"Moderna, Oxford/AstraZeneca, Pfizer/BioNTech",1676255,887642,2563897
2021-04-20,"Johnson&Johnson, Moderna, Oxford/AstraZeneca, Pfizer/BioNTech",1718365,903459,2621824
2021-04-21,"Moderna, Oxford/AstraZeneca, Pfizer/BioNTech",1766055,917718,2683773
2021-04-22,"Johnson&Johnson, Moderna, Oxford/AstraZeneca, Pfizer/BioNTech",1820486,935063,2755549
2021-04-23,"Johnson&Johnson, Moderna, Oxford/AstraZeneca, Pfizer/BioNTech",1870396,947043,2817439
2021-04-24,"Johnson&Johnson, Moderna, Oxford/AstraZeneca, Pfizer/BioNTech",1888196,952266,2840462
2021-04-25,"Johnson&Johnson, Moderna, Oxford/AstraZeneca, Pfizer/BioNTech",1902856,956252,2859108
2021-04-26,"Johnson&Johnson, Moderna, Oxford/AstraZeneca, Pfizer/BioNTech",1952415,963779,2916194
2021-04-27,"Johnson&Johnson, Moderna, Oxford/AstraZeneca, Pfizer/BioNTech",2001349,975942,2977291
2021-04-28,"Johnson&Johnson, Moderna, Oxford/AstraZeneca, Pfizer/BioNTech",2060062,989889,3049951
2021-04-29,"Johnson&Johnson, Moderna, Oxford/AstraZeneca, Pfizer/BioNTech",2125568,1005702,3131270
2021-04-30,"Johnson&Johnson, Moderna, Oxford/AstraZeneca, Pfizer/BioNTech",2187731,1015609,3203340
2021-05-01,"Johnson&Johnson, Moderna, Oxford/AstraZeneca, Pfizer/BioNTech",2207018,1019022,3226040
2021-05-02,"Johnson&Johnson, Moderna, Oxford/AstraZeneca, Pfizer/BioNTech",2225901,1021270,3247171
2021-05-03,"Johnson&Johnson, Moderna, Oxford/AstraZeneca, Pfizer/BioNTech",2293107,1026305,3319412
2021-05-04,"Johnson&Johnson, Moderna, Oxford/AstraZeneca, Pfizer/BioNTech",2359527,1034575,3394102
2021-05-05,"Johnson&Johnson, Moderna, Oxford/AstraZeneca, Pfizer/BioNTech",2432630,1043918,3476548
2021-05-06,"Johnson&Johnson, Moderna, Oxford/AstraZeneca, Pfizer/BioNTech",2512977,1054532,3567509
2021-05-07,"Johnson&Johnson, Moderna, Oxford/AstraZeneca, Pfizer/BioNTech",2590222,1064537,3654759
2021-05-08,"Johnson&Johnson, Moderna, Oxford/AstraZeneca, Pfizer/BioNTech",2619617,1066257,3685874
2021-05-09,"Johnson&Johnson, Moderna, Oxford/AstraZeneca, Pfizer/BioNTech",2643780,1067442,3711222
2021-05-10,"Johnson&Johnson, Moderna, Oxford/AstraZeneca, Pfizer/BioNTech",2716489,1074581,3791070
2021-05-11,"Johnson&Johnson, Moderna, Oxford/AstraZeneca, Pfizer/BioNTech",2792545,1083336,3875881
2021-05-12,"Johnson&Johnson, Moderna, Oxford/AstraZeneca, Pfizer/BioNTech",2872350,1092364,3964714
2021-05-13,"Johnson&Johnson, Moderna, Oxford/AstraZeneca, Pfizer/BioNTech",2956322,1101475,4057797
2021-05-14,"Johnson&Johnson, Moderna, Oxford/AstraZeneca, Pfizer/BioNTech",3035685,1109199,4144884
2021-05-15,"Johnson&Johnson, Moderna, Oxford/AstraZeneca, Pfizer/BioNTech",3067511,1111380,4178891
2021-05-16,"Johnson&Johnson, Moderna, Oxford/AstraZeneca, Pfizer/BioNTech",3093252,1112591,4205843
2021-05-17,"Johnson&Johnson, Moderna, Oxford/AstraZeneca, Pfizer/BioNTech",3165727,1119261,4284988
2021-05-18,"Johnson&Johnson, Moderna, Oxford/AstraZeneca, Pfizer/BioNTech",3237625,1132233,4369858
2021-05-19,"Johnson&Johnson, Moderna, Oxford/AstraZeneca, Pfizer/BioNTech",3315041,1147297,4462338
2021-05-20,"Johnson&Johnson, Moderna, Oxford/AstraZeneca, Pfizer/BioNTech",3390436,1174216,4564652
2021-05-21,"Johnson&Johnson, Moderna, Oxford/AstraZeneca, Pfizer/BioNTech",3459174,1201860,4661034
2021-05-22,"Johnson&Johnson, Moderna, Oxford/AstraZeneca, Pfizer/BioNTech",3491498,1212978,4704476
2021-05-23,"Johnson&Johnson, Moderna, Oxford/AstraZeneca, Pfizer/BioNTech",3513796,1221947,4735743
2021-05-24,"Johnson&Johnson, Moderna, Oxford/AstraZeneca, Pfizer/BioNTech",3560856,1255455,4816311
2021-05-25,"Johnson&Johnson, Moderna, Oxford/AstraZeneca, Pfizer/BioNTech",3612665,1291118,4903783
2021-05-26,"Johnson&Johnson, Moderna, Oxford/AstraZeneca, Pfizer/BioNTech",3680365,1328538,5008903
2021-05-27,"Johnson&Johnson, Moderna, Oxford/AstraZeneca, Pfizer/BioNTech",3741704,1375783,5117487
2021-05-28,"Johnson&Johnson, Moderna, Oxford/AstraZeneca, Pfizer/BioNTech",3803357,1422219,5225576
2021-05-29,"Johnson&Johnson, Moderna, Oxford/AstraZeneca, Pfizer/BioNTech",3832493,1439273,5271766
2021-05-30,"Johnson&Johnson, Moderna, Oxford/AstraZeneca, Pfizer/BioNTech",3854825,1453666,5308491
2021-05-31,"Johnson&Johnson, Moderna, Oxford/AstraZeneca, Pfizer/BioNTech",3910522,1501067,5411589
2021-06-01,"Johnson&Johnson, Moderna, Oxford/AstraZeneca, Pfizer/BioNTech",3969514,1549406,5518920
2021-06-02,"Johnson&Johnson, Moderna, Oxford/AstraZeneca, Pfizer/BioNTech",4032352,1603294,5635646
2021-06-03,"Johnson&Johnson, Moderna, Oxford/AstraZeneca, Pfizer/BioNTech",4090555,1663406,5753961
2021-06-04,"Johnson&Johnson, Moderna, Oxford/AstraZeneca, Pfizer/BioNTech",4153613,1720703,5874316
2021-06-05,"Johnson&Johnson, Moderna, Oxford/AstraZeneca, Pfizer/BioNTech",4187741,1739465,5927206
2021-06-06,"Johnson&Johnson, Moderna, Oxford/AstraZeneca, Pfizer/BioNTech",4214638,1754545,5969183
2021-06-07,"Johnson&Johnson, Moderna, Oxford/AstraZeneca, Pfizer/BioNTech",4278298,1810094,6088392
2021-06-08,"Johnson&Johnson, Moderna, Oxford/AstraZeneca, Pfizer/BioNTech",4342243,1864979,6207222
2021-06-09,"Johnson&Johnson, Moderna, Oxford/AstraZeneca, Pfizer/BioNTech",4401367,1929307,6330674
2021-06-10,"Johnson&Johnson, Moderna, Oxford/AstraZeneca, Pfizer/BioNTech",4455178,2000290,6455468
2021-06-11,"Johnson&Johnson, Moderna, Oxford/AstraZeneca, Pfizer/BioNTech",4507239,2069883,6577122
2021-06-12,"Johnson&Johnson, Moderna, Oxford/AstraZeneca, Pfizer/BioNTech",4539210,2090600,6629810
2021-06-13,"Johnson&Johnson, Moderna, Oxford/AstraZeneca, Pfizer/BioNTech",4563207,2108943,6672150
2021-06-14,"Johnson&Johnson, Moderna, Oxford/AstraZeneca, Pfizer/BioNTech",4606176,2183201,6789377
2021-06-15,"Johnson&Johnson, Moderna, Oxford/AstraZeneca, Pfizer/BioNTech",4650782,2255402,6906184
2021-06-16,"Johnson&Johnson, Moderna, Oxford/AstraZeneca, Pfizer/BioNTech",4693488,2333483,7026971
2021-06-17,"Johnson&Johnson, Moderna, Oxford/AstraZeneca, Pfizer/BioNTech",4732842,2416421,7149263
2021-06-18,"Johnson&Johnson, Moderna, Oxford/AstraZeneca, Pfizer/BioNTech",4775188,2496781,7271969
2021-06-19,"Johnson&Johnson, Moderna, Oxford/AstraZeneca, Pfizer/BioNTech",4796906,2525989,7322895
2021-06-20,"Johnson&Johnson, Moderna, Oxford/AstraZeneca, Pfizer/BioNTech",4814262,2549737,7363999
2021-06-21,"Johnson&Johnson, Moderna, Oxford/AstraZeneca, Pfizer/BioNTech",4846748,2628171,7474919
2021-06-22,"Johnson&Johnson, Moderna, Oxford/AstraZeneca, Pfizer/BioNTech",4879681,2710286,7589967
2021-06-23,"Johnson&Johnson, Moderna, Oxford/AstraZeneca, Pfizer/BioNTech",4911312,2795388,7706700
2021-06-24,"Johnson&Johnson, Moderna, Oxford/AstraZeneca, Pfizer/BioNTech",4941129,2885302,7826431
2021-06-25,"Johnson&Johnson, Moderna, Oxford/AstraZeneca, Pfizer/BioNTech",4972145,2971289,7943434
2021-06-26,"Johnson&Johnson, Moderna, Oxford/AstraZeneca, Pfizer/BioNTech",4987986,3006011,7993997
2021-06-27,"Johnson&Johnson, Moderna, Oxford/AstraZeneca, Pfizer/BioNTech",5001924,3032581,8034505
2021-06-28,"Johnson&Johnson, Moderna, Oxford/AstraZeneca, Pfizer/BioNTech",5030320,3117652,8147972
2021-06-29,"Johnson&Johnson, Moderna, Oxford/AstraZeneca, Pfizer/BioNTech",5059548,3204022,8263570
2021-06-30,"Johnson&Johnson, Moderna, Oxford/AstraZeneca, Pfizer/BioNTech",5087031,3294850,8381881
2021-07-01,"Johnson&Johnson, Moderna, Oxford/AstraZeneca, Pfizer/BioNTech",5110948,3384740,8495688
2021-07-02,"Johnson&Johnson, Moderna, Oxford/AstraZeneca, Pfizer/BioNTech",5137642,3470426,8608068
2021-07-03,"Johnson&Johnson, Moderna, Oxford/AstraZeneca, Pfizer/BioNTech",5144710,3501861,8646571
2021-07-04,"Johnson&Johnson, Moderna, Oxford/AstraZeneca, Pfizer/BioNTech",5152241,3523611,8675852
2021-07-05,"Johnson&Johnson, Moderna, Oxford/AstraZeneca, Pfizer/BioNTech",5159580,3548909,8708489
2021-07-06,"Johnson&Johnson, Moderna, Oxford/AstraZeneca, Pfizer/BioNTech",5164967,3576457,8741424
2021-07-07,"Johnson&Johnson, Moderna, Oxford/AstraZeneca, Pfizer/BioNTech",5190725,3655294,8846019
2021-07-08,"Johnson&Johnson, Moderna, Oxford/AstraZeneca, Pfizer/BioNTech",5217268,3725491,8942759
2021-07-09,"Johnson&Johnson, Moderna, Oxford/AstraZeneca, Pfizer/BioNTech",5245100,3794637,9039737
2021-07-10,"Johnson&Johnson, Moderna, Oxford/AstraZeneca, Pfizer/BioNTech",5254417,3823185,9077602
2021-07-11,"Johnson&Johnson, Moderna, Oxford/AstraZeneca, Pfizer/BioNTech",5262922,3846019,9108941
2021-07-12,"Johnson&Johnson, Moderna, Oxford/AstraZeneca, Pfizer/BioNTech",5290427,3915021,9205448
2021-07-13,"Johnson&Johnson, Moderna, Oxford/AstraZeneca, Pfizer/BioNTech",5316596,3984788,9301384
2021-07-14,"Johnson&Johnson, Moderna, Oxford/AstraZeneca, Pfizer/BioNTech",5342414,4056692,9399106
2021-07-15,"Johnson&Johnson, Moderna, Oxford/AstraZeneca, Pfizer/BioNTech",5371600,4122577,9494177
2021-07-16,"Johnson&Johnson, Moderna, Oxford/AstraZeneca, Pfizer/BioNTech",5399490,4195162,9594652
2021-07-17,"Johnson&Johnson, Moderna, Oxford/AstraZeneca, Pfizer/BioNTech",5408231,4226535,9634766
2021-07-18,"Johnson&Johnson, Moderna, Oxford/AstraZeneca, Pfizer/BioNTech",5416658,4252492,9669150
2021-07-19,"Johnson&Johnson, Moderna, Oxford/AstraZeneca, Pfizer/BioNTech",5439960,4319420,9759380
2021-07-20,"Johnson&Johnson, Moderna, Oxford/AstraZeneca, Pfizer/BioNTech",5461297,4386362,9847659
2021-07-21,"Johnson&Johnson, Moderna, Oxford/AstraZeneca, Pfizer/BioNTech",5484673,4449702,9934375
2021-07-22,"Johnson&Johnson, Moderna, Oxford/AstraZeneca, Pfizer/BioNTech",5506959,4508204,10015163
2021-07-23,"Johnson&Johnson, Moderna, Oxford/AstraZeneca, Pfizer/BioNTech",5530092,4562814,10092906
2021-07-24,"Johnson&Johnson, Moderna, Oxford/AstraZeneca, Pfizer/BioNTech",5537378,4590394,10127772
2021-07-25,"Johnson&Johnson, Moderna, Oxford/AstraZeneca, Pfizer/BioNTech",5543967,4612375,10156342
2021-07-26,"Johnson&Johnson, Moderna, Oxford/AstraZeneca, Pfizer/BioNTech",5567447,4660826,10228273
2021-07-27,"Johnson&Johnson, Moderna, Oxford/AstraZeneca, Pfizer/BioNTech",5590072,4707339,10297411
2021-07-28,"Johnson&Johnson, Moderna, Oxford/AstraZeneca, Pfizer/BioNTech",5611231,4753193,10364424
2021-07-29,"Johnson&Johnson, Moderna, Oxford/AstraZeneca, Pfizer/BioNTech",5632423,4795012,10427435
2021-07-30,"Johnson&Johnson, Moderna, Oxford/AstraZeneca, Pfizer/BioNTech",5655629,4837450,10493079
2021-07-31,"Johnson&Johnson, Moderna, Oxford/AstraZeneca, Pfizer/BioNTech",5664533,4856924,10521457
2021-08-01,"Johnson&Johnson, Moderna, Oxford/AstraZeneca, Pfizer/BioNTech",5671231,4873049,10544280
2021-08-02,"Johnson&Johnson, Moderna, Oxford/AstraZeneca, Pfizer/BioNTech",5689791,4910500,10600291
2021-08-03,"Johnson&Johnson, Moderna, Oxford/AstraZeneca, Pfizer/BioNTech",5707356,4948511,10655867
2021-08-04,"Johnson&Johnson, Moderna, Oxford/AstraZeneca, Pfizer/BioNTech",5723366,4985133,10708499
2021-08-05,"Johnson&Johnson, Moderna, Oxford/AstraZeneca, Pfizer/BioNTech",5739194,5025496,10764690
2021-08-06,"Johnson&Johnson, Moderna, Oxford/AstraZeneca, Pfizer/BioNTech",5755819,5068649,10824468
2021-08-07,"Johnson&Johnson, Moderna, Oxford/AstraZeneca, Pfizer/BioNTech",5761339,5086755,10848094
2021-08-08,"Johnson&Johnson, Moderna, Oxford/AstraZeneca, Pfizer/BioNTech",5765532,5102455,10867987
2021-08-09,"Johnson&Johnson, Moderna, Oxford/AstraZeneca, Pfizer/BioNTech",5777981,5147427,10925408
2021-08-10,"Johnson&Johnson, Moderna, Oxford/AstraZeneca, Pfizer/BioNTech",5789699,5186894,10976593
2021-08-11,"Johnson&Johnson, Moderna, Oxford/AstraZeneca, Pfizer/BioNTech",5800946,5229936,11030882
2021-08-12,"Johnson&Johnson, Moderna, Oxford/AstraZeneca, Pfizer/BioNTech",5812236,5266925,11079161
2021-08-13,"Johnson&Johnson, Moderna, Oxford/AstraZeneca, Pfizer/BioNTech",5822841,5307142,11129983
2021-08-14,"Johnson&Johnson, Moderna, Oxford/AstraZeneca, Pfizer/BioNTech",5826164,5317801,11143965
2021-08-15,"Johnson&Johnson, Moderna, Oxford/AstraZeneca, Pfizer/BioNTech",5828730,5328145,11156875
2021-08-16,"Johnson&Johnson, Moderna, Oxford/AstraZeneca, Pfizer/BioNTech",5838470,5362124,11200594
2021-08-17,"Johnson&Johnson, Moderna, Oxford/AstraZeneca, Pfizer/BioNTech",5847929,5389129,11237058
2021-08-18,"Johnson&Johnson, Moderna, Oxford/AstraZeneca, Pfizer/BioNTech",5857192,5427886,11285078
2021-08-19,"Johnson&Johnson, Moderna, Oxford/AstraZeneca, Pfizer/BioNTech",5866760,5466149,11332909
2021-08-20,"Johnson&Johnson, Moderna, Oxford/AstraZeneca, Pfizer/BioNTech",5878019,5506240,11384259
2021-08-21,"Johnson&Johnson, Moderna, Oxford/AstraZeneca, Pfizer/BioNTech",5880705,5518962,11399667
2021-08-22,"Johnson&Johnson, Moderna, Oxford/AstraZeneca, Pfizer/BioNTech",5882983,5530896,11413879
2021-08-23,"Johnson&Johnson, Moderna, Oxford/AstraZeneca, Pfizer/BioNTech",5893368,5570033,11463401
2021-08-24,"Johnson&Johnson, Moderna, Oxford/AstraZeneca, Pfizer/BioNTech",5903106,5603203,11506309
2021-08-25,"Johnson&Johnson, Moderna, Oxford/AstraZeneca, Pfizer/BioNTech",5911783,5631271,11543054
2021-08-26,"Johnson&Johnson, Moderna, Oxford/AstraZeneca, Pfizer/BioNTech",5920053,5657114,11577167
2021-08-27,"Johnson&Johnson, Moderna, Oxford/AstraZeneca, Pfizer/BioNTech",5930188,5682809,11612997
2021-08-28,"Johnson&Johnson, Moderna, Oxford/AstraZeneca, Pfizer/BioNTech",5932838,5689755,11622593
2021-08-29,"Johnson&Johnson, Moderna, Oxford/AstraZeneca, Pfizer/BioNTech",5935133,5696142,11631275
2021-08-30,"Johnson&Johnson, Moderna, Oxford/AstraZeneca, Pfizer/BioNTech",5943462,5717699,11661161
2021-08-31,"Johnson&Johnson, Moderna, Oxford/AstraZeneca, Pfizer/BioNTech",5950945,5735558,11686503
2021-09-01,"Johnson&Johnson, Moderna, Oxford/AstraZeneca, Pfizer/BioNTech",5956661,5749342,11706003
2021-09-02,"Johnson&Johnson, Moderna, Oxford/AstraZeneca, Pfizer/BioNTech",5963297,5763380,11726677
2021-09-03,"Johnson&Johnson, Moderna, Oxford/AstraZeneca, Pfizer/BioNTech",5972551,5778863,11751414
2021-09-04,"Johnson&Johnson, Moderna, Oxford/AstraZeneca, Pfizer/BioNTech",5974489,5782317,11756806
2021-09-05,"Johnson&Johnson, Moderna, Pfizer/BioNTech",5976340,5785042,11761382
2021-09-06,"Johnson&Johnson, Moderna, Oxford/AstraZeneca, Pfizer/BioNTech",5982221,5797339,11779560
2021-09-07,"Johnson&Johnson, Moderna, Oxford/AstraZeneca, Pfizer/BioNTech",5986451,5808276,11794727
2021-09-08,"Johnson&Johnson, Moderna, Oxford/AstraZeneca, Pfizer/BioNTech",5991960,5818041,11810001
2021-09-09,"Johnson&Johnson, Moderna, Oxford/AstraZeneca, Pfizer/BioNTech",5998427,5827866,11826293
2021-09-10,"Johnson&Johnson, Moderna, Oxford/AstraZeneca, Pfizer/BioNTech",6005842,5839855,11845697
2021-09-11,"Johnson&Johnson, Moderna, Pfizer/BioNTech",6007516,5842238,11849754
2021-09-12,"Johnson&Johnson, Moderna, Oxford/AstraZeneca, Pfizer/BioNTech",6008548,5843756,11852304
2021-09-13,"Johnson&Johnson, Moderna, Oxford/AstraZeneca, Pfizer/BioNTech",6013717,5853813,11867530
2021-09-14,"Johnson&Johnson, Moderna, Oxford/AstraZeneca, Pfizer/BioNTech",6018860,5862522,11881382
2021-09-15,"Johnson&Johnson, Moderna, Oxford/AstraZeneca, Pfizer/BioNTech",6023270,5870250,11893520
