date,vaccine,people_vaccinated,people_fully_vaccinated,total_vaccinations
2020-12-27,Pfizer/BioNTech,1270,0,1270
2020-12-28,Pfizer/BioNTech,3573,0,3573
2020-12-29,Pfizer/BioNTech,7031,0,7031
2020-12-30,Pfizer/BioNTech,10532,0,10532
2020-12-31,Pfizer/BioNTech,11837,0,11837
2021-01-01,"Moderna, Pfizer/BioNTech",12103,0,12103
2021-01-02,Pfizer/BioNTech,13377,0,13377
2021-01-03,Pfizer/BioNTech,14298,0,14298
2021-01-04,"Moderna, Pfizer/BioNTech",17893,0,17893
2021-01-05,"Moderna, Pfizer/BioNTech",22398,0,22398
2021-01-06,Pfizer/BioNTech,28239,0,28239
2021-01-07,"Moderna, Pfizer/BioNTech",36216,0,36216
2021-01-08,Pfizer/BioNTech,46213,0,46213
2021-01-09,"Moderna, Pfizer/BioNTech",48233,0,48233
2021-01-10,Pfizer/BioNTech,49991,2,49993
2021-01-11,Pfizer/BioNTech,59815,4,59819
2021-01-12,Pfizer/BioNTech,73223,6,73229
2021-01-13,Pfizer/BioNTech,86735,6,86741
2021-01-14,"Moderna, Pfizer/BioNTech",101928,8,101936
2021-01-15,"Moderna, Pfizer/BioNTech",115907,8,115915
2021-01-16,"Moderna, Pfizer/BioNTech",119286,11,119297
2021-01-17,"Moderna, Pfizer/BioNTech",121890,650,122540
2021-01-18,"Moderna, Pfizer/BioNTech",134365,2471,136836
2021-01-19,"Moderna, Pfizer/BioNTech",146926,5188,152114
2021-01-20,"Moderna, Pfizer/BioNTech",160569,7833,168402
2021-01-21,"Moderna, Pfizer/BioNTech",176187,9570,185757
2021-01-22,"Moderna, Pfizer/BioNTech",191031,10615,201646
2021-01-23,"Moderna, Pfizer/BioNTech",194330,11487,205817
2021-01-24,"Moderna, Pfizer/BioNTech",196578,12357,208935
2021-01-25,"Moderna, Pfizer/BioNTech",206203,15327,221530
2021-01-26,"Moderna, Pfizer/BioNTech",216735,19297,236032
2021-01-27,"Moderna, Pfizer/BioNTech",225753,23818,249571
2021-01-28,"Moderna, Pfizer/BioNTech",232828,29937,262765
2021-01-29,"Moderna, Pfizer/BioNTech",239023,37818,276841
2021-01-30,"Moderna, Pfizer/BioNTech",239753,38905,278658
2021-01-31,"Moderna, Pfizer/BioNTech",240462,40085,280547
2021-02-01,"Moderna, Pfizer/BioNTech",244426,48010,292436
2021-02-02,"Moderna, Pfizer/BioNTech",248553,58226,306779
2021-02-03,"Moderna, Pfizer/BioNTech",252962,69210,322172
2021-02-04,"Moderna, Pfizer/BioNTech",257852,82159,340011
2021-02-05,"Moderna, Pfizer/BioNTech",263301,92807,356108
2021-02-06,"Moderna, Pfizer/BioNTech",264142,95156,359298
2021-02-07,"Moderna, Pfizer/BioNTech",264989,97643,362632
2021-02-08,"Moderna, Oxford/AstraZeneca, Pfizer/BioNTech",269054,109026,378080
2021-02-09,"Moderna, Oxford/AstraZeneca, Pfizer/BioNTech",274137,120942,395079
2021-02-10,"Moderna, Pfizer/BioNTech",279628,134152,413780
2021-02-11,"Moderna, Oxford/AstraZeneca, Pfizer/BioNTech",285931,150328,436259
2021-02-12,"Moderna, Oxford/AstraZeneca, Pfizer/BioNTech",292674,165016,457690
2021-02-13,"Moderna, Oxford/AstraZeneca, Pfizer/BioNTech",294264,167996,462260
2021-02-14,"Moderna, Oxford/AstraZeneca, Pfizer/BioNTech",295255,169374,464629
2021-02-15,"Moderna, Oxford/AstraZeneca, Pfizer/BioNTech",301648,178706,480354
2021-02-16,"Moderna, Oxford/AstraZeneca, Pfizer/BioNTech",310355,187758,498113
2021-02-17,"Moderna, Oxford/AstraZeneca, Pfizer/BioNTech",320038,196047,516085
2021-02-18,"Moderna, Oxford/AstraZeneca, Pfizer/BioNTech",332340,204088,536428
2021-02-19,"Moderna, Oxford/AstraZeneca, Pfizer/BioNTech",344184,211407,555591
2021-02-20,"Moderna, Oxford/AstraZeneca, Pfizer/BioNTech",346165,212583,558748
2021-02-21,"Moderna, Oxford/AstraZeneca, Pfizer/BioNTech",347277,213598,560875
2021-02-22,"Moderna, Oxford/AstraZeneca, Pfizer/BioNTech",357393,219603,576996
2021-02-23,"Moderna, Oxford/AstraZeneca, Pfizer/BioNTech",370322,226563,596885
2021-02-24,"Moderna, Oxford/AstraZeneca, Pfizer/BioNTech",384181,232582,616763
2021-02-25,"Moderna, Oxford/AstraZeneca, Pfizer/BioNTech",402132,238114,640246
2021-02-26,"Moderna, Oxford/AstraZeneca, Pfizer/BioNTech",418284,243440,661724
2021-02-27,"Moderna, Oxford/AstraZeneca, Pfizer/BioNTech",421290,243990,665280
2021-02-28,"Moderna, Oxford/AstraZeneca, Pfizer/BioNTech",423633,244535,668168
2021-03-01,"Moderna, Oxford/AstraZeneca, Pfizer/BioNTech",443167,247961,691128
2021-03-02,"Moderna, Oxford/AstraZeneca, Pfizer/BioNTech",470366,251496,721862
2021-03-03,"Moderna, Oxford/AstraZeneca, Pfizer/BioNTech",501194,255983,757177
2021-03-04,"Moderna, Oxford/AstraZeneca, Pfizer/BioNTech",534397,260646,795043
2021-03-05,"Johnson&Johnson, Moderna, Oxford/AstraZeneca, Pfizer/BioNTech",563182,266044,829226
2021-03-06,"Johnson&Johnson, Moderna, Oxford/AstraZeneca, Pfizer/BioNTech",575308,266890,842198
2021-03-07,"Johnson&Johnson, Moderna, Oxford/AstraZeneca, Pfizer/BioNTech",586825,267723,854548
2021-03-08,"Johnson&Johnson, Moderna, Oxford/AstraZeneca, Pfizer/BioNTech",616504,272551,889055
2021-03-09,"Johnson&Johnson, Moderna, Oxford/AstraZeneca, Pfizer/BioNTech",652760,278911,931671
2021-03-10,"Moderna, Oxford/AstraZeneca, Pfizer/BioNTech",694011,285842,979853
2021-03-11,"Johnson&Johnson, Moderna, Oxford/AstraZeneca, Pfizer/BioNTech",738794,294192,1032986
2021-03-12,"Johnson&Johnson, Moderna, Oxford/AstraZeneca, Pfizer/BioNTech",777559,302638,1080197
2021-03-13,"Moderna, Oxford/AstraZeneca, Pfizer/BioNTech",794607,303927,1098534
2021-03-14,"Moderna, Oxford/AstraZeneca, Pfizer/BioNTech",806700,305062,1111762
2021-03-15,"Moderna, Oxford/AstraZeneca, Pfizer/BioNTech",835052,313830,1148882
2021-03-16,"Johnson&Johnson, Moderna, Oxford/AstraZeneca, Pfizer/BioNTech",873888,324346,1198234
2021-03-17,"Moderna, Oxford/AstraZeneca, Pfizer/BioNTech",911326,334830,1246156
2021-03-18,"Johnson&Johnson, Moderna, Oxford/AstraZeneca, Pfizer/BioNTech",949261,347222,1296483
2021-03-19,"Moderna, Oxford/AstraZeneca, Pfizer/BioNTech",983699,360808,1344507
2021-03-20,"Johnson&Johnson, Moderna, Oxford/AstraZeneca, Pfizer/BioNTech",998813,362822,1361635
2021-03-21,"Johnson&Johnson, Moderna, Oxford/AstraZeneca, Pfizer/BioNTech",1006203,364366,1370569
2021-03-22,"Johnson&Johnson, Moderna, Oxford/AstraZeneca, Pfizer/BioNTech",1030713,376852,1407565
2021-03-23,"Johnson&Johnson, Moderna, Oxford/AstraZeneca, Pfizer/BioNTech",1057306,390182,1447488
2021-03-24,"Johnson&Johnson, Moderna, Oxford/AstraZeneca, Pfizer/BioNTech",1084125,405887,1490012
2021-03-25,"Moderna, Oxford/AstraZeneca, Pfizer/BioNTech",1110414,423713,1534127
2021-03-26,"Moderna, Oxford/AstraZeneca, Pfizer/BioNTech",1135182,441189,1576371
2021-03-27,"Johnson&Johnson, Moderna, Oxford/AstraZeneca, Pfizer/BioNTech",1143597,446020,1589617
2021-03-28,"Moderna, Oxford/AstraZeneca, Pfizer/BioNTech",1149124,450151,1599275
2021-03-29,"Johnson&Johnson, Moderna, Oxford/AstraZeneca, Pfizer/BioNTech",1168198,470840,1639038
2021-03-30,"Johnson&Johnson, Moderna, Oxford/AstraZeneca, Pfizer/BioNTech",1192858,492997,1685855
2021-03-31,"Johnson&Johnson, Moderna, Oxford/AstraZeneca, Pfizer/BioNTech",1215913,520031,1735944
2021-04-01,"Johnson&Johnson, Moderna, Oxford/AstraZeneca, Pfizer/BioNTech",1241479,552049,1793528
2021-04-02,"Johnson&Johnson, Moderna, Oxford/AstraZeneca, Pfizer/BioNTech",1248367,564827,1813194
2021-04-03,"Johnson&Johnson, Moderna, Oxford/AstraZeneca, Pfizer/BioNTech",1251961,575731,1827692
2021-04-04,"Johnson&Johnson, Moderna, Oxford/AstraZeneca, Pfizer/BioNTech",1254450,584625,1839075
2021-04-05,"Johnson&Johnson, Moderna, Oxford/AstraZeneca, Pfizer/BioNTech",1256819,591794,1848613
2021-04-06,"Johnson&Johnson, Moderna, Oxford/AstraZeneca, Pfizer/BioNTech",1272905,621008,1893913
2021-04-07,"Johnson&Johnson, Moderna, Oxford/AstraZeneca, Pfizer/BioNTech",1296266,643196,1939462
2021-04-08,"Johnson&Johnson, Moderna, Oxford/AstraZeneca, Pfizer/BioNTech",1334896,674183,2009079
2021-04-09,"Johnson&Johnson, Moderna, Oxford/AstraZeneca, Pfizer/BioNTech",1374364,704341,2078705
2021-04-10,"Johnson&Johnson, Moderna, Oxford/AstraZeneca, Pfizer/BioNTech",1389806,719614,2109420
2021-04-11,"Johnson&Johnson, Moderna, Oxford/AstraZeneca, Pfizer/BioNTech",1399549,729628,2129177
2021-04-12,"Johnson&Johnson, Moderna, Oxford/AstraZeneca, Pfizer/BioNTech",1437760,754714,2192474
2021-04-13,"Moderna, Oxford/AstraZeneca, Pfizer/BioNTech",1473959,780706,2254665
2021-04-14,"Moderna, Oxford/AstraZeneca, Pfizer/BioNTech",1512722,808034,2320756
2021-04-15,"Moderna, Oxford/AstraZeneca, Pfizer/BioNTech",1560465,833721,2394186
2021-04-16,"Moderna, Oxford/AstraZeneca, Pfizer/BioNTech",1605065,859320,2464385
2021-04-17,"Moderna, Oxford/AstraZeneca, Pfizer/BioNTech",1621721,868330,2490051
2021-04-18,"Moderna, Oxford/AstraZeneca, Pfizer/BioNTech",1634679,873304,2507983
2021-04-19,"Moderna, Oxford/AstraZeneca, Pfizer/BioNTech",1678640,888735,2567375
2021-04-20,"Johnson&Johnson, Moderna, Oxford/AstraZeneca, Pfizer/BioNTech",1721150,904578,2625728
2021-04-21,"Moderna, Oxford/AstraZeneca, Pfizer/BioNTech",1768843,918859,2687702
2021-04-22,"Johnson&Johnson, Moderna, Oxford/AstraZeneca, Pfizer/BioNTech",1823291,936216,2759507
2021-04-23,"Johnson&Johnson, Moderna, Oxford/AstraZeneca, Pfizer/BioNTech",1873206,948245,2821451
2021-04-24,"Johnson&Johnson, Moderna, Oxford/AstraZeneca, Pfizer/BioNTech",1891012,953474,2844486
2021-04-25,"Johnson&Johnson, Moderna, Oxford/AstraZeneca, Pfizer/BioNTech",1905680,957456,2863136
2021-04-26,"Johnson&Johnson, Moderna, Oxford/AstraZeneca, Pfizer/BioNTech",1955241,964994,2920235
2021-04-27,"Johnson&Johnson, Moderna, Oxford/AstraZeneca, Pfizer/BioNTech",2004192,977185,2981377
2021-04-28,"Johnson&Johnson, Moderna, Oxford/AstraZeneca, Pfizer/BioNTech",2062910,991145,3054055
2021-04-29,"Johnson&Johnson, Moderna, Oxford/AstraZeneca, Pfizer/BioNTech",2128444,1006987,3135431
2021-04-30,"Johnson&Johnson, Moderna, Oxford/AstraZeneca, Pfizer/BioNTech",2190627,1016903,3207530
2021-05-01,"Johnson&Johnson, Moderna, Oxford/AstraZeneca, Pfizer/BioNTech",2209917,1020318,3230235
2021-05-02,"Johnson&Johnson, Moderna, Oxford/AstraZeneca, Pfizer/BioNTech",2228809,1022566,3251375
2021-05-03,"Johnson&Johnson, Moderna, Oxford/AstraZeneca, Pfizer/BioNTech",2296028,1027610,3323638
2021-05-04,"Johnson&Johnson, Moderna, Oxford/AstraZeneca, Pfizer/BioNTech",2362489,1035904,3398393
2021-05-05,"Johnson&Johnson, Moderna, Oxford/AstraZeneca, Pfizer/BioNTech",2435605,1045265,3480870
2021-05-06,"Johnson&Johnson, Moderna, Oxford/AstraZeneca, Pfizer/BioNTech",2515965,1055930,3571895
2021-05-07,"Johnson&Johnson, Moderna, Oxford/AstraZeneca, Pfizer/BioNTech",2593225,1065980,3659205
2021-05-08,"Johnson&Johnson, Moderna, Oxford/AstraZeneca, Pfizer/BioNTech",2622622,1067713,3690335
2021-05-09,"Johnson&Johnson, Moderna, Oxford/AstraZeneca, Pfizer/BioNTech",2646789,1068900,3715689
2021-05-10,"Johnson&Johnson, Moderna, Oxford/AstraZeneca, Pfizer/BioNTech",2719515,1076074,3795589
2021-05-11,"Johnson&Johnson, Moderna, Oxford/AstraZeneca, Pfizer/BioNTech",2795579,1084839,3880418
2021-05-12,"Johnson&Johnson, Moderna, Oxford/AstraZeneca, Pfizer/BioNTech",2875394,1093874,3969268
2021-05-13,"Johnson&Johnson, Moderna, Oxford/AstraZeneca, Pfizer/BioNTech",2959383,1102998,4062381
2021-05-14,"Johnson&Johnson, Moderna, Oxford/AstraZeneca, Pfizer/BioNTech",3038776,1110721,4149497
2021-05-15,"Johnson&Johnson, Moderna, Oxford/AstraZeneca, Pfizer/BioNTech",3070610,1112909,4183519
2021-05-16,"Johnson&Johnson, Moderna, Oxford/AstraZeneca, Pfizer/BioNTech",3096353,1114147,4210500
2021-05-17,"Johnson&Johnson, Moderna, Oxford/AstraZeneca, Pfizer/BioNTech",3168831,1120826,4289657
2021-05-18,"Johnson&Johnson, Moderna, Oxford/AstraZeneca, Pfizer/BioNTech",3240732,1133808,4374540
2021-05-19,"Johnson&Johnson, Moderna, Oxford/AstraZeneca, Pfizer/BioNTech",3318167,1148893,4467060
2021-05-20,"Johnson&Johnson, Moderna, Oxford/AstraZeneca, Pfizer/BioNTech",3393571,1175851,4569422
2021-05-21,"Johnson&Johnson, Moderna, Oxford/AstraZeneca, Pfizer/BioNTech",3462316,1203524,4665840
2021-05-22,"Johnson&Johnson, Moderna, Oxford/AstraZeneca, Pfizer/BioNTech",3494643,1214655,4709298
2021-05-23,"Johnson&Johnson, Moderna, Oxford/AstraZeneca, Pfizer/BioNTech",3516945,1223656,4740601
2021-05-24,"Johnson&Johnson, Moderna, Oxford/AstraZeneca, Pfizer/BioNTech",3564015,1257248,4821263
2021-05-25,"Johnson&Johnson, Moderna, Oxford/AstraZeneca, Pfizer/BioNTech",3615845,1292985,4908830
2021-05-26,"Johnson&Johnson, Moderna, Oxford/AstraZeneca, Pfizer/BioNTech",3683564,1330455,5014019
2021-05-27,"Johnson&Johnson, Moderna, Oxford/AstraZeneca, Pfizer/BioNTech",3744910,1377714,5122624
2021-05-28,"Johnson&Johnson, Moderna, Oxford/AstraZeneca, Pfizer/BioNTech",3806571,1424193,5230764
2021-05-29,"Johnson&Johnson, Moderna, Oxford/AstraZeneca, Pfizer/BioNTech",3835713,1441259,5276972
2021-05-30,"Johnson&Johnson, Moderna, Oxford/AstraZeneca, Pfizer/BioNTech",3858051,1455661,5313712
2021-05-31,"Johnson&Johnson, Moderna, Oxford/AstraZeneca, Pfizer/BioNTech",3913762,1503149,5416911
2021-06-01,"Johnson&Johnson, Moderna, Oxford/AstraZeneca, Pfizer/BioNTech",3972769,1551902,5524671
2021-06-02,"Johnson&Johnson, Moderna, Oxford/AstraZeneca, Pfizer/BioNTech",4035632,1605787,5641419
2021-06-03,"Johnson&Johnson, Moderna, Oxford/AstraZeneca, Pfizer/BioNTech",4093848,1665922,5759770
2021-06-04,"Johnson&Johnson, Moderna, Oxford/AstraZeneca, Pfizer/BioNTech",4156916,1723224,5880140
2021-06-05,"Johnson&Johnson, Moderna, Oxford/AstraZeneca, Pfizer/BioNTech",4191043,1741989,5933032
2021-06-06,"Johnson&Johnson, Moderna, Oxford/AstraZeneca, Pfizer/BioNTech",4217943,1757076,5975019
2021-06-07,"Johnson&Johnson, Moderna, Oxford/AstraZeneca, Pfizer/BioNTech",4281610,1812629,6094239
2021-06-08,"Johnson&Johnson, Moderna, Oxford/AstraZeneca, Pfizer/BioNTech",4345568,1867523,6213091
2021-06-09,"Johnson&Johnson, Moderna, Oxford/AstraZeneca, Pfizer/BioNTech",4404739,1931848,6336587
2021-06-10,"Johnson&Johnson, Moderna, Oxford/AstraZeneca, Pfizer/BioNTech",4458613,2002838,6461451
2021-06-11,"Johnson&Johnson, Moderna, Oxford/AstraZeneca, Pfizer/BioNTech",4510697,2072445,6583142
2021-06-12,"Johnson&Johnson, Moderna, Oxford/AstraZeneca, Pfizer/BioNTech",4542673,2093170,6635843
2021-06-13,"Johnson&Johnson, Moderna, Oxford/AstraZeneca, Pfizer/BioNTech",4566678,2111519,6678197
2021-06-14,"Johnson&Johnson, Moderna, Oxford/AstraZeneca, Pfizer/BioNTech",4609698,2185802,6795500
2021-06-15,"Johnson&Johnson, Moderna, Oxford/AstraZeneca, Pfizer/BioNTech",4654325,2258038,6912363
2021-06-16,"Johnson&Johnson, Moderna, Oxford/AstraZeneca, Pfizer/BioNTech",4697050,2336134,7033184
2021-06-17,"Johnson&Johnson, Moderna, Oxford/AstraZeneca, Pfizer/BioNTech",4736417,2419074,7155491
2021-06-18,"Johnson&Johnson, Moderna, Oxford/AstraZeneca, Pfizer/BioNTech",4778793,2499447,7278240
2021-06-19,"Johnson&Johnson, Moderna, Oxford/AstraZeneca, Pfizer/BioNTech",4800526,2528654,7329180
2021-06-20,"Johnson&Johnson, Moderna, Oxford/AstraZeneca, Pfizer/BioNTech",4817885,2552410,7370295
2021-06-21,"Johnson&Johnson, Moderna, Oxford/AstraZeneca, Pfizer/BioNTech",4850389,2630874,7481263
2021-06-22,"Johnson&Johnson, Moderna, Oxford/AstraZeneca, Pfizer/BioNTech",4883338,2713017,7596355
2021-06-23,"Johnson&Johnson, Moderna, Oxford/AstraZeneca, Pfizer/BioNTech",4914980,2798130,7713110
2021-06-24,"Johnson&Johnson, Moderna, Oxford/AstraZeneca, Pfizer/BioNTech",4944808,2888053,7832861
2021-06-25,"Johnson&Johnson, Moderna, Oxford/AstraZeneca, Pfizer/BioNTech",4975841,2974061,7949902
2021-06-26,"Johnson&Johnson, Moderna, Oxford/AstraZeneca, Pfizer/BioNTech",4991690,3008792,8000482
2021-06-27,"Johnson&Johnson, Moderna, Oxford/AstraZeneca, Pfizer/BioNTech",5005630,3035373,8041003
2021-06-28,"Johnson&Johnson, Moderna, Oxford/AstraZeneca, Pfizer/BioNTech",5034046,3120449,8154495
2021-06-29,"Johnson&Johnson, Moderna, Oxford/AstraZeneca, Pfizer/BioNTech",5063291,3206820,8270111
2021-06-30,"Johnson&Johnson, Moderna, Oxford/AstraZeneca, Pfizer/BioNTech",5090787,3297664,8388451
2021-07-01,"Johnson&Johnson, Moderna, Oxford/AstraZeneca, Pfizer/BioNTech",5114731,3387575,8502306
2021-07-02,"Johnson&Johnson, Moderna, Oxford/AstraZeneca, Pfizer/BioNTech",5141445,3473265,8614710
2021-07-03,"Johnson&Johnson, Moderna, Oxford/AstraZeneca, Pfizer/BioNTech",5148514,3504707,8653221
2021-07-04,"Johnson&Johnson, Moderna, Oxford/AstraZeneca, Pfizer/BioNTech",5156055,3526460,8682515
2021-07-05,"Johnson&Johnson, Moderna, Oxford/AstraZeneca, Pfizer/BioNTech",5163398,3551768,8715166
2021-07-06,"Johnson&Johnson, Moderna, Oxford/AstraZeneca, Pfizer/BioNTech",5168786,3579328,8748114
2021-07-07,"Johnson&Johnson, Moderna, Oxford/AstraZeneca, Pfizer/BioNTech",5194569,3658185,8852754
2021-07-08,"Johnson&Johnson, Moderna, Oxford/AstraZeneca, Pfizer/BioNTech",5221147,3728393,8949540
2021-07-09,"Johnson&Johnson, Moderna, Oxford/AstraZeneca, Pfizer/BioNTech",5249044,3797540,9046584
2021-07-10,"Johnson&Johnson, Moderna, Oxford/AstraZeneca, Pfizer/BioNTech",5258377,3826094,9084471
2021-07-11,"Johnson&Johnson, Moderna, Oxford/AstraZeneca, Pfizer/BioNTech",5266891,3848933,9115824
2021-07-12,"Johnson&Johnson, Moderna, Oxford/AstraZeneca, Pfizer/BioNTech",5294414,3917930,9212344
2021-07-13,"Johnson&Johnson, Moderna, Oxford/AstraZeneca, Pfizer/BioNTech",5320605,3987702,9308307
2021-07-14,"Johnson&Johnson, Moderna, Oxford/AstraZeneca, Pfizer/BioNTech",5346433,4059584,9406017
2021-07-15,"Johnson&Johnson, Moderna, Oxford/AstraZeneca, Pfizer/BioNTech",5375631,4125484,9501115
2021-07-16,"Johnson&Johnson, Moderna, Oxford/AstraZeneca, Pfizer/BioNTech",5403554,4198078,9601632
2021-07-17,"Johnson&Johnson, Moderna, Oxford/AstraZeneca, Pfizer/BioNTech",5412304,4229452,9641756
2021-07-18,"Johnson&Johnson, Moderna, Oxford/AstraZeneca, Pfizer/BioNTech",5420738,4255411,9676149
2021-07-19,"Johnson&Johnson, Moderna, Oxford/AstraZeneca, Pfizer/BioNTech",5444070,4322341,9766411
2021-07-20,"Johnson&Johnson, Moderna, Oxford/AstraZeneca, Pfizer/BioNTech",5465443,4389286,9854729
2021-07-21,"Johnson&Johnson, Moderna, Oxford/AstraZeneca, Pfizer/BioNTech",5488876,4452630,9941506
2021-07-22,"Johnson&Johnson, Moderna, Oxford/AstraZeneca, Pfizer/BioNTech",5511211,4511142,10022353
2021-07-23,"Johnson&Johnson, Moderna, Oxford/AstraZeneca, Pfizer/BioNTech",5534378,4565766,10100144
2021-07-24,"Johnson&Johnson, Moderna, Oxford/AstraZeneca, Pfizer/BioNTech",5541672,4593354,10135026
2021-07-25,"Johnson&Johnson, Moderna, Oxford/AstraZeneca, Pfizer/BioNTech",5548268,4615346,10163614
2021-07-26,"Johnson&Johnson, Moderna, Oxford/AstraZeneca, Pfizer/BioNTech",5571765,4663896,10235661
2021-07-27,"Johnson&Johnson, Moderna, Oxford/AstraZeneca, Pfizer/BioNTech",5594454,4710409,10304863
2021-07-28,"Johnson&Johnson, Moderna, Oxford/AstraZeneca, Pfizer/BioNTech",5615671,4756276,10371947
2021-07-29,"Johnson&Johnson, Moderna, Oxford/AstraZeneca, Pfizer/BioNTech",5636948,4798104,10435052
2021-07-30,"Johnson&Johnson, Moderna, Oxford/AstraZeneca, Pfizer/BioNTech",5660203,4840550,10500753
2021-07-31,"Johnson&Johnson, Moderna, Oxford/AstraZeneca, Pfizer/BioNTech",5669120,4860035,10529155
2021-08-01,"Johnson&Johnson, Moderna, Oxford/AstraZeneca, Pfizer/BioNTech",5675827,4876159,10551986
2021-08-02,"Johnson&Johnson, Moderna, Oxford/AstraZeneca, Pfizer/BioNTech",5694418,4913618,10608036
2021-08-03,"Johnson&Johnson, Moderna, Oxford/AstraZeneca, Pfizer/BioNTech",5712017,4951631,10663648
2021-08-04,"Johnson&Johnson, Moderna, Oxford/AstraZeneca, Pfizer/BioNTech",5728073,4988268,10716341
2021-08-05,"Johnson&Johnson, Moderna, Oxford/AstraZeneca, Pfizer/BioNTech",5744057,5028637,10772694
2021-08-06,"Johnson&Johnson, Moderna, Oxford/AstraZeneca, Pfizer/BioNTech",5760812,5071799,10832611
2021-08-07,"Johnson&Johnson, Moderna, Oxford/AstraZeneca, Pfizer/BioNTech",5766381,5089913,10856294
2021-08-08,"Johnson&Johnson, Moderna, Oxford/AstraZeneca, Pfizer/BioNTech",5770727,5105630,10876357
2021-08-09,"Johnson&Johnson, Moderna, Oxford/AstraZeneca, Pfizer/BioNTech",5783340,5150606,10933946
2021-08-10,"Johnson&Johnson, Moderna, Oxford/AstraZeneca, Pfizer/BioNTech",5795138,5190082,10985220
2021-08-11,"Johnson&Johnson, Moderna, Oxford/AstraZeneca, Pfizer/BioNTech",5806474,5233136,11039610
2021-08-12,"Johnson&Johnson, Moderna, Oxford/AstraZeneca, Pfizer/BioNTech",5817856,5270130,11087986
2021-08-13,"Johnson&Johnson, Moderna, Oxford/AstraZeneca, Pfizer/BioNTech",5828514,5310356,11138870
2021-08-14,"Johnson&Johnson, Moderna, Oxford/AstraZeneca, Pfizer/BioNTech",5831847,5321015,11152862
2021-08-15,"Johnson&Johnson, Moderna, Oxford/AstraZeneca, Pfizer/BioNTech",5834421,5331363,11165784
2021-08-16,"Johnson&Johnson, Moderna, Oxford/AstraZeneca, Pfizer/BioNTech",5844182,5365348,11209530
2021-08-17,"Johnson&Johnson, Moderna, Oxford/AstraZeneca, Pfizer/BioNTech",5853740,5392376,11246116
2021-08-18,"Johnson&Johnson, Moderna, Oxford/AstraZeneca, Pfizer/BioNTech",5863086,5431167,11294253
2021-08-19,"Johnson&Johnson, Moderna, Oxford/AstraZeneca, Pfizer/BioNTech",5872694,5469435,11342129
2021-08-20,"Johnson&Johnson, Moderna, Oxford/AstraZeneca, Pfizer/BioNTech",5884012,5509546,11393558
2021-08-21,"Johnson&Johnson, Moderna, Oxford/AstraZeneca, Pfizer/BioNTech",5886710,5522272,11408982
2021-08-22,"Johnson&Johnson, Moderna, Oxford/AstraZeneca, Pfizer/BioNTech",5889047,5534213,11423260
2021-08-23,"Johnson&Johnson, Moderna, Oxford/AstraZeneca, Pfizer/BioNTech",5899539,5573380,11472919
2021-08-24,"Johnson&Johnson, Moderna, Oxford/AstraZeneca, Pfizer/BioNTech",5909376,5606558,11515934
2021-08-25,"Johnson&Johnson, Moderna, Oxford/AstraZeneca, Pfizer/BioNTech",5918199,5634849,11553048
2021-08-26,"Johnson&Johnson, Moderna, Oxford/AstraZeneca, Pfizer/BioNTech",5926596,5660897,11587493
2021-08-27,"Johnson&Johnson, Moderna, Oxford/AstraZeneca, Pfizer/BioNTech",5936878,5686774,11623652
2021-08-28,"Johnson&Johnson, Moderna, Oxford/AstraZeneca, Pfizer/BioNTech",5939591,5693784,11633375
2021-08-29,"Johnson&Johnson, Moderna, Oxford/AstraZeneca, Pfizer/BioNTech",5941989,5700392,11642381
2021-08-30,"Johnson&Johnson, Moderna, Oxford/AstraZeneca, Pfizer/BioNTech",5950472,5722192,11672664
2021-08-31,"Johnson&Johnson, Moderna, Oxford/AstraZeneca, Pfizer/BioNTech",5958092,5740209,11698301
2021-09-01,"Johnson&Johnson, Moderna, Oxford/AstraZeneca, Pfizer/BioNTech",5963927,5754137,11718064
2021-09-02,"Johnson&Johnson, Moderna, Oxford/AstraZeneca, Pfizer/BioNTech",5970640,5768464,11739104
2021-09-03,"Johnson&Johnson, Moderna, Oxford/AstraZeneca, Pfizer/BioNTech",5980055,5784083,11764138
2021-09-04,"Johnson&Johnson, Moderna, Oxford/AstraZeneca, Pfizer/BioNTech",5982093,5787608,11769701
2021-09-05,"Johnson&Johnson, Moderna, Pfizer/BioNTech",5984120,5790429,11774549
2021-09-06,"Johnson&Johnson, Moderna, Oxford/AstraZeneca, Pfizer/BioNTech",5990210,5802892,11793102
2021-09-07,"Johnson&Johnson, Moderna, Oxford/AstraZeneca, Pfizer/BioNTech",5994495,5813900,11808395
2021-09-08,"Johnson&Johnson, Moderna, Oxford/AstraZeneca, Pfizer/BioNTech",6000026,5823686,11823712
2021-09-09,"Johnson&Johnson, Moderna, Oxford/AstraZeneca, Pfizer/BioNTech",6006583,5833676,11840259
2021-09-10,"Johnson&Johnson, Moderna, Oxford/AstraZeneca, Pfizer/BioNTech",6014067,5845726,11859793
2021-09-11,"Johnson&Johnson, Moderna, Pfizer/BioNTech",6015909,5848187,11864096
2021-09-12,"Johnson&Johnson, Moderna, Oxford/AstraZeneca, Pfizer/BioNTech",6017010,5849799,11866809
2021-09-13,"Johnson&Johnson, Moderna, Oxford/AstraZeneca, Pfizer/BioNTech",6022322,5859995,11882317
2021-09-14,"Johnson&Johnson, Moderna, Oxford/AstraZeneca, Pfizer/BioNTech",6027591,5868918,11896509
2021-09-15,"Johnson&Johnson, Moderna, Oxford/AstraZeneca, Pfizer/BioNTech",6032680,5877357,11910037
2021-09-16,"Johnson&Johnson, Moderna, Oxford/AstraZeneca, Pfizer/BioNTech",6037827,5885561,11923388
2021-09-17,"Johnson&Johnson, Moderna, Oxford/AstraZeneca, Pfizer/BioNTech",6044174,5895618,11939792
2021-09-18,"Johnson&Johnson, Moderna, Pfizer/BioNTech",6045870,5897943,11943813
2021-09-19,"Johnson&Johnson, Moderna, Pfizer/BioNTech",6046801,5899498,11946299
2021-09-20,"Johnson&Johnson, Moderna, Oxford/AstraZeneca, Pfizer/BioNTech",6050626,5907562,11958188
2021-09-21,"Johnson&Johnson, Moderna, Oxford/AstraZeneca, Pfizer/BioNTech",6054618,5915023,11969641
2021-09-22,"Johnson&Johnson, Moderna, Oxford/AstraZeneca, Pfizer/BioNTech",6058645,5920449,11979094
2021-09-23,"Johnson&Johnson, Moderna, Oxford/AstraZeneca, Pfizer/BioNTech",6063516,5926772,11990288
2021-09-24,"Johnson&Johnson, Moderna, Oxford/AstraZeneca, Pfizer/BioNTech",6069067,5936199,12005266
2021-09-25,"Johnson&Johnson, Moderna, Oxford/AstraZeneca, Pfizer/BioNTech",6070518,5938144,12008662
2021-09-26,"Johnson&Johnson, Moderna, Pfizer/BioNTech",6071254,5939758,12011012
2021-09-27,"Johnson&Johnson, Moderna, Oxford/AstraZeneca, Pfizer/BioNTech",6075005,5946148,12021153
2021-09-28,"Johnson&Johnson, Moderna, Pfizer/BioNTech",6075324,5946729,12022053
2021-09-29,"Johnson&Johnson, Moderna, Oxford/AstraZeneca, Pfizer/BioNTech",6078889,5953894,12032783
2021-09-30,"Johnson&Johnson, Moderna, Oxford/AstraZeneca, Pfizer/BioNTech",6083071,5961302,12044373
2021-10-01,"Johnson&Johnson, Moderna, Oxford/AstraZeneca, Pfizer/BioNTech",6086722,5968649,12055371
