date,vaccine,people_vaccinated,people_fully_vaccinated,total_vaccinations
2020-12-27,Pfizer/BioNTech,1273,0,1273
2020-12-28,Pfizer/BioNTech,3576,0,3576
2020-12-29,Pfizer/BioNTech,7038,0,7038
2020-12-30,Pfizer/BioNTech,10545,0,10545
2020-12-31,Pfizer/BioNTech,11854,0,11854
2021-01-01,"Moderna, Pfizer/BioNTech",12121,0,12121
2021-01-02,Pfizer/BioNTech,13399,0,13399
2021-01-03,Pfizer/BioNTech,14316,0,14316
2021-01-04,"Moderna, Pfizer/BioNTech",17915,0,17915
2021-01-05,"Moderna, Pfizer/BioNTech",22422,0,22422
2021-01-06,Pfizer/BioNTech,28257,0,28257
2021-01-07,"Moderna, Pfizer/BioNTech",36233,0,36233
2021-01-08,Pfizer/BioNTech,46244,0,46244
2021-01-09,"Moderna, Pfizer/BioNTech",48267,1,48268
2021-01-10,Pfizer/BioNTech,50029,3,50032
2021-01-11,Pfizer/BioNTech,59871,5,59876
2021-01-12,Pfizer/BioNTech,73284,7,73291
2021-01-13,Pfizer/BioNTech,86799,7,86806
2021-01-14,"Moderna, Pfizer/BioNTech",102004,9,102013
2021-01-15,"Moderna, Pfizer/BioNTech",115992,9,116001
2021-01-16,"Moderna, Pfizer/BioNTech",119374,12,119386
2021-01-17,"Moderna, Pfizer/BioNTech",121980,650,122630
2021-01-18,"Moderna, Pfizer/BioNTech",134458,2471,136929
2021-01-19,"Moderna, Pfizer/BioNTech",147027,5191,152218
2021-01-20,"Moderna, Pfizer/BioNTech",160676,7840,168516
2021-01-21,"Moderna, Pfizer/BioNTech",176300,9574,185874
2021-01-22,"Moderna, Pfizer/BioNTech",191146,10617,201763
2021-01-23,"Moderna, Pfizer/BioNTech",194453,11494,205947
2021-01-24,"Moderna, Pfizer/BioNTech",196704,12361,209065
2021-01-25,"Moderna, Pfizer/BioNTech",206334,15329,221663
2021-01-26,"Moderna, Pfizer/BioNTech",216866,19304,236170
2021-01-27,"Moderna, Pfizer/BioNTech",225886,23827,249713
2021-01-28,"Moderna, Pfizer/BioNTech",232963,29946,262909
2021-01-29,"Moderna, Pfizer/BioNTech",239158,37837,276995
2021-01-30,"Moderna, Pfizer/BioNTech",239889,38925,278814
2021-01-31,"Moderna, Pfizer/BioNTech",240598,40105,280703
2021-02-01,"Moderna, Pfizer/BioNTech",244562,48042,292604
2021-02-02,"Moderna, Pfizer/BioNTech",248689,58264,306953
2021-02-03,"Moderna, Pfizer/BioNTech",253099,69254,322353
2021-02-04,"Moderna, Pfizer/BioNTech",257990,82209,340199
2021-02-05,"Moderna, Pfizer/BioNTech",263438,92860,356298
2021-02-06,"Moderna, Pfizer/BioNTech",264280,95208,359488
2021-02-07,"Moderna, Pfizer/BioNTech",265127,97694,362821
2021-02-08,"Moderna, Oxford/AstraZeneca, Pfizer/BioNTech",269191,109081,378272
2021-02-09,"Moderna, Oxford/AstraZeneca, Pfizer/BioNTech",274275,121003,395278
2021-02-10,"Moderna, Pfizer/BioNTech",279766,134218,413984
2021-02-11,"Moderna, Oxford/AstraZeneca, Pfizer/BioNTech",286071,150406,436477
2021-02-12,"Moderna, Oxford/AstraZeneca, Pfizer/BioNTech",292816,165099,457915
2021-02-13,"Moderna, Oxford/AstraZeneca, Pfizer/BioNTech",294407,168078,462485
2021-02-14,"Moderna, Oxford/AstraZeneca, Pfizer/BioNTech",295398,169456,464854
2021-02-15,"Moderna, Oxford/AstraZeneca, Pfizer/BioNTech",301789,178791,480580
2021-02-16,"Moderna, Oxford/AstraZeneca, Pfizer/BioNTech",310499,187843,498342
2021-02-17,"Moderna, Oxford/AstraZeneca, Pfizer/BioNTech",320183,196133,516316
2021-02-18,"Moderna, Oxford/AstraZeneca, Pfizer/BioNTech",332487,204173,536660
2021-02-19,"Moderna, Oxford/AstraZeneca, Pfizer/BioNTech",344331,211494,555825
2021-02-20,"Moderna, Oxford/AstraZeneca, Pfizer/BioNTech",346313,212670,558983
2021-02-21,"Moderna, Oxford/AstraZeneca, Pfizer/BioNTech",347425,213685,561110
2021-02-22,"Moderna, Oxford/AstraZeneca, Pfizer/BioNTech",357543,219691,577234
2021-02-23,"Moderna, Oxford/AstraZeneca, Pfizer/BioNTech",370475,226651,597126
2021-02-24,"Moderna, Oxford/AstraZeneca, Pfizer/BioNTech",384336,232672,617008
2021-02-25,"Moderna, Oxford/AstraZeneca, Pfizer/BioNTech",402290,238205,640495
2021-02-26,"Moderna, Oxford/AstraZeneca, Pfizer/BioNTech",418446,243533,661979
2021-02-27,"Moderna, Oxford/AstraZeneca, Pfizer/BioNTech",421447,244083,665530
2021-02-28,"Moderna, Oxford/AstraZeneca, Pfizer/BioNTech",423786,244627,668413
2021-03-01,"Moderna, Oxford/AstraZeneca, Pfizer/BioNTech",443329,248054,691383
2021-03-02,"Moderna, Oxford/AstraZeneca, Pfizer/BioNTech",470535,251590,722125
2021-03-03,"Moderna, Oxford/AstraZeneca, Pfizer/BioNTech",501369,256079,757448
2021-03-04,"Moderna, Oxford/AstraZeneca, Pfizer/BioNTech",534584,260741,795325
2021-03-05,"Johnson&Johnson, Moderna, Oxford/AstraZeneca, Pfizer/BioNTech",563380,266138,829518
2021-03-06,"Johnson&Johnson, Moderna, Oxford/AstraZeneca, Pfizer/BioNTech",575507,266986,842493
2021-03-07,"Johnson&Johnson, Moderna, Oxford/AstraZeneca, Pfizer/BioNTech",587025,267819,854844
2021-03-08,"Johnson&Johnson, Moderna, Oxford/AstraZeneca, Pfizer/BioNTech",616712,272650,889362
2021-03-09,"Johnson&Johnson, Moderna, Oxford/AstraZeneca, Pfizer/BioNTech",652974,279011,931985
2021-03-10,"Moderna, Oxford/AstraZeneca, Pfizer/BioNTech",694236,285947,980183
2021-03-11,"Johnson&Johnson, Moderna, Oxford/AstraZeneca, Pfizer/BioNTech",739026,294297,1033323
2021-03-12,"Johnson&Johnson, Moderna, Oxford/AstraZeneca, Pfizer/BioNTech",777793,302742,1080535
2021-03-13,"Moderna, Oxford/AstraZeneca, Pfizer/BioNTech",794842,304031,1098873
2021-03-14,"Moderna, Oxford/AstraZeneca, Pfizer/BioNTech",806936,305166,1112102
2021-03-15,"Moderna, Oxford/AstraZeneca, Pfizer/BioNTech",835289,313934,1149223
2021-03-16,"Johnson&Johnson, Moderna, Oxford/AstraZeneca, Pfizer/BioNTech",874131,324453,1198584
2021-03-17,"Moderna, Oxford/AstraZeneca, Pfizer/BioNTech",911575,334938,1246513
2021-03-18,"Johnson&Johnson, Moderna, Oxford/AstraZeneca, Pfizer/BioNTech",949511,347333,1296844
2021-03-19,"Moderna, Oxford/AstraZeneca, Pfizer/BioNTech",983952,360922,1344874
2021-03-20,"Johnson&Johnson, Moderna, Oxford/AstraZeneca, Pfizer/BioNTech",999069,362932,1362001
2021-03-21,"Johnson&Johnson, Moderna, Oxford/AstraZeneca, Pfizer/BioNTech",1006461,364473,1370934
2021-03-22,"Johnson&Johnson, Moderna, Oxford/AstraZeneca, Pfizer/BioNTech",1030972,376963,1407935
2021-03-23,"Johnson&Johnson, Moderna, Oxford/AstraZeneca, Pfizer/BioNTech",1057570,390295,1447865
2021-03-24,"Johnson&Johnson, Moderna, Oxford/AstraZeneca, Pfizer/BioNTech",1084395,405999,1490394
2021-03-25,"Moderna, Oxford/AstraZeneca, Pfizer/BioNTech",1110688,423827,1534515
2021-03-26,"Moderna, Oxford/AstraZeneca, Pfizer/BioNTech",1135460,441309,1576769
2021-03-27,"Johnson&Johnson, Moderna, Oxford/AstraZeneca, Pfizer/BioNTech",1143876,446140,1590016
2021-03-28,"Moderna, Oxford/AstraZeneca, Pfizer/BioNTech",1149402,450273,1599675
2021-03-29,"Johnson&Johnson, Moderna, Oxford/AstraZeneca, Pfizer/BioNTech",1168496,470965,1639461
2021-03-30,"Johnson&Johnson, Moderna, Oxford/AstraZeneca, Pfizer/BioNTech",1193172,493124,1686296
2021-03-31,"Johnson&Johnson, Moderna, Oxford/AstraZeneca, Pfizer/BioNTech",1216238,520158,1736396
2021-04-01,"Johnson&Johnson, Moderna, Oxford/AstraZeneca, Pfizer/BioNTech",1241810,552182,1793992
2021-04-02,"Johnson&Johnson, Moderna, Oxford/AstraZeneca, Pfizer/BioNTech",1248699,564961,1813660
2021-04-03,"Johnson&Johnson, Moderna, Oxford/AstraZeneca, Pfizer/BioNTech",1252297,575864,1828161
2021-04-04,"Johnson&Johnson, Moderna, Oxford/AstraZeneca, Pfizer/BioNTech",1254786,584760,1839546
2021-04-05,"Johnson&Johnson, Moderna, Oxford/AstraZeneca, Pfizer/BioNTech",1257159,591930,1849089
2021-04-06,"Johnson&Johnson, Moderna, Oxford/AstraZeneca, Pfizer/BioNTech",1273249,621146,1894395
2021-04-07,"Johnson&Johnson, Moderna, Oxford/AstraZeneca, Pfizer/BioNTech",1296615,643340,1939955
2021-04-08,"Johnson&Johnson, Moderna, Oxford/AstraZeneca, Pfizer/BioNTech",1335251,674331,2009582
2021-04-09,"Johnson&Johnson, Moderna, Oxford/AstraZeneca, Pfizer/BioNTech",1374725,704494,2079219
2021-04-10,"Johnson&Johnson, Moderna, Oxford/AstraZeneca, Pfizer/BioNTech",1390169,719767,2109936
2021-04-11,"Johnson&Johnson, Moderna, Oxford/AstraZeneca, Pfizer/BioNTech",1399918,729784,2129702
2021-04-12,"Johnson&Johnson, Moderna, Oxford/AstraZeneca, Pfizer/BioNTech",1438133,754872,2193005
2021-04-13,"Moderna, Oxford/AstraZeneca, Pfizer/BioNTech",1474334,780867,2255201
2021-04-14,"Moderna, Oxford/AstraZeneca, Pfizer/BioNTech",1513098,808199,2321297
2021-04-15,"Moderna, Oxford/AstraZeneca, Pfizer/BioNTech",1560846,833887,2394733
2021-04-16,"Moderna, Oxford/AstraZeneca, Pfizer/BioNTech",1605454,859489,2464943
2021-04-17,"Moderna, Oxford/AstraZeneca, Pfizer/BioNTech",1622111,868502,2490613
2021-04-18,"Moderna, Oxford/AstraZeneca, Pfizer/BioNTech",1635073,873477,2508550
2021-04-19,"Moderna, Oxford/AstraZeneca, Pfizer/BioNTech",1679043,888913,2567956
2021-04-20,"Johnson&Johnson, Moderna, Oxford/AstraZeneca, Pfizer/BioNTech",1721557,904758,2626315
2021-04-21,"Moderna, Oxford/AstraZeneca, Pfizer/BioNTech",1769252,919077,2688329
2021-04-22,"Johnson&Johnson, Moderna, Oxford/AstraZeneca, Pfizer/BioNTech",1823709,936433,2760142
2021-04-23,"Johnson&Johnson, Moderna, Oxford/AstraZeneca, Pfizer/BioNTech",1873626,948462,2822088
2021-04-24,"Johnson&Johnson, Moderna, Oxford/AstraZeneca, Pfizer/BioNTech",1891434,953691,2845125
2021-04-25,"Johnson&Johnson, Moderna, Oxford/AstraZeneca, Pfizer/BioNTech",1906103,957673,2863776
2021-04-26,"Johnson&Johnson, Moderna, Oxford/AstraZeneca, Pfizer/BioNTech",1955669,965212,2920881
2021-04-27,"Johnson&Johnson, Moderna, Oxford/AstraZeneca, Pfizer/BioNTech",2004618,977404,2982022
2021-04-28,"Johnson&Johnson, Moderna, Oxford/AstraZeneca, Pfizer/BioNTech",2063341,991367,3054708
2021-04-29,"Johnson&Johnson, Moderna, Oxford/AstraZeneca, Pfizer/BioNTech",2128877,1007212,3136089
2021-04-30,"Johnson&Johnson, Moderna, Oxford/AstraZeneca, Pfizer/BioNTech",2191065,1017136,3208201
2021-05-01,"Johnson&Johnson, Moderna, Oxford/AstraZeneca, Pfizer/BioNTech",2210355,1020551,3230906
2021-05-02,"Johnson&Johnson, Moderna, Oxford/AstraZeneca, Pfizer/BioNTech",2229248,1022800,3252048
2021-05-03,"Johnson&Johnson, Moderna, Oxford/AstraZeneca, Pfizer/BioNTech",2296467,1027845,3324312
2021-05-04,"Johnson&Johnson, Moderna, Oxford/AstraZeneca, Pfizer/BioNTech",2362938,1036143,3399081
2021-05-05,"Johnson&Johnson, Moderna, Oxford/AstraZeneca, Pfizer/BioNTech",2436063,1045505,3481568
2021-05-06,"Johnson&Johnson, Moderna, Oxford/AstraZeneca, Pfizer/BioNTech",2516426,1056176,3572602
2021-05-07,"Johnson&Johnson, Moderna, Oxford/AstraZeneca, Pfizer/BioNTech",2593691,1066232,3659923
2021-05-08,"Johnson&Johnson, Moderna, Oxford/AstraZeneca, Pfizer/BioNTech",2623089,1067968,3691057
2021-05-09,"Johnson&Johnson, Moderna, Oxford/AstraZeneca, Pfizer/BioNTech",2647256,1069155,3716411
2021-05-10,"Johnson&Johnson, Moderna, Oxford/AstraZeneca, Pfizer/BioNTech",2719987,1076332,3796319
2021-05-11,"Johnson&Johnson, Moderna, Oxford/AstraZeneca, Pfizer/BioNTech",2796052,1085098,3881150
2021-05-12,"Johnson&Johnson, Moderna, Oxford/AstraZeneca, Pfizer/BioNTech",2875872,1094137,3970009
2021-05-13,"Johnson&Johnson, Moderna, Oxford/AstraZeneca, Pfizer/BioNTech",2959863,1103265,4063128
2021-05-14,"Johnson&Johnson, Moderna, Oxford/AstraZeneca, Pfizer/BioNTech",3039260,1110989,4150249
2021-05-15,"Johnson&Johnson, Moderna, Oxford/AstraZeneca, Pfizer/BioNTech",3071098,1113176,4184274
2021-05-16,"Johnson&Johnson, Moderna, Oxford/AstraZeneca, Pfizer/BioNTech",3096841,1114415,4211256
2021-05-17,"Johnson&Johnson, Moderna, Oxford/AstraZeneca, Pfizer/BioNTech",3169320,1121094,4290414
2021-05-18,"Johnson&Johnson, Moderna, Oxford/AstraZeneca, Pfizer/BioNTech",3241222,1134080,4375302
2021-05-19,"Johnson&Johnson, Moderna, Oxford/AstraZeneca, Pfizer/BioNTech",3318660,1149169,4467829
2021-05-20,"Johnson&Johnson, Moderna, Oxford/AstraZeneca, Pfizer/BioNTech",3394062,1176131,4570193
2021-05-21,"Johnson&Johnson, Moderna, Oxford/AstraZeneca, Pfizer/BioNTech",3462802,1203811,4666613
2021-05-22,"Johnson&Johnson, Moderna, Oxford/AstraZeneca, Pfizer/BioNTech",3495135,1214945,4710080
2021-05-23,"Johnson&Johnson, Moderna, Oxford/AstraZeneca, Pfizer/BioNTech",3517442,1223949,4741391
2021-05-24,"Johnson&Johnson, Moderna, Oxford/AstraZeneca, Pfizer/BioNTech",3564518,1257546,4822064
2021-05-25,"Johnson&Johnson, Moderna, Oxford/AstraZeneca, Pfizer/BioNTech",3616352,1293287,4909639
2021-05-26,"Johnson&Johnson, Moderna, Oxford/AstraZeneca, Pfizer/BioNTech",3684078,1330758,5014836
2021-05-27,"Johnson&Johnson, Moderna, Oxford/AstraZeneca, Pfizer/BioNTech",3745428,1378018,5123446
2021-05-28,"Johnson&Johnson, Moderna, Oxford/AstraZeneca, Pfizer/BioNTech",3807089,1424508,5231597
2021-05-29,"Johnson&Johnson, Moderna, Oxford/AstraZeneca, Pfizer/BioNTech",3836237,1441574,5277811
2021-05-30,"Johnson&Johnson, Moderna, Oxford/AstraZeneca, Pfizer/BioNTech",3858572,1455979,5314551
2021-05-31,"Johnson&Johnson, Moderna, Oxford/AstraZeneca, Pfizer/BioNTech",3914283,1503478,5417761
2021-06-01,"Johnson&Johnson, Moderna, Oxford/AstraZeneca, Pfizer/BioNTech",3973299,1552239,5525538
2021-06-02,"Johnson&Johnson, Moderna, Oxford/AstraZeneca, Pfizer/BioNTech",4036168,1606131,5642299
2021-06-03,"Johnson&Johnson, Moderna, Oxford/AstraZeneca, Pfizer/BioNTech",4094383,1666274,5760657
2021-06-04,"Johnson&Johnson, Moderna, Oxford/AstraZeneca, Pfizer/BioNTech",4157454,1723579,5881033
2021-06-05,"Johnson&Johnson, Moderna, Oxford/AstraZeneca, Pfizer/BioNTech",4191580,1742349,5933929
2021-06-06,"Johnson&Johnson, Moderna, Oxford/AstraZeneca, Pfizer/BioNTech",4218480,1757438,5975918
2021-06-07,"Johnson&Johnson, Moderna, Oxford/AstraZeneca, Pfizer/BioNTech",4282147,1813001,6095148
2021-06-08,"Johnson&Johnson, Moderna, Oxford/AstraZeneca, Pfizer/BioNTech",4346111,1867897,6214008
2021-06-09,"Johnson&Johnson, Moderna, Oxford/AstraZeneca, Pfizer/BioNTech",4405294,1932235,6337529
2021-06-10,"Johnson&Johnson, Moderna, Oxford/AstraZeneca, Pfizer/BioNTech",4459170,2003233,6462403
2021-06-11,"Johnson&Johnson, Moderna, Oxford/AstraZeneca, Pfizer/BioNTech",4511257,2072851,6584108
2021-06-12,"Johnson&Johnson, Moderna, Oxford/AstraZeneca, Pfizer/BioNTech",4543236,2093576,6636812
2021-06-13,"Johnson&Johnson, Moderna, Oxford/AstraZeneca, Pfizer/BioNTech",4567237,2111927,6679164
2021-06-14,"Johnson&Johnson, Moderna, Oxford/AstraZeneca, Pfizer/BioNTech",4610299,2186215,6796514
2021-06-15,"Johnson&Johnson, Moderna, Oxford/AstraZeneca, Pfizer/BioNTech",4654931,2258454,6913385
2021-06-16,"Johnson&Johnson, Moderna, Oxford/AstraZeneca, Pfizer/BioNTech",4697658,2336570,7034228
2021-06-17,"Johnson&Johnson, Moderna, Oxford/AstraZeneca, Pfizer/BioNTech",4737024,2419523,7156547
2021-06-18,"Johnson&Johnson, Moderna, Oxford/AstraZeneca, Pfizer/BioNTech",4779399,2499911,7279310
2021-06-19,"Johnson&Johnson, Moderna, Oxford/AstraZeneca, Pfizer/BioNTech",4801129,2529122,7330251
2021-06-20,"Johnson&Johnson, Moderna, Oxford/AstraZeneca, Pfizer/BioNTech",4818485,2552878,7371363
2021-06-21,"Johnson&Johnson, Moderna, Oxford/AstraZeneca, Pfizer/BioNTech",4850990,2631345,7482335
2021-06-22,"Johnson&Johnson, Moderna, Oxford/AstraZeneca, Pfizer/BioNTech",4883947,2713497,7597444
2021-06-23,"Johnson&Johnson, Moderna, Oxford/AstraZeneca, Pfizer/BioNTech",4915593,2798613,7714206
2021-06-24,"Johnson&Johnson, Moderna, Oxford/AstraZeneca, Pfizer/BioNTech",4945425,2888540,7833965
2021-06-25,"Johnson&Johnson, Moderna, Oxford/AstraZeneca, Pfizer/BioNTech",4976458,2974551,7951009
2021-06-26,"Johnson&Johnson, Moderna, Oxford/AstraZeneca, Pfizer/BioNTech",4992308,3009280,8001588
2021-06-27,"Johnson&Johnson, Moderna, Oxford/AstraZeneca, Pfizer/BioNTech",5006247,3035866,8042113
2021-06-28,"Johnson&Johnson, Moderna, Oxford/AstraZeneca, Pfizer/BioNTech",5034661,3120947,8155608
2021-06-29,"Johnson&Johnson, Moderna, Oxford/AstraZeneca, Pfizer/BioNTech",5063912,3207322,8271234
2021-06-30,"Johnson&Johnson, Moderna, Oxford/AstraZeneca, Pfizer/BioNTech",5091412,3298164,8389576
2021-07-01,"Johnson&Johnson, Moderna, Oxford/AstraZeneca, Pfizer/BioNTech",5115352,3388071,8503423
2021-07-02,"Johnson&Johnson, Moderna, Oxford/AstraZeneca, Pfizer/BioNTech",5142072,3473772,8615844
2021-07-03,"Johnson&Johnson, Moderna, Oxford/AstraZeneca, Pfizer/BioNTech",5149140,3505219,8654359
2021-07-04,"Johnson&Johnson, Moderna, Oxford/AstraZeneca, Pfizer/BioNTech",5156682,3526977,8683659
2021-07-05,"Johnson&Johnson, Moderna, Oxford/AstraZeneca, Pfizer/BioNTech",5164027,3552287,8716314
2021-07-06,"Johnson&Johnson, Moderna, Oxford/AstraZeneca, Pfizer/BioNTech",5169418,3579853,8749271
2021-07-07,"Johnson&Johnson, Moderna, Oxford/AstraZeneca, Pfizer/BioNTech",5195195,3658712,8853907
2021-07-08,"Johnson&Johnson, Moderna, Oxford/AstraZeneca, Pfizer/BioNTech",5221774,3728927,8950701
2021-07-09,"Johnson&Johnson, Moderna, Oxford/AstraZeneca, Pfizer/BioNTech",5249671,3798086,9047757
2021-07-10,"Johnson&Johnson, Moderna, Oxford/AstraZeneca, Pfizer/BioNTech",5259002,3826645,9085647
2021-07-11,"Johnson&Johnson, Moderna, Oxford/AstraZeneca, Pfizer/BioNTech",5267518,3849487,9117005
2021-07-12,"Johnson&Johnson, Moderna, Oxford/AstraZeneca, Pfizer/BioNTech",5295045,3918494,9213539
2021-07-13,"Johnson&Johnson, Moderna, Oxford/AstraZeneca, Pfizer/BioNTech",5321234,3988272,9309506
2021-07-14,"Johnson&Johnson, Moderna, Oxford/AstraZeneca, Pfizer/BioNTech",5347069,4060161,9407230
2021-07-15,"Johnson&Johnson, Moderna, Oxford/AstraZeneca, Pfizer/BioNTech",5376261,4126072,9502333
2021-07-16,"Johnson&Johnson, Moderna, Oxford/AstraZeneca, Pfizer/BioNTech",5404185,4198672,9602857
2021-07-17,"Johnson&Johnson, Moderna, Oxford/AstraZeneca, Pfizer/BioNTech",5412934,4230050,9642984
2021-07-18,"Johnson&Johnson, Moderna, Oxford/AstraZeneca, Pfizer/BioNTech",5421368,4256008,9677376
2021-07-19,"Johnson&Johnson, Moderna, Oxford/AstraZeneca, Pfizer/BioNTech",5444700,4322944,9767644
2021-07-20,"Johnson&Johnson, Moderna, Oxford/AstraZeneca, Pfizer/BioNTech",5466079,4389890,9855969
2021-07-21,"Johnson&Johnson, Moderna, Oxford/AstraZeneca, Pfizer/BioNTech",5489516,4453236,9942752
2021-07-22,"Johnson&Johnson, Moderna, Oxford/AstraZeneca, Pfizer/BioNTech",5511849,4511757,10023606
2021-07-23,"Johnson&Johnson, Moderna, Oxford/AstraZeneca, Pfizer/BioNTech",5535015,4566387,10101402
2021-07-24,"Johnson&Johnson, Moderna, Oxford/AstraZeneca, Pfizer/BioNTech",5542312,4593988,10136300
2021-07-25,"Johnson&Johnson, Moderna, Oxford/AstraZeneca, Pfizer/BioNTech",5548909,4616062,10164971
2021-07-26,"Johnson&Johnson, Moderna, Oxford/AstraZeneca, Pfizer/BioNTech",5572406,4664618,10237024
2021-07-27,"Johnson&Johnson, Moderna, Oxford/AstraZeneca, Pfizer/BioNTech",5595110,4711147,10306257
2021-07-28,"Johnson&Johnson, Moderna, Oxford/AstraZeneca, Pfizer/BioNTech",5616328,4757018,10373346
2021-07-29,"Johnson&Johnson, Moderna, Oxford/AstraZeneca, Pfizer/BioNTech",5637608,4798865,10436473
2021-07-30,"Johnson&Johnson, Moderna, Oxford/AstraZeneca, Pfizer/BioNTech",5660866,4841314,10502180
2021-07-31,"Johnson&Johnson, Moderna, Oxford/AstraZeneca, Pfizer/BioNTech",5669781,4860801,10530582
2021-08-01,"Johnson&Johnson, Moderna, Oxford/AstraZeneca, Pfizer/BioNTech",5676491,4876925,10553416
2021-08-02,"Johnson&Johnson, Moderna, Oxford/AstraZeneca, Pfizer/BioNTech",5695087,4914393,10609480
2021-08-03,"Johnson&Johnson, Moderna, Oxford/AstraZeneca, Pfizer/BioNTech",5712692,4952412,10665104
2021-08-04,"Johnson&Johnson, Moderna, Oxford/AstraZeneca, Pfizer/BioNTech",5728754,4989057,10717811
2021-08-05,"Johnson&Johnson, Moderna, Oxford/AstraZeneca, Pfizer/BioNTech",5744748,5029429,10774177
2021-08-06,"Johnson&Johnson, Moderna, Oxford/AstraZeneca, Pfizer/BioNTech",5761499,5072601,10834100
2021-08-07,"Johnson&Johnson, Moderna, Oxford/AstraZeneca, Pfizer/BioNTech",5767071,5090717,10857788
2021-08-08,"Johnson&Johnson, Moderna, Oxford/AstraZeneca, Pfizer/BioNTech",5771419,5106438,10877857
2021-08-09,"Johnson&Johnson, Moderna, Oxford/AstraZeneca, Pfizer/BioNTech",5784040,5151417,10935457
2021-08-10,"Johnson&Johnson, Moderna, Oxford/AstraZeneca, Pfizer/BioNTech",5795844,5190908,10986752
2021-08-11,"Johnson&Johnson, Moderna, Oxford/AstraZeneca, Pfizer/BioNTech",5807182,5233972,11041154
2021-08-12,"Johnson&Johnson, Moderna, Oxford/AstraZeneca, Pfizer/BioNTech",5818572,5270968,11089540
2021-08-13,"Johnson&Johnson, Moderna, Oxford/AstraZeneca, Pfizer/BioNTech",5829246,5311206,11140452
2021-08-14,"Johnson&Johnson, Moderna, Oxford/AstraZeneca, Pfizer/BioNTech",5832581,5321870,11154451
2021-08-15,"Johnson&Johnson, Moderna, Oxford/AstraZeneca, Pfizer/BioNTech",5835156,5332220,11167376
2021-08-16,"Johnson&Johnson, Moderna, Oxford/AstraZeneca, Pfizer/BioNTech",5844920,5366207,11211127
2021-08-17,"Johnson&Johnson, Moderna, Oxford/AstraZeneca, Pfizer/BioNTech",5854483,5393240,11247723
2021-08-18,"Johnson&Johnson, Moderna, Oxford/AstraZeneca, Pfizer/BioNTech",5863836,5432039,11295875
2021-08-19,"Johnson&Johnson, Moderna, Oxford/AstraZeneca, Pfizer/BioNTech",5873460,5470322,11343782
2021-08-20,"Johnson&Johnson, Moderna, Oxford/AstraZeneca, Pfizer/BioNTech",5884785,5510440,11395225
2021-08-21,"Johnson&Johnson, Moderna, Oxford/AstraZeneca, Pfizer/BioNTech",5887488,5523168,11410656
2021-08-22,"Johnson&Johnson, Moderna, Oxford/AstraZeneca, Pfizer/BioNTech",5889822,5535114,11424936
2021-08-23,"Johnson&Johnson, Moderna, Oxford/AstraZeneca, Pfizer/BioNTech",5900328,5574292,11474620
2021-08-24,"Johnson&Johnson, Moderna, Oxford/AstraZeneca, Pfizer/BioNTech",5910175,5607477,11517652
2021-08-25,"Johnson&Johnson, Moderna, Oxford/AstraZeneca, Pfizer/BioNTech",5919002,5635773,11554775
2021-08-26,"Johnson&Johnson, Moderna, Oxford/AstraZeneca, Pfizer/BioNTech",5927418,5661826,11589244
2021-08-27,"Johnson&Johnson, Moderna, Oxford/AstraZeneca, Pfizer/BioNTech",5937717,5687712,11625429
2021-08-28,"Johnson&Johnson, Moderna, Oxford/AstraZeneca, Pfizer/BioNTech",5940429,5694725,11635154
2021-08-29,"Johnson&Johnson, Moderna, Oxford/AstraZeneca, Pfizer/BioNTech",5942831,5701336,11644167
2021-08-30,"Johnson&Johnson, Moderna, Oxford/AstraZeneca, Pfizer/BioNTech",5951323,5723144,11674467
2021-08-31,"Johnson&Johnson, Moderna, Oxford/AstraZeneca, Pfizer/BioNTech",5958955,5741172,11700127
2021-09-01,"Johnson&Johnson, Moderna, Oxford/AstraZeneca, Pfizer/BioNTech",5964813,5755110,11719923
2021-09-02,"Johnson&Johnson, Moderna, Oxford/AstraZeneca, Pfizer/BioNTech",5971587,5769436,11741023
2021-09-03,"Johnson&Johnson, Moderna, Oxford/AstraZeneca, Pfizer/BioNTech",5981033,5785066,11766099
2021-09-04,"Johnson&Johnson, Moderna, Oxford/AstraZeneca, Pfizer/BioNTech",5983079,5788593,11771672
2021-09-05,"Johnson&Johnson, Moderna, Oxford/AstraZeneca, Pfizer/BioNTech",5985104,5791419,11776523
2021-09-06,"Johnson&Johnson, Moderna, Oxford/AstraZeneca, Pfizer/BioNTech",5991241,5803891,11795132
2021-09-07,"Johnson&Johnson, Moderna, Oxford/AstraZeneca, Pfizer/BioNTech",5995582,5814941,11810523
2021-09-08,"Johnson&Johnson, Moderna, Oxford/AstraZeneca, Pfizer/BioNTech",6001181,5824746,11825927
2021-09-09,"Johnson&Johnson, Moderna, Oxford/AstraZeneca, Pfizer/BioNTech",6007811,5834779,11842590
2021-09-10,"Johnson&Johnson, Moderna, Oxford/AstraZeneca, Pfizer/BioNTech",6015412,5846920,11862332
2021-09-11,"Johnson&Johnson, Moderna, Pfizer/BioNTech",6017266,5849382,11866648
2021-09-12,"Johnson&Johnson, Moderna, Oxford/AstraZeneca, Pfizer/BioNTech",6018369,5850998,11869367
2021-09-13,"Johnson&Johnson, Moderna, Oxford/AstraZeneca, Pfizer/BioNTech",6023740,5861240,11884980
2021-09-14,"Johnson&Johnson, Moderna, Oxford/AstraZeneca, Pfizer/BioNTech",6029053,5870215,11899268
2021-09-15,"Johnson&Johnson, Moderna, Oxford/AstraZeneca, Pfizer/BioNTech",6034191,5878704,11912895
2021-09-16,"Johnson&Johnson, Moderna, Oxford/AstraZeneca, Pfizer/BioNTech",6039395,5886941,11926336
2021-09-17,"Johnson&Johnson, Moderna, Oxford/AstraZeneca, Pfizer/BioNTech",6045841,5897073,11942914
2021-09-18,"Johnson&Johnson, Moderna, Pfizer/BioNTech",6047555,5899403,11946958
2021-09-19,"Johnson&Johnson, Moderna, Oxford/AstraZeneca, Pfizer/BioNTech",6048491,5900963,11949454
2021-09-20,"Johnson&Johnson, Moderna, Oxford/AstraZeneca, Pfizer/BioNTech",6052357,5909060,11961417
2021-09-21,"Johnson&Johnson, Moderna, Oxford/AstraZeneca, Pfizer/BioNTech",6056379,5916543,11972922
2021-09-22,"Johnson&Johnson, Moderna, Oxford/AstraZeneca, Pfizer/BioNTech",6060405,5921985,11982390
2021-09-23,"Johnson&Johnson, Moderna, Oxford/AstraZeneca, Pfizer/BioNTech",6065308,5928357,11993665
2021-09-24,"Johnson&Johnson, Moderna, Oxford/AstraZeneca, Pfizer/BioNTech",6070889,5937832,12008721
2021-09-25,"Johnson&Johnson, Moderna, Oxford/AstraZeneca, Pfizer/BioNTech",6072339,5939785,12012124
2021-09-26,"Johnson&Johnson, Moderna, Pfizer/BioNTech",6073073,5941401,12014474
2021-09-27,"Johnson&Johnson, Moderna, Oxford/AstraZeneca, Pfizer/BioNTech",6076837,5947845,12024682
2021-09-28,"Johnson&Johnson, Moderna, Pfizer/BioNTech",6077154,5948431,12025585
2021-09-29,"Johnson&Johnson, Moderna, Oxford/AstraZeneca, Pfizer/BioNTech",6080815,5955781,12036596
2021-09-30,"Johnson&Johnson, Moderna, Oxford/AstraZeneca, Pfizer/BioNTech",6085154,5963366,12048520
2021-10-01,"Johnson&Johnson, Moderna, Oxford/AstraZeneca, Pfizer/BioNTech",6089167,5971168,12060335
2021-10-02,"Johnson&Johnson, Moderna, Pfizer/BioNTech",6090204,5972692,12062896
2021-10-03,"Johnson&Johnson, Moderna, Pfizer/BioNTech",6090902,5973550,12064452
2021-10-04,"Johnson&Johnson, Moderna, Oxford/AstraZeneca, Pfizer/BioNTech",6093829,5979020,12072849
2021-10-05,"Johnson&Johnson, Moderna, Oxford/AstraZeneca, Pfizer/BioNTech",6096695,5983892,12080587
2021-10-06,"Johnson&Johnson, Moderna, Oxford/AstraZeneca, Pfizer/BioNTech",6100045,5988916,12088961
2021-10-07,"Johnson&Johnson, Moderna, Oxford/AstraZeneca, Pfizer/BioNTech",6103128,5994019,12097147
2021-10-08,"Johnson&Johnson, Moderna, Oxford/AstraZeneca, Pfizer/BioNTech",6107747,6000532,12108279
2021-10-09,"Johnson&Johnson, Moderna, Pfizer/BioNTech",6108969,6002161,12111130
2021-10-10,"Johnson&Johnson, Moderna, Pfizer/BioNTech",6109883,6002986,12112869
2021-10-11,"Johnson&Johnson, Moderna, Oxford/AstraZeneca, Pfizer/BioNTech",6112715,6007277,12119992
2021-10-12,"Johnson&Johnson, Moderna, Oxford/AstraZeneca, Pfizer/BioNTech",6115303,6011026,12126329
2021-10-13,"Johnson&Johnson, Moderna, Oxford/AstraZeneca, Pfizer/BioNTech",6118541,6014933,12133474
2021-10-14,"Johnson&Johnson, Moderna, Oxford/AstraZeneca, Pfizer/BioNTech",6121933,6019670,12141603
2021-10-15,"Johnson&Johnson, Moderna, Oxford/AstraZeneca, Pfizer/BioNTech",6126309,6025108,12151417
