date,vaccine,people_vaccinated,people_fully_vaccinated,total_vaccinations
2020-12-27,Pfizer/BioNTech,1281,0,1281
2020-12-28,Pfizer/BioNTech,3586,0,3586
2020-12-29,Pfizer/BioNTech,7051,0,7051
2020-12-30,Pfizer/BioNTech,10563,0,10563
2020-12-31,Pfizer/BioNTech,11867,0,11867
2021-01-01,"Moderna, Pfizer/BioNTech",12136,0,12136
2021-01-02,Pfizer/BioNTech,13411,0,13411
2021-01-03,Pfizer/BioNTech,14333,0,14333
2021-01-04,"Moderna, Pfizer/BioNTech",17940,0,17940
2021-01-05,"Moderna, Pfizer/BioNTech",22451,0,22451
2021-01-06,"Moderna, Pfizer/BioNTech",28287,1,28288
2021-01-07,"Moderna, Pfizer/BioNTech",36269,1,36270
2021-01-08,"Moderna, Pfizer/BioNTech",46308,1,46309
2021-01-09,"Moderna, Pfizer/BioNTech",48324,2,48326
2021-01-10,Pfizer/BioNTech,50074,4,50078
2021-01-11,Pfizer/BioNTech,59919,6,59925
2021-01-12,"Moderna, Pfizer/BioNTech",73365,8,73373
2021-01-13,Pfizer/BioNTech,86882,8,86890
2021-01-14,"Moderna, Pfizer/BioNTech",102091,12,102103
2021-01-15,"Moderna, Pfizer/BioNTech",116092,12,116104
2021-01-16,"Moderna, Pfizer/BioNTech",119476,15,119491
2021-01-17,"Moderna, Pfizer/BioNTech",122088,654,122742
2021-01-18,"Moderna, Pfizer/BioNTech",134563,2479,137042
2021-01-19,"Moderna, Pfizer/BioNTech",147155,5201,152356
2021-01-20,"Moderna, Pfizer/BioNTech",160822,7854,168676
2021-01-21,"Moderna, Pfizer/BioNTech",176464,9594,186058
2021-01-22,"Moderna, Pfizer/BioNTech",191323,10638,201961
2021-01-23,"Moderna, Pfizer/BioNTech",194638,11516,206154
2021-01-24,"Moderna, Pfizer/BioNTech",196891,12384,209275
2021-01-25,"Moderna, Pfizer/BioNTech",206525,15356,221881
2021-01-26,"Moderna, Pfizer/BioNTech",217058,19342,236400
2021-01-27,"Moderna, Pfizer/BioNTech",226082,23875,249957
2021-01-28,"Moderna, Pfizer/BioNTech",233173,29998,263171
2021-01-29,"Moderna, Pfizer/BioNTech",239377,37898,277275
2021-01-30,"Moderna, Pfizer/BioNTech",240111,38986,279097
2021-01-31,"Moderna, Pfizer/BioNTech",240822,40167,280989
2021-02-01,"Moderna, Pfizer/BioNTech",244797,48116,292913
2021-02-02,"Moderna, Pfizer/BioNTech",248930,58346,307276
2021-02-03,"Moderna, Pfizer/BioNTech",253343,69342,322685
2021-02-04,"Moderna, Pfizer/BioNTech",258237,82316,340553
2021-02-05,"Moderna, Pfizer/BioNTech",263692,92981,356673
2021-02-06,"Moderna, Oxford/AstraZeneca, Pfizer/BioNTech",264539,95338,359877
2021-02-07,"Moderna, Pfizer/BioNTech",265385,97834,363219
2021-02-08,"Moderna, Oxford/AstraZeneca, Pfizer/BioNTech",269455,109247,378702
2021-02-09,"Moderna, Oxford/AstraZeneca, Pfizer/BioNTech",274542,121129,395671
2021-02-10,"Moderna, Oxford/AstraZeneca, Pfizer/BioNTech",280043,134360,414403
2021-02-11,"Moderna, Oxford/AstraZeneca, Pfizer/BioNTech",286361,150560,436921
2021-02-12,"Moderna, Oxford/AstraZeneca, Pfizer/BioNTech",293119,165275,458394
2021-02-13,"Moderna, Oxford/AstraZeneca, Pfizer/BioNTech",294722,168253,462975
2021-02-14,"Moderna, Oxford/AstraZeneca, Pfizer/BioNTech",295721,169635,465356
2021-02-15,"Moderna, Oxford/AstraZeneca, Pfizer/BioNTech",302119,178984,481103
2021-02-16,"Moderna, Oxford/AstraZeneca, Pfizer/BioNTech",310833,188053,498886
2021-02-17,"Moderna, Oxford/AstraZeneca, Pfizer/BioNTech",320528,196353,516881
2021-02-18,"Moderna, Oxford/AstraZeneca, Pfizer/BioNTech",332839,204414,537253
2021-02-19,"Moderna, Oxford/AstraZeneca, Pfizer/BioNTech",344684,211756,556440
2021-02-20,"Moderna, Oxford/AstraZeneca, Pfizer/BioNTech",346676,212936,559612
2021-02-21,"Moderna, Oxford/AstraZeneca, Pfizer/BioNTech",347802,213955,561757
2021-02-22,"Moderna, Oxford/AstraZeneca, Pfizer/BioNTech",357912,219975,577887
2021-02-23,"Moderna, Oxford/AstraZeneca, Pfizer/BioNTech",370848,226940,597788
2021-02-24,"Moderna, Oxford/AstraZeneca, Pfizer/BioNTech",384714,232970,617684
2021-02-25,"Moderna, Oxford/AstraZeneca, Pfizer/BioNTech",402675,238513,641188
2021-02-26,"Moderna, Oxford/AstraZeneca, Pfizer/BioNTech",418828,243847,662675
2021-02-27,"Moderna, Oxford/AstraZeneca, Pfizer/BioNTech",421831,244402,666233
2021-02-28,"Moderna, Oxford/AstraZeneca, Pfizer/BioNTech",424173,244949,669122
2021-03-01,"Moderna, Oxford/AstraZeneca, Pfizer/BioNTech",443742,248389,692131
2021-03-02,"Moderna, Oxford/AstraZeneca, Pfizer/BioNTech",470948,251927,722875
2021-03-03,"Moderna, Oxford/AstraZeneca, Pfizer/BioNTech",501794,256424,758218
2021-03-04,"Moderna, Oxford/AstraZeneca, Pfizer/BioNTech",535031,261099,796130
2021-03-05,"Johnson&Johnson, Moderna, Oxford/AstraZeneca, Pfizer/BioNTech",563828,266505,830333
2021-03-06,"Johnson&Johnson, Moderna, Oxford/AstraZeneca, Pfizer/BioNTech",575965,267357,843322
2021-03-07,"Johnson&Johnson, Moderna, Oxford/AstraZeneca, Pfizer/BioNTech",587493,268194,855687
2021-03-08,"Johnson&Johnson, Moderna, Oxford/AstraZeneca, Pfizer/BioNTech",617197,273036,890233
2021-03-09,"Johnson&Johnson, Moderna, Oxford/AstraZeneca, Pfizer/BioNTech",653531,279408,932939
2021-03-10,"Moderna, Oxford/AstraZeneca, Pfizer/BioNTech",694807,286349,981156
2021-03-11,"Johnson&Johnson, Moderna, Oxford/AstraZeneca, Pfizer/BioNTech",739601,294711,1034312
2021-03-12,"Johnson&Johnson, Moderna, Oxford/AstraZeneca, Pfizer/BioNTech",778375,303166,1081541
2021-03-13,"Johnson&Johnson, Moderna, Oxford/AstraZeneca, Pfizer/BioNTech",795438,304467,1099905
2021-03-14,"Moderna, Oxford/AstraZeneca, Pfizer/BioNTech",807538,305613,1113151
2021-03-15,"Moderna, Oxford/AstraZeneca, Pfizer/BioNTech",835901,314377,1150278
2021-03-16,"Johnson&Johnson, Moderna, Oxford/AstraZeneca, Pfizer/BioNTech",874770,324899,1199669
2021-03-17,"Moderna, Oxford/AstraZeneca, Pfizer/BioNTech",912219,335393,1247612
2021-03-18,"Johnson&Johnson, Moderna, Oxford/AstraZeneca, Pfizer/BioNTech",950162,347794,1297956
2021-03-19,"Moderna, Oxford/AstraZeneca, Pfizer/BioNTech",984611,361388,1345999
2021-03-20,"Johnson&Johnson, Moderna, Oxford/AstraZeneca, Pfizer/BioNTech",999733,363402,1363135
2021-03-21,"Johnson&Johnson, Moderna, Oxford/AstraZeneca, Pfizer/BioNTech",1007138,364951,1372089
2021-03-22,"Johnson&Johnson, Moderna, Oxford/AstraZeneca, Pfizer/BioNTech",1031656,377448,1409104
2021-03-23,"Johnson&Johnson, Moderna, Oxford/AstraZeneca, Pfizer/BioNTech",1058266,390792,1449058
2021-03-24,"Johnson&Johnson, Moderna, Oxford/AstraZeneca, Pfizer/BioNTech",1085093,406511,1491604
2021-03-25,"Moderna, Oxford/AstraZeneca, Pfizer/BioNTech",1111393,424344,1535737
2021-03-26,"Johnson&Johnson, Moderna, Oxford/AstraZeneca, Pfizer/BioNTech",1136177,441828,1578005
2021-03-27,"Johnson&Johnson, Moderna, Oxford/AstraZeneca, Pfizer/BioNTech",1144594,446670,1591264
2021-03-28,"Moderna, Oxford/AstraZeneca, Pfizer/BioNTech",1150125,450808,1600933
2021-03-29,"Johnson&Johnson, Moderna, Oxford/AstraZeneca, Pfizer/BioNTech",1169230,471516,1640746
2021-03-30,"Johnson&Johnson, Moderna, Oxford/AstraZeneca, Pfizer/BioNTech",1193907,493682,1687589
2021-03-31,"Johnson&Johnson, Moderna, Oxford/AstraZeneca, Pfizer/BioNTech",1216979,520720,1737699
2021-04-01,"Johnson&Johnson, Moderna, Oxford/AstraZeneca, Pfizer/BioNTech",1242571,552758,1795329
2021-04-02,"Johnson&Johnson, Moderna, Oxford/AstraZeneca, Pfizer/BioNTech",1249471,565540,1815011
2021-04-03,"Johnson&Johnson, Moderna, Oxford/AstraZeneca, Pfizer/BioNTech",1253073,576453,1829526
2021-04-04,"Johnson&Johnson, Moderna, Oxford/AstraZeneca, Pfizer/BioNTech",1255568,585360,1840928
2021-04-05,"Johnson&Johnson, Moderna, Oxford/AstraZeneca, Pfizer/BioNTech",1257945,592534,1850479
2021-04-06,"Johnson&Johnson, Moderna, Oxford/AstraZeneca, Pfizer/BioNTech",1274050,621764,1895814
2021-04-07,"Johnson&Johnson, Moderna, Oxford/AstraZeneca, Pfizer/BioNTech",1297433,643979,1941412
2021-04-08,"Johnson&Johnson, Moderna, Oxford/AstraZeneca, Pfizer/BioNTech",1336085,674980,2011065
2021-04-09,"Johnson&Johnson, Moderna, Oxford/AstraZeneca, Pfizer/BioNTech",1375587,705147,2080734
2021-04-10,"Johnson&Johnson, Moderna, Oxford/AstraZeneca, Pfizer/BioNTech",1391046,720432,2111478
2021-04-11,"Johnson&Johnson, Moderna, Oxford/AstraZeneca, Pfizer/BioNTech",1400804,730461,2131265
2021-04-12,"Johnson&Johnson, Moderna, Oxford/AstraZeneca, Pfizer/BioNTech",1439028,755575,2194603
2021-04-13,"Moderna, Oxford/AstraZeneca, Pfizer/BioNTech",1475248,781595,2256843
2021-04-14,"Moderna, Oxford/AstraZeneca, Pfizer/BioNTech",1514024,808935,2322959
2021-04-15,"Moderna, Oxford/AstraZeneca, Pfizer/BioNTech",1561781,834631,2396412
2021-04-16,"Moderna, Oxford/AstraZeneca, Pfizer/BioNTech",1606403,860249,2466652
2021-04-17,"Moderna, Oxford/AstraZeneca, Pfizer/BioNTech",1623068,869267,2492335
2021-04-18,"Moderna, Oxford/AstraZeneca, Pfizer/BioNTech",1636038,874248,2510286
2021-04-19,"Moderna, Oxford/AstraZeneca, Pfizer/BioNTech",1680014,889695,2569709
2021-04-20,"Johnson&Johnson, Moderna, Oxford/AstraZeneca, Pfizer/BioNTech",1722538,905548,2628086
2021-04-21,"Moderna, Oxford/AstraZeneca, Pfizer/BioNTech",1770237,919880,2690117
2021-04-22,"Johnson&Johnson, Moderna, Oxford/AstraZeneca, Pfizer/BioNTech",1824705,937246,2761951
2021-04-23,"Johnson&Johnson, Moderna, Oxford/AstraZeneca, Pfizer/BioNTech",1874631,949281,2823912
2021-04-24,"Johnson&Johnson, Moderna, Oxford/AstraZeneca, Pfizer/BioNTech",1892446,954516,2846962
2021-04-25,"Johnson&Johnson, Moderna, Oxford/AstraZeneca, Pfizer/BioNTech",1907117,958502,2865619
2021-04-26,"Johnson&Johnson, Moderna, Oxford/AstraZeneca, Pfizer/BioNTech",1956673,966038,2922711
2021-04-27,"Johnson&Johnson, Moderna, Oxford/AstraZeneca, Pfizer/BioNTech",2005634,978245,2983879
2021-04-28,"Johnson&Johnson, Moderna, Oxford/AstraZeneca, Pfizer/BioNTech",2064363,992217,3056580
2021-04-29,"Johnson&Johnson, Moderna, Oxford/AstraZeneca, Pfizer/BioNTech",2129896,1008074,3137970
2021-04-30,"Johnson&Johnson, Moderna, Oxford/AstraZeneca, Pfizer/BioNTech",2192087,1018010,3210097
2021-05-01,"Johnson&Johnson, Moderna, Oxford/AstraZeneca, Pfizer/BioNTech",2211386,1021435,3232821
2021-05-02,"Johnson&Johnson, Moderna, Oxford/AstraZeneca, Pfizer/BioNTech",2230286,1023692,3253978
2021-05-03,"Johnson&Johnson, Moderna, Oxford/AstraZeneca, Pfizer/BioNTech",2297505,1028739,3326244
2021-05-04,"Johnson&Johnson, Moderna, Oxford/AstraZeneca, Pfizer/BioNTech",2363965,1037038,3401003
2021-05-05,"Johnson&Johnson, Moderna, Oxford/AstraZeneca, Pfizer/BioNTech",2437099,1046413,3483512
2021-05-06,"Johnson&Johnson, Moderna, Oxford/AstraZeneca, Pfizer/BioNTech",2517467,1057098,3574565
2021-05-07,"Johnson&Johnson, Moderna, Oxford/AstraZeneca, Pfizer/BioNTech",2594689,1067129,3661818
2021-05-08,"Johnson&Johnson, Moderna, Oxford/AstraZeneca, Pfizer/BioNTech",2624095,1068872,3692967
2021-05-09,"Johnson&Johnson, Moderna, Oxford/AstraZeneca, Pfizer/BioNTech",2648267,1070064,3718331
2021-05-10,"Johnson&Johnson, Moderna, Oxford/AstraZeneca, Pfizer/BioNTech",2720999,1077263,3798262
2021-05-11,"Johnson&Johnson, Moderna, Oxford/AstraZeneca, Pfizer/BioNTech",2797073,1086042,3883115
2021-05-12,"Johnson&Johnson, Moderna, Oxford/AstraZeneca, Pfizer/BioNTech",2876896,1095098,3971994
2021-05-13,"Johnson&Johnson, Moderna, Oxford/AstraZeneca, Pfizer/BioNTech",2960887,1104228,4065115
2021-05-14,"Johnson&Johnson, Moderna, Oxford/AstraZeneca, Pfizer/BioNTech",3040287,1111964,4152251
2021-05-15,"Johnson&Johnson, Moderna, Oxford/AstraZeneca, Pfizer/BioNTech",3072132,1114167,4186299
2021-05-16,"Johnson&Johnson, Moderna, Oxford/AstraZeneca, Pfizer/BioNTech",3097875,1115411,4213286
2021-05-17,"Johnson&Johnson, Moderna, Oxford/AstraZeneca, Pfizer/BioNTech",3170351,1122094,4292445
2021-05-18,"Johnson&Johnson, Moderna, Oxford/AstraZeneca, Pfizer/BioNTech",3242252,1135097,4377349
2021-05-19,"Johnson&Johnson, Moderna, Oxford/AstraZeneca, Pfizer/BioNTech",3319682,1150195,4469877
2021-05-20,"Johnson&Johnson, Moderna, Oxford/AstraZeneca, Pfizer/BioNTech",3395082,1177167,4572249
2021-05-21,"Johnson&Johnson, Moderna, Oxford/AstraZeneca, Pfizer/BioNTech",3463816,1204858,4668674
2021-05-22,"Johnson&Johnson, Moderna, Oxford/AstraZeneca, Pfizer/BioNTech",3496154,1215998,4712152
2021-05-23,"Johnson&Johnson, Moderna, Oxford/AstraZeneca, Pfizer/BioNTech",3518469,1225007,4743476
2021-05-24,"Johnson&Johnson, Moderna, Oxford/AstraZeneca, Pfizer/BioNTech",3565583,1258612,4824195
2021-05-25,"Johnson&Johnson, Moderna, Oxford/AstraZeneca, Pfizer/BioNTech",3617415,1294366,4911781
2021-05-26,"Johnson&Johnson, Moderna, Oxford/AstraZeneca, Pfizer/BioNTech",3685142,1331843,5016985
2021-05-27,"Johnson&Johnson, Moderna, Oxford/AstraZeneca, Pfizer/BioNTech",3746510,1379114,5125624
2021-05-28,"Johnson&Johnson, Moderna, Oxford/AstraZeneca, Pfizer/BioNTech",3808178,1425611,5233789
2021-05-29,"Johnson&Johnson, Moderna, Oxford/AstraZeneca, Pfizer/BioNTech",3837330,1442683,5280013
2021-05-30,"Johnson&Johnson, Moderna, Oxford/AstraZeneca, Pfizer/BioNTech",3859671,1457091,5316762
2021-05-31,"Johnson&Johnson, Moderna, Oxford/AstraZeneca, Pfizer/BioNTech",3915389,1504604,5419993
2021-06-01,"Johnson&Johnson, Moderna, Oxford/AstraZeneca, Pfizer/BioNTech",3974400,1553390,5527790
2021-06-02,"Johnson&Johnson, Moderna, Oxford/AstraZeneca, Pfizer/BioNTech",4037266,1607298,5644564
2021-06-03,"Johnson&Johnson, Moderna, Oxford/AstraZeneca, Pfizer/BioNTech",4095476,1667453,5762929
2021-06-04,"Johnson&Johnson, Moderna, Oxford/AstraZeneca, Pfizer/BioNTech",4158545,1724773,5883318
2021-06-05,"Johnson&Johnson, Moderna, Oxford/AstraZeneca, Pfizer/BioNTech",4192671,1743552,5936223
2021-06-06,"Johnson&Johnson, Moderna, Oxford/AstraZeneca, Pfizer/BioNTech",4219572,1758646,5978218
2021-06-07,"Johnson&Johnson, Moderna, Oxford/AstraZeneca, Pfizer/BioNTech",4283239,1814221,6097460
2021-06-08,"Johnson&Johnson, Moderna, Oxford/AstraZeneca, Pfizer/BioNTech",4347205,1869135,6216340
2021-06-09,"Johnson&Johnson, Moderna, Oxford/AstraZeneca, Pfizer/BioNTech",4406386,1933516,6339902
2021-06-10,"Johnson&Johnson, Moderna, Oxford/AstraZeneca, Pfizer/BioNTech",4460265,2004558,6464823
2021-06-11,"Johnson&Johnson, Moderna, Oxford/AstraZeneca, Pfizer/BioNTech",4512358,2074216,6586574
2021-06-12,"Johnson&Johnson, Moderna, Oxford/AstraZeneca, Pfizer/BioNTech",4544339,2094945,6639284
2021-06-13,"Johnson&Johnson, Moderna, Oxford/AstraZeneca, Pfizer/BioNTech",4568340,2113305,6681645
2021-06-14,"Johnson&Johnson, Moderna, Oxford/AstraZeneca, Pfizer/BioNTech",4611403,2187606,6799009
2021-06-15,"Johnson&Johnson, Moderna, Oxford/AstraZeneca, Pfizer/BioNTech",4656042,2259861,6915903
2021-06-16,"Johnson&Johnson, Moderna, Oxford/AstraZeneca, Pfizer/BioNTech",4698763,2337995,7036758
2021-06-17,"Johnson&Johnson, Moderna, Oxford/AstraZeneca, Pfizer/BioNTech",4738130,2420969,7159099
2021-06-18,"Johnson&Johnson, Moderna, Oxford/AstraZeneca, Pfizer/BioNTech",4780510,2501384,7281894
2021-06-19,"Johnson&Johnson, Moderna, Oxford/AstraZeneca, Pfizer/BioNTech",4802249,2530599,7332848
2021-06-20,"Johnson&Johnson, Moderna, Oxford/AstraZeneca, Pfizer/BioNTech",4819603,2554367,7373970
2021-06-21,"Johnson&Johnson, Moderna, Oxford/AstraZeneca, Pfizer/BioNTech",4852100,2632849,7484949
2021-06-22,"Johnson&Johnson, Moderna, Oxford/AstraZeneca, Pfizer/BioNTech",4885055,2715012,7600067
2021-06-23,"Johnson&Johnson, Moderna, Oxford/AstraZeneca, Pfizer/BioNTech",4916696,2800141,7716837
2021-06-24,"Johnson&Johnson, Moderna, Oxford/AstraZeneca, Pfizer/BioNTech",4946529,2890079,7836608
2021-06-25,"Johnson&Johnson, Moderna, Oxford/AstraZeneca, Pfizer/BioNTech",4977567,2976120,7953687
2021-06-26,"Johnson&Johnson, Moderna, Oxford/AstraZeneca, Pfizer/BioNTech",4993418,3010862,8004280
2021-06-27,"Johnson&Johnson, Moderna, Oxford/AstraZeneca, Pfizer/BioNTech",5007351,3037453,8044804
2021-06-28,"Johnson&Johnson, Moderna, Oxford/AstraZeneca, Pfizer/BioNTech",5035759,3122536,8158295
2021-06-29,"Johnson&Johnson, Moderna, Oxford/AstraZeneca, Pfizer/BioNTech",5065019,3208909,8273928
2021-06-30,"Johnson&Johnson, Moderna, Oxford/AstraZeneca, Pfizer/BioNTech",5092504,3299767,8392271
2021-07-01,"Johnson&Johnson, Moderna, Oxford/AstraZeneca, Pfizer/BioNTech",5116471,3389709,8506180
2021-07-02,"Johnson&Johnson, Moderna, Oxford/AstraZeneca, Pfizer/BioNTech",5143178,3475439,8618617
2021-07-03,"Johnson&Johnson, Moderna, Oxford/AstraZeneca, Pfizer/BioNTech",5150249,3506895,8657144
2021-07-04,"Johnson&Johnson, Moderna, Oxford/AstraZeneca, Pfizer/BioNTech",5157795,3528658,8686453
2021-07-05,"Johnson&Johnson, Moderna, Oxford/AstraZeneca, Pfizer/BioNTech",5165142,3553976,8719118
2021-07-06,"Johnson&Johnson, Moderna, Oxford/AstraZeneca, Pfizer/BioNTech",5170538,3581555,8752093
2021-07-07,"Johnson&Johnson, Moderna, Oxford/AstraZeneca, Pfizer/BioNTech",5196310,3660433,8856743
2021-07-08,"Johnson&Johnson, Moderna, Oxford/AstraZeneca, Pfizer/BioNTech",5222899,3730665,8953564
2021-07-09,"Johnson&Johnson, Moderna, Oxford/AstraZeneca, Pfizer/BioNTech",5250793,3799844,9050637
2021-07-10,"Johnson&Johnson, Moderna, Oxford/AstraZeneca, Pfizer/BioNTech",5260130,3828410,9088540
2021-07-11,"Johnson&Johnson, Moderna, Oxford/AstraZeneca, Pfizer/BioNTech",5268645,3851260,9119905
2021-07-12,"Johnson&Johnson, Moderna, Oxford/AstraZeneca, Pfizer/BioNTech",5296160,3920284,9216444
2021-07-13,"Johnson&Johnson, Moderna, Oxford/AstraZeneca, Pfizer/BioNTech",5322325,3990070,9312395
2021-07-14,"Johnson&Johnson, Moderna, Oxford/AstraZeneca, Pfizer/BioNTech",5348124,4061973,9410097
2021-07-15,"Johnson&Johnson, Moderna, Oxford/AstraZeneca, Pfizer/BioNTech",5377283,4127892,9505175
2021-07-16,"Johnson&Johnson, Moderna, Oxford/AstraZeneca, Pfizer/BioNTech",5405177,4200507,9605684
2021-07-17,"Johnson&Johnson, Moderna, Oxford/AstraZeneca, Pfizer/BioNTech",5413931,4231891,9645822
2021-07-18,"Johnson&Johnson, Moderna, Oxford/AstraZeneca, Pfizer/BioNTech",5422363,4257852,9680215
2021-07-19,"Johnson&Johnson, Moderna, Oxford/AstraZeneca, Pfizer/BioNTech",5445697,4324801,9770498
2021-07-20,"Johnson&Johnson, Moderna, Oxford/AstraZeneca, Pfizer/BioNTech",5467073,4391764,9858837
2021-07-21,"Johnson&Johnson, Moderna, Oxford/AstraZeneca, Pfizer/BioNTech",5490516,4455133,9945649
2021-07-22,"Johnson&Johnson, Moderna, Oxford/AstraZeneca, Pfizer/BioNTech",5512855,4513671,10026526
2021-07-23,"Johnson&Johnson, Moderna, Oxford/AstraZeneca, Pfizer/BioNTech",5536028,4568317,10104345
2021-07-24,"Johnson&Johnson, Moderna, Oxford/AstraZeneca, Pfizer/BioNTech",5543330,4595922,10139252
2021-07-25,"Johnson&Johnson, Moderna, Oxford/AstraZeneca, Pfizer/BioNTech",5549930,4618006,10167936
2021-07-26,"Johnson&Johnson, Moderna, Oxford/AstraZeneca, Pfizer/BioNTech",5573441,4666576,10240017
2021-07-27,"Johnson&Johnson, Moderna, Oxford/AstraZeneca, Pfizer/BioNTech",5596157,4713118,10309275
2021-07-28,"Johnson&Johnson, Moderna, Oxford/AstraZeneca, Pfizer/BioNTech",5617383,4759006,10376389
2021-07-29,"Johnson&Johnson, Moderna, Oxford/AstraZeneca, Pfizer/BioNTech",5638683,4800864,10439547
2021-07-30,"Johnson&Johnson, Moderna, Oxford/AstraZeneca, Pfizer/BioNTech",5661940,4843326,10505266
2021-07-31,"Johnson&Johnson, Moderna, Oxford/AstraZeneca, Pfizer/BioNTech",5670853,4862820,10533673
2021-08-01,"Johnson&Johnson, Moderna, Oxford/AstraZeneca, Pfizer/BioNTech",5677562,4878949,10556511
2021-08-02,"Johnson&Johnson, Moderna, Oxford/AstraZeneca, Pfizer/BioNTech",5696171,4916426,10612597
2021-08-03,"Johnson&Johnson, Moderna, Oxford/AstraZeneca, Pfizer/BioNTech",5713788,4954450,10668238
2021-08-04,"Johnson&Johnson, Moderna, Oxford/AstraZeneca, Pfizer/BioNTech",5729861,4991097,10720958
2021-08-05,"Johnson&Johnson, Moderna, Oxford/AstraZeneca, Pfizer/BioNTech",5745865,5031484,10777349
2021-08-06,"Johnson&Johnson, Moderna, Oxford/AstraZeneca, Pfizer/BioNTech",5762630,5074682,10837312
2021-08-07,"Johnson&Johnson, Moderna, Oxford/AstraZeneca, Pfizer/BioNTech",5768211,5092805,10861016
2021-08-08,"Johnson&Johnson, Moderna, Oxford/AstraZeneca, Pfizer/BioNTech",5772557,5108525,10881082
2021-08-09,"Johnson&Johnson, Moderna, Oxford/AstraZeneca, Pfizer/BioNTech",5785186,5153516,10938702
2021-08-10,"Johnson&Johnson, Moderna, Oxford/AstraZeneca, Pfizer/BioNTech",5797003,5193021,10990024
2021-08-11,"Johnson&Johnson, Moderna, Oxford/AstraZeneca, Pfizer/BioNTech",5808348,5236094,11044442
2021-08-12,"Johnson&Johnson, Moderna, Oxford/AstraZeneca, Pfizer/BioNTech",5819745,5273159,11092904
2021-08-13,"Johnson&Johnson, Moderna, Oxford/AstraZeneca, Pfizer/BioNTech",5830428,5313418,11143846
2021-08-14,"Johnson&Johnson, Moderna, Oxford/AstraZeneca, Pfizer/BioNTech",5833762,5324093,11157855
2021-08-15,"Johnson&Johnson, Moderna, Oxford/AstraZeneca, Pfizer/BioNTech",5836335,5334445,11170780
2021-08-16,"Johnson&Johnson, Moderna, Oxford/AstraZeneca, Pfizer/BioNTech",5846102,5368452,11214554
2021-08-17,"Johnson&Johnson, Moderna, Oxford/AstraZeneca, Pfizer/BioNTech",5855684,5395498,11251182
2021-08-18,"Johnson&Johnson, Moderna, Oxford/AstraZeneca, Pfizer/BioNTech",5865048,5434316,11299364
2021-08-19,"Johnson&Johnson, Moderna, Oxford/AstraZeneca, Pfizer/BioNTech",5874706,5472619,11347325
2021-08-20,"Johnson&Johnson, Moderna, Oxford/AstraZeneca, Pfizer/BioNTech",5886040,5512763,11398803
2021-08-21,"Johnson&Johnson, Moderna, Oxford/AstraZeneca, Pfizer/BioNTech",5888749,5525492,11414241
2021-08-22,"Johnson&Johnson, Moderna, Oxford/AstraZeneca, Pfizer/BioNTech",5891085,5537441,11428526
2021-08-23,"Johnson&Johnson, Moderna, Oxford/AstraZeneca, Pfizer/BioNTech",5901607,5576637,11478244
2021-08-24,"Johnson&Johnson, Moderna, Oxford/AstraZeneca, Pfizer/BioNTech",5911463,5609838,11521301
2021-08-25,"Johnson&Johnson, Moderna, Oxford/AstraZeneca, Pfizer/BioNTech",5920315,5638157,11558472
2021-08-26,"Johnson&Johnson, Moderna, Oxford/AstraZeneca, Pfizer/BioNTech",5928747,5664241,11592988
2021-08-27,"Johnson&Johnson, Moderna, Oxford/AstraZeneca, Pfizer/BioNTech",5939052,5690145,11629197
2021-08-28,"Johnson&Johnson, Moderna, Oxford/AstraZeneca, Pfizer/BioNTech",5941765,5697167,11638932
2021-08-29,"Johnson&Johnson, Moderna, Oxford/AstraZeneca, Pfizer/BioNTech",5944166,5703772,11647938
2021-08-30,"Johnson&Johnson, Moderna, Oxford/AstraZeneca, Pfizer/BioNTech",5952673,5725596,11678269
2021-08-31,"Johnson&Johnson, Moderna, Oxford/AstraZeneca, Pfizer/BioNTech",5960320,5743639,11703959
2021-09-01,"Johnson&Johnson, Moderna, Oxford/AstraZeneca, Pfizer/BioNTech",5966196,5757602,11723798
2021-09-02,"Johnson&Johnson, Moderna, Oxford/AstraZeneca, Pfizer/BioNTech",5972992,5771943,11744935
2021-09-03,"Johnson&Johnson, Moderna, Oxford/AstraZeneca, Pfizer/BioNTech",5982525,5787596,11770121
2021-09-04,"Johnson&Johnson, Moderna, Oxford/AstraZeneca, Pfizer/BioNTech",5984580,5791137,11775717
2021-09-05,"Johnson&Johnson, Moderna, Oxford/AstraZeneca, Pfizer/BioNTech",5986610,5793964,11780574
2021-09-06,"Johnson&Johnson, Moderna, Oxford/AstraZeneca, Pfizer/BioNTech",5992781,5806452,11799233
2021-09-07,"Johnson&Johnson, Moderna, Oxford/AstraZeneca, Pfizer/BioNTech",5997133,5817525,11814658
2021-09-08,"Johnson&Johnson, Moderna, Oxford/AstraZeneca, Pfizer/BioNTech",6002778,5827345,11830123
2021-09-09,"Johnson&Johnson, Moderna, Oxford/AstraZeneca, Pfizer/BioNTech",6009422,5837390,11846812
2021-09-10,"Johnson&Johnson, Moderna, Oxford/AstraZeneca, Pfizer/BioNTech",6017068,5849538,11866606
2021-09-11,"Johnson&Johnson, Moderna, Oxford/AstraZeneca, Pfizer/BioNTech",6018923,5852006,11870929
2021-09-12,"Johnson&Johnson, Moderna, Oxford/AstraZeneca, Pfizer/BioNTech",6020035,5853624,11873659
2021-09-13,"Johnson&Johnson, Moderna, Oxford/AstraZeneca, Pfizer/BioNTech",6025450,5863871,11889321
2021-09-14,"Johnson&Johnson, Moderna, Oxford/AstraZeneca, Pfizer/BioNTech",6030818,5872863,11903681
2021-09-15,"Johnson&Johnson, Moderna, Oxford/AstraZeneca, Pfizer/BioNTech",6036000,5881370,11917370
2021-09-16,"Johnson&Johnson, Moderna, Oxford/AstraZeneca, Pfizer/BioNTech",6041283,5889619,11930902
2021-09-17,"Johnson&Johnson, Moderna, Oxford/AstraZeneca, Pfizer/BioNTech",6047824,5899812,11947636
2021-09-18,"Johnson&Johnson, Moderna, Oxford/AstraZeneca, Pfizer/BioNTech",6049546,5902157,11951703
2021-09-19,"Johnson&Johnson, Moderna, Oxford/AstraZeneca, Pfizer/BioNTech",6050484,5903718,11954202
2021-09-20,"Johnson&Johnson, Moderna, Oxford/AstraZeneca, Pfizer/BioNTech",6054473,5911897,11966370
2021-09-21,"Johnson&Johnson, Moderna, Oxford/AstraZeneca, Pfizer/BioNTech",6058597,5919412,11978009
2021-09-22,"Johnson&Johnson, Moderna, Oxford/AstraZeneca, Pfizer/BioNTech",6062757,5924916,11987673
2021-09-23,"Johnson&Johnson, Moderna, Oxford/AstraZeneca, Pfizer/BioNTech",6067721,5931310,11999031
2021-09-24,"Johnson&Johnson, Moderna, Oxford/AstraZeneca, Pfizer/BioNTech",6073461,5940912,12014373
2021-09-25,"Johnson&Johnson, Moderna, Pfizer/BioNTech",6074950,5942891,12017841
2021-09-26,"Johnson&Johnson, Moderna, Pfizer/BioNTech",6075688,5944514,12020202
2021-09-27,"Johnson&Johnson, Moderna, Oxford/AstraZeneca, Pfizer/BioNTech",6079543,5950986,12030529
2021-09-28,"Johnson&Johnson, Moderna, Pfizer/BioNTech",6079897,5951583,12031480
2021-09-29,"Johnson&Johnson, Moderna, Oxford/AstraZeneca, Pfizer/BioNTech",6083658,5959009,12042667
2021-09-30,"Johnson&Johnson, Moderna, Oxford/AstraZeneca, Pfizer/BioNTech",6088084,5966668,12054752
2021-10-01,"Johnson&Johnson, Moderna, Oxford/AstraZeneca, Pfizer/BioNTech",6092322,5974607,12066929
2021-10-02,"Johnson&Johnson, Moderna, Pfizer/BioNTech",6093362,5976135,12069497
2021-10-03,"Johnson&Johnson, Moderna, Pfizer/BioNTech",6094065,5976996,12071061
2021-10-04,"Johnson&Johnson, Moderna, Oxford/AstraZeneca, Pfizer/BioNTech",6097067,5982548,12079615
2021-10-05,"Johnson&Johnson, Moderna, Oxford/AstraZeneca, Pfizer/BioNTech",6100120,5987601,12087721
2021-10-06,"Johnson&Johnson, Moderna, Oxford/AstraZeneca, Pfizer/BioNTech",6103570,5992750,12096320
2021-10-07,"Johnson&Johnson, Moderna, Oxford/AstraZeneca, Pfizer/BioNTech",6106756,5997939,12104695
2021-10-08,"Johnson&Johnson, Moderna, Oxford/AstraZeneca, Pfizer/BioNTech",6111478,6004546,12116024
2021-10-09,"Johnson&Johnson, Moderna, Pfizer/BioNTech",6112710,6006190,12118900
2021-10-10,"Johnson&Johnson, Moderna, Pfizer/BioNTech",6113647,6007017,12120664
2021-10-11,"Johnson&Johnson, Moderna, Oxford/AstraZeneca, Pfizer/BioNTech",6116514,6011380,12127894
2021-10-12,"Johnson&Johnson, Moderna, Oxford/AstraZeneca, Pfizer/BioNTech",6119256,6015297,12134553
2021-10-13,"Johnson&Johnson, Moderna, Oxford/AstraZeneca, Pfizer/BioNTech",6122669,6019425,12142094
2021-10-14,"Johnson&Johnson, Moderna, Oxford/AstraZeneca, Pfizer/BioNTech",6126231,6024359,12150590
2021-10-15,"Johnson&Johnson, Moderna, Oxford/AstraZeneca, Pfizer/BioNTech",6131337,6030484,12161821
2021-10-16,"Johnson&Johnson, Moderna, Pfizer/BioNTech",6132705,6031995,12164700
2021-10-17,"Johnson&Johnson, Moderna, Pfizer/BioNTech",6134021,6033046,12167067
2021-10-18,"Johnson&Johnson, Moderna, Oxford/AstraZeneca, Pfizer/BioNTech",6138003,6037130,12175133
2021-10-19,"Johnson&Johnson, Moderna, Oxford/AstraZeneca, Pfizer/BioNTech",6141455,6039202,12180657
2021-10-20,"Johnson&Johnson, Moderna, Oxford/AstraZeneca, Pfizer/BioNTech",6146214,6043627,12189841
2021-10-21,"Johnson&Johnson, Moderna, Oxford/AstraZeneca, Pfizer/BioNTech",6153785,6049144,12202929
2021-10-22,"Johnson&Johnson, Moderna, Oxford/AstraZeneca, Pfizer/BioNTech",6164100,6055623,12219723
2021-10-23,"Johnson&Johnson, Moderna, Pfizer/BioNTech",6167730,6057819,12225549
2021-10-24,"Johnson&Johnson, Moderna, Pfizer/BioNTech",6170404,6059589,12229993
2021-10-25,"Johnson&Johnson, Moderna, Oxford/AstraZeneca, Pfizer/BioNTech",6180706,6065361,12246067
2021-10-26,"Johnson&Johnson, Moderna, Oxford/AstraZeneca, Pfizer/BioNTech",6192360,6071852,12264212
2021-10-27,"Johnson&Johnson, Moderna, Oxford/AstraZeneca, Pfizer/BioNTech",6206761,6079228,12285989
2021-10-28,"Johnson&Johnson, Moderna, Pfizer/BioNTech",6210094,6080866,12290960
2021-10-29,"Johnson&Johnson, Moderna, Oxford/AstraZeneca, Pfizer/BioNTech",6224347,6088796,12313143
2021-10-30,"Johnson&Johnson, Moderna, Pfizer/BioNTech",6228808,6091680,12320488
2021-10-31,"Johnson&Johnson, Moderna, Oxford/AstraZeneca, Pfizer/BioNTech",6232528,6094135,12326663
2021-11-01,"Johnson&Johnson, Moderna, Oxford/AstraZeneca, Pfizer/BioNTech",6247428,6101735,12349163
2021-11-02,"Johnson&Johnson, Moderna, Oxford/AstraZeneca, Pfizer/BioNTech",6262552,6109107,12371659
2021-11-03,"Johnson&Johnson, Moderna, Oxford/AstraZeneca, Pfizer/BioNTech",6279442,6116274,12395716
2021-11-04,"Johnson&Johnson, Moderna, Oxford/AstraZeneca, Pfizer/BioNTech",6297432,6124266,12421698
2021-11-05,"Johnson&Johnson, Moderna, Oxford/AstraZeneca, Pfizer/BioNTech",6319905,6135327,12455232
2021-11-06,"Johnson&Johnson, Moderna, Oxford/AstraZeneca, Pfizer/BioNTech",6326273,6138299,12464572
2021-11-07,"Johnson&Johnson, Moderna, Oxford/AstraZeneca, Pfizer/BioNTech",6330184,6140657,12470841
2021-11-08,"Johnson&Johnson, Moderna, Oxford/AstraZeneca, Pfizer/BioNTech",6345653,6147632,12493285
2021-11-09,"Johnson&Johnson, Moderna, Oxford/AstraZeneca, Pfizer/BioNTech",6359668,6154278,12513946
2021-11-10,"Johnson&Johnson, Moderna, Oxford/AstraZeneca, Pfizer/BioNTech",6374449,6160871,12535320
2021-11-11,"Johnson&Johnson, Moderna, Oxford/AstraZeneca, Pfizer/BioNTech",6388909,6169115,12558024
2021-11-12,"Johnson&Johnson, Moderna, Oxford/AstraZeneca, Pfizer/BioNTech",6406508,6180238,12586746
