date,vaccine,people_vaccinated,people_fully_vaccinated,total_vaccinations
2020-12-27,Pfizer/BioNTech,1286,0,1286
2020-12-28,Pfizer/BioNTech,3589,0,3589
2020-12-29,Pfizer/BioNTech,7060,1,7061
2020-12-30,Pfizer/BioNTech,10576,1,10577
2020-12-31,Pfizer/BioNTech,11889,1,11890
2021-01-01,"Moderna, Pfizer/BioNTech",12160,1,12161
2021-01-02,"Moderna, Pfizer/BioNTech",13446,2,13448
2021-01-03,"Moderna, Pfizer/BioNTech",14373,2,14375
2021-01-04,"Moderna, Pfizer/BioNTech",17982,3,17985
2021-01-05,"Moderna, Pfizer/BioNTech",22507,4,22511
2021-01-06,"Moderna, Pfizer/BioNTech",28353,5,28358
2021-01-07,"Moderna, Pfizer/BioNTech",36352,5,36357
2021-01-08,"Moderna, Pfizer/BioNTech",46405,6,46411
2021-01-09,"Moderna, Pfizer/BioNTech",48431,8,48439
2021-01-10,Pfizer/BioNTech,50203,10,50213
2021-01-11,"Moderna, Pfizer/BioNTech",60060,12,60072
2021-01-12,"Moderna, Pfizer/BioNTech",73514,14,73528
2021-01-13,"Moderna, Pfizer/BioNTech",87059,15,87074
2021-01-14,"Moderna, Pfizer/BioNTech",102309,19,102328
2021-01-15,"Moderna, Pfizer/BioNTech",116329,20,116349
2021-01-16,"Moderna, Pfizer/BioNTech",119733,24,119757
2021-01-17,"Moderna, Pfizer/BioNTech",122353,660,123013
2021-01-18,"Moderna, Pfizer/BioNTech",134844,2486,137330
2021-01-19,"Moderna, Pfizer/BioNTech",147455,5215,152670
2021-01-20,"Moderna, Pfizer/BioNTech",161152,7880,169032
2021-01-21,"Moderna, Pfizer/BioNTech",176805,9623,186428
2021-01-22,"Moderna, Pfizer/BioNTech",191696,10668,202364
2021-01-23,"Moderna, Pfizer/BioNTech",195014,11548,206562
2021-01-24,"Moderna, Pfizer/BioNTech",197270,12419,209689
2021-01-25,"Moderna, Pfizer/BioNTech",206925,15388,222313
2021-01-26,"Moderna, Pfizer/BioNTech",217473,19379,236852
2021-01-27,"Moderna, Pfizer/BioNTech",226505,23914,250419
2021-01-28,"Moderna, Pfizer/BioNTech",233611,30048,263659
2021-01-29,"Indie/AstraZeneca, Moderna, Pfizer/BioNTech",239828,37958,277786
2021-01-30,"Moderna, Pfizer/BioNTech",240569,39046,279615
2021-01-31,"Moderna, Pfizer/BioNTech",241288,40228,281516
2021-02-01,"Moderna, Pfizer/BioNTech",245271,48197,293468
2021-02-02,"Moderna, Pfizer/BioNTech",249427,58437,307864
2021-02-03,"Moderna, Pfizer/BioNTech",253854,69456,323310
2021-02-04,"Moderna, Pfizer/BioNTech",258761,82447,341208
2021-02-05,"Moderna, Pfizer/BioNTech",264235,93121,357356
2021-02-06,"Moderna, Oxford/AstraZeneca, Pfizer/BioNTech",265092,95487,360579
2021-02-07,"Moderna, Oxford/AstraZeneca, Pfizer/BioNTech",265943,97987,363930
2021-02-08,"Moderna, Oxford/AstraZeneca, Pfizer/BioNTech",270034,109414,379448
2021-02-09,"Moderna, Oxford/AstraZeneca, Pfizer/BioNTech",275146,121327,396473
2021-02-10,"Moderna, Oxford/AstraZeneca, Pfizer/BioNTech",280666,134587,415253
2021-02-11,"Moderna, Oxford/AstraZeneca, Pfizer/BioNTech",287008,150806,437814
2021-02-12,"Moderna, Oxford/AstraZeneca, Pfizer/BioNTech",293836,165554,459390
2021-02-13,"Moderna, Oxford/AstraZeneca, Pfizer/BioNTech",295454,168541,463995
2021-02-14,"Moderna, Oxford/AstraZeneca, Pfizer/BioNTech",296460,169928,466388
2021-02-15,"Moderna, Oxford/AstraZeneca, Pfizer/BioNTech",302860,179299,482159
2021-02-16,"Moderna, Oxford/AstraZeneca, Pfizer/BioNTech",311580,188380,499960
2021-02-17,"Moderna, Oxford/AstraZeneca, Pfizer/BioNTech",321282,196692,517974
2021-02-18,"Moderna, Oxford/AstraZeneca, Pfizer/BioNTech",333611,204775,538386
2021-02-19,"Moderna, Oxford/AstraZeneca, Pfizer/BioNTech",345477,212152,557629
2021-02-20,"Moderna, Oxford/AstraZeneca, Pfizer/BioNTech",347487,213338,560825
2021-02-21,"Moderna, Oxford/AstraZeneca, Pfizer/BioNTech",348624,214364,562988
2021-02-22,"Moderna, Oxford/AstraZeneca, Pfizer/BioNTech",358748,220401,579149
2021-02-23,"Moderna, Oxford/AstraZeneca, Pfizer/BioNTech",371713,227393,599106
2021-02-24,"Moderna, Oxford/AstraZeneca, Pfizer/BioNTech",385595,233435,619030
2021-02-25,"Moderna, Oxford/AstraZeneca, Pfizer/BioNTech",403577,238986,642563
2021-02-26,"Moderna, Oxford/AstraZeneca, Pfizer/BioNTech",419757,244346,664103
2021-02-27,"Moderna, Oxford/AstraZeneca, Pfizer/BioNTech",422766,244905,667671
2021-02-28,"Moderna, Oxford/AstraZeneca, Pfizer/BioNTech",425124,245456,670580
2021-03-01,"Moderna, Oxford/AstraZeneca, Pfizer/BioNTech",444724,248903,693627
2021-03-02,"Indie/AstraZeneca, Moderna, Oxford/AstraZeneca, Pfizer/BioNTech",471954,252458,724412
2021-03-03,"Moderna, Oxford/AstraZeneca, Pfizer/BioNTech",502910,256970,759880
2021-03-04,"Moderna, Oxford/AstraZeneca, Pfizer/BioNTech",536195,261661,797856
2021-03-05,"Johnson&Johnson, Moderna, Oxford/AstraZeneca, Pfizer/BioNTech",565041,267090,832131
2021-03-06,"Johnson&Johnson, Moderna, Oxford/AstraZeneca, Pfizer/BioNTech",577201,267956,845157
2021-03-07,"Johnson&Johnson, Moderna, Oxford/AstraZeneca, Pfizer/BioNTech",588751,268799,857550
2021-03-08,"Johnson&Johnson, Moderna, Oxford/AstraZeneca, Pfizer/BioNTech",618500,273662,892162
2021-03-09,"Johnson&Johnson, Moderna, Oxford/AstraZeneca, Pfizer/BioNTech",654872,280049,934921
2021-03-10,"Johnson&Johnson, Moderna, Oxford/AstraZeneca, Pfizer/BioNTech",696205,287009,983214
2021-03-11,"Johnson&Johnson, Moderna, Oxford/AstraZeneca, Pfizer/BioNTech",741063,295384,1036447
2021-03-12,"Johnson&Johnson, Moderna, Oxford/AstraZeneca, Pfizer/BioNTech, Čína",779825,303885,1083710
2021-03-13,"Johnson&Johnson, Moderna, Oxford/AstraZeneca, Pfizer/BioNTech",796938,305201,1102139
2021-03-14,"Johnson&Johnson, Moderna, Oxford/AstraZeneca, Pfizer/BioNTech",809056,306358,1115414
2021-03-15,"Johnson&Johnson, Moderna, Oxford/AstraZeneca, Pfizer/BioNTech",837451,315138,1152589
2021-03-16,"Johnson&Johnson, Moderna, Oxford/AstraZeneca, Pfizer/BioNTech",876349,325675,1202024
2021-03-17,"Moderna, Oxford/AstraZeneca, Pfizer/BioNTech",913834,336190,1250024
2021-03-18,"Johnson&Johnson, Moderna, Oxford/AstraZeneca, Pfizer/BioNTech",951841,348616,1300457
2021-03-19,"Johnson&Johnson, Moderna, Oxford/AstraZeneca, Pfizer/BioNTech",986363,362230,1348593
2021-03-20,"Johnson&Johnson, Moderna, Oxford/AstraZeneca, Pfizer/BioNTech",1001545,364260,1365805
2021-03-21,"Johnson&Johnson, Moderna, Oxford/AstraZeneca, Pfizer/BioNTech",1008993,365820,1374813
2021-03-22,"Indie/AstraZeneca, Johnson&Johnson, Moderna, Oxford/AstraZeneca, Pfizer/BioNTech",1033569,378321,1411890
2021-03-23,"Johnson&Johnson, Moderna, Oxford/AstraZeneca, Pfizer/BioNTech",1060246,391688,1451934
2021-03-24,"Johnson&Johnson, Moderna, Oxford/AstraZeneca, Pfizer/BioNTech",1087143,407433,1494576
2021-03-25,"Indie/AstraZeneca, Johnson&Johnson, Moderna, Oxford/AstraZeneca, Pfizer/BioNTech",1113504,425287,1538791
2021-03-26,"Johnson&Johnson, Moderna, Oxford/AstraZeneca, Pfizer/BioNTech",1138346,442800,1581146
2021-03-27,"Johnson&Johnson, Moderna, Oxford/AstraZeneca, Pfizer/BioNTech, Čína",1146809,447647,1594456
2021-03-28,"Moderna, Oxford/AstraZeneca, Pfizer/BioNTech",1152357,451795,1604152
2021-03-29,"Johnson&Johnson, Moderna, Oxford/AstraZeneca, Pfizer/BioNTech",1171518,472528,1644046
2021-03-30,"Johnson&Johnson, Moderna, Oxford/AstraZeneca, Pfizer/BioNTech",1196226,494716,1690942
2021-03-31,"Johnson&Johnson, Moderna, Oxford/AstraZeneca, Pfizer/BioNTech",1219386,521785,1741171
2021-04-01,"Indie/AstraZeneca, Johnson&Johnson, Moderna, Oxford/AstraZeneca, Pfizer/BioNTech",1245077,553842,1798919
2021-04-02,"Indie/AstraZeneca, Johnson&Johnson, Moderna, Oxford/AstraZeneca, Pfizer/BioNTech",1252062,566639,1818701
2021-04-03,"Johnson&Johnson, Moderna, Oxford/AstraZeneca, Pfizer/BioNTech",1255717,577572,1833289
2021-04-04,"Johnson&Johnson, Moderna, Oxford/AstraZeneca, Pfizer/BioNTech",1258263,586497,1844760
2021-04-05,"Johnson&Johnson, Moderna, Oxford/AstraZeneca, Pfizer/BioNTech",1260696,593702,1854398
2021-04-06,"Indie/AstraZeneca, Johnson&Johnson, Moderna, Oxford/AstraZeneca, Pfizer/BioNTech, Čína",1276917,622978,1899895
2021-04-07,"Johnson&Johnson, Moderna, Oxford/AstraZeneca, Pfizer/BioNTech",1300419,645217,1945636
2021-04-08,"Johnson&Johnson, Moderna, Oxford/AstraZeneca, Pfizer/BioNTech",1339240,676265,2015505
2021-04-09,"Indie/AstraZeneca, Johnson&Johnson, Moderna, Oxford/AstraZeneca, Pfizer/BioNTech",1378840,706467,2085307
2021-04-10,"Johnson&Johnson, Moderna, Oxford/AstraZeneca, Pfizer/BioNTech",1394409,721781,2116190
2021-04-11,"Johnson&Johnson, Moderna, Oxford/AstraZeneca, Pfizer/BioNTech",1404204,731838,2136042
2021-04-12,"Johnson&Johnson, Moderna, Oxford/AstraZeneca, Pfizer/BioNTech",1442527,756983,2199510
2021-04-13,"Moderna, Oxford/AstraZeneca, Pfizer/BioNTech",1478836,783026,2261862
2021-04-14,"Moderna, Oxford/AstraZeneca, Pfizer/BioNTech",1517727,810405,2328132
2021-04-15,"Moderna, Oxford/AstraZeneca, Pfizer/BioNTech",1565563,836186,2401749
2021-04-16,"Moderna, Oxford/AstraZeneca, Pfizer/BioNTech",1610285,861867,2472152
2021-04-17,"Indie/AstraZeneca, Moderna, Oxford/AstraZeneca, Pfizer/BioNTech",1627013,870891,2497904
2021-04-18,"Moderna, Oxford/AstraZeneca, Pfizer/BioNTech",1640014,875877,2515891
2021-04-19,"Johnson&Johnson, Moderna, Oxford/AstraZeneca, Pfizer/BioNTech",1683990,891318,2575308
2021-04-20,"Johnson&Johnson, Moderna, Oxford/AstraZeneca, Pfizer/BioNTech",1726581,907208,2633789
2021-04-21,"Moderna, Oxford/AstraZeneca, Pfizer/BioNTech",1774347,921579,2695926
2021-04-22,"Johnson&Johnson, Moderna, Oxford/AstraZeneca, Pfizer/BioNTech",1828880,938978,2767858
2021-04-23,"Johnson&Johnson, Moderna, Oxford/AstraZeneca, Pfizer/BioNTech",1878891,951044,2829935
2021-04-24,"Johnson&Johnson, Moderna, Oxford/AstraZeneca, Pfizer/BioNTech, Čína",1896768,956314,2853082
2021-04-25,"Johnson&Johnson, Moderna, Oxford/AstraZeneca, Pfizer/BioNTech",1911481,960319,2871800
2021-04-26,"Johnson&Johnson, Moderna, Oxford/AstraZeneca, Pfizer/BioNTech",1961096,967889,2928985
2021-04-27,"Johnson&Johnson, Moderna, Oxford/AstraZeneca, Pfizer/BioNTech",2010087,980143,2990230
2021-04-28,"Johnson&Johnson, Moderna, Oxford/AstraZeneca, Pfizer/BioNTech",2068870,994166,3063036
2021-04-29,"Johnson&Johnson, Moderna, Oxford/AstraZeneca, Pfizer/BioNTech",2134491,1010088,3144579
2021-04-30,"Johnson&Johnson, Moderna, Oxford/AstraZeneca, Pfizer/BioNTech",2196783,1020085,3216868
2021-05-01,"Johnson&Johnson, Moderna, Oxford/AstraZeneca, Pfizer/BioNTech",2216177,1023551,3239728
2021-05-02,"Johnson&Johnson, Moderna, Oxford/AstraZeneca, Pfizer/BioNTech",2235129,1025842,3260971
2021-05-03,"Johnson&Johnson, Moderna, Oxford/AstraZeneca, Pfizer/BioNTech",2302406,1030927,3333333
2021-05-04,"Johnson&Johnson, Moderna, Oxford/AstraZeneca, Pfizer/BioNTech",2368968,1039301,3408269
2021-05-05,"Johnson&Johnson, Moderna, Oxford/AstraZeneca, Pfizer/BioNTech",2442179,1048750,3490929
2021-05-06,"Johnson&Johnson, Moderna, Oxford/AstraZeneca, Pfizer/BioNTech",2522619,1059504,3582123
2021-05-07,"Indie/AstraZeneca, Johnson&Johnson, Moderna, Oxford/AstraZeneca, Pfizer/BioNTech",2599959,1069649,3669608
2021-05-08,"Johnson&Johnson, Moderna, Oxford/AstraZeneca, Pfizer/BioNTech",2629503,1071443,3700946
2021-05-09,"Johnson&Johnson, Moderna, Oxford/AstraZeneca, Pfizer/BioNTech",2653747,1072666,3726413
2021-05-10,"Johnson&Johnson, Moderna, Oxford/AstraZeneca, Pfizer/BioNTech",2726548,1079913,3806461
2021-05-11,"Johnson&Johnson, Moderna, Oxford/AstraZeneca, Pfizer/BioNTech",2802703,1088749,3891452
2021-05-12,"Johnson&Johnson, Moderna, Oxford/AstraZeneca, Pfizer/BioNTech",2882647,1097897,3980544
2021-05-13,"Johnson&Johnson, Moderna, Oxford/AstraZeneca, Pfizer/BioNTech",2966704,1107087,4073791
2021-05-14,"Johnson&Johnson, Moderna, Oxford/AstraZeneca, Pfizer/BioNTech",3046261,1114915,4161176
2021-05-15,"Johnson&Johnson, Moderna, Oxford/AstraZeneca, Pfizer/BioNTech",3078226,1117202,4195428
2021-05-16,"Johnson&Johnson, Moderna, Oxford/AstraZeneca, Pfizer/BioNTech",3104042,1118489,4222531
2021-05-17,"Indie/AstraZeneca, Johnson&Johnson, Moderna, Oxford/AstraZeneca, Pfizer/BioNTech",3176584,1125248,4301832
2021-05-18,"Indie/AstraZeneca, Johnson&Johnson, Moderna, Oxford/AstraZeneca, Pfizer/BioNTech",3248576,1138375,4386951
2021-05-19,"Johnson&Johnson, Moderna, Oxford/AstraZeneca, Pfizer/BioNTech",3326078,1153549,4479627
2021-05-20,"Johnson&Johnson, Moderna, Oxford/AstraZeneca, Pfizer/BioNTech",3401579,1180621,4582200
2021-05-21,"Johnson&Johnson, Moderna, Oxford/AstraZeneca, Pfizer/BioNTech",3470443,1208432,4678875
2021-05-22,"Johnson&Johnson, Moderna, Oxford/AstraZeneca, Pfizer/BioNTech",3502918,1219677,4722595
2021-05-23,"Johnson&Johnson, Moderna, Oxford/AstraZeneca, Pfizer/BioNTech",3525369,1228719,4754088
2021-05-24,"Johnson&Johnson, Moderna, Oxford/AstraZeneca, Pfizer/BioNTech",3572590,1262402,4834992
2021-05-25,"Indie/AstraZeneca, Johnson&Johnson, Moderna, Oxford/AstraZeneca, Pfizer/BioNTech",3624515,1298249,4922764
2021-05-26,"Johnson&Johnson, Moderna, Oxford/AstraZeneca, Pfizer/BioNTech",3692289,1335814,5028103
2021-05-27,"Indie/AstraZeneca, Johnson&Johnson, Moderna, Oxford/AstraZeneca, Pfizer/BioNTech",3753730,1383182,5136912
2021-05-28,"Johnson&Johnson, Moderna, Oxford/AstraZeneca, Pfizer/BioNTech",3815481,1429800,5245281
2021-05-29,"Indie/AstraZeneca, Johnson&Johnson, Moderna, Oxford/AstraZeneca, Pfizer/BioNTech",3844759,1446949,5291708
2021-05-30,"Johnson&Johnson, Moderna, Oxford/AstraZeneca, Pfizer/BioNTech, Čína",3867181,1461422,5328603
2021-05-31,"Indie/AstraZeneca, Johnson&Johnson, Moderna, Oxford/AstraZeneca, Pfizer/BioNTech",3922929,1508962,5431891
2021-06-01,"Johnson&Johnson, Moderna, Oxford/AstraZeneca, Pfizer/BioNTech",3982053,1557856,5539909
2021-06-02,"Indie/AstraZeneca, Johnson&Johnson, Moderna, Oxford/AstraZeneca, Pfizer/BioNTech",4045037,1611892,5656929
2021-06-03,"Johnson&Johnson, Moderna, Oxford/AstraZeneca, Pfizer/BioNTech",4103303,1672141,5775444
2021-06-04,"Johnson&Johnson, Moderna, Oxford/AstraZeneca, Pfizer/BioNTech",4166452,1729574,5896026
2021-06-05,"Indie/AstraZeneca, Johnson&Johnson, Moderna, Oxford/AstraZeneca, Pfizer/BioNTech",4200649,1748509,5949158
2021-06-06,"Johnson&Johnson, Moderna, Oxford/AstraZeneca, Pfizer/BioNTech",4227614,1763689,5991303
2021-06-07,"Johnson&Johnson, Moderna, Oxford/AstraZeneca, Pfizer/BioNTech",4291312,1819345,6110657
2021-06-08,"Indie/AstraZeneca, Johnson&Johnson, Moderna, Oxford/AstraZeneca, Pfizer/BioNTech",4355332,1874372,6229704
2021-06-09,"Indie/AstraZeneca, Johnson&Johnson, Moderna, Oxford/AstraZeneca, Pfizer/BioNTech",4414557,1939071,6353628
2021-06-10,"Johnson&Johnson, Moderna, Oxford/AstraZeneca, Pfizer/BioNTech",4468424,2010397,6478821
2021-06-11,"Johnson&Johnson, Moderna, Oxford/AstraZeneca, Pfizer/BioNTech",4520553,2080261,6600814
2021-06-12,"Indie/AstraZeneca, Johnson&Johnson, Moderna, Oxford/AstraZeneca, Pfizer/BioNTech, Čína",4552590,2101125,6653715
2021-06-13,"Johnson&Johnson, Moderna, Oxford/AstraZeneca, Pfizer/BioNTech",4576634,2119572,6696206
2021-06-14,"Johnson&Johnson, Moderna, Oxford/AstraZeneca, Pfizer/BioNTech, Čína",4619737,2193990,6813727
2021-06-15,"Johnson&Johnson, Moderna, Oxford/AstraZeneca, Pfizer/BioNTech",4664429,2266410,6930839
2021-06-16,"Johnson&Johnson, Moderna, Oxford/AstraZeneca, Pfizer/BioNTech",4707261,2344664,7051925
2021-06-17,"Johnson&Johnson, Moderna, Oxford/AstraZeneca, Pfizer/BioNTech",4746701,2427791,7174492
2021-06-18,"Johnson&Johnson, Moderna, Oxford/AstraZeneca, Pfizer/BioNTech",4789156,2508402,7297558
2021-06-19,"Johnson&Johnson, Moderna, Oxford/AstraZeneca, Pfizer/BioNTech, Čína",4810962,2537757,7348719
2021-06-20,"Johnson&Johnson, Moderna, Oxford/AstraZeneca, Pfizer/BioNTech, Čína",4828379,2561645,7390024
2021-06-21,"Johnson&Johnson, Moderna, Oxford/AstraZeneca, Pfizer/BioNTech, Čína",4860898,2640284,7501182
2021-06-22,"Johnson&Johnson, Moderna, Oxford/AstraZeneca, Pfizer/BioNTech",4893886,2722634,7616520
2021-06-23,"Johnson&Johnson, Moderna, Oxford/AstraZeneca, Pfizer/BioNTech",4925618,2807908,7733526
2021-06-24,"Johnson&Johnson, Moderna, Oxford/AstraZeneca, Pfizer/BioNTech, Čína",4955499,2897999,7853498
2021-06-25,"Johnson&Johnson, Moderna, Oxford/AstraZeneca, Pfizer/BioNTech",4986600,2984264,7970864
2021-06-26,"Johnson&Johnson, Moderna, Oxford/AstraZeneca, Pfizer/BioNTech",5002508,3019162,8021670
2021-06-27,"Johnson&Johnson, Moderna, Oxford/AstraZeneca, Pfizer/BioNTech, Čína",5016473,3045892,8062365
2021-06-28,"Johnson&Johnson, Moderna, Oxford/AstraZeneca, Pfizer/BioNTech",5044905,3131137,8176042
2021-06-29,"Johnson&Johnson, Moderna, Oxford/AstraZeneca, Pfizer/BioNTech",5074202,3217710,8291912
2021-06-30,"Johnson&Johnson, Moderna, Oxford/AstraZeneca, Pfizer/BioNTech",5101718,3308788,8410506
2021-07-01,"Johnson&Johnson, Moderna, Oxford/AstraZeneca, Pfizer/BioNTech",5125739,3398916,8524655
2021-07-02,"Johnson&Johnson, Moderna, Oxford/AstraZeneca, Pfizer/BioNTech",5152498,3484879,8637377
2021-07-03,"Indie/AstraZeneca, Johnson&Johnson, Moderna, Oxford/AstraZeneca, Pfizer/BioNTech",5159613,3516461,8676074
2021-07-04,"Johnson&Johnson, Moderna, Oxford/AstraZeneca, Pfizer/BioNTech",5167212,3538293,8705505
2021-07-05,"Johnson&Johnson, Moderna, Oxford/AstraZeneca, Pfizer/BioNTech",5174643,3563715,8738358
2021-07-06,"Johnson&Johnson, Moderna, Oxford/AstraZeneca, Pfizer/BioNTech, Čína",5180139,3591467,8771606
2021-07-07,"Johnson&Johnson, Moderna, Oxford/AstraZeneca, Pfizer/BioNTech",5205990,3670486,8876476
2021-07-08,"Johnson&Johnson, Moderna, Oxford/AstraZeneca, Pfizer/BioNTech",5232618,3740861,8973479
2021-07-09,"Johnson&Johnson, Moderna, Oxford/AstraZeneca, Pfizer/BioNTech",5260588,3810218,9070806
2021-07-10,"Indie/AstraZeneca, Johnson&Johnson, Moderna, Oxford/AstraZeneca, Pfizer/BioNTech",5269978,3838900,9108878
2021-07-11,"Johnson&Johnson, Moderna, Oxford/AstraZeneca, Pfizer/BioNTech",5278541,3861796,9140337
2021-07-12,"Johnson&Johnson, Moderna, Oxford/AstraZeneca, Pfizer/BioNTech, Čína",5306110,3930895,9237005
2021-07-13,"Johnson&Johnson, Moderna, Oxford/AstraZeneca, Pfizer/BioNTech",5332337,4000810,9333147
2021-07-14,"Johnson&Johnson, Moderna, Oxford/AstraZeneca, Pfizer/BioNTech",5358191,4072833,9431024
2021-07-15,"Indie/AstraZeneca, Johnson&Johnson, Moderna, Oxford/AstraZeneca, Pfizer/BioNTech",5387391,4138878,9526269
2021-07-16,"Johnson&Johnson, Moderna, Oxford/AstraZeneca, Pfizer/BioNTech",5415347,4211645,9626992
2021-07-17,"Johnson&Johnson, Moderna, Oxford/AstraZeneca, Pfizer/BioNTech, Čína",5424161,4243134,9667295
2021-07-18,"Johnson&Johnson, Moderna, Oxford/AstraZeneca, Pfizer/BioNTech, Čína",5432610,4269158,9701768
2021-07-19,"Johnson&Johnson, Moderna, Oxford/AstraZeneca, Pfizer/BioNTech",5455987,4336199,9792186
2021-07-20,"Johnson&Johnson, Moderna, Oxford/AstraZeneca, Pfizer/BioNTech",5477421,4403288,9880709
2021-07-21,"Indie/AstraZeneca, Johnson&Johnson, Moderna, Oxford/AstraZeneca, Pfizer/BioNTech",5500896,4466779,9967675
2021-07-22,"Johnson&Johnson, Moderna, Oxford/AstraZeneca, Pfizer/BioNTech",5523284,4525450,10048734
2021-07-23,"Johnson&Johnson, Moderna, Oxford/AstraZeneca, Pfizer/BioNTech",5546539,4580239,10126778
2021-07-24,"Johnson&Johnson, Moderna, Oxford/AstraZeneca, Pfizer/BioNTech",5553907,4607931,10161838
2021-07-25,"Johnson&Johnson, Moderna, Oxford/AstraZeneca, Pfizer/BioNTech",5560561,4630077,10190638
2021-07-26,"Johnson&Johnson, Moderna, Oxford/AstraZeneca, Pfizer/BioNTech",5584131,4678790,10262921
2021-07-27,"Johnson&Johnson, Moderna, Oxford/AstraZeneca, Pfizer/BioNTech, Čína",5606899,4725474,10332373
2021-07-28,"Johnson&Johnson, Moderna, Oxford/AstraZeneca, Pfizer/BioNTech",5628196,4771527,10399723
2021-07-29,"Johnson&Johnson, Moderna, Oxford/AstraZeneca, Pfizer/BioNTech",5649550,4813531,10463081
2021-07-30,"Johnson&Johnson, Moderna, Oxford/AstraZeneca, Pfizer/BioNTech",5672847,4856141,10528988
2021-07-31,"Indie/AstraZeneca, Johnson&Johnson, Moderna, Oxford/AstraZeneca, Pfizer/BioNTech",5681818,4875706,10557524
2021-08-01,"Johnson&Johnson, Moderna, Oxford/AstraZeneca, Pfizer/BioNTech, Čína",5688561,4891892,10580453
2021-08-02,"Johnson&Johnson, Moderna, Oxford/AstraZeneca, Pfizer/BioNTech",5707223,4929488,10636711
2021-08-03,"Johnson&Johnson, Moderna, Oxford/AstraZeneca, Pfizer/BioNTech",5724898,4967644,10692542
2021-08-04,"Johnson&Johnson, Moderna, Oxford/AstraZeneca, Pfizer/BioNTech",5741041,5004453,10745494
2021-08-05,"Johnson&Johnson, Moderna, Oxford/AstraZeneca, Pfizer/BioNTech",5757105,5044983,10802088
2021-08-06,"Johnson&Johnson, Moderna, Oxford/AstraZeneca, Pfizer/BioNTech",5773938,5088337,10862275
2021-08-07,"Johnson&Johnson, Moderna, Oxford/AstraZeneca, Pfizer/BioNTech",5779558,5106535,10886093
2021-08-08,"Johnson&Johnson, Moderna, Oxford/AstraZeneca, Pfizer/BioNTech",5783936,5122314,10906250
2021-08-09,"Indie/AstraZeneca, Johnson&Johnson, Moderna, Oxford/AstraZeneca, Pfizer/BioNTech",5796586,5167410,10963996
2021-08-10,"Johnson&Johnson, Moderna, Oxford/AstraZeneca, Pfizer/BioNTech",5808447,5207018,11015465
2021-08-11,"Indie/AstraZeneca, Johnson&Johnson, Moderna, Oxford/AstraZeneca, Pfizer/BioNTech",5819831,5250186,11070017
2021-08-12,"Johnson&Johnson, Moderna, Oxford/AstraZeneca, Pfizer/BioNTech",5831264,5287357,11118621
2021-08-13,"Johnson&Johnson, Moderna, Oxford/AstraZeneca, Pfizer/BioNTech",5842011,5327733,11169744
2021-08-14,"Johnson&Johnson, Moderna, Oxford/AstraZeneca, Pfizer/BioNTech",5845363,5338464,11183827
2021-08-15,"Johnson&Johnson, Moderna, Oxford/AstraZeneca, Pfizer/BioNTech",5847959,5348862,11196821
2021-08-16,"Indie/AstraZeneca, Johnson&Johnson, Moderna, Oxford/AstraZeneca, Pfizer/BioNTech, Čína",5857764,5382969,11240733
2021-08-17,"Johnson&Johnson, Moderna, Oxford/AstraZeneca, Pfizer/BioNTech",5867368,5410103,11277471
2021-08-18,"Johnson&Johnson, Moderna, Oxford/AstraZeneca, Pfizer/BioNTech",5876747,5449041,11325788
2021-08-19,"Johnson&Johnson, Moderna, Oxford/AstraZeneca, Pfizer/BioNTech",5886434,5487418,11373852
2021-08-20,"Johnson&Johnson, Moderna, Oxford/AstraZeneca, Pfizer/BioNTech",5897838,5527640,11425478
2021-08-21,"Indie/AstraZeneca, Johnson&Johnson, Moderna, Oxford/AstraZeneca, Pfizer/BioNTech",5900573,5540432,11441005
2021-08-22,"Johnson&Johnson, Moderna, Oxford/AstraZeneca, Pfizer/BioNTech",5902919,5552414,11455333
2021-08-23,"Indie/AstraZeneca, Johnson&Johnson, Moderna, Oxford/AstraZeneca, Pfizer/BioNTech",5913461,5591720,11505181
2021-08-24,"Johnson&Johnson, Moderna, Oxford/AstraZeneca, Pfizer/BioNTech",5923346,5624988,11548334
2021-08-25,"Indie/AstraZeneca, Johnson&Johnson, Moderna, Oxford/AstraZeneca, Pfizer/BioNTech",5932226,5653390,11585616
2021-08-26,"Johnson&Johnson, Moderna, Oxford/AstraZeneca, Pfizer/BioNTech",5940687,5679549,11620236
2021-08-27,"Indie/AstraZeneca, Johnson&Johnson, Moderna, Oxford/AstraZeneca, Pfizer/BioNTech",5951017,5705556,11656573
2021-08-28,"Johnson&Johnson, Moderna, Oxford/AstraZeneca, Pfizer/BioNTech",5953763,5712642,11666405
2021-08-29,"Johnson&Johnson, Moderna, Oxford/AstraZeneca, Pfizer/BioNTech",5956182,5719275,11675457
2021-08-30,"Johnson&Johnson, Moderna, Oxford/AstraZeneca, Pfizer/BioNTech",5964713,5741178,11705891
2021-08-31,"Indie/AstraZeneca, Johnson&Johnson, Moderna, Oxford/AstraZeneca, Pfizer/BioNTech",5972407,5759314,11731721
2021-09-01,"Johnson&Johnson, Moderna, Oxford/AstraZeneca, Pfizer/BioNTech",5978325,5773345,11751670
2021-09-02,"Johnson&Johnson, Moderna, Oxford/AstraZeneca, Pfizer/BioNTech",5985172,5787753,11772925
2021-09-03,"Johnson&Johnson, Moderna, Oxford/AstraZeneca, Pfizer/BioNTech",5994740,5803508,11798248
2021-09-04,"Indie/AstraZeneca, Johnson&Johnson, Moderna, Oxford/AstraZeneca, Pfizer/BioNTech",5996821,5807085,11803906
2021-09-05,"Johnson&Johnson, Moderna, Oxford/AstraZeneca, Pfizer/BioNTech",5998870,5809938,11808808
2021-09-06,"Indie/AstraZeneca, Johnson&Johnson, Moderna, Oxford/AstraZeneca, Pfizer/BioNTech",6005113,5822495,11827608
2021-09-07,"Johnson&Johnson, Moderna, Oxford/AstraZeneca, Pfizer/BioNTech",6009510,5833600,11843110
2021-09-08,"Johnson&Johnson, Moderna, Oxford/AstraZeneca, Pfizer/BioNTech, Čína",6015193,5843476,11858669
2021-09-09,"Johnson&Johnson, Moderna, Oxford/AstraZeneca, Pfizer/BioNTech",6021897,5853558,11875455
2021-09-10,"Johnson&Johnson, Moderna, Oxford/AstraZeneca, Pfizer/BioNTech",6029604,5865758,11895362
2021-09-11,"Indie/AstraZeneca, Johnson&Johnson, Moderna, Oxford/AstraZeneca, Pfizer/BioNTech",6031483,5868262,11899745
2021-09-12,"Johnson&Johnson, Moderna, Oxford/AstraZeneca, Pfizer/BioNTech",6032603,5869901,11902504
2021-09-13,"Johnson&Johnson, Moderna, Oxford/AstraZeneca, Pfizer/BioNTech",6038049,5880225,11918274
2021-09-14,"Johnson&Johnson, Moderna, Oxford/AstraZeneca, Pfizer/BioNTech",6043454,5889248,11932702
2021-09-15,"Johnson&Johnson, Moderna, Oxford/AstraZeneca, Pfizer/BioNTech",6048674,5897787,11946461
2021-09-16,"Johnson&Johnson, Moderna, Oxford/AstraZeneca, Pfizer/BioNTech",6054046,5906069,11960115
2021-09-17,"Johnson&Johnson, Moderna, Oxford/AstraZeneca, Pfizer/BioNTech",6060624,5916316,11976940
2021-09-18,"Johnson&Johnson, Moderna, Oxford/AstraZeneca, Pfizer/BioNTech",6062357,5918685,11981042
2021-09-19,"Johnson&Johnson, Moderna, Oxford/AstraZeneca, Pfizer/BioNTech",6063305,5920259,11983564
2021-09-20,"Johnson&Johnson, Moderna, Oxford/AstraZeneca, Pfizer/BioNTech",6067337,5928465,11995802
2021-09-21,"Johnson&Johnson, Moderna, Oxford/AstraZeneca, Pfizer/BioNTech",6071584,5936008,12007592
2021-09-22,"Johnson&Johnson, Moderna, Oxford/AstraZeneca, Pfizer/BioNTech, Čína",6075784,5941543,12017327
2021-09-23,"Johnson&Johnson, Moderna, Oxford/AstraZeneca, Pfizer/BioNTech",6080745,5947965,12028710
2021-09-24,"Johnson&Johnson, Moderna, Oxford/AstraZeneca, Pfizer/BioNTech",6086510,5957592,12044102
2021-09-25,"Johnson&Johnson, Moderna, Oxford/AstraZeneca, Pfizer/BioNTech",6088013,5959594,12047607
2021-09-26,"Johnson&Johnson, Moderna, Oxford/AstraZeneca, Pfizer/BioNTech",6088762,5961239,12050001
2021-09-27,"Indie/AstraZeneca, Johnson&Johnson, Moderna, Oxford/AstraZeneca, Pfizer/BioNTech, Čína",6092652,5967764,12060416
2021-09-28,"Johnson&Johnson, Moderna, Oxford/AstraZeneca, Pfizer/BioNTech",6093031,5968405,12061436
2021-09-29,"Johnson&Johnson, Moderna, Oxford/AstraZeneca, Pfizer/BioNTech",6096810,5975871,12072681
2021-09-30,"Johnson&Johnson, Moderna, Oxford/AstraZeneca, Pfizer/BioNTech",6101335,5983589,12084924
2021-10-01,"Johnson&Johnson, Moderna, Oxford/AstraZeneca, Pfizer/BioNTech, Čína",6105653,5991582,12097235
2021-10-02,"Johnson&Johnson, Moderna, Oxford/AstraZeneca, Pfizer/BioNTech, Čína",6106720,5993133,12099853
2021-10-03,"Johnson&Johnson, Moderna, Oxford/AstraZeneca, Pfizer/BioNTech",6107445,5994008,12101453
2021-10-04,"Johnson&Johnson, Moderna, Oxford/AstraZeneca, Pfizer/BioNTech",6110527,5999590,12110117
2021-10-05,"Johnson&Johnson, Moderna, Oxford/AstraZeneca, Pfizer/BioNTech",6113693,6004680,12118373
2021-10-06,"Johnson&Johnson, Moderna, Oxford/AstraZeneca, Pfizer/BioNTech",6117216,6009861,12127077
2021-10-07,"Johnson&Johnson, Moderna, Oxford/AstraZeneca, Pfizer/BioNTech",6120503,6015125,12135628
2021-10-08,"Johnson&Johnson, Moderna, Oxford/AstraZeneca, Pfizer/BioNTech",6125302,6021777,12147079
2021-10-09,"Indie/AstraZeneca, Johnson&Johnson, Moderna, Oxford/AstraZeneca, Pfizer/BioNTech",6126548,6023448,12149996
2021-10-10,"Johnson&Johnson, Moderna, Oxford/AstraZeneca, Pfizer/BioNTech",6127496,6024286,12151782
2021-10-11,"Johnson&Johnson, Moderna, Oxford/AstraZeneca, Pfizer/BioNTech",6130426,6028714,12159140
2021-10-12,"Johnson&Johnson, Moderna, Oxford/AstraZeneca, Pfizer/BioNTech",6133370,6032719,12166089
2021-10-13,"Johnson&Johnson, Moderna, Oxford/AstraZeneca, Pfizer/BioNTech",6136906,6036918,12173824
2021-10-14,"Johnson&Johnson, Moderna, Oxford/AstraZeneca, Pfizer/BioNTech",6140580,6041871,12182451
2021-10-15,"Johnson&Johnson, Moderna, Oxford/AstraZeneca, Pfizer/BioNTech",6145815,6048024,12193839
2021-10-16,"Johnson&Johnson, Moderna, Oxford/AstraZeneca, Pfizer/BioNTech",6147232,6049557,12196789
2021-10-17,"Johnson&Johnson, Moderna, Pfizer/BioNTech, Čína",6148558,6050617,12199175
2021-10-18,"Johnson&Johnson, Moderna, Oxford/AstraZeneca, Pfizer/BioNTech",6152672,6054727,12207399
2021-10-19,"Johnson&Johnson, Moderna, Oxford/AstraZeneca, Pfizer/BioNTech",6156256,6056830,12213086
2021-10-20,"Johnson&Johnson, Moderna, Oxford/AstraZeneca, Pfizer/BioNTech",6161149,6061296,12222445
2021-10-21,"Johnson&Johnson, Moderna, Oxford/AstraZeneca, Pfizer/BioNTech",6168918,6066908,12235826
2021-10-22,"Johnson&Johnson, Moderna, Oxford/AstraZeneca, Pfizer/BioNTech",6179382,6073413,12252795
2021-10-23,"Johnson&Johnson, Moderna, Oxford/AstraZeneca, Pfizer/BioNTech",6183067,6075626,12258693
2021-10-24,"Johnson&Johnson, Moderna, Oxford/AstraZeneca, Pfizer/BioNTech",6185753,6077406,12263159
2021-10-25,"Johnson&Johnson, Moderna, Oxford/AstraZeneca, Pfizer/BioNTech",6196267,6083228,12279495
2021-10-26,"Johnson&Johnson, Moderna, Oxford/AstraZeneca, Pfizer/BioNTech, Čína",6208265,6089781,12298046
2021-10-27,"Johnson&Johnson, Moderna, Oxford/AstraZeneca, Pfizer/BioNTech, Čína",6222875,6097199,12320074
2021-10-28,"Johnson&Johnson, Moderna, Oxford/AstraZeneca, Pfizer/BioNTech",6226309,6098891,12325200
2021-10-29,"Johnson&Johnson, Moderna, Oxford/AstraZeneca, Pfizer/BioNTech",6240756,6106883,12347639
2021-10-30,"Johnson&Johnson, Moderna, Oxford/AstraZeneca, Pfizer/BioNTech",6245283,6109811,12355094
2021-10-31,"Johnson&Johnson, Moderna, Oxford/AstraZeneca, Pfizer/BioNTech",6249045,6112288,12361333
2021-11-01,"Johnson&Johnson, Moderna, Oxford/AstraZeneca, Pfizer/BioNTech",6264242,6119970,12384212
2021-11-02,"Johnson&Johnson, Moderna, Oxford/AstraZeneca, Pfizer/BioNTech, Čína",6279694,6127531,12407225
2021-11-03,"Johnson&Johnson, Moderna, Oxford/AstraZeneca, Pfizer/BioNTech, Čína",6296882,6134825,12431707
2021-11-04,"Johnson&Johnson, Moderna, Oxford/AstraZeneca, Pfizer/BioNTech",6315229,6143005,12458234
2021-11-05,"Johnson&Johnson, Moderna, Oxford/AstraZeneca, Pfizer/BioNTech",6338034,6154299,12492333
2021-11-06,"Johnson&Johnson, Moderna, Oxford/AstraZeneca, Pfizer/BioNTech",6344552,6157359,12501911
2021-11-07,"Johnson&Johnson, Moderna, Oxford/AstraZeneca, Pfizer/BioNTech",6348581,6159797,12508378
2021-11-08,"Johnson&Johnson, Moderna, Oxford/AstraZeneca, Pfizer/BioNTech",6364846,6167426,12532272
2021-11-09,"Johnson&Johnson, Moderna, Oxford/AstraZeneca, Pfizer/BioNTech",6379660,6174731,12554391
2021-11-10,"Johnson&Johnson, Moderna, Oxford/AstraZeneca, Pfizer/BioNTech",6395399,6182119,12577518
2021-11-11,"Johnson&Johnson, Moderna, Oxford/AstraZeneca, Pfizer/BioNTech, Čína",6410876,6191229,12602105
2021-11-12,"Johnson&Johnson, Moderna, Oxford/AstraZeneca, Pfizer/BioNTech",6430679,6204029,12634708
2021-11-13,"Johnson&Johnson, Moderna, Oxford/AstraZeneca, Pfizer/BioNTech",6436076,6207910,12643986
2021-11-14,"Johnson&Johnson, Moderna, Oxford/AstraZeneca, Pfizer/BioNTech",6439975,6210920,12650895
2021-11-15,"Johnson&Johnson, Moderna, Oxford/AstraZeneca, Pfizer/BioNTech",6455063,6221628,12676691
2021-11-16,"Johnson&Johnson, Moderna, Oxford/AstraZeneca, Pfizer/BioNTech",6472594,6233608,12706202
2021-11-17,"Johnson&Johnson, Moderna, Oxford/AstraZeneca, Pfizer/BioNTech",6476839,6237181,12714020
2021-11-18,"Johnson&Johnson, Moderna, Oxford/AstraZeneca, Pfizer/BioNTech",6496252,6248873,12745125
2021-11-19,"Johnson&Johnson, Moderna, Oxford/AstraZeneca, Pfizer/BioNTech",6520863,6265853,12786716
2021-11-20,"Johnson&Johnson, Moderna, Oxford/AstraZeneca, Pfizer/BioNTech",6529440,6270840,12800280
2021-11-21,"Johnson&Johnson, Moderna, Oxford/AstraZeneca, Pfizer/BioNTech",6536208,6274618,12810826
2021-11-22,"Johnson&Johnson, Moderna, Oxford/AstraZeneca, Pfizer/BioNTech, Čína",6554718,6288734,12843452
2021-11-23,"Johnson&Johnson, Moderna, Oxford/AstraZeneca, Pfizer/BioNTech",6573786,6302001,12875787
2021-11-24,"Johnson&Johnson, Moderna, Oxford/AstraZeneca, Pfizer/BioNTech",6592797,6317854,12910651
2021-11-25,"Johnson&Johnson, Moderna, Oxford/AstraZeneca, Pfizer/BioNTech",6611942,6332901,12944843
2021-11-26,"Johnson&Johnson, Moderna, Oxford/AstraZeneca, Pfizer/BioNTech",6633601,6352043,12985644
2021-11-27,"Johnson&Johnson, Moderna, Oxford/AstraZeneca, Pfizer/BioNTech",6641073,6357600,12998673
2021-11-28,"Johnson&Johnson, Moderna, Oxford/AstraZeneca, Pfizer/BioNTech",6644406,6360740,13005146
2021-11-29,"Johnson&Johnson, Moderna, Oxford/AstraZeneca, Pfizer/BioNTech",6659612,6374403,13034015
2021-11-30,"Johnson&Johnson, Moderna, Oxford/AstraZeneca, Pfizer/BioNTech",6672815,6385636,13058451
2021-12-01,"Johnson&Johnson, Moderna, Oxford/AstraZeneca, Pfizer/BioNTech",6686857,6398096,13084953
2021-12-02,"Johnson&Johnson, Moderna, Oxford/AstraZeneca, Pfizer/BioNTech, Čína",6697500,6410593,13108093
2021-12-03,"Johnson&Johnson, Moderna, Oxford/AstraZeneca, Pfizer/BioNTech",6707140,6426174,13133314
2021-12-04,"Johnson&Johnson, Moderna, Pfizer/BioNTech",6709697,6430132,13139829
2021-12-05,"Johnson&Johnson, Moderna, Oxford/AstraZeneca, Pfizer/BioNTech",6711058,6432477,13143535
2021-12-06,"Johnson&Johnson, Moderna, Oxford/AstraZeneca, Pfizer/BioNTech",6719206,6444005,13163211
2021-12-07,"Johnson&Johnson, Moderna, Oxford/AstraZeneca, Pfizer/BioNTech",6727096,6456019,13183115
2021-12-08,"Johnson&Johnson, Moderna, Oxford/AstraZeneca, Pfizer/BioNTech",6735342,6461949,13197291
2021-12-09,"Johnson&Johnson, Moderna, Oxford/AstraZeneca, Pfizer/BioNTech",6742462,6474772,13217234
2021-12-10,"Johnson&Johnson, Moderna, Oxford/AstraZeneca, Pfizer/BioNTech",6749392,6492580,13241972
2021-12-11,"Johnson&Johnson, Moderna, Oxford/AstraZeneca, Pfizer/BioNTech",6751048,6497847,13248895
2021-12-12,"Johnson&Johnson, Moderna, Oxford/AstraZeneca, Pfizer/BioNTech",6752359,6502284,13254643
2021-12-13,"Johnson&Johnson, Moderna, Oxford/AstraZeneca, Pfizer/BioNTech",6758715,6515596,13274311
2021-12-14,"Johnson&Johnson, Moderna, Oxford/AstraZeneca, Pfizer/BioNTech",6764925,6529267,13294192
2021-12-15,"Johnson&Johnson, Moderna, Oxford/AstraZeneca, Pfizer/BioNTech",6771131,6542864,13313995
2021-12-16,"Johnson&Johnson, Moderna, Oxford/AstraZeneca, Pfizer/BioNTech",6778075,6557700,13335775
2021-12-17,"Johnson&Johnson, Moderna, Oxford/AstraZeneca, Pfizer/BioNTech",6786441,6574970,13361411
2021-12-18,"Johnson&Johnson, Moderna, Oxford/AstraZeneca, Pfizer/BioNTech",6789052,6580427,13369479
2021-12-19,"Johnson&Johnson, Moderna, Pfizer/BioNTech",6790824,6582931,13373755
2021-12-20,"Johnson&Johnson, Moderna, Oxford/AstraZeneca, Pfizer/BioNTech",6796676,6596995,13393671
2021-12-21,"Johnson&Johnson, Moderna, Oxford/AstraZeneca, Pfizer/BioNTech",6803339,6609005,13412344
2021-12-22,"Johnson&Johnson, Moderna, Oxford/AstraZeneca, Pfizer/BioNTech",6808386,6622065,13430451
2021-12-23,"Johnson&Johnson, Moderna, Oxford/AstraZeneca, Pfizer/BioNTech",6811261,6627670,13438931
2021-12-24,"Johnson&Johnson, Moderna, Oxford/AstraZeneca, Pfizer/BioNTech",6811307,6627774,13439081
2021-12-25,"Moderna, Pfizer/BioNTech",6811309,6627782,13439091
2021-12-26,"Moderna, Pfizer/BioNTech",6811411,6627985,13439396
2021-12-27,"Johnson&Johnson, Moderna, Pfizer/BioNTech",6815278,6637731,13453009
2021-12-28,"Johnson&Johnson, Moderna, Oxford/AstraZeneca, Pfizer/BioNTech",6820518,6645729,13466247
2021-12-29,"Johnson&Johnson, Moderna, Oxford/AstraZeneca, Pfizer/BioNTech",6824800,6653450,13478250
2021-12-30,"Johnson&Johnson, Moderna, Pfizer/BioNTech",6829101,6658884,13487985
2021-12-31,"Johnson&Johnson, Moderna, Pfizer/BioNTech",6829612,6660309,13489921
2022-01-01,"Moderna, Pfizer/BioNTech",6829618,6660327,13489945
2022-01-02,"Johnson&Johnson, Moderna, Pfizer/BioNTech",6830474,6661704,13492178
2022-01-03,"Johnson&Johnson, Moderna, Oxford/AstraZeneca, Pfizer/BioNTech",6834610,6670613,13505223
2022-01-04,"Johnson&Johnson, Moderna, Oxford/AstraZeneca, Pfizer/BioNTech",6839693,6678369,13518062
2022-01-05,"Johnson&Johnson, Moderna, Oxford/AstraZeneca, Pfizer/BioNTech",6845515,6686343,13531858
2022-01-06,"Johnson&Johnson, Moderna, Oxford/AstraZeneca, Pfizer/BioNTech",6852102,6694744,13546846
2022-01-07,"Johnson&Johnson, Moderna, Oxford/AstraZeneca, Pfizer/BioNTech",6859977,6705100,13565077
2022-01-08,"Johnson&Johnson, Moderna, Oxford/AstraZeneca, Pfizer/BioNTech",6862455,6707878,13570333
2022-01-09,"Johnson&Johnson, Moderna, Pfizer/BioNTech",6863538,6709574,13573112
2022-01-10,"Johnson&Johnson, Moderna, Oxford/AstraZeneca, Pfizer/BioNTech",6868045,6715767,13583812
2022-01-11,"Johnson&Johnson, Moderna, Oxford/AstraZeneca, Pfizer/BioNTech",6873494,6722524,13596018
2022-01-12,"Johnson&Johnson, Moderna, Oxford/AstraZeneca, Pfizer/BioNTech",6879451,6728167,13607618
2022-01-13,"Johnson&Johnson, Moderna, Oxford/AstraZeneca, Pfizer/BioNTech",6885340,6732943,13618283
2022-01-14,"Johnson&Johnson, Moderna, Oxford/AstraZeneca, Pfizer/BioNTech",6891642,6736574,13628216
2022-01-15,"Johnson&Johnson, Moderna, Oxford/AstraZeneca, Pfizer/BioNTech",6892918,6737230,13630148
2022-01-16,"Johnson&Johnson, Moderna, Oxford/AstraZeneca, Pfizer/BioNTech",6893608,6737667,13631275
2022-01-17,"Johnson&Johnson, Moderna, Oxford/AstraZeneca, Pfizer/BioNTech",6897163,6741623,13638786
2022-01-18,"Johnson&Johnson, Moderna, Oxford/AstraZeneca, Pfizer/BioNTech",6901012,6746575,13647587
2022-01-19,"Johnson&Johnson, Moderna, Oxford/AstraZeneca, Pfizer/BioNTech",6905081,6750507,13655588
2022-01-20,"Johnson&Johnson, Moderna, Oxford/AstraZeneca, Pfizer/BioNTech",6908679,6754962,13663641
2022-01-21,"Johnson&Johnson, Moderna, Oxford/AstraZeneca, Pfizer/BioNTech",6912677,6757490,13670167
2022-01-22,"Johnson&Johnson, Moderna, Pfizer/BioNTech",6913456,6757931,13671387
2022-01-23,"Johnson&Johnson, Moderna, Pfizer/BioNTech",6914017,6758565,13672582
2022-01-24,"Johnson&Johnson, Moderna, Oxford/AstraZeneca, Pfizer/BioNTech",6916289,6762001,13678290
2022-01-25,"Johnson&Johnson, Moderna, Oxford/AstraZeneca, Pfizer/BioNTech",6918647,6765995,13684642
2022-01-26,"Johnson&Johnson, Moderna, Oxford/AstraZeneca, Pfizer/BioNTech",6921031,6770564,13691595
2022-01-27,"Johnson&Johnson, Moderna, Oxford/AstraZeneca, Pfizer/BioNTech",6923353,6775375,13698728
2022-01-28,"Johnson&Johnson, Moderna, Oxford/AstraZeneca, Pfizer/BioNTech",6926271,6781541,13707812
2022-01-29,"Johnson&Johnson, Moderna, Oxford/AstraZeneca, Pfizer/BioNTech",6926873,6783192,13710065
2022-01-30,"Johnson&Johnson, Moderna, Pfizer/BioNTech",6927100,6783974,13711074
2022-01-31,"Johnson&Johnson, Moderna, Pfizer/BioNTech",6928641,6787901,13716542
2022-02-01,"Johnson&Johnson, Moderna, Pfizer/BioNTech",6930235,6791933,13722168
2022-02-02,"Johnson&Johnson, Moderna, Oxford/AstraZeneca, Pfizer/BioNTech",6931800,6796445,13728245
2022-02-03,"Johnson&Johnson, Moderna, Pfizer/BioNTech",6933180,6800930,13734110
2022-02-04,"Johnson&Johnson, Moderna, Pfizer/BioNTech",6934781,6806045,13740826
2022-02-05,"Johnson&Johnson, Moderna, Pfizer/BioNTech",6934954,6806655,13741609
2022-02-06,"Johnson&Johnson, Moderna, Pfizer/BioNTech",6935050,6806974,13742024
2022-02-07,"Johnson&Johnson, Moderna, Pfizer/BioNTech",6935753,6810183,13745936
2022-02-08,"Johnson&Johnson, Moderna, Pfizer/BioNTech",6936548,6813372,13749920
2022-02-09,"Johnson&Johnson, Moderna, Pfizer/BioNTech",6937370,6816746,13754116
2022-02-10,"Johnson&Johnson, Moderna, Pfizer/BioNTech",6938174,6819877,13758051
2022-02-11,"Johnson&Johnson, Moderna, Pfizer/BioNTech",6939128,6823792,13762920
2022-02-12,"Johnson&Johnson, Moderna, Pfizer/BioNTech",6939238,6824211,13763449
2022-02-13,"Johnson&Johnson, Moderna, Pfizer/BioNTech",6939275,6824649,13763924
2022-02-14,"Johnson&Johnson, Moderna, Pfizer/BioNTech",6939733,6826761,13766494
2022-02-15,"Johnson&Johnson, Moderna, Pfizer/BioNTech",6940286,6828971,13769257
2022-02-16,"Johnson&Johnson, Moderna, Pfizer/BioNTech",6940877,6831070,13771947
2022-02-17,"Johnson&Johnson, Moderna, Pfizer/BioNTech",6941472,6833412,13774884
2022-02-18,"Johnson&Johnson, Moderna, Oxford/AstraZeneca, Pfizer/BioNTech",6942114,6836465,13778579
2022-02-19,"Johnson&Johnson, Moderna, Pfizer/BioNTech",6942194,6836746,13778940
2022-02-20,"Johnson&Johnson, Moderna, Oxford/AstraZeneca, Pfizer/BioNTech",6942232,6836895,13779127
2022-02-21,"Johnson&Johnson, Moderna, Pfizer/BioNTech",6942596,6838595,13781191
2022-02-22,"Johnson&Johnson, Moderna, Oxford/AstraZeneca, Pfizer/BioNTech",6942989,6840293,13783282
2022-02-23,"Johnson&Johnson, Moderna, Pfizer/BioNTech",6943446,6841936,13785382
2022-02-24,"Johnson&Johnson, Moderna, Pfizer/BioNTech",6943854,6843567,13787421
2022-02-25,"Johnson&Johnson, Moderna, Pfizer/BioNTech",6944437,6845652,13790089
2022-02-26,"Johnson&Johnson, Moderna, Pfizer/BioNTech",6944498,6845813,13790311
2022-02-27,"Johnson&Johnson, Moderna, Pfizer/BioNTech",6944528,6845889,13790417
2022-02-28,"Johnson&Johnson, Moderna, Pfizer/BioNTech",6944774,6846865,13791639
2022-03-01,"Johnson&Johnson, Moderna, Pfizer/BioNTech",6945081,6847649,13792730
2022-03-02,"Johnson&Johnson, Moderna, Novavax, Pfizer/BioNTech",6945454,6848557,13794011
2022-03-03,"Johnson&Johnson, Moderna, Novavax, Pfizer/BioNTech",6945791,6849500,13795291
2022-03-04,"Johnson&Johnson, Moderna, Novavax, Pfizer/BioNTech",6946423,6850721,13797144
2022-03-05,"Johnson&Johnson, Moderna, Novavax, Pfizer/BioNTech",6946504,6850814,13797318
2022-03-06,"Moderna, Novavax, Pfizer/BioNTech",6946517,6850832,13797349
2022-03-07,"Johnson&Johnson, Moderna, Novavax, Pfizer/BioNTech",6946852,6851390,13798242
2022-03-08,"Johnson&Johnson, Moderna, Novavax, Pfizer/BioNTech",6947187,6851932,13799119
2022-03-09,"Johnson&Johnson, Moderna, Novavax, Pfizer/BioNTech",6947576,6852521,13800097
2022-03-10,"Johnson&Johnson, Moderna, Novavax, Pfizer/BioNTech",6947988,6853194,13801182
2022-03-11,"Johnson&Johnson, Moderna, Novavax, Pfizer/BioNTech",6948737,6854104,13802841
2022-03-12,"Johnson&Johnson, Moderna, Novavax, Pfizer/BioNTech",6948808,6854209,13803017
2022-03-13,"Johnson&Johnson, Moderna, Novavax, Pfizer/BioNTech",6948821,6854228,13803049
2022-03-14,"Johnson&Johnson, Moderna, Novavax, Pfizer/BioNTech",6949088,6854611,13803699
2022-03-15,"Johnson&Johnson, Moderna, Novavax, Pfizer/BioNTech",6949372,6855047,13804419
2022-03-16,"Johnson&Johnson, Moderna, Novavax, Pfizer/BioNTech",6949691,6855590,13805281
2022-03-17,"Johnson&Johnson, Moderna, Novavax, Oxford/AstraZeneca, Pfizer/BioNTech",6949987,6856022,13806009
2022-03-18,"Johnson&Johnson, Moderna, Novavax, Pfizer/BioNTech",6950685,6856817,13807502
2022-03-19,"Moderna, Novavax, Pfizer/BioNTech",6950741,6856862,13807603
2022-03-20,"Moderna, Novavax, Pfizer/BioNTech",6950759,6856874,13807633
2022-03-21,"Johnson&Johnson, Moderna, Novavax, Pfizer/BioNTech",6950947,6857201,13808148
2022-03-22,"Johnson&Johnson, Moderna, Novavax, Pfizer/BioNTech",6951188,6857600,13808788
2022-03-23,"Johnson&Johnson, Moderna, Novavax, Pfizer/BioNTech",6951525,6858039,13809564
2022-03-24,"Johnson&Johnson, Moderna, Novavax, Pfizer/BioNTech",6951836,6858512,13810348
2022-03-25,"Johnson&Johnson, Moderna, Novavax, Pfizer/BioNTech",6952331,6859321,13811652
2022-03-26,"Johnson&Johnson, Moderna, Novavax, Pfizer/BioNTech",6952383,6859399,13811782
2022-03-27,"Moderna, Novavax, Pfizer/BioNTech",6952399,6859416,13811815
2022-03-28,"Johnson&Johnson, Moderna, Novavax, Pfizer/BioNTech",6952553,6859794,13812347
2022-03-29,"Johnson&Johnson, Moderna, Novavax, Pfizer/BioNTech",6952815,6860200,13813015
2022-03-30,"Johnson&Johnson, Moderna, Novavax, Pfizer/BioNTech",6953120,6860693,13813813
2022-03-31,"Johnson&Johnson, Moderna, Novavax, Pfizer/BioNTech",6953418,6861185,13814603
2022-04-01,"Johnson&Johnson, Moderna, Novavax, Pfizer/BioNTech",6954029,6861945,13815974
2022-04-02,"Moderna, Novavax, Pfizer/BioNTech",6954086,6862030,13816116
2022-04-03,"Moderna, Novavax, Pfizer/BioNTech",6954099,6862059,13816158
2022-04-04,"Johnson&Johnson, Moderna, Novavax, Pfizer/BioNTech",6954276,6862341,13816617
2022-04-05,"Johnson&Johnson, Moderna, Novavax, Pfizer/BioNTech",6954467,6862577,13817044
2022-04-06,"Johnson&Johnson, Moderna, Novavax, Pfizer/BioNTech",6954684,6862923,13817607
2022-04-07,"Johnson&Johnson, Moderna, Novavax, Pfizer/BioNTech",6954908,6863341,13818249
2022-04-08,"Johnson&Johnson, Moderna, Novavax, Pfizer/BioNTech",6955362,6864064,13819426
2022-04-09,"Johnson&Johnson, Moderna, Novavax, Pfizer/BioNTech",6955422,6864136,13819558
2022-04-10,"Moderna, Novavax, Pfizer/BioNTech",6955435,6864145,13819580
2022-04-11,"Johnson&Johnson, Moderna, Novavax, Pfizer/BioNTech",6955597,6864376,13819973
2022-04-12,"Johnson&Johnson, Moderna, Novavax, Pfizer/BioNTech",6955844,6864674,13820518
2022-04-13,"Johnson&Johnson, Moderna, Novavax, Pfizer/BioNTech",6956085,6865028,13821113
2022-04-14,"Johnson&Johnson, Moderna, Novavax, Pfizer/BioNTech",6956347,6865413,13821760
2022-04-15,"Moderna, Novavax, Pfizer/BioNTech",6956363,6865444,13821807
2022-04-16,"Johnson&Johnson, Moderna, Novavax, Pfizer/BioNTech",6956383,6865478,13821861
2022-04-17,"Moderna, Novavax, Pfizer/BioNTech",6956384,6865479,13821863
2022-04-18,"Moderna, Novavax, Pfizer/BioNTech",6956398,6865496,13821894
2022-04-19,"Johnson&Johnson, Moderna, Novavax, Pfizer/BioNTech",6956537,6865834,13822371
2022-04-20,"Johnson&Johnson, Moderna, Novavax, Pfizer/BioNTech",6956760,6866224,13822984
2022-04-21,"Johnson&Johnson, Moderna, Novavax, Pfizer/BioNTech",6956977,6866648,13823625
2022-04-22,"Johnson&Johnson, Moderna, Novavax, Pfizer/BioNTech",6957441,6867475,13824916
2022-04-23,"Moderna, Novavax, Pfizer/BioNTech",6957472,6867554,13825026
2022-04-24,"Moderna, Novavax, Pfizer/BioNTech",6957477,6867565,13825042
2022-04-25,"Johnson&Johnson, Moderna, Novavax, Pfizer/BioNTech",6957633,6867773,13825406
2022-04-26,"Johnson&Johnson, Moderna, Novavax, Pfizer/BioNTech",6957773,6868037,13825810
2022-04-27,"Johnson&Johnson, Moderna, Novavax, Pfizer/BioNTech",6958041,6868367,13826408
2022-04-28,"Johnson&Johnson, Moderna, Novavax, Pfizer/BioNTech",6958235,6868657,13826892
2022-04-29,"Johnson&Johnson, Moderna, Novavax, Pfizer/BioNTech",6958670,6869246,13827916
2022-04-30,"Moderna, Novavax, Pfizer/BioNTech",6958711,6869313,13828024
2022-05-01,"Moderna, Novavax, Oxford/AstraZeneca, Pfizer/BioNTech",6958716,6869323,13828039
2022-05-02,"Johnson&Johnson, Moderna, Novavax, Pfizer/BioNTech",6958856,6869505,13828361
2022-05-03,"Johnson&Johnson, Moderna, Novavax, Pfizer/BioNTech",6959013,6869761,13828774
2022-05-04,"Johnson&Johnson, Moderna, Novavax, Pfizer/BioNTech",6959219,6870036,13829255
2022-05-05,"Johnson&Johnson, Moderna, Novavax, Pfizer/BioNTech",6959426,6870326,13829752
2022-05-06,"Johnson&Johnson, Moderna, Novavax, Pfizer/BioNTech",6959802,6870668,13830470
2022-05-07,"Moderna, Novavax, Pfizer/BioNTech",6959829,6870694,13830523
2022-05-08,"Moderna, Pfizer/BioNTech",6959830,6870702,13830532
2022-05-09,"Johnson&Johnson, Moderna, Novavax, Pfizer/BioNTech",6959938,6870792,13830730
2022-05-10,"Johnson&Johnson, Moderna, Novavax, Pfizer/BioNTech",6960093,6871029,13831122
2022-05-11,"Johnson&Johnson, Moderna, Novavax, Oxford/AstraZeneca, Pfizer/BioNTech",6960313,6871296,13831609
2022-05-12,"Johnson&Johnson, Moderna, Novavax, Pfizer/BioNTech",6960514,6871573,13832087
2022-05-13,"Johnson&Johnson, Moderna, Novavax, Pfizer/BioNTech",6960860,6872071,13832931
2022-05-14,"Johnson&Johnson, Moderna, Novavax, Pfizer/BioNTech",6960901,6872111,13833012
2022-05-15,"Johnson&Johnson, Moderna, Novavax, Pfizer/BioNTech",6960915,6872122,13833037
2022-05-16,"Johnson&Johnson, Moderna, Novavax, Pfizer/BioNTech",6961025,6872242,13833267
2022-05-17,"Johnson&Johnson, Moderna, Novavax, Pfizer/BioNTech",6961167,6872397,13833564
2022-05-18,"Johnson&Johnson, Moderna, Novavax, Pfizer/BioNTech",6961403,6872728,13834131
2022-05-19,"Johnson&Johnson, Moderna, Novavax, Pfizer/BioNTech",6961596,6872979,13834575
2022-05-20,"Johnson&Johnson, Moderna, Novavax, Pfizer/BioNTech",6961896,6873532,13835428
2022-05-21,"Johnson&Johnson, Moderna, Novavax, Pfizer/BioNTech",6961935,6873561,13835496
2022-05-22,"Moderna, Pfizer/BioNTech",6961943,6873568,13835511
2022-05-23,"Johnson&Johnson, Moderna, Novavax, Pfizer/BioNTech",6962065,6873723,13835788
2022-05-24,"Johnson&Johnson, Moderna, Novavax, Pfizer/BioNTech",6962197,6873896,13836093
2022-05-25,"Johnson&Johnson, Moderna, Novavax, Oxford/AstraZeneca, Pfizer/BioNTech",6962372,6874145,13836517
2022-05-26,"Johnson&Johnson, Moderna, Novavax, Pfizer/BioNTech",6962524,6874370,13836894
2022-05-27,"Johnson&Johnson, Moderna, Novavax, Pfizer/BioNTech",6962793,6874836,13837629
2022-05-28,"Moderna, Novavax, Pfizer/BioNTech",6962830,6874885,13837715
2022-05-29,"Moderna, Novavax, Pfizer/BioNTech",6962839,6874889,13837728
2022-05-30,"Johnson&Johnson, Moderna, Novavax, Pfizer/BioNTech",6962926,6875046,13837972
2022-05-31,"Johnson&Johnson, Moderna, Novavax, Pfizer/BioNTech",6963075,6875242,13838317
2022-06-01,"Johnson&Johnson, Moderna, Novavax, Pfizer/BioNTech",6963206,6875472,13838678
2022-06-02,"Moderna, Novavax, Pfizer/BioNTech",6963336,6875712,13839048
2022-06-03,"Johnson&Johnson, Moderna, Novavax, Pfizer/BioNTech",6963595,6876171,13839766
2022-06-04,"Johnson&Johnson, Moderna, Novavax, Pfizer/BioNTech",6963628,6876211,13839839
2022-06-05,"Moderna, Novavax, Pfizer/BioNTech",6963635,6876217,13839852
2022-06-06,"Johnson&Johnson, Moderna, Novavax, Pfizer/BioNTech",6963723,6876360,13840083
2022-06-07,"Johnson&Johnson, Moderna, Novavax, Pfizer/BioNTech",6963806,6876519,13840325
2022-06-08,"Johnson&Johnson, Moderna, Novavax, Pfizer/BioNTech",6963941,6876767,13840708
2022-06-09,"Johnson&Johnson, Moderna, Novavax, Pfizer/BioNTech",6964036,6876969,13841005
2022-06-10,"Johnson&Johnson, Moderna, Novavax, Pfizer/BioNTech",6964212,6877301,13841513
2022-06-11,"Moderna, Novavax, Pfizer/BioNTech",6964226,6877340,13841566
2022-06-12,"Moderna, Novavax, Pfizer/BioNTech",6964232,6877363,13841595
2022-06-13,"Johnson&Johnson, Moderna, Novavax, Oxford/AstraZeneca, Pfizer/BioNTech",6964282,6877486,13841768
2022-06-14,"Johnson&Johnson, Moderna, Novavax, Pfizer/BioNTech",6964362,6877634,13841996
2022-06-15,"Johnson&Johnson, Moderna, Novavax, Pfizer/BioNTech",6964441,6877824,13842265
2022-06-16,"Johnson&Johnson, Moderna, Novavax, Pfizer/BioNTech",6964511,6878001,13842512
2022-06-17,"Johnson&Johnson, Moderna, Novavax, Pfizer/BioNTech",6964663,6878287,13842950
2022-06-18,"Moderna, Novavax, Pfizer/BioNTech",6964676,6878326,13843002
2022-06-19,"Moderna, Pfizer/BioNTech",6964679,6878334,13843013
2022-06-20,"Johnson&Johnson, Moderna, Novavax, Pfizer/BioNTech",6964740,6878452,13843192
2022-06-21,"Johnson&Johnson, Moderna, Novavax, Pfizer/BioNTech",6964803,6878578,13843381
2022-06-22,"Johnson&Johnson, Moderna, Novavax, Pfizer/BioNTech",6964897,6878755,13843652
2022-06-23,"Johnson&Johnson, Moderna, Novavax, Pfizer/BioNTech",6964958,6878922,13843880
2022-06-24,"Johnson&Johnson, Moderna, Novavax, Pfizer/BioNTech",6965110,6879268,13844378
2022-06-25,"Moderna, Novavax, Pfizer/BioNTech",6965130,6879320,13844450
2022-06-26,"Moderna, Pfizer/BioNTech",6965131,6879330,13844461
2022-06-27,"Johnson&Johnson, Moderna, Novavax, Pfizer/BioNTech",6965194,6879442,13844636
2022-06-28,"Johnson&Johnson, Moderna, Novavax, Pfizer/BioNTech",6965266,6879561,13844827
2022-06-29,"Johnson&Johnson, Moderna, Novavax, Pfizer/BioNTech",6965384,6879737,13845121
2022-06-30,"Johnson&Johnson, Moderna, Novavax, Pfizer/BioNTech",6965463,6879870,13845333
