date,vaccine,people_vaccinated,people_fully_vaccinated,total_vaccinations
2020-12-27,Pfizer/BioNTech,1283,0,1283
2020-12-28,Pfizer/BioNTech,3588,0,3588
2020-12-29,Pfizer/BioNTech,7051,1,7052
2020-12-30,Pfizer/BioNTech,10572,1,10573
2020-12-31,Pfizer/BioNTech,11879,1,11880
2021-01-01,"Moderna, Pfizer/BioNTech",12149,1,12150
2021-01-02,"Moderna, Pfizer/BioNTech",13431,1,13432
2021-01-03,"Moderna, Pfizer/BioNTech",14356,1,14357
2021-01-04,"Moderna, Pfizer/BioNTech",17973,1,17974
2021-01-05,"Moderna, Pfizer/BioNTech",22500,3,22503
2021-01-06,"Moderna, Pfizer/BioNTech",28348,4,28352
2021-01-07,"Moderna, Pfizer/BioNTech",36339,4,36343
2021-01-08,"Moderna, Pfizer/BioNTech",46390,5,46395
2021-01-09,"Moderna, Pfizer/BioNTech",48417,6,48423
2021-01-10,Pfizer/BioNTech,50187,7,50194
2021-01-11,"Moderna, Pfizer/BioNTech",60045,9,60054
2021-01-12,"Moderna, Pfizer/BioNTech",73503,11,73514
2021-01-13,"Moderna, Pfizer/BioNTech",87054,11,87065
2021-01-14,"Moderna, Pfizer/BioNTech",102308,15,102323
2021-01-15,"Moderna, Pfizer/BioNTech",116329,16,116345
2021-01-16,"Moderna, Pfizer/BioNTech",119732,20,119752
2021-01-17,"Moderna, Pfizer/BioNTech",122353,654,123007
2021-01-18,"Moderna, Pfizer/BioNTech",134848,2481,137329
2021-01-19,"Moderna, Pfizer/BioNTech",147460,5204,152664
2021-01-20,"Moderna, Pfizer/BioNTech",161154,7867,169021
2021-01-21,"Moderna, Pfizer/BioNTech",176810,9610,186420
2021-01-22,"Moderna, Pfizer/BioNTech",191703,10653,202356
2021-01-23,"Moderna, Pfizer/BioNTech",195024,11533,206557
2021-01-24,"Moderna, Pfizer/BioNTech",197280,12402,209682
2021-01-25,"Moderna, Pfizer/BioNTech",206932,15379,222311
2021-01-26,"Moderna, Pfizer/BioNTech",217481,19372,236853
2021-01-27,"Moderna, Pfizer/BioNTech",226513,23907,250420
2021-01-28,"Moderna, Pfizer/BioNTech",233617,30033,263650
2021-01-29,"Moderna, Pfizer/BioNTech",239835,37940,277775
2021-01-30,"Moderna, Pfizer/BioNTech",240576,39028,279604
2021-01-31,"Moderna, Pfizer/BioNTech",241292,40210,281502
2021-02-01,"Moderna, Pfizer/BioNTech",245274,48178,293452
2021-02-02,"Moderna, Pfizer/BioNTech",249426,58418,307844
2021-02-03,"Moderna, Pfizer/BioNTech",253851,69441,323292
2021-02-04,"Moderna, Pfizer/BioNTech",258758,82434,341192
2021-02-05,"Moderna, Pfizer/BioNTech",264230,93105,357335
2021-02-06,"Moderna, Oxford/AstraZeneca, Pfizer/BioNTech",265086,95472,360558
2021-02-07,"Moderna, Oxford/AstraZeneca, Pfizer/BioNTech",265937,97972,363909
2021-02-08,"Moderna, Oxford/AstraZeneca, Pfizer/BioNTech",270030,109410,379440
2021-02-09,"Moderna, Oxford/AstraZeneca, Pfizer/BioNTech",275138,121326,396464
2021-02-10,"Moderna, Oxford/AstraZeneca, Pfizer/BioNTech",280653,134587,415240
2021-02-11,"Moderna, Oxford/AstraZeneca, Pfizer/BioNTech",286993,150811,437804
2021-02-12,"Moderna, Oxford/AstraZeneca, Pfizer/BioNTech",293824,165555,459379
2021-02-13,"Moderna, Oxford/AstraZeneca, Pfizer/BioNTech",295438,168544,463982
2021-02-14,"Moderna, Oxford/AstraZeneca, Pfizer/BioNTech",296442,169930,466372
2021-02-15,"Moderna, Oxford/AstraZeneca, Pfizer/BioNTech",302840,179302,482142
2021-02-16,"Moderna, Oxford/AstraZeneca, Pfizer/BioNTech",311561,188387,499948
2021-02-17,"Moderna, Oxford/AstraZeneca, Pfizer/BioNTech",321261,196696,517957
2021-02-18,"Moderna, Oxford/AstraZeneca, Pfizer/BioNTech",333592,204781,538373
2021-02-19,"Moderna, Oxford/AstraZeneca, Pfizer/BioNTech",345458,212161,557619
2021-02-20,"Moderna, Oxford/AstraZeneca, Pfizer/BioNTech",347465,213347,560812
2021-02-21,"Moderna, Oxford/AstraZeneca, Pfizer/BioNTech",348601,214372,562973
2021-02-22,"Moderna, Oxford/AstraZeneca, Pfizer/BioNTech",358726,220408,579134
2021-02-23,"Moderna, Oxford/AstraZeneca, Pfizer/BioNTech",371693,227400,599093
2021-02-24,"Moderna, Oxford/AstraZeneca, Pfizer/BioNTech",385576,233440,619016
2021-02-25,"Moderna, Oxford/AstraZeneca, Pfizer/BioNTech",403558,238991,642549
2021-02-26,"Moderna, Oxford/AstraZeneca, Pfizer/BioNTech",419738,244351,664089
2021-02-27,"Moderna, Oxford/AstraZeneca, Pfizer/BioNTech",422748,244910,667658
2021-02-28,"Moderna, Oxford/AstraZeneca, Pfizer/BioNTech",425105,245462,670567
2021-03-01,"Moderna, Oxford/AstraZeneca, Pfizer/BioNTech",444702,248914,693616
2021-03-02,"Moderna, Oxford/AstraZeneca, Pfizer/BioNTech",471930,252464,724394
2021-03-03,"Moderna, Oxford/AstraZeneca, Pfizer/BioNTech",502888,256974,759862
2021-03-04,"Moderna, Oxford/AstraZeneca, Pfizer/BioNTech",536183,261664,797847
2021-03-05,"Johnson&Johnson, Moderna, Oxford/AstraZeneca, Pfizer/BioNTech",565033,267091,832124
2021-03-06,"Johnson&Johnson, Moderna, Oxford/AstraZeneca, Pfizer/BioNTech",577188,267956,845144
2021-03-07,"Johnson&Johnson, Moderna, Oxford/AstraZeneca, Pfizer/BioNTech",588736,268798,857534
2021-03-08,"Johnson&Johnson, Moderna, Oxford/AstraZeneca, Pfizer/BioNTech",618491,273660,892151
2021-03-09,"Johnson&Johnson, Moderna, Oxford/AstraZeneca, Pfizer/BioNTech",654860,280046,934906
2021-03-10,"Johnson&Johnson, Moderna, Oxford/AstraZeneca, Pfizer/BioNTech",696194,287006,983200
2021-03-11,"Johnson&Johnson, Moderna, Oxford/AstraZeneca, Pfizer/BioNTech",741046,295380,1036426
2021-03-12,"Johnson&Johnson, Moderna, Oxford/AstraZeneca, Pfizer/BioNTech",779819,303877,1083696
2021-03-13,"Johnson&Johnson, Moderna, Oxford/AstraZeneca, Pfizer/BioNTech",796928,305192,1102120
2021-03-14,"Johnson&Johnson, Moderna, Oxford/AstraZeneca, Pfizer/BioNTech",809047,306348,1115395
2021-03-15,"Johnson&Johnson, Moderna, Oxford/AstraZeneca, Pfizer/BioNTech",837433,315128,1152561
2021-03-16,"Johnson&Johnson, Moderna, Oxford/AstraZeneca, Pfizer/BioNTech",876323,325667,1201990
2021-03-17,"Moderna, Oxford/AstraZeneca, Pfizer/BioNTech",913813,336180,1249993
2021-03-18,"Johnson&Johnson, Moderna, Oxford/AstraZeneca, Pfizer/BioNTech",951822,348603,1300425
2021-03-19,"Moderna, Oxford/AstraZeneca, Pfizer/BioNTech",986335,362218,1348553
2021-03-20,"Johnson&Johnson, Moderna, Oxford/AstraZeneca, Pfizer/BioNTech",1001518,364250,1365768
2021-03-21,"Johnson&Johnson, Moderna, Oxford/AstraZeneca, Pfizer/BioNTech",1008959,365810,1374769
2021-03-22,"Johnson&Johnson, Moderna, Oxford/AstraZeneca, Pfizer/BioNTech",1033546,378313,1411859
2021-03-23,"Johnson&Johnson, Moderna, Oxford/AstraZeneca, Pfizer/BioNTech",1060217,391679,1451896
2021-03-24,"Johnson&Johnson, Moderna, Oxford/AstraZeneca, Pfizer/BioNTech",1087100,407426,1494526
2021-03-25,"Johnson&Johnson, Moderna, Oxford/AstraZeneca, Pfizer/BioNTech",1113459,425282,1538741
2021-03-26,"Johnson&Johnson, Moderna, Oxford/AstraZeneca, Pfizer/BioNTech",1138297,442793,1581090
2021-03-27,"Johnson&Johnson, Moderna, Oxford/AstraZeneca, Pfizer/BioNTech",1146752,447639,1594391
2021-03-28,"Moderna, Oxford/AstraZeneca, Pfizer/BioNTech",1152300,451787,1604087
2021-03-29,"Johnson&Johnson, Moderna, Oxford/AstraZeneca, Pfizer/BioNTech",1171453,472524,1643977
2021-03-30,"Johnson&Johnson, Moderna, Oxford/AstraZeneca, Pfizer/BioNTech",1196163,494708,1690871
2021-03-31,"Johnson&Johnson, Moderna, Oxford/AstraZeneca, Pfizer/BioNTech",1219319,521778,1741097
2021-04-01,"Johnson&Johnson, Moderna, Oxford/AstraZeneca, Pfizer/BioNTech",1244998,553843,1798841
2021-04-02,"Johnson&Johnson, Moderna, Oxford/AstraZeneca, Pfizer/BioNTech",1251969,566644,1818613
2021-04-03,"Johnson&Johnson, Moderna, Oxford/AstraZeneca, Pfizer/BioNTech",1255617,577576,1833193
2021-04-04,"Johnson&Johnson, Moderna, Oxford/AstraZeneca, Pfizer/BioNTech",1258153,586500,1844653
2021-04-05,"Johnson&Johnson, Moderna, Oxford/AstraZeneca, Pfizer/BioNTech",1260579,593702,1854281
2021-04-06,"Johnson&Johnson, Moderna, Oxford/AstraZeneca, Pfizer/BioNTech",1276790,622979,1899769
2021-04-07,"Johnson&Johnson, Moderna, Oxford/AstraZeneca, Pfizer/BioNTech",1300285,645223,1945508
2021-04-08,"Johnson&Johnson, Moderna, Oxford/AstraZeneca, Pfizer/BioNTech",1339089,676269,2015358
2021-04-09,"Johnson&Johnson, Moderna, Oxford/AstraZeneca, Pfizer/BioNTech",1378685,706466,2085151
2021-04-10,"Johnson&Johnson, Moderna, Oxford/AstraZeneca, Pfizer/BioNTech",1394243,721775,2116018
2021-04-11,"Johnson&Johnson, Moderna, Oxford/AstraZeneca, Pfizer/BioNTech",1404045,731829,2135874
2021-04-12,"Johnson&Johnson, Moderna, Oxford/AstraZeneca, Pfizer/BioNTech",1442373,756971,2199344
2021-04-13,"Moderna, Oxford/AstraZeneca, Pfizer/BioNTech",1478676,783012,2261688
2021-04-14,"Moderna, Oxford/AstraZeneca, Pfizer/BioNTech",1517557,810383,2327940
2021-04-15,"Moderna, Oxford/AstraZeneca, Pfizer/BioNTech",1565389,836162,2401551
2021-04-16,"Moderna, Oxford/AstraZeneca, Pfizer/BioNTech",1610097,861843,2471940
2021-04-17,"Moderna, Oxford/AstraZeneca, Pfizer/BioNTech",1626819,870872,2497691
2021-04-18,"Moderna, Oxford/AstraZeneca, Pfizer/BioNTech",1639819,875859,2515678
2021-04-19,"Moderna, Oxford/AstraZeneca, Pfizer/BioNTech",1683790,891306,2575096
2021-04-20,"Johnson&Johnson, Moderna, Oxford/AstraZeneca, Pfizer/BioNTech",1726383,907189,2633572
2021-04-21,"Moderna, Oxford/AstraZeneca, Pfizer/BioNTech",1774160,921558,2695718
2021-04-22,"Johnson&Johnson, Moderna, Oxford/AstraZeneca, Pfizer/BioNTech",1828687,938959,2767646
2021-04-23,"Johnson&Johnson, Moderna, Oxford/AstraZeneca, Pfizer/BioNTech",1878705,951025,2829730
2021-04-24,"Johnson&Johnson, Moderna, Oxford/AstraZeneca, Pfizer/BioNTech",1896578,956288,2852866
2021-04-25,"Johnson&Johnson, Moderna, Oxford/AstraZeneca, Pfizer/BioNTech",1911290,960288,2871578
2021-04-26,"Johnson&Johnson, Moderna, Oxford/AstraZeneca, Pfizer/BioNTech",1960908,967854,2928762
2021-04-27,"Johnson&Johnson, Moderna, Oxford/AstraZeneca, Pfizer/BioNTech",2009911,980105,2990016
2021-04-28,"Johnson&Johnson, Moderna, Oxford/AstraZeneca, Pfizer/BioNTech",2068703,994134,3062837
2021-04-29,"Johnson&Johnson, Moderna, Oxford/AstraZeneca, Pfizer/BioNTech",2134325,1010053,3144378
2021-04-30,"Johnson&Johnson, Moderna, Oxford/AstraZeneca, Pfizer/BioNTech",2196625,1020047,3216672
2021-05-01,"Johnson&Johnson, Moderna, Oxford/AstraZeneca, Pfizer/BioNTech",2216009,1023509,3239518
2021-05-02,"Johnson&Johnson, Moderna, Oxford/AstraZeneca, Pfizer/BioNTech",2234960,1025797,3260757
2021-05-03,"Johnson&Johnson, Moderna, Oxford/AstraZeneca, Pfizer/BioNTech",2302249,1030877,3333126
2021-05-04,"Johnson&Johnson, Moderna, Oxford/AstraZeneca, Pfizer/BioNTech",2368805,1039249,3408054
2021-05-05,"Johnson&Johnson, Moderna, Oxford/AstraZeneca, Pfizer/BioNTech",2442034,1048693,3490727
2021-05-06,"Johnson&Johnson, Moderna, Oxford/AstraZeneca, Pfizer/BioNTech",2522497,1059444,3581941
2021-05-07,"Johnson&Johnson, Moderna, Oxford/AstraZeneca, Pfizer/BioNTech",2599847,1069583,3669430
2021-05-08,"Johnson&Johnson, Moderna, Oxford/AstraZeneca, Pfizer/BioNTech",2629365,1071370,3700735
2021-05-09,"Johnson&Johnson, Moderna, Oxford/AstraZeneca, Pfizer/BioNTech",2653613,1072591,3726204
2021-05-10,"Johnson&Johnson, Moderna, Oxford/AstraZeneca, Pfizer/BioNTech",2726443,1079835,3806278
2021-05-11,"Johnson&Johnson, Moderna, Oxford/AstraZeneca, Pfizer/BioNTech",2802609,1088668,3891277
2021-05-12,"Johnson&Johnson, Moderna, Oxford/AstraZeneca, Pfizer/BioNTech",2882570,1097807,3980377
2021-05-13,"Johnson&Johnson, Moderna, Oxford/AstraZeneca, Pfizer/BioNTech",2966637,1106995,4073632
2021-05-14,"Johnson&Johnson, Moderna, Oxford/AstraZeneca, Pfizer/BioNTech",3046184,1114819,4161003
2021-05-15,"Johnson&Johnson, Moderna, Oxford/AstraZeneca, Pfizer/BioNTech",3078154,1117095,4195249
2021-05-16,"Johnson&Johnson, Moderna, Oxford/AstraZeneca, Pfizer/BioNTech",3103977,1118377,4222354
2021-05-17,"Johnson&Johnson, Moderna, Oxford/AstraZeneca, Pfizer/BioNTech",3176543,1125131,4301674
2021-05-18,"Johnson&Johnson, Moderna, Oxford/AstraZeneca, Pfizer/BioNTech",3248537,1138250,4386787
2021-05-19,"Johnson&Johnson, Moderna, Oxford/AstraZeneca, Pfizer/BioNTech",3326045,1153423,4479468
2021-05-20,"Johnson&Johnson, Moderna, Oxford/AstraZeneca, Pfizer/BioNTech",3401571,1180491,4582062
2021-05-21,"Johnson&Johnson, Moderna, Oxford/AstraZeneca, Pfizer/BioNTech",3470439,1208294,4678733
2021-05-22,"Johnson&Johnson, Moderna, Oxford/AstraZeneca, Pfizer/BioNTech",3502899,1219525,4722424
2021-05-23,"Johnson&Johnson, Moderna, Oxford/AstraZeneca, Pfizer/BioNTech",3525340,1228572,4753912
2021-05-24,"Johnson&Johnson, Moderna, Oxford/AstraZeneca, Pfizer/BioNTech",3572546,1262257,4834803
2021-05-25,"Johnson&Johnson, Moderna, Oxford/AstraZeneca, Pfizer/BioNTech",3624471,1298108,4922579
2021-05-26,"Johnson&Johnson, Moderna, Oxford/AstraZeneca, Pfizer/BioNTech",3692274,1335666,5027940
2021-05-27,"Johnson&Johnson, Moderna, Oxford/AstraZeneca, Pfizer/BioNTech",3753732,1383041,5136773
2021-05-28,"Johnson&Johnson, Moderna, Oxford/AstraZeneca, Pfizer/BioNTech",3815515,1429653,5245168
2021-05-29,"Johnson&Johnson, Moderna, Oxford/AstraZeneca, Pfizer/BioNTech",3844781,1446785,5291566
2021-05-30,"Johnson&Johnson, Moderna, Oxford/AstraZeneca, Pfizer/BioNTech",3867206,1461250,5328456
2021-05-31,"Johnson&Johnson, Moderna, Oxford/AstraZeneca, Pfizer/BioNTech",3922984,1508790,5431774
2021-06-01,"Johnson&Johnson, Moderna, Oxford/AstraZeneca, Pfizer/BioNTech",3982088,1557678,5539766
2021-06-02,"Johnson&Johnson, Moderna, Oxford/AstraZeneca, Pfizer/BioNTech",4045068,1611707,5656775
2021-06-03,"Johnson&Johnson, Moderna, Oxford/AstraZeneca, Pfizer/BioNTech",4103344,1671957,5775301
2021-06-04,"Johnson&Johnson, Moderna, Oxford/AstraZeneca, Pfizer/BioNTech",4166484,1729399,5895883
2021-06-05,"Johnson&Johnson, Moderna, Oxford/AstraZeneca, Pfizer/BioNTech",4200686,1748320,5949006
2021-06-06,"Johnson&Johnson, Moderna, Oxford/AstraZeneca, Pfizer/BioNTech",4227649,1763494,5991143
2021-06-07,"Johnson&Johnson, Moderna, Oxford/AstraZeneca, Pfizer/BioNTech",4291346,1819161,6110507
2021-06-08,"Johnson&Johnson, Moderna, Oxford/AstraZeneca, Pfizer/BioNTech",4355373,1874195,6229568
2021-06-09,"Johnson&Johnson, Moderna, Oxford/AstraZeneca, Pfizer/BioNTech",4414603,1938909,6353512
2021-06-10,"Johnson&Johnson, Moderna, Oxford/AstraZeneca, Pfizer/BioNTech",4468478,2010242,6478720
2021-06-11,"Johnson&Johnson, Moderna, Oxford/AstraZeneca, Pfizer/BioNTech",4520615,2080102,6600717
2021-06-12,"Johnson&Johnson, Moderna, Oxford/AstraZeneca, Pfizer/BioNTech",4552662,2100948,6653610
2021-06-13,"Johnson&Johnson, Moderna, Oxford/AstraZeneca, Pfizer/BioNTech",4576704,2119390,6696094
2021-06-14,"Johnson&Johnson, Moderna, Oxford/AstraZeneca, Pfizer/BioNTech",4619805,2193817,6813622
2021-06-15,"Johnson&Johnson, Moderna, Oxford/AstraZeneca, Pfizer/BioNTech",4664493,2266228,6930721
2021-06-16,"Johnson&Johnson, Moderna, Oxford/AstraZeneca, Pfizer/BioNTech",4707308,2344510,7051818
2021-06-17,"Johnson&Johnson, Moderna, Oxford/AstraZeneca, Pfizer/BioNTech",4746742,2427643,7174385
2021-06-18,"Johnson&Johnson, Moderna, Oxford/AstraZeneca, Pfizer/BioNTech",4789197,2508249,7297446
2021-06-19,"Johnson&Johnson, Moderna, Oxford/AstraZeneca, Pfizer/BioNTech",4810991,2537584,7348575
2021-06-20,"Johnson&Johnson, Moderna, Oxford/AstraZeneca, Pfizer/BioNTech",4828397,2561471,7389868
2021-06-21,"Johnson&Johnson, Moderna, Oxford/AstraZeneca, Pfizer/BioNTech",4860913,2640126,7501039
2021-06-22,"Johnson&Johnson, Moderna, Oxford/AstraZeneca, Pfizer/BioNTech",4893883,2722483,7616366
2021-06-23,"Johnson&Johnson, Moderna, Oxford/AstraZeneca, Pfizer/BioNTech",4925594,2807760,7733354
2021-06-24,"Johnson&Johnson, Moderna, Oxford/AstraZeneca, Pfizer/BioNTech",4955462,2897824,7853286
2021-06-25,"Johnson&Johnson, Moderna, Oxford/AstraZeneca, Pfizer/BioNTech",4986557,2984079,7970636
2021-06-26,"Johnson&Johnson, Moderna, Oxford/AstraZeneca, Pfizer/BioNTech",5002464,3018972,8021436
2021-06-27,"Johnson&Johnson, Moderna, Oxford/AstraZeneca, Pfizer/BioNTech",5016428,3045693,8062121
2021-06-28,"Johnson&Johnson, Moderna, Oxford/AstraZeneca, Pfizer/BioNTech",5044843,3130945,8175788
2021-06-29,"Johnson&Johnson, Moderna, Oxford/AstraZeneca, Pfizer/BioNTech",5074133,3217505,8291638
2021-06-30,"Johnson&Johnson, Moderna, Oxford/AstraZeneca, Pfizer/BioNTech",5101650,3308572,8410222
2021-07-01,"Johnson&Johnson, Moderna, Oxford/AstraZeneca, Pfizer/BioNTech",5125641,3398704,8524345
2021-07-02,"Johnson&Johnson, Moderna, Oxford/AstraZeneca, Pfizer/BioNTech",5152382,3484661,8637043
2021-07-03,"Johnson&Johnson, Moderna, Oxford/AstraZeneca, Pfizer/BioNTech",5159493,3516236,8675729
2021-07-04,"Johnson&Johnson, Moderna, Oxford/AstraZeneca, Pfizer/BioNTech",5167073,3538057,8705130
2021-07-05,"Johnson&Johnson, Moderna, Oxford/AstraZeneca, Pfizer/BioNTech",5174483,3563471,8737954
2021-07-06,"Johnson&Johnson, Moderna, Oxford/AstraZeneca, Pfizer/BioNTech",5179948,3591198,8771146
2021-07-07,"Johnson&Johnson, Moderna, Oxford/AstraZeneca, Pfizer/BioNTech",5205775,3670243,8876018
2021-07-08,"Johnson&Johnson, Moderna, Oxford/AstraZeneca, Pfizer/BioNTech",5232394,3740615,8973009
2021-07-09,"Johnson&Johnson, Moderna, Oxford/AstraZeneca, Pfizer/BioNTech",5260337,3809984,9070321
2021-07-10,"Johnson&Johnson, Moderna, Oxford/AstraZeneca, Pfizer/BioNTech",5269705,3838665,9108370
2021-07-11,"Johnson&Johnson, Moderna, Oxford/AstraZeneca, Pfizer/BioNTech",5278254,3861571,9139825
2021-07-12,"Johnson&Johnson, Moderna, Oxford/AstraZeneca, Pfizer/BioNTech",5305784,3930695,9236479
2021-07-13,"Johnson&Johnson, Moderna, Oxford/AstraZeneca, Pfizer/BioNTech",5331987,4000604,9332591
2021-07-14,"Johnson&Johnson, Moderna, Oxford/AstraZeneca, Pfizer/BioNTech",5357823,4072645,9430468
2021-07-15,"Johnson&Johnson, Moderna, Oxford/AstraZeneca, Pfizer/BioNTech",5387007,4138698,9525705
2021-07-16,"Johnson&Johnson, Moderna, Oxford/AstraZeneca, Pfizer/BioNTech",5414931,4211476,9626407
2021-07-17,"Johnson&Johnson, Moderna, Oxford/AstraZeneca, Pfizer/BioNTech",5423736,4242960,9666696
2021-07-18,"Johnson&Johnson, Moderna, Oxford/AstraZeneca, Pfizer/BioNTech",5432182,4268982,9701164
2021-07-19,"Johnson&Johnson, Moderna, Oxford/AstraZeneca, Pfizer/BioNTech",5455552,4336037,9791589
2021-07-20,"Johnson&Johnson, Moderna, Oxford/AstraZeneca, Pfizer/BioNTech",5476954,4403133,9880087
2021-07-21,"Johnson&Johnson, Moderna, Oxford/AstraZeneca, Pfizer/BioNTech",5500413,4466623,9967036
2021-07-22,"Johnson&Johnson, Moderna, Oxford/AstraZeneca, Pfizer/BioNTech",5522789,4525273,10048062
2021-07-23,"Johnson&Johnson, Moderna, Oxford/AstraZeneca, Pfizer/BioNTech",5546013,4580048,10126061
2021-07-24,"Johnson&Johnson, Moderna, Oxford/AstraZeneca, Pfizer/BioNTech",5553348,4607748,10161096
2021-07-25,"Johnson&Johnson, Moderna, Oxford/AstraZeneca, Pfizer/BioNTech",5559981,4629897,10189878
2021-07-26,"Johnson&Johnson, Moderna, Oxford/AstraZeneca, Pfizer/BioNTech",5583538,4678604,10262142
2021-07-27,"Johnson&Johnson, Moderna, Oxford/AstraZeneca, Pfizer/BioNTech",5606281,4725262,10331543
2021-07-28,"Johnson&Johnson, Moderna, Oxford/AstraZeneca, Pfizer/BioNTech",5627548,4771287,10398835
2021-07-29,"Johnson&Johnson, Moderna, Oxford/AstraZeneca, Pfizer/BioNTech",5648879,4813274,10462153
2021-07-30,"Johnson&Johnson, Moderna, Oxford/AstraZeneca, Pfizer/BioNTech",5672157,4855868,10528025
2021-07-31,"Johnson&Johnson, Moderna, Oxford/AstraZeneca, Pfizer/BioNTech",5681097,4875413,10556510
2021-08-01,"Johnson&Johnson, Moderna, Oxford/AstraZeneca, Pfizer/BioNTech",5687825,4891600,10579425
2021-08-02,"Johnson&Johnson, Moderna, Oxford/AstraZeneca, Pfizer/BioNTech",5706465,4929163,10635628
2021-08-03,"Johnson&Johnson, Moderna, Oxford/AstraZeneca, Pfizer/BioNTech",5724113,4967287,10691400
2021-08-04,"Johnson&Johnson, Moderna, Oxford/AstraZeneca, Pfizer/BioNTech",5740225,5004051,10744276
2021-08-05,"Johnson&Johnson, Moderna, Oxford/AstraZeneca, Pfizer/BioNTech",5756270,5044554,10800824
2021-08-06,"Johnson&Johnson, Moderna, Oxford/AstraZeneca, Pfizer/BioNTech",5773057,5087851,10860908
2021-08-07,"Johnson&Johnson, Moderna, Oxford/AstraZeneca, Pfizer/BioNTech",5778656,5106044,10884700
2021-08-08,"Johnson&Johnson, Moderna, Oxford/AstraZeneca, Pfizer/BioNTech",5783015,5121804,10904819
2021-08-09,"Johnson&Johnson, Moderna, Oxford/AstraZeneca, Pfizer/BioNTech",5795657,5166871,10962528
2021-08-10,"Johnson&Johnson, Moderna, Oxford/AstraZeneca, Pfizer/BioNTech",5807500,5206450,11013950
2021-08-11,"Johnson&Johnson, Moderna, Oxford/AstraZeneca, Pfizer/BioNTech",5818853,5249590,11068443
2021-08-12,"Johnson&Johnson, Moderna, Oxford/AstraZeneca, Pfizer/BioNTech",5830279,5286727,11117006
2021-08-13,"Johnson&Johnson, Moderna, Oxford/AstraZeneca, Pfizer/BioNTech",5841003,5327078,11168081
2021-08-14,"Johnson&Johnson, Moderna, Oxford/AstraZeneca, Pfizer/BioNTech",5844336,5337792,11182128
2021-08-15,"Johnson&Johnson, Moderna, Oxford/AstraZeneca, Pfizer/BioNTech",5846920,5348170,11195090
2021-08-16,"Johnson&Johnson, Moderna, Oxford/AstraZeneca, Pfizer/BioNTech",5856711,5382247,11238958
2021-08-17,"Johnson&Johnson, Moderna, Oxford/AstraZeneca, Pfizer/BioNTech",5866306,5409343,11275649
2021-08-18,"Johnson&Johnson, Moderna, Oxford/AstraZeneca, Pfizer/BioNTech",5875683,5448226,11323909
2021-08-19,"Johnson&Johnson, Moderna, Oxford/AstraZeneca, Pfizer/BioNTech",5885352,5486579,11371931
2021-08-20,"Johnson&Johnson, Moderna, Oxford/AstraZeneca, Pfizer/BioNTech",5896738,5526771,11423509
2021-08-21,"Johnson&Johnson, Moderna, Oxford/AstraZeneca, Pfizer/BioNTech",5899458,5539537,11438995
2021-08-22,"Johnson&Johnson, Moderna, Oxford/AstraZeneca, Pfizer/BioNTech",5901802,5551501,11453303
2021-08-23,"Johnson&Johnson, Moderna, Oxford/AstraZeneca, Pfizer/BioNTech",5912330,5590775,11503105
2021-08-24,"Johnson&Johnson, Moderna, Oxford/AstraZeneca, Pfizer/BioNTech",5922206,5624026,11546232
2021-08-25,"Johnson&Johnson, Moderna, Oxford/AstraZeneca, Pfizer/BioNTech",5931072,5652403,11583475
2021-08-26,"Johnson&Johnson, Moderna, Oxford/AstraZeneca, Pfizer/BioNTech",5939524,5678532,11618056
2021-08-27,"Johnson&Johnson, Moderna, Oxford/AstraZeneca, Pfizer/BioNTech",5949850,5704503,11654353
2021-08-28,"Johnson&Johnson, Moderna, Oxford/AstraZeneca, Pfizer/BioNTech",5952581,5711557,11664138
2021-08-29,"Johnson&Johnson, Moderna, Oxford/AstraZeneca, Pfizer/BioNTech",5954993,5718177,11673170
2021-08-30,"Johnson&Johnson, Moderna, Oxford/AstraZeneca, Pfizer/BioNTech",5963520,5740052,11703572
2021-08-31,"Johnson&Johnson, Moderna, Oxford/AstraZeneca, Pfizer/BioNTech",5971196,5758147,11729343
2021-09-01,"Johnson&Johnson, Moderna, Oxford/AstraZeneca, Pfizer/BioNTech",5977090,5772147,11749237
2021-09-02,"Johnson&Johnson, Moderna, Oxford/AstraZeneca, Pfizer/BioNTech",5983932,5786540,11770472
2021-09-03,"Johnson&Johnson, Moderna, Oxford/AstraZeneca, Pfizer/BioNTech",5993494,5802255,11795749
2021-09-04,"Johnson&Johnson, Moderna, Oxford/AstraZeneca, Pfizer/BioNTech",5995561,5805807,11801368
2021-09-05,"Johnson&Johnson, Moderna, Oxford/AstraZeneca, Pfizer/BioNTech",5997600,5808650,11806250
2021-09-06,"Johnson&Johnson, Moderna, Oxford/AstraZeneca, Pfizer/BioNTech",6003837,5821185,11825022
2021-09-07,"Johnson&Johnson, Moderna, Oxford/AstraZeneca, Pfizer/BioNTech",6008231,5832280,11840511
2021-09-08,"Johnson&Johnson, Moderna, Oxford/AstraZeneca, Pfizer/BioNTech",6013905,5842127,11856032
2021-09-09,"Johnson&Johnson, Moderna, Oxford/AstraZeneca, Pfizer/BioNTech",6020600,5852193,11872793
2021-09-10,"Johnson&Johnson, Moderna, Oxford/AstraZeneca, Pfizer/BioNTech",6028293,5864368,11892661
2021-09-11,"Johnson&Johnson, Moderna, Oxford/AstraZeneca, Pfizer/BioNTech",6030158,5866850,11897008
2021-09-12,"Johnson&Johnson, Moderna, Oxford/AstraZeneca, Pfizer/BioNTech",6031276,5868482,11899758
2021-09-13,"Johnson&Johnson, Moderna, Oxford/AstraZeneca, Pfizer/BioNTech",6036709,5878780,11915489
2021-09-14,"Johnson&Johnson, Moderna, Oxford/AstraZeneca, Pfizer/BioNTech",6042104,5887798,11929902
2021-09-15,"Johnson&Johnson, Moderna, Oxford/AstraZeneca, Pfizer/BioNTech",6047305,5896320,11943625
2021-09-16,"Johnson&Johnson, Moderna, Oxford/AstraZeneca, Pfizer/BioNTech",6052650,5904593,11957243
2021-09-17,"Johnson&Johnson, Moderna, Oxford/AstraZeneca, Pfizer/BioNTech",6059218,5914825,11974043
2021-09-18,"Johnson&Johnson, Moderna, Oxford/AstraZeneca, Pfizer/BioNTech",6060945,5917184,11978129
2021-09-19,"Johnson&Johnson, Moderna, Oxford/AstraZeneca, Pfizer/BioNTech",6061891,5918751,11980642
2021-09-20,"Johnson&Johnson, Moderna, Oxford/AstraZeneca, Pfizer/BioNTech",6065906,5926946,11992852
2021-09-21,"Johnson&Johnson, Moderna, Oxford/AstraZeneca, Pfizer/BioNTech",6070138,5934476,12004614
2021-09-22,"Johnson&Johnson, Moderna, Oxford/AstraZeneca, Pfizer/BioNTech",6074324,5939986,12014310
2021-09-23,"Johnson&Johnson, Moderna, Oxford/AstraZeneca, Pfizer/BioNTech",6079299,5946392,12025691
2021-09-24,"Johnson&Johnson, Moderna, Oxford/AstraZeneca, Pfizer/BioNTech",6085059,5956015,12041074
2021-09-25,"Johnson&Johnson, Moderna, Oxford/AstraZeneca, Pfizer/BioNTech",6086556,5958013,12044569
2021-09-26,"Johnson&Johnson, Moderna, Oxford/AstraZeneca, Pfizer/BioNTech",6087300,5959650,12046950
2021-09-27,"Johnson&Johnson, Moderna, Oxford/AstraZeneca, Pfizer/BioNTech",6091179,5966160,12057339
2021-09-28,"Johnson&Johnson, Moderna, Pfizer/BioNTech",6091544,5966784,12058328
2021-09-29,"Johnson&Johnson, Moderna, Oxford/AstraZeneca, Pfizer/BioNTech",6095320,5974243,12069563
2021-09-30,"Johnson&Johnson, Moderna, Oxford/AstraZeneca, Pfizer/BioNTech",6099826,5981938,12081764
2021-10-01,"Johnson&Johnson, Moderna, Oxford/AstraZeneca, Pfizer/BioNTech",6104127,5989913,12094040
2021-10-02,"Johnson&Johnson, Moderna, Oxford/AstraZeneca, Pfizer/BioNTech",6105190,5991453,12096643
2021-10-03,"Johnson&Johnson, Moderna, Pfizer/BioNTech",6105913,5992320,12098233
2021-10-04,"Johnson&Johnson, Moderna, Oxford/AstraZeneca, Pfizer/BioNTech",6108990,5997890,12106880
2021-10-05,"Johnson&Johnson, Moderna, Oxford/AstraZeneca, Pfizer/BioNTech",6112153,6002971,12115124
2021-10-06,"Johnson&Johnson, Moderna, Oxford/AstraZeneca, Pfizer/BioNTech",6115672,6008141,12123813
2021-10-07,"Johnson&Johnson, Moderna, Oxford/AstraZeneca, Pfizer/BioNTech",6118952,6013396,12132348
2021-10-08,"Johnson&Johnson, Moderna, Oxford/AstraZeneca, Pfizer/BioNTech",6123746,6020033,12143779
2021-10-09,"Johnson&Johnson, Moderna, Oxford/AstraZeneca, Pfizer/BioNTech",6124989,6021689,12146678
2021-10-10,"Johnson&Johnson, Moderna, Oxford/AstraZeneca, Pfizer/BioNTech",6125931,6022519,12148450
2021-10-11,"Johnson&Johnson, Moderna, Oxford/AstraZeneca, Pfizer/BioNTech",6128861,6026931,12155792
2021-10-12,"Johnson&Johnson, Moderna, Oxford/AstraZeneca, Pfizer/BioNTech",6131790,6030934,12162724
2021-10-13,"Johnson&Johnson, Moderna, Oxford/AstraZeneca, Pfizer/BioNTech",6135321,6035114,12170435
2021-10-14,"Johnson&Johnson, Moderna, Oxford/AstraZeneca, Pfizer/BioNTech",6138992,6040061,12179053
2021-10-15,"Johnson&Johnson, Moderna, Oxford/AstraZeneca, Pfizer/BioNTech",6144221,6046205,12190426
2021-10-16,"Johnson&Johnson, Moderna, Oxford/AstraZeneca, Pfizer/BioNTech",6145635,6047730,12193365
2021-10-17,"Johnson&Johnson, Moderna, Pfizer/BioNTech",6146960,6048783,12195743
2021-10-18,"Johnson&Johnson, Moderna, Oxford/AstraZeneca, Pfizer/BioNTech",6151076,6052876,12203952
2021-10-19,"Johnson&Johnson, Moderna, Oxford/AstraZeneca, Pfizer/BioNTech",6154653,6054970,12209623
2021-10-20,"Johnson&Johnson, Moderna, Oxford/AstraZeneca, Pfizer/BioNTech",6159533,6059418,12218951
2021-10-21,"Johnson&Johnson, Moderna, Oxford/AstraZeneca, Pfizer/BioNTech",6167301,6065019,12232320
2021-10-22,"Johnson&Johnson, Moderna, Oxford/AstraZeneca, Pfizer/BioNTech",6177756,6071523,12249279
2021-10-23,"Johnson&Johnson, Moderna, Oxford/AstraZeneca, Pfizer/BioNTech",6181431,6073729,12255160
2021-10-24,"Johnson&Johnson, Moderna, Oxford/AstraZeneca, Pfizer/BioNTech",6184113,6075506,12259619
2021-10-25,"Johnson&Johnson, Moderna, Oxford/AstraZeneca, Pfizer/BioNTech",6194611,6081310,12275921
2021-10-26,"Johnson&Johnson, Moderna, Oxford/AstraZeneca, Pfizer/BioNTech",6206602,6087858,12294460
2021-10-27,"Johnson&Johnson, Moderna, Oxford/AstraZeneca, Pfizer/BioNTech",6221212,6095260,12316472
2021-10-28,"Johnson&Johnson, Moderna, Oxford/AstraZeneca, Pfizer/BioNTech",6224630,6096939,12321569
2021-10-29,"Johnson&Johnson, Moderna, Oxford/AstraZeneca, Pfizer/BioNTech",6239063,6104919,12343982
2021-10-30,"Johnson&Johnson, Moderna, Oxford/AstraZeneca, Pfizer/BioNTech",6243593,6107843,12351436
2021-10-31,"Johnson&Johnson, Moderna, Oxford/AstraZeneca, Pfizer/BioNTech",6247355,6110314,12357669
2021-11-01,"Johnson&Johnson, Moderna, Oxford/AstraZeneca, Pfizer/BioNTech",6262558,6118003,12380561
2021-11-02,"Johnson&Johnson, Moderna, Oxford/AstraZeneca, Pfizer/BioNTech",6278011,6125557,12403568
2021-11-03,"Johnson&Johnson, Moderna, Oxford/AstraZeneca, Pfizer/BioNTech",6295191,6132852,12428043
2021-11-04,"Johnson&Johnson, Moderna, Oxford/AstraZeneca, Pfizer/BioNTech",6313543,6141019,12454562
2021-11-05,"Johnson&Johnson, Moderna, Oxford/AstraZeneca, Pfizer/BioNTech",6336341,6152297,12488638
2021-11-06,"Johnson&Johnson, Moderna, Pfizer/BioNTech",6342853,6155349,12498202
2021-11-07,"Johnson&Johnson, Moderna, Oxford/AstraZeneca, Pfizer/BioNTech",6346875,6157786,12504661
2021-11-08,"Johnson&Johnson, Moderna, Oxford/AstraZeneca, Pfizer/BioNTech",6363145,6165418,12528563
2021-11-09,"Johnson&Johnson, Moderna, Oxford/AstraZeneca, Pfizer/BioNTech",6377953,6172713,12550666
2021-11-10,"Johnson&Johnson, Moderna, Oxford/AstraZeneca, Pfizer/BioNTech",6393694,6180088,12573782
2021-11-11,"Johnson&Johnson, Moderna, Oxford/AstraZeneca, Pfizer/BioNTech",6409163,6189193,12598356
2021-11-12,"Johnson&Johnson, Moderna, Oxford/AstraZeneca, Pfizer/BioNTech",6428970,6201990,12630960
2021-11-13,"Johnson&Johnson, Moderna, Oxford/AstraZeneca, Pfizer/BioNTech",6434362,6205861,12640223
2021-11-14,"Johnson&Johnson, Moderna, Oxford/AstraZeneca, Pfizer/BioNTech",6438254,6208864,12647118
2021-11-15,"Johnson&Johnson, Moderna, Oxford/AstraZeneca, Pfizer/BioNTech",6453332,6219554,12672886
2021-11-16,"Johnson&Johnson, Moderna, Oxford/AstraZeneca, Pfizer/BioNTech",6470874,6231534,12702408
2021-11-17,"Johnson&Johnson, Moderna, Oxford/AstraZeneca, Pfizer/BioNTech",6475116,6235098,12710214
2021-11-18,"Johnson&Johnson, Moderna, Oxford/AstraZeneca, Pfizer/BioNTech",6494532,6246783,12741315
2021-11-19,"Johnson&Johnson, Moderna, Oxford/AstraZeneca, Pfizer/BioNTech",6519141,6263751,12782892
2021-11-20,"Johnson&Johnson, Moderna, Pfizer/BioNTech",6527712,6268729,12796441
2021-11-21,"Johnson&Johnson, Moderna, Pfizer/BioNTech",6534483,6272500,12806983
2021-11-22,"Johnson&Johnson, Moderna, Oxford/AstraZeneca, Pfizer/BioNTech",6553000,6286611,12839611
2021-11-23,"Johnson&Johnson, Moderna, Oxford/AstraZeneca, Pfizer/BioNTech",6572065,6299869,12871934
2021-11-24,"Johnson&Johnson, Moderna, Oxford/AstraZeneca, Pfizer/BioNTech",6591078,6315712,12906790
2021-11-25,"Johnson&Johnson, Moderna, Oxford/AstraZeneca, Pfizer/BioNTech",6610229,6330737,12940966
2021-11-26,"Johnson&Johnson, Moderna, Oxford/AstraZeneca, Pfizer/BioNTech",6631887,6349874,12981761
2021-11-27,"Johnson&Johnson, Moderna, Oxford/AstraZeneca, Pfizer/BioNTech",6639358,6355428,12994786
2021-11-28,"Johnson&Johnson, Moderna, Oxford/AstraZeneca, Pfizer/BioNTech",6642695,6358562,13001257
2021-11-29,"Johnson&Johnson, Moderna, Oxford/AstraZeneca, Pfizer/BioNTech",6657904,6372218,13030122
2021-11-30,"Johnson&Johnson, Moderna, Oxford/AstraZeneca, Pfizer/BioNTech",6671108,6383452,13054560
2021-12-01,"Johnson&Johnson, Moderna, Oxford/AstraZeneca, Pfizer/BioNTech",6685139,6395905,13081044
2021-12-02,"Johnson&Johnson, Moderna, Oxford/AstraZeneca, Pfizer/BioNTech",6695775,6408397,13104172
2021-12-03,"Johnson&Johnson, Moderna, Oxford/AstraZeneca, Pfizer/BioNTech",6705420,6423968,13129388
2021-12-04,"Johnson&Johnson, Moderna, Pfizer/BioNTech",6707982,6427915,13135897
2021-12-05,"Johnson&Johnson, Moderna, Oxford/AstraZeneca, Pfizer/BioNTech",6709345,6430255,13139600
2021-12-06,"Johnson&Johnson, Moderna, Oxford/AstraZeneca, Pfizer/BioNTech",6717508,6441777,13159285
2021-12-07,"Johnson&Johnson, Moderna, Oxford/AstraZeneca, Pfizer/BioNTech",6725397,6453782,13179179
2021-12-08,"Johnson&Johnson, Moderna, Oxford/AstraZeneca, Pfizer/BioNTech",6733648,6459707,13193355
2021-12-09,"Johnson&Johnson, Moderna, Oxford/AstraZeneca, Pfizer/BioNTech",6740770,6472527,13213297
2021-12-10,"Johnson&Johnson, Moderna, Oxford/AstraZeneca, Pfizer/BioNTech",6747704,6490330,13238034
2021-12-11,"Johnson&Johnson, Moderna, Pfizer/BioNTech",6749365,6495601,13244966
2021-12-12,"Johnson&Johnson, Moderna, Oxford/AstraZeneca, Pfizer/BioNTech",6750675,6500033,13250708
2021-12-13,"Johnson&Johnson, Moderna, Oxford/AstraZeneca, Pfizer/BioNTech",6757031,6513342,13270373
2021-12-14,"Johnson&Johnson, Moderna, Oxford/AstraZeneca, Pfizer/BioNTech",6763257,6527010,13290267
2021-12-15,"Johnson&Johnson, Moderna, Oxford/AstraZeneca, Pfizer/BioNTech",6769459,6540611,13310070
2021-12-16,"Johnson&Johnson, Moderna, Oxford/AstraZeneca, Pfizer/BioNTech",6776398,6555446,13331844
2021-12-17,"Johnson&Johnson, Moderna, Oxford/AstraZeneca, Pfizer/BioNTech",6784770,6572705,13357475
2021-12-18,"Johnson&Johnson, Moderna, Oxford/AstraZeneca, Pfizer/BioNTech",6787380,6578153,13365533
2021-12-19,"Johnson&Johnson, Moderna, Pfizer/BioNTech",6789152,6580655,13369807
2021-12-20,"Johnson&Johnson, Moderna, Oxford/AstraZeneca, Pfizer/BioNTech",6794969,6594716,13389685
2021-12-21,"Johnson&Johnson, Moderna, Oxford/AstraZeneca, Pfizer/BioNTech",6801637,6606703,13408340
2021-12-22,"Johnson&Johnson, Moderna, Oxford/AstraZeneca, Pfizer/BioNTech",6806697,6619750,13426447
2021-12-23,"Johnson&Johnson, Moderna, Oxford/AstraZeneca, Pfizer/BioNTech",6809564,6625351,13434915
2021-12-24,"Johnson&Johnson, Moderna, Oxford/AstraZeneca, Pfizer/BioNTech",6809610,6625451,13435061
2021-12-25,"Moderna, Pfizer/BioNTech",6809611,6625458,13435069
2021-12-26,"Moderna, Pfizer/BioNTech",6809710,6625661,13435371
2021-12-27,"Johnson&Johnson, Moderna, Pfizer/BioNTech",6813577,6635396,13448973
2021-12-28,"Johnson&Johnson, Moderna, Oxford/AstraZeneca, Pfizer/BioNTech",6818816,6643377,13462193
2021-12-29,"Johnson&Johnson, Moderna, Oxford/AstraZeneca, Pfizer/BioNTech",6823096,6651087,13474183
2021-12-30,"Johnson&Johnson, Moderna, Pfizer/BioNTech",6827395,6656514,13483909
2021-12-31,"Johnson&Johnson, Moderna, Pfizer/BioNTech",6827902,6657931,13485833
2022-01-01,"Johnson&Johnson, Moderna, Pfizer/BioNTech",6827907,6657949,13485856
2022-01-02,"Johnson&Johnson, Moderna, Pfizer/BioNTech",6828758,6659331,13488089
2022-01-03,"Johnson&Johnson, Moderna, Oxford/AstraZeneca, Pfizer/BioNTech",6832877,6668228,13501105
2022-01-04,"Johnson&Johnson, Moderna, Oxford/AstraZeneca, Pfizer/BioNTech",6837964,6676003,13513967
2022-01-05,"Johnson&Johnson, Moderna, Oxford/AstraZeneca, Pfizer/BioNTech",6843769,6683965,13527734
2022-01-06,"Johnson&Johnson, Moderna, Oxford/AstraZeneca, Pfizer/BioNTech",6850351,6692388,13542739
2022-01-07,"Johnson&Johnson, Moderna, Oxford/AstraZeneca, Pfizer/BioNTech",6858208,6702733,13560941
2022-01-08,"Johnson&Johnson, Moderna, Oxford/AstraZeneca, Pfizer/BioNTech",6860690,6705515,13566205
2022-01-09,"Johnson&Johnson, Moderna, Pfizer/BioNTech",6861772,6707217,13568989
2022-01-10,"Johnson&Johnson, Moderna, Oxford/AstraZeneca, Pfizer/BioNTech",6866245,6713389,13579634
2022-01-11,"Johnson&Johnson, Moderna, Oxford/AstraZeneca, Pfizer/BioNTech",6871669,6720148,13591817
2022-01-12,"Johnson&Johnson, Moderna, Oxford/AstraZeneca, Pfizer/BioNTech",6877615,6725791,13603406
2022-01-13,"Johnson&Johnson, Moderna, Oxford/AstraZeneca, Pfizer/BioNTech",6883488,6730557,13614045
2022-01-14,"Johnson&Johnson, Moderna, Oxford/AstraZeneca, Pfizer/BioNTech",6889769,6734202,13623971
2022-01-15,"Johnson&Johnson, Moderna, Oxford/AstraZeneca, Pfizer/BioNTech",6891042,6734857,13625899
2022-01-16,"Johnson&Johnson, Moderna, Oxford/AstraZeneca, Pfizer/BioNTech",6891730,6735298,13627028
2022-01-17,"Johnson&Johnson, Moderna, Oxford/AstraZeneca, Pfizer/BioNTech",6895235,6739249,13634484
2022-01-18,"Johnson&Johnson, Moderna, Oxford/AstraZeneca, Pfizer/BioNTech",6899110,6744201,13643311
2022-01-19,"Johnson&Johnson, Moderna, Oxford/AstraZeneca, Pfizer/BioNTech",6903154,6748129,13651283
2022-01-20,"Johnson&Johnson, Moderna, Oxford/AstraZeneca, Pfizer/BioNTech",6906740,6752545,13659285
2022-01-21,"Johnson&Johnson, Moderna, Oxford/AstraZeneca, Pfizer/BioNTech",6910732,6755064,13665796
2022-01-22,"Johnson&Johnson, Moderna, Oxford/AstraZeneca, Pfizer/BioNTech",6911511,6755503,13667014
2022-01-23,"Johnson&Johnson, Moderna, Pfizer/BioNTech",6912071,6756137,13668208
2022-01-24,"Johnson&Johnson, Moderna, Oxford/AstraZeneca, Pfizer/BioNTech",6914331,6759559,13673890
2022-01-25,"Johnson&Johnson, Moderna, Oxford/AstraZeneca, Pfizer/BioNTech",6916682,6763536,13680218
2022-01-26,"Johnson&Johnson, Moderna, Oxford/AstraZeneca, Pfizer/BioNTech",6919075,6768093,13687168
2022-01-27,"Johnson&Johnson, Moderna, Oxford/AstraZeneca, Pfizer/BioNTech",6921426,6772909,13694335
2022-01-28,"Johnson&Johnson, Moderna, Oxford/AstraZeneca, Pfizer/BioNTech",6924346,6779038,13703384
2022-01-29,"Johnson&Johnson, Moderna, Pfizer/BioNTech",6924948,6780683,13705631
2022-01-30,"Johnson&Johnson, Moderna, Pfizer/BioNTech",6925175,6781457,13706632
2022-01-31,"Johnson&Johnson, Moderna, Pfizer/BioNTech",6926695,6785360,13712055
2022-02-01,"Johnson&Johnson, Moderna, Pfizer/BioNTech",6928257,6789352,13717609
2022-02-02,"Johnson&Johnson, Moderna, Pfizer/BioNTech",6929819,6793827,13723646
2022-02-03,"Johnson&Johnson, Moderna, Pfizer/BioNTech",6931187,6798273,13729460
2022-02-04,"Johnson&Johnson, Moderna, Pfizer/BioNTech",6932756,6803324,13736080
2022-02-05,"Johnson&Johnson, Moderna, Pfizer/BioNTech",6932939,6803937,13736876
2022-02-06,"Johnson&Johnson, Moderna, Pfizer/BioNTech",6933034,6804255,13737289
2022-02-07,"Johnson&Johnson, Moderna, Pfizer/BioNTech",6933708,6807329,13741037
