date,vaccine,people_vaccinated,people_fully_vaccinated,total_vaccinations
2020-12-27,Pfizer/BioNTech,1275,0,1275
2020-12-28,Pfizer/BioNTech,3575,0,3575
2020-12-29,Pfizer/BioNTech,7031,0,7031
2020-12-30,Pfizer/BioNTech,10524,0,10524
2020-12-31,Pfizer/BioNTech,11829,0,11829
2021-01-01,"Moderna, Pfizer/BioNTech",12094,0,12094
2021-01-02,Pfizer/BioNTech,13367,0,13367
2021-01-03,Pfizer/BioNTech,14287,0,14287
2021-01-04,"Moderna, Pfizer/BioNTech",17881,0,17881
2021-01-05,"Moderna, Pfizer/BioNTech",22383,0,22383
2021-01-06,Pfizer/BioNTech,28221,0,28221
2021-01-07,Pfizer/BioNTech,36184,0,36184
2021-01-08,Pfizer/BioNTech,46158,0,46158
2021-01-09,Pfizer/BioNTech,48176,0,48176
2021-01-10,Pfizer/BioNTech,49934,2,49936
2021-01-11,Pfizer/BioNTech,59751,4,59755
2021-01-12,Pfizer/BioNTech,73151,6,73157
2021-01-13,Pfizer/BioNTech,86648,6,86654
2021-01-14,"Moderna, Pfizer/BioNTech",101838,8,101846
2021-01-15,"Moderna, Pfizer/BioNTech",115801,8,115809
2021-01-16,"Moderna, Pfizer/BioNTech",119179,10,119189
2021-01-17,"Moderna, Pfizer/BioNTech",121782,651,122433
2021-01-18,"Moderna, Pfizer/BioNTech",134248,2473,136721
2021-01-19,"Moderna, Pfizer/BioNTech",146799,5185,151984
2021-01-20,"Moderna, Pfizer/BioNTech",160427,7829,168256
2021-01-21,"Moderna, Pfizer/BioNTech",176025,9560,185585
2021-01-22,"Moderna, Pfizer/BioNTech",190841,10603,201444
2021-01-23,"Moderna, Pfizer/BioNTech",194134,11474,205608
2021-01-24,"Moderna, Pfizer/BioNTech",196377,12343,208720
2021-01-25,"Moderna, Pfizer/BioNTech",205992,15313,221305
2021-01-26,"Moderna, Pfizer/BioNTech",216503,19282,235785
2021-01-27,"Moderna, Pfizer/BioNTech",225507,23795,249302
2021-01-28,"Moderna, Pfizer/BioNTech",232568,29903,262471
2021-01-29,"Moderna, Pfizer/BioNTech",238762,37775,276537
2021-01-30,"Moderna, Pfizer/BioNTech",239493,38862,278355
2021-01-31,"Moderna, Pfizer/BioNTech",240199,40040,280239
2021-02-01,"Moderna, Pfizer/BioNTech",244157,47960,292117
2021-02-02,"Moderna, Pfizer/BioNTech",248282,58170,306452
2021-02-03,"Moderna, Pfizer/BioNTech",252682,69146,321828
2021-02-04,"Moderna, Pfizer/BioNTech",257571,82096,339667
2021-02-05,"Moderna, Pfizer/BioNTech",263013,92736,355749
2021-02-06,"Moderna, Pfizer/BioNTech",263853,95083,358936
2021-02-07,"Moderna, Pfizer/BioNTech",264701,97569,362270
2021-02-08,"Moderna, Oxford/AstraZeneca, Pfizer/BioNTech",268747,108943,377690
2021-02-09,"Moderna, Oxford/AstraZeneca, Pfizer/BioNTech",273820,120853,394673
2021-02-10,"Moderna, Pfizer/BioNTech",279301,134049,413350
2021-02-11,"Moderna, Oxford/AstraZeneca, Pfizer/BioNTech",285594,150212,435806
2021-02-12,"Moderna, Oxford/AstraZeneca, Pfizer/BioNTech",292322,164885,457207
2021-02-13,"Moderna, Oxford/AstraZeneca, Pfizer/BioNTech",293908,167862,461770
2021-02-14,"Moderna, Oxford/AstraZeneca, Pfizer/BioNTech",294899,169236,464135
2021-02-15,"Moderna, Oxford/AstraZeneca, Pfizer/BioNTech",301284,178563,479847
2021-02-16,"Moderna, Oxford/AstraZeneca, Pfizer/BioNTech",309982,187605,497587
2021-02-17,"Moderna, Oxford/AstraZeneca, Pfizer/BioNTech",319660,195876,515536
2021-02-18,"Moderna, Oxford/AstraZeneca, Pfizer/BioNTech",331947,203907,535854
2021-02-19,"Moderna, Oxford/AstraZeneca, Pfizer/BioNTech",343780,211216,554996
2021-02-20,"Moderna, Oxford/AstraZeneca, Pfizer/BioNTech",345754,212387,558141
2021-02-21,"Moderna, Oxford/AstraZeneca, Pfizer/BioNTech",346860,213400,560260
2021-02-22,"Moderna, Oxford/AstraZeneca, Pfizer/BioNTech",356957,219400,576357
2021-02-23,"Moderna, Oxford/AstraZeneca, Pfizer/BioNTech",369857,226347,596204
2021-02-24,"Moderna, Oxford/AstraZeneca, Pfizer/BioNTech",383699,232352,616051
2021-02-25,"Moderna, Oxford/AstraZeneca, Pfizer/BioNTech",401643,237881,639524
2021-02-26,"Moderna, Oxford/AstraZeneca, Pfizer/BioNTech",417777,243202,660979
2021-02-27,"Moderna, Oxford/AstraZeneca, Pfizer/BioNTech",420779,243752,664531
2021-02-28,"Moderna, Oxford/AstraZeneca, Pfizer/BioNTech",423121,244297,667418
2021-03-01,"Moderna, Oxford/AstraZeneca, Pfizer/BioNTech",442622,247711,690333
2021-03-02,"Moderna, Oxford/AstraZeneca, Pfizer/BioNTech",469794,251242,721036
2021-03-03,"Moderna, Oxford/AstraZeneca, Pfizer/BioNTech",500562,255726,756288
2021-03-04,"Moderna, Oxford/AstraZeneca, Pfizer/BioNTech",533713,260386,794099
2021-03-05,"Johnson&Johnson, Moderna, Oxford/AstraZeneca, Pfizer/BioNTech",562440,265772,828212
2021-03-06,"Johnson&Johnson, Moderna, Oxford/AstraZeneca, Pfizer/BioNTech",574543,266613,841156
2021-03-07,"Johnson&Johnson, Moderna, Oxford/AstraZeneca, Pfizer/BioNTech",585943,267445,853388
2021-03-08,"Johnson&Johnson, Moderna, Oxford/AstraZeneca, Pfizer/BioNTech",615556,272263,887819
2021-03-09,"Johnson&Johnson, Moderna, Oxford/AstraZeneca, Pfizer/BioNTech",651738,278616,930354
2021-03-10,"Moderna, Oxford/AstraZeneca, Pfizer/BioNTech",692883,285551,978434
2021-03-11,"Johnson&Johnson, Moderna, Oxford/AstraZeneca, Pfizer/BioNTech",737558,293895,1031453
2021-03-12,"Moderna, Oxford/AstraZeneca, Pfizer/BioNTech",776196,302336,1078532
2021-03-13,"Moderna, Oxford/AstraZeneca, Pfizer/BioNTech",793229,303621,1096850
2021-03-14,"Moderna, Oxford/AstraZeneca, Pfizer/BioNTech",805305,304755,1110060
2021-03-15,"Moderna, Oxford/AstraZeneca, Pfizer/BioNTech",833590,313515,1147105
2021-03-16,"Johnson&Johnson, Moderna, Oxford/AstraZeneca, Pfizer/BioNTech",872395,324016,1196411
2021-03-17,"Moderna, Oxford/AstraZeneca, Pfizer/BioNTech",909799,334486,1244285
2021-03-18,"Johnson&Johnson, Moderna, Oxford/AstraZeneca, Pfizer/BioNTech",947651,346867,1294518
2021-03-19,"Moderna, Oxford/AstraZeneca, Pfizer/BioNTech",981994,360446,1342440
2021-03-20,"Johnson&Johnson, Moderna, Oxford/AstraZeneca, Pfizer/BioNTech",997092,362460,1359552
2021-03-21,"Johnson&Johnson, Moderna, Oxford/AstraZeneca, Pfizer/BioNTech",1004477,364003,1368480
2021-03-22,"Johnson&Johnson, Moderna, Oxford/AstraZeneca, Pfizer/BioNTech",1028886,376461,1405347
2021-03-23,"Johnson&Johnson, Moderna, Oxford/AstraZeneca, Pfizer/BioNTech",1055401,389775,1445176
2021-03-24,"Johnson&Johnson, Moderna, Oxford/AstraZeneca, Pfizer/BioNTech",1082204,405465,1487669
2021-03-25,"Moderna, Oxford/AstraZeneca, Pfizer/BioNTech",1108472,423280,1531752
2021-03-26,"Moderna, Oxford/AstraZeneca, Pfizer/BioNTech",1133210,440736,1573946
2021-03-27,"Johnson&Johnson, Moderna, Oxford/AstraZeneca, Pfizer/BioNTech",1141618,445564,1587182
2021-03-28,"Moderna, Oxford/AstraZeneca, Pfizer/BioNTech",1147150,449694,1596844
2021-03-29,"Johnson&Johnson, Moderna, Oxford/AstraZeneca, Pfizer/BioNTech",1166171,470341,1636512
2021-03-30,"Moderna, Oxford/AstraZeneca, Pfizer/BioNTech",1190782,492454,1683236
2021-03-31,"Johnson&Johnson, Moderna, Oxford/AstraZeneca, Pfizer/BioNTech",1213791,519460,1733251
2021-04-01,"Johnson&Johnson, Moderna, Oxford/AstraZeneca, Pfizer/BioNTech",1239319,551389,1790708
2021-04-02,"Johnson&Johnson, Moderna, Oxford/AstraZeneca, Pfizer/BioNTech",1246176,564159,1810335
2021-04-03,"Johnson&Johnson, Moderna, Oxford/AstraZeneca, Pfizer/BioNTech",1249759,575057,1824816
2021-04-04,"Johnson&Johnson, Moderna, Oxford/AstraZeneca, Pfizer/BioNTech",1252229,583848,1836077
2021-04-05,"Johnson&Johnson, Moderna, Oxford/AstraZeneca, Pfizer/BioNTech",1254579,591010,1845589
2021-04-06,"Johnson&Johnson, Moderna, Oxford/AstraZeneca, Pfizer/BioNTech",1270635,620195,1890830
2021-04-07,"Johnson&Johnson, Moderna, Oxford/AstraZeneca, Pfizer/BioNTech",1293960,642312,1936272
2021-04-08,"Johnson&Johnson, Moderna, Oxford/AstraZeneca, Pfizer/BioNTech",1332440,673172,2005612
2021-04-09,"Johnson&Johnson, Moderna, Oxford/AstraZeneca, Pfizer/BioNTech",1371671,703177,2074848
2021-04-10,"Johnson&Johnson, Moderna, Oxford/AstraZeneca, Pfizer/BioNTech",1387043,718446,2105489
2021-04-11,"Johnson&Johnson, Moderna, Oxford/AstraZeneca, Pfizer/BioNTech",1396761,728455,2125216
2021-04-12,"Johnson&Johnson, Moderna, Oxford/AstraZeneca, Pfizer/BioNTech",1434817,753428,2188245
2021-04-13,"Moderna, Oxford/AstraZeneca, Pfizer/BioNTech",1470896,779336,2250232
2021-04-14,"Moderna, Oxford/AstraZeneca, Pfizer/BioNTech",1509585,806643,2316228
2021-04-15,"Moderna, Oxford/AstraZeneca, Pfizer/BioNTech",1557263,832312,2389575
2021-04-16,"Moderna, Oxford/AstraZeneca, Pfizer/BioNTech",1601790,857895,2459685
2021-04-17,"Moderna, Oxford/AstraZeneca, Pfizer/BioNTech",1618400,866897,2485297
2021-04-18,"Moderna, Oxford/AstraZeneca, Pfizer/BioNTech",1631331,871864,2503195
2021-04-19,"Moderna, Oxford/AstraZeneca, Pfizer/BioNTech",1675210,887246,2562456
2021-04-20,"Johnson&Johnson, Moderna, Oxford/AstraZeneca, Pfizer/BioNTech",1717305,903051,2620356
2021-04-21,"Moderna, Oxford/AstraZeneca, Pfizer/BioNTech",1764977,917301,2682278
2021-04-22,"Johnson&Johnson, Moderna, Oxford/AstraZeneca, Pfizer/BioNTech",1819400,934637,2754037
2021-04-23,"Johnson&Johnson, Moderna, Oxford/AstraZeneca, Pfizer/BioNTech",1869311,946612,2815923
2021-04-24,"Johnson&Johnson, Moderna, Oxford/AstraZeneca, Pfizer/BioNTech",1887105,951830,2838935
2021-04-25,"Johnson&Johnson, Moderna, Oxford/AstraZeneca, Pfizer/BioNTech",1901763,955819,2857582
2021-04-26,"Johnson&Johnson, Moderna, Oxford/AstraZeneca, Pfizer/BioNTech",1951311,963339,2914650
2021-04-27,"Johnson&Johnson, Moderna, Oxford/AstraZeneca, Pfizer/BioNTech",2000232,975494,2975726
2021-04-28,"Johnson&Johnson, Moderna, Oxford/AstraZeneca, Pfizer/BioNTech",2058938,989432,3048370
2021-04-29,"Johnson&Johnson, Moderna, Oxford/AstraZeneca, Pfizer/BioNTech",2124436,1005238,3129674
2021-04-30,"Johnson&Johnson, Moderna, Oxford/AstraZeneca, Pfizer/BioNTech",2186591,1015136,3201727
2021-05-01,"Johnson&Johnson, Moderna, Oxford/AstraZeneca, Pfizer/BioNTech",2205874,1018541,3224415
2021-05-02,"Johnson&Johnson, Moderna, Oxford/AstraZeneca, Pfizer/BioNTech",2224756,1020782,3245538
2021-05-03,"Johnson&Johnson, Moderna, Oxford/AstraZeneca, Pfizer/BioNTech",2291954,1025813,3317767
2021-05-04,"Johnson&Johnson, Moderna, Oxford/AstraZeneca, Pfizer/BioNTech",2358366,1034076,3392442
2021-05-05,"Johnson&Johnson, Moderna, Oxford/AstraZeneca, Pfizer/BioNTech",2431466,1043411,3474877
2021-05-06,"Johnson&Johnson, Moderna, Oxford/AstraZeneca, Pfizer/BioNTech",2511803,1054019,3565822
2021-05-07,"Johnson&Johnson, Moderna, Oxford/AstraZeneca, Pfizer/BioNTech",2589033,1064009,3653042
2021-05-08,"Johnson&Johnson, Moderna, Oxford/AstraZeneca, Pfizer/BioNTech",2618423,1065727,3684150
2021-05-09,"Johnson&Johnson, Moderna, Oxford/AstraZeneca, Pfizer/BioNTech",2642580,1066914,3709494
2021-05-10,"Johnson&Johnson, Moderna, Oxford/AstraZeneca, Pfizer/BioNTech",2715273,1074044,3789317
2021-05-11,"Johnson&Johnson, Moderna, Oxford/AstraZeneca, Pfizer/BioNTech",2791323,1082795,3874118
2021-05-12,"Johnson&Johnson, Moderna, Oxford/AstraZeneca, Pfizer/BioNTech",2871121,1091812,3962933
2021-05-13,"Johnson&Johnson, Moderna, Oxford/AstraZeneca, Pfizer/BioNTech",2955088,1100914,4056002
2021-05-14,"Johnson&Johnson, Moderna, Oxford/AstraZeneca, Pfizer/BioNTech",3034442,1108636,4143078
2021-05-15,"Johnson&Johnson, Moderna, Oxford/AstraZeneca, Pfizer/BioNTech",3066267,1110811,4177078
2021-05-16,"Johnson&Johnson, Moderna, Oxford/AstraZeneca, Pfizer/BioNTech",3092005,1112021,4204026
2021-05-17,"Johnson&Johnson, Moderna, Oxford/AstraZeneca, Pfizer/BioNTech",3164473,1118687,4283160
2021-05-18,"Johnson&Johnson, Moderna, Oxford/AstraZeneca, Pfizer/BioNTech",3236366,1131645,4368011
2021-05-19,"Johnson&Johnson, Moderna, Oxford/AstraZeneca, Pfizer/BioNTech",3313776,1146696,4460472
2021-05-20,"Johnson&Johnson, Moderna, Oxford/AstraZeneca, Pfizer/BioNTech",3389166,1173600,4562766
2021-05-21,"Johnson&Johnson, Moderna, Oxford/AstraZeneca, Pfizer/BioNTech",3457902,1201224,4659126
2021-05-22,"Johnson&Johnson, Moderna, Oxford/AstraZeneca, Pfizer/BioNTech",3490218,1212294,4702512
2021-05-23,"Johnson&Johnson, Moderna, Oxford/AstraZeneca, Pfizer/BioNTech",3512513,1221255,4733768
2021-05-24,"Johnson&Johnson, Moderna, Oxford/AstraZeneca, Pfizer/BioNTech",3559571,1254739,4814310
2021-05-25,"Johnson&Johnson, Moderna, Oxford/AstraZeneca, Pfizer/BioNTech",3611369,1290386,4901755
2021-05-26,"Johnson&Johnson, Moderna, Oxford/AstraZeneca, Pfizer/BioNTech",3679053,1327782,5006835
2021-05-27,"Johnson&Johnson, Moderna, Oxford/AstraZeneca, Pfizer/BioNTech",3740381,1375009,5115390
2021-05-28,"Johnson&Johnson, Moderna, Oxford/AstraZeneca, Pfizer/BioNTech",3802027,1421421,5223448
2021-05-29,"Johnson&Johnson, Moderna, Oxford/AstraZeneca, Pfizer/BioNTech",3831161,1438465,5269626
2021-05-30,"Johnson&Johnson, Moderna, Oxford/AstraZeneca, Pfizer/BioNTech",3853490,1452846,5306336
2021-05-31,"Johnson&Johnson, Moderna, Oxford/AstraZeneca, Pfizer/BioNTech",3909177,1500212,5409389
2021-06-01,"Johnson&Johnson, Moderna, Oxford/AstraZeneca, Pfizer/BioNTech",3968170,1548529,5516699
2021-06-02,"Johnson&Johnson, Moderna, Oxford/AstraZeneca, Pfizer/BioNTech",4031004,1602407,5633411
2021-06-03,"Johnson&Johnson, Moderna, Oxford/AstraZeneca, Pfizer/BioNTech",4089204,1662511,5751715
2021-06-04,"Johnson&Johnson, Moderna, Oxford/AstraZeneca, Pfizer/BioNTech",4152258,1719803,5872061
2021-06-05,"Johnson&Johnson, Moderna, Oxford/AstraZeneca, Pfizer/BioNTech",4186380,1738562,5924942
2021-06-06,"Johnson&Johnson, Moderna, Oxford/AstraZeneca, Pfizer/BioNTech",4213276,1753626,5966902
2021-06-07,"Johnson&Johnson, Moderna, Oxford/AstraZeneca, Pfizer/BioNTech",4276924,1809164,6086088
2021-06-08,"Johnson&Johnson, Moderna, Oxford/AstraZeneca, Pfizer/BioNTech",4340865,1864043,6204908
2021-06-09,"Johnson&Johnson, Moderna, Oxford/AstraZeneca, Pfizer/BioNTech",4399986,1928356,6328342
2021-06-10,"Johnson&Johnson, Moderna, Oxford/AstraZeneca, Pfizer/BioNTech",4453788,1999324,6453112
2021-06-11,"Johnson&Johnson, Moderna, Oxford/AstraZeneca, Pfizer/BioNTech",4505851,2068909,6574760
2021-06-12,"Johnson&Johnson, Moderna, Oxford/AstraZeneca, Pfizer/BioNTech",4537819,2089625,6627444
2021-06-13,"Johnson&Johnson, Moderna, Oxford/AstraZeneca, Pfizer/BioNTech",4561812,2107963,6669775
2021-06-14,"Johnson&Johnson, Moderna, Oxford/AstraZeneca, Pfizer/BioNTech",4604769,2182204,6786973
2021-06-15,"Johnson&Johnson, Moderna, Oxford/AstraZeneca, Pfizer/BioNTech",4649370,2254395,6903765
2021-06-16,"Johnson&Johnson, Moderna, Oxford/AstraZeneca, Pfizer/BioNTech",4692069,2332464,7024533
2021-06-17,"Johnson&Johnson, Moderna, Oxford/AstraZeneca, Pfizer/BioNTech",4731421,2415396,7146817
2021-06-18,"Johnson&Johnson, Moderna, Oxford/AstraZeneca, Pfizer/BioNTech",4773766,2495742,7269508
2021-06-19,"Johnson&Johnson, Moderna, Oxford/AstraZeneca, Pfizer/BioNTech",4795482,2524946,7320428
2021-06-20,"Johnson&Johnson, Moderna, Oxford/AstraZeneca, Pfizer/BioNTech",4812834,2548688,7361522
2021-06-21,"Johnson&Johnson, Moderna, Oxford/AstraZeneca, Pfizer/BioNTech",4845316,2627107,7472423
2021-06-22,"Johnson&Johnson, Moderna, Oxford/AstraZeneca, Pfizer/BioNTech",4878245,2709213,7587458
2021-06-23,"Johnson&Johnson, Moderna, Oxford/AstraZeneca, Pfizer/BioNTech",4909866,2794300,7704166
2021-06-24,"Johnson&Johnson, Moderna, Oxford/AstraZeneca, Pfizer/BioNTech",4939673,2884209,7823882
2021-06-25,"Johnson&Johnson, Moderna, Oxford/AstraZeneca, Pfizer/BioNTech",4970684,2970176,7940860
2021-06-26,"Johnson&Johnson, Moderna, Oxford/AstraZeneca, Pfizer/BioNTech",4986518,3004894,7991412
2021-06-27,"Johnson&Johnson, Moderna, Oxford/AstraZeneca, Pfizer/BioNTech",5000454,3031457,8031911
2021-06-28,"Johnson&Johnson, Moderna, Oxford/AstraZeneca, Pfizer/BioNTech",5028842,3116515,8145357
2021-06-29,"Johnson&Johnson, Moderna, Oxford/AstraZeneca, Pfizer/BioNTech",5058066,3202863,8260929
2021-06-30,"Johnson&Johnson, Moderna, Oxford/AstraZeneca, Pfizer/BioNTech",5085543,3293678,8379221
2021-07-01,"Johnson&Johnson, Moderna, Oxford/AstraZeneca, Pfizer/BioNTech",5109464,3383548,8493012
2021-07-02,"Johnson&Johnson, Moderna, Oxford/AstraZeneca, Pfizer/BioNTech",5136146,3469211,8605357
2021-07-03,"Johnson&Johnson, Moderna, Oxford/AstraZeneca, Pfizer/BioNTech",5143209,3500642,8643851
2021-07-04,"Johnson&Johnson, Moderna, Oxford/AstraZeneca, Pfizer/BioNTech",5150737,3522386,8673123
2021-07-05,"Johnson&Johnson, Moderna, Oxford/AstraZeneca, Pfizer/BioNTech",5158069,3547673,8705742
2021-07-06,"Johnson&Johnson, Moderna, Oxford/AstraZeneca, Pfizer/BioNTech",5163449,3575213,8738662
2021-07-07,"Johnson&Johnson, Moderna, Oxford/AstraZeneca, Pfizer/BioNTech",5189203,3654039,8843242
2021-07-08,"Johnson&Johnson, Moderna, Oxford/AstraZeneca, Pfizer/BioNTech",5215739,3724228,8939967
2021-07-09,"Johnson&Johnson, Moderna, Oxford/AstraZeneca, Pfizer/BioNTech",5243559,3793359,9036918
2021-07-10,"Johnson&Johnson, Moderna, Oxford/AstraZeneca, Pfizer/BioNTech",5252871,3821902,9074773
2021-07-11,"Johnson&Johnson, Moderna, Oxford/AstraZeneca, Pfizer/BioNTech",5261373,3844726,9106099
2021-07-12,"Johnson&Johnson, Moderna, Oxford/AstraZeneca, Pfizer/BioNTech",5288866,3913715,9202581
2021-07-13,"Johnson&Johnson, Moderna, Oxford/AstraZeneca, Pfizer/BioNTech",5315020,3983474,9298494
2021-07-14,"Johnson&Johnson, Moderna, Oxford/AstraZeneca, Pfizer/BioNTech",5340831,4055370,9396201
2021-07-15,"Johnson&Johnson, Moderna, Oxford/AstraZeneca, Pfizer/BioNTech",5370013,4121252,9491265
2021-07-16,"Johnson&Johnson, Moderna, Oxford/AstraZeneca, Pfizer/BioNTech",5397891,4193823,9591714
2021-07-17,"Johnson&Johnson, Moderna, Oxford/AstraZeneca, Pfizer/BioNTech",5406622,4225190,9631812
2021-07-18,"Johnson&Johnson, Moderna, Oxford/AstraZeneca, Pfizer/BioNTech",5415036,4251139,9666175
2021-07-19,"Johnson&Johnson, Moderna, Oxford/AstraZeneca, Pfizer/BioNTech",5438336,4318055,9756391
2021-07-20,"Johnson&Johnson, Moderna, Oxford/AstraZeneca, Pfizer/BioNTech",5459666,4384984,9844650
2021-07-21,"Johnson&Johnson, Moderna, Oxford/AstraZeneca, Pfizer/BioNTech",5483022,4448307,9931329
2021-07-22,"Johnson&Johnson, Moderna, Oxford/AstraZeneca, Pfizer/BioNTech",5505297,4506792,10012089
2021-07-23,"Johnson&Johnson, Moderna, Oxford/AstraZeneca, Pfizer/BioNTech",5528406,4561389,10089795
2021-07-24,"Johnson&Johnson, Moderna, Oxford/AstraZeneca, Pfizer/BioNTech",5535689,4588959,10124648
2021-07-25,"Johnson&Johnson, Moderna, Oxford/AstraZeneca, Pfizer/BioNTech",5542267,4610929,10153196
2021-07-26,"Johnson&Johnson, Moderna, Oxford/AstraZeneca, Pfizer/BioNTech",5565727,4659373,10225100
2021-07-27,"Johnson&Johnson, Moderna, Oxford/AstraZeneca, Pfizer/BioNTech",5588335,4705874,10294209
2021-07-28,"Johnson&Johnson, Moderna, Oxford/AstraZeneca, Pfizer/BioNTech",5609475,4751720,10361195
2021-07-29,"Johnson&Johnson, Moderna, Oxford/AstraZeneca, Pfizer/BioNTech",5630639,4793537,10424176
2021-07-30,"Johnson&Johnson, Moderna, Oxford/AstraZeneca, Pfizer/BioNTech",5653830,4835962,10489792
2021-07-31,"Johnson&Johnson, Moderna, Oxford/AstraZeneca, Pfizer/BioNTech",5662725,4855425,10518150
2021-08-01,"Johnson&Johnson, Moderna, Oxford/AstraZeneca, Pfizer/BioNTech",5669407,4871540,10540947
2021-08-02,"Johnson&Johnson, Moderna, Oxford/AstraZeneca, Pfizer/BioNTech",5687926,4908976,10596902
2021-08-03,"Johnson&Johnson, Moderna, Oxford/AstraZeneca, Pfizer/BioNTech",5705469,4946970,10652439
2021-08-04,"Johnson&Johnson, Moderna, Oxford/AstraZeneca, Pfizer/BioNTech",5721456,4983585,10705041
2021-08-05,"Johnson&Johnson, Moderna, Oxford/AstraZeneca, Pfizer/BioNTech",5737252,5023928,10761180
2021-08-06,"Johnson&Johnson, Moderna, Oxford/AstraZeneca, Pfizer/BioNTech",5753855,5067069,10820924
2021-08-07,"Johnson&Johnson, Moderna, Oxford/AstraZeneca, Pfizer/BioNTech",5759365,5085155,10844520
2021-08-08,"Johnson&Johnson, Moderna, Oxford/AstraZeneca, Pfizer/BioNTech",5763545,5100840,10864385
2021-08-09,"Johnson&Johnson, Moderna, Oxford/AstraZeneca, Pfizer/BioNTech",5775965,5145788,10921753
2021-08-10,"Johnson&Johnson, Moderna, Oxford/AstraZeneca, Pfizer/BioNTech",5787642,5185233,10972875
2021-08-11,"Johnson&Johnson, Moderna, Oxford/AstraZeneca, Pfizer/BioNTech",5798858,5228247,11027105
2021-08-12,"Johnson&Johnson, Moderna, Oxford/AstraZeneca, Pfizer/BioNTech",5810099,5265205,11075304
2021-08-13,"Johnson&Johnson, Moderna, Oxford/AstraZeneca, Pfizer/BioNTech",5820657,5305371,11126028
2021-08-14,"Johnson&Johnson, Moderna, Oxford/AstraZeneca, Pfizer/BioNTech",5823954,5316001,11139955
2021-08-15,"Johnson&Johnson, Moderna, Oxford/AstraZeneca, Pfizer/BioNTech",5826511,5326340,11152851
2021-08-16,"Johnson&Johnson, Moderna, Oxford/AstraZeneca, Pfizer/BioNTech",5836220,5360299,11196519
2021-08-17,"Johnson&Johnson, Moderna, Oxford/AstraZeneca, Pfizer/BioNTech",5845656,5387246,11232902
2021-08-18,"Johnson&Johnson, Moderna, Oxford/AstraZeneca, Pfizer/BioNTech",5854930,5425943,11280873
2021-08-19,"Johnson&Johnson, Moderna, Oxford/AstraZeneca, Pfizer/BioNTech",5864482,5464170,11328652
2021-08-20,"Johnson&Johnson, Moderna, Oxford/AstraZeneca, Pfizer/BioNTech",5875666,5504228,11379894
2021-08-21,"Johnson&Johnson, Moderna, Oxford/AstraZeneca, Pfizer/BioNTech",5878341,5516939,11395280
2021-08-22,"Johnson&Johnson, Moderna, Oxford/AstraZeneca, Pfizer/BioNTech",5880653,5528869,11409522
2021-08-23,"Johnson&Johnson, Moderna, Oxford/AstraZeneca, Pfizer/BioNTech",5891021,5567936,11458957
2021-08-24,"Johnson&Johnson, Moderna, Oxford/AstraZeneca, Pfizer/BioNTech",5900748,5601040,11501788
2021-08-25,"Johnson&Johnson, Moderna, Oxford/AstraZeneca, Pfizer/BioNTech",5909382,5629090,11538472
2021-08-26,"Johnson&Johnson, Moderna, Oxford/AstraZeneca, Pfizer/BioNTech",5917644,5654907,11572551
2021-08-27,"Johnson&Johnson, Moderna, Oxford/AstraZeneca, Pfizer/BioNTech",5927747,5680572,11608319
2021-08-28,"Johnson&Johnson, Moderna, Oxford/AstraZeneca, Pfizer/BioNTech",5930392,5687509,11617901
2021-08-29,"Johnson&Johnson, Moderna, Oxford/AstraZeneca, Pfizer/BioNTech",5932681,5693881,11626562
2021-08-30,"Johnson&Johnson, Moderna, Oxford/AstraZeneca, Pfizer/BioNTech",5940991,5715367,11656358
2021-08-31,"Johnson&Johnson, Moderna, Oxford/AstraZeneca, Pfizer/BioNTech",5948434,5733175,11681609
2021-09-01,"Johnson&Johnson, Moderna, Oxford/AstraZeneca, Pfizer/BioNTech",5954086,5746895,11700981
2021-09-02,"Johnson&Johnson, Moderna, Oxford/AstraZeneca, Pfizer/BioNTech",5960627,5760812,11721439
2021-09-03,"Johnson&Johnson, Moderna, Oxford/AstraZeneca, Pfizer/BioNTech",5969766,5776158,11745924
2021-09-04,"Johnson&Johnson, Moderna, Oxford/AstraZeneca, Pfizer/BioNTech",5971599,5779517,11751116
2021-09-05,"Johnson&Johnson, Moderna, Pfizer/BioNTech",5973291,5782081,11755372
2021-09-06,"Johnson&Johnson, Moderna, Oxford/AstraZeneca, Pfizer/BioNTech",5978475,5793584,11772059
