date,vaccine,people_vaccinated,people_fully_vaccinated,total_vaccinations
2020-12-27,Pfizer/BioNTech,1279,0,1279
2020-12-28,Pfizer/BioNTech,3586,0,3586
2020-12-29,Pfizer/BioNTech,7052,0,7052
2020-12-30,Pfizer/BioNTech,10567,0,10567
2020-12-31,Pfizer/BioNTech,11872,0,11872
2021-01-01,"Moderna, Pfizer/BioNTech",12141,0,12141
2021-01-02,Pfizer/BioNTech,13417,0,13417
2021-01-03,Pfizer/BioNTech,14339,0,14339
2021-01-04,"Moderna, Pfizer/BioNTech",17946,0,17946
2021-01-05,"Moderna, Pfizer/BioNTech",22459,0,22459
2021-01-06,"Moderna, Pfizer/BioNTech",28299,1,28300
2021-01-07,"Moderna, Pfizer/BioNTech",36290,1,36291
2021-01-08,"Moderna, Pfizer/BioNTech",46338,1,46339
2021-01-09,"Moderna, Pfizer/BioNTech",48363,2,48365
2021-01-10,Pfizer/BioNTech,50128,4,50132
2021-01-11,Pfizer/BioNTech,59981,6,59987
2021-01-12,"Moderna, Pfizer/BioNTech",73422,8,73430
2021-01-13,Pfizer/BioNTech,86958,8,86966
2021-01-14,"Moderna, Pfizer/BioNTech",102182,12,102194
2021-01-15,"Moderna, Pfizer/BioNTech",116185,13,116198
2021-01-16,"Moderna, Pfizer/BioNTech",119578,16,119594
2021-01-17,"Moderna, Pfizer/BioNTech",122193,652,122845
2021-01-18,"Moderna, Pfizer/BioNTech",134673,2479,137152
2021-01-19,"Moderna, Pfizer/BioNTech",147272,5201,152473
2021-01-20,"Moderna, Pfizer/BioNTech",160947,7857,168804
2021-01-21,"Moderna, Pfizer/BioNTech",176594,9597,186191
2021-01-22,"Moderna, Pfizer/BioNTech",191463,10641,202104
2021-01-23,"Moderna, Pfizer/BioNTech",194781,11520,206301
2021-01-24,"Moderna, Pfizer/BioNTech",197034,12388,209422
2021-01-25,"Moderna, Pfizer/BioNTech",206673,15362,222035
2021-01-26,"Moderna, Pfizer/BioNTech",217209,19348,236557
2021-01-27,"Moderna, Pfizer/BioNTech",226235,23886,250121
2021-01-28,"Moderna, Pfizer/BioNTech",233330,30014,263344
2021-01-29,"Moderna, Pfizer/BioNTech",239539,37921,277460
2021-01-30,"Moderna, Pfizer/BioNTech",240274,39009,279283
2021-01-31,"Moderna, Pfizer/BioNTech",240987,40190,281177
2021-02-01,"Moderna, Pfizer/BioNTech",244965,48146,293111
2021-02-02,"Moderna, Pfizer/BioNTech",249101,58373,307474
2021-02-03,"Moderna, Pfizer/BioNTech",253517,69376,322893
2021-02-04,"Moderna, Pfizer/BioNTech",258413,82357,340770
2021-02-05,"Moderna, Pfizer/BioNTech",263875,93022,356897
2021-02-06,"Moderna, Oxford/AstraZeneca, Pfizer/BioNTech",264723,95384,360107
2021-02-07,"Moderna, Pfizer/BioNTech",265570,97885,363455
2021-02-08,"Moderna, Oxford/AstraZeneca, Pfizer/BioNTech",269642,109317,378959
2021-02-09,"Moderna, Oxford/AstraZeneca, Pfizer/BioNTech",274732,121223,395955
2021-02-10,"Moderna, Oxford/AstraZeneca, Pfizer/BioNTech",280236,134464,414700
2021-02-11,"Moderna, Oxford/AstraZeneca, Pfizer/BioNTech",286561,150669,437230
2021-02-12,"Moderna, Oxford/AstraZeneca, Pfizer/BioNTech",293328,165394,458722
2021-02-13,"Moderna, Oxford/AstraZeneca, Pfizer/BioNTech",294935,168380,463315
2021-02-14,"Moderna, Oxford/AstraZeneca, Pfizer/BioNTech",295936,169764,465700
2021-02-15,"Moderna, Oxford/AstraZeneca, Pfizer/BioNTech",302334,179118,481452
2021-02-16,"Moderna, Oxford/AstraZeneca, Pfizer/BioNTech",311051,188192,499243
2021-02-17,"Moderna, Oxford/AstraZeneca, Pfizer/BioNTech",320745,196496,517241
2021-02-18,"Moderna, Oxford/AstraZeneca, Pfizer/BioNTech",333060,204567,537627
2021-02-19,"Moderna, Oxford/AstraZeneca, Pfizer/BioNTech",344910,211920,556830
2021-02-20,"Moderna, Oxford/AstraZeneca, Pfizer/BioNTech",346902,213100,560002
2021-02-21,"Moderna, Oxford/AstraZeneca, Pfizer/BioNTech",348029,214123,562152
2021-02-22,"Moderna, Oxford/AstraZeneca, Pfizer/BioNTech",358146,220148,578294
2021-02-23,"Moderna, Oxford/AstraZeneca, Pfizer/BioNTech",371088,227118,598206
2021-02-24,"Moderna, Oxford/AstraZeneca, Pfizer/BioNTech",384955,233150,618105
2021-02-25,"Moderna, Oxford/AstraZeneca, Pfizer/BioNTech",402919,238697,641616
2021-02-26,"Moderna, Oxford/AstraZeneca, Pfizer/BioNTech",419081,244040,663121
2021-02-27,"Moderna, Oxford/AstraZeneca, Pfizer/BioNTech",422088,244596,666684
2021-02-28,"Moderna, Oxford/AstraZeneca, Pfizer/BioNTech",424432,245143,669575
2021-03-01,"Moderna, Oxford/AstraZeneca, Pfizer/BioNTech",444007,248584,692591
2021-03-02,"Moderna, Oxford/AstraZeneca, Pfizer/BioNTech",471224,252122,723346
2021-03-03,"Moderna, Oxford/AstraZeneca, Pfizer/BioNTech",502089,256624,758713
2021-03-04,"Moderna, Oxford/AstraZeneca, Pfizer/BioNTech",535357,261305,796662
2021-03-05,"Johnson&Johnson, Moderna, Oxford/AstraZeneca, Pfizer/BioNTech",564160,266718,830878
2021-03-06,"Johnson&Johnson, Moderna, Oxford/AstraZeneca, Pfizer/BioNTech",576299,267573,843872
2021-03-07,"Johnson&Johnson, Moderna, Oxford/AstraZeneca, Pfizer/BioNTech",587830,268412,856242
2021-03-08,"Johnson&Johnson, Moderna, Oxford/AstraZeneca, Pfizer/BioNTech",617544,273256,890800
2021-03-09,"Johnson&Johnson, Moderna, Oxford/AstraZeneca, Pfizer/BioNTech",653885,279634,933519
2021-03-10,"Moderna, Oxford/AstraZeneca, Pfizer/BioNTech",695178,286582,981760
2021-03-11,"Johnson&Johnson, Moderna, Oxford/AstraZeneca, Pfizer/BioNTech",739972,294952,1034924
2021-03-12,"Johnson&Johnson, Moderna, Oxford/AstraZeneca, Pfizer/BioNTech",778740,303415,1082155
2021-03-13,"Johnson&Johnson, Moderna, Oxford/AstraZeneca, Pfizer/BioNTech",795809,304719,1100528
2021-03-14,"Moderna, Oxford/AstraZeneca, Pfizer/BioNTech",807913,305867,1113780
2021-03-15,"Moderna, Oxford/AstraZeneca, Pfizer/BioNTech",836283,314639,1150922
2021-03-16,"Johnson&Johnson, Moderna, Oxford/AstraZeneca, Pfizer/BioNTech",875156,325170,1200326
2021-03-17,"Moderna, Oxford/AstraZeneca, Pfizer/BioNTech",912604,335672,1248276
2021-03-18,"Johnson&Johnson, Moderna, Oxford/AstraZeneca, Pfizer/BioNTech",950563,348076,1298639
2021-03-19,"Moderna, Oxford/AstraZeneca, Pfizer/BioNTech",985024,361677,1346701
2021-03-20,"Johnson&Johnson, Moderna, Oxford/AstraZeneca, Pfizer/BioNTech",1000153,363699,1363852
2021-03-21,"Johnson&Johnson, Moderna, Oxford/AstraZeneca, Pfizer/BioNTech",1007562,365253,1372815
2021-03-22,"Johnson&Johnson, Moderna, Oxford/AstraZeneca, Pfizer/BioNTech",1032085,377750,1409835
2021-03-23,"Johnson&Johnson, Moderna, Oxford/AstraZeneca, Pfizer/BioNTech",1058708,391098,1449806
2021-03-24,"Johnson&Johnson, Moderna, Oxford/AstraZeneca, Pfizer/BioNTech",1085546,406825,1492371
2021-03-25,"Moderna, Oxford/AstraZeneca, Pfizer/BioNTech",1111852,424665,1536517
2021-03-26,"Johnson&Johnson, Moderna, Oxford/AstraZeneca, Pfizer/BioNTech",1136643,442155,1578798
2021-03-27,"Johnson&Johnson, Moderna, Oxford/AstraZeneca, Pfizer/BioNTech",1145069,446999,1592068
2021-03-28,"Moderna, Oxford/AstraZeneca, Pfizer/BioNTech",1150605,451137,1601742
2021-03-29,"Johnson&Johnson, Moderna, Oxford/AstraZeneca, Pfizer/BioNTech",1169720,471856,1641576
2021-03-30,"Johnson&Johnson, Moderna, Oxford/AstraZeneca, Pfizer/BioNTech",1194400,494026,1688426
2021-03-31,"Johnson&Johnson, Moderna, Oxford/AstraZeneca, Pfizer/BioNTech",1217483,521078,1738561
2021-04-01,"Johnson&Johnson, Moderna, Oxford/AstraZeneca, Pfizer/BioNTech",1243079,553116,1796195
2021-04-02,"Johnson&Johnson, Moderna, Oxford/AstraZeneca, Pfizer/BioNTech",1249993,565898,1815891
2021-04-03,"Johnson&Johnson, Moderna, Oxford/AstraZeneca, Pfizer/BioNTech",1253603,576813,1830416
2021-04-04,"Johnson&Johnson, Moderna, Oxford/AstraZeneca, Pfizer/BioNTech",1256106,585730,1841836
2021-04-05,"Johnson&Johnson, Moderna, Oxford/AstraZeneca, Pfizer/BioNTech",1258499,592907,1851406
2021-04-06,"Johnson&Johnson, Moderna, Oxford/AstraZeneca, Pfizer/BioNTech",1274617,622146,1896763
2021-04-07,"Johnson&Johnson, Moderna, Oxford/AstraZeneca, Pfizer/BioNTech",1298015,644367,1942382
2021-04-08,"Johnson&Johnson, Moderna, Oxford/AstraZeneca, Pfizer/BioNTech",1336695,675373,2012068
2021-04-09,"Johnson&Johnson, Moderna, Oxford/AstraZeneca, Pfizer/BioNTech",1376216,705543,2081759
2021-04-10,"Johnson&Johnson, Moderna, Oxford/AstraZeneca, Pfizer/BioNTech",1391695,720830,2112525
2021-04-11,"Johnson&Johnson, Moderna, Oxford/AstraZeneca, Pfizer/BioNTech",1401462,730861,2132323
2021-04-12,"Johnson&Johnson, Moderna, Oxford/AstraZeneca, Pfizer/BioNTech",1439692,755986,2195678
2021-04-13,"Moderna, Oxford/AstraZeneca, Pfizer/BioNTech",1475921,782018,2257939
2021-04-14,"Moderna, Oxford/AstraZeneca, Pfizer/BioNTech",1514713,809363,2324076
2021-04-15,"Moderna, Oxford/AstraZeneca, Pfizer/BioNTech",1562478,835072,2397550
2021-04-16,"Moderna, Oxford/AstraZeneca, Pfizer/BioNTech",1607107,860696,2467803
2021-04-17,"Moderna, Oxford/AstraZeneca, Pfizer/BioNTech",1623789,869720,2493509
2021-04-18,"Moderna, Oxford/AstraZeneca, Pfizer/BioNTech",1636768,874701,2511469
2021-04-19,"Moderna, Oxford/AstraZeneca, Pfizer/BioNTech",1680751,890158,2570909
2021-04-20,"Johnson&Johnson, Moderna, Oxford/AstraZeneca, Pfizer/BioNTech",1723278,906014,2629292
2021-04-21,"Moderna, Oxford/AstraZeneca, Pfizer/BioNTech",1770990,920354,2691344
2021-04-22,"Johnson&Johnson, Moderna, Oxford/AstraZeneca, Pfizer/BioNTech",1825462,937726,2763188
2021-04-23,"Johnson&Johnson, Moderna, Oxford/AstraZeneca, Pfizer/BioNTech",1875402,949771,2825173
2021-04-24,"Johnson&Johnson, Moderna, Oxford/AstraZeneca, Pfizer/BioNTech",1893224,955010,2848234
2021-04-25,"Johnson&Johnson, Moderna, Oxford/AstraZeneca, Pfizer/BioNTech",1907906,959000,2866906
2021-04-26,"Johnson&Johnson, Moderna, Oxford/AstraZeneca, Pfizer/BioNTech",1957472,966541,2924013
2021-04-27,"Johnson&Johnson, Moderna, Oxford/AstraZeneca, Pfizer/BioNTech",2006422,978755,2985177
2021-04-28,"Johnson&Johnson, Moderna, Oxford/AstraZeneca, Pfizer/BioNTech",2065155,992734,3057889
2021-04-29,"Johnson&Johnson, Moderna, Oxford/AstraZeneca, Pfizer/BioNTech",2130684,1008599,3139283
2021-04-30,"Johnson&Johnson, Moderna, Oxford/AstraZeneca, Pfizer/BioNTech",2192888,1018549,3211437
2021-05-01,"Johnson&Johnson, Moderna, Oxford/AstraZeneca, Pfizer/BioNTech",2212194,1021988,3234182
2021-05-02,"Johnson&Johnson, Moderna, Oxford/AstraZeneca, Pfizer/BioNTech",2231100,1024252,3255352
2021-05-03,"Johnson&Johnson, Moderna, Oxford/AstraZeneca, Pfizer/BioNTech",2298322,1029297,3327619
2021-05-04,"Johnson&Johnson, Moderna, Oxford/AstraZeneca, Pfizer/BioNTech",2364787,1037614,3402401
2021-05-05,"Johnson&Johnson, Moderna, Oxford/AstraZeneca, Pfizer/BioNTech",2437919,1046999,3484918
2021-05-06,"Johnson&Johnson, Moderna, Oxford/AstraZeneca, Pfizer/BioNTech",2518284,1057694,3575978
2021-05-07,"Johnson&Johnson, Moderna, Oxford/AstraZeneca, Pfizer/BioNTech",2595502,1067735,3663237
2021-05-08,"Johnson&Johnson, Moderna, Oxford/AstraZeneca, Pfizer/BioNTech",2624917,1069487,3694404
2021-05-09,"Johnson&Johnson, Moderna, Oxford/AstraZeneca, Pfizer/BioNTech",2649092,1070684,3719776
2021-05-10,"Johnson&Johnson, Moderna, Oxford/AstraZeneca, Pfizer/BioNTech",2721821,1077888,3799709
2021-05-11,"Johnson&Johnson, Moderna, Oxford/AstraZeneca, Pfizer/BioNTech",2797905,1086673,3884578
2021-05-12,"Johnson&Johnson, Moderna, Oxford/AstraZeneca, Pfizer/BioNTech",2877734,1095755,3973489
2021-05-13,"Johnson&Johnson, Moderna, Oxford/AstraZeneca, Pfizer/BioNTech",2961728,1104897,4066625
2021-05-14,"Johnson&Johnson, Moderna, Oxford/AstraZeneca, Pfizer/BioNTech",3041138,1112657,4153795
2021-05-15,"Johnson&Johnson, Moderna, Oxford/AstraZeneca, Pfizer/BioNTech",3072992,1114878,4187870
2021-05-16,"Johnson&Johnson, Moderna, Oxford/AstraZeneca, Pfizer/BioNTech",3098736,1116133,4214869
2021-05-17,"Johnson&Johnson, Moderna, Oxford/AstraZeneca, Pfizer/BioNTech",3171222,1122833,4294055
2021-05-18,"Johnson&Johnson, Moderna, Oxford/AstraZeneca, Pfizer/BioNTech",3243125,1135855,4378980
2021-05-19,"Johnson&Johnson, Moderna, Oxford/AstraZeneca, Pfizer/BioNTech",3320560,1150964,4471524
2021-05-20,"Johnson&Johnson, Moderna, Oxford/AstraZeneca, Pfizer/BioNTech",3395965,1177958,4573923
2021-05-21,"Johnson&Johnson, Moderna, Oxford/AstraZeneca, Pfizer/BioNTech",3464695,1205677,4670372
2021-05-22,"Johnson&Johnson, Moderna, Oxford/AstraZeneca, Pfizer/BioNTech",3497044,1216832,4713876
2021-05-23,"Johnson&Johnson, Moderna, Oxford/AstraZeneca, Pfizer/BioNTech",3519369,1225850,4745219
2021-05-24,"Johnson&Johnson, Moderna, Oxford/AstraZeneca, Pfizer/BioNTech",3566485,1259469,4825954
2021-05-25,"Johnson&Johnson, Moderna, Oxford/AstraZeneca, Pfizer/BioNTech",3618317,1295228,4913545
2021-05-26,"Johnson&Johnson, Moderna, Oxford/AstraZeneca, Pfizer/BioNTech",3686052,1332713,5018765
2021-05-27,"Johnson&Johnson, Moderna, Oxford/AstraZeneca, Pfizer/BioNTech",3747420,1379987,5127407
2021-05-28,"Johnson&Johnson, Moderna, Oxford/AstraZeneca, Pfizer/BioNTech",3809090,1426490,5235580
2021-05-29,"Johnson&Johnson, Moderna, Oxford/AstraZeneca, Pfizer/BioNTech",3838248,1443569,5281817
2021-05-30,"Johnson&Johnson, Moderna, Oxford/AstraZeneca, Pfizer/BioNTech",3860590,1457979,5318569
2021-05-31,"Johnson&Johnson, Moderna, Oxford/AstraZeneca, Pfizer/BioNTech",3916306,1505502,5421808
2021-06-01,"Johnson&Johnson, Moderna, Oxford/AstraZeneca, Pfizer/BioNTech",3975311,1554300,5529611
2021-06-02,"Johnson&Johnson, Moderna, Oxford/AstraZeneca, Pfizer/BioNTech",4038182,1608222,5646404
2021-06-03,"Johnson&Johnson, Moderna, Oxford/AstraZeneca, Pfizer/BioNTech",4096395,1668383,5764778
2021-06-04,"Johnson&Johnson, Moderna, Oxford/AstraZeneca, Pfizer/BioNTech",4159464,1725712,5885176
2021-06-05,"Johnson&Johnson, Moderna, Oxford/AstraZeneca, Pfizer/BioNTech",4193588,1744497,5938085
2021-06-06,"Johnson&Johnson, Moderna, Oxford/AstraZeneca, Pfizer/BioNTech",4220491,1759596,5980087
2021-06-07,"Johnson&Johnson, Moderna, Oxford/AstraZeneca, Pfizer/BioNTech",4284164,1815184,6099348
2021-06-08,"Johnson&Johnson, Moderna, Oxford/AstraZeneca, Pfizer/BioNTech",4348131,1870112,6218243
2021-06-09,"Johnson&Johnson, Moderna, Oxford/AstraZeneca, Pfizer/BioNTech",4407314,1934543,6341857
2021-06-10,"Johnson&Johnson, Moderna, Oxford/AstraZeneca, Pfizer/BioNTech",4461194,2005609,6466803
2021-06-11,"Johnson&Johnson, Moderna, Oxford/AstraZeneca, Pfizer/BioNTech",4513283,2075285,6588568
2021-06-12,"Johnson&Johnson, Moderna, Oxford/AstraZeneca, Pfizer/BioNTech",4545276,2096025,6641301
2021-06-13,"Johnson&Johnson, Moderna, Oxford/AstraZeneca, Pfizer/BioNTech",4569281,2114389,6683670
2021-06-14,"Johnson&Johnson, Moderna, Oxford/AstraZeneca, Pfizer/BioNTech",4612348,2188706,6801054
2021-06-15,"Johnson&Johnson, Moderna, Oxford/AstraZeneca, Pfizer/BioNTech",4656985,2260977,6917962
2021-06-16,"Johnson&Johnson, Moderna, Oxford/AstraZeneca, Pfizer/BioNTech",4699713,2339125,7038838
2021-06-17,"Johnson&Johnson, Moderna, Oxford/AstraZeneca, Pfizer/BioNTech",4739083,2422114,7161197
2021-06-18,"Johnson&Johnson, Moderna, Oxford/AstraZeneca, Pfizer/BioNTech",4781460,2502535,7283995
2021-06-19,"Johnson&Johnson, Moderna, Oxford/AstraZeneca, Pfizer/BioNTech",4803202,2531761,7334963
2021-06-20,"Johnson&Johnson, Moderna, Oxford/AstraZeneca, Pfizer/BioNTech",4820559,2555537,7376096
2021-06-21,"Johnson&Johnson, Moderna, Oxford/AstraZeneca, Pfizer/BioNTech",4853058,2634031,7487089
2021-06-22,"Johnson&Johnson, Moderna, Oxford/AstraZeneca, Pfizer/BioNTech",4886013,2716211,7602224
2021-06-23,"Johnson&Johnson, Moderna, Oxford/AstraZeneca, Pfizer/BioNTech",4917666,2801349,7719015
2021-06-24,"Johnson&Johnson, Moderna, Oxford/AstraZeneca, Pfizer/BioNTech",4947501,2891297,7838798
2021-06-25,"Johnson&Johnson, Moderna, Oxford/AstraZeneca, Pfizer/BioNTech",4978549,2977357,7955906
2021-06-26,"Johnson&Johnson, Moderna, Oxford/AstraZeneca, Pfizer/BioNTech",4994403,3012109,8006512
2021-06-27,"Johnson&Johnson, Moderna, Oxford/AstraZeneca, Pfizer/BioNTech",5008339,3038708,8047047
2021-06-28,"Johnson&Johnson, Moderna, Oxford/AstraZeneca, Pfizer/BioNTech",5036744,3123809,8160553
2021-06-29,"Johnson&Johnson, Moderna, Oxford/AstraZeneca, Pfizer/BioNTech",5066006,3210196,8276202
2021-06-30,"Johnson&Johnson, Moderna, Oxford/AstraZeneca, Pfizer/BioNTech",5093492,3301065,8394557
2021-07-01,"Johnson&Johnson, Moderna, Oxford/AstraZeneca, Pfizer/BioNTech",5117456,3391021,8508477
2021-07-02,"Johnson&Johnson, Moderna, Oxford/AstraZeneca, Pfizer/BioNTech",5144167,3476764,8620931
2021-07-03,"Johnson&Johnson, Moderna, Oxford/AstraZeneca, Pfizer/BioNTech",5151239,3508229,8659468
2021-07-04,"Johnson&Johnson, Moderna, Oxford/AstraZeneca, Pfizer/BioNTech",5158787,3529996,8688783
2021-07-05,"Johnson&Johnson, Moderna, Oxford/AstraZeneca, Pfizer/BioNTech",5166140,3555321,8721461
2021-07-06,"Johnson&Johnson, Moderna, Oxford/AstraZeneca, Pfizer/BioNTech",5171542,3582907,8754449
2021-07-07,"Johnson&Johnson, Moderna, Oxford/AstraZeneca, Pfizer/BioNTech",5197317,3661800,8859117
2021-07-08,"Johnson&Johnson, Moderna, Oxford/AstraZeneca, Pfizer/BioNTech",5223908,3732042,8955950
2021-07-09,"Johnson&Johnson, Moderna, Oxford/AstraZeneca, Pfizer/BioNTech",5251809,3801232,9053041
2021-07-10,"Johnson&Johnson, Moderna, Oxford/AstraZeneca, Pfizer/BioNTech",5261148,3829809,9090957
2021-07-11,"Johnson&Johnson, Moderna, Oxford/AstraZeneca, Pfizer/BioNTech",5269665,3852661,9122326
2021-07-12,"Johnson&Johnson, Moderna, Oxford/AstraZeneca, Pfizer/BioNTech",5297185,3921688,9218873
2021-07-13,"Johnson&Johnson, Moderna, Oxford/AstraZeneca, Pfizer/BioNTech",5323355,3991490,9314845
2021-07-14,"Johnson&Johnson, Moderna, Oxford/AstraZeneca, Pfizer/BioNTech",5349157,4063398,9412555
2021-07-15,"Johnson&Johnson, Moderna, Oxford/AstraZeneca, Pfizer/BioNTech",5378327,4129332,9507659
2021-07-16,"Johnson&Johnson, Moderna, Oxford/AstraZeneca, Pfizer/BioNTech",5406226,4201958,9608184
2021-07-17,"Johnson&Johnson, Moderna, Oxford/AstraZeneca, Pfizer/BioNTech",5414987,4233347,9648334
2021-07-18,"Johnson&Johnson, Moderna, Oxford/AstraZeneca, Pfizer/BioNTech",5423422,4259310,9682732
2021-07-19,"Johnson&Johnson, Moderna, Oxford/AstraZeneca, Pfizer/BioNTech",5446760,4326267,9773027
2021-07-20,"Johnson&Johnson, Moderna, Oxford/AstraZeneca, Pfizer/BioNTech",5468135,4393236,9861371
2021-07-21,"Johnson&Johnson, Moderna, Oxford/AstraZeneca, Pfizer/BioNTech",5491579,4456620,9948199
2021-07-22,"Johnson&Johnson, Moderna, Oxford/AstraZeneca, Pfizer/BioNTech",5513928,4515167,10029095
2021-07-23,"Johnson&Johnson, Moderna, Oxford/AstraZeneca, Pfizer/BioNTech",5537109,4569835,10106944
2021-07-24,"Johnson&Johnson, Moderna, Oxford/AstraZeneca, Pfizer/BioNTech",5544413,4597449,10141862
2021-07-25,"Johnson&Johnson, Moderna, Oxford/AstraZeneca, Pfizer/BioNTech",5551015,4619539,10170554
2021-07-26,"Johnson&Johnson, Moderna, Oxford/AstraZeneca, Pfizer/BioNTech",5574534,4668132,10242666
2021-07-27,"Johnson&Johnson, Moderna, Oxford/AstraZeneca, Pfizer/BioNTech",5597255,4714687,10311942
2021-07-28,"Johnson&Johnson, Moderna, Oxford/AstraZeneca, Pfizer/BioNTech",5618486,4760582,10379068
2021-07-29,"Johnson&Johnson, Moderna, Oxford/AstraZeneca, Pfizer/BioNTech",5639790,4802450,10442240
2021-07-30,"Johnson&Johnson, Moderna, Oxford/AstraZeneca, Pfizer/BioNTech",5663054,4844921,10507975
2021-07-31,"Johnson&Johnson, Moderna, Oxford/AstraZeneca, Pfizer/BioNTech",5671967,4864416,10536383
2021-08-01,"Johnson&Johnson, Moderna, Oxford/AstraZeneca, Pfizer/BioNTech",5678680,4880555,10559235
2021-08-02,"Johnson&Johnson, Moderna, Oxford/AstraZeneca, Pfizer/BioNTech",5697292,4918044,10615336
2021-08-03,"Johnson&Johnson, Moderna, Oxford/AstraZeneca, Pfizer/BioNTech",5714911,4956080,10670991
2021-08-04,"Johnson&Johnson, Moderna, Oxford/AstraZeneca, Pfizer/BioNTech",5730989,4992747,10723736
2021-08-05,"Johnson&Johnson, Moderna, Oxford/AstraZeneca, Pfizer/BioNTech",5746996,5033147,10780143
2021-08-06,"Johnson&Johnson, Moderna, Oxford/AstraZeneca, Pfizer/BioNTech",5763765,5076363,10840128
2021-08-07,"Johnson&Johnson, Moderna, Oxford/AstraZeneca, Pfizer/BioNTech",5769349,5094495,10863844
2021-08-08,"Johnson&Johnson, Moderna, Oxford/AstraZeneca, Pfizer/BioNTech",5773696,5110223,10883919
2021-08-09,"Johnson&Johnson, Moderna, Oxford/AstraZeneca, Pfizer/BioNTech",5786327,5155219,10941546
2021-08-10,"Johnson&Johnson, Moderna, Oxford/AstraZeneca, Pfizer/BioNTech",5798154,5194735,10992889
2021-08-11,"Johnson&Johnson, Moderna, Oxford/AstraZeneca, Pfizer/BioNTech",5809502,5237815,11047317
2021-08-12,"Johnson&Johnson, Moderna, Oxford/AstraZeneca, Pfizer/BioNTech",5820908,5274887,11095795
2021-08-13,"Johnson&Johnson, Moderna, Oxford/AstraZeneca, Pfizer/BioNTech",5831617,5315161,11146778
2021-08-14,"Johnson&Johnson, Moderna, Oxford/AstraZeneca, Pfizer/BioNTech",5834952,5325838,11160790
2021-08-15,"Johnson&Johnson, Moderna, Oxford/AstraZeneca, Pfizer/BioNTech",5837526,5336192,11173718
2021-08-16,"Johnson&Johnson, Moderna, Oxford/AstraZeneca, Pfizer/BioNTech",5847295,5370219,11217514
2021-08-17,"Johnson&Johnson, Moderna, Oxford/AstraZeneca, Pfizer/BioNTech",5856880,5397277,11254157
2021-08-18,"Johnson&Johnson, Moderna, Oxford/AstraZeneca, Pfizer/BioNTech",5866242,5436103,11302345
2021-08-19,"Johnson&Johnson, Moderna, Oxford/AstraZeneca, Pfizer/BioNTech",5875900,5474414,11350314
2021-08-20,"Johnson&Johnson, Moderna, Oxford/AstraZeneca, Pfizer/BioNTech",5887271,5514563,11401834
2021-08-21,"Johnson&Johnson, Moderna, Oxford/AstraZeneca, Pfizer/BioNTech",5889984,5527297,11417281
2021-08-22,"Johnson&Johnson, Moderna, Oxford/AstraZeneca, Pfizer/BioNTech",5892321,5539246,11431567
2021-08-23,"Johnson&Johnson, Moderna, Oxford/AstraZeneca, Pfizer/BioNTech",5902849,5578469,11481318
2021-08-24,"Johnson&Johnson, Moderna, Oxford/AstraZeneca, Pfizer/BioNTech",5912707,5611682,11524389
2021-08-25,"Johnson&Johnson, Moderna, Oxford/AstraZeneca, Pfizer/BioNTech",5921565,5640013,11561578
2021-08-26,"Johnson&Johnson, Moderna, Oxford/AstraZeneca, Pfizer/BioNTech",5930005,5666105,11596110
2021-08-27,"Johnson&Johnson, Moderna, Oxford/AstraZeneca, Pfizer/BioNTech",5940312,5692017,11632329
2021-08-28,"Johnson&Johnson, Moderna, Oxford/AstraZeneca, Pfizer/BioNTech",5943033,5699042,11642075
2021-08-29,"Johnson&Johnson, Moderna, Oxford/AstraZeneca, Pfizer/BioNTech",5945435,5705651,11651086
2021-08-30,"Johnson&Johnson, Moderna, Oxford/AstraZeneca, Pfizer/BioNTech",5953952,5727490,11681442
2021-08-31,"Johnson&Johnson, Moderna, Oxford/AstraZeneca, Pfizer/BioNTech",5961608,5745541,11707149
2021-09-01,"Johnson&Johnson, Moderna, Oxford/AstraZeneca, Pfizer/BioNTech",5967489,5759510,11726999
2021-09-02,"Johnson&Johnson, Moderna, Oxford/AstraZeneca, Pfizer/BioNTech",5974304,5773868,11748172
2021-09-03,"Johnson&Johnson, Moderna, Oxford/AstraZeneca, Pfizer/BioNTech",5983846,5789548,11773394
2021-09-04,"Johnson&Johnson, Moderna, Oxford/AstraZeneca, Pfizer/BioNTech",5985906,5793093,11778999
2021-09-05,"Johnson&Johnson, Moderna, Oxford/AstraZeneca, Pfizer/BioNTech",5987938,5795926,11783864
2021-09-06,"Johnson&Johnson, Moderna, Oxford/AstraZeneca, Pfizer/BioNTech",5994148,5808424,11802572
2021-09-07,"Johnson&Johnson, Moderna, Oxford/AstraZeneca, Pfizer/BioNTech",5998515,5819501,11818016
2021-09-08,"Johnson&Johnson, Moderna, Oxford/AstraZeneca, Pfizer/BioNTech",6004165,5829327,11833492
2021-09-09,"Johnson&Johnson, Moderna, Oxford/AstraZeneca, Pfizer/BioNTech",6010820,5839372,11850192
2021-09-10,"Johnson&Johnson, Moderna, Oxford/AstraZeneca, Pfizer/BioNTech",6018482,5851525,11870007
2021-09-11,"Johnson&Johnson, Moderna, Oxford/AstraZeneca, Pfizer/BioNTech",6020342,5853995,11874337
2021-09-12,"Johnson&Johnson, Moderna, Oxford/AstraZeneca, Pfizer/BioNTech",6021455,5855615,11877070
2021-09-13,"Johnson&Johnson, Moderna, Oxford/AstraZeneca, Pfizer/BioNTech",6026870,5865898,11892768
2021-09-14,"Johnson&Johnson, Moderna, Oxford/AstraZeneca, Pfizer/BioNTech",6032238,5874891,11907129
2021-09-15,"Johnson&Johnson, Moderna, Oxford/AstraZeneca, Pfizer/BioNTech",6037415,5883398,11920813
2021-09-16,"Johnson&Johnson, Moderna, Oxford/AstraZeneca, Pfizer/BioNTech",6042742,5891651,11934393
2021-09-17,"Johnson&Johnson, Moderna, Oxford/AstraZeneca, Pfizer/BioNTech",6049288,5901847,11951135
2021-09-18,"Johnson&Johnson, Moderna, Oxford/AstraZeneca, Pfizer/BioNTech",6051010,5904196,11955206
2021-09-19,"Johnson&Johnson, Moderna, Oxford/AstraZeneca, Pfizer/BioNTech",6051949,5905759,11957708
2021-09-20,"Johnson&Johnson, Moderna, Oxford/AstraZeneca, Pfizer/BioNTech",6055942,5913942,11969884
2021-09-21,"Johnson&Johnson, Moderna, Oxford/AstraZeneca, Pfizer/BioNTech",6060150,5921463,11981613
2021-09-22,"Johnson&Johnson, Moderna, Oxford/AstraZeneca, Pfizer/BioNTech",6064312,5926967,11991279
2021-09-23,"Johnson&Johnson, Moderna, Oxford/AstraZeneca, Pfizer/BioNTech",6069275,5933367,12002642
2021-09-24,"Johnson&Johnson, Moderna, Oxford/AstraZeneca, Pfizer/BioNTech",6075018,5942972,12017990
2021-09-25,"Johnson&Johnson, Moderna, Oxford/AstraZeneca, Pfizer/BioNTech",6076508,5944957,12021465
2021-09-26,"Johnson&Johnson, Moderna, Pfizer/BioNTech",6077247,5946585,12023832
2021-09-27,"Johnson&Johnson, Moderna, Oxford/AstraZeneca, Pfizer/BioNTech",6081107,5953070,12034177
2021-09-28,"Johnson&Johnson, Moderna, Pfizer/BioNTech",6081463,5953671,12035134
2021-09-29,"Johnson&Johnson, Moderna, Oxford/AstraZeneca, Pfizer/BioNTech",6085231,5961110,12046341
2021-09-30,"Johnson&Johnson, Moderna, Oxford/AstraZeneca, Pfizer/BioNTech",6089722,5968782,12058504
2021-10-01,"Johnson&Johnson, Moderna, Oxford/AstraZeneca, Pfizer/BioNTech",6093983,5976724,12070707
2021-10-02,"Johnson&Johnson, Moderna, Oxford/AstraZeneca, Pfizer/BioNTech",6095027,5978255,12073282
2021-10-03,"Johnson&Johnson, Moderna, Pfizer/BioNTech",6095731,5979116,12074847
2021-10-04,"Johnson&Johnson, Moderna, Oxford/AstraZeneca, Pfizer/BioNTech",6098785,5984676,12083461
2021-10-05,"Johnson&Johnson, Moderna, Oxford/AstraZeneca, Pfizer/BioNTech",6101920,5989733,12091653
2021-10-06,"Johnson&Johnson, Moderna, Oxford/AstraZeneca, Pfizer/BioNTech",6105411,5994887,12100298
2021-10-07,"Johnson&Johnson, Moderna, Oxford/AstraZeneca, Pfizer/BioNTech",6108664,6000129,12108793
2021-10-08,"Johnson&Johnson, Moderna, Oxford/AstraZeneca, Pfizer/BioNTech",6113436,6006741,12120177
2021-10-09,"Johnson&Johnson, Moderna, Oxford/AstraZeneca, Pfizer/BioNTech",6114674,6008389,12123063
2021-10-10,"Johnson&Johnson, Moderna, Oxford/AstraZeneca, Pfizer/BioNTech",6115614,6009217,12124831
2021-10-11,"Johnson&Johnson, Moderna, Oxford/AstraZeneca, Pfizer/BioNTech",6118525,6013613,12132138
2021-10-12,"Johnson&Johnson, Moderna, Oxford/AstraZeneca, Pfizer/BioNTech",6121414,6017605,12139019
2021-10-13,"Johnson&Johnson, Moderna, Oxford/AstraZeneca, Pfizer/BioNTech",6124931,6021779,12146710
2021-10-14,"Johnson&Johnson, Moderna, Oxford/AstraZeneca, Pfizer/BioNTech",6128590,6026716,12155306
2021-10-15,"Johnson&Johnson, Moderna, Oxford/AstraZeneca, Pfizer/BioNTech",6133737,6032843,12166580
2021-10-16,"Johnson&Johnson, Moderna, Oxford/AstraZeneca, Pfizer/BioNTech",6135108,6034356,12169464
2021-10-17,"Johnson&Johnson, Moderna, Pfizer/BioNTech",6136427,6035407,12171834
2021-10-18,"Johnson&Johnson, Moderna, Oxford/AstraZeneca, Pfizer/BioNTech",6140484,6039493,12179977
2021-10-19,"Johnson&Johnson, Moderna, Oxford/AstraZeneca, Pfizer/BioNTech",6144022,6041574,12185596
2021-10-20,"Johnson&Johnson, Moderna, Oxford/AstraZeneca, Pfizer/BioNTech",6148867,6046012,12194879
2021-10-21,"Johnson&Johnson, Moderna, Oxford/AstraZeneca, Pfizer/BioNTech",6156500,6051598,12208098
2021-10-22,"Johnson&Johnson, Moderna, Oxford/AstraZeneca, Pfizer/BioNTech",6166874,6058092,12224966
2021-10-23,"Johnson&Johnson, Moderna, Pfizer/BioNTech",6170532,6060291,12230823
2021-10-24,"Johnson&Johnson, Moderna, Pfizer/BioNTech",6173212,6062061,12235273
2021-10-25,"Johnson&Johnson, Moderna, Oxford/AstraZeneca, Pfizer/BioNTech",6183611,6067851,12251462
2021-10-26,"Johnson&Johnson, Moderna, Oxford/AstraZeneca, Pfizer/BioNTech",6195391,6074381,12269772
2021-10-27,"Johnson&Johnson, Moderna, Oxford/AstraZeneca, Pfizer/BioNTech",6209869,6081768,12291637
2021-10-28,"Johnson&Johnson, Moderna, Pfizer/BioNTech",6213214,6083433,12296647
2021-10-29,"Johnson&Johnson, Moderna, Oxford/AstraZeneca, Pfizer/BioNTech",6227551,6091387,12318938
2021-10-30,"Johnson&Johnson, Moderna, Pfizer/BioNTech",6232069,6094294,12326363
2021-10-31,"Johnson&Johnson, Moderna, Oxford/AstraZeneca, Pfizer/BioNTech",6235819,6096756,12332575
2021-11-01,"Johnson&Johnson, Moderna, Oxford/AstraZeneca, Pfizer/BioNTech",6250880,6104429,12355309
2021-11-02,"Johnson&Johnson, Moderna, Oxford/AstraZeneca, Pfizer/BioNTech",6266128,6111939,12378067
2021-11-03,"Johnson&Johnson, Moderna, Oxford/AstraZeneca, Pfizer/BioNTech",6283177,6119212,12402389
2021-11-04,"Johnson&Johnson, Moderna, Oxford/AstraZeneca, Pfizer/BioNTech",6301328,6127366,12428694
2021-11-05,"Johnson&Johnson, Moderna, Oxford/AstraZeneca, Pfizer/BioNTech",6323970,6138614,12462584
2021-11-06,"Johnson&Johnson, Moderna, Oxford/AstraZeneca, Pfizer/BioNTech",6330440,6141638,12472078
2021-11-07,"Johnson&Johnson, Moderna, Oxford/AstraZeneca, Pfizer/BioNTech",6334427,6144068,12478495
2021-11-08,"Johnson&Johnson, Moderna, Oxford/AstraZeneca, Pfizer/BioNTech",6350549,6151681,12502230
2021-11-09,"Johnson&Johnson, Moderna, Oxford/AstraZeneca, Pfizer/BioNTech",6365220,6158962,12524182
2021-11-10,"Johnson&Johnson, Moderna, Oxford/AstraZeneca, Pfizer/BioNTech",6380804,6166309,12547113
2021-11-11,"Johnson&Johnson, Moderna, Oxford/AstraZeneca, Pfizer/BioNTech",6396099,6175338,12571437
2021-11-12,"Johnson&Johnson, Moderna, Oxford/AstraZeneca, Pfizer/BioNTech",6415644,6188025,12603669
2021-11-13,"Johnson&Johnson, Moderna, Oxford/AstraZeneca, Pfizer/BioNTech",6420982,6191871,12612853
2021-11-14,"Johnson&Johnson, Moderna, Oxford/AstraZeneca, Pfizer/BioNTech",6424838,6194859,12619697
2021-11-15,"Johnson&Johnson, Moderna, Oxford/AstraZeneca, Pfizer/BioNTech",6439797,6205356,12645153
2021-11-16,"Johnson&Johnson, Moderna, Oxford/AstraZeneca, Pfizer/BioNTech",6457146,6217039,12674185
2021-11-17,"Johnson&Johnson, Moderna, Oxford/AstraZeneca, Pfizer/BioNTech",6461286,6220534,12681820
2021-11-18,"Johnson&Johnson, Moderna, Oxford/AstraZeneca, Pfizer/BioNTech",6480512,6232046,12712558
2021-11-19,"Johnson&Johnson, Moderna, Oxford/AstraZeneca, Pfizer/BioNTech",6504876,6248844,12753720
2021-11-20,"Johnson&Johnson, Moderna, Oxford/AstraZeneca, Pfizer/BioNTech",6513383,6253780,12767163
2021-11-21,"Johnson&Johnson, Moderna, Oxford/AstraZeneca, Pfizer/BioNTech",6520108,6257507,12777615
2021-11-22,"Johnson&Johnson, Moderna, Oxford/AstraZeneca, Pfizer/BioNTech",6538237,6271307,12809544
2021-11-23,"Johnson&Johnson, Moderna, Oxford/AstraZeneca, Pfizer/BioNTech",6557007,6284251,12841258
2021-11-24,"Johnson&Johnson, Moderna, Oxford/AstraZeneca, Pfizer/BioNTech",6575707,6299829,12875536
2021-11-25,"Johnson&Johnson, Moderna, Oxford/AstraZeneca, Pfizer/BioNTech",6594445,6314455,12908900
2021-11-26,"Johnson&Johnson, Moderna, Oxford/AstraZeneca, Pfizer/BioNTech",6614856,6332528,12947384
2021-11-27,"Johnson&Johnson, Moderna, Oxford/AstraZeneca, Pfizer/BioNTech",6621523,6337404,12958927
