date,vaccine,people_vaccinated,people_fully_vaccinated,total_vaccinations
2020-12-27,Pfizer/BioNTech,1285,0,1285
2020-12-28,Pfizer/BioNTech,3591,0,3591
2020-12-29,Pfizer/BioNTech,7061,1,7062
2020-12-30,Pfizer/BioNTech,10581,1,10582
2020-12-31,Pfizer/BioNTech,11893,1,11894
2021-01-01,"Moderna, Pfizer/BioNTech",12163,1,12164
2021-01-02,Pfizer/BioNTech,13444,1,13445
2021-01-03,"Moderna, Pfizer/BioNTech",14367,1,14368
2021-01-04,"Moderna, Pfizer/BioNTech",17981,1,17982
2021-01-05,"Moderna, Pfizer/BioNTech",22506,3,22509
2021-01-06,"Moderna, Pfizer/BioNTech",28357,4,28361
2021-01-07,"Moderna, Pfizer/BioNTech",36357,4,36361
2021-01-08,"Moderna, Pfizer/BioNTech",46409,5,46414
2021-01-09,"Moderna, Pfizer/BioNTech",48438,6,48444
2021-01-10,Pfizer/BioNTech,50208,7,50215
2021-01-11,Pfizer/BioNTech,60064,9,60073
2021-01-12,"Moderna, Pfizer/BioNTech",73523,11,73534
2021-01-13,"Moderna, Pfizer/BioNTech",87070,11,87081
2021-01-14,"Moderna, Pfizer/BioNTech",102320,15,102335
2021-01-15,"Moderna, Pfizer/BioNTech",116343,16,116359
2021-01-16,"Moderna, Pfizer/BioNTech",119746,20,119766
2021-01-17,"Moderna, Pfizer/BioNTech",122363,656,123019
2021-01-18,"Moderna, Pfizer/BioNTech",134854,2483,137337
2021-01-19,"Moderna, Pfizer/BioNTech",147461,5209,152670
2021-01-20,"Moderna, Pfizer/BioNTech",161151,7872,169023
2021-01-21,"Moderna, Pfizer/BioNTech",176803,9618,186421
2021-01-22,"Moderna, Pfizer/BioNTech",191694,10664,202358
2021-01-23,"Moderna, Pfizer/BioNTech",195015,11545,206560
2021-01-24,"Moderna, Pfizer/BioNTech",197270,12413,209683
2021-01-25,"Moderna, Pfizer/BioNTech",206921,15387,222308
2021-01-26,"Moderna, Pfizer/BioNTech",217468,19382,236850
2021-01-27,"Moderna, Pfizer/BioNTech",226497,23920,250417
2021-01-28,"Moderna, Pfizer/BioNTech",233600,30056,263656
2021-01-29,"Moderna, Pfizer/BioNTech",239817,37969,277786
2021-01-30,"Moderna, Pfizer/BioNTech",240558,39057,279615
2021-01-31,"Moderna, Pfizer/BioNTech",241273,40239,281512
2021-02-01,"Moderna, Pfizer/BioNTech",245253,48206,293459
2021-02-02,"Moderna, Pfizer/BioNTech",249401,58446,307847
2021-02-03,"Moderna, Pfizer/BioNTech",253826,69467,323293
2021-02-04,"Moderna, Pfizer/BioNTech",258732,82460,341192
2021-02-05,"Moderna, Pfizer/BioNTech",264200,93133,357333
2021-02-06,"Moderna, Oxford/AstraZeneca, Pfizer/BioNTech",265052,95501,360553
2021-02-07,"Moderna, Oxford/AstraZeneca, Pfizer/BioNTech",265904,98001,363905
2021-02-08,"Moderna, Oxford/AstraZeneca, Pfizer/BioNTech",269992,109434,379426
2021-02-09,"Moderna, Oxford/AstraZeneca, Pfizer/BioNTech",275095,121348,396443
2021-02-10,"Moderna, Oxford/AstraZeneca, Pfizer/BioNTech",280608,134608,415216
2021-02-11,"Moderna, Oxford/AstraZeneca, Pfizer/BioNTech",286947,150828,437775
2021-02-12,"Moderna, Oxford/AstraZeneca, Pfizer/BioNTech",293774,165570,459344
2021-02-13,"Moderna, Oxford/AstraZeneca, Pfizer/BioNTech",295386,168559,463945
2021-02-14,"Moderna, Oxford/AstraZeneca, Pfizer/BioNTech",296390,169945,466335
2021-02-15,"Moderna, Oxford/AstraZeneca, Pfizer/BioNTech",302789,179315,482104
2021-02-16,"Moderna, Oxford/AstraZeneca, Pfizer/BioNTech",311511,188399,499910
2021-02-17,"Moderna, Oxford/AstraZeneca, Pfizer/BioNTech",321211,196706,517917
2021-02-18,"Moderna, Oxford/AstraZeneca, Pfizer/BioNTech",333540,204790,538330
2021-02-19,"Moderna, Oxford/AstraZeneca, Pfizer/BioNTech",345400,212167,557567
2021-02-20,"Moderna, Oxford/AstraZeneca, Pfizer/BioNTech",347403,213353,560756
2021-02-21,"Moderna, Oxford/AstraZeneca, Pfizer/BioNTech",348538,214377,562915
2021-02-22,"Moderna, Oxford/AstraZeneca, Pfizer/BioNTech",358664,220412,579076
2021-02-23,"Moderna, Oxford/AstraZeneca, Pfizer/BioNTech",371625,227401,599026
2021-02-24,"Moderna, Oxford/AstraZeneca, Pfizer/BioNTech",385502,233440,618942
2021-02-25,"Moderna, Oxford/AstraZeneca, Pfizer/BioNTech",403478,238992,642470
2021-02-26,"Moderna, Oxford/AstraZeneca, Pfizer/BioNTech",419655,244346,664001
2021-02-27,"Moderna, Oxford/AstraZeneca, Pfizer/BioNTech",422664,244905,667569
2021-02-28,"Moderna, Oxford/AstraZeneca, Pfizer/BioNTech",425019,245457,670476
2021-03-01,"Moderna, Oxford/AstraZeneca, Pfizer/BioNTech",444614,248908,693522
2021-03-02,"Moderna, Oxford/AstraZeneca, Pfizer/BioNTech",471844,252456,724300
2021-03-03,"Moderna, Oxford/AstraZeneca, Pfizer/BioNTech",502794,256962,759756
2021-03-04,"Moderna, Oxford/AstraZeneca, Pfizer/BioNTech",536081,261651,797732
2021-03-05,"Johnson&Johnson, Moderna, Oxford/AstraZeneca, Pfizer/BioNTech",564925,267076,832001
2021-03-06,"Johnson&Johnson, Moderna, Oxford/AstraZeneca, Pfizer/BioNTech",577077,267937,845014
2021-03-07,"Johnson&Johnson, Moderna, Oxford/AstraZeneca, Pfizer/BioNTech",588621,268779,857400
2021-03-08,"Johnson&Johnson, Moderna, Oxford/AstraZeneca, Pfizer/BioNTech",618372,273636,892008
2021-03-09,"Johnson&Johnson, Moderna, Oxford/AstraZeneca, Pfizer/BioNTech",654730,280021,934751
2021-03-10,"Johnson&Johnson, Moderna, Oxford/AstraZeneca, Pfizer/BioNTech",696053,286981,983034
2021-03-11,"Johnson&Johnson, Moderna, Oxford/AstraZeneca, Pfizer/BioNTech",740898,295354,1036252
2021-03-12,"Johnson&Johnson, Moderna, Oxford/AstraZeneca, Pfizer/BioNTech",779668,303850,1083518
2021-03-13,"Johnson&Johnson, Moderna, Oxford/AstraZeneca, Pfizer/BioNTech",796762,305162,1101924
2021-03-14,"Johnson&Johnson, Moderna, Oxford/AstraZeneca, Pfizer/BioNTech",808880,306316,1115196
2021-03-15,"Johnson&Johnson, Moderna, Oxford/AstraZeneca, Pfizer/BioNTech",837270,315097,1152367
2021-03-16,"Johnson&Johnson, Moderna, Oxford/AstraZeneca, Pfizer/BioNTech",876161,325636,1201797
2021-03-17,"Moderna, Oxford/AstraZeneca, Pfizer/BioNTech",913648,336146,1249794
2021-03-18,"Johnson&Johnson, Moderna, Oxford/AstraZeneca, Pfizer/BioNTech",951651,348564,1300215
2021-03-19,"Moderna, Oxford/AstraZeneca, Pfizer/BioNTech",986158,362175,1348333
2021-03-20,"Johnson&Johnson, Moderna, Oxford/AstraZeneca, Pfizer/BioNTech",1001323,364206,1365529
2021-03-21,"Johnson&Johnson, Moderna, Oxford/AstraZeneca, Pfizer/BioNTech",1008756,365765,1374521
2021-03-22,"Johnson&Johnson, Moderna, Oxford/AstraZeneca, Pfizer/BioNTech",1033338,378270,1411608
2021-03-23,"Johnson&Johnson, Moderna, Oxford/AstraZeneca, Pfizer/BioNTech",1060008,391631,1451639
2021-03-24,"Johnson&Johnson, Moderna, Oxford/AstraZeneca, Pfizer/BioNTech",1086886,407376,1494262
2021-03-25,"Moderna, Oxford/AstraZeneca, Pfizer/BioNTech",1113236,425229,1538465
2021-03-26,"Johnson&Johnson, Moderna, Oxford/AstraZeneca, Pfizer/BioNTech",1138070,442735,1580805
2021-03-27,"Johnson&Johnson, Moderna, Oxford/AstraZeneca, Pfizer/BioNTech",1146518,447581,1594099
2021-03-28,"Moderna, Oxford/AstraZeneca, Pfizer/BioNTech",1152061,451728,1603789
2021-03-29,"Johnson&Johnson, Moderna, Oxford/AstraZeneca, Pfizer/BioNTech",1171201,472467,1643668
2021-03-30,"Johnson&Johnson, Moderna, Oxford/AstraZeneca, Pfizer/BioNTech",1195897,494649,1690546
2021-03-31,"Johnson&Johnson, Moderna, Oxford/AstraZeneca, Pfizer/BioNTech",1219037,521717,1740754
2021-04-01,"Johnson&Johnson, Moderna, Oxford/AstraZeneca, Pfizer/BioNTech",1244702,553779,1798481
2021-04-02,"Johnson&Johnson, Moderna, Oxford/AstraZeneca, Pfizer/BioNTech",1251649,566571,1818220
2021-04-03,"Johnson&Johnson, Moderna, Oxford/AstraZeneca, Pfizer/BioNTech",1255286,577499,1832785
2021-04-04,"Johnson&Johnson, Moderna, Oxford/AstraZeneca, Pfizer/BioNTech",1257815,586421,1844236
2021-04-05,"Johnson&Johnson, Moderna, Oxford/AstraZeneca, Pfizer/BioNTech",1260233,593616,1853849
2021-04-06,"Johnson&Johnson, Moderna, Oxford/AstraZeneca, Pfizer/BioNTech",1276421,622880,1899301
2021-04-07,"Johnson&Johnson, Moderna, Oxford/AstraZeneca, Pfizer/BioNTech",1299885,645114,1944999
2021-04-08,"Johnson&Johnson, Moderna, Oxford/AstraZeneca, Pfizer/BioNTech",1338661,676149,2014810
2021-04-09,"Johnson&Johnson, Moderna, Oxford/AstraZeneca, Pfizer/BioNTech",1378242,706339,2084581
2021-04-10,"Johnson&Johnson, Moderna, Oxford/AstraZeneca, Pfizer/BioNTech",1393782,721640,2115422
2021-04-11,"Johnson&Johnson, Moderna, Oxford/AstraZeneca, Pfizer/BioNTech",1403580,731691,2135271
2021-04-12,"Johnson&Johnson, Moderna, Oxford/AstraZeneca, Pfizer/BioNTech",1441889,756836,2198725
2021-04-13,"Moderna, Oxford/AstraZeneca, Pfizer/BioNTech",1478176,782879,2261055
2021-04-14,"Moderna, Oxford/AstraZeneca, Pfizer/BioNTech",1517040,810247,2327287
2021-04-15,"Moderna, Oxford/AstraZeneca, Pfizer/BioNTech",1564859,836015,2400874
2021-04-16,"Moderna, Oxford/AstraZeneca, Pfizer/BioNTech",1609551,861686,2471237
2021-04-17,"Moderna, Oxford/AstraZeneca, Pfizer/BioNTech",1626255,870714,2496969
2021-04-18,"Moderna, Oxford/AstraZeneca, Pfizer/BioNTech",1639250,875698,2514948
2021-04-19,"Moderna, Oxford/AstraZeneca, Pfizer/BioNTech",1683215,891137,2574352
2021-04-20,"Johnson&Johnson, Moderna, Oxford/AstraZeneca, Pfizer/BioNTech",1725803,907009,2632812
2021-04-21,"Moderna, Oxford/AstraZeneca, Pfizer/BioNTech",1773563,921366,2694929
2021-04-22,"Johnson&Johnson, Moderna, Oxford/AstraZeneca, Pfizer/BioNTech",1828076,938760,2766836
2021-04-23,"Johnson&Johnson, Moderna, Oxford/AstraZeneca, Pfizer/BioNTech",1878074,950819,2828893
2021-04-24,"Johnson&Johnson, Moderna, Oxford/AstraZeneca, Pfizer/BioNTech",1895936,956074,2852010
2021-04-25,"Johnson&Johnson, Moderna, Oxford/AstraZeneca, Pfizer/BioNTech",1910641,960072,2870713
2021-04-26,"Johnson&Johnson, Moderna, Oxford/AstraZeneca, Pfizer/BioNTech",1960241,967627,2927868
2021-04-27,"Johnson&Johnson, Moderna, Oxford/AstraZeneca, Pfizer/BioNTech",2009231,979868,2989099
2021-04-28,"Johnson&Johnson, Moderna, Oxford/AstraZeneca, Pfizer/BioNTech",2068012,993880,3061892
2021-04-29,"Johnson&Johnson, Moderna, Oxford/AstraZeneca, Pfizer/BioNTech",2133615,1009786,3143401
2021-04-30,"Johnson&Johnson, Moderna, Oxford/AstraZeneca, Pfizer/BioNTech",2195892,1019770,3215662
2021-05-01,"Johnson&Johnson, Moderna, Oxford/AstraZeneca, Pfizer/BioNTech",2215256,1023226,3238482
2021-05-02,"Johnson&Johnson, Moderna, Oxford/AstraZeneca, Pfizer/BioNTech",2234194,1025506,3259700
2021-05-03,"Johnson&Johnson, Moderna, Oxford/AstraZeneca, Pfizer/BioNTech",2301473,1030577,3332050
2021-05-04,"Johnson&Johnson, Moderna, Oxford/AstraZeneca, Pfizer/BioNTech",2368021,1038934,3406955
2021-05-05,"Johnson&Johnson, Moderna, Oxford/AstraZeneca, Pfizer/BioNTech",2441223,1048355,3489578
2021-05-06,"Johnson&Johnson, Moderna, Oxford/AstraZeneca, Pfizer/BioNTech",2521656,1059095,3580751
2021-05-07,"Johnson&Johnson, Moderna, Oxford/AstraZeneca, Pfizer/BioNTech",2598981,1069222,3668203
2021-05-08,"Johnson&Johnson, Moderna, Oxford/AstraZeneca, Pfizer/BioNTech",2628475,1071002,3699477
2021-05-09,"Johnson&Johnson, Moderna, Oxford/AstraZeneca, Pfizer/BioNTech",2652711,1072217,3724928
2021-05-10,"Johnson&Johnson, Moderna, Oxford/AstraZeneca, Pfizer/BioNTech",2725518,1079450,3804968
2021-05-11,"Johnson&Johnson, Moderna, Oxford/AstraZeneca, Pfizer/BioNTech",2801656,1088274,3889930
2021-05-12,"Johnson&Johnson, Moderna, Oxford/AstraZeneca, Pfizer/BioNTech",2881584,1097400,3978984
2021-05-13,"Johnson&Johnson, Moderna, Oxford/AstraZeneca, Pfizer/BioNTech",2965625,1106573,4072198
2021-05-14,"Johnson&Johnson, Moderna, Oxford/AstraZeneca, Pfizer/BioNTech",3045137,1114376,4159513
2021-05-15,"Johnson&Johnson, Moderna, Oxford/AstraZeneca, Pfizer/BioNTech",3077078,1116642,4193720
2021-05-16,"Johnson&Johnson, Moderna, Oxford/AstraZeneca, Pfizer/BioNTech",3102885,1117917,4220802
2021-05-17,"Johnson&Johnson, Moderna, Oxford/AstraZeneca, Pfizer/BioNTech",3175433,1124656,4300089
2021-05-18,"Johnson&Johnson, Moderna, Oxford/AstraZeneca, Pfizer/BioNTech",3247400,1137757,4385157
2021-05-19,"Johnson&Johnson, Moderna, Oxford/AstraZeneca, Pfizer/BioNTech",3324885,1152915,4477800
2021-05-20,"Johnson&Johnson, Moderna, Oxford/AstraZeneca, Pfizer/BioNTech",3400374,1179970,4580344
2021-05-21,"Johnson&Johnson, Moderna, Oxford/AstraZeneca, Pfizer/BioNTech",3469199,1207756,4676955
2021-05-22,"Johnson&Johnson, Moderna, Oxford/AstraZeneca, Pfizer/BioNTech",3501634,1218974,4720608
2021-05-23,"Johnson&Johnson, Moderna, Oxford/AstraZeneca, Pfizer/BioNTech",3524053,1228016,4752069
2021-05-24,"Johnson&Johnson, Moderna, Oxford/AstraZeneca, Pfizer/BioNTech",3571214,1261687,4832901
2021-05-25,"Johnson&Johnson, Moderna, Oxford/AstraZeneca, Pfizer/BioNTech",3623106,1297516,4920622
2021-05-26,"Johnson&Johnson, Moderna, Oxford/AstraZeneca, Pfizer/BioNTech",3690893,1335064,5025957
2021-05-27,"Johnson&Johnson, Moderna, Oxford/AstraZeneca, Pfizer/BioNTech",3752324,1382416,5134740
2021-05-28,"Johnson&Johnson, Moderna, Oxford/AstraZeneca, Pfizer/BioNTech",3814058,1429005,5243063
2021-05-29,"Johnson&Johnson, Moderna, Oxford/AstraZeneca, Pfizer/BioNTech",3843293,1446121,5289414
2021-05-30,"Johnson&Johnson, Moderna, Oxford/AstraZeneca, Pfizer/BioNTech",3865697,1460574,5326271
2021-05-31,"Johnson&Johnson, Moderna, Oxford/AstraZeneca, Pfizer/BioNTech",3921455,1508102,5429557
2021-06-01,"Johnson&Johnson, Moderna, Oxford/AstraZeneca, Pfizer/BioNTech",3980529,1556977,5537506
2021-06-02,"Johnson&Johnson, Moderna, Oxford/AstraZeneca, Pfizer/BioNTech",4043478,1610982,5654460
2021-06-03,"Johnson&Johnson, Moderna, Oxford/AstraZeneca, Pfizer/BioNTech",4101733,1671212,5772945
2021-06-04,"Johnson&Johnson, Moderna, Oxford/AstraZeneca, Pfizer/BioNTech",4164855,1728642,5893497
2021-06-05,"Johnson&Johnson, Moderna, Oxford/AstraZeneca, Pfizer/BioNTech",4199028,1747534,5946562
2021-06-06,"Johnson&Johnson, Moderna, Oxford/AstraZeneca, Pfizer/BioNTech",4225969,1762694,5988663
2021-06-07,"Johnson&Johnson, Moderna, Oxford/AstraZeneca, Pfizer/BioNTech",4289656,1818345,6108001
2021-06-08,"Johnson&Johnson, Moderna, Oxford/AstraZeneca, Pfizer/BioNTech",4353644,1873353,6226997
2021-06-09,"Johnson&Johnson, Moderna, Oxford/AstraZeneca, Pfizer/BioNTech",4412852,1938021,6350873
2021-06-10,"Johnson&Johnson, Moderna, Oxford/AstraZeneca, Pfizer/BioNTech",4466712,2009312,6476024
2021-06-11,"Johnson&Johnson, Moderna, Oxford/AstraZeneca, Pfizer/BioNTech",4518826,2079130,6597956
2021-06-12,"Johnson&Johnson, Moderna, Oxford/AstraZeneca, Pfizer/BioNTech",4550849,2099947,6650796
2021-06-13,"Johnson&Johnson, Moderna, Oxford/AstraZeneca, Pfizer/BioNTech",4574885,2118372,6693257
2021-06-14,"Johnson&Johnson, Moderna, Oxford/AstraZeneca, Pfizer/BioNTech",4617971,2192778,6810749
2021-06-15,"Johnson&Johnson, Moderna, Oxford/AstraZeneca, Pfizer/BioNTech",4662642,2265171,6927813
2021-06-16,"Johnson&Johnson, Moderna, Oxford/AstraZeneca, Pfizer/BioNTech",4705426,2343422,7048848
2021-06-17,"Johnson&Johnson, Moderna, Oxford/AstraZeneca, Pfizer/BioNTech",4744838,2426529,7171367
2021-06-18,"Johnson&Johnson, Moderna, Oxford/AstraZeneca, Pfizer/BioNTech",4787268,2507094,7294362
2021-06-19,"Johnson&Johnson, Moderna, Oxford/AstraZeneca, Pfizer/BioNTech",4809040,2536413,7345453
2021-06-20,"Johnson&Johnson, Moderna, Oxford/AstraZeneca, Pfizer/BioNTech",4826429,2560269,7386698
2021-06-21,"Johnson&Johnson, Moderna, Oxford/AstraZeneca, Pfizer/BioNTech",4858930,2638887,7497817
2021-06-22,"Johnson&Johnson, Moderna, Oxford/AstraZeneca, Pfizer/BioNTech",4891882,2721196,7613078
2021-06-23,"Johnson&Johnson, Moderna, Oxford/AstraZeneca, Pfizer/BioNTech",4923554,2806435,7729989
2021-06-24,"Johnson&Johnson, Moderna, Oxford/AstraZeneca, Pfizer/BioNTech",4953396,2896475,7849871
2021-06-25,"Johnson&Johnson, Moderna, Oxford/AstraZeneca, Pfizer/BioNTech",4984466,2982689,7967155
2021-06-26,"Johnson&Johnson, Moderna, Oxford/AstraZeneca, Pfizer/BioNTech",5000356,3017546,8017902
2021-06-27,"Johnson&Johnson, Moderna, Oxford/AstraZeneca, Pfizer/BioNTech",5014312,3044234,8058546
2021-06-28,"Johnson&Johnson, Moderna, Oxford/AstraZeneca, Pfizer/BioNTech",5042724,3129451,8172175
2021-06-29,"Johnson&Johnson, Moderna, Oxford/AstraZeneca, Pfizer/BioNTech",5072001,3215957,8287958
2021-06-30,"Johnson&Johnson, Moderna, Oxford/AstraZeneca, Pfizer/BioNTech",5099494,3306981,8406475
2021-07-01,"Johnson&Johnson, Moderna, Oxford/AstraZeneca, Pfizer/BioNTech",5123467,3397068,8520535
2021-07-02,"Johnson&Johnson, Moderna, Oxford/AstraZeneca, Pfizer/BioNTech",5150182,3482956,8633138
2021-07-03,"Johnson&Johnson, Moderna, Oxford/AstraZeneca, Pfizer/BioNTech",5157273,3514486,8671759
2021-07-04,"Johnson&Johnson, Moderna, Oxford/AstraZeneca, Pfizer/BioNTech",5164834,3536291,8701125
2021-07-05,"Johnson&Johnson, Moderna, Oxford/AstraZeneca, Pfizer/BioNTech",5172218,3561671,8733889
2021-07-06,"Johnson&Johnson, Moderna, Oxford/AstraZeneca, Pfizer/BioNTech",5177652,3589352,8767004
2021-07-07,"Johnson&Johnson, Moderna, Oxford/AstraZeneca, Pfizer/BioNTech",5203461,3668357,8871818
2021-07-08,"Johnson&Johnson, Moderna, Oxford/AstraZeneca, Pfizer/BioNTech",5230065,3738692,8968757
2021-07-09,"Johnson&Johnson, Moderna, Oxford/AstraZeneca, Pfizer/BioNTech",5257993,3808010,9066003
2021-07-10,"Johnson&Johnson, Moderna, Oxford/AstraZeneca, Pfizer/BioNTech",5267353,3836667,9104020
2021-07-11,"Johnson&Johnson, Moderna, Oxford/AstraZeneca, Pfizer/BioNTech",5275887,3859554,9135441
2021-07-12,"Johnson&Johnson, Moderna, Oxford/AstraZeneca, Pfizer/BioNTech",5303395,3928650,9232045
2021-07-13,"Johnson&Johnson, Moderna, Oxford/AstraZeneca, Pfizer/BioNTech",5329582,3998524,9328106
2021-07-14,"Johnson&Johnson, Moderna, Oxford/AstraZeneca, Pfizer/BioNTech",5355394,4070516,9425910
2021-07-15,"Johnson&Johnson, Moderna, Oxford/AstraZeneca, Pfizer/BioNTech",5384553,4136529,9521082
2021-07-16,"Johnson&Johnson, Moderna, Oxford/AstraZeneca, Pfizer/BioNTech",5412471,4209256,9621727
2021-07-17,"Johnson&Johnson, Moderna, Oxford/AstraZeneca, Pfizer/BioNTech",5421251,4240707,9661958
2021-07-18,"Johnson&Johnson, Moderna, Oxford/AstraZeneca, Pfizer/BioNTech",5429691,4266710,9696401
2021-07-19,"Johnson&Johnson, Moderna, Oxford/AstraZeneca, Pfizer/BioNTech",5453036,4333737,9786773
2021-07-20,"Johnson&Johnson, Moderna, Oxford/AstraZeneca, Pfizer/BioNTech",5474418,4400794,9875212
2021-07-21,"Johnson&Johnson, Moderna, Oxford/AstraZeneca, Pfizer/BioNTech",5497869,4464254,9962123
2021-07-22,"Johnson&Johnson, Moderna, Oxford/AstraZeneca, Pfizer/BioNTech",5520226,4522883,10043109
2021-07-23,"Johnson&Johnson, Moderna, Oxford/AstraZeneca, Pfizer/BioNTech",5543432,4577622,10121054
2021-07-24,"Johnson&Johnson, Moderna, Oxford/AstraZeneca, Pfizer/BioNTech",5550756,4605290,10156046
2021-07-25,"Johnson&Johnson, Moderna, Oxford/AstraZeneca, Pfizer/BioNTech",5557375,4627415,10184790
2021-07-26,"Johnson&Johnson, Moderna, Oxford/AstraZeneca, Pfizer/BioNTech",5580919,4676089,10257008
2021-07-27,"Johnson&Johnson, Moderna, Oxford/AstraZeneca, Pfizer/BioNTech",5603642,4722711,10326353
2021-07-28,"Johnson&Johnson, Moderna, Oxford/AstraZeneca, Pfizer/BioNTech",5624888,4768685,10393573
2021-07-29,"Johnson&Johnson, Moderna, Oxford/AstraZeneca, Pfizer/BioNTech",5646207,4810630,10456837
2021-07-30,"Johnson&Johnson, Moderna, Oxford/AstraZeneca, Pfizer/BioNTech",5669478,4853176,10522654
2021-07-31,"Johnson&Johnson, Moderna, Oxford/AstraZeneca, Pfizer/BioNTech",5678399,4872699,10551098
2021-08-01,"Johnson&Johnson, Moderna, Oxford/AstraZeneca, Pfizer/BioNTech",5685121,4888863,10573984
2021-08-02,"Johnson&Johnson, Moderna, Oxford/AstraZeneca, Pfizer/BioNTech",5703751,4926400,10630151
2021-08-03,"Johnson&Johnson, Moderna, Oxford/AstraZeneca, Pfizer/BioNTech",5721377,4964486,10685863
2021-08-04,"Johnson&Johnson, Moderna, Oxford/AstraZeneca, Pfizer/BioNTech",5737474,5001208,10738682
2021-08-05,"Johnson&Johnson, Moderna, Oxford/AstraZeneca, Pfizer/BioNTech",5753511,5041669,10795180
2021-08-06,"Johnson&Johnson, Moderna, Oxford/AstraZeneca, Pfizer/BioNTech",5770289,5084933,10855222
2021-08-07,"Johnson&Johnson, Moderna, Oxford/AstraZeneca, Pfizer/BioNTech",5775885,5103098,10878983
2021-08-08,"Johnson&Johnson, Moderna, Oxford/AstraZeneca, Pfizer/BioNTech",5780242,5118843,10899085
2021-08-09,"Johnson&Johnson, Moderna, Oxford/AstraZeneca, Pfizer/BioNTech",5792876,5163876,10956752
2021-08-10,"Johnson&Johnson, Moderna, Oxford/AstraZeneca, Pfizer/BioNTech",5804714,5203415,11008129
2021-08-11,"Johnson&Johnson, Moderna, Oxford/AstraZeneca, Pfizer/BioNTech",5816071,5246535,11062606
2021-08-12,"Johnson&Johnson, Moderna, Oxford/AstraZeneca, Pfizer/BioNTech",5827488,5283631,11111119
2021-08-13,"Johnson&Johnson, Moderna, Oxford/AstraZeneca, Pfizer/BioNTech",5838207,5323952,11162159
2021-08-14,"Johnson&Johnson, Moderna, Oxford/AstraZeneca, Pfizer/BioNTech",5841539,5334643,11176182
2021-08-15,"Johnson&Johnson, Moderna, Oxford/AstraZeneca, Pfizer/BioNTech",5844122,5345008,11189130
2021-08-16,"Johnson&Johnson, Moderna, Oxford/AstraZeneca, Pfizer/BioNTech",5853909,5379058,11232967
2021-08-17,"Johnson&Johnson, Moderna, Oxford/AstraZeneca, Pfizer/BioNTech",5863503,5406140,11269643
2021-08-18,"Johnson&Johnson, Moderna, Oxford/AstraZeneca, Pfizer/BioNTech",5872874,5444993,11317867
2021-08-19,"Johnson&Johnson, Moderna, Oxford/AstraZeneca, Pfizer/BioNTech",5882539,5483325,11365864
2021-08-20,"Johnson&Johnson, Moderna, Oxford/AstraZeneca, Pfizer/BioNTech",5893924,5523500,11417424
2021-08-21,"Johnson&Johnson, Moderna, Oxford/AstraZeneca, Pfizer/BioNTech",5896644,5536251,11432895
2021-08-22,"Johnson&Johnson, Moderna, Oxford/AstraZeneca, Pfizer/BioNTech",5898983,5548208,11447191
2021-08-23,"Johnson&Johnson, Moderna, Oxford/AstraZeneca, Pfizer/BioNTech",5909511,5587456,11496967
2021-08-24,"Johnson&Johnson, Moderna, Oxford/AstraZeneca, Pfizer/BioNTech",5919378,5620685,11540063
2021-08-25,"Johnson&Johnson, Moderna, Oxford/AstraZeneca, Pfizer/BioNTech",5928244,5649042,11577286
2021-08-26,"Johnson&Johnson, Moderna, Oxford/AstraZeneca, Pfizer/BioNTech",5936690,5675152,11611842
2021-08-27,"Johnson&Johnson, Moderna, Oxford/AstraZeneca, Pfizer/BioNTech",5947010,5701098,11648108
2021-08-28,"Johnson&Johnson, Moderna, Oxford/AstraZeneca, Pfizer/BioNTech",5949736,5708137,11657873
2021-08-29,"Johnson&Johnson, Moderna, Oxford/AstraZeneca, Pfizer/BioNTech",5952143,5714756,11666899
2021-08-30,"Johnson&Johnson, Moderna, Oxford/AstraZeneca, Pfizer/BioNTech",5960671,5736618,11697289
2021-08-31,"Johnson&Johnson, Moderna, Oxford/AstraZeneca, Pfizer/BioNTech",5968345,5754693,11723038
2021-09-01,"Johnson&Johnson, Moderna, Oxford/AstraZeneca, Pfizer/BioNTech",5974235,5768679,11742914
2021-09-02,"Johnson&Johnson, Moderna, Oxford/AstraZeneca, Pfizer/BioNTech",5981072,5783058,11764130
2021-09-03,"Johnson&Johnson, Moderna, Oxford/AstraZeneca, Pfizer/BioNTech",5990630,5798758,11789388
2021-09-04,"Johnson&Johnson, Moderna, Oxford/AstraZeneca, Pfizer/BioNTech",5992698,5802307,11795005
2021-09-05,"Johnson&Johnson, Moderna, Oxford/AstraZeneca, Pfizer/BioNTech",5994736,5805148,11799884
2021-09-06,"Johnson&Johnson, Moderna, Oxford/AstraZeneca, Pfizer/BioNTech",6000972,5817669,11818641
2021-09-07,"Johnson&Johnson, Moderna, Oxford/AstraZeneca, Pfizer/BioNTech",6005363,5828758,11834121
2021-09-08,"Johnson&Johnson, Moderna, Oxford/AstraZeneca, Pfizer/BioNTech",6011031,5838595,11849626
2021-09-09,"Johnson&Johnson, Moderna, Oxford/AstraZeneca, Pfizer/BioNTech",6017716,5848650,11866366
2021-09-10,"Johnson&Johnson, Moderna, Oxford/AstraZeneca, Pfizer/BioNTech",6025402,5860817,11886219
2021-09-11,"Johnson&Johnson, Moderna, Oxford/AstraZeneca, Pfizer/BioNTech",6027265,5863295,11890560
2021-09-12,"Johnson&Johnson, Moderna, Oxford/AstraZeneca, Pfizer/BioNTech",6028378,5864922,11893300
2021-09-13,"Johnson&Johnson, Moderna, Oxford/AstraZeneca, Pfizer/BioNTech",6033809,5875211,11909020
2021-09-14,"Johnson&Johnson, Moderna, Oxford/AstraZeneca, Pfizer/BioNTech",6039196,5884220,11923416
2021-09-15,"Johnson&Johnson, Moderna, Oxford/AstraZeneca, Pfizer/BioNTech",6044392,5892736,11937128
2021-09-16,"Johnson&Johnson, Moderna, Oxford/AstraZeneca, Pfizer/BioNTech",6049735,5901004,11950739
2021-09-17,"Johnson&Johnson, Moderna, Oxford/AstraZeneca, Pfizer/BioNTech",6056305,5911229,11967534
2021-09-18,"Johnson&Johnson, Moderna, Oxford/AstraZeneca, Pfizer/BioNTech",6058029,5913585,11971614
2021-09-19,"Johnson&Johnson, Moderna, Oxford/AstraZeneca, Pfizer/BioNTech",6058970,5915150,11974120
2021-09-20,"Johnson&Johnson, Moderna, Oxford/AstraZeneca, Pfizer/BioNTech",6062984,5923345,11986329
2021-09-21,"Johnson&Johnson, Moderna, Oxford/AstraZeneca, Pfizer/BioNTech",6067211,5930871,11998082
2021-09-22,"Johnson&Johnson, Moderna, Oxford/AstraZeneca, Pfizer/BioNTech",6071391,5936381,12007772
2021-09-23,"Johnson&Johnson, Moderna, Oxford/AstraZeneca, Pfizer/BioNTech",6076364,5942780,12019144
2021-09-24,"Johnson&Johnson, Moderna, Oxford/AstraZeneca, Pfizer/BioNTech",6082124,5952399,12034523
2021-09-25,"Johnson&Johnson, Moderna, Oxford/AstraZeneca, Pfizer/BioNTech",6083618,5954395,12038013
2021-09-26,"Johnson&Johnson, Moderna, Pfizer/BioNTech",6084359,5956032,12040391
2021-09-27,"Johnson&Johnson, Moderna, Oxford/AstraZeneca, Pfizer/BioNTech",6088237,5962537,12050774
2021-09-28,"Johnson&Johnson, Moderna, Pfizer/BioNTech",6088599,5963157,12051756
2021-09-29,"Johnson&Johnson, Moderna, Oxford/AstraZeneca, Pfizer/BioNTech",6092374,5970616,12062990
2021-09-30,"Johnson&Johnson, Moderna, Oxford/AstraZeneca, Pfizer/BioNTech",6096874,5978310,12075184
2021-10-01,"Johnson&Johnson, Moderna, Oxford/AstraZeneca, Pfizer/BioNTech",6101168,5986278,12087446
2021-10-02,"Johnson&Johnson, Moderna, Oxford/AstraZeneca, Pfizer/BioNTech",6102229,5987814,12090043
2021-10-03,"Johnson&Johnson, Moderna, Pfizer/BioNTech",6102951,5988680,12091631
2021-10-04,"Johnson&Johnson, Moderna, Oxford/AstraZeneca, Pfizer/BioNTech",6106026,5994245,12100271
2021-10-05,"Johnson&Johnson, Moderna, Oxford/AstraZeneca, Pfizer/BioNTech",6109185,5999315,12108500
2021-10-06,"Johnson&Johnson, Moderna, Oxford/AstraZeneca, Pfizer/BioNTech",6112697,6004480,12117177
2021-10-07,"Johnson&Johnson, Moderna, Oxford/AstraZeneca, Pfizer/BioNTech",6115967,6009730,12125697
2021-10-08,"Johnson&Johnson, Moderna, Oxford/AstraZeneca, Pfizer/BioNTech",6120758,6016363,12137121
2021-10-09,"Johnson&Johnson, Moderna, Oxford/AstraZeneca, Pfizer/BioNTech",6122001,6018015,12140016
2021-10-10,"Johnson&Johnson, Moderna, Oxford/AstraZeneca, Pfizer/BioNTech",6122941,6018844,12141785
2021-10-11,"Johnson&Johnson, Moderna, Oxford/AstraZeneca, Pfizer/BioNTech",6125871,6023254,12149125
2021-10-12,"Johnson&Johnson, Moderna, Oxford/AstraZeneca, Pfizer/BioNTech",6128796,6027253,12156049
2021-10-13,"Johnson&Johnson, Moderna, Oxford/AstraZeneca, Pfizer/BioNTech",6132328,6031433,12163761
2021-10-14,"Johnson&Johnson, Moderna, Oxford/AstraZeneca, Pfizer/BioNTech",6136003,6036378,12172381
2021-10-15,"Johnson&Johnson, Moderna, Oxford/AstraZeneca, Pfizer/BioNTech",6141229,6042517,12183746
2021-10-16,"Johnson&Johnson, Moderna, Oxford/AstraZeneca, Pfizer/BioNTech",6142642,6044038,12186680
2021-10-17,"Johnson&Johnson, Moderna, Pfizer/BioNTech",6143965,6045091,12189056
2021-10-18,"Johnson&Johnson, Moderna, Oxford/AstraZeneca, Pfizer/BioNTech",6148077,6049182,12197259
2021-10-19,"Johnson&Johnson, Moderna, Oxford/AstraZeneca, Pfizer/BioNTech",6151654,6051275,12202929
2021-10-20,"Johnson&Johnson, Moderna, Oxford/AstraZeneca, Pfizer/BioNTech",6156529,6055720,12212249
2021-10-21,"Johnson&Johnson, Moderna, Oxford/AstraZeneca, Pfizer/BioNTech",6164297,6061317,12225614
2021-10-22,"Johnson&Johnson, Moderna, Oxford/AstraZeneca, Pfizer/BioNTech",6174742,6067817,12242559
2021-10-23,"Johnson&Johnson, Moderna, Oxford/AstraZeneca, Pfizer/BioNTech",6178418,6070025,12248443
2021-10-24,"Johnson&Johnson, Moderna, Pfizer/BioNTech",6181101,6071804,12252905
2021-10-25,"Johnson&Johnson, Moderna, Oxford/AstraZeneca, Pfizer/BioNTech",6191592,6077605,12269197
2021-10-26,"Johnson&Johnson, Moderna, Oxford/AstraZeneca, Pfizer/BioNTech",6203576,6084147,12287723
2021-10-27,"Johnson&Johnson, Moderna, Oxford/AstraZeneca, Pfizer/BioNTech",6218179,6091544,12309723
2021-10-28,"Johnson&Johnson, Moderna, Oxford/AstraZeneca, Pfizer/BioNTech",6221596,6093219,12314815
2021-10-29,"Johnson&Johnson, Moderna, Oxford/AstraZeneca, Pfizer/BioNTech",6236017,6101189,12337206
2021-10-30,"Johnson&Johnson, Moderna, Pfizer/BioNTech",6240547,6104108,12344655
2021-10-31,"Johnson&Johnson, Moderna, Oxford/AstraZeneca, Pfizer/BioNTech",6244309,6106578,12350887
2021-11-01,"Johnson&Johnson, Moderna, Oxford/AstraZeneca, Pfizer/BioNTech",6259508,6114262,12373770
2021-11-02,"Johnson&Johnson, Moderna, Oxford/AstraZeneca, Pfizer/BioNTech",6274956,6121810,12396766
2021-11-03,"Johnson&Johnson, Moderna, Oxford/AstraZeneca, Pfizer/BioNTech",6292132,6129098,12421230
2021-11-04,"Johnson&Johnson, Moderna, Oxford/AstraZeneca, Pfizer/BioNTech",6310481,6137268,12447749
2021-11-05,"Johnson&Johnson, Moderna, Oxford/AstraZeneca, Pfizer/BioNTech",6333282,6148535,12481817
2021-11-06,"Johnson&Johnson, Moderna, Pfizer/BioNTech",6339794,6151585,12491379
2021-11-07,"Johnson&Johnson, Moderna, Pfizer/BioNTech",6343815,6154020,12497835
2021-11-08,"Johnson&Johnson, Moderna, Oxford/AstraZeneca, Pfizer/BioNTech",6360088,6161648,12521736
2021-11-09,"Johnson&Johnson, Moderna, Oxford/AstraZeneca, Pfizer/BioNTech",6374899,6168938,12543837
2021-11-10,"Johnson&Johnson, Moderna, Oxford/AstraZeneca, Pfizer/BioNTech",6390640,6176309,12566949
2021-11-11,"Johnson&Johnson, Moderna, Oxford/AstraZeneca, Pfizer/BioNTech",6406102,6185409,12591511
2021-11-12,"Johnson&Johnson, Moderna, Oxford/AstraZeneca, Pfizer/BioNTech",6425904,6198191,12624095
2021-11-13,"Johnson&Johnson, Moderna, Oxford/AstraZeneca, Pfizer/BioNTech",6431292,6202055,12633347
2021-11-14,"Johnson&Johnson, Moderna, Oxford/AstraZeneca, Pfizer/BioNTech",6435183,6205056,12640239
2021-11-15,"Johnson&Johnson, Moderna, Oxford/AstraZeneca, Pfizer/BioNTech",6450257,6215739,12665996
2021-11-16,"Johnson&Johnson, Moderna, Oxford/AstraZeneca, Pfizer/BioNTech",6467793,6227715,12695508
2021-11-17,"Johnson&Johnson, Moderna, Oxford/AstraZeneca, Pfizer/BioNTech",6472034,6231278,12703312
2021-11-18,"Johnson&Johnson, Moderna, Oxford/AstraZeneca, Pfizer/BioNTech",6491441,6242957,12734398
2021-11-19,"Johnson&Johnson, Moderna, Oxford/AstraZeneca, Pfizer/BioNTech",6516047,6259925,12775972
2021-11-20,"Johnson&Johnson, Moderna, Pfizer/BioNTech",6524619,6264901,12789520
2021-11-21,"Johnson&Johnson, Moderna, Pfizer/BioNTech",6531392,6268672,12800064
2021-11-22,"Johnson&Johnson, Moderna, Oxford/AstraZeneca, Pfizer/BioNTech",6549899,6282779,12832678
2021-11-23,"Johnson&Johnson, Moderna, Oxford/AstraZeneca, Pfizer/BioNTech",6568954,6296033,12864987
2021-11-24,"Johnson&Johnson, Moderna, Oxford/AstraZeneca, Pfizer/BioNTech",6587944,6311868,12899812
2021-11-25,"Johnson&Johnson, Moderna, Oxford/AstraZeneca, Pfizer/BioNTech",6607093,6326888,12933981
2021-11-26,"Johnson&Johnson, Moderna, Oxford/AstraZeneca, Pfizer/BioNTech",6628746,6346016,12974762
2021-11-27,"Johnson&Johnson, Moderna, Pfizer/BioNTech",6636211,6351567,12987778
2021-11-28,"Johnson&Johnson, Moderna, Oxford/AstraZeneca, Pfizer/BioNTech",6639548,6354700,12994248
2021-11-29,"Johnson&Johnson, Moderna, Oxford/AstraZeneca, Pfizer/BioNTech",6654752,6368352,13023104
2021-11-30,"Johnson&Johnson, Moderna, Oxford/AstraZeneca, Pfizer/BioNTech",6667945,6379585,13047530
2021-12-01,"Johnson&Johnson, Moderna, Oxford/AstraZeneca, Pfizer/BioNTech",6681969,6392033,13074002
2021-12-02,"Johnson&Johnson, Moderna, Oxford/AstraZeneca, Pfizer/BioNTech",6692593,6404520,13097113
2021-12-03,"Johnson&Johnson, Moderna, Oxford/AstraZeneca, Pfizer/BioNTech",6702225,6420085,13122310
2021-12-04,"Johnson&Johnson, Moderna, Pfizer/BioNTech",6704784,6424031,13128815
2021-12-05,"Johnson&Johnson, Moderna, Pfizer/BioNTech",6706141,6426370,13132511
2021-12-06,"Johnson&Johnson, Moderna, Oxford/AstraZeneca, Pfizer/BioNTech",6714299,6437889,13152188
2021-12-07,"Johnson&Johnson, Moderna, Oxford/AstraZeneca, Pfizer/BioNTech",6722170,6449882,13172052
2021-12-08,"Johnson&Johnson, Moderna, Oxford/AstraZeneca, Pfizer/BioNTech",6730401,6455802,13186203
2021-12-09,"Johnson&Johnson, Moderna, Oxford/AstraZeneca, Pfizer/BioNTech",6737500,6468610,13206110
2021-12-10,"Johnson&Johnson, Moderna, Oxford/AstraZeneca, Pfizer/BioNTech",6744395,6486405,13230800
2021-12-11,"Johnson&Johnson, Moderna, Pfizer/BioNTech",6746055,6491675,13237730
2021-12-12,"Johnson&Johnson, Moderna, Pfizer/BioNTech",6747362,6496104,13243466
2021-12-13,"Johnson&Johnson, Moderna, Oxford/AstraZeneca, Pfizer/BioNTech",6753708,6509407,13263115
2021-12-14,"Johnson&Johnson, Moderna, Oxford/AstraZeneca, Pfizer/BioNTech",6759915,6523069,13282984
2021-12-15,"Johnson&Johnson, Moderna, Oxford/AstraZeneca, Pfizer/BioNTech",6766098,6536667,13302765
2021-12-16,"Johnson&Johnson, Moderna, Oxford/AstraZeneca, Pfizer/BioNTech",6773014,6551499,13324513
2021-12-17,"Johnson&Johnson, Moderna, Oxford/AstraZeneca, Pfizer/BioNTech",6781348,6568750,13350098
2021-12-18,"Johnson&Johnson, Moderna, Oxford/AstraZeneca, Pfizer/BioNTech",6783946,6574194,13358140
2021-12-19,"Johnson&Johnson, Moderna, Pfizer/BioNTech",6785716,6576695,13362411
2021-12-20,"Johnson&Johnson, Moderna, Oxford/AstraZeneca, Pfizer/BioNTech",6791493,6590723,13382216
2021-12-21,"Johnson&Johnson, Moderna, Oxford/AstraZeneca, Pfizer/BioNTech",6798119,6602705,13400824
2021-12-22,"Johnson&Johnson, Moderna, Oxford/AstraZeneca, Pfizer/BioNTech",6803154,6615739,13418893
2021-12-23,"Johnson&Johnson, Moderna, Oxford/AstraZeneca, Pfizer/BioNTech",6806011,6621335,13427346
2021-12-24,"Johnson&Johnson, Moderna, Pfizer/BioNTech",6806054,6621434,13427488
2021-12-25,"Moderna, Pfizer/BioNTech",6806054,6621441,13427495
2021-12-26,"Moderna, Pfizer/BioNTech",6806152,6621639,13427791
2021-12-27,"Johnson&Johnson, Moderna, Pfizer/BioNTech",6809978,6631359,13441337
2021-12-28,"Johnson&Johnson, Moderna, Pfizer/BioNTech",6815194,6639310,13454504
2021-12-29,"Johnson&Johnson, Moderna, Oxford/AstraZeneca, Pfizer/BioNTech",6819465,6647010,13466475
2021-12-30,"Johnson&Johnson, Moderna, Pfizer/BioNTech",6823755,6652421,13476176
2021-12-31,"Johnson&Johnson, Moderna, Pfizer/BioNTech",6824259,6653833,13478092
2022-01-01,"Johnson&Johnson, Moderna, Pfizer/BioNTech",6824260,6653851,13478111
2022-01-02,"Johnson&Johnson, Moderna, Pfizer/BioNTech",6825109,6655230,13480339
2022-01-03,"Johnson&Johnson, Moderna, Oxford/AstraZeneca, Pfizer/BioNTech",6829071,6664101,13493172
2022-01-04,"Johnson&Johnson, Moderna, Oxford/AstraZeneca, Pfizer/BioNTech",6834155,6671855,13506010
2022-01-05,"Johnson&Johnson, Moderna, Oxford/AstraZeneca, Pfizer/BioNTech",6839933,6679765,13519698
2022-01-06,"Johnson&Johnson, Moderna, Oxford/AstraZeneca, Pfizer/BioNTech",6846511,6688141,13534652
2022-01-07,"Johnson&Johnson, Moderna, Oxford/AstraZeneca, Pfizer/BioNTech",6854342,6698402,13552744
2022-01-08,"Johnson&Johnson, Moderna, Oxford/AstraZeneca, Pfizer/BioNTech",6856813,6701175,13557988
2022-01-09,"Johnson&Johnson, Moderna, Pfizer/BioNTech",6857897,6702874,13560771
2022-01-10,"Johnson&Johnson, Moderna, Oxford/AstraZeneca, Pfizer/BioNTech",6862313,6708970,13571283
2022-01-11,"Johnson&Johnson, Moderna, Oxford/AstraZeneca, Pfizer/BioNTech",6867564,6715658,13583222
2022-01-12,"Johnson&Johnson, Moderna, Oxford/AstraZeneca, Pfizer/BioNTech",6873449,6721211,13594660
2022-01-13,"Johnson&Johnson, Moderna, Oxford/AstraZeneca, Pfizer/BioNTech",6879146,6725783,13604929
2022-01-14,"Johnson&Johnson, Moderna, Oxford/AstraZeneca, Pfizer/BioNTech",6885066,6729188,13614254
2022-01-15,"Johnson&Johnson, Moderna, Oxford/AstraZeneca, Pfizer/BioNTech",6886289,6729799,13616088
