date,vaccine,people_vaccinated,people_fully_vaccinated,total_vaccinations
2020-12-27,Pfizer/BioNTech,1258,0,1258
2020-12-28,Pfizer/BioNTech,3553,0,3553
2020-12-29,Pfizer/BioNTech,7002,0,7002
2020-12-30,Pfizer/BioNTech,10476,0,10476
2020-12-31,Pfizer/BioNTech,11793,0,11793
2021-01-01,Pfizer/BioNTech,12057,0,12057
2021-01-02,Pfizer/BioNTech,13314,0,13314
2021-01-03,Pfizer/BioNTech,14233,0,14233
2021-01-04,Pfizer/BioNTech,17811,0,17811
2021-01-05,Pfizer/BioNTech,22333,0,22333
2021-01-06,Pfizer/BioNTech,28164,0,28164
2021-01-07,Pfizer/BioNTech,36138,0,36138
2021-01-08,Pfizer/BioNTech,46105,0,46105
2021-01-09,Pfizer/BioNTech,48115,0,48115
2021-01-10,Pfizer/BioNTech,49838,0,49838
2021-01-11,Pfizer/BioNTech,59641,0,59641
2021-01-12,Pfizer/BioNTech,73043,0,73043
2021-01-13,Pfizer/BioNTech,86543,0,86543
2021-01-14,"Moderna, Pfizer/BioNTech",101738,0,101738
2021-01-15,"Moderna, Pfizer/BioNTech",115676,0,115676
2021-01-16,"Moderna, Pfizer/BioNTech",119054,0,119054
2021-01-17,"Moderna, Pfizer/BioNTech",121649,634,122283
2021-01-18,"Moderna, Pfizer/BioNTech",134107,2433,136540
2021-01-19,"Moderna, Pfizer/BioNTech",146508,5132,151640
2021-01-20,"Moderna, Pfizer/BioNTech",160031,7754,167785
2021-01-21,"Moderna, Pfizer/BioNTech",175508,9477,184985
2021-01-22,"Moderna, Pfizer/BioNTech",190212,10512,200724
2021-01-23,"Moderna, Pfizer/BioNTech",193473,11376,204849
2021-01-24,"Moderna, Pfizer/BioNTech",195713,12237,207950
2021-01-25,"Moderna, Pfizer/BioNTech",205314,15176,220490
2021-01-26,"Moderna, Pfizer/BioNTech",215791,19133,234924
2021-01-27,"Moderna, Pfizer/BioNTech",224738,23618,248356
2021-01-28,"Moderna, Pfizer/BioNTech",231767,29697,261464
2021-01-29,"Moderna, Pfizer/BioNTech",237943,37470,275413
2021-01-30,"Moderna, Pfizer/BioNTech",238659,38551,277210
2021-01-31,Pfizer/BioNTech,239358,39688,279046
2021-02-01,"Moderna, Pfizer/BioNTech",243177,47531,290708
2021-02-02,"Moderna, Pfizer/BioNTech",247281,57673,304954
2021-02-03,"Moderna, Pfizer/BioNTech",251662,68611,320273
2021-02-04,"Moderna, Pfizer/BioNTech",256532,81496,338028
2021-02-05,"Moderna, Pfizer/BioNTech",261929,92070,353999
2021-02-06,"Moderna, Pfizer/BioNTech",262761,94388,357149
2021-02-07,"Moderna, Pfizer/BioNTech",263604,96849,360453
2021-02-08,"Moderna, Pfizer/BioNTech",267602,108157,375759
2021-02-09,"Moderna, Pfizer/BioNTech",272624,119980,392604
2021-02-10,"Moderna, Pfizer/BioNTech",278117,133047,411164
2021-02-11,"Moderna, Oxford/AstraZeneca, Pfizer/BioNTech",284308,148983,433291
2021-02-12,"Moderna, Oxford/AstraZeneca, Pfizer/BioNTech",290949,163543,454492
2021-02-13,"Moderna, Oxford/AstraZeneca, Pfizer/BioNTech",292519,166492,459011
2021-02-14,"Moderna, Oxford/AstraZeneca, Pfizer/BioNTech",293497,167857,461354
2021-02-15,"Moderna, Oxford/AstraZeneca, Pfizer/BioNTech",299785,177134,476919
2021-02-16,"Moderna, Oxford/AstraZeneca, Pfizer/BioNTech",308253,185995,494248
2021-02-17,"Moderna, Oxford/AstraZeneca, Pfizer/BioNTech",317759,194170,511929
2021-02-18,"Moderna, Oxford/AstraZeneca, Pfizer/BioNTech",329873,202052,531925
2021-02-19,"Moderna, Oxford/AstraZeneca, Pfizer/BioNTech",341426,209244,550670
2021-02-20,"Moderna, Oxford/AstraZeneca, Pfizer/BioNTech",343293,210406,553699
2021-02-21,"Moderna, Oxford/AstraZeneca, Pfizer/BioNTech",344303,211409,555712
2021-02-22,"Moderna, Oxford/AstraZeneca, Pfizer/BioNTech",354210,217370,571580
2021-02-23,"Moderna, Oxford/AstraZeneca, Pfizer/BioNTech",366793,224245,591038
2021-02-24,"Moderna, Oxford/AstraZeneca, Pfizer/BioNTech",380436,230186,610622
2021-02-25,"Moderna, Oxford/AstraZeneca, Pfizer/BioNTech",397935,235674,633609
2021-02-26,"Moderna, Oxford/AstraZeneca, Pfizer/BioNTech",413597,240902,654499
2021-02-27,"Moderna, Oxford/AstraZeneca, Pfizer/BioNTech",416475,241446,657921
2021-02-28,"Moderna, Oxford/AstraZeneca, Pfizer/BioNTech",418791,241984,660775
2021-03-01,"Moderna, Oxford/AstraZeneca, Pfizer/BioNTech",437771,245287,683058
2021-03-02,"Moderna, Oxford/AstraZeneca, Pfizer/BioNTech",464304,248770,713074
2021-03-03,"Moderna, Oxford/AstraZeneca, Pfizer/BioNTech",494008,253157,747165
2021-03-04,"Moderna, Oxford/AstraZeneca, Pfizer/BioNTech",525975,257701,783676
2021-03-05,"Moderna, Oxford/AstraZeneca, Pfizer/BioNTech",553590,262967,816557
2021-03-06,"Moderna, Oxford/AstraZeneca, Pfizer/BioNTech",564772,263792,828564
2021-03-07,"Moderna, Oxford/AstraZeneca, Pfizer/BioNTech",575523,264611,840134
2021-03-08,"Moderna, Oxford/AstraZeneca, Pfizer/BioNTech",604232,269285,873517
2021-03-09,"Moderna, Oxford/AstraZeneca, Pfizer/BioNTech",639255,275511,914766
2021-03-10,"Moderna, Oxford/AstraZeneca, Pfizer/BioNTech",679198,282332,961530
2021-03-11,"Moderna, Oxford/AstraZeneca, Pfizer/BioNTech",722355,290328,1012683
2021-03-12,"Moderna, Oxford/AstraZeneca, Pfizer/BioNTech",759476,298240,1057716
2021-03-13,"Moderna, Oxford/AstraZeneca, Pfizer/BioNTech",775804,299497,1075301
2021-03-14,"Moderna, Oxford/AstraZeneca, Pfizer/BioNTech",786732,300481,1087213
2021-03-15,"Moderna, Oxford/AstraZeneca, Pfizer/BioNTech",811322,308341,1119663
