date,vaccine,people_vaccinated,people_fully_vaccinated,total_vaccinations
2020-12-27,Pfizer/BioNTech,1288,0,1288
2020-12-28,Pfizer/BioNTech,3591,0,3591
2020-12-29,Pfizer/BioNTech,7063,1,7064
2020-12-30,Pfizer/BioNTech,10580,1,10581
2020-12-31,Pfizer/BioNTech,11891,1,11892
2021-01-01,"Moderna, Pfizer/BioNTech",12160,1,12161
2021-01-02,"Moderna, Pfizer/BioNTech",13442,2,13444
2021-01-03,"Moderna, Pfizer/BioNTech",14369,2,14371
2021-01-04,"Moderna, Pfizer/BioNTech",17980,2,17982
2021-01-05,"Moderna, Pfizer/BioNTech",22505,3,22508
2021-01-06,"Moderna, Pfizer/BioNTech",28351,4,28355
2021-01-07,"Moderna, Pfizer/BioNTech",36349,4,36353
2021-01-08,"Moderna, Pfizer/BioNTech",46401,5,46406
2021-01-09,"Moderna, Pfizer/BioNTech",48428,7,48435
2021-01-10,Pfizer/BioNTech,50199,9,50208
2021-01-11,"Moderna, Pfizer/BioNTech",60054,11,60065
2021-01-12,"Moderna, Pfizer/BioNTech",73510,13,73523
2021-01-13,"Moderna, Pfizer/BioNTech",87056,13,87069
2021-01-14,"Moderna, Pfizer/BioNTech",102310,17,102327
2021-01-15,"Moderna, Pfizer/BioNTech",116332,18,116350
2021-01-16,"Moderna, Pfizer/BioNTech",119736,22,119758
2021-01-17,"Moderna, Pfizer/BioNTech",122357,658,123015
2021-01-18,"Moderna, Pfizer/BioNTech",134851,2485,137336
2021-01-19,"Moderna, Pfizer/BioNTech",147464,5214,152678
2021-01-20,"Moderna, Pfizer/BioNTech",161162,7878,169040
2021-01-21,"Moderna, Pfizer/BioNTech",176816,9620,186436
2021-01-22,"Moderna, Pfizer/BioNTech",191709,10664,202373
2021-01-23,"Moderna, Pfizer/BioNTech",195028,11541,206569
2021-01-24,"Moderna, Pfizer/BioNTech",197284,12412,209696
2021-01-25,"Moderna, Pfizer/BioNTech",206939,15384,222323
2021-01-26,"Moderna, Pfizer/BioNTech",217486,19376,236862
2021-01-27,"Moderna, Pfizer/BioNTech",226518,23911,250429
2021-01-28,"Moderna, Pfizer/BioNTech",233624,30043,263667
2021-01-29,"Moderna, Pfizer/BioNTech",239839,37951,277790
2021-01-30,"Moderna, Pfizer/BioNTech",240580,39039,279619
2021-01-31,"Moderna, Pfizer/BioNTech",241298,40221,281519
2021-02-01,"Moderna, Pfizer/BioNTech",245281,48189,293470
2021-02-02,"Moderna, Pfizer/BioNTech",249434,58429,307863
2021-02-03,"Moderna, Pfizer/BioNTech",253861,69450,323311
2021-02-04,"Moderna, Pfizer/BioNTech",258767,82445,341212
2021-02-05,"Moderna, Pfizer/BioNTech",264243,93121,357364
2021-02-06,"Moderna, Oxford/AstraZeneca, Pfizer/BioNTech",265102,95486,360588
2021-02-07,"Moderna, Oxford/AstraZeneca, Pfizer/BioNTech",265953,97986,363939
2021-02-08,"Moderna, Oxford/AstraZeneca, Pfizer/BioNTech",270048,109416,379464
2021-02-09,"Moderna, Oxford/AstraZeneca, Pfizer/BioNTech",275156,121332,396488
2021-02-10,"Moderna, Oxford/AstraZeneca, Pfizer/BioNTech",280675,134593,415268
2021-02-11,"Moderna, Oxford/AstraZeneca, Pfizer/BioNTech",287018,150813,437831
2021-02-12,"Moderna, Oxford/AstraZeneca, Pfizer/BioNTech",293848,165562,459410
2021-02-13,"Moderna, Oxford/AstraZeneca, Pfizer/BioNTech",295466,168550,464016
2021-02-14,"Moderna, Oxford/AstraZeneca, Pfizer/BioNTech",296472,169936,466408
2021-02-15,"Moderna, Oxford/AstraZeneca, Pfizer/BioNTech",302871,179307,482178
2021-02-16,"Moderna, Oxford/AstraZeneca, Pfizer/BioNTech",311592,188388,499980
2021-02-17,"Moderna, Oxford/AstraZeneca, Pfizer/BioNTech",321295,196699,517994
2021-02-18,"Moderna, Oxford/AstraZeneca, Pfizer/BioNTech",333625,204782,538407
2021-02-19,"Moderna, Oxford/AstraZeneca, Pfizer/BioNTech",345491,212158,557649
2021-02-20,"Moderna, Oxford/AstraZeneca, Pfizer/BioNTech",347501,213344,560845
2021-02-21,"Moderna, Oxford/AstraZeneca, Pfizer/BioNTech",348638,214370,563008
2021-02-22,"Moderna, Oxford/AstraZeneca, Pfizer/BioNTech",358765,220408,579173
2021-02-23,"Moderna, Oxford/AstraZeneca, Pfizer/BioNTech",371730,227399,599129
2021-02-24,"Moderna, Oxford/AstraZeneca, Pfizer/BioNTech",385615,233441,619056
2021-02-25,"Moderna, Oxford/AstraZeneca, Pfizer/BioNTech",403599,238993,642592
2021-02-26,"Moderna, Oxford/AstraZeneca, Pfizer/BioNTech",419782,244353,664135
2021-02-27,"Moderna, Oxford/AstraZeneca, Pfizer/BioNTech",422791,244913,667704
2021-02-28,"Moderna, Oxford/AstraZeneca, Pfizer/BioNTech",425149,245464,670613
2021-03-01,"Moderna, Oxford/AstraZeneca, Pfizer/BioNTech",444749,248914,693663
2021-03-02,"Moderna, Oxford/AstraZeneca, Pfizer/BioNTech",471977,252464,724441
2021-03-03,"Moderna, Oxford/AstraZeneca, Pfizer/BioNTech",502934,256975,759909
2021-03-04,"Moderna, Oxford/AstraZeneca, Pfizer/BioNTech",536221,261665,797886
2021-03-05,"Johnson&Johnson, Moderna, Oxford/AstraZeneca, Pfizer/BioNTech",565065,267094,832159
2021-03-06,"Johnson&Johnson, Moderna, Oxford/AstraZeneca, Pfizer/BioNTech",577225,267960,845185
2021-03-07,"Johnson&Johnson, Moderna, Oxford/AstraZeneca, Pfizer/BioNTech",588774,268803,857577
2021-03-08,"Johnson&Johnson, Moderna, Oxford/AstraZeneca, Pfizer/BioNTech",618525,273666,892191
2021-03-09,"Johnson&Johnson, Moderna, Oxford/AstraZeneca, Pfizer/BioNTech",654898,280054,934952
2021-03-10,"Johnson&Johnson, Moderna, Oxford/AstraZeneca, Pfizer/BioNTech",696233,287015,983248
2021-03-11,"Johnson&Johnson, Moderna, Oxford/AstraZeneca, Pfizer/BioNTech",741094,295391,1036485
2021-03-12,"Johnson&Johnson, Moderna, Oxford/AstraZeneca, Pfizer/BioNTech",779859,303891,1083750
2021-03-13,"Johnson&Johnson, Moderna, Oxford/AstraZeneca, Pfizer/BioNTech",796970,305206,1102176
2021-03-14,"Johnson&Johnson, Moderna, Oxford/AstraZeneca, Pfizer/BioNTech",809089,306362,1115451
2021-03-15,"Johnson&Johnson, Moderna, Oxford/AstraZeneca, Pfizer/BioNTech",837487,315144,1152631
2021-03-16,"Johnson&Johnson, Moderna, Oxford/AstraZeneca, Pfizer/BioNTech",876385,325681,1202066
2021-03-17,"Moderna, Oxford/AstraZeneca, Pfizer/BioNTech",913874,336196,1250070
2021-03-18,"Johnson&Johnson, Moderna, Oxford/AstraZeneca, Pfizer/BioNTech",951882,348622,1300504
2021-03-19,"Johnson&Johnson, Moderna, Oxford/AstraZeneca, Pfizer/BioNTech",986403,362237,1348640
2021-03-20,"Johnson&Johnson, Moderna, Oxford/AstraZeneca, Pfizer/BioNTech",1001587,364267,1365854
2021-03-21,"Johnson&Johnson, Moderna, Oxford/AstraZeneca, Pfizer/BioNTech",1009034,365827,1374861
2021-03-22,"Johnson&Johnson, Moderna, Oxford/AstraZeneca, Pfizer/BioNTech",1033613,378330,1411943
2021-03-23,"Johnson&Johnson, Moderna, Oxford/AstraZeneca, Pfizer/BioNTech",1060289,391697,1451986
2021-03-24,"Johnson&Johnson, Moderna, Oxford/AstraZeneca, Pfizer/BioNTech",1087184,407442,1494626
2021-03-25,"Johnson&Johnson, Moderna, Oxford/AstraZeneca, Pfizer/BioNTech",1113544,425298,1538842
2021-03-26,"Johnson&Johnson, Moderna, Oxford/AstraZeneca, Pfizer/BioNTech",1138387,442812,1581199
2021-03-27,"Johnson&Johnson, Moderna, Oxford/AstraZeneca, Pfizer/BioNTech",1146849,447658,1594507
2021-03-28,"Moderna, Oxford/AstraZeneca, Pfizer/BioNTech",1152397,451806,1604203
2021-03-29,"Johnson&Johnson, Moderna, Oxford/AstraZeneca, Pfizer/BioNTech",1171557,472544,1644101
2021-03-30,"Johnson&Johnson, Moderna, Oxford/AstraZeneca, Pfizer/BioNTech",1196268,494732,1691000
2021-03-31,"Johnson&Johnson, Moderna, Oxford/AstraZeneca, Pfizer/BioNTech",1219424,521801,1741225
2021-04-01,"Johnson&Johnson, Moderna, Oxford/AstraZeneca, Pfizer/BioNTech",1245111,553860,1798971
2021-04-02,"Johnson&Johnson, Moderna, Oxford/AstraZeneca, Pfizer/BioNTech",1252095,566658,1818753
2021-04-03,"Johnson&Johnson, Moderna, Oxford/AstraZeneca, Pfizer/BioNTech",1255749,577590,1833339
2021-04-04,"Johnson&Johnson, Moderna, Oxford/AstraZeneca, Pfizer/BioNTech",1258293,586514,1844807
2021-04-05,"Johnson&Johnson, Moderna, Oxford/AstraZeneca, Pfizer/BioNTech",1260726,593720,1854446
2021-04-06,"Johnson&Johnson, Moderna, Oxford/AstraZeneca, Pfizer/BioNTech",1276943,622995,1899938
2021-04-07,"Johnson&Johnson, Moderna, Oxford/AstraZeneca, Pfizer/BioNTech",1300448,645238,1945686
2021-04-08,"Johnson&Johnson, Moderna, Oxford/AstraZeneca, Pfizer/BioNTech",1339265,676287,2015552
2021-04-09,"Johnson&Johnson, Moderna, Oxford/AstraZeneca, Pfizer/BioNTech",1378864,706489,2085353
2021-04-10,"Johnson&Johnson, Moderna, Oxford/AstraZeneca, Pfizer/BioNTech",1394432,721802,2116234
2021-04-11,"Johnson&Johnson, Moderna, Oxford/AstraZeneca, Pfizer/BioNTech",1404227,731858,2136085
2021-04-12,"Johnson&Johnson, Moderna, Oxford/AstraZeneca, Pfizer/BioNTech",1442550,757004,2199554
2021-04-13,"Moderna, Oxford/AstraZeneca, Pfizer/BioNTech",1478857,783047,2261904
2021-04-14,"Moderna, Oxford/AstraZeneca, Pfizer/BioNTech",1517746,810424,2328170
2021-04-15,"Moderna, Oxford/AstraZeneca, Pfizer/BioNTech",1565582,836205,2401787
2021-04-16,"Moderna, Oxford/AstraZeneca, Pfizer/BioNTech",1610298,861888,2472186
2021-04-17,"Moderna, Oxford/AstraZeneca, Pfizer/BioNTech",1627024,870915,2497939
2021-04-18,"Moderna, Oxford/AstraZeneca, Pfizer/BioNTech",1640024,875901,2515925
2021-04-19,"Johnson&Johnson, Moderna, Oxford/AstraZeneca, Pfizer/BioNTech",1683999,891345,2575344
2021-04-20,"Johnson&Johnson, Moderna, Oxford/AstraZeneca, Pfizer/BioNTech",1726587,907234,2633821
2021-04-21,"Moderna, Oxford/AstraZeneca, Pfizer/BioNTech",1774355,921604,2695959
2021-04-22,"Johnson&Johnson, Moderna, Oxford/AstraZeneca, Pfizer/BioNTech",1828886,939004,2767890
2021-04-23,"Johnson&Johnson, Moderna, Oxford/AstraZeneca, Pfizer/BioNTech",1878900,951071,2829971
2021-04-24,"Johnson&Johnson, Moderna, Oxford/AstraZeneca, Pfizer/BioNTech",1896778,956338,2853116
2021-04-25,"Johnson&Johnson, Moderna, Oxford/AstraZeneca, Pfizer/BioNTech",1911492,960342,2871834
2021-04-26,"Johnson&Johnson, Moderna, Oxford/AstraZeneca, Pfizer/BioNTech",1961106,967913,2929019
2021-04-27,"Johnson&Johnson, Moderna, Oxford/AstraZeneca, Pfizer/BioNTech",2010095,980168,2990263
2021-04-28,"Johnson&Johnson, Moderna, Oxford/AstraZeneca, Pfizer/BioNTech",2068879,994194,3063073
2021-04-29,"Johnson&Johnson, Moderna, Oxford/AstraZeneca, Pfizer/BioNTech",2134499,1010115,3144614
2021-04-30,"Johnson&Johnson, Moderna, Oxford/AstraZeneca, Pfizer/BioNTech",2196795,1020112,3216907
2021-05-01,"Johnson&Johnson, Moderna, Oxford/AstraZeneca, Pfizer/BioNTech",2216187,1023577,3239764
2021-05-02,"Johnson&Johnson, Moderna, Oxford/AstraZeneca, Pfizer/BioNTech",2235141,1025868,3261009
2021-05-03,"Johnson&Johnson, Moderna, Oxford/AstraZeneca, Pfizer/BioNTech",2302421,1030953,3333374
2021-05-04,"Johnson&Johnson, Moderna, Oxford/AstraZeneca, Pfizer/BioNTech",2368985,1039325,3408310
2021-05-05,"Johnson&Johnson, Moderna, Oxford/AstraZeneca, Pfizer/BioNTech",2442199,1048775,3490974
2021-05-06,"Johnson&Johnson, Moderna, Oxford/AstraZeneca, Pfizer/BioNTech",2522648,1059527,3582175
2021-05-07,"Johnson&Johnson, Moderna, Oxford/AstraZeneca, Pfizer/BioNTech",2599981,1069674,3669655
2021-05-08,"Johnson&Johnson, Moderna, Oxford/AstraZeneca, Pfizer/BioNTech",2629523,1071468,3700991
2021-05-09,"Johnson&Johnson, Moderna, Oxford/AstraZeneca, Pfizer/BioNTech",2653764,1072693,3726457
2021-05-10,"Johnson&Johnson, Moderna, Oxford/AstraZeneca, Pfizer/BioNTech",2726568,1079942,3806510
2021-05-11,"Johnson&Johnson, Moderna, Oxford/AstraZeneca, Pfizer/BioNTech",2802724,1088775,3891499
2021-05-12,"Johnson&Johnson, Moderna, Oxford/AstraZeneca, Pfizer/BioNTech",2882676,1097923,3980599
2021-05-13,"Johnson&Johnson, Moderna, Oxford/AstraZeneca, Pfizer/BioNTech",2966735,1107119,4073854
2021-05-14,"Johnson&Johnson, Moderna, Oxford/AstraZeneca, Pfizer/BioNTech",3046292,1114950,4161242
2021-05-15,"Johnson&Johnson, Moderna, Oxford/AstraZeneca, Pfizer/BioNTech",3078260,1117237,4195497
2021-05-16,"Johnson&Johnson, Moderna, Oxford/AstraZeneca, Pfizer/BioNTech",3104075,1118524,4222599
2021-05-17,"Johnson&Johnson, Moderna, Oxford/AstraZeneca, Pfizer/BioNTech",3176617,1125283,4301900
2021-05-18,"Johnson&Johnson, Moderna, Oxford/AstraZeneca, Pfizer/BioNTech",3248614,1138407,4387021
2021-05-19,"Johnson&Johnson, Moderna, Oxford/AstraZeneca, Pfizer/BioNTech",3326114,1153582,4479696
2021-05-20,"Johnson&Johnson, Moderna, Oxford/AstraZeneca, Pfizer/BioNTech",3401614,1180653,4582267
2021-05-21,"Johnson&Johnson, Moderna, Oxford/AstraZeneca, Pfizer/BioNTech",3470472,1208462,4678934
2021-05-22,"Johnson&Johnson, Moderna, Oxford/AstraZeneca, Pfizer/BioNTech",3502944,1219706,4722650
2021-05-23,"Johnson&Johnson, Moderna, Oxford/AstraZeneca, Pfizer/BioNTech",3525395,1228749,4754144
2021-05-24,"Johnson&Johnson, Moderna, Oxford/AstraZeneca, Pfizer/BioNTech",3572614,1262431,4835045
2021-05-25,"Johnson&Johnson, Moderna, Oxford/AstraZeneca, Pfizer/BioNTech",3624536,1298282,4922818
2021-05-26,"Johnson&Johnson, Moderna, Oxford/AstraZeneca, Pfizer/BioNTech",3692306,1335847,5028153
2021-05-27,"Johnson&Johnson, Moderna, Oxford/AstraZeneca, Pfizer/BioNTech",3753741,1383215,5136956
2021-05-28,"Johnson&Johnson, Moderna, Oxford/AstraZeneca, Pfizer/BioNTech",3815498,1429833,5245331
2021-05-29,"Johnson&Johnson, Moderna, Oxford/AstraZeneca, Pfizer/BioNTech",3844771,1446980,5291751
2021-05-30,"Johnson&Johnson, Moderna, Oxford/AstraZeneca, Pfizer/BioNTech",3867186,1461453,5328639
2021-05-31,"Johnson&Johnson, Moderna, Oxford/AstraZeneca, Pfizer/BioNTech",3922933,1508988,5431921
2021-06-01,"Johnson&Johnson, Moderna, Oxford/AstraZeneca, Pfizer/BioNTech",3982054,1557882,5539936
2021-06-02,"Johnson&Johnson, Moderna, Oxford/AstraZeneca, Pfizer/BioNTech",4045037,1611924,5656961
2021-06-03,"Johnson&Johnson, Moderna, Oxford/AstraZeneca, Pfizer/BioNTech",4103301,1672177,5775478
2021-06-04,"Johnson&Johnson, Moderna, Oxford/AstraZeneca, Pfizer/BioNTech",4166449,1729615,5896064
2021-06-05,"Johnson&Johnson, Moderna, Oxford/AstraZeneca, Pfizer/BioNTech",4200640,1748549,5949189
2021-06-06,"Johnson&Johnson, Moderna, Oxford/AstraZeneca, Pfizer/BioNTech",4227603,1763730,5991333
2021-06-07,"Johnson&Johnson, Moderna, Oxford/AstraZeneca, Pfizer/BioNTech",4291304,1819386,6110690
2021-06-08,"Johnson&Johnson, Moderna, Oxford/AstraZeneca, Pfizer/BioNTech",4355320,1874419,6229739
2021-06-09,"Johnson&Johnson, Moderna, Oxford/AstraZeneca, Pfizer/BioNTech",4414547,1939124,6353671
2021-06-10,"Johnson&Johnson, Moderna, Oxford/AstraZeneca, Pfizer/BioNTech",4468420,2010462,6478882
2021-06-11,"Johnson&Johnson, Moderna, Oxford/AstraZeneca, Pfizer/BioNTech",4520559,2080323,6600882
2021-06-12,"Johnson&Johnson, Moderna, Oxford/AstraZeneca, Pfizer/BioNTech",4552587,2101187,6653774
2021-06-13,"Johnson&Johnson, Moderna, Oxford/AstraZeneca, Pfizer/BioNTech",4576633,2119631,6696264
2021-06-14,"Johnson&Johnson, Moderna, Oxford/AstraZeneca, Pfizer/BioNTech",4619736,2194053,6813789
2021-06-15,"Johnson&Johnson, Moderna, Oxford/AstraZeneca, Pfizer/BioNTech",4664420,2266471,6930891
2021-06-16,"Johnson&Johnson, Moderna, Oxford/AstraZeneca, Pfizer/BioNTech",4707245,2344729,7051974
2021-06-17,"Johnson&Johnson, Moderna, Oxford/AstraZeneca, Pfizer/BioNTech",4746690,2427853,7174543
2021-06-18,"Johnson&Johnson, Moderna, Oxford/AstraZeneca, Pfizer/BioNTech",4789141,2508466,7297607
2021-06-19,"Johnson&Johnson, Moderna, Oxford/AstraZeneca, Pfizer/BioNTech",4810941,2537819,7348760
2021-06-20,"Johnson&Johnson, Moderna, Oxford/AstraZeneca, Pfizer/BioNTech",4828355,2561703,7390058
2021-06-21,"Johnson&Johnson, Moderna, Oxford/AstraZeneca, Pfizer/BioNTech",4860872,2640345,7501217
2021-06-22,"Johnson&Johnson, Moderna, Oxford/AstraZeneca, Pfizer/BioNTech",4893856,2722697,7616553
2021-06-23,"Johnson&Johnson, Moderna, Oxford/AstraZeneca, Pfizer/BioNTech",4925584,2807969,7733553
2021-06-24,"Johnson&Johnson, Moderna, Oxford/AstraZeneca, Pfizer/BioNTech",4955462,2898054,7853516
2021-06-25,"Johnson&Johnson, Moderna, Oxford/AstraZeneca, Pfizer/BioNTech",4986563,2984317,7970880
2021-06-26,"Johnson&Johnson, Moderna, Oxford/AstraZeneca, Pfizer/BioNTech",5002467,3019215,8021682
2021-06-27,"Johnson&Johnson, Moderna, Oxford/AstraZeneca, Pfizer/BioNTech",5016428,3045940,8062368
2021-06-28,"Johnson&Johnson, Moderna, Oxford/AstraZeneca, Pfizer/BioNTech",5044856,3131181,8176037
2021-06-29,"Johnson&Johnson, Moderna, Oxford/AstraZeneca, Pfizer/BioNTech",5074156,3217753,8291909
2021-06-30,"Johnson&Johnson, Moderna, Oxford/AstraZeneca, Pfizer/BioNTech",5101668,3308819,8410487
2021-07-01,"Johnson&Johnson, Moderna, Oxford/AstraZeneca, Pfizer/BioNTech",5125680,3398941,8524621
2021-07-02,"Johnson&Johnson, Moderna, Oxford/AstraZeneca, Pfizer/BioNTech",5152439,3484897,8637336
2021-07-03,"Johnson&Johnson, Moderna, Oxford/AstraZeneca, Pfizer/BioNTech",5159548,3516479,8676027
2021-07-04,"Johnson&Johnson, Moderna, Oxford/AstraZeneca, Pfizer/BioNTech",5167144,3538309,8705453
2021-07-05,"Johnson&Johnson, Moderna, Oxford/AstraZeneca, Pfizer/BioNTech",5174571,3563726,8738297
2021-07-06,"Johnson&Johnson, Moderna, Oxford/AstraZeneca, Pfizer/BioNTech",5180056,3591469,8771525
2021-07-07,"Johnson&Johnson, Moderna, Oxford/AstraZeneca, Pfizer/BioNTech",5205894,3670482,8876376
2021-07-08,"Johnson&Johnson, Moderna, Oxford/AstraZeneca, Pfizer/BioNTech",5232518,3740851,8973369
2021-07-09,"Johnson&Johnson, Moderna, Oxford/AstraZeneca, Pfizer/BioNTech",5260479,3810204,9070683
2021-07-10,"Johnson&Johnson, Moderna, Oxford/AstraZeneca, Pfizer/BioNTech",5269868,3838883,9108751
2021-07-11,"Johnson&Johnson, Moderna, Oxford/AstraZeneca, Pfizer/BioNTech",5278428,3861777,9140205
2021-07-12,"Johnson&Johnson, Moderna, Oxford/AstraZeneca, Pfizer/BioNTech",5305981,3930874,9236855
2021-07-13,"Johnson&Johnson, Moderna, Oxford/AstraZeneca, Pfizer/BioNTech",5332194,4000778,9332972
2021-07-14,"Johnson&Johnson, Moderna, Oxford/AstraZeneca, Pfizer/BioNTech",5358040,4072797,9430837
2021-07-15,"Johnson&Johnson, Moderna, Oxford/AstraZeneca, Pfizer/BioNTech",5387234,4138844,9526078
2021-07-16,"Johnson&Johnson, Moderna, Oxford/AstraZeneca, Pfizer/BioNTech",5415177,4211609,9626786
2021-07-17,"Johnson&Johnson, Moderna, Oxford/AstraZeneca, Pfizer/BioNTech",5423983,4243093,9667076
2021-07-18,"Johnson&Johnson, Moderna, Oxford/AstraZeneca, Pfizer/BioNTech",5432429,4269113,9701542
2021-07-19,"Johnson&Johnson, Moderna, Oxford/AstraZeneca, Pfizer/BioNTech",5455805,4336161,9791966
2021-07-20,"Johnson&Johnson, Moderna, Oxford/AstraZeneca, Pfizer/BioNTech",5477221,4403250,9880471
2021-07-21,"Johnson&Johnson, Moderna, Oxford/AstraZeneca, Pfizer/BioNTech",5500683,4466737,9967420
2021-07-22,"Johnson&Johnson, Moderna, Oxford/AstraZeneca, Pfizer/BioNTech",5523058,4525399,10048457
2021-07-23,"Johnson&Johnson, Moderna, Oxford/AstraZeneca, Pfizer/BioNTech",5546303,4580187,10126490
2021-07-24,"Johnson&Johnson, Moderna, Oxford/AstraZeneca, Pfizer/BioNTech",5553658,4607877,10161535
2021-07-25,"Johnson&Johnson, Moderna, Oxford/AstraZeneca, Pfizer/BioNTech",5560300,4630022,10190322
2021-07-26,"Johnson&Johnson, Moderna, Oxford/AstraZeneca, Pfizer/BioNTech",5583860,4678735,10262595
2021-07-27,"Johnson&Johnson, Moderna, Oxford/AstraZeneca, Pfizer/BioNTech",5606623,4725415,10332038
2021-07-28,"Johnson&Johnson, Moderna, Oxford/AstraZeneca, Pfizer/BioNTech",5627910,4771459,10399369
2021-07-29,"Johnson&Johnson, Moderna, Oxford/AstraZeneca, Pfizer/BioNTech",5649258,4813467,10462725
2021-07-30,"Johnson&Johnson, Moderna, Oxford/AstraZeneca, Pfizer/BioNTech",5672548,4856068,10528616
2021-07-31,"Johnson&Johnson, Moderna, Oxford/AstraZeneca, Pfizer/BioNTech",5681510,4875626,10557136
2021-08-01,"Johnson&Johnson, Moderna, Oxford/AstraZeneca, Pfizer/BioNTech",5688244,4891811,10580055
2021-08-02,"Johnson&Johnson, Moderna, Oxford/AstraZeneca, Pfizer/BioNTech",5706893,4929399,10636292
2021-08-03,"Johnson&Johnson, Moderna, Oxford/AstraZeneca, Pfizer/BioNTech",5724551,4967542,10692093
2021-08-04,"Johnson&Johnson, Moderna, Oxford/AstraZeneca, Pfizer/BioNTech",5740689,5004341,10745030
2021-08-05,"Johnson&Johnson, Moderna, Oxford/AstraZeneca, Pfizer/BioNTech",5756738,5044854,10801592
2021-08-06,"Johnson&Johnson, Moderna, Oxford/AstraZeneca, Pfizer/BioNTech",5773552,5088190,10861742
2021-08-07,"Johnson&Johnson, Moderna, Oxford/AstraZeneca, Pfizer/BioNTech",5779165,5106380,10885545
2021-08-08,"Johnson&Johnson, Moderna, Oxford/AstraZeneca, Pfizer/BioNTech",5783539,5122153,10905692
2021-08-09,"Johnson&Johnson, Moderna, Oxford/AstraZeneca, Pfizer/BioNTech",5796182,5167243,10963425
2021-08-10,"Johnson&Johnson, Moderna, Oxford/AstraZeneca, Pfizer/BioNTech",5808033,5206842,11014875
2021-08-11,"Johnson&Johnson, Moderna, Oxford/AstraZeneca, Pfizer/BioNTech",5819408,5249997,11069405
2021-08-12,"Johnson&Johnson, Moderna, Oxford/AstraZeneca, Pfizer/BioNTech",5830836,5287160,11117996
2021-08-13,"Johnson&Johnson, Moderna, Oxford/AstraZeneca, Pfizer/BioNTech",5841570,5327531,11169101
2021-08-14,"Johnson&Johnson, Moderna, Oxford/AstraZeneca, Pfizer/BioNTech",5844912,5338249,11183161
2021-08-15,"Johnson&Johnson, Moderna, Oxford/AstraZeneca, Pfizer/BioNTech",5847504,5348642,11196146
2021-08-16,"Johnson&Johnson, Moderna, Oxford/AstraZeneca, Pfizer/BioNTech",5857302,5382739,11240041
2021-08-17,"Johnson&Johnson, Moderna, Oxford/AstraZeneca, Pfizer/BioNTech",5866905,5409862,11276767
2021-08-18,"Johnson&Johnson, Moderna, Oxford/AstraZeneca, Pfizer/BioNTech",5876283,5448776,11325059
2021-08-19,"Johnson&Johnson, Moderna, Oxford/AstraZeneca, Pfizer/BioNTech",5885968,5487147,11373115
2021-08-20,"Johnson&Johnson, Moderna, Oxford/AstraZeneca, Pfizer/BioNTech",5897366,5527351,11424717
2021-08-21,"Johnson&Johnson, Moderna, Oxford/AstraZeneca, Pfizer/BioNTech",5900092,5540130,11440222
2021-08-22,"Johnson&Johnson, Moderna, Oxford/AstraZeneca, Pfizer/BioNTech",5902438,5552108,11454546
2021-08-23,"Johnson&Johnson, Moderna, Oxford/AstraZeneca, Pfizer/BioNTech",5912973,5591395,11504368
2021-08-24,"Johnson&Johnson, Moderna, Oxford/AstraZeneca, Pfizer/BioNTech",5922855,5624664,11547519
2021-08-25,"Johnson&Johnson, Moderna, Oxford/AstraZeneca, Pfizer/BioNTech",5931728,5653048,11584776
2021-08-26,"Johnson&Johnson, Moderna, Oxford/AstraZeneca, Pfizer/BioNTech",5940188,5679185,11619373
2021-08-27,"Johnson&Johnson, Moderna, Oxford/AstraZeneca, Pfizer/BioNTech",5950517,5705182,11655699
2021-08-28,"Johnson&Johnson, Moderna, Oxford/AstraZeneca, Pfizer/BioNTech",5953259,5712257,11665516
2021-08-29,"Johnson&Johnson, Moderna, Oxford/AstraZeneca, Pfizer/BioNTech",5955674,5718885,11674559
2021-08-30,"Johnson&Johnson, Moderna, Oxford/AstraZeneca, Pfizer/BioNTech",5964206,5740774,11704980
2021-08-31,"Johnson&Johnson, Moderna, Oxford/AstraZeneca, Pfizer/BioNTech",5971895,5758892,11730787
2021-09-01,"Johnson&Johnson, Moderna, Oxford/AstraZeneca, Pfizer/BioNTech",5977810,5772918,11750728
2021-09-02,"Johnson&Johnson, Moderna, Oxford/AstraZeneca, Pfizer/BioNTech",5984652,5787315,11771967
2021-09-03,"Johnson&Johnson, Moderna, Oxford/AstraZeneca, Pfizer/BioNTech",5994216,5803056,11797272
2021-09-04,"Johnson&Johnson, Moderna, Oxford/AstraZeneca, Pfizer/BioNTech",5996290,5806620,11802910
2021-09-05,"Johnson&Johnson, Moderna, Oxford/AstraZeneca, Pfizer/BioNTech",5998333,5809470,11807803
2021-09-06,"Johnson&Johnson, Moderna, Oxford/AstraZeneca, Pfizer/BioNTech",6004573,5822022,11826595
2021-09-07,"Johnson&Johnson, Moderna, Oxford/AstraZeneca, Pfizer/BioNTech",6008970,5833118,11842088
2021-09-08,"Johnson&Johnson, Moderna, Oxford/AstraZeneca, Pfizer/BioNTech",6014648,5842987,11857635
2021-09-09,"Johnson&Johnson, Moderna, Oxford/AstraZeneca, Pfizer/BioNTech",6021348,5853059,11874407
2021-09-10,"Johnson&Johnson, Moderna, Oxford/AstraZeneca, Pfizer/BioNTech",6029051,5865248,11894299
2021-09-11,"Johnson&Johnson, Moderna, Oxford/AstraZeneca, Pfizer/BioNTech",6030922,5867740,11898662
2021-09-12,"Johnson&Johnson, Moderna, Oxford/AstraZeneca, Pfizer/BioNTech",6032043,5869376,11901419
2021-09-13,"Johnson&Johnson, Moderna, Oxford/AstraZeneca, Pfizer/BioNTech",6037488,5879688,11917176
2021-09-14,"Johnson&Johnson, Moderna, Oxford/AstraZeneca, Pfizer/BioNTech",6042888,5888708,11931596
2021-09-15,"Johnson&Johnson, Moderna, Oxford/AstraZeneca, Pfizer/BioNTech",6048100,5897241,11945341
2021-09-16,"Johnson&Johnson, Moderna, Oxford/AstraZeneca, Pfizer/BioNTech",6053462,5905526,11958988
2021-09-17,"Johnson&Johnson, Moderna, Oxford/AstraZeneca, Pfizer/BioNTech",6060034,5915767,11975801
2021-09-18,"Johnson&Johnson, Moderna, Oxford/AstraZeneca, Pfizer/BioNTech",6061766,5918132,11979898
2021-09-19,"Johnson&Johnson, Moderna, Oxford/AstraZeneca, Pfizer/BioNTech",6062712,5919704,11982416
2021-09-20,"Johnson&Johnson, Moderna, Oxford/AstraZeneca, Pfizer/BioNTech",6066738,5927910,11994648
2021-09-21,"Johnson&Johnson, Moderna, Oxford/AstraZeneca, Pfizer/BioNTech",6070978,5935451,12006429
2021-09-22,"Johnson&Johnson, Moderna, Oxford/AstraZeneca, Pfizer/BioNTech",6075172,5940979,12016151
2021-09-23,"Johnson&Johnson, Moderna, Oxford/AstraZeneca, Pfizer/BioNTech",6080143,5947394,12027537
2021-09-24,"Johnson&Johnson, Moderna, Oxford/AstraZeneca, Pfizer/BioNTech",6085905,5957013,12042918
2021-09-25,"Johnson&Johnson, Moderna, Oxford/AstraZeneca, Pfizer/BioNTech",6087405,5959016,12046421
2021-09-26,"Johnson&Johnson, Moderna, Oxford/AstraZeneca, Pfizer/BioNTech",6088150,5960658,12048808
2021-09-27,"Johnson&Johnson, Moderna, Oxford/AstraZeneca, Pfizer/BioNTech",6092036,5967177,12059213
2021-09-28,"Johnson&Johnson, Moderna, Oxford/AstraZeneca, Pfizer/BioNTech",6092410,5967813,12060223
2021-09-29,"Johnson&Johnson, Moderna, Oxford/AstraZeneca, Pfizer/BioNTech",6096188,5975281,12071469
2021-09-30,"Johnson&Johnson, Moderna, Oxford/AstraZeneca, Pfizer/BioNTech",6100708,5982986,12083694
2021-10-01,"Johnson&Johnson, Moderna, Oxford/AstraZeneca, Pfizer/BioNTech",6105020,5990974,12095994
2021-10-02,"Johnson&Johnson, Moderna, Oxford/AstraZeneca, Pfizer/BioNTech",6106083,5992520,12098603
2021-10-03,"Johnson&Johnson, Moderna, Oxford/AstraZeneca, Pfizer/BioNTech",6106808,5993392,12100200
2021-10-04,"Johnson&Johnson, Moderna, Oxford/AstraZeneca, Pfizer/BioNTech",6109889,5998973,12108862
2021-10-05,"Johnson&Johnson, Moderna, Oxford/AstraZeneca, Pfizer/BioNTech",6113052,6004060,12117112
2021-10-06,"Johnson&Johnson, Moderna, Oxford/AstraZeneca, Pfizer/BioNTech",6116573,6009237,12125810
2021-10-07,"Johnson&Johnson, Moderna, Oxford/AstraZeneca, Pfizer/BioNTech",6119857,6014500,12134357
2021-10-08,"Johnson&Johnson, Moderna, Oxford/AstraZeneca, Pfizer/BioNTech",6124651,6021145,12145796
2021-10-09,"Johnson&Johnson, Moderna, Oxford/AstraZeneca, Pfizer/BioNTech",6125895,6022812,12148707
2021-10-10,"Johnson&Johnson, Moderna, Oxford/AstraZeneca, Pfizer/BioNTech",6126839,6023645,12150484
2021-10-11,"Johnson&Johnson, Moderna, Oxford/AstraZeneca, Pfizer/BioNTech",6129770,6028065,12157835
2021-10-12,"Johnson&Johnson, Moderna, Oxford/AstraZeneca, Pfizer/BioNTech",6132704,6032068,12164772
2021-10-13,"Johnson&Johnson, Moderna, Oxford/AstraZeneca, Pfizer/BioNTech",6136235,6036256,12172491
2021-10-14,"Johnson&Johnson, Moderna, Oxford/AstraZeneca, Pfizer/BioNTech",6139906,6041206,12181112
2021-10-15,"Johnson&Johnson, Moderna, Oxford/AstraZeneca, Pfizer/BioNTech",6145135,6047356,12192491
2021-10-16,"Johnson&Johnson, Moderna, Oxford/AstraZeneca, Pfizer/BioNTech",6146548,6048882,12195430
2021-10-17,"Johnson&Johnson, Moderna, Pfizer/BioNTech",6147875,6049937,12197812
2021-10-18,"Johnson&Johnson, Moderna, Oxford/AstraZeneca, Pfizer/BioNTech",6151988,6054043,12206031
2021-10-19,"Johnson&Johnson, Moderna, Oxford/AstraZeneca, Pfizer/BioNTech",6155569,6056149,12211718
2021-10-20,"Johnson&Johnson, Moderna, Oxford/AstraZeneca, Pfizer/BioNTech",6160454,6060609,12221063
2021-10-21,"Johnson&Johnson, Moderna, Oxford/AstraZeneca, Pfizer/BioNTech",6168223,6066218,12234441
2021-10-22,"Johnson&Johnson, Moderna, Oxford/AstraZeneca, Pfizer/BioNTech",6178680,6072723,12251403
2021-10-23,"Johnson&Johnson, Moderna, Oxford/AstraZeneca, Pfizer/BioNTech",6182357,6074934,12257291
2021-10-24,"Johnson&Johnson, Moderna, Oxford/AstraZeneca, Pfizer/BioNTech",6185042,6076715,12261757
2021-10-25,"Johnson&Johnson, Moderna, Oxford/AstraZeneca, Pfizer/BioNTech",6195543,6082526,12278069
2021-10-26,"Johnson&Johnson, Moderna, Oxford/AstraZeneca, Pfizer/BioNTech",6207533,6089077,12296610
2021-10-27,"Johnson&Johnson, Moderna, Oxford/AstraZeneca, Pfizer/BioNTech",6222141,6096493,12318634
2021-10-28,"Johnson&Johnson, Moderna, Oxford/AstraZeneca, Pfizer/BioNTech",6225566,6098178,12323744
2021-10-29,"Johnson&Johnson, Moderna, Oxford/AstraZeneca, Pfizer/BioNTech",6240005,6106166,12346171
2021-10-30,"Johnson&Johnson, Moderna, Oxford/AstraZeneca, Pfizer/BioNTech",6244535,6109095,12353630
2021-10-31,"Johnson&Johnson, Moderna, Oxford/AstraZeneca, Pfizer/BioNTech",6248298,6111570,12359868
2021-11-01,"Johnson&Johnson, Moderna, Oxford/AstraZeneca, Pfizer/BioNTech",6263497,6119256,12382753
2021-11-02,"Johnson&Johnson, Moderna, Oxford/AstraZeneca, Pfizer/BioNTech",6278950,6126813,12405763
2021-11-03,"Johnson&Johnson, Moderna, Oxford/AstraZeneca, Pfizer/BioNTech",6296129,6134104,12430233
2021-11-04,"Johnson&Johnson, Moderna, Oxford/AstraZeneca, Pfizer/BioNTech",6314477,6142277,12456754
2021-11-05,"Johnson&Johnson, Moderna, Oxford/AstraZeneca, Pfizer/BioNTech",6337280,6153564,12490844
2021-11-06,"Johnson&Johnson, Moderna, Oxford/AstraZeneca, Pfizer/BioNTech",6343796,6156621,12500417
2021-11-07,"Johnson&Johnson, Moderna, Oxford/AstraZeneca, Pfizer/BioNTech",6347820,6159057,12506877
2021-11-08,"Johnson&Johnson, Moderna, Oxford/AstraZeneca, Pfizer/BioNTech",6364086,6166684,12530770
2021-11-09,"Johnson&Johnson, Moderna, Oxford/AstraZeneca, Pfizer/BioNTech",6378898,6173981,12552879
2021-11-10,"Johnson&Johnson, Moderna, Oxford/AstraZeneca, Pfizer/BioNTech",6394636,6181366,12576002
2021-11-11,"Johnson&Johnson, Moderna, Oxford/AstraZeneca, Pfizer/BioNTech",6410106,6190474,12600580
2021-11-12,"Johnson&Johnson, Moderna, Oxford/AstraZeneca, Pfizer/BioNTech",6429908,6203277,12633185
2021-11-13,"Johnson&Johnson, Moderna, Oxford/AstraZeneca, Pfizer/BioNTech",6435302,6207153,12642455
2021-11-14,"Johnson&Johnson, Moderna, Oxford/AstraZeneca, Pfizer/BioNTech",6439197,6210160,12649357
2021-11-15,"Johnson&Johnson, Moderna, Oxford/AstraZeneca, Pfizer/BioNTech",6454275,6220854,12675129
2021-11-16,"Johnson&Johnson, Moderna, Oxford/AstraZeneca, Pfizer/BioNTech",6471811,6232830,12704641
2021-11-17,"Johnson&Johnson, Moderna, Oxford/AstraZeneca, Pfizer/BioNTech",6476052,6236396,12712448
2021-11-18,"Johnson&Johnson, Moderna, Oxford/AstraZeneca, Pfizer/BioNTech",6495470,6248092,12743562
2021-11-19,"Johnson&Johnson, Moderna, Oxford/AstraZeneca, Pfizer/BioNTech",6520080,6265067,12785147
2021-11-20,"Johnson&Johnson, Moderna, Oxford/AstraZeneca, Pfizer/BioNTech",6528658,6270050,12798708
2021-11-21,"Johnson&Johnson, Moderna, Pfizer/BioNTech",6535427,6273823,12809250
2021-11-22,"Johnson&Johnson, Moderna, Oxford/AstraZeneca, Pfizer/BioNTech",6553936,6287938,12841874
2021-11-23,"Johnson&Johnson, Moderna, Oxford/AstraZeneca, Pfizer/BioNTech",6573001,6301199,12874200
2021-11-24,"Johnson&Johnson, Moderna, Oxford/AstraZeneca, Pfizer/BioNTech",6592014,6317049,12909063
2021-11-25,"Johnson&Johnson, Moderna, Oxford/AstraZeneca, Pfizer/BioNTech",6611158,6332085,12943243
2021-11-26,"Johnson&Johnson, Moderna, Oxford/AstraZeneca, Pfizer/BioNTech",6632814,6351223,12984037
2021-11-27,"Johnson&Johnson, Moderna, Oxford/AstraZeneca, Pfizer/BioNTech",6640284,6356778,12997062
2021-11-28,"Johnson&Johnson, Moderna, Oxford/AstraZeneca, Pfizer/BioNTech",6643617,6359913,13003530
2021-11-29,"Johnson&Johnson, Moderna, Oxford/AstraZeneca, Pfizer/BioNTech",6658826,6373574,13032400
2021-11-30,"Johnson&Johnson, Moderna, Oxford/AstraZeneca, Pfizer/BioNTech",6672028,6384803,13056831
2021-12-01,"Johnson&Johnson, Moderna, Oxford/AstraZeneca, Pfizer/BioNTech",6686060,6397258,13083318
2021-12-02,"Johnson&Johnson, Moderna, Oxford/AstraZeneca, Pfizer/BioNTech",6696701,6409749,13106450
2021-12-03,"Johnson&Johnson, Moderna, Oxford/AstraZeneca, Pfizer/BioNTech",6706341,6425328,13131669
2021-12-04,"Johnson&Johnson, Moderna, Pfizer/BioNTech",6708898,6429278,13138176
2021-12-05,"Johnson&Johnson, Moderna, Oxford/AstraZeneca, Pfizer/BioNTech",6710259,6431618,13141877
2021-12-06,"Johnson&Johnson, Moderna, Oxford/AstraZeneca, Pfizer/BioNTech",6718407,6443147,13161554
2021-12-07,"Johnson&Johnson, Moderna, Oxford/AstraZeneca, Pfizer/BioNTech",6726298,6455158,13181456
2021-12-08,"Johnson&Johnson, Moderna, Oxford/AstraZeneca, Pfizer/BioNTech",6734542,6461086,13195628
2021-12-09,"Johnson&Johnson, Moderna, Oxford/AstraZeneca, Pfizer/BioNTech",6741663,6473905,13215568
2021-12-10,"Johnson&Johnson, Moderna, Oxford/AstraZeneca, Pfizer/BioNTech",6748596,6491709,13240305
2021-12-11,"Johnson&Johnson, Moderna, Oxford/AstraZeneca, Pfizer/BioNTech",6750255,6496981,13247236
2021-12-12,"Johnson&Johnson, Moderna, Oxford/AstraZeneca, Pfizer/BioNTech",6751566,6501414,13252980
2021-12-13,"Johnson&Johnson, Moderna, Oxford/AstraZeneca, Pfizer/BioNTech",6757921,6514727,13272648
2021-12-14,"Johnson&Johnson, Moderna, Oxford/AstraZeneca, Pfizer/BioNTech",6764131,6528396,13292527
2021-12-15,"Johnson&Johnson, Moderna, Oxford/AstraZeneca, Pfizer/BioNTech",6770337,6541994,13312331
2021-12-16,"Johnson&Johnson, Moderna, Oxford/AstraZeneca, Pfizer/BioNTech",6777278,6556828,13334106
2021-12-17,"Johnson&Johnson, Moderna, Oxford/AstraZeneca, Pfizer/BioNTech",6785644,6574093,13359737
2021-12-18,"Johnson&Johnson, Moderna, Oxford/AstraZeneca, Pfizer/BioNTech",6788255,6579545,13367800
2021-12-19,"Johnson&Johnson, Moderna, Pfizer/BioNTech",6790026,6582049,13372075
2021-12-20,"Johnson&Johnson, Moderna, Oxford/AstraZeneca, Pfizer/BioNTech",6795882,6596111,13391993
2021-12-21,"Johnson&Johnson, Moderna, Oxford/AstraZeneca, Pfizer/BioNTech",6802544,6608106,13410650
2021-12-22,"Johnson&Johnson, Moderna, Oxford/AstraZeneca, Pfizer/BioNTech",6807592,6621164,13428756
2021-12-23,"Johnson&Johnson, Moderna, Oxford/AstraZeneca, Pfizer/BioNTech",6810466,6626765,13437231
2021-12-24,"Johnson&Johnson, Moderna, Oxford/AstraZeneca, Pfizer/BioNTech",6810512,6626867,13437379
2021-12-25,"Moderna, Pfizer/BioNTech",6810513,6626875,13437388
2021-12-26,"Moderna, Pfizer/BioNTech",6810615,6627078,13437693
2021-12-27,"Johnson&Johnson, Moderna, Pfizer/BioNTech",6814482,6636821,13451303
2021-12-28,"Johnson&Johnson, Moderna, Oxford/AstraZeneca, Pfizer/BioNTech",6819722,6644817,13464539
2021-12-29,"Johnson&Johnson, Moderna, Oxford/AstraZeneca, Pfizer/BioNTech",6824002,6652536,13476538
2021-12-30,"Johnson&Johnson, Moderna, Pfizer/BioNTech",6828303,6657969,13486272
2021-12-31,"Johnson&Johnson, Moderna, Pfizer/BioNTech",6828813,6659393,13488206
2022-01-01,"Johnson&Johnson, Moderna, Pfizer/BioNTech",6828819,6659411,13488230
2022-01-02,"Johnson&Johnson, Moderna, Pfizer/BioNTech",6829676,6660788,13490464
2022-01-03,"Johnson&Johnson, Moderna, Oxford/AstraZeneca, Pfizer/BioNTech",6833813,6669696,13503509
2022-01-04,"Johnson&Johnson, Moderna, Oxford/AstraZeneca, Pfizer/BioNTech",6838897,6677451,13516348
2022-01-05,"Johnson&Johnson, Moderna, Oxford/AstraZeneca, Pfizer/BioNTech",6844717,6685422,13530139
2022-01-06,"Johnson&Johnson, Moderna, Oxford/AstraZeneca, Pfizer/BioNTech",6851301,6693822,13545123
2022-01-07,"Johnson&Johnson, Moderna, Oxford/AstraZeneca, Pfizer/BioNTech",6859177,6704177,13563354
2022-01-08,"Johnson&Johnson, Moderna, Oxford/AstraZeneca, Pfizer/BioNTech",6861657,6706960,13568617
2022-01-09,"Johnson&Johnson, Moderna, Pfizer/BioNTech",6862739,6708654,13571393
2022-01-10,"Johnson&Johnson, Moderna, Oxford/AstraZeneca, Pfizer/BioNTech",6867237,6714843,13582080
2022-01-11,"Johnson&Johnson, Moderna, Oxford/AstraZeneca, Pfizer/BioNTech",6872675,6721596,13594271
2022-01-12,"Johnson&Johnson, Moderna, Oxford/AstraZeneca, Pfizer/BioNTech",6878632,6727239,13605871
2022-01-13,"Johnson&Johnson, Moderna, Oxford/AstraZeneca, Pfizer/BioNTech",6884515,6732016,13616531
2022-01-14,"Johnson&Johnson, Moderna, Oxford/AstraZeneca, Pfizer/BioNTech",6890816,6735648,13626464
2022-01-15,"Johnson&Johnson, Moderna, Oxford/AstraZeneca, Pfizer/BioNTech",6892092,6736303,13628395
2022-01-16,"Johnson&Johnson, Moderna, Oxford/AstraZeneca, Pfizer/BioNTech",6892780,6736740,13629520
2022-01-17,"Johnson&Johnson, Moderna, Oxford/AstraZeneca, Pfizer/BioNTech",6896334,6740696,13637030
2022-01-18,"Johnson&Johnson, Moderna, Oxford/AstraZeneca, Pfizer/BioNTech",6900184,6745645,13645829
2022-01-19,"Johnson&Johnson, Moderna, Oxford/AstraZeneca, Pfizer/BioNTech",6904254,6749576,13653830
2022-01-20,"Johnson&Johnson, Moderna, Oxford/AstraZeneca, Pfizer/BioNTech",6907846,6754032,13661878
2022-01-21,"Johnson&Johnson, Moderna, Oxford/AstraZeneca, Pfizer/BioNTech",6911841,6756560,13668401
2022-01-22,"Johnson&Johnson, Moderna, Pfizer/BioNTech",6912620,6756999,13669619
2022-01-23,"Johnson&Johnson, Moderna, Pfizer/BioNTech",6913181,6757633,13670814
2022-01-24,"Johnson&Johnson, Moderna, Oxford/AstraZeneca, Pfizer/BioNTech",6915451,6761068,13676519
2022-01-25,"Johnson&Johnson, Moderna, Oxford/AstraZeneca, Pfizer/BioNTech",6917806,6765063,13682869
2022-01-26,"Johnson&Johnson, Moderna, Oxford/AstraZeneca, Pfizer/BioNTech",6920191,6769629,13689820
2022-01-27,"Johnson&Johnson, Moderna, Oxford/AstraZeneca, Pfizer/BioNTech",6922510,6774441,13696951
2022-01-28,"Johnson&Johnson, Moderna, Oxford/AstraZeneca, Pfizer/BioNTech",6925421,6780603,13706024
2022-01-29,"Johnson&Johnson, Moderna, Oxford/AstraZeneca, Pfizer/BioNTech",6926021,6782254,13708275
2022-01-30,"Johnson&Johnson, Moderna, Pfizer/BioNTech",6926248,6783032,13709280
2022-01-31,"Johnson&Johnson, Moderna, Pfizer/BioNTech",6927790,6786950,13714740
2022-02-01,"Johnson&Johnson, Moderna, Pfizer/BioNTech",6929386,6790981,13720367
2022-02-02,"Johnson&Johnson, Moderna, Oxford/AstraZeneca, Pfizer/BioNTech",6930953,6795489,13726442
2022-02-03,"Johnson&Johnson, Moderna, Pfizer/BioNTech",6932325,6799967,13732292
2022-02-04,"Johnson&Johnson, Moderna, Pfizer/BioNTech",6933926,6805082,13739008
2022-02-05,"Johnson&Johnson, Moderna, Pfizer/BioNTech",6934099,6805691,13739790
2022-02-06,"Johnson&Johnson, Moderna, Pfizer/BioNTech",6934195,6806010,13740205
2022-02-07,"Johnson&Johnson, Moderna, Pfizer/BioNTech",6934896,6809219,13744115
2022-02-08,"Johnson&Johnson, Moderna, Pfizer/BioNTech",6935691,6812407,13748098
2022-02-09,"Johnson&Johnson, Moderna, Pfizer/BioNTech",6936517,6815778,13752295
2022-02-10,"Johnson&Johnson, Moderna, Pfizer/BioNTech",6937314,6818902,13756216
2022-02-11,"Johnson&Johnson, Moderna, Pfizer/BioNTech",6938268,6822816,13761084
2022-02-12,"Johnson&Johnson, Moderna, Pfizer/BioNTech",6938378,6823235,13761613
2022-02-13,"Johnson&Johnson, Moderna, Pfizer/BioNTech",6938413,6823672,13762085
2022-02-14,"Johnson&Johnson, Moderna, Pfizer/BioNTech",6938870,6825784,13764654
2022-02-15,"Johnson&Johnson, Moderna, Pfizer/BioNTech",6939422,6827990,13767412
2022-02-16,"Johnson&Johnson, Moderna, Pfizer/BioNTech",6940013,6830089,13770102
2022-02-17,"Johnson&Johnson, Moderna, Pfizer/BioNTech",6940608,6832428,13773036
2022-02-18,"Johnson&Johnson, Moderna, Oxford/AstraZeneca, Pfizer/BioNTech",6941249,6835480,13776729
2022-02-19,"Johnson&Johnson, Moderna, Pfizer/BioNTech",6941328,6835761,13777089
2022-02-20,"Johnson&Johnson, Moderna, Pfizer/BioNTech",6941363,6835910,13777273
2022-02-21,"Johnson&Johnson, Moderna, Pfizer/BioNTech",6941726,6837607,13779333
2022-02-22,"Johnson&Johnson, Moderna, Oxford/AstraZeneca, Pfizer/BioNTech",6942118,6839286,13781404
2022-02-23,"Johnson&Johnson, Moderna, Pfizer/BioNTech",6942572,6840928,13783500
2022-02-24,"Johnson&Johnson, Moderna, Pfizer/BioNTech",6942980,6842558,13785538
2022-02-25,"Johnson&Johnson, Moderna, Pfizer/BioNTech",6943563,6844640,13788203
2022-02-26,"Johnson&Johnson, Moderna, Pfizer/BioNTech",6943624,6844801,13788425
2022-02-27,"Johnson&Johnson, Moderna, Pfizer/BioNTech",6943654,6844877,13788531
2022-02-28,"Johnson&Johnson, Moderna, Pfizer/BioNTech",6943901,6845847,13789748
2022-03-01,"Johnson&Johnson, Moderna, Pfizer/BioNTech",6944203,6846631,13790834
2022-03-02,"Johnson&Johnson, Moderna, Novavax, Pfizer/BioNTech",6944572,6847538,13792110
2022-03-03,"Johnson&Johnson, Moderna, Novavax, Pfizer/BioNTech",6944906,6848481,13793387
2022-03-04,"Johnson&Johnson, Moderna, Novavax, Pfizer/BioNTech",6945532,6849702,13795234
2022-03-05,"Johnson&Johnson, Moderna, Novavax, Pfizer/BioNTech",6945612,6849793,13795405
2022-03-06,"Moderna, Novavax, Pfizer/BioNTech",6945623,6849811,13795434
2022-03-07,"Johnson&Johnson, Moderna, Novavax, Pfizer/BioNTech",6945958,6850368,13796326
2022-03-08,"Johnson&Johnson, Moderna, Novavax, Pfizer/BioNTech",6946293,6850910,13797203
2022-03-09,"Johnson&Johnson, Moderna, Novavax, Pfizer/BioNTech",6946680,6851497,13798177
2022-03-10,"Johnson&Johnson, Moderna, Novavax, Pfizer/BioNTech",6947091,6852168,13799259
2022-03-11,"Johnson&Johnson, Moderna, Novavax, Pfizer/BioNTech",6947830,6853076,13800906
2022-03-12,"Johnson&Johnson, Moderna, Novavax, Pfizer/BioNTech",6947898,6853181,13801079
2022-03-13,"Johnson&Johnson, Moderna, Novavax, Pfizer/BioNTech",6947911,6853199,13801110
2022-03-14,"Johnson&Johnson, Moderna, Novavax, Pfizer/BioNTech",6948176,6853578,13801754
2022-03-15,"Johnson&Johnson, Moderna, Novavax, Pfizer/BioNTech",6948456,6854014,13802470
2022-03-16,"Johnson&Johnson, Moderna, Novavax, Pfizer/BioNTech",6948771,6854556,13803327
2022-03-17,"Johnson&Johnson, Moderna, Novavax, Oxford/AstraZeneca, Pfizer/BioNTech",6949064,6854987,13804051
2022-03-18,"Johnson&Johnson, Moderna, Novavax, Pfizer/BioNTech",6949754,6855779,13805533
2022-03-19,"Moderna, Novavax, Pfizer/BioNTech",6949810,6855824,13805634
2022-03-20,"Moderna, Novavax, Pfizer/BioNTech",6949827,6855836,13805663
2022-03-21,"Johnson&Johnson, Moderna, Novavax, Pfizer/BioNTech",6950012,6856163,13806175
2022-03-22,"Johnson&Johnson, Moderna, Novavax, Pfizer/BioNTech",6950250,6856559,13806809
2022-03-23,"Johnson&Johnson, Moderna, Novavax, Pfizer/BioNTech",6950583,6856994,13807577
2022-03-24,"Johnson&Johnson, Moderna, Novavax, Pfizer/BioNTech",6950891,6857466,13808357
2022-03-25,"Johnson&Johnson, Moderna, Novavax, Pfizer/BioNTech",6951369,6858266,13809635
2022-03-26,"Johnson&Johnson, Moderna, Novavax, Pfizer/BioNTech",6951421,6858343,13809764
2022-03-27,"Moderna, Novavax, Pfizer/BioNTech",6951437,6858359,13809796
2022-03-28,"Johnson&Johnson, Moderna, Novavax, Pfizer/BioNTech",6951590,6858737,13810327
2022-03-29,"Johnson&Johnson, Moderna, Novavax, Pfizer/BioNTech",6951853,6859142,13810995
2022-03-30,"Johnson&Johnson, Moderna, Novavax, Pfizer/BioNTech",6952156,6859633,13811789
2022-03-31,"Johnson&Johnson, Moderna, Novavax, Pfizer/BioNTech",6952451,6860124,13812575
2022-04-01,"Johnson&Johnson, Moderna, Novavax, Pfizer/BioNTech",6953020,6860880,13813900
2022-04-02,"Moderna, Novavax, Pfizer/BioNTech",6953073,6860964,13814037
2022-04-03,"Moderna, Novavax, Pfizer/BioNTech",6953085,6860993,13814078
2022-04-04,"Johnson&Johnson, Moderna, Novavax, Pfizer/BioNTech",6953253,6861271,13814524
2022-04-05,"Johnson&Johnson, Moderna, Novavax, Pfizer/BioNTech",6953442,6861506,13814948
2022-04-06,"Johnson&Johnson, Moderna, Novavax, Pfizer/BioNTech",6953664,6861851,13815515
2022-04-07,"Johnson&Johnson, Moderna, Novavax, Pfizer/BioNTech",6953886,6862266,13816152
2022-04-08,"Johnson&Johnson, Moderna, Novavax, Pfizer/BioNTech",6954331,6862984,13817315
2022-04-09,"Johnson&Johnson, Moderna, Novavax, Pfizer/BioNTech",6954389,6863056,13817445
2022-04-10,"Moderna, Novavax, Pfizer/BioNTech",6954401,6863065,13817466
2022-04-11,"Johnson&Johnson, Moderna, Novavax, Pfizer/BioNTech",6954558,6863295,13817853
2022-04-12,"Johnson&Johnson, Moderna, Novavax, Pfizer/BioNTech",6954796,6863591,13818387
2022-04-13,"Johnson&Johnson, Moderna, Novavax, Pfizer/BioNTech",6955031,6863934,13818965
2022-04-14,"Johnson&Johnson, Moderna, Novavax, Pfizer/BioNTech",6955298,6864315,13819613
2022-04-15,"Moderna, Novavax, Pfizer/BioNTech",6955316,6864331,13819647
2022-04-16,"Moderna, Novavax, Pfizer/BioNTech",6955334,6864363,13819697
2022-04-17,"Moderna, Novavax, Pfizer/BioNTech",6955335,6864364,13819699
2022-04-18,"Moderna, Novavax, Pfizer/BioNTech",6955337,6864380,13819717
2022-04-19,"Johnson&Johnson, Moderna, Novavax, Pfizer/BioNTech",6955469,6864715,13820184
2022-04-20,"Johnson&Johnson, Moderna, Novavax, Pfizer/BioNTech",6955688,6865099,13820787
2022-04-21,"Johnson&Johnson, Moderna, Novavax, Pfizer/BioNTech",6955900,6865510,13821410
2022-04-22,"Johnson&Johnson, Moderna, Novavax, Pfizer/BioNTech",6956339,6866299,13822638
