date,vaccine,people_vaccinated,people_fully_vaccinated,total_vaccinations
2020-12-27,Pfizer/BioNTech,1286,0,1286
2020-12-28,Pfizer/BioNTech,3589,0,3589
2020-12-29,Pfizer/BioNTech,7060,1,7061
2020-12-30,Pfizer/BioNTech,10576,1,10577
2020-12-31,Pfizer/BioNTech,11889,1,11890
2021-01-01,"Moderna, Pfizer/BioNTech",12160,1,12161
2021-01-02,"Moderna, Pfizer/BioNTech",13446,2,13448
2021-01-03,"Moderna, Pfizer/BioNTech",14373,2,14375
2021-01-04,"Moderna, Pfizer/BioNTech",17983,2,17985
2021-01-05,"Moderna, Pfizer/BioNTech",22508,3,22511
2021-01-06,"Moderna, Pfizer/BioNTech",28354,4,28358
2021-01-07,"Moderna, Pfizer/BioNTech",36353,4,36357
2021-01-08,"Moderna, Pfizer/BioNTech",46406,5,46411
2021-01-09,"Moderna, Pfizer/BioNTech",48432,7,48439
2021-01-10,Pfizer/BioNTech,50204,9,50213
2021-01-11,"Moderna, Pfizer/BioNTech",60061,11,60072
2021-01-12,"Moderna, Pfizer/BioNTech",73516,13,73529
2021-01-13,"Moderna, Pfizer/BioNTech",87062,14,87076
2021-01-14,"Moderna, Pfizer/BioNTech",102313,18,102331
2021-01-15,"Moderna, Pfizer/BioNTech",116333,19,116352
2021-01-16,"Moderna, Pfizer/BioNTech",119737,23,119760
2021-01-17,"Moderna, Pfizer/BioNTech",122358,659,123017
2021-01-18,"Moderna, Pfizer/BioNTech",134850,2485,137335
2021-01-19,"Moderna, Pfizer/BioNTech",147459,5214,152673
2021-01-20,"Moderna, Pfizer/BioNTech",161156,7879,169035
2021-01-21,"Moderna, Pfizer/BioNTech",176809,9622,186431
2021-01-22,"Moderna, Pfizer/BioNTech",191701,10667,202368
2021-01-23,"Moderna, Pfizer/BioNTech",195019,11547,206566
2021-01-24,"Moderna, Pfizer/BioNTech",197275,12418,209693
2021-01-25,"Moderna, Pfizer/BioNTech",206930,15388,222318
2021-01-26,"Moderna, Pfizer/BioNTech",217478,19379,236857
2021-01-27,"Moderna, Pfizer/BioNTech",226510,23914,250424
2021-01-28,"Moderna, Pfizer/BioNTech",233616,30048,263664
2021-01-29,"Moderna, Pfizer/BioNTech",239832,37957,277789
2021-01-30,"Moderna, Pfizer/BioNTech",240573,39045,279618
2021-01-31,"Moderna, Pfizer/BioNTech",241292,40227,281519
2021-02-01,"Moderna, Pfizer/BioNTech",245275,48197,293472
2021-02-02,"Moderna, Pfizer/BioNTech",249430,58437,307867
2021-02-03,"Moderna, Pfizer/BioNTech",253857,69457,323314
2021-02-04,"Moderna, Pfizer/BioNTech",258764,82448,341212
2021-02-05,"Moderna, Pfizer/BioNTech",264238,93122,357360
2021-02-06,"Moderna, Oxford/AstraZeneca, Pfizer/BioNTech",265095,95488,360583
2021-02-07,"Moderna, Oxford/AstraZeneca, Pfizer/BioNTech",265946,97988,363934
2021-02-08,"Moderna, Oxford/AstraZeneca, Pfizer/BioNTech",270039,109416,379455
2021-02-09,"Moderna, Oxford/AstraZeneca, Pfizer/BioNTech",275151,121327,396478
2021-02-10,"Moderna, Oxford/AstraZeneca, Pfizer/BioNTech",280670,134587,415257
2021-02-11,"Moderna, Oxford/AstraZeneca, Pfizer/BioNTech",287012,150807,437819
2021-02-12,"Moderna, Oxford/AstraZeneca, Pfizer/BioNTech",293840,165557,459397
2021-02-13,"Moderna, Oxford/AstraZeneca, Pfizer/BioNTech",295458,168544,464002
2021-02-14,"Moderna, Oxford/AstraZeneca, Pfizer/BioNTech",296464,169931,466395
2021-02-15,"Moderna, Oxford/AstraZeneca, Pfizer/BioNTech",302864,179302,482166
2021-02-16,"Moderna, Oxford/AstraZeneca, Pfizer/BioNTech",311585,188383,499968
2021-02-17,"Moderna, Oxford/AstraZeneca, Pfizer/BioNTech",321287,196695,517982
2021-02-18,"Moderna, Oxford/AstraZeneca, Pfizer/BioNTech",333617,204778,538395
2021-02-19,"Moderna, Oxford/AstraZeneca, Pfizer/BioNTech",345484,212155,557639
2021-02-20,"Moderna, Oxford/AstraZeneca, Pfizer/BioNTech",347494,213341,560835
2021-02-21,"Moderna, Oxford/AstraZeneca, Pfizer/BioNTech",348631,214367,562998
2021-02-22,"Moderna, Oxford/AstraZeneca, Pfizer/BioNTech",358755,220404,579159
2021-02-23,"Moderna, Oxford/AstraZeneca, Pfizer/BioNTech",371720,227396,599116
2021-02-24,"Moderna, Oxford/AstraZeneca, Pfizer/BioNTech",385604,233438,619042
2021-02-25,"Moderna, Oxford/AstraZeneca, Pfizer/BioNTech",403588,238989,642577
2021-02-26,"Moderna, Oxford/AstraZeneca, Pfizer/BioNTech",419768,244349,664117
2021-02-27,"Moderna, Oxford/AstraZeneca, Pfizer/BioNTech",422777,244908,667685
2021-02-28,"Moderna, Oxford/AstraZeneca, Pfizer/BioNTech",425135,245459,670594
2021-03-01,"Moderna, Oxford/AstraZeneca, Pfizer/BioNTech",444735,248908,693643
2021-03-02,"Moderna, Oxford/AstraZeneca, Pfizer/BioNTech",471964,252462,724426
2021-03-03,"Moderna, Oxford/AstraZeneca, Pfizer/BioNTech",502920,256974,759894
2021-03-04,"Moderna, Oxford/AstraZeneca, Pfizer/BioNTech",536205,261665,797870
2021-03-05,"Johnson&Johnson, Moderna, Oxford/AstraZeneca, Pfizer/BioNTech",565052,267094,832146
2021-03-06,"Johnson&Johnson, Moderna, Oxford/AstraZeneca, Pfizer/BioNTech",577212,267960,845172
2021-03-07,"Johnson&Johnson, Moderna, Oxford/AstraZeneca, Pfizer/BioNTech",588762,268803,857565
2021-03-08,"Johnson&Johnson, Moderna, Oxford/AstraZeneca, Pfizer/BioNTech",618512,273666,892178
2021-03-09,"Johnson&Johnson, Moderna, Oxford/AstraZeneca, Pfizer/BioNTech",654885,280054,934939
2021-03-10,"Johnson&Johnson, Moderna, Oxford/AstraZeneca, Pfizer/BioNTech",696218,287014,983232
2021-03-11,"Johnson&Johnson, Moderna, Oxford/AstraZeneca, Pfizer/BioNTech",741076,295389,1036465
2021-03-12,"Johnson&Johnson, Moderna, Oxford/AstraZeneca, Pfizer/BioNTech, Čína",779838,303890,1083728
2021-03-13,"Johnson&Johnson, Moderna, Oxford/AstraZeneca, Pfizer/BioNTech",796950,305206,1102156
2021-03-14,"Johnson&Johnson, Moderna, Oxford/AstraZeneca, Pfizer/BioNTech",809069,306363,1115432
2021-03-15,"Johnson&Johnson, Moderna, Oxford/AstraZeneca, Pfizer/BioNTech",837465,315143,1152608
2021-03-16,"Johnson&Johnson, Moderna, Oxford/AstraZeneca, Pfizer/BioNTech",876363,325680,1202043
2021-03-17,"Moderna, Oxford/AstraZeneca, Pfizer/BioNTech",913850,336195,1250045
2021-03-18,"Johnson&Johnson, Moderna, Oxford/AstraZeneca, Pfizer/BioNTech",951858,348621,1300479
2021-03-19,"Johnson&Johnson, Moderna, Oxford/AstraZeneca, Pfizer/BioNTech",986378,362235,1348613
2021-03-20,"Johnson&Johnson, Moderna, Oxford/AstraZeneca, Pfizer/BioNTech",1001562,364265,1365827
2021-03-21,"Johnson&Johnson, Moderna, Oxford/AstraZeneca, Pfizer/BioNTech",1009010,365825,1374835
2021-03-22,"Johnson&Johnson, Moderna, Oxford/AstraZeneca, Pfizer/BioNTech",1033586,378326,1411912
2021-03-23,"Johnson&Johnson, Moderna, Oxford/AstraZeneca, Pfizer/BioNTech",1060263,391693,1451956
2021-03-24,"Johnson&Johnson, Moderna, Oxford/AstraZeneca, Pfizer/BioNTech",1087160,407439,1494599
2021-03-25,"Johnson&Johnson, Moderna, Oxford/AstraZeneca, Pfizer/BioNTech",1113520,425294,1538814
2021-03-26,"Johnson&Johnson, Moderna, Oxford/AstraZeneca, Pfizer/BioNTech",1138362,442807,1581169
2021-03-27,"Johnson&Johnson, Moderna, Oxford/AstraZeneca, Pfizer/BioNTech, Čína",1146825,447653,1594478
2021-03-28,"Moderna, Oxford/AstraZeneca, Pfizer/BioNTech",1152374,451801,1604175
2021-03-29,"Johnson&Johnson, Moderna, Oxford/AstraZeneca, Pfizer/BioNTech",1171535,472537,1644072
2021-03-30,"Johnson&Johnson, Moderna, Oxford/AstraZeneca, Pfizer/BioNTech",1196244,494725,1690969
2021-03-31,"Johnson&Johnson, Moderna, Oxford/AstraZeneca, Pfizer/BioNTech",1219403,521794,1741197
2021-04-01,"Johnson&Johnson, Moderna, Oxford/AstraZeneca, Pfizer/BioNTech",1245093,553852,1798945
2021-04-02,"Johnson&Johnson, Moderna, Oxford/AstraZeneca, Pfizer/BioNTech",1252077,566648,1818725
2021-04-03,"Johnson&Johnson, Moderna, Oxford/AstraZeneca, Pfizer/BioNTech",1255732,577581,1833313
2021-04-04,"Johnson&Johnson, Moderna, Oxford/AstraZeneca, Pfizer/BioNTech",1258278,586507,1844785
2021-04-05,"Johnson&Johnson, Moderna, Oxford/AstraZeneca, Pfizer/BioNTech",1260711,593712,1854423
2021-04-06,"Johnson&Johnson, Moderna, Oxford/AstraZeneca, Pfizer/BioNTech, Čína",1276930,622988,1899918
2021-04-07,"Johnson&Johnson, Moderna, Oxford/AstraZeneca, Pfizer/BioNTech",1300434,645227,1945661
2021-04-08,"Johnson&Johnson, Moderna, Oxford/AstraZeneca, Pfizer/BioNTech",1339254,676275,2015529
2021-04-09,"Johnson&Johnson, Moderna, Oxford/AstraZeneca, Pfizer/BioNTech",1378851,706476,2085327
2021-04-10,"Johnson&Johnson, Moderna, Oxford/AstraZeneca, Pfizer/BioNTech",1394420,721790,2116210
2021-04-11,"Johnson&Johnson, Moderna, Oxford/AstraZeneca, Pfizer/BioNTech",1404215,731847,2136062
2021-04-12,"Johnson&Johnson, Moderna, Oxford/AstraZeneca, Pfizer/BioNTech",1442538,756993,2199531
2021-04-13,"Moderna, Oxford/AstraZeneca, Pfizer/BioNTech",1478846,783036,2261882
2021-04-14,"Moderna, Oxford/AstraZeneca, Pfizer/BioNTech",1517736,810416,2328152
2021-04-15,"Moderna, Oxford/AstraZeneca, Pfizer/BioNTech",1565572,836198,2401770
2021-04-16,"Moderna, Oxford/AstraZeneca, Pfizer/BioNTech",1610294,861880,2472174
2021-04-17,"Indie/AstraZeneca, Moderna, Oxford/AstraZeneca, Pfizer/BioNTech",1627022,870906,2497928
2021-04-18,"Moderna, Oxford/AstraZeneca, Pfizer/BioNTech",1640023,875892,2515915
2021-04-19,"Johnson&Johnson, Moderna, Oxford/AstraZeneca, Pfizer/BioNTech",1683999,891334,2575333
2021-04-20,"Johnson&Johnson, Moderna, Oxford/AstraZeneca, Pfizer/BioNTech",1726590,907224,2633814
2021-04-21,"Moderna, Oxford/AstraZeneca, Pfizer/BioNTech",1774356,921595,2695951
2021-04-22,"Johnson&Johnson, Moderna, Oxford/AstraZeneca, Pfizer/BioNTech",1828888,938994,2767882
2021-04-23,"Johnson&Johnson, Moderna, Oxford/AstraZeneca, Pfizer/BioNTech",1878902,951061,2829963
2021-04-24,"Johnson&Johnson, Moderna, Oxford/AstraZeneca, Pfizer/BioNTech, Čína",1896779,956331,2853110
2021-04-25,"Johnson&Johnson, Moderna, Oxford/AstraZeneca, Pfizer/BioNTech",1911492,960336,2871828
2021-04-26,"Johnson&Johnson, Moderna, Oxford/AstraZeneca, Pfizer/BioNTech",1961107,967906,2929013
2021-04-27,"Johnson&Johnson, Moderna, Oxford/AstraZeneca, Pfizer/BioNTech",2010097,980161,2990258
2021-04-28,"Johnson&Johnson, Moderna, Oxford/AstraZeneca, Pfizer/BioNTech",2068879,994184,3063063
2021-04-29,"Johnson&Johnson, Moderna, Oxford/AstraZeneca, Pfizer/BioNTech",2134500,1010106,3144606
2021-04-30,"Johnson&Johnson, Moderna, Oxford/AstraZeneca, Pfizer/BioNTech",2196793,1020102,3216895
2021-05-01,"Johnson&Johnson, Moderna, Oxford/AstraZeneca, Pfizer/BioNTech",2216188,1023568,3239756
2021-05-02,"Johnson&Johnson, Moderna, Oxford/AstraZeneca, Pfizer/BioNTech",2235140,1025859,3260999
2021-05-03,"Johnson&Johnson, Moderna, Oxford/AstraZeneca, Pfizer/BioNTech",2302417,1030943,3333360
2021-05-04,"Johnson&Johnson, Moderna, Oxford/AstraZeneca, Pfizer/BioNTech",2368978,1039318,3408296
2021-05-05,"Johnson&Johnson, Moderna, Oxford/AstraZeneca, Pfizer/BioNTech",2442191,1048766,3490957
2021-05-06,"Johnson&Johnson, Moderna, Oxford/AstraZeneca, Pfizer/BioNTech",2522632,1059519,3582151
2021-05-07,"Johnson&Johnson, Moderna, Oxford/AstraZeneca, Pfizer/BioNTech",2599971,1069665,3669636
2021-05-08,"Johnson&Johnson, Moderna, Oxford/AstraZeneca, Pfizer/BioNTech",2629516,1071459,3700975
2021-05-09,"Johnson&Johnson, Moderna, Oxford/AstraZeneca, Pfizer/BioNTech",2653760,1072683,3726443
2021-05-10,"Johnson&Johnson, Moderna, Oxford/AstraZeneca, Pfizer/BioNTech",2726561,1079930,3806491
2021-05-11,"Johnson&Johnson, Moderna, Oxford/AstraZeneca, Pfizer/BioNTech",2802714,1088766,3891480
2021-05-12,"Johnson&Johnson, Moderna, Oxford/AstraZeneca, Pfizer/BioNTech",2882660,1097913,3980573
2021-05-13,"Johnson&Johnson, Moderna, Oxford/AstraZeneca, Pfizer/BioNTech",2966716,1107105,4073821
2021-05-14,"Johnson&Johnson, Moderna, Oxford/AstraZeneca, Pfizer/BioNTech",3046274,1114933,4161207
2021-05-15,"Johnson&Johnson, Moderna, Oxford/AstraZeneca, Pfizer/BioNTech",3078242,1117220,4195462
2021-05-16,"Johnson&Johnson, Moderna, Oxford/AstraZeneca, Pfizer/BioNTech",3104058,1118507,4222565
2021-05-17,"Indie/AstraZeneca, Johnson&Johnson, Moderna, Oxford/AstraZeneca, Pfizer/BioNTech",3176601,1125267,4301868
2021-05-18,"Indie/AstraZeneca, Johnson&Johnson, Moderna, Oxford/AstraZeneca, Pfizer/BioNTech",3248596,1138394,4386990
2021-05-19,"Johnson&Johnson, Moderna, Oxford/AstraZeneca, Pfizer/BioNTech",3326097,1153570,4479667
2021-05-20,"Johnson&Johnson, Moderna, Oxford/AstraZeneca, Pfizer/BioNTech",3401598,1180642,4582240
2021-05-21,"Johnson&Johnson, Moderna, Oxford/AstraZeneca, Pfizer/BioNTech",3470460,1208454,4678914
2021-05-22,"Johnson&Johnson, Moderna, Oxford/AstraZeneca, Pfizer/BioNTech",3502935,1219699,4722634
2021-05-23,"Johnson&Johnson, Moderna, Oxford/AstraZeneca, Pfizer/BioNTech",3525386,1228741,4754127
2021-05-24,"Johnson&Johnson, Moderna, Oxford/AstraZeneca, Pfizer/BioNTech",3572607,1262423,4835030
2021-05-25,"Indie/AstraZeneca, Johnson&Johnson, Moderna, Oxford/AstraZeneca, Pfizer/BioNTech",3624534,1298270,4922804
2021-05-26,"Johnson&Johnson, Moderna, Oxford/AstraZeneca, Pfizer/BioNTech",3692306,1335835,5028141
2021-05-27,"Indie/AstraZeneca, Johnson&Johnson, Moderna, Oxford/AstraZeneca, Pfizer/BioNTech",3753747,1383202,5136949
2021-05-28,"Johnson&Johnson, Moderna, Oxford/AstraZeneca, Pfizer/BioNTech",3815499,1429820,5245319
2021-05-29,"Indie/AstraZeneca, Johnson&Johnson, Moderna, Oxford/AstraZeneca, Pfizer/BioNTech",3844776,1446969,5291745
2021-05-30,"Johnson&Johnson, Moderna, Oxford/AstraZeneca, Pfizer/BioNTech, Čína",3867198,1461442,5328640
2021-05-31,"Indie/AstraZeneca, Johnson&Johnson, Moderna, Oxford/AstraZeneca, Pfizer/BioNTech",3922948,1508982,5431930
2021-06-01,"Johnson&Johnson, Moderna, Oxford/AstraZeneca, Pfizer/BioNTech",3982073,1557877,5539950
2021-06-02,"Johnson&Johnson, Moderna, Oxford/AstraZeneca, Pfizer/BioNTech",4045059,1611914,5656973
2021-06-03,"Johnson&Johnson, Moderna, Oxford/AstraZeneca, Pfizer/BioNTech",4103325,1672164,5775489
2021-06-04,"Johnson&Johnson, Moderna, Oxford/AstraZeneca, Pfizer/BioNTech",4166475,1729600,5896075
2021-06-05,"Johnson&Johnson, Moderna, Oxford/AstraZeneca, Pfizer/BioNTech",4200670,1748535,5949205
2021-06-06,"Johnson&Johnson, Moderna, Oxford/AstraZeneca, Pfizer/BioNTech",4227633,1763715,5991348
2021-06-07,"Johnson&Johnson, Moderna, Oxford/AstraZeneca, Pfizer/BioNTech",4291335,1819370,6110705
2021-06-08,"Indie/AstraZeneca, Johnson&Johnson, Moderna, Oxford/AstraZeneca, Pfizer/BioNTech",4355355,1874398,6229753
2021-06-09,"Indie/AstraZeneca, Johnson&Johnson, Moderna, Oxford/AstraZeneca, Pfizer/BioNTech",4414582,1939100,6353682
2021-06-10,"Johnson&Johnson, Moderna, Oxford/AstraZeneca, Pfizer/BioNTech",4468450,2010429,6478879
2021-06-11,"Johnson&Johnson, Moderna, Oxford/AstraZeneca, Pfizer/BioNTech",4520583,2080290,6600873
2021-06-12,"Johnson&Johnson, Moderna, Oxford/AstraZeneca, Pfizer/BioNTech",4552618,2101155,6653773
2021-06-13,"Johnson&Johnson, Moderna, Oxford/AstraZeneca, Pfizer/BioNTech",4576663,2119602,6696265
2021-06-14,"Johnson&Johnson, Moderna, Oxford/AstraZeneca, Pfizer/BioNTech, Čína",4619767,2194020,6813787
2021-06-15,"Johnson&Johnson, Moderna, Oxford/AstraZeneca, Pfizer/BioNTech",4664460,2266438,6930898
2021-06-16,"Johnson&Johnson, Moderna, Oxford/AstraZeneca, Pfizer/BioNTech",4707293,2344696,7051989
2021-06-17,"Johnson&Johnson, Moderna, Oxford/AstraZeneca, Pfizer/BioNTech",4746735,2427824,7174559
2021-06-18,"Johnson&Johnson, Moderna, Oxford/AstraZeneca, Pfizer/BioNTech",4789189,2508435,7297624
2021-06-19,"Johnson&Johnson, Moderna, Oxford/AstraZeneca, Pfizer/BioNTech, Čína",4810993,2537790,7348783
2021-06-20,"Johnson&Johnson, Moderna, Oxford/AstraZeneca, Pfizer/BioNTech, Čína",4828412,2561678,7390090
2021-06-21,"Johnson&Johnson, Moderna, Oxford/AstraZeneca, Pfizer/BioNTech, Čína",4860929,2640318,7501247
2021-06-22,"Johnson&Johnson, Moderna, Oxford/AstraZeneca, Pfizer/BioNTech",4893915,2722669,7616584
2021-06-23,"Johnson&Johnson, Moderna, Oxford/AstraZeneca, Pfizer/BioNTech",4925647,2807942,7733589
2021-06-24,"Johnson&Johnson, Moderna, Oxford/AstraZeneca, Pfizer/BioNTech",4955528,2898031,7853559
2021-06-25,"Johnson&Johnson, Moderna, Oxford/AstraZeneca, Pfizer/BioNTech",4986629,2984297,7970926
2021-06-26,"Johnson&Johnson, Moderna, Oxford/AstraZeneca, Pfizer/BioNTech",5002537,3019197,8021734
2021-06-27,"Johnson&Johnson, Moderna, Oxford/AstraZeneca, Pfizer/BioNTech",5016501,3045926,8062427
2021-06-28,"Johnson&Johnson, Moderna, Oxford/AstraZeneca, Pfizer/BioNTech",5044932,3131170,8176102
2021-06-29,"Johnson&Johnson, Moderna, Oxford/AstraZeneca, Pfizer/BioNTech",5074231,3217747,8291978
2021-06-30,"Johnson&Johnson, Moderna, Oxford/AstraZeneca, Pfizer/BioNTech",5101747,3308821,8410568
2021-07-01,"Johnson&Johnson, Moderna, Oxford/AstraZeneca, Pfizer/BioNTech",5125766,3398949,8524715
2021-07-02,"Johnson&Johnson, Moderna, Oxford/AstraZeneca, Pfizer/BioNTech",5152523,3484910,8637433
2021-07-03,"Johnson&Johnson, Moderna, Oxford/AstraZeneca, Pfizer/BioNTech",5159638,3516489,8676127
2021-07-04,"Johnson&Johnson, Moderna, Oxford/AstraZeneca, Pfizer/BioNTech",5167238,3538321,8705559
2021-07-05,"Johnson&Johnson, Moderna, Oxford/AstraZeneca, Pfizer/BioNTech",5174669,3563743,8738412
2021-07-06,"Johnson&Johnson, Moderna, Oxford/AstraZeneca, Pfizer/BioNTech, Čína",5180165,3591493,8771658
2021-07-07,"Johnson&Johnson, Moderna, Oxford/AstraZeneca, Pfizer/BioNTech",5206016,3670511,8876527
2021-07-08,"Johnson&Johnson, Moderna, Oxford/AstraZeneca, Pfizer/BioNTech",5232643,3740886,8973529
2021-07-09,"Johnson&Johnson, Moderna, Oxford/AstraZeneca, Pfizer/BioNTech",5260612,3810242,9070854
2021-07-10,"Indie/AstraZeneca, Johnson&Johnson, Moderna, Oxford/AstraZeneca, Pfizer/BioNTech",5270003,3838924,9108927
2021-07-11,"Johnson&Johnson, Moderna, Oxford/AstraZeneca, Pfizer/BioNTech",5278566,3861820,9140386
2021-07-12,"Johnson&Johnson, Moderna, Oxford/AstraZeneca, Pfizer/BioNTech, Čína",5306134,3930919,9237053
2021-07-13,"Johnson&Johnson, Moderna, Oxford/AstraZeneca, Pfizer/BioNTech",5332358,4000833,9333191
2021-07-14,"Johnson&Johnson, Moderna, Oxford/AstraZeneca, Pfizer/BioNTech",5358215,4072859,9431074
2021-07-15,"Indie/AstraZeneca, Johnson&Johnson, Moderna, Oxford/AstraZeneca, Pfizer/BioNTech",5387414,4138903,9526317
2021-07-16,"Johnson&Johnson, Moderna, Oxford/AstraZeneca, Pfizer/BioNTech",5415366,4211669,9627035
2021-07-17,"Johnson&Johnson, Moderna, Oxford/AstraZeneca, Pfizer/BioNTech, Čína",5424180,4243159,9667339
2021-07-18,"Johnson&Johnson, Moderna, Oxford/AstraZeneca, Pfizer/BioNTech, Čína",5432631,4269182,9701813
2021-07-19,"Johnson&Johnson, Moderna, Oxford/AstraZeneca, Pfizer/BioNTech",5456008,4336225,9792233
2021-07-20,"Johnson&Johnson, Moderna, Oxford/AstraZeneca, Pfizer/BioNTech",5477441,4403313,9880754
2021-07-21,"Indie/AstraZeneca, Johnson&Johnson, Moderna, Oxford/AstraZeneca, Pfizer/BioNTech",5500912,4466802,9967714
2021-07-22,"Johnson&Johnson, Moderna, Oxford/AstraZeneca, Pfizer/BioNTech",5523300,4525472,10048772
2021-07-23,"Johnson&Johnson, Moderna, Oxford/AstraZeneca, Pfizer/BioNTech",5546555,4580263,10126818
2021-07-24,"Johnson&Johnson, Moderna, Oxford/AstraZeneca, Pfizer/BioNTech",5553923,4607955,10161878
2021-07-25,"Johnson&Johnson, Moderna, Oxford/AstraZeneca, Pfizer/BioNTech",5560578,4630102,10190680
2021-07-26,"Johnson&Johnson, Moderna, Oxford/AstraZeneca, Pfizer/BioNTech",5584147,4678815,10262962
2021-07-27,"Johnson&Johnson, Moderna, Oxford/AstraZeneca, Pfizer/BioNTech, Čína",5606913,4725500,10332413
2021-07-28,"Johnson&Johnson, Moderna, Oxford/AstraZeneca, Pfizer/BioNTech",5628211,4771552,10399763
2021-07-29,"Johnson&Johnson, Moderna, Oxford/AstraZeneca, Pfizer/BioNTech",5649566,4813559,10463125
2021-07-30,"Johnson&Johnson, Moderna, Oxford/AstraZeneca, Pfizer/BioNTech",5672863,4856169,10529032
2021-07-31,"Johnson&Johnson, Moderna, Oxford/AstraZeneca, Pfizer/BioNTech",5681832,4875733,10557565
2021-08-01,"Johnson&Johnson, Moderna, Oxford/AstraZeneca, Pfizer/BioNTech",5688572,4891921,10580493
2021-08-02,"Johnson&Johnson, Moderna, Oxford/AstraZeneca, Pfizer/BioNTech",5707230,4929515,10636745
2021-08-03,"Johnson&Johnson, Moderna, Oxford/AstraZeneca, Pfizer/BioNTech",5724905,4967670,10692575
2021-08-04,"Johnson&Johnson, Moderna, Oxford/AstraZeneca, Pfizer/BioNTech",5741047,5004476,10745523
2021-08-05,"Johnson&Johnson, Moderna, Oxford/AstraZeneca, Pfizer/BioNTech",5757111,5045004,10802115
2021-08-06,"Johnson&Johnson, Moderna, Oxford/AstraZeneca, Pfizer/BioNTech",5773944,5088353,10862297
2021-08-07,"Johnson&Johnson, Moderna, Oxford/AstraZeneca, Pfizer/BioNTech",5779563,5106551,10886114
2021-08-08,"Johnson&Johnson, Moderna, Oxford/AstraZeneca, Pfizer/BioNTech",5783940,5122329,10906269
2021-08-09,"Indie/AstraZeneca, Johnson&Johnson, Moderna, Oxford/AstraZeneca, Pfizer/BioNTech",5796589,5167424,10964013
2021-08-10,"Johnson&Johnson, Moderna, Oxford/AstraZeneca, Pfizer/BioNTech",5808450,5207033,11015483
2021-08-11,"Indie/AstraZeneca, Johnson&Johnson, Moderna, Oxford/AstraZeneca, Pfizer/BioNTech",5819834,5250202,11070036
2021-08-12,"Johnson&Johnson, Moderna, Oxford/AstraZeneca, Pfizer/BioNTech",5831267,5287372,11118639
2021-08-13,"Johnson&Johnson, Moderna, Oxford/AstraZeneca, Pfizer/BioNTech",5842015,5327749,11169764
2021-08-14,"Johnson&Johnson, Moderna, Oxford/AstraZeneca, Pfizer/BioNTech",5845367,5338480,11183847
2021-08-15,"Johnson&Johnson, Moderna, Oxford/AstraZeneca, Pfizer/BioNTech",5847963,5348879,11196842
2021-08-16,"Johnson&Johnson, Moderna, Oxford/AstraZeneca, Pfizer/BioNTech",5857765,5382986,11240751
2021-08-17,"Johnson&Johnson, Moderna, Oxford/AstraZeneca, Pfizer/BioNTech",5867369,5410120,11277489
2021-08-18,"Johnson&Johnson, Moderna, Oxford/AstraZeneca, Pfizer/BioNTech",5876749,5449058,11325807
2021-08-19,"Johnson&Johnson, Moderna, Oxford/AstraZeneca, Pfizer/BioNTech",5886436,5487435,11373871
2021-08-20,"Johnson&Johnson, Moderna, Oxford/AstraZeneca, Pfizer/BioNTech",5897840,5527653,11425493
2021-08-21,"Indie/AstraZeneca, Johnson&Johnson, Moderna, Oxford/AstraZeneca, Pfizer/BioNTech",5900574,5540444,11441018
2021-08-22,"Johnson&Johnson, Moderna, Oxford/AstraZeneca, Pfizer/BioNTech",5902920,5552428,11455348
2021-08-23,"Indie/AstraZeneca, Johnson&Johnson, Moderna, Oxford/AstraZeneca, Pfizer/BioNTech",5913461,5591731,11505192
2021-08-24,"Johnson&Johnson, Moderna, Oxford/AstraZeneca, Pfizer/BioNTech",5923348,5625000,11548348
2021-08-25,"Indie/AstraZeneca, Johnson&Johnson, Moderna, Oxford/AstraZeneca, Pfizer/BioNTech",5932228,5653401,11585629
2021-08-26,"Johnson&Johnson, Moderna, Oxford/AstraZeneca, Pfizer/BioNTech",5940687,5679556,11620243
2021-08-27,"Johnson&Johnson, Moderna, Oxford/AstraZeneca, Pfizer/BioNTech",5951020,5705564,11656584
2021-08-28,"Johnson&Johnson, Moderna, Oxford/AstraZeneca, Pfizer/BioNTech",5953766,5712650,11666416
2021-08-29,"Johnson&Johnson, Moderna, Oxford/AstraZeneca, Pfizer/BioNTech",5956185,5719284,11675469
2021-08-30,"Johnson&Johnson, Moderna, Oxford/AstraZeneca, Pfizer/BioNTech",5964715,5741184,11705899
2021-08-31,"Indie/AstraZeneca, Johnson&Johnson, Moderna, Oxford/AstraZeneca, Pfizer/BioNTech",5972407,5759318,11731725
2021-09-01,"Johnson&Johnson, Moderna, Oxford/AstraZeneca, Pfizer/BioNTech",5978326,5773349,11751675
2021-09-02,"Johnson&Johnson, Moderna, Oxford/AstraZeneca, Pfizer/BioNTech",5985174,5787759,11772933
2021-09-03,"Johnson&Johnson, Moderna, Oxford/AstraZeneca, Pfizer/BioNTech",5994740,5803512,11798252
2021-09-04,"Johnson&Johnson, Moderna, Oxford/AstraZeneca, Pfizer/BioNTech",5996820,5807085,11803905
2021-09-05,"Johnson&Johnson, Moderna, Oxford/AstraZeneca, Pfizer/BioNTech",5998869,5809938,11808807
2021-09-06,"Indie/AstraZeneca, Johnson&Johnson, Moderna, Oxford/AstraZeneca, Pfizer/BioNTech",6005112,5822495,11827607
2021-09-07,"Johnson&Johnson, Moderna, Oxford/AstraZeneca, Pfizer/BioNTech",6009508,5833599,11843107
2021-09-08,"Johnson&Johnson, Moderna, Oxford/AstraZeneca, Pfizer/BioNTech",6015190,5843476,11858666
2021-09-09,"Johnson&Johnson, Moderna, Oxford/AstraZeneca, Pfizer/BioNTech",6021896,5853560,11875456
2021-09-10,"Johnson&Johnson, Moderna, Oxford/AstraZeneca, Pfizer/BioNTech",6029603,5865759,11895362
2021-09-11,"Johnson&Johnson, Moderna, Oxford/AstraZeneca, Pfizer/BioNTech",6031481,5868263,11899744
2021-09-12,"Johnson&Johnson, Moderna, Oxford/AstraZeneca, Pfizer/BioNTech",6032601,5869901,11902502
2021-09-13,"Johnson&Johnson, Moderna, Oxford/AstraZeneca, Pfizer/BioNTech",6038047,5880222,11918269
2021-09-14,"Johnson&Johnson, Moderna, Oxford/AstraZeneca, Pfizer/BioNTech",6043455,5889248,11932703
2021-09-15,"Johnson&Johnson, Moderna, Oxford/AstraZeneca, Pfizer/BioNTech",6048672,5897786,11946458
2021-09-16,"Johnson&Johnson, Moderna, Oxford/AstraZeneca, Pfizer/BioNTech",6054045,5906068,11960113
2021-09-17,"Johnson&Johnson, Moderna, Oxford/AstraZeneca, Pfizer/BioNTech",6060622,5916315,11976937
2021-09-18,"Johnson&Johnson, Moderna, Oxford/AstraZeneca, Pfizer/BioNTech",6062355,5918684,11981039
2021-09-19,"Johnson&Johnson, Moderna, Oxford/AstraZeneca, Pfizer/BioNTech",6063303,5920258,11983561
2021-09-20,"Johnson&Johnson, Moderna, Oxford/AstraZeneca, Pfizer/BioNTech",6067336,5928463,11995799
2021-09-21,"Johnson&Johnson, Moderna, Oxford/AstraZeneca, Pfizer/BioNTech",6071583,5936005,12007588
2021-09-22,"Johnson&Johnson, Moderna, Oxford/AstraZeneca, Pfizer/BioNTech",6075781,5941539,12017320
2021-09-23,"Johnson&Johnson, Moderna, Oxford/AstraZeneca, Pfizer/BioNTech",6080744,5947963,12028707
2021-09-24,"Johnson&Johnson, Moderna, Oxford/AstraZeneca, Pfizer/BioNTech",6086509,5957587,12044096
2021-09-25,"Johnson&Johnson, Moderna, Oxford/AstraZeneca, Pfizer/BioNTech",6088012,5959591,12047603
2021-09-26,"Johnson&Johnson, Moderna, Oxford/AstraZeneca, Pfizer/BioNTech",6088760,5961236,12049996
2021-09-27,"Johnson&Johnson, Moderna, Oxford/AstraZeneca, Pfizer/BioNTech",6092650,5967757,12060407
2021-09-28,"Johnson&Johnson, Moderna, Oxford/AstraZeneca, Pfizer/BioNTech",6093029,5968398,12061427
2021-09-29,"Johnson&Johnson, Moderna, Oxford/AstraZeneca, Pfizer/BioNTech",6096808,5975863,12072671
2021-09-30,"Johnson&Johnson, Moderna, Oxford/AstraZeneca, Pfizer/BioNTech",6101332,5983580,12084912
2021-10-01,"Johnson&Johnson, Moderna, Oxford/AstraZeneca, Pfizer/BioNTech, Čína",6105650,5991573,12097223
2021-10-02,"Johnson&Johnson, Moderna, Oxford/AstraZeneca, Pfizer/BioNTech",6106716,5993122,12099838
2021-10-03,"Johnson&Johnson, Moderna, Oxford/AstraZeneca, Pfizer/BioNTech",6107441,5993997,12101438
2021-10-04,"Johnson&Johnson, Moderna, Oxford/AstraZeneca, Pfizer/BioNTech",6110523,5999579,12110102
2021-10-05,"Johnson&Johnson, Moderna, Oxford/AstraZeneca, Pfizer/BioNTech",6113687,6004669,12118356
2021-10-06,"Johnson&Johnson, Moderna, Oxford/AstraZeneca, Pfizer/BioNTech",6117212,6009851,12127063
2021-10-07,"Johnson&Johnson, Moderna, Oxford/AstraZeneca, Pfizer/BioNTech",6120498,6015115,12135613
2021-10-08,"Johnson&Johnson, Moderna, Oxford/AstraZeneca, Pfizer/BioNTech",6125297,6021766,12147063
2021-10-09,"Indie/AstraZeneca, Johnson&Johnson, Moderna, Oxford/AstraZeneca, Pfizer/BioNTech",6126542,6023437,12149979
2021-10-10,"Johnson&Johnson, Moderna, Oxford/AstraZeneca, Pfizer/BioNTech",6127490,6024275,12151765
2021-10-11,"Johnson&Johnson, Moderna, Oxford/AstraZeneca, Pfizer/BioNTech",6130420,6028702,12159122
2021-10-12,"Johnson&Johnson, Moderna, Oxford/AstraZeneca, Pfizer/BioNTech",6133363,6032707,12166070
2021-10-13,"Johnson&Johnson, Moderna, Oxford/AstraZeneca, Pfizer/BioNTech",6136899,6036905,12173804
2021-10-14,"Johnson&Johnson, Moderna, Oxford/AstraZeneca, Pfizer/BioNTech",6140574,6041858,12182432
2021-10-15,"Johnson&Johnson, Moderna, Oxford/AstraZeneca, Pfizer/BioNTech",6145809,6048011,12193820
2021-10-16,"Johnson&Johnson, Moderna, Oxford/AstraZeneca, Pfizer/BioNTech",6147226,6049544,12196770
2021-10-17,"Johnson&Johnson, Moderna, Pfizer/BioNTech, Čína",6148552,6050603,12199155
2021-10-18,"Johnson&Johnson, Moderna, Oxford/AstraZeneca, Pfizer/BioNTech",6152666,6054713,12207379
2021-10-19,"Johnson&Johnson, Moderna, Oxford/AstraZeneca, Pfizer/BioNTech",6156248,6056820,12213068
2021-10-20,"Johnson&Johnson, Moderna, Oxford/AstraZeneca, Pfizer/BioNTech",6161140,6061285,12222425
2021-10-21,"Johnson&Johnson, Moderna, Oxford/AstraZeneca, Pfizer/BioNTech",6168912,6066898,12235810
2021-10-22,"Johnson&Johnson, Moderna, Oxford/AstraZeneca, Pfizer/BioNTech",6179372,6073403,12252775
2021-10-23,"Johnson&Johnson, Moderna, Oxford/AstraZeneca, Pfizer/BioNTech",6183055,6075616,12258671
2021-10-24,"Johnson&Johnson, Moderna, Oxford/AstraZeneca, Pfizer/BioNTech",6185742,6077395,12263137
2021-10-25,"Johnson&Johnson, Moderna, Oxford/AstraZeneca, Pfizer/BioNTech",6196255,6083217,12279472
2021-10-26,"Johnson&Johnson, Moderna, Oxford/AstraZeneca, Pfizer/BioNTech",6208251,6089770,12298021
2021-10-27,"Johnson&Johnson, Moderna, Oxford/AstraZeneca, Pfizer/BioNTech, Čína",6222863,6097189,12320052
2021-10-28,"Johnson&Johnson, Moderna, Oxford/AstraZeneca, Pfizer/BioNTech",6226296,6098878,12325174
2021-10-29,"Johnson&Johnson, Moderna, Oxford/AstraZeneca, Pfizer/BioNTech",6240740,6106868,12347608
2021-10-30,"Johnson&Johnson, Moderna, Oxford/AstraZeneca, Pfizer/BioNTech",6245271,6109800,12355071
2021-10-31,"Johnson&Johnson, Moderna, Oxford/AstraZeneca, Pfizer/BioNTech",6249033,6112276,12361309
2021-11-01,"Johnson&Johnson, Moderna, Oxford/AstraZeneca, Pfizer/BioNTech",6264231,6119957,12384188
2021-11-02,"Johnson&Johnson, Moderna, Oxford/AstraZeneca, Pfizer/BioNTech",6279683,6127518,12407201
2021-11-03,"Johnson&Johnson, Moderna, Oxford/AstraZeneca, Pfizer/BioNTech",6296868,6134811,12431679
2021-11-04,"Johnson&Johnson, Moderna, Oxford/AstraZeneca, Pfizer/BioNTech",6315216,6142992,12458208
2021-11-05,"Johnson&Johnson, Moderna, Oxford/AstraZeneca, Pfizer/BioNTech",6338020,6154284,12492304
2021-11-06,"Johnson&Johnson, Moderna, Oxford/AstraZeneca, Pfizer/BioNTech",6344538,6157344,12501882
2021-11-07,"Johnson&Johnson, Moderna, Oxford/AstraZeneca, Pfizer/BioNTech",6348565,6159781,12508346
2021-11-08,"Johnson&Johnson, Moderna, Oxford/AstraZeneca, Pfizer/BioNTech",6364831,6167411,12532242
2021-11-09,"Johnson&Johnson, Moderna, Oxford/AstraZeneca, Pfizer/BioNTech",6379644,6174712,12554356
2021-11-10,"Johnson&Johnson, Moderna, Oxford/AstraZeneca, Pfizer/BioNTech",6395383,6182100,12577483
2021-11-11,"Johnson&Johnson, Moderna, Oxford/AstraZeneca, Pfizer/BioNTech, Čína",6410860,6191211,12602071
2021-11-12,"Johnson&Johnson, Moderna, Oxford/AstraZeneca, Pfizer/BioNTech",6430663,6204011,12634674
2021-11-13,"Johnson&Johnson, Moderna, Oxford/AstraZeneca, Pfizer/BioNTech",6436060,6207891,12643951
2021-11-14,"Johnson&Johnson, Moderna, Oxford/AstraZeneca, Pfizer/BioNTech",6439959,6210901,12650860
2021-11-15,"Johnson&Johnson, Moderna, Oxford/AstraZeneca, Pfizer/BioNTech",6455048,6221610,12676658
2021-11-16,"Johnson&Johnson, Moderna, Oxford/AstraZeneca, Pfizer/BioNTech",6472579,6233590,12706169
2021-11-17,"Johnson&Johnson, Moderna, Oxford/AstraZeneca, Pfizer/BioNTech",6476823,6237160,12713983
2021-11-18,"Johnson&Johnson, Moderna, Oxford/AstraZeneca, Pfizer/BioNTech",6496238,6248853,12745091
2021-11-19,"Johnson&Johnson, Moderna, Oxford/AstraZeneca, Pfizer/BioNTech",6520848,6265832,12786680
2021-11-20,"Johnson&Johnson, Moderna, Oxford/AstraZeneca, Pfizer/BioNTech",6529425,6270819,12800244
2021-11-21,"Johnson&Johnson, Moderna, Oxford/AstraZeneca, Pfizer/BioNTech",6536193,6274595,12810788
2021-11-22,"Johnson&Johnson, Moderna, Oxford/AstraZeneca, Pfizer/BioNTech",6554702,6288709,12843411
2021-11-23,"Johnson&Johnson, Moderna, Oxford/AstraZeneca, Pfizer/BioNTech",6573771,6301978,12875749
2021-11-24,"Johnson&Johnson, Moderna, Oxford/AstraZeneca, Pfizer/BioNTech",6592785,6317831,12910616
2021-11-25,"Johnson&Johnson, Moderna, Oxford/AstraZeneca, Pfizer/BioNTech",6611929,6332878,12944807
2021-11-26,"Johnson&Johnson, Moderna, Oxford/AstraZeneca, Pfizer/BioNTech",6633587,6352021,12985608
2021-11-27,"Johnson&Johnson, Moderna, Oxford/AstraZeneca, Pfizer/BioNTech",6641059,6357578,12998637
2021-11-28,"Johnson&Johnson, Moderna, Oxford/AstraZeneca, Pfizer/BioNTech",6644392,6360718,13005110
2021-11-29,"Johnson&Johnson, Moderna, Oxford/AstraZeneca, Pfizer/BioNTech",6659601,6374382,13033983
2021-11-30,"Johnson&Johnson, Moderna, Oxford/AstraZeneca, Pfizer/BioNTech",6672803,6385614,13058417
2021-12-01,"Johnson&Johnson, Moderna, Oxford/AstraZeneca, Pfizer/BioNTech",6686842,6398075,13084917
2021-12-02,"Johnson&Johnson, Moderna, Oxford/AstraZeneca, Pfizer/BioNTech",6697485,6410571,13108056
2021-12-03,"Johnson&Johnson, Moderna, Oxford/AstraZeneca, Pfizer/BioNTech",6707125,6426151,13133276
2021-12-04,"Johnson&Johnson, Moderna, Pfizer/BioNTech",6709682,6430109,13139791
2021-12-05,"Johnson&Johnson, Moderna, Oxford/AstraZeneca, Pfizer/BioNTech",6711043,6432454,13143497
2021-12-06,"Johnson&Johnson, Moderna, Oxford/AstraZeneca, Pfizer/BioNTech",6719192,6443983,13163175
2021-12-07,"Johnson&Johnson, Moderna, Oxford/AstraZeneca, Pfizer/BioNTech",6727082,6455996,13183078
2021-12-08,"Johnson&Johnson, Moderna, Oxford/AstraZeneca, Pfizer/BioNTech",6735328,6461925,13197253
2021-12-09,"Johnson&Johnson, Moderna, Oxford/AstraZeneca, Pfizer/BioNTech",6742449,6474749,13217198
2021-12-10,"Johnson&Johnson, Moderna, Oxford/AstraZeneca, Pfizer/BioNTech",6749379,6492556,13241935
2021-12-11,"Johnson&Johnson, Moderna, Oxford/AstraZeneca, Pfizer/BioNTech",6751034,6497823,13248857
2021-12-12,"Johnson&Johnson, Moderna, Oxford/AstraZeneca, Pfizer/BioNTech",6752345,6502260,13254605
2021-12-13,"Johnson&Johnson, Moderna, Oxford/AstraZeneca, Pfizer/BioNTech",6758701,6515572,13274273
2021-12-14,"Johnson&Johnson, Moderna, Oxford/AstraZeneca, Pfizer/BioNTech",6764912,6529244,13294156
2021-12-15,"Johnson&Johnson, Moderna, Oxford/AstraZeneca, Pfizer/BioNTech",6771119,6542843,13313962
2021-12-16,"Johnson&Johnson, Moderna, Oxford/AstraZeneca, Pfizer/BioNTech",6778062,6557678,13335740
2021-12-17,"Johnson&Johnson, Moderna, Oxford/AstraZeneca, Pfizer/BioNTech",6786428,6574948,13361376
2021-12-18,"Johnson&Johnson, Moderna, Oxford/AstraZeneca, Pfizer/BioNTech",6789039,6580404,13369443
2021-12-19,"Johnson&Johnson, Moderna, Pfizer/BioNTech",6790811,6582908,13373719
2021-12-20,"Johnson&Johnson, Moderna, Oxford/AstraZeneca, Pfizer/BioNTech",6796662,6596971,13393633
2021-12-21,"Johnson&Johnson, Moderna, Oxford/AstraZeneca, Pfizer/BioNTech",6803325,6608975,13412300
2021-12-22,"Johnson&Johnson, Moderna, Oxford/AstraZeneca, Pfizer/BioNTech",6808372,6622035,13430407
2021-12-23,"Johnson&Johnson, Moderna, Oxford/AstraZeneca, Pfizer/BioNTech",6811246,6627639,13438885
2021-12-24,"Johnson&Johnson, Moderna, Oxford/AstraZeneca, Pfizer/BioNTech",6811292,6627743,13439035
2021-12-25,"Moderna, Pfizer/BioNTech",6811294,6627751,13439045
2021-12-26,"Moderna, Pfizer/BioNTech",6811396,6627954,13439350
2021-12-27,"Johnson&Johnson, Moderna, Pfizer/BioNTech",6815263,6637700,13452963
2021-12-28,"Johnson&Johnson, Moderna, Oxford/AstraZeneca, Pfizer/BioNTech",6820503,6645698,13466201
2021-12-29,"Johnson&Johnson, Moderna, Oxford/AstraZeneca, Pfizer/BioNTech",6824785,6653419,13478204
2021-12-30,"Johnson&Johnson, Moderna, Pfizer/BioNTech",6829086,6658853,13487939
2021-12-31,"Johnson&Johnson, Moderna, Pfizer/BioNTech",6829597,6660278,13489875
2022-01-01,"Moderna, Pfizer/BioNTech",6829603,6660296,13489899
2022-01-02,"Johnson&Johnson, Moderna, Pfizer/BioNTech",6830459,6661673,13492132
2022-01-03,"Johnson&Johnson, Moderna, Oxford/AstraZeneca, Pfizer/BioNTech",6834595,6670582,13505177
2022-01-04,"Johnson&Johnson, Moderna, Oxford/AstraZeneca, Pfizer/BioNTech",6839679,6678339,13518018
2022-01-05,"Johnson&Johnson, Moderna, Oxford/AstraZeneca, Pfizer/BioNTech",6845501,6686313,13531814
2022-01-06,"Johnson&Johnson, Moderna, Oxford/AstraZeneca, Pfizer/BioNTech",6852087,6694714,13546801
2022-01-07,"Johnson&Johnson, Moderna, Oxford/AstraZeneca, Pfizer/BioNTech",6859963,6705070,13565033
2022-01-08,"Johnson&Johnson, Moderna, Oxford/AstraZeneca, Pfizer/BioNTech",6862442,6707848,13570290
2022-01-09,"Johnson&Johnson, Moderna, Pfizer/BioNTech",6863525,6709543,13573068
2022-01-10,"Johnson&Johnson, Moderna, Oxford/AstraZeneca, Pfizer/BioNTech",6868032,6715736,13583768
2022-01-11,"Johnson&Johnson, Moderna, Oxford/AstraZeneca, Pfizer/BioNTech",6873481,6722492,13595973
2022-01-12,"Johnson&Johnson, Moderna, Oxford/AstraZeneca, Pfizer/BioNTech",6879438,6728134,13607572
2022-01-13,"Johnson&Johnson, Moderna, Oxford/AstraZeneca, Pfizer/BioNTech",6885327,6732910,13618237
2022-01-14,"Johnson&Johnson, Moderna, Oxford/AstraZeneca, Pfizer/BioNTech",6891629,6736541,13628170
2022-01-15,"Johnson&Johnson, Moderna, Oxford/AstraZeneca, Pfizer/BioNTech",6892905,6737197,13630102
2022-01-16,"Johnson&Johnson, Moderna, Oxford/AstraZeneca, Pfizer/BioNTech",6893595,6737634,13631229
2022-01-17,"Johnson&Johnson, Moderna, Oxford/AstraZeneca, Pfizer/BioNTech",6897150,6741590,13638740
2022-01-18,"Johnson&Johnson, Moderna, Oxford/AstraZeneca, Pfizer/BioNTech",6900999,6746541,13647540
2022-01-19,"Johnson&Johnson, Moderna, Oxford/AstraZeneca, Pfizer/BioNTech",6905067,6750473,13655540
2022-01-20,"Johnson&Johnson, Moderna, Oxford/AstraZeneca, Pfizer/BioNTech",6908662,6754928,13663590
2022-01-21,"Johnson&Johnson, Moderna, Oxford/AstraZeneca, Pfizer/BioNTech",6912660,6757456,13670116
2022-01-22,"Johnson&Johnson, Moderna, Pfizer/BioNTech",6913439,6757897,13671336
2022-01-23,"Johnson&Johnson, Moderna, Pfizer/BioNTech",6914000,6758531,13672531
2022-01-24,"Johnson&Johnson, Moderna, Oxford/AstraZeneca, Pfizer/BioNTech",6916272,6761966,13678238
2022-01-25,"Johnson&Johnson, Moderna, Oxford/AstraZeneca, Pfizer/BioNTech",6918630,6765960,13684590
2022-01-26,"Johnson&Johnson, Moderna, Oxford/AstraZeneca, Pfizer/BioNTech",6921015,6770528,13691543
2022-01-27,"Johnson&Johnson, Moderna, Oxford/AstraZeneca, Pfizer/BioNTech",6923337,6775340,13698677
2022-01-28,"Johnson&Johnson, Moderna, Oxford/AstraZeneca, Pfizer/BioNTech",6926254,6781503,13707757
2022-01-29,"Johnson&Johnson, Moderna, Oxford/AstraZeneca, Pfizer/BioNTech",6926856,6783154,13710010
2022-01-30,"Johnson&Johnson, Moderna, Pfizer/BioNTech",6927083,6783936,13711019
2022-01-31,"Johnson&Johnson, Moderna, Pfizer/BioNTech",6928624,6787863,13716487
2022-02-01,"Johnson&Johnson, Moderna, Pfizer/BioNTech",6930219,6791895,13722114
2022-02-02,"Johnson&Johnson, Moderna, Oxford/AstraZeneca, Pfizer/BioNTech",6931785,6796405,13728190
2022-02-03,"Johnson&Johnson, Moderna, Pfizer/BioNTech",6933165,6800890,13734055
2022-02-04,"Johnson&Johnson, Moderna, Pfizer/BioNTech",6934766,6806005,13740771
2022-02-05,"Johnson&Johnson, Moderna, Pfizer/BioNTech",6934939,6806615,13741554
2022-02-06,"Johnson&Johnson, Moderna, Pfizer/BioNTech",6935035,6806934,13741969
2022-02-07,"Johnson&Johnson, Moderna, Pfizer/BioNTech",6935738,6810143,13745881
2022-02-08,"Johnson&Johnson, Moderna, Pfizer/BioNTech",6936533,6813332,13749865
2022-02-09,"Johnson&Johnson, Moderna, Pfizer/BioNTech",6937355,6816705,13754060
2022-02-10,"Johnson&Johnson, Moderna, Pfizer/BioNTech",6938157,6819832,13757989
2022-02-11,"Johnson&Johnson, Moderna, Pfizer/BioNTech",6939111,6823747,13762858
2022-02-12,"Johnson&Johnson, Moderna, Pfizer/BioNTech",6939221,6824166,13763387
2022-02-13,"Johnson&Johnson, Moderna, Pfizer/BioNTech",6939258,6824604,13763862
2022-02-14,"Johnson&Johnson, Moderna, Pfizer/BioNTech",6939716,6826716,13766432
2022-02-15,"Johnson&Johnson, Moderna, Pfizer/BioNTech",6940269,6828926,13769195
2022-02-16,"Johnson&Johnson, Moderna, Pfizer/BioNTech",6940860,6831025,13771885
2022-02-17,"Johnson&Johnson, Moderna, Pfizer/BioNTech",6941455,6833367,13774822
2022-02-18,"Johnson&Johnson, Moderna, Oxford/AstraZeneca, Pfizer/BioNTech",6942097,6836420,13778517
2022-02-19,"Johnson&Johnson, Moderna, Pfizer/BioNTech",6942176,6836701,13778877
2022-02-20,"Johnson&Johnson, Moderna, Oxford/AstraZeneca, Pfizer/BioNTech",6942214,6836850,13779064
2022-02-21,"Johnson&Johnson, Moderna, Pfizer/BioNTech",6942578,6838549,13781127
2022-02-22,"Johnson&Johnson, Moderna, Oxford/AstraZeneca, Pfizer/BioNTech",6942971,6840247,13783218
2022-02-23,"Johnson&Johnson, Moderna, Pfizer/BioNTech",6943427,6841890,13785317
2022-02-24,"Johnson&Johnson, Moderna, Pfizer/BioNTech",6943835,6843521,13787356
2022-02-25,"Johnson&Johnson, Moderna, Pfizer/BioNTech",6944418,6845605,13790023
2022-02-26,"Johnson&Johnson, Moderna, Pfizer/BioNTech",6944479,6845766,13790245
2022-02-27,"Johnson&Johnson, Moderna, Pfizer/BioNTech",6944509,6845842,13790351
2022-02-28,"Johnson&Johnson, Moderna, Pfizer/BioNTech",6944755,6846818,13791573
2022-03-01,"Johnson&Johnson, Moderna, Pfizer/BioNTech",6945062,6847602,13792664
2022-03-02,"Johnson&Johnson, Moderna, Novavax, Pfizer/BioNTech",6945435,6848510,13793945
2022-03-03,"Johnson&Johnson, Moderna, Novavax, Pfizer/BioNTech",6945772,6849453,13795225
2022-03-04,"Johnson&Johnson, Moderna, Novavax, Pfizer/BioNTech",6946402,6850674,13797076
2022-03-05,"Johnson&Johnson, Moderna, Novavax, Pfizer/BioNTech",6946483,6850767,13797250
2022-03-06,"Moderna, Novavax, Pfizer/BioNTech",6946496,6850785,13797281
2022-03-07,"Johnson&Johnson, Moderna, Novavax, Pfizer/BioNTech",6946831,6851343,13798174
2022-03-08,"Johnson&Johnson, Moderna, Novavax, Pfizer/BioNTech",6947166,6851885,13799051
2022-03-09,"Johnson&Johnson, Moderna, Novavax, Pfizer/BioNTech",6947555,6852474,13800029
2022-03-10,"Johnson&Johnson, Moderna, Novavax, Pfizer/BioNTech",6947967,6853145,13801112
2022-03-11,"Johnson&Johnson, Moderna, Novavax, Pfizer/BioNTech",6948716,6854055,13802771
2022-03-12,"Johnson&Johnson, Moderna, Novavax, Pfizer/BioNTech",6948787,6854160,13802947
2022-03-13,"Johnson&Johnson, Moderna, Novavax, Pfizer/BioNTech",6948800,6854179,13802979
2022-03-14,"Johnson&Johnson, Moderna, Novavax, Pfizer/BioNTech",6949067,6854561,13803628
2022-03-15,"Johnson&Johnson, Moderna, Novavax, Pfizer/BioNTech",6949351,6854997,13804348
2022-03-16,"Johnson&Johnson, Moderna, Novavax, Pfizer/BioNTech",6949670,6855540,13805210
2022-03-17,"Johnson&Johnson, Moderna, Novavax, Oxford/AstraZeneca, Pfizer/BioNTech",6949966,6855973,13805939
2022-03-18,"Johnson&Johnson, Moderna, Novavax, Pfizer/BioNTech",6950664,6856768,13807432
2022-03-19,"Moderna, Novavax, Pfizer/BioNTech",6950720,6856813,13807533
2022-03-20,"Moderna, Novavax, Pfizer/BioNTech",6950738,6856825,13807563
2022-03-21,"Johnson&Johnson, Moderna, Novavax, Pfizer/BioNTech",6950926,6857152,13808078
2022-03-22,"Johnson&Johnson, Moderna, Novavax, Pfizer/BioNTech",6951167,6857550,13808717
2022-03-23,"Johnson&Johnson, Moderna, Novavax, Pfizer/BioNTech",6951504,6857988,13809492
2022-03-24,"Johnson&Johnson, Moderna, Novavax, Pfizer/BioNTech",6951815,6858461,13810276
2022-03-25,"Johnson&Johnson, Moderna, Novavax, Pfizer/BioNTech",6952309,6859266,13811575
2022-03-26,"Johnson&Johnson, Moderna, Novavax, Pfizer/BioNTech",6952361,6859344,13811705
2022-03-27,"Moderna, Novavax, Pfizer/BioNTech",6952377,6859361,13811738
2022-03-28,"Johnson&Johnson, Moderna, Novavax, Pfizer/BioNTech",6952532,6859739,13812271
2022-03-29,"Johnson&Johnson, Moderna, Novavax, Pfizer/BioNTech",6952794,6860145,13812939
2022-03-30,"Johnson&Johnson, Moderna, Novavax, Pfizer/BioNTech",6953099,6860638,13813737
2022-03-31,"Johnson&Johnson, Moderna, Novavax, Pfizer/BioNTech",6953397,6861130,13814527
2022-04-01,"Johnson&Johnson, Moderna, Novavax, Pfizer/BioNTech",6954008,6861891,13815899
2022-04-02,"Moderna, Novavax, Pfizer/BioNTech",6954065,6861976,13816041
2022-04-03,"Moderna, Novavax, Pfizer/BioNTech",6954078,6862005,13816083
2022-04-04,"Johnson&Johnson, Moderna, Novavax, Pfizer/BioNTech",6954255,6862287,13816542
2022-04-05,"Johnson&Johnson, Moderna, Novavax, Pfizer/BioNTech",6954446,6862523,13816969
2022-04-06,"Johnson&Johnson, Moderna, Novavax, Pfizer/BioNTech",6954663,6862869,13817532
2022-04-07,"Johnson&Johnson, Moderna, Novavax, Pfizer/BioNTech",6954885,6863287,13818172
2022-04-08,"Johnson&Johnson, Moderna, Novavax, Pfizer/BioNTech",6955339,6864010,13819349
2022-04-09,"Johnson&Johnson, Moderna, Novavax, Pfizer/BioNTech",6955398,6864082,13819480
2022-04-10,"Moderna, Novavax, Pfizer/BioNTech",6955411,6864091,13819502
2022-04-11,"Johnson&Johnson, Moderna, Novavax, Pfizer/BioNTech",6955573,6864322,13819895
2022-04-12,"Johnson&Johnson, Moderna, Novavax, Pfizer/BioNTech",6955820,6864620,13820440
2022-04-13,"Johnson&Johnson, Moderna, Novavax, Pfizer/BioNTech",6956061,6864974,13821035
2022-04-14,"Johnson&Johnson, Moderna, Novavax, Pfizer/BioNTech",6956323,6865359,13821682
2022-04-15,"Moderna, Novavax, Pfizer/BioNTech",6956339,6865390,13821729
2022-04-16,"Johnson&Johnson, Moderna, Novavax, Pfizer/BioNTech",6956359,6865424,13821783
2022-04-17,"Moderna, Novavax, Pfizer/BioNTech",6956360,6865425,13821785
2022-04-18,"Moderna, Novavax, Pfizer/BioNTech",6956374,6865442,13821816
2022-04-19,"Johnson&Johnson, Moderna, Novavax, Pfizer/BioNTech",6956513,6865780,13822293
2022-04-20,"Johnson&Johnson, Moderna, Novavax, Pfizer/BioNTech",6956736,6866170,13822906
2022-04-21,"Johnson&Johnson, Moderna, Novavax, Pfizer/BioNTech",6956953,6866594,13823547
2022-04-22,"Johnson&Johnson, Moderna, Novavax, Pfizer/BioNTech",6957418,6867421,13824839
2022-04-23,"Moderna, Novavax, Pfizer/BioNTech",6957449,6867500,13824949
2022-04-24,"Moderna, Novavax, Pfizer/BioNTech",6957454,6867511,13824965
2022-04-25,"Johnson&Johnson, Moderna, Novavax, Pfizer/BioNTech",6957610,6867719,13825329
2022-04-26,"Johnson&Johnson, Moderna, Novavax, Pfizer/BioNTech",6957750,6867983,13825733
2022-04-27,"Johnson&Johnson, Moderna, Novavax, Pfizer/BioNTech",6958017,6868313,13826330
2022-04-28,"Johnson&Johnson, Moderna, Novavax, Pfizer/BioNTech",6958212,6868601,13826813
2022-04-29,"Johnson&Johnson, Moderna, Novavax, Pfizer/BioNTech",6958647,6869190,13827837
2022-04-30,"Moderna, Novavax, Pfizer/BioNTech",6958687,6869257,13827944
2022-05-01,"Moderna, Novavax, Oxford/AstraZeneca, Pfizer/BioNTech",6958692,6869267,13827959
2022-05-02,"Johnson&Johnson, Moderna, Novavax, Pfizer/BioNTech",6958822,6869449,13828271
2022-05-03,"Johnson&Johnson, Moderna, Novavax, Pfizer/BioNTech",6958979,6869705,13828684
2022-05-04,"Johnson&Johnson, Moderna, Novavax, Pfizer/BioNTech",6959184,6869980,13829164
2022-05-05,"Johnson&Johnson, Moderna, Novavax, Pfizer/BioNTech",6959391,6870270,13829661
2022-05-06,"Johnson&Johnson, Moderna, Novavax, Pfizer/BioNTech",6959766,6870612,13830378
2022-05-07,"Moderna, Novavax, Pfizer/BioNTech",6959793,6870638,13830431
2022-05-08,"Moderna, Pfizer/BioNTech",6959794,6870646,13830440
2022-05-09,"Johnson&Johnson, Moderna, Novavax, Pfizer/BioNTech",6959902,6870736,13830638
2022-05-10,"Johnson&Johnson, Moderna, Novavax, Pfizer/BioNTech",6960056,6870973,13831029
2022-05-11,"Johnson&Johnson, Moderna, Novavax, Oxford/AstraZeneca, Pfizer/BioNTech",6960276,6871240,13831516
2022-05-12,"Johnson&Johnson, Moderna, Novavax, Pfizer/BioNTech",6960475,6871517,13831992
2022-05-13,"Johnson&Johnson, Moderna, Novavax, Pfizer/BioNTech",6960821,6872014,13832835
2022-05-14,"Johnson&Johnson, Moderna, Novavax, Pfizer/BioNTech",6960862,6872054,13832916
2022-05-15,"Johnson&Johnson, Moderna, Novavax, Pfizer/BioNTech",6960875,6872065,13832940
2022-05-16,"Johnson&Johnson, Moderna, Novavax, Pfizer/BioNTech",6960983,6872185,13833168
2022-05-17,"Johnson&Johnson, Moderna, Novavax, Pfizer/BioNTech",6961124,6872340,13833464
2022-05-18,"Johnson&Johnson, Moderna, Novavax, Pfizer/BioNTech",6961352,6872671,13834023
2022-05-19,"Johnson&Johnson, Moderna, Novavax, Pfizer/BioNTech",6961544,6872922,13834466
2022-05-20,"Johnson&Johnson, Moderna, Novavax, Pfizer/BioNTech",6961844,6873473,13835317
2022-05-21,"Johnson&Johnson, Moderna, Novavax, Pfizer/BioNTech",6961883,6873502,13835385
2022-05-22,"Moderna, Pfizer/BioNTech",6961891,6873508,13835399
2022-05-23,"Johnson&Johnson, Moderna, Novavax, Pfizer/BioNTech",6962012,6873663,13835675
2022-05-24,"Johnson&Johnson, Moderna, Novavax, Pfizer/BioNTech",6962144,6873836,13835980
2022-05-25,"Johnson&Johnson, Moderna, Novavax, Oxford/AstraZeneca, Pfizer/BioNTech",6962317,6874085,13836402
2022-05-26,"Johnson&Johnson, Moderna, Novavax, Pfizer/BioNTech",6962470,6874310,13836780
2022-05-27,"Johnson&Johnson, Moderna, Novavax, Pfizer/BioNTech",6962735,6874777,13837512
2022-05-28,"Moderna, Novavax, Pfizer/BioNTech",6962772,6874826,13837598
2022-05-29,"Moderna, Novavax, Pfizer/BioNTech",6962781,6874830,13837611
2022-05-30,"Johnson&Johnson, Moderna, Novavax, Pfizer/BioNTech",6962860,6874986,13837846
2022-05-31,"Johnson&Johnson, Moderna, Novavax, Pfizer/BioNTech",6963005,6875182,13838187
2022-06-01,"Johnson&Johnson, Moderna, Novavax, Pfizer/BioNTech",6963129,6875412,13838541
2022-06-02,"Moderna, Novavax, Pfizer/BioNTech",6963256,6875642,13838898
2022-06-03,"Johnson&Johnson, Moderna, Novavax, Pfizer/BioNTech",6963510,6876100,13839610
2022-06-04,"Johnson&Johnson, Moderna, Novavax, Pfizer/BioNTech",6963543,6876140,13839683
2022-06-05,"Moderna, Novavax, Pfizer/BioNTech",6963550,6876146,13839696
2022-06-06,"Johnson&Johnson, Moderna, Novavax, Pfizer/BioNTech",6963633,6876287,13839920
2022-06-07,"Johnson&Johnson, Moderna, Novavax, Pfizer/BioNTech",6963720,6876439,13840159
2022-06-08,"Johnson&Johnson, Moderna, Novavax, Pfizer/BioNTech",6963853,6876686,13840539
2022-06-09,"Johnson&Johnson, Moderna, Novavax, Pfizer/BioNTech",6963947,6876886,13840833
2022-06-10,"Johnson&Johnson, Moderna, Novavax, Pfizer/BioNTech",6964125,6877217,13841342
2022-06-11,"Moderna, Novavax, Pfizer/BioNTech",6964139,6877256,13841395
2022-06-12,"Moderna, Novavax, Pfizer/BioNTech",6964145,6877279,13841424
2022-06-13,"Johnson&Johnson, Moderna, Novavax, Oxford/AstraZeneca, Pfizer/BioNTech",6964193,6877402,13841595
2022-06-14,"Johnson&Johnson, Moderna, Novavax, Pfizer/BioNTech",6964271,6877546,13841817
2022-06-15,"Johnson&Johnson, Moderna, Novavax, Pfizer/BioNTech",6964347,6877731,13842078
2022-06-16,"Johnson&Johnson, Moderna, Novavax, Pfizer/BioNTech",6964415,6877903,13842318
2022-06-17,"Johnson&Johnson, Moderna, Novavax, Pfizer/BioNTech",6964560,6878177,13842737
2022-06-18,"Moderna, Novavax, Pfizer/BioNTech",6964573,6878216,13842789
