date,vaccine,people_vaccinated,people_fully_vaccinated,total_vaccinations
2020-12-27,Pfizer/BioNTech,1272,0,1272
2020-12-28,Pfizer/BioNTech,3571,0,3571
2020-12-29,Pfizer/BioNTech,7025,0,7025
2020-12-30,Pfizer/BioNTech,10515,0,10515
2020-12-31,Pfizer/BioNTech,11821,0,11821
2021-01-01,"Moderna, Pfizer/BioNTech",12086,0,12086
2021-01-02,Pfizer/BioNTech,13358,0,13358
2021-01-03,Pfizer/BioNTech,14278,0,14278
2021-01-04,"Moderna, Pfizer/BioNTech",17871,0,17871
2021-01-05,"Moderna, Pfizer/BioNTech",22372,0,22372
2021-01-06,Pfizer/BioNTech,28216,0,28216
2021-01-07,"Moderna, Pfizer/BioNTech",36187,0,36187
2021-01-08,Pfizer/BioNTech,46167,0,46167
2021-01-09,"Moderna, Pfizer/BioNTech",48187,0,48187
2021-01-10,Pfizer/BioNTech,49944,2,49946
2021-01-11,Pfizer/BioNTech,59762,4,59766
2021-01-12,Pfizer/BioNTech,73168,6,73174
2021-01-13,Pfizer/BioNTech,86669,6,86675
2021-01-14,"Moderna, Pfizer/BioNTech",101865,8,101873
2021-01-15,"Moderna, Pfizer/BioNTech",115841,8,115849
2021-01-16,"Moderna, Pfizer/BioNTech",119218,10,119228
2021-01-17,"Moderna, Pfizer/BioNTech",121821,651,122472
2021-01-18,"Moderna, Pfizer/BioNTech",134295,2471,136766
2021-01-19,"Moderna, Pfizer/BioNTech",146854,5180,152034
2021-01-20,"Moderna, Pfizer/BioNTech",160494,7823,168317
2021-01-21,"Moderna, Pfizer/BioNTech",176104,9554,185658
2021-01-22,"Moderna, Pfizer/BioNTech",190939,10598,201537
2021-01-23,"Moderna, Pfizer/BioNTech",194238,11468,205706
2021-01-24,"Moderna, Pfizer/BioNTech",196483,12337,208820
2021-01-25,"Moderna, Pfizer/BioNTech",206105,15308,221413
2021-01-26,"Moderna, Pfizer/BioNTech",216633,19276,235909
2021-01-27,"Moderna, Pfizer/BioNTech",225651,23794,249445
2021-01-28,"Moderna, Pfizer/BioNTech",232721,29908,262629
2021-01-29,"Moderna, Pfizer/BioNTech",238918,37784,276702
2021-01-30,"Moderna, Pfizer/BioNTech",239649,38871,278520
2021-01-31,"Moderna, Pfizer/BioNTech",240356,40051,280407
2021-02-01,"Moderna, Pfizer/BioNTech",244319,47974,292293
2021-02-02,"Moderna, Pfizer/BioNTech",248446,58188,306634
2021-02-03,"Moderna, Pfizer/BioNTech",252852,69166,322018
2021-02-04,"Moderna, Pfizer/BioNTech",257740,82117,339857
2021-02-05,"Moderna, Pfizer/BioNTech",263189,92762,355951
2021-02-06,"Moderna, Pfizer/BioNTech",264030,95109,359139
2021-02-07,"Moderna, Pfizer/BioNTech",264878,97596,362474
2021-02-08,"Moderna, Oxford/AstraZeneca, Pfizer/BioNTech",268938,108976,377914
2021-02-09,"Moderna, Oxford/AstraZeneca, Pfizer/BioNTech",274017,120894,394911
2021-02-10,"Moderna, Pfizer/BioNTech",279507,134103,413610
2021-02-11,"Moderna, Oxford/AstraZeneca, Pfizer/BioNTech",285808,150276,436084
2021-02-12,"Moderna, Oxford/AstraZeneca, Pfizer/BioNTech",292548,164961,457509
2021-02-13,"Moderna, Oxford/AstraZeneca, Pfizer/BioNTech",294136,167940,462076
2021-02-14,"Moderna, Oxford/AstraZeneca, Pfizer/BioNTech",295127,169315,464442
2021-02-15,"Moderna, Oxford/AstraZeneca, Pfizer/BioNTech",301518,178647,480165
2021-02-16,"Moderna, Oxford/AstraZeneca, Pfizer/BioNTech",310222,187698,497920
2021-02-17,"Moderna, Oxford/AstraZeneca, Pfizer/BioNTech",319902,195984,515886
2021-02-18,"Moderna, Oxford/AstraZeneca, Pfizer/BioNTech",332198,204022,536220
2021-02-19,"Moderna, Oxford/AstraZeneca, Pfizer/BioNTech",344040,211342,555382
2021-02-20,"Moderna, Oxford/AstraZeneca, Pfizer/BioNTech",346021,212517,558538
2021-02-21,"Moderna, Oxford/AstraZeneca, Pfizer/BioNTech",347110,213531,560641
2021-02-22,"Moderna, Oxford/AstraZeneca, Pfizer/BioNTech",357216,219536,576752
2021-02-23,"Moderna, Oxford/AstraZeneca, Pfizer/BioNTech",370131,226496,596627
2021-02-24,"Moderna, Oxford/AstraZeneca, Pfizer/BioNTech",383984,232511,616495
2021-02-25,"Moderna, Oxford/AstraZeneca, Pfizer/BioNTech",401934,238042,639976
2021-02-26,"Moderna, Oxford/AstraZeneca, Pfizer/BioNTech",418082,243368,661450
2021-02-27,"Moderna, Oxford/AstraZeneca, Pfizer/BioNTech",421087,243918,665005
2021-02-28,"Moderna, Oxford/AstraZeneca, Pfizer/BioNTech",423429,244463,667892
2021-03-01,"Moderna, Oxford/AstraZeneca, Pfizer/BioNTech",442948,247885,690833
2021-03-02,"Moderna, Oxford/AstraZeneca, Pfizer/BioNTech",470133,251418,721551
2021-03-03,"Moderna, Oxford/AstraZeneca, Pfizer/BioNTech",500962,255905,756867
2021-03-04,"Moderna, Oxford/AstraZeneca, Pfizer/BioNTech",534143,260567,794710
2021-03-05,"Johnson&Johnson, Moderna, Oxford/AstraZeneca, Pfizer/BioNTech",562918,265963,828881
2021-03-06,"Johnson&Johnson, Moderna, Oxford/AstraZeneca, Pfizer/BioNTech",575044,266808,841852
2021-03-07,"Johnson&Johnson, Moderna, Oxford/AstraZeneca, Pfizer/BioNTech",586478,267641,854119
2021-03-08,"Johnson&Johnson, Moderna, Oxford/AstraZeneca, Pfizer/BioNTech",616141,272467,888608
2021-03-09,"Johnson&Johnson, Moderna, Oxford/AstraZeneca, Pfizer/BioNTech",652392,278826,931218
2021-03-10,"Moderna, Oxford/AstraZeneca, Pfizer/BioNTech",693606,285756,979362
2021-03-11,"Johnson&Johnson, Moderna, Oxford/AstraZeneca, Pfizer/BioNTech",738386,294104,1032490
2021-03-12,"Johnson&Johnson, Moderna, Oxford/AstraZeneca, Pfizer/BioNTech",777142,302546,1079688
2021-03-13,"Moderna, Oxford/AstraZeneca, Pfizer/BioNTech",794186,303834,1098020
2021-03-14,"Moderna, Oxford/AstraZeneca, Pfizer/BioNTech",806271,304969,1111240
2021-03-15,"Moderna, Oxford/AstraZeneca, Pfizer/BioNTech",834623,313733,1148356
2021-03-16,"Johnson&Johnson, Moderna, Oxford/AstraZeneca, Pfizer/BioNTech",873453,324238,1197691
2021-03-17,"Moderna, Oxford/AstraZeneca, Pfizer/BioNTech",910884,334716,1245600
2021-03-18,"Johnson&Johnson, Moderna, Oxford/AstraZeneca, Pfizer/BioNTech",948812,347106,1295918
2021-03-19,"Moderna, Oxford/AstraZeneca, Pfizer/BioNTech",983245,360691,1343936
2021-03-20,"Johnson&Johnson, Moderna, Oxford/AstraZeneca, Pfizer/BioNTech",998353,362706,1361059
2021-03-21,"Johnson&Johnson, Moderna, Oxford/AstraZeneca, Pfizer/BioNTech",1005742,364249,1369991
2021-03-22,"Johnson&Johnson, Moderna, Oxford/AstraZeneca, Pfizer/BioNTech",1030236,376720,1406956
2021-03-23,"Johnson&Johnson, Moderna, Oxford/AstraZeneca, Pfizer/BioNTech",1056804,390043,1446847
2021-03-24,"Johnson&Johnson, Moderna, Oxford/AstraZeneca, Pfizer/BioNTech",1083622,405748,1489370
2021-03-25,"Moderna, Oxford/AstraZeneca, Pfizer/BioNTech",1109907,423571,1533478
2021-03-26,"Moderna, Oxford/AstraZeneca, Pfizer/BioNTech",1134663,441043,1575706
2021-03-27,"Johnson&Johnson, Moderna, Oxford/AstraZeneca, Pfizer/BioNTech",1143078,445872,1588950
2021-03-28,"Moderna, Oxford/AstraZeneca, Pfizer/BioNTech",1148601,450002,1598603
2021-03-29,"Johnson&Johnson, Moderna, Oxford/AstraZeneca, Pfizer/BioNTech",1167642,470662,1638304
2021-03-30,"Johnson&Johnson, Moderna, Oxford/AstraZeneca, Pfizer/BioNTech",1192286,492803,1685089
2021-03-31,"Johnson&Johnson, Moderna, Oxford/AstraZeneca, Pfizer/BioNTech",1215322,519830,1735152
2021-04-01,"Johnson&Johnson, Moderna, Oxford/AstraZeneca, Pfizer/BioNTech",1240876,551826,1792702
2021-04-02,"Johnson&Johnson, Moderna, Oxford/AstraZeneca, Pfizer/BioNTech",1247748,564600,1812348
2021-04-03,"Johnson&Johnson, Moderna, Oxford/AstraZeneca, Pfizer/BioNTech",1251339,575503,1826842
2021-04-04,"Johnson&Johnson, Moderna, Oxford/AstraZeneca, Pfizer/BioNTech",1253815,584299,1838114
2021-04-05,"Johnson&Johnson, Moderna, Oxford/AstraZeneca, Pfizer/BioNTech",1256180,591465,1847645
2021-04-06,"Johnson&Johnson, Moderna, Oxford/AstraZeneca, Pfizer/BioNTech",1272261,620674,1892935
2021-04-07,"Johnson&Johnson, Moderna, Oxford/AstraZeneca, Pfizer/BioNTech",1295618,642824,1938442
2021-04-08,"Johnson&Johnson, Moderna, Oxford/AstraZeneca, Pfizer/BioNTech",1334226,673803,2008029
2021-04-09,"Johnson&Johnson, Moderna, Oxford/AstraZeneca, Pfizer/BioNTech",1373675,703951,2077626
2021-04-10,"Johnson&Johnson, Moderna, Oxford/AstraZeneca, Pfizer/BioNTech",1389109,719222,2108331
2021-04-11,"Johnson&Johnson, Moderna, Oxford/AstraZeneca, Pfizer/BioNTech",1398850,729233,2128083
2021-04-12,"Johnson&Johnson, Moderna, Oxford/AstraZeneca, Pfizer/BioNTech",1437053,754315,2191368
2021-04-13,"Moderna, Oxford/AstraZeneca, Pfizer/BioNTech",1473244,780283,2253527
2021-04-14,"Moderna, Oxford/AstraZeneca, Pfizer/BioNTech",1511992,807610,2319602
2021-04-15,"Moderna, Oxford/AstraZeneca, Pfizer/BioNTech",1559698,833290,2392988
2021-04-16,"Moderna, Oxford/AstraZeneca, Pfizer/BioNTech",1604261,858885,2463146
2021-04-17,"Moderna, Oxford/AstraZeneca, Pfizer/BioNTech",1620901,867893,2488794
2021-04-18,"Moderna, Oxford/AstraZeneca, Pfizer/BioNTech",1633851,872866,2506717
2021-04-19,"Moderna, Oxford/AstraZeneca, Pfizer/BioNTech",1677794,888272,2566066
2021-04-20,"Johnson&Johnson, Moderna, Oxford/AstraZeneca, Pfizer/BioNTech",1720300,904104,2624404
2021-04-21,"Moderna, Oxford/AstraZeneca, Pfizer/BioNTech",1767986,918367,2686353
2021-04-22,"Johnson&Johnson, Moderna, Oxford/AstraZeneca, Pfizer/BioNTech",1822431,935722,2758153
2021-04-23,"Johnson&Johnson, Moderna, Oxford/AstraZeneca, Pfizer/BioNTech",1872341,947739,2820080
2021-04-24,"Johnson&Johnson, Moderna, Oxford/AstraZeneca, Pfizer/BioNTech",1890142,952966,2843108
2021-04-25,"Johnson&Johnson, Moderna, Oxford/AstraZeneca, Pfizer/BioNTech",1904809,956943,2861752
2021-04-26,"Johnson&Johnson, Moderna, Oxford/AstraZeneca, Pfizer/BioNTech",1954366,964476,2918842
2021-04-27,"Johnson&Johnson, Moderna, Oxford/AstraZeneca, Pfizer/BioNTech",2003313,976661,2979974
2021-04-28,"Johnson&Johnson, Moderna, Oxford/AstraZeneca, Pfizer/BioNTech",2062028,990617,3052645
2021-04-29,"Johnson&Johnson, Moderna, Oxford/AstraZeneca, Pfizer/BioNTech",2127557,1006438,3133995
2021-04-30,"Johnson&Johnson, Moderna, Oxford/AstraZeneca, Pfizer/BioNTech",2189725,1016350,3206075
2021-05-01,"Johnson&Johnson, Moderna, Oxford/AstraZeneca, Pfizer/BioNTech",2209014,1019764,3228778
2021-05-02,"Johnson&Johnson, Moderna, Oxford/AstraZeneca, Pfizer/BioNTech",2227902,1022012,3249914
2021-05-03,"Johnson&Johnson, Moderna, Oxford/AstraZeneca, Pfizer/BioNTech",2295112,1027049,3322161
2021-05-04,"Johnson&Johnson, Moderna, Oxford/AstraZeneca, Pfizer/BioNTech",2361560,1035338,3396898
2021-05-05,"Johnson&Johnson, Moderna, Oxford/AstraZeneca, Pfizer/BioNTech",2434674,1044684,3479358
2021-05-06,"Johnson&Johnson, Moderna, Oxford/AstraZeneca, Pfizer/BioNTech",2515019,1055309,3570328
2021-05-07,"Johnson&Johnson, Moderna, Oxford/AstraZeneca, Pfizer/BioNTech",2592271,1065334,3657605
2021-05-08,"Johnson&Johnson, Moderna, Oxford/AstraZeneca, Pfizer/BioNTech",2621667,1067056,3688723
2021-05-09,"Johnson&Johnson, Moderna, Oxford/AstraZeneca, Pfizer/BioNTech",2645833,1068241,3714074
2021-05-10,"Johnson&Johnson, Moderna, Oxford/AstraZeneca, Pfizer/BioNTech",2718554,1075401,3793955
2021-05-11,"Johnson&Johnson, Moderna, Oxford/AstraZeneca, Pfizer/BioNTech",2794616,1084164,3878780
2021-05-12,"Johnson&Johnson, Moderna, Oxford/AstraZeneca, Pfizer/BioNTech",2874426,1093194,3967620
2021-05-13,"Johnson&Johnson, Moderna, Oxford/AstraZeneca, Pfizer/BioNTech",2958410,1102316,4060726
2021-05-14,"Johnson&Johnson, Moderna, Oxford/AstraZeneca, Pfizer/BioNTech",3037796,1110035,4147831
2021-05-15,"Johnson&Johnson, Moderna, Oxford/AstraZeneca, Pfizer/BioNTech",3069627,1112216,4181843
2021-05-16,"Johnson&Johnson, Moderna, Oxford/AstraZeneca, Pfizer/BioNTech",3095369,1113408,4208777
2021-05-17,"Johnson&Johnson, Moderna, Oxford/AstraZeneca, Pfizer/BioNTech",3167845,1120080,4287925
2021-05-18,"Johnson&Johnson, Moderna, Oxford/AstraZeneca, Pfizer/BioNTech",3239743,1133056,4372799
2021-05-19,"Johnson&Johnson, Moderna, Oxford/AstraZeneca, Pfizer/BioNTech",3317167,1148131,4465298
2021-05-20,"Johnson&Johnson, Moderna, Oxford/AstraZeneca, Pfizer/BioNTech",3392565,1175085,4567650
2021-05-21,"Johnson&Johnson, Moderna, Oxford/AstraZeneca, Pfizer/BioNTech",3461307,1202751,4664058
2021-05-22,"Johnson&Johnson, Moderna, Oxford/AstraZeneca, Pfizer/BioNTech",3493631,1213878,4707509
2021-05-23,"Johnson&Johnson, Moderna, Oxford/AstraZeneca, Pfizer/BioNTech",3515932,1222876,4738808
2021-05-24,"Johnson&Johnson, Moderna, Oxford/AstraZeneca, Pfizer/BioNTech",3562996,1256464,4819460
2021-05-25,"Johnson&Johnson, Moderna, Oxford/AstraZeneca, Pfizer/BioNTech",3614822,1292196,4907018
2021-05-26,"Johnson&Johnson, Moderna, Oxford/AstraZeneca, Pfizer/BioNTech",3682538,1329666,5012204
2021-05-27,"Johnson&Johnson, Moderna, Oxford/AstraZeneca, Pfizer/BioNTech",3743883,1376926,5120809
2021-05-28,"Johnson&Johnson, Moderna, Oxford/AstraZeneca, Pfizer/BioNTech",3805535,1423398,5228933
2021-05-29,"Johnson&Johnson, Moderna, Oxford/AstraZeneca, Pfizer/BioNTech",3834673,1440458,5275131
2021-05-30,"Johnson&Johnson, Moderna, Oxford/AstraZeneca, Pfizer/BioNTech",3857010,1454856,5311866
2021-05-31,"Johnson&Johnson, Moderna, Oxford/AstraZeneca, Pfizer/BioNTech",3912711,1502338,5415049
2021-06-01,"Johnson&Johnson, Moderna, Oxford/AstraZeneca, Pfizer/BioNTech",3971712,1551085,5522797
2021-06-02,"Johnson&Johnson, Moderna, Oxford/AstraZeneca, Pfizer/BioNTech",4034562,1604968,5639530
2021-06-03,"Johnson&Johnson, Moderna, Oxford/AstraZeneca, Pfizer/BioNTech",4092777,1665095,5757872
2021-06-04,"Johnson&Johnson, Moderna, Oxford/AstraZeneca, Pfizer/BioNTech",4155838,1722392,5878230
2021-06-05,"Johnson&Johnson, Moderna, Oxford/AstraZeneca, Pfizer/BioNTech",4189966,1741154,5931120
2021-06-06,"Johnson&Johnson, Moderna, Oxford/AstraZeneca, Pfizer/BioNTech",4216861,1756240,5973101
2021-06-07,"Johnson&Johnson, Moderna, Oxford/AstraZeneca, Pfizer/BioNTech",4280523,1811790,6092313
2021-06-08,"Johnson&Johnson, Moderna, Oxford/AstraZeneca, Pfizer/BioNTech",4344473,1866679,6211152
2021-06-09,"Johnson&Johnson, Moderna, Oxford/AstraZeneca, Pfizer/BioNTech",4403642,1930990,6334632
2021-06-10,"Johnson&Johnson, Moderna, Oxford/AstraZeneca, Pfizer/BioNTech",4457512,2001967,6459479
2021-06-11,"Johnson&Johnson, Moderna, Oxford/AstraZeneca, Pfizer/BioNTech",4509587,2071558,6581145
2021-06-12,"Johnson&Johnson, Moderna, Oxford/AstraZeneca, Pfizer/BioNTech",4541556,2092277,6633833
2021-06-13,"Johnson&Johnson, Moderna, Oxford/AstraZeneca, Pfizer/BioNTech",4565555,2110623,6676178
2021-06-14,"Johnson&Johnson, Moderna, Oxford/AstraZeneca, Pfizer/BioNTech",4608534,2184889,6793423
2021-06-15,"Johnson&Johnson, Moderna, Oxford/AstraZeneca, Pfizer/BioNTech",4653151,2257112,6910263
2021-06-16,"Johnson&Johnson, Moderna, Oxford/AstraZeneca, Pfizer/BioNTech",4695873,2335196,7031069
2021-06-17,"Johnson&Johnson, Moderna, Oxford/AstraZeneca, Pfizer/BioNTech",4735234,2418131,7153365
2021-06-18,"Johnson&Johnson, Moderna, Oxford/AstraZeneca, Pfizer/BioNTech",4777589,2498491,7276080
2021-06-19,"Johnson&Johnson, Moderna, Oxford/AstraZeneca, Pfizer/BioNTech",4799310,2527697,7327007
2021-06-20,"Johnson&Johnson, Moderna, Oxford/AstraZeneca, Pfizer/BioNTech",4816666,2551450,7368116
2021-06-21,"Johnson&Johnson, Moderna, Oxford/AstraZeneca, Pfizer/BioNTech",4849164,2629898,7479062
2021-06-22,"Johnson&Johnson, Moderna, Oxford/AstraZeneca, Pfizer/BioNTech",4882102,2712030,7594132
2021-06-23,"Johnson&Johnson, Moderna, Oxford/AstraZeneca, Pfizer/BioNTech",4913744,2797134,7710878
2021-06-24,"Johnson&Johnson, Moderna, Oxford/AstraZeneca, Pfizer/BioNTech",4943567,2887051,7830618
2021-06-25,"Johnson&Johnson, Moderna, Oxford/AstraZeneca, Pfizer/BioNTech",4974585,2973050,7947635
2021-06-26,"Johnson&Johnson, Moderna, Oxford/AstraZeneca, Pfizer/BioNTech",4990433,3007776,7998209
2021-06-27,"Johnson&Johnson, Moderna, Oxford/AstraZeneca, Pfizer/BioNTech",5004372,3034350,8038722
2021-06-28,"Johnson&Johnson, Moderna, Oxford/AstraZeneca, Pfizer/BioNTech",5032786,3119418,8152204
2021-06-29,"Johnson&Johnson, Moderna, Oxford/AstraZeneca, Pfizer/BioNTech",5062026,3205787,8267813
2021-06-30,"Johnson&Johnson, Moderna, Oxford/AstraZeneca, Pfizer/BioNTech",5089521,3296620,8386141
2021-07-01,"Johnson&Johnson, Moderna, Oxford/AstraZeneca, Pfizer/BioNTech",5113455,3386518,8499973
2021-07-02,"Johnson&Johnson, Moderna, Oxford/AstraZeneca, Pfizer/BioNTech",5140164,3472203,8612367
2021-07-03,"Johnson&Johnson, Moderna, Oxford/AstraZeneca, Pfizer/BioNTech",5147234,3503641,8650875
2021-07-04,"Johnson&Johnson, Moderna, Oxford/AstraZeneca, Pfizer/BioNTech",5154767,3525392,8680159
2021-07-05,"Johnson&Johnson, Moderna, Oxford/AstraZeneca, Pfizer/BioNTech",5162107,3550692,8712799
2021-07-06,"Johnson&Johnson, Moderna, Oxford/AstraZeneca, Pfizer/BioNTech",5167493,3578243,8745736
2021-07-07,"Johnson&Johnson, Moderna, Oxford/AstraZeneca, Pfizer/BioNTech",5193263,3657091,8850354
2021-07-08,"Johnson&Johnson, Moderna, Oxford/AstraZeneca, Pfizer/BioNTech",5219825,3727290,8947115
2021-07-09,"Johnson&Johnson, Moderna, Oxford/AstraZeneca, Pfizer/BioNTech",5247696,3796430,9044126
2021-07-10,"Johnson&Johnson, Moderna, Oxford/AstraZeneca, Pfizer/BioNTech",5257021,3824979,9082000
2021-07-11,"Johnson&Johnson, Moderna, Oxford/AstraZeneca, Pfizer/BioNTech",5265532,3847815,9113347
2021-07-12,"Johnson&Johnson, Moderna, Oxford/AstraZeneca, Pfizer/BioNTech",5293050,3916803,9209853
2021-07-13,"Johnson&Johnson, Moderna, Oxford/AstraZeneca, Pfizer/BioNTech",5319228,3986568,9305796
2021-07-14,"Johnson&Johnson, Moderna, Oxford/AstraZeneca, Pfizer/BioNTech",5345043,4058443,9403486
2021-07-15,"Johnson&Johnson, Moderna, Oxford/AstraZeneca, Pfizer/BioNTech",5374232,4124331,9498563
2021-07-16,"Johnson&Johnson, Moderna, Oxford/AstraZeneca, Pfizer/BioNTech",5402124,4196918,9599042
2021-07-17,"Johnson&Johnson, Moderna, Oxford/AstraZeneca, Pfizer/BioNTech",5410865,4228289,9639154
2021-07-18,"Johnson&Johnson, Moderna, Oxford/AstraZeneca, Pfizer/BioNTech",5419291,4254244,9673535
2021-07-19,"Johnson&Johnson, Moderna, Oxford/AstraZeneca, Pfizer/BioNTech",5442609,4321166,9763775
2021-07-20,"Johnson&Johnson, Moderna, Oxford/AstraZeneca, Pfizer/BioNTech",5463967,4388097,9852064
2021-07-21,"Johnson&Johnson, Moderna, Oxford/AstraZeneca, Pfizer/BioNTech",5487370,4451429,9938799
2021-07-22,"Johnson&Johnson, Moderna, Oxford/AstraZeneca, Pfizer/BioNTech",5509679,4509933,10019612
2021-07-23,"Johnson&Johnson, Moderna, Oxford/AstraZeneca, Pfizer/BioNTech",5532822,4564544,10097366
2021-07-24,"Johnson&Johnson, Moderna, Oxford/AstraZeneca, Pfizer/BioNTech",5540108,4592125,10132233
2021-07-25,"Johnson&Johnson, Moderna, Oxford/AstraZeneca, Pfizer/BioNTech",5546702,4614107,10160809
2021-07-26,"Johnson&Johnson, Moderna, Oxford/AstraZeneca, Pfizer/BioNTech",5570195,4662556,10232751
2021-07-27,"Johnson&Johnson, Moderna, Oxford/AstraZeneca, Pfizer/BioNTech",5592850,4709067,10301917
2021-07-28,"Johnson&Johnson, Moderna, Oxford/AstraZeneca, Pfizer/BioNTech",5614042,4754924,10368966
2021-07-29,"Johnson&Johnson, Moderna, Oxford/AstraZeneca, Pfizer/BioNTech",5635266,4796746,10432012
2021-07-30,"Johnson&Johnson, Moderna, Oxford/AstraZeneca, Pfizer/BioNTech",5658504,4839183,10497687
2021-07-31,"Johnson&Johnson, Moderna, Oxford/AstraZeneca, Pfizer/BioNTech",5667412,4858660,10526072
2021-08-01,"Johnson&Johnson, Moderna, Oxford/AstraZeneca, Pfizer/BioNTech",5674110,4874784,10548894
2021-08-02,"Johnson&Johnson, Moderna, Oxford/AstraZeneca, Pfizer/BioNTech",5692681,4912234,10604915
2021-08-03,"Johnson&Johnson, Moderna, Oxford/AstraZeneca, Pfizer/BioNTech",5710261,4950243,10660504
2021-08-04,"Johnson&Johnson, Moderna, Oxford/AstraZeneca, Pfizer/BioNTech",5726285,4986866,10713151
2021-08-05,"Johnson&Johnson, Moderna, Oxford/AstraZeneca, Pfizer/BioNTech",5742244,5027226,10769470
2021-08-06,"Johnson&Johnson, Moderna, Oxford/AstraZeneca, Pfizer/BioNTech",5758981,5070369,10829350
2021-08-07,"Johnson&Johnson, Moderna, Oxford/AstraZeneca, Pfizer/BioNTech",5764544,5088476,10853020
2021-08-08,"Johnson&Johnson, Moderna, Oxford/AstraZeneca, Pfizer/BioNTech",5768887,5104183,10873070
2021-08-09,"Johnson&Johnson, Moderna, Oxford/AstraZeneca, Pfizer/BioNTech",5781487,5149149,10930636
2021-08-10,"Johnson&Johnson, Moderna, Oxford/AstraZeneca, Pfizer/BioNTech",5793270,5188618,10981888
2021-08-11,"Johnson&Johnson, Moderna, Oxford/AstraZeneca, Pfizer/BioNTech",5804586,5231661,11036247
2021-08-12,"Johnson&Johnson, Moderna, Oxford/AstraZeneca, Pfizer/BioNTech",5815935,5268650,11084585
2021-08-13,"Johnson&Johnson, Moderna, Oxford/AstraZeneca, Pfizer/BioNTech",5826564,5308863,11135427
2021-08-14,"Johnson&Johnson, Moderna, Oxford/AstraZeneca, Pfizer/BioNTech",5829890,5319520,11149410
2021-08-15,"Johnson&Johnson, Moderna, Oxford/AstraZeneca, Pfizer/BioNTech",5832457,5329864,11162321
2021-08-16,"Johnson&Johnson, Moderna, Oxford/AstraZeneca, Pfizer/BioNTech",5842202,5363846,11206048
2021-08-17,"Johnson&Johnson, Moderna, Oxford/AstraZeneca, Pfizer/BioNTech",5851725,5390855,11242580
2021-08-18,"Johnson&Johnson, Moderna, Oxford/AstraZeneca, Pfizer/BioNTech",5861045,5429618,11290663
2021-08-19,"Johnson&Johnson, Moderna, Oxford/AstraZeneca, Pfizer/BioNTech",5870628,5467881,11338509
2021-08-20,"Johnson&Johnson, Moderna, Oxford/AstraZeneca, Pfizer/BioNTech",5881911,5507970,11389881
2021-08-21,"Johnson&Johnson, Moderna, Oxford/AstraZeneca, Pfizer/BioNTech",5884604,5520694,11405298
2021-08-22,"Johnson&Johnson, Moderna, Oxford/AstraZeneca, Pfizer/BioNTech",5886934,5532630,11419564
2021-08-23,"Johnson&Johnson, Moderna, Oxford/AstraZeneca, Pfizer/BioNTech",5897391,5571775,11469166
2021-08-24,"Johnson&Johnson, Moderna, Oxford/AstraZeneca, Pfizer/BioNTech",5907199,5604948,11512147
2021-08-25,"Johnson&Johnson, Moderna, Oxford/AstraZeneca, Pfizer/BioNTech",5915999,5633225,11549224
2021-08-26,"Johnson&Johnson, Moderna, Oxford/AstraZeneca, Pfizer/BioNTech",5924348,5659242,11583590
2021-08-27,"Johnson&Johnson, Moderna, Oxford/AstraZeneca, Pfizer/BioNTech",5934532,5685106,11619638
2021-08-28,"Johnson&Johnson, Moderna, Oxford/AstraZeneca, Pfizer/BioNTech",5937223,5692120,11629343
2021-08-29,"Johnson&Johnson, Moderna, Oxford/AstraZeneca, Pfizer/BioNTech",5939612,5698728,11638340
2021-08-30,"Johnson&Johnson, Moderna, Oxford/AstraZeneca, Pfizer/BioNTech",5948007,5720488,11668495
2021-08-31,"Johnson&Johnson, Moderna, Oxford/AstraZeneca, Pfizer/BioNTech",5955564,5738470,11694034
2021-09-01,"Johnson&Johnson, Moderna, Oxford/AstraZeneca, Pfizer/BioNTech",5961347,5752369,11713716
2021-09-02,"Johnson&Johnson, Moderna, Oxford/AstraZeneca, Pfizer/BioNTech",5968000,5766484,11734484
2021-09-03,"Johnson&Johnson, Moderna, Oxford/AstraZeneca, Pfizer/BioNTech",5977332,5782035,11759367
2021-09-04,"Johnson&Johnson, Moderna, Oxford/AstraZeneca, Pfizer/BioNTech",5979350,5785552,11764902
2021-09-05,"Johnson&Johnson, Moderna, Pfizer/BioNTech",5981362,5788371,11769733
2021-09-06,"Johnson&Johnson, Moderna, Oxford/AstraZeneca, Pfizer/BioNTech",5987367,5800750,11788117
2021-09-07,"Johnson&Johnson, Moderna, Oxford/AstraZeneca, Pfizer/BioNTech",5991662,5811730,11803392
2021-09-08,"Johnson&Johnson, Moderna, Oxford/AstraZeneca, Pfizer/BioNTech",5997194,5821509,11818703
2021-09-09,"Johnson&Johnson, Moderna, Oxford/AstraZeneca, Pfizer/BioNTech",6003725,5831474,11835199
2021-09-10,"Johnson&Johnson, Moderna, Oxford/AstraZeneca, Pfizer/BioNTech",6011210,5843502,11854712
2021-09-11,"Johnson&Johnson, Moderna, Pfizer/BioNTech",6013042,5845959,11859001
2021-09-12,"Johnson&Johnson, Moderna, Oxford/AstraZeneca, Pfizer/BioNTech",6014140,5847570,11861710
2021-09-13,"Johnson&Johnson, Moderna, Oxford/AstraZeneca, Pfizer/BioNTech",6019409,5857729,11877138
2021-09-14,"Johnson&Johnson, Moderna, Oxford/AstraZeneca, Pfizer/BioNTech",6024641,5866615,11891256
2021-09-15,"Johnson&Johnson, Moderna, Oxford/AstraZeneca, Pfizer/BioNTech",6029657,5874970,11904627
2021-09-16,"Johnson&Johnson, Moderna, Oxford/AstraZeneca, Pfizer/BioNTech",6034638,5882970,11917608
2021-09-17,"Johnson&Johnson, Moderna, Oxford/AstraZeneca, Pfizer/BioNTech",6040745,5892674,11933419
2021-09-18,"Johnson&Johnson, Moderna, Pfizer/BioNTech",6042374,5894932,11937306
2021-09-19,"Johnson&Johnson, Moderna, Pfizer/BioNTech",6043139,5896235,11939374
