date,vaccine,people_vaccinated,people_fully_vaccinated,total_vaccinations
2020-12-27,Pfizer/BioNTech,1285,0,1285
2020-12-28,Pfizer/BioNTech,3591,0,3591
2020-12-29,Pfizer/BioNTech,7061,1,7062
2020-12-30,Pfizer/BioNTech,10581,1,10582
2020-12-31,Pfizer/BioNTech,11893,1,11894
2021-01-01,"Moderna, Pfizer/BioNTech",12163,1,12164
2021-01-02,Pfizer/BioNTech,13444,1,13445
2021-01-03,"Moderna, Pfizer/BioNTech",14367,1,14368
2021-01-04,"Moderna, Pfizer/BioNTech",17981,1,17982
2021-01-05,"Moderna, Pfizer/BioNTech",22505,3,22508
2021-01-06,"Moderna, Pfizer/BioNTech",28356,4,28360
2021-01-07,"Moderna, Pfizer/BioNTech",36357,4,36361
2021-01-08,"Moderna, Pfizer/BioNTech",46409,5,46414
2021-01-09,"Moderna, Pfizer/BioNTech",48438,6,48444
2021-01-10,Pfizer/BioNTech,50208,7,50215
2021-01-11,Pfizer/BioNTech,60064,9,60073
2021-01-12,"Moderna, Pfizer/BioNTech",73522,11,73533
2021-01-13,Pfizer/BioNTech,87066,11,87077
2021-01-14,"Moderna, Pfizer/BioNTech",102316,15,102331
2021-01-15,"Moderna, Pfizer/BioNTech",116337,16,116353
2021-01-16,"Moderna, Pfizer/BioNTech",119740,20,119760
2021-01-17,"Moderna, Pfizer/BioNTech",122356,656,123012
2021-01-18,"Moderna, Pfizer/BioNTech",134847,2483,137330
2021-01-19,"Moderna, Pfizer/BioNTech",147453,5210,152663
2021-01-20,"Moderna, Pfizer/BioNTech",161144,7873,169017
2021-01-21,"Moderna, Pfizer/BioNTech",176797,9619,186416
2021-01-22,"Moderna, Pfizer/BioNTech",191689,10665,202354
2021-01-23,"Moderna, Pfizer/BioNTech",195010,11546,206556
2021-01-24,"Moderna, Pfizer/BioNTech",197265,12414,209679
2021-01-25,"Moderna, Pfizer/BioNTech",206914,15388,222302
2021-01-26,"Moderna, Pfizer/BioNTech",217459,19382,236841
2021-01-27,"Moderna, Pfizer/BioNTech",226488,23920,250408
2021-01-28,"Moderna, Pfizer/BioNTech",233590,30057,263647
2021-01-29,"Moderna, Pfizer/BioNTech",239807,37970,277777
2021-01-30,"Moderna, Pfizer/BioNTech",240547,39058,279605
2021-01-31,"Moderna, Pfizer/BioNTech",241262,40240,281502
2021-02-01,"Moderna, Pfizer/BioNTech",245243,48207,293450
2021-02-02,"Moderna, Pfizer/BioNTech",249391,58445,307836
2021-02-03,"Moderna, Pfizer/BioNTech",253816,69467,323283
2021-02-04,"Moderna, Pfizer/BioNTech",258720,82460,341180
2021-02-05,"Moderna, Pfizer/BioNTech",264188,93134,357322
2021-02-06,"Moderna, Oxford/AstraZeneca, Pfizer/BioNTech",265040,95502,360542
2021-02-07,"Moderna, Oxford/AstraZeneca, Pfizer/BioNTech",265892,98002,363894
2021-02-08,"Moderna, Oxford/AstraZeneca, Pfizer/BioNTech",269978,109435,379413
2021-02-09,"Moderna, Oxford/AstraZeneca, Pfizer/BioNTech",275079,121348,396427
2021-02-10,"Moderna, Oxford/AstraZeneca, Pfizer/BioNTech",280592,134608,415200
2021-02-11,"Moderna, Oxford/AstraZeneca, Pfizer/BioNTech",286931,150827,437758
2021-02-12,"Moderna, Oxford/AstraZeneca, Pfizer/BioNTech",293756,165569,459325
2021-02-13,"Moderna, Oxford/AstraZeneca, Pfizer/BioNTech",295368,168558,463926
2021-02-14,"Moderna, Oxford/AstraZeneca, Pfizer/BioNTech",296371,169943,466314
2021-02-15,"Moderna, Oxford/AstraZeneca, Pfizer/BioNTech",302770,179311,482081
2021-02-16,"Moderna, Oxford/AstraZeneca, Pfizer/BioNTech",311492,188395,499887
2021-02-17,"Moderna, Oxford/AstraZeneca, Pfizer/BioNTech",321190,196702,517892
2021-02-18,"Moderna, Oxford/AstraZeneca, Pfizer/BioNTech",333518,204786,538304
2021-02-19,"Moderna, Oxford/AstraZeneca, Pfizer/BioNTech",345378,212162,557540
2021-02-20,"Moderna, Oxford/AstraZeneca, Pfizer/BioNTech",347381,213348,560729
2021-02-21,"Moderna, Oxford/AstraZeneca, Pfizer/BioNTech",348516,214372,562888
2021-02-22,"Moderna, Oxford/AstraZeneca, Pfizer/BioNTech",358642,220408,579050
2021-02-23,"Moderna, Oxford/AstraZeneca, Pfizer/BioNTech",371603,227396,598999
2021-02-24,"Moderna, Oxford/AstraZeneca, Pfizer/BioNTech",385480,233435,618915
2021-02-25,"Moderna, Oxford/AstraZeneca, Pfizer/BioNTech",403455,238987,642442
2021-02-26,"Moderna, Oxford/AstraZeneca, Pfizer/BioNTech",419631,244340,663971
2021-02-27,"Moderna, Oxford/AstraZeneca, Pfizer/BioNTech",422640,244898,667538
2021-02-28,"Moderna, Oxford/AstraZeneca, Pfizer/BioNTech",424994,245450,670444
2021-03-01,"Moderna, Oxford/AstraZeneca, Pfizer/BioNTech",444590,248899,693489
2021-03-02,"Moderna, Oxford/AstraZeneca, Pfizer/BioNTech",471819,252447,724266
2021-03-03,"Moderna, Oxford/AstraZeneca, Pfizer/BioNTech",502767,256953,759720
2021-03-04,"Moderna, Oxford/AstraZeneca, Pfizer/BioNTech",536057,261642,797699
2021-03-05,"Johnson&Johnson, Moderna, Oxford/AstraZeneca, Pfizer/BioNTech",564901,267066,831967
2021-03-06,"Johnson&Johnson, Moderna, Oxford/AstraZeneca, Pfizer/BioNTech",577051,267927,844978
2021-03-07,"Johnson&Johnson, Moderna, Oxford/AstraZeneca, Pfizer/BioNTech",588594,268769,857363
2021-03-08,"Johnson&Johnson, Moderna, Oxford/AstraZeneca, Pfizer/BioNTech",618345,273626,891971
2021-03-09,"Johnson&Johnson, Moderna, Oxford/AstraZeneca, Pfizer/BioNTech",654702,280009,934711
2021-03-10,"Johnson&Johnson, Moderna, Oxford/AstraZeneca, Pfizer/BioNTech",696025,286968,982993
2021-03-11,"Johnson&Johnson, Moderna, Oxford/AstraZeneca, Pfizer/BioNTech",740866,295341,1036207
2021-03-12,"Johnson&Johnson, Moderna, Oxford/AstraZeneca, Pfizer/BioNTech",779637,303835,1083472
2021-03-13,"Johnson&Johnson, Moderna, Oxford/AstraZeneca, Pfizer/BioNTech",796729,305147,1101876
2021-03-14,"Johnson&Johnson, Moderna, Oxford/AstraZeneca, Pfizer/BioNTech",808847,306301,1115148
2021-03-15,"Johnson&Johnson, Moderna, Oxford/AstraZeneca, Pfizer/BioNTech",837233,315082,1152315
2021-03-16,"Johnson&Johnson, Moderna, Oxford/AstraZeneca, Pfizer/BioNTech",876128,325621,1201749
2021-03-17,"Moderna, Oxford/AstraZeneca, Pfizer/BioNTech",913615,336131,1249746
2021-03-18,"Johnson&Johnson, Moderna, Oxford/AstraZeneca, Pfizer/BioNTech",951615,348547,1300162
2021-03-19,"Moderna, Oxford/AstraZeneca, Pfizer/BioNTech",986121,362158,1348279
2021-03-20,"Johnson&Johnson, Moderna, Oxford/AstraZeneca, Pfizer/BioNTech",1001281,364189,1365470
2021-03-21,"Johnson&Johnson, Moderna, Oxford/AstraZeneca, Pfizer/BioNTech",1008713,365748,1374461
2021-03-22,"Johnson&Johnson, Moderna, Oxford/AstraZeneca, Pfizer/BioNTech",1033294,378253,1411547
2021-03-23,"Johnson&Johnson, Moderna, Oxford/AstraZeneca, Pfizer/BioNTech",1059963,391610,1451573
2021-03-24,"Johnson&Johnson, Moderna, Oxford/AstraZeneca, Pfizer/BioNTech",1086841,407355,1494196
2021-03-25,"Moderna, Oxford/AstraZeneca, Pfizer/BioNTech",1113188,425208,1538396
2021-03-26,"Johnson&Johnson, Moderna, Oxford/AstraZeneca, Pfizer/BioNTech",1138012,442714,1580726
2021-03-27,"Johnson&Johnson, Moderna, Oxford/AstraZeneca, Pfizer/BioNTech",1146456,447560,1594016
2021-03-28,"Moderna, Oxford/AstraZeneca, Pfizer/BioNTech",1151999,451707,1603706
2021-03-29,"Johnson&Johnson, Moderna, Oxford/AstraZeneca, Pfizer/BioNTech",1171136,472446,1643582
2021-03-30,"Johnson&Johnson, Moderna, Oxford/AstraZeneca, Pfizer/BioNTech",1195828,494627,1690455
2021-03-31,"Johnson&Johnson, Moderna, Oxford/AstraZeneca, Pfizer/BioNTech",1218960,521694,1740654
2021-04-01,"Johnson&Johnson, Moderna, Oxford/AstraZeneca, Pfizer/BioNTech",1244622,553756,1798378
2021-04-02,"Johnson&Johnson, Moderna, Oxford/AstraZeneca, Pfizer/BioNTech",1251565,566548,1818113
2021-04-03,"Johnson&Johnson, Moderna, Oxford/AstraZeneca, Pfizer/BioNTech",1255199,577475,1832674
2021-04-04,"Johnson&Johnson, Moderna, Oxford/AstraZeneca, Pfizer/BioNTech",1257724,586397,1844121
2021-04-05,"Johnson&Johnson, Moderna, Oxford/AstraZeneca, Pfizer/BioNTech",1260141,593590,1853731
2021-04-06,"Johnson&Johnson, Moderna, Oxford/AstraZeneca, Pfizer/BioNTech",1276320,622852,1899172
2021-04-07,"Johnson&Johnson, Moderna, Oxford/AstraZeneca, Pfizer/BioNTech",1299777,645089,1944866
2021-04-08,"Johnson&Johnson, Moderna, Oxford/AstraZeneca, Pfizer/BioNTech",1338544,676122,2014666
2021-04-09,"Johnson&Johnson, Moderna, Oxford/AstraZeneca, Pfizer/BioNTech",1378117,706313,2084430
2021-04-10,"Johnson&Johnson, Moderna, Oxford/AstraZeneca, Pfizer/BioNTech",1393655,721608,2115263
2021-04-11,"Johnson&Johnson, Moderna, Oxford/AstraZeneca, Pfizer/BioNTech",1403449,731659,2135108
2021-04-12,"Johnson&Johnson, Moderna, Oxford/AstraZeneca, Pfizer/BioNTech",1441755,756804,2198559
2021-04-13,"Moderna, Oxford/AstraZeneca, Pfizer/BioNTech",1478035,782846,2260881
2021-04-14,"Moderna, Oxford/AstraZeneca, Pfizer/BioNTech",1516894,810214,2327108
2021-04-15,"Moderna, Oxford/AstraZeneca, Pfizer/BioNTech",1564713,835980,2400693
2021-04-16,"Moderna, Oxford/AstraZeneca, Pfizer/BioNTech",1609400,861648,2471048
2021-04-17,"Moderna, Oxford/AstraZeneca, Pfizer/BioNTech",1626101,870676,2496777
2021-04-18,"Moderna, Oxford/AstraZeneca, Pfizer/BioNTech",1639094,875659,2514753
2021-04-19,"Moderna, Oxford/AstraZeneca, Pfizer/BioNTech",1683056,891097,2574153
2021-04-20,"Johnson&Johnson, Moderna, Oxford/AstraZeneca, Pfizer/BioNTech",1725633,906968,2632601
2021-04-21,"Moderna, Oxford/AstraZeneca, Pfizer/BioNTech",1773392,921326,2694718
2021-04-22,"Johnson&Johnson, Moderna, Oxford/AstraZeneca, Pfizer/BioNTech",1827904,938719,2766623
2021-04-23,"Johnson&Johnson, Moderna, Oxford/AstraZeneca, Pfizer/BioNTech",1877899,950777,2828676
2021-04-24,"Johnson&Johnson, Moderna, Oxford/AstraZeneca, Pfizer/BioNTech",1895757,956032,2851789
2021-04-25,"Johnson&Johnson, Moderna, Oxford/AstraZeneca, Pfizer/BioNTech",1910456,960030,2870486
2021-04-26,"Johnson&Johnson, Moderna, Oxford/AstraZeneca, Pfizer/BioNTech",1960053,967586,2927639
2021-04-27,"Johnson&Johnson, Moderna, Oxford/AstraZeneca, Pfizer/BioNTech",2009039,979824,2988863
2021-04-28,"Johnson&Johnson, Moderna, Oxford/AstraZeneca, Pfizer/BioNTech",2067818,993833,3061651
2021-04-29,"Johnson&Johnson, Moderna, Oxford/AstraZeneca, Pfizer/BioNTech",2133409,1009736,3143145
2021-04-30,"Johnson&Johnson, Moderna, Oxford/AstraZeneca, Pfizer/BioNTech",2195678,1019718,3215396
2021-05-01,"Johnson&Johnson, Moderna, Oxford/AstraZeneca, Pfizer/BioNTech",2215041,1023173,3238214
2021-05-02,"Johnson&Johnson, Moderna, Oxford/AstraZeneca, Pfizer/BioNTech",2233976,1025450,3259426
2021-05-03,"Johnson&Johnson, Moderna, Oxford/AstraZeneca, Pfizer/BioNTech",2301249,1030519,3331768
2021-05-04,"Johnson&Johnson, Moderna, Oxford/AstraZeneca, Pfizer/BioNTech",2367783,1038872,3406655
2021-05-05,"Johnson&Johnson, Moderna, Oxford/AstraZeneca, Pfizer/BioNTech",2440979,1048290,3489269
2021-05-06,"Johnson&Johnson, Moderna, Oxford/AstraZeneca, Pfizer/BioNTech",2521403,1059029,3580432
2021-05-07,"Johnson&Johnson, Moderna, Oxford/AstraZeneca, Pfizer/BioNTech",2598720,1069152,3667872
2021-05-08,"Johnson&Johnson, Moderna, Oxford/AstraZeneca, Pfizer/BioNTech",2628210,1070930,3699140
2021-05-09,"Johnson&Johnson, Moderna, Oxford/AstraZeneca, Pfizer/BioNTech",2652439,1072145,3724584
2021-05-10,"Johnson&Johnson, Moderna, Oxford/AstraZeneca, Pfizer/BioNTech",2725243,1079379,3804622
2021-05-11,"Johnson&Johnson, Moderna, Oxford/AstraZeneca, Pfizer/BioNTech",2801373,1088200,3889573
2021-05-12,"Johnson&Johnson, Moderna, Oxford/AstraZeneca, Pfizer/BioNTech",2881288,1097323,3978611
2021-05-13,"Johnson&Johnson, Moderna, Oxford/AstraZeneca, Pfizer/BioNTech",2965327,1106494,4071821
2021-05-14,"Johnson&Johnson, Moderna, Oxford/AstraZeneca, Pfizer/BioNTech",3044825,1114295,4159120
2021-05-15,"Johnson&Johnson, Moderna, Oxford/AstraZeneca, Pfizer/BioNTech",3076757,1116558,4193315
2021-05-16,"Johnson&Johnson, Moderna, Oxford/AstraZeneca, Pfizer/BioNTech",3102557,1117833,4220390
2021-05-17,"Johnson&Johnson, Moderna, Oxford/AstraZeneca, Pfizer/BioNTech",3175100,1124572,4299672
2021-05-18,"Johnson&Johnson, Moderna, Oxford/AstraZeneca, Pfizer/BioNTech",3247058,1137668,4384726
2021-05-19,"Johnson&Johnson, Moderna, Oxford/AstraZeneca, Pfizer/BioNTech",3324536,1152820,4477356
2021-05-20,"Johnson&Johnson, Moderna, Oxford/AstraZeneca, Pfizer/BioNTech",3400021,1179872,4579893
2021-05-21,"Johnson&Johnson, Moderna, Oxford/AstraZeneca, Pfizer/BioNTech",3468836,1207651,4676487
2021-05-22,"Johnson&Johnson, Moderna, Oxford/AstraZeneca, Pfizer/BioNTech",3501253,1218865,4720118
2021-05-23,"Johnson&Johnson, Moderna, Oxford/AstraZeneca, Pfizer/BioNTech",3523657,1227905,4751562
2021-05-24,"Johnson&Johnson, Moderna, Oxford/AstraZeneca, Pfizer/BioNTech",3570811,1261572,4832383
2021-05-25,"Johnson&Johnson, Moderna, Oxford/AstraZeneca, Pfizer/BioNTech",3622697,1297396,4920093
2021-05-26,"Johnson&Johnson, Moderna, Oxford/AstraZeneca, Pfizer/BioNTech",3690475,1334935,5025410
2021-05-27,"Johnson&Johnson, Moderna, Oxford/AstraZeneca, Pfizer/BioNTech",3751898,1382287,5134185
2021-05-28,"Johnson&Johnson, Moderna, Oxford/AstraZeneca, Pfizer/BioNTech",3813623,1428870,5242493
2021-05-29,"Johnson&Johnson, Moderna, Oxford/AstraZeneca, Pfizer/BioNTech",3842848,1445979,5288827
2021-05-30,"Johnson&Johnson, Moderna, Oxford/AstraZeneca, Pfizer/BioNTech",3865240,1460430,5325670
2021-05-31,"Johnson&Johnson, Moderna, Oxford/AstraZeneca, Pfizer/BioNTech",3920986,1507954,5428940
2021-06-01,"Johnson&Johnson, Moderna, Oxford/AstraZeneca, Pfizer/BioNTech",3980043,1556821,5536864
2021-06-02,"Johnson&Johnson, Moderna, Oxford/AstraZeneca, Pfizer/BioNTech",4042981,1610829,5653810
2021-06-03,"Johnson&Johnson, Moderna, Oxford/AstraZeneca, Pfizer/BioNTech",4101228,1671056,5772284
2021-06-04,"Johnson&Johnson, Moderna, Oxford/AstraZeneca, Pfizer/BioNTech",4164350,1728480,5892830
2021-06-05,"Johnson&Johnson, Moderna, Oxford/AstraZeneca, Pfizer/BioNTech",4198515,1747363,5945878
2021-06-06,"Johnson&Johnson, Moderna, Oxford/AstraZeneca, Pfizer/BioNTech",4225446,1762520,5987966
2021-06-07,"Johnson&Johnson, Moderna, Oxford/AstraZeneca, Pfizer/BioNTech",4289136,1818162,6107298
2021-06-08,"Johnson&Johnson, Moderna, Oxford/AstraZeneca, Pfizer/BioNTech",4353119,1873160,6226279
2021-06-09,"Johnson&Johnson, Moderna, Oxford/AstraZeneca, Pfizer/BioNTech",4412323,1937810,6350133
2021-06-10,"Johnson&Johnson, Moderna, Oxford/AstraZeneca, Pfizer/BioNTech",4466173,2009082,6475255
2021-06-11,"Johnson&Johnson, Moderna, Oxford/AstraZeneca, Pfizer/BioNTech",4518281,2078874,6597155
2021-06-12,"Johnson&Johnson, Moderna, Oxford/AstraZeneca, Pfizer/BioNTech",4550298,2099684,6649982
2021-06-13,"Johnson&Johnson, Moderna, Oxford/AstraZeneca, Pfizer/BioNTech",4574332,2118104,6692436
2021-06-14,"Johnson&Johnson, Moderna, Oxford/AstraZeneca, Pfizer/BioNTech",4617414,2192502,6809916
2021-06-15,"Johnson&Johnson, Moderna, Oxford/AstraZeneca, Pfizer/BioNTech",4662083,2264883,6926966
2021-06-16,"Johnson&Johnson, Moderna, Oxford/AstraZeneca, Pfizer/BioNTech",4704854,2343125,7047979
2021-06-17,"Johnson&Johnson, Moderna, Oxford/AstraZeneca, Pfizer/BioNTech",4744257,2426222,7170479
2021-06-18,"Johnson&Johnson, Moderna, Oxford/AstraZeneca, Pfizer/BioNTech",4786675,2506782,7293457
2021-06-19,"Johnson&Johnson, Moderna, Oxford/AstraZeneca, Pfizer/BioNTech",4808441,2536090,7344531
2021-06-20,"Johnson&Johnson, Moderna, Oxford/AstraZeneca, Pfizer/BioNTech",4825825,2559932,7385757
2021-06-21,"Johnson&Johnson, Moderna, Oxford/AstraZeneca, Pfizer/BioNTech",4858324,2638536,7496860
2021-06-22,"Johnson&Johnson, Moderna, Oxford/AstraZeneca, Pfizer/BioNTech",4891267,2720824,7612091
2021-06-23,"Johnson&Johnson, Moderna, Oxford/AstraZeneca, Pfizer/BioNTech",4922939,2806043,7728982
2021-06-24,"Johnson&Johnson, Moderna, Oxford/AstraZeneca, Pfizer/BioNTech",4952776,2896073,7848849
2021-06-25,"Johnson&Johnson, Moderna, Oxford/AstraZeneca, Pfizer/BioNTech",4983841,2982266,7966107
2021-06-26,"Johnson&Johnson, Moderna, Oxford/AstraZeneca, Pfizer/BioNTech",4999724,3017110,8016834
2021-06-27,"Johnson&Johnson, Moderna, Oxford/AstraZeneca, Pfizer/BioNTech",5013675,3043787,8057462
2021-06-28,"Johnson&Johnson, Moderna, Oxford/AstraZeneca, Pfizer/BioNTech",5042085,3128995,8171080
2021-06-29,"Johnson&Johnson, Moderna, Oxford/AstraZeneca, Pfizer/BioNTech",5071358,3215483,8286841
2021-06-30,"Johnson&Johnson, Moderna, Oxford/AstraZeneca, Pfizer/BioNTech",5098843,3306491,8405334
2021-07-01,"Johnson&Johnson, Moderna, Oxford/AstraZeneca, Pfizer/BioNTech",5122814,3396556,8519370
2021-07-02,"Johnson&Johnson, Moderna, Oxford/AstraZeneca, Pfizer/BioNTech",5149527,3482424,8631951
2021-07-03,"Johnson&Johnson, Moderna, Oxford/AstraZeneca, Pfizer/BioNTech",5156612,3513948,8670560
2021-07-04,"Johnson&Johnson, Moderna, Oxford/AstraZeneca, Pfizer/BioNTech",5164171,3535753,8699924
2021-07-05,"Johnson&Johnson, Moderna, Oxford/AstraZeneca, Pfizer/BioNTech",5171552,3561132,8732684
2021-07-06,"Johnson&Johnson, Moderna, Oxford/AstraZeneca, Pfizer/BioNTech",5176977,3588802,8765779
2021-07-07,"Johnson&Johnson, Moderna, Oxford/AstraZeneca, Pfizer/BioNTech",5202766,3667793,8870559
2021-07-08,"Johnson&Johnson, Moderna, Oxford/AstraZeneca, Pfizer/BioNTech",5229367,3738116,8967483
2021-07-09,"Johnson&Johnson, Moderna, Oxford/AstraZeneca, Pfizer/BioNTech",5257284,3807412,9064696
2021-07-10,"Johnson&Johnson, Moderna, Oxford/AstraZeneca, Pfizer/BioNTech",5266642,3836061,9102703
2021-07-11,"Johnson&Johnson, Moderna, Oxford/AstraZeneca, Pfizer/BioNTech",5275177,3858944,9134121
2021-07-12,"Johnson&Johnson, Moderna, Oxford/AstraZeneca, Pfizer/BioNTech",5302685,3928023,9230708
2021-07-13,"Johnson&Johnson, Moderna, Oxford/AstraZeneca, Pfizer/BioNTech",5328872,3997881,9326753
2021-07-14,"Johnson&Johnson, Moderna, Oxford/AstraZeneca, Pfizer/BioNTech",5354679,4069859,9424538
2021-07-15,"Johnson&Johnson, Moderna, Oxford/AstraZeneca, Pfizer/BioNTech",5383834,4135857,9519691
2021-07-16,"Johnson&Johnson, Moderna, Oxford/AstraZeneca, Pfizer/BioNTech",5411751,4208578,9620329
2021-07-17,"Johnson&Johnson, Moderna, Oxford/AstraZeneca, Pfizer/BioNTech",5420524,4240016,9660540
2021-07-18,"Johnson&Johnson, Moderna, Oxford/AstraZeneca, Pfizer/BioNTech",5428964,4266014,9694978
2021-07-19,"Johnson&Johnson, Moderna, Oxford/AstraZeneca, Pfizer/BioNTech",5452308,4333036,9785344
2021-07-20,"Johnson&Johnson, Moderna, Oxford/AstraZeneca, Pfizer/BioNTech",5473684,4400082,9873766
2021-07-21,"Johnson&Johnson, Moderna, Oxford/AstraZeneca, Pfizer/BioNTech",5497131,4463529,9960660
2021-07-22,"Johnson&Johnson, Moderna, Oxford/AstraZeneca, Pfizer/BioNTech",5519483,4522134,10041617
2021-07-23,"Johnson&Johnson, Moderna, Oxford/AstraZeneca, Pfizer/BioNTech",5542690,4576858,10119548
2021-07-24,"Johnson&Johnson, Moderna, Oxford/AstraZeneca, Pfizer/BioNTech",5550011,4604519,10154530
2021-07-25,"Johnson&Johnson, Moderna, Oxford/AstraZeneca, Pfizer/BioNTech",5556625,4626641,10183266
2021-07-26,"Johnson&Johnson, Moderna, Oxford/AstraZeneca, Pfizer/BioNTech",5580167,4675305,10255472
2021-07-27,"Johnson&Johnson, Moderna, Oxford/AstraZeneca, Pfizer/BioNTech",5602890,4721915,10324805
2021-07-28,"Johnson&Johnson, Moderna, Oxford/AstraZeneca, Pfizer/BioNTech",5624136,4767878,10392014
2021-07-29,"Johnson&Johnson, Moderna, Oxford/AstraZeneca, Pfizer/BioNTech",5645453,4809802,10455255
2021-07-30,"Johnson&Johnson, Moderna, Oxford/AstraZeneca, Pfizer/BioNTech",5668723,4852338,10521061
2021-07-31,"Johnson&Johnson, Moderna, Oxford/AstraZeneca, Pfizer/BioNTech",5677643,4871853,10549496
2021-08-01,"Johnson&Johnson, Moderna, Oxford/AstraZeneca, Pfizer/BioNTech",5684365,4888016,10572381
2021-08-02,"Johnson&Johnson, Moderna, Oxford/AstraZeneca, Pfizer/BioNTech",5702996,4925540,10628536
2021-08-03,"Johnson&Johnson, Moderna, Oxford/AstraZeneca, Pfizer/BioNTech",5720622,4963614,10684236
2021-08-04,"Johnson&Johnson, Moderna, Oxford/AstraZeneca, Pfizer/BioNTech",5736720,5000328,10737048
2021-08-05,"Johnson&Johnson, Moderna, Oxford/AstraZeneca, Pfizer/BioNTech",5752755,5040777,10793532
2021-08-06,"Johnson&Johnson, Moderna, Oxford/AstraZeneca, Pfizer/BioNTech",5769534,5084033,10853567
2021-08-07,"Johnson&Johnson, Moderna, Oxford/AstraZeneca, Pfizer/BioNTech",5775129,5102190,10877319
2021-08-08,"Johnson&Johnson, Moderna, Oxford/AstraZeneca, Pfizer/BioNTech",5779485,5117931,10897416
2021-08-09,"Johnson&Johnson, Moderna, Oxford/AstraZeneca, Pfizer/BioNTech",5792120,5162954,10955074
2021-08-10,"Johnson&Johnson, Moderna, Oxford/AstraZeneca, Pfizer/BioNTech",5803955,5202487,11006442
2021-08-11,"Johnson&Johnson, Moderna, Oxford/AstraZeneca, Pfizer/BioNTech",5815313,5245587,11060900
2021-08-12,"Johnson&Johnson, Moderna, Oxford/AstraZeneca, Pfizer/BioNTech",5826730,5282678,11109408
2021-08-13,"Johnson&Johnson, Moderna, Oxford/AstraZeneca, Pfizer/BioNTech",5837452,5322992,11160444
2021-08-14,"Johnson&Johnson, Moderna, Oxford/AstraZeneca, Pfizer/BioNTech",5840787,5333681,11174468
2021-08-15,"Johnson&Johnson, Moderna, Oxford/AstraZeneca, Pfizer/BioNTech",5843369,5344044,11187413
2021-08-16,"Johnson&Johnson, Moderna, Oxford/AstraZeneca, Pfizer/BioNTech",5853157,5378095,11231252
2021-08-17,"Johnson&Johnson, Moderna, Oxford/AstraZeneca, Pfizer/BioNTech",5862749,5405172,11267921
2021-08-18,"Johnson&Johnson, Moderna, Oxford/AstraZeneca, Pfizer/BioNTech",5872117,5444023,11316140
2021-08-19,"Johnson&Johnson, Moderna, Oxford/AstraZeneca, Pfizer/BioNTech",5881782,5482350,11364132
2021-08-20,"Johnson&Johnson, Moderna, Oxford/AstraZeneca, Pfizer/BioNTech",5893167,5522524,11415691
2021-08-21,"Johnson&Johnson, Moderna, Oxford/AstraZeneca, Pfizer/BioNTech",5895886,5535274,11431160
2021-08-22,"Johnson&Johnson, Moderna, Oxford/AstraZeneca, Pfizer/BioNTech",5898225,5547231,11445456
2021-08-23,"Johnson&Johnson, Moderna, Oxford/AstraZeneca, Pfizer/BioNTech",5908753,5586477,11495230
2021-08-24,"Johnson&Johnson, Moderna, Oxford/AstraZeneca, Pfizer/BioNTech",5918619,5619704,11538323
2021-08-25,"Johnson&Johnson, Moderna, Oxford/AstraZeneca, Pfizer/BioNTech",5927484,5648059,11575543
2021-08-26,"Johnson&Johnson, Moderna, Oxford/AstraZeneca, Pfizer/BioNTech",5935927,5674168,11610095
2021-08-27,"Johnson&Johnson, Moderna, Oxford/AstraZeneca, Pfizer/BioNTech",5946246,5700110,11646356
2021-08-28,"Johnson&Johnson, Moderna, Oxford/AstraZeneca, Pfizer/BioNTech",5948971,5707148,11656119
2021-08-29,"Johnson&Johnson, Moderna, Oxford/AstraZeneca, Pfizer/BioNTech",5951380,5713767,11665147
2021-08-30,"Johnson&Johnson, Moderna, Oxford/AstraZeneca, Pfizer/BioNTech",5959905,5735623,11695528
2021-08-31,"Johnson&Johnson, Moderna, Oxford/AstraZeneca, Pfizer/BioNTech",5967580,5753697,11721277
2021-09-01,"Johnson&Johnson, Moderna, Oxford/AstraZeneca, Pfizer/BioNTech",5973467,5767678,11741145
2021-09-02,"Johnson&Johnson, Moderna, Oxford/AstraZeneca, Pfizer/BioNTech",5980305,5782060,11762365
2021-09-03,"Johnson&Johnson, Moderna, Oxford/AstraZeneca, Pfizer/BioNTech",5989861,5797759,11787620
2021-09-04,"Johnson&Johnson, Moderna, Oxford/AstraZeneca, Pfizer/BioNTech",5991929,5801309,11793238
2021-09-05,"Johnson&Johnson, Moderna, Oxford/AstraZeneca, Pfizer/BioNTech",5993967,5804150,11798117
2021-09-06,"Johnson&Johnson, Moderna, Oxford/AstraZeneca, Pfizer/BioNTech",6000203,5816670,11816873
2021-09-07,"Johnson&Johnson, Moderna, Oxford/AstraZeneca, Pfizer/BioNTech",6004595,5827761,11832356
2021-09-08,"Johnson&Johnson, Moderna, Oxford/AstraZeneca, Pfizer/BioNTech",6010262,5837598,11847860
2021-09-09,"Johnson&Johnson, Moderna, Oxford/AstraZeneca, Pfizer/BioNTech",6016945,5847652,11864597
2021-09-10,"Johnson&Johnson, Moderna, Oxford/AstraZeneca, Pfizer/BioNTech",6024630,5859823,11884453
2021-09-11,"Johnson&Johnson, Moderna, Oxford/AstraZeneca, Pfizer/BioNTech",6026493,5862300,11888793
2021-09-12,"Johnson&Johnson, Moderna, Oxford/AstraZeneca, Pfizer/BioNTech",6027608,5863927,11891535
2021-09-13,"Johnson&Johnson, Moderna, Oxford/AstraZeneca, Pfizer/BioNTech",6033038,5874214,11907252
2021-09-14,"Johnson&Johnson, Moderna, Oxford/AstraZeneca, Pfizer/BioNTech",6038422,5883220,11921642
2021-09-15,"Johnson&Johnson, Moderna, Oxford/AstraZeneca, Pfizer/BioNTech",6043615,5891735,11935350
2021-09-16,"Johnson&Johnson, Moderna, Oxford/AstraZeneca, Pfizer/BioNTech",6048958,5900002,11948960
2021-09-17,"Johnson&Johnson, Moderna, Oxford/AstraZeneca, Pfizer/BioNTech",6055528,5910226,11965754
2021-09-18,"Johnson&Johnson, Moderna, Oxford/AstraZeneca, Pfizer/BioNTech",6057251,5912580,11969831
2021-09-19,"Johnson&Johnson, Moderna, Oxford/AstraZeneca, Pfizer/BioNTech",6058192,5914145,11972337
2021-09-20,"Johnson&Johnson, Moderna, Oxford/AstraZeneca, Pfizer/BioNTech",6062206,5922337,11984543
2021-09-21,"Johnson&Johnson, Moderna, Oxford/AstraZeneca, Pfizer/BioNTech",6066432,5929862,11996294
2021-09-22,"Johnson&Johnson, Moderna, Oxford/AstraZeneca, Pfizer/BioNTech",6070612,5935372,12005984
2021-09-23,"Johnson&Johnson, Moderna, Oxford/AstraZeneca, Pfizer/BioNTech",6075584,5941769,12017353
2021-09-24,"Johnson&Johnson, Moderna, Oxford/AstraZeneca, Pfizer/BioNTech",6081343,5951384,12032727
2021-09-25,"Johnson&Johnson, Moderna, Oxford/AstraZeneca, Pfizer/BioNTech",6082837,5953379,12036216
2021-09-26,"Johnson&Johnson, Moderna, Pfizer/BioNTech",6083578,5955016,12038594
2021-09-27,"Johnson&Johnson, Moderna, Oxford/AstraZeneca, Pfizer/BioNTech",6087457,5961521,12048978
2021-09-28,"Johnson&Johnson, Moderna, Pfizer/BioNTech",6087818,5962140,12049958
2021-09-29,"Johnson&Johnson, Moderna, Oxford/AstraZeneca, Pfizer/BioNTech",6091593,5969598,12061191
2021-09-30,"Johnson&Johnson, Moderna, Oxford/AstraZeneca, Pfizer/BioNTech",6096093,5977292,12073385
2021-10-01,"Johnson&Johnson, Moderna, Oxford/AstraZeneca, Pfizer/BioNTech",6100388,5985257,12085645
2021-10-02,"Johnson&Johnson, Moderna, Oxford/AstraZeneca, Pfizer/BioNTech",6101449,5986793,12088242
2021-10-03,"Johnson&Johnson, Moderna, Pfizer/BioNTech",6102171,5987658,12089829
2021-10-04,"Johnson&Johnson, Moderna, Oxford/AstraZeneca, Pfizer/BioNTech",6105245,5993223,12098468
2021-10-05,"Johnson&Johnson, Moderna, Oxford/AstraZeneca, Pfizer/BioNTech",6108403,5998290,12106693
2021-10-06,"Johnson&Johnson, Moderna, Oxford/AstraZeneca, Pfizer/BioNTech",6111913,6003453,12115366
2021-10-07,"Johnson&Johnson, Moderna, Oxford/AstraZeneca, Pfizer/BioNTech",6115182,6008702,12123884
2021-10-08,"Johnson&Johnson, Moderna, Oxford/AstraZeneca, Pfizer/BioNTech",6119971,6015331,12135302
2021-10-09,"Johnson&Johnson, Moderna, Oxford/AstraZeneca, Pfizer/BioNTech",6121214,6016983,12138197
2021-10-10,"Johnson&Johnson, Moderna, Oxford/AstraZeneca, Pfizer/BioNTech",6122154,6017812,12139966
2021-10-11,"Johnson&Johnson, Moderna, Oxford/AstraZeneca, Pfizer/BioNTech",6125083,6022222,12147305
2021-10-12,"Johnson&Johnson, Moderna, Oxford/AstraZeneca, Pfizer/BioNTech",6128008,6026220,12154228
2021-10-13,"Johnson&Johnson, Moderna, Oxford/AstraZeneca, Pfizer/BioNTech",6131539,6030399,12161938
2021-10-14,"Johnson&Johnson, Moderna, Oxford/AstraZeneca, Pfizer/BioNTech",6135215,6035343,12170558
2021-10-15,"Johnson&Johnson, Moderna, Oxford/AstraZeneca, Pfizer/BioNTech",6140443,6041482,12181925
2021-10-16,"Johnson&Johnson, Moderna, Oxford/AstraZeneca, Pfizer/BioNTech",6141854,6043002,12184856
2021-10-17,"Johnson&Johnson, Moderna, Pfizer/BioNTech",6143176,6044055,12187231
2021-10-18,"Johnson&Johnson, Moderna, Oxford/AstraZeneca, Pfizer/BioNTech",6147290,6048149,12195439
2021-10-19,"Johnson&Johnson, Moderna, Oxford/AstraZeneca, Pfizer/BioNTech",6150870,6050241,12201111
2021-10-20,"Johnson&Johnson, Moderna, Oxford/AstraZeneca, Pfizer/BioNTech",6155743,6054685,12210428
2021-10-21,"Johnson&Johnson, Moderna, Oxford/AstraZeneca, Pfizer/BioNTech",6163509,6060282,12223791
2021-10-22,"Johnson&Johnson, Moderna, Oxford/AstraZeneca, Pfizer/BioNTech",6173951,6066781,12240732
2021-10-23,"Johnson&Johnson, Moderna, Oxford/AstraZeneca, Pfizer/BioNTech",6177627,6068989,12246616
2021-10-24,"Johnson&Johnson, Moderna, Pfizer/BioNTech",6180311,6070768,12251079
2021-10-25,"Johnson&Johnson, Moderna, Oxford/AstraZeneca, Pfizer/BioNTech",6190800,6076567,12267367
2021-10-26,"Johnson&Johnson, Moderna, Oxford/AstraZeneca, Pfizer/BioNTech",6202782,6083107,12285889
2021-10-27,"Johnson&Johnson, Moderna, Oxford/AstraZeneca, Pfizer/BioNTech",6217387,6090509,12307896
2021-10-28,"Johnson&Johnson, Moderna, Oxford/AstraZeneca, Pfizer/BioNTech",6220802,6092182,12312984
2021-10-29,"Johnson&Johnson, Moderna, Oxford/AstraZeneca, Pfizer/BioNTech",6235223,6100150,12335373
2021-10-30,"Johnson&Johnson, Moderna, Pfizer/BioNTech",6239753,6103067,12342820
2021-10-31,"Johnson&Johnson, Moderna, Oxford/AstraZeneca, Pfizer/BioNTech",6243515,6105537,12349052
2021-11-01,"Johnson&Johnson, Moderna, Oxford/AstraZeneca, Pfizer/BioNTech",6258715,6113220,12371935
2021-11-02,"Johnson&Johnson, Moderna, Oxford/AstraZeneca, Pfizer/BioNTech",6274162,6120768,12394930
2021-11-03,"Johnson&Johnson, Moderna, Oxford/AstraZeneca, Pfizer/BioNTech",6291342,6128056,12419398
2021-11-04,"Johnson&Johnson, Moderna, Oxford/AstraZeneca, Pfizer/BioNTech",6309694,6136224,12445918
2021-11-05,"Johnson&Johnson, Moderna, Oxford/AstraZeneca, Pfizer/BioNTech",6332493,6147491,12479984
2021-11-06,"Johnson&Johnson, Moderna, Pfizer/BioNTech",6339004,6150541,12489545
2021-11-07,"Johnson&Johnson, Moderna, Pfizer/BioNTech",6343024,6152974,12495998
2021-11-08,"Johnson&Johnson, Moderna, Oxford/AstraZeneca, Pfizer/BioNTech",6359298,6160603,12519901
2021-11-09,"Johnson&Johnson, Moderna, Oxford/AstraZeneca, Pfizer/BioNTech",6374105,6167896,12542001
2021-11-10,"Johnson&Johnson, Moderna, Oxford/AstraZeneca, Pfizer/BioNTech",6389844,6175268,12565112
2021-11-11,"Johnson&Johnson, Moderna, Oxford/AstraZeneca, Pfizer/BioNTech",6405305,6184367,12589672
2021-11-12,"Johnson&Johnson, Moderna, Oxford/AstraZeneca, Pfizer/BioNTech",6425106,6197146,12622252
2021-11-13,"Johnson&Johnson, Moderna, Oxford/AstraZeneca, Pfizer/BioNTech",6430494,6201010,12631504
2021-11-14,"Johnson&Johnson, Moderna, Oxford/AstraZeneca, Pfizer/BioNTech",6434384,6204012,12638396
2021-11-15,"Johnson&Johnson, Moderna, Oxford/AstraZeneca, Pfizer/BioNTech",6449458,6214694,12664152
2021-11-16,"Johnson&Johnson, Moderna, Oxford/AstraZeneca, Pfizer/BioNTech",6466992,6226669,12693661
2021-11-17,"Johnson&Johnson, Moderna, Oxford/AstraZeneca, Pfizer/BioNTech",6471233,6230230,12701463
2021-11-18,"Johnson&Johnson, Moderna, Oxford/AstraZeneca, Pfizer/BioNTech",6490642,6241909,12732551
2021-11-19,"Johnson&Johnson, Moderna, Oxford/AstraZeneca, Pfizer/BioNTech",6515257,6258880,12774137
2021-11-20,"Johnson&Johnson, Moderna, Pfizer/BioNTech",6523829,6263856,12787685
2021-11-21,"Johnson&Johnson, Moderna, Pfizer/BioNTech",6530602,6267627,12798229
2021-11-22,"Johnson&Johnson, Moderna, Oxford/AstraZeneca, Pfizer/BioNTech",6549110,6281731,12830841
2021-11-23,"Johnson&Johnson, Moderna, Oxford/AstraZeneca, Pfizer/BioNTech",6568170,6294986,12863156
2021-11-24,"Johnson&Johnson, Moderna, Oxford/AstraZeneca, Pfizer/BioNTech",6587157,6310825,12897982
2021-11-25,"Johnson&Johnson, Moderna, Oxford/AstraZeneca, Pfizer/BioNTech",6606305,6325845,12932150
2021-11-26,"Johnson&Johnson, Moderna, Oxford/AstraZeneca, Pfizer/BioNTech",6627948,6344968,12972916
2021-11-27,"Johnson&Johnson, Moderna, Pfizer/BioNTech",6635411,6350518,12985929
2021-11-28,"Johnson&Johnson, Moderna, Oxford/AstraZeneca, Pfizer/BioNTech",6638743,6353652,12992395
2021-11-29,"Johnson&Johnson, Moderna, Oxford/AstraZeneca, Pfizer/BioNTech",6653943,6367304,13021247
2021-11-30,"Johnson&Johnson, Moderna, Oxford/AstraZeneca, Pfizer/BioNTech",6667130,6378522,13045652
2021-12-01,"Johnson&Johnson, Moderna, Oxford/AstraZeneca, Pfizer/BioNTech",6681146,6390962,13072108
2021-12-02,"Johnson&Johnson, Moderna, Oxford/AstraZeneca, Pfizer/BioNTech",6691771,6403447,13095218
2021-12-03,"Johnson&Johnson, Moderna, Oxford/AstraZeneca, Pfizer/BioNTech",6701394,6419008,13120402
2021-12-04,"Johnson&Johnson, Moderna, Pfizer/BioNTech",6703951,6422954,13126905
2021-12-05,"Johnson&Johnson, Moderna, Pfizer/BioNTech",6705306,6425293,13130599
2021-12-06,"Johnson&Johnson, Moderna, Oxford/AstraZeneca, Pfizer/BioNTech",6713447,6436811,13150258
2021-12-07,"Johnson&Johnson, Moderna, Oxford/AstraZeneca, Pfizer/BioNTech",6721301,6448801,13170102
2021-12-08,"Johnson&Johnson, Moderna, Oxford/AstraZeneca, Pfizer/BioNTech",6729523,6454715,13184238
2021-12-09,"Johnson&Johnson, Moderna, Oxford/AstraZeneca, Pfizer/BioNTech",6736621,6467522,13204143
2021-12-10,"Johnson&Johnson, Moderna, Oxford/AstraZeneca, Pfizer/BioNTech",6743514,6485324,13228838
2021-12-11,"Johnson&Johnson, Moderna, Pfizer/BioNTech",6745171,6490593,13235764
2021-12-12,"Johnson&Johnson, Moderna, Pfizer/BioNTech",6746478,6495022,13241500
2021-12-13,"Johnson&Johnson, Moderna, Oxford/AstraZeneca, Pfizer/BioNTech",6752819,6508328,13261147
2021-12-14,"Johnson&Johnson, Moderna, Oxford/AstraZeneca, Pfizer/BioNTech",6759005,6521989,13280994
2021-12-15,"Johnson&Johnson, Moderna, Oxford/AstraZeneca, Pfizer/BioNTech",6765168,6535583,13300751
2021-12-16,"Johnson&Johnson, Moderna, Oxford/AstraZeneca, Pfizer/BioNTech",6772070,6550412,13322482
2021-12-17,"Johnson&Johnson, Moderna, Oxford/AstraZeneca, Pfizer/BioNTech",6780373,6567655,13348028
2021-12-18,"Johnson&Johnson, Moderna, Oxford/AstraZeneca, Pfizer/BioNTech",6782968,6573099,13356067
2021-12-19,"Johnson&Johnson, Moderna, Pfizer/BioNTech",6784737,6575599,13360336
2021-12-20,"Johnson&Johnson, Moderna, Oxford/AstraZeneca, Pfizer/BioNTech",6790496,6589618,13380114
2021-12-21,"Johnson&Johnson, Moderna, Oxford/AstraZeneca, Pfizer/BioNTech",6797112,6601599,13398711
2021-12-22,"Johnson&Johnson, Moderna, Oxford/AstraZeneca, Pfizer/BioNTech",6802144,6614627,13416771
2021-12-23,"Johnson&Johnson, Moderna, Oxford/AstraZeneca, Pfizer/BioNTech",6805003,6620214,13425217
2021-12-24,"Johnson&Johnson, Moderna, Pfizer/BioNTech",6805044,6620310,13425354
2021-12-25,"Moderna, Pfizer/BioNTech",6805044,6620315,13425359
2021-12-26,"Moderna, Pfizer/BioNTech",6805142,6620513,13425655
2021-12-27,"Johnson&Johnson, Moderna, Pfizer/BioNTech",6808970,6630230,13439200
2021-12-28,"Johnson&Johnson, Moderna, Pfizer/BioNTech",6814187,6638165,13452352
2021-12-29,"Johnson&Johnson, Moderna, Oxford/AstraZeneca, Pfizer/BioNTech",6818467,6645861,13464328
2021-12-30,"Johnson&Johnson, Moderna, Pfizer/BioNTech",6822762,6651266,13474028
2021-12-31,"Johnson&Johnson, Moderna, Pfizer/BioNTech",6823265,6652677,13475942
2022-01-01,"Johnson&Johnson, Moderna, Pfizer/BioNTech",6823266,6652695,13475961
2022-01-02,"Johnson&Johnson, Moderna, Pfizer/BioNTech",6824118,6654074,13478192
2022-01-03,"Johnson&Johnson, Moderna, Oxford/AstraZeneca, Pfizer/BioNTech",6828067,6662925,13490992
2022-01-04,"Johnson&Johnson, Moderna, Oxford/AstraZeneca, Pfizer/BioNTech",6833143,6670655,13503798
2022-01-05,"Johnson&Johnson, Moderna, Oxford/AstraZeneca, Pfizer/BioNTech",6838916,6678543,13517459
2022-01-06,"Johnson&Johnson, Moderna, Oxford/AstraZeneca, Pfizer/BioNTech",6845470,6686892,13532362
2022-01-07,"Johnson&Johnson, Moderna, Oxford/AstraZeneca, Pfizer/BioNTech",6853242,6697093,13550335
2022-01-08,"Johnson&Johnson, Moderna, Oxford/AstraZeneca, Pfizer/BioNTech",6855707,6699859,13555566
2022-01-09,"Johnson&Johnson, Moderna, Pfizer/BioNTech",6856790,6701557,13558347
2022-01-10,"Johnson&Johnson, Moderna, Oxford/AstraZeneca, Pfizer/BioNTech",6861142,6707577,13568719
2022-01-11,"Johnson&Johnson, Moderna, Oxford/AstraZeneca, Pfizer/BioNTech",6865926,6713680,13579606
