date,vaccine,people_vaccinated,people_fully_vaccinated,total_vaccinations
2020-12-27,Pfizer/BioNTech,1284,0,1284
2020-12-28,Pfizer/BioNTech,3590,0,3590
2020-12-29,Pfizer/BioNTech,7059,1,7060
2020-12-30,Pfizer/BioNTech,10579,1,10580
2020-12-31,Pfizer/BioNTech,11891,1,11892
2021-01-01,"Moderna, Pfizer/BioNTech",12160,1,12161
2021-01-02,Pfizer/BioNTech,13441,1,13442
2021-01-03,"Moderna, Pfizer/BioNTech",14365,1,14366
2021-01-04,"Moderna, Pfizer/BioNTech",17979,1,17980
2021-01-05,"Moderna, Pfizer/BioNTech",22504,3,22507
2021-01-06,"Moderna, Pfizer/BioNTech",28355,4,28359
2021-01-07,"Moderna, Pfizer/BioNTech",36354,4,36358
2021-01-08,"Moderna, Pfizer/BioNTech",46405,5,46410
2021-01-09,"Moderna, Pfizer/BioNTech",48432,6,48438
2021-01-10,Pfizer/BioNTech,50200,7,50207
2021-01-11,Pfizer/BioNTech,60055,9,60064
2021-01-12,"Moderna, Pfizer/BioNTech",73510,11,73521
2021-01-13,Pfizer/BioNTech,87053,11,87064
2021-01-14,"Moderna, Pfizer/BioNTech",102302,15,102317
2021-01-15,"Moderna, Pfizer/BioNTech",116322,16,116338
2021-01-16,"Moderna, Pfizer/BioNTech",119725,20,119745
2021-01-17,"Moderna, Pfizer/BioNTech",122341,656,122997
2021-01-18,"Moderna, Pfizer/BioNTech",134832,2482,137314
2021-01-19,"Moderna, Pfizer/BioNTech",147438,5208,152646
2021-01-20,"Moderna, Pfizer/BioNTech",161129,7871,169000
2021-01-21,"Moderna, Pfizer/BioNTech",176783,9617,186400
2021-01-22,"Moderna, Pfizer/BioNTech",191672,10663,202335
2021-01-23,"Moderna, Pfizer/BioNTech",194993,11544,206537
2021-01-24,"Moderna, Pfizer/BioNTech",197248,12413,209661
2021-01-25,"Moderna, Pfizer/BioNTech",206896,15387,222283
2021-01-26,"Moderna, Pfizer/BioNTech",217440,19382,236822
2021-01-27,"Moderna, Pfizer/BioNTech",226468,23920,250388
2021-01-28,"Moderna, Pfizer/BioNTech",233570,30057,263627
2021-01-29,"Moderna, Pfizer/BioNTech",239787,37968,277755
2021-01-30,"Moderna, Pfizer/BioNTech",240527,39056,279583
2021-01-31,"Moderna, Pfizer/BioNTech",241242,40238,281480
2021-02-01,"Moderna, Pfizer/BioNTech",245223,48203,293426
2021-02-02,"Moderna, Pfizer/BioNTech",249371,58440,307811
2021-02-03,"Moderna, Pfizer/BioNTech",253796,69461,323257
2021-02-04,"Moderna, Pfizer/BioNTech",258699,82453,341152
2021-02-05,"Moderna, Pfizer/BioNTech",264168,93127,357295
2021-02-06,"Moderna, Oxford/AstraZeneca, Pfizer/BioNTech",265020,95495,360515
2021-02-07,"Moderna, Oxford/AstraZeneca, Pfizer/BioNTech",265872,97995,363867
2021-02-08,"Moderna, Oxford/AstraZeneca, Pfizer/BioNTech",269958,109427,379385
2021-02-09,"Moderna, Oxford/AstraZeneca, Pfizer/BioNTech",275057,121339,396396
2021-02-10,"Moderna, Oxford/AstraZeneca, Pfizer/BioNTech",280569,134599,415168
2021-02-11,"Moderna, Oxford/AstraZeneca, Pfizer/BioNTech",286907,150815,437722
2021-02-12,"Moderna, Oxford/AstraZeneca, Pfizer/BioNTech",293732,165556,459288
2021-02-13,"Moderna, Oxford/AstraZeneca, Pfizer/BioNTech",295344,168545,463889
2021-02-14,"Moderna, Oxford/AstraZeneca, Pfizer/BioNTech",296347,169929,466276
2021-02-15,"Moderna, Oxford/AstraZeneca, Pfizer/BioNTech",302746,179297,482043
2021-02-16,"Moderna, Oxford/AstraZeneca, Pfizer/BioNTech",311465,188381,499846
2021-02-17,"Moderna, Oxford/AstraZeneca, Pfizer/BioNTech",321163,196688,517851
2021-02-18,"Moderna, Oxford/AstraZeneca, Pfizer/BioNTech",333484,204772,538256
2021-02-19,"Moderna, Oxford/AstraZeneca, Pfizer/BioNTech",345344,212148,557492
2021-02-20,"Moderna, Oxford/AstraZeneca, Pfizer/BioNTech",347347,213334,560681
2021-02-21,"Moderna, Oxford/AstraZeneca, Pfizer/BioNTech",348482,214358,562840
2021-02-22,"Moderna, Oxford/AstraZeneca, Pfizer/BioNTech",358607,220392,578999
2021-02-23,"Moderna, Oxford/AstraZeneca, Pfizer/BioNTech",371565,227379,598944
2021-02-24,"Moderna, Oxford/AstraZeneca, Pfizer/BioNTech",385442,233416,618858
2021-02-25,"Moderna, Oxford/AstraZeneca, Pfizer/BioNTech",403417,238968,642385
2021-02-26,"Moderna, Oxford/AstraZeneca, Pfizer/BioNTech",419593,244321,663914
2021-02-27,"Moderna, Oxford/AstraZeneca, Pfizer/BioNTech",422602,244879,667481
2021-02-28,"Moderna, Oxford/AstraZeneca, Pfizer/BioNTech",424954,245431,670385
2021-03-01,"Moderna, Oxford/AstraZeneca, Pfizer/BioNTech",444548,248880,693428
2021-03-02,"Moderna, Oxford/AstraZeneca, Pfizer/BioNTech",471777,252429,724206
2021-03-03,"Moderna, Oxford/AstraZeneca, Pfizer/BioNTech",502726,256934,759660
2021-03-04,"Moderna, Oxford/AstraZeneca, Pfizer/BioNTech",536016,261621,797637
2021-03-05,"Johnson&Johnson, Moderna, Oxford/AstraZeneca, Pfizer/BioNTech",564857,267045,831902
2021-03-06,"Johnson&Johnson, Moderna, Oxford/AstraZeneca, Pfizer/BioNTech",577005,267906,844911
2021-03-07,"Johnson&Johnson, Moderna, Oxford/AstraZeneca, Pfizer/BioNTech",588548,268748,857296
2021-03-08,"Johnson&Johnson, Moderna, Oxford/AstraZeneca, Pfizer/BioNTech",618295,273604,891899
2021-03-09,"Johnson&Johnson, Moderna, Oxford/AstraZeneca, Pfizer/BioNTech",654651,279986,934637
2021-03-10,"Johnson&Johnson, Moderna, Oxford/AstraZeneca, Pfizer/BioNTech",695970,286945,982915
2021-03-11,"Johnson&Johnson, Moderna, Oxford/AstraZeneca, Pfizer/BioNTech",740807,295318,1036125
2021-03-12,"Johnson&Johnson, Moderna, Oxford/AstraZeneca, Pfizer/BioNTech",779580,303812,1083392
2021-03-13,"Johnson&Johnson, Moderna, Oxford/AstraZeneca, Pfizer/BioNTech",796672,305123,1101795
2021-03-14,"Johnson&Johnson, Moderna, Oxford/AstraZeneca, Pfizer/BioNTech",808790,306277,1115067
2021-03-15,"Johnson&Johnson, Moderna, Oxford/AstraZeneca, Pfizer/BioNTech",837176,315055,1152231
2021-03-16,"Johnson&Johnson, Moderna, Oxford/AstraZeneca, Pfizer/BioNTech",876067,325593,1201660
2021-03-17,"Moderna, Oxford/AstraZeneca, Pfizer/BioNTech",913548,336103,1249651
2021-03-18,"Johnson&Johnson, Moderna, Oxford/AstraZeneca, Pfizer/BioNTech",951544,348517,1300061
2021-03-19,"Moderna, Oxford/AstraZeneca, Pfizer/BioNTech",986047,362128,1348175
2021-03-20,"Johnson&Johnson, Moderna, Oxford/AstraZeneca, Pfizer/BioNTech",1001204,364158,1365362
2021-03-21,"Johnson&Johnson, Moderna, Oxford/AstraZeneca, Pfizer/BioNTech",1008631,365716,1374347
2021-03-22,"Johnson&Johnson, Moderna, Oxford/AstraZeneca, Pfizer/BioNTech",1033210,378220,1411430
2021-03-23,"Johnson&Johnson, Moderna, Oxford/AstraZeneca, Pfizer/BioNTech",1059875,391576,1451451
2021-03-24,"Johnson&Johnson, Moderna, Oxford/AstraZeneca, Pfizer/BioNTech",1086750,407319,1494069
2021-03-25,"Moderna, Oxford/AstraZeneca, Pfizer/BioNTech",1113094,425171,1538265
2021-03-26,"Johnson&Johnson, Moderna, Oxford/AstraZeneca, Pfizer/BioNTech",1137916,442677,1580593
2021-03-27,"Johnson&Johnson, Moderna, Oxford/AstraZeneca, Pfizer/BioNTech",1146359,447523,1593882
2021-03-28,"Moderna, Oxford/AstraZeneca, Pfizer/BioNTech",1151902,451669,1603571
2021-03-29,"Johnson&Johnson, Moderna, Oxford/AstraZeneca, Pfizer/BioNTech",1171037,472407,1643444
2021-03-30,"Johnson&Johnson, Moderna, Oxford/AstraZeneca, Pfizer/BioNTech",1195728,494588,1690316
2021-03-31,"Johnson&Johnson, Moderna, Oxford/AstraZeneca, Pfizer/BioNTech",1218856,521655,1740511
2021-04-01,"Johnson&Johnson, Moderna, Oxford/AstraZeneca, Pfizer/BioNTech",1244510,553716,1798226
2021-04-02,"Johnson&Johnson, Moderna, Oxford/AstraZeneca, Pfizer/BioNTech",1251450,566508,1817958
2021-04-03,"Johnson&Johnson, Moderna, Oxford/AstraZeneca, Pfizer/BioNTech",1255082,577435,1832517
2021-04-04,"Johnson&Johnson, Moderna, Oxford/AstraZeneca, Pfizer/BioNTech",1257603,586356,1843959
2021-04-05,"Johnson&Johnson, Moderna, Oxford/AstraZeneca, Pfizer/BioNTech",1260018,593549,1853567
2021-04-06,"Johnson&Johnson, Moderna, Oxford/AstraZeneca, Pfizer/BioNTech",1276194,622807,1899001
2021-04-07,"Johnson&Johnson, Moderna, Oxford/AstraZeneca, Pfizer/BioNTech",1299648,645041,1944689
2021-04-08,"Johnson&Johnson, Moderna, Oxford/AstraZeneca, Pfizer/BioNTech",1338412,676072,2014484
2021-04-09,"Johnson&Johnson, Moderna, Oxford/AstraZeneca, Pfizer/BioNTech",1377985,706261,2084246
2021-04-10,"Johnson&Johnson, Moderna, Oxford/AstraZeneca, Pfizer/BioNTech",1393519,721554,2115073
2021-04-11,"Johnson&Johnson, Moderna, Oxford/AstraZeneca, Pfizer/BioNTech",1403310,731602,2134912
2021-04-12,"Johnson&Johnson, Moderna, Oxford/AstraZeneca, Pfizer/BioNTech",1441610,756746,2198356
2021-04-13,"Moderna, Oxford/AstraZeneca, Pfizer/BioNTech",1477886,782788,2260674
2021-04-14,"Moderna, Oxford/AstraZeneca, Pfizer/BioNTech",1516738,810154,2326892
2021-04-15,"Moderna, Oxford/AstraZeneca, Pfizer/BioNTech",1564556,835919,2400475
2021-04-16,"Moderna, Oxford/AstraZeneca, Pfizer/BioNTech",1609238,861583,2470821
2021-04-17,"Moderna, Oxford/AstraZeneca, Pfizer/BioNTech",1625937,870611,2496548
2021-04-18,"Moderna, Oxford/AstraZeneca, Pfizer/BioNTech",1638929,875593,2514522
2021-04-19,"Moderna, Oxford/AstraZeneca, Pfizer/BioNTech",1682893,891029,2573922
2021-04-20,"Johnson&Johnson, Moderna, Oxford/AstraZeneca, Pfizer/BioNTech",1725469,906897,2632366
2021-04-21,"Moderna, Oxford/AstraZeneca, Pfizer/BioNTech",1773219,921250,2694469
2021-04-22,"Johnson&Johnson, Moderna, Oxford/AstraZeneca, Pfizer/BioNTech",1827733,938641,2766374
2021-04-23,"Johnson&Johnson, Moderna, Oxford/AstraZeneca, Pfizer/BioNTech",1877728,950696,2828424
2021-04-24,"Johnson&Johnson, Moderna, Oxford/AstraZeneca, Pfizer/BioNTech",1895587,955950,2851537
2021-04-25,"Johnson&Johnson, Moderna, Oxford/AstraZeneca, Pfizer/BioNTech",1910285,959948,2870233
2021-04-26,"Johnson&Johnson, Moderna, Oxford/AstraZeneca, Pfizer/BioNTech",1959880,967502,2927382
2021-04-27,"Johnson&Johnson, Moderna, Oxford/AstraZeneca, Pfizer/BioNTech",2008870,979737,2988607
2021-04-28,"Johnson&Johnson, Moderna, Oxford/AstraZeneca, Pfizer/BioNTech",2067648,993744,3061392
2021-04-29,"Johnson&Johnson, Moderna, Oxford/AstraZeneca, Pfizer/BioNTech",2133237,1009645,3142882
2021-04-30,"Johnson&Johnson, Moderna, Oxford/AstraZeneca, Pfizer/BioNTech",2195502,1019626,3215128
2021-05-01,"Johnson&Johnson, Moderna, Oxford/AstraZeneca, Pfizer/BioNTech",2214862,1023081,3237943
2021-05-02,"Johnson&Johnson, Moderna, Oxford/AstraZeneca, Pfizer/BioNTech",2233794,1025357,3259151
2021-05-03,"Johnson&Johnson, Moderna, Oxford/AstraZeneca, Pfizer/BioNTech",2301060,1030423,3331483
2021-05-04,"Johnson&Johnson, Moderna, Oxford/AstraZeneca, Pfizer/BioNTech",2367593,1038771,3406364
2021-05-05,"Johnson&Johnson, Moderna, Oxford/AstraZeneca, Pfizer/BioNTech",2440778,1048188,3488966
2021-05-06,"Johnson&Johnson, Moderna, Oxford/AstraZeneca, Pfizer/BioNTech",2521201,1058922,3580123
2021-05-07,"Johnson&Johnson, Moderna, Oxford/AstraZeneca, Pfizer/BioNTech",2598485,1069010,3667495
2021-05-08,"Johnson&Johnson, Moderna, Oxford/AstraZeneca, Pfizer/BioNTech",2627972,1070785,3698757
2021-05-09,"Johnson&Johnson, Moderna, Oxford/AstraZeneca, Pfizer/BioNTech",2652197,1072000,3724197
2021-05-10,"Johnson&Johnson, Moderna, Oxford/AstraZeneca, Pfizer/BioNTech",2724995,1079232,3804227
2021-05-11,"Johnson&Johnson, Moderna, Oxford/AstraZeneca, Pfizer/BioNTech",2801122,1088053,3889175
2021-05-12,"Johnson&Johnson, Moderna, Oxford/AstraZeneca, Pfizer/BioNTech",2881024,1097174,3978198
2021-05-13,"Johnson&Johnson, Moderna, Oxford/AstraZeneca, Pfizer/BioNTech",2965063,1106341,4071404
2021-05-14,"Johnson&Johnson, Moderna, Oxford/AstraZeneca, Pfizer/BioNTech",3044562,1114142,4158704
2021-05-15,"Johnson&Johnson, Moderna, Oxford/AstraZeneca, Pfizer/BioNTech",3076485,1116402,4192887
2021-05-16,"Johnson&Johnson, Moderna, Oxford/AstraZeneca, Pfizer/BioNTech",3102279,1117677,4219956
2021-05-17,"Johnson&Johnson, Moderna, Oxford/AstraZeneca, Pfizer/BioNTech",3174814,1124412,4299226
2021-05-18,"Johnson&Johnson, Moderna, Oxford/AstraZeneca, Pfizer/BioNTech",3246773,1137507,4384280
2021-05-19,"Johnson&Johnson, Moderna, Oxford/AstraZeneca, Pfizer/BioNTech",3324249,1152650,4476899
2021-05-20,"Johnson&Johnson, Moderna, Oxford/AstraZeneca, Pfizer/BioNTech",3399732,1179697,4579429
2021-05-21,"Johnson&Johnson, Moderna, Oxford/AstraZeneca, Pfizer/BioNTech",3468541,1207474,4676015
2021-05-22,"Johnson&Johnson, Moderna, Oxford/AstraZeneca, Pfizer/BioNTech",3500953,1218686,4719639
2021-05-23,"Johnson&Johnson, Moderna, Oxford/AstraZeneca, Pfizer/BioNTech",3523353,1227724,4751077
2021-05-24,"Johnson&Johnson, Moderna, Oxford/AstraZeneca, Pfizer/BioNTech",3570507,1261389,4831896
2021-05-25,"Johnson&Johnson, Moderna, Oxford/AstraZeneca, Pfizer/BioNTech",3622379,1297210,4919589
2021-05-26,"Johnson&Johnson, Moderna, Oxford/AstraZeneca, Pfizer/BioNTech",3690155,1334747,5024902
2021-05-27,"Johnson&Johnson, Moderna, Oxford/AstraZeneca, Pfizer/BioNTech",3751576,1382094,5133670
2021-05-28,"Johnson&Johnson, Moderna, Oxford/AstraZeneca, Pfizer/BioNTech",3813297,1428675,5241972
2021-05-29,"Johnson&Johnson, Moderna, Oxford/AstraZeneca, Pfizer/BioNTech",3842514,1445785,5288299
2021-05-30,"Johnson&Johnson, Moderna, Oxford/AstraZeneca, Pfizer/BioNTech",3864901,1460235,5325136
2021-05-31,"Johnson&Johnson, Moderna, Oxford/AstraZeneca, Pfizer/BioNTech",3920643,1507757,5428400
2021-06-01,"Johnson&Johnson, Moderna, Oxford/AstraZeneca, Pfizer/BioNTech",3979693,1556619,5536312
2021-06-02,"Johnson&Johnson, Moderna, Oxford/AstraZeneca, Pfizer/BioNTech",4042623,1610623,5653246
2021-06-03,"Johnson&Johnson, Moderna, Oxford/AstraZeneca, Pfizer/BioNTech",4100865,1670847,5771712
2021-06-04,"Johnson&Johnson, Moderna, Oxford/AstraZeneca, Pfizer/BioNTech",4163979,1728270,5892249
2021-06-05,"Johnson&Johnson, Moderna, Oxford/AstraZeneca, Pfizer/BioNTech",4198135,1747150,5945285
2021-06-06,"Johnson&Johnson, Moderna, Oxford/AstraZeneca, Pfizer/BioNTech",4225061,1762301,5987362
2021-06-07,"Johnson&Johnson, Moderna, Oxford/AstraZeneca, Pfizer/BioNTech",4288744,1817936,6106680
2021-06-08,"Johnson&Johnson, Moderna, Oxford/AstraZeneca, Pfizer/BioNTech",4352726,1872928,6225654
2021-06-09,"Johnson&Johnson, Moderna, Oxford/AstraZeneca, Pfizer/BioNTech",4411918,1937567,6349485
2021-06-10,"Johnson&Johnson, Moderna, Oxford/AstraZeneca, Pfizer/BioNTech",4465769,2008833,6474602
2021-06-11,"Johnson&Johnson, Moderna, Oxford/AstraZeneca, Pfizer/BioNTech",4517876,2078615,6596491
2021-06-12,"Johnson&Johnson, Moderna, Oxford/AstraZeneca, Pfizer/BioNTech",4549890,2099421,6649311
2021-06-13,"Johnson&Johnson, Moderna, Oxford/AstraZeneca, Pfizer/BioNTech",4573915,2117827,6691742
2021-06-14,"Johnson&Johnson, Moderna, Oxford/AstraZeneca, Pfizer/BioNTech",4616992,2192219,6809211
2021-06-15,"Johnson&Johnson, Moderna, Oxford/AstraZeneca, Pfizer/BioNTech",4661650,2264592,6926242
2021-06-16,"Johnson&Johnson, Moderna, Oxford/AstraZeneca, Pfizer/BioNTech",4704413,2342828,7047241
2021-06-17,"Johnson&Johnson, Moderna, Oxford/AstraZeneca, Pfizer/BioNTech",4743809,2425923,7169732
2021-06-18,"Johnson&Johnson, Moderna, Oxford/AstraZeneca, Pfizer/BioNTech",4786217,2506475,7292692
2021-06-19,"Johnson&Johnson, Moderna, Oxford/AstraZeneca, Pfizer/BioNTech",4807984,2535778,7343762
2021-06-20,"Johnson&Johnson, Moderna, Oxford/AstraZeneca, Pfizer/BioNTech",4825361,2559618,7384979
2021-06-21,"Johnson&Johnson, Moderna, Oxford/AstraZeneca, Pfizer/BioNTech",4857861,2638220,7496081
2021-06-22,"Johnson&Johnson, Moderna, Oxford/AstraZeneca, Pfizer/BioNTech",4890808,2720496,7611304
2021-06-23,"Johnson&Johnson, Moderna, Oxford/AstraZeneca, Pfizer/BioNTech",4922469,2805709,7728178
2021-06-24,"Johnson&Johnson, Moderna, Oxford/AstraZeneca, Pfizer/BioNTech",4952304,2895737,7848041
2021-06-25,"Johnson&Johnson, Moderna, Oxford/AstraZeneca, Pfizer/BioNTech",4983363,2981911,7965274
2021-06-26,"Johnson&Johnson, Moderna, Oxford/AstraZeneca, Pfizer/BioNTech",4999243,3016747,8015990
2021-06-27,"Johnson&Johnson, Moderna, Oxford/AstraZeneca, Pfizer/BioNTech",5013191,3043419,8056610
2021-06-28,"Johnson&Johnson, Moderna, Oxford/AstraZeneca, Pfizer/BioNTech",5041605,3128618,8170223
2021-06-29,"Johnson&Johnson, Moderna, Oxford/AstraZeneca, Pfizer/BioNTech",5070876,3215105,8285981
2021-06-30,"Johnson&Johnson, Moderna, Oxford/AstraZeneca, Pfizer/BioNTech",5098361,3306110,8404471
2021-07-01,"Johnson&Johnson, Moderna, Oxford/AstraZeneca, Pfizer/BioNTech",5122331,3396171,8518502
2021-07-02,"Johnson&Johnson, Moderna, Oxford/AstraZeneca, Pfizer/BioNTech",5149040,3482028,8631068
2021-07-03,"Johnson&Johnson, Moderna, Oxford/AstraZeneca, Pfizer/BioNTech",5156119,3513547,8669666
2021-07-04,"Johnson&Johnson, Moderna, Oxford/AstraZeneca, Pfizer/BioNTech",5163679,3535349,8699028
2021-07-05,"Johnson&Johnson, Moderna, Oxford/AstraZeneca, Pfizer/BioNTech",5171061,3560721,8731782
2021-07-06,"Johnson&Johnson, Moderna, Oxford/AstraZeneca, Pfizer/BioNTech",5176485,3588386,8764871
2021-07-07,"Johnson&Johnson, Moderna, Oxford/AstraZeneca, Pfizer/BioNTech",5202272,3667369,8869641
2021-07-08,"Johnson&Johnson, Moderna, Oxford/AstraZeneca, Pfizer/BioNTech",5228869,3737688,8966557
2021-07-09,"Johnson&Johnson, Moderna, Oxford/AstraZeneca, Pfizer/BioNTech",5256784,3806974,9063758
2021-07-10,"Johnson&Johnson, Moderna, Oxford/AstraZeneca, Pfizer/BioNTech",5266136,3835617,9101753
2021-07-11,"Johnson&Johnson, Moderna, Oxford/AstraZeneca, Pfizer/BioNTech",5274666,3858492,9133158
2021-07-12,"Johnson&Johnson, Moderna, Oxford/AstraZeneca, Pfizer/BioNTech",5302175,3927571,9229746
2021-07-13,"Johnson&Johnson, Moderna, Oxford/AstraZeneca, Pfizer/BioNTech",5328361,3997421,9325782
2021-07-14,"Johnson&Johnson, Moderna, Oxford/AstraZeneca, Pfizer/BioNTech",5354166,4069392,9423558
2021-07-15,"Johnson&Johnson, Moderna, Oxford/AstraZeneca, Pfizer/BioNTech",5383320,4135383,9518703
2021-07-16,"Johnson&Johnson, Moderna, Oxford/AstraZeneca, Pfizer/BioNTech",5411243,4208094,9619337
2021-07-17,"Johnson&Johnson, Moderna, Oxford/AstraZeneca, Pfizer/BioNTech",5420013,4239528,9659541
2021-07-18,"Johnson&Johnson, Moderna, Oxford/AstraZeneca, Pfizer/BioNTech",5428451,4265519,9693970
2021-07-19,"Johnson&Johnson, Moderna, Oxford/AstraZeneca, Pfizer/BioNTech",5451796,4332533,9784329
2021-07-20,"Johnson&Johnson, Moderna, Oxford/AstraZeneca, Pfizer/BioNTech",5473173,4399573,9872746
2021-07-21,"Johnson&Johnson, Moderna, Oxford/AstraZeneca, Pfizer/BioNTech",5496617,4463014,9959631
2021-07-22,"Johnson&Johnson, Moderna, Oxford/AstraZeneca, Pfizer/BioNTech",5518970,4521610,10040580
2021-07-23,"Johnson&Johnson, Moderna, Oxford/AstraZeneca, Pfizer/BioNTech",5542171,4576328,10118499
2021-07-24,"Johnson&Johnson, Moderna, Oxford/AstraZeneca, Pfizer/BioNTech",5549484,4603979,10153463
2021-07-25,"Johnson&Johnson, Moderna, Oxford/AstraZeneca, Pfizer/BioNTech",5556098,4626098,10182196
2021-07-26,"Johnson&Johnson, Moderna, Oxford/AstraZeneca, Pfizer/BioNTech",5579635,4674754,10254389
2021-07-27,"Johnson&Johnson, Moderna, Oxford/AstraZeneca, Pfizer/BioNTech",5602355,4721356,10323711
2021-07-28,"Johnson&Johnson, Moderna, Oxford/AstraZeneca, Pfizer/BioNTech",5623600,4767311,10390911
2021-07-29,"Johnson&Johnson, Moderna, Oxford/AstraZeneca, Pfizer/BioNTech",5644913,4809229,10454142
2021-07-30,"Johnson&Johnson, Moderna, Oxford/AstraZeneca, Pfizer/BioNTech",5668181,4851749,10519930
2021-07-31,"Johnson&Johnson, Moderna, Oxford/AstraZeneca, Pfizer/BioNTech",5677102,4871259,10548361
2021-08-01,"Johnson&Johnson, Moderna, Oxford/AstraZeneca, Pfizer/BioNTech",5683819,4887417,10571236
2021-08-02,"Johnson&Johnson, Moderna, Oxford/AstraZeneca, Pfizer/BioNTech",5702448,4924938,10627386
2021-08-03,"Johnson&Johnson, Moderna, Oxford/AstraZeneca, Pfizer/BioNTech",5720074,4963003,10683077
2021-08-04,"Johnson&Johnson, Moderna, Oxford/AstraZeneca, Pfizer/BioNTech",5736172,4999708,10735880
2021-08-05,"Johnson&Johnson, Moderna, Oxford/AstraZeneca, Pfizer/BioNTech",5752206,5040150,10792356
2021-08-06,"Johnson&Johnson, Moderna, Oxford/AstraZeneca, Pfizer/BioNTech",5768985,5083398,10852383
2021-08-07,"Johnson&Johnson, Moderna, Oxford/AstraZeneca, Pfizer/BioNTech",5774580,5101550,10876130
2021-08-08,"Johnson&Johnson, Moderna, Oxford/AstraZeneca, Pfizer/BioNTech",5778936,5117286,10896222
2021-08-09,"Johnson&Johnson, Moderna, Oxford/AstraZeneca, Pfizer/BioNTech",5791572,5162307,10953879
2021-08-10,"Johnson&Johnson, Moderna, Oxford/AstraZeneca, Pfizer/BioNTech",5803409,5201835,11005244
2021-08-11,"Johnson&Johnson, Moderna, Oxford/AstraZeneca, Pfizer/BioNTech",5814767,5244928,11059695
2021-08-12,"Johnson&Johnson, Moderna, Oxford/AstraZeneca, Pfizer/BioNTech",5826183,5282017,11108200
2021-08-13,"Johnson&Johnson, Moderna, Oxford/AstraZeneca, Pfizer/BioNTech",5836906,5322327,11159233
2021-08-14,"Johnson&Johnson, Moderna, Oxford/AstraZeneca, Pfizer/BioNTech",5840241,5333013,11173254
2021-08-15,"Johnson&Johnson, Moderna, Oxford/AstraZeneca, Pfizer/BioNTech",5842823,5343375,11186198
2021-08-16,"Johnson&Johnson, Moderna, Oxford/AstraZeneca, Pfizer/BioNTech",5852611,5377422,11230033
2021-08-17,"Johnson&Johnson, Moderna, Oxford/AstraZeneca, Pfizer/BioNTech",5862204,5404496,11266700
2021-08-18,"Johnson&Johnson, Moderna, Oxford/AstraZeneca, Pfizer/BioNTech",5871572,5443346,11314918
2021-08-19,"Johnson&Johnson, Moderna, Oxford/AstraZeneca, Pfizer/BioNTech",5881237,5481671,11362908
2021-08-20,"Johnson&Johnson, Moderna, Oxford/AstraZeneca, Pfizer/BioNTech",5892621,5521840,11414461
2021-08-21,"Johnson&Johnson, Moderna, Oxford/AstraZeneca, Pfizer/BioNTech",5895340,5534587,11429927
2021-08-22,"Johnson&Johnson, Moderna, Oxford/AstraZeneca, Pfizer/BioNTech",5897679,5546543,11444222
2021-08-23,"Johnson&Johnson, Moderna, Oxford/AstraZeneca, Pfizer/BioNTech",5908207,5585785,11493992
2021-08-24,"Johnson&Johnson, Moderna, Oxford/AstraZeneca, Pfizer/BioNTech",5918073,5619009,11537082
2021-08-25,"Johnson&Johnson, Moderna, Oxford/AstraZeneca, Pfizer/BioNTech",5926938,5647364,11574302
2021-08-26,"Johnson&Johnson, Moderna, Oxford/AstraZeneca, Pfizer/BioNTech",5935382,5673474,11608856
2021-08-27,"Johnson&Johnson, Moderna, Oxford/AstraZeneca, Pfizer/BioNTech",5945700,5699413,11645113
2021-08-28,"Johnson&Johnson, Moderna, Oxford/AstraZeneca, Pfizer/BioNTech",5948424,5706450,11654874
2021-08-29,"Johnson&Johnson, Moderna, Oxford/AstraZeneca, Pfizer/BioNTech",5950834,5713069,11663903
2021-08-30,"Johnson&Johnson, Moderna, Oxford/AstraZeneca, Pfizer/BioNTech",5959358,5734923,11694281
2021-08-31,"Johnson&Johnson, Moderna, Oxford/AstraZeneca, Pfizer/BioNTech",5967032,5752994,11720026
2021-09-01,"Johnson&Johnson, Moderna, Oxford/AstraZeneca, Pfizer/BioNTech",5972918,5766976,11739894
2021-09-02,"Johnson&Johnson, Moderna, Oxford/AstraZeneca, Pfizer/BioNTech",5979754,5781357,11761111
2021-09-03,"Johnson&Johnson, Moderna, Oxford/AstraZeneca, Pfizer/BioNTech",5989309,5797054,11786363
2021-09-04,"Johnson&Johnson, Moderna, Oxford/AstraZeneca, Pfizer/BioNTech",5991377,5800604,11791981
2021-09-05,"Johnson&Johnson, Moderna, Oxford/AstraZeneca, Pfizer/BioNTech",5993415,5803445,11796860
2021-09-06,"Johnson&Johnson, Moderna, Oxford/AstraZeneca, Pfizer/BioNTech",5999651,5815962,11815613
2021-09-07,"Johnson&Johnson, Moderna, Oxford/AstraZeneca, Pfizer/BioNTech",6004043,5827054,11831097
2021-09-08,"Johnson&Johnson, Moderna, Oxford/AstraZeneca, Pfizer/BioNTech",6009709,5836889,11846598
2021-09-09,"Johnson&Johnson, Moderna, Oxford/AstraZeneca, Pfizer/BioNTech",6016392,5846943,11863335
2021-09-10,"Johnson&Johnson, Moderna, Oxford/AstraZeneca, Pfizer/BioNTech",6024077,5859114,11883191
2021-09-11,"Johnson&Johnson, Moderna, Oxford/AstraZeneca, Pfizer/BioNTech",6025940,5861591,11887531
2021-09-12,"Johnson&Johnson, Moderna, Oxford/AstraZeneca, Pfizer/BioNTech",6027055,5863217,11890272
2021-09-13,"Johnson&Johnson, Moderna, Oxford/AstraZeneca, Pfizer/BioNTech",6032484,5873503,11905987
2021-09-14,"Johnson&Johnson, Moderna, Oxford/AstraZeneca, Pfizer/BioNTech",6037869,5882510,11920379
2021-09-15,"Johnson&Johnson, Moderna, Oxford/AstraZeneca, Pfizer/BioNTech",6043058,5891022,11934080
2021-09-16,"Johnson&Johnson, Moderna, Oxford/AstraZeneca, Pfizer/BioNTech",6048401,5899289,11947690
2021-09-17,"Johnson&Johnson, Moderna, Oxford/AstraZeneca, Pfizer/BioNTech",6054971,5909512,11964483
2021-09-18,"Johnson&Johnson, Moderna, Oxford/AstraZeneca, Pfizer/BioNTech",6056694,5911866,11968560
2021-09-19,"Johnson&Johnson, Moderna, Oxford/AstraZeneca, Pfizer/BioNTech",6057635,5913431,11971066
2021-09-20,"Johnson&Johnson, Moderna, Oxford/AstraZeneca, Pfizer/BioNTech",6061648,5921623,11983271
2021-09-21,"Johnson&Johnson, Moderna, Oxford/AstraZeneca, Pfizer/BioNTech",6065874,5929149,11995023
2021-09-22,"Johnson&Johnson, Moderna, Oxford/AstraZeneca, Pfizer/BioNTech",6070053,5934659,12004712
2021-09-23,"Johnson&Johnson, Moderna, Oxford/AstraZeneca, Pfizer/BioNTech",6075029,5941059,12016088
2021-09-24,"Johnson&Johnson, Moderna, Oxford/AstraZeneca, Pfizer/BioNTech",6080789,5950673,12031462
2021-09-25,"Johnson&Johnson, Moderna, Oxford/AstraZeneca, Pfizer/BioNTech",6082283,5952668,12034951
2021-09-26,"Johnson&Johnson, Moderna, Pfizer/BioNTech",6083024,5954306,12037330
2021-09-27,"Johnson&Johnson, Moderna, Oxford/AstraZeneca, Pfizer/BioNTech",6086902,5960808,12047710
2021-09-28,"Johnson&Johnson, Moderna, Pfizer/BioNTech",6087262,5961426,12048688
2021-09-29,"Johnson&Johnson, Moderna, Oxford/AstraZeneca, Pfizer/BioNTech",6091037,5968882,12059919
2021-09-30,"Johnson&Johnson, Moderna, Oxford/AstraZeneca, Pfizer/BioNTech",6095537,5976576,12072113
2021-10-01,"Johnson&Johnson, Moderna, Oxford/AstraZeneca, Pfizer/BioNTech",6099832,5984540,12084372
2021-10-02,"Johnson&Johnson, Moderna, Oxford/AstraZeneca, Pfizer/BioNTech",6100893,5986076,12086969
2021-10-03,"Johnson&Johnson, Moderna, Pfizer/BioNTech",6101614,5986941,12088555
2021-10-04,"Johnson&Johnson, Moderna, Oxford/AstraZeneca, Pfizer/BioNTech",6104688,5992504,12097192
2021-10-05,"Johnson&Johnson, Moderna, Oxford/AstraZeneca, Pfizer/BioNTech",6107845,5997569,12105414
2021-10-06,"Johnson&Johnson, Moderna, Oxford/AstraZeneca, Pfizer/BioNTech",6111354,6002732,12114086
2021-10-07,"Johnson&Johnson, Moderna, Oxford/AstraZeneca, Pfizer/BioNTech",6114623,6007981,12122604
2021-10-08,"Johnson&Johnson, Moderna, Oxford/AstraZeneca, Pfizer/BioNTech",6119411,6014610,12134021
2021-10-09,"Johnson&Johnson, Moderna, Oxford/AstraZeneca, Pfizer/BioNTech",6120654,6016262,12136916
2021-10-10,"Johnson&Johnson, Moderna, Oxford/AstraZeneca, Pfizer/BioNTech",6121594,6017090,12138684
2021-10-11,"Johnson&Johnson, Moderna, Oxford/AstraZeneca, Pfizer/BioNTech",6124523,6021499,12146022
2021-10-12,"Johnson&Johnson, Moderna, Oxford/AstraZeneca, Pfizer/BioNTech",6127448,6025496,12152944
2021-10-13,"Johnson&Johnson, Moderna, Oxford/AstraZeneca, Pfizer/BioNTech",6130979,6029674,12160653
2021-10-14,"Johnson&Johnson, Moderna, Oxford/AstraZeneca, Pfizer/BioNTech",6134655,6034618,12169273
2021-10-15,"Johnson&Johnson, Moderna, Oxford/AstraZeneca, Pfizer/BioNTech",6139884,6040757,12180641
2021-10-16,"Johnson&Johnson, Moderna, Oxford/AstraZeneca, Pfizer/BioNTech",6141294,6042277,12183571
2021-10-17,"Johnson&Johnson, Moderna, Pfizer/BioNTech",6142616,6043330,12185946
2021-10-18,"Johnson&Johnson, Moderna, Oxford/AstraZeneca, Pfizer/BioNTech",6146729,6047423,12194152
2021-10-19,"Johnson&Johnson, Moderna, Oxford/AstraZeneca, Pfizer/BioNTech",6150309,6049514,12199823
2021-10-20,"Johnson&Johnson, Moderna, Oxford/AstraZeneca, Pfizer/BioNTech",6155182,6053963,12209145
2021-10-21,"Johnson&Johnson, Moderna, Oxford/AstraZeneca, Pfizer/BioNTech",6162947,6059559,12222506
2021-10-22,"Johnson&Johnson, Moderna, Oxford/AstraZeneca, Pfizer/BioNTech",6173389,6066057,12239446
2021-10-23,"Johnson&Johnson, Moderna, Oxford/AstraZeneca, Pfizer/BioNTech",6177064,6068263,12245327
2021-10-24,"Johnson&Johnson, Moderna, Pfizer/BioNTech",6179748,6070041,12249789
2021-10-25,"Johnson&Johnson, Moderna, Oxford/AstraZeneca, Pfizer/BioNTech",6190235,6075838,12266073
2021-10-26,"Johnson&Johnson, Moderna, Oxford/AstraZeneca, Pfizer/BioNTech",6202218,6082379,12284597
2021-10-27,"Johnson&Johnson, Moderna, Oxford/AstraZeneca, Pfizer/BioNTech",6216821,6089779,12306600
2021-10-28,"Johnson&Johnson, Moderna, Oxford/AstraZeneca, Pfizer/BioNTech",6220236,6091452,12311688
2021-10-29,"Johnson&Johnson, Moderna, Oxford/AstraZeneca, Pfizer/BioNTech",6234657,6099419,12334076
2021-10-30,"Johnson&Johnson, Moderna, Pfizer/BioNTech",6239189,6102337,12341526
2021-10-31,"Johnson&Johnson, Moderna, Oxford/AstraZeneca, Pfizer/BioNTech",6242952,6104809,12347761
2021-11-01,"Johnson&Johnson, Moderna, Oxford/AstraZeneca, Pfizer/BioNTech",6258150,6112490,12370640
2021-11-02,"Johnson&Johnson, Moderna, Oxford/AstraZeneca, Pfizer/BioNTech",6273597,6120038,12393635
2021-11-03,"Johnson&Johnson, Moderna, Oxford/AstraZeneca, Pfizer/BioNTech",6290777,6127326,12418103
2021-11-04,"Johnson&Johnson, Moderna, Oxford/AstraZeneca, Pfizer/BioNTech",6309129,6135494,12444623
2021-11-05,"Johnson&Johnson, Moderna, Oxford/AstraZeneca, Pfizer/BioNTech",6331925,6146759,12478684
2021-11-06,"Johnson&Johnson, Moderna, Pfizer/BioNTech",6338435,6149810,12488245
2021-11-07,"Johnson&Johnson, Moderna, Pfizer/BioNTech",6342453,6152241,12494694
2021-11-08,"Johnson&Johnson, Moderna, Oxford/AstraZeneca, Pfizer/BioNTech",6358760,6159871,12518631
2021-11-09,"Johnson&Johnson, Moderna, Oxford/AstraZeneca, Pfizer/BioNTech",6373566,6167163,12540729
2021-11-10,"Johnson&Johnson, Moderna, Oxford/AstraZeneca, Pfizer/BioNTech",6389304,6174534,12563838
2021-11-11,"Johnson&Johnson, Moderna, Oxford/AstraZeneca, Pfizer/BioNTech",6404766,6183632,12588398
2021-11-12,"Johnson&Johnson, Moderna, Oxford/AstraZeneca, Pfizer/BioNTech",6424567,6196410,12620977
2021-11-13,"Johnson&Johnson, Moderna, Oxford/AstraZeneca, Pfizer/BioNTech",6429956,6200274,12630230
2021-11-14,"Johnson&Johnson, Moderna, Oxford/AstraZeneca, Pfizer/BioNTech",6433844,6203276,12637120
2021-11-15,"Johnson&Johnson, Moderna, Oxford/AstraZeneca, Pfizer/BioNTech",6448920,6213960,12662880
2021-11-16,"Johnson&Johnson, Moderna, Oxford/AstraZeneca, Pfizer/BioNTech",6466457,6225931,12692388
2021-11-17,"Johnson&Johnson, Moderna, Oxford/AstraZeneca, Pfizer/BioNTech",6470697,6229492,12700189
2021-11-18,"Johnson&Johnson, Moderna, Oxford/AstraZeneca, Pfizer/BioNTech",6490102,6241169,12731271
2021-11-19,"Johnson&Johnson, Moderna, Oxford/AstraZeneca, Pfizer/BioNTech",6514720,6258141,12772861
2021-11-20,"Johnson&Johnson, Moderna, Pfizer/BioNTech",6523292,6263117,12786409
2021-11-21,"Johnson&Johnson, Moderna, Pfizer/BioNTech",6530064,6266887,12796951
2021-11-22,"Johnson&Johnson, Moderna, Oxford/AstraZeneca, Pfizer/BioNTech",6548572,6280992,12829564
2021-11-23,"Johnson&Johnson, Moderna, Oxford/AstraZeneca, Pfizer/BioNTech",6567632,6294247,12861879
2021-11-24,"Johnson&Johnson, Moderna, Oxford/AstraZeneca, Pfizer/BioNTech",6586616,6310085,12896701
2021-11-25,"Johnson&Johnson, Moderna, Oxford/AstraZeneca, Pfizer/BioNTech",6605760,6325106,12930866
2021-11-26,"Johnson&Johnson, Moderna, Oxford/AstraZeneca, Pfizer/BioNTech",6627403,6344224,12971627
2021-11-27,"Johnson&Johnson, Moderna, Pfizer/BioNTech",6634864,6349774,12984638
2021-11-28,"Johnson&Johnson, Moderna, Oxford/AstraZeneca, Pfizer/BioNTech",6638196,6352907,12991103
2021-11-29,"Johnson&Johnson, Moderna, Oxford/AstraZeneca, Pfizer/BioNTech",6653394,6366559,13019953
2021-11-30,"Johnson&Johnson, Moderna, Oxford/AstraZeneca, Pfizer/BioNTech",6666571,6377776,13044347
2021-12-01,"Johnson&Johnson, Moderna, Oxford/AstraZeneca, Pfizer/BioNTech",6680580,6390216,13070796
2021-12-02,"Johnson&Johnson, Moderna, Oxford/AstraZeneca, Pfizer/BioNTech",6691204,6402701,13093905
2021-12-03,"Johnson&Johnson, Moderna, Oxford/AstraZeneca, Pfizer/BioNTech",6700825,6418259,13119084
2021-12-04,"Johnson&Johnson, Moderna, Pfizer/BioNTech",6703382,6422205,13125587
2021-12-05,"Johnson&Johnson, Moderna, Pfizer/BioNTech",6704737,6424541,13129278
2021-12-06,"Johnson&Johnson, Moderna, Oxford/AstraZeneca, Pfizer/BioNTech",6712883,6436059,13148942
2021-12-07,"Johnson&Johnson, Moderna, Oxford/AstraZeneca, Pfizer/BioNTech",6720725,6448051,13168776
2021-12-08,"Johnson&Johnson, Moderna, Oxford/AstraZeneca, Pfizer/BioNTech",6728945,6453965,13182910
2021-12-09,"Johnson&Johnson, Moderna, Oxford/AstraZeneca, Pfizer/BioNTech",6736039,6466773,13202812
2021-12-10,"Johnson&Johnson, Moderna, Oxford/AstraZeneca, Pfizer/BioNTech",6742926,6484574,13227500
2021-12-11,"Johnson&Johnson, Moderna, Pfizer/BioNTech",6744583,6489844,13234427
2021-12-12,"Johnson&Johnson, Moderna, Pfizer/BioNTech",6745890,6494274,13240164
2021-12-13,"Johnson&Johnson, Moderna, Oxford/AstraZeneca, Pfizer/BioNTech",6752217,6507578,13259795
2021-12-14,"Johnson&Johnson, Moderna, Oxford/AstraZeneca, Pfizer/BioNTech",6758398,6521238,13279636
2021-12-15,"Johnson&Johnson, Moderna, Oxford/AstraZeneca, Pfizer/BioNTech",6764554,6534829,13299383
2021-12-16,"Johnson&Johnson, Moderna, Oxford/AstraZeneca, Pfizer/BioNTech",6771454,6549636,13321090
2021-12-17,"Johnson&Johnson, Moderna, Oxford/AstraZeneca, Pfizer/BioNTech",6779727,6566877,13346604
2021-12-18,"Johnson&Johnson, Moderna, Oxford/AstraZeneca, Pfizer/BioNTech",6782318,6572319,13354637
2021-12-19,"Johnson&Johnson, Moderna, Pfizer/BioNTech",6784085,6574819,13358904
2021-12-20,"Johnson&Johnson, Moderna, Oxford/AstraZeneca, Pfizer/BioNTech",6789827,6588828,13378655
2021-12-21,"Johnson&Johnson, Moderna, Oxford/AstraZeneca, Pfizer/BioNTech",6796448,6600805,13397253
2021-12-22,"Johnson&Johnson, Moderna, Pfizer/BioNTech",6801469,6613832,13415301
2021-12-23,"Johnson&Johnson, Moderna, Oxford/AstraZeneca, Pfizer/BioNTech",6804326,6619417,13423743
2021-12-24,"Johnson&Johnson, Moderna, Pfizer/BioNTech",6804367,6619513,13423880
2021-12-25,"Moderna, Pfizer/BioNTech",6804367,6619518,13423885
2021-12-26,"Moderna, Pfizer/BioNTech",6804465,6619716,13424181
2021-12-27,"Johnson&Johnson, Moderna, Pfizer/BioNTech",6808290,6629421,13437711
2021-12-28,"Johnson&Johnson, Moderna, Pfizer/BioNTech",6813513,6637347,13450860
2021-12-29,"Johnson&Johnson, Moderna, Oxford/AstraZeneca, Pfizer/BioNTech",6817789,6645042,13462831
2021-12-30,"Johnson&Johnson, Moderna, Pfizer/BioNTech",6822083,6650445,13472528
2021-12-31,"Johnson&Johnson, Moderna, Pfizer/BioNTech",6822586,6651857,13474443
2022-01-01,"Johnson&Johnson, Moderna, Pfizer/BioNTech",6822587,6651875,13474462
2022-01-02,"Johnson&Johnson, Moderna, Pfizer/BioNTech",6823439,6653254,13476693
2022-01-03,"Johnson&Johnson, Moderna, Oxford/AstraZeneca, Pfizer/BioNTech",6827374,6662094,13489468
2022-01-04,"Johnson&Johnson, Moderna, Oxford/AstraZeneca, Pfizer/BioNTech",6832422,6669770,13502192
2022-01-05,"Johnson&Johnson, Moderna, Oxford/AstraZeneca, Pfizer/BioNTech",6838160,6677639,13515799
2022-01-06,"Johnson&Johnson, Moderna, Oxford/AstraZeneca, Pfizer/BioNTech",6844661,6685952,13530613
2022-01-07,"Johnson&Johnson, Moderna, Oxford/AstraZeneca, Pfizer/BioNTech",6852235,6695909,13548144
2022-01-08,"Johnson&Johnson, Moderna, Oxford/AstraZeneca, Pfizer/BioNTech",6854641,6698558,13553199
