date,vaccine,people_vaccinated,people_fully_vaccinated,total_vaccinations
2020-12-27,Pfizer/BioNTech,1283,0,1283
2020-12-28,Pfizer/BioNTech,3589,0,3589
2020-12-29,Pfizer/BioNTech,7057,0,7057
2020-12-30,Pfizer/BioNTech,10575,0,10575
2020-12-31,Pfizer/BioNTech,11887,0,11887
2021-01-01,"Moderna, Pfizer/BioNTech",12156,0,12156
2021-01-02,Pfizer/BioNTech,13435,0,13435
2021-01-03,Pfizer/BioNTech,14358,0,14358
2021-01-04,"Moderna, Pfizer/BioNTech",17971,0,17971
2021-01-05,"Moderna, Pfizer/BioNTech",22492,1,22493
2021-01-06,"Moderna, Pfizer/BioNTech",28337,2,28339
2021-01-07,"Moderna, Pfizer/BioNTech",36334,2,36336
2021-01-08,"Moderna, Pfizer/BioNTech",46386,3,46389
2021-01-09,"Moderna, Pfizer/BioNTech",48413,4,48417
2021-01-10,Pfizer/BioNTech,50180,5,50185
2021-01-11,Pfizer/BioNTech,60035,7,60042
2021-01-12,"Moderna, Pfizer/BioNTech",73484,9,73493
2021-01-13,Pfizer/BioNTech,87021,9,87030
2021-01-14,"Moderna, Pfizer/BioNTech",102267,13,102280
2021-01-15,"Moderna, Pfizer/BioNTech",116280,14,116294
2021-01-16,"Moderna, Pfizer/BioNTech",119682,18,119700
2021-01-17,"Moderna, Pfizer/BioNTech",122300,654,122954
2021-01-18,"Moderna, Pfizer/BioNTech",134788,2480,137268
2021-01-19,"Moderna, Pfizer/BioNTech",147390,5205,152595
2021-01-20,"Moderna, Pfizer/BioNTech",161076,7866,168942
2021-01-21,"Moderna, Pfizer/BioNTech",176722,9611,186333
2021-01-22,"Moderna, Pfizer/BioNTech",191604,10657,202261
2021-01-23,"Moderna, Pfizer/BioNTech",194925,11537,206462
2021-01-24,"Moderna, Pfizer/BioNTech",197180,12406,209586
2021-01-25,"Moderna, Pfizer/BioNTech",206822,15380,222202
2021-01-26,"Moderna, Pfizer/BioNTech",217362,19374,236736
2021-01-27,"Moderna, Pfizer/BioNTech",226390,23911,250301
2021-01-28,"Moderna, Pfizer/BioNTech",233490,30042,263532
2021-01-29,"Moderna, Pfizer/BioNTech",239704,37954,277658
2021-01-30,"Moderna, Pfizer/BioNTech",240442,39042,279484
2021-01-31,"Moderna, Pfizer/BioNTech",241156,40223,281379
2021-02-01,"Moderna, Pfizer/BioNTech",245137,48185,293322
2021-02-02,"Moderna, Pfizer/BioNTech",249284,58418,307702
2021-02-03,"Moderna, Pfizer/BioNTech",253706,69431,323137
2021-02-04,"Moderna, Pfizer/BioNTech",258604,82419,341023
2021-02-05,"Moderna, Pfizer/BioNTech",264071,93093,357164
2021-02-06,"Moderna, Oxford/AstraZeneca, Pfizer/BioNTech",264920,95461,360381
2021-02-07,"Moderna, Pfizer/BioNTech",265770,97962,363732
2021-02-08,"Moderna, Oxford/AstraZeneca, Pfizer/BioNTech",269852,109391,379243
2021-02-09,"Moderna, Oxford/AstraZeneca, Pfizer/BioNTech",274950,121302,396252
2021-02-10,"Moderna, Oxford/AstraZeneca, Pfizer/BioNTech",280459,134557,415016
2021-02-11,"Moderna, Oxford/AstraZeneca, Pfizer/BioNTech",286794,150771,437565
2021-02-12,"Moderna, Oxford/AstraZeneca, Pfizer/BioNTech",293615,165506,459121
2021-02-13,"Moderna, Oxford/AstraZeneca, Pfizer/BioNTech",295227,168495,463722
2021-02-14,"Moderna, Oxford/AstraZeneca, Pfizer/BioNTech",296229,169879,466108
2021-02-15,"Moderna, Oxford/AstraZeneca, Pfizer/BioNTech",302627,179243,481870
2021-02-16,"Moderna, Oxford/AstraZeneca, Pfizer/BioNTech",311344,188323,499667
2021-02-17,"Moderna, Oxford/AstraZeneca, Pfizer/BioNTech",321043,196627,517670
2021-02-18,"Moderna, Oxford/AstraZeneca, Pfizer/BioNTech",333359,204710,538069
2021-02-19,"Moderna, Oxford/AstraZeneca, Pfizer/BioNTech",345217,212078,557295
2021-02-20,"Moderna, Oxford/AstraZeneca, Pfizer/BioNTech",347217,213261,560478
2021-02-21,"Moderna, Oxford/AstraZeneca, Pfizer/BioNTech",348350,214284,562634
2021-02-22,"Moderna, Oxford/AstraZeneca, Pfizer/BioNTech",358470,220314,578784
2021-02-23,"Moderna, Oxford/AstraZeneca, Pfizer/BioNTech",371419,227295,598714
2021-02-24,"Moderna, Oxford/AstraZeneca, Pfizer/BioNTech",385289,233331,618620
2021-02-25,"Moderna, Oxford/AstraZeneca, Pfizer/BioNTech",403257,238881,642138
2021-02-26,"Moderna, Oxford/AstraZeneca, Pfizer/BioNTech",419423,244233,663656
2021-02-27,"Moderna, Oxford/AstraZeneca, Pfizer/BioNTech",422431,244789,667220
2021-02-28,"Moderna, Oxford/AstraZeneca, Pfizer/BioNTech",424781,245340,670121
2021-03-01,"Moderna, Oxford/AstraZeneca, Pfizer/BioNTech",444368,248788,693156
2021-03-02,"Moderna, Oxford/AstraZeneca, Pfizer/BioNTech",471589,252335,723924
2021-03-03,"Moderna, Oxford/AstraZeneca, Pfizer/BioNTech",502508,256839,759347
2021-03-04,"Moderna, Oxford/AstraZeneca, Pfizer/BioNTech",535787,261522,797309
2021-03-05,"Johnson&Johnson, Moderna, Oxford/AstraZeneca, Pfizer/BioNTech",564618,266942,831560
2021-03-06,"Johnson&Johnson, Moderna, Oxford/AstraZeneca, Pfizer/BioNTech",576763,267804,844567
2021-03-07,"Johnson&Johnson, Moderna, Oxford/AstraZeneca, Pfizer/BioNTech",588300,268645,856945
2021-03-08,"Johnson&Johnson, Moderna, Oxford/AstraZeneca, Pfizer/BioNTech",618042,273498,891540
2021-03-09,"Johnson&Johnson, Moderna, Oxford/AstraZeneca, Pfizer/BioNTech",654399,279879,934278
2021-03-10,"Johnson&Johnson, Moderna, Oxford/AstraZeneca, Pfizer/BioNTech",695708,286834,982542
2021-03-11,"Johnson&Johnson, Moderna, Oxford/AstraZeneca, Pfizer/BioNTech",740541,295203,1035744
2021-03-12,"Johnson&Johnson, Moderna, Oxford/AstraZeneca, Pfizer/BioNTech",779304,303697,1083001
2021-03-13,"Johnson&Johnson, Moderna, Oxford/AstraZeneca, Pfizer/BioNTech",796388,305005,1101393
2021-03-14,"Johnson&Johnson, Moderna, Oxford/AstraZeneca, Pfizer/BioNTech",808504,306158,1114662
2021-03-15,"Moderna, Oxford/AstraZeneca, Pfizer/BioNTech",836884,314932,1151816
2021-03-16,"Johnson&Johnson, Moderna, Oxford/AstraZeneca, Pfizer/BioNTech",875766,325469,1201235
2021-03-17,"Moderna, Oxford/AstraZeneca, Pfizer/BioNTech",913228,335974,1249202
2021-03-18,"Johnson&Johnson, Moderna, Oxford/AstraZeneca, Pfizer/BioNTech",951211,348386,1299597
2021-03-19,"Moderna, Oxford/AstraZeneca, Pfizer/BioNTech",985693,361996,1347689
2021-03-20,"Johnson&Johnson, Moderna, Oxford/AstraZeneca, Pfizer/BioNTech",1000838,364026,1364864
2021-03-21,"Johnson&Johnson, Moderna, Oxford/AstraZeneca, Pfizer/BioNTech",1008259,365584,1373843
2021-03-22,"Johnson&Johnson, Moderna, Oxford/AstraZeneca, Pfizer/BioNTech",1032823,378083,1410906
2021-03-23,"Johnson&Johnson, Moderna, Oxford/AstraZeneca, Pfizer/BioNTech",1059465,391435,1450900
2021-03-24,"Johnson&Johnson, Moderna, Oxford/AstraZeneca, Pfizer/BioNTech",1086325,407171,1493496
2021-03-25,"Moderna, Oxford/AstraZeneca, Pfizer/BioNTech",1112662,425021,1537683
2021-03-26,"Johnson&Johnson, Moderna, Oxford/AstraZeneca, Pfizer/BioNTech",1137463,442523,1579986
2021-03-27,"Johnson&Johnson, Moderna, Oxford/AstraZeneca, Pfizer/BioNTech",1145900,447368,1593268
2021-03-28,"Moderna, Oxford/AstraZeneca, Pfizer/BioNTech",1151439,451510,1602949
2021-03-29,"Johnson&Johnson, Moderna, Oxford/AstraZeneca, Pfizer/BioNTech",1170567,472245,1642812
2021-03-30,"Johnson&Johnson, Moderna, Oxford/AstraZeneca, Pfizer/BioNTech",1195250,494421,1689671
2021-03-31,"Johnson&Johnson, Moderna, Oxford/AstraZeneca, Pfizer/BioNTech",1218364,521480,1739844
2021-04-01,"Johnson&Johnson, Moderna, Oxford/AstraZeneca, Pfizer/BioNTech",1244004,553527,1797531
2021-04-02,"Johnson&Johnson, Moderna, Oxford/AstraZeneca, Pfizer/BioNTech",1250927,566313,1817240
2021-04-03,"Johnson&Johnson, Moderna, Oxford/AstraZeneca, Pfizer/BioNTech",1254552,577238,1831790
2021-04-04,"Johnson&Johnson, Moderna, Oxford/AstraZeneca, Pfizer/BioNTech",1257064,586158,1843222
2021-04-05,"Johnson&Johnson, Moderna, Oxford/AstraZeneca, Pfizer/BioNTech",1259472,593343,1852815
2021-04-06,"Johnson&Johnson, Moderna, Oxford/AstraZeneca, Pfizer/BioNTech",1275624,622601,1898225
2021-04-07,"Johnson&Johnson, Moderna, Oxford/AstraZeneca, Pfizer/BioNTech",1299052,644828,1943880
2021-04-08,"Johnson&Johnson, Moderna, Oxford/AstraZeneca, Pfizer/BioNTech",1337783,675846,2013629
2021-04-09,"Johnson&Johnson, Moderna, Oxford/AstraZeneca, Pfizer/BioNTech",1377326,706027,2083353
2021-04-10,"Johnson&Johnson, Moderna, Oxford/AstraZeneca, Pfizer/BioNTech",1392832,721315,2114147
2021-04-11,"Johnson&Johnson, Moderna, Oxford/AstraZeneca, Pfizer/BioNTech",1402614,731360,2133974
2021-04-12,"Johnson&Johnson, Moderna, Oxford/AstraZeneca, Pfizer/BioNTech",1440894,756496,2197390
2021-04-13,"Moderna, Oxford/AstraZeneca, Pfizer/BioNTech",1477154,782527,2259681
2021-04-14,"Moderna, Oxford/AstraZeneca, Pfizer/BioNTech",1515983,809883,2325866
2021-04-15,"Moderna, Oxford/AstraZeneca, Pfizer/BioNTech",1563781,835632,2399413
2021-04-16,"Moderna, Oxford/AstraZeneca, Pfizer/BioNTech",1608445,861285,2469730
2021-04-17,"Moderna, Oxford/AstraZeneca, Pfizer/BioNTech",1625133,870309,2495442
2021-04-18,"Moderna, Oxford/AstraZeneca, Pfizer/BioNTech",1638123,875289,2513412
2021-04-19,"Moderna, Oxford/AstraZeneca, Pfizer/BioNTech",1682090,890717,2572807
2021-04-20,"Johnson&Johnson, Moderna, Oxford/AstraZeneca, Pfizer/BioNTech",1724650,906575,2631225
2021-04-21,"Moderna, Oxford/AstraZeneca, Pfizer/BioNTech",1772384,920922,2693306
2021-04-22,"Johnson&Johnson, Moderna, Oxford/AstraZeneca, Pfizer/BioNTech",1826879,938300,2765179
2021-04-23,"Johnson&Johnson, Moderna, Oxford/AstraZeneca, Pfizer/BioNTech",1876852,950354,2827206
2021-04-24,"Johnson&Johnson, Moderna, Oxford/AstraZeneca, Pfizer/BioNTech",1894688,955602,2850290
2021-04-25,"Johnson&Johnson, Moderna, Oxford/AstraZeneca, Pfizer/BioNTech",1909385,959599,2868984
2021-04-26,"Johnson&Johnson, Moderna, Oxford/AstraZeneca, Pfizer/BioNTech",1958969,967148,2926117
2021-04-27,"Johnson&Johnson, Moderna, Oxford/AstraZeneca, Pfizer/BioNTech",2007932,979371,2987303
2021-04-28,"Johnson&Johnson, Moderna, Oxford/AstraZeneca, Pfizer/BioNTech",2066691,993370,3060061
2021-04-29,"Johnson&Johnson, Moderna, Oxford/AstraZeneca, Pfizer/BioNTech",2132246,1009260,3141506
2021-04-30,"Johnson&Johnson, Moderna, Oxford/AstraZeneca, Pfizer/BioNTech",2194480,1019230,3213710
2021-05-01,"Johnson&Johnson, Moderna, Oxford/AstraZeneca, Pfizer/BioNTech",2213817,1022682,3236499
2021-05-02,"Johnson&Johnson, Moderna, Oxford/AstraZeneca, Pfizer/BioNTech",2232737,1024948,3257685
2021-05-03,"Johnson&Johnson, Moderna, Oxford/AstraZeneca, Pfizer/BioNTech",2299978,1030003,3329981
2021-05-04,"Johnson&Johnson, Moderna, Oxford/AstraZeneca, Pfizer/BioNTech",2366478,1038339,3404817
2021-05-05,"Johnson&Johnson, Moderna, Oxford/AstraZeneca, Pfizer/BioNTech",2439639,1047744,3487383
2021-05-06,"Johnson&Johnson, Moderna, Oxford/AstraZeneca, Pfizer/BioNTech",2520016,1058469,3578485
2021-05-07,"Johnson&Johnson, Moderna, Oxford/AstraZeneca, Pfizer/BioNTech",2597259,1068537,3665796
2021-05-08,"Johnson&Johnson, Moderna, Oxford/AstraZeneca, Pfizer/BioNTech",2626706,1070304,3697010
2021-05-09,"Johnson&Johnson, Moderna, Oxford/AstraZeneca, Pfizer/BioNTech",2650914,1071513,3722427
2021-05-10,"Johnson&Johnson, Moderna, Oxford/AstraZeneca, Pfizer/BioNTech",2723675,1078730,3802405
2021-05-11,"Johnson&Johnson, Moderna, Oxford/AstraZeneca, Pfizer/BioNTech",2799761,1087531,3887292
2021-05-12,"Johnson&Johnson, Moderna, Oxford/AstraZeneca, Pfizer/BioNTech",2879625,1096633,3976258
2021-05-13,"Johnson&Johnson, Moderna, Oxford/AstraZeneca, Pfizer/BioNTech",2963629,1105787,4069416
2021-05-14,"Johnson&Johnson, Moderna, Oxford/AstraZeneca, Pfizer/BioNTech",3043072,1113575,4156647
2021-05-15,"Johnson&Johnson, Moderna, Oxford/AstraZeneca, Pfizer/BioNTech",3074957,1115820,4190777
2021-05-16,"Johnson&Johnson, Moderna, Oxford/AstraZeneca, Pfizer/BioNTech",3100715,1117088,4217803
2021-05-17,"Johnson&Johnson, Moderna, Oxford/AstraZeneca, Pfizer/BioNTech",3173214,1123815,4297029
2021-05-18,"Johnson&Johnson, Moderna, Oxford/AstraZeneca, Pfizer/BioNTech",3245136,1136885,4382021
2021-05-19,"Johnson&Johnson, Moderna, Oxford/AstraZeneca, Pfizer/BioNTech",3322585,1152018,4474603
2021-05-20,"Johnson&Johnson, Moderna, Oxford/AstraZeneca, Pfizer/BioNTech",3398020,1179043,4577063
2021-05-21,"Johnson&Johnson, Moderna, Oxford/AstraZeneca, Pfizer/BioNTech",3466776,1206795,4673571
2021-05-22,"Johnson&Johnson, Moderna, Oxford/AstraZeneca, Pfizer/BioNTech",3499140,1217975,4717115
2021-05-23,"Johnson&Johnson, Moderna, Oxford/AstraZeneca, Pfizer/BioNTech",3521496,1227008,4748504
2021-05-24,"Johnson&Johnson, Moderna, Oxford/AstraZeneca, Pfizer/BioNTech",3568622,1260663,4829285
2021-05-25,"Johnson&Johnson, Moderna, Oxford/AstraZeneca, Pfizer/BioNTech",3620452,1296460,4916912
2021-05-26,"Johnson&Johnson, Moderna, Oxford/AstraZeneca, Pfizer/BioNTech",3688192,1333975,5022167
2021-05-27,"Johnson&Johnson, Moderna, Oxford/AstraZeneca, Pfizer/BioNTech",3749569,1381298,5130867
2021-05-28,"Johnson&Johnson, Moderna, Oxford/AstraZeneca, Pfizer/BioNTech",3811246,1427854,5239100
2021-05-29,"Johnson&Johnson, Moderna, Oxford/AstraZeneca, Pfizer/BioNTech",3840415,1444953,5285368
2021-05-30,"Johnson&Johnson, Moderna, Oxford/AstraZeneca, Pfizer/BioNTech",3862772,1459386,5322158
2021-05-31,"Johnson&Johnson, Moderna, Oxford/AstraZeneca, Pfizer/BioNTech",3918498,1506904,5425402
2021-06-01,"Johnson&Johnson, Moderna, Oxford/AstraZeneca, Pfizer/BioNTech",3977500,1555734,5533234
2021-06-02,"Johnson&Johnson, Moderna, Oxford/AstraZeneca, Pfizer/BioNTech",4040375,1609700,5650075
2021-06-03,"Johnson&Johnson, Moderna, Oxford/AstraZeneca, Pfizer/BioNTech",4098573,1669891,5768464
2021-06-04,"Johnson&Johnson, Moderna, Oxford/AstraZeneca, Pfizer/BioNTech",4161643,1727288,5888931
2021-06-05,"Johnson&Johnson, Moderna, Oxford/AstraZeneca, Pfizer/BioNTech",4195776,1746121,5941897
2021-06-06,"Johnson&Johnson, Moderna, Oxford/AstraZeneca, Pfizer/BioNTech",4222686,1761257,5983943
2021-06-07,"Johnson&Johnson, Moderna, Oxford/AstraZeneca, Pfizer/BioNTech",4286356,1816865,6103221
2021-06-08,"Johnson&Johnson, Moderna, Oxford/AstraZeneca, Pfizer/BioNTech",4350317,1871828,6222145
2021-06-09,"Johnson&Johnson, Moderna, Oxford/AstraZeneca, Pfizer/BioNTech",4409466,1936389,6345855
2021-06-10,"Johnson&Johnson, Moderna, Oxford/AstraZeneca, Pfizer/BioNTech",4463302,2007586,6470888
2021-06-11,"Johnson&Johnson, Moderna, Oxford/AstraZeneca, Pfizer/BioNTech",4515388,2077319,6592707
2021-06-12,"Johnson&Johnson, Moderna, Oxford/AstraZeneca, Pfizer/BioNTech",4547389,2098098,6645487
2021-06-13,"Johnson&Johnson, Moderna, Oxford/AstraZeneca, Pfizer/BioNTech",4571397,2116489,6687886
2021-06-14,"Johnson&Johnson, Moderna, Oxford/AstraZeneca, Pfizer/BioNTech",4614458,2190836,6805294
2021-06-15,"Johnson&Johnson, Moderna, Oxford/AstraZeneca, Pfizer/BioNTech",4659092,2263152,6922244
2021-06-16,"Johnson&Johnson, Moderna, Oxford/AstraZeneca, Pfizer/BioNTech",4701811,2341339,7043150
2021-06-17,"Johnson&Johnson, Moderna, Oxford/AstraZeneca, Pfizer/BioNTech",4741171,2424370,7165541
2021-06-18,"Johnson&Johnson, Moderna, Oxford/AstraZeneca, Pfizer/BioNTech",4783557,2504851,7288408
2021-06-19,"Johnson&Johnson, Moderna, Oxford/AstraZeneca, Pfizer/BioNTech",4805307,2534107,7339414
2021-06-20,"Johnson&Johnson, Moderna, Oxford/AstraZeneca, Pfizer/BioNTech",4822669,2557911,7380580
2021-06-21,"Johnson&Johnson, Moderna, Oxford/AstraZeneca, Pfizer/BioNTech",4855157,2636440,7491597
2021-06-22,"Johnson&Johnson, Moderna, Oxford/AstraZeneca, Pfizer/BioNTech",4888111,2718644,7606755
2021-06-23,"Johnson&Johnson, Moderna, Oxford/AstraZeneca, Pfizer/BioNTech",4919748,2803815,7723563
2021-06-24,"Johnson&Johnson, Moderna, Oxford/AstraZeneca, Pfizer/BioNTech",4949571,2893779,7843350
2021-06-25,"Johnson&Johnson, Moderna, Oxford/AstraZeneca, Pfizer/BioNTech",4980616,2979861,7960477
2021-06-26,"Johnson&Johnson, Moderna, Oxford/AstraZeneca, Pfizer/BioNTech",4996475,3014640,8011115
2021-06-27,"Johnson&Johnson, Moderna, Oxford/AstraZeneca, Pfizer/BioNTech",5010417,3041263,8051680
2021-06-28,"Johnson&Johnson, Moderna, Oxford/AstraZeneca, Pfizer/BioNTech",5038811,3126396,8165207
2021-06-29,"Johnson&Johnson, Moderna, Oxford/AstraZeneca, Pfizer/BioNTech",5068070,3212816,8280886
2021-06-30,"Johnson&Johnson, Moderna, Oxford/AstraZeneca, Pfizer/BioNTech",5095542,3303744,8399286
2021-07-01,"Johnson&Johnson, Moderna, Oxford/AstraZeneca, Pfizer/BioNTech",5119502,3393743,8513245
2021-07-02,"Johnson&Johnson, Moderna, Oxford/AstraZeneca, Pfizer/BioNTech",5146198,3479538,8625736
2021-07-03,"Johnson&Johnson, Moderna, Oxford/AstraZeneca, Pfizer/BioNTech",5153270,3511019,8664289
2021-07-04,"Johnson&Johnson, Moderna, Oxford/AstraZeneca, Pfizer/BioNTech",5160822,3532796,8693618
2021-07-05,"Johnson&Johnson, Moderna, Oxford/AstraZeneca, Pfizer/BioNTech",5168186,3558146,8726332
2021-07-06,"Johnson&Johnson, Moderna, Oxford/AstraZeneca, Pfizer/BioNTech",5173595,3585767,8759362
2021-07-07,"Johnson&Johnson, Moderna, Oxford/AstraZeneca, Pfizer/BioNTech",5199374,3664692,8864066
2021-07-08,"Johnson&Johnson, Moderna, Oxford/AstraZeneca, Pfizer/BioNTech",5225960,3734959,8960919
2021-07-09,"Johnson&Johnson, Moderna, Oxford/AstraZeneca, Pfizer/BioNTech",5253869,3804179,9058048
2021-07-10,"Johnson&Johnson, Moderna, Oxford/AstraZeneca, Pfizer/BioNTech",5263211,3832774,9095985
2021-07-11,"Johnson&Johnson, Moderna, Oxford/AstraZeneca, Pfizer/BioNTech",5271733,3855626,9127359
2021-07-12,"Johnson&Johnson, Moderna, Oxford/AstraZeneca, Pfizer/BioNTech",5299244,3924665,9223909
2021-07-13,"Johnson&Johnson, Moderna, Oxford/AstraZeneca, Pfizer/BioNTech",5325416,3994477,9319893
2021-07-14,"Johnson&Johnson, Moderna, Oxford/AstraZeneca, Pfizer/BioNTech",5351214,4066396,9417610
2021-07-15,"Johnson&Johnson, Moderna, Oxford/AstraZeneca, Pfizer/BioNTech",5380374,4132339,9512713
2021-07-16,"Johnson&Johnson, Moderna, Oxford/AstraZeneca, Pfizer/BioNTech",5408283,4204989,9613272
2021-07-17,"Johnson&Johnson, Moderna, Oxford/AstraZeneca, Pfizer/BioNTech",5417046,4236388,9653434
2021-07-18,"Johnson&Johnson, Moderna, Oxford/AstraZeneca, Pfizer/BioNTech",5425484,4262356,9687840
2021-07-19,"Johnson&Johnson, Moderna, Oxford/AstraZeneca, Pfizer/BioNTech",5448826,4329331,9778157
2021-07-20,"Johnson&Johnson, Moderna, Oxford/AstraZeneca, Pfizer/BioNTech",5470198,4396313,9866511
2021-07-21,"Johnson&Johnson, Moderna, Oxford/AstraZeneca, Pfizer/BioNTech",5493638,4459719,9953357
2021-07-22,"Johnson&Johnson, Moderna, Oxford/AstraZeneca, Pfizer/BioNTech",5515989,4518280,10034269
2021-07-23,"Johnson&Johnson, Moderna, Oxford/AstraZeneca, Pfizer/BioNTech",5539175,4572962,10112137
2021-07-24,"Johnson&Johnson, Moderna, Oxford/AstraZeneca, Pfizer/BioNTech",5546483,4600587,10147070
2021-07-25,"Johnson&Johnson, Moderna, Oxford/AstraZeneca, Pfizer/BioNTech",5553095,4622684,10175779
2021-07-26,"Johnson&Johnson, Moderna, Oxford/AstraZeneca, Pfizer/BioNTech",5576624,4671305,10247929
2021-07-27,"Johnson&Johnson, Moderna, Oxford/AstraZeneca, Pfizer/BioNTech",5599342,4717870,10317212
2021-07-28,"Johnson&Johnson, Moderna, Oxford/AstraZeneca, Pfizer/BioNTech",5620583,4763786,10384369
2021-07-29,"Johnson&Johnson, Moderna, Oxford/AstraZeneca, Pfizer/BioNTech",5641895,4805671,10447566
2021-07-30,"Johnson&Johnson, Moderna, Oxford/AstraZeneca, Pfizer/BioNTech",5665160,4848160,10513320
2021-07-31,"Johnson&Johnson, Moderna, Oxford/AstraZeneca, Pfizer/BioNTech",5674077,4867662,10541739
2021-08-01,"Johnson&Johnson, Moderna, Oxford/AstraZeneca, Pfizer/BioNTech",5680790,4883808,10564598
2021-08-02,"Johnson&Johnson, Moderna, Oxford/AstraZeneca, Pfizer/BioNTech",5699408,4921304,10620712
2021-08-03,"Johnson&Johnson, Moderna, Oxford/AstraZeneca, Pfizer/BioNTech",5717030,4959353,10676383
2021-08-04,"Johnson&Johnson, Moderna, Oxford/AstraZeneca, Pfizer/BioNTech",5733113,4996035,10729148
2021-08-05,"Johnson&Johnson, Moderna, Oxford/AstraZeneca, Pfizer/BioNTech",5749136,5036456,10785592
2021-08-06,"Johnson&Johnson, Moderna, Oxford/AstraZeneca, Pfizer/BioNTech",5765912,5079685,10845597
2021-08-07,"Johnson&Johnson, Moderna, Oxford/AstraZeneca, Pfizer/BioNTech",5771502,5097823,10869325
2021-08-08,"Johnson&Johnson, Moderna, Oxford/AstraZeneca, Pfizer/BioNTech",5775855,5113556,10889411
2021-08-09,"Johnson&Johnson, Moderna, Oxford/AstraZeneca, Pfizer/BioNTech",5788488,5158562,10947050
2021-08-10,"Johnson&Johnson, Moderna, Oxford/AstraZeneca, Pfizer/BioNTech",5800316,5198083,10998399
2021-08-11,"Johnson&Johnson, Moderna, Oxford/AstraZeneca, Pfizer/BioNTech",5811671,5241166,11052837
2021-08-12,"Johnson&Johnson, Moderna, Oxford/AstraZeneca, Pfizer/BioNTech",5823085,5278244,11101329
2021-08-13,"Johnson&Johnson, Moderna, Oxford/AstraZeneca, Pfizer/BioNTech",5833804,5318540,11152344
2021-08-14,"Johnson&Johnson, Moderna, Oxford/AstraZeneca, Pfizer/BioNTech",5837139,5329217,11166356
2021-08-15,"Johnson&Johnson, Moderna, Oxford/AstraZeneca, Pfizer/BioNTech",5839722,5339573,11179295
2021-08-16,"Johnson&Johnson, Moderna, Oxford/AstraZeneca, Pfizer/BioNTech",5849505,5373609,11223114
2021-08-17,"Johnson&Johnson, Moderna, Oxford/AstraZeneca, Pfizer/BioNTech",5859093,5400673,11259766
2021-08-18,"Johnson&Johnson, Moderna, Oxford/AstraZeneca, Pfizer/BioNTech",5868460,5439513,11307973
2021-08-19,"Johnson&Johnson, Moderna, Oxford/AstraZeneca, Pfizer/BioNTech",5878120,5477831,11355951
2021-08-20,"Johnson&Johnson, Moderna, Oxford/AstraZeneca, Pfizer/BioNTech",5889502,5517992,11407494
2021-08-21,"Johnson&Johnson, Moderna, Oxford/AstraZeneca, Pfizer/BioNTech",5892218,5530730,11422948
2021-08-22,"Johnson&Johnson, Moderna, Oxford/AstraZeneca, Pfizer/BioNTech",5894557,5542683,11437240
2021-08-23,"Johnson&Johnson, Moderna, Oxford/AstraZeneca, Pfizer/BioNTech",5905085,5581919,11487004
2021-08-24,"Johnson&Johnson, Moderna, Oxford/AstraZeneca, Pfizer/BioNTech",5914949,5615140,11530089
2021-08-25,"Johnson&Johnson, Moderna, Oxford/AstraZeneca, Pfizer/BioNTech",5923811,5643485,11567296
2021-08-26,"Johnson&Johnson, Moderna, Oxford/AstraZeneca, Pfizer/BioNTech",5932250,5669589,11601839
2021-08-27,"Johnson&Johnson, Moderna, Oxford/AstraZeneca, Pfizer/BioNTech",5942563,5695512,11638075
2021-08-28,"Johnson&Johnson, Moderna, Oxford/AstraZeneca, Pfizer/BioNTech",5945284,5702542,11647826
2021-08-29,"Johnson&Johnson, Moderna, Oxford/AstraZeneca, Pfizer/BioNTech",5947687,5709154,11656841
2021-08-30,"Johnson&Johnson, Moderna, Oxford/AstraZeneca, Pfizer/BioNTech",5956205,5731003,11687208
2021-08-31,"Johnson&Johnson, Moderna, Oxford/AstraZeneca, Pfizer/BioNTech",5963871,5749061,11712932
2021-09-01,"Johnson&Johnson, Moderna, Oxford/AstraZeneca, Pfizer/BioNTech",5969751,5763034,11732785
2021-09-02,"Johnson&Johnson, Moderna, Oxford/AstraZeneca, Pfizer/BioNTech",5976580,5777404,11753984
2021-09-03,"Johnson&Johnson, Moderna, Oxford/AstraZeneca, Pfizer/BioNTech",5986134,5793093,11779227
2021-09-04,"Johnson&Johnson, Moderna, Oxford/AstraZeneca, Pfizer/BioNTech",5988197,5796640,11784837
2021-09-05,"Johnson&Johnson, Moderna, Oxford/AstraZeneca, Pfizer/BioNTech",5990230,5799481,11789711
2021-09-06,"Johnson&Johnson, Moderna, Oxford/AstraZeneca, Pfizer/BioNTech",5996457,5811993,11808450
2021-09-07,"Johnson&Johnson, Moderna, Oxford/AstraZeneca, Pfizer/BioNTech",6000836,5823080,11823916
2021-09-08,"Johnson&Johnson, Moderna, Oxford/AstraZeneca, Pfizer/BioNTech",6006496,5832910,11839406
2021-09-09,"Johnson&Johnson, Moderna, Oxford/AstraZeneca, Pfizer/BioNTech",6013174,5842962,11856136
2021-09-10,"Johnson&Johnson, Moderna, Oxford/AstraZeneca, Pfizer/BioNTech",6020857,5855128,11875985
2021-09-11,"Johnson&Johnson, Moderna, Oxford/AstraZeneca, Pfizer/BioNTech",6022718,5857600,11880318
2021-09-12,"Johnson&Johnson, Moderna, Oxford/AstraZeneca, Pfizer/BioNTech",6023832,5859223,11883055
2021-09-13,"Johnson&Johnson, Moderna, Oxford/AstraZeneca, Pfizer/BioNTech",6029254,5869505,11898759
2021-09-14,"Johnson&Johnson, Moderna, Oxford/AstraZeneca, Pfizer/BioNTech",6034638,5878507,11913145
2021-09-15,"Johnson&Johnson, Moderna, Oxford/AstraZeneca, Pfizer/BioNTech",6039827,5887022,11926849
2021-09-16,"Johnson&Johnson, Moderna, Oxford/AstraZeneca, Pfizer/BioNTech",6045169,5895283,11940452
2021-09-17,"Johnson&Johnson, Moderna, Oxford/AstraZeneca, Pfizer/BioNTech",6051735,5905499,11957234
2021-09-18,"Johnson&Johnson, Moderna, Oxford/AstraZeneca, Pfizer/BioNTech",6053458,5907849,11961307
2021-09-19,"Johnson&Johnson, Moderna, Oxford/AstraZeneca, Pfizer/BioNTech",6054399,5909413,11963812
2021-09-20,"Johnson&Johnson, Moderna, Oxford/AstraZeneca, Pfizer/BioNTech",6058407,5917598,11976005
2021-09-21,"Johnson&Johnson, Moderna, Oxford/AstraZeneca, Pfizer/BioNTech",6062630,5925123,11987753
2021-09-22,"Johnson&Johnson, Moderna, Oxford/AstraZeneca, Pfizer/BioNTech",6066806,5930630,11997436
2021-09-23,"Johnson&Johnson, Moderna, Oxford/AstraZeneca, Pfizer/BioNTech",6071779,5937029,12008808
2021-09-24,"Johnson&Johnson, Moderna, Oxford/AstraZeneca, Pfizer/BioNTech",6077531,5946636,12024167
2021-09-25,"Johnson&Johnson, Moderna, Oxford/AstraZeneca, Pfizer/BioNTech",6079022,5948622,12027644
2021-09-26,"Johnson&Johnson, Moderna, Pfizer/BioNTech",6079762,5950252,12030014
2021-09-27,"Johnson&Johnson, Moderna, Oxford/AstraZeneca, Pfizer/BioNTech",6083637,5956745,12040382
2021-09-28,"Johnson&Johnson, Moderna, Pfizer/BioNTech",6083995,5957350,12041345
2021-09-29,"Johnson&Johnson, Moderna, Oxford/AstraZeneca, Pfizer/BioNTech",6087766,5964795,12052561
2021-09-30,"Johnson&Johnson, Moderna, Oxford/AstraZeneca, Pfizer/BioNTech",6092262,5972484,12064746
2021-10-01,"Johnson&Johnson, Moderna, Oxford/AstraZeneca, Pfizer/BioNTech",6096550,5980441,12076991
2021-10-02,"Johnson&Johnson, Moderna, Oxford/AstraZeneca, Pfizer/BioNTech",6097610,5981977,12079587
2021-10-03,"Johnson&Johnson, Moderna, Pfizer/BioNTech",6098327,5982840,12081167
2021-10-04,"Johnson&Johnson, Moderna, Oxford/AstraZeneca, Pfizer/BioNTech",6101396,5988402,12089798
2021-10-05,"Johnson&Johnson, Moderna, Oxford/AstraZeneca, Pfizer/BioNTech",6104551,5993464,12098015
2021-10-06,"Johnson&Johnson, Moderna, Oxford/AstraZeneca, Pfizer/BioNTech",6108059,5998619,12106678
2021-10-07,"Johnson&Johnson, Moderna, Oxford/AstraZeneca, Pfizer/BioNTech",6111329,6003863,12115192
2021-10-08,"Johnson&Johnson, Moderna, Oxford/AstraZeneca, Pfizer/BioNTech",6116111,6010481,12126592
2021-10-09,"Johnson&Johnson, Moderna, Oxford/AstraZeneca, Pfizer/BioNTech",6117352,6012132,12129484
2021-10-10,"Johnson&Johnson, Moderna, Oxford/AstraZeneca, Pfizer/BioNTech",6118292,6012961,12131253
2021-10-11,"Johnson&Johnson, Moderna, Oxford/AstraZeneca, Pfizer/BioNTech",6121221,6017368,12138589
2021-10-12,"Johnson&Johnson, Moderna, Oxford/AstraZeneca, Pfizer/BioNTech",6124140,6021360,12145500
2021-10-13,"Johnson&Johnson, Moderna, Oxford/AstraZeneca, Pfizer/BioNTech",6127673,6025540,12153213
2021-10-14,"Johnson&Johnson, Moderna, Oxford/AstraZeneca, Pfizer/BioNTech",6131346,6030481,12161827
2021-10-15,"Johnson&Johnson, Moderna, Oxford/AstraZeneca, Pfizer/BioNTech",6136573,6036610,12173183
2021-10-16,"Johnson&Johnson, Moderna, Oxford/AstraZeneca, Pfizer/BioNTech",6137969,6038126,12176095
2021-10-17,"Johnson&Johnson, Moderna, Pfizer/BioNTech",6139288,6039179,12178467
2021-10-18,"Johnson&Johnson, Moderna, Oxford/AstraZeneca, Pfizer/BioNTech",6143398,6043269,12186667
2021-10-19,"Johnson&Johnson, Moderna, Oxford/AstraZeneca, Pfizer/BioNTech",6146973,6045353,12192326
2021-10-20,"Johnson&Johnson, Moderna, Oxford/AstraZeneca, Pfizer/BioNTech",6151839,6049798,12201637
2021-10-21,"Johnson&Johnson, Moderna, Oxford/AstraZeneca, Pfizer/BioNTech",6159595,6055387,12214982
2021-10-22,"Johnson&Johnson, Moderna, Oxford/AstraZeneca, Pfizer/BioNTech",6170039,6061883,12231922
2021-10-23,"Johnson&Johnson, Moderna, Pfizer/BioNTech",6173711,6064086,12237797
2021-10-24,"Johnson&Johnson, Moderna, Pfizer/BioNTech",6176395,6065858,12242253
2021-10-25,"Johnson&Johnson, Moderna, Oxford/AstraZeneca, Pfizer/BioNTech",6186876,6071651,12258527
2021-10-26,"Johnson&Johnson, Moderna, Oxford/AstraZeneca, Pfizer/BioNTech",6198854,6078189,12277043
2021-10-27,"Johnson&Johnson, Moderna, Oxford/AstraZeneca, Pfizer/BioNTech",6213451,6085582,12299033
2021-10-28,"Johnson&Johnson, Moderna, Oxford/AstraZeneca, Pfizer/BioNTech",6216861,6087252,12304113
2021-10-29,"Johnson&Johnson, Moderna, Oxford/AstraZeneca, Pfizer/BioNTech",6231277,6095213,12326490
2021-10-30,"Johnson&Johnson, Moderna, Pfizer/BioNTech",6235806,6098127,12333933
2021-10-31,"Johnson&Johnson, Moderna, Oxford/AstraZeneca, Pfizer/BioNTech",6239568,6100597,12340165
2021-11-01,"Johnson&Johnson, Moderna, Oxford/AstraZeneca, Pfizer/BioNTech",6254752,6108276,12363028
2021-11-02,"Johnson&Johnson, Moderna, Oxford/AstraZeneca, Pfizer/BioNTech",6270197,6115825,12386022
2021-11-03,"Johnson&Johnson, Moderna, Oxford/AstraZeneca, Pfizer/BioNTech",6287369,6123111,12410480
2021-11-04,"Johnson&Johnson, Moderna, Oxford/AstraZeneca, Pfizer/BioNTech",6305707,6131275,12436982
2021-11-05,"Johnson&Johnson, Moderna, Oxford/AstraZeneca, Pfizer/BioNTech",6328515,6142538,12471053
2021-11-06,"Johnson&Johnson, Moderna, Oxford/AstraZeneca, Pfizer/BioNTech",6335019,6145587,12480606
2021-11-07,"Johnson&Johnson, Moderna, Oxford/AstraZeneca, Pfizer/BioNTech",6339035,6148018,12487053
2021-11-08,"Johnson&Johnson, Moderna, Oxford/AstraZeneca, Pfizer/BioNTech",6355297,6155642,12510939
2021-11-09,"Johnson&Johnson, Moderna, Oxford/AstraZeneca, Pfizer/BioNTech",6370085,6162928,12533013
2021-11-10,"Johnson&Johnson, Moderna, Oxford/AstraZeneca, Pfizer/BioNTech",6385788,6170294,12556082
2021-11-11,"Johnson&Johnson, Moderna, Oxford/AstraZeneca, Pfizer/BioNTech",6401183,6179389,12580572
2021-11-12,"Johnson&Johnson, Moderna, Oxford/AstraZeneca, Pfizer/BioNTech",6420953,6192157,12613110
2021-11-13,"Johnson&Johnson, Moderna, Oxford/AstraZeneca, Pfizer/BioNTech",6426334,6196017,12622351
2021-11-14,"Johnson&Johnson, Moderna, Oxford/AstraZeneca, Pfizer/BioNTech",6430215,6199018,12629233
2021-11-15,"Johnson&Johnson, Moderna, Oxford/AstraZeneca, Pfizer/BioNTech",6445272,6209700,12654972
2021-11-16,"Johnson&Johnson, Moderna, Oxford/AstraZeneca, Pfizer/BioNTech",6462774,6221671,12684445
2021-11-17,"Johnson&Johnson, Moderna, Oxford/AstraZeneca, Pfizer/BioNTech",6466996,6225228,12692224
2021-11-18,"Johnson&Johnson, Moderna, Oxford/AstraZeneca, Pfizer/BioNTech",6486370,6236894,12723264
2021-11-19,"Johnson&Johnson, Moderna, Oxford/AstraZeneca, Pfizer/BioNTech",6510956,6253857,12764813
2021-11-20,"Johnson&Johnson, Moderna, Oxford/AstraZeneca, Pfizer/BioNTech",6519514,6258827,12778341
2021-11-21,"Johnson&Johnson, Moderna, Oxford/AstraZeneca, Pfizer/BioNTech",6526269,6262594,12788863
2021-11-22,"Johnson&Johnson, Moderna, Oxford/AstraZeneca, Pfizer/BioNTech",6544642,6276683,12821325
2021-11-23,"Johnson&Johnson, Moderna, Oxford/AstraZeneca, Pfizer/BioNTech",6563556,6289925,12853481
2021-11-24,"Johnson&Johnson, Moderna, Oxford/AstraZeneca, Pfizer/BioNTech",6582421,6305745,12888166
2021-11-25,"Johnson&Johnson, Moderna, Oxford/AstraZeneca, Pfizer/BioNTech",6601435,6320750,12922185
2021-11-26,"Johnson&Johnson, Moderna, Oxford/AstraZeneca, Pfizer/BioNTech",6622930,6339855,12962785
2021-11-27,"Johnson&Johnson, Moderna, Oxford/AstraZeneca, Pfizer/BioNTech",6630326,6345388,12975714
2021-11-28,"Johnson&Johnson, Moderna, Pfizer/BioNTech",6633644,6348519,12982163
2021-11-29,"Johnson&Johnson, Moderna, Oxford/AstraZeneca, Pfizer/BioNTech",6648775,6362142,13010917
2021-11-30,"Johnson&Johnson, Moderna, Oxford/AstraZeneca, Pfizer/BioNTech",6661914,6373339,13035253
2021-12-01,"Johnson&Johnson, Moderna, Oxford/AstraZeneca, Pfizer/BioNTech",6675819,6385746,13061565
2021-12-02,"Johnson&Johnson, Moderna, Oxford/AstraZeneca, Pfizer/BioNTech",6686375,6398174,13084549
2021-12-03,"Johnson&Johnson, Moderna, Oxford/AstraZeneca, Pfizer/BioNTech",6695913,6413674,13109587
2021-12-04,"Johnson&Johnson, Moderna, Oxford/AstraZeneca, Pfizer/BioNTech",6698440,6417604,13116044
2021-12-05,"Johnson&Johnson, Moderna, Oxford/AstraZeneca, Pfizer/BioNTech",6699778,6419922,13119700
2021-12-06,"Johnson&Johnson, Moderna, Oxford/AstraZeneca, Pfizer/BioNTech",6707879,6431398,13139277
2021-12-07,"Johnson&Johnson, Moderna, Oxford/AstraZeneca, Pfizer/BioNTech",6715686,6443346,13159032
2021-12-08,"Johnson&Johnson, Moderna, Oxford/AstraZeneca, Pfizer/BioNTech",6723888,6449230,13173118
2021-12-09,"Johnson&Johnson, Moderna, Oxford/AstraZeneca, Pfizer/BioNTech",6730949,6461975,13192924
2021-12-10,"Johnson&Johnson, Moderna, Oxford/AstraZeneca, Pfizer/BioNTech",6737797,6479669,13217466
2021-12-11,"Johnson&Johnson, Moderna, Oxford/AstraZeneca, Pfizer/BioNTech",6739451,6484903,13224354
2021-12-12,"Johnson&Johnson, Moderna, Oxford/AstraZeneca, Pfizer/BioNTech",6740754,6489326,13230080
2021-12-13,"Johnson&Johnson, Moderna, Oxford/AstraZeneca, Pfizer/BioNTech",6747084,6502552,13249636
2021-12-14,"Johnson&Johnson, Moderna, Oxford/AstraZeneca, Pfizer/BioNTech",6753237,6516056,13269293
2021-12-15,"Johnson&Johnson, Moderna, Oxford/AstraZeneca, Pfizer/BioNTech",6759369,6529552,13288921
2021-12-16,"Johnson&Johnson, Moderna, Oxford/AstraZeneca, Pfizer/BioNTech",6765757,6544071,13309828
2021-12-17,"Johnson&Johnson, Moderna, Oxford/AstraZeneca, Pfizer/BioNTech",6773231,6560384,13333615
