date,vaccine,people_vaccinated,people_fully_vaccinated,total_vaccinations
2020-12-27,Pfizer/BioNTech,1287,0,1287
2020-12-28,Pfizer/BioNTech,3590,0,3590
2020-12-29,Pfizer/BioNTech,7062,1,7063
2020-12-30,Pfizer/BioNTech,10579,1,10580
2020-12-31,Pfizer/BioNTech,11890,1,11891
2021-01-01,"Moderna, Pfizer/BioNTech",12159,1,12160
2021-01-02,"Moderna, Pfizer/BioNTech",13442,2,13444
2021-01-03,"Moderna, Pfizer/BioNTech",14369,2,14371
2021-01-04,"Moderna, Pfizer/BioNTech",17977,2,17979
2021-01-05,"Moderna, Pfizer/BioNTech",22501,3,22504
2021-01-06,"Moderna, Pfizer/BioNTech",28347,4,28351
2021-01-07,"Moderna, Pfizer/BioNTech",36345,4,36349
2021-01-08,"Moderna, Pfizer/BioNTech",46396,5,46401
2021-01-09,"Moderna, Pfizer/BioNTech",48423,7,48430
2021-01-10,Pfizer/BioNTech,50195,9,50204
2021-01-11,"Moderna, Pfizer/BioNTech",60051,11,60062
2021-01-12,"Moderna, Pfizer/BioNTech",73507,13,73520
2021-01-13,"Moderna, Pfizer/BioNTech",87053,13,87066
2021-01-14,"Moderna, Pfizer/BioNTech",102307,17,102324
2021-01-15,"Moderna, Pfizer/BioNTech",116328,18,116346
2021-01-16,"Moderna, Pfizer/BioNTech",119732,22,119754
2021-01-17,"Moderna, Pfizer/BioNTech",122353,658,123011
2021-01-18,"Moderna, Pfizer/BioNTech",134847,2485,137332
2021-01-19,"Moderna, Pfizer/BioNTech",147460,5214,152674
2021-01-20,"Moderna, Pfizer/BioNTech",161158,7879,169037
2021-01-21,"Moderna, Pfizer/BioNTech",176812,9621,186433
2021-01-22,"Moderna, Pfizer/BioNTech",191705,10665,202370
2021-01-23,"Moderna, Pfizer/BioNTech",195023,11542,206565
2021-01-24,"Moderna, Pfizer/BioNTech",197279,12413,209692
2021-01-25,"Moderna, Pfizer/BioNTech",206934,15383,222317
2021-01-26,"Moderna, Pfizer/BioNTech",217481,19374,236855
2021-01-27,"Moderna, Pfizer/BioNTech",226513,23909,250422
2021-01-28,"Moderna, Pfizer/BioNTech",233619,30041,263660
2021-01-29,"Moderna, Pfizer/BioNTech",239834,37948,277782
2021-01-30,"Moderna, Pfizer/BioNTech",240575,39036,279611
2021-01-31,"Moderna, Pfizer/BioNTech",241294,40218,281512
2021-02-01,"Moderna, Pfizer/BioNTech",245277,48187,293464
2021-02-02,"Moderna, Pfizer/BioNTech",249430,58427,307857
2021-02-03,"Moderna, Pfizer/BioNTech",253857,69447,323304
2021-02-04,"Moderna, Pfizer/BioNTech",258763,82441,341204
2021-02-05,"Moderna, Pfizer/BioNTech",264239,93116,357355
2021-02-06,"Moderna, Oxford/AstraZeneca, Pfizer/BioNTech",265096,95481,360577
2021-02-07,"Moderna, Oxford/AstraZeneca, Pfizer/BioNTech",265947,97981,363928
2021-02-08,"Moderna, Oxford/AstraZeneca, Pfizer/BioNTech",270040,109412,379452
2021-02-09,"Moderna, Oxford/AstraZeneca, Pfizer/BioNTech",275148,121328,396476
2021-02-10,"Moderna, Oxford/AstraZeneca, Pfizer/BioNTech",280667,134589,415256
2021-02-11,"Moderna, Oxford/AstraZeneca, Pfizer/BioNTech",287009,150809,437818
2021-02-12,"Moderna, Oxford/AstraZeneca, Pfizer/BioNTech",293838,165558,459396
2021-02-13,"Moderna, Oxford/AstraZeneca, Pfizer/BioNTech",295456,168545,464001
2021-02-14,"Moderna, Oxford/AstraZeneca, Pfizer/BioNTech",296462,169931,466393
2021-02-15,"Moderna, Oxford/AstraZeneca, Pfizer/BioNTech",302861,179302,482163
2021-02-16,"Moderna, Oxford/AstraZeneca, Pfizer/BioNTech",311582,188383,499965
2021-02-17,"Moderna, Oxford/AstraZeneca, Pfizer/BioNTech",321285,196694,517979
2021-02-18,"Moderna, Oxford/AstraZeneca, Pfizer/BioNTech",333614,204777,538391
2021-02-19,"Moderna, Oxford/AstraZeneca, Pfizer/BioNTech",345480,212153,557633
2021-02-20,"Moderna, Oxford/AstraZeneca, Pfizer/BioNTech",347490,213339,560829
2021-02-21,"Moderna, Oxford/AstraZeneca, Pfizer/BioNTech",348627,214365,562992
2021-02-22,"Moderna, Oxford/AstraZeneca, Pfizer/BioNTech",358754,220403,579157
2021-02-23,"Moderna, Oxford/AstraZeneca, Pfizer/BioNTech",371719,227394,599113
2021-02-24,"Moderna, Oxford/AstraZeneca, Pfizer/BioNTech",385604,233437,619041
2021-02-25,"Moderna, Oxford/AstraZeneca, Pfizer/BioNTech",403588,238989,642577
2021-02-26,"Moderna, Oxford/AstraZeneca, Pfizer/BioNTech",419771,244349,664120
2021-02-27,"Moderna, Oxford/AstraZeneca, Pfizer/BioNTech",422780,244908,667688
2021-02-28,"Moderna, Oxford/AstraZeneca, Pfizer/BioNTech",425138,245459,670597
2021-03-01,"Moderna, Oxford/AstraZeneca, Pfizer/BioNTech",444737,248907,693644
2021-03-02,"Moderna, Oxford/AstraZeneca, Pfizer/BioNTech",471964,252457,724421
2021-03-03,"Moderna, Oxford/AstraZeneca, Pfizer/BioNTech",502922,256968,759890
2021-03-04,"Moderna, Oxford/AstraZeneca, Pfizer/BioNTech",536208,261658,797866
2021-03-05,"Johnson&Johnson, Moderna, Oxford/AstraZeneca, Pfizer/BioNTech",565052,267087,832139
2021-03-06,"Johnson&Johnson, Moderna, Oxford/AstraZeneca, Pfizer/BioNTech",577212,267953,845165
2021-03-07,"Johnson&Johnson, Moderna, Oxford/AstraZeneca, Pfizer/BioNTech",588761,268796,857557
2021-03-08,"Johnson&Johnson, Moderna, Oxford/AstraZeneca, Pfizer/BioNTech",618511,273658,892169
2021-03-09,"Johnson&Johnson, Moderna, Oxford/AstraZeneca, Pfizer/BioNTech",654884,280046,934930
2021-03-10,"Johnson&Johnson, Moderna, Oxford/AstraZeneca, Pfizer/BioNTech",696219,287007,983226
2021-03-11,"Johnson&Johnson, Moderna, Oxford/AstraZeneca, Pfizer/BioNTech",741076,295383,1036459
2021-03-12,"Johnson&Johnson, Moderna, Oxford/AstraZeneca, Pfizer/BioNTech",779840,303883,1083723
2021-03-13,"Johnson&Johnson, Moderna, Oxford/AstraZeneca, Pfizer/BioNTech",796951,305198,1102149
2021-03-14,"Johnson&Johnson, Moderna, Oxford/AstraZeneca, Pfizer/BioNTech",809069,306354,1115423
2021-03-15,"Johnson&Johnson, Moderna, Oxford/AstraZeneca, Pfizer/BioNTech",837467,315136,1152603
2021-03-16,"Johnson&Johnson, Moderna, Oxford/AstraZeneca, Pfizer/BioNTech",876364,325673,1202037
2021-03-17,"Moderna, Oxford/AstraZeneca, Pfizer/BioNTech",913852,336188,1250040
2021-03-18,"Johnson&Johnson, Moderna, Oxford/AstraZeneca, Pfizer/BioNTech",951861,348614,1300475
2021-03-19,"Johnson&Johnson, Moderna, Oxford/AstraZeneca, Pfizer/BioNTech",986382,362229,1348611
2021-03-20,"Johnson&Johnson, Moderna, Oxford/AstraZeneca, Pfizer/BioNTech",1001567,364259,1365826
2021-03-21,"Johnson&Johnson, Moderna, Oxford/AstraZeneca, Pfizer/BioNTech",1009015,365819,1374834
2021-03-22,"Johnson&Johnson, Moderna, Oxford/AstraZeneca, Pfizer/BioNTech",1033593,378320,1411913
2021-03-23,"Johnson&Johnson, Moderna, Oxford/AstraZeneca, Pfizer/BioNTech",1060269,391687,1451956
2021-03-24,"Johnson&Johnson, Moderna, Oxford/AstraZeneca, Pfizer/BioNTech",1087164,407434,1494598
2021-03-25,"Johnson&Johnson, Moderna, Oxford/AstraZeneca, Pfizer/BioNTech",1113524,425289,1538813
2021-03-26,"Johnson&Johnson, Moderna, Oxford/AstraZeneca, Pfizer/BioNTech",1138367,442803,1581170
2021-03-27,"Johnson&Johnson, Moderna, Oxford/AstraZeneca, Pfizer/BioNTech",1146829,447649,1594478
2021-03-28,"Moderna, Oxford/AstraZeneca, Pfizer/BioNTech",1152377,451797,1604174
2021-03-29,"Johnson&Johnson, Moderna, Oxford/AstraZeneca, Pfizer/BioNTech",1171537,472535,1644072
2021-03-30,"Johnson&Johnson, Moderna, Oxford/AstraZeneca, Pfizer/BioNTech",1196247,494722,1690969
2021-03-31,"Johnson&Johnson, Moderna, Oxford/AstraZeneca, Pfizer/BioNTech",1219403,521791,1741194
2021-04-01,"Johnson&Johnson, Moderna, Oxford/AstraZeneca, Pfizer/BioNTech",1245093,553848,1798941
2021-04-02,"Johnson&Johnson, Moderna, Oxford/AstraZeneca, Pfizer/BioNTech",1252077,566646,1818723
2021-04-03,"Johnson&Johnson, Moderna, Oxford/AstraZeneca, Pfizer/BioNTech",1255731,577578,1833309
2021-04-04,"Johnson&Johnson, Moderna, Oxford/AstraZeneca, Pfizer/BioNTech",1258274,586501,1844775
2021-04-05,"Johnson&Johnson, Moderna, Oxford/AstraZeneca, Pfizer/BioNTech",1260707,593707,1854414
2021-04-06,"Johnson&Johnson, Moderna, Oxford/AstraZeneca, Pfizer/BioNTech",1276924,622982,1899906
2021-04-07,"Johnson&Johnson, Moderna, Oxford/AstraZeneca, Pfizer/BioNTech",1300428,645224,1945652
2021-04-08,"Johnson&Johnson, Moderna, Oxford/AstraZeneca, Pfizer/BioNTech",1339248,676271,2015519
2021-04-09,"Johnson&Johnson, Moderna, Oxford/AstraZeneca, Pfizer/BioNTech",1378847,706472,2085319
2021-04-10,"Johnson&Johnson, Moderna, Oxford/AstraZeneca, Pfizer/BioNTech",1394415,721785,2116200
2021-04-11,"Johnson&Johnson, Moderna, Oxford/AstraZeneca, Pfizer/BioNTech",1404211,731842,2136053
2021-04-12,"Johnson&Johnson, Moderna, Oxford/AstraZeneca, Pfizer/BioNTech",1442533,756988,2199521
2021-04-13,"Moderna, Oxford/AstraZeneca, Pfizer/BioNTech",1478842,783030,2261872
2021-04-14,"Moderna, Oxford/AstraZeneca, Pfizer/BioNTech",1517731,810408,2328139
2021-04-15,"Moderna, Oxford/AstraZeneca, Pfizer/BioNTech",1565568,836190,2401758
2021-04-16,"Moderna, Oxford/AstraZeneca, Pfizer/BioNTech",1610284,861873,2472157
2021-04-17,"Moderna, Oxford/AstraZeneca, Pfizer/BioNTech",1627010,870900,2497910
2021-04-18,"Moderna, Oxford/AstraZeneca, Pfizer/BioNTech",1640010,875886,2515896
2021-04-19,"Johnson&Johnson, Moderna, Oxford/AstraZeneca, Pfizer/BioNTech",1683986,891330,2575316
2021-04-20,"Johnson&Johnson, Moderna, Oxford/AstraZeneca, Pfizer/BioNTech",1726575,907220,2633795
2021-04-21,"Moderna, Oxford/AstraZeneca, Pfizer/BioNTech",1774342,921590,2695932
2021-04-22,"Johnson&Johnson, Moderna, Oxford/AstraZeneca, Pfizer/BioNTech",1828873,938990,2767863
2021-04-23,"Johnson&Johnson, Moderna, Oxford/AstraZeneca, Pfizer/BioNTech",1878886,951057,2829943
2021-04-24,"Johnson&Johnson, Moderna, Oxford/AstraZeneca, Pfizer/BioNTech",1896764,956324,2853088
2021-04-25,"Johnson&Johnson, Moderna, Oxford/AstraZeneca, Pfizer/BioNTech",1911478,960327,2871805
2021-04-26,"Johnson&Johnson, Moderna, Oxford/AstraZeneca, Pfizer/BioNTech",1961094,967898,2928992
2021-04-27,"Johnson&Johnson, Moderna, Oxford/AstraZeneca, Pfizer/BioNTech",2010084,980154,2990238
2021-04-28,"Johnson&Johnson, Moderna, Oxford/AstraZeneca, Pfizer/BioNTech",2068865,994178,3063043
2021-04-29,"Johnson&Johnson, Moderna, Oxford/AstraZeneca, Pfizer/BioNTech",2134486,1010100,3144586
2021-04-30,"Johnson&Johnson, Moderna, Oxford/AstraZeneca, Pfizer/BioNTech",2196783,1020097,3216880
2021-05-01,"Johnson&Johnson, Moderna, Oxford/AstraZeneca, Pfizer/BioNTech",2216176,1023562,3239738
2021-05-02,"Johnson&Johnson, Moderna, Oxford/AstraZeneca, Pfizer/BioNTech",2235129,1025853,3260982
2021-05-03,"Johnson&Johnson, Moderna, Oxford/AstraZeneca, Pfizer/BioNTech",2302408,1030938,3333346
2021-05-04,"Johnson&Johnson, Moderna, Oxford/AstraZeneca, Pfizer/BioNTech",2368971,1039310,3408281
2021-05-05,"Johnson&Johnson, Moderna, Oxford/AstraZeneca, Pfizer/BioNTech",2442183,1048759,3490942
2021-05-06,"Johnson&Johnson, Moderna, Oxford/AstraZeneca, Pfizer/BioNTech",2522632,1059511,3582143
2021-05-07,"Johnson&Johnson, Moderna, Oxford/AstraZeneca, Pfizer/BioNTech",2599970,1069657,3669627
2021-05-08,"Johnson&Johnson, Moderna, Oxford/AstraZeneca, Pfizer/BioNTech",2629511,1071450,3700961
2021-05-09,"Johnson&Johnson, Moderna, Oxford/AstraZeneca, Pfizer/BioNTech",2653753,1072674,3726427
2021-05-10,"Johnson&Johnson, Moderna, Oxford/AstraZeneca, Pfizer/BioNTech",2726554,1079921,3806475
2021-05-11,"Johnson&Johnson, Moderna, Oxford/AstraZeneca, Pfizer/BioNTech",2802710,1088754,3891464
2021-05-12,"Johnson&Johnson, Moderna, Oxford/AstraZeneca, Pfizer/BioNTech",2882657,1097901,3980558
2021-05-13,"Johnson&Johnson, Moderna, Oxford/AstraZeneca, Pfizer/BioNTech",2966716,1107097,4073813
2021-05-14,"Johnson&Johnson, Moderna, Oxford/AstraZeneca, Pfizer/BioNTech",3046271,1114925,4161196
2021-05-15,"Johnson&Johnson, Moderna, Oxford/AstraZeneca, Pfizer/BioNTech",3078239,1117212,4195451
2021-05-16,"Johnson&Johnson, Moderna, Oxford/AstraZeneca, Pfizer/BioNTech",3104055,1118499,4222554
2021-05-17,"Johnson&Johnson, Moderna, Oxford/AstraZeneca, Pfizer/BioNTech",3176596,1125257,4301853
2021-05-18,"Johnson&Johnson, Moderna, Oxford/AstraZeneca, Pfizer/BioNTech",3248592,1138382,4386974
2021-05-19,"Johnson&Johnson, Moderna, Oxford/AstraZeneca, Pfizer/BioNTech",3326094,1153557,4479651
2021-05-20,"Johnson&Johnson, Moderna, Oxford/AstraZeneca, Pfizer/BioNTech",3401595,1180630,4582225
2021-05-21,"Johnson&Johnson, Moderna, Oxford/AstraZeneca, Pfizer/BioNTech",3470454,1208440,4678894
2021-05-22,"Johnson&Johnson, Moderna, Oxford/AstraZeneca, Pfizer/BioNTech",3502928,1219685,4722613
2021-05-23,"Johnson&Johnson, Moderna, Oxford/AstraZeneca, Pfizer/BioNTech",3525380,1228728,4754108
2021-05-24,"Johnson&Johnson, Moderna, Oxford/AstraZeneca, Pfizer/BioNTech",3572598,1262408,4835006
2021-05-25,"Johnson&Johnson, Moderna, Oxford/AstraZeneca, Pfizer/BioNTech",3624522,1298258,4922780
2021-05-26,"Johnson&Johnson, Moderna, Oxford/AstraZeneca, Pfizer/BioNTech",3692294,1335823,5028117
2021-05-27,"Johnson&Johnson, Moderna, Oxford/AstraZeneca, Pfizer/BioNTech",3753731,1383193,5136924
2021-05-28,"Johnson&Johnson, Moderna, Oxford/AstraZeneca, Pfizer/BioNTech",3815489,1429810,5245299
2021-05-29,"Johnson&Johnson, Moderna, Oxford/AstraZeneca, Pfizer/BioNTech",3844763,1446957,5291720
2021-05-30,"Johnson&Johnson, Moderna, Oxford/AstraZeneca, Pfizer/BioNTech",3867181,1461430,5328611
2021-05-31,"Johnson&Johnson, Moderna, Oxford/AstraZeneca, Pfizer/BioNTech",3922930,1508966,5431896
2021-06-01,"Johnson&Johnson, Moderna, Oxford/AstraZeneca, Pfizer/BioNTech",3982050,1557860,5539910
2021-06-02,"Johnson&Johnson, Moderna, Oxford/AstraZeneca, Pfizer/BioNTech",4045034,1611902,5656936
2021-06-03,"Johnson&Johnson, Moderna, Oxford/AstraZeneca, Pfizer/BioNTech",4103299,1672154,5775453
2021-06-04,"Johnson&Johnson, Moderna, Oxford/AstraZeneca, Pfizer/BioNTech",4166451,1729595,5896046
2021-06-05,"Johnson&Johnson, Moderna, Oxford/AstraZeneca, Pfizer/BioNTech",4200644,1748529,5949173
2021-06-06,"Johnson&Johnson, Moderna, Oxford/AstraZeneca, Pfizer/BioNTech",4227607,1763710,5991317
2021-06-07,"Johnson&Johnson, Moderna, Oxford/AstraZeneca, Pfizer/BioNTech",4291312,1819367,6110679
2021-06-08,"Johnson&Johnson, Moderna, Oxford/AstraZeneca, Pfizer/BioNTech",4355330,1874399,6229729
2021-06-09,"Johnson&Johnson, Moderna, Oxford/AstraZeneca, Pfizer/BioNTech",4414555,1939102,6353657
2021-06-10,"Johnson&Johnson, Moderna, Oxford/AstraZeneca, Pfizer/BioNTech",4468425,2010433,6478858
2021-06-11,"Johnson&Johnson, Moderna, Oxford/AstraZeneca, Pfizer/BioNTech",4520563,2080294,6600857
2021-06-12,"Johnson&Johnson, Moderna, Oxford/AstraZeneca, Pfizer/BioNTech",4552594,2101158,6653752
2021-06-13,"Johnson&Johnson, Moderna, Oxford/AstraZeneca, Pfizer/BioNTech",4576638,2119602,6696240
2021-06-14,"Johnson&Johnson, Moderna, Oxford/AstraZeneca, Pfizer/BioNTech",4619740,2194024,6813764
2021-06-15,"Johnson&Johnson, Moderna, Oxford/AstraZeneca, Pfizer/BioNTech",4664426,2266441,6930867
2021-06-16,"Johnson&Johnson, Moderna, Oxford/AstraZeneca, Pfizer/BioNTech",4707256,2344699,7051955
2021-06-17,"Johnson&Johnson, Moderna, Oxford/AstraZeneca, Pfizer/BioNTech",4746701,2427825,7174526
2021-06-18,"Johnson&Johnson, Moderna, Oxford/AstraZeneca, Pfizer/BioNTech",4789151,2508438,7297589
2021-06-19,"Johnson&Johnson, Moderna, Oxford/AstraZeneca, Pfizer/BioNTech",4810951,2537791,7348742
2021-06-20,"Johnson&Johnson, Moderna, Oxford/AstraZeneca, Pfizer/BioNTech",4828365,2561678,7390043
2021-06-21,"Johnson&Johnson, Moderna, Oxford/AstraZeneca, Pfizer/BioNTech",4860885,2640320,7501205
2021-06-22,"Johnson&Johnson, Moderna, Oxford/AstraZeneca, Pfizer/BioNTech",4893871,2722673,7616544
2021-06-23,"Johnson&Johnson, Moderna, Oxford/AstraZeneca, Pfizer/BioNTech",4925603,2807946,7733549
2021-06-24,"Johnson&Johnson, Moderna, Oxford/AstraZeneca, Pfizer/BioNTech",4955481,2898030,7853511
2021-06-25,"Johnson&Johnson, Moderna, Oxford/AstraZeneca, Pfizer/BioNTech",4986583,2984295,7970878
2021-06-26,"Johnson&Johnson, Moderna, Oxford/AstraZeneca, Pfizer/BioNTech",5002489,3019197,8021686
2021-06-27,"Johnson&Johnson, Moderna, Oxford/AstraZeneca, Pfizer/BioNTech",5016450,3045925,8062375
2021-06-28,"Johnson&Johnson, Moderna, Oxford/AstraZeneca, Pfizer/BioNTech",5044877,3131170,8176047
2021-06-29,"Johnson&Johnson, Moderna, Oxford/AstraZeneca, Pfizer/BioNTech",5074177,3217746,8291923
2021-06-30,"Johnson&Johnson, Moderna, Oxford/AstraZeneca, Pfizer/BioNTech",5101688,3308816,8410504
2021-07-01,"Johnson&Johnson, Moderna, Oxford/AstraZeneca, Pfizer/BioNTech",5125699,3398943,8524642
2021-07-02,"Johnson&Johnson, Moderna, Oxford/AstraZeneca, Pfizer/BioNTech",5152459,3484903,8637362
2021-07-03,"Johnson&Johnson, Moderna, Oxford/AstraZeneca, Pfizer/BioNTech",5159570,3516486,8676056
2021-07-04,"Johnson&Johnson, Moderna, Oxford/AstraZeneca, Pfizer/BioNTech",5167167,3538316,8705483
2021-07-05,"Johnson&Johnson, Moderna, Oxford/AstraZeneca, Pfizer/BioNTech",5174596,3563735,8738331
2021-07-06,"Johnson&Johnson, Moderna, Oxford/AstraZeneca, Pfizer/BioNTech",5180083,3591478,8771561
2021-07-07,"Johnson&Johnson, Moderna, Oxford/AstraZeneca, Pfizer/BioNTech",5205923,3670494,8876417
2021-07-08,"Johnson&Johnson, Moderna, Oxford/AstraZeneca, Pfizer/BioNTech",5232547,3740866,8973413
2021-07-09,"Johnson&Johnson, Moderna, Oxford/AstraZeneca, Pfizer/BioNTech",5260513,3810219,9070732
2021-07-10,"Johnson&Johnson, Moderna, Oxford/AstraZeneca, Pfizer/BioNTech",5269902,3838898,9108800
2021-07-11,"Johnson&Johnson, Moderna, Oxford/AstraZeneca, Pfizer/BioNTech",5278464,3861792,9140256
2021-07-12,"Johnson&Johnson, Moderna, Oxford/AstraZeneca, Pfizer/BioNTech",5306024,3930890,9236914
2021-07-13,"Johnson&Johnson, Moderna, Oxford/AstraZeneca, Pfizer/BioNTech",5332238,4000797,9333035
2021-07-14,"Johnson&Johnson, Moderna, Oxford/AstraZeneca, Pfizer/BioNTech",5358088,4072818,9430906
2021-07-15,"Johnson&Johnson, Moderna, Oxford/AstraZeneca, Pfizer/BioNTech",5387288,4138868,9526156
2021-07-16,"Johnson&Johnson, Moderna, Oxford/AstraZeneca, Pfizer/BioNTech",5415237,4211633,9626870
2021-07-17,"Johnson&Johnson, Moderna, Oxford/AstraZeneca, Pfizer/BioNTech",5424043,4243120,9667163
2021-07-18,"Johnson&Johnson, Moderna, Oxford/AstraZeneca, Pfizer/BioNTech",5432493,4269143,9701636
2021-07-19,"Johnson&Johnson, Moderna, Oxford/AstraZeneca, Pfizer/BioNTech",5455869,4336191,9792060
2021-07-20,"Johnson&Johnson, Moderna, Oxford/AstraZeneca, Pfizer/BioNTech",5477293,4403281,9880574
2021-07-21,"Johnson&Johnson, Moderna, Oxford/AstraZeneca, Pfizer/BioNTech",5500758,4466768,9967526
2021-07-22,"Johnson&Johnson, Moderna, Oxford/AstraZeneca, Pfizer/BioNTech",5523135,4525434,10048569
2021-07-23,"Johnson&Johnson, Moderna, Oxford/AstraZeneca, Pfizer/BioNTech",5546383,4580225,10126608
2021-07-24,"Johnson&Johnson, Moderna, Oxford/AstraZeneca, Pfizer/BioNTech",5553743,4607917,10161660
2021-07-25,"Johnson&Johnson, Moderna, Oxford/AstraZeneca, Pfizer/BioNTech",5560388,4630061,10190449
2021-07-26,"Johnson&Johnson, Moderna, Oxford/AstraZeneca, Pfizer/BioNTech",5583953,4678776,10262729
2021-07-27,"Johnson&Johnson, Moderna, Oxford/AstraZeneca, Pfizer/BioNTech",5606715,4725459,10332174
2021-07-28,"Johnson&Johnson, Moderna, Oxford/AstraZeneca, Pfizer/BioNTech",5628007,4771502,10399509
2021-07-29,"Johnson&Johnson, Moderna, Oxford/AstraZeneca, Pfizer/BioNTech",5649356,4813507,10462863
2021-07-30,"Johnson&Johnson, Moderna, Oxford/AstraZeneca, Pfizer/BioNTech",5672647,4856112,10528759
2021-07-31,"Johnson&Johnson, Moderna, Oxford/AstraZeneca, Pfizer/BioNTech",5681612,4875670,10557282
2021-08-01,"Johnson&Johnson, Moderna, Oxford/AstraZeneca, Pfizer/BioNTech",5688345,4891854,10580199
2021-08-02,"Johnson&Johnson, Moderna, Oxford/AstraZeneca, Pfizer/BioNTech",5706997,4929445,10636442
2021-08-03,"Johnson&Johnson, Moderna, Oxford/AstraZeneca, Pfizer/BioNTech",5724658,4967590,10692248
2021-08-04,"Johnson&Johnson, Moderna, Oxford/AstraZeneca, Pfizer/BioNTech",5740800,5004393,10745193
2021-08-05,"Johnson&Johnson, Moderna, Oxford/AstraZeneca, Pfizer/BioNTech",5756852,5044912,10801764
2021-08-06,"Johnson&Johnson, Moderna, Oxford/AstraZeneca, Pfizer/BioNTech",5773668,5088253,10861921
2021-08-07,"Johnson&Johnson, Moderna, Oxford/AstraZeneca, Pfizer/BioNTech",5779282,5106445,10885727
2021-08-08,"Johnson&Johnson, Moderna, Oxford/AstraZeneca, Pfizer/BioNTech",5783654,5122222,10905876
2021-08-09,"Johnson&Johnson, Moderna, Oxford/AstraZeneca, Pfizer/BioNTech",5796297,5167312,10963609
2021-08-10,"Johnson&Johnson, Moderna, Oxford/AstraZeneca, Pfizer/BioNTech",5808150,5206912,11015062
2021-08-11,"Johnson&Johnson, Moderna, Oxford/AstraZeneca, Pfizer/BioNTech",5819528,5250070,11069598
2021-08-12,"Johnson&Johnson, Moderna, Oxford/AstraZeneca, Pfizer/BioNTech",5830955,5287233,11118188
2021-08-13,"Johnson&Johnson, Moderna, Oxford/AstraZeneca, Pfizer/BioNTech",5841691,5327606,11169297
2021-08-14,"Johnson&Johnson, Moderna, Oxford/AstraZeneca, Pfizer/BioNTech",5845034,5338330,11183364
2021-08-15,"Johnson&Johnson, Moderna, Oxford/AstraZeneca, Pfizer/BioNTech",5847628,5348725,11196353
2021-08-16,"Johnson&Johnson, Moderna, Oxford/AstraZeneca, Pfizer/BioNTech",5857426,5382828,11240254
2021-08-17,"Johnson&Johnson, Moderna, Oxford/AstraZeneca, Pfizer/BioNTech",5867029,5409953,11276982
2021-08-18,"Johnson&Johnson, Moderna, Oxford/AstraZeneca, Pfizer/BioNTech",5876408,5448876,11325284
2021-08-19,"Johnson&Johnson, Moderna, Oxford/AstraZeneca, Pfizer/BioNTech",5886096,5487249,11373345
2021-08-20,"Johnson&Johnson, Moderna, Oxford/AstraZeneca, Pfizer/BioNTech",5897494,5527457,11424951
2021-08-21,"Johnson&Johnson, Moderna, Oxford/AstraZeneca, Pfizer/BioNTech",5900221,5540241,11440462
2021-08-22,"Johnson&Johnson, Moderna, Oxford/AstraZeneca, Pfizer/BioNTech",5902567,5552219,11454786
2021-08-23,"Johnson&Johnson, Moderna, Oxford/AstraZeneca, Pfizer/BioNTech",5913103,5591506,11504609
2021-08-24,"Johnson&Johnson, Moderna, Oxford/AstraZeneca, Pfizer/BioNTech",5922986,5624774,11547760
2021-08-25,"Johnson&Johnson, Moderna, Oxford/AstraZeneca, Pfizer/BioNTech",5931860,5653164,11585024
2021-08-26,"Johnson&Johnson, Moderna, Oxford/AstraZeneca, Pfizer/BioNTech",5940317,5679308,11619625
2021-08-27,"Johnson&Johnson, Moderna, Oxford/AstraZeneca, Pfizer/BioNTech",5950646,5705305,11655951
2021-08-28,"Johnson&Johnson, Moderna, Oxford/AstraZeneca, Pfizer/BioNTech",5953388,5712381,11665769
2021-08-29,"Johnson&Johnson, Moderna, Oxford/AstraZeneca, Pfizer/BioNTech",5955803,5719009,11674812
2021-08-30,"Johnson&Johnson, Moderna, Oxford/AstraZeneca, Pfizer/BioNTech",5964335,5740901,11705236
2021-08-31,"Johnson&Johnson, Moderna, Oxford/AstraZeneca, Pfizer/BioNTech",5972023,5759023,11731046
2021-09-01,"Johnson&Johnson, Moderna, Oxford/AstraZeneca, Pfizer/BioNTech",5977938,5773050,11750988
2021-09-02,"Johnson&Johnson, Moderna, Oxford/AstraZeneca, Pfizer/BioNTech",5984781,5787446,11772227
2021-09-03,"Johnson&Johnson, Moderna, Oxford/AstraZeneca, Pfizer/BioNTech",5994344,5803190,11797534
2021-09-04,"Johnson&Johnson, Moderna, Oxford/AstraZeneca, Pfizer/BioNTech",5996417,5806755,11803172
2021-09-05,"Johnson&Johnson, Moderna, Oxford/AstraZeneca, Pfizer/BioNTech",5998461,5809607,11808068
2021-09-06,"Johnson&Johnson, Moderna, Oxford/AstraZeneca, Pfizer/BioNTech",6004701,5822162,11826863
2021-09-07,"Johnson&Johnson, Moderna, Oxford/AstraZeneca, Pfizer/BioNTech",6009098,5833258,11842356
2021-09-08,"Johnson&Johnson, Moderna, Oxford/AstraZeneca, Pfizer/BioNTech",6014778,5843130,11857908
2021-09-09,"Johnson&Johnson, Moderna, Oxford/AstraZeneca, Pfizer/BioNTech",6021481,5853206,11874687
2021-09-10,"Johnson&Johnson, Moderna, Oxford/AstraZeneca, Pfizer/BioNTech",6029184,5865395,11894579
2021-09-11,"Johnson&Johnson, Moderna, Oxford/AstraZeneca, Pfizer/BioNTech",6031058,5867890,11898948
2021-09-12,"Johnson&Johnson, Moderna, Oxford/AstraZeneca, Pfizer/BioNTech",6032179,5869527,11901706
2021-09-13,"Johnson&Johnson, Moderna, Oxford/AstraZeneca, Pfizer/BioNTech",6037624,5879846,11917470
2021-09-14,"Johnson&Johnson, Moderna, Oxford/AstraZeneca, Pfizer/BioNTech",6043027,5888866,11931893
2021-09-15,"Johnson&Johnson, Moderna, Oxford/AstraZeneca, Pfizer/BioNTech",6048237,5897400,11945637
2021-09-16,"Johnson&Johnson, Moderna, Oxford/AstraZeneca, Pfizer/BioNTech",6053601,5905684,11959285
2021-09-17,"Johnson&Johnson, Moderna, Oxford/AstraZeneca, Pfizer/BioNTech",6060174,5915926,11976100
2021-09-18,"Johnson&Johnson, Moderna, Oxford/AstraZeneca, Pfizer/BioNTech",6061906,5918292,11980198
2021-09-19,"Johnson&Johnson, Moderna, Oxford/AstraZeneca, Pfizer/BioNTech",6062853,5919864,11982717
2021-09-20,"Johnson&Johnson, Moderna, Oxford/AstraZeneca, Pfizer/BioNTech",6066880,5928069,11994949
2021-09-21,"Johnson&Johnson, Moderna, Oxford/AstraZeneca, Pfizer/BioNTech",6071121,5935608,12006729
2021-09-22,"Johnson&Johnson, Moderna, Oxford/AstraZeneca, Pfizer/BioNTech",6075316,5941137,12016453
2021-09-23,"Johnson&Johnson, Moderna, Oxford/AstraZeneca, Pfizer/BioNTech",6080287,5947553,12027840
2021-09-24,"Johnson&Johnson, Moderna, Oxford/AstraZeneca, Pfizer/BioNTech",6086051,5957174,12043225
2021-09-25,"Johnson&Johnson, Moderna, Oxford/AstraZeneca, Pfizer/BioNTech",6087551,5959174,12046725
2021-09-26,"Johnson&Johnson, Moderna, Oxford/AstraZeneca, Pfizer/BioNTech",6088296,5960816,12049112
2021-09-27,"Johnson&Johnson, Moderna, Oxford/AstraZeneca, Pfizer/BioNTech",6092183,5967334,12059517
2021-09-28,"Johnson&Johnson, Moderna, Oxford/AstraZeneca, Pfizer/BioNTech",6092558,5967970,12060528
2021-09-29,"Johnson&Johnson, Moderna, Oxford/AstraZeneca, Pfizer/BioNTech",6096334,5975436,12071770
2021-09-30,"Johnson&Johnson, Moderna, Oxford/AstraZeneca, Pfizer/BioNTech",6100854,5983143,12083997
2021-10-01,"Johnson&Johnson, Moderna, Oxford/AstraZeneca, Pfizer/BioNTech",6105167,5991132,12096299
2021-10-02,"Johnson&Johnson, Moderna, Oxford/AstraZeneca, Pfizer/BioNTech",6106230,5992678,12098908
2021-10-03,"Johnson&Johnson, Moderna, Oxford/AstraZeneca, Pfizer/BioNTech",6106955,5993551,12100506
2021-10-04,"Johnson&Johnson, Moderna, Oxford/AstraZeneca, Pfizer/BioNTech",6110035,5999133,12109168
2021-10-05,"Johnson&Johnson, Moderna, Oxford/AstraZeneca, Pfizer/BioNTech",6113199,6004223,12117422
2021-10-06,"Johnson&Johnson, Moderna, Oxford/AstraZeneca, Pfizer/BioNTech",6116725,6009402,12126127
2021-10-07,"Johnson&Johnson, Moderna, Oxford/AstraZeneca, Pfizer/BioNTech",6120009,6014665,12134674
2021-10-08,"Johnson&Johnson, Moderna, Oxford/AstraZeneca, Pfizer/BioNTech",6124804,6021311,12146115
2021-10-09,"Johnson&Johnson, Moderna, Oxford/AstraZeneca, Pfizer/BioNTech",6126049,6022979,12149028
2021-10-10,"Johnson&Johnson, Moderna, Oxford/AstraZeneca, Pfizer/BioNTech",6126993,6023812,12150805
2021-10-11,"Johnson&Johnson, Moderna, Oxford/AstraZeneca, Pfizer/BioNTech",6129922,6028233,12158155
2021-10-12,"Johnson&Johnson, Moderna, Oxford/AstraZeneca, Pfizer/BioNTech",6132860,6032236,12165096
2021-10-13,"Johnson&Johnson, Moderna, Oxford/AstraZeneca, Pfizer/BioNTech",6136392,6036425,12172817
2021-10-14,"Johnson&Johnson, Moderna, Oxford/AstraZeneca, Pfizer/BioNTech",6140064,6041375,12181439
2021-10-15,"Johnson&Johnson, Moderna, Oxford/AstraZeneca, Pfizer/BioNTech",6145295,6047525,12192820
2021-10-16,"Johnson&Johnson, Moderna, Oxford/AstraZeneca, Pfizer/BioNTech",6146709,6049051,12195760
2021-10-17,"Johnson&Johnson, Moderna, Pfizer/BioNTech",6148035,6050105,12198140
2021-10-18,"Johnson&Johnson, Moderna, Oxford/AstraZeneca, Pfizer/BioNTech",6152149,6054213,12206362
2021-10-19,"Johnson&Johnson, Moderna, Oxford/AstraZeneca, Pfizer/BioNTech",6155730,6056321,12212051
2021-10-20,"Johnson&Johnson, Moderna, Oxford/AstraZeneca, Pfizer/BioNTech",6160617,6060782,12221399
2021-10-21,"Johnson&Johnson, Moderna, Oxford/AstraZeneca, Pfizer/BioNTech",6168386,6066392,12234778
2021-10-22,"Johnson&Johnson, Moderna, Oxford/AstraZeneca, Pfizer/BioNTech",6178844,6072898,12251742
2021-10-23,"Johnson&Johnson, Moderna, Oxford/AstraZeneca, Pfizer/BioNTech",6182522,6075109,12257631
2021-10-24,"Johnson&Johnson, Moderna, Oxford/AstraZeneca, Pfizer/BioNTech",6185208,6076890,12262098
2021-10-25,"Johnson&Johnson, Moderna, Oxford/AstraZeneca, Pfizer/BioNTech",6195712,6082704,12278416
2021-10-26,"Johnson&Johnson, Moderna, Oxford/AstraZeneca, Pfizer/BioNTech",6207704,6089255,12296959
2021-10-27,"Johnson&Johnson, Moderna, Oxford/AstraZeneca, Pfizer/BioNTech",6222312,6096672,12318984
2021-10-28,"Johnson&Johnson, Moderna, Oxford/AstraZeneca, Pfizer/BioNTech",6225740,6098358,12324098
2021-10-29,"Johnson&Johnson, Moderna, Oxford/AstraZeneca, Pfizer/BioNTech",6240178,6106345,12346523
2021-10-30,"Johnson&Johnson, Moderna, Oxford/AstraZeneca, Pfizer/BioNTech",6244707,6109273,12353980
2021-10-31,"Johnson&Johnson, Moderna, Oxford/AstraZeneca, Pfizer/BioNTech",6248470,6111750,12360220
2021-11-01,"Johnson&Johnson, Moderna, Oxford/AstraZeneca, Pfizer/BioNTech",6263667,6119435,12383102
2021-11-02,"Johnson&Johnson, Moderna, Oxford/AstraZeneca, Pfizer/BioNTech",6279119,6126992,12406111
2021-11-03,"Johnson&Johnson, Moderna, Oxford/AstraZeneca, Pfizer/BioNTech",6296299,6134283,12430582
2021-11-04,"Johnson&Johnson, Moderna, Oxford/AstraZeneca, Pfizer/BioNTech",6314646,6142457,12457103
2021-11-05,"Johnson&Johnson, Moderna, Oxford/AstraZeneca, Pfizer/BioNTech",6337449,6153745,12491194
2021-11-06,"Johnson&Johnson, Moderna, Oxford/AstraZeneca, Pfizer/BioNTech",6343964,6156803,12500767
2021-11-07,"Johnson&Johnson, Moderna, Oxford/AstraZeneca, Pfizer/BioNTech",6347988,6159239,12507227
2021-11-08,"Johnson&Johnson, Moderna, Oxford/AstraZeneca, Pfizer/BioNTech",6364253,6166866,12531119
2021-11-09,"Johnson&Johnson, Moderna, Oxford/AstraZeneca, Pfizer/BioNTech",6379065,6174165,12553230
2021-11-10,"Johnson&Johnson, Moderna, Oxford/AstraZeneca, Pfizer/BioNTech",6394806,6181553,12576359
2021-11-11,"Johnson&Johnson, Moderna, Oxford/AstraZeneca, Pfizer/BioNTech",6410277,6190661,12600938
2021-11-12,"Johnson&Johnson, Moderna, Oxford/AstraZeneca, Pfizer/BioNTech",6430078,6203462,12633540
2021-11-13,"Johnson&Johnson, Moderna, Oxford/AstraZeneca, Pfizer/BioNTech",6435472,6207339,12642811
2021-11-14,"Johnson&Johnson, Moderna, Oxford/AstraZeneca, Pfizer/BioNTech",6439367,6210348,12649715
2021-11-15,"Johnson&Johnson, Moderna, Oxford/AstraZeneca, Pfizer/BioNTech",6454445,6221044,12675489
2021-11-16,"Johnson&Johnson, Moderna, Oxford/AstraZeneca, Pfizer/BioNTech",6471979,6233020,12704999
2021-11-17,"Johnson&Johnson, Moderna, Oxford/AstraZeneca, Pfizer/BioNTech",6476222,6236588,12712810
2021-11-18,"Johnson&Johnson, Moderna, Oxford/AstraZeneca, Pfizer/BioNTech",6495639,6248284,12743923
2021-11-19,"Johnson&Johnson, Moderna, Oxford/AstraZeneca, Pfizer/BioNTech",6520249,6265261,12785510
2021-11-20,"Johnson&Johnson, Moderna, Oxford/AstraZeneca, Pfizer/BioNTech",6528826,6270244,12799070
2021-11-21,"Johnson&Johnson, Moderna, Pfizer/BioNTech",6535595,6274017,12809612
2021-11-22,"Johnson&Johnson, Moderna, Oxford/AstraZeneca, Pfizer/BioNTech",6554103,6288130,12842233
2021-11-23,"Johnson&Johnson, Moderna, Oxford/AstraZeneca, Pfizer/BioNTech",6573171,6301394,12874565
2021-11-24,"Johnson&Johnson, Moderna, Oxford/AstraZeneca, Pfizer/BioNTech",6592184,6317245,12909429
2021-11-25,"Johnson&Johnson, Moderna, Oxford/AstraZeneca, Pfizer/BioNTech",6611327,6332284,12943611
2021-11-26,"Johnson&Johnson, Moderna, Oxford/AstraZeneca, Pfizer/BioNTech",6632983,6351422,12984405
2021-11-27,"Johnson&Johnson, Moderna, Oxford/AstraZeneca, Pfizer/BioNTech",6640453,6356977,12997430
2021-11-28,"Johnson&Johnson, Moderna, Oxford/AstraZeneca, Pfizer/BioNTech",6643786,6360114,13003900
2021-11-29,"Johnson&Johnson, Moderna, Oxford/AstraZeneca, Pfizer/BioNTech",6658994,6373775,13032769
2021-11-30,"Johnson&Johnson, Moderna, Oxford/AstraZeneca, Pfizer/BioNTech",6672195,6385002,13057197
2021-12-01,"Johnson&Johnson, Moderna, Oxford/AstraZeneca, Pfizer/BioNTech",6686233,6397459,13083692
2021-12-02,"Johnson&Johnson, Moderna, Oxford/AstraZeneca, Pfizer/BioNTech",6696874,6409951,13106825
2021-12-03,"Johnson&Johnson, Moderna, Oxford/AstraZeneca, Pfizer/BioNTech",6706514,6425531,13132045
2021-12-04,"Johnson&Johnson, Moderna, Pfizer/BioNTech",6709071,6429482,13138553
2021-12-05,"Johnson&Johnson, Moderna, Oxford/AstraZeneca, Pfizer/BioNTech",6710432,6431822,13142254
2021-12-06,"Johnson&Johnson, Moderna, Oxford/AstraZeneca, Pfizer/BioNTech",6718580,6443349,13161929
2021-12-07,"Johnson&Johnson, Moderna, Oxford/AstraZeneca, Pfizer/BioNTech",6726471,6455358,13181829
2021-12-08,"Johnson&Johnson, Moderna, Oxford/AstraZeneca, Pfizer/BioNTech",6734716,6461287,13196003
2021-12-09,"Johnson&Johnson, Moderna, Oxford/AstraZeneca, Pfizer/BioNTech",6741837,6474110,13215947
2021-12-10,"Johnson&Johnson, Moderna, Oxford/AstraZeneca, Pfizer/BioNTech",6748766,6491914,13240680
2021-12-11,"Johnson&Johnson, Moderna, Oxford/AstraZeneca, Pfizer/BioNTech",6750425,6497186,13247611
2021-12-12,"Johnson&Johnson, Moderna, Oxford/AstraZeneca, Pfizer/BioNTech",6751736,6501619,13253355
2021-12-13,"Johnson&Johnson, Moderna, Oxford/AstraZeneca, Pfizer/BioNTech",6758092,6514932,13273024
2021-12-14,"Johnson&Johnson, Moderna, Oxford/AstraZeneca, Pfizer/BioNTech",6764302,6528601,13292903
2021-12-15,"Johnson&Johnson, Moderna, Oxford/AstraZeneca, Pfizer/BioNTech",6770508,6542199,13312707
2021-12-16,"Johnson&Johnson, Moderna, Oxford/AstraZeneca, Pfizer/BioNTech",6777449,6557033,13334482
2021-12-17,"Johnson&Johnson, Moderna, Oxford/AstraZeneca, Pfizer/BioNTech",6785815,6574299,13360114
2021-12-18,"Johnson&Johnson, Moderna, Oxford/AstraZeneca, Pfizer/BioNTech",6788426,6579751,13368177
2021-12-19,"Johnson&Johnson, Moderna, Pfizer/BioNTech",6790197,6582254,13372451
2021-12-20,"Johnson&Johnson, Moderna, Oxford/AstraZeneca, Pfizer/BioNTech",6796054,6596316,13392370
2021-12-21,"Johnson&Johnson, Moderna, Oxford/AstraZeneca, Pfizer/BioNTech",6802716,6608310,13411026
2021-12-22,"Johnson&Johnson, Moderna, Oxford/AstraZeneca, Pfizer/BioNTech",6807764,6621368,13429132
2021-12-23,"Johnson&Johnson, Moderna, Oxford/AstraZeneca, Pfizer/BioNTech",6810637,6626970,13437607
2021-12-24,"Johnson&Johnson, Moderna, Oxford/AstraZeneca, Pfizer/BioNTech",6810683,6627072,13437755
2021-12-25,"Moderna, Pfizer/BioNTech",6810684,6627080,13437764
2021-12-26,"Moderna, Pfizer/BioNTech",6810786,6627283,13438069
2021-12-27,"Johnson&Johnson, Moderna, Pfizer/BioNTech",6814653,6637027,13451680
2021-12-28,"Johnson&Johnson, Moderna, Oxford/AstraZeneca, Pfizer/BioNTech",6819892,6645023,13464915
2021-12-29,"Johnson&Johnson, Moderna, Oxford/AstraZeneca, Pfizer/BioNTech",6824172,6652742,13476914
2021-12-30,"Johnson&Johnson, Moderna, Pfizer/BioNTech",6828473,6658175,13486648
2021-12-31,"Johnson&Johnson, Moderna, Pfizer/BioNTech",6828983,6659599,13488582
2022-01-01,"Johnson&Johnson, Moderna, Pfizer/BioNTech",6828989,6659617,13488606
2022-01-02,"Johnson&Johnson, Moderna, Pfizer/BioNTech",6829845,6660994,13490839
2022-01-03,"Johnson&Johnson, Moderna, Oxford/AstraZeneca, Pfizer/BioNTech",6833982,6669903,13503885
2022-01-04,"Johnson&Johnson, Moderna, Oxford/AstraZeneca, Pfizer/BioNTech",6839065,6677658,13516723
2022-01-05,"Johnson&Johnson, Moderna, Oxford/AstraZeneca, Pfizer/BioNTech",6844886,6685629,13530515
2022-01-06,"Johnson&Johnson, Moderna, Oxford/AstraZeneca, Pfizer/BioNTech",6851470,6694029,13545499
2022-01-07,"Johnson&Johnson, Moderna, Oxford/AstraZeneca, Pfizer/BioNTech",6859346,6704384,13563730
2022-01-08,"Johnson&Johnson, Moderna, Oxford/AstraZeneca, Pfizer/BioNTech",6861825,6707162,13568987
2022-01-09,"Johnson&Johnson, Moderna, Pfizer/BioNTech",6862908,6708857,13571765
2022-01-10,"Johnson&Johnson, Moderna, Oxford/AstraZeneca, Pfizer/BioNTech",6867410,6715048,13582458
2022-01-11,"Johnson&Johnson, Moderna, Oxford/AstraZeneca, Pfizer/BioNTech",6872855,6721802,13594657
2022-01-12,"Johnson&Johnson, Moderna, Oxford/AstraZeneca, Pfizer/BioNTech",6878812,6727445,13606257
2022-01-13,"Johnson&Johnson, Moderna, Oxford/AstraZeneca, Pfizer/BioNTech",6884700,6732222,13616922
2022-01-14,"Johnson&Johnson, Moderna, Oxford/AstraZeneca, Pfizer/BioNTech",6891004,6735854,13626858
2022-01-15,"Johnson&Johnson, Moderna, Oxford/AstraZeneca, Pfizer/BioNTech",6892280,6736510,13628790
2022-01-16,"Johnson&Johnson, Moderna, Oxford/AstraZeneca, Pfizer/BioNTech",6892969,6736947,13629916
2022-01-17,"Johnson&Johnson, Moderna, Oxford/AstraZeneca, Pfizer/BioNTech",6896525,6740903,13637428
2022-01-18,"Johnson&Johnson, Moderna, Oxford/AstraZeneca, Pfizer/BioNTech",6900375,6745852,13646227
2022-01-19,"Johnson&Johnson, Moderna, Oxford/AstraZeneca, Pfizer/BioNTech",6904444,6749782,13654226
2022-01-20,"Johnson&Johnson, Moderna, Oxford/AstraZeneca, Pfizer/BioNTech",6908036,6754238,13662274
2022-01-21,"Johnson&Johnson, Moderna, Oxford/AstraZeneca, Pfizer/BioNTech",6912028,6756766,13668794
2022-01-22,"Johnson&Johnson, Moderna, Pfizer/BioNTech",6912807,6757205,13670012
2022-01-23,"Johnson&Johnson, Moderna, Pfizer/BioNTech",6913368,6757839,13671207
2022-01-24,"Johnson&Johnson, Moderna, Oxford/AstraZeneca, Pfizer/BioNTech",6915638,6761274,13676912
2022-01-25,"Johnson&Johnson, Moderna, Oxford/AstraZeneca, Pfizer/BioNTech",6917993,6765268,13683261
2022-01-26,"Johnson&Johnson, Moderna, Oxford/AstraZeneca, Pfizer/BioNTech",6920378,6769834,13690212
2022-01-27,"Johnson&Johnson, Moderna, Oxford/AstraZeneca, Pfizer/BioNTech",6922697,6774646,13697343
2022-01-28,"Johnson&Johnson, Moderna, Oxford/AstraZeneca, Pfizer/BioNTech",6925614,6780808,13706422
2022-01-29,"Johnson&Johnson, Moderna, Oxford/AstraZeneca, Pfizer/BioNTech",6926214,6782459,13708673
2022-01-30,"Johnson&Johnson, Moderna, Pfizer/BioNTech",6926441,6783237,13709678
2022-01-31,"Johnson&Johnson, Moderna, Pfizer/BioNTech",6927983,6787160,13715143
2022-02-01,"Johnson&Johnson, Moderna, Pfizer/BioNTech",6929579,6791191,13720770
2022-02-02,"Johnson&Johnson, Moderna, Oxford/AstraZeneca, Pfizer/BioNTech",6931146,6795700,13726846
2022-02-03,"Johnson&Johnson, Moderna, Pfizer/BioNTech",6932518,6800184,13732702
2022-02-04,"Johnson&Johnson, Moderna, Pfizer/BioNTech",6934119,6805299,13739418
2022-02-05,"Johnson&Johnson, Moderna, Pfizer/BioNTech",6934292,6805909,13740201
2022-02-06,"Johnson&Johnson, Moderna, Pfizer/BioNTech",6934388,6806228,13740616
2022-02-07,"Johnson&Johnson, Moderna, Pfizer/BioNTech",6935089,6809438,13744527
2022-02-08,"Johnson&Johnson, Moderna, Pfizer/BioNTech",6935884,6812626,13748510
2022-02-09,"Johnson&Johnson, Moderna, Pfizer/BioNTech",6936708,6815997,13752705
2022-02-10,"Johnson&Johnson, Moderna, Pfizer/BioNTech",6937506,6819121,13756627
2022-02-11,"Johnson&Johnson, Moderna, Pfizer/BioNTech",6938460,6823034,13761494
2022-02-12,"Johnson&Johnson, Moderna, Pfizer/BioNTech",6938570,6823453,13762023
2022-02-13,"Johnson&Johnson, Moderna, Pfizer/BioNTech",6938605,6823890,13762495
2022-02-14,"Johnson&Johnson, Moderna, Pfizer/BioNTech",6939063,6826002,13765065
2022-02-15,"Johnson&Johnson, Moderna, Pfizer/BioNTech",6939616,6828211,13767827
2022-02-16,"Johnson&Johnson, Moderna, Pfizer/BioNTech",6940207,6830310,13770517
2022-02-17,"Johnson&Johnson, Moderna, Pfizer/BioNTech",6940801,6832651,13773452
2022-02-18,"Johnson&Johnson, Moderna, Oxford/AstraZeneca, Pfizer/BioNTech",6941443,6835703,13777146
2022-02-19,"Johnson&Johnson, Moderna, Pfizer/BioNTech",6941522,6835984,13777506
2022-02-20,"Johnson&Johnson, Moderna, Pfizer/BioNTech",6941557,6836133,13777690
2022-02-21,"Johnson&Johnson, Moderna, Pfizer/BioNTech",6941920,6837830,13779750
2022-02-22,"Johnson&Johnson, Moderna, Oxford/AstraZeneca, Pfizer/BioNTech",6942312,6839511,13781823
2022-02-23,"Johnson&Johnson, Moderna, Pfizer/BioNTech",6942768,6841153,13783921
2022-02-24,"Johnson&Johnson, Moderna, Pfizer/BioNTech",6943177,6842783,13785960
2022-02-25,"Johnson&Johnson, Moderna, Pfizer/BioNTech",6943760,6844867,13788627
2022-02-26,"Johnson&Johnson, Moderna, Pfizer/BioNTech",6943821,6845028,13788849
2022-02-27,"Johnson&Johnson, Moderna, Pfizer/BioNTech",6943851,6845104,13788955
2022-02-28,"Johnson&Johnson, Moderna, Pfizer/BioNTech",6944098,6846078,13790176
2022-03-01,"Johnson&Johnson, Moderna, Pfizer/BioNTech",6944403,6846862,13791265
2022-03-02,"Johnson&Johnson, Moderna, Novavax, Pfizer/BioNTech",6944775,6847769,13792544
2022-03-03,"Johnson&Johnson, Moderna, Novavax, Pfizer/BioNTech",6945110,6848712,13793822
2022-03-04,"Johnson&Johnson, Moderna, Novavax, Pfizer/BioNTech",6945737,6849933,13795670
2022-03-05,"Johnson&Johnson, Moderna, Novavax, Pfizer/BioNTech",6945818,6850024,13795842
2022-03-06,"Moderna, Novavax, Pfizer/BioNTech",6945830,6850042,13795872
2022-03-07,"Johnson&Johnson, Moderna, Novavax, Pfizer/BioNTech",6946165,6850599,13796764
2022-03-08,"Johnson&Johnson, Moderna, Novavax, Pfizer/BioNTech",6946500,6851141,13797641
2022-03-09,"Johnson&Johnson, Moderna, Novavax, Pfizer/BioNTech",6946887,6851729,13798616
2022-03-10,"Johnson&Johnson, Moderna, Novavax, Pfizer/BioNTech",6947298,6852400,13799698
2022-03-11,"Johnson&Johnson, Moderna, Novavax, Pfizer/BioNTech",6948048,6853308,13801356
2022-03-12,"Johnson&Johnson, Moderna, Novavax, Pfizer/BioNTech",6948116,6853413,13801529
2022-03-13,"Johnson&Johnson, Moderna, Novavax, Pfizer/BioNTech",6948129,6853431,13801560
2022-03-14,"Johnson&Johnson, Moderna, Novavax, Pfizer/BioNTech",6948395,6853812,13802207
2022-03-15,"Johnson&Johnson, Moderna, Novavax, Pfizer/BioNTech",6948679,6854248,13802927
2022-03-16,"Johnson&Johnson, Moderna, Novavax, Pfizer/BioNTech",6948997,6854790,13803787
2022-03-17,"Johnson&Johnson, Moderna, Novavax, Oxford/AstraZeneca, Pfizer/BioNTech",6949290,6855223,13804513
2022-03-18,"Johnson&Johnson, Moderna, Novavax, Pfizer/BioNTech",6949986,6856015,13806001
2022-03-19,"Moderna, Novavax, Pfizer/BioNTech",6950042,6856060,13806102
2022-03-20,"Moderna, Novavax, Pfizer/BioNTech",6950060,6856072,13806132
2022-03-21,"Johnson&Johnson, Moderna, Novavax, Pfizer/BioNTech",6950247,6856399,13806646
2022-03-22,"Johnson&Johnson, Moderna, Novavax, Pfizer/BioNTech",6950486,6856795,13807281
2022-03-23,"Johnson&Johnson, Moderna, Novavax, Pfizer/BioNTech",6950822,6857232,13808054
2022-03-24,"Johnson&Johnson, Moderna, Novavax, Pfizer/BioNTech",6951133,6857705,13808838
2022-03-25,"Johnson&Johnson, Moderna, Novavax, Pfizer/BioNTech",6951624,6858505,13810129
2022-03-26,"Johnson&Johnson, Moderna, Novavax, Pfizer/BioNTech",6951676,6858582,13810258
2022-03-27,"Moderna, Novavax, Pfizer/BioNTech",6951692,6858599,13810291
2022-03-28,"Johnson&Johnson, Moderna, Novavax, Pfizer/BioNTech",6951846,6858978,13810824
2022-03-29,"Johnson&Johnson, Moderna, Novavax, Pfizer/BioNTech",6952108,6859384,13811492
2022-03-30,"Johnson&Johnson, Moderna, Novavax, Pfizer/BioNTech",6952412,6859877,13812289
2022-03-31,"Johnson&Johnson, Moderna, Novavax, Pfizer/BioNTech",6952709,6860369,13813078
2022-04-01,"Johnson&Johnson, Moderna, Novavax, Pfizer/BioNTech",6953293,6861127,13814420
2022-04-02,"Moderna, Novavax, Pfizer/BioNTech",6953348,6861211,13814559
2022-04-03,"Moderna, Novavax, Pfizer/BioNTech",6953360,6861240,13814600
2022-04-04,"Johnson&Johnson, Moderna, Novavax, Pfizer/BioNTech",6953527,6861520,13815047
2022-04-05,"Johnson&Johnson, Moderna, Novavax, Pfizer/BioNTech",6953717,6861756,13815473
2022-04-06,"Johnson&Johnson, Moderna, Novavax, Pfizer/BioNTech",6953934,6862102,13816036
2022-04-07,"Johnson&Johnson, Moderna, Novavax, Pfizer/BioNTech",6954152,6862518,13816670
2022-04-08,"Johnson&Johnson, Moderna, Novavax, Pfizer/BioNTech",6954598,6863241,13817839
2022-04-09,"Johnson&Johnson, Moderna, Novavax, Pfizer/BioNTech",6954657,6863313,13817970
2022-04-10,"Moderna, Novavax, Pfizer/BioNTech",6954669,6863322,13817991
2022-04-11,"Johnson&Johnson, Moderna, Novavax, Pfizer/BioNTech",6954826,6863553,13818379
2022-04-12,"Johnson&Johnson, Moderna, Novavax, Pfizer/BioNTech",6955066,6863851,13818917
2022-04-13,"Johnson&Johnson, Moderna, Novavax, Pfizer/BioNTech",6955298,6864204,13819502
2022-04-14,"Johnson&Johnson, Moderna, Novavax, Pfizer/BioNTech",6955554,6864588,13820142
2022-04-15,"Moderna, Novavax, Pfizer/BioNTech",6955561,6864613,13820174
2022-04-16,"Moderna, Novavax, Pfizer/BioNTech",6955579,6864645,13820224
2022-04-17,"Moderna, Novavax, Pfizer/BioNTech",6955580,6864646,13820226
2022-04-18,"Moderna, Novavax, Pfizer/BioNTech",6955582,6864663,13820245
2022-04-19,"Johnson&Johnson, Moderna, Novavax, Pfizer/BioNTech",6955717,6865001,13820718
2022-04-20,"Johnson&Johnson, Moderna, Novavax, Pfizer/BioNTech",6955937,6865388,13821325
2022-04-21,"Johnson&Johnson, Moderna, Novavax, Pfizer/BioNTech",6956152,6865810,13821962
2022-04-22,"Johnson&Johnson, Moderna, Novavax, Pfizer/BioNTech",6956615,6866635,13823250
2022-04-23,"Moderna, Novavax, Pfizer/BioNTech",6956646,6866714,13823360
2022-04-24,"Moderna, Novavax, Pfizer/BioNTech",6956651,6866725,13823376
2022-04-25,"Johnson&Johnson, Moderna, Novavax, Pfizer/BioNTech",6956797,6866931,13823728
2022-04-26,"Johnson&Johnson, Moderna, Novavax, Pfizer/BioNTech",6956932,6867187,13824119
2022-04-27,"Johnson&Johnson, Moderna, Novavax, Pfizer/BioNTech",6957194,6867517,13824711
2022-04-28,"Johnson&Johnson, Moderna, Novavax, Pfizer/BioNTech",6957386,6867802,13825188
2022-04-29,"Johnson&Johnson, Moderna, Novavax, Pfizer/BioNTech",6957812,6868381,13826193
2022-04-30,"Moderna, Novavax, Pfizer/BioNTech",6957851,6868446,13826297
2022-05-01,"Moderna, Novavax, Pfizer/BioNTech",6957854,6868454,13826308
2022-05-02,"Johnson&Johnson, Moderna, Novavax, Pfizer/BioNTech",6957963,6868626,13826589
2022-05-03,"Johnson&Johnson, Moderna, Novavax, Pfizer/BioNTech",6958113,6868874,13826987
2022-05-04,"Johnson&Johnson, Moderna, Novavax, Pfizer/BioNTech",6958310,6869143,13827453
2022-05-05,"Johnson&Johnson, Moderna, Novavax, Pfizer/BioNTech",6958513,6869427,13827940
2022-05-06,"Johnson&Johnson, Moderna, Novavax, Pfizer/BioNTech",6958846,6869737,13828583
2022-05-07,"Moderna, Novavax, Pfizer/BioNTech",6958873,6869763,13828636
2022-05-08,"Moderna, Pfizer/BioNTech",6958874,6869771,13828645
