date,vaccine,people_vaccinated,people_fully_vaccinated,total_vaccinations
2020-12-27,Pfizer/BioNTech,1250,0,1250
2020-12-28,Pfizer/BioNTech,3546,0,3546
2020-12-29,Pfizer/BioNTech,6990,0,6990
2020-12-30,Pfizer/BioNTech,10465,0,10465
2020-12-31,Pfizer/BioNTech,11771,0,11771
2021-01-01,Pfizer/BioNTech,12031,0,12031
2021-01-02,Pfizer/BioNTech,13297,0,13297
2021-01-03,Pfizer/BioNTech,14211,0,14211
2021-01-04,Pfizer/BioNTech,17776,0,17776
2021-01-05,Pfizer/BioNTech,22271,0,22271
2021-01-06,Pfizer/BioNTech,28086,0,28086
2021-01-07,Pfizer/BioNTech,36024,0,36024
2021-01-08,Pfizer/BioNTech,45951,0,45951
2021-01-09,Pfizer/BioNTech,47962,0,47962
2021-01-10,Pfizer/BioNTech,49686,0,49686
2021-01-11,Pfizer/BioNTech,59470,0,59470
2021-01-12,Pfizer/BioNTech,72818,0,72818
2021-01-13,Pfizer/BioNTech,86285,0,86285
2021-01-14,"Moderna, Pfizer/BioNTech",101443,0,101443
2021-01-15,"Moderna, Pfizer/BioNTech",115362,0,115362
2021-01-16,"Moderna, Pfizer/BioNTech",118734,2,118736
2021-01-17,"Moderna, Pfizer/BioNTech",121328,634,121962
2021-01-18,"Moderna, Pfizer/BioNTech",133780,2361,136141
2021-01-19,"Moderna, Pfizer/BioNTech",146281,5058,151339
2021-01-20,"Moderna, Pfizer/BioNTech",159823,7677,167500
2021-01-21,"Moderna, Pfizer/BioNTech",175361,9396,184757
2021-01-22,"Moderna, Pfizer/BioNTech",190091,10429,200520
2021-01-23,"Moderna, Pfizer/BioNTech",193364,11294,204658
2021-01-24,"Moderna, Pfizer/BioNTech",195607,12155,207762
2021-01-25,"Moderna, Pfizer/BioNTech",205206,15095,220301
2021-01-26,"Moderna, Pfizer/BioNTech",215699,19049,234748
2021-01-27,"Moderna, Pfizer/BioNTech",224680,23533,248213
2021-01-28,"Moderna, Pfizer/BioNTech",231709,29611,261320
2021-01-29,"Moderna, Pfizer/BioNTech",237882,37405,275287
2021-01-30,"Moderna, Pfizer/BioNTech",238599,38486,277085
2021-01-31,Pfizer/BioNTech,239300,39628,278928
2021-02-01,"Moderna, Pfizer/BioNTech",243239,47496,290735
2021-02-02,"Moderna, Pfizer/BioNTech",247354,57652,305006
2021-02-03,"Moderna, Pfizer/BioNTech",251735,68590,320325
2021-02-04,"Moderna, Pfizer/BioNTech",256604,81484,338088
2021-02-05,"Moderna, Pfizer/BioNTech",262036,92079,354115
2021-02-06,"Moderna, Pfizer/BioNTech",262872,94409,357281
2021-02-07,"Moderna, Pfizer/BioNTech",263716,96879,360595
2021-02-08,"Moderna, Pfizer/BioNTech",267724,108200,375924
2021-02-09,"Moderna, Pfizer/BioNTech",272760,120035,392795
2021-02-10,"Moderna, Pfizer/BioNTech",278278,133118,411396
2021-02-11,"Moderna, Oxford/AstraZeneca, Pfizer/BioNTech",284555,149175,433730
2021-02-12,"Moderna, Oxford/AstraZeneca, Pfizer/BioNTech",291261,163774,455035
2021-02-13,"Moderna, Oxford/AstraZeneca, Pfizer/BioNTech",292829,166731,459560
2021-02-14,"Moderna, Oxford/AstraZeneca, Pfizer/BioNTech",293817,168096,461913
2021-02-15,"Moderna, Oxford/AstraZeneca, Pfizer/BioNTech",300154,177390,477544
2021-02-16,"Moderna, Oxford/AstraZeneca, Pfizer/BioNTech",308758,186373,495131
2021-02-17,"Moderna, Oxford/AstraZeneca, Pfizer/BioNTech",318404,194547,512951
2021-02-18,"Moderna, Oxford/AstraZeneca, Pfizer/BioNTech",330639,202519,533158
2021-02-19,"Moderna, Oxford/AstraZeneca, Pfizer/BioNTech",342375,209736,552111
2021-02-20,"Moderna, Oxford/AstraZeneca, Pfizer/BioNTech",344289,210898,555187
2021-02-21,"Moderna, Oxford/AstraZeneca, Pfizer/BioNTech",345309,211903,557212
2021-02-22,"Moderna, Oxford/AstraZeneca, Pfizer/BioNTech",355369,217878,573247
2021-02-23,"Moderna, Oxford/AstraZeneca, Pfizer/BioNTech",368169,224797,592966
2021-02-24,"Moderna, Oxford/AstraZeneca, Pfizer/BioNTech",381929,230781,612710
2021-02-25,"Moderna, Oxford/AstraZeneca, Pfizer/BioNTech",399781,236282,636063
2021-02-26,"Moderna, Oxford/AstraZeneca, Pfizer/BioNTech",415796,241587,657383
2021-02-27,"Moderna, Oxford/AstraZeneca, Pfizer/BioNTech",418723,242135,660858
2021-02-28,"Moderna, Oxford/AstraZeneca, Pfizer/BioNTech",421051,242674,663725
2021-03-01,"Moderna, Oxford/AstraZeneca, Pfizer/BioNTech",440319,246051,686370
2021-03-02,"Moderna, Oxford/AstraZeneca, Pfizer/BioNTech",467104,249559,716663
2021-03-03,"Moderna, Oxford/AstraZeneca, Pfizer/BioNTech",497437,254023,751460
2021-03-04,"Moderna, Oxford/AstraZeneca, Pfizer/BioNTech",530240,258634,788874
2021-03-05,"Moderna, Oxford/AstraZeneca, Pfizer/BioNTech",558675,263962,822637
2021-03-06,"Moderna, Oxford/AstraZeneca, Pfizer/BioNTech",570633,264784,835417
2021-03-07,"Moderna, Oxford/AstraZeneca, Pfizer/BioNTech",581984,265607,847591
2021-03-08,"Moderna, Oxford/AstraZeneca, Pfizer/BioNTech",611434,270393,881827
2021-03-09,"Moderna, Oxford/AstraZeneca, Pfizer/BioNTech",647304,276705,924009
2021-03-10,"Moderna, Oxford/AstraZeneca, Pfizer/BioNTech",688149,283595,971744
2021-03-11,"Moderna, Oxford/AstraZeneca, Pfizer/BioNTech",732496,291886,1024382
2021-03-12,"Moderna, Oxford/AstraZeneca, Pfizer/BioNTech",770814,300224,1071038
2021-03-13,"Moderna, Oxford/AstraZeneca, Pfizer/BioNTech",787746,301491,1089237
2021-03-14,"Moderna, Oxford/AstraZeneca, Pfizer/BioNTech",799769,302614,1102383
2021-03-15,"Moderna, Oxford/AstraZeneca, Pfizer/BioNTech",827800,311313,1139113
2021-03-16,"Moderna, Oxford/AstraZeneca, Pfizer/BioNTech",866284,321729,1188013
2021-03-17,"Moderna, Oxford/AstraZeneca, Pfizer/BioNTech",903410,332157,1235567
2021-03-18,"Moderna, Oxford/AstraZeneca, Pfizer/BioNTech",940880,344485,1285365
2021-03-19,"Moderna, Oxford/AstraZeneca, Pfizer/BioNTech",974827,357974,1332801
2021-03-20,"Moderna, Oxford/AstraZeneca, Pfizer/BioNTech",989782,359972,1349754
2021-03-21,"Moderna, Oxford/AstraZeneca, Pfizer/BioNTech",997116,361494,1358610
2021-03-22,"Moderna, Oxford/AstraZeneca, Pfizer/BioNTech",1021173,373834,1395007
2021-03-23,"Moderna, Oxford/AstraZeneca, Pfizer/BioNTech",1047370,387049,1434419
2021-03-24,"Moderna, Oxford/AstraZeneca, Pfizer/BioNTech",1073857,402610,1476467
2021-03-25,"Moderna, Oxford/AstraZeneca, Pfizer/BioNTech",1099862,420372,1520234
2021-03-26,"Moderna, Oxford/AstraZeneca, Pfizer/BioNTech",1124307,437734,1562041
2021-03-27,"Moderna, Oxford/AstraZeneca, Pfizer/BioNTech",1132635,442484,1575119
2021-03-28,"Moderna, Oxford/AstraZeneca, Pfizer/BioNTech",1138110,446573,1584683
2021-03-29,"Moderna, Oxford/AstraZeneca, Pfizer/BioNTech",1156858,467055,1623913
2021-03-30,"Moderna, Oxford/AstraZeneca, Pfizer/BioNTech",1181225,489040,1670265
2021-03-31,"Moderna, Oxford/AstraZeneca, Pfizer/BioNTech",1203978,515808,1719786
2021-04-01,"Moderna, Oxford/AstraZeneca, Pfizer/BioNTech",1229099,547526,1776625
2021-04-02,"Moderna, Oxford/AstraZeneca, Pfizer/BioNTech",1235783,560201,1795984
2021-04-03,"Moderna, Oxford/AstraZeneca, Pfizer/BioNTech",1239234,571058,1810292
2021-04-04,"Moderna, Oxford/AstraZeneca, Pfizer/BioNTech",1241686,579775,1821461
2021-04-05,"Moderna, Oxford/AstraZeneca, Pfizer/BioNTech",1243963,586896,1830859
2021-04-06,"Moderna, Oxford/AstraZeneca, Pfizer/BioNTech",1259806,615884,1875690
2021-04-07,"Moderna, Oxford/AstraZeneca, Pfizer/BioNTech",1282808,637820,1920628
2021-04-08,"Moderna, Oxford/AstraZeneca, Pfizer/BioNTech",1320455,668523,1988978
2021-04-09,"Moderna, Oxford/AstraZeneca, Pfizer/BioNTech",1358604,698296,2056900
2021-04-10,"Moderna, Oxford/AstraZeneca, Pfizer/BioNTech",1373833,713413,2087246
2021-04-11,"Moderna, Oxford/AstraZeneca, Pfizer/BioNTech",1383463,723385,2106848
2021-04-12,"Moderna, Oxford/AstraZeneca, Pfizer/BioNTech",1420798,747971,2168769
2021-04-13,"Moderna, Oxford/AstraZeneca, Pfizer/BioNTech",1456148,773650,2229798
2021-04-14,"Moderna, Oxford/AstraZeneca, Pfizer/BioNTech",1494273,800790,2295063
2021-04-15,"Moderna, Oxford/AstraZeneca, Pfizer/BioNTech",1541334,826219,2367553
2021-04-16,"Moderna, Oxford/AstraZeneca, Pfizer/BioNTech",1585312,851654,2436966
2021-04-17,"Moderna, Oxford/AstraZeneca, Pfizer/BioNTech",1601742,860599,2462341
2021-04-18,"Moderna, Oxford/AstraZeneca, Pfizer/BioNTech",1614617,865531,2480148
2021-04-19,"Moderna, Oxford/AstraZeneca, Pfizer/BioNTech",1657932,880778,2538710
2021-04-20,"Moderna, Oxford/AstraZeneca, Pfizer/BioNTech",1699596,896421,2596017
2021-04-21,"Moderna, Oxford/AstraZeneca, Pfizer/BioNTech",1746616,910449,2657065
2021-04-22,"Johnson&Johnson, Moderna, Oxford/AstraZeneca, Pfizer/BioNTech",1800285,927611,2727896
2021-04-23,"Johnson&Johnson, Moderna, Oxford/AstraZeneca, Pfizer/BioNTech",1849229,939490,2788719
2021-04-24,"Johnson&Johnson, Moderna, Oxford/AstraZeneca, Pfizer/BioNTech",1866767,944653,2811420
2021-04-25,"Johnson&Johnson, Moderna, Oxford/AstraZeneca, Pfizer/BioNTech",1881228,948609,2829837
2021-04-26,"Johnson&Johnson, Moderna, Oxford/AstraZeneca, Pfizer/BioNTech",1929933,955699,2885632
2021-04-27,"Johnson&Johnson, Moderna, Oxford/AstraZeneca, Pfizer/BioNTech",1977804,967532,2945336
2021-04-28,"Johnson&Johnson, Moderna, Oxford/AstraZeneca, Pfizer/BioNTech",2035246,981173,3016419
2021-04-29,"Johnson&Johnson, Moderna, Oxford/AstraZeneca, Pfizer/BioNTech",2094888,995874,3090762
