date,vaccine,people_vaccinated,people_fully_vaccinated,total_vaccinations
2020-12-27,Pfizer/BioNTech,1250,0,1250
2020-12-28,Pfizer/BioNTech,3542,0,3542
2020-12-29,Pfizer/BioNTech,6990,0,6990
2020-12-30,Pfizer/BioNTech,10465,0,10465
2020-12-31,Pfizer/BioNTech,11770,0,11770
2021-01-01,Pfizer/BioNTech,12031,0,12031
2021-01-02,Pfizer/BioNTech,13295,0,13295
2021-01-03,Pfizer/BioNTech,14209,0,14209
2021-01-04,Pfizer/BioNTech,17783,0,17783
2021-01-05,Pfizer/BioNTech,22273,0,22273
2021-01-06,Pfizer/BioNTech,28092,0,28092
2021-01-07,Pfizer/BioNTech,36033,0,36033
2021-01-08,Pfizer/BioNTech,45968,0,45968
2021-01-09,Pfizer/BioNTech,47981,0,47981
2021-01-10,Pfizer/BioNTech,49731,0,49731
2021-01-11,Pfizer/BioNTech,59521,0,59521
2021-01-12,Pfizer/BioNTech,72882,0,72882
2021-01-13,Pfizer/BioNTech,86356,0,86356
2021-01-14,"Moderna, Pfizer/BioNTech",101514,0,101514
2021-01-15,"Moderna, Pfizer/BioNTech",115451,0,115451
2021-01-16,"Moderna, Pfizer/BioNTech",118823,2,118825
2021-01-17,"Moderna, Pfizer/BioNTech",121419,635,122054
2021-01-18,"Moderna, Pfizer/BioNTech",133867,2446,136313
2021-01-19,"Moderna, Pfizer/BioNTech",146371,5146,151517
2021-01-20,"Moderna, Pfizer/BioNTech",159979,7775,167754
2021-01-21,"Moderna, Pfizer/BioNTech",175538,9495,185033
2021-01-22,"Moderna, Pfizer/BioNTech",190334,10529,200863
2021-01-23,"Moderna, Pfizer/BioNTech",193613,11395,205008
2021-01-24,"Moderna, Pfizer/BioNTech",195858,12258,208116
2021-01-25,"Moderna, Pfizer/BioNTech",205454,15212,220666
2021-01-26,"Moderna, Pfizer/BioNTech",215948,19167,235115
2021-01-27,"Moderna, Pfizer/BioNTech",224938,23662,248600
2021-01-28,"Moderna, Pfizer/BioNTech",231967,29749,261716
2021-01-29,"Moderna, Pfizer/BioNTech",238145,37566,275711
2021-01-30,"Moderna, Pfizer/BioNTech",238863,38648,277511
2021-01-31,"Moderna, Pfizer/BioNTech",239566,39820,279386
2021-02-01,"Moderna, Pfizer/BioNTech",243513,47698,291211
2021-02-02,"Moderna, Pfizer/BioNTech",247630,57867,305497
2021-02-03,"Moderna, Pfizer/BioNTech",252018,68818,320836
2021-02-04,"Moderna, Pfizer/BioNTech",256895,81728,338623
2021-02-05,"Moderna, Pfizer/BioNTech",262331,92349,354680
2021-02-06,"Moderna, Pfizer/BioNTech",263167,94686,357853
2021-02-07,"Moderna, Pfizer/BioNTech",264013,97162,361175
2021-02-08,"Moderna, Pfizer/BioNTech",268029,108510,376539
2021-02-09,"Moderna, Oxford/AstraZeneca, Pfizer/BioNTech",273094,120404,393498
2021-02-10,"Moderna, Pfizer/BioNTech",278558,133577,412135
2021-02-11,"Moderna, Oxford/AstraZeneca, Pfizer/BioNTech",284835,149689,434524
2021-02-12,"Moderna, Oxford/AstraZeneca, Pfizer/BioNTech",291539,164328,455867
2021-02-13,"Moderna, Oxford/AstraZeneca, Pfizer/BioNTech",293115,167299,460414
2021-02-14,"Moderna, Oxford/AstraZeneca, Pfizer/BioNTech",294103,168667,462770
2021-02-15,"Moderna, Oxford/AstraZeneca, Pfizer/BioNTech",300446,177973,478419
2021-02-16,"Moderna, Oxford/AstraZeneca, Pfizer/BioNTech",309110,186990,496100
2021-02-17,"Moderna, Oxford/AstraZeneca, Pfizer/BioNTech",318771,195236,514007
2021-02-18,"Moderna, Oxford/AstraZeneca, Pfizer/BioNTech",331033,203220,534253
2021-02-19,"Moderna, Oxford/AstraZeneca, Pfizer/BioNTech",342839,210509,553348
2021-02-20,"Moderna, Oxford/AstraZeneca, Pfizer/BioNTech",344773,211672,556445
2021-02-21,"Moderna, Oxford/AstraZeneca, Pfizer/BioNTech",345796,212678,558474
2021-02-22,"Moderna, Oxford/AstraZeneca, Pfizer/BioNTech",355873,218667,574540
2021-02-23,"Moderna, Oxford/AstraZeneca, Pfizer/BioNTech",368737,225601,594338
2021-02-24,"Moderna, Oxford/AstraZeneca, Pfizer/BioNTech",382543,231595,614138
2021-02-25,"Moderna, Oxford/AstraZeneca, Pfizer/BioNTech",400464,237109,637573
2021-02-26,"Moderna, Oxford/AstraZeneca, Pfizer/BioNTech",416557,242422,658979
2021-02-27,"Moderna, Oxford/AstraZeneca, Pfizer/BioNTech",419491,242970,662461
2021-02-28,"Moderna, Oxford/AstraZeneca, Pfizer/BioNTech",421828,243517,665345
2021-03-01,"Moderna, Oxford/AstraZeneca, Pfizer/BioNTech",441189,246903,688092
2021-03-02,"Moderna, Oxford/AstraZeneca, Pfizer/BioNTech",468273,250426,718699
2021-03-03,"Moderna, Oxford/AstraZeneca, Pfizer/BioNTech",498861,254899,753760
2021-03-04,"Moderna, Oxford/AstraZeneca, Pfizer/BioNTech",531925,259547,791472
2021-03-05,"Moderna, Oxford/AstraZeneca, Pfizer/BioNTech",560561,264908,825469
2021-03-06,"Moderna, Oxford/AstraZeneca, Pfizer/BioNTech",572631,265744,838375
2021-03-07,"Moderna, Oxford/AstraZeneca, Pfizer/BioNTech",583971,266572,850543
2021-03-08,"Moderna, Oxford/AstraZeneca, Pfizer/BioNTech",613508,271382,884890
2021-03-09,"Moderna, Oxford/AstraZeneca, Pfizer/BioNTech",649591,277712,927303
2021-03-10,"Moderna, Oxford/AstraZeneca, Pfizer/BioNTech",690590,284622,975212
2021-03-11,"Moderna, Oxford/AstraZeneca, Pfizer/BioNTech",735092,292935,1028027
2021-03-12,"Moderna, Oxford/AstraZeneca, Pfizer/BioNTech",773609,301352,1074961
2021-03-13,"Moderna, Oxford/AstraZeneca, Pfizer/BioNTech",790597,302635,1093232
2021-03-14,"Moderna, Oxford/AstraZeneca, Pfizer/BioNTech",802623,303761,1106384
2021-03-15,"Moderna, Oxford/AstraZeneca, Pfizer/BioNTech",830760,312504,1143264
2021-03-16,"Moderna, Oxford/AstraZeneca, Pfizer/BioNTech",869396,322971,1192367
2021-03-17,"Moderna, Oxford/AstraZeneca, Pfizer/BioNTech",906630,333423,1240053
2021-03-18,"Moderna, Oxford/AstraZeneca, Pfizer/BioNTech",944295,345779,1290074
2021-03-19,"Moderna, Oxford/AstraZeneca, Pfizer/BioNTech",978410,359315,1337725
2021-03-20,"Moderna, Oxford/AstraZeneca, Pfizer/BioNTech",993402,361320,1354722
2021-03-21,"Moderna, Oxford/AstraZeneca, Pfizer/BioNTech",1000747,362850,1363597
2021-03-22,"Moderna, Oxford/AstraZeneca, Pfizer/BioNTech",1024866,375237,1400103
2021-03-23,"Moderna, Oxford/AstraZeneca, Pfizer/BioNTech",1051161,388482,1439643
2021-03-24,"Moderna, Oxford/AstraZeneca, Pfizer/BioNTech",1077702,404117,1481819
2021-03-25,"Moderna, Oxford/AstraZeneca, Pfizer/BioNTech",1103799,421908,1525707
2021-03-26,"Moderna, Oxford/AstraZeneca, Pfizer/BioNTech",1128381,439325,1567706
2021-03-27,"Moderna, Oxford/AstraZeneca, Pfizer/BioNTech",1136734,444134,1580868
2021-03-28,"Moderna, Oxford/AstraZeneca, Pfizer/BioNTech",1142209,448245,1590454
2021-03-29,"Moderna, Oxford/AstraZeneca, Pfizer/BioNTech",1160941,468830,1629771
2021-03-30,"Moderna, Oxford/AstraZeneca, Pfizer/BioNTech",1185380,490896,1676276
2021-03-31,"Moderna, Oxford/AstraZeneca, Pfizer/BioNTech",1208238,517842,1726080
2021-04-01,"Moderna, Oxford/AstraZeneca, Pfizer/BioNTech",1233578,549698,1783276
2021-04-02,"Moderna, Oxford/AstraZeneca, Pfizer/BioNTech",1240370,562405,1802775
2021-04-03,"Moderna, Oxford/AstraZeneca, Pfizer/BioNTech",1243921,573283,1817204
2021-04-04,"Moderna, Oxford/AstraZeneca, Pfizer/BioNTech",1246384,582015,1828399
2021-04-05,"Moderna, Oxford/AstraZeneca, Pfizer/BioNTech",1248688,589156,1837844
2021-04-06,"Moderna, Oxford/AstraZeneca, Pfizer/BioNTech",1264659,618293,1882952
2021-04-07,"Moderna, Oxford/AstraZeneca, Pfizer/BioNTech",1287821,640337,1928158
2021-04-08,"Moderna, Oxford/AstraZeneca, Pfizer/BioNTech",1325938,671131,1997069
2021-04-09,"Moderna, Oxford/AstraZeneca, Pfizer/BioNTech",1364712,701026,2065738
2021-04-10,"Moderna, Oxford/AstraZeneca, Pfizer/BioNTech",1379981,716214,2096195
2021-04-11,"Moderna, Oxford/AstraZeneca, Pfizer/BioNTech",1389671,726195,2115866
2021-04-12,"Moderna, Oxford/AstraZeneca, Pfizer/BioNTech",1427337,750982,2178319
2021-04-13,"Moderna, Oxford/AstraZeneca, Pfizer/BioNTech",1463093,776787,2239880
2021-04-14,"Moderna, Oxford/AstraZeneca, Pfizer/BioNTech",1501510,804036,2305546
2021-04-15,"Moderna, Oxford/AstraZeneca, Pfizer/BioNTech",1548939,829603,2378542
2021-04-16,"Moderna, Oxford/AstraZeneca, Pfizer/BioNTech",1593194,855136,2448330
2021-04-17,"Moderna, Oxford/AstraZeneca, Pfizer/BioNTech",1609730,864118,2473848
2021-04-18,"Moderna, Oxford/AstraZeneca, Pfizer/BioNTech",1622621,869061,2491682
2021-04-19,"Moderna, Oxford/AstraZeneca, Pfizer/BioNTech",1666180,884380,2550560
2021-04-20,"Moderna, Oxford/AstraZeneca, Pfizer/BioNTech",1708007,900116,2608123
2021-04-21,"Moderna, Oxford/AstraZeneca, Pfizer/BioNTech",1755482,914217,2669699
2021-04-22,"Johnson&Johnson, Moderna, Oxford/AstraZeneca, Pfizer/BioNTech",1809598,931492,2741090
2021-04-23,"Johnson&Johnson, Moderna, Oxford/AstraZeneca, Pfizer/BioNTech",1859223,943437,2802660
2021-04-24,"Johnson&Johnson, Moderna, Oxford/AstraZeneca, Pfizer/BioNTech",1876925,948626,2825551
2021-04-25,"Johnson&Johnson, Moderna, Oxford/AstraZeneca, Pfizer/BioNTech",1891512,952601,2844113
2021-04-26,"Johnson&Johnson, Moderna, Oxford/AstraZeneca, Pfizer/BioNTech",1940553,959948,2900501
2021-04-27,"Johnson&Johnson, Moderna, Oxford/AstraZeneca, Pfizer/BioNTech",1988977,972064,2961041
2021-04-28,"Johnson&Johnson, Moderna, Oxford/AstraZeneca, Pfizer/BioNTech",2047276,985952,3033228
2021-04-29,"Johnson&Johnson, Moderna, Oxford/AstraZeneca, Pfizer/BioNTech",2112121,1001644,3113765
2021-04-30,"Johnson&Johnson, Moderna, Oxford/AstraZeneca, Pfizer/BioNTech",2173713,1011487,3185200
2021-05-01,"Johnson&Johnson, Moderna, Oxford/AstraZeneca, Pfizer/BioNTech",2192849,1014819,3207668
2021-05-02,"Johnson&Johnson, Moderna, Oxford/AstraZeneca, Pfizer/BioNTech",2211617,1017042,3228659
2021-05-03,"Johnson&Johnson, Moderna, Oxford/AstraZeneca, Pfizer/BioNTech",2278272,1022024,3300296
2021-05-04,"Johnson&Johnson, Moderna, Oxford/AstraZeneca, Pfizer/BioNTech",2343995,1030256,3374251
2021-05-05,"Johnson&Johnson, Moderna, Oxford/AstraZeneca, Pfizer/BioNTech",2416505,1039540,3456045
2021-05-06,"Johnson&Johnson, Moderna, Oxford/AstraZeneca, Pfizer/BioNTech",2496056,1050089,3546145
2021-05-07,"Johnson&Johnson, Moderna, Oxford/AstraZeneca, Pfizer/BioNTech",2572700,1060005,3632705
2021-05-08,"Johnson&Johnson, Moderna, Oxford/AstraZeneca, Pfizer/BioNTech",2601908,1061697,3663605
2021-05-09,"Johnson&Johnson, Moderna, Oxford/AstraZeneca, Pfizer/BioNTech",2625918,1062862,3688780
2021-05-10,"Johnson&Johnson, Moderna, Oxford/AstraZeneca, Pfizer/BioNTech",2697917,1069955,3767872
2021-05-11,"Johnson&Johnson, Moderna, Oxford/AstraZeneca, Pfizer/BioNTech",2773279,1078667,3851946
2021-05-12,"Johnson&Johnson, Moderna, Oxford/AstraZeneca, Pfizer/BioNTech",2852407,1087598,3940005
2021-05-13,"Johnson&Johnson, Moderna, Oxford/AstraZeneca, Pfizer/BioNTech",2935630,1096640,4032270
2021-05-14,"Johnson&Johnson, Moderna, Oxford/AstraZeneca, Pfizer/BioNTech",3014175,1104283,4118458
2021-05-15,"Johnson&Johnson, Moderna, Oxford/AstraZeneca, Pfizer/BioNTech",3045761,1106418,4152179
2021-05-16,"Johnson&Johnson, Moderna, Oxford/AstraZeneca, Pfizer/BioNTech",3071383,1107592,4178975
2021-05-17,"Johnson&Johnson, Moderna, Oxford/AstraZeneca, Pfizer/BioNTech",3143298,1114212,4257510
2021-05-18,"Johnson&Johnson, Moderna, Oxford/AstraZeneca, Pfizer/BioNTech",3214639,1127087,4341726
2021-05-19,"Johnson&Johnson, Moderna, Oxford/AstraZeneca, Pfizer/BioNTech",3291382,1142105,4433487
2021-05-20,"Johnson&Johnson, Moderna, Oxford/AstraZeneca, Pfizer/BioNTech",3366087,1168872,4534959
2021-05-21,"Johnson&Johnson, Moderna, Oxford/AstraZeneca, Pfizer/BioNTech",3434167,1196410,4630577
2021-05-22,"Johnson&Johnson, Moderna, Oxford/AstraZeneca, Pfizer/BioNTech",3466108,1207434,4673542
2021-05-23,"Johnson&Johnson, Moderna, Oxford/AstraZeneca, Pfizer/BioNTech",3488234,1216363,4704597
2021-05-24,"Johnson&Johnson, Moderna, Oxford/AstraZeneca, Pfizer/BioNTech",3534849,1249733,4784582
2021-05-25,"Johnson&Johnson, Moderna, Oxford/AstraZeneca, Pfizer/BioNTech",3586129,1285167,4871296
2021-05-26,"Johnson&Johnson, Moderna, Oxford/AstraZeneca, Pfizer/BioNTech",3653179,1322442,4975621
2021-05-27,"Johnson&Johnson, Moderna, Oxford/AstraZeneca, Pfizer/BioNTech",3713894,1369406,5083300
2021-05-28,"Johnson&Johnson, Moderna, Oxford/AstraZeneca, Pfizer/BioNTech",3774900,1415563,5190463
2021-05-29,"Johnson&Johnson, Moderna, Oxford/AstraZeneca, Pfizer/BioNTech",3803763,1432498,5236261
2021-05-30,"Johnson&Johnson, Moderna, Oxford/AstraZeneca, Pfizer/BioNTech",3825878,1446832,5272710
2021-05-31,"Johnson&Johnson, Moderna, Oxford/AstraZeneca, Pfizer/BioNTech",3880315,1493662,5373977
2021-06-01,"Johnson&Johnson, Moderna, Oxford/AstraZeneca, Pfizer/BioNTech",3938105,1541616,5479721
2021-06-02,"Johnson&Johnson, Moderna, Oxford/AstraZeneca, Pfizer/BioNTech",4000091,1595173,5595264
2021-06-03,"Johnson&Johnson, Moderna, Oxford/AstraZeneca, Pfizer/BioNTech",4057326,1654305,5711631
2021-06-04,"Johnson&Johnson, Moderna, Oxford/AstraZeneca, Pfizer/BioNTech",4117474,1710096,5827570
2021-06-05,"Johnson&Johnson, Moderna, Oxford/AstraZeneca, Pfizer/BioNTech",4149965,1728616,5878581
2021-06-06,"Johnson&Johnson, Moderna, Oxford/AstraZeneca, Pfizer/BioNTech",4175795,1743415,5919210
