date,vaccine,people_vaccinated,people_fully_vaccinated,total_vaccinations
2020-12-27,Pfizer/BioNTech,1284,0,1284
2020-12-28,Pfizer/BioNTech,3590,0,3590
2020-12-29,Pfizer/BioNTech,7058,1,7059
2020-12-30,Pfizer/BioNTech,10578,1,10579
2020-12-31,Pfizer/BioNTech,11890,1,11891
2021-01-01,"Moderna, Pfizer/BioNTech",12159,1,12160
2021-01-02,Pfizer/BioNTech,13439,1,13440
2021-01-03,"Moderna, Pfizer/BioNTech",14363,2,14365
2021-01-04,"Moderna, Pfizer/BioNTech",17976,2,17978
2021-01-05,"Moderna, Pfizer/BioNTech",22500,3,22503
2021-01-06,"Moderna, Pfizer/BioNTech",28350,4,28354
2021-01-07,"Moderna, Pfizer/BioNTech",36350,4,36354
2021-01-08,"Moderna, Pfizer/BioNTech",46401,5,46406
2021-01-09,"Moderna, Pfizer/BioNTech",48428,6,48434
2021-01-10,Pfizer/BioNTech,50196,7,50203
2021-01-11,Pfizer/BioNTech,60050,9,60059
2021-01-12,"Moderna, Pfizer/BioNTech",73505,11,73516
2021-01-13,Pfizer/BioNTech,87048,11,87059
2021-01-14,"Moderna, Pfizer/BioNTech",102295,15,102310
2021-01-15,"Moderna, Pfizer/BioNTech",116314,16,116330
2021-01-16,"Moderna, Pfizer/BioNTech",119717,20,119737
2021-01-17,"Moderna, Pfizer/BioNTech",122334,656,122990
2021-01-18,"Moderna, Pfizer/BioNTech",134824,2482,137306
2021-01-19,"Moderna, Pfizer/BioNTech",147429,5208,152637
2021-01-20,"Moderna, Pfizer/BioNTech",161119,7871,168990
2021-01-21,"Moderna, Pfizer/BioNTech",176770,9616,186386
2021-01-22,"Moderna, Pfizer/BioNTech",191657,10662,202319
2021-01-23,"Moderna, Pfizer/BioNTech",194978,11542,206520
2021-01-24,"Moderna, Pfizer/BioNTech",197233,12411,209644
2021-01-25,"Moderna, Pfizer/BioNTech",206880,15386,222266
2021-01-26,"Moderna, Pfizer/BioNTech",217422,19381,236803
2021-01-27,"Moderna, Pfizer/BioNTech",226450,23919,250369
2021-01-28,"Moderna, Pfizer/BioNTech",233551,30056,263607
2021-01-29,"Moderna, Pfizer/BioNTech",239768,37967,277735
2021-01-30,"Moderna, Pfizer/BioNTech",240507,39055,279562
2021-01-31,"Moderna, Pfizer/BioNTech",241222,40237,281459
2021-02-01,"Moderna, Pfizer/BioNTech",245202,48200,293402
2021-02-02,"Moderna, Pfizer/BioNTech",249350,58436,307786
2021-02-03,"Moderna, Pfizer/BioNTech",253773,69457,323230
2021-02-04,"Moderna, Pfizer/BioNTech",258673,82448,341121
2021-02-05,"Moderna, Pfizer/BioNTech",264142,93122,357264
2021-02-06,"Moderna, Oxford/AstraZeneca, Pfizer/BioNTech",264994,95490,360484
2021-02-07,"Moderna, Pfizer/BioNTech",265844,97991,363835
2021-02-08,"Moderna, Oxford/AstraZeneca, Pfizer/BioNTech",269930,109422,379352
2021-02-09,"Moderna, Oxford/AstraZeneca, Pfizer/BioNTech",275029,121334,396363
2021-02-10,"Moderna, Oxford/AstraZeneca, Pfizer/BioNTech",280541,134594,415135
2021-02-11,"Moderna, Oxford/AstraZeneca, Pfizer/BioNTech",286878,150808,437686
2021-02-12,"Moderna, Oxford/AstraZeneca, Pfizer/BioNTech",293702,165548,459250
2021-02-13,"Moderna, Oxford/AstraZeneca, Pfizer/BioNTech",295314,168537,463851
2021-02-14,"Moderna, Oxford/AstraZeneca, Pfizer/BioNTech",296316,169921,466237
2021-02-15,"Moderna, Oxford/AstraZeneca, Pfizer/BioNTech",302714,179288,482002
2021-02-16,"Moderna, Oxford/AstraZeneca, Pfizer/BioNTech",311432,188372,499804
2021-02-17,"Moderna, Oxford/AstraZeneca, Pfizer/BioNTech",321129,196679,517808
2021-02-18,"Moderna, Oxford/AstraZeneca, Pfizer/BioNTech",333449,204762,538211
2021-02-19,"Moderna, Oxford/AstraZeneca, Pfizer/BioNTech",345308,212136,557444
2021-02-20,"Moderna, Oxford/AstraZeneca, Pfizer/BioNTech",347310,213321,560631
2021-02-21,"Moderna, Oxford/AstraZeneca, Pfizer/BioNTech",348444,214345,562789
2021-02-22,"Moderna, Oxford/AstraZeneca, Pfizer/BioNTech",358569,220378,578947
2021-02-23,"Moderna, Oxford/AstraZeneca, Pfizer/BioNTech",371525,227363,598888
2021-02-24,"Moderna, Oxford/AstraZeneca, Pfizer/BioNTech",385401,233400,618801
2021-02-25,"Moderna, Oxford/AstraZeneca, Pfizer/BioNTech",403373,238951,642324
2021-02-26,"Moderna, Oxford/AstraZeneca, Pfizer/BioNTech",419544,244304,663848
2021-02-27,"Moderna, Oxford/AstraZeneca, Pfizer/BioNTech",422553,244861,667414
2021-02-28,"Moderna, Oxford/AstraZeneca, Pfizer/BioNTech",424905,245412,670317
2021-03-01,"Moderna, Oxford/AstraZeneca, Pfizer/BioNTech",444497,248861,693358
2021-03-02,"Moderna, Oxford/AstraZeneca, Pfizer/BioNTech",471724,252410,724134
2021-03-03,"Moderna, Oxford/AstraZeneca, Pfizer/BioNTech",502672,256914,759586
2021-03-04,"Moderna, Oxford/AstraZeneca, Pfizer/BioNTech",535958,261599,797557
2021-03-05,"Johnson&Johnson, Moderna, Oxford/AstraZeneca, Pfizer/BioNTech",564799,267022,831821
2021-03-06,"Johnson&Johnson, Moderna, Oxford/AstraZeneca, Pfizer/BioNTech",576947,267883,844830
2021-03-07,"Johnson&Johnson, Moderna, Oxford/AstraZeneca, Pfizer/BioNTech",588489,268725,857214
2021-03-08,"Johnson&Johnson, Moderna, Oxford/AstraZeneca, Pfizer/BioNTech",618237,273579,891816
2021-03-09,"Johnson&Johnson, Moderna, Oxford/AstraZeneca, Pfizer/BioNTech",654595,279961,934556
2021-03-10,"Johnson&Johnson, Moderna, Oxford/AstraZeneca, Pfizer/BioNTech",695911,286918,982829
2021-03-11,"Johnson&Johnson, Moderna, Oxford/AstraZeneca, Pfizer/BioNTech",740746,295290,1036036
2021-03-12,"Johnson&Johnson, Moderna, Oxford/AstraZeneca, Pfizer/BioNTech",779516,303783,1083299
2021-03-13,"Johnson&Johnson, Moderna, Oxford/AstraZeneca, Pfizer/BioNTech",796606,305094,1101700
2021-03-14,"Johnson&Johnson, Moderna, Oxford/AstraZeneca, Pfizer/BioNTech",808724,306248,1114972
2021-03-15,"Johnson&Johnson, Moderna, Oxford/AstraZeneca, Pfizer/BioNTech",837109,315024,1152133
2021-03-16,"Johnson&Johnson, Moderna, Oxford/AstraZeneca, Pfizer/BioNTech",876002,325562,1201564
2021-03-17,"Moderna, Oxford/AstraZeneca, Pfizer/BioNTech",913477,336070,1249547
2021-03-18,"Johnson&Johnson, Moderna, Oxford/AstraZeneca, Pfizer/BioNTech",951463,348482,1299945
2021-03-19,"Moderna, Oxford/AstraZeneca, Pfizer/BioNTech",985961,362093,1348054
2021-03-20,"Johnson&Johnson, Moderna, Oxford/AstraZeneca, Pfizer/BioNTech",1001114,364123,1365237
2021-03-21,"Johnson&Johnson, Moderna, Oxford/AstraZeneca, Pfizer/BioNTech",1008541,365681,1374222
2021-03-22,"Johnson&Johnson, Moderna, Oxford/AstraZeneca, Pfizer/BioNTech",1033116,378184,1411300
2021-03-23,"Johnson&Johnson, Moderna, Oxford/AstraZeneca, Pfizer/BioNTech",1059779,391539,1451318
2021-03-24,"Johnson&Johnson, Moderna, Oxford/AstraZeneca, Pfizer/BioNTech",1086651,407281,1493932
2021-03-25,"Moderna, Oxford/AstraZeneca, Pfizer/BioNTech",1112996,425133,1538129
2021-03-26,"Johnson&Johnson, Moderna, Oxford/AstraZeneca, Pfizer/BioNTech",1137816,442637,1580453
2021-03-27,"Johnson&Johnson, Moderna, Oxford/AstraZeneca, Pfizer/BioNTech",1146259,447483,1593742
2021-03-28,"Moderna, Oxford/AstraZeneca, Pfizer/BioNTech",1151802,451628,1603430
2021-03-29,"Johnson&Johnson, Moderna, Oxford/AstraZeneca, Pfizer/BioNTech",1170937,472365,1643302
2021-03-30,"Johnson&Johnson, Moderna, Oxford/AstraZeneca, Pfizer/BioNTech",1195626,494547,1690173
2021-03-31,"Johnson&Johnson, Moderna, Oxford/AstraZeneca, Pfizer/BioNTech",1218751,521612,1740363
2021-04-01,"Johnson&Johnson, Moderna, Oxford/AstraZeneca, Pfizer/BioNTech",1244404,553668,1798072
2021-04-02,"Johnson&Johnson, Moderna, Oxford/AstraZeneca, Pfizer/BioNTech",1251338,566460,1817798
2021-04-03,"Johnson&Johnson, Moderna, Oxford/AstraZeneca, Pfizer/BioNTech",1254969,577387,1832356
2021-04-04,"Johnson&Johnson, Moderna, Oxford/AstraZeneca, Pfizer/BioNTech",1257487,586308,1843795
2021-04-05,"Johnson&Johnson, Moderna, Oxford/AstraZeneca, Pfizer/BioNTech",1259902,593500,1853402
2021-04-06,"Johnson&Johnson, Moderna, Oxford/AstraZeneca, Pfizer/BioNTech",1276068,622758,1898826
2021-04-07,"Johnson&Johnson, Moderna, Oxford/AstraZeneca, Pfizer/BioNTech",1299515,644990,1944505
2021-04-08,"Johnson&Johnson, Moderna, Oxford/AstraZeneca, Pfizer/BioNTech",1338273,676016,2014289
2021-04-09,"Johnson&Johnson, Moderna, Oxford/AstraZeneca, Pfizer/BioNTech",1377840,706203,2084043
2021-04-10,"Johnson&Johnson, Moderna, Oxford/AstraZeneca, Pfizer/BioNTech",1393368,721495,2114863
2021-04-11,"Johnson&Johnson, Moderna, Oxford/AstraZeneca, Pfizer/BioNTech",1403157,731543,2134700
2021-04-12,"Johnson&Johnson, Moderna, Oxford/AstraZeneca, Pfizer/BioNTech",1441452,756687,2198139
2021-04-13,"Moderna, Oxford/AstraZeneca, Pfizer/BioNTech",1477723,782725,2260448
2021-04-14,"Moderna, Oxford/AstraZeneca, Pfizer/BioNTech",1516566,810089,2326655
2021-04-15,"Moderna, Oxford/AstraZeneca, Pfizer/BioNTech",1564380,835853,2400233
2021-04-16,"Moderna, Oxford/AstraZeneca, Pfizer/BioNTech",1609060,861515,2470575
2021-04-17,"Moderna, Oxford/AstraZeneca, Pfizer/BioNTech",1625760,870541,2496301
2021-04-18,"Moderna, Oxford/AstraZeneca, Pfizer/BioNTech",1638752,875523,2514275
2021-04-19,"Moderna, Oxford/AstraZeneca, Pfizer/BioNTech",1682719,890958,2573677
2021-04-20,"Johnson&Johnson, Moderna, Oxford/AstraZeneca, Pfizer/BioNTech",1725298,906824,2632122
2021-04-21,"Moderna, Oxford/AstraZeneca, Pfizer/BioNTech",1773045,921176,2694221
2021-04-22,"Johnson&Johnson, Moderna, Oxford/AstraZeneca, Pfizer/BioNTech",1827554,938566,2766120
2021-04-23,"Johnson&Johnson, Moderna, Oxford/AstraZeneca, Pfizer/BioNTech",1877547,950618,2828165
2021-04-24,"Johnson&Johnson, Moderna, Oxford/AstraZeneca, Pfizer/BioNTech",1895404,955869,2851273
2021-04-25,"Johnson&Johnson, Moderna, Oxford/AstraZeneca, Pfizer/BioNTech",1910103,959866,2869969
2021-04-26,"Johnson&Johnson, Moderna, Oxford/AstraZeneca, Pfizer/BioNTech",1959692,967421,2927113
2021-04-27,"Johnson&Johnson, Moderna, Oxford/AstraZeneca, Pfizer/BioNTech",2008678,979654,2988332
2021-04-28,"Johnson&Johnson, Moderna, Oxford/AstraZeneca, Pfizer/BioNTech",2067456,993662,3061118
2021-04-29,"Johnson&Johnson, Moderna, Oxford/AstraZeneca, Pfizer/BioNTech",2133040,1009559,3142599
2021-04-30,"Johnson&Johnson, Moderna, Oxford/AstraZeneca, Pfizer/BioNTech",2195295,1019539,3214834
2021-05-01,"Johnson&Johnson, Moderna, Oxford/AstraZeneca, Pfizer/BioNTech",2214651,1022993,3237644
2021-05-02,"Johnson&Johnson, Moderna, Oxford/AstraZeneca, Pfizer/BioNTech",2233586,1025266,3258852
2021-05-03,"Johnson&Johnson, Moderna, Oxford/AstraZeneca, Pfizer/BioNTech",2300847,1030330,3331177
2021-05-04,"Johnson&Johnson, Moderna, Oxford/AstraZeneca, Pfizer/BioNTech",2367370,1038675,3406045
2021-05-05,"Johnson&Johnson, Moderna, Oxford/AstraZeneca, Pfizer/BioNTech",2440547,1048087,3488634
2021-05-06,"Johnson&Johnson, Moderna, Oxford/AstraZeneca, Pfizer/BioNTech",2520962,1058820,3579782
2021-05-07,"Johnson&Johnson, Moderna, Oxford/AstraZeneca, Pfizer/BioNTech",2598245,1068904,3667149
2021-05-08,"Johnson&Johnson, Moderna, Oxford/AstraZeneca, Pfizer/BioNTech",2627721,1070679,3698400
2021-05-09,"Johnson&Johnson, Moderna, Oxford/AstraZeneca, Pfizer/BioNTech",2651939,1071893,3723832
2021-05-10,"Johnson&Johnson, Moderna, Oxford/AstraZeneca, Pfizer/BioNTech",2724730,1079122,3803852
2021-05-11,"Johnson&Johnson, Moderna, Oxford/AstraZeneca, Pfizer/BioNTech",2800848,1087942,3888790
2021-05-12,"Johnson&Johnson, Moderna, Oxford/AstraZeneca, Pfizer/BioNTech",2880738,1097060,3977798
2021-05-13,"Johnson&Johnson, Moderna, Oxford/AstraZeneca, Pfizer/BioNTech",2964764,1106225,4070989
2021-05-14,"Johnson&Johnson, Moderna, Oxford/AstraZeneca, Pfizer/BioNTech",3044251,1114027,4158278
2021-05-15,"Johnson&Johnson, Moderna, Oxford/AstraZeneca, Pfizer/BioNTech",3076170,1116285,4192455
2021-05-16,"Johnson&Johnson, Moderna, Oxford/AstraZeneca, Pfizer/BioNTech",3101961,1117558,4219519
2021-05-17,"Johnson&Johnson, Moderna, Oxford/AstraZeneca, Pfizer/BioNTech",3174491,1124294,4298785
2021-05-18,"Johnson&Johnson, Moderna, Oxford/AstraZeneca, Pfizer/BioNTech",3246443,1137378,4383821
2021-05-19,"Johnson&Johnson, Moderna, Oxford/AstraZeneca, Pfizer/BioNTech",3323914,1152520,4476434
2021-05-20,"Johnson&Johnson, Moderna, Oxford/AstraZeneca, Pfizer/BioNTech",3399391,1179561,4578952
2021-05-21,"Johnson&Johnson, Moderna, Oxford/AstraZeneca, Pfizer/BioNTech",3468185,1207334,4675519
2021-05-22,"Johnson&Johnson, Moderna, Oxford/AstraZeneca, Pfizer/BioNTech",3500592,1218538,4719130
2021-05-23,"Johnson&Johnson, Moderna, Oxford/AstraZeneca, Pfizer/BioNTech",3522977,1227575,4750552
2021-05-24,"Johnson&Johnson, Moderna, Oxford/AstraZeneca, Pfizer/BioNTech",3570127,1261239,4831366
2021-05-25,"Johnson&Johnson, Moderna, Oxford/AstraZeneca, Pfizer/BioNTech",3621994,1297054,4919048
2021-05-26,"Johnson&Johnson, Moderna, Oxford/AstraZeneca, Pfizer/BioNTech",3689762,1334587,5024349
2021-05-27,"Johnson&Johnson, Moderna, Oxford/AstraZeneca, Pfizer/BioNTech",3751165,1381925,5133090
2021-05-28,"Johnson&Johnson, Moderna, Oxford/AstraZeneca, Pfizer/BioNTech",3812874,1428506,5241380
2021-05-29,"Johnson&Johnson, Moderna, Oxford/AstraZeneca, Pfizer/BioNTech",3842076,1445614,5287690
2021-05-30,"Johnson&Johnson, Moderna, Oxford/AstraZeneca, Pfizer/BioNTech",3864456,1460063,5324519
2021-05-31,"Johnson&Johnson, Moderna, Oxford/AstraZeneca, Pfizer/BioNTech",3920198,1507582,5427780
2021-06-01,"Johnson&Johnson, Moderna, Oxford/AstraZeneca, Pfizer/BioNTech",3979241,1556437,5535678
2021-06-02,"Johnson&Johnson, Moderna, Oxford/AstraZeneca, Pfizer/BioNTech",4042156,1610436,5652592
2021-06-03,"Johnson&Johnson, Moderna, Oxford/AstraZeneca, Pfizer/BioNTech",4100386,1670650,5771036
2021-06-04,"Johnson&Johnson, Moderna, Oxford/AstraZeneca, Pfizer/BioNTech",4163486,1728068,5891554
2021-06-05,"Johnson&Johnson, Moderna, Oxford/AstraZeneca, Pfizer/BioNTech",4197633,1746926,5944559
2021-06-06,"Johnson&Johnson, Moderna, Oxford/AstraZeneca, Pfizer/BioNTech",4224555,1762076,5986631
2021-06-07,"Johnson&Johnson, Moderna, Oxford/AstraZeneca, Pfizer/BioNTech",4288236,1817699,6105935
2021-06-08,"Johnson&Johnson, Moderna, Oxford/AstraZeneca, Pfizer/BioNTech",4352206,1872689,6224895
2021-06-09,"Johnson&Johnson, Moderna, Oxford/AstraZeneca, Pfizer/BioNTech",4411389,1937312,6348701
2021-06-10,"Johnson&Johnson, Moderna, Oxford/AstraZeneca, Pfizer/BioNTech",4465230,2008559,6473789
2021-06-11,"Johnson&Johnson, Moderna, Oxford/AstraZeneca, Pfizer/BioNTech",4517327,2078323,6595650
2021-06-12,"Johnson&Johnson, Moderna, Oxford/AstraZeneca, Pfizer/BioNTech",4549335,2099125,6648460
2021-06-13,"Johnson&Johnson, Moderna, Oxford/AstraZeneca, Pfizer/BioNTech",4573354,2117531,6690885
2021-06-14,"Johnson&Johnson, Moderna, Oxford/AstraZeneca, Pfizer/BioNTech",4616424,2191924,6808348
2021-06-15,"Johnson&Johnson, Moderna, Oxford/AstraZeneca, Pfizer/BioNTech",4661073,2264283,6925356
2021-06-16,"Johnson&Johnson, Moderna, Oxford/AstraZeneca, Pfizer/BioNTech",4703827,2342512,7046339
2021-06-17,"Johnson&Johnson, Moderna, Oxford/AstraZeneca, Pfizer/BioNTech",4743211,2425591,7168802
2021-06-18,"Johnson&Johnson, Moderna, Oxford/AstraZeneca, Pfizer/BioNTech",4785611,2506131,7291742
2021-06-19,"Johnson&Johnson, Moderna, Oxford/AstraZeneca, Pfizer/BioNTech",4807373,2535425,7342798
2021-06-20,"Johnson&Johnson, Moderna, Oxford/AstraZeneca, Pfizer/BioNTech",4824740,2559258,7383998
2021-06-21,"Johnson&Johnson, Moderna, Oxford/AstraZeneca, Pfizer/BioNTech",4857236,2637847,7495083
2021-06-22,"Johnson&Johnson, Moderna, Oxford/AstraZeneca, Pfizer/BioNTech",4890184,2720104,7610288
2021-06-23,"Johnson&Johnson, Moderna, Oxford/AstraZeneca, Pfizer/BioNTech",4921835,2805304,7727139
2021-06-24,"Johnson&Johnson, Moderna, Oxford/AstraZeneca, Pfizer/BioNTech",4951668,2895318,7846986
2021-06-25,"Johnson&Johnson, Moderna, Oxford/AstraZeneca, Pfizer/BioNTech",4982727,2981463,7964190
2021-06-26,"Johnson&Johnson, Moderna, Oxford/AstraZeneca, Pfizer/BioNTech",4998599,3016287,8014886
2021-06-27,"Johnson&Johnson, Moderna, Oxford/AstraZeneca, Pfizer/BioNTech",5012544,3042947,8055491
2021-06-28,"Johnson&Johnson, Moderna, Oxford/AstraZeneca, Pfizer/BioNTech",5040952,3128121,8169073
2021-06-29,"Johnson&Johnson, Moderna, Oxford/AstraZeneca, Pfizer/BioNTech",5070218,3214591,8284809
2021-06-30,"Johnson&Johnson, Moderna, Oxford/AstraZeneca, Pfizer/BioNTech",5097698,3305573,8403271
2021-07-01,"Johnson&Johnson, Moderna, Oxford/AstraZeneca, Pfizer/BioNTech",5121660,3395617,8517277
2021-07-02,"Johnson&Johnson, Moderna, Oxford/AstraZeneca, Pfizer/BioNTech",5148362,3481456,8629818
2021-07-03,"Johnson&Johnson, Moderna, Oxford/AstraZeneca, Pfizer/BioNTech",5155438,3512969,8668407
2021-07-04,"Johnson&Johnson, Moderna, Oxford/AstraZeneca, Pfizer/BioNTech",5162996,3534761,8697757
2021-07-05,"Johnson&Johnson, Moderna, Oxford/AstraZeneca, Pfizer/BioNTech",5170369,3560125,8730494
2021-07-06,"Johnson&Johnson, Moderna, Oxford/AstraZeneca, Pfizer/BioNTech",5175786,3587772,8763558
2021-07-07,"Johnson&Johnson, Moderna, Oxford/AstraZeneca, Pfizer/BioNTech",5201572,3666737,8868309
2021-07-08,"Johnson&Johnson, Moderna, Oxford/AstraZeneca, Pfizer/BioNTech",5228168,3737041,8965209
2021-07-09,"Johnson&Johnson, Moderna, Oxford/AstraZeneca, Pfizer/BioNTech",5256083,3806311,9062394
2021-07-10,"Johnson&Johnson, Moderna, Oxford/AstraZeneca, Pfizer/BioNTech",5265434,3834945,9100379
2021-07-11,"Johnson&Johnson, Moderna, Oxford/AstraZeneca, Pfizer/BioNTech",5273959,3857811,9131770
2021-07-12,"Johnson&Johnson, Moderna, Oxford/AstraZeneca, Pfizer/BioNTech",5301467,3926884,9228351
2021-07-13,"Johnson&Johnson, Moderna, Oxford/AstraZeneca, Pfizer/BioNTech",5327650,3996728,9324378
2021-07-14,"Johnson&Johnson, Moderna, Oxford/AstraZeneca, Pfizer/BioNTech",5353450,4068684,9422134
2021-07-15,"Johnson&Johnson, Moderna, Oxford/AstraZeneca, Pfizer/BioNTech",5382607,4134654,9517261
2021-07-16,"Johnson&Johnson, Moderna, Oxford/AstraZeneca, Pfizer/BioNTech",5410524,4207347,9617871
2021-07-17,"Johnson&Johnson, Moderna, Oxford/AstraZeneca, Pfizer/BioNTech",5419293,4238770,9658063
2021-07-18,"Johnson&Johnson, Moderna, Oxford/AstraZeneca, Pfizer/BioNTech",5427731,4264754,9692485
2021-07-19,"Johnson&Johnson, Moderna, Oxford/AstraZeneca, Pfizer/BioNTech",5451070,4331758,9782828
2021-07-20,"Johnson&Johnson, Moderna, Oxford/AstraZeneca, Pfizer/BioNTech",5472448,4398779,9871227
2021-07-21,"Johnson&Johnson, Moderna, Oxford/AstraZeneca, Pfizer/BioNTech",5495891,4462209,9958100
2021-07-22,"Johnson&Johnson, Moderna, Oxford/AstraZeneca, Pfizer/BioNTech",5518249,4520791,10039040
2021-07-23,"Johnson&Johnson, Moderna, Oxford/AstraZeneca, Pfizer/BioNTech",5541444,4575499,10116943
2021-07-24,"Johnson&Johnson, Moderna, Oxford/AstraZeneca, Pfizer/BioNTech",5548755,4603142,10151897
2021-07-25,"Johnson&Johnson, Moderna, Oxford/AstraZeneca, Pfizer/BioNTech",5555367,4625253,10180620
2021-07-26,"Johnson&Johnson, Moderna, Oxford/AstraZeneca, Pfizer/BioNTech",5578902,4673898,10252800
2021-07-27,"Johnson&Johnson, Moderna, Oxford/AstraZeneca, Pfizer/BioNTech",5601622,4720491,10322113
2021-07-28,"Johnson&Johnson, Moderna, Oxford/AstraZeneca, Pfizer/BioNTech",5622866,4766432,10389298
2021-07-29,"Johnson&Johnson, Moderna, Oxford/AstraZeneca, Pfizer/BioNTech",5644181,4808344,10452525
2021-07-30,"Johnson&Johnson, Moderna, Oxford/AstraZeneca, Pfizer/BioNTech",5667449,4850845,10518294
2021-07-31,"Johnson&Johnson, Moderna, Oxford/AstraZeneca, Pfizer/BioNTech",5676370,4870355,10546725
2021-08-01,"Johnson&Johnson, Moderna, Oxford/AstraZeneca, Pfizer/BioNTech",5683085,4886506,10569591
2021-08-02,"Johnson&Johnson, Moderna, Oxford/AstraZeneca, Pfizer/BioNTech",5701711,4924016,10625727
2021-08-03,"Johnson&Johnson, Moderna, Oxford/AstraZeneca, Pfizer/BioNTech",5719336,4962074,10681410
2021-08-04,"Johnson&Johnson, Moderna, Oxford/AstraZeneca, Pfizer/BioNTech",5735429,4998767,10734196
2021-08-05,"Johnson&Johnson, Moderna, Oxford/AstraZeneca, Pfizer/BioNTech",5751459,5039195,10790654
2021-08-06,"Johnson&Johnson, Moderna, Oxford/AstraZeneca, Pfizer/BioNTech",5768237,5082435,10850672
2021-08-07,"Johnson&Johnson, Moderna, Oxford/AstraZeneca, Pfizer/BioNTech",5773830,5100580,10874410
2021-08-08,"Johnson&Johnson, Moderna, Oxford/AstraZeneca, Pfizer/BioNTech",5778187,5116314,10894501
2021-08-09,"Johnson&Johnson, Moderna, Oxford/AstraZeneca, Pfizer/BioNTech",5790822,5161330,10952152
2021-08-10,"Johnson&Johnson, Moderna, Oxford/AstraZeneca, Pfizer/BioNTech",5802656,5200855,11003511
2021-08-11,"Johnson&Johnson, Moderna, Oxford/AstraZeneca, Pfizer/BioNTech",5814013,5243944,11057957
2021-08-12,"Johnson&Johnson, Moderna, Oxford/AstraZeneca, Pfizer/BioNTech",5825429,5281029,11106458
2021-08-13,"Johnson&Johnson, Moderna, Oxford/AstraZeneca, Pfizer/BioNTech",5836151,5321331,11157482
2021-08-14,"Johnson&Johnson, Moderna, Oxford/AstraZeneca, Pfizer/BioNTech",5839485,5332015,11171500
2021-08-15,"Johnson&Johnson, Moderna, Oxford/AstraZeneca, Pfizer/BioNTech",5842068,5342376,11184444
2021-08-16,"Johnson&Johnson, Moderna, Oxford/AstraZeneca, Pfizer/BioNTech",5851856,5376421,11228277
2021-08-17,"Johnson&Johnson, Moderna, Oxford/AstraZeneca, Pfizer/BioNTech",5861450,5403493,11264943
2021-08-18,"Johnson&Johnson, Moderna, Oxford/AstraZeneca, Pfizer/BioNTech",5870818,5442344,11313162
2021-08-19,"Johnson&Johnson, Moderna, Oxford/AstraZeneca, Pfizer/BioNTech",5880482,5480666,11361148
2021-08-20,"Johnson&Johnson, Moderna, Oxford/AstraZeneca, Pfizer/BioNTech",5891863,5520830,11412693
2021-08-21,"Johnson&Johnson, Moderna, Oxford/AstraZeneca, Pfizer/BioNTech",5894579,5533574,11428153
2021-08-22,"Johnson&Johnson, Moderna, Oxford/AstraZeneca, Pfizer/BioNTech",5896918,5545529,11442447
2021-08-23,"Johnson&Johnson, Moderna, Oxford/AstraZeneca, Pfizer/BioNTech",5907447,5584769,11492216
2021-08-24,"Johnson&Johnson, Moderna, Oxford/AstraZeneca, Pfizer/BioNTech",5917311,5617991,11535302
2021-08-25,"Johnson&Johnson, Moderna, Oxford/AstraZeneca, Pfizer/BioNTech",5926174,5646342,11572516
2021-08-26,"Johnson&Johnson, Moderna, Oxford/AstraZeneca, Pfizer/BioNTech",5934618,5672452,11607070
2021-08-27,"Johnson&Johnson, Moderna, Oxford/AstraZeneca, Pfizer/BioNTech",5944936,5698389,11643325
2021-08-28,"Johnson&Johnson, Moderna, Oxford/AstraZeneca, Pfizer/BioNTech",5947658,5705422,11653080
2021-08-29,"Johnson&Johnson, Moderna, Oxford/AstraZeneca, Pfizer/BioNTech",5950068,5712041,11662109
2021-08-30,"Johnson&Johnson, Moderna, Oxford/AstraZeneca, Pfizer/BioNTech",5958593,5733894,11692487
2021-08-31,"Johnson&Johnson, Moderna, Oxford/AstraZeneca, Pfizer/BioNTech",5966267,5751959,11718226
2021-09-01,"Johnson&Johnson, Moderna, Oxford/AstraZeneca, Pfizer/BioNTech",5972151,5765941,11738092
2021-09-02,"Johnson&Johnson, Moderna, Oxford/AstraZeneca, Pfizer/BioNTech",5978985,5780319,11759304
2021-09-03,"Johnson&Johnson, Moderna, Oxford/AstraZeneca, Pfizer/BioNTech",5988538,5796011,11784549
2021-09-04,"Johnson&Johnson, Moderna, Oxford/AstraZeneca, Pfizer/BioNTech",5990606,5799560,11790166
2021-09-05,"Johnson&Johnson, Moderna, Oxford/AstraZeneca, Pfizer/BioNTech",5992644,5802402,11795046
2021-09-06,"Johnson&Johnson, Moderna, Oxford/AstraZeneca, Pfizer/BioNTech",5998878,5814916,11813794
2021-09-07,"Johnson&Johnson, Moderna, Oxford/AstraZeneca, Pfizer/BioNTech",6003268,5826006,11829274
2021-09-08,"Johnson&Johnson, Moderna, Oxford/AstraZeneca, Pfizer/BioNTech",6008934,5835841,11844775
2021-09-09,"Johnson&Johnson, Moderna, Oxford/AstraZeneca, Pfizer/BioNTech",6015614,5845894,11861508
2021-09-10,"Johnson&Johnson, Moderna, Oxford/AstraZeneca, Pfizer/BioNTech",6023298,5858062,11881360
2021-09-11,"Johnson&Johnson, Moderna, Oxford/AstraZeneca, Pfizer/BioNTech",6025160,5860536,11885696
2021-09-12,"Johnson&Johnson, Moderna, Oxford/AstraZeneca, Pfizer/BioNTech",6026274,5862162,11888436
2021-09-13,"Johnson&Johnson, Moderna, Oxford/AstraZeneca, Pfizer/BioNTech",6031702,5872447,11904149
2021-09-14,"Johnson&Johnson, Moderna, Oxford/AstraZeneca, Pfizer/BioNTech",6037086,5881453,11918539
2021-09-15,"Johnson&Johnson, Moderna, Oxford/AstraZeneca, Pfizer/BioNTech",6042278,5889968,11932246
2021-09-16,"Johnson&Johnson, Moderna, Oxford/AstraZeneca, Pfizer/BioNTech",6047619,5898232,11945851
2021-09-17,"Johnson&Johnson, Moderna, Oxford/AstraZeneca, Pfizer/BioNTech",6054188,5908453,11962641
2021-09-18,"Johnson&Johnson, Moderna, Oxford/AstraZeneca, Pfizer/BioNTech",6055910,5910805,11966715
2021-09-19,"Johnson&Johnson, Moderna, Oxford/AstraZeneca, Pfizer/BioNTech",6056851,5912370,11969221
2021-09-20,"Johnson&Johnson, Moderna, Oxford/AstraZeneca, Pfizer/BioNTech",6060864,5920562,11981426
2021-09-21,"Johnson&Johnson, Moderna, Oxford/AstraZeneca, Pfizer/BioNTech",6065090,5928089,11993179
2021-09-22,"Johnson&Johnson, Moderna, Oxford/AstraZeneca, Pfizer/BioNTech",6069267,5933599,12002866
2021-09-23,"Johnson&Johnson, Moderna, Oxford/AstraZeneca, Pfizer/BioNTech",6074244,5939997,12014241
2021-09-24,"Johnson&Johnson, Moderna, Oxford/AstraZeneca, Pfizer/BioNTech",6080004,5949610,12029614
2021-09-25,"Johnson&Johnson, Moderna, Oxford/AstraZeneca, Pfizer/BioNTech",6081497,5951605,12033102
2021-09-26,"Johnson&Johnson, Moderna, Pfizer/BioNTech",6082238,5953243,12035481
2021-09-27,"Johnson&Johnson, Moderna, Oxford/AstraZeneca, Pfizer/BioNTech",6086115,5959744,12045859
2021-09-28,"Johnson&Johnson, Moderna, Pfizer/BioNTech",6086473,5960360,12046833
2021-09-29,"Johnson&Johnson, Moderna, Oxford/AstraZeneca, Pfizer/BioNTech",6090246,5967813,12058059
2021-09-30,"Johnson&Johnson, Moderna, Oxford/AstraZeneca, Pfizer/BioNTech",6094744,5975504,12070248
2021-10-01,"Johnson&Johnson, Moderna, Oxford/AstraZeneca, Pfizer/BioNTech",6099036,5983466,12082502
2021-10-02,"Johnson&Johnson, Moderna, Oxford/AstraZeneca, Pfizer/BioNTech",6100096,5985002,12085098
2021-10-03,"Johnson&Johnson, Moderna, Pfizer/BioNTech",6100816,5985866,12086682
2021-10-04,"Johnson&Johnson, Moderna, Oxford/AstraZeneca, Pfizer/BioNTech",6103886,5991429,12095315
2021-10-05,"Johnson&Johnson, Moderna, Oxford/AstraZeneca, Pfizer/BioNTech",6107042,5996494,12103536
2021-10-06,"Johnson&Johnson, Moderna, Oxford/AstraZeneca, Pfizer/BioNTech",6110550,6001653,12112203
2021-10-07,"Johnson&Johnson, Moderna, Oxford/AstraZeneca, Pfizer/BioNTech",6113820,6006897,12120717
2021-10-08,"Johnson&Johnson, Moderna, Oxford/AstraZeneca, Pfizer/BioNTech",6118606,6013523,12132129
2021-10-09,"Johnson&Johnson, Moderna, Oxford/AstraZeneca, Pfizer/BioNTech",6119848,6015175,12135023
2021-10-10,"Johnson&Johnson, Moderna, Oxford/AstraZeneca, Pfizer/BioNTech",6120789,6016004,12136793
2021-10-11,"Johnson&Johnson, Moderna, Oxford/AstraZeneca, Pfizer/BioNTech",6123718,6020413,12144131
2021-10-12,"Johnson&Johnson, Moderna, Oxford/AstraZeneca, Pfizer/BioNTech",6126642,6024410,12151052
2021-10-13,"Johnson&Johnson, Moderna, Oxford/AstraZeneca, Pfizer/BioNTech",6130175,6028589,12158764
2021-10-14,"Johnson&Johnson, Moderna, Oxford/AstraZeneca, Pfizer/BioNTech",6133849,6033531,12167380
2021-10-15,"Johnson&Johnson, Moderna, Oxford/AstraZeneca, Pfizer/BioNTech",6139077,6039667,12178744
2021-10-16,"Johnson&Johnson, Moderna, Oxford/AstraZeneca, Pfizer/BioNTech",6140487,6041186,12181673
2021-10-17,"Johnson&Johnson, Moderna, Pfizer/BioNTech",6141808,6042239,12184047
2021-10-18,"Johnson&Johnson, Moderna, Oxford/AstraZeneca, Pfizer/BioNTech",6145921,6046331,12192252
2021-10-19,"Johnson&Johnson, Moderna, Oxford/AstraZeneca, Pfizer/BioNTech",6149498,6048419,12197917
2021-10-20,"Johnson&Johnson, Moderna, Oxford/AstraZeneca, Pfizer/BioNTech",6154370,6052867,12207237
2021-10-21,"Johnson&Johnson, Moderna, Oxford/AstraZeneca, Pfizer/BioNTech",6162135,6058462,12220597
2021-10-22,"Johnson&Johnson, Moderna, Oxford/AstraZeneca, Pfizer/BioNTech",6172577,6064960,12237537
2021-10-23,"Johnson&Johnson, Moderna, Pfizer/BioNTech",6176252,6067166,12243418
2021-10-24,"Johnson&Johnson, Moderna, Pfizer/BioNTech",6178937,6068944,12247881
2021-10-25,"Johnson&Johnson, Moderna, Oxford/AstraZeneca, Pfizer/BioNTech",6189421,6074739,12264160
2021-10-26,"Johnson&Johnson, Moderna, Oxford/AstraZeneca, Pfizer/BioNTech",6201405,6081279,12282684
2021-10-27,"Johnson&Johnson, Moderna, Oxford/AstraZeneca, Pfizer/BioNTech",6216007,6088677,12304684
2021-10-28,"Johnson&Johnson, Moderna, Oxford/AstraZeneca, Pfizer/BioNTech",6219422,6090350,12309772
2021-10-29,"Johnson&Johnson, Moderna, Oxford/AstraZeneca, Pfizer/BioNTech",6233840,6098311,12332151
2021-10-30,"Johnson&Johnson, Moderna, Pfizer/BioNTech",6238370,6101225,12339595
2021-10-31,"Johnson&Johnson, Moderna, Oxford/AstraZeneca, Pfizer/BioNTech",6242135,6103697,12345832
2021-11-01,"Johnson&Johnson, Moderna, Oxford/AstraZeneca, Pfizer/BioNTech",6257326,6111375,12368701
2021-11-02,"Johnson&Johnson, Moderna, Oxford/AstraZeneca, Pfizer/BioNTech",6272773,6118925,12391698
2021-11-03,"Johnson&Johnson, Moderna, Oxford/AstraZeneca, Pfizer/BioNTech",6289951,6126214,12416165
2021-11-04,"Johnson&Johnson, Moderna, Oxford/AstraZeneca, Pfizer/BioNTech",6308300,6134380,12442680
2021-11-05,"Johnson&Johnson, Moderna, Oxford/AstraZeneca, Pfizer/BioNTech",6331096,6145643,12476739
2021-11-06,"Johnson&Johnson, Moderna, Oxford/AstraZeneca, Pfizer/BioNTech",6337604,6148694,12486298
2021-11-07,"Johnson&Johnson, Moderna, Oxford/AstraZeneca, Pfizer/BioNTech",6341622,6151126,12492748
2021-11-08,"Johnson&Johnson, Moderna, Oxford/AstraZeneca, Pfizer/BioNTech",6357929,6158754,12516683
2021-11-09,"Johnson&Johnson, Moderna, Oxford/AstraZeneca, Pfizer/BioNTech",6372735,6166045,12538780
2021-11-10,"Johnson&Johnson, Moderna, Oxford/AstraZeneca, Pfizer/BioNTech",6388470,6173416,12561886
2021-11-11,"Johnson&Johnson, Moderna, Oxford/AstraZeneca, Pfizer/BioNTech",6403935,6182518,12586453
2021-11-12,"Johnson&Johnson, Moderna, Oxford/AstraZeneca, Pfizer/BioNTech",6423735,6195294,12619029
2021-11-13,"Johnson&Johnson, Moderna, Oxford/AstraZeneca, Pfizer/BioNTech",6429123,6199158,12628281
2021-11-14,"Johnson&Johnson, Moderna, Oxford/AstraZeneca, Pfizer/BioNTech",6433010,6202160,12635170
2021-11-15,"Johnson&Johnson, Moderna, Oxford/AstraZeneca, Pfizer/BioNTech",6448089,6212844,12660933
2021-11-16,"Johnson&Johnson, Moderna, Oxford/AstraZeneca, Pfizer/BioNTech",6465628,6224815,12690443
2021-11-17,"Johnson&Johnson, Moderna, Oxford/AstraZeneca, Pfizer/BioNTech",6469863,6228374,12698237
2021-11-18,"Johnson&Johnson, Moderna, Oxford/AstraZeneca, Pfizer/BioNTech",6489265,6240048,12729313
2021-11-19,"Johnson&Johnson, Moderna, Oxford/AstraZeneca, Pfizer/BioNTech",6513871,6257018,12770889
2021-11-20,"Johnson&Johnson, Moderna, Pfizer/BioNTech",6522440,6261992,12784432
2021-11-21,"Johnson&Johnson, Moderna, Oxford/AstraZeneca, Pfizer/BioNTech",6529211,6265762,12794973
2021-11-22,"Johnson&Johnson, Moderna, Oxford/AstraZeneca, Pfizer/BioNTech",6547714,6279865,12827579
2021-11-23,"Johnson&Johnson, Moderna, Oxford/AstraZeneca, Pfizer/BioNTech",6566773,6293120,12859893
2021-11-24,"Johnson&Johnson, Moderna, Oxford/AstraZeneca, Pfizer/BioNTech",6585739,6308955,12894694
2021-11-25,"Johnson&Johnson, Moderna, Oxford/AstraZeneca, Pfizer/BioNTech",6604872,6323974,12928846
2021-11-26,"Johnson&Johnson, Moderna, Oxford/AstraZeneca, Pfizer/BioNTech",6626506,6343088,12969594
2021-11-27,"Johnson&Johnson, Moderna, Oxford/AstraZeneca, Pfizer/BioNTech",6633961,6348634,12982595
2021-11-28,"Johnson&Johnson, Moderna, Oxford/AstraZeneca, Pfizer/BioNTech",6637293,6351766,12989059
2021-11-29,"Johnson&Johnson, Moderna, Oxford/AstraZeneca, Pfizer/BioNTech",6652489,6365417,13017906
2021-11-30,"Johnson&Johnson, Moderna, Oxford/AstraZeneca, Pfizer/BioNTech",6665620,6376633,13042253
2021-12-01,"Johnson&Johnson, Moderna, Oxford/AstraZeneca, Pfizer/BioNTech",6679578,6389071,13068649
2021-12-02,"Johnson&Johnson, Moderna, Oxford/AstraZeneca, Pfizer/BioNTech",6690135,6401552,13091687
2021-12-03,"Johnson&Johnson, Moderna, Oxford/AstraZeneca, Pfizer/BioNTech",6699733,6417111,13116844
2021-12-04,"Johnson&Johnson, Moderna, Pfizer/BioNTech",6702287,6421057,13123344
2021-12-05,"Johnson&Johnson, Moderna, Pfizer/BioNTech",6703636,6423391,13127027
2021-12-06,"Johnson&Johnson, Moderna, Oxford/AstraZeneca, Pfizer/BioNTech",6711768,6434902,13146670
2021-12-07,"Johnson&Johnson, Moderna, Oxford/AstraZeneca, Pfizer/BioNTech",6719598,6446888,13166486
2021-12-08,"Johnson&Johnson, Moderna, Oxford/AstraZeneca, Pfizer/BioNTech",6727801,6452801,13180602
2021-12-09,"Johnson&Johnson, Moderna, Oxford/AstraZeneca, Pfizer/BioNTech",6734870,6465607,13200477
2021-12-10,"Johnson&Johnson, Moderna, Oxford/AstraZeneca, Pfizer/BioNTech",6741750,6483396,13225146
2021-12-11,"Johnson&Johnson, Moderna, Pfizer/BioNTech",6743405,6488663,13232068
2021-12-12,"Johnson&Johnson, Moderna, Pfizer/BioNTech",6744710,6493092,13237802
2021-12-13,"Johnson&Johnson, Moderna, Oxford/AstraZeneca, Pfizer/BioNTech",6751038,6506388,13257426
2021-12-14,"Johnson&Johnson, Moderna, Oxford/AstraZeneca, Pfizer/BioNTech",6757202,6520040,13277242
2021-12-15,"Johnson&Johnson, Moderna, Oxford/AstraZeneca, Pfizer/BioNTech",6763364,6533630,13296994
2021-12-16,"Johnson&Johnson, Moderna, Oxford/AstraZeneca, Pfizer/BioNTech",6770218,6548404,13318622
2021-12-17,"Johnson&Johnson, Moderna, Oxford/AstraZeneca, Pfizer/BioNTech",6778488,6565633,13344121
2021-12-18,"Johnson&Johnson, Moderna, Pfizer/BioNTech",6781073,6571068,13352141
2021-12-19,"Johnson&Johnson, Moderna, Pfizer/BioNTech",6782838,6573567,13356405
2021-12-20,"Johnson&Johnson, Moderna, Oxford/AstraZeneca, Pfizer/BioNTech",6788588,6587558,13376146
2021-12-21,"Johnson&Johnson, Moderna, Oxford/AstraZeneca, Pfizer/BioNTech",6795206,6599504,13394710
2021-12-22,"Johnson&Johnson, Moderna, Pfizer/BioNTech",6800234,6612507,13412741
2021-12-23,"Johnson&Johnson, Moderna, Oxford/AstraZeneca, Pfizer/BioNTech",6803092,6618086,13421178
2021-12-24,"Johnson&Johnson, Moderna, Pfizer/BioNTech",6803137,6618182,13421319
2021-12-25,"Moderna, Pfizer/BioNTech",6803137,6618187,13421324
2021-12-26,"Moderna, Pfizer/BioNTech",6803235,6618381,13421616
2021-12-27,"Johnson&Johnson, Moderna, Pfizer/BioNTech",6807053,6628073,13435126
2021-12-28,"Johnson&Johnson, Moderna, Oxford/AstraZeneca, Pfizer/BioNTech",6812274,6635988,13448262
2021-12-29,"Johnson&Johnson, Moderna, Oxford/AstraZeneca, Pfizer/BioNTech",6816547,6643663,13460210
2021-12-30,"Johnson&Johnson, Moderna, Pfizer/BioNTech",6820842,6649021,13469863
2021-12-31,"Johnson&Johnson, Moderna, Oxford/AstraZeneca, Pfizer/BioNTech",6821343,6650428,13471771
2022-01-01,"Johnson&Johnson, Moderna, Pfizer/BioNTech",6821344,6650446,13471790
2022-01-02,"Johnson&Johnson, Moderna, Pfizer/BioNTech",6822192,6651817,13474009
2022-01-03,"Johnson&Johnson, Moderna, Oxford/AstraZeneca, Pfizer/BioNTech",6826073,6660480,13486553
2022-01-04,"Johnson&Johnson, Moderna, Oxford/AstraZeneca, Pfizer/BioNTech",6830671,6667796,13498467
