date,vaccine,people_vaccinated,people_fully_vaccinated,total_vaccinations
2020-12-27,Pfizer/BioNTech,1249,0,1249
2020-12-28,Pfizer/BioNTech,3546,0,3546
2020-12-29,Pfizer/BioNTech,6990,0,6990
2020-12-30,Pfizer/BioNTech,10465,0,10465
2020-12-31,Pfizer/BioNTech,11771,0,11771
2021-01-01,Pfizer/BioNTech,12032,0,12032
2021-01-02,Pfizer/BioNTech,13298,0,13298
2021-01-03,Pfizer/BioNTech,14212,0,14212
2021-01-04,Pfizer/BioNTech,17779,0,17779
2021-01-05,Pfizer/BioNTech,22274,0,22274
2021-01-06,Pfizer/BioNTech,28089,0,28089
2021-01-07,Pfizer/BioNTech,36027,0,36027
2021-01-08,Pfizer/BioNTech,45956,0,45956
2021-01-09,Pfizer/BioNTech,47968,0,47968
2021-01-10,Pfizer/BioNTech,49714,0,49714
2021-01-11,Pfizer/BioNTech,59499,0,59499
2021-01-12,Pfizer/BioNTech,72848,0,72848
2021-01-13,Pfizer/BioNTech,86317,0,86317
2021-01-14,"Moderna, Pfizer/BioNTech",101475,0,101475
2021-01-15,"Moderna, Pfizer/BioNTech",115396,0,115396
2021-01-16,"Moderna, Pfizer/BioNTech",118768,2,118770
2021-01-17,"Moderna, Pfizer/BioNTech",121362,634,121996
2021-01-18,"Moderna, Pfizer/BioNTech",133812,2362,136174
2021-01-19,"Moderna, Pfizer/BioNTech",146313,5059,151372
2021-01-20,"Moderna, Pfizer/BioNTech",159855,7678,167533
2021-01-21,"Moderna, Pfizer/BioNTech",175391,9397,184788
2021-01-22,"Moderna, Pfizer/BioNTech",190123,10431,200554
2021-01-23,"Moderna, Pfizer/BioNTech",193396,11296,204692
2021-01-24,"Moderna, Pfizer/BioNTech",195639,12157,207796
2021-01-25,"Moderna, Pfizer/BioNTech",205237,15098,220335
2021-01-26,"Moderna, Pfizer/BioNTech",215731,19053,234784
2021-01-27,"Moderna, Pfizer/BioNTech",224711,23540,248251
2021-01-28,"Moderna, Pfizer/BioNTech",231741,29618,261359
2021-01-29,"Moderna, Pfizer/BioNTech",237914,37416,275330
2021-01-30,"Moderna, Pfizer/BioNTech",238631,38497,277128
2021-01-31,Pfizer/BioNTech,239332,39664,278996
2021-02-01,"Moderna, Pfizer/BioNTech",243270,47534,290804
2021-02-02,"Moderna, Pfizer/BioNTech",247385,57691,305076
2021-02-03,"Moderna, Pfizer/BioNTech",251766,68631,320397
2021-02-04,"Moderna, Pfizer/BioNTech",256636,81527,338163
2021-02-05,"Moderna, Pfizer/BioNTech",262067,92129,354196
2021-02-06,"Moderna, Pfizer/BioNTech",262903,94460,357363
2021-02-07,"Moderna, Pfizer/BioNTech",263747,96930,360677
2021-02-08,"Moderna, Pfizer/BioNTech",267756,108251,376007
2021-02-09,"Moderna, Pfizer/BioNTech",272793,120087,392880
2021-02-10,"Moderna, Pfizer/BioNTech",278312,133171,411483
2021-02-11,"Moderna, Oxford/AstraZeneca, Pfizer/BioNTech",284590,149230,433820
2021-02-12,"Moderna, Oxford/AstraZeneca, Pfizer/BioNTech",291298,163830,455128
2021-02-13,"Moderna, Oxford/AstraZeneca, Pfizer/BioNTech",292866,166787,459653
2021-02-14,"Moderna, Oxford/AstraZeneca, Pfizer/BioNTech",293854,168152,462006
2021-02-15,"Moderna, Oxford/AstraZeneca, Pfizer/BioNTech",300191,177446,477637
2021-02-16,"Moderna, Oxford/AstraZeneca, Pfizer/BioNTech",308798,186428,495226
2021-02-17,"Moderna, Oxford/AstraZeneca, Pfizer/BioNTech",318444,194602,513046
2021-02-18,"Moderna, Oxford/AstraZeneca, Pfizer/BioNTech",330681,202575,533256
2021-02-19,"Moderna, Oxford/AstraZeneca, Pfizer/BioNTech",342425,209794,552219
2021-02-20,"Moderna, Oxford/AstraZeneca, Pfizer/BioNTech",344343,210956,555299
2021-02-21,"Moderna, Oxford/AstraZeneca, Pfizer/BioNTech",345366,211962,557328
2021-02-22,"Moderna, Oxford/AstraZeneca, Pfizer/BioNTech",355426,217938,573364
2021-02-23,"Moderna, Oxford/AstraZeneca, Pfizer/BioNTech",368228,224857,593085
2021-02-24,"Moderna, Oxford/AstraZeneca, Pfizer/BioNTech",381991,230840,612831
2021-02-25,"Moderna, Oxford/AstraZeneca, Pfizer/BioNTech",399847,236343,636190
2021-02-26,"Moderna, Oxford/AstraZeneca, Pfizer/BioNTech",415862,241649,657511
2021-02-27,"Moderna, Oxford/AstraZeneca, Pfizer/BioNTech",418789,242197,660986
2021-02-28,"Moderna, Oxford/AstraZeneca, Pfizer/BioNTech",421116,242736,663852
2021-03-01,"Moderna, Oxford/AstraZeneca, Pfizer/BioNTech",440386,246112,686498
2021-03-02,"Moderna, Oxford/AstraZeneca, Pfizer/BioNTech",467182,249622,716804
2021-03-03,"Moderna, Oxford/AstraZeneca, Pfizer/BioNTech",497515,254087,751602
2021-03-04,"Moderna, Oxford/AstraZeneca, Pfizer/BioNTech",530331,258701,789032
2021-03-05,"Moderna, Oxford/AstraZeneca, Pfizer/BioNTech",558798,264031,822829
2021-03-06,"Moderna, Oxford/AstraZeneca, Pfizer/BioNTech",570757,264853,835610
2021-03-07,"Moderna, Oxford/AstraZeneca, Pfizer/BioNTech",582107,265676,847783
2021-03-08,"Moderna, Oxford/AstraZeneca, Pfizer/BioNTech",611562,270468,882030
2021-03-09,"Moderna, Oxford/AstraZeneca, Pfizer/BioNTech",647448,276782,924230
2021-03-10,"Moderna, Oxford/AstraZeneca, Pfizer/BioNTech",688296,283673,971969
2021-03-11,"Moderna, Oxford/AstraZeneca, Pfizer/BioNTech",732649,291965,1024614
2021-03-12,"Moderna, Oxford/AstraZeneca, Pfizer/BioNTech",770971,300307,1071278
2021-03-13,"Moderna, Oxford/AstraZeneca, Pfizer/BioNTech",787922,301579,1089501
2021-03-14,"Moderna, Oxford/AstraZeneca, Pfizer/BioNTech",799947,302702,1102649
2021-03-15,"Moderna, Oxford/AstraZeneca, Pfizer/BioNTech",827985,311404,1139389
2021-03-16,"Moderna, Oxford/AstraZeneca, Pfizer/BioNTech",866508,321824,1188332
2021-03-17,"Moderna, Oxford/AstraZeneca, Pfizer/BioNTech",903638,332252,1235890
2021-03-18,"Moderna, Oxford/AstraZeneca, Pfizer/BioNTech",941133,344580,1285713
2021-03-19,"Moderna, Oxford/AstraZeneca, Pfizer/BioNTech",975085,358076,1333161
2021-03-20,"Moderna, Oxford/AstraZeneca, Pfizer/BioNTech",990049,360075,1350124
2021-03-21,"Moderna, Oxford/AstraZeneca, Pfizer/BioNTech",997382,361601,1358983
2021-03-22,"Moderna, Oxford/AstraZeneca, Pfizer/BioNTech",1021444,373942,1395386
2021-03-23,"Moderna, Oxford/AstraZeneca, Pfizer/BioNTech",1047647,387159,1434806
2021-03-24,"Moderna, Oxford/AstraZeneca, Pfizer/BioNTech",1074133,402722,1476855
2021-03-25,"Moderna, Oxford/AstraZeneca, Pfizer/BioNTech",1100151,420488,1520639
2021-03-26,"Moderna, Oxford/AstraZeneca, Pfizer/BioNTech",1124604,437866,1562470
2021-03-27,"Moderna, Oxford/AstraZeneca, Pfizer/BioNTech",1132936,442617,1575553
2021-03-28,"Moderna, Oxford/AstraZeneca, Pfizer/BioNTech",1138410,446709,1585119
2021-03-29,"Moderna, Oxford/AstraZeneca, Pfizer/BioNTech",1157195,467197,1624392
2021-03-30,"Moderna, Oxford/AstraZeneca, Pfizer/BioNTech",1181573,489185,1670758
2021-03-31,"Moderna, Oxford/AstraZeneca, Pfizer/BioNTech",1204340,515975,1720315
2021-04-01,"Moderna, Oxford/AstraZeneca, Pfizer/BioNTech",1229520,547711,1777231
2021-04-02,"Moderna, Oxford/AstraZeneca, Pfizer/BioNTech",1236214,560389,1796603
2021-04-03,"Moderna, Oxford/AstraZeneca, Pfizer/BioNTech",1239676,571249,1810925
2021-04-04,"Moderna, Oxford/AstraZeneca, Pfizer/BioNTech",1242127,579968,1822095
2021-04-05,"Moderna, Oxford/AstraZeneca, Pfizer/BioNTech",1244410,587091,1831501
2021-04-06,"Moderna, Oxford/AstraZeneca, Pfizer/BioNTech",1260286,616085,1876371
2021-04-07,"Moderna, Oxford/AstraZeneca, Pfizer/BioNTech",1283301,638031,1921332
2021-04-08,"Moderna, Oxford/AstraZeneca, Pfizer/BioNTech",1321020,668747,1989767
2021-04-09,"Moderna, Oxford/AstraZeneca, Pfizer/BioNTech",1359268,698530,2057798
2021-04-10,"Moderna, Oxford/AstraZeneca, Pfizer/BioNTech",1374503,713669,2088172
2021-04-11,"Moderna, Oxford/AstraZeneca, Pfizer/BioNTech",1384148,723642,2107790
2021-04-12,"Moderna, Oxford/AstraZeneca, Pfizer/BioNTech",1421511,748245,2169756
2021-04-13,"Moderna, Oxford/AstraZeneca, Pfizer/BioNTech",1456900,773962,2230862
2021-04-14,"Moderna, Oxford/AstraZeneca, Pfizer/BioNTech",1495045,801114,2296159
2021-04-15,"Moderna, Oxford/AstraZeneca, Pfizer/BioNTech",1542152,826569,2368721
2021-04-16,"Moderna, Oxford/AstraZeneca, Pfizer/BioNTech",1586152,852025,2438177
2021-04-17,"Moderna, Oxford/AstraZeneca, Pfizer/BioNTech",1602586,860976,2463562
2021-04-18,"Moderna, Oxford/AstraZeneca, Pfizer/BioNTech",1615461,865909,2481370
2021-04-19,"Moderna, Oxford/AstraZeneca, Pfizer/BioNTech",1658854,881166,2540020
2021-04-20,"Moderna, Oxford/AstraZeneca, Pfizer/BioNTech",1700569,896840,2597409
2021-04-21,"Moderna, Oxford/AstraZeneca, Pfizer/BioNTech",1747610,910877,2658487
2021-04-22,"Johnson&Johnson, Moderna, Oxford/AstraZeneca, Pfizer/BioNTech",1801370,928071,2729441
2021-04-23,"Johnson&Johnson, Moderna, Oxford/AstraZeneca, Pfizer/BioNTech",1850389,939956,2790345
2021-04-24,"Johnson&Johnson, Moderna, Oxford/AstraZeneca, Pfizer/BioNTech",1867929,945125,2813054
2021-04-25,"Johnson&Johnson, Moderna, Oxford/AstraZeneca, Pfizer/BioNTech",1882391,949081,2831472
2021-04-26,"Johnson&Johnson, Moderna, Oxford/AstraZeneca, Pfizer/BioNTech",1931206,956497,2887703
2021-04-27,"Johnson&Johnson, Moderna, Oxford/AstraZeneca, Pfizer/BioNTech",1979305,968520,2947825
2021-04-28,"Johnson&Johnson, Moderna, Oxford/AstraZeneca, Pfizer/BioNTech",2037200,982247,3019447
2021-04-29,"Johnson&Johnson, Moderna, Oxford/AstraZeneca, Pfizer/BioNTech",2101159,997724,3098883
2021-04-30,"Johnson&Johnson, Moderna, Oxford/AstraZeneca, Pfizer/BioNTech",2162139,1007377,3169516
2021-05-01,"Johnson&Johnson, Moderna, Oxford/AstraZeneca, Pfizer/BioNTech",2181210,1010688,3191898
2021-05-02,"Johnson&Johnson, Moderna, Oxford/AstraZeneca, Pfizer/BioNTech",2199851,1012893,3212744
2021-05-03,"Johnson&Johnson, Moderna, Oxford/AstraZeneca, Pfizer/BioNTech",2265420,1017704,3283124
2021-05-04,"Johnson&Johnson, Moderna, Oxford/AstraZeneca, Pfizer/BioNTech",2327091,1025540,3352631
