date,vaccine,people_vaccinated,people_fully_vaccinated,total_vaccinations
2020-12-27,Pfizer/BioNTech,1285,0,1285
2020-12-28,Pfizer/BioNTech,3592,0,3592
2020-12-29,Pfizer/BioNTech,7062,1,7063
2020-12-30,Pfizer/BioNTech,10582,1,10583
2020-12-31,Pfizer/BioNTech,11894,1,11895
2021-01-01,"Moderna, Pfizer/BioNTech",12164,1,12165
2021-01-02,Pfizer/BioNTech,13445,1,13446
2021-01-03,"Moderna, Pfizer/BioNTech",14369,1,14370
2021-01-04,"Moderna, Pfizer/BioNTech",17983,1,17984
2021-01-05,"Moderna, Pfizer/BioNTech",22509,3,22512
2021-01-06,"Moderna, Pfizer/BioNTech",28360,4,28364
2021-01-07,"Moderna, Pfizer/BioNTech",36361,4,36365
2021-01-08,"Moderna, Pfizer/BioNTech",46414,5,46419
2021-01-09,"Moderna, Pfizer/BioNTech",48443,6,48449
2021-01-10,Pfizer/BioNTech,50214,7,50221
2021-01-11,"Moderna, Pfizer/BioNTech",60072,9,60081
2021-01-12,"Moderna, Pfizer/BioNTech",73530,11,73541
2021-01-13,"Moderna, Pfizer/BioNTech",87077,11,87088
2021-01-14,"Moderna, Pfizer/BioNTech",102329,15,102344
2021-01-15,"Moderna, Pfizer/BioNTech",116352,16,116368
2021-01-16,"Moderna, Pfizer/BioNTech",119755,20,119775
2021-01-17,"Moderna, Pfizer/BioNTech",122377,656,123033
2021-01-18,"Moderna, Pfizer/BioNTech",134870,2483,137353
2021-01-19,"Moderna, Pfizer/BioNTech",147480,5210,152690
2021-01-20,"Moderna, Pfizer/BioNTech",161170,7873,169043
2021-01-21,"Moderna, Pfizer/BioNTech",176824,9619,186443
2021-01-22,"Moderna, Pfizer/BioNTech",191717,10665,202382
2021-01-23,"Moderna, Pfizer/BioNTech",195038,11546,206584
2021-01-24,"Moderna, Pfizer/BioNTech",197293,12415,209708
2021-01-25,"Moderna, Pfizer/BioNTech",206945,15389,222334
2021-01-26,"Moderna, Pfizer/BioNTech",217494,19384,236878
2021-01-27,"Moderna, Pfizer/BioNTech",226525,23921,250446
2021-01-28,"Moderna, Pfizer/BioNTech",233630,30057,263687
2021-01-29,"Moderna, Pfizer/BioNTech",239847,37969,277816
2021-01-30,"Moderna, Pfizer/BioNTech",240588,39057,279645
2021-01-31,"Moderna, Pfizer/BioNTech",241303,40239,281542
2021-02-01,"Moderna, Pfizer/BioNTech",245284,48206,293490
2021-02-02,"Moderna, Pfizer/BioNTech",249435,58446,307881
2021-02-03,"Moderna, Pfizer/BioNTech",253860,69466,323326
2021-02-04,"Moderna, Pfizer/BioNTech",258766,82460,341226
2021-02-05,"Moderna, Pfizer/BioNTech",264236,93135,357371
2021-02-06,"Moderna, Oxford/AstraZeneca, Pfizer/BioNTech",265088,95503,360591
2021-02-07,"Moderna, Oxford/AstraZeneca, Pfizer/BioNTech",265940,98003,363943
2021-02-08,"Moderna, Oxford/AstraZeneca, Pfizer/BioNTech",270028,109437,379465
2021-02-09,"Moderna, Oxford/AstraZeneca, Pfizer/BioNTech",275132,121352,396484
2021-02-10,"Moderna, Oxford/AstraZeneca, Pfizer/BioNTech",280645,134613,415258
2021-02-11,"Moderna, Oxford/AstraZeneca, Pfizer/BioNTech",286984,150835,437819
2021-02-12,"Moderna, Oxford/AstraZeneca, Pfizer/BioNTech",293812,165579,459391
2021-02-13,"Moderna, Oxford/AstraZeneca, Pfizer/BioNTech",295425,168568,463993
2021-02-14,"Moderna, Oxford/AstraZeneca, Pfizer/BioNTech",296429,169954,466383
2021-02-15,"Moderna, Oxford/AstraZeneca, Pfizer/BioNTech",302828,179326,482154
2021-02-16,"Moderna, Oxford/AstraZeneca, Pfizer/BioNTech",311550,188411,499961
2021-02-17,"Moderna, Oxford/AstraZeneca, Pfizer/BioNTech",321251,196718,517969
2021-02-18,"Moderna, Oxford/AstraZeneca, Pfizer/BioNTech",333581,204802,538383
2021-02-19,"Moderna, Oxford/AstraZeneca, Pfizer/BioNTech",345444,212180,557624
2021-02-20,"Moderna, Oxford/AstraZeneca, Pfizer/BioNTech",347448,213366,560814
2021-02-21,"Moderna, Oxford/AstraZeneca, Pfizer/BioNTech",348583,214390,562973
2021-02-22,"Moderna, Oxford/AstraZeneca, Pfizer/BioNTech",358710,220426,579136
2021-02-23,"Moderna, Oxford/AstraZeneca, Pfizer/BioNTech",371672,227418,599090
2021-02-24,"Moderna, Oxford/AstraZeneca, Pfizer/BioNTech",385548,233459,619007
2021-02-25,"Moderna, Oxford/AstraZeneca, Pfizer/BioNTech",403525,239011,642536
2021-02-26,"Moderna, Oxford/AstraZeneca, Pfizer/BioNTech",419701,244367,664068
2021-02-27,"Moderna, Oxford/AstraZeneca, Pfizer/BioNTech",422708,244926,667634
2021-02-28,"Moderna, Oxford/AstraZeneca, Pfizer/BioNTech",425063,245478,670541
2021-03-01,"Moderna, Oxford/AstraZeneca, Pfizer/BioNTech",444659,248930,693589
2021-03-02,"Moderna, Oxford/AstraZeneca, Pfizer/BioNTech",471889,252480,724369
2021-03-03,"Moderna, Oxford/AstraZeneca, Pfizer/BioNTech",502843,256986,759829
2021-03-04,"Moderna, Oxford/AstraZeneca, Pfizer/BioNTech",536130,261675,797805
2021-03-05,"Johnson&Johnson, Moderna, Oxford/AstraZeneca, Pfizer/BioNTech",564974,267101,832075
2021-03-06,"Johnson&Johnson, Moderna, Oxford/AstraZeneca, Pfizer/BioNTech",577127,267963,845090
2021-03-07,"Johnson&Johnson, Moderna, Oxford/AstraZeneca, Pfizer/BioNTech",588672,268805,857477
2021-03-08,"Johnson&Johnson, Moderna, Oxford/AstraZeneca, Pfizer/BioNTech",618425,273663,892088
2021-03-09,"Johnson&Johnson, Moderna, Oxford/AstraZeneca, Pfizer/BioNTech",654789,280049,934838
2021-03-10,"Johnson&Johnson, Moderna, Oxford/AstraZeneca, Pfizer/BioNTech",696113,287008,983121
2021-03-11,"Johnson&Johnson, Moderna, Oxford/AstraZeneca, Pfizer/BioNTech",740960,295381,1036341
2021-03-12,"Johnson&Johnson, Moderna, Oxford/AstraZeneca, Pfizer/BioNTech",779732,303877,1083609
2021-03-13,"Johnson&Johnson, Moderna, Oxford/AstraZeneca, Pfizer/BioNTech",796830,305189,1102019
2021-03-14,"Johnson&Johnson, Moderna, Oxford/AstraZeneca, Pfizer/BioNTech",808949,306345,1115294
2021-03-15,"Johnson&Johnson, Moderna, Oxford/AstraZeneca, Pfizer/BioNTech",837340,315126,1152466
2021-03-16,"Johnson&Johnson, Moderna, Oxford/AstraZeneca, Pfizer/BioNTech",876233,325665,1201898
2021-03-17,"Moderna, Oxford/AstraZeneca, Pfizer/BioNTech",913721,336175,1249896
2021-03-18,"Johnson&Johnson, Moderna, Oxford/AstraZeneca, Pfizer/BioNTech",951729,348596,1300325
2021-03-19,"Moderna, Oxford/AstraZeneca, Pfizer/BioNTech",986237,362208,1348445
2021-03-20,"Johnson&Johnson, Moderna, Oxford/AstraZeneca, Pfizer/BioNTech",1001407,364239,1365646
2021-03-21,"Johnson&Johnson, Moderna, Oxford/AstraZeneca, Pfizer/BioNTech",1008841,365799,1374640
2021-03-22,"Johnson&Johnson, Moderna, Oxford/AstraZeneca, Pfizer/BioNTech",1033425,378303,1411728
2021-03-23,"Johnson&Johnson, Moderna, Oxford/AstraZeneca, Pfizer/BioNTech",1060094,391664,1451758
2021-03-24,"Johnson&Johnson, Moderna, Oxford/AstraZeneca, Pfizer/BioNTech",1086977,407410,1494387
2021-03-25,"Moderna, Oxford/AstraZeneca, Pfizer/BioNTech",1113331,425263,1538594
2021-03-26,"Johnson&Johnson, Moderna, Oxford/AstraZeneca, Pfizer/BioNTech",1138166,442770,1580936
2021-03-27,"Johnson&Johnson, Moderna, Oxford/AstraZeneca, Pfizer/BioNTech",1146617,447615,1594232
2021-03-28,"Moderna, Oxford/AstraZeneca, Pfizer/BioNTech",1152164,451762,1603926
2021-03-29,"Johnson&Johnson, Moderna, Oxford/AstraZeneca, Pfizer/BioNTech",1171311,472500,1643811
2021-03-30,"Johnson&Johnson, Moderna, Oxford/AstraZeneca, Pfizer/BioNTech",1196011,494685,1690696
2021-03-31,"Johnson&Johnson, Moderna, Oxford/AstraZeneca, Pfizer/BioNTech",1219157,521754,1740911
2021-04-01,"Johnson&Johnson, Moderna, Oxford/AstraZeneca, Pfizer/BioNTech",1244826,553816,1798642
2021-04-02,"Johnson&Johnson, Moderna, Oxford/AstraZeneca, Pfizer/BioNTech",1251783,566613,1818396
2021-04-03,"Johnson&Johnson, Moderna, Oxford/AstraZeneca, Pfizer/BioNTech",1255425,577542,1832967
2021-04-04,"Johnson&Johnson, Moderna, Oxford/AstraZeneca, Pfizer/BioNTech",1257956,586465,1844421
2021-04-05,"Johnson&Johnson, Moderna, Oxford/AstraZeneca, Pfizer/BioNTech",1260375,593663,1854038
2021-04-06,"Johnson&Johnson, Moderna, Oxford/AstraZeneca, Pfizer/BioNTech",1276569,622932,1899501
2021-04-07,"Johnson&Johnson, Moderna, Oxford/AstraZeneca, Pfizer/BioNTech",1300041,645170,1945211
2021-04-08,"Johnson&Johnson, Moderna, Oxford/AstraZeneca, Pfizer/BioNTech",1338829,676208,2015037
2021-04-09,"Johnson&Johnson, Moderna, Oxford/AstraZeneca, Pfizer/BioNTech",1378418,706401,2084819
2021-04-10,"Johnson&Johnson, Moderna, Oxford/AstraZeneca, Pfizer/BioNTech",1393962,721704,2115666
2021-04-11,"Johnson&Johnson, Moderna, Oxford/AstraZeneca, Pfizer/BioNTech",1403761,731758,2135519
2021-04-12,"Johnson&Johnson, Moderna, Oxford/AstraZeneca, Pfizer/BioNTech",1442077,756903,2198980
2021-04-13,"Moderna, Oxford/AstraZeneca, Pfizer/BioNTech",1478371,782946,2261317
2021-04-14,"Moderna, Oxford/AstraZeneca, Pfizer/BioNTech",1517240,810317,2327557
2021-04-15,"Moderna, Oxford/AstraZeneca, Pfizer/BioNTech",1565063,836089,2401152
2021-04-16,"Moderna, Oxford/AstraZeneca, Pfizer/BioNTech",1609759,861763,2471522
2021-04-17,"Moderna, Oxford/AstraZeneca, Pfizer/BioNTech",1626469,870791,2497260
2021-04-18,"Moderna, Oxford/AstraZeneca, Pfizer/BioNTech",1639463,875777,2515240
2021-04-19,"Moderna, Oxford/AstraZeneca, Pfizer/BioNTech",1683431,891221,2574652
2021-04-20,"Johnson&Johnson, Moderna, Oxford/AstraZeneca, Pfizer/BioNTech",1726021,907095,2633116
2021-04-21,"Moderna, Oxford/AstraZeneca, Pfizer/BioNTech",1773790,921457,2695247
2021-04-22,"Johnson&Johnson, Moderna, Oxford/AstraZeneca, Pfizer/BioNTech",1828312,938854,2767166
2021-04-23,"Johnson&Johnson, Moderna, Oxford/AstraZeneca, Pfizer/BioNTech",1878313,950915,2829228
2021-04-24,"Johnson&Johnson, Moderna, Oxford/AstraZeneca, Pfizer/BioNTech",1896178,956174,2852352
2021-04-25,"Johnson&Johnson, Moderna, Oxford/AstraZeneca, Pfizer/BioNTech",1910883,960173,2871056
2021-04-26,"Johnson&Johnson, Moderna, Oxford/AstraZeneca, Pfizer/BioNTech",1960496,967732,2928228
2021-04-27,"Johnson&Johnson, Moderna, Oxford/AstraZeneca, Pfizer/BioNTech",2009492,979974,2989466
2021-04-28,"Johnson&Johnson, Moderna, Oxford/AstraZeneca, Pfizer/BioNTech",2068278,993992,3062270
2021-04-29,"Johnson&Johnson, Moderna, Oxford/AstraZeneca, Pfizer/BioNTech",2133885,1009905,3143790
2021-04-30,"Johnson&Johnson, Moderna, Oxford/AstraZeneca, Pfizer/BioNTech",2196168,1019892,3216060
2021-05-01,"Johnson&Johnson, Moderna, Oxford/AstraZeneca, Pfizer/BioNTech",2215540,1023349,3238889
2021-05-02,"Johnson&Johnson, Moderna, Oxford/AstraZeneca, Pfizer/BioNTech",2234485,1025632,3260117
2021-05-03,"Johnson&Johnson, Moderna, Oxford/AstraZeneca, Pfizer/BioNTech",2301764,1030706,3332470
2021-05-04,"Johnson&Johnson, Moderna, Oxford/AstraZeneca, Pfizer/BioNTech",2368311,1039069,3407380
2021-05-05,"Johnson&Johnson, Moderna, Oxford/AstraZeneca, Pfizer/BioNTech",2441523,1048496,3490019
2021-05-06,"Johnson&Johnson, Moderna, Oxford/AstraZeneca, Pfizer/BioNTech",2521965,1059239,3581204
2021-05-07,"Johnson&Johnson, Moderna, Oxford/AstraZeneca, Pfizer/BioNTech",2599298,1069367,3668665
2021-05-08,"Johnson&Johnson, Moderna, Oxford/AstraZeneca, Pfizer/BioNTech",2628799,1071148,3699947
2021-05-09,"Johnson&Johnson, Moderna, Oxford/AstraZeneca, Pfizer/BioNTech",2653040,1072365,3725405
2021-05-10,"Johnson&Johnson, Moderna, Oxford/AstraZeneca, Pfizer/BioNTech",2725853,1079603,3805456
2021-05-11,"Johnson&Johnson, Moderna, Oxford/AstraZeneca, Pfizer/BioNTech",2801998,1088429,3890427
2021-05-12,"Johnson&Johnson, Moderna, Oxford/AstraZeneca, Pfizer/BioNTech",2881930,1097559,3979489
2021-05-13,"Johnson&Johnson, Moderna, Oxford/AstraZeneca, Pfizer/BioNTech",2965980,1106735,4072715
2021-05-14,"Johnson&Johnson, Moderna, Oxford/AstraZeneca, Pfizer/BioNTech",3045498,1114545,4160043
2021-05-15,"Johnson&Johnson, Moderna, Oxford/AstraZeneca, Pfizer/BioNTech",3077449,1116813,4194262
2021-05-16,"Johnson&Johnson, Moderna, Oxford/AstraZeneca, Pfizer/BioNTech",3103263,1118090,4221353
2021-05-17,"Johnson&Johnson, Moderna, Oxford/AstraZeneca, Pfizer/BioNTech",3175817,1124836,4300653
2021-05-18,"Johnson&Johnson, Moderna, Oxford/AstraZeneca, Pfizer/BioNTech",3247794,1137942,4385736
2021-05-19,"Johnson&Johnson, Moderna, Oxford/AstraZeneca, Pfizer/BioNTech",3325283,1153106,4478389
2021-05-20,"Johnson&Johnson, Moderna, Oxford/AstraZeneca, Pfizer/BioNTech",3400790,1180165,4580955
2021-05-21,"Johnson&Johnson, Moderna, Oxford/AstraZeneca, Pfizer/BioNTech",3469623,1207955,4677578
2021-05-22,"Johnson&Johnson, Moderna, Oxford/AstraZeneca, Pfizer/BioNTech",3502067,1219179,4721246
2021-05-23,"Johnson&Johnson, Moderna, Oxford/AstraZeneca, Pfizer/BioNTech",3524493,1228223,4752716
2021-05-24,"Johnson&Johnson, Moderna, Oxford/AstraZeneca, Pfizer/BioNTech",3571669,1261897,4833566
2021-05-25,"Johnson&Johnson, Moderna, Oxford/AstraZeneca, Pfizer/BioNTech",3623570,1297732,4921302
2021-05-26,"Johnson&Johnson, Moderna, Oxford/AstraZeneca, Pfizer/BioNTech",3691359,1335284,5026643
2021-05-27,"Johnson&Johnson, Moderna, Oxford/AstraZeneca, Pfizer/BioNTech",3752794,1382642,5135436
2021-05-28,"Johnson&Johnson, Moderna, Oxford/AstraZeneca, Pfizer/BioNTech",3814542,1429236,5243778
2021-05-29,"Johnson&Johnson, Moderna, Oxford/AstraZeneca, Pfizer/BioNTech",3843784,1446358,5290142
2021-05-30,"Johnson&Johnson, Moderna, Oxford/AstraZeneca, Pfizer/BioNTech",3866194,1460818,5327012
2021-05-31,"Johnson&Johnson, Moderna, Oxford/AstraZeneca, Pfizer/BioNTech",3921958,1508351,5430309
2021-06-01,"Johnson&Johnson, Moderna, Oxford/AstraZeneca, Pfizer/BioNTech",3981042,1557232,5538274
2021-06-02,"Johnson&Johnson, Moderna, Oxford/AstraZeneca, Pfizer/BioNTech",4044004,1611245,5655249
2021-06-03,"Johnson&Johnson, Moderna, Oxford/AstraZeneca, Pfizer/BioNTech",4102278,1671480,5773758
2021-06-04,"Johnson&Johnson, Moderna, Oxford/AstraZeneca, Pfizer/BioNTech",4165408,1728913,5894321
2021-06-05,"Johnson&Johnson, Moderna, Oxford/AstraZeneca, Pfizer/BioNTech",4199587,1747813,5947400
2021-06-06,"Johnson&Johnson, Moderna, Oxford/AstraZeneca, Pfizer/BioNTech",4226530,1762976,5989506
2021-06-07,"Johnson&Johnson, Moderna, Oxford/AstraZeneca, Pfizer/BioNTech",4290226,1818632,6108858
2021-06-08,"Johnson&Johnson, Moderna, Oxford/AstraZeneca, Pfizer/BioNTech",4354222,1873648,6227870
2021-06-09,"Johnson&Johnson, Moderna, Oxford/AstraZeneca, Pfizer/BioNTech",4413434,1938332,6351766
2021-06-10,"Johnson&Johnson, Moderna, Oxford/AstraZeneca, Pfizer/BioNTech",4467295,2009638,6476933
2021-06-11,"Johnson&Johnson, Moderna, Oxford/AstraZeneca, Pfizer/BioNTech",4519413,2079468,6598881
2021-06-12,"Johnson&Johnson, Moderna, Oxford/AstraZeneca, Pfizer/BioNTech",4551441,2100290,6651731
2021-06-13,"Johnson&Johnson, Moderna, Oxford/AstraZeneca, Pfizer/BioNTech",4575480,2118719,6694199
2021-06-14,"Johnson&Johnson, Moderna, Oxford/AstraZeneca, Pfizer/BioNTech",4618570,2193135,6811705
2021-06-15,"Johnson&Johnson, Moderna, Oxford/AstraZeneca, Pfizer/BioNTech",4663242,2265531,6928773
2021-06-16,"Johnson&Johnson, Moderna, Oxford/AstraZeneca, Pfizer/BioNTech",4706041,2343796,7049837
2021-06-17,"Johnson&Johnson, Moderna, Oxford/AstraZeneca, Pfizer/BioNTech",4745454,2426913,7172367
2021-06-18,"Johnson&Johnson, Moderna, Oxford/AstraZeneca, Pfizer/BioNTech",4787893,2507493,7295386
2021-06-19,"Johnson&Johnson, Moderna, Oxford/AstraZeneca, Pfizer/BioNTech",4809672,2536818,7346490
2021-06-20,"Johnson&Johnson, Moderna, Oxford/AstraZeneca, Pfizer/BioNTech",4827068,2560686,7387754
2021-06-21,"Johnson&Johnson, Moderna, Oxford/AstraZeneca, Pfizer/BioNTech",4859573,2639313,7498886
2021-06-22,"Johnson&Johnson, Moderna, Oxford/AstraZeneca, Pfizer/BioNTech",4892525,2721644,7614169
2021-06-23,"Johnson&Johnson, Moderna, Oxford/AstraZeneca, Pfizer/BioNTech",4924203,2806895,7731098
2021-06-24,"Johnson&Johnson, Moderna, Oxford/AstraZeneca, Pfizer/BioNTech",4954053,2896949,7851002
2021-06-25,"Johnson&Johnson, Moderna, Oxford/AstraZeneca, Pfizer/BioNTech",4985128,2983177,7968305
2021-06-26,"Johnson&Johnson, Moderna, Oxford/AstraZeneca, Pfizer/BioNTech",5001024,3018041,8019065
2021-06-27,"Johnson&Johnson, Moderna, Oxford/AstraZeneca, Pfizer/BioNTech",5014977,3044736,8059713
2021-06-28,"Johnson&Johnson, Moderna, Oxford/AstraZeneca, Pfizer/BioNTech",5043389,3129968,8173357
2021-06-29,"Johnson&Johnson, Moderna, Oxford/AstraZeneca, Pfizer/BioNTech",5072671,3216496,8289167
2021-06-30,"Johnson&Johnson, Moderna, Oxford/AstraZeneca, Pfizer/BioNTech",5100176,3307536,8407712
2021-07-01,"Johnson&Johnson, Moderna, Oxford/AstraZeneca, Pfizer/BioNTech",5124157,3397644,8521801
2021-07-02,"Johnson&Johnson, Moderna, Oxford/AstraZeneca, Pfizer/BioNTech",5150877,3483553,8634430
2021-07-03,"Johnson&Johnson, Moderna, Oxford/AstraZeneca, Pfizer/BioNTech",5157969,3515087,8673056
2021-07-04,"Johnson&Johnson, Moderna, Oxford/AstraZeneca, Pfizer/BioNTech",5165539,3536898,8702437
2021-07-05,"Johnson&Johnson, Moderna, Oxford/AstraZeneca, Pfizer/BioNTech",5172931,3562290,8735221
2021-07-06,"Johnson&Johnson, Moderna, Oxford/AstraZeneca, Pfizer/BioNTech",5178377,3589985,8768362
2021-07-07,"Johnson&Johnson, Moderna, Oxford/AstraZeneca, Pfizer/BioNTech",5204193,3669009,8873202
2021-07-08,"Johnson&Johnson, Moderna, Oxford/AstraZeneca, Pfizer/BioNTech",5230803,3739352,8970155
2021-07-09,"Johnson&Johnson, Moderna, Oxford/AstraZeneca, Pfizer/BioNTech",5258734,3808678,9067412
2021-07-10,"Johnson&Johnson, Moderna, Oxford/AstraZeneca, Pfizer/BioNTech",5268097,3837344,9105441
2021-07-11,"Johnson&Johnson, Moderna, Oxford/AstraZeneca, Pfizer/BioNTech",5276635,3860234,9136869
2021-07-12,"Johnson&Johnson, Moderna, Oxford/AstraZeneca, Pfizer/BioNTech",5304149,3929341,9233490
2021-07-13,"Johnson&Johnson, Moderna, Oxford/AstraZeneca, Pfizer/BioNTech",5330341,3999225,9329566
2021-07-14,"Johnson&Johnson, Moderna, Oxford/AstraZeneca, Pfizer/BioNTech",5356159,4071230,9427389
2021-07-15,"Johnson&Johnson, Moderna, Oxford/AstraZeneca, Pfizer/BioNTech",5385324,4137263,9522587
2021-07-16,"Johnson&Johnson, Moderna, Oxford/AstraZeneca, Pfizer/BioNTech",5413248,4209999,9623247
2021-07-17,"Johnson&Johnson, Moderna, Oxford/AstraZeneca, Pfizer/BioNTech",5422032,4241468,9663500
2021-07-18,"Johnson&Johnson, Moderna, Oxford/AstraZeneca, Pfizer/BioNTech",5430472,4267476,9697948
2021-07-19,"Johnson&Johnson, Moderna, Oxford/AstraZeneca, Pfizer/BioNTech",5453825,4334518,9788343
2021-07-20,"Johnson&Johnson, Moderna, Oxford/AstraZeneca, Pfizer/BioNTech",5475217,4401588,9876805
2021-07-21,"Johnson&Johnson, Moderna, Oxford/AstraZeneca, Pfizer/BioNTech",5498671,4465061,9963732
2021-07-22,"Johnson&Johnson, Moderna, Oxford/AstraZeneca, Pfizer/BioNTech",5521035,4523698,10044733
2021-07-23,"Johnson&Johnson, Moderna, Oxford/AstraZeneca, Pfizer/BioNTech",5544246,4578442,10122688
2021-07-24,"Johnson&Johnson, Moderna, Oxford/AstraZeneca, Pfizer/BioNTech",5551572,4606119,10157691
2021-07-25,"Johnson&Johnson, Moderna, Oxford/AstraZeneca, Pfizer/BioNTech",5558198,4628253,10186451
2021-07-26,"Johnson&Johnson, Moderna, Oxford/AstraZeneca, Pfizer/BioNTech",5581747,4676941,10258688
2021-07-27,"Johnson&Johnson, Moderna, Oxford/AstraZeneca, Pfizer/BioNTech",5604478,4723574,10328052
2021-07-28,"Johnson&Johnson, Moderna, Oxford/AstraZeneca, Pfizer/BioNTech",5625727,4769570,10395297
2021-07-29,"Johnson&Johnson, Moderna, Oxford/AstraZeneca, Pfizer/BioNTech",5647050,4811527,10458577
2021-07-30,"Johnson&Johnson, Moderna, Oxford/AstraZeneca, Pfizer/BioNTech",5670323,4854088,10524411
2021-07-31,"Johnson&Johnson, Moderna, Oxford/AstraZeneca, Pfizer/BioNTech",5679249,4873621,10552870
2021-08-01,"Johnson&Johnson, Moderna, Oxford/AstraZeneca, Pfizer/BioNTech",5685974,4889794,10575768
2021-08-02,"Johnson&Johnson, Moderna, Oxford/AstraZeneca, Pfizer/BioNTech",5704605,4927340,10631945
2021-08-03,"Johnson&Johnson, Moderna, Oxford/AstraZeneca, Pfizer/BioNTech",5722238,4965430,10687668
2021-08-04,"Johnson&Johnson, Moderna, Oxford/AstraZeneca, Pfizer/BioNTech",5738338,5002164,10740502
2021-08-05,"Johnson&Johnson, Moderna, Oxford/AstraZeneca, Pfizer/BioNTech",5754379,5042637,10797016
2021-08-06,"Johnson&Johnson, Moderna, Oxford/AstraZeneca, Pfizer/BioNTech",5771162,5085916,10857078
2021-08-07,"Johnson&Johnson, Moderna, Oxford/AstraZeneca, Pfizer/BioNTech",5776759,5104083,10880842
2021-08-08,"Johnson&Johnson, Moderna, Oxford/AstraZeneca, Pfizer/BioNTech",5781115,5119832,10900947
2021-08-09,"Johnson&Johnson, Moderna, Oxford/AstraZeneca, Pfizer/BioNTech",5793752,5164878,10958630
2021-08-10,"Johnson&Johnson, Moderna, Oxford/AstraZeneca, Pfizer/BioNTech",5805591,5204436,11010027
2021-08-11,"Johnson&Johnson, Moderna, Oxford/AstraZeneca, Pfizer/BioNTech",5816950,5247563,11064513
2021-08-12,"Johnson&Johnson, Moderna, Oxford/AstraZeneca, Pfizer/BioNTech",5828368,5284670,11113038
2021-08-13,"Johnson&Johnson, Moderna, Oxford/AstraZeneca, Pfizer/BioNTech",5839086,5324999,11164085
2021-08-14,"Johnson&Johnson, Moderna, Oxford/AstraZeneca, Pfizer/BioNTech",5842418,5335693,11178111
2021-08-15,"Johnson&Johnson, Moderna, Oxford/AstraZeneca, Pfizer/BioNTech",5845002,5346065,11191067
2021-08-16,"Johnson&Johnson, Moderna, Oxford/AstraZeneca, Pfizer/BioNTech",5854792,5380127,11234919
2021-08-17,"Johnson&Johnson, Moderna, Oxford/AstraZeneca, Pfizer/BioNTech",5864388,5407215,11271603
2021-08-18,"Johnson&Johnson, Moderna, Oxford/AstraZeneca, Pfizer/BioNTech",5873759,5446079,11319838
2021-08-19,"Johnson&Johnson, Moderna, Oxford/AstraZeneca, Pfizer/BioNTech",5883427,5484419,11367846
2021-08-20,"Johnson&Johnson, Moderna, Oxford/AstraZeneca, Pfizer/BioNTech",5894811,5524599,11419410
2021-08-21,"Johnson&Johnson, Moderna, Oxford/AstraZeneca, Pfizer/BioNTech",5897531,5537354,11434885
2021-08-22,"Johnson&Johnson, Moderna, Oxford/AstraZeneca, Pfizer/BioNTech",5899870,5549314,11449184
2021-08-23,"Johnson&Johnson, Moderna, Oxford/AstraZeneca, Pfizer/BioNTech",5910399,5588568,11498967
2021-08-24,"Johnson&Johnson, Moderna, Oxford/AstraZeneca, Pfizer/BioNTech",5920271,5621803,11542074
2021-08-25,"Johnson&Johnson, Moderna, Oxford/AstraZeneca, Pfizer/BioNTech",5929139,5650163,11579302
2021-08-26,"Johnson&Johnson, Moderna, Oxford/AstraZeneca, Pfizer/BioNTech",5937589,5676280,11613869
2021-08-27,"Johnson&Johnson, Moderna, Oxford/AstraZeneca, Pfizer/BioNTech",5947910,5702232,11650142
2021-08-28,"Johnson&Johnson, Moderna, Oxford/AstraZeneca, Pfizer/BioNTech",5950637,5709271,11659908
2021-08-29,"Johnson&Johnson, Moderna, Oxford/AstraZeneca, Pfizer/BioNTech",5953044,5715892,11668936
2021-08-30,"Johnson&Johnson, Moderna, Oxford/AstraZeneca, Pfizer/BioNTech",5961572,5737760,11699332
2021-08-31,"Johnson&Johnson, Moderna, Oxford/AstraZeneca, Pfizer/BioNTech",5969247,5755839,11725086
2021-09-01,"Johnson&Johnson, Moderna, Oxford/AstraZeneca, Pfizer/BioNTech",5975138,5769826,11744964
2021-09-02,"Johnson&Johnson, Moderna, Oxford/AstraZeneca, Pfizer/BioNTech",5981973,5784207,11766180
2021-09-03,"Johnson&Johnson, Moderna, Oxford/AstraZeneca, Pfizer/BioNTech",5991530,5799910,11791440
2021-09-04,"Johnson&Johnson, Moderna, Oxford/AstraZeneca, Pfizer/BioNTech",5993596,5803458,11797054
2021-09-05,"Johnson&Johnson, Moderna, Oxford/AstraZeneca, Pfizer/BioNTech",5995634,5806299,11801933
2021-09-06,"Johnson&Johnson, Moderna, Oxford/AstraZeneca, Pfizer/BioNTech",6001869,5818820,11820689
2021-09-07,"Johnson&Johnson, Moderna, Oxford/AstraZeneca, Pfizer/BioNTech",6006259,5829908,11836167
2021-09-08,"Johnson&Johnson, Moderna, Oxford/AstraZeneca, Pfizer/BioNTech",6011930,5839746,11851676
2021-09-09,"Johnson&Johnson, Moderna, Oxford/AstraZeneca, Pfizer/BioNTech",6018619,5849802,11868421
2021-09-10,"Johnson&Johnson, Moderna, Oxford/AstraZeneca, Pfizer/BioNTech",6026305,5861971,11888276
2021-09-11,"Johnson&Johnson, Moderna, Oxford/AstraZeneca, Pfizer/BioNTech",6028168,5864451,11892619
2021-09-12,"Johnson&Johnson, Moderna, Oxford/AstraZeneca, Pfizer/BioNTech",6029282,5866079,11895361
2021-09-13,"Johnson&Johnson, Moderna, Oxford/AstraZeneca, Pfizer/BioNTech",6034715,5876372,11911087
2021-09-14,"Johnson&Johnson, Moderna, Oxford/AstraZeneca, Pfizer/BioNTech",6040105,5885381,11925486
2021-09-15,"Johnson&Johnson, Moderna, Oxford/AstraZeneca, Pfizer/BioNTech",6045303,5893899,11939202
2021-09-16,"Johnson&Johnson, Moderna, Oxford/AstraZeneca, Pfizer/BioNTech",6050645,5902167,11952812
2021-09-17,"Johnson&Johnson, Moderna, Oxford/AstraZeneca, Pfizer/BioNTech",6057215,5912394,11969609
2021-09-18,"Johnson&Johnson, Moderna, Oxford/AstraZeneca, Pfizer/BioNTech",6058939,5914751,11973690
2021-09-19,"Johnson&Johnson, Moderna, Oxford/AstraZeneca, Pfizer/BioNTech",6059880,5916316,11976196
2021-09-20,"Johnson&Johnson, Moderna, Oxford/AstraZeneca, Pfizer/BioNTech",6063894,5924511,11988405
2021-09-21,"Johnson&Johnson, Moderna, Oxford/AstraZeneca, Pfizer/BioNTech",6068123,5932037,12000160
2021-09-22,"Johnson&Johnson, Moderna, Oxford/AstraZeneca, Pfizer/BioNTech",6072305,5937549,12009854
2021-09-23,"Johnson&Johnson, Moderna, Oxford/AstraZeneca, Pfizer/BioNTech",6077278,5943948,12021226
2021-09-24,"Johnson&Johnson, Moderna, Oxford/AstraZeneca, Pfizer/BioNTech",6083038,5953569,12036607
2021-09-25,"Johnson&Johnson, Moderna, Oxford/AstraZeneca, Pfizer/BioNTech",6084533,5955565,12040098
2021-09-26,"Johnson&Johnson, Moderna, Oxford/AstraZeneca, Pfizer/BioNTech",6085275,5957202,12042477
2021-09-27,"Johnson&Johnson, Moderna, Oxford/AstraZeneca, Pfizer/BioNTech",6089154,5963708,12052862
2021-09-28,"Johnson&Johnson, Moderna, Pfizer/BioNTech",6089516,5964329,12053845
2021-09-29,"Johnson&Johnson, Moderna, Oxford/AstraZeneca, Pfizer/BioNTech",6093291,5971788,12065079
2021-09-30,"Johnson&Johnson, Moderna, Oxford/AstraZeneca, Pfizer/BioNTech",6097791,5979480,12077271
2021-10-01,"Johnson&Johnson, Moderna, Oxford/AstraZeneca, Pfizer/BioNTech",6102086,5987448,12089534
2021-10-02,"Johnson&Johnson, Moderna, Oxford/AstraZeneca, Pfizer/BioNTech",6103147,5988984,12092131
2021-10-03,"Johnson&Johnson, Moderna, Pfizer/BioNTech",6103870,5989850,12093720
2021-10-04,"Johnson&Johnson, Moderna, Oxford/AstraZeneca, Pfizer/BioNTech",6106945,5995417,12102362
2021-10-05,"Johnson&Johnson, Moderna, Oxford/AstraZeneca, Pfizer/BioNTech",6110109,6000493,12110602
2021-10-06,"Johnson&Johnson, Moderna, Oxford/AstraZeneca, Pfizer/BioNTech",6113622,6005660,12119282
2021-10-07,"Johnson&Johnson, Moderna, Oxford/AstraZeneca, Pfizer/BioNTech",6116895,6010912,12127807
2021-10-08,"Johnson&Johnson, Moderna, Oxford/AstraZeneca, Pfizer/BioNTech",6121687,6017547,12139234
2021-10-09,"Johnson&Johnson, Moderna, Oxford/AstraZeneca, Pfizer/BioNTech",6122930,6019199,12142129
2021-10-10,"Johnson&Johnson, Moderna, Oxford/AstraZeneca, Pfizer/BioNTech",6123870,6020028,12143898
2021-10-11,"Johnson&Johnson, Moderna, Oxford/AstraZeneca, Pfizer/BioNTech",6126800,6024438,12151238
2021-10-12,"Johnson&Johnson, Moderna, Oxford/AstraZeneca, Pfizer/BioNTech",6129726,6028438,12158164
2021-10-13,"Johnson&Johnson, Moderna, Oxford/AstraZeneca, Pfizer/BioNTech",6133258,6032618,12165876
2021-10-14,"Johnson&Johnson, Moderna, Oxford/AstraZeneca, Pfizer/BioNTech",6136933,6037564,12174497
2021-10-15,"Johnson&Johnson, Moderna, Oxford/AstraZeneca, Pfizer/BioNTech",6142159,6043705,12185864
2021-10-16,"Johnson&Johnson, Moderna, Oxford/AstraZeneca, Pfizer/BioNTech",6143572,6045226,12188798
2021-10-17,"Johnson&Johnson, Moderna, Pfizer/BioNTech",6144896,6046279,12191175
2021-10-18,"Johnson&Johnson, Moderna, Oxford/AstraZeneca, Pfizer/BioNTech",6149007,6050370,12199377
2021-10-19,"Johnson&Johnson, Moderna, Oxford/AstraZeneca, Pfizer/BioNTech",6152583,6052464,12205047
2021-10-20,"Johnson&Johnson, Moderna, Oxford/AstraZeneca, Pfizer/BioNTech",6157461,6056908,12214369
2021-10-21,"Johnson&Johnson, Moderna, Oxford/AstraZeneca, Pfizer/BioNTech",6165227,6062506,12227733
2021-10-22,"Johnson&Johnson, Moderna, Oxford/AstraZeneca, Pfizer/BioNTech",6175674,6069006,12244680
2021-10-23,"Johnson&Johnson, Moderna, Oxford/AstraZeneca, Pfizer/BioNTech",6179350,6071213,12250563
2021-10-24,"Johnson&Johnson, Moderna, Pfizer/BioNTech",6182033,6072991,12255024
2021-10-25,"Johnson&Johnson, Moderna, Oxford/AstraZeneca, Pfizer/BioNTech",6192524,6078793,12271317
2021-10-26,"Johnson&Johnson, Moderna, Oxford/AstraZeneca, Pfizer/BioNTech",6204511,6085339,12289850
2021-10-27,"Johnson&Johnson, Moderna, Oxford/AstraZeneca, Pfizer/BioNTech",6219113,6092736,12311849
2021-10-28,"Johnson&Johnson, Moderna, Oxford/AstraZeneca, Pfizer/BioNTech",6222529,6094410,12316939
2021-10-29,"Johnson&Johnson, Moderna, Oxford/AstraZeneca, Pfizer/BioNTech",6236951,6102383,12339334
2021-10-30,"Johnson&Johnson, Moderna, Pfizer/BioNTech",6241481,6105303,12346784
2021-10-31,"Johnson&Johnson, Moderna, Oxford/AstraZeneca, Pfizer/BioNTech",6245241,6107773,12353014
2021-11-01,"Johnson&Johnson, Moderna, Oxford/AstraZeneca, Pfizer/BioNTech",6260439,6115454,12375893
2021-11-02,"Johnson&Johnson, Moderna, Oxford/AstraZeneca, Pfizer/BioNTech",6275888,6123003,12398891
2021-11-03,"Johnson&Johnson, Moderna, Oxford/AstraZeneca, Pfizer/BioNTech",6293068,6130295,12423363
2021-11-04,"Johnson&Johnson, Moderna, Oxford/AstraZeneca, Pfizer/BioNTech",6311419,6138465,12449884
2021-11-05,"Johnson&Johnson, Moderna, Oxford/AstraZeneca, Pfizer/BioNTech",6334217,6149732,12483949
2021-11-06,"Johnson&Johnson, Moderna, Pfizer/BioNTech",6340729,6152782,12493511
2021-11-07,"Johnson&Johnson, Moderna, Oxford/AstraZeneca, Pfizer/BioNTech",6344750,6155218,12499968
2021-11-08,"Johnson&Johnson, Moderna, Oxford/AstraZeneca, Pfizer/BioNTech",6361020,6162846,12523866
2021-11-09,"Johnson&Johnson, Moderna, Oxford/AstraZeneca, Pfizer/BioNTech",6375830,6170139,12545969
2021-11-10,"Johnson&Johnson, Moderna, Oxford/AstraZeneca, Pfizer/BioNTech",6391571,6177512,12569083
2021-11-11,"Johnson&Johnson, Moderna, Oxford/AstraZeneca, Pfizer/BioNTech",6407036,6186615,12593651
2021-11-12,"Johnson&Johnson, Moderna, Oxford/AstraZeneca, Pfizer/BioNTech",6426835,6199399,12626234
2021-11-13,"Johnson&Johnson, Moderna, Oxford/AstraZeneca, Pfizer/BioNTech",6432224,6203264,12635488
2021-11-14,"Johnson&Johnson, Moderna, Oxford/AstraZeneca, Pfizer/BioNTech",6436116,6206267,12642383
2021-11-15,"Johnson&Johnson, Moderna, Oxford/AstraZeneca, Pfizer/BioNTech",6451193,6216952,12668145
2021-11-16,"Johnson&Johnson, Moderna, Oxford/AstraZeneca, Pfizer/BioNTech",6468738,6228932,12697670
2021-11-17,"Johnson&Johnson, Moderna, Oxford/AstraZeneca, Pfizer/BioNTech",6472979,6232494,12705473
2021-11-18,"Johnson&Johnson, Moderna, Oxford/AstraZeneca, Pfizer/BioNTech",6492390,6244174,12736564
2021-11-19,"Johnson&Johnson, Moderna, Oxford/AstraZeneca, Pfizer/BioNTech",6516996,6261141,12778137
2021-11-20,"Johnson&Johnson, Moderna, Pfizer/BioNTech",6525567,6266117,12791684
2021-11-21,"Johnson&Johnson, Moderna, Pfizer/BioNTech",6532340,6269888,12802228
2021-11-22,"Johnson&Johnson, Moderna, Oxford/AstraZeneca, Pfizer/BioNTech",6550849,6283996,12834845
2021-11-23,"Johnson&Johnson, Moderna, Oxford/AstraZeneca, Pfizer/BioNTech",6569906,6297251,12867157
2021-11-24,"Johnson&Johnson, Moderna, Oxford/AstraZeneca, Pfizer/BioNTech",6588913,6313086,12901999
2021-11-25,"Johnson&Johnson, Moderna, Oxford/AstraZeneca, Pfizer/BioNTech",6608064,6328109,12936173
2021-11-26,"Johnson&Johnson, Moderna, Oxford/AstraZeneca, Pfizer/BioNTech",6629719,6347240,12976959
2021-11-27,"Johnson&Johnson, Moderna, Pfizer/BioNTech",6637188,6352794,12989982
2021-11-28,"Johnson&Johnson, Moderna, Oxford/AstraZeneca, Pfizer/BioNTech",6640524,6355928,12996452
2021-11-29,"Johnson&Johnson, Moderna, Oxford/AstraZeneca, Pfizer/BioNTech",6655729,6369578,13025307
2021-11-30,"Johnson&Johnson, Moderna, Oxford/AstraZeneca, Pfizer/BioNTech",6668927,6380813,13049740
2021-12-01,"Johnson&Johnson, Moderna, Oxford/AstraZeneca, Pfizer/BioNTech",6682956,6393263,13076219
2021-12-02,"Johnson&Johnson, Moderna, Oxford/AstraZeneca, Pfizer/BioNTech",6693584,6405749,13099333
2021-12-03,"Johnson&Johnson, Moderna, Oxford/AstraZeneca, Pfizer/BioNTech",6703218,6421317,13124535
2021-12-04,"Johnson&Johnson, Moderna, Pfizer/BioNTech",6705777,6425263,13131040
2021-12-05,"Johnson&Johnson, Moderna, Oxford/AstraZeneca, Pfizer/BioNTech",6707133,6427603,13134736
2021-12-06,"Johnson&Johnson, Moderna, Oxford/AstraZeneca, Pfizer/BioNTech",6715294,6439123,13154417
2021-12-07,"Johnson&Johnson, Moderna, Oxford/AstraZeneca, Pfizer/BioNTech",6723176,6451119,13174295
2021-12-08,"Johnson&Johnson, Moderna, Oxford/AstraZeneca, Pfizer/BioNTech",6731420,6457037,13188457
2021-12-09,"Johnson&Johnson, Moderna, Oxford/AstraZeneca, Pfizer/BioNTech",6738535,6469848,13208383
2021-12-10,"Johnson&Johnson, Moderna, Oxford/AstraZeneca, Pfizer/BioNTech",6745428,6487647,13233075
2021-12-11,"Johnson&Johnson, Moderna, Pfizer/BioNTech",6747090,6492916,13240006
2021-12-12,"Johnson&Johnson, Moderna, Pfizer/BioNTech",6748397,6497345,13245742
2021-12-13,"Johnson&Johnson, Moderna, Oxford/AstraZeneca, Pfizer/BioNTech",6754741,6510652,13265393
2021-12-14,"Johnson&Johnson, Moderna, Oxford/AstraZeneca, Pfizer/BioNTech",6760951,6524314,13285265
2021-12-15,"Johnson&Johnson, Moderna, Oxford/AstraZeneca, Pfizer/BioNTech",6767139,6537914,13305053
2021-12-16,"Johnson&Johnson, Moderna, Oxford/AstraZeneca, Pfizer/BioNTech",6774060,6552745,13326805
2021-12-17,"Johnson&Johnson, Moderna, Oxford/AstraZeneca, Pfizer/BioNTech",6782414,6569995,13352409
2021-12-18,"Johnson&Johnson, Moderna, Oxford/AstraZeneca, Pfizer/BioNTech",6785015,6575441,13360456
2021-12-19,"Johnson&Johnson, Moderna, Pfizer/BioNTech",6786785,6577944,13364729
2021-12-20,"Johnson&Johnson, Moderna, Oxford/AstraZeneca, Pfizer/BioNTech",6792574,6591993,13384567
2021-12-21,"Johnson&Johnson, Moderna, Oxford/AstraZeneca, Pfizer/BioNTech",6799215,6603974,13403189
2021-12-22,"Johnson&Johnson, Moderna, Oxford/AstraZeneca, Pfizer/BioNTech",6804257,6617010,13421267
2021-12-23,"Johnson&Johnson, Moderna, Oxford/AstraZeneca, Pfizer/BioNTech",6807113,6622608,13429721
2021-12-24,"Johnson&Johnson, Moderna, Oxford/AstraZeneca, Pfizer/BioNTech",6807155,6622709,13429864
2021-12-25,"Moderna, Pfizer/BioNTech",6807155,6622716,13429871
2021-12-26,"Moderna, Pfizer/BioNTech",6807253,6622914,13430167
2021-12-27,"Johnson&Johnson, Moderna, Pfizer/BioNTech",6811080,6632642,13443722
2021-12-28,"Johnson&Johnson, Moderna, Pfizer/BioNTech",6816307,6640594,13456901
2021-12-29,"Johnson&Johnson, Moderna, Oxford/AstraZeneca, Pfizer/BioNTech",6820566,6648296,13468862
2021-12-30,"Johnson&Johnson, Moderna, Pfizer/BioNTech",6824858,6653717,13478575
2021-12-31,"Johnson&Johnson, Moderna, Pfizer/BioNTech",6825364,6655132,13480496
2022-01-01,"Johnson&Johnson, Moderna, Pfizer/BioNTech",6825366,6655150,13480516
2022-01-02,"Johnson&Johnson, Moderna, Pfizer/BioNTech",6826215,6656530,13482745
2022-01-03,"Johnson&Johnson, Moderna, Oxford/AstraZeneca, Pfizer/BioNTech",6830194,6665416,13495610
2022-01-04,"Johnson&Johnson, Moderna, Oxford/AstraZeneca, Pfizer/BioNTech",6835278,6673177,13508455
2022-01-05,"Johnson&Johnson, Moderna, Oxford/AstraZeneca, Pfizer/BioNTech",6841054,6681114,13522168
2022-01-06,"Johnson&Johnson, Moderna, Oxford/AstraZeneca, Pfizer/BioNTech",6847609,6689521,13537130
2022-01-07,"Johnson&Johnson, Moderna, Oxford/AstraZeneca, Pfizer/BioNTech",6855449,6699833,13555282
2022-01-08,"Johnson&Johnson, Moderna, Oxford/AstraZeneca, Pfizer/BioNTech",6857924,6702610,13560534
2022-01-09,"Johnson&Johnson, Moderna, Pfizer/BioNTech",6859010,6704311,13563321
2022-01-10,"Johnson&Johnson, Moderna, Oxford/AstraZeneca, Pfizer/BioNTech",6863439,6710415,13573854
2022-01-11,"Johnson&Johnson, Moderna, Oxford/AstraZeneca, Pfizer/BioNTech",6868790,6717136,13585926
2022-01-12,"Johnson&Johnson, Moderna, Oxford/AstraZeneca, Pfizer/BioNTech",6874695,6722724,13597419
2022-01-13,"Johnson&Johnson, Moderna, Oxford/AstraZeneca, Pfizer/BioNTech",6880535,6727460,13607995
2022-01-14,"Johnson&Johnson, Moderna, Oxford/AstraZeneca, Pfizer/BioNTech",6886755,6731065,13617820
2022-01-15,"Johnson&Johnson, Moderna, Oxford/AstraZeneca, Pfizer/BioNTech",6888030,6731716,13619746
2022-01-16,"Johnson&Johnson, Moderna, Oxford/AstraZeneca, Pfizer/BioNTech",6888715,6732147,13620862
2022-01-17,"Johnson&Johnson, Moderna, Oxford/AstraZeneca, Pfizer/BioNTech",6892176,6736069,13628245
2022-01-18,"Johnson&Johnson, Moderna, Oxford/AstraZeneca, Pfizer/BioNTech",6896009,6740969,13636978
2022-01-19,"Johnson&Johnson, Moderna, Oxford/AstraZeneca, Pfizer/BioNTech",6899994,6744853,13644847
2022-01-20,"Johnson&Johnson, Moderna, Oxford/AstraZeneca, Pfizer/BioNTech",6903405,6748793,13652198
