date,vaccine,people_vaccinated,people_fully_vaccinated,total_vaccinations
2020-12-27,Pfizer/BioNTech,1258,0,1258
2020-12-28,Pfizer/BioNTech,3555,0,3555
2020-12-29,Pfizer/BioNTech,7005,0,7005
2020-12-30,Pfizer/BioNTech,10475,0,10475
2020-12-31,Pfizer/BioNTech,11789,0,11789
2021-01-01,Pfizer/BioNTech,12051,0,12051
2021-01-02,Pfizer/BioNTech,13309,0,13309
2021-01-03,Pfizer/BioNTech,14226,0,14226
2021-01-04,Pfizer/BioNTech,17805,0,17805
2021-01-05,Pfizer/BioNTech,22323,0,22323
2021-01-06,Pfizer/BioNTech,28157,0,28157
2021-01-07,Pfizer/BioNTech,36137,0,36137
2021-01-08,Pfizer/BioNTech,46088,0,46088
2021-01-09,Pfizer/BioNTech,48097,0,48097
2021-01-10,Pfizer/BioNTech,49821,0,49821
2021-01-11,Pfizer/BioNTech,59627,0,59627
2021-01-12,Pfizer/BioNTech,73021,0,73021
2021-01-13,Pfizer/BioNTech,86517,0,86517
2021-01-14,"Moderna, Pfizer/BioNTech",101711,0,101711
2021-01-15,"Moderna, Pfizer/BioNTech",115649,0,115649
2021-01-16,"Moderna, Pfizer/BioNTech",119027,0,119027
2021-01-17,"Moderna, Pfizer/BioNTech",121622,634,122256
2021-01-18,"Moderna, Pfizer/BioNTech",134083,2438,136521
2021-01-19,"Moderna, Pfizer/BioNTech",146509,5138,151647
2021-01-20,"Moderna, Pfizer/BioNTech",160058,7760,167818
2021-01-21,"Moderna, Pfizer/BioNTech",175541,9483,185024
2021-01-22,"Moderna, Pfizer/BioNTech",190268,10519,200787
2021-01-23,"Moderna, Pfizer/BioNTech",193530,11384,204914
2021-01-24,"Moderna, Pfizer/BioNTech",195768,12245,208013
2021-01-25,"Moderna, Pfizer/BioNTech",205377,15187,220564
2021-01-26,"Moderna, Pfizer/BioNTech",215858,19144,235002
2021-01-27,"Moderna, Pfizer/BioNTech",224797,23630,248427
2021-01-28,"Moderna, Pfizer/BioNTech",231825,29713,261538
2021-01-29,"Moderna, Pfizer/BioNTech",237999,37491,275490
2021-01-30,"Moderna, Pfizer/BioNTech",238715,38572,277287
2021-01-31,Pfizer/BioNTech,239416,39711,279127
2021-02-01,"Moderna, Pfizer/BioNTech",243233,47565,290798
2021-02-02,"Moderna, Pfizer/BioNTech",247337,57710,305047
2021-02-03,"Moderna, Pfizer/BioNTech",251719,68653,320372
2021-02-04,"Moderna, Pfizer/BioNTech",256589,81540,338129
2021-02-05,"Moderna, Pfizer/BioNTech",261993,92122,354115
2021-02-06,"Moderna, Pfizer/BioNTech",262825,94449,357274
2021-02-07,"Moderna, Pfizer/BioNTech",263668,96914,360582
2021-02-08,"Moderna, Pfizer/BioNTech",267667,108223,375890
2021-02-09,"Moderna, Pfizer/BioNTech",272691,120054,392745
2021-02-10,"Moderna, Pfizer/BioNTech",278196,133125,411321
2021-02-11,"Moderna, Oxford/AstraZeneca, Pfizer/BioNTech",284419,149070,433489
2021-02-12,"Moderna, Oxford/AstraZeneca, Pfizer/BioNTech",291095,163659,454754
2021-02-13,"Moderna, Oxford/AstraZeneca, Pfizer/BioNTech",292665,166610,459275
2021-02-14,"Moderna, Oxford/AstraZeneca, Pfizer/BioNTech",293644,167976,461620
2021-02-15,"Moderna, Oxford/AstraZeneca, Pfizer/BioNTech",299952,177266,477218
2021-02-16,"Moderna, Oxford/AstraZeneca, Pfizer/BioNTech",308517,186159,494676
2021-02-17,"Moderna, Oxford/AstraZeneca, Pfizer/BioNTech",318109,194364,512473
2021-02-18,"Moderna, Oxford/AstraZeneca, Pfizer/BioNTech",330293,202303,532596
2021-02-19,"Moderna, Oxford/AstraZeneca, Pfizer/BioNTech",341981,209500,551481
2021-02-20,"Moderna, Oxford/AstraZeneca, Pfizer/BioNTech",343879,210663,554542
2021-02-21,"Moderna, Oxford/AstraZeneca, Pfizer/BioNTech",344895,211663,556558
2021-02-22,"Moderna, Oxford/AstraZeneca, Pfizer/BioNTech",354912,217626,572538
2021-02-23,"Moderna, Oxford/AstraZeneca, Pfizer/BioNTech",367635,224503,592138
2021-02-24,"Moderna, Oxford/AstraZeneca, Pfizer/BioNTech",381334,230445,611779
2021-02-25,"Moderna, Oxford/AstraZeneca, Pfizer/BioNTech",398990,235935,634925
2021-02-26,"Moderna, Oxford/AstraZeneca, Pfizer/BioNTech",414908,241171,656079
2021-02-27,"Moderna, Oxford/AstraZeneca, Pfizer/BioNTech",417815,241716,659531
2021-02-28,"Moderna, Oxford/AstraZeneca, Pfizer/BioNTech",420138,242254,662392
2021-03-01,"Moderna, Oxford/AstraZeneca, Pfizer/BioNTech",439180,245560,684740
2021-03-02,"Moderna, Oxford/AstraZeneca, Pfizer/BioNTech",465779,249050,714829
2021-03-03,"Moderna, Oxford/AstraZeneca, Pfizer/BioNTech",495549,253498,749047
2021-03-04,"Moderna, Oxford/AstraZeneca, Pfizer/BioNTech",527606,258060,785666
2021-03-05,"Moderna, Oxford/AstraZeneca, Pfizer/BioNTech",555481,263363,818844
2021-03-06,"Moderna, Oxford/AstraZeneca, Pfizer/BioNTech",566922,264192,831114
2021-03-07,"Moderna, Oxford/AstraZeneca, Pfizer/BioNTech",577719,265013,842732
2021-03-08,"Moderna, Oxford/AstraZeneca, Pfizer/BioNTech",606721,269698,876419
2021-03-09,"Moderna, Oxford/AstraZeneca, Pfizer/BioNTech",642007,275975,917982
2021-03-10,"Moderna, Oxford/AstraZeneca, Pfizer/BioNTech",682465,282822,965287
2021-03-11,"Moderna, Oxford/AstraZeneca, Pfizer/BioNTech",726345,290951,1017296
2021-03-12,"Moderna, Oxford/AstraZeneca, Pfizer/BioNTech",764359,299234,1063593
2021-03-13,"Moderna, Oxford/AstraZeneca, Pfizer/BioNTech",781063,300497,1081560
2021-03-14,"Moderna, Oxford/AstraZeneca, Pfizer/BioNTech",792970,301603,1094573
2021-03-15,"Moderna, Oxford/AstraZeneca, Pfizer/BioNTech",820508,310277,1130785
2021-03-16,"Moderna, Oxford/AstraZeneca, Pfizer/BioNTech",858470,320618,1179088
2021-03-17,"Moderna, Oxford/AstraZeneca, Pfizer/BioNTech",894749,330978,1225727
2021-03-18,"Moderna, Oxford/AstraZeneca, Pfizer/BioNTech",931282,343155,1274437
2021-03-19,"Moderna, Oxford/AstraZeneca, Pfizer/BioNTech",964613,356418,1321031
2021-03-20,"Moderna, Oxford/AstraZeneca, Pfizer/BioNTech",979164,358402,1337566
2021-03-21,"Moderna, Oxford/AstraZeneca, Pfizer/BioNTech",986396,359917,1346313
2021-03-22,"Moderna, Oxford/AstraZeneca, Pfizer/BioNTech",1009799,372085,1381884
2021-03-23,"Moderna, Oxford/AstraZeneca, Pfizer/BioNTech",1033273,384841,1418114
