date,vaccine,people_vaccinated,people_fully_vaccinated,total_vaccinations
2020-12-27,Pfizer/BioNTech,1249,0,1249
2020-12-28,Pfizer/BioNTech,3541,0,3541
2020-12-29,Pfizer/BioNTech,6982,0,6982
2020-12-30,Pfizer/BioNTech,10441,0,10441
2020-12-31,Pfizer/BioNTech,11747,0,11747
2021-01-01,Pfizer/BioNTech,12007,0,12007
2021-01-02,Pfizer/BioNTech,13257,0,13257
2021-01-03,Pfizer/BioNTech,14170,0,14170
2021-01-04,Pfizer/BioNTech,17731,0,17731
2021-01-05,Pfizer/BioNTech,22225,0,22225
2021-01-06,Pfizer/BioNTech,28033,0,28033
2021-01-07,Pfizer/BioNTech,35983,0,35983
2021-01-08,Pfizer/BioNTech,45906,0,45906
2021-01-09,Pfizer/BioNTech,47913,0,47913
2021-01-10,Pfizer/BioNTech,49633,0,49633
2021-01-11,Pfizer/BioNTech,59408,0,59408
2021-01-12,Pfizer/BioNTech,72752,0,72752
2021-01-13,Pfizer/BioNTech,86218,0,86218
2021-01-14,"Moderna, Pfizer/BioNTech",101377,0,101377
2021-01-15,"Moderna, Pfizer/BioNTech",115286,0,115286
2021-01-16,"Moderna, Pfizer/BioNTech",118657,0,118657
2021-01-17,"Moderna, Pfizer/BioNTech",121250,632,121882
2021-01-18,"Moderna, Pfizer/BioNTech",133701,2433,136134
2021-01-19,"Moderna, Pfizer/BioNTech",146126,5131,151257
2021-01-20,"Moderna, Pfizer/BioNTech",159658,7747,167405
2021-01-21,"Moderna, Pfizer/BioNTech",175131,9467,184598
2021-01-22,"Moderna, Pfizer/BioNTech",189850,10503,200353
2021-01-23,"Moderna, Pfizer/BioNTech",193114,11368,204482
2021-01-24,"Moderna, Pfizer/BioNTech",195351,12229,207580
2021-01-25,"Moderna, Pfizer/BioNTech",204948,15168,220116
2021-01-26,"Moderna, Pfizer/BioNTech",215432,19120,234552
2021-01-27,"Moderna, Pfizer/BioNTech",224373,23598,247971
2021-01-28,"Moderna, Pfizer/BioNTech",231400,29674,261074
2021-01-29,"Moderna, Pfizer/BioNTech",237573,37454,275027
2021-01-30,"Moderna, Pfizer/BioNTech",238288,38533,276821
2021-01-31,Pfizer/BioNTech,238988,39670,278658
2021-02-01,"Moderna, Pfizer/BioNTech",242805,47525,290330
2021-02-02,"Moderna, Pfizer/BioNTech",246909,57670,304579
2021-02-03,"Moderna, Pfizer/BioNTech",251288,68602,319890
2021-02-04,"Moderna, Pfizer/BioNTech",256147,81486,337633
2021-02-05,"Moderna, Pfizer/BioNTech",261556,92067,353623
2021-02-06,"Moderna, Pfizer/BioNTech",262390,94393,356783
2021-02-07,"Moderna, Pfizer/BioNTech",263233,96858,360091
2021-02-08,"Moderna, Pfizer/BioNTech",267235,108171,375406
2021-02-09,"Moderna, Pfizer/BioNTech",272260,120005,392265
2021-02-10,"Moderna, Pfizer/BioNTech",277761,133075,410836
2021-02-11,"Moderna, Oxford/AstraZeneca, Pfizer/BioNTech",283988,149022,433010
2021-02-12,"Moderna, Oxford/AstraZeneca, Pfizer/BioNTech",290672,163614,454286
2021-02-13,"Moderna, Oxford/AstraZeneca, Pfizer/BioNTech",292241,166565,458806
2021-02-14,"Moderna, Oxford/AstraZeneca, Pfizer/BioNTech",293220,167931,461151
2021-02-15,"Moderna, Oxford/AstraZeneca, Pfizer/BioNTech",299531,177217,476748
2021-02-16,"Moderna, Oxford/AstraZeneca, Pfizer/BioNTech",308110,186127,494237
2021-02-17,"Moderna, Oxford/AstraZeneca, Pfizer/BioNTech",317717,194334,512051
2021-02-18,"Moderna, Oxford/AstraZeneca, Pfizer/BioNTech",329922,202278,532200
2021-02-19,"Moderna, Oxford/AstraZeneca, Pfizer/BioNTech",341618,209480,551098
2021-02-20,"Moderna, Oxford/AstraZeneca, Pfizer/BioNTech",343518,210642,554160
2021-02-21,"Moderna, Oxford/AstraZeneca, Pfizer/BioNTech",344536,211642,556178
2021-02-22,"Moderna, Oxford/AstraZeneca, Pfizer/BioNTech",354560,217611,572171
2021-02-23,"Moderna, Oxford/AstraZeneca, Pfizer/BioNTech",367294,224495,591789
2021-02-24,"Moderna, Oxford/AstraZeneca, Pfizer/BioNTech",381020,230462,611482
2021-02-25,"Moderna, Oxford/AstraZeneca, Pfizer/BioNTech",398838,235954,634792
2021-02-26,"Moderna, Oxford/AstraZeneca, Pfizer/BioNTech",414804,241204,656008
2021-02-27,"Moderna, Oxford/AstraZeneca, Pfizer/BioNTech",417725,241749,659474
2021-02-28,"Moderna, Oxford/AstraZeneca, Pfizer/BioNTech",420048,242288,662336
2021-03-01,"Moderna, Oxford/AstraZeneca, Pfizer/BioNTech",439121,245703,684824
2021-03-02,"Moderna, Oxford/AstraZeneca, Pfizer/BioNTech",465753,249202,714955
2021-03-03,"Moderna, Oxford/AstraZeneca, Pfizer/BioNTech",495794,253655,749449
2021-03-04,"Moderna, Oxford/AstraZeneca, Pfizer/BioNTech",528083,258222,786305
2021-03-05,"Moderna, Oxford/AstraZeneca, Pfizer/BioNTech",556111,263541,819652
2021-03-06,"Moderna, Oxford/AstraZeneca, Pfizer/BioNTech",567820,264373,832193
2021-03-07,"Moderna, Oxford/AstraZeneca, Pfizer/BioNTech",578821,265194,844015
2021-03-08,"Moderna, Oxford/AstraZeneca, Pfizer/BioNTech",607847,269897,877744
2021-03-09,"Moderna, Oxford/AstraZeneca, Pfizer/BioNTech",643246,276196,919442
2021-03-10,"Moderna, Oxford/AstraZeneca, Pfizer/BioNTech",683791,283062,966853
2021-03-11,"Moderna, Oxford/AstraZeneca, Pfizer/BioNTech",727697,291294,1018991
2021-03-12,"Moderna, Oxford/AstraZeneca, Pfizer/BioNTech",765751,299614,1065365
2021-03-13,"Moderna, Oxford/AstraZeneca, Pfizer/BioNTech",782466,300878,1083344
2021-03-14,"Moderna, Oxford/AstraZeneca, Pfizer/BioNTech",794380,301989,1096369
2021-03-15,"Moderna, Oxford/AstraZeneca, Pfizer/BioNTech",821976,310672,1132648
2021-03-16,"Moderna, Oxford/AstraZeneca, Pfizer/BioNTech",859975,321032,1181007
2021-03-17,"Moderna, Oxford/AstraZeneca, Pfizer/BioNTech",896552,331437,1227989
2021-03-18,"Moderna, Oxford/AstraZeneca, Pfizer/BioNTech",933365,343735,1277100
2021-03-19,"Moderna, Oxford/AstraZeneca, Pfizer/BioNTech",966907,357106,1324013
2021-03-20,"Moderna, Oxford/AstraZeneca, Pfizer/BioNTech",981515,359098,1340613
2021-03-21,"Moderna, Oxford/AstraZeneca, Pfizer/BioNTech",988753,360615,1349368
2021-03-22,"Moderna, Oxford/AstraZeneca, Pfizer/BioNTech",1012569,372907,1385476
2021-03-23,"Moderna, Oxford/AstraZeneca, Pfizer/BioNTech",1038393,386088,1424481
2021-03-24,"Moderna, Oxford/AstraZeneca, Pfizer/BioNTech",1064555,401573,1466128
2021-03-25,"Moderna, Oxford/AstraZeneca, Pfizer/BioNTech",1089721,419118,1508839
2021-03-26,"Moderna, Oxford/AstraZeneca, Pfizer/BioNTech",1113184,435730,1548914
2021-03-27,"Moderna, Oxford/AstraZeneca, Pfizer/BioNTech",1121007,439912,1560919
