date,vaccine,people_vaccinated,people_fully_vaccinated,total_vaccinations
2020-12-27,Pfizer/BioNTech,1286,0,1286
2020-12-28,Pfizer/BioNTech,3589,0,3589
2020-12-29,Pfizer/BioNTech,7060,1,7061
2020-12-30,Pfizer/BioNTech,10576,1,10577
2020-12-31,Pfizer/BioNTech,11889,1,11890
2021-01-01,"Moderna, Pfizer/BioNTech",12160,1,12161
2021-01-02,"Moderna, Pfizer/BioNTech",13446,2,13448
2021-01-03,"Moderna, Pfizer/BioNTech",14373,2,14375
2021-01-04,"Moderna, Pfizer/BioNTech",17982,3,17985
2021-01-05,"Moderna, Pfizer/BioNTech",22507,4,22511
2021-01-06,"Moderna, Pfizer/BioNTech",28353,5,28358
2021-01-07,"Moderna, Pfizer/BioNTech",36352,5,36357
2021-01-08,"Moderna, Pfizer/BioNTech",46406,6,46412
2021-01-09,"Moderna, Pfizer/BioNTech",48432,8,48440
2021-01-10,Pfizer/BioNTech,50204,10,50214
2021-01-11,"Moderna, Pfizer/BioNTech",60061,12,60073
2021-01-12,"Moderna, Pfizer/BioNTech",73516,14,73530
2021-01-13,"Moderna, Pfizer/BioNTech",87062,15,87077
2021-01-14,"Moderna, Pfizer/BioNTech",102313,19,102332
2021-01-15,"Moderna, Pfizer/BioNTech",116333,20,116353
2021-01-16,"Moderna, Pfizer/BioNTech",119737,24,119761
2021-01-17,"Moderna, Pfizer/BioNTech",122357,660,123017
2021-01-18,"Moderna, Pfizer/BioNTech",134849,2486,137335
2021-01-19,"Moderna, Pfizer/BioNTech",147460,5215,152675
2021-01-20,"Moderna, Pfizer/BioNTech",161157,7880,169037
2021-01-21,"Moderna, Pfizer/BioNTech",176810,9623,186433
2021-01-22,"Moderna, Pfizer/BioNTech",191702,10668,202370
2021-01-23,"Moderna, Pfizer/BioNTech",195020,11548,206568
2021-01-24,"Moderna, Pfizer/BioNTech",197276,12419,209695
2021-01-25,"Moderna, Pfizer/BioNTech",206931,15388,222319
2021-01-26,"Moderna, Pfizer/BioNTech",217479,19379,236858
2021-01-27,"Moderna, Pfizer/BioNTech",226511,23914,250425
2021-01-28,"Moderna, Pfizer/BioNTech",233617,30048,263665
2021-01-29,"Indie/AstraZeneca, Moderna, Pfizer/BioNTech",239834,37958,277792
2021-01-30,"Moderna, Pfizer/BioNTech",240575,39046,279621
2021-01-31,"Moderna, Pfizer/BioNTech",241294,40228,281522
2021-02-01,"Moderna, Pfizer/BioNTech",245277,48198,293475
2021-02-02,"Moderna, Pfizer/BioNTech",249432,58438,307870
2021-02-03,"Moderna, Pfizer/BioNTech",253859,69458,323317
2021-02-04,"Moderna, Pfizer/BioNTech",258766,82449,341215
2021-02-05,"Moderna, Pfizer/BioNTech",264240,93123,357363
2021-02-06,"Moderna, Oxford/AstraZeneca, Pfizer/BioNTech",265097,95489,360586
2021-02-07,"Moderna, Oxford/AstraZeneca, Pfizer/BioNTech",265948,97989,363937
2021-02-08,"Moderna, Oxford/AstraZeneca, Pfizer/BioNTech",270041,109417,379458
2021-02-09,"Moderna, Oxford/AstraZeneca, Pfizer/BioNTech",275153,121330,396483
2021-02-10,"Moderna, Oxford/AstraZeneca, Pfizer/BioNTech",280672,134590,415262
2021-02-11,"Moderna, Oxford/AstraZeneca, Pfizer/BioNTech",287014,150810,437824
2021-02-12,"Moderna, Oxford/AstraZeneca, Pfizer/BioNTech",293842,165559,459401
2021-02-13,"Moderna, Oxford/AstraZeneca, Pfizer/BioNTech",295460,168546,464006
2021-02-14,"Moderna, Oxford/AstraZeneca, Pfizer/BioNTech",296466,169933,466399
2021-02-15,"Moderna, Oxford/AstraZeneca, Pfizer/BioNTech",302866,179304,482170
2021-02-16,"Moderna, Oxford/AstraZeneca, Pfizer/BioNTech",311587,188385,499972
2021-02-17,"Moderna, Oxford/AstraZeneca, Pfizer/BioNTech",321289,196697,517986
2021-02-18,"Moderna, Oxford/AstraZeneca, Pfizer/BioNTech",333618,204780,538398
2021-02-19,"Moderna, Oxford/AstraZeneca, Pfizer/BioNTech",345485,212157,557642
2021-02-20,"Moderna, Oxford/AstraZeneca, Pfizer/BioNTech",347495,213343,560838
2021-02-21,"Moderna, Oxford/AstraZeneca, Pfizer/BioNTech",348632,214369,563001
2021-02-22,"Moderna, Oxford/AstraZeneca, Pfizer/BioNTech",358756,220406,579162
2021-02-23,"Moderna, Oxford/AstraZeneca, Pfizer/BioNTech",371721,227398,599119
2021-02-24,"Moderna, Oxford/AstraZeneca, Pfizer/BioNTech",385604,233440,619044
2021-02-25,"Moderna, Oxford/AstraZeneca, Pfizer/BioNTech",403588,238991,642579
2021-02-26,"Moderna, Oxford/AstraZeneca, Pfizer/BioNTech",419768,244351,664119
2021-02-27,"Moderna, Oxford/AstraZeneca, Pfizer/BioNTech",422777,244910,667687
2021-02-28,"Moderna, Oxford/AstraZeneca, Pfizer/BioNTech",425135,245461,670596
2021-03-01,"Moderna, Oxford/AstraZeneca, Pfizer/BioNTech",444735,248910,693645
2021-03-02,"Indie/AstraZeneca, Moderna, Oxford/AstraZeneca, Pfizer/BioNTech",471964,252465,724429
2021-03-03,"Moderna, Oxford/AstraZeneca, Pfizer/BioNTech",502920,256977,759897
2021-03-04,"Moderna, Oxford/AstraZeneca, Pfizer/BioNTech",536205,261668,797873
2021-03-05,"Johnson&Johnson, Moderna, Oxford/AstraZeneca, Pfizer/BioNTech",565050,267097,832147
2021-03-06,"Johnson&Johnson, Moderna, Oxford/AstraZeneca, Pfizer/BioNTech",577210,267963,845173
2021-03-07,"Johnson&Johnson, Moderna, Oxford/AstraZeneca, Pfizer/BioNTech",588760,268806,857566
2021-03-08,"Johnson&Johnson, Moderna, Oxford/AstraZeneca, Pfizer/BioNTech",618509,273669,892178
2021-03-09,"Johnson&Johnson, Moderna, Oxford/AstraZeneca, Pfizer/BioNTech",654882,280057,934939
2021-03-10,"Johnson&Johnson, Moderna, Oxford/AstraZeneca, Pfizer/BioNTech",696215,287017,983232
2021-03-11,"Johnson&Johnson, Moderna, Oxford/AstraZeneca, Pfizer/BioNTech",741072,295392,1036464
2021-03-12,"Johnson&Johnson, Moderna, Oxford/AstraZeneca, Pfizer/BioNTech, Čína",779834,303893,1083727
2021-03-13,"Johnson&Johnson, Moderna, Oxford/AstraZeneca, Pfizer/BioNTech",796947,305209,1102156
2021-03-14,"Johnson&Johnson, Moderna, Oxford/AstraZeneca, Pfizer/BioNTech",809065,306366,1115431
2021-03-15,"Johnson&Johnson, Moderna, Oxford/AstraZeneca, Pfizer/BioNTech",837460,315146,1152606
2021-03-16,"Johnson&Johnson, Moderna, Oxford/AstraZeneca, Pfizer/BioNTech",876358,325683,1202041
2021-03-17,"Moderna, Oxford/AstraZeneca, Pfizer/BioNTech",913845,336198,1250043
2021-03-18,"Johnson&Johnson, Moderna, Oxford/AstraZeneca, Pfizer/BioNTech",951852,348624,1300476
2021-03-19,"Johnson&Johnson, Moderna, Oxford/AstraZeneca, Pfizer/BioNTech",986374,362238,1348612
2021-03-20,"Johnson&Johnson, Moderna, Oxford/AstraZeneca, Pfizer/BioNTech",1001558,364268,1365826
2021-03-21,"Johnson&Johnson, Moderna, Oxford/AstraZeneca, Pfizer/BioNTech",1009006,365828,1374834
2021-03-22,"Johnson&Johnson, Moderna, Oxford/AstraZeneca, Pfizer/BioNTech",1033581,378329,1411910
2021-03-23,"Johnson&Johnson, Moderna, Oxford/AstraZeneca, Pfizer/BioNTech",1060258,391696,1451954
2021-03-24,"Johnson&Johnson, Moderna, Oxford/AstraZeneca, Pfizer/BioNTech",1087155,407441,1494596
2021-03-25,"Johnson&Johnson, Moderna, Oxford/AstraZeneca, Pfizer/BioNTech",1113515,425296,1538811
2021-03-26,"Johnson&Johnson, Moderna, Oxford/AstraZeneca, Pfizer/BioNTech",1138357,442809,1581166
2021-03-27,"Johnson&Johnson, Moderna, Oxford/AstraZeneca, Pfizer/BioNTech, Čína",1146820,447655,1594475
2021-03-28,"Moderna, Oxford/AstraZeneca, Pfizer/BioNTech",1152368,451803,1604171
2021-03-29,"Johnson&Johnson, Moderna, Oxford/AstraZeneca, Pfizer/BioNTech",1171529,472537,1644066
2021-03-30,"Johnson&Johnson, Moderna, Oxford/AstraZeneca, Pfizer/BioNTech",1196238,494725,1690963
2021-03-31,"Johnson&Johnson, Moderna, Oxford/AstraZeneca, Pfizer/BioNTech",1219398,521794,1741192
2021-04-01,"Indie/AstraZeneca, Johnson&Johnson, Moderna, Oxford/AstraZeneca, Pfizer/BioNTech",1245089,553850,1798939
2021-04-02,"Indie/AstraZeneca, Johnson&Johnson, Moderna, Oxford/AstraZeneca, Pfizer/BioNTech",1252074,566646,1818720
2021-04-03,"Johnson&Johnson, Moderna, Oxford/AstraZeneca, Pfizer/BioNTech",1255729,577579,1833308
2021-04-04,"Johnson&Johnson, Moderna, Oxford/AstraZeneca, Pfizer/BioNTech",1258275,586504,1844779
2021-04-05,"Johnson&Johnson, Moderna, Oxford/AstraZeneca, Pfizer/BioNTech",1260708,593709,1854417
2021-04-06,"Indie/AstraZeneca, Johnson&Johnson, Moderna, Oxford/AstraZeneca, Pfizer/BioNTech, Čína",1276928,622985,1899913
2021-04-07,"Johnson&Johnson, Moderna, Oxford/AstraZeneca, Pfizer/BioNTech",1300432,645224,1945656
2021-04-08,"Johnson&Johnson, Moderna, Oxford/AstraZeneca, Pfizer/BioNTech",1339253,676272,2015525
2021-04-09,"Indie/AstraZeneca, Johnson&Johnson, Moderna, Oxford/AstraZeneca, Pfizer/BioNTech",1378853,706474,2085327
2021-04-10,"Johnson&Johnson, Moderna, Oxford/AstraZeneca, Pfizer/BioNTech",1394422,721788,2116210
2021-04-11,"Johnson&Johnson, Moderna, Oxford/AstraZeneca, Pfizer/BioNTech",1404217,731845,2136062
2021-04-12,"Johnson&Johnson, Moderna, Oxford/AstraZeneca, Pfizer/BioNTech",1442540,756990,2199530
2021-04-13,"Moderna, Oxford/AstraZeneca, Pfizer/BioNTech",1478848,783033,2261881
2021-04-14,"Moderna, Oxford/AstraZeneca, Pfizer/BioNTech",1517738,810413,2328151
2021-04-15,"Moderna, Oxford/AstraZeneca, Pfizer/BioNTech",1565574,836194,2401768
2021-04-16,"Moderna, Oxford/AstraZeneca, Pfizer/BioNTech",1610296,861875,2472171
2021-04-17,"Indie/AstraZeneca, Moderna, Oxford/AstraZeneca, Pfizer/BioNTech",1627024,870901,2497925
2021-04-18,"Moderna, Oxford/AstraZeneca, Pfizer/BioNTech",1640025,875887,2515912
2021-04-19,"Johnson&Johnson, Moderna, Oxford/AstraZeneca, Pfizer/BioNTech",1684001,891328,2575329
2021-04-20,"Johnson&Johnson, Moderna, Oxford/AstraZeneca, Pfizer/BioNTech",1726592,907218,2633810
2021-04-21,"Moderna, Oxford/AstraZeneca, Pfizer/BioNTech",1774358,921589,2695947
2021-04-22,"Johnson&Johnson, Moderna, Oxford/AstraZeneca, Pfizer/BioNTech",1828890,938988,2767878
2021-04-23,"Johnson&Johnson, Moderna, Oxford/AstraZeneca, Pfizer/BioNTech",1878901,951055,2829956
2021-04-24,"Johnson&Johnson, Moderna, Oxford/AstraZeneca, Pfizer/BioNTech, Čína",1896778,956325,2853103
2021-04-25,"Johnson&Johnson, Moderna, Oxford/AstraZeneca, Pfizer/BioNTech",1911491,960330,2871821
2021-04-26,"Johnson&Johnson, Moderna, Oxford/AstraZeneca, Pfizer/BioNTech",1961106,967900,2929006
2021-04-27,"Johnson&Johnson, Moderna, Oxford/AstraZeneca, Pfizer/BioNTech",2010097,980154,2990251
2021-04-28,"Johnson&Johnson, Moderna, Oxford/AstraZeneca, Pfizer/BioNTech",2068881,994177,3063058
2021-04-29,"Johnson&Johnson, Moderna, Oxford/AstraZeneca, Pfizer/BioNTech",2134502,1010099,3144601
2021-04-30,"Johnson&Johnson, Moderna, Oxford/AstraZeneca, Pfizer/BioNTech",2196794,1020095,3216889
2021-05-01,"Johnson&Johnson, Moderna, Oxford/AstraZeneca, Pfizer/BioNTech",2216188,1023561,3239749
2021-05-02,"Johnson&Johnson, Moderna, Oxford/AstraZeneca, Pfizer/BioNTech",2235140,1025852,3260992
2021-05-03,"Johnson&Johnson, Moderna, Oxford/AstraZeneca, Pfizer/BioNTech",2302417,1030936,3333353
2021-05-04,"Johnson&Johnson, Moderna, Oxford/AstraZeneca, Pfizer/BioNTech",2368978,1039311,3408289
2021-05-05,"Johnson&Johnson, Moderna, Oxford/AstraZeneca, Pfizer/BioNTech",2442190,1048759,3490949
2021-05-06,"Johnson&Johnson, Moderna, Oxford/AstraZeneca, Pfizer/BioNTech",2522630,1059512,3582142
2021-05-07,"Indie/AstraZeneca, Johnson&Johnson, Moderna, Oxford/AstraZeneca, Pfizer/BioNTech",2599970,1069658,3669628
2021-05-08,"Johnson&Johnson, Moderna, Oxford/AstraZeneca, Pfizer/BioNTech",2629515,1071452,3700967
2021-05-09,"Johnson&Johnson, Moderna, Oxford/AstraZeneca, Pfizer/BioNTech",2653759,1072675,3726434
2021-05-10,"Johnson&Johnson, Moderna, Oxford/AstraZeneca, Pfizer/BioNTech",2726560,1079922,3806482
2021-05-11,"Johnson&Johnson, Moderna, Oxford/AstraZeneca, Pfizer/BioNTech",2802714,1088758,3891472
2021-05-12,"Johnson&Johnson, Moderna, Oxford/AstraZeneca, Pfizer/BioNTech",2882658,1097905,3980563
2021-05-13,"Johnson&Johnson, Moderna, Oxford/AstraZeneca, Pfizer/BioNTech",2966715,1107096,4073811
2021-05-14,"Johnson&Johnson, Moderna, Oxford/AstraZeneca, Pfizer/BioNTech",3046272,1114924,4161196
2021-05-15,"Johnson&Johnson, Moderna, Oxford/AstraZeneca, Pfizer/BioNTech",3078238,1117211,4195449
2021-05-16,"Johnson&Johnson, Moderna, Oxford/AstraZeneca, Pfizer/BioNTech",3104054,1118498,4222552
2021-05-17,"Indie/AstraZeneca, Johnson&Johnson, Moderna, Oxford/AstraZeneca, Pfizer/BioNTech",3176596,1125257,4301853
2021-05-18,"Indie/AstraZeneca, Johnson&Johnson, Moderna, Oxford/AstraZeneca, Pfizer/BioNTech",3248590,1138384,4386974
2021-05-19,"Johnson&Johnson, Moderna, Oxford/AstraZeneca, Pfizer/BioNTech",3326093,1153560,4479653
2021-05-20,"Johnson&Johnson, Moderna, Oxford/AstraZeneca, Pfizer/BioNTech",3401594,1180632,4582226
2021-05-21,"Johnson&Johnson, Moderna, Oxford/AstraZeneca, Pfizer/BioNTech",3470457,1208444,4678901
2021-05-22,"Johnson&Johnson, Moderna, Oxford/AstraZeneca, Pfizer/BioNTech",3502932,1219689,4722621
2021-05-23,"Johnson&Johnson, Moderna, Oxford/AstraZeneca, Pfizer/BioNTech",3525383,1228731,4754114
2021-05-24,"Johnson&Johnson, Moderna, Oxford/AstraZeneca, Pfizer/BioNTech",3572604,1262413,4835017
2021-05-25,"Indie/AstraZeneca, Johnson&Johnson, Moderna, Oxford/AstraZeneca, Pfizer/BioNTech",3624530,1298260,4922790
2021-05-26,"Johnson&Johnson, Moderna, Oxford/AstraZeneca, Pfizer/BioNTech",3692302,1335825,5028127
2021-05-27,"Indie/AstraZeneca, Johnson&Johnson, Moderna, Oxford/AstraZeneca, Pfizer/BioNTech",3753743,1383192,5136935
2021-05-28,"Johnson&Johnson, Moderna, Oxford/AstraZeneca, Pfizer/BioNTech",3815495,1429810,5245305
2021-05-29,"Indie/AstraZeneca, Johnson&Johnson, Moderna, Oxford/AstraZeneca, Pfizer/BioNTech",3844773,1446959,5291732
2021-05-30,"Johnson&Johnson, Moderna, Oxford/AstraZeneca, Pfizer/BioNTech, Čína",3867195,1461432,5328627
2021-05-31,"Indie/AstraZeneca, Johnson&Johnson, Moderna, Oxford/AstraZeneca, Pfizer/BioNTech",3922944,1508972,5431916
2021-06-01,"Johnson&Johnson, Moderna, Oxford/AstraZeneca, Pfizer/BioNTech",3982069,1557867,5539936
2021-06-02,"Johnson&Johnson, Moderna, Oxford/AstraZeneca, Pfizer/BioNTech",4045052,1611903,5656955
2021-06-03,"Johnson&Johnson, Moderna, Oxford/AstraZeneca, Pfizer/BioNTech",4103319,1672154,5775473
2021-06-04,"Johnson&Johnson, Moderna, Oxford/AstraZeneca, Pfizer/BioNTech",4166469,1729588,5896057
2021-06-05,"Indie/AstraZeneca, Johnson&Johnson, Moderna, Oxford/AstraZeneca, Pfizer/BioNTech",4200666,1748524,5949190
2021-06-06,"Johnson&Johnson, Moderna, Oxford/AstraZeneca, Pfizer/BioNTech",4227629,1763704,5991333
2021-06-07,"Johnson&Johnson, Moderna, Oxford/AstraZeneca, Pfizer/BioNTech",4291326,1819358,6110684
2021-06-08,"Indie/AstraZeneca, Johnson&Johnson, Moderna, Oxford/AstraZeneca, Pfizer/BioNTech",4355346,1874387,6229733
2021-06-09,"Indie/AstraZeneca, Johnson&Johnson, Moderna, Oxford/AstraZeneca, Pfizer/BioNTech",4414573,1939089,6353662
2021-06-10,"Johnson&Johnson, Moderna, Oxford/AstraZeneca, Pfizer/BioNTech",4468440,2010415,6478855
2021-06-11,"Johnson&Johnson, Moderna, Oxford/AstraZeneca, Pfizer/BioNTech",4520570,2080279,6600849
2021-06-12,"Indie/AstraZeneca, Johnson&Johnson, Moderna, Oxford/AstraZeneca, Pfizer/BioNTech",4552606,2101143,6653749
2021-06-13,"Johnson&Johnson, Moderna, Oxford/AstraZeneca, Pfizer/BioNTech",4576650,2119590,6696240
2021-06-14,"Johnson&Johnson, Moderna, Oxford/AstraZeneca, Pfizer/BioNTech, Čína",4619753,2194008,6813761
2021-06-15,"Johnson&Johnson, Moderna, Oxford/AstraZeneca, Pfizer/BioNTech",4664446,2266426,6930872
2021-06-16,"Johnson&Johnson, Moderna, Oxford/AstraZeneca, Pfizer/BioNTech",4707279,2344683,7051962
2021-06-17,"Johnson&Johnson, Moderna, Oxford/AstraZeneca, Pfizer/BioNTech",4746719,2427810,7174529
2021-06-18,"Johnson&Johnson, Moderna, Oxford/AstraZeneca, Pfizer/BioNTech",4789173,2508421,7297594
2021-06-19,"Johnson&Johnson, Moderna, Oxford/AstraZeneca, Pfizer/BioNTech, Čína",4810979,2537777,7348756
2021-06-20,"Johnson&Johnson, Moderna, Oxford/AstraZeneca, Pfizer/BioNTech, Čína",4828397,2561665,7390062
2021-06-21,"Johnson&Johnson, Moderna, Oxford/AstraZeneca, Pfizer/BioNTech, Čína",4860915,2640304,7501219
2021-06-22,"Johnson&Johnson, Moderna, Oxford/AstraZeneca, Pfizer/BioNTech",4893902,2722655,7616557
2021-06-23,"Johnson&Johnson, Moderna, Oxford/AstraZeneca, Pfizer/BioNTech",4925634,2807927,7733561
2021-06-24,"Johnson&Johnson, Moderna, Oxford/AstraZeneca, Pfizer/BioNTech",4955513,2898018,7853531
2021-06-25,"Johnson&Johnson, Moderna, Oxford/AstraZeneca, Pfizer/BioNTech",4986614,2984283,7970897
2021-06-26,"Johnson&Johnson, Moderna, Oxford/AstraZeneca, Pfizer/BioNTech",5002522,3019181,8021703
2021-06-27,"Johnson&Johnson, Moderna, Oxford/AstraZeneca, Pfizer/BioNTech",5016486,3045910,8062396
2021-06-28,"Johnson&Johnson, Moderna, Oxford/AstraZeneca, Pfizer/BioNTech",5044918,3131155,8176073
2021-06-29,"Johnson&Johnson, Moderna, Oxford/AstraZeneca, Pfizer/BioNTech",5074218,3217731,8291949
2021-06-30,"Johnson&Johnson, Moderna, Oxford/AstraZeneca, Pfizer/BioNTech",5101734,3308807,8410541
2021-07-01,"Johnson&Johnson, Moderna, Oxford/AstraZeneca, Pfizer/BioNTech",5125753,3398935,8524688
2021-07-02,"Johnson&Johnson, Moderna, Oxford/AstraZeneca, Pfizer/BioNTech",5152512,3484897,8637409
2021-07-03,"Indie/AstraZeneca, Johnson&Johnson, Moderna, Oxford/AstraZeneca, Pfizer/BioNTech",5159627,3516478,8676105
2021-07-04,"Johnson&Johnson, Moderna, Oxford/AstraZeneca, Pfizer/BioNTech",5167226,3538310,8705536
2021-07-05,"Johnson&Johnson, Moderna, Oxford/AstraZeneca, Pfizer/BioNTech",5174657,3563732,8738389
2021-07-06,"Johnson&Johnson, Moderna, Oxford/AstraZeneca, Pfizer/BioNTech, Čína",5180153,3591483,8771636
2021-07-07,"Johnson&Johnson, Moderna, Oxford/AstraZeneca, Pfizer/BioNTech",5206004,3670502,8876506
2021-07-08,"Johnson&Johnson, Moderna, Oxford/AstraZeneca, Pfizer/BioNTech",5232631,3740878,8973509
2021-07-09,"Johnson&Johnson, Moderna, Oxford/AstraZeneca, Pfizer/BioNTech",5260599,3810235,9070834
2021-07-10,"Indie/AstraZeneca, Johnson&Johnson, Moderna, Oxford/AstraZeneca, Pfizer/BioNTech",5269990,3838917,9108907
2021-07-11,"Johnson&Johnson, Moderna, Oxford/AstraZeneca, Pfizer/BioNTech",5278553,3861813,9140366
2021-07-12,"Johnson&Johnson, Moderna, Oxford/AstraZeneca, Pfizer/BioNTech, Čína",5306121,3930911,9237032
2021-07-13,"Johnson&Johnson, Moderna, Oxford/AstraZeneca, Pfizer/BioNTech",5332347,4000826,9333173
2021-07-14,"Johnson&Johnson, Moderna, Oxford/AstraZeneca, Pfizer/BioNTech",5358201,4072849,9431050
2021-07-15,"Indie/AstraZeneca, Johnson&Johnson, Moderna, Oxford/AstraZeneca, Pfizer/BioNTech",5387401,4138893,9526294
2021-07-16,"Johnson&Johnson, Moderna, Oxford/AstraZeneca, Pfizer/BioNTech",5415355,4211660,9627015
2021-07-17,"Johnson&Johnson, Moderna, Oxford/AstraZeneca, Pfizer/BioNTech, Čína",5424169,4243150,9667319
2021-07-18,"Johnson&Johnson, Moderna, Oxford/AstraZeneca, Pfizer/BioNTech, Čína",5432619,4269174,9701793
2021-07-19,"Johnson&Johnson, Moderna, Oxford/AstraZeneca, Pfizer/BioNTech",5455995,4336215,9792210
2021-07-20,"Johnson&Johnson, Moderna, Oxford/AstraZeneca, Pfizer/BioNTech",5477429,4403304,9880733
2021-07-21,"Indie/AstraZeneca, Johnson&Johnson, Moderna, Oxford/AstraZeneca, Pfizer/BioNTech",5500902,4466795,9967697
2021-07-22,"Johnson&Johnson, Moderna, Oxford/AstraZeneca, Pfizer/BioNTech",5523292,4525465,10048757
2021-07-23,"Johnson&Johnson, Moderna, Oxford/AstraZeneca, Pfizer/BioNTech",5546547,4580255,10126802
2021-07-24,"Johnson&Johnson, Moderna, Oxford/AstraZeneca, Pfizer/BioNTech",5553915,4607947,10161862
2021-07-25,"Johnson&Johnson, Moderna, Oxford/AstraZeneca, Pfizer/BioNTech",5560569,4630093,10190662
2021-07-26,"Johnson&Johnson, Moderna, Oxford/AstraZeneca, Pfizer/BioNTech",5584139,4678805,10262944
2021-07-27,"Johnson&Johnson, Moderna, Oxford/AstraZeneca, Pfizer/BioNTech, Čína",5606905,4725490,10332395
2021-07-28,"Johnson&Johnson, Moderna, Oxford/AstraZeneca, Pfizer/BioNTech",5628203,4771543,10399746
2021-07-29,"Johnson&Johnson, Moderna, Oxford/AstraZeneca, Pfizer/BioNTech",5649559,4813550,10463109
2021-07-30,"Johnson&Johnson, Moderna, Oxford/AstraZeneca, Pfizer/BioNTech",5672855,4856160,10529015
2021-07-31,"Indie/AstraZeneca, Johnson&Johnson, Moderna, Oxford/AstraZeneca, Pfizer/BioNTech",5681825,4875725,10557550
2021-08-01,"Johnson&Johnson, Moderna, Oxford/AstraZeneca, Pfizer/BioNTech, Čína",5688567,4891912,10580479
2021-08-02,"Johnson&Johnson, Moderna, Oxford/AstraZeneca, Pfizer/BioNTech",5707227,4929507,10636734
2021-08-03,"Johnson&Johnson, Moderna, Oxford/AstraZeneca, Pfizer/BioNTech",5724901,4967662,10692563
2021-08-04,"Johnson&Johnson, Moderna, Oxford/AstraZeneca, Pfizer/BioNTech",5741043,5004470,10745513
2021-08-05,"Johnson&Johnson, Moderna, Oxford/AstraZeneca, Pfizer/BioNTech",5757107,5044997,10802104
2021-08-06,"Johnson&Johnson, Moderna, Oxford/AstraZeneca, Pfizer/BioNTech",5773940,5088345,10862285
2021-08-07,"Johnson&Johnson, Moderna, Oxford/AstraZeneca, Pfizer/BioNTech",5779560,5106543,10886103
2021-08-08,"Johnson&Johnson, Moderna, Oxford/AstraZeneca, Pfizer/BioNTech",5783937,5122321,10906258
2021-08-09,"Indie/AstraZeneca, Johnson&Johnson, Moderna, Oxford/AstraZeneca, Pfizer/BioNTech",5796587,5167417,10964004
2021-08-10,"Johnson&Johnson, Moderna, Oxford/AstraZeneca, Pfizer/BioNTech",5808448,5207025,11015473
2021-08-11,"Indie/AstraZeneca, Johnson&Johnson, Moderna, Oxford/AstraZeneca, Pfizer/BioNTech",5819832,5250194,11070026
2021-08-12,"Johnson&Johnson, Moderna, Oxford/AstraZeneca, Pfizer/BioNTech",5831265,5287365,11118630
2021-08-13,"Johnson&Johnson, Moderna, Oxford/AstraZeneca, Pfizer/BioNTech",5842014,5327743,11169757
2021-08-14,"Johnson&Johnson, Moderna, Oxford/AstraZeneca, Pfizer/BioNTech",5845366,5338474,11183840
2021-08-15,"Johnson&Johnson, Moderna, Oxford/AstraZeneca, Pfizer/BioNTech",5847962,5348872,11196834
2021-08-16,"Indie/AstraZeneca, Johnson&Johnson, Moderna, Oxford/AstraZeneca, Pfizer/BioNTech",5857767,5382979,11240746
2021-08-17,"Johnson&Johnson, Moderna, Oxford/AstraZeneca, Pfizer/BioNTech",5867371,5410113,11277484
2021-08-18,"Johnson&Johnson, Moderna, Oxford/AstraZeneca, Pfizer/BioNTech",5876750,5449051,11325801
2021-08-19,"Johnson&Johnson, Moderna, Oxford/AstraZeneca, Pfizer/BioNTech",5886437,5487428,11373865
2021-08-20,"Johnson&Johnson, Moderna, Oxford/AstraZeneca, Pfizer/BioNTech",5897841,5527648,11425489
2021-08-21,"Indie/AstraZeneca, Johnson&Johnson, Moderna, Oxford/AstraZeneca, Pfizer/BioNTech",5900575,5540440,11441015
2021-08-22,"Johnson&Johnson, Moderna, Oxford/AstraZeneca, Pfizer/BioNTech",5902921,5552422,11455343
2021-08-23,"Indie/AstraZeneca, Johnson&Johnson, Moderna, Oxford/AstraZeneca, Pfizer/BioNTech",5913463,5591727,11505190
2021-08-24,"Johnson&Johnson, Moderna, Oxford/AstraZeneca, Pfizer/BioNTech",5923348,5624995,11548343
2021-08-25,"Indie/AstraZeneca, Johnson&Johnson, Moderna, Oxford/AstraZeneca, Pfizer/BioNTech",5932228,5653396,11585624
2021-08-26,"Johnson&Johnson, Moderna, Oxford/AstraZeneca, Pfizer/BioNTech",5940689,5679554,11620243
2021-08-27,"Johnson&Johnson, Moderna, Oxford/AstraZeneca, Pfizer/BioNTech",5951022,5705562,11656584
2021-08-28,"Johnson&Johnson, Moderna, Oxford/AstraZeneca, Pfizer/BioNTech",5953768,5712648,11666416
2021-08-29,"Johnson&Johnson, Moderna, Oxford/AstraZeneca, Pfizer/BioNTech",5956187,5719282,11675469
2021-08-30,"Johnson&Johnson, Moderna, Oxford/AstraZeneca, Pfizer/BioNTech",5964718,5741184,11705902
2021-08-31,"Indie/AstraZeneca, Johnson&Johnson, Moderna, Oxford/AstraZeneca, Pfizer/BioNTech",5972412,5759320,11731732
2021-09-01,"Johnson&Johnson, Moderna, Oxford/AstraZeneca, Pfizer/BioNTech",5978330,5773351,11751681
2021-09-02,"Johnson&Johnson, Moderna, Oxford/AstraZeneca, Pfizer/BioNTech",5985178,5787761,11772939
2021-09-03,"Johnson&Johnson, Moderna, Oxford/AstraZeneca, Pfizer/BioNTech",5994743,5803515,11798258
2021-09-04,"Indie/AstraZeneca, Johnson&Johnson, Moderna, Oxford/AstraZeneca, Pfizer/BioNTech",5996823,5807090,11803913
2021-09-05,"Johnson&Johnson, Moderna, Oxford/AstraZeneca, Pfizer/BioNTech",5998872,5809943,11808815
2021-09-06,"Indie/AstraZeneca, Johnson&Johnson, Moderna, Oxford/AstraZeneca, Pfizer/BioNTech",6005115,5822500,11827615
2021-09-07,"Johnson&Johnson, Moderna, Oxford/AstraZeneca, Pfizer/BioNTech",6009512,5833604,11843116
2021-09-08,"Johnson&Johnson, Moderna, Oxford/AstraZeneca, Pfizer/BioNTech, Čína",6015195,5843481,11858676
2021-09-09,"Johnson&Johnson, Moderna, Oxford/AstraZeneca, Pfizer/BioNTech",6021899,5853563,11875462
2021-09-10,"Johnson&Johnson, Moderna, Oxford/AstraZeneca, Pfizer/BioNTech",6029608,5865763,11895371
2021-09-11,"Indie/AstraZeneca, Johnson&Johnson, Moderna, Oxford/AstraZeneca, Pfizer/BioNTech",6031486,5868267,11899753
2021-09-12,"Johnson&Johnson, Moderna, Oxford/AstraZeneca, Pfizer/BioNTech",6032606,5869906,11902512
2021-09-13,"Johnson&Johnson, Moderna, Oxford/AstraZeneca, Pfizer/BioNTech",6038052,5880230,11918282
2021-09-14,"Johnson&Johnson, Moderna, Oxford/AstraZeneca, Pfizer/BioNTech",6043458,5889253,11932711
2021-09-15,"Johnson&Johnson, Moderna, Oxford/AstraZeneca, Pfizer/BioNTech",6048675,5897792,11946467
2021-09-16,"Johnson&Johnson, Moderna, Oxford/AstraZeneca, Pfizer/BioNTech",6054047,5906074,11960121
2021-09-17,"Johnson&Johnson, Moderna, Oxford/AstraZeneca, Pfizer/BioNTech",6060624,5916321,11976945
2021-09-18,"Johnson&Johnson, Moderna, Oxford/AstraZeneca, Pfizer/BioNTech",6062357,5918690,11981047
2021-09-19,"Johnson&Johnson, Moderna, Oxford/AstraZeneca, Pfizer/BioNTech",6063305,5920264,11983569
2021-09-20,"Johnson&Johnson, Moderna, Oxford/AstraZeneca, Pfizer/BioNTech",6067337,5928470,11995807
2021-09-21,"Johnson&Johnson, Moderna, Oxford/AstraZeneca, Pfizer/BioNTech",6071584,5936012,12007596
2021-09-22,"Johnson&Johnson, Moderna, Oxford/AstraZeneca, Pfizer/BioNTech, Čína",6075784,5941547,12017331
2021-09-23,"Johnson&Johnson, Moderna, Oxford/AstraZeneca, Pfizer/BioNTech",6080746,5947970,12028716
2021-09-24,"Johnson&Johnson, Moderna, Oxford/AstraZeneca, Pfizer/BioNTech",6086511,5957594,12044105
2021-09-25,"Johnson&Johnson, Moderna, Oxford/AstraZeneca, Pfizer/BioNTech",6088014,5959596,12047610
2021-09-26,"Johnson&Johnson, Moderna, Oxford/AstraZeneca, Pfizer/BioNTech",6088762,5961241,12050003
2021-09-27,"Indie/AstraZeneca, Johnson&Johnson, Moderna, Oxford/AstraZeneca, Pfizer/BioNTech, Čína",6092652,5967766,12060418
2021-09-28,"Johnson&Johnson, Moderna, Oxford/AstraZeneca, Pfizer/BioNTech",6093031,5968407,12061438
2021-09-29,"Johnson&Johnson, Moderna, Oxford/AstraZeneca, Pfizer/BioNTech",6096810,5975872,12072682
2021-09-30,"Johnson&Johnson, Moderna, Oxford/AstraZeneca, Pfizer/BioNTech",6101334,5983590,12084924
2021-10-01,"Johnson&Johnson, Moderna, Oxford/AstraZeneca, Pfizer/BioNTech, Čína",6105652,5991584,12097236
2021-10-02,"Johnson&Johnson, Moderna, Oxford/AstraZeneca, Pfizer/BioNTech, Čína",6106719,5993134,12099853
2021-10-03,"Johnson&Johnson, Moderna, Oxford/AstraZeneca, Pfizer/BioNTech",6107444,5994009,12101453
2021-10-04,"Johnson&Johnson, Moderna, Oxford/AstraZeneca, Pfizer/BioNTech",6110526,5999591,12110117
2021-10-05,"Johnson&Johnson, Moderna, Oxford/AstraZeneca, Pfizer/BioNTech",6113690,6004681,12118371
2021-10-06,"Johnson&Johnson, Moderna, Oxford/AstraZeneca, Pfizer/BioNTech",6117213,6009861,12127074
2021-10-07,"Johnson&Johnson, Moderna, Oxford/AstraZeneca, Pfizer/BioNTech",6120500,6015124,12135624
2021-10-08,"Johnson&Johnson, Moderna, Oxford/AstraZeneca, Pfizer/BioNTech",6125298,6021775,12147073
2021-10-09,"Indie/AstraZeneca, Johnson&Johnson, Moderna, Oxford/AstraZeneca, Pfizer/BioNTech",6126544,6023446,12149990
2021-10-10,"Johnson&Johnson, Moderna, Oxford/AstraZeneca, Pfizer/BioNTech",6127492,6024284,12151776
2021-10-11,"Johnson&Johnson, Moderna, Oxford/AstraZeneca, Pfizer/BioNTech",6130422,6028711,12159133
2021-10-12,"Johnson&Johnson, Moderna, Oxford/AstraZeneca, Pfizer/BioNTech",6133365,6032716,12166081
2021-10-13,"Johnson&Johnson, Moderna, Oxford/AstraZeneca, Pfizer/BioNTech",6136901,6036915,12173816
2021-10-14,"Johnson&Johnson, Moderna, Oxford/AstraZeneca, Pfizer/BioNTech",6140576,6041868,12182444
2021-10-15,"Johnson&Johnson, Moderna, Oxford/AstraZeneca, Pfizer/BioNTech",6145811,6048021,12193832
2021-10-16,"Johnson&Johnson, Moderna, Oxford/AstraZeneca, Pfizer/BioNTech",6147228,6049554,12196782
2021-10-17,"Johnson&Johnson, Moderna, Pfizer/BioNTech, Čína",6148554,6050613,12199167
2021-10-18,"Johnson&Johnson, Moderna, Oxford/AstraZeneca, Pfizer/BioNTech",6152668,6054723,12207391
2021-10-19,"Johnson&Johnson, Moderna, Oxford/AstraZeneca, Pfizer/BioNTech",6156254,6056830,12213084
2021-10-20,"Johnson&Johnson, Moderna, Oxford/AstraZeneca, Pfizer/BioNTech",6161147,6061295,12222442
2021-10-21,"Johnson&Johnson, Moderna, Oxford/AstraZeneca, Pfizer/BioNTech",6168918,6066908,12235826
2021-10-22,"Johnson&Johnson, Moderna, Oxford/AstraZeneca, Pfizer/BioNTech",6179382,6073413,12252795
2021-10-23,"Johnson&Johnson, Moderna, Oxford/AstraZeneca, Pfizer/BioNTech",6183066,6075626,12258692
2021-10-24,"Johnson&Johnson, Moderna, Oxford/AstraZeneca, Pfizer/BioNTech",6185753,6077405,12263158
2021-10-25,"Johnson&Johnson, Moderna, Oxford/AstraZeneca, Pfizer/BioNTech",6196266,6083227,12279493
2021-10-26,"Johnson&Johnson, Moderna, Oxford/AstraZeneca, Pfizer/BioNTech",6208263,6089780,12298043
2021-10-27,"Johnson&Johnson, Moderna, Oxford/AstraZeneca, Pfizer/BioNTech, Čína",6222873,6097198,12320071
2021-10-28,"Johnson&Johnson, Moderna, Oxford/AstraZeneca, Pfizer/BioNTech",6226306,6098889,12325195
2021-10-29,"Johnson&Johnson, Moderna, Oxford/AstraZeneca, Pfizer/BioNTech",6240752,6106880,12347632
2021-10-30,"Johnson&Johnson, Moderna, Oxford/AstraZeneca, Pfizer/BioNTech",6245283,6109812,12355095
2021-10-31,"Johnson&Johnson, Moderna, Oxford/AstraZeneca, Pfizer/BioNTech",6249045,6112288,12361333
2021-11-01,"Johnson&Johnson, Moderna, Oxford/AstraZeneca, Pfizer/BioNTech",6264243,6119970,12384213
2021-11-02,"Johnson&Johnson, Moderna, Oxford/AstraZeneca, Pfizer/BioNTech",6279694,6127530,12407224
2021-11-03,"Johnson&Johnson, Moderna, Oxford/AstraZeneca, Pfizer/BioNTech, Čína",6296879,6134824,12431703
2021-11-04,"Johnson&Johnson, Moderna, Oxford/AstraZeneca, Pfizer/BioNTech",6315226,6143004,12458230
2021-11-05,"Johnson&Johnson, Moderna, Oxford/AstraZeneca, Pfizer/BioNTech",6338030,6154296,12492326
2021-11-06,"Johnson&Johnson, Moderna, Oxford/AstraZeneca, Pfizer/BioNTech",6344548,6157356,12501904
2021-11-07,"Johnson&Johnson, Moderna, Oxford/AstraZeneca, Pfizer/BioNTech",6348576,6159794,12508370
2021-11-08,"Johnson&Johnson, Moderna, Oxford/AstraZeneca, Pfizer/BioNTech",6364842,6167424,12532266
2021-11-09,"Johnson&Johnson, Moderna, Oxford/AstraZeneca, Pfizer/BioNTech",6379656,6174729,12554385
2021-11-10,"Johnson&Johnson, Moderna, Oxford/AstraZeneca, Pfizer/BioNTech",6395394,6182117,12577511
2021-11-11,"Johnson&Johnson, Moderna, Oxford/AstraZeneca, Pfizer/BioNTech, Čína",6410871,6191227,12602098
2021-11-12,"Johnson&Johnson, Moderna, Oxford/AstraZeneca, Pfizer/BioNTech",6430674,6204027,12634701
2021-11-13,"Johnson&Johnson, Moderna, Oxford/AstraZeneca, Pfizer/BioNTech",6436071,6207908,12643979
2021-11-14,"Johnson&Johnson, Moderna, Oxford/AstraZeneca, Pfizer/BioNTech",6439970,6210918,12650888
2021-11-15,"Johnson&Johnson, Moderna, Oxford/AstraZeneca, Pfizer/BioNTech",6455058,6221626,12676684
2021-11-16,"Johnson&Johnson, Moderna, Oxford/AstraZeneca, Pfizer/BioNTech",6472589,6233606,12706195
2021-11-17,"Johnson&Johnson, Moderna, Oxford/AstraZeneca, Pfizer/BioNTech",6476834,6237177,12714011
2021-11-18,"Johnson&Johnson, Moderna, Oxford/AstraZeneca, Pfizer/BioNTech",6496249,6248871,12745120
2021-11-19,"Johnson&Johnson, Moderna, Oxford/AstraZeneca, Pfizer/BioNTech",6520860,6265851,12786711
2021-11-20,"Johnson&Johnson, Moderna, Oxford/AstraZeneca, Pfizer/BioNTech",6529437,6270838,12800275
2021-11-21,"Johnson&Johnson, Moderna, Oxford/AstraZeneca, Pfizer/BioNTech",6536205,6274615,12810820
2021-11-22,"Johnson&Johnson, Moderna, Oxford/AstraZeneca, Pfizer/BioNTech",6554715,6288730,12843445
2021-11-23,"Johnson&Johnson, Moderna, Oxford/AstraZeneca, Pfizer/BioNTech",6573781,6301996,12875777
2021-11-24,"Johnson&Johnson, Moderna, Oxford/AstraZeneca, Pfizer/BioNTech",6592792,6317848,12910640
2021-11-25,"Johnson&Johnson, Moderna, Oxford/AstraZeneca, Pfizer/BioNTech",6611937,6332895,12944832
2021-11-26,"Johnson&Johnson, Moderna, Oxford/AstraZeneca, Pfizer/BioNTech",6633595,6352037,12985632
2021-11-27,"Johnson&Johnson, Moderna, Oxford/AstraZeneca, Pfizer/BioNTech",6641067,6357594,12998661
2021-11-28,"Johnson&Johnson, Moderna, Oxford/AstraZeneca, Pfizer/BioNTech",6644400,6360734,13005134
2021-11-29,"Johnson&Johnson, Moderna, Oxford/AstraZeneca, Pfizer/BioNTech",6659607,6374398,13034005
2021-11-30,"Johnson&Johnson, Moderna, Oxford/AstraZeneca, Pfizer/BioNTech",6672810,6385631,13058441
2021-12-01,"Johnson&Johnson, Moderna, Oxford/AstraZeneca, Pfizer/BioNTech",6686850,6398092,13084942
2021-12-02,"Johnson&Johnson, Moderna, Oxford/AstraZeneca, Pfizer/BioNTech",6697493,6410588,13108081
2021-12-03,"Johnson&Johnson, Moderna, Oxford/AstraZeneca, Pfizer/BioNTech",6707132,6426168,13133300
2021-12-04,"Johnson&Johnson, Moderna, Pfizer/BioNTech",6709689,6430126,13139815
2021-12-05,"Johnson&Johnson, Moderna, Oxford/AstraZeneca, Pfizer/BioNTech",6711050,6432471,13143521
2021-12-06,"Johnson&Johnson, Moderna, Oxford/AstraZeneca, Pfizer/BioNTech",6719199,6444000,13163199
2021-12-07,"Johnson&Johnson, Moderna, Oxford/AstraZeneca, Pfizer/BioNTech",6727089,6456013,13183102
2021-12-08,"Johnson&Johnson, Moderna, Oxford/AstraZeneca, Pfizer/BioNTech",6735335,6461943,13197278
2021-12-09,"Johnson&Johnson, Moderna, Oxford/AstraZeneca, Pfizer/BioNTech",6742455,6474766,13217221
2021-12-10,"Johnson&Johnson, Moderna, Oxford/AstraZeneca, Pfizer/BioNTech",6749385,6492574,13241959
2021-12-11,"Johnson&Johnson, Moderna, Oxford/AstraZeneca, Pfizer/BioNTech",6751040,6497841,13248881
2021-12-12,"Johnson&Johnson, Moderna, Oxford/AstraZeneca, Pfizer/BioNTech",6752351,6502278,13254629
2021-12-13,"Johnson&Johnson, Moderna, Oxford/AstraZeneca, Pfizer/BioNTech",6758707,6515590,13274297
2021-12-14,"Johnson&Johnson, Moderna, Oxford/AstraZeneca, Pfizer/BioNTech",6764917,6529261,13294178
2021-12-15,"Johnson&Johnson, Moderna, Oxford/AstraZeneca, Pfizer/BioNTech",6771124,6542858,13313982
2021-12-16,"Johnson&Johnson, Moderna, Oxford/AstraZeneca, Pfizer/BioNTech",6778068,6557694,13335762
2021-12-17,"Johnson&Johnson, Moderna, Oxford/AstraZeneca, Pfizer/BioNTech",6786434,6574964,13361398
2021-12-18,"Johnson&Johnson, Moderna, Oxford/AstraZeneca, Pfizer/BioNTech",6789045,6580421,13369466
2021-12-19,"Johnson&Johnson, Moderna, Pfizer/BioNTech",6790817,6582925,13373742
2021-12-20,"Johnson&Johnson, Moderna, Oxford/AstraZeneca, Pfizer/BioNTech",6796668,6596988,13393656
2021-12-21,"Johnson&Johnson, Moderna, Oxford/AstraZeneca, Pfizer/BioNTech",6803330,6608993,13412323
2021-12-22,"Johnson&Johnson, Moderna, Oxford/AstraZeneca, Pfizer/BioNTech",6808377,6622053,13430430
2021-12-23,"Johnson&Johnson, Moderna, Oxford/AstraZeneca, Pfizer/BioNTech",6811251,6627657,13438908
2021-12-24,"Johnson&Johnson, Moderna, Oxford/AstraZeneca, Pfizer/BioNTech",6811297,6627761,13439058
2021-12-25,"Moderna, Pfizer/BioNTech",6811299,6627769,13439068
2021-12-26,"Moderna, Pfizer/BioNTech",6811401,6627972,13439373
2021-12-27,"Johnson&Johnson, Moderna, Pfizer/BioNTech",6815268,6637718,13452986
2021-12-28,"Johnson&Johnson, Moderna, Oxford/AstraZeneca, Pfizer/BioNTech",6820508,6645716,13466224
2021-12-29,"Johnson&Johnson, Moderna, Oxford/AstraZeneca, Pfizer/BioNTech",6824790,6653437,13478227
2021-12-30,"Johnson&Johnson, Moderna, Pfizer/BioNTech",6829091,6658871,13487962
2021-12-31,"Johnson&Johnson, Moderna, Pfizer/BioNTech",6829602,6660296,13489898
2022-01-01,"Moderna, Pfizer/BioNTech",6829608,6660314,13489922
2022-01-02,"Johnson&Johnson, Moderna, Pfizer/BioNTech",6830464,6661691,13492155
2022-01-03,"Johnson&Johnson, Moderna, Oxford/AstraZeneca, Pfizer/BioNTech",6834600,6670600,13505200
2022-01-04,"Johnson&Johnson, Moderna, Oxford/AstraZeneca, Pfizer/BioNTech",6839683,6678356,13518039
2022-01-05,"Johnson&Johnson, Moderna, Oxford/AstraZeneca, Pfizer/BioNTech",6845505,6686330,13531835
2022-01-06,"Johnson&Johnson, Moderna, Oxford/AstraZeneca, Pfizer/BioNTech",6852091,6694731,13546822
2022-01-07,"Johnson&Johnson, Moderna, Oxford/AstraZeneca, Pfizer/BioNTech",6859967,6705087,13565054
2022-01-08,"Johnson&Johnson, Moderna, Oxford/AstraZeneca, Pfizer/BioNTech",6862445,6707865,13570310
2022-01-09,"Johnson&Johnson, Moderna, Pfizer/BioNTech",6863528,6709561,13573089
2022-01-10,"Johnson&Johnson, Moderna, Oxford/AstraZeneca, Pfizer/BioNTech",6868035,6715754,13583789
2022-01-11,"Johnson&Johnson, Moderna, Oxford/AstraZeneca, Pfizer/BioNTech",6873484,6722510,13595994
2022-01-12,"Johnson&Johnson, Moderna, Oxford/AstraZeneca, Pfizer/BioNTech",6879441,6728153,13607594
2022-01-13,"Johnson&Johnson, Moderna, Oxford/AstraZeneca, Pfizer/BioNTech",6885330,6732929,13618259
2022-01-14,"Johnson&Johnson, Moderna, Oxford/AstraZeneca, Pfizer/BioNTech",6891632,6736560,13628192
2022-01-15,"Johnson&Johnson, Moderna, Oxford/AstraZeneca, Pfizer/BioNTech",6892908,6737216,13630124
2022-01-16,"Johnson&Johnson, Moderna, Oxford/AstraZeneca, Pfizer/BioNTech",6893598,6737653,13631251
2022-01-17,"Johnson&Johnson, Moderna, Oxford/AstraZeneca, Pfizer/BioNTech",6897153,6741609,13638762
2022-01-18,"Johnson&Johnson, Moderna, Oxford/AstraZeneca, Pfizer/BioNTech",6901002,6746560,13647562
2022-01-19,"Johnson&Johnson, Moderna, Oxford/AstraZeneca, Pfizer/BioNTech",6905071,6750492,13655563
2022-01-20,"Johnson&Johnson, Moderna, Oxford/AstraZeneca, Pfizer/BioNTech",6908669,6754947,13663616
2022-01-21,"Johnson&Johnson, Moderna, Oxford/AstraZeneca, Pfizer/BioNTech",6912667,6757475,13670142
2022-01-22,"Johnson&Johnson, Moderna, Pfizer/BioNTech",6913446,6757916,13671362
2022-01-23,"Johnson&Johnson, Moderna, Pfizer/BioNTech",6914007,6758550,13672557
2022-01-24,"Johnson&Johnson, Moderna, Oxford/AstraZeneca, Pfizer/BioNTech",6916279,6761986,13678265
2022-01-25,"Johnson&Johnson, Moderna, Oxford/AstraZeneca, Pfizer/BioNTech",6918637,6765980,13684617
2022-01-26,"Johnson&Johnson, Moderna, Oxford/AstraZeneca, Pfizer/BioNTech",6921022,6770549,13691571
2022-01-27,"Johnson&Johnson, Moderna, Oxford/AstraZeneca, Pfizer/BioNTech",6923344,6775361,13698705
2022-01-28,"Johnson&Johnson, Moderna, Oxford/AstraZeneca, Pfizer/BioNTech",6926262,6781524,13707786
2022-01-29,"Johnson&Johnson, Moderna, Oxford/AstraZeneca, Pfizer/BioNTech",6926864,6783175,13710039
2022-01-30,"Johnson&Johnson, Moderna, Pfizer/BioNTech",6927091,6783957,13711048
2022-01-31,"Johnson&Johnson, Moderna, Pfizer/BioNTech",6928632,6787884,13716516
2022-02-01,"Johnson&Johnson, Moderna, Pfizer/BioNTech",6930227,6791916,13722143
2022-02-02,"Johnson&Johnson, Moderna, Oxford/AstraZeneca, Pfizer/BioNTech",6931792,6796428,13728220
2022-02-03,"Johnson&Johnson, Moderna, Pfizer/BioNTech",6933172,6800913,13734085
2022-02-04,"Johnson&Johnson, Moderna, Pfizer/BioNTech",6934773,6806028,13740801
2022-02-05,"Johnson&Johnson, Moderna, Pfizer/BioNTech",6934946,6806638,13741584
2022-02-06,"Johnson&Johnson, Moderna, Pfizer/BioNTech",6935042,6806957,13741999
2022-02-07,"Johnson&Johnson, Moderna, Pfizer/BioNTech",6935745,6810166,13745911
2022-02-08,"Johnson&Johnson, Moderna, Pfizer/BioNTech",6936540,6813355,13749895
2022-02-09,"Johnson&Johnson, Moderna, Pfizer/BioNTech",6937362,6816729,13754091
2022-02-10,"Johnson&Johnson, Moderna, Pfizer/BioNTech",6938164,6819860,13758024
2022-02-11,"Johnson&Johnson, Moderna, Pfizer/BioNTech",6939118,6823775,13762893
2022-02-12,"Johnson&Johnson, Moderna, Pfizer/BioNTech",6939228,6824194,13763422
2022-02-13,"Johnson&Johnson, Moderna, Pfizer/BioNTech",6939265,6824632,13763897
2022-02-14,"Johnson&Johnson, Moderna, Pfizer/BioNTech",6939723,6826744,13766467
2022-02-15,"Johnson&Johnson, Moderna, Pfizer/BioNTech",6940276,6828954,13769230
2022-02-16,"Johnson&Johnson, Moderna, Pfizer/BioNTech",6940867,6831053,13771920
2022-02-17,"Johnson&Johnson, Moderna, Pfizer/BioNTech",6941462,6833395,13774857
2022-02-18,"Johnson&Johnson, Moderna, Oxford/AstraZeneca, Pfizer/BioNTech",6942104,6836448,13778552
2022-02-19,"Johnson&Johnson, Moderna, Pfizer/BioNTech",6942184,6836729,13778913
2022-02-20,"Johnson&Johnson, Moderna, Oxford/AstraZeneca, Pfizer/BioNTech",6942222,6836878,13779100
2022-02-21,"Johnson&Johnson, Moderna, Pfizer/BioNTech",6942586,6838577,13781163
2022-02-22,"Johnson&Johnson, Moderna, Oxford/AstraZeneca, Pfizer/BioNTech",6942979,6840275,13783254
2022-02-23,"Johnson&Johnson, Moderna, Pfizer/BioNTech",6943435,6841918,13785353
2022-02-24,"Johnson&Johnson, Moderna, Pfizer/BioNTech",6943843,6843549,13787392
2022-02-25,"Johnson&Johnson, Moderna, Pfizer/BioNTech",6944426,6845634,13790060
2022-02-26,"Johnson&Johnson, Moderna, Pfizer/BioNTech",6944487,6845795,13790282
2022-02-27,"Johnson&Johnson, Moderna, Pfizer/BioNTech",6944517,6845871,13790388
2022-02-28,"Johnson&Johnson, Moderna, Pfizer/BioNTech",6944763,6846847,13791610
2022-03-01,"Johnson&Johnson, Moderna, Pfizer/BioNTech",6945070,6847631,13792701
2022-03-02,"Johnson&Johnson, Moderna, Novavax, Pfizer/BioNTech",6945443,6848539,13793982
2022-03-03,"Johnson&Johnson, Moderna, Novavax, Pfizer/BioNTech",6945780,6849482,13795262
2022-03-04,"Johnson&Johnson, Moderna, Novavax, Pfizer/BioNTech",6946412,6850703,13797115
2022-03-05,"Johnson&Johnson, Moderna, Novavax, Pfizer/BioNTech",6946493,6850796,13797289
2022-03-06,"Moderna, Novavax, Pfizer/BioNTech",6946506,6850814,13797320
2022-03-07,"Johnson&Johnson, Moderna, Novavax, Pfizer/BioNTech",6946841,6851372,13798213
2022-03-08,"Johnson&Johnson, Moderna, Novavax, Pfizer/BioNTech",6947176,6851914,13799090
2022-03-09,"Johnson&Johnson, Moderna, Novavax, Pfizer/BioNTech",6947565,6852503,13800068
2022-03-10,"Johnson&Johnson, Moderna, Novavax, Pfizer/BioNTech",6947977,6853174,13801151
2022-03-11,"Johnson&Johnson, Moderna, Novavax, Pfizer/BioNTech",6948726,6854084,13802810
2022-03-12,"Johnson&Johnson, Moderna, Novavax, Pfizer/BioNTech",6948797,6854189,13802986
2022-03-13,"Johnson&Johnson, Moderna, Novavax, Pfizer/BioNTech",6948810,6854208,13803018
2022-03-14,"Johnson&Johnson, Moderna, Novavax, Pfizer/BioNTech",6949077,6854590,13803667
2022-03-15,"Johnson&Johnson, Moderna, Novavax, Pfizer/BioNTech",6949361,6855026,13804387
2022-03-16,"Johnson&Johnson, Moderna, Novavax, Pfizer/BioNTech",6949680,6855569,13805249
2022-03-17,"Johnson&Johnson, Moderna, Novavax, Oxford/AstraZeneca, Pfizer/BioNTech",6949976,6856001,13805977
2022-03-18,"Johnson&Johnson, Moderna, Novavax, Pfizer/BioNTech",6950674,6856796,13807470
2022-03-19,"Moderna, Novavax, Pfizer/BioNTech",6950730,6856841,13807571
2022-03-20,"Moderna, Novavax, Pfizer/BioNTech",6950748,6856853,13807601
2022-03-21,"Johnson&Johnson, Moderna, Novavax, Pfizer/BioNTech",6950936,6857180,13808116
2022-03-22,"Johnson&Johnson, Moderna, Novavax, Pfizer/BioNTech",6951177,6857579,13808756
2022-03-23,"Johnson&Johnson, Moderna, Novavax, Pfizer/BioNTech",6951514,6858018,13809532
2022-03-24,"Johnson&Johnson, Moderna, Novavax, Pfizer/BioNTech",6951825,6858491,13810316
2022-03-25,"Johnson&Johnson, Moderna, Novavax, Pfizer/BioNTech",6952320,6859300,13811620
2022-03-26,"Johnson&Johnson, Moderna, Novavax, Pfizer/BioNTech",6952372,6859378,13811750
2022-03-27,"Moderna, Novavax, Pfizer/BioNTech",6952388,6859395,13811783
2022-03-28,"Johnson&Johnson, Moderna, Novavax, Pfizer/BioNTech",6952543,6859773,13812316
2022-03-29,"Johnson&Johnson, Moderna, Novavax, Pfizer/BioNTech",6952805,6860179,13812984
2022-03-30,"Johnson&Johnson, Moderna, Novavax, Pfizer/BioNTech",6953110,6860672,13813782
2022-03-31,"Johnson&Johnson, Moderna, Novavax, Pfizer/BioNTech",6953408,6861164,13814572
2022-04-01,"Johnson&Johnson, Moderna, Novavax, Pfizer/BioNTech",6954019,6861924,13815943
2022-04-02,"Moderna, Novavax, Pfizer/BioNTech",6954076,6862009,13816085
2022-04-03,"Moderna, Novavax, Pfizer/BioNTech",6954089,6862038,13816127
2022-04-04,"Johnson&Johnson, Moderna, Novavax, Pfizer/BioNTech",6954266,6862320,13816586
2022-04-05,"Johnson&Johnson, Moderna, Novavax, Pfizer/BioNTech",6954457,6862556,13817013
2022-04-06,"Johnson&Johnson, Moderna, Novavax, Pfizer/BioNTech",6954674,6862902,13817576
2022-04-07,"Johnson&Johnson, Moderna, Novavax, Pfizer/BioNTech",6954898,6863320,13818218
2022-04-08,"Johnson&Johnson, Moderna, Novavax, Pfizer/BioNTech",6955352,6864043,13819395
2022-04-09,"Johnson&Johnson, Moderna, Novavax, Pfizer/BioNTech",6955412,6864115,13819527
2022-04-10,"Moderna, Novavax, Pfizer/BioNTech",6955425,6864124,13819549
2022-04-11,"Johnson&Johnson, Moderna, Novavax, Pfizer/BioNTech",6955587,6864355,13819942
2022-04-12,"Johnson&Johnson, Moderna, Novavax, Pfizer/BioNTech",6955834,6864653,13820487
2022-04-13,"Johnson&Johnson, Moderna, Novavax, Pfizer/BioNTech",6956075,6865007,13821082
2022-04-14,"Johnson&Johnson, Moderna, Novavax, Pfizer/BioNTech",6956337,6865392,13821729
2022-04-15,"Moderna, Novavax, Pfizer/BioNTech",6956353,6865423,13821776
2022-04-16,"Johnson&Johnson, Moderna, Novavax, Pfizer/BioNTech",6956373,6865457,13821830
2022-04-17,"Moderna, Novavax, Pfizer/BioNTech",6956374,6865458,13821832
2022-04-18,"Moderna, Novavax, Pfizer/BioNTech",6956388,6865475,13821863
2022-04-19,"Johnson&Johnson, Moderna, Novavax, Pfizer/BioNTech",6956527,6865813,13822340
2022-04-20,"Johnson&Johnson, Moderna, Novavax, Pfizer/BioNTech",6956750,6866203,13822953
2022-04-21,"Johnson&Johnson, Moderna, Novavax, Pfizer/BioNTech",6956967,6866627,13823594
2022-04-22,"Johnson&Johnson, Moderna, Novavax, Pfizer/BioNTech",6957432,6867454,13824886
2022-04-23,"Moderna, Novavax, Pfizer/BioNTech",6957463,6867533,13824996
2022-04-24,"Moderna, Novavax, Pfizer/BioNTech",6957468,6867544,13825012
2022-04-25,"Johnson&Johnson, Moderna, Novavax, Pfizer/BioNTech",6957624,6867752,13825376
2022-04-26,"Johnson&Johnson, Moderna, Novavax, Pfizer/BioNTech",6957764,6868016,13825780
2022-04-27,"Johnson&Johnson, Moderna, Novavax, Pfizer/BioNTech",6958031,6868346,13826377
2022-04-28,"Johnson&Johnson, Moderna, Novavax, Pfizer/BioNTech",6958226,6868636,13826862
2022-04-29,"Johnson&Johnson, Moderna, Novavax, Pfizer/BioNTech",6958661,6869225,13827886
2022-04-30,"Moderna, Novavax, Pfizer/BioNTech",6958701,6869292,13827993
2022-05-01,"Moderna, Novavax, Oxford/AstraZeneca, Pfizer/BioNTech",6958706,6869302,13828008
2022-05-02,"Johnson&Johnson, Moderna, Novavax, Pfizer/BioNTech",6958836,6869484,13828320
2022-05-03,"Johnson&Johnson, Moderna, Novavax, Pfizer/BioNTech",6958993,6869740,13828733
2022-05-04,"Johnson&Johnson, Moderna, Novavax, Pfizer/BioNTech",6959199,6870015,13829214
2022-05-05,"Johnson&Johnson, Moderna, Novavax, Pfizer/BioNTech",6959406,6870305,13829711
2022-05-06,"Johnson&Johnson, Moderna, Novavax, Pfizer/BioNTech",6959782,6870647,13830429
2022-05-07,"Moderna, Novavax, Pfizer/BioNTech",6959809,6870673,13830482
2022-05-08,"Moderna, Pfizer/BioNTech",6959810,6870681,13830491
2022-05-09,"Johnson&Johnson, Moderna, Novavax, Pfizer/BioNTech",6959918,6870771,13830689
2022-05-10,"Johnson&Johnson, Moderna, Novavax, Pfizer/BioNTech",6960073,6871008,13831081
2022-05-11,"Johnson&Johnson, Moderna, Novavax, Oxford/AstraZeneca, Pfizer/BioNTech",6960293,6871275,13831568
2022-05-12,"Johnson&Johnson, Moderna, Novavax, Pfizer/BioNTech",6960492,6871552,13832044
2022-05-13,"Johnson&Johnson, Moderna, Novavax, Pfizer/BioNTech",6960838,6872051,13832889
2022-05-14,"Johnson&Johnson, Moderna, Novavax, Pfizer/BioNTech",6960879,6872091,13832970
2022-05-15,"Johnson&Johnson, Moderna, Novavax, Pfizer/BioNTech",6960892,6872102,13832994
2022-05-16,"Johnson&Johnson, Moderna, Novavax, Pfizer/BioNTech",6961002,6872222,13833224
2022-05-17,"Johnson&Johnson, Moderna, Novavax, Pfizer/BioNTech",6961144,6872377,13833521
2022-05-18,"Johnson&Johnson, Moderna, Novavax, Pfizer/BioNTech",6961380,6872708,13834088
2022-05-19,"Johnson&Johnson, Moderna, Novavax, Pfizer/BioNTech",6961573,6872959,13834532
2022-05-20,"Johnson&Johnson, Moderna, Novavax, Pfizer/BioNTech",6961873,6873511,13835384
2022-05-21,"Johnson&Johnson, Moderna, Novavax, Pfizer/BioNTech",6961912,6873540,13835452
2022-05-22,"Moderna, Pfizer/BioNTech",6961920,6873546,13835466
2022-05-23,"Johnson&Johnson, Moderna, Novavax, Pfizer/BioNTech",6962042,6873701,13835743
2022-05-24,"Johnson&Johnson, Moderna, Novavax, Pfizer/BioNTech",6962174,6873874,13836048
2022-05-25,"Johnson&Johnson, Moderna, Novavax, Oxford/AstraZeneca, Pfizer/BioNTech",6962349,6874123,13836472
2022-05-26,"Johnson&Johnson, Moderna, Novavax, Pfizer/BioNTech",6962501,6874348,13836849
2022-05-27,"Johnson&Johnson, Moderna, Novavax, Pfizer/BioNTech",6962767,6874814,13837581
2022-05-28,"Moderna, Novavax, Pfizer/BioNTech",6962804,6874863,13837667
2022-05-29,"Moderna, Novavax, Pfizer/BioNTech",6962813,6874867,13837680
2022-05-30,"Johnson&Johnson, Moderna, Novavax, Pfizer/BioNTech",6962895,6875024,13837919
2022-05-31,"Johnson&Johnson, Moderna, Novavax, Pfizer/BioNTech",6963044,6875220,13838264
2022-06-01,"Johnson&Johnson, Moderna, Novavax, Pfizer/BioNTech",6963170,6875450,13838620
2022-06-02,"Moderna, Novavax, Pfizer/BioNTech",6963295,6875681,13838976
2022-06-03,"Johnson&Johnson, Moderna, Novavax, Pfizer/BioNTech",6963552,6876140,13839692
2022-06-04,"Johnson&Johnson, Moderna, Novavax, Pfizer/BioNTech",6963585,6876180,13839765
2022-06-05,"Moderna, Novavax, Pfizer/BioNTech",6963592,6876186,13839778
2022-06-06,"Johnson&Johnson, Moderna, Novavax, Pfizer/BioNTech",6963676,6876328,13840004
2022-06-07,"Johnson&Johnson, Moderna, Novavax, Pfizer/BioNTech",6963760,6876484,13840244
2022-06-08,"Johnson&Johnson, Moderna, Novavax, Pfizer/BioNTech",6963894,6876732,13840626
2022-06-09,"Johnson&Johnson, Moderna, Novavax, Pfizer/BioNTech",6963988,6876933,13840921
2022-06-10,"Johnson&Johnson, Moderna, Novavax, Pfizer/BioNTech",6964164,6877265,13841429
2022-06-11,"Moderna, Novavax, Pfizer/BioNTech",6964178,6877304,13841482
2022-06-12,"Moderna, Novavax, Pfizer/BioNTech",6964184,6877327,13841511
2022-06-13,"Johnson&Johnson, Moderna, Novavax, Oxford/AstraZeneca, Pfizer/BioNTech",6964234,6877450,13841684
2022-06-14,"Johnson&Johnson, Moderna, Novavax, Pfizer/BioNTech",6964314,6877598,13841912
2022-06-15,"Johnson&Johnson, Moderna, Novavax, Pfizer/BioNTech",6964393,6877787,13842180
2022-06-16,"Johnson&Johnson, Moderna, Novavax, Pfizer/BioNTech",6964463,6877963,13842426
2022-06-17,"Johnson&Johnson, Moderna, Novavax, Pfizer/BioNTech",6964616,6878248,13842864
2022-06-18,"Moderna, Novavax, Pfizer/BioNTech",6964629,6878287,13842916
2022-06-19,"Moderna, Pfizer/BioNTech",6964632,6878295,13842927
2022-06-20,"Johnson&Johnson, Moderna, Novavax, Pfizer/BioNTech",6964692,6878411,13843103
2022-06-21,"Johnson&Johnson, Moderna, Novavax, Pfizer/BioNTech",6964754,6878537,13843291
2022-06-22,"Johnson&Johnson, Moderna, Novavax, Pfizer/BioNTech",6964848,6878712,13843560
2022-06-23,"Johnson&Johnson, Moderna, Novavax, Pfizer/BioNTech",6964909,6878871,13843780
2022-06-24,"Johnson&Johnson, Moderna, Novavax, Pfizer/BioNTech",6965053,6879211,13844264
2022-06-25,"Moderna, Novavax, Pfizer/BioNTech",6965072,6879262,13844334
2022-06-26,"Moderna, Pfizer/BioNTech",6965073,6879272,13844345
