date,vaccine,people_vaccinated,people_fully_vaccinated,total_vaccinations
2020-12-27,Pfizer/BioNTech,1286,0,1286
2020-12-28,Pfizer/BioNTech,3589,0,3589
2020-12-29,Pfizer/BioNTech,7060,1,7061
2020-12-30,Pfizer/BioNTech,10576,1,10577
2020-12-31,Pfizer/BioNTech,11889,1,11890
2021-01-01,"Moderna, Pfizer/BioNTech",12160,1,12161
2021-01-02,"Moderna, Pfizer/BioNTech",13446,2,13448
2021-01-03,"Moderna, Pfizer/BioNTech",14373,2,14375
2021-01-04,"Moderna, Pfizer/BioNTech",17980,3,17983
2021-01-05,"Moderna, Pfizer/BioNTech",22498,4,22502
2021-01-06,"Moderna, Pfizer/BioNTech",28340,5,28345
2021-01-07,"Moderna, Pfizer/BioNTech",36337,5,36342
2021-01-08,"Moderna, Pfizer/BioNTech",46389,6,46395
2021-01-09,"Moderna, Pfizer/BioNTech",48415,8,48423
2021-01-10,Pfizer/BioNTech,50187,10,50197
2021-01-11,"Moderna, Pfizer/BioNTech",60042,12,60054
2021-01-12,"Moderna, Pfizer/BioNTech",73496,14,73510
2021-01-13,"Moderna, Pfizer/BioNTech",87041,15,87056
2021-01-14,"Moderna, Pfizer/BioNTech",102291,19,102310
2021-01-15,"Moderna, Pfizer/BioNTech",116311,20,116331
2021-01-16,"Moderna, Pfizer/BioNTech",119715,24,119739
2021-01-17,"Moderna, Pfizer/BioNTech",122333,660,122993
2021-01-18,"Moderna, Pfizer/BioNTech",134824,2486,137310
2021-01-19,"Moderna, Pfizer/BioNTech",147434,5215,152649
2021-01-20,"Moderna, Pfizer/BioNTech",161131,7880,169011
2021-01-21,"Moderna, Pfizer/BioNTech",176784,9623,186407
2021-01-22,"Moderna, Pfizer/BioNTech",191675,10668,202343
2021-01-23,"Moderna, Pfizer/BioNTech",194993,11548,206541
2021-01-24,"Moderna, Pfizer/BioNTech",197249,12419,209668
2021-01-25,"Moderna, Pfizer/BioNTech",206904,15384,222288
2021-01-26,"Moderna, Pfizer/BioNTech",217452,19370,236822
2021-01-27,"Moderna, Pfizer/BioNTech",226483,23901,250384
2021-01-28,"Moderna, Pfizer/BioNTech",233589,30034,263623
2021-01-29,"Indie/AstraZeneca, Moderna, Pfizer/BioNTech",239805,37943,277748
2021-01-30,"Moderna, Pfizer/BioNTech",240546,39031,279577
2021-01-31,"Moderna, Pfizer/BioNTech",241265,40213,281478
2021-02-01,"Moderna, Pfizer/BioNTech",245248,48180,293428
2021-02-02,"Moderna, Pfizer/BioNTech",249404,58420,307824
2021-02-03,"Moderna, Pfizer/BioNTech",253831,69439,323270
2021-02-04,"Moderna, Pfizer/BioNTech",258738,82430,341168
2021-02-05,"Moderna, Pfizer/BioNTech",264212,93103,357315
2021-02-06,"Moderna, Oxford/AstraZeneca, Pfizer/BioNTech",265069,95469,360538
2021-02-07,"Moderna, Oxford/AstraZeneca, Pfizer/BioNTech",265920,97968,363888
2021-02-08,"Moderna, Oxford/AstraZeneca, Pfizer/BioNTech",270011,109395,379406
2021-02-09,"Moderna, Oxford/AstraZeneca, Pfizer/BioNTech",275123,121307,396430
2021-02-10,"Moderna, Oxford/AstraZeneca, Pfizer/BioNTech",280643,134567,415210
2021-02-11,"Moderna, Oxford/AstraZeneca, Pfizer/BioNTech",286985,150786,437771
2021-02-12,"Moderna, Oxford/AstraZeneca, Pfizer/BioNTech",293813,165534,459347
2021-02-13,"Moderna, Oxford/AstraZeneca, Pfizer/BioNTech",295431,168521,463952
2021-02-14,"Moderna, Oxford/AstraZeneca, Pfizer/BioNTech",296437,169907,466344
2021-02-15,"Moderna, Oxford/AstraZeneca, Pfizer/BioNTech",302837,179278,482115
2021-02-16,"Moderna, Oxford/AstraZeneca, Pfizer/BioNTech",311555,188359,499914
2021-02-17,"Moderna, Oxford/AstraZeneca, Pfizer/BioNTech",321257,196671,517928
2021-02-18,"Moderna, Oxford/AstraZeneca, Pfizer/BioNTech",333586,204754,538340
2021-02-19,"Moderna, Oxford/AstraZeneca, Pfizer/BioNTech",345452,212131,557583
2021-02-20,"Moderna, Oxford/AstraZeneca, Pfizer/BioNTech",347462,213317,560779
2021-02-21,"Moderna, Oxford/AstraZeneca, Pfizer/BioNTech",348599,214343,562942
2021-02-22,"Moderna, Oxford/AstraZeneca, Pfizer/BioNTech",358723,220380,579103
2021-02-23,"Moderna, Oxford/AstraZeneca, Pfizer/BioNTech",371687,227372,599059
2021-02-24,"Moderna, Oxford/AstraZeneca, Pfizer/BioNTech",385569,233413,618982
2021-02-25,"Moderna, Oxford/AstraZeneca, Pfizer/BioNTech",403551,238964,642515
2021-02-26,"Moderna, Oxford/AstraZeneca, Pfizer/BioNTech",419730,244324,664054
2021-02-27,"Moderna, Oxford/AstraZeneca, Pfizer/BioNTech",422739,244882,667621
2021-02-28,"Moderna, Oxford/AstraZeneca, Pfizer/BioNTech",425097,245433,670530
2021-03-01,"Moderna, Oxford/AstraZeneca, Pfizer/BioNTech",444696,248880,693576
2021-03-02,"Indie/AstraZeneca, Moderna, Oxford/AstraZeneca, Pfizer/BioNTech",471928,252435,724363
2021-03-03,"Moderna, Oxford/AstraZeneca, Pfizer/BioNTech",502881,256947,759828
2021-03-04,"Moderna, Oxford/AstraZeneca, Pfizer/BioNTech",536166,261638,797804
2021-03-05,"Johnson&Johnson, Moderna, Oxford/AstraZeneca, Pfizer/BioNTech",565013,267067,832080
2021-03-06,"Johnson&Johnson, Moderna, Oxford/AstraZeneca, Pfizer/BioNTech",577173,267933,845106
2021-03-07,"Johnson&Johnson, Moderna, Oxford/AstraZeneca, Pfizer/BioNTech",588723,268776,857499
2021-03-08,"Johnson&Johnson, Moderna, Oxford/AstraZeneca, Pfizer/BioNTech",618471,273639,892110
2021-03-09,"Johnson&Johnson, Moderna, Oxford/AstraZeneca, Pfizer/BioNTech",654843,280025,934868
2021-03-10,"Johnson&Johnson, Moderna, Oxford/AstraZeneca, Pfizer/BioNTech",696176,286985,983161
2021-03-11,"Johnson&Johnson, Moderna, Oxford/AstraZeneca, Pfizer/BioNTech",741034,295360,1036394
2021-03-12,"Johnson&Johnson, Moderna, Oxford/AstraZeneca, Pfizer/BioNTech, Čína",779795,303861,1083656
2021-03-13,"Johnson&Johnson, Moderna, Oxford/AstraZeneca, Pfizer/BioNTech",796908,305177,1102085
2021-03-14,"Johnson&Johnson, Moderna, Oxford/AstraZeneca, Pfizer/BioNTech",809026,306334,1115360
2021-03-15,"Johnson&Johnson, Moderna, Oxford/AstraZeneca, Pfizer/BioNTech",837422,315114,1152536
2021-03-16,"Johnson&Johnson, Moderna, Oxford/AstraZeneca, Pfizer/BioNTech",876320,325650,1201970
2021-03-17,"Moderna, Oxford/AstraZeneca, Pfizer/BioNTech",913807,336165,1249972
2021-03-18,"Johnson&Johnson, Moderna, Oxford/AstraZeneca, Pfizer/BioNTech",951814,348591,1300405
2021-03-19,"Johnson&Johnson, Moderna, Oxford/AstraZeneca, Pfizer/BioNTech",986334,362205,1348539
2021-03-20,"Johnson&Johnson, Moderna, Oxford/AstraZeneca, Pfizer/BioNTech",1001517,364235,1365752
2021-03-21,"Johnson&Johnson, Moderna, Oxford/AstraZeneca, Pfizer/BioNTech",1008965,365795,1374760
2021-03-22,"Indie/AstraZeneca, Johnson&Johnson, Moderna, Oxford/AstraZeneca, Pfizer/BioNTech",1033541,378295,1411836
2021-03-23,"Johnson&Johnson, Moderna, Oxford/AstraZeneca, Pfizer/BioNTech",1060218,391663,1451881
2021-03-24,"Johnson&Johnson, Moderna, Oxford/AstraZeneca, Pfizer/BioNTech",1087115,407406,1494521
2021-03-25,"Indie/AstraZeneca, Johnson&Johnson, Moderna, Oxford/AstraZeneca, Pfizer/BioNTech",1113475,425260,1538735
2021-03-26,"Johnson&Johnson, Moderna, Oxford/AstraZeneca, Pfizer/BioNTech",1138315,442773,1581088
2021-03-27,"Johnson&Johnson, Moderna, Oxford/AstraZeneca, Pfizer/BioNTech, Čína",1146778,447620,1594398
2021-03-28,"Moderna, Oxford/AstraZeneca, Pfizer/BioNTech, Čína",1152326,451768,1604094
2021-03-29,"Johnson&Johnson, Moderna, Oxford/AstraZeneca, Pfizer/BioNTech",1171487,472502,1643989
2021-03-30,"Johnson&Johnson, Moderna, Oxford/AstraZeneca, Pfizer/BioNTech",1196196,494690,1690886
2021-03-31,"Johnson&Johnson, Moderna, Oxford/AstraZeneca, Pfizer/BioNTech",1219356,521759,1741115
2021-04-01,"Indie/AstraZeneca, Johnson&Johnson, Moderna, Oxford/AstraZeneca, Pfizer/BioNTech",1245048,553816,1798864
2021-04-02,"Indie/AstraZeneca, Johnson&Johnson, Moderna, Oxford/AstraZeneca, Pfizer/BioNTech",1252033,566614,1818647
2021-04-03,"Johnson&Johnson, Moderna, Oxford/AstraZeneca, Pfizer/BioNTech",1255689,577547,1833236
2021-04-04,"Johnson&Johnson, Moderna, Oxford/AstraZeneca, Pfizer/BioNTech",1258236,586473,1844709
2021-04-05,"Johnson&Johnson, Moderna, Oxford/AstraZeneca, Pfizer/BioNTech",1260669,593678,1854347
2021-04-06,"Indie/AstraZeneca, Johnson&Johnson, Moderna, Oxford/AstraZeneca, Pfizer/BioNTech, Čína",1276888,622953,1899841
2021-04-07,"Johnson&Johnson, Moderna, Oxford/AstraZeneca, Pfizer/BioNTech",1300390,645192,1945582
2021-04-08,"Johnson&Johnson, Moderna, Oxford/AstraZeneca, Pfizer/BioNTech",1339212,676241,2015453
2021-04-09,"Indie/AstraZeneca, Johnson&Johnson, Moderna, Oxford/AstraZeneca, Pfizer/BioNTech",1378812,706441,2085253
2021-04-10,"Johnson&Johnson, Moderna, Oxford/AstraZeneca, Pfizer/BioNTech",1394381,721755,2116136
2021-04-11,"Johnson&Johnson, Moderna, Oxford/AstraZeneca, Pfizer/BioNTech",1404176,731812,2135988
2021-04-12,"Johnson&Johnson, Moderna, Oxford/AstraZeneca, Pfizer/BioNTech",1442497,756958,2199455
2021-04-13,"Moderna, Oxford/AstraZeneca, Pfizer/BioNTech",1478806,783001,2261807
2021-04-14,"Moderna, Oxford/AstraZeneca, Pfizer/BioNTech",1517696,810380,2328076
2021-04-15,"Moderna, Oxford/AstraZeneca, Pfizer/BioNTech",1565531,836161,2401692
2021-04-16,"Moderna, Oxford/AstraZeneca, Pfizer/BioNTech",1610252,861840,2472092
2021-04-17,"Indie/AstraZeneca, Moderna, Oxford/AstraZeneca, Pfizer/BioNTech",1626980,870865,2497845
2021-04-18,"Moderna, Oxford/AstraZeneca, Pfizer/BioNTech, Čína",1639981,875852,2515833
2021-04-19,"Johnson&Johnson, Moderna, Oxford/AstraZeneca, Pfizer/BioNTech",1683956,891293,2575249
2021-04-20,"Johnson&Johnson, Moderna, Oxford/AstraZeneca, Pfizer/BioNTech",1726546,907183,2633729
2021-04-21,"Moderna, Oxford/AstraZeneca, Pfizer/BioNTech",1774311,921554,2695865
2021-04-22,"Johnson&Johnson, Moderna, Oxford/AstraZeneca, Pfizer/BioNTech",1828843,938953,2767796
2021-04-23,"Johnson&Johnson, Moderna, Oxford/AstraZeneca, Pfizer/BioNTech",1878853,951019,2829872
2021-04-24,"Johnson&Johnson, Moderna, Oxford/AstraZeneca, Pfizer/BioNTech, Čína",1896730,956289,2853019
2021-04-25,"Johnson&Johnson, Moderna, Oxford/AstraZeneca, Pfizer/BioNTech",1911443,960293,2871736
2021-04-26,"Johnson&Johnson, Moderna, Oxford/AstraZeneca, Pfizer/BioNTech",1961061,967863,2928924
2021-04-27,"Johnson&Johnson, Moderna, Oxford/AstraZeneca, Pfizer/BioNTech",2010052,980115,2990167
2021-04-28,"Johnson&Johnson, Moderna, Oxford/AstraZeneca, Pfizer/BioNTech, Čína",2068836,994138,3062974
2021-04-29,"Johnson&Johnson, Moderna, Oxford/AstraZeneca, Pfizer/BioNTech",2134456,1010060,3144516
2021-04-30,"Johnson&Johnson, Moderna, Oxford/AstraZeneca, Pfizer/BioNTech",2196748,1020057,3216805
2021-05-01,"Johnson&Johnson, Moderna, Oxford/AstraZeneca, Pfizer/BioNTech",2216142,1023523,3239665
2021-05-02,"Johnson&Johnson, Moderna, Oxford/AstraZeneca, Pfizer/BioNTech",2235094,1025815,3260909
2021-05-03,"Johnson&Johnson, Moderna, Oxford/AstraZeneca, Pfizer/BioNTech",2302371,1030900,3333271
2021-05-04,"Johnson&Johnson, Moderna, Oxford/AstraZeneca, Pfizer/BioNTech",2368931,1039274,3408205
2021-05-05,"Johnson&Johnson, Moderna, Oxford/AstraZeneca, Pfizer/BioNTech",2442140,1048723,3490863
2021-05-06,"Johnson&Johnson, Moderna, Oxford/AstraZeneca, Pfizer/BioNTech",2522582,1059476,3582058
2021-05-07,"Indie/AstraZeneca, Johnson&Johnson, Moderna, Oxford/AstraZeneca, Pfizer/BioNTech",2599919,1069620,3669539
2021-05-08,"Johnson&Johnson, Moderna, Oxford/AstraZeneca, Pfizer/BioNTech",2629463,1071414,3700877
2021-05-09,"Johnson&Johnson, Moderna, Oxford/AstraZeneca, Pfizer/BioNTech",2653706,1072637,3726343
2021-05-10,"Johnson&Johnson, Moderna, Oxford/AstraZeneca, Pfizer/BioNTech",2726507,1079884,3806391
2021-05-11,"Johnson&Johnson, Moderna, Oxford/AstraZeneca, Pfizer/BioNTech",2802662,1088720,3891382
2021-05-12,"Johnson&Johnson, Moderna, Oxford/AstraZeneca, Pfizer/BioNTech",2882605,1097867,3980472
2021-05-13,"Johnson&Johnson, Moderna, Oxford/AstraZeneca, Pfizer/BioNTech",2966658,1107057,4073715
2021-05-14,"Johnson&Johnson, Moderna, Oxford/AstraZeneca, Pfizer/BioNTech",3046215,1114885,4161100
2021-05-15,"Johnson&Johnson, Moderna, Oxford/AstraZeneca, Pfizer/BioNTech",3078181,1117172,4195353
2021-05-16,"Johnson&Johnson, Moderna, Oxford/AstraZeneca, Pfizer/BioNTech",3103997,1118460,4222457
2021-05-17,"Indie/AstraZeneca, Johnson&Johnson, Moderna, Oxford/AstraZeneca, Pfizer/BioNTech",3176539,1125218,4301757
2021-05-18,"Indie/AstraZeneca, Johnson&Johnson, Moderna, Oxford/AstraZeneca, Pfizer/BioNTech",3248532,1138344,4386876
2021-05-19,"Johnson&Johnson, Moderna, Oxford/AstraZeneca, Pfizer/BioNTech",3326035,1153518,4479553
2021-05-20,"Johnson&Johnson, Moderna, Oxford/AstraZeneca, Pfizer/BioNTech",3401536,1180590,4582126
2021-05-21,"Johnson&Johnson, Moderna, Oxford/AstraZeneca, Pfizer/BioNTech",3470399,1208402,4678801
2021-05-22,"Johnson&Johnson, Moderna, Oxford/AstraZeneca, Pfizer/BioNTech",3502874,1219647,4722521
2021-05-23,"Johnson&Johnson, Moderna, Oxford/AstraZeneca, Pfizer/BioNTech",3525325,1228689,4754014
2021-05-24,"Johnson&Johnson, Moderna, Oxford/AstraZeneca, Pfizer/BioNTech",3572546,1262369,4834915
2021-05-25,"Indie/AstraZeneca, Johnson&Johnson, Moderna, Oxford/AstraZeneca, Pfizer/BioNTech",3624472,1298217,4922689
2021-05-26,"Johnson&Johnson, Moderna, Oxford/AstraZeneca, Pfizer/BioNTech, Čína",3692248,1335780,5028028
2021-05-27,"Indie/AstraZeneca, Johnson&Johnson, Moderna, Oxford/AstraZeneca, Pfizer/BioNTech",3753689,1383149,5136838
2021-05-28,"Johnson&Johnson, Moderna, Oxford/AstraZeneca, Pfizer/BioNTech",3815440,1429767,5245207
2021-05-29,"Indie/AstraZeneca, Johnson&Johnson, Moderna, Oxford/AstraZeneca, Pfizer/BioNTech",3844719,1446917,5291636
2021-05-30,"Johnson&Johnson, Moderna, Oxford/AstraZeneca, Pfizer/BioNTech, Čína",3867140,1461390,5328530
2021-05-31,"Indie/AstraZeneca, Johnson&Johnson, Moderna, Oxford/AstraZeneca, Pfizer/BioNTech",3922888,1508927,5431815
2021-06-01,"Johnson&Johnson, Moderna, Oxford/AstraZeneca, Pfizer/BioNTech",3982014,1557821,5539835
2021-06-02,"Indie/AstraZeneca, Johnson&Johnson, Moderna, Oxford/AstraZeneca, Pfizer/BioNTech",4044996,1611855,5656851
2021-06-03,"Johnson&Johnson, Moderna, Oxford/AstraZeneca, Pfizer/BioNTech",4103264,1672103,5775367
2021-06-04,"Johnson&Johnson, Moderna, Oxford/AstraZeneca, Pfizer/BioNTech",4166414,1729535,5895949
2021-06-05,"Indie/AstraZeneca, Johnson&Johnson, Moderna, Oxford/AstraZeneca, Pfizer/BioNTech",4200613,1748471,5949084
2021-06-06,"Johnson&Johnson, Moderna, Oxford/AstraZeneca, Pfizer/BioNTech",4227578,1763651,5991229
2021-06-07,"Johnson&Johnson, Moderna, Oxford/AstraZeneca, Pfizer/BioNTech",4291276,1819311,6110587
2021-06-08,"Indie/AstraZeneca, Johnson&Johnson, Moderna, Oxford/AstraZeneca, Pfizer/BioNTech",4355297,1874339,6229636
2021-06-09,"Indie/AstraZeneca, Johnson&Johnson, Moderna, Oxford/AstraZeneca, Pfizer/BioNTech",4414521,1939036,6353557
2021-06-10,"Indie/AstraZeneca, Johnson&Johnson, Moderna, Oxford/AstraZeneca, Pfizer/BioNTech",4468389,2010360,6478749
2021-06-11,"Johnson&Johnson, Moderna, Oxford/AstraZeneca, Pfizer/BioNTech",4520516,2080225,6600741
2021-06-12,"Indie/AstraZeneca, Johnson&Johnson, Moderna, Oxford/AstraZeneca, Pfizer/BioNTech, Čína",4552555,2101089,6653644
2021-06-13,"Johnson&Johnson, Moderna, Oxford/AstraZeneca, Pfizer/BioNTech",4576599,2119536,6696135
2021-06-14,"Johnson&Johnson, Moderna, Oxford/AstraZeneca, Pfizer/BioNTech, Čína",4619702,2193954,6813656
2021-06-15,"Johnson&Johnson, Moderna, Oxford/AstraZeneca, Pfizer/BioNTech",4664393,2266371,6930764
2021-06-16,"Johnson&Johnson, Moderna, Oxford/AstraZeneca, Pfizer/BioNTech",4707224,2344625,7051849
2021-06-17,"Johnson&Johnson, Moderna, Oxford/AstraZeneca, Pfizer/BioNTech",4746665,2427751,7174416
2021-06-18,"Johnson&Johnson, Moderna, Oxford/AstraZeneca, Pfizer/BioNTech",4789120,2508361,7297481
2021-06-19,"Johnson&Johnson, Moderna, Oxford/AstraZeneca, Pfizer/BioNTech, Čína",4810926,2537716,7348642
2021-06-20,"Johnson&Johnson, Moderna, Oxford/AstraZeneca, Pfizer/BioNTech, Čína",4828342,2561601,7389943
2021-06-21,"Johnson&Johnson, Moderna, Oxford/AstraZeneca, Pfizer/BioNTech, Čína",4860862,2640240,7501102
2021-06-22,"Johnson&Johnson, Moderna, Oxford/AstraZeneca, Pfizer/BioNTech",4893849,2722590,7616439
2021-06-23,"Johnson&Johnson, Moderna, Oxford/AstraZeneca, Pfizer/BioNTech",4925582,2807863,7733445
2021-06-24,"Johnson&Johnson, Moderna, Oxford/AstraZeneca, Pfizer/BioNTech, Čína",4955464,2897954,7853418
2021-06-25,"Johnson&Johnson, Moderna, Oxford/AstraZeneca, Pfizer/BioNTech",4986562,2984220,7970782
2021-06-26,"Johnson&Johnson, Moderna, Oxford/AstraZeneca, Pfizer/BioNTech",5002470,3019120,8021590
2021-06-27,"Johnson&Johnson, Moderna, Oxford/AstraZeneca, Pfizer/BioNTech, Čína",5016435,3045850,8062285
2021-06-28,"Johnson&Johnson, Moderna, Oxford/AstraZeneca, Pfizer/BioNTech",5044867,3131094,8175961
2021-06-29,"Johnson&Johnson, Moderna, Oxford/AstraZeneca, Pfizer/BioNTech",5074164,3217665,8291829
2021-06-30,"Johnson&Johnson, Moderna, Oxford/AstraZeneca, Pfizer/BioNTech",5101679,3308743,8410422
2021-07-01,"Johnson&Johnson, Moderna, Oxford/AstraZeneca, Pfizer/BioNTech",5125700,3398869,8524569
2021-07-02,"Johnson&Johnson, Moderna, Oxford/AstraZeneca, Pfizer/BioNTech",5152460,3484833,8637293
2021-07-03,"Indie/AstraZeneca, Johnson&Johnson, Moderna, Oxford/AstraZeneca, Pfizer/BioNTech",5159575,3516416,8675991
2021-07-04,"Johnson&Johnson, Moderna, Oxford/AstraZeneca, Pfizer/BioNTech",5167174,3538248,8705422
2021-07-05,"Johnson&Johnson, Moderna, Oxford/AstraZeneca, Pfizer/BioNTech",5174606,3563672,8738278
2021-07-06,"Johnson&Johnson, Moderna, Oxford/AstraZeneca, Pfizer/BioNTech, Čína",5180102,3591423,8771525
2021-07-07,"Johnson&Johnson, Moderna, Oxford/AstraZeneca, Pfizer/BioNTech",5205949,3670443,8876392
2021-07-08,"Johnson&Johnson, Moderna, Oxford/AstraZeneca, Pfizer/BioNTech",5232578,3740818,8973396
2021-07-09,"Indie/AstraZeneca, Johnson&Johnson, Moderna, Oxford/AstraZeneca, Pfizer/BioNTech",5260549,3810175,9070724
2021-07-10,"Indie/AstraZeneca, Johnson&Johnson, Moderna, Oxford/AstraZeneca, Pfizer/BioNTech",5269939,3838857,9108796
2021-07-11,"Johnson&Johnson, Moderna, Oxford/AstraZeneca, Pfizer/BioNTech",5278503,3861753,9140256
2021-07-12,"Johnson&Johnson, Moderna, Oxford/AstraZeneca, Pfizer/BioNTech, Čína",5306070,3930853,9236923
2021-07-13,"Johnson&Johnson, Moderna, Oxford/AstraZeneca, Pfizer/BioNTech",5332297,4000770,9333067
2021-07-14,"Johnson&Johnson, Moderna, Oxford/AstraZeneca, Pfizer/BioNTech",5358151,4072791,9430942
2021-07-15,"Indie/AstraZeneca, Johnson&Johnson, Moderna, Oxford/AstraZeneca, Pfizer/BioNTech",5387351,4138835,9526186
2021-07-16,"Johnson&Johnson, Moderna, Oxford/AstraZeneca, Pfizer/BioNTech",5415306,4211599,9626905
2021-07-17,"Johnson&Johnson, Moderna, Oxford/AstraZeneca, Pfizer/BioNTech, Čína",5424120,4243088,9667208
2021-07-18,"Johnson&Johnson, Moderna, Oxford/AstraZeneca, Pfizer/BioNTech, Čína",5432569,4269112,9701681
2021-07-19,"Johnson&Johnson, Moderna, Oxford/AstraZeneca, Pfizer/BioNTech",5455949,4336152,9792101
2021-07-20,"Johnson&Johnson, Moderna, Oxford/AstraZeneca, Pfizer/BioNTech",5477384,4403244,9880628
2021-07-21,"Indie/AstraZeneca, Johnson&Johnson, Moderna, Oxford/AstraZeneca, Pfizer/BioNTech",5500859,4466736,9967595
2021-07-22,"Johnson&Johnson, Moderna, Oxford/AstraZeneca, Pfizer/BioNTech",5523246,4525407,10048653
2021-07-23,"Johnson&Johnson, Moderna, Oxford/AstraZeneca, Pfizer/BioNTech",5546502,4580198,10126700
2021-07-24,"Indie/AstraZeneca, Johnson&Johnson, Moderna, Oxford/AstraZeneca, Pfizer/BioNTech, Čína",5553872,4607892,10161764
2021-07-25,"Johnson&Johnson, Moderna, Oxford/AstraZeneca, Pfizer/BioNTech",5560527,4630038,10190565
2021-07-26,"Johnson&Johnson, Moderna, Oxford/AstraZeneca, Pfizer/BioNTech",5584096,4678749,10262845
2021-07-27,"Johnson&Johnson, Moderna, Oxford/AstraZeneca, Pfizer/BioNTech, Čína",5606865,4725433,10332298
2021-07-28,"Johnson&Johnson, Moderna, Oxford/AstraZeneca, Pfizer/BioNTech",5628162,4771487,10399649
2021-07-29,"Johnson&Johnson, Moderna, Oxford/AstraZeneca, Pfizer/BioNTech",5649516,4813492,10463008
2021-07-30,"Johnson&Johnson, Moderna, Oxford/AstraZeneca, Pfizer/BioNTech",5672813,4856102,10528915
2021-07-31,"Indie/AstraZeneca, Johnson&Johnson, Moderna, Oxford/AstraZeneca, Pfizer/BioNTech",5681784,4875666,10557450
2021-08-01,"Johnson&Johnson, Moderna, Oxford/AstraZeneca, Pfizer/BioNTech, Čína",5688527,4891851,10580378
2021-08-02,"Johnson&Johnson, Moderna, Oxford/AstraZeneca, Pfizer/BioNTech",5707189,4929445,10636634
2021-08-03,"Johnson&Johnson, Moderna, Oxford/AstraZeneca, Pfizer/BioNTech",5724864,4967601,10692465
2021-08-04,"Johnson&Johnson, Moderna, Oxford/AstraZeneca, Pfizer/BioNTech",5741008,5004409,10745417
2021-08-05,"Johnson&Johnson, Moderna, Oxford/AstraZeneca, Pfizer/BioNTech",5757072,5044939,10802011
2021-08-06,"Johnson&Johnson, Moderna, Oxford/AstraZeneca, Pfizer/BioNTech",5773906,5088293,10862199
2021-08-07,"Johnson&Johnson, Moderna, Oxford/AstraZeneca, Pfizer/BioNTech",5779527,5106491,10886018
2021-08-08,"Johnson&Johnson, Moderna, Oxford/AstraZeneca, Pfizer/BioNTech",5783905,5122270,10906175
2021-08-09,"Indie/AstraZeneca, Johnson&Johnson, Moderna, Oxford/AstraZeneca, Pfizer/BioNTech",5796555,5167365,10963920
2021-08-10,"Johnson&Johnson, Moderna, Oxford/AstraZeneca, Pfizer/BioNTech, Čína",5808419,5206973,11015392
2021-08-11,"Indie/AstraZeneca, Johnson&Johnson, Moderna, Oxford/AstraZeneca, Pfizer/BioNTech",5819803,5250139,11069942
2021-08-12,"Johnson&Johnson, Moderna, Oxford/AstraZeneca, Pfizer/BioNTech",5831235,5287306,11118541
2021-08-13,"Johnson&Johnson, Moderna, Oxford/AstraZeneca, Pfizer/BioNTech",5841984,5327685,11169669
2021-08-14,"Johnson&Johnson, Moderna, Oxford/AstraZeneca, Pfizer/BioNTech",5845336,5338416,11183752
2021-08-15,"Johnson&Johnson, Moderna, Oxford/AstraZeneca, Pfizer/BioNTech",5847933,5348814,11196747
2021-08-16,"Indie/AstraZeneca, Johnson&Johnson, Moderna, Oxford/AstraZeneca, Pfizer/BioNTech, Čína",5857738,5382923,11240661
2021-08-17,"Johnson&Johnson, Moderna, Oxford/AstraZeneca, Pfizer/BioNTech",5867342,5410058,11277400
2021-08-18,"Johnson&Johnson, Moderna, Oxford/AstraZeneca, Pfizer/BioNTech",5876723,5448996,11325719
2021-08-19,"Johnson&Johnson, Moderna, Oxford/AstraZeneca, Pfizer/BioNTech",5886410,5487374,11373784
2021-08-20,"Johnson&Johnson, Moderna, Oxford/AstraZeneca, Pfizer/BioNTech",5897815,5527597,11425412
2021-08-21,"Indie/AstraZeneca, Johnson&Johnson, Moderna, Oxford/AstraZeneca, Pfizer/BioNTech",5900548,5540389,11440937
2021-08-22,"Johnson&Johnson, Moderna, Oxford/AstraZeneca, Pfizer/BioNTech",5902894,5552371,11455265
2021-08-23,"Indie/AstraZeneca, Johnson&Johnson, Moderna, Oxford/AstraZeneca, Pfizer/BioNTech",5913436,5591679,11505115
2021-08-24,"Johnson&Johnson, Moderna, Oxford/AstraZeneca, Pfizer/BioNTech",5923322,5624947,11548269
2021-08-25,"Indie/AstraZeneca, Johnson&Johnson, Moderna, Oxford/AstraZeneca, Pfizer/BioNTech",5932204,5653349,11585553
2021-08-26,"Johnson&Johnson, Moderna, Oxford/AstraZeneca, Pfizer/BioNTech",5940665,5679509,11620174
2021-08-27,"Indie/AstraZeneca, Johnson&Johnson, Moderna, Oxford/AstraZeneca, Pfizer/BioNTech",5950996,5705518,11656514
2021-08-28,"Johnson&Johnson, Moderna, Oxford/AstraZeneca, Pfizer/BioNTech",5953744,5712605,11666349
2021-08-29,"Johnson&Johnson, Moderna, Oxford/AstraZeneca, Pfizer/BioNTech, Čína",5956163,5719239,11675402
2021-08-30,"Johnson&Johnson, Moderna, Oxford/AstraZeneca, Pfizer/BioNTech",5964693,5741143,11705836
2021-08-31,"Indie/AstraZeneca, Johnson&Johnson, Moderna, Oxford/AstraZeneca, Pfizer/BioNTech, Čína",5972390,5759280,11731670
2021-09-01,"Johnson&Johnson, Moderna, Oxford/AstraZeneca, Pfizer/BioNTech",5978308,5773312,11751620
2021-09-02,"Johnson&Johnson, Moderna, Oxford/AstraZeneca, Pfizer/BioNTech",5985156,5787720,11772876
2021-09-03,"Johnson&Johnson, Moderna, Oxford/AstraZeneca, Pfizer/BioNTech",5994724,5803476,11798200
2021-09-04,"Indie/AstraZeneca, Johnson&Johnson, Moderna, Oxford/AstraZeneca, Pfizer/BioNTech",5996808,5807055,11803863
2021-09-05,"Johnson&Johnson, Moderna, Oxford/AstraZeneca, Pfizer/BioNTech",5998858,5809908,11808766
2021-09-06,"Indie/AstraZeneca, Johnson&Johnson, Moderna, Oxford/AstraZeneca, Pfizer/BioNTech",6005105,5822468,11827573
2021-09-07,"Johnson&Johnson, Moderna, Oxford/AstraZeneca, Pfizer/BioNTech",6009502,5833575,11843077
2021-09-08,"Johnson&Johnson, Moderna, Oxford/AstraZeneca, Pfizer/BioNTech, Čína",6015187,5843453,11858640
2021-09-09,"Indie/AstraZeneca, Johnson&Johnson, Moderna, Oxford/AstraZeneca, Pfizer/BioNTech",6021890,5853536,11875426
2021-09-10,"Johnson&Johnson, Moderna, Oxford/AstraZeneca, Pfizer/BioNTech",6029598,5865738,11895336
2021-09-11,"Indie/AstraZeneca, Johnson&Johnson, Moderna, Oxford/AstraZeneca, Pfizer/BioNTech",6031478,5868242,11899720
2021-09-12,"Johnson&Johnson, Moderna, Oxford/AstraZeneca, Pfizer/BioNTech",6032600,5869881,11902481
2021-09-13,"Johnson&Johnson, Moderna, Oxford/AstraZeneca, Pfizer/BioNTech",6038045,5880205,11918250
2021-09-14,"Johnson&Johnson, Moderna, Oxford/AstraZeneca, Pfizer/BioNTech",6043450,5889229,11932679
2021-09-15,"Johnson&Johnson, Moderna, Oxford/AstraZeneca, Pfizer/BioNTech",6048671,5897768,11946439
2021-09-16,"Johnson&Johnson, Moderna, Oxford/AstraZeneca, Pfizer/BioNTech",6054046,5906051,11960097
2021-09-17,"Johnson&Johnson, Moderna, Oxford/AstraZeneca, Pfizer/BioNTech",6060624,5916299,11976923
2021-09-18,"Johnson&Johnson, Moderna, Oxford/AstraZeneca, Pfizer/BioNTech, Čína",6062358,5918670,11981028
2021-09-19,"Johnson&Johnson, Moderna, Oxford/AstraZeneca, Pfizer/BioNTech",6063307,5920244,11983551
2021-09-20,"Johnson&Johnson, Moderna, Oxford/AstraZeneca, Pfizer/BioNTech",6067339,5928450,11995789
2021-09-21,"Johnson&Johnson, Moderna, Oxford/AstraZeneca, Pfizer/BioNTech",6071586,5935995,12007581
2021-09-22,"Johnson&Johnson, Moderna, Oxford/AstraZeneca, Pfizer/BioNTech, Čína",6075785,5941531,12017316
2021-09-23,"Johnson&Johnson, Moderna, Oxford/AstraZeneca, Pfizer/BioNTech",6080746,5947953,12028699
2021-09-24,"Johnson&Johnson, Moderna, Oxford/AstraZeneca, Pfizer/BioNTech",6086512,5957581,12044093
2021-09-25,"Johnson&Johnson, Moderna, Oxford/AstraZeneca, Pfizer/BioNTech",6088015,5959583,12047598
2021-09-26,"Johnson&Johnson, Moderna, Oxford/AstraZeneca, Pfizer/BioNTech",6088765,5961228,12049993
2021-09-27,"Indie/AstraZeneca, Johnson&Johnson, Moderna, Oxford/AstraZeneca, Pfizer/BioNTech, Čína",6092655,5967757,12060412
2021-09-28,"Johnson&Johnson, Moderna, Oxford/AstraZeneca, Pfizer/BioNTech",6093034,5968399,12061433
2021-09-29,"Johnson&Johnson, Moderna, Oxford/AstraZeneca, Pfizer/BioNTech",6096813,5975866,12072679
2021-09-30,"Johnson&Johnson, Moderna, Oxford/AstraZeneca, Pfizer/BioNTech",6101340,5983584,12084924
2021-10-01,"Indie/AstraZeneca, Johnson&Johnson, Moderna, Oxford/AstraZeneca, Pfizer/BioNTech, Čína",6105658,5991579,12097237
2021-10-02,"Johnson&Johnson, Moderna, Oxford/AstraZeneca, Pfizer/BioNTech, Čína",6106726,5993133,12099859
2021-10-03,"Johnson&Johnson, Moderna, Oxford/AstraZeneca, Pfizer/BioNTech",6107452,5994008,12101460
2021-10-04,"Johnson&Johnson, Moderna, Oxford/AstraZeneca, Pfizer/BioNTech",6110536,5999590,12110126
2021-10-05,"Johnson&Johnson, Moderna, Oxford/AstraZeneca, Pfizer/BioNTech",6113702,6004682,12118384
2021-10-06,"Johnson&Johnson, Moderna, Oxford/AstraZeneca, Pfizer/BioNTech",6117225,6009865,12127090
2021-10-07,"Johnson&Johnson, Moderna, Oxford/AstraZeneca, Pfizer/BioNTech",6120512,6015130,12135642
2021-10-08,"Johnson&Johnson, Moderna, Oxford/AstraZeneca, Pfizer/BioNTech",6125311,6021782,12147093
2021-10-09,"Indie/AstraZeneca, Johnson&Johnson, Moderna, Oxford/AstraZeneca, Pfizer/BioNTech",6126557,6023453,12150010
2021-10-10,"Johnson&Johnson, Moderna, Oxford/AstraZeneca, Pfizer/BioNTech",6127506,6024291,12151797
2021-10-11,"Johnson&Johnson, Moderna, Oxford/AstraZeneca, Pfizer/BioNTech",6130437,6028719,12159156
2021-10-12,"Johnson&Johnson, Moderna, Oxford/AstraZeneca, Pfizer/BioNTech",6133381,6032726,12166107
2021-10-13,"Johnson&Johnson, Moderna, Oxford/AstraZeneca, Pfizer/BioNTech",6136917,6036925,12173842
2021-10-14,"Johnson&Johnson, Moderna, Oxford/AstraZeneca, Pfizer/BioNTech",6140591,6041879,12182470
2021-10-15,"Johnson&Johnson, Moderna, Oxford/AstraZeneca, Pfizer/BioNTech",6145827,6048033,12193860
2021-10-16,"Johnson&Johnson, Moderna, Oxford/AstraZeneca, Pfizer/BioNTech",6147245,6049567,12196812
2021-10-17,"Johnson&Johnson, Moderna, Pfizer/BioNTech, Čína",6148571,6050627,12199198
2021-10-18,"Johnson&Johnson, Moderna, Oxford/AstraZeneca, Pfizer/BioNTech",6152683,6054737,12207420
2021-10-19,"Johnson&Johnson, Moderna, Oxford/AstraZeneca, Pfizer/BioNTech",6156268,6056840,12213108
2021-10-20,"Johnson&Johnson, Moderna, Oxford/AstraZeneca, Pfizer/BioNTech",6161161,6061306,12222467
2021-10-21,"Johnson&Johnson, Moderna, Oxford/AstraZeneca, Pfizer/BioNTech",6168930,6066919,12235849
2021-10-22,"Johnson&Johnson, Moderna, Oxford/AstraZeneca, Pfizer/BioNTech",6179396,6073425,12252821
2021-10-23,"Johnson&Johnson, Moderna, Oxford/AstraZeneca, Pfizer/BioNTech",6183081,6075639,12258720
2021-10-24,"Johnson&Johnson, Moderna, Oxford/AstraZeneca, Pfizer/BioNTech",6185767,6077420,12263187
2021-10-25,"Johnson&Johnson, Moderna, Oxford/AstraZeneca, Pfizer/BioNTech",6196281,6083244,12279525
2021-10-26,"Johnson&Johnson, Moderna, Oxford/AstraZeneca, Pfizer/BioNTech, Čína",6208277,6089795,12298072
2021-10-27,"Johnson&Johnson, Moderna, Oxford/AstraZeneca, Pfizer/BioNTech, Čína",6222886,6097212,12320098
2021-10-28,"Johnson&Johnson, Moderna, Oxford/AstraZeneca, Pfizer/BioNTech",6226320,6098905,12325225
2021-10-29,"Johnson&Johnson, Moderna, Oxford/AstraZeneca, Pfizer/BioNTech",6240767,6106897,12347664
2021-10-30,"Johnson&Johnson, Moderna, Oxford/AstraZeneca, Pfizer/BioNTech",6245296,6109825,12355121
2021-10-31,"Johnson&Johnson, Moderna, Oxford/AstraZeneca, Pfizer/BioNTech",6249058,6112303,12361361
2021-11-01,"Johnson&Johnson, Moderna, Oxford/AstraZeneca, Pfizer/BioNTech",6264255,6119984,12384239
2021-11-02,"Johnson&Johnson, Moderna, Oxford/AstraZeneca, Pfizer/BioNTech, Čína",6279706,6127543,12407249
2021-11-03,"Johnson&Johnson, Moderna, Oxford/AstraZeneca, Pfizer/BioNTech, Čína",6296894,6134837,12431731
2021-11-04,"Johnson&Johnson, Moderna, Oxford/AstraZeneca, Pfizer/BioNTech",6315241,6143017,12458258
2021-11-05,"Johnson&Johnson, Moderna, Oxford/AstraZeneca, Pfizer/BioNTech",6338046,6154311,12492357
2021-11-06,"Johnson&Johnson, Moderna, Oxford/AstraZeneca, Pfizer/BioNTech",6344564,6157373,12501937
2021-11-07,"Johnson&Johnson, Moderna, Oxford/AstraZeneca, Pfizer/BioNTech",6348594,6159812,12508406
2021-11-08,"Johnson&Johnson, Moderna, Oxford/AstraZeneca, Pfizer/BioNTech",6364859,6167442,12532301
2021-11-09,"Johnson&Johnson, Moderna, Oxford/AstraZeneca, Pfizer/BioNTech",6379676,6174748,12554424
2021-11-10,"Johnson&Johnson, Moderna, Oxford/AstraZeneca, Pfizer/BioNTech",6395415,6182135,12577550
2021-11-11,"Johnson&Johnson, Moderna, Oxford/AstraZeneca, Pfizer/BioNTech, Čína",6410894,6191246,12602140
2021-11-12,"Johnson&Johnson, Moderna, Oxford/AstraZeneca, Pfizer/BioNTech",6430696,6204046,12634742
2021-11-13,"Johnson&Johnson, Moderna, Oxford/AstraZeneca, Pfizer/BioNTech",6436093,6207927,12644020
2021-11-14,"Johnson&Johnson, Moderna, Oxford/AstraZeneca, Pfizer/BioNTech",6439992,6210937,12650929
2021-11-15,"Johnson&Johnson, Moderna, Oxford/AstraZeneca, Pfizer/BioNTech",6455080,6221645,12676725
2021-11-16,"Johnson&Johnson, Moderna, Oxford/AstraZeneca, Pfizer/BioNTech",6472611,6233625,12706236
2021-11-17,"Johnson&Johnson, Moderna, Oxford/AstraZeneca, Pfizer/BioNTech",6476856,6237198,12714054
2021-11-18,"Johnson&Johnson, Moderna, Oxford/AstraZeneca, Pfizer/BioNTech",6496269,6248890,12745159
2021-11-19,"Johnson&Johnson, Moderna, Oxford/AstraZeneca, Pfizer/BioNTech",6520880,6265872,12786752
2021-11-20,"Johnson&Johnson, Moderna, Oxford/AstraZeneca, Pfizer/BioNTech",6529457,6270859,12800316
2021-11-21,"Johnson&Johnson, Moderna, Oxford/AstraZeneca, Pfizer/BioNTech",6536225,6274637,12810862
2021-11-22,"Johnson&Johnson, Moderna, Oxford/AstraZeneca, Pfizer/BioNTech, Čína",6554734,6288753,12843487
2021-11-23,"Johnson&Johnson, Moderna, Oxford/AstraZeneca, Pfizer/BioNTech",6573802,6302020,12875822
2021-11-24,"Johnson&Johnson, Moderna, Oxford/AstraZeneca, Pfizer/BioNTech",6592813,6317873,12910686
2021-11-25,"Johnson&Johnson, Moderna, Oxford/AstraZeneca, Pfizer/BioNTech",6611956,6332919,12944875
2021-11-26,"Johnson&Johnson, Moderna, Oxford/AstraZeneca, Pfizer/BioNTech",6633615,6352062,12985677
2021-11-27,"Johnson&Johnson, Moderna, Oxford/AstraZeneca, Pfizer/BioNTech",6641087,6357619,12998706
2021-11-28,"Johnson&Johnson, Moderna, Oxford/AstraZeneca, Pfizer/BioNTech",6644420,6360759,13005179
2021-11-29,"Johnson&Johnson, Moderna, Oxford/AstraZeneca, Pfizer/BioNTech",6659626,6374422,13034048
2021-11-30,"Johnson&Johnson, Moderna, Oxford/AstraZeneca, Pfizer/BioNTech",6672829,6385655,13058484
2021-12-01,"Johnson&Johnson, Moderna, Oxford/AstraZeneca, Pfizer/BioNTech",6686871,6398115,13084986
2021-12-02,"Johnson&Johnson, Moderna, Oxford/AstraZeneca, Pfizer/BioNTech, Čína",6697514,6410613,13108127
2021-12-03,"Johnson&Johnson, Moderna, Oxford/AstraZeneca, Pfizer/BioNTech",6707154,6426194,13133348
2021-12-04,"Johnson&Johnson, Moderna, Pfizer/BioNTech",6709714,6430152,13139866
2021-12-05,"Johnson&Johnson, Moderna, Oxford/AstraZeneca, Pfizer/BioNTech",6711074,6432497,13143571
2021-12-06,"Johnson&Johnson, Moderna, Oxford/AstraZeneca, Pfizer/BioNTech",6719222,6444025,13163247
2021-12-07,"Johnson&Johnson, Moderna, Oxford/AstraZeneca, Pfizer/BioNTech",6727112,6456040,13183152
2021-12-08,"Johnson&Johnson, Moderna, Oxford/AstraZeneca, Pfizer/BioNTech",6735358,6461970,13197328
2021-12-09,"Johnson&Johnson, Moderna, Oxford/AstraZeneca, Pfizer/BioNTech",6742478,6474793,13217271
2021-12-10,"Johnson&Johnson, Moderna, Oxford/AstraZeneca, Pfizer/BioNTech",6749408,6492605,13242013
2021-12-11,"Johnson&Johnson, Moderna, Oxford/AstraZeneca, Pfizer/BioNTech",6751064,6497872,13248936
2021-12-12,"Johnson&Johnson, Moderna, Oxford/AstraZeneca, Pfizer/BioNTech",6752375,6502309,13254684
2021-12-13,"Johnson&Johnson, Moderna, Oxford/AstraZeneca, Pfizer/BioNTech",6758732,6515621,13274353
2021-12-14,"Johnson&Johnson, Moderna, Oxford/AstraZeneca, Pfizer/BioNTech",6764941,6529292,13294233
2021-12-15,"Johnson&Johnson, Moderna, Oxford/AstraZeneca, Pfizer/BioNTech",6771147,6542889,13314036
2021-12-16,"Johnson&Johnson, Moderna, Oxford/AstraZeneca, Pfizer/BioNTech",6778091,6557725,13335816
2021-12-17,"Johnson&Johnson, Moderna, Oxford/AstraZeneca, Pfizer/BioNTech",6786457,6574995,13361452
2021-12-18,"Johnson&Johnson, Moderna, Oxford/AstraZeneca, Pfizer/BioNTech",6789068,6580452,13369520
2021-12-19,"Johnson&Johnson, Moderna, Pfizer/BioNTech",6790840,6582956,13373796
2021-12-20,"Johnson&Johnson, Moderna, Oxford/AstraZeneca, Pfizer/BioNTech",6796692,6597020,13393712
2021-12-21,"Johnson&Johnson, Moderna, Oxford/AstraZeneca, Pfizer/BioNTech",6803355,6609030,13412385
2021-12-22,"Johnson&Johnson, Moderna, Oxford/AstraZeneca, Pfizer/BioNTech",6808401,6622090,13430491
2021-12-23,"Johnson&Johnson, Moderna, Oxford/AstraZeneca, Pfizer/BioNTech",6811276,6627695,13438971
2021-12-24,"Johnson&Johnson, Moderna, Oxford/AstraZeneca, Pfizer/BioNTech",6811322,6627799,13439121
2021-12-25,"Moderna, Pfizer/BioNTech",6811324,6627807,13439131
2021-12-26,"Moderna, Pfizer/BioNTech",6811426,6628010,13439436
2021-12-27,"Johnson&Johnson, Moderna, Pfizer/BioNTech",6815293,6637757,13453050
2021-12-28,"Johnson&Johnson, Moderna, Oxford/AstraZeneca, Pfizer/BioNTech",6820534,6645755,13466289
2021-12-29,"Johnson&Johnson, Moderna, Oxford/AstraZeneca, Pfizer/BioNTech",6824816,6653477,13478293
2021-12-30,"Johnson&Johnson, Moderna, Pfizer/BioNTech",6829117,6658911,13488028
2021-12-31,"Johnson&Johnson, Moderna, Pfizer/BioNTech",6829628,6660336,13489964
2022-01-01,"Moderna, Pfizer/BioNTech",6829634,6660354,13489988
2022-01-02,"Johnson&Johnson, Moderna, Pfizer/BioNTech",6830490,6661731,13492221
2022-01-03,"Johnson&Johnson, Moderna, Oxford/AstraZeneca, Pfizer/BioNTech",6834626,6670641,13505267
2022-01-04,"Johnson&Johnson, Moderna, Oxford/AstraZeneca, Pfizer/BioNTech",6839709,6678398,13518107
2022-01-05,"Johnson&Johnson, Moderna, Oxford/AstraZeneca, Pfizer/BioNTech, Čína",6845531,6686373,13531904
2022-01-06,"Johnson&Johnson, Moderna, Oxford/AstraZeneca, Pfizer/BioNTech",6852119,6694774,13546893
2022-01-07,"Johnson&Johnson, Moderna, Oxford/AstraZeneca, Pfizer/BioNTech",6859997,6705130,13565127
2022-01-08,"Johnson&Johnson, Moderna, Oxford/AstraZeneca, Pfizer/BioNTech",6862475,6707908,13570383
2022-01-09,"Johnson&Johnson, Moderna, Pfizer/BioNTech",6863557,6709604,13573161
2022-01-10,"Johnson&Johnson, Moderna, Oxford/AstraZeneca, Pfizer/BioNTech",6868064,6715797,13583861
2022-01-11,"Johnson&Johnson, Moderna, Oxford/AstraZeneca, Pfizer/BioNTech",6873513,6722556,13596069
2022-01-12,"Johnson&Johnson, Moderna, Oxford/AstraZeneca, Pfizer/BioNTech",6879471,6728199,13607670
2022-01-13,"Johnson&Johnson, Moderna, Oxford/AstraZeneca, Pfizer/BioNTech",6885360,6732974,13618334
2022-01-14,"Johnson&Johnson, Moderna, Oxford/AstraZeneca, Pfizer/BioNTech",6891662,6736605,13628267
2022-01-15,"Johnson&Johnson, Moderna, Oxford/AstraZeneca, Pfizer/BioNTech",6892938,6737261,13630199
2022-01-16,"Johnson&Johnson, Moderna, Oxford/AstraZeneca, Pfizer/BioNTech",6893628,6737698,13631326
2022-01-17,"Johnson&Johnson, Moderna, Oxford/AstraZeneca, Pfizer/BioNTech",6897183,6741654,13638837
2022-01-18,"Johnson&Johnson, Moderna, Oxford/AstraZeneca, Pfizer/BioNTech",6901032,6746608,13647640
2022-01-19,"Johnson&Johnson, Moderna, Oxford/AstraZeneca, Pfizer/BioNTech",6905102,6750539,13655641
2022-01-20,"Johnson&Johnson, Moderna, Oxford/AstraZeneca, Pfizer/BioNTech",6908700,6754994,13663694
2022-01-21,"Johnson&Johnson, Moderna, Oxford/AstraZeneca, Pfizer/BioNTech",6912697,6757522,13670219
2022-01-22,"Johnson&Johnson, Moderna, Pfizer/BioNTech",6913477,6757963,13671440
2022-01-23,"Johnson&Johnson, Moderna, Pfizer/BioNTech",6914038,6758597,13672635
2022-01-24,"Johnson&Johnson, Moderna, Oxford/AstraZeneca, Pfizer/BioNTech",6916310,6762033,13678343
2022-01-25,"Johnson&Johnson, Moderna, Oxford/AstraZeneca, Pfizer/BioNTech",6918668,6766027,13684695
2022-01-26,"Johnson&Johnson, Moderna, Oxford/AstraZeneca, Pfizer/BioNTech",6921052,6770596,13691648
2022-01-27,"Johnson&Johnson, Moderna, Oxford/AstraZeneca, Pfizer/BioNTech",6923374,6775409,13698783
2022-01-28,"Johnson&Johnson, Moderna, Oxford/AstraZeneca, Pfizer/BioNTech",6926292,6781576,13707868
2022-01-29,"Johnson&Johnson, Moderna, Oxford/AstraZeneca, Pfizer/BioNTech",6926894,6783227,13710121
2022-01-30,"Johnson&Johnson, Moderna, Pfizer/BioNTech",6927121,6784009,13711130
2022-01-31,"Johnson&Johnson, Moderna, Pfizer/BioNTech",6928663,6787936,13716599
2022-02-01,"Johnson&Johnson, Moderna, Pfizer/BioNTech",6930258,6791968,13722226
2022-02-02,"Johnson&Johnson, Moderna, Oxford/AstraZeneca, Pfizer/BioNTech",6931823,6796481,13728304
2022-02-03,"Johnson&Johnson, Moderna, Pfizer/BioNTech",6933203,6800966,13734169
2022-02-04,"Johnson&Johnson, Moderna, Pfizer/BioNTech",6934804,6806082,13740886
2022-02-05,"Johnson&Johnson, Moderna, Pfizer/BioNTech",6934977,6806692,13741669
2022-02-06,"Johnson&Johnson, Moderna, Pfizer/BioNTech",6935073,6807011,13742084
2022-02-07,"Johnson&Johnson, Moderna, Pfizer/BioNTech",6935776,6810220,13745996
2022-02-08,"Johnson&Johnson, Moderna, Pfizer/BioNTech",6936571,6813409,13749980
2022-02-09,"Johnson&Johnson, Moderna, Pfizer/BioNTech",6937393,6816783,13754176
2022-02-10,"Johnson&Johnson, Moderna, Pfizer/BioNTech",6938197,6819915,13758112
2022-02-11,"Johnson&Johnson, Moderna, Pfizer/BioNTech",6939151,6823830,13762981
2022-02-12,"Johnson&Johnson, Moderna, Pfizer/BioNTech",6939261,6824249,13763510
2022-02-13,"Johnson&Johnson, Moderna, Pfizer/BioNTech",6939298,6824687,13763985
2022-02-14,"Johnson&Johnson, Moderna, Pfizer/BioNTech",6939756,6826799,13766555
2022-02-15,"Johnson&Johnson, Moderna, Pfizer/BioNTech",6940309,6829009,13769318
2022-02-16,"Johnson&Johnson, Moderna, Pfizer/BioNTech",6940900,6831108,13772008
2022-02-17,"Johnson&Johnson, Moderna, Pfizer/BioNTech",6941495,6833450,13774945
2022-02-18,"Johnson&Johnson, Moderna, Oxford/AstraZeneca, Pfizer/BioNTech",6942137,6836503,13778640
2022-02-19,"Johnson&Johnson, Moderna, Pfizer/BioNTech",6942217,6836784,13779001
2022-02-20,"Johnson&Johnson, Moderna, Oxford/AstraZeneca, Pfizer/BioNTech",6942255,6836933,13779188
2022-02-21,"Johnson&Johnson, Moderna, Pfizer/BioNTech",6942619,6838633,13781252
2022-02-22,"Johnson&Johnson, Moderna, Oxford/AstraZeneca, Pfizer/BioNTech",6943012,6840331,13783343
2022-02-23,"Johnson&Johnson, Moderna, Pfizer/BioNTech",6943469,6841974,13785443
2022-02-24,"Johnson&Johnson, Moderna, Pfizer/BioNTech",6943877,6843605,13787482
2022-02-25,"Johnson&Johnson, Moderna, Pfizer/BioNTech",6944460,6845690,13790150
2022-02-26,"Johnson&Johnson, Moderna, Pfizer/BioNTech",6944519,6845851,13790370
2022-02-27,"Johnson&Johnson, Moderna, Pfizer/BioNTech",6944549,6845927,13790476
2022-02-28,"Johnson&Johnson, Moderna, Pfizer/BioNTech",6944795,6846904,13791699
2022-03-01,"Johnson&Johnson, Moderna, Pfizer/BioNTech",6945102,6847689,13792791
2022-03-02,"Johnson&Johnson, Moderna, Novavax, Pfizer/BioNTech",6945475,6848597,13794072
2022-03-03,"Johnson&Johnson, Moderna, Novavax, Pfizer/BioNTech",6945812,6849540,13795352
2022-03-04,"Johnson&Johnson, Moderna, Novavax, Pfizer/BioNTech",6946442,6850761,13797203
2022-03-05,"Johnson&Johnson, Moderna, Novavax, Pfizer/BioNTech",6946523,6850854,13797377
2022-03-06,"Moderna, Novavax, Pfizer/BioNTech",6946536,6850872,13797408
2022-03-07,"Johnson&Johnson, Moderna, Novavax, Pfizer/BioNTech",6946871,6851430,13798301
2022-03-08,"Johnson&Johnson, Moderna, Novavax, Pfizer/BioNTech",6947206,6851972,13799178
2022-03-09,"Johnson&Johnson, Moderna, Novavax, Pfizer/BioNTech",6947595,6852561,13800156
2022-03-10,"Johnson&Johnson, Moderna, Novavax, Pfizer/BioNTech",6948007,6853234,13801241
2022-03-11,"Johnson&Johnson, Moderna, Novavax, Pfizer/BioNTech",6948756,6854144,13802900
2022-03-12,"Johnson&Johnson, Moderna, Novavax, Pfizer/BioNTech",6948827,6854249,13803076
2022-03-13,"Johnson&Johnson, Moderna, Novavax, Pfizer/BioNTech",6948840,6854268,13803108
2022-03-14,"Johnson&Johnson, Moderna, Novavax, Pfizer/BioNTech",6949107,6854651,13803758
2022-03-15,"Johnson&Johnson, Moderna, Novavax, Pfizer/BioNTech",6949391,6855087,13804478
2022-03-16,"Johnson&Johnson, Moderna, Novavax, Pfizer/BioNTech",6949710,6855630,13805340
2022-03-17,"Johnson&Johnson, Moderna, Novavax, Oxford/AstraZeneca, Pfizer/BioNTech",6950006,6856062,13806068
2022-03-18,"Johnson&Johnson, Moderna, Novavax, Pfizer/BioNTech",6950703,6856857,13807560
2022-03-19,"Moderna, Novavax, Pfizer/BioNTech",6950759,6856902,13807661
2022-03-20,"Moderna, Novavax, Pfizer/BioNTech",6950777,6856914,13807691
2022-03-21,"Johnson&Johnson, Moderna, Novavax, Pfizer/BioNTech",6950965,6857241,13808206
2022-03-22,"Johnson&Johnson, Moderna, Novavax, Pfizer/BioNTech",6951206,6857640,13808846
2022-03-23,"Johnson&Johnson, Moderna, Novavax, Pfizer/BioNTech",6951543,6858079,13809622
2022-03-24,"Johnson&Johnson, Moderna, Novavax, Pfizer/BioNTech",6951854,6858552,13810406
2022-03-25,"Johnson&Johnson, Moderna, Novavax, Pfizer/BioNTech",6952349,6859361,13811710
2022-03-26,"Johnson&Johnson, Moderna, Novavax, Pfizer/BioNTech",6952401,6859439,13811840
2022-03-27,"Moderna, Novavax, Pfizer/BioNTech",6952417,6859456,13811873
2022-03-28,"Johnson&Johnson, Moderna, Novavax, Pfizer/BioNTech",6952571,6859834,13812405
2022-03-29,"Johnson&Johnson, Moderna, Novavax, Pfizer/BioNTech",6952833,6860240,13813073
2022-03-30,"Johnson&Johnson, Moderna, Novavax, Pfizer/BioNTech",6953138,6860733,13813871
2022-03-31,"Johnson&Johnson, Moderna, Novavax, Pfizer/BioNTech",6953436,6861225,13814661
2022-04-01,"Johnson&Johnson, Moderna, Novavax, Pfizer/BioNTech",6954047,6861985,13816032
2022-04-02,"Moderna, Novavax, Pfizer/BioNTech",6954104,6862069,13816173
2022-04-03,"Moderna, Novavax, Pfizer/BioNTech",6954117,6862098,13816215
2022-04-04,"Johnson&Johnson, Moderna, Novavax, Pfizer/BioNTech",6954294,6862380,13816674
2022-04-05,"Johnson&Johnson, Moderna, Novavax, Pfizer/BioNTech",6954485,6862616,13817101
2022-04-06,"Johnson&Johnson, Moderna, Novavax, Pfizer/BioNTech",6954702,6862962,13817664
2022-04-07,"Johnson&Johnson, Moderna, Novavax, Pfizer/BioNTech",6954926,6863380,13818306
2022-04-08,"Johnson&Johnson, Moderna, Novavax, Pfizer/BioNTech",6955380,6864103,13819483
2022-04-09,"Johnson&Johnson, Moderna, Novavax, Pfizer/BioNTech",6955440,6864175,13819615
2022-04-10,"Moderna, Novavax, Pfizer/BioNTech",6955453,6864184,13819637
2022-04-11,"Johnson&Johnson, Moderna, Novavax, Pfizer/BioNTech",6955615,6864415,13820030
2022-04-12,"Johnson&Johnson, Moderna, Novavax, Pfizer/BioNTech",6955862,6864713,13820575
2022-04-13,"Johnson&Johnson, Moderna, Novavax, Pfizer/BioNTech",6956103,6865067,13821170
2022-04-14,"Johnson&Johnson, Moderna, Novavax, Pfizer/BioNTech",6956365,6865452,13821817
2022-04-15,"Moderna, Novavax, Pfizer/BioNTech",6956381,6865483,13821864
2022-04-16,"Johnson&Johnson, Moderna, Novavax, Pfizer/BioNTech",6956401,6865517,13821918
2022-04-17,"Moderna, Novavax, Pfizer/BioNTech",6956402,6865518,13821920
2022-04-18,"Moderna, Novavax, Pfizer/BioNTech",6956416,6865535,13821951
2022-04-19,"Johnson&Johnson, Moderna, Novavax, Pfizer/BioNTech",6956555,6865873,13822428
2022-04-20,"Johnson&Johnson, Moderna, Novavax, Pfizer/BioNTech, Čína",6956778,6866263,13823041
2022-04-21,"Johnson&Johnson, Moderna, Novavax, Pfizer/BioNTech",6956995,6866687,13823682
2022-04-22,"Johnson&Johnson, Moderna, Novavax, Pfizer/BioNTech",6957459,6867515,13824974
2022-04-23,"Moderna, Novavax, Pfizer/BioNTech",6957490,6867594,13825084
2022-04-24,"Moderna, Novavax, Pfizer/BioNTech",6957495,6867605,13825100
2022-04-25,"Johnson&Johnson, Moderna, Novavax, Pfizer/BioNTech",6957651,6867813,13825464
2022-04-26,"Johnson&Johnson, Moderna, Novavax, Pfizer/BioNTech",6957791,6868077,13825868
2022-04-27,"Johnson&Johnson, Moderna, Novavax, Pfizer/BioNTech",6958058,6868407,13826465
2022-04-28,"Johnson&Johnson, Moderna, Novavax, Pfizer/BioNTech",6958252,6868697,13826949
2022-04-29,"Johnson&Johnson, Moderna, Novavax, Pfizer/BioNTech",6958687,6869286,13827973
2022-04-30,"Moderna, Novavax, Pfizer/BioNTech",6958728,6869353,13828081
2022-05-01,"Moderna, Novavax, Oxford/AstraZeneca, Pfizer/BioNTech",6958733,6869363,13828096
2022-05-02,"Johnson&Johnson, Moderna, Novavax, Pfizer/BioNTech",6958873,6869545,13828418
2022-05-03,"Johnson&Johnson, Moderna, Novavax, Pfizer/BioNTech",6959030,6869801,13828831
2022-05-04,"Johnson&Johnson, Moderna, Novavax, Pfizer/BioNTech",6959236,6870076,13829312
2022-05-05,"Johnson&Johnson, Moderna, Novavax, Pfizer/BioNTech",6959443,6870366,13829809
2022-05-06,"Johnson&Johnson, Moderna, Novavax, Pfizer/BioNTech",6959819,6870708,13830527
2022-05-07,"Moderna, Novavax, Pfizer/BioNTech",6959846,6870734,13830580
2022-05-08,"Moderna, Pfizer/BioNTech",6959847,6870742,13830589
2022-05-09,"Johnson&Johnson, Moderna, Novavax, Pfizer/BioNTech",6959955,6870832,13830787
2022-05-10,"Johnson&Johnson, Moderna, Novavax, Pfizer/BioNTech",6960110,6871069,13831179
2022-05-11,"Johnson&Johnson, Moderna, Novavax, Oxford/AstraZeneca, Pfizer/BioNTech",6960332,6871336,13831668
2022-05-12,"Johnson&Johnson, Moderna, Novavax, Pfizer/BioNTech",6960535,6871613,13832148
2022-05-13,"Johnson&Johnson, Moderna, Novavax, Pfizer/BioNTech",6960880,6872112,13832992
2022-05-14,"Johnson&Johnson, Moderna, Novavax, Pfizer/BioNTech",6960921,6872152,13833073
2022-05-15,"Johnson&Johnson, Moderna, Novavax, Pfizer/BioNTech",6960936,6872163,13833099
2022-05-16,"Johnson&Johnson, Moderna, Novavax, Pfizer/BioNTech",6961046,6872283,13833329
2022-05-17,"Johnson&Johnson, Moderna, Novavax, Pfizer/BioNTech",6961188,6872438,13833626
2022-05-18,"Johnson&Johnson, Moderna, Novavax, Pfizer/BioNTech",6961423,6872770,13834193
2022-05-19,"Johnson&Johnson, Moderna, Novavax, Pfizer/BioNTech",6961617,6873021,13834638
2022-05-20,"Johnson&Johnson, Moderna, Novavax, Pfizer/BioNTech",6961918,6873575,13835493
2022-05-21,"Johnson&Johnson, Moderna, Novavax, Pfizer/BioNTech",6961957,6873604,13835561
2022-05-22,"Moderna, Pfizer/BioNTech",6961966,6873611,13835577
2022-05-23,"Johnson&Johnson, Moderna, Novavax, Pfizer/BioNTech",6962088,6873766,13835854
2022-05-24,"Johnson&Johnson, Moderna, Novavax, Pfizer/BioNTech",6962219,6873939,13836158
2022-05-25,"Johnson&Johnson, Moderna, Novavax, Oxford/AstraZeneca, Pfizer/BioNTech",6962396,6874188,13836584
2022-05-26,"Johnson&Johnson, Moderna, Novavax, Pfizer/BioNTech",6962548,6874413,13836961
2022-05-27,"Johnson&Johnson, Moderna, Novavax, Pfizer/BioNTech",6962818,6874879,13837697
2022-05-28,"Moderna, Novavax, Pfizer/BioNTech",6962856,6874928,13837784
2022-05-29,"Moderna, Novavax, Pfizer/BioNTech",6962865,6874932,13837797
2022-05-30,"Johnson&Johnson, Moderna, Novavax, Pfizer/BioNTech",6962955,6875092,13838047
2022-05-31,"Johnson&Johnson, Moderna, Novavax, Pfizer/BioNTech",6963104,6875288,13838392
2022-06-01,"Johnson&Johnson, Moderna, Novavax, Pfizer/BioNTech",6963242,6875518,13838760
2022-06-02,"Moderna, Novavax, Pfizer/BioNTech",6963372,6875758,13839130
2022-06-03,"Johnson&Johnson, Moderna, Novavax, Pfizer/BioNTech",6963631,6876218,13839849
2022-06-04,"Johnson&Johnson, Moderna, Novavax, Pfizer/BioNTech",6963664,6876258,13839922
2022-06-05,"Moderna, Novavax, Pfizer/BioNTech",6963671,6876264,13839935
2022-06-06,"Johnson&Johnson, Moderna, Novavax, Pfizer/BioNTech",6963760,6876407,13840167
2022-06-07,"Johnson&Johnson, Moderna, Novavax, Pfizer/BioNTech",6963845,6876566,13840411
2022-06-08,"Johnson&Johnson, Moderna, Novavax, Pfizer/BioNTech",6963980,6876814,13840794
2022-06-09,"Johnson&Johnson, Moderna, Novavax, Pfizer/BioNTech",6964075,6877016,13841091
2022-06-10,"Johnson&Johnson, Moderna, Novavax, Pfizer/BioNTech",6964255,6877351,13841606
2022-06-11,"Moderna, Novavax, Pfizer/BioNTech",6964269,6877390,13841659
2022-06-12,"Moderna, Novavax, Pfizer/BioNTech",6964275,6877413,13841688
2022-06-13,"Johnson&Johnson, Moderna, Novavax, Oxford/AstraZeneca, Pfizer/BioNTech",6964327,6877536,13841863
2022-06-14,"Johnson&Johnson, Moderna, Novavax, Pfizer/BioNTech",6964407,6877684,13842091
2022-06-15,"Johnson&Johnson, Moderna, Novavax, Pfizer/BioNTech",6964482,6877879,13842361
2022-06-16,"Johnson&Johnson, Moderna, Novavax, Pfizer/BioNTech",6964547,6878056,13842603
2022-06-17,"Johnson&Johnson, Moderna, Novavax, Pfizer/BioNTech",6964699,6878343,13843042
2022-06-18,"Moderna, Novavax, Pfizer/BioNTech",6964711,6878382,13843093
2022-06-19,"Moderna, Pfizer/BioNTech",6964714,6878390,13843104
2022-06-20,"Johnson&Johnson, Moderna, Novavax, Pfizer/BioNTech",6964777,6878511,13843288
2022-06-21,"Johnson&Johnson, Moderna, Novavax, Pfizer/BioNTech",6964840,6878637,13843477
2022-06-22,"Johnson&Johnson, Moderna, Novavax, Pfizer/BioNTech",6964933,6878818,13843751
2022-06-23,"Johnson&Johnson, Moderna, Novavax, Pfizer/BioNTech",6964993,6878986,13843979
2022-06-24,"Johnson&Johnson, Moderna, Novavax, Pfizer/BioNTech",6965147,6879336,13844483
2022-06-25,"Moderna, Novavax, Pfizer/BioNTech",6965167,6879388,13844555
2022-06-26,"Moderna, Pfizer/BioNTech",6965168,6879398,13844566
2022-06-27,"Johnson&Johnson, Moderna, Novavax, Pfizer/BioNTech",6965234,6879513,13844747
2022-06-28,"Johnson&Johnson, Moderna, Novavax, Pfizer/BioNTech",6965305,6879633,13844938
2022-06-29,"Johnson&Johnson, Moderna, Novavax, Pfizer/BioNTech",6965426,6879817,13845243
2022-06-30,"Johnson&Johnson, Moderna, Novavax, Pfizer/BioNTech",6965511,6879966,13845477
2022-07-01,"Johnson&Johnson, Moderna, Novavax, Pfizer/BioNTech",6965676,6880211,13845887
2022-07-02,"Moderna, Novavax, Pfizer/BioNTech",6965689,6880218,13845907
2022-07-03,"Moderna, Pfizer/BioNTech",6965692,6880227,13845919
2022-07-04,"Johnson&Johnson, Moderna, Novavax, Pfizer/BioNTech",6965758,6880292,13846050
2022-07-05,"Novavax, Pfizer/BioNTech",6965759,6880293,13846052
2022-07-06,"Moderna, Pfizer/BioNTech",6965761,6880298,13846059
2022-07-07,"Johnson&Johnson, Moderna, Novavax, Pfizer/BioNTech",6965864,6880393,13846257
2022-07-08,"Indie/AstraZeneca, Johnson&Johnson, Moderna, Novavax, Oxford/AstraZeneca, Pfizer/BioNTech",6966011,6880571,13846582
2022-07-09,"Johnson&Johnson, Moderna, Novavax, Pfizer/BioNTech",6966020,6880579,13846599
2022-07-10,"Moderna, Pfizer/BioNTech",6966024,6880588,13846612
2022-07-11,"Johnson&Johnson, Moderna, Novavax, Pfizer/BioNTech",6966104,6880661,13846765
