date,vaccine,people_vaccinated,people_fully_vaccinated,total_vaccinations
2020-12-27,Pfizer/BioNTech,1252,0,1252
2020-12-28,Pfizer/BioNTech,3549,0,3549
2020-12-29,Pfizer/BioNTech,6995,0,6995
2020-12-30,Pfizer/BioNTech,10470,0,10470
2020-12-31,Pfizer/BioNTech,11775,0,11775
2021-01-01,Pfizer/BioNTech,12036,0,12036
2021-01-02,Pfizer/BioNTech,13303,0,13303
2021-01-03,Pfizer/BioNTech,14218,0,14218
2021-01-04,Pfizer/BioNTech,17787,0,17787
2021-01-05,Pfizer/BioNTech,22280,0,22280
2021-01-06,Pfizer/BioNTech,28096,0,28096
2021-01-07,Pfizer/BioNTech,36037,0,36037
2021-01-08,Pfizer/BioNTech,45968,0,45968
2021-01-09,Pfizer/BioNTech,47981,0,47981
2021-01-10,Pfizer/BioNTech,49731,0,49731
2021-01-11,Pfizer/BioNTech,59520,0,59520
2021-01-12,Pfizer/BioNTech,72873,0,72873
2021-01-13,Pfizer/BioNTech,86349,0,86349
2021-01-14,"Moderna, Pfizer/BioNTech",101507,0,101507
2021-01-15,"Moderna, Pfizer/BioNTech",115443,0,115443
2021-01-16,"Moderna, Pfizer/BioNTech",118816,2,118818
2021-01-17,"Moderna, Pfizer/BioNTech",121412,635,122047
2021-01-18,"Moderna, Pfizer/BioNTech",133859,2445,136304
2021-01-19,"Moderna, Pfizer/BioNTech",146366,5144,151510
2021-01-20,"Moderna, Pfizer/BioNTech",159924,7771,167695
2021-01-21,"Moderna, Pfizer/BioNTech",175473,9489,184962
2021-01-22,"Moderna, Pfizer/BioNTech",190234,10524,200758
2021-01-23,"Moderna, Pfizer/BioNTech",193512,11390,204902
2021-01-24,"Moderna, Pfizer/BioNTech",195755,12253,208008
2021-01-25,"Moderna, Pfizer/BioNTech",205351,15202,220553
2021-01-26,"Moderna, Pfizer/BioNTech",215844,19158,235002
2021-01-27,"Moderna, Pfizer/BioNTech",224829,23650,248479
2021-01-28,"Moderna, Pfizer/BioNTech",231858,29732,261590
2021-01-29,"Moderna, Pfizer/BioNTech",238032,37543,275575
2021-01-30,"Moderna, Pfizer/BioNTech",238750,38625,277375
2021-01-31,Pfizer/BioNTech,239452,39794,279246
2021-02-01,"Moderna, Pfizer/BioNTech",243392,47672,291064
2021-02-02,"Moderna, Pfizer/BioNTech",247509,57844,305353
2021-02-03,"Moderna, Pfizer/BioNTech",251891,68791,320682
2021-02-04,"Moderna, Pfizer/BioNTech",256765,81700,338465
2021-02-05,"Moderna, Pfizer/BioNTech",262200,92317,354517
2021-02-06,"Moderna, Pfizer/BioNTech",263036,94651,357687
2021-02-07,"Moderna, Pfizer/BioNTech",263881,97126,361007
2021-02-08,"Moderna, Pfizer/BioNTech",267896,108466,376362
2021-02-09,"Moderna, Oxford/AstraZeneca, Pfizer/BioNTech",272956,120360,393316
2021-02-10,"Moderna, Pfizer/BioNTech",278465,133484,411949
2021-02-11,"Moderna, Oxford/AstraZeneca, Pfizer/BioNTech",284744,149586,434330
2021-02-12,"Moderna, Oxford/AstraZeneca, Pfizer/BioNTech",291443,164223,455666
2021-02-13,"Moderna, Oxford/AstraZeneca, Pfizer/BioNTech",293018,167192,460210
2021-02-14,"Moderna, Oxford/AstraZeneca, Pfizer/BioNTech",294006,168558,462564
2021-02-15,"Moderna, Oxford/AstraZeneca, Pfizer/BioNTech",300348,177861,478209
2021-02-16,"Moderna, Oxford/AstraZeneca, Pfizer/BioNTech",308957,186874,495831
2021-02-17,"Moderna, Oxford/AstraZeneca, Pfizer/BioNTech",318616,195117,513733
2021-02-18,"Moderna, Oxford/AstraZeneca, Pfizer/BioNTech",330878,203096,533974
2021-02-19,"Moderna, Oxford/AstraZeneca, Pfizer/BioNTech",342618,210350,552968
2021-02-20,"Moderna, Oxford/AstraZeneca, Pfizer/BioNTech",344543,211512,556055
2021-02-21,"Moderna, Oxford/AstraZeneca, Pfizer/BioNTech",345564,212518,558082
2021-02-22,"Moderna, Oxford/AstraZeneca, Pfizer/BioNTech",355630,218505,574135
2021-02-23,"Moderna, Oxford/AstraZeneca, Pfizer/BioNTech",368470,225437,593907
2021-02-24,"Moderna, Oxford/AstraZeneca, Pfizer/BioNTech",382237,231429,613666
2021-02-25,"Moderna, Oxford/AstraZeneca, Pfizer/BioNTech",400113,236942,637055
2021-02-26,"Moderna, Oxford/AstraZeneca, Pfizer/BioNTech",416156,242254,658410
2021-02-27,"Moderna, Oxford/AstraZeneca, Pfizer/BioNTech",419087,242802,661889
2021-02-28,"Moderna, Oxford/AstraZeneca, Pfizer/BioNTech",421416,243349,664765
2021-03-01,"Moderna, Oxford/AstraZeneca, Pfizer/BioNTech",440699,246731,687430
2021-03-02,"Moderna, Oxford/AstraZeneca, Pfizer/BioNTech",467750,250254,718004
2021-03-03,"Moderna, Oxford/AstraZeneca, Pfizer/BioNTech",498233,254722,752955
2021-03-04,"Moderna, Oxford/AstraZeneca, Pfizer/BioNTech",531209,259364,790573
2021-03-05,"Moderna, Oxford/AstraZeneca, Pfizer/BioNTech",559717,264721,824438
2021-03-06,"Moderna, Oxford/AstraZeneca, Pfizer/BioNTech",571679,265557,837236
2021-03-07,"Moderna, Oxford/AstraZeneca, Pfizer/BioNTech",583033,266385,849418
2021-03-08,"Moderna, Oxford/AstraZeneca, Pfizer/BioNTech",612521,271193,883714
2021-03-09,"Moderna, Oxford/AstraZeneca, Pfizer/BioNTech",648514,277518,926032
2021-03-10,"Moderna, Oxford/AstraZeneca, Pfizer/BioNTech",689403,284426,973829
2021-03-11,"Moderna, Oxford/AstraZeneca, Pfizer/BioNTech",733773,292735,1026508
2021-03-12,"Moderna, Oxford/AstraZeneca, Pfizer/BioNTech",772135,301124,1073259
2021-03-13,"Moderna, Oxford/AstraZeneca, Pfizer/BioNTech",789099,302407,1091506
2021-03-14,"Moderna, Oxford/AstraZeneca, Pfizer/BioNTech",801127,303532,1104659
2021-03-15,"Moderna, Oxford/AstraZeneca, Pfizer/BioNTech",829193,312275,1141468
2021-03-16,"Moderna, Oxford/AstraZeneca, Pfizer/BioNTech",867753,322732,1190485
2021-03-17,"Moderna, Oxford/AstraZeneca, Pfizer/BioNTech",904907,333173,1238080
2021-03-18,"Moderna, Oxford/AstraZeneca, Pfizer/BioNTech",942451,345522,1287973
2021-03-19,"Moderna, Oxford/AstraZeneca, Pfizer/BioNTech",976475,359048,1335523
2021-03-20,"Moderna, Oxford/AstraZeneca, Pfizer/BioNTech",991438,361053,1352491
2021-03-21,"Moderna, Oxford/AstraZeneca, Pfizer/BioNTech",998773,362583,1361356
2021-03-22,"Moderna, Oxford/AstraZeneca, Pfizer/BioNTech",1022858,374948,1397806
2021-03-23,"Moderna, Oxford/AstraZeneca, Pfizer/BioNTech",1049125,388186,1437311
2021-03-24,"Moderna, Oxford/AstraZeneca, Pfizer/BioNTech",1075631,403808,1479439
2021-03-25,"Moderna, Oxford/AstraZeneca, Pfizer/BioNTech",1101680,421589,1523269
2021-03-26,"Moderna, Oxford/AstraZeneca, Pfizer/BioNTech",1126165,438993,1565158
2021-03-27,"Moderna, Oxford/AstraZeneca, Pfizer/BioNTech",1134501,443802,1578303
2021-03-28,"Moderna, Oxford/AstraZeneca, Pfizer/BioNTech",1139976,447910,1587886
2021-03-29,"Moderna, Oxford/AstraZeneca, Pfizer/BioNTech",1158691,468491,1627182
2021-03-30,"Moderna, Oxford/AstraZeneca, Pfizer/BioNTech",1183106,490539,1673645
2021-03-31,"Moderna, Oxford/AstraZeneca, Pfizer/BioNTech",1205926,517478,1723404
2021-04-01,"Moderna, Oxford/AstraZeneca, Pfizer/BioNTech",1231218,549317,1780535
2021-04-02,"Moderna, Oxford/AstraZeneca, Pfizer/BioNTech",1237952,562019,1799971
2021-04-03,"Moderna, Oxford/AstraZeneca, Pfizer/BioNTech",1241472,572893,1814365
2021-04-04,"Moderna, Oxford/AstraZeneca, Pfizer/BioNTech",1243927,581624,1825551
2021-04-05,"Moderna, Oxford/AstraZeneca, Pfizer/BioNTech",1246225,588764,1834989
2021-04-06,"Moderna, Oxford/AstraZeneca, Pfizer/BioNTech",1262156,617902,1880058
2021-04-07,"Moderna, Oxford/AstraZeneca, Pfizer/BioNTech",1285236,639935,1925171
2021-04-08,"Moderna, Oxford/AstraZeneca, Pfizer/BioNTech",1323084,670714,1993798
2021-04-09,"Moderna, Oxford/AstraZeneca, Pfizer/BioNTech",1361538,700565,2062103
2021-04-10,"Moderna, Oxford/AstraZeneca, Pfizer/BioNTech",1376783,715754,2092537
2021-04-11,"Moderna, Oxford/AstraZeneca, Pfizer/BioNTech",1386435,725737,2112172
2021-04-12,"Moderna, Oxford/AstraZeneca, Pfizer/BioNTech",1423892,750479,2174371
2021-04-13,"Moderna, Oxford/AstraZeneca, Pfizer/BioNTech",1459353,776272,2235625
2021-04-14,"Moderna, Oxford/AstraZeneca, Pfizer/BioNTech",1497546,803491,2301037
2021-04-15,"Moderna, Oxford/AstraZeneca, Pfizer/BioNTech",1544699,829025,2373724
2021-04-16,"Moderna, Oxford/AstraZeneca, Pfizer/BioNTech",1588733,854550,2443283
2021-04-17,"Moderna, Oxford/AstraZeneca, Pfizer/BioNTech",1605184,863530,2468714
2021-04-18,"Moderna, Oxford/AstraZeneca, Pfizer/BioNTech",1618062,868470,2486532
2021-04-19,"Moderna, Oxford/AstraZeneca, Pfizer/BioNTech",1661500,883773,2545273
2021-04-20,"Moderna, Oxford/AstraZeneca, Pfizer/BioNTech",1703266,899504,2602770
2021-04-21,"Moderna, Oxford/AstraZeneca, Pfizer/BioNTech",1750360,913594,2663954
2021-04-22,"Johnson&Johnson, Moderna, Oxford/AstraZeneca, Pfizer/BioNTech",1804204,930862,2735066
2021-04-23,"Johnson&Johnson, Moderna, Oxford/AstraZeneca, Pfizer/BioNTech",1853586,942801,2796387
2021-04-24,"Johnson&Johnson, Moderna, Oxford/AstraZeneca, Pfizer/BioNTech",1871140,947986,2819126
2021-04-25,"Johnson&Johnson, Moderna, Oxford/AstraZeneca, Pfizer/BioNTech",1885610,951960,2837570
2021-04-26,"Johnson&Johnson, Moderna, Oxford/AstraZeneca, Pfizer/BioNTech",1934552,959303,2893855
2021-04-27,"Johnson&Johnson, Moderna, Oxford/AstraZeneca, Pfizer/BioNTech",1982862,971405,2954267
2021-04-28,"Johnson&Johnson, Moderna, Oxford/AstraZeneca, Pfizer/BioNTech",2041021,985276,3026297
2021-04-29,"Johnson&Johnson, Moderna, Oxford/AstraZeneca, Pfizer/BioNTech",2105748,1000940,3106688
2021-04-30,"Johnson&Johnson, Moderna, Oxford/AstraZeneca, Pfizer/BioNTech",2167233,1010744,3177977
2021-05-01,"Johnson&Johnson, Moderna, Oxford/AstraZeneca, Pfizer/BioNTech",2186334,1014071,3200405
2021-05-02,"Johnson&Johnson, Moderna, Oxford/AstraZeneca, Pfizer/BioNTech",2205002,1016287,3221289
2021-05-03,"Johnson&Johnson, Moderna, Oxford/AstraZeneca, Pfizer/BioNTech",2271505,1021263,3292768
2021-05-04,"Johnson&Johnson, Moderna, Oxford/AstraZeneca, Pfizer/BioNTech",2337052,1029480,3366532
2021-05-05,"Johnson&Johnson, Moderna, Oxford/AstraZeneca, Pfizer/BioNTech",2409325,1038739,3448064
2021-05-06,"Johnson&Johnson, Moderna, Oxford/AstraZeneca, Pfizer/BioNTech",2488660,1049242,3537902
2021-05-07,"Johnson&Johnson, Moderna, Oxford/AstraZeneca, Pfizer/BioNTech",2565017,1059117,3624134
2021-05-08,"Johnson&Johnson, Moderna, Oxford/AstraZeneca, Pfizer/BioNTech",2594223,1060806,3655029
2021-05-09,"Johnson&Johnson, Moderna, Oxford/AstraZeneca, Pfizer/BioNTech",2618228,1061967,3680195
2021-05-10,"Johnson&Johnson, Moderna, Oxford/AstraZeneca, Pfizer/BioNTech",2689897,1069021,3758918
2021-05-11,"Johnson&Johnson, Moderna, Oxford/AstraZeneca, Pfizer/BioNTech",2764785,1077692,3842477
2021-05-12,"Johnson&Johnson, Moderna, Oxford/AstraZeneca, Pfizer/BioNTech",2843648,1086563,3930211
2021-05-13,"Johnson&Johnson, Moderna, Oxford/AstraZeneca, Pfizer/BioNTech",2926465,1095480,4021945
2021-05-14,"Johnson&Johnson, Moderna, Oxford/AstraZeneca, Pfizer/BioNTech",3004079,1102820,4106899
2021-05-15,"Johnson&Johnson, Moderna, Oxford/AstraZeneca, Pfizer/BioNTech",3035428,1104892,4140320
2021-05-16,"Johnson&Johnson, Moderna, Oxford/AstraZeneca, Pfizer/BioNTech",3061014,1106061,4167075
2021-05-17,"Johnson&Johnson, Moderna, Oxford/AstraZeneca, Pfizer/BioNTech",3131372,1112534,4243906
2021-05-18,"Johnson&Johnson, Moderna, Oxford/AstraZeneca, Pfizer/BioNTech",3198344,1124798,4323142
