date,vaccine,people_vaccinated,people_fully_vaccinated,total_vaccinations
2020-12-27,Pfizer/BioNTech,1287,0,1287
2020-12-28,Pfizer/BioNTech,3590,0,3590
2020-12-29,Pfizer/BioNTech,7061,1,7062
2020-12-30,Pfizer/BioNTech,10578,1,10579
2020-12-31,Pfizer/BioNTech,11890,1,11891
2021-01-01,"Moderna, Pfizer/BioNTech",12161,1,12162
2021-01-02,"Moderna, Pfizer/BioNTech",13447,2,13449
2021-01-03,"Moderna, Pfizer/BioNTech",14374,2,14376
2021-01-04,"Moderna, Pfizer/BioNTech",17984,2,17986
2021-01-05,"Moderna, Pfizer/BioNTech",22509,3,22512
2021-01-06,"Moderna, Pfizer/BioNTech",28355,4,28359
2021-01-07,"Moderna, Pfizer/BioNTech",36354,4,36358
2021-01-08,"Moderna, Pfizer/BioNTech",46408,5,46413
2021-01-09,"Moderna, Pfizer/BioNTech",48434,7,48441
2021-01-10,Pfizer/BioNTech,50206,9,50215
2021-01-11,"Moderna, Pfizer/BioNTech",60063,11,60074
2021-01-12,"Moderna, Pfizer/BioNTech",73518,13,73531
2021-01-13,"Moderna, Pfizer/BioNTech",87064,14,87078
2021-01-14,"Moderna, Pfizer/BioNTech",102317,18,102335
2021-01-15,"Moderna, Pfizer/BioNTech",116337,19,116356
2021-01-16,"Moderna, Pfizer/BioNTech",119741,23,119764
2021-01-17,"Moderna, Pfizer/BioNTech",122362,659,123021
2021-01-18,"Moderna, Pfizer/BioNTech",134855,2486,137341
2021-01-19,"Moderna, Pfizer/BioNTech",147466,5215,152681
2021-01-20,"Moderna, Pfizer/BioNTech",161163,7880,169043
2021-01-21,"Moderna, Pfizer/BioNTech",176816,9623,186439
2021-01-22,"Moderna, Pfizer/BioNTech",191708,10668,202376
2021-01-23,"Moderna, Pfizer/BioNTech",195026,11548,206574
2021-01-24,"Moderna, Pfizer/BioNTech",197282,12419,209701
2021-01-25,"Moderna, Pfizer/BioNTech",206937,15389,222326
2021-01-26,"Moderna, Pfizer/BioNTech",217485,19380,236865
2021-01-27,"Moderna, Pfizer/BioNTech",226517,23915,250432
2021-01-28,"Moderna, Pfizer/BioNTech",233623,30049,263672
2021-01-29,"Moderna, Pfizer/BioNTech",239839,37959,277798
2021-01-30,"Moderna, Pfizer/BioNTech",240580,39047,279627
2021-01-31,"Moderna, Pfizer/BioNTech",241299,40229,281528
2021-02-01,"Moderna, Pfizer/BioNTech",245282,48199,293481
2021-02-02,"Moderna, Pfizer/BioNTech",249437,58439,307876
2021-02-03,"Moderna, Pfizer/BioNTech",253864,69459,323323
2021-02-04,"Moderna, Pfizer/BioNTech",258771,82452,341223
2021-02-05,"Moderna, Pfizer/BioNTech",264245,93126,357371
2021-02-06,"Moderna, Oxford/AstraZeneca, Pfizer/BioNTech",265102,95492,360594
2021-02-07,"Moderna, Oxford/AstraZeneca, Pfizer/BioNTech",265953,97992,363945
2021-02-08,"Moderna, Oxford/AstraZeneca, Pfizer/BioNTech",270046,109421,379467
2021-02-09,"Moderna, Oxford/AstraZeneca, Pfizer/BioNTech",275158,121334,396492
2021-02-10,"Moderna, Oxford/AstraZeneca, Pfizer/BioNTech",280677,134594,415271
2021-02-11,"Moderna, Oxford/AstraZeneca, Pfizer/BioNTech",287019,150814,437833
2021-02-12,"Moderna, Oxford/AstraZeneca, Pfizer/BioNTech",293847,165564,459411
2021-02-13,"Moderna, Oxford/AstraZeneca, Pfizer/BioNTech",295465,168551,464016
2021-02-14,"Moderna, Oxford/AstraZeneca, Pfizer/BioNTech",296471,169938,466409
2021-02-15,"Moderna, Oxford/AstraZeneca, Pfizer/BioNTech",302871,179309,482180
2021-02-16,"Moderna, Oxford/AstraZeneca, Pfizer/BioNTech",311592,188390,499982
2021-02-17,"Moderna, Oxford/AstraZeneca, Pfizer/BioNTech",321294,196702,517996
2021-02-18,"Moderna, Oxford/AstraZeneca, Pfizer/BioNTech",333624,204785,538409
2021-02-19,"Moderna, Oxford/AstraZeneca, Pfizer/BioNTech",345491,212162,557653
2021-02-20,"Moderna, Oxford/AstraZeneca, Pfizer/BioNTech",347501,213348,560849
2021-02-21,"Moderna, Oxford/AstraZeneca, Pfizer/BioNTech",348638,214374,563012
2021-02-22,"Moderna, Oxford/AstraZeneca, Pfizer/BioNTech",358762,220411,579173
2021-02-23,"Moderna, Oxford/AstraZeneca, Pfizer/BioNTech",371727,227403,599130
2021-02-24,"Moderna, Oxford/AstraZeneca, Pfizer/BioNTech",385611,233445,619056
2021-02-25,"Moderna, Oxford/AstraZeneca, Pfizer/BioNTech",403595,238996,642591
2021-02-26,"Moderna, Oxford/AstraZeneca, Pfizer/BioNTech",419776,244356,664132
2021-02-27,"Moderna, Oxford/AstraZeneca, Pfizer/BioNTech",422785,244915,667700
2021-02-28,"Moderna, Oxford/AstraZeneca, Pfizer/BioNTech",425143,245466,670609
2021-03-01,"Moderna, Oxford/AstraZeneca, Pfizer/BioNTech",444743,248915,693658
2021-03-02,"Moderna, Oxford/AstraZeneca, Pfizer/BioNTech",471971,252469,724440
2021-03-03,"Moderna, Oxford/AstraZeneca, Pfizer/BioNTech",502927,256981,759908
2021-03-04,"Moderna, Oxford/AstraZeneca, Pfizer/BioNTech",536213,261672,797885
2021-03-05,"Johnson&Johnson, Moderna, Oxford/AstraZeneca, Pfizer/BioNTech",565060,267101,832161
2021-03-06,"Johnson&Johnson, Moderna, Oxford/AstraZeneca, Pfizer/BioNTech",577220,267967,845187
2021-03-07,"Johnson&Johnson, Moderna, Oxford/AstraZeneca, Pfizer/BioNTech",588770,268810,857580
2021-03-08,"Johnson&Johnson, Moderna, Oxford/AstraZeneca, Pfizer/BioNTech",618521,273673,892194
2021-03-09,"Johnson&Johnson, Moderna, Oxford/AstraZeneca, Pfizer/BioNTech",654894,280061,934955
2021-03-10,"Johnson&Johnson, Moderna, Oxford/AstraZeneca, Pfizer/BioNTech",696227,287021,983248
2021-03-11,"Johnson&Johnson, Moderna, Oxford/AstraZeneca, Pfizer/BioNTech",741085,295396,1036481
2021-03-12,"Johnson&Johnson, Moderna, Oxford/AstraZeneca, Pfizer/BioNTech, Čína",779846,303897,1083743
2021-03-13,"Johnson&Johnson, Moderna, Oxford/AstraZeneca, Pfizer/BioNTech",796957,305212,1102169
2021-03-14,"Johnson&Johnson, Moderna, Oxford/AstraZeneca, Pfizer/BioNTech",809076,306369,1115445
2021-03-15,"Johnson&Johnson, Moderna, Oxford/AstraZeneca, Pfizer/BioNTech",837472,315149,1152621
2021-03-16,"Johnson&Johnson, Moderna, Oxford/AstraZeneca, Pfizer/BioNTech",876370,325686,1202056
2021-03-17,"Moderna, Oxford/AstraZeneca, Pfizer/BioNTech",913858,336201,1250059
2021-03-18,"Johnson&Johnson, Moderna, Oxford/AstraZeneca, Pfizer/BioNTech",951866,348627,1300493
2021-03-19,"Johnson&Johnson, Moderna, Oxford/AstraZeneca, Pfizer/BioNTech",986386,362242,1348628
2021-03-20,"Johnson&Johnson, Moderna, Oxford/AstraZeneca, Pfizer/BioNTech",1001569,364272,1365841
2021-03-21,"Johnson&Johnson, Moderna, Oxford/AstraZeneca, Pfizer/BioNTech",1009018,365832,1374850
2021-03-22,"Johnson&Johnson, Moderna, Oxford/AstraZeneca, Pfizer/BioNTech",1033595,378333,1411928
2021-03-23,"Johnson&Johnson, Moderna, Oxford/AstraZeneca, Pfizer/BioNTech",1060272,391700,1451972
2021-03-24,"Johnson&Johnson, Moderna, Oxford/AstraZeneca, Pfizer/BioNTech",1087169,407446,1494615
2021-03-25,"Johnson&Johnson, Moderna, Oxford/AstraZeneca, Pfizer/BioNTech",1113530,425301,1538831
2021-03-26,"Johnson&Johnson, Moderna, Oxford/AstraZeneca, Pfizer/BioNTech",1138373,442815,1581188
2021-03-27,"Johnson&Johnson, Moderna, Oxford/AstraZeneca, Pfizer/BioNTech, Čína",1146836,447661,1594497
2021-03-28,"Moderna, Oxford/AstraZeneca, Pfizer/BioNTech",1152385,451809,1604194
2021-03-29,"Johnson&Johnson, Moderna, Oxford/AstraZeneca, Pfizer/BioNTech",1171547,472545,1644092
2021-03-30,"Johnson&Johnson, Moderna, Oxford/AstraZeneca, Pfizer/BioNTech",1196257,494732,1690989
2021-03-31,"Johnson&Johnson, Moderna, Oxford/AstraZeneca, Pfizer/BioNTech",1219416,521801,1741217
2021-04-01,"Johnson&Johnson, Moderna, Oxford/AstraZeneca, Pfizer/BioNTech",1245106,553859,1798965
2021-04-02,"Johnson&Johnson, Moderna, Oxford/AstraZeneca, Pfizer/BioNTech",1252090,566655,1818745
2021-04-03,"Johnson&Johnson, Moderna, Oxford/AstraZeneca, Pfizer/BioNTech",1255745,577588,1833333
2021-04-04,"Johnson&Johnson, Moderna, Oxford/AstraZeneca, Pfizer/BioNTech",1258291,586514,1844805
2021-04-05,"Johnson&Johnson, Moderna, Oxford/AstraZeneca, Pfizer/BioNTech",1260725,593720,1854445
2021-04-06,"Johnson&Johnson, Moderna, Oxford/AstraZeneca, Pfizer/BioNTech, Čína",1276944,622996,1899940
2021-04-07,"Johnson&Johnson, Moderna, Oxford/AstraZeneca, Pfizer/BioNTech",1300449,645235,1945684
2021-04-08,"Johnson&Johnson, Moderna, Oxford/AstraZeneca, Pfizer/BioNTech",1339271,676284,2015555
2021-04-09,"Johnson&Johnson, Moderna, Oxford/AstraZeneca, Pfizer/BioNTech",1378868,706485,2085353
2021-04-10,"Johnson&Johnson, Moderna, Oxford/AstraZeneca, Pfizer/BioNTech",1394437,721798,2116235
2021-04-11,"Johnson&Johnson, Moderna, Oxford/AstraZeneca, Pfizer/BioNTech",1404232,731856,2136088
2021-04-12,"Johnson&Johnson, Moderna, Oxford/AstraZeneca, Pfizer/BioNTech",1442555,757003,2199558
2021-04-13,"Moderna, Oxford/AstraZeneca, Pfizer/BioNTech",1478864,783046,2261910
2021-04-14,"Moderna, Oxford/AstraZeneca, Pfizer/BioNTech",1517754,810426,2328180
2021-04-15,"Moderna, Oxford/AstraZeneca, Pfizer/BioNTech",1565590,836208,2401798
2021-04-16,"Moderna, Oxford/AstraZeneca, Pfizer/BioNTech",1610311,861891,2472202
2021-04-17,"Indie/AstraZeneca, Moderna, Oxford/AstraZeneca, Pfizer/BioNTech",1627040,870918,2497958
2021-04-18,"Moderna, Oxford/AstraZeneca, Pfizer/BioNTech",1640040,875904,2515944
2021-04-19,"Johnson&Johnson, Moderna, Oxford/AstraZeneca, Pfizer/BioNTech",1684016,891347,2575363
2021-04-20,"Johnson&Johnson, Moderna, Oxford/AstraZeneca, Pfizer/BioNTech",1726606,907237,2633843
2021-04-21,"Moderna, Oxford/AstraZeneca, Pfizer/BioNTech",1774372,921608,2695980
2021-04-22,"Johnson&Johnson, Moderna, Oxford/AstraZeneca, Pfizer/BioNTech",1828904,939008,2767912
2021-04-23,"Johnson&Johnson, Moderna, Oxford/AstraZeneca, Pfizer/BioNTech",1878918,951075,2829993
2021-04-24,"Johnson&Johnson, Moderna, Oxford/AstraZeneca, Pfizer/BioNTech, Čína",1896796,956345,2853141
2021-04-25,"Johnson&Johnson, Moderna, Oxford/AstraZeneca, Pfizer/BioNTech",1911509,960350,2871859
2021-04-26,"Johnson&Johnson, Moderna, Oxford/AstraZeneca, Pfizer/BioNTech",1961124,967920,2929044
2021-04-27,"Johnson&Johnson, Moderna, Oxford/AstraZeneca, Pfizer/BioNTech",2010117,980176,2990293
2021-04-28,"Johnson&Johnson, Moderna, Oxford/AstraZeneca, Pfizer/BioNTech",2068901,994202,3063103
2021-04-29,"Johnson&Johnson, Moderna, Oxford/AstraZeneca, Pfizer/BioNTech",2134522,1010124,3144646
2021-04-30,"Johnson&Johnson, Moderna, Oxford/AstraZeneca, Pfizer/BioNTech",2196815,1020120,3216935
2021-05-01,"Johnson&Johnson, Moderna, Oxford/AstraZeneca, Pfizer/BioNTech",2216210,1023586,3239796
2021-05-02,"Johnson&Johnson, Moderna, Oxford/AstraZeneca, Pfizer/BioNTech",2235162,1025877,3261039
2021-05-03,"Johnson&Johnson, Moderna, Oxford/AstraZeneca, Pfizer/BioNTech",2302441,1030961,3333402
2021-05-04,"Johnson&Johnson, Moderna, Oxford/AstraZeneca, Pfizer/BioNTech",2369001,1039336,3408337
2021-05-05,"Johnson&Johnson, Moderna, Oxford/AstraZeneca, Pfizer/BioNTech",2442214,1048784,3490998
2021-05-06,"Johnson&Johnson, Moderna, Oxford/AstraZeneca, Pfizer/BioNTech",2522655,1059537,3582192
2021-05-07,"Johnson&Johnson, Moderna, Oxford/AstraZeneca, Pfizer/BioNTech",2599995,1069683,3669678
2021-05-08,"Johnson&Johnson, Moderna, Oxford/AstraZeneca, Pfizer/BioNTech",2629539,1071477,3701016
2021-05-09,"Johnson&Johnson, Moderna, Oxford/AstraZeneca, Pfizer/BioNTech",2653782,1072701,3726483
2021-05-10,"Johnson&Johnson, Moderna, Oxford/AstraZeneca, Pfizer/BioNTech",2726584,1079948,3806532
2021-05-11,"Johnson&Johnson, Moderna, Oxford/AstraZeneca, Pfizer/BioNTech",2802740,1088783,3891523
2021-05-12,"Johnson&Johnson, Moderna, Oxford/AstraZeneca, Pfizer/BioNTech",2882687,1097931,3980618
2021-05-13,"Johnson&Johnson, Moderna, Oxford/AstraZeneca, Pfizer/BioNTech",2966741,1107123,4073864
2021-05-14,"Johnson&Johnson, Moderna, Oxford/AstraZeneca, Pfizer/BioNTech",3046299,1114951,4161250
2021-05-15,"Johnson&Johnson, Moderna, Oxford/AstraZeneca, Pfizer/BioNTech",3078267,1117238,4195505
2021-05-16,"Johnson&Johnson, Moderna, Oxford/AstraZeneca, Pfizer/BioNTech",3104083,1118525,4222608
2021-05-17,"Indie/AstraZeneca, Johnson&Johnson, Moderna, Oxford/AstraZeneca, Pfizer/BioNTech",3176627,1125285,4301912
2021-05-18,"Indie/AstraZeneca, Johnson&Johnson, Moderna, Oxford/AstraZeneca, Pfizer/BioNTech",3248623,1138412,4387035
2021-05-19,"Johnson&Johnson, Moderna, Oxford/AstraZeneca, Pfizer/BioNTech",3326125,1153588,4479713
2021-05-20,"Johnson&Johnson, Moderna, Oxford/AstraZeneca, Pfizer/BioNTech",3401626,1180660,4582286
2021-05-21,"Johnson&Johnson, Moderna, Oxford/AstraZeneca, Pfizer/BioNTech",3470487,1208472,4678959
2021-05-22,"Johnson&Johnson, Moderna, Oxford/AstraZeneca, Pfizer/BioNTech",3502962,1219717,4722679
2021-05-23,"Johnson&Johnson, Moderna, Oxford/AstraZeneca, Pfizer/BioNTech",3525413,1228759,4754172
2021-05-24,"Johnson&Johnson, Moderna, Oxford/AstraZeneca, Pfizer/BioNTech",3572634,1262441,4835075
2021-05-25,"Johnson&Johnson, Moderna, Oxford/AstraZeneca, Pfizer/BioNTech",3624559,1298289,4922848
2021-05-26,"Johnson&Johnson, Moderna, Oxford/AstraZeneca, Pfizer/BioNTech",3692330,1335853,5028183
2021-05-27,"Indie/AstraZeneca, Johnson&Johnson, Moderna, Oxford/AstraZeneca, Pfizer/BioNTech",3753770,1383222,5136992
2021-05-28,"Johnson&Johnson, Moderna, Oxford/AstraZeneca, Pfizer/BioNTech",3815524,1429840,5245364
2021-05-29,"Johnson&Johnson, Moderna, Oxford/AstraZeneca, Pfizer/BioNTech",3844800,1446989,5291789
2021-05-30,"Johnson&Johnson, Moderna, Oxford/AstraZeneca, Pfizer/BioNTech, Čína",3867222,1461462,5328684
2021-05-31,"Indie/AstraZeneca, Johnson&Johnson, Moderna, Oxford/AstraZeneca, Pfizer/BioNTech",3922974,1509003,5431977
2021-06-01,"Johnson&Johnson, Moderna, Oxford/AstraZeneca, Pfizer/BioNTech",3982096,1557898,5539994
2021-06-02,"Johnson&Johnson, Moderna, Oxford/AstraZeneca, Pfizer/BioNTech",4045082,1611935,5657017
2021-06-03,"Johnson&Johnson, Moderna, Oxford/AstraZeneca, Pfizer/BioNTech",4103347,1672184,5775531
2021-06-04,"Johnson&Johnson, Moderna, Oxford/AstraZeneca, Pfizer/BioNTech",4166497,1729620,5896117
2021-06-05,"Johnson&Johnson, Moderna, Oxford/AstraZeneca, Pfizer/BioNTech",4200693,1748555,5949248
2021-06-06,"Johnson&Johnson, Moderna, Oxford/AstraZeneca, Pfizer/BioNTech",4227657,1763736,5991393
2021-06-07,"Johnson&Johnson, Moderna, Oxford/AstraZeneca, Pfizer/BioNTech",4291361,1819392,6110753
2021-06-08,"Indie/AstraZeneca, Johnson&Johnson, Moderna, Oxford/AstraZeneca, Pfizer/BioNTech",4355381,1874424,6229805
2021-06-09,"Indie/AstraZeneca, Johnson&Johnson, Moderna, Oxford/AstraZeneca, Pfizer/BioNTech",4414610,1939126,6353736
2021-06-10,"Johnson&Johnson, Moderna, Oxford/AstraZeneca, Pfizer/BioNTech",4468479,2010456,6478935
2021-06-11,"Johnson&Johnson, Moderna, Oxford/AstraZeneca, Pfizer/BioNTech",4520613,2080319,6600932
2021-06-12,"Johnson&Johnson, Moderna, Oxford/AstraZeneca, Pfizer/BioNTech",4552648,2101184,6653832
2021-06-13,"Johnson&Johnson, Moderna, Oxford/AstraZeneca, Pfizer/BioNTech",4576692,2119631,6696323
2021-06-14,"Johnson&Johnson, Moderna, Oxford/AstraZeneca, Pfizer/BioNTech, Čína",4619796,2194050,6813846
2021-06-15,"Johnson&Johnson, Moderna, Oxford/AstraZeneca, Pfizer/BioNTech",4664489,2266467,6930956
2021-06-16,"Johnson&Johnson, Moderna, Oxford/AstraZeneca, Pfizer/BioNTech",4707323,2344725,7052048
2021-06-17,"Johnson&Johnson, Moderna, Oxford/AstraZeneca, Pfizer/BioNTech",4746765,2427852,7174617
2021-06-18,"Johnson&Johnson, Moderna, Oxford/AstraZeneca, Pfizer/BioNTech",4789219,2508465,7297684
2021-06-19,"Johnson&Johnson, Moderna, Oxford/AstraZeneca, Pfizer/BioNTech, Čína",4811022,2537819,7348841
2021-06-20,"Johnson&Johnson, Moderna, Oxford/AstraZeneca, Pfizer/BioNTech",4828438,2561707,7390145
2021-06-21,"Johnson&Johnson, Moderna, Oxford/AstraZeneca, Pfizer/BioNTech, Čína",4860956,2640348,7501304
2021-06-22,"Johnson&Johnson, Moderna, Oxford/AstraZeneca, Pfizer/BioNTech",4893944,2722702,7616646
2021-06-23,"Johnson&Johnson, Moderna, Oxford/AstraZeneca, Pfizer/BioNTech",4925677,2807976,7733653
2021-06-24,"Johnson&Johnson, Moderna, Oxford/AstraZeneca, Pfizer/BioNTech",4955558,2898063,7853621
2021-06-25,"Johnson&Johnson, Moderna, Oxford/AstraZeneca, Pfizer/BioNTech",4986657,2984329,7970986
2021-06-26,"Johnson&Johnson, Moderna, Oxford/AstraZeneca, Pfizer/BioNTech",5002564,3019229,8021793
2021-06-27,"Johnson&Johnson, Moderna, Oxford/AstraZeneca, Pfizer/BioNTech",5016528,3045958,8062486
2021-06-28,"Johnson&Johnson, Moderna, Oxford/AstraZeneca, Pfizer/BioNTech",5044960,3131202,8176162
2021-06-29,"Johnson&Johnson, Moderna, Oxford/AstraZeneca, Pfizer/BioNTech",5074262,3217779,8292041
2021-06-30,"Johnson&Johnson, Moderna, Oxford/AstraZeneca, Pfizer/BioNTech",5101776,3308852,8410628
2021-07-01,"Johnson&Johnson, Moderna, Oxford/AstraZeneca, Pfizer/BioNTech",5125795,3398982,8524777
2021-07-02,"Johnson&Johnson, Moderna, Oxford/AstraZeneca, Pfizer/BioNTech",5152552,3484945,8637497
2021-07-03,"Johnson&Johnson, Moderna, Oxford/AstraZeneca, Pfizer/BioNTech",5159667,3516524,8676191
2021-07-04,"Johnson&Johnson, Moderna, Oxford/AstraZeneca, Pfizer/BioNTech",5167266,3538355,8705621
2021-07-05,"Johnson&Johnson, Moderna, Oxford/AstraZeneca, Pfizer/BioNTech",5174699,3563777,8738476
2021-07-06,"Johnson&Johnson, Moderna, Oxford/AstraZeneca, Pfizer/BioNTech, Čína",5180194,3591526,8771720
2021-07-07,"Johnson&Johnson, Moderna, Oxford/AstraZeneca, Pfizer/BioNTech",5206044,3670544,8876588
2021-07-08,"Johnson&Johnson, Moderna, Oxford/AstraZeneca, Pfizer/BioNTech",5232669,3740917,8973586
2021-07-09,"Johnson&Johnson, Moderna, Oxford/AstraZeneca, Pfizer/BioNTech",5260640,3810273,9070913
2021-07-10,"Johnson&Johnson, Moderna, Oxford/AstraZeneca, Pfizer/BioNTech",5270029,3838956,9108985
2021-07-11,"Johnson&Johnson, Moderna, Oxford/AstraZeneca, Pfizer/BioNTech",5278592,3861852,9140444
2021-07-12,"Johnson&Johnson, Moderna, Oxford/AstraZeneca, Pfizer/BioNTech, Čína",5306159,3930951,9237110
2021-07-13,"Johnson&Johnson, Moderna, Oxford/AstraZeneca, Pfizer/BioNTech",5332382,4000861,9333243
2021-07-14,"Johnson&Johnson, Moderna, Oxford/AstraZeneca, Pfizer/BioNTech",5358235,4072888,9431123
2021-07-15,"Indie/AstraZeneca, Johnson&Johnson, Moderna, Oxford/AstraZeneca, Pfizer/BioNTech",5387431,4138931,9526362
2021-07-16,"Johnson&Johnson, Moderna, Oxford/AstraZeneca, Pfizer/BioNTech",5415384,4211697,9627081
2021-07-17,"Johnson&Johnson, Moderna, Oxford/AstraZeneca, Pfizer/BioNTech, Čína",5424197,4243187,9667384
2021-07-18,"Johnson&Johnson, Moderna, Oxford/AstraZeneca, Pfizer/BioNTech",5432650,4269210,9701860
2021-07-19,"Johnson&Johnson, Moderna, Oxford/AstraZeneca, Pfizer/BioNTech",5456028,4336256,9792284
2021-07-20,"Johnson&Johnson, Moderna, Oxford/AstraZeneca, Pfizer/BioNTech",5477458,4403344,9880802
2021-07-21,"Johnson&Johnson, Moderna, Oxford/AstraZeneca, Pfizer/BioNTech",5500928,4466835,9967763
2021-07-22,"Johnson&Johnson, Moderna, Oxford/AstraZeneca, Pfizer/BioNTech",5523313,4525503,10048816
2021-07-23,"Johnson&Johnson, Moderna, Oxford/AstraZeneca, Pfizer/BioNTech",5546568,4580294,10126862
2021-07-24,"Johnson&Johnson, Moderna, Oxford/AstraZeneca, Pfizer/BioNTech",5553932,4607985,10161917
2021-07-25,"Johnson&Johnson, Moderna, Oxford/AstraZeneca, Pfizer/BioNTech",5560584,4630131,10190715
2021-07-26,"Johnson&Johnson, Moderna, Oxford/AstraZeneca, Pfizer/BioNTech",5584154,4678847,10263001
2021-07-27,"Johnson&Johnson, Moderna, Oxford/AstraZeneca, Pfizer/BioNTech, Čína",5606919,4725531,10332450
2021-07-28,"Johnson&Johnson, Moderna, Oxford/AstraZeneca, Pfizer/BioNTech",5628216,4771584,10399800
2021-07-29,"Johnson&Johnson, Moderna, Oxford/AstraZeneca, Pfizer/BioNTech",5649570,4813591,10463161
2021-07-30,"Johnson&Johnson, Moderna, Oxford/AstraZeneca, Pfizer/BioNTech",5672866,4856199,10529065
2021-07-31,"Johnson&Johnson, Moderna, Oxford/AstraZeneca, Pfizer/BioNTech",5681832,4875761,10557593
2021-08-01,"Johnson&Johnson, Moderna, Oxford/AstraZeneca, Pfizer/BioNTech",5688572,4891948,10580520
2021-08-02,"Johnson&Johnson, Moderna, Oxford/AstraZeneca, Pfizer/BioNTech",5707231,4929543,10636774
2021-08-03,"Johnson&Johnson, Moderna, Oxford/AstraZeneca, Pfizer/BioNTech",5724904,4967696,10692600
2021-08-04,"Johnson&Johnson, Moderna, Oxford/AstraZeneca, Pfizer/BioNTech",5741046,5004499,10745545
2021-08-05,"Johnson&Johnson, Moderna, Oxford/AstraZeneca, Pfizer/BioNTech",5757105,5045021,10802126
2021-08-06,"Johnson&Johnson, Moderna, Oxford/AstraZeneca, Pfizer/BioNTech",5773937,5088370,10862307
2021-08-07,"Johnson&Johnson, Moderna, Oxford/AstraZeneca, Pfizer/BioNTech",5779556,5106567,10886123
2021-08-08,"Johnson&Johnson, Moderna, Oxford/AstraZeneca, Pfizer/BioNTech",5783930,5122344,10906274
2021-08-09,"Indie/AstraZeneca, Johnson&Johnson, Moderna, Oxford/AstraZeneca, Pfizer/BioNTech",5796579,5167439,10964018
2021-08-10,"Johnson&Johnson, Moderna, Oxford/AstraZeneca, Pfizer/BioNTech",5808439,5207047,11015486
2021-08-11,"Indie/AstraZeneca, Johnson&Johnson, Moderna, Oxford/AstraZeneca, Pfizer/BioNTech",5819823,5250213,11070036
2021-08-12,"Johnson&Johnson, Moderna, Oxford/AstraZeneca, Pfizer/BioNTech",5831255,5287382,11118637
2021-08-13,"Johnson&Johnson, Moderna, Oxford/AstraZeneca, Pfizer/BioNTech",5841998,5327756,11169754
2021-08-14,"Johnson&Johnson, Moderna, Oxford/AstraZeneca, Pfizer/BioNTech",5845348,5338487,11183835
2021-08-15,"Johnson&Johnson, Moderna, Oxford/AstraZeneca, Pfizer/BioNTech",5847944,5348884,11196828
2021-08-16,"Johnson&Johnson, Moderna, Oxford/AstraZeneca, Pfizer/BioNTech",5857746,5382992,11240738
2021-08-17,"Johnson&Johnson, Moderna, Oxford/AstraZeneca, Pfizer/BioNTech",5867352,5410123,11277475
2021-08-18,"Johnson&Johnson, Moderna, Oxford/AstraZeneca, Pfizer/BioNTech",5876732,5449058,11325790
2021-08-19,"Johnson&Johnson, Moderna, Oxford/AstraZeneca, Pfizer/BioNTech",5886416,5487435,11373851
2021-08-20,"Johnson&Johnson, Moderna, Oxford/AstraZeneca, Pfizer/BioNTech",5897818,5527655,11425473
2021-08-21,"Johnson&Johnson, Moderna, Oxford/AstraZeneca, Pfizer/BioNTech",5900550,5540445,11440995
2021-08-22,"Johnson&Johnson, Moderna, Oxford/AstraZeneca, Pfizer/BioNTech",5902897,5552428,11455325
2021-08-23,"Johnson&Johnson, Moderna, Oxford/AstraZeneca, Pfizer/BioNTech",5913438,5591729,11505167
2021-08-24,"Johnson&Johnson, Moderna, Oxford/AstraZeneca, Pfizer/BioNTech",5923323,5624996,11548319
2021-08-25,"Indie/AstraZeneca, Johnson&Johnson, Moderna, Oxford/AstraZeneca, Pfizer/BioNTech",5932202,5653394,11585596
2021-08-26,"Johnson&Johnson, Moderna, Oxford/AstraZeneca, Pfizer/BioNTech",5940660,5679544,11620204
2021-08-27,"Johnson&Johnson, Moderna, Oxford/AstraZeneca, Pfizer/BioNTech",5950991,5705552,11656543
2021-08-28,"Johnson&Johnson, Moderna, Oxford/AstraZeneca, Pfizer/BioNTech",5953737,5712638,11666375
2021-08-29,"Johnson&Johnson, Moderna, Oxford/AstraZeneca, Pfizer/BioNTech",5956156,5719271,11675427
2021-08-30,"Johnson&Johnson, Moderna, Oxford/AstraZeneca, Pfizer/BioNTech",5964690,5741170,11705860
2021-08-31,"Indie/AstraZeneca, Johnson&Johnson, Moderna, Oxford/AstraZeneca, Pfizer/BioNTech",5972382,5759305,11731687
2021-09-01,"Johnson&Johnson, Moderna, Oxford/AstraZeneca, Pfizer/BioNTech",5978300,5773335,11751635
2021-09-02,"Johnson&Johnson, Moderna, Oxford/AstraZeneca, Pfizer/BioNTech",5985145,5787745,11772890
2021-09-03,"Johnson&Johnson, Moderna, Oxford/AstraZeneca, Pfizer/BioNTech",5994708,5803496,11798204
2021-09-04,"Johnson&Johnson, Moderna, Oxford/AstraZeneca, Pfizer/BioNTech",5996788,5807069,11803857
2021-09-05,"Johnson&Johnson, Moderna, Oxford/AstraZeneca, Pfizer/BioNTech",5998837,5809922,11808759
2021-09-06,"Indie/AstraZeneca, Johnson&Johnson, Moderna, Oxford/AstraZeneca, Pfizer/BioNTech",6005079,5822479,11827558
2021-09-07,"Johnson&Johnson, Moderna, Oxford/AstraZeneca, Pfizer/BioNTech",6009475,5833584,11843059
2021-09-08,"Johnson&Johnson, Moderna, Oxford/AstraZeneca, Pfizer/BioNTech",6015158,5843460,11858618
2021-09-09,"Johnson&Johnson, Moderna, Oxford/AstraZeneca, Pfizer/BioNTech",6021864,5853538,11875402
2021-09-10,"Johnson&Johnson, Moderna, Oxford/AstraZeneca, Pfizer/BioNTech",6029571,5865734,11895305
2021-09-11,"Johnson&Johnson, Moderna, Oxford/AstraZeneca, Pfizer/BioNTech",6031449,5868234,11899683
2021-09-12,"Johnson&Johnson, Moderna, Oxford/AstraZeneca, Pfizer/BioNTech",6032569,5869872,11902441
2021-09-13,"Johnson&Johnson, Moderna, Oxford/AstraZeneca, Pfizer/BioNTech",6038015,5880191,11918206
2021-09-14,"Johnson&Johnson, Moderna, Oxford/AstraZeneca, Pfizer/BioNTech",6043421,5889218,11932639
2021-09-15,"Johnson&Johnson, Moderna, Oxford/AstraZeneca, Pfizer/BioNTech",6048637,5897755,11946392
2021-09-16,"Johnson&Johnson, Moderna, Oxford/AstraZeneca, Pfizer/BioNTech",6054009,5906036,11960045
2021-09-17,"Johnson&Johnson, Moderna, Oxford/AstraZeneca, Pfizer/BioNTech",6060585,5916281,11976866
2021-09-18,"Johnson&Johnson, Moderna, Oxford/AstraZeneca, Pfizer/BioNTech",6062318,5918650,11980968
2021-09-19,"Johnson&Johnson, Moderna, Oxford/AstraZeneca, Pfizer/BioNTech",6063265,5920224,11983489
2021-09-20,"Johnson&Johnson, Moderna, Oxford/AstraZeneca, Pfizer/BioNTech",6067297,5928432,11995729
2021-09-21,"Johnson&Johnson, Moderna, Oxford/AstraZeneca, Pfizer/BioNTech",6071543,5935972,12007515
2021-09-22,"Johnson&Johnson, Moderna, Oxford/AstraZeneca, Pfizer/BioNTech",6075742,5941506,12017248
2021-09-23,"Johnson&Johnson, Moderna, Oxford/AstraZeneca, Pfizer/BioNTech",6080707,5947927,12028634
2021-09-24,"Johnson&Johnson, Moderna, Oxford/AstraZeneca, Pfizer/BioNTech",6086475,5957553,12044028
2021-09-25,"Johnson&Johnson, Moderna, Oxford/AstraZeneca, Pfizer/BioNTech",6087978,5959556,12047534
2021-09-26,"Johnson&Johnson, Moderna, Oxford/AstraZeneca, Pfizer/BioNTech",6088725,5961201,12049926
2021-09-27,"Johnson&Johnson, Moderna, Oxford/AstraZeneca, Pfizer/BioNTech",6092612,5967721,12060333
2021-09-28,"Johnson&Johnson, Moderna, Oxford/AstraZeneca, Pfizer/BioNTech",6092990,5968360,12061350
2021-09-29,"Johnson&Johnson, Moderna, Oxford/AstraZeneca, Pfizer/BioNTech",6096769,5975825,12072594
2021-09-30,"Johnson&Johnson, Moderna, Oxford/AstraZeneca, Pfizer/BioNTech",6101293,5983540,12084833
2021-10-01,"Johnson&Johnson, Moderna, Oxford/AstraZeneca, Pfizer/BioNTech",6105607,5991533,12097140
2021-10-02,"Johnson&Johnson, Moderna, Oxford/AstraZeneca, Pfizer/BioNTech",6106673,5993082,12099755
2021-10-03,"Johnson&Johnson, Moderna, Oxford/AstraZeneca, Pfizer/BioNTech",6107398,5993957,12101355
2021-10-04,"Johnson&Johnson, Moderna, Oxford/AstraZeneca, Pfizer/BioNTech",6110480,5999540,12110020
2021-10-05,"Johnson&Johnson, Moderna, Oxford/AstraZeneca, Pfizer/BioNTech",6113644,6004630,12118274
2021-10-06,"Johnson&Johnson, Moderna, Oxford/AstraZeneca, Pfizer/BioNTech",6117169,6009812,12126981
2021-10-07,"Johnson&Johnson, Moderna, Oxford/AstraZeneca, Pfizer/BioNTech",6120455,6015074,12135529
2021-10-08,"Johnson&Johnson, Moderna, Oxford/AstraZeneca, Pfizer/BioNTech",6125254,6021724,12146978
2021-10-09,"Johnson&Johnson, Moderna, Oxford/AstraZeneca, Pfizer/BioNTech",6126498,6023393,12149891
2021-10-10,"Johnson&Johnson, Moderna, Oxford/AstraZeneca, Pfizer/BioNTech",6127446,6024231,12151677
2021-10-11,"Johnson&Johnson, Moderna, Oxford/AstraZeneca, Pfizer/BioNTech",6130376,6028656,12159032
2021-10-12,"Johnson&Johnson, Moderna, Oxford/AstraZeneca, Pfizer/BioNTech",6133318,6032660,12165978
2021-10-13,"Johnson&Johnson, Moderna, Oxford/AstraZeneca, Pfizer/BioNTech",6136852,6036857,12173709
2021-10-14,"Johnson&Johnson, Moderna, Oxford/AstraZeneca, Pfizer/BioNTech",6140527,6041811,12182338
2021-10-15,"Johnson&Johnson, Moderna, Oxford/AstraZeneca, Pfizer/BioNTech",6145762,6047964,12193726
2021-10-16,"Johnson&Johnson, Moderna, Oxford/AstraZeneca, Pfizer/BioNTech",6147178,6049497,12196675
2021-10-17,"Johnson&Johnson, Moderna, Pfizer/BioNTech",6148504,6050554,12199058
2021-10-18,"Johnson&Johnson, Moderna, Oxford/AstraZeneca, Pfizer/BioNTech",6152617,6054663,12207280
2021-10-19,"Johnson&Johnson, Moderna, Oxford/AstraZeneca, Pfizer/BioNTech",6156199,6056769,12212968
2021-10-20,"Johnson&Johnson, Moderna, Oxford/AstraZeneca, Pfizer/BioNTech",6161091,6061234,12222325
2021-10-21,"Johnson&Johnson, Moderna, Oxford/AstraZeneca, Pfizer/BioNTech",6168863,6066847,12235710
2021-10-22,"Johnson&Johnson, Moderna, Oxford/AstraZeneca, Pfizer/BioNTech",6179323,6073352,12252675
2021-10-23,"Johnson&Johnson, Moderna, Oxford/AstraZeneca, Pfizer/BioNTech",6183004,6075565,12258569
2021-10-24,"Johnson&Johnson, Moderna, Oxford/AstraZeneca, Pfizer/BioNTech",6185692,6077345,12263037
2021-10-25,"Johnson&Johnson, Moderna, Oxford/AstraZeneca, Pfizer/BioNTech",6196205,6083164,12279369
2021-10-26,"Johnson&Johnson, Moderna, Oxford/AstraZeneca, Pfizer/BioNTech",6208202,6089718,12297920
2021-10-27,"Johnson&Johnson, Moderna, Oxford/AstraZeneca, Pfizer/BioNTech, Čína",6222815,6097135,12319950
2021-10-28,"Johnson&Johnson, Moderna, Oxford/AstraZeneca, Pfizer/BioNTech",6226246,6098824,12325070
2021-10-29,"Johnson&Johnson, Moderna, Oxford/AstraZeneca, Pfizer/BioNTech",6240689,6106815,12347504
2021-10-30,"Johnson&Johnson, Moderna, Oxford/AstraZeneca, Pfizer/BioNTech",6245220,6109747,12354967
2021-10-31,"Johnson&Johnson, Moderna, Oxford/AstraZeneca, Pfizer/BioNTech",6248982,6112222,12361204
2021-11-01,"Johnson&Johnson, Moderna, Oxford/AstraZeneca, Pfizer/BioNTech",6264179,6119903,12384082
2021-11-02,"Johnson&Johnson, Moderna, Oxford/AstraZeneca, Pfizer/BioNTech",6279631,6127465,12407096
2021-11-03,"Johnson&Johnson, Moderna, Oxford/AstraZeneca, Pfizer/BioNTech",6296814,6134757,12431571
2021-11-04,"Johnson&Johnson, Moderna, Oxford/AstraZeneca, Pfizer/BioNTech",6315162,6142935,12458097
2021-11-05,"Johnson&Johnson, Moderna, Oxford/AstraZeneca, Pfizer/BioNTech",6337966,6154226,12492192
2021-11-06,"Johnson&Johnson, Moderna, Oxford/AstraZeneca, Pfizer/BioNTech",6344486,6157286,12501772
2021-11-07,"Johnson&Johnson, Moderna, Oxford/AstraZeneca, Pfizer/BioNTech",6348512,6159722,12508234
2021-11-08,"Johnson&Johnson, Moderna, Oxford/AstraZeneca, Pfizer/BioNTech",6364778,6167352,12532130
2021-11-09,"Johnson&Johnson, Moderna, Oxford/AstraZeneca, Pfizer/BioNTech",6379590,6174653,12554243
2021-11-10,"Johnson&Johnson, Moderna, Oxford/AstraZeneca, Pfizer/BioNTech",6395328,6182041,12577369
2021-11-11,"Johnson&Johnson, Moderna, Oxford/AstraZeneca, Pfizer/BioNTech, Čína",6410805,6191152,12601957
2021-11-12,"Johnson&Johnson, Moderna, Oxford/AstraZeneca, Pfizer/BioNTech",6430611,6203955,12634566
2021-11-13,"Johnson&Johnson, Moderna, Oxford/AstraZeneca, Pfizer/BioNTech",6436006,6207833,12643839
2021-11-14,"Johnson&Johnson, Moderna, Oxford/AstraZeneca, Pfizer/BioNTech",6439905,6210843,12650748
2021-11-15,"Johnson&Johnson, Moderna, Oxford/AstraZeneca, Pfizer/BioNTech",6454994,6221552,12676546
2021-11-16,"Johnson&Johnson, Moderna, Oxford/AstraZeneca, Pfizer/BioNTech",6472525,6233530,12706055
2021-11-17,"Johnson&Johnson, Moderna, Oxford/AstraZeneca, Pfizer/BioNTech",6476768,6237100,12713868
2021-11-18,"Johnson&Johnson, Moderna, Oxford/AstraZeneca, Pfizer/BioNTech",6496178,6248794,12744972
2021-11-19,"Johnson&Johnson, Moderna, Oxford/AstraZeneca, Pfizer/BioNTech",6520787,6265772,12786559
2021-11-20,"Johnson&Johnson, Moderna, Oxford/AstraZeneca, Pfizer/BioNTech",6529363,6270759,12800122
2021-11-21,"Johnson&Johnson, Moderna, Oxford/AstraZeneca, Pfizer/BioNTech",6536131,6274535,12810666
2021-11-22,"Johnson&Johnson, Moderna, Oxford/AstraZeneca, Pfizer/BioNTech",6554641,6288650,12843291
2021-11-23,"Johnson&Johnson, Moderna, Oxford/AstraZeneca, Pfizer/BioNTech",6573710,6301917,12875627
2021-11-24,"Johnson&Johnson, Moderna, Oxford/AstraZeneca, Pfizer/BioNTech",6592724,6317769,12910493
2021-11-25,"Johnson&Johnson, Moderna, Oxford/AstraZeneca, Pfizer/BioNTech",6611867,6332815,12944682
2021-11-26,"Johnson&Johnson, Moderna, Oxford/AstraZeneca, Pfizer/BioNTech",6633525,6351956,12985481
2021-11-27,"Johnson&Johnson, Moderna, Oxford/AstraZeneca, Pfizer/BioNTech",6640996,6357512,12998508
2021-11-28,"Johnson&Johnson, Moderna, Oxford/AstraZeneca, Pfizer/BioNTech",6644329,6360652,13004981
2021-11-29,"Johnson&Johnson, Moderna, Oxford/AstraZeneca, Pfizer/BioNTech",6659538,6374316,13033854
2021-11-30,"Johnson&Johnson, Moderna, Oxford/AstraZeneca, Pfizer/BioNTech",6672739,6385547,13058286
2021-12-01,"Johnson&Johnson, Moderna, Oxford/AstraZeneca, Pfizer/BioNTech",6686778,6398007,13084785
2021-12-02,"Johnson&Johnson, Moderna, Oxford/AstraZeneca, Pfizer/BioNTech",6697421,6410503,13107924
2021-12-03,"Johnson&Johnson, Moderna, Oxford/AstraZeneca, Pfizer/BioNTech",6707060,6426085,13133145
2021-12-04,"Johnson&Johnson, Moderna, Pfizer/BioNTech",6709617,6430043,13139660
2021-12-05,"Johnson&Johnson, Moderna, Oxford/AstraZeneca, Pfizer/BioNTech",6710978,6432388,13143366
2021-12-06,"Johnson&Johnson, Moderna, Oxford/AstraZeneca, Pfizer/BioNTech",6719127,6443915,13163042
2021-12-07,"Johnson&Johnson, Moderna, Oxford/AstraZeneca, Pfizer/BioNTech",6727017,6455927,13182944
2021-12-08,"Johnson&Johnson, Moderna, Oxford/AstraZeneca, Pfizer/BioNTech",6735263,6461856,13197119
2021-12-09,"Johnson&Johnson, Moderna, Oxford/AstraZeneca, Pfizer/BioNTech",6742385,6474680,13217065
2021-12-10,"Johnson&Johnson, Moderna, Oxford/AstraZeneca, Pfizer/BioNTech",6749315,6492486,13241801
2021-12-11,"Johnson&Johnson, Moderna, Oxford/AstraZeneca, Pfizer/BioNTech",6750970,6497753,13248723
2021-12-12,"Johnson&Johnson, Moderna, Oxford/AstraZeneca, Pfizer/BioNTech",6752281,6502190,13254471
2021-12-13,"Johnson&Johnson, Moderna, Oxford/AstraZeneca, Pfizer/BioNTech",6758636,6515503,13274139
2021-12-14,"Johnson&Johnson, Moderna, Oxford/AstraZeneca, Pfizer/BioNTech",6764847,6529175,13294022
2021-12-15,"Johnson&Johnson, Moderna, Oxford/AstraZeneca, Pfizer/BioNTech",6771054,6542774,13313828
2021-12-16,"Johnson&Johnson, Moderna, Oxford/AstraZeneca, Pfizer/BioNTech",6777997,6557610,13335607
2021-12-17,"Johnson&Johnson, Moderna, Oxford/AstraZeneca, Pfizer/BioNTech",6786361,6574879,13361240
2021-12-18,"Johnson&Johnson, Moderna, Oxford/AstraZeneca, Pfizer/BioNTech",6788972,6580334,13369306
2021-12-19,"Johnson&Johnson, Moderna, Pfizer/BioNTech",6790744,6582838,13373582
2021-12-20,"Johnson&Johnson, Moderna, Oxford/AstraZeneca, Pfizer/BioNTech",6796595,6596902,13393497
2021-12-21,"Johnson&Johnson, Moderna, Oxford/AstraZeneca, Pfizer/BioNTech",6803263,6608899,13412162
2021-12-22,"Johnson&Johnson, Moderna, Oxford/AstraZeneca, Pfizer/BioNTech",6808309,6621957,13430266
2021-12-23,"Johnson&Johnson, Moderna, Oxford/AstraZeneca, Pfizer/BioNTech",6811183,6627561,13438744
2021-12-24,"Johnson&Johnson, Moderna, Oxford/AstraZeneca, Pfizer/BioNTech",6811229,6627665,13438894
2021-12-25,"Moderna, Pfizer/BioNTech",6811230,6627673,13438903
2021-12-26,"Moderna, Pfizer/BioNTech",6811332,6627876,13439208
2021-12-27,"Johnson&Johnson, Moderna, Pfizer/BioNTech",6815200,6637623,13452823
2021-12-28,"Johnson&Johnson, Moderna, Oxford/AstraZeneca, Pfizer/BioNTech",6820440,6645619,13466059
2021-12-29,"Johnson&Johnson, Moderna, Oxford/AstraZeneca, Pfizer/BioNTech",6824722,6653339,13478061
2021-12-30,"Johnson&Johnson, Moderna, Pfizer/BioNTech",6829023,6658772,13487795
2021-12-31,"Johnson&Johnson, Moderna, Pfizer/BioNTech",6829533,6660196,13489729
2022-01-01,"Moderna, Pfizer/BioNTech",6829539,6660214,13489753
2022-01-02,"Johnson&Johnson, Moderna, Pfizer/BioNTech",6830395,6661591,13491986
2022-01-03,"Johnson&Johnson, Moderna, Oxford/AstraZeneca, Pfizer/BioNTech",6834532,6670500,13505032
2022-01-04,"Johnson&Johnson, Moderna, Oxford/AstraZeneca, Pfizer/BioNTech",6839615,6678257,13517872
2022-01-05,"Johnson&Johnson, Moderna, Oxford/AstraZeneca, Pfizer/BioNTech",6845437,6686230,13531667
2022-01-06,"Johnson&Johnson, Moderna, Oxford/AstraZeneca, Pfizer/BioNTech",6852022,6694631,13546653
2022-01-07,"Johnson&Johnson, Moderna, Oxford/AstraZeneca, Pfizer/BioNTech",6859897,6704988,13564885
2022-01-08,"Johnson&Johnson, Moderna, Oxford/AstraZeneca, Pfizer/BioNTech",6862376,6707766,13570142
2022-01-09,"Johnson&Johnson, Moderna, Pfizer/BioNTech",6863459,6709461,13572920
2022-01-10,"Johnson&Johnson, Moderna, Oxford/AstraZeneca, Pfizer/BioNTech",6867966,6715652,13583618
2022-01-11,"Johnson&Johnson, Moderna, Oxford/AstraZeneca, Pfizer/BioNTech",6873413,6722408,13595821
2022-01-12,"Johnson&Johnson, Moderna, Oxford/AstraZeneca, Pfizer/BioNTech",6879370,6728051,13607421
2022-01-13,"Johnson&Johnson, Moderna, Oxford/AstraZeneca, Pfizer/BioNTech",6885259,6732826,13618085
2022-01-14,"Johnson&Johnson, Moderna, Oxford/AstraZeneca, Pfizer/BioNTech",6891562,6736457,13628019
2022-01-15,"Johnson&Johnson, Moderna, Oxford/AstraZeneca, Pfizer/BioNTech",6892838,6737113,13629951
2022-01-16,"Johnson&Johnson, Moderna, Oxford/AstraZeneca, Pfizer/BioNTech",6893528,6737550,13631078
2022-01-17,"Johnson&Johnson, Moderna, Oxford/AstraZeneca, Pfizer/BioNTech",6897083,6741506,13638589
2022-01-18,"Johnson&Johnson, Moderna, Oxford/AstraZeneca, Pfizer/BioNTech",6900932,6746457,13647389
2022-01-19,"Johnson&Johnson, Moderna, Oxford/AstraZeneca, Pfizer/BioNTech",6905001,6750389,13655390
2022-01-20,"Johnson&Johnson, Moderna, Oxford/AstraZeneca, Pfizer/BioNTech",6908593,6754845,13663438
2022-01-21,"Johnson&Johnson, Moderna, Oxford/AstraZeneca, Pfizer/BioNTech",6912591,6757373,13669964
2022-01-22,"Johnson&Johnson, Moderna, Pfizer/BioNTech",6913370,6757814,13671184
2022-01-23,"Johnson&Johnson, Moderna, Pfizer/BioNTech",6913931,6758448,13672379
2022-01-24,"Johnson&Johnson, Moderna, Oxford/AstraZeneca, Pfizer/BioNTech",6916203,6761883,13678086
2022-01-25,"Johnson&Johnson, Moderna, Oxford/AstraZeneca, Pfizer/BioNTech",6918559,6765877,13684436
2022-01-26,"Johnson&Johnson, Moderna, Oxford/AstraZeneca, Pfizer/BioNTech",6920944,6770445,13691389
2022-01-27,"Johnson&Johnson, Moderna, Oxford/AstraZeneca, Pfizer/BioNTech",6923265,6775257,13698522
2022-01-28,"Johnson&Johnson, Moderna, Oxford/AstraZeneca, Pfizer/BioNTech",6926182,6781419,13707601
2022-01-29,"Johnson&Johnson, Moderna, Oxford/AstraZeneca, Pfizer/BioNTech",6926784,6783070,13709854
2022-01-30,"Johnson&Johnson, Moderna, Pfizer/BioNTech",6927011,6783852,13710863
2022-01-31,"Johnson&Johnson, Moderna, Pfizer/BioNTech",6928552,6787777,13716329
2022-02-01,"Johnson&Johnson, Moderna, Pfizer/BioNTech",6930147,6791809,13721956
2022-02-02,"Johnson&Johnson, Moderna, Oxford/AstraZeneca, Pfizer/BioNTech",6931713,6796318,13728031
2022-02-03,"Johnson&Johnson, Moderna, Pfizer/BioNTech",6933093,6800803,13733896
2022-02-04,"Johnson&Johnson, Moderna, Pfizer/BioNTech",6934694,6805918,13740612
2022-02-05,"Johnson&Johnson, Moderna, Pfizer/BioNTech",6934867,6806528,13741395
2022-02-06,"Johnson&Johnson, Moderna, Pfizer/BioNTech",6934963,6806847,13741810
2022-02-07,"Johnson&Johnson, Moderna, Pfizer/BioNTech",6935666,6810056,13745722
2022-02-08,"Johnson&Johnson, Moderna, Pfizer/BioNTech",6936461,6813245,13749706
2022-02-09,"Johnson&Johnson, Moderna, Pfizer/BioNTech",6937284,6816618,13753902
2022-02-10,"Johnson&Johnson, Moderna, Pfizer/BioNTech",6938086,6819744,13757830
2022-02-11,"Johnson&Johnson, Moderna, Pfizer/BioNTech",6939040,6823658,13762698
2022-02-12,"Johnson&Johnson, Moderna, Pfizer/BioNTech",6939150,6824077,13763227
2022-02-13,"Johnson&Johnson, Moderna, Pfizer/BioNTech",6939187,6824514,13763701
2022-02-14,"Johnson&Johnson, Moderna, Pfizer/BioNTech",6939645,6826625,13766270
2022-02-15,"Johnson&Johnson, Moderna, Pfizer/BioNTech",6940198,6828835,13769033
2022-02-16,"Johnson&Johnson, Moderna, Pfizer/BioNTech",6940789,6830934,13771723
2022-02-17,"Johnson&Johnson, Moderna, Pfizer/BioNTech",6941383,6833276,13774659
2022-02-18,"Johnson&Johnson, Moderna, Oxford/AstraZeneca, Pfizer/BioNTech",6942025,6836329,13778354
2022-02-19,"Johnson&Johnson, Moderna, Pfizer/BioNTech",6942104,6836610,13778714
2022-02-20,"Johnson&Johnson, Moderna, Oxford/AstraZeneca, Pfizer/BioNTech",6942141,6836759,13778900
2022-02-21,"Johnson&Johnson, Moderna, Pfizer/BioNTech",6942505,6838458,13780963
2022-02-22,"Johnson&Johnson, Moderna, Oxford/AstraZeneca, Pfizer/BioNTech",6942897,6840155,13783052
2022-02-23,"Johnson&Johnson, Moderna, Pfizer/BioNTech",6943353,6841798,13785151
2022-02-24,"Johnson&Johnson, Moderna, Pfizer/BioNTech",6943761,6843429,13787190
2022-02-25,"Johnson&Johnson, Moderna, Pfizer/BioNTech",6944344,6845513,13789857
2022-02-26,"Johnson&Johnson, Moderna, Pfizer/BioNTech",6944405,6845674,13790079
2022-02-27,"Johnson&Johnson, Moderna, Pfizer/BioNTech",6944435,6845750,13790185
2022-02-28,"Johnson&Johnson, Moderna, Pfizer/BioNTech",6944681,6846726,13791407
2022-03-01,"Johnson&Johnson, Moderna, Pfizer/BioNTech",6944986,6847510,13792496
2022-03-02,"Johnson&Johnson, Moderna, Novavax, Pfizer/BioNTech",6945358,6848417,13793775
2022-03-03,"Johnson&Johnson, Moderna, Novavax, Pfizer/BioNTech",6945695,6849360,13795055
2022-03-04,"Johnson&Johnson, Moderna, Novavax, Pfizer/BioNTech",6946325,6850581,13796906
2022-03-05,"Johnson&Johnson, Moderna, Novavax, Pfizer/BioNTech",6946406,6850674,13797080
2022-03-06,"Moderna, Novavax, Pfizer/BioNTech",6946419,6850692,13797111
2022-03-07,"Johnson&Johnson, Moderna, Novavax, Pfizer/BioNTech",6946755,6851250,13798005
2022-03-08,"Johnson&Johnson, Moderna, Novavax, Pfizer/BioNTech",6947090,6851792,13798882
2022-03-09,"Johnson&Johnson, Moderna, Novavax, Pfizer/BioNTech",6947479,6852381,13799860
2022-03-10,"Johnson&Johnson, Moderna, Novavax, Pfizer/BioNTech",6947891,6853052,13800943
2022-03-11,"Johnson&Johnson, Moderna, Novavax, Pfizer/BioNTech",6948640,6853962,13802602
2022-03-12,"Johnson&Johnson, Moderna, Novavax, Pfizer/BioNTech",6948708,6854067,13802775
2022-03-13,"Johnson&Johnson, Moderna, Novavax, Pfizer/BioNTech",6948721,6854085,13802806
2022-03-14,"Johnson&Johnson, Moderna, Novavax, Pfizer/BioNTech",6948988,6854467,13803455
2022-03-15,"Johnson&Johnson, Moderna, Novavax, Pfizer/BioNTech",6949272,6854903,13804175
2022-03-16,"Johnson&Johnson, Moderna, Novavax, Pfizer/BioNTech",6949590,6855446,13805036
2022-03-17,"Johnson&Johnson, Moderna, Novavax, Oxford/AstraZeneca, Pfizer/BioNTech",6949886,6855879,13805765
2022-03-18,"Johnson&Johnson, Moderna, Novavax, Pfizer/BioNTech",6950584,6856674,13807258
2022-03-19,"Moderna, Novavax, Pfizer/BioNTech",6950640,6856719,13807359
2022-03-20,"Moderna, Novavax, Pfizer/BioNTech",6950658,6856731,13807389
2022-03-21,"Johnson&Johnson, Moderna, Novavax, Pfizer/BioNTech",6950846,6857058,13807904
2022-03-22,"Johnson&Johnson, Moderna, Novavax, Pfizer/BioNTech",6951087,6857454,13808541
2022-03-23,"Johnson&Johnson, Moderna, Novavax, Pfizer/BioNTech",6951424,6857892,13809316
2022-03-24,"Johnson&Johnson, Moderna, Novavax, Pfizer/BioNTech",6951735,6858365,13810100
2022-03-25,"Johnson&Johnson, Moderna, Novavax, Pfizer/BioNTech",6952230,6859170,13811400
2022-03-26,"Johnson&Johnson, Moderna, Novavax, Pfizer/BioNTech",6952282,6859248,13811530
2022-03-27,"Moderna, Novavax, Pfizer/BioNTech",6952298,6859265,13811563
2022-03-28,"Johnson&Johnson, Moderna, Novavax, Pfizer/BioNTech",6952453,6859644,13812097
2022-03-29,"Johnson&Johnson, Moderna, Novavax, Pfizer/BioNTech",6952715,6860050,13812765
2022-03-30,"Johnson&Johnson, Moderna, Novavax, Pfizer/BioNTech",6953020,6860543,13813563
2022-03-31,"Johnson&Johnson, Moderna, Novavax, Pfizer/BioNTech",6953318,6861035,13814353
2022-04-01,"Johnson&Johnson, Moderna, Novavax, Pfizer/BioNTech",6953929,6861794,13815723
2022-04-02,"Moderna, Novavax, Pfizer/BioNTech",6953984,6861878,13815862
2022-04-03,"Moderna, Novavax, Pfizer/BioNTech",6953997,6861907,13815904
2022-04-04,"Johnson&Johnson, Moderna, Novavax, Pfizer/BioNTech",6954174,6862188,13816362
2022-04-05,"Johnson&Johnson, Moderna, Novavax, Pfizer/BioNTech",6954366,6862424,13816790
2022-04-06,"Johnson&Johnson, Moderna, Novavax, Pfizer/BioNTech",6954583,6862770,13817353
2022-04-07,"Johnson&Johnson, Moderna, Novavax, Pfizer/BioNTech",6954806,6863188,13817994
2022-04-08,"Johnson&Johnson, Moderna, Novavax, Pfizer/BioNTech",6955260,6863911,13819171
2022-04-09,"Johnson&Johnson, Moderna, Novavax, Pfizer/BioNTech",6955319,6863983,13819302
2022-04-10,"Moderna, Novavax, Pfizer/BioNTech",6955331,6863992,13819323
2022-04-11,"Johnson&Johnson, Moderna, Novavax, Pfizer/BioNTech",6955493,6864223,13819716
2022-04-12,"Johnson&Johnson, Moderna, Novavax, Pfizer/BioNTech",6955740,6864521,13820261
2022-04-13,"Johnson&Johnson, Moderna, Novavax, Pfizer/BioNTech",6955981,6864875,13820856
2022-04-14,"Johnson&Johnson, Moderna, Novavax, Pfizer/BioNTech",6956243,6865260,13821503
2022-04-15,"Moderna, Novavax, Pfizer/BioNTech",6956259,6865288,13821547
2022-04-16,"Johnson&Johnson, Moderna, Novavax, Pfizer/BioNTech",6956279,6865322,13821601
2022-04-17,"Moderna, Novavax, Pfizer/BioNTech",6956280,6865323,13821603
2022-04-18,"Moderna, Novavax, Pfizer/BioNTech",6956294,6865340,13821634
2022-04-19,"Johnson&Johnson, Moderna, Novavax, Pfizer/BioNTech",6956433,6865678,13822111
2022-04-20,"Johnson&Johnson, Moderna, Novavax, Pfizer/BioNTech",6956656,6866068,13822724
2022-04-21,"Johnson&Johnson, Moderna, Novavax, Pfizer/BioNTech",6956873,6866492,13823365
2022-04-22,"Johnson&Johnson, Moderna, Novavax, Pfizer/BioNTech",6957339,6867319,13824658
2022-04-23,"Moderna, Novavax, Pfizer/BioNTech",6957370,6867398,13824768
2022-04-24,"Moderna, Novavax, Pfizer/BioNTech",6957375,6867409,13824784
2022-04-25,"Johnson&Johnson, Moderna, Novavax, Pfizer/BioNTech",6957528,6867617,13825145
2022-04-26,"Johnson&Johnson, Moderna, Novavax, Pfizer/BioNTech",6957668,6867881,13825549
2022-04-27,"Johnson&Johnson, Moderna, Novavax, Pfizer/BioNTech",6957936,6868211,13826147
2022-04-28,"Johnson&Johnson, Moderna, Novavax, Pfizer/BioNTech",6958131,6868499,13826630
2022-04-29,"Johnson&Johnson, Moderna, Novavax, Pfizer/BioNTech",6958564,6869088,13827652
2022-04-30,"Moderna, Novavax, Pfizer/BioNTech",6958604,6869154,13827758
2022-05-01,"Moderna, Novavax, Oxford/AstraZeneca, Pfizer/BioNTech",6958609,6869163,13827772
2022-05-02,"Johnson&Johnson, Moderna, Novavax, Pfizer/BioNTech",6958733,6869344,13828077
2022-05-03,"Johnson&Johnson, Moderna, Novavax, Pfizer/BioNTech",6958888,6869600,13828488
2022-05-04,"Johnson&Johnson, Moderna, Novavax, Pfizer/BioNTech",6959093,6869875,13828968
2022-05-05,"Johnson&Johnson, Moderna, Novavax, Pfizer/BioNTech",6959300,6870164,13829464
2022-05-06,"Johnson&Johnson, Moderna, Novavax, Pfizer/BioNTech",6959669,6870506,13830175
2022-05-07,"Moderna, Novavax, Pfizer/BioNTech",6959696,6870532,13830228
2022-05-08,"Moderna, Pfizer/BioNTech",6959697,6870540,13830237
2022-05-09,"Johnson&Johnson, Moderna, Novavax, Pfizer/BioNTech",6959799,6870629,13830428
2022-05-10,"Johnson&Johnson, Moderna, Novavax, Pfizer/BioNTech",6959952,6870866,13830818
2022-05-11,"Johnson&Johnson, Moderna, Novavax, Oxford/AstraZeneca, Pfizer/BioNTech",6960173,6871132,13831305
2022-05-12,"Johnson&Johnson, Moderna, Novavax, Pfizer/BioNTech",6960372,6871407,13831779
2022-05-13,"Johnson&Johnson, Moderna, Novavax, Pfizer/BioNTech",6960710,6871904,13832614
2022-05-14,"Johnson&Johnson, Moderna, Novavax, Pfizer/BioNTech",6960751,6871944,13832695
2022-05-15,"Johnson&Johnson, Moderna, Novavax, Pfizer/BioNTech",6960764,6871955,13832719
2022-05-16,"Johnson&Johnson, Moderna, Novavax, Pfizer/BioNTech",6960866,6872075,13832941
2022-05-17,"Johnson&Johnson, Moderna, Novavax, Pfizer/BioNTech",6961007,6872230,13833237
2022-05-18,"Johnson&Johnson, Moderna, Novavax, Pfizer/BioNTech",6961235,6872560,13833795
2022-05-19,"Johnson&Johnson, Moderna, Novavax, Pfizer/BioNTech",6961422,6872811,13834233
2022-05-20,"Johnson&Johnson, Moderna, Novavax, Pfizer/BioNTech",6961717,6873360,13835077
2022-05-21,"Johnson&Johnson, Moderna, Novavax, Pfizer/BioNTech",6961756,6873389,13835145
2022-05-22,"Moderna, Pfizer/BioNTech",6961764,6873395,13835159
2022-05-23,"Johnson&Johnson, Moderna, Novavax, Pfizer/BioNTech",6961885,6873550,13835435
2022-05-24,"Johnson&Johnson, Moderna, Novavax, Pfizer/BioNTech",6962014,6873721,13835735
2022-05-25,"Johnson&Johnson, Moderna, Novavax, Oxford/AstraZeneca, Pfizer/BioNTech",6962182,6873970,13836152
2022-05-26,"Johnson&Johnson, Moderna, Novavax, Pfizer/BioNTech",6962336,6874195,13836531
2022-05-27,"Johnson&Johnson, Moderna, Novavax, Pfizer/BioNTech",6962602,6874660,13837262
2022-05-28,"Moderna, Novavax, Pfizer/BioNTech",6962639,6874709,13837348
2022-05-29,"Moderna, Novavax, Pfizer/BioNTech",6962648,6874713,13837361
2022-05-30,"Johnson&Johnson, Moderna, Novavax, Pfizer/BioNTech",6962726,6874867,13837593
2022-05-31,"Johnson&Johnson, Moderna, Novavax, Pfizer/BioNTech",6962870,6875062,13837932
2022-06-01,"Johnson&Johnson, Moderna, Novavax, Pfizer/BioNTech",6962986,6875290,13838276
2022-06-02,"Moderna, Novavax, Pfizer/BioNTech",6963118,6875520,13838638
2022-06-03,"Johnson&Johnson, Moderna, Novavax, Pfizer/BioNTech",6963370,6875959,13839329
2022-06-04,"Johnson&Johnson, Moderna, Novavax, Pfizer/BioNTech",6963403,6875999,13839402
2022-06-05,"Moderna, Novavax, Pfizer/BioNTech",6963410,6876005,13839415
2022-06-06,"Johnson&Johnson, Moderna, Novavax, Pfizer/BioNTech",6963486,6876139,13839625
2022-06-07,"Johnson&Johnson, Moderna, Novavax, Pfizer/BioNTech",6963557,6876279,13839836
