date,vaccine,people_vaccinated,people_fully_vaccinated,total_vaccinations
2020-12-27,Pfizer/BioNTech,1288,0,1288
2020-12-28,Pfizer/BioNTech,3591,0,3591
2020-12-29,Pfizer/BioNTech,7063,1,7064
2020-12-30,Pfizer/BioNTech,10580,1,10581
2020-12-31,Pfizer/BioNTech,11891,1,11892
2021-01-01,"Moderna, Pfizer/BioNTech",12160,1,12161
2021-01-02,"Moderna, Pfizer/BioNTech",13443,2,13445
2021-01-03,"Moderna, Pfizer/BioNTech",14370,2,14372
2021-01-04,"Moderna, Pfizer/BioNTech",17981,2,17983
2021-01-05,"Moderna, Pfizer/BioNTech",22507,3,22510
2021-01-06,"Moderna, Pfizer/BioNTech",28354,4,28358
2021-01-07,"Moderna, Pfizer/BioNTech",36352,4,36356
2021-01-08,"Moderna, Pfizer/BioNTech",46404,5,46409
2021-01-09,"Moderna, Pfizer/BioNTech",48432,7,48439
2021-01-10,Pfizer/BioNTech,50203,9,50212
2021-01-11,"Moderna, Pfizer/BioNTech",60060,11,60071
2021-01-12,"Moderna, Pfizer/BioNTech",73516,13,73529
2021-01-13,"Moderna, Pfizer/BioNTech",87062,13,87075
2021-01-14,"Moderna, Pfizer/BioNTech",102315,17,102332
2021-01-15,"Moderna, Pfizer/BioNTech",116337,18,116355
2021-01-16,"Moderna, Pfizer/BioNTech",119741,22,119763
2021-01-17,"Moderna, Pfizer/BioNTech",122362,658,123020
2021-01-18,"Moderna, Pfizer/BioNTech",134856,2485,137341
2021-01-19,"Moderna, Pfizer/BioNTech",147469,5214,152683
2021-01-20,"Moderna, Pfizer/BioNTech",161167,7878,169045
2021-01-21,"Moderna, Pfizer/BioNTech",176822,9620,186442
2021-01-22,"Moderna, Pfizer/BioNTech",191716,10664,202380
2021-01-23,"Moderna, Pfizer/BioNTech",195035,11542,206577
2021-01-24,"Moderna, Pfizer/BioNTech",197291,12413,209704
2021-01-25,"Moderna, Pfizer/BioNTech",206946,15385,222331
2021-01-26,"Moderna, Pfizer/BioNTech",217493,19377,236870
2021-01-27,"Moderna, Pfizer/BioNTech",226525,23912,250437
2021-01-28,"Moderna, Pfizer/BioNTech",233631,30044,263675
2021-01-29,"Moderna, Pfizer/BioNTech",239846,37953,277799
2021-01-30,"Moderna, Pfizer/BioNTech",240587,39041,279628
2021-01-31,"Moderna, Pfizer/BioNTech",241305,40223,281528
2021-02-01,"Moderna, Pfizer/BioNTech",245288,48193,293481
2021-02-02,"Moderna, Pfizer/BioNTech",249441,58433,307874
2021-02-03,"Moderna, Pfizer/BioNTech",253868,69454,323322
2021-02-04,"Moderna, Pfizer/BioNTech",258776,82448,341224
2021-02-05,"Moderna, Pfizer/BioNTech",264252,93123,357375
2021-02-06,"Moderna, Oxford/AstraZeneca, Pfizer/BioNTech",265111,95489,360600
2021-02-07,"Moderna, Oxford/AstraZeneca, Pfizer/BioNTech",265962,97989,363951
2021-02-08,"Moderna, Oxford/AstraZeneca, Pfizer/BioNTech",270057,109419,379476
2021-02-09,"Moderna, Oxford/AstraZeneca, Pfizer/BioNTech",275165,121335,396500
2021-02-10,"Moderna, Oxford/AstraZeneca, Pfizer/BioNTech",280684,134596,415280
2021-02-11,"Moderna, Oxford/AstraZeneca, Pfizer/BioNTech",287027,150816,437843
2021-02-12,"Moderna, Oxford/AstraZeneca, Pfizer/BioNTech",293857,165565,459422
2021-02-13,"Moderna, Oxford/AstraZeneca, Pfizer/BioNTech",295475,168553,464028
2021-02-14,"Moderna, Oxford/AstraZeneca, Pfizer/BioNTech",296481,169939,466420
2021-02-15,"Moderna, Oxford/AstraZeneca, Pfizer/BioNTech",302880,179310,482190
2021-02-16,"Moderna, Oxford/AstraZeneca, Pfizer/BioNTech",311601,188391,499992
2021-02-17,"Moderna, Oxford/AstraZeneca, Pfizer/BioNTech",321304,196702,518006
2021-02-18,"Moderna, Oxford/AstraZeneca, Pfizer/BioNTech",333634,204787,538421
2021-02-19,"Moderna, Oxford/AstraZeneca, Pfizer/BioNTech",345500,212163,557663
2021-02-20,"Moderna, Oxford/AstraZeneca, Pfizer/BioNTech",347510,213349,560859
2021-02-21,"Moderna, Oxford/AstraZeneca, Pfizer/BioNTech",348647,214375,563022
2021-02-22,"Moderna, Oxford/AstraZeneca, Pfizer/BioNTech",358774,220413,579187
2021-02-23,"Moderna, Oxford/AstraZeneca, Pfizer/BioNTech",371739,227404,599143
2021-02-24,"Moderna, Oxford/AstraZeneca, Pfizer/BioNTech",385624,233446,619070
2021-02-25,"Moderna, Oxford/AstraZeneca, Pfizer/BioNTech",403608,238998,642606
2021-02-26,"Moderna, Oxford/AstraZeneca, Pfizer/BioNTech",419791,244358,664149
2021-02-27,"Moderna, Oxford/AstraZeneca, Pfizer/BioNTech",422800,244918,667718
2021-02-28,"Moderna, Oxford/AstraZeneca, Pfizer/BioNTech",425158,245469,670627
2021-03-01,"Moderna, Oxford/AstraZeneca, Pfizer/BioNTech",444759,248919,693678
2021-03-02,"Moderna, Oxford/AstraZeneca, Pfizer/BioNTech",471987,252469,724456
2021-03-03,"Moderna, Oxford/AstraZeneca, Pfizer/BioNTech",502945,256980,759925
2021-03-04,"Moderna, Oxford/AstraZeneca, Pfizer/BioNTech",536235,261671,797906
2021-03-05,"Johnson&Johnson, Moderna, Oxford/AstraZeneca, Pfizer/BioNTech",565079,267100,832179
2021-03-06,"Johnson&Johnson, Moderna, Oxford/AstraZeneca, Pfizer/BioNTech",577239,267966,845205
2021-03-07,"Johnson&Johnson, Moderna, Oxford/AstraZeneca, Pfizer/BioNTech",588788,268809,857597
2021-03-08,"Johnson&Johnson, Moderna, Oxford/AstraZeneca, Pfizer/BioNTech",618539,273672,892211
2021-03-09,"Johnson&Johnson, Moderna, Oxford/AstraZeneca, Pfizer/BioNTech",654912,280060,934972
2021-03-10,"Johnson&Johnson, Moderna, Oxford/AstraZeneca, Pfizer/BioNTech",696247,287021,983268
2021-03-11,"Johnson&Johnson, Moderna, Oxford/AstraZeneca, Pfizer/BioNTech",741107,295397,1036504
2021-03-12,"Johnson&Johnson, Moderna, Oxford/AstraZeneca, Pfizer/BioNTech",779872,303897,1083769
2021-03-13,"Johnson&Johnson, Moderna, Oxford/AstraZeneca, Pfizer/BioNTech",796983,305212,1102195
2021-03-14,"Johnson&Johnson, Moderna, Oxford/AstraZeneca, Pfizer/BioNTech",809102,306368,1115470
2021-03-15,"Johnson&Johnson, Moderna, Oxford/AstraZeneca, Pfizer/BioNTech",837500,315150,1152650
2021-03-16,"Johnson&Johnson, Moderna, Oxford/AstraZeneca, Pfizer/BioNTech",876398,325687,1202085
2021-03-17,"Moderna, Oxford/AstraZeneca, Pfizer/BioNTech",913888,336202,1250090
2021-03-18,"Johnson&Johnson, Moderna, Oxford/AstraZeneca, Pfizer/BioNTech",951896,348628,1300524
2021-03-19,"Johnson&Johnson, Moderna, Oxford/AstraZeneca, Pfizer/BioNTech",986417,362243,1348660
2021-03-20,"Johnson&Johnson, Moderna, Oxford/AstraZeneca, Pfizer/BioNTech",1001601,364273,1365874
2021-03-21,"Johnson&Johnson, Moderna, Oxford/AstraZeneca, Pfizer/BioNTech",1009048,365833,1374881
2021-03-22,"Johnson&Johnson, Moderna, Oxford/AstraZeneca, Pfizer/BioNTech",1033627,378337,1411964
2021-03-23,"Johnson&Johnson, Moderna, Oxford/AstraZeneca, Pfizer/BioNTech",1060303,391703,1452006
2021-03-24,"Johnson&Johnson, Moderna, Oxford/AstraZeneca, Pfizer/BioNTech",1087198,407449,1494647
2021-03-25,"Johnson&Johnson, Moderna, Oxford/AstraZeneca, Pfizer/BioNTech",1113558,425305,1538863
2021-03-26,"Johnson&Johnson, Moderna, Oxford/AstraZeneca, Pfizer/BioNTech",1138402,442819,1581221
2021-03-27,"Johnson&Johnson, Moderna, Oxford/AstraZeneca, Pfizer/BioNTech",1146864,447665,1594529
2021-03-28,"Moderna, Oxford/AstraZeneca, Pfizer/BioNTech",1152412,451813,1604225
2021-03-29,"Johnson&Johnson, Moderna, Oxford/AstraZeneca, Pfizer/BioNTech",1171572,472551,1644123
2021-03-30,"Johnson&Johnson, Moderna, Oxford/AstraZeneca, Pfizer/BioNTech",1196283,494739,1691022
2021-03-31,"Johnson&Johnson, Moderna, Oxford/AstraZeneca, Pfizer/BioNTech",1219439,521808,1741247
2021-04-01,"Johnson&Johnson, Moderna, Oxford/AstraZeneca, Pfizer/BioNTech",1245126,553867,1798993
2021-04-02,"Johnson&Johnson, Moderna, Oxford/AstraZeneca, Pfizer/BioNTech",1252110,566665,1818775
2021-04-03,"Johnson&Johnson, Moderna, Oxford/AstraZeneca, Pfizer/BioNTech",1255762,577597,1833359
2021-04-04,"Johnson&Johnson, Moderna, Oxford/AstraZeneca, Pfizer/BioNTech",1258306,586521,1844827
2021-04-05,"Johnson&Johnson, Moderna, Oxford/AstraZeneca, Pfizer/BioNTech",1260738,593726,1854464
2021-04-06,"Johnson&Johnson, Moderna, Oxford/AstraZeneca, Pfizer/BioNTech",1276955,623001,1899956
2021-04-07,"Johnson&Johnson, Moderna, Oxford/AstraZeneca, Pfizer/BioNTech",1300461,645246,1945707
2021-04-08,"Johnson&Johnson, Moderna, Oxford/AstraZeneca, Pfizer/BioNTech",1339278,676295,2015573
2021-04-09,"Johnson&Johnson, Moderna, Oxford/AstraZeneca, Pfizer/BioNTech",1378878,706497,2085375
2021-04-10,"Johnson&Johnson, Moderna, Oxford/AstraZeneca, Pfizer/BioNTech",1394446,721810,2116256
2021-04-11,"Johnson&Johnson, Moderna, Oxford/AstraZeneca, Pfizer/BioNTech",1404241,731866,2136107
2021-04-12,"Johnson&Johnson, Moderna, Oxford/AstraZeneca, Pfizer/BioNTech",1442564,757012,2199576
2021-04-13,"Moderna, Oxford/AstraZeneca, Pfizer/BioNTech",1478871,783055,2261926
2021-04-14,"Moderna, Oxford/AstraZeneca, Pfizer/BioNTech",1517760,810432,2328192
2021-04-15,"Moderna, Oxford/AstraZeneca, Pfizer/BioNTech",1565597,836213,2401810
2021-04-16,"Moderna, Oxford/AstraZeneca, Pfizer/BioNTech",1610313,861896,2472209
2021-04-17,"Moderna, Oxford/AstraZeneca, Pfizer/BioNTech",1627040,870923,2497963
2021-04-18,"Moderna, Oxford/AstraZeneca, Pfizer/BioNTech",1640040,875909,2515949
2021-04-19,"Johnson&Johnson, Moderna, Oxford/AstraZeneca, Pfizer/BioNTech",1684014,891353,2575367
2021-04-20,"Johnson&Johnson, Moderna, Oxford/AstraZeneca, Pfizer/BioNTech",1726602,907242,2633844
2021-04-21,"Moderna, Oxford/AstraZeneca, Pfizer/BioNTech",1774373,921611,2695984
2021-04-22,"Johnson&Johnson, Moderna, Oxford/AstraZeneca, Pfizer/BioNTech",1828904,939011,2767915
2021-04-23,"Johnson&Johnson, Moderna, Oxford/AstraZeneca, Pfizer/BioNTech",1878919,951078,2829997
2021-04-24,"Johnson&Johnson, Moderna, Oxford/AstraZeneca, Pfizer/BioNTech",1896797,956345,2853142
2021-04-25,"Johnson&Johnson, Moderna, Oxford/AstraZeneca, Pfizer/BioNTech",1911511,960349,2871860
2021-04-26,"Johnson&Johnson, Moderna, Oxford/AstraZeneca, Pfizer/BioNTech",1961125,967920,2929045
2021-04-27,"Johnson&Johnson, Moderna, Oxford/AstraZeneca, Pfizer/BioNTech",2010116,980175,2990291
2021-04-28,"Johnson&Johnson, Moderna, Oxford/AstraZeneca, Pfizer/BioNTech",2068900,994202,3063102
2021-04-29,"Johnson&Johnson, Moderna, Oxford/AstraZeneca, Pfizer/BioNTech",2134523,1010123,3144646
2021-04-30,"Johnson&Johnson, Moderna, Oxford/AstraZeneca, Pfizer/BioNTech",2196818,1020121,3216939
2021-05-01,"Johnson&Johnson, Moderna, Oxford/AstraZeneca, Pfizer/BioNTech",2216209,1023587,3239796
2021-05-02,"Johnson&Johnson, Moderna, Oxford/AstraZeneca, Pfizer/BioNTech",2235163,1025878,3261041
2021-05-03,"Johnson&Johnson, Moderna, Oxford/AstraZeneca, Pfizer/BioNTech",2302445,1030963,3333408
2021-05-04,"Johnson&Johnson, Moderna, Oxford/AstraZeneca, Pfizer/BioNTech",2369009,1039335,3408344
2021-05-05,"Johnson&Johnson, Moderna, Oxford/AstraZeneca, Pfizer/BioNTech",2442223,1048784,3491007
2021-05-06,"Johnson&Johnson, Moderna, Oxford/AstraZeneca, Pfizer/BioNTech",2522672,1059536,3582208
2021-05-07,"Johnson&Johnson, Moderna, Oxford/AstraZeneca, Pfizer/BioNTech",2600005,1069683,3669688
2021-05-08,"Johnson&Johnson, Moderna, Oxford/AstraZeneca, Pfizer/BioNTech",2629547,1071477,3701024
2021-05-09,"Johnson&Johnson, Moderna, Oxford/AstraZeneca, Pfizer/BioNTech",2653788,1072702,3726490
2021-05-10,"Johnson&Johnson, Moderna, Oxford/AstraZeneca, Pfizer/BioNTech",2726593,1079950,3806543
2021-05-11,"Johnson&Johnson, Moderna, Oxford/AstraZeneca, Pfizer/BioNTech",2802750,1088784,3891534
2021-05-12,"Johnson&Johnson, Moderna, Oxford/AstraZeneca, Pfizer/BioNTech",2882702,1097932,3980634
2021-05-13,"Johnson&Johnson, Moderna, Oxford/AstraZeneca, Pfizer/BioNTech",2966761,1107128,4073889
2021-05-14,"Johnson&Johnson, Moderna, Oxford/AstraZeneca, Pfizer/BioNTech",3046316,1114959,4161275
2021-05-15,"Johnson&Johnson, Moderna, Oxford/AstraZeneca, Pfizer/BioNTech",3078288,1117246,4195534
2021-05-16,"Johnson&Johnson, Moderna, Oxford/AstraZeneca, Pfizer/BioNTech",3104103,1118533,4222636
2021-05-17,"Johnson&Johnson, Moderna, Oxford/AstraZeneca, Pfizer/BioNTech",3176645,1125292,4301937
2021-05-18,"Johnson&Johnson, Moderna, Oxford/AstraZeneca, Pfizer/BioNTech",3248642,1138416,4387058
2021-05-19,"Johnson&Johnson, Moderna, Oxford/AstraZeneca, Pfizer/BioNTech",3326141,1153591,4479732
2021-05-20,"Johnson&Johnson, Moderna, Oxford/AstraZeneca, Pfizer/BioNTech",3401641,1180666,4582307
2021-05-21,"Johnson&Johnson, Moderna, Oxford/AstraZeneca, Pfizer/BioNTech",3470499,1208475,4678974
2021-05-22,"Johnson&Johnson, Moderna, Oxford/AstraZeneca, Pfizer/BioNTech",3502971,1219718,4722689
2021-05-23,"Johnson&Johnson, Moderna, Oxford/AstraZeneca, Pfizer/BioNTech",3525423,1228761,4754184
2021-05-24,"Johnson&Johnson, Moderna, Oxford/AstraZeneca, Pfizer/BioNTech",3572645,1262444,4835089
2021-05-25,"Johnson&Johnson, Moderna, Oxford/AstraZeneca, Pfizer/BioNTech",3624567,1298295,4922862
2021-05-26,"Johnson&Johnson, Moderna, Oxford/AstraZeneca, Pfizer/BioNTech",3692336,1335861,5028197
2021-05-27,"Johnson&Johnson, Moderna, Oxford/AstraZeneca, Pfizer/BioNTech",3753770,1383230,5137000
2021-05-28,"Johnson&Johnson, Moderna, Oxford/AstraZeneca, Pfizer/BioNTech",3815528,1429848,5245376
2021-05-29,"Johnson&Johnson, Moderna, Oxford/AstraZeneca, Pfizer/BioNTech",3844802,1446996,5291798
2021-05-30,"Johnson&Johnson, Moderna, Oxford/AstraZeneca, Pfizer/BioNTech",3867218,1461469,5328687
2021-05-31,"Johnson&Johnson, Moderna, Oxford/AstraZeneca, Pfizer/BioNTech",3922965,1509004,5431969
2021-06-01,"Johnson&Johnson, Moderna, Oxford/AstraZeneca, Pfizer/BioNTech",3982085,1557899,5539984
2021-06-02,"Johnson&Johnson, Moderna, Oxford/AstraZeneca, Pfizer/BioNTech",4045071,1611944,5657015
2021-06-03,"Johnson&Johnson, Moderna, Oxford/AstraZeneca, Pfizer/BioNTech",4103336,1672198,5775534
2021-06-04,"Johnson&Johnson, Moderna, Oxford/AstraZeneca, Pfizer/BioNTech",4166485,1729636,5896121
2021-06-05,"Johnson&Johnson, Moderna, Oxford/AstraZeneca, Pfizer/BioNTech",4200675,1748570,5949245
2021-06-06,"Johnson&Johnson, Moderna, Oxford/AstraZeneca, Pfizer/BioNTech",4227637,1763751,5991388
2021-06-07,"Johnson&Johnson, Moderna, Oxford/AstraZeneca, Pfizer/BioNTech",4291338,1819408,6110746
2021-06-08,"Johnson&Johnson, Moderna, Oxford/AstraZeneca, Pfizer/BioNTech",4355356,1874444,6229800
2021-06-09,"Johnson&Johnson, Moderna, Oxford/AstraZeneca, Pfizer/BioNTech",4414584,1939151,6353735
2021-06-10,"Johnson&Johnson, Moderna, Oxford/AstraZeneca, Pfizer/BioNTech",4468459,2010494,6478953
2021-06-11,"Johnson&Johnson, Moderna, Oxford/AstraZeneca, Pfizer/BioNTech",4520597,2080355,6600952
2021-06-12,"Johnson&Johnson, Moderna, Oxford/AstraZeneca, Pfizer/BioNTech",4552625,2101220,6653845
2021-06-13,"Johnson&Johnson, Moderna, Oxford/AstraZeneca, Pfizer/BioNTech",4576672,2119664,6696336
2021-06-14,"Johnson&Johnson, Moderna, Oxford/AstraZeneca, Pfizer/BioNTech",4619772,2194086,6813858
2021-06-15,"Johnson&Johnson, Moderna, Oxford/AstraZeneca, Pfizer/BioNTech",4664456,2266506,6930962
2021-06-16,"Johnson&Johnson, Moderna, Oxford/AstraZeneca, Pfizer/BioNTech",4707289,2344772,7052061
2021-06-17,"Johnson&Johnson, Moderna, Oxford/AstraZeneca, Pfizer/BioNTech",4746734,2427897,7174631
2021-06-18,"Johnson&Johnson, Moderna, Oxford/AstraZeneca, Pfizer/BioNTech",4789184,2508510,7297694
2021-06-19,"Johnson&Johnson, Moderna, Oxford/AstraZeneca, Pfizer/BioNTech",4810984,2537863,7348847
2021-06-20,"Johnson&Johnson, Moderna, Oxford/AstraZeneca, Pfizer/BioNTech",4828398,2561747,7390145
2021-06-21,"Johnson&Johnson, Moderna, Oxford/AstraZeneca, Pfizer/BioNTech",4860915,2640390,7501305
2021-06-22,"Johnson&Johnson, Moderna, Oxford/AstraZeneca, Pfizer/BioNTech",4893898,2722742,7616640
2021-06-23,"Johnson&Johnson, Moderna, Oxford/AstraZeneca, Pfizer/BioNTech",4925626,2808015,7733641
2021-06-24,"Johnson&Johnson, Moderna, Oxford/AstraZeneca, Pfizer/BioNTech",4955504,2898101,7853605
2021-06-25,"Johnson&Johnson, Moderna, Oxford/AstraZeneca, Pfizer/BioNTech",4986605,2984362,7970967
2021-06-26,"Johnson&Johnson, Moderna, Oxford/AstraZeneca, Pfizer/BioNTech",5002510,3019261,8021771
2021-06-27,"Johnson&Johnson, Moderna, Oxford/AstraZeneca, Pfizer/BioNTech",5016471,3045985,8062456
2021-06-28,"Johnson&Johnson, Moderna, Oxford/AstraZeneca, Pfizer/BioNTech",5044898,3131227,8176125
2021-06-29,"Johnson&Johnson, Moderna, Oxford/AstraZeneca, Pfizer/BioNTech",5074197,3217799,8291996
2021-06-30,"Johnson&Johnson, Moderna, Oxford/AstraZeneca, Pfizer/BioNTech",5101711,3308865,8410576
2021-07-01,"Johnson&Johnson, Moderna, Oxford/AstraZeneca, Pfizer/BioNTech",5125722,3398987,8524709
2021-07-02,"Johnson&Johnson, Moderna, Oxford/AstraZeneca, Pfizer/BioNTech",5152480,3484944,8637424
2021-07-03,"Johnson&Johnson, Moderna, Oxford/AstraZeneca, Pfizer/BioNTech",5159588,3516526,8676114
2021-07-04,"Johnson&Johnson, Moderna, Oxford/AstraZeneca, Pfizer/BioNTech",5167184,3538356,8705540
2021-07-05,"Johnson&Johnson, Moderna, Oxford/AstraZeneca, Pfizer/BioNTech",5174610,3563774,8738384
2021-07-06,"Johnson&Johnson, Moderna, Oxford/AstraZeneca, Pfizer/BioNTech",5180095,3591515,8771610
2021-07-07,"Johnson&Johnson, Moderna, Oxford/AstraZeneca, Pfizer/BioNTech",5205932,3670528,8876460
2021-07-08,"Johnson&Johnson, Moderna, Oxford/AstraZeneca, Pfizer/BioNTech",5232558,3740895,8973453
2021-07-09,"Johnson&Johnson, Moderna, Oxford/AstraZeneca, Pfizer/BioNTech",5260520,3810246,9070766
2021-07-10,"Johnson&Johnson, Moderna, Oxford/AstraZeneca, Pfizer/BioNTech",5269909,3838926,9108835
2021-07-11,"Johnson&Johnson, Moderna, Oxford/AstraZeneca, Pfizer/BioNTech",5278469,3861821,9140290
2021-07-12,"Johnson&Johnson, Moderna, Oxford/AstraZeneca, Pfizer/BioNTech",5306018,3930918,9236936
2021-07-13,"Johnson&Johnson, Moderna, Oxford/AstraZeneca, Pfizer/BioNTech",5332234,4000827,9333061
2021-07-14,"Johnson&Johnson, Moderna, Oxford/AstraZeneca, Pfizer/BioNTech",5358081,4072846,9430927
2021-07-15,"Johnson&Johnson, Moderna, Oxford/AstraZeneca, Pfizer/BioNTech",5387275,4138895,9526170
2021-07-16,"Johnson&Johnson, Moderna, Oxford/AstraZeneca, Pfizer/BioNTech",5415217,4211662,9626879
2021-07-17,"Johnson&Johnson, Moderna, Oxford/AstraZeneca, Pfizer/BioNTech",5424023,4243145,9667168
2021-07-18,"Johnson&Johnson, Moderna, Oxford/AstraZeneca, Pfizer/BioNTech",5432469,4269165,9701634
2021-07-19,"Johnson&Johnson, Moderna, Oxford/AstraZeneca, Pfizer/BioNTech",5455844,4336213,9792057
2021-07-20,"Johnson&Johnson, Moderna, Oxford/AstraZeneca, Pfizer/BioNTech",5477259,4403302,9880561
2021-07-21,"Johnson&Johnson, Moderna, Oxford/AstraZeneca, Pfizer/BioNTech",5500726,4466786,9967512
2021-07-22,"Johnson&Johnson, Moderna, Oxford/AstraZeneca, Pfizer/BioNTech",5523101,4525448,10048549
2021-07-23,"Johnson&Johnson, Moderna, Oxford/AstraZeneca, Pfizer/BioNTech",5546344,4580233,10126577
2021-07-24,"Johnson&Johnson, Moderna, Oxford/AstraZeneca, Pfizer/BioNTech",5553698,4607922,10161620
2021-07-25,"Johnson&Johnson, Moderna, Oxford/AstraZeneca, Pfizer/BioNTech",5560340,4630067,10190407
2021-07-26,"Johnson&Johnson, Moderna, Oxford/AstraZeneca, Pfizer/BioNTech",5583901,4678779,10262680
2021-07-27,"Johnson&Johnson, Moderna, Oxford/AstraZeneca, Pfizer/BioNTech",5606662,4725458,10332120
2021-07-28,"Johnson&Johnson, Moderna, Oxford/AstraZeneca, Pfizer/BioNTech",5627950,4771503,10399453
2021-07-29,"Johnson&Johnson, Moderna, Oxford/AstraZeneca, Pfizer/BioNTech",5649296,4813511,10462807
2021-07-30,"Johnson&Johnson, Moderna, Oxford/AstraZeneca, Pfizer/BioNTech",5672587,4856110,10528697
2021-07-31,"Johnson&Johnson, Moderna, Oxford/AstraZeneca, Pfizer/BioNTech",5681549,4875668,10557217
2021-08-01,"Johnson&Johnson, Moderna, Oxford/AstraZeneca, Pfizer/BioNTech",5688284,4891854,10580138
2021-08-02,"Johnson&Johnson, Moderna, Oxford/AstraZeneca, Pfizer/BioNTech",5706935,4929444,10636379
2021-08-03,"Johnson&Johnson, Moderna, Oxford/AstraZeneca, Pfizer/BioNTech",5724592,4967586,10692178
2021-08-04,"Johnson&Johnson, Moderna, Oxford/AstraZeneca, Pfizer/BioNTech",5740730,5004384,10745114
2021-08-05,"Johnson&Johnson, Moderna, Oxford/AstraZeneca, Pfizer/BioNTech",5756778,5044897,10801675
2021-08-06,"Johnson&Johnson, Moderna, Oxford/AstraZeneca, Pfizer/BioNTech",5773592,5088232,10861824
2021-08-07,"Johnson&Johnson, Moderna, Oxford/AstraZeneca, Pfizer/BioNTech",5779204,5106422,10885626
2021-08-08,"Johnson&Johnson, Moderna, Oxford/AstraZeneca, Pfizer/BioNTech",5783577,5122195,10905772
2021-08-09,"Johnson&Johnson, Moderna, Oxford/AstraZeneca, Pfizer/BioNTech",5796220,5167280,10963500
2021-08-10,"Johnson&Johnson, Moderna, Oxford/AstraZeneca, Pfizer/BioNTech",5808068,5206879,11014947
2021-08-11,"Johnson&Johnson, Moderna, Oxford/AstraZeneca, Pfizer/BioNTech",5819442,5250036,11069478
2021-08-12,"Johnson&Johnson, Moderna, Oxford/AstraZeneca, Pfizer/BioNTech",5830868,5287199,11118067
2021-08-13,"Johnson&Johnson, Moderna, Oxford/AstraZeneca, Pfizer/BioNTech",5841601,5327571,11169172
2021-08-14,"Johnson&Johnson, Moderna, Oxford/AstraZeneca, Pfizer/BioNTech",5844943,5338289,11183232
2021-08-15,"Johnson&Johnson, Moderna, Oxford/AstraZeneca, Pfizer/BioNTech",5847535,5348682,11196217
2021-08-16,"Johnson&Johnson, Moderna, Oxford/AstraZeneca, Pfizer/BioNTech",5857333,5382779,11240112
2021-08-17,"Johnson&Johnson, Moderna, Oxford/AstraZeneca, Pfizer/BioNTech",5866936,5409901,11276837
2021-08-18,"Johnson&Johnson, Moderna, Oxford/AstraZeneca, Pfizer/BioNTech",5876313,5448815,11325128
2021-08-19,"Johnson&Johnson, Moderna, Oxford/AstraZeneca, Pfizer/BioNTech",5885999,5487187,11373186
2021-08-20,"Johnson&Johnson, Moderna, Oxford/AstraZeneca, Pfizer/BioNTech",5897397,5527392,11424789
2021-08-21,"Johnson&Johnson, Moderna, Oxford/AstraZeneca, Pfizer/BioNTech",5900123,5540171,11440294
2021-08-22,"Johnson&Johnson, Moderna, Oxford/AstraZeneca, Pfizer/BioNTech",5902470,5552150,11454620
2021-08-23,"Johnson&Johnson, Moderna, Oxford/AstraZeneca, Pfizer/BioNTech",5913005,5591437,11504442
2021-08-24,"Johnson&Johnson, Moderna, Oxford/AstraZeneca, Pfizer/BioNTech",5922888,5624706,11547594
2021-08-25,"Johnson&Johnson, Moderna, Oxford/AstraZeneca, Pfizer/BioNTech",5931761,5653089,11584850
2021-08-26,"Johnson&Johnson, Moderna, Oxford/AstraZeneca, Pfizer/BioNTech",5940220,5679223,11619443
2021-08-27,"Johnson&Johnson, Moderna, Oxford/AstraZeneca, Pfizer/BioNTech",5950548,5705220,11655768
2021-08-28,"Johnson&Johnson, Moderna, Oxford/AstraZeneca, Pfizer/BioNTech",5953290,5712295,11665585
2021-08-29,"Johnson&Johnson, Moderna, Oxford/AstraZeneca, Pfizer/BioNTech",5955705,5718922,11674627
2021-08-30,"Johnson&Johnson, Moderna, Oxford/AstraZeneca, Pfizer/BioNTech",5964237,5740808,11705045
2021-08-31,"Johnson&Johnson, Moderna, Oxford/AstraZeneca, Pfizer/BioNTech",5971928,5758928,11730856
2021-09-01,"Johnson&Johnson, Moderna, Oxford/AstraZeneca, Pfizer/BioNTech",5977843,5772952,11750795
2021-09-02,"Johnson&Johnson, Moderna, Oxford/AstraZeneca, Pfizer/BioNTech",5984685,5787348,11772033
2021-09-03,"Johnson&Johnson, Moderna, Oxford/AstraZeneca, Pfizer/BioNTech",5994249,5803088,11797337
2021-09-04,"Johnson&Johnson, Moderna, Oxford/AstraZeneca, Pfizer/BioNTech",5996322,5806652,11802974
2021-09-05,"Johnson&Johnson, Moderna, Oxford/AstraZeneca, Pfizer/BioNTech",5998365,5809502,11807867
2021-09-06,"Johnson&Johnson, Moderna, Oxford/AstraZeneca, Pfizer/BioNTech",6004604,5822054,11826658
2021-09-07,"Johnson&Johnson, Moderna, Oxford/AstraZeneca, Pfizer/BioNTech",6009001,5833149,11842150
2021-09-08,"Johnson&Johnson, Moderna, Oxford/AstraZeneca, Pfizer/BioNTech",6014679,5843017,11857696
2021-09-09,"Johnson&Johnson, Moderna, Oxford/AstraZeneca, Pfizer/BioNTech",6021385,5853095,11874480
2021-09-10,"Johnson&Johnson, Moderna, Oxford/AstraZeneca, Pfizer/BioNTech",6029087,5865282,11894369
2021-09-11,"Johnson&Johnson, Moderna, Oxford/AstraZeneca, Pfizer/BioNTech",6030958,5867773,11898731
2021-09-12,"Johnson&Johnson, Moderna, Oxford/AstraZeneca, Pfizer/BioNTech",6032079,5869409,11901488
2021-09-13,"Johnson&Johnson, Moderna, Oxford/AstraZeneca, Pfizer/BioNTech",6037524,5879722,11917246
2021-09-14,"Johnson&Johnson, Moderna, Oxford/AstraZeneca, Pfizer/BioNTech",6042924,5888742,11931666
2021-09-15,"Johnson&Johnson, Moderna, Oxford/AstraZeneca, Pfizer/BioNTech",6048135,5897275,11945410
2021-09-16,"Johnson&Johnson, Moderna, Oxford/AstraZeneca, Pfizer/BioNTech",6053497,5905560,11959057
2021-09-17,"Johnson&Johnson, Moderna, Oxford/AstraZeneca, Pfizer/BioNTech",6060069,5915800,11975869
2021-09-18,"Johnson&Johnson, Moderna, Oxford/AstraZeneca, Pfizer/BioNTech",6061800,5918165,11979965
2021-09-19,"Johnson&Johnson, Moderna, Oxford/AstraZeneca, Pfizer/BioNTech",6062746,5919737,11982483
2021-09-20,"Johnson&Johnson, Moderna, Oxford/AstraZeneca, Pfizer/BioNTech",6066770,5927943,11994713
2021-09-21,"Johnson&Johnson, Moderna, Oxford/AstraZeneca, Pfizer/BioNTech",6071012,5935486,12006498
2021-09-22,"Johnson&Johnson, Moderna, Oxford/AstraZeneca, Pfizer/BioNTech",6075207,5941015,12016222
2021-09-23,"Johnson&Johnson, Moderna, Oxford/AstraZeneca, Pfizer/BioNTech",6080181,5947433,12027614
2021-09-24,"Johnson&Johnson, Moderna, Oxford/AstraZeneca, Pfizer/BioNTech",6085942,5957052,12042994
2021-09-25,"Johnson&Johnson, Moderna, Oxford/AstraZeneca, Pfizer/BioNTech",6087442,5959055,12046497
2021-09-26,"Johnson&Johnson, Moderna, Oxford/AstraZeneca, Pfizer/BioNTech",6088187,5960697,12048884
2021-09-27,"Johnson&Johnson, Moderna, Oxford/AstraZeneca, Pfizer/BioNTech",6092073,5967215,12059288
2021-09-28,"Johnson&Johnson, Moderna, Oxford/AstraZeneca, Pfizer/BioNTech",6092443,5967851,12060294
2021-09-29,"Johnson&Johnson, Moderna, Oxford/AstraZeneca, Pfizer/BioNTech",6096221,5975317,12071538
2021-09-30,"Johnson&Johnson, Moderna, Oxford/AstraZeneca, Pfizer/BioNTech",6100740,5983022,12083762
2021-10-01,"Johnson&Johnson, Moderna, Oxford/AstraZeneca, Pfizer/BioNTech",6105051,5991009,12096060
2021-10-02,"Johnson&Johnson, Moderna, Oxford/AstraZeneca, Pfizer/BioNTech",6106114,5992555,12098669
2021-10-03,"Johnson&Johnson, Moderna, Oxford/AstraZeneca, Pfizer/BioNTech",6106839,5993427,12100266
2021-10-04,"Johnson&Johnson, Moderna, Oxford/AstraZeneca, Pfizer/BioNTech",6109920,5999007,12108927
2021-10-05,"Johnson&Johnson, Moderna, Oxford/AstraZeneca, Pfizer/BioNTech",6113082,6004093,12117175
2021-10-06,"Johnson&Johnson, Moderna, Oxford/AstraZeneca, Pfizer/BioNTech",6116603,6009270,12125873
2021-10-07,"Johnson&Johnson, Moderna, Oxford/AstraZeneca, Pfizer/BioNTech",6119887,6014533,12134420
2021-10-08,"Johnson&Johnson, Moderna, Oxford/AstraZeneca, Pfizer/BioNTech",6124681,6021178,12145859
2021-10-09,"Johnson&Johnson, Moderna, Oxford/AstraZeneca, Pfizer/BioNTech",6125925,6022845,12148770
2021-10-10,"Johnson&Johnson, Moderna, Oxford/AstraZeneca, Pfizer/BioNTech",6126869,6023677,12150546
2021-10-11,"Johnson&Johnson, Moderna, Oxford/AstraZeneca, Pfizer/BioNTech",6129800,6028095,12157895
2021-10-12,"Johnson&Johnson, Moderna, Oxford/AstraZeneca, Pfizer/BioNTech",6132734,6032097,12164831
2021-10-13,"Johnson&Johnson, Moderna, Oxford/AstraZeneca, Pfizer/BioNTech",6136266,6036285,12172551
2021-10-14,"Johnson&Johnson, Moderna, Oxford/AstraZeneca, Pfizer/BioNTech",6139940,6041237,12181177
2021-10-15,"Johnson&Johnson, Moderna, Oxford/AstraZeneca, Pfizer/BioNTech",6145169,6047386,12192555
2021-10-16,"Johnson&Johnson, Moderna, Oxford/AstraZeneca, Pfizer/BioNTech",6146582,6048912,12195494
2021-10-17,"Johnson&Johnson, Moderna, Pfizer/BioNTech",6147909,6049967,12197876
2021-10-18,"Johnson&Johnson, Moderna, Oxford/AstraZeneca, Pfizer/BioNTech",6152022,6054073,12206095
2021-10-19,"Johnson&Johnson, Moderna, Oxford/AstraZeneca, Pfizer/BioNTech",6155603,6056175,12211778
2021-10-20,"Johnson&Johnson, Moderna, Oxford/AstraZeneca, Pfizer/BioNTech",6160488,6060635,12221123
2021-10-21,"Johnson&Johnson, Moderna, Oxford/AstraZeneca, Pfizer/BioNTech",6168257,6066243,12234500
2021-10-22,"Johnson&Johnson, Moderna, Oxford/AstraZeneca, Pfizer/BioNTech",6178713,6072748,12251461
2021-10-23,"Johnson&Johnson, Moderna, Oxford/AstraZeneca, Pfizer/BioNTech",6182389,6074958,12257347
2021-10-24,"Johnson&Johnson, Moderna, Oxford/AstraZeneca, Pfizer/BioNTech",6185074,6076739,12261813
2021-10-25,"Johnson&Johnson, Moderna, Oxford/AstraZeneca, Pfizer/BioNTech",6195574,6082550,12278124
2021-10-26,"Johnson&Johnson, Moderna, Oxford/AstraZeneca, Pfizer/BioNTech",6207564,6089101,12296665
2021-10-27,"Johnson&Johnson, Moderna, Oxford/AstraZeneca, Pfizer/BioNTech",6222172,6096516,12318688
2021-10-28,"Johnson&Johnson, Moderna, Oxford/AstraZeneca, Pfizer/BioNTech",6225597,6098201,12323798
2021-10-29,"Johnson&Johnson, Moderna, Oxford/AstraZeneca, Pfizer/BioNTech",6240035,6106189,12346224
2021-10-30,"Johnson&Johnson, Moderna, Oxford/AstraZeneca, Pfizer/BioNTech",6244564,6109116,12353680
2021-10-31,"Johnson&Johnson, Moderna, Oxford/AstraZeneca, Pfizer/BioNTech",6248327,6111591,12359918
2021-11-01,"Johnson&Johnson, Moderna, Oxford/AstraZeneca, Pfizer/BioNTech",6263526,6119277,12382803
2021-11-02,"Johnson&Johnson, Moderna, Oxford/AstraZeneca, Pfizer/BioNTech",6278979,6126833,12405812
2021-11-03,"Johnson&Johnson, Moderna, Oxford/AstraZeneca, Pfizer/BioNTech",6296158,6134125,12430283
2021-11-04,"Johnson&Johnson, Moderna, Oxford/AstraZeneca, Pfizer/BioNTech",6314508,6142299,12456807
2021-11-05,"Johnson&Johnson, Moderna, Oxford/AstraZeneca, Pfizer/BioNTech",6337311,6153586,12490897
2021-11-06,"Johnson&Johnson, Moderna, Oxford/AstraZeneca, Pfizer/BioNTech",6343827,6156643,12500470
2021-11-07,"Johnson&Johnson, Moderna, Oxford/AstraZeneca, Pfizer/BioNTech",6347850,6159079,12506929
2021-11-08,"Johnson&Johnson, Moderna, Oxford/AstraZeneca, Pfizer/BioNTech",6364116,6166706,12530822
2021-11-09,"Johnson&Johnson, Moderna, Oxford/AstraZeneca, Pfizer/BioNTech",6378927,6174003,12552930
2021-11-10,"Johnson&Johnson, Moderna, Oxford/AstraZeneca, Pfizer/BioNTech",6394667,6181390,12576057
2021-11-11,"Johnson&Johnson, Moderna, Oxford/AstraZeneca, Pfizer/BioNTech",6410137,6190498,12600635
2021-11-12,"Johnson&Johnson, Moderna, Oxford/AstraZeneca, Pfizer/BioNTech",6429940,6203302,12633242
2021-11-13,"Johnson&Johnson, Moderna, Oxford/AstraZeneca, Pfizer/BioNTech",6435334,6207178,12642512
2021-11-14,"Johnson&Johnson, Moderna, Oxford/AstraZeneca, Pfizer/BioNTech",6439229,6210185,12649414
2021-11-15,"Johnson&Johnson, Moderna, Oxford/AstraZeneca, Pfizer/BioNTech",6454308,6220880,12675188
2021-11-16,"Johnson&Johnson, Moderna, Oxford/AstraZeneca, Pfizer/BioNTech",6471844,6232856,12704700
2021-11-17,"Johnson&Johnson, Moderna, Oxford/AstraZeneca, Pfizer/BioNTech",6476085,6236422,12712507
2021-11-18,"Johnson&Johnson, Moderna, Oxford/AstraZeneca, Pfizer/BioNTech",6495503,6248118,12743621
2021-11-19,"Johnson&Johnson, Moderna, Oxford/AstraZeneca, Pfizer/BioNTech",6520113,6265091,12785204
2021-11-20,"Johnson&Johnson, Moderna, Oxford/AstraZeneca, Pfizer/BioNTech",6528691,6270074,12798765
2021-11-21,"Johnson&Johnson, Moderna, Pfizer/BioNTech",6535460,6273847,12809307
2021-11-22,"Johnson&Johnson, Moderna, Oxford/AstraZeneca, Pfizer/BioNTech",6553971,6287964,12841935
2021-11-23,"Johnson&Johnson, Moderna, Oxford/AstraZeneca, Pfizer/BioNTech",6573036,6301225,12874261
2021-11-24,"Johnson&Johnson, Moderna, Oxford/AstraZeneca, Pfizer/BioNTech",6592051,6317074,12909125
2021-11-25,"Johnson&Johnson, Moderna, Oxford/AstraZeneca, Pfizer/BioNTech",6611195,6332110,12943305
2021-11-26,"Johnson&Johnson, Moderna, Oxford/AstraZeneca, Pfizer/BioNTech",6632851,6351248,12984099
2021-11-27,"Johnson&Johnson, Moderna, Oxford/AstraZeneca, Pfizer/BioNTech",6640321,6356803,12997124
2021-11-28,"Johnson&Johnson, Moderna, Oxford/AstraZeneca, Pfizer/BioNTech",6643654,6359938,13003592
2021-11-29,"Johnson&Johnson, Moderna, Oxford/AstraZeneca, Pfizer/BioNTech",6658863,6373598,13032461
2021-11-30,"Johnson&Johnson, Moderna, Oxford/AstraZeneca, Pfizer/BioNTech",6672065,6384827,13056892
2021-12-01,"Johnson&Johnson, Moderna, Oxford/AstraZeneca, Pfizer/BioNTech",6686098,6397282,13083380
2021-12-02,"Johnson&Johnson, Moderna, Oxford/AstraZeneca, Pfizer/BioNTech",6696739,6409773,13106512
2021-12-03,"Johnson&Johnson, Moderna, Oxford/AstraZeneca, Pfizer/BioNTech",6706379,6425352,13131731
2021-12-04,"Johnson&Johnson, Moderna, Pfizer/BioNTech",6708936,6429302,13138238
2021-12-05,"Johnson&Johnson, Moderna, Oxford/AstraZeneca, Pfizer/BioNTech",6710297,6431642,13141939
2021-12-06,"Johnson&Johnson, Moderna, Oxford/AstraZeneca, Pfizer/BioNTech",6718445,6443171,13161616
2021-12-07,"Johnson&Johnson, Moderna, Oxford/AstraZeneca, Pfizer/BioNTech",6726336,6455182,13181518
2021-12-08,"Johnson&Johnson, Moderna, Oxford/AstraZeneca, Pfizer/BioNTech",6734580,6461110,13195690
2021-12-09,"Johnson&Johnson, Moderna, Oxford/AstraZeneca, Pfizer/BioNTech",6741701,6473929,13215630
2021-12-10,"Johnson&Johnson, Moderna, Oxford/AstraZeneca, Pfizer/BioNTech",6748634,6491733,13240367
2021-12-11,"Johnson&Johnson, Moderna, Oxford/AstraZeneca, Pfizer/BioNTech",6750293,6497005,13247298
2021-12-12,"Johnson&Johnson, Moderna, Oxford/AstraZeneca, Pfizer/BioNTech",6751604,6501438,13253042
2021-12-13,"Johnson&Johnson, Moderna, Oxford/AstraZeneca, Pfizer/BioNTech",6757959,6514751,13272710
2021-12-14,"Johnson&Johnson, Moderna, Oxford/AstraZeneca, Pfizer/BioNTech",6764169,6528420,13292589
2021-12-15,"Johnson&Johnson, Moderna, Oxford/AstraZeneca, Pfizer/BioNTech",6770377,6542021,13312398
2021-12-16,"Johnson&Johnson, Moderna, Oxford/AstraZeneca, Pfizer/BioNTech",6777318,6556855,13334173
2021-12-17,"Johnson&Johnson, Moderna, Oxford/AstraZeneca, Pfizer/BioNTech",6785684,6574120,13359804
2021-12-18,"Johnson&Johnson, Moderna, Oxford/AstraZeneca, Pfizer/BioNTech",6788295,6579572,13367867
2021-12-19,"Johnson&Johnson, Moderna, Pfizer/BioNTech",6790066,6582076,13372142
2021-12-20,"Johnson&Johnson, Moderna, Oxford/AstraZeneca, Pfizer/BioNTech",6795922,6596138,13392060
2021-12-21,"Johnson&Johnson, Moderna, Oxford/AstraZeneca, Pfizer/BioNTech",6802584,6608133,13410717
2021-12-22,"Johnson&Johnson, Moderna, Oxford/AstraZeneca, Pfizer/BioNTech",6807633,6621192,13428825
2021-12-23,"Johnson&Johnson, Moderna, Oxford/AstraZeneca, Pfizer/BioNTech",6810507,6626793,13437300
2021-12-24,"Johnson&Johnson, Moderna, Oxford/AstraZeneca, Pfizer/BioNTech",6810553,6626895,13437448
2021-12-25,"Moderna, Pfizer/BioNTech",6810554,6626903,13437457
2021-12-26,"Moderna, Pfizer/BioNTech",6810656,6627106,13437762
2021-12-27,"Johnson&Johnson, Moderna, Pfizer/BioNTech",6814523,6636849,13451372
2021-12-28,"Johnson&Johnson, Moderna, Oxford/AstraZeneca, Pfizer/BioNTech",6819763,6644846,13464609
2021-12-29,"Johnson&Johnson, Moderna, Oxford/AstraZeneca, Pfizer/BioNTech",6824043,6652565,13476608
2021-12-30,"Johnson&Johnson, Moderna, Pfizer/BioNTech",6828343,6657998,13486341
2021-12-31,"Johnson&Johnson, Moderna, Pfizer/BioNTech",6828853,6659422,13488275
2022-01-01,"Johnson&Johnson, Moderna, Pfizer/BioNTech",6828859,6659440,13488299
2022-01-02,"Johnson&Johnson, Moderna, Pfizer/BioNTech",6829716,6660817,13490533
2022-01-03,"Johnson&Johnson, Moderna, Oxford/AstraZeneca, Pfizer/BioNTech",6833853,6669725,13503578
2022-01-04,"Johnson&Johnson, Moderna, Oxford/AstraZeneca, Pfizer/BioNTech",6838937,6677480,13516417
2022-01-05,"Johnson&Johnson, Moderna, Oxford/AstraZeneca, Pfizer/BioNTech",6844757,6685451,13530208
2022-01-06,"Johnson&Johnson, Moderna, Oxford/AstraZeneca, Pfizer/BioNTech",6851343,6693853,13545196
2022-01-07,"Johnson&Johnson, Moderna, Oxford/AstraZeneca, Pfizer/BioNTech",6859219,6704208,13563427
2022-01-08,"Johnson&Johnson, Moderna, Oxford/AstraZeneca, Pfizer/BioNTech",6861699,6706991,13568690
2022-01-09,"Johnson&Johnson, Moderna, Pfizer/BioNTech",6862781,6708685,13571466
2022-01-10,"Johnson&Johnson, Moderna, Oxford/AstraZeneca, Pfizer/BioNTech",6867279,6714873,13582152
2022-01-11,"Johnson&Johnson, Moderna, Oxford/AstraZeneca, Pfizer/BioNTech",6872717,6721626,13594343
2022-01-12,"Johnson&Johnson, Moderna, Oxford/AstraZeneca, Pfizer/BioNTech",6878673,6727269,13605942
2022-01-13,"Johnson&Johnson, Moderna, Oxford/AstraZeneca, Pfizer/BioNTech",6884558,6732046,13616604
2022-01-14,"Johnson&Johnson, Moderna, Oxford/AstraZeneca, Pfizer/BioNTech",6890859,6735678,13626537
2022-01-15,"Johnson&Johnson, Moderna, Oxford/AstraZeneca, Pfizer/BioNTech",6892135,6736333,13628468
2022-01-16,"Johnson&Johnson, Moderna, Oxford/AstraZeneca, Pfizer/BioNTech",6892823,6736770,13629593
2022-01-17,"Johnson&Johnson, Moderna, Oxford/AstraZeneca, Pfizer/BioNTech",6896378,6740726,13637104
2022-01-18,"Johnson&Johnson, Moderna, Oxford/AstraZeneca, Pfizer/BioNTech",6900228,6745675,13645903
2022-01-19,"Johnson&Johnson, Moderna, Oxford/AstraZeneca, Pfizer/BioNTech",6904298,6749606,13653904
2022-01-20,"Johnson&Johnson, Moderna, Oxford/AstraZeneca, Pfizer/BioNTech",6907890,6754062,13661952
2022-01-21,"Johnson&Johnson, Moderna, Oxford/AstraZeneca, Pfizer/BioNTech",6911885,6756590,13668475
2022-01-22,"Johnson&Johnson, Moderna, Pfizer/BioNTech",6912664,6757029,13669693
2022-01-23,"Johnson&Johnson, Moderna, Pfizer/BioNTech",6913225,6757663,13670888
2022-01-24,"Johnson&Johnson, Moderna, Oxford/AstraZeneca, Pfizer/BioNTech",6915495,6761098,13676593
2022-01-25,"Johnson&Johnson, Moderna, Oxford/AstraZeneca, Pfizer/BioNTech",6917851,6765093,13682944
2022-01-26,"Johnson&Johnson, Moderna, Oxford/AstraZeneca, Pfizer/BioNTech",6920236,6769659,13689895
2022-01-27,"Johnson&Johnson, Moderna, Oxford/AstraZeneca, Pfizer/BioNTech",6922556,6774471,13697027
2022-01-28,"Johnson&Johnson, Moderna, Oxford/AstraZeneca, Pfizer/BioNTech",6925467,6780633,13706100
2022-01-29,"Johnson&Johnson, Moderna, Oxford/AstraZeneca, Pfizer/BioNTech",6926067,6782284,13708351
2022-01-30,"Johnson&Johnson, Moderna, Pfizer/BioNTech",6926294,6783062,13709356
2022-01-31,"Johnson&Johnson, Moderna, Pfizer/BioNTech",6927836,6786980,13714816
2022-02-01,"Johnson&Johnson, Moderna, Pfizer/BioNTech",6929432,6791011,13720443
2022-02-02,"Johnson&Johnson, Moderna, Oxford/AstraZeneca, Pfizer/BioNTech",6930999,6795518,13726517
2022-02-03,"Johnson&Johnson, Moderna, Pfizer/BioNTech",6932372,6799996,13732368
2022-02-04,"Johnson&Johnson, Moderna, Pfizer/BioNTech",6933973,6805112,13739085
2022-02-05,"Johnson&Johnson, Moderna, Pfizer/BioNTech",6934146,6805721,13739867
2022-02-06,"Johnson&Johnson, Moderna, Pfizer/BioNTech",6934242,6806040,13740282
2022-02-07,"Johnson&Johnson, Moderna, Pfizer/BioNTech",6934943,6809249,13744192
2022-02-08,"Johnson&Johnson, Moderna, Pfizer/BioNTech",6935738,6812437,13748175
2022-02-09,"Johnson&Johnson, Moderna, Pfizer/BioNTech",6936564,6815808,13752372
2022-02-10,"Johnson&Johnson, Moderna, Pfizer/BioNTech",6937361,6818932,13756293
2022-02-11,"Johnson&Johnson, Moderna, Pfizer/BioNTech",6938315,6822846,13761161
2022-02-12,"Johnson&Johnson, Moderna, Pfizer/BioNTech",6938425,6823264,13761689
2022-02-13,"Johnson&Johnson, Moderna, Pfizer/BioNTech",6938460,6823701,13762161
2022-02-14,"Johnson&Johnson, Moderna, Pfizer/BioNTech",6938917,6825813,13764730
2022-02-15,"Johnson&Johnson, Moderna, Pfizer/BioNTech",6939469,6828020,13767489
2022-02-16,"Johnson&Johnson, Moderna, Pfizer/BioNTech",6940060,6830119,13770179
2022-02-17,"Johnson&Johnson, Moderna, Pfizer/BioNTech",6940655,6832458,13773113
2022-02-18,"Johnson&Johnson, Moderna, Oxford/AstraZeneca, Pfizer/BioNTech",6941296,6835510,13776806
2022-02-19,"Johnson&Johnson, Moderna, Pfizer/BioNTech",6941375,6835791,13777166
2022-02-20,"Johnson&Johnson, Moderna, Pfizer/BioNTech",6941409,6835940,13777349
2022-02-21,"Johnson&Johnson, Moderna, Pfizer/BioNTech",6941771,6837637,13779408
2022-02-22,"Johnson&Johnson, Moderna, Oxford/AstraZeneca, Pfizer/BioNTech",6942165,6839316,13781481
2022-02-23,"Johnson&Johnson, Moderna, Pfizer/BioNTech",6942619,6840958,13783577
2022-02-24,"Johnson&Johnson, Moderna, Pfizer/BioNTech",6943028,6842588,13785616
2022-02-25,"Johnson&Johnson, Moderna, Pfizer/BioNTech",6943611,6844670,13788281
2022-02-26,"Johnson&Johnson, Moderna, Pfizer/BioNTech",6943673,6844830,13788503
2022-02-27,"Johnson&Johnson, Moderna, Pfizer/BioNTech",6943703,6844906,13788609
2022-02-28,"Johnson&Johnson, Moderna, Pfizer/BioNTech",6943950,6845876,13789826
2022-03-01,"Johnson&Johnson, Moderna, Pfizer/BioNTech",6944212,6846660,13790872
2022-03-02,"Johnson&Johnson, Moderna, Novavax, Pfizer/BioNTech",6944579,6847567,13792146
2022-03-03,"Johnson&Johnson, Moderna, Novavax, Pfizer/BioNTech",6944913,6848510,13793423
2022-03-04,"Johnson&Johnson, Moderna, Novavax, Pfizer/BioNTech",6945539,6849730,13795269
2022-03-05,"Johnson&Johnson, Moderna, Novavax, Pfizer/BioNTech",6945619,6849821,13795440
2022-03-06,"Moderna, Novavax, Pfizer/BioNTech",6945630,6849839,13795469
2022-03-07,"Johnson&Johnson, Moderna, Novavax, Pfizer/BioNTech",6945964,6850396,13796360
2022-03-08,"Johnson&Johnson, Moderna, Novavax, Pfizer/BioNTech",6946299,6850938,13797237
2022-03-09,"Johnson&Johnson, Moderna, Novavax, Pfizer/BioNTech",6946685,6851525,13798210
2022-03-10,"Johnson&Johnson, Moderna, Novavax, Pfizer/BioNTech",6947095,6852195,13799290
2022-03-11,"Johnson&Johnson, Moderna, Novavax, Pfizer/BioNTech",6947835,6853103,13800938
2022-03-12,"Johnson&Johnson, Moderna, Novavax, Pfizer/BioNTech",6947903,6853208,13801111
2022-03-13,"Johnson&Johnson, Moderna, Novavax, Pfizer/BioNTech",6947916,6853226,13801142
2022-03-14,"Johnson&Johnson, Moderna, Novavax, Pfizer/BioNTech",6948180,6853605,13801785
2022-03-15,"Johnson&Johnson, Moderna, Novavax, Pfizer/BioNTech",6948460,6854041,13802501
2022-03-16,"Johnson&Johnson, Moderna, Novavax, Pfizer/BioNTech",6948774,6854583,13803357
2022-03-17,"Johnson&Johnson, Moderna, Novavax, Oxford/AstraZeneca, Pfizer/BioNTech",6949067,6855014,13804081
2022-03-18,"Johnson&Johnson, Moderna, Novavax, Pfizer/BioNTech",6949755,6855806,13805561
2022-03-19,"Moderna, Novavax, Pfizer/BioNTech",6949810,6855851,13805661
2022-03-20,"Moderna, Novavax, Pfizer/BioNTech",6949827,6855863,13805690
2022-03-21,"Johnson&Johnson, Moderna, Novavax, Pfizer/BioNTech",6950012,6856190,13806202
2022-03-22,"Johnson&Johnson, Moderna, Novavax, Pfizer/BioNTech",6950250,6856586,13806836
2022-03-23,"Johnson&Johnson, Moderna, Novavax, Pfizer/BioNTech",6950583,6857021,13807604
2022-03-24,"Johnson&Johnson, Moderna, Novavax, Pfizer/BioNTech",6950889,6857493,13808382
2022-03-25,"Johnson&Johnson, Moderna, Novavax, Pfizer/BioNTech",6951366,6858294,13809660
2022-03-26,"Johnson&Johnson, Moderna, Novavax, Pfizer/BioNTech",6951418,6858371,13809789
2022-03-27,"Moderna, Novavax, Pfizer/BioNTech",6951434,6858387,13809821
2022-03-28,"Johnson&Johnson, Moderna, Novavax, Pfizer/BioNTech",6951588,6858765,13810353
2022-03-29,"Johnson&Johnson, Moderna, Novavax, Pfizer/BioNTech",6951848,6859170,13811018
2022-03-30,"Johnson&Johnson, Moderna, Novavax, Pfizer/BioNTech",6952151,6859661,13811812
2022-03-31,"Johnson&Johnson, Moderna, Novavax, Pfizer/BioNTech",6952441,6860152,13812593
2022-04-01,"Johnson&Johnson, Moderna, Novavax, Pfizer/BioNTech",6952999,6860905,13813904
2022-04-02,"Moderna, Novavax, Pfizer/BioNTech",6953052,6860989,13814041
2022-04-03,"Moderna, Novavax, Pfizer/BioNTech",6953064,6861018,13814082
2022-04-04,"Johnson&Johnson, Moderna, Novavax, Pfizer/BioNTech",6953231,6861295,13814526
2022-04-05,"Johnson&Johnson, Moderna, Novavax, Pfizer/BioNTech",6953421,6861529,13814950
2022-04-06,"Johnson&Johnson, Moderna, Novavax, Pfizer/BioNTech",6953644,6861874,13815518
2022-04-07,"Johnson&Johnson, Moderna, Novavax, Pfizer/BioNTech",6953866,6862248,13816114
2022-04-08,"Johnson&Johnson, Moderna, Novavax, Pfizer/BioNTech",6954317,6862966,13817283
2022-04-09,"Johnson&Johnson, Moderna, Novavax, Pfizer/BioNTech",6954375,6863038,13817413
2022-04-10,"Moderna, Novavax, Pfizer/BioNTech",6954387,6863047,13817434
2022-04-11,"Johnson&Johnson, Moderna, Novavax, Pfizer/BioNTech",6954543,6863275,13817818
2022-04-12,"Johnson&Johnson, Moderna, Novavax, Pfizer/BioNTech",6954780,6863566,13818346
2022-04-13,"Johnson&Johnson, Moderna, Novavax, Pfizer/BioNTech",6955012,6863908,13818920
2022-04-14,"Johnson&Johnson, Moderna, Novavax, Pfizer/BioNTech",6955271,6864282,13819553
2022-04-15,"Moderna, Novavax, Pfizer/BioNTech",6955288,6864297,13819585
2022-04-16,"Moderna, Novavax, Pfizer/BioNTech",6955306,6864329,13819635
2022-04-17,"Moderna, Novavax, Pfizer/BioNTech",6955307,6864330,13819637
2022-04-18,"Novavax, Pfizer/BioNTech",6955309,6864340,13819649
2022-04-19,"Johnson&Johnson, Moderna, Novavax, Pfizer/BioNTech",6955429,6864665,13820094
