date,vaccine,people_vaccinated,people_fully_vaccinated,total_vaccinations
2020-12-27,Pfizer/BioNTech,1250,0,1250
2020-12-28,Pfizer/BioNTech,3544,0,3544
2020-12-29,Pfizer/BioNTech,6987,0,6987
2020-12-30,Pfizer/BioNTech,10454,0,10454
2020-12-31,Pfizer/BioNTech,11759,0,11759
2021-01-01,Pfizer/BioNTech,12019,0,12019
2021-01-02,Pfizer/BioNTech,13268,0,13268
2021-01-03,Pfizer/BioNTech,14181,0,14181
2021-01-04,Pfizer/BioNTech,17747,0,17747
2021-01-05,Pfizer/BioNTech,22239,0,22239
2021-01-06,Pfizer/BioNTech,28051,0,28051
2021-01-07,Pfizer/BioNTech,36002,0,36002
2021-01-08,Pfizer/BioNTech,45925,0,45925
2021-01-09,Pfizer/BioNTech,47933,0,47933
2021-01-10,Pfizer/BioNTech,49654,0,49654
2021-01-11,Pfizer/BioNTech,59431,0,59431
2021-01-12,Pfizer/BioNTech,72780,0,72780
2021-01-13,Pfizer/BioNTech,86246,0,86246
2021-01-14,"Moderna, Pfizer/BioNTech",101407,0,101407
2021-01-15,"Moderna, Pfizer/BioNTech",115324,0,115324
2021-01-16,"Moderna, Pfizer/BioNTech",118695,2,118697
2021-01-17,"Moderna, Pfizer/BioNTech",121288,633,121921
2021-01-18,"Moderna, Pfizer/BioNTech",133740,2358,136098
2021-01-19,"Moderna, Pfizer/BioNTech",146174,5055,151229
2021-01-20,"Moderna, Pfizer/BioNTech",159711,7671,167382
2021-01-21,"Moderna, Pfizer/BioNTech",175244,9389,184633
2021-01-22,"Moderna, Pfizer/BioNTech",189970,10422,200392
2021-01-23,"Moderna, Pfizer/BioNTech",193234,11287,204521
2021-01-24,"Moderna, Pfizer/BioNTech",195473,12148,207621
2021-01-25,"Moderna, Pfizer/BioNTech",205072,15086,220158
2021-01-26,"Moderna, Pfizer/BioNTech",215555,19035,234590
2021-01-27,"Moderna, Pfizer/BioNTech",224528,23516,248044
2021-01-28,"Moderna, Pfizer/BioNTech",231557,29593,261150
2021-01-29,"Moderna, Pfizer/BioNTech",237731,37376,275107
2021-01-30,"Moderna, Pfizer/BioNTech",238448,38455,276903
2021-01-31,Pfizer/BioNTech,239149,39593,278742
2021-02-01,"Moderna, Pfizer/BioNTech",243083,47454,290537
2021-02-02,"Moderna, Pfizer/BioNTech",247197,57605,304802
2021-02-03,"Moderna, Pfizer/BioNTech",251578,68543,320121
2021-02-04,"Moderna, Pfizer/BioNTech",256443,81439,337882
2021-02-05,"Moderna, Pfizer/BioNTech",261871,92029,353900
2021-02-06,"Moderna, Pfizer/BioNTech",262704,94357,357061
2021-02-07,"Moderna, Pfizer/BioNTech",263547,96826,360373
2021-02-08,"Moderna, Pfizer/BioNTech",267553,108144,375697
2021-02-09,"Moderna, Pfizer/BioNTech",272585,119978,392563
2021-02-10,"Moderna, Pfizer/BioNTech",278101,133053,411154
2021-02-11,"Moderna, Oxford/AstraZeneca, Pfizer/BioNTech",284374,149098,433472
2021-02-12,"Moderna, Oxford/AstraZeneca, Pfizer/BioNTech",291067,163691,454758
2021-02-13,"Moderna, Oxford/AstraZeneca, Pfizer/BioNTech",292635,166643,459278
2021-02-14,"Moderna, Oxford/AstraZeneca, Pfizer/BioNTech",293623,168008,461631
2021-02-15,"Moderna, Oxford/AstraZeneca, Pfizer/BioNTech",299990,177297,477287
2021-02-16,"Moderna, Oxford/AstraZeneca, Pfizer/BioNTech",308614,186211,494825
2021-02-17,"Moderna, Oxford/AstraZeneca, Pfizer/BioNTech",318250,194376,512626
2021-02-18,"Moderna, Oxford/AstraZeneca, Pfizer/BioNTech",330480,202339,532819
2021-02-19,"Moderna, Oxford/AstraZeneca, Pfizer/BioNTech",342195,209549,551744
2021-02-20,"Moderna, Oxford/AstraZeneca, Pfizer/BioNTech",344107,210711,554818
2021-02-21,"Moderna, Oxford/AstraZeneca, Pfizer/BioNTech",345125,211713,556838
2021-02-22,"Moderna, Oxford/AstraZeneca, Pfizer/BioNTech",355176,217685,572861
2021-02-23,"Moderna, Oxford/AstraZeneca, Pfizer/BioNTech",367967,224569,592536
2021-02-24,"Moderna, Oxford/AstraZeneca, Pfizer/BioNTech",381722,230544,612266
2021-02-25,"Moderna, Oxford/AstraZeneca, Pfizer/BioNTech",399565,236041,635606
2021-02-26,"Moderna, Oxford/AstraZeneca, Pfizer/BioNTech",415551,241292,656843
2021-02-27,"Moderna, Oxford/AstraZeneca, Pfizer/BioNTech",418477,241840,660317
2021-02-28,"Moderna, Oxford/AstraZeneca, Pfizer/BioNTech",420804,242379,663183
2021-03-01,"Moderna, Oxford/AstraZeneca, Pfizer/BioNTech",440067,245802,685869
2021-03-02,"Moderna, Oxford/AstraZeneca, Pfizer/BioNTech",466779,249307,716086
2021-03-03,"Moderna, Oxford/AstraZeneca, Pfizer/BioNTech",497088,253768,750856
2021-03-04,"Moderna, Oxford/AstraZeneca, Pfizer/BioNTech",529698,258378,788076
2021-03-05,"Moderna, Oxford/AstraZeneca, Pfizer/BioNTech",558116,263701,821817
2021-03-06,"Moderna, Oxford/AstraZeneca, Pfizer/BioNTech",570061,264518,834579
2021-03-07,"Moderna, Oxford/AstraZeneca, Pfizer/BioNTech",581404,265341,846745
2021-03-08,"Moderna, Oxford/AstraZeneca, Pfizer/BioNTech",610833,270123,880956
2021-03-09,"Moderna, Oxford/AstraZeneca, Pfizer/BioNTech",646639,276433,923072
2021-03-10,"Moderna, Oxford/AstraZeneca, Pfizer/BioNTech",687438,283319,970757
2021-03-11,"Moderna, Oxford/AstraZeneca, Pfizer/BioNTech",731750,291605,1023355
2021-03-12,"Moderna, Oxford/AstraZeneca, Pfizer/BioNTech",770028,299937,1069965
2021-03-13,"Moderna, Oxford/AstraZeneca, Pfizer/BioNTech",786951,301203,1088154
2021-03-14,"Moderna, Oxford/AstraZeneca, Pfizer/BioNTech",798967,302323,1101290
2021-03-15,"Moderna, Oxford/AstraZeneca, Pfizer/BioNTech",826943,311011,1137954
2021-03-16,"Moderna, Oxford/AstraZeneca, Pfizer/BioNTech",865348,321420,1186768
2021-03-17,"Moderna, Oxford/AstraZeneca, Pfizer/BioNTech",902413,331840,1234253
2021-03-18,"Moderna, Oxford/AstraZeneca, Pfizer/BioNTech",939857,344158,1284015
2021-03-19,"Moderna, Oxford/AstraZeneca, Pfizer/BioNTech",973774,357640,1331414
2021-03-20,"Moderna, Oxford/AstraZeneca, Pfizer/BioNTech",988631,359635,1348266
2021-03-21,"Moderna, Oxford/AstraZeneca, Pfizer/BioNTech",995947,361154,1357101
2021-03-22,"Moderna, Oxford/AstraZeneca, Pfizer/BioNTech",1019801,373481,1393282
2021-03-23,"Moderna, Oxford/AstraZeneca, Pfizer/BioNTech",1045732,386685,1432417
2021-03-24,"Moderna, Oxford/AstraZeneca, Pfizer/BioNTech",1072162,402227,1474389
2021-03-25,"Moderna, Oxford/AstraZeneca, Pfizer/BioNTech",1098084,419979,1518063
2021-03-26,"Moderna, Oxford/AstraZeneca, Pfizer/BioNTech",1122386,437302,1559688
2021-03-27,"Moderna, Oxford/AstraZeneca, Pfizer/BioNTech",1130602,442045,1572647
2021-03-28,"Moderna, Oxford/AstraZeneca, Pfizer/BioNTech",1136043,446125,1582168
2021-03-29,"Moderna, Oxford/AstraZeneca, Pfizer/BioNTech",1154820,466591,1621411
2021-03-30,"Moderna, Oxford/AstraZeneca, Pfizer/BioNTech",1179129,488557,1667686
2021-03-31,"Moderna, Oxford/AstraZeneca, Pfizer/BioNTech",1201721,515254,1716975
2021-04-01,"Moderna, Oxford/AstraZeneca, Pfizer/BioNTech",1226638,546932,1773570
2021-04-02,"Moderna, Oxford/AstraZeneca, Pfizer/BioNTech",1233304,559600,1792904
2021-04-03,"Moderna, Oxford/AstraZeneca, Pfizer/BioNTech",1236738,570443,1807181
2021-04-04,"Moderna, Oxford/AstraZeneca, Pfizer/BioNTech",1239183,579141,1818324
2021-04-05,"Moderna, Oxford/AstraZeneca, Pfizer/BioNTech",1241455,586256,1827711
2021-04-06,"Moderna, Oxford/AstraZeneca, Pfizer/BioNTech",1257210,615204,1872414
2021-04-07,"Moderna, Oxford/AstraZeneca, Pfizer/BioNTech",1280083,637011,1917094
2021-04-08,"Moderna, Oxford/AstraZeneca, Pfizer/BioNTech",1317243,667587,1984830
2021-04-09,"Moderna, Oxford/AstraZeneca, Pfizer/BioNTech",1354834,697182,2052016
2021-04-10,"Moderna, Oxford/AstraZeneca, Pfizer/BioNTech",1369726,712281,2082007
2021-04-11,"Moderna, Oxford/AstraZeneca, Pfizer/BioNTech",1379208,722236,2101444
2021-04-12,"Moderna, Oxford/AstraZeneca, Pfizer/BioNTech",1416206,746727,2162933
2021-04-13,"Moderna, Oxford/AstraZeneca, Pfizer/BioNTech",1451051,772291,2223342
2021-04-14,"Moderna, Oxford/AstraZeneca, Pfizer/BioNTech",1488548,799143,2287691
2021-04-15,"Moderna, Oxford/AstraZeneca, Pfizer/BioNTech",1534576,823766,2358342
2021-04-16,"Moderna, Oxford/AstraZeneca, Pfizer/BioNTech",1575629,847356,2422985
