date,vaccine,people_vaccinated,people_fully_vaccinated,total_vaccinations
2020-12-27,Pfizer/BioNTech,1267,0,1267
2020-12-28,Pfizer/BioNTech,3566,0,3566
2020-12-29,Pfizer/BioNTech,7022,0,7022
2020-12-30,Pfizer/BioNTech,10516,0,10516
2020-12-31,Pfizer/BioNTech,11821,0,11821
2021-01-01,"Moderna, Pfizer/BioNTech",12084,0,12084
2021-01-02,Pfizer/BioNTech,13356,0,13356
2021-01-03,Pfizer/BioNTech,14274,0,14274
2021-01-04,"Moderna, Pfizer/BioNTech",17868,0,17868
2021-01-05,"Moderna, Pfizer/BioNTech",22369,0,22369
2021-01-06,Pfizer/BioNTech,28204,0,28204
2021-01-07,Pfizer/BioNTech,36163,0,36163
2021-01-08,Pfizer/BioNTech,46132,0,46132
2021-01-09,Pfizer/BioNTech,48150,0,48150
2021-01-10,Pfizer/BioNTech,49908,1,49909
2021-01-11,Pfizer/BioNTech,59724,1,59725
2021-01-12,Pfizer/BioNTech,73123,2,73125
2021-01-13,Pfizer/BioNTech,86616,2,86618
2021-01-14,"Moderna, Pfizer/BioNTech",101806,2,101808
2021-01-15,"Moderna, Pfizer/BioNTech",115763,2,115765
2021-01-16,"Moderna, Pfizer/BioNTech",119139,4,119143
2021-01-17,"Moderna, Pfizer/BioNTech",121740,642,122382
2021-01-18,"Moderna, Pfizer/BioNTech",134206,2461,136667
2021-01-19,"Moderna, Pfizer/BioNTech",146756,5173,151929
2021-01-20,"Moderna, Pfizer/BioNTech",160383,7815,168198
2021-01-21,"Moderna, Pfizer/BioNTech",175979,9545,185524
2021-01-22,"Moderna, Pfizer/BioNTech",190789,10587,201376
2021-01-23,"Moderna, Pfizer/BioNTech",194082,11458,205540
2021-01-24,"Moderna, Pfizer/BioNTech",196326,12325,208651
2021-01-25,"Moderna, Pfizer/BioNTech",205940,15293,221233
2021-01-26,"Moderna, Pfizer/BioNTech",216449,19262,235711
2021-01-27,"Moderna, Pfizer/BioNTech",225452,23771,249223
2021-01-28,"Moderna, Pfizer/BioNTech",232511,29874,262385
2021-01-29,"Moderna, Pfizer/BioNTech",238704,37734,276438
2021-01-30,"Moderna, Pfizer/BioNTech",239432,38819,278251
2021-01-31,"Moderna, Pfizer/BioNTech",240136,39995,280131
2021-02-01,"Moderna, Pfizer/BioNTech",244093,47900,291993
2021-02-02,"Moderna, Pfizer/BioNTech",248216,58106,306322
2021-02-03,"Moderna, Pfizer/BioNTech",252613,69078,321691
2021-02-04,"Moderna, Pfizer/BioNTech",257499,82028,339527
2021-02-05,"Moderna, Pfizer/BioNTech",262941,92666,355607
2021-02-06,"Moderna, Pfizer/BioNTech",263780,95008,358788
2021-02-07,"Moderna, Pfizer/BioNTech",264628,97486,362114
2021-02-08,"Moderna, Oxford/AstraZeneca, Pfizer/BioNTech",268672,108858,377530
2021-02-09,"Moderna, Oxford/AstraZeneca, Pfizer/BioNTech",273744,120763,394507
2021-02-10,"Moderna, Pfizer/BioNTech",279222,133953,413175
2021-02-11,"Moderna, Oxford/AstraZeneca, Pfizer/BioNTech",285514,150109,435623
2021-02-12,"Moderna, Oxford/AstraZeneca, Pfizer/BioNTech",292239,164776,457015
2021-02-13,"Moderna, Oxford/AstraZeneca, Pfizer/BioNTech",293824,167752,461576
2021-02-14,"Moderna, Oxford/AstraZeneca, Pfizer/BioNTech",294815,169126,463941
2021-02-15,"Moderna, Oxford/AstraZeneca, Pfizer/BioNTech",301199,178451,479650
2021-02-16,"Moderna, Oxford/AstraZeneca, Pfizer/BioNTech",309896,187490,497386
2021-02-17,"Moderna, Oxford/AstraZeneca, Pfizer/BioNTech",319572,195755,515327
2021-02-18,"Moderna, Oxford/AstraZeneca, Pfizer/BioNTech",331857,203772,535629
2021-02-19,"Moderna, Oxford/AstraZeneca, Pfizer/BioNTech",343689,211070,554759
2021-02-20,"Moderna, Oxford/AstraZeneca, Pfizer/BioNTech",345659,212239,557898
2021-02-21,"Moderna, Oxford/AstraZeneca, Pfizer/BioNTech",346765,213250,560015
2021-02-22,"Moderna, Oxford/AstraZeneca, Pfizer/BioNTech",356863,219247,576110
2021-02-23,"Moderna, Oxford/AstraZeneca, Pfizer/BioNTech",369756,226189,595945
2021-02-24,"Moderna, Oxford/AstraZeneca, Pfizer/BioNTech",383592,232191,615783
2021-02-25,"Moderna, Oxford/AstraZeneca, Pfizer/BioNTech",401535,237717,639252
2021-02-26,"Moderna, Oxford/AstraZeneca, Pfizer/BioNTech",417667,243036,660703
2021-02-27,"Moderna, Oxford/AstraZeneca, Pfizer/BioNTech",420667,243585,664252
2021-02-28,"Moderna, Oxford/AstraZeneca, Pfizer/BioNTech",423009,244129,667138
2021-03-01,"Moderna, Oxford/AstraZeneca, Pfizer/BioNTech",442508,247540,690048
2021-03-02,"Moderna, Oxford/AstraZeneca, Pfizer/BioNTech",469673,251067,720740
2021-03-03,"Moderna, Oxford/AstraZeneca, Pfizer/BioNTech",500440,255547,755987
2021-03-04,"Moderna, Oxford/AstraZeneca, Pfizer/BioNTech",533582,260205,793787
2021-03-05,"Johnson&Johnson, Moderna, Oxford/AstraZeneca, Pfizer/BioNTech",562305,265586,827891
2021-03-06,"Johnson&Johnson, Moderna, Oxford/AstraZeneca, Pfizer/BioNTech",574403,266427,840830
2021-03-07,"Johnson&Johnson, Moderna, Oxford/AstraZeneca, Pfizer/BioNTech",585796,267259,853055
2021-03-08,"Johnson&Johnson, Moderna, Oxford/AstraZeneca, Pfizer/BioNTech",615400,272075,887475
2021-03-09,"Moderna, Oxford/AstraZeneca, Pfizer/BioNTech",651575,278426,930001
2021-03-10,"Moderna, Oxford/AstraZeneca, Pfizer/BioNTech",692713,285353,978066
2021-03-11,"Moderna, Oxford/AstraZeneca, Pfizer/BioNTech",737380,293691,1031071
2021-03-12,"Moderna, Oxford/AstraZeneca, Pfizer/BioNTech",776008,302130,1078138
2021-03-13,"Moderna, Oxford/AstraZeneca, Pfizer/BioNTech",793039,303415,1096454
2021-03-14,"Moderna, Oxford/AstraZeneca, Pfizer/BioNTech",805109,304546,1109655
2021-03-15,"Moderna, Oxford/AstraZeneca, Pfizer/BioNTech",833391,313305,1146696
2021-03-16,"Johnson&Johnson, Moderna, Oxford/AstraZeneca, Pfizer/BioNTech",872189,323803,1195992
2021-03-17,"Moderna, Oxford/AstraZeneca, Pfizer/BioNTech",909584,334271,1243855
2021-03-18,"Johnson&Johnson, Moderna, Oxford/AstraZeneca, Pfizer/BioNTech",947425,346651,1294076
2021-03-19,"Moderna, Oxford/AstraZeneca, Pfizer/BioNTech",981752,360227,1341979
2021-03-20,"Moderna, Oxford/AstraZeneca, Pfizer/BioNTech",996836,362238,1359074
2021-03-21,"Johnson&Johnson, Moderna, Oxford/AstraZeneca, Pfizer/BioNTech",1004219,363778,1367997
2021-03-22,"Johnson&Johnson, Moderna, Oxford/AstraZeneca, Pfizer/BioNTech",1028606,376222,1404828
2021-03-23,"Johnson&Johnson, Moderna, Oxford/AstraZeneca, Pfizer/BioNTech",1055114,389526,1444640
2021-03-24,"Moderna, Oxford/AstraZeneca, Pfizer/BioNTech",1081897,405194,1487091
2021-03-25,"Moderna, Oxford/AstraZeneca, Pfizer/BioNTech",1108152,423004,1531156
2021-03-26,"Moderna, Oxford/AstraZeneca, Pfizer/BioNTech",1132877,440454,1573331
2021-03-27,"Johnson&Johnson, Moderna, Oxford/AstraZeneca, Pfizer/BioNTech",1141280,445281,1586561
2021-03-28,"Moderna, Oxford/AstraZeneca, Pfizer/BioNTech",1146810,449407,1596217
2021-03-29,"Johnson&Johnson, Moderna, Oxford/AstraZeneca, Pfizer/BioNTech",1165823,470045,1635868
2021-03-30,"Moderna, Oxford/AstraZeneca, Pfizer/BioNTech",1190424,492151,1682575
2021-03-31,"Johnson&Johnson, Moderna, Oxford/AstraZeneca, Pfizer/BioNTech",1213423,519149,1732572
2021-04-01,"Johnson&Johnson, Moderna, Oxford/AstraZeneca, Pfizer/BioNTech",1238942,551067,1790009
2021-04-02,"Johnson&Johnson, Moderna, Oxford/AstraZeneca, Pfizer/BioNTech",1245792,563823,1809615
2021-04-03,"Johnson&Johnson, Moderna, Oxford/AstraZeneca, Pfizer/BioNTech",1249364,574718,1824082
2021-04-04,"Moderna, Oxford/AstraZeneca, Pfizer/BioNTech",1251832,583504,1835336
2021-04-05,"Johnson&Johnson, Moderna, Oxford/AstraZeneca, Pfizer/BioNTech",1254175,590661,1844836
2021-04-06,"Johnson&Johnson, Moderna, Oxford/AstraZeneca, Pfizer/BioNTech",1270220,619836,1890056
2021-04-07,"Johnson&Johnson, Moderna, Oxford/AstraZeneca, Pfizer/BioNTech",1293533,641942,1935475
2021-04-08,"Johnson&Johnson, Moderna, Oxford/AstraZeneca, Pfizer/BioNTech",1331985,672784,2004769
2021-04-09,"Johnson&Johnson, Moderna, Oxford/AstraZeneca, Pfizer/BioNTech",1371203,702776,2073979
2021-04-10,"Johnson&Johnson, Moderna, Oxford/AstraZeneca, Pfizer/BioNTech",1386557,718037,2104594
2021-04-11,"Johnson&Johnson, Moderna, Oxford/AstraZeneca, Pfizer/BioNTech",1396272,728042,2124314
2021-04-12,"Johnson&Johnson, Moderna, Oxford/AstraZeneca, Pfizer/BioNTech",1434309,752995,2187304
2021-04-13,"Moderna, Oxford/AstraZeneca, Pfizer/BioNTech",1470376,778896,2249272
2021-04-14,"Moderna, Oxford/AstraZeneca, Pfizer/BioNTech",1509062,806191,2315253
2021-04-15,"Moderna, Oxford/AstraZeneca, Pfizer/BioNTech",1556727,831857,2388584
2021-04-16,"Moderna, Oxford/AstraZeneca, Pfizer/BioNTech",1601218,857425,2458643
2021-04-17,"Moderna, Oxford/AstraZeneca, Pfizer/BioNTech",1617804,866422,2484226
2021-04-18,"Moderna, Oxford/AstraZeneca, Pfizer/BioNTech",1630727,871383,2502110
2021-04-19,"Moderna, Oxford/AstraZeneca, Pfizer/BioNTech",1674590,886753,2561343
2021-04-20,"Moderna, Oxford/AstraZeneca, Pfizer/BioNTech",1716672,902550,2619222
2021-04-21,"Moderna, Oxford/AstraZeneca, Pfizer/BioNTech",1764331,916793,2681124
2021-04-22,"Johnson&Johnson, Moderna, Oxford/AstraZeneca, Pfizer/BioNTech",1818749,934114,2752863
2021-04-23,"Johnson&Johnson, Moderna, Oxford/AstraZeneca, Pfizer/BioNTech",1868649,946082,2814731
2021-04-24,"Johnson&Johnson, Moderna, Oxford/AstraZeneca, Pfizer/BioNTech",1886431,951292,2837723
2021-04-25,"Johnson&Johnson, Moderna, Oxford/AstraZeneca, Pfizer/BioNTech",1901083,955279,2856362
2021-04-26,"Johnson&Johnson, Moderna, Oxford/AstraZeneca, Pfizer/BioNTech",1950618,962793,2913411
2021-04-27,"Johnson&Johnson, Moderna, Oxford/AstraZeneca, Pfizer/BioNTech",1999534,974945,2974479
2021-04-28,"Johnson&Johnson, Moderna, Oxford/AstraZeneca, Pfizer/BioNTech",2058234,988879,3047113
2021-04-29,"Johnson&Johnson, Moderna, Oxford/AstraZeneca, Pfizer/BioNTech",2123722,1004656,3128378
2021-04-30,"Johnson&Johnson, Moderna, Oxford/AstraZeneca, Pfizer/BioNTech",2185870,1014541,3200411
2021-05-01,"Johnson&Johnson, Moderna, Oxford/AstraZeneca, Pfizer/BioNTech",2205145,1017937,3223082
2021-05-02,"Johnson&Johnson, Moderna, Oxford/AstraZeneca, Pfizer/BioNTech",2224021,1020175,3244196
2021-05-03,"Johnson&Johnson, Moderna, Oxford/AstraZeneca, Pfizer/BioNTech",2291216,1025199,3316415
2021-05-04,"Johnson&Johnson, Moderna, Oxford/AstraZeneca, Pfizer/BioNTech",2357618,1033457,3391075
2021-05-05,"Johnson&Johnson, Moderna, Oxford/AstraZeneca, Pfizer/BioNTech",2430703,1042786,3473489
2021-05-06,"Johnson&Johnson, Moderna, Oxford/AstraZeneca, Pfizer/BioNTech",2511025,1053382,3564407
2021-05-07,"Johnson&Johnson, Moderna, Oxford/AstraZeneca, Pfizer/BioNTech",2588236,1063357,3651593
2021-05-08,"Johnson&Johnson, Moderna, Oxford/AstraZeneca, Pfizer/BioNTech",2617621,1065068,3682689
2021-05-09,"Johnson&Johnson, Moderna, Oxford/AstraZeneca, Pfizer/BioNTech",2641774,1066248,3708022
2021-05-10,"Johnson&Johnson, Moderna, Oxford/AstraZeneca, Pfizer/BioNTech",2714451,1073366,3787817
2021-05-11,"Johnson&Johnson, Moderna, Oxford/AstraZeneca, Pfizer/BioNTech",2790490,1082107,3872597
2021-05-12,"Johnson&Johnson, Moderna, Oxford/AstraZeneca, Pfizer/BioNTech",2870268,1091105,3961373
2021-05-13,"Johnson&Johnson, Moderna, Oxford/AstraZeneca, Pfizer/BioNTech",2954219,1100189,4054408
2021-05-14,"Johnson&Johnson, Moderna, Oxford/AstraZeneca, Pfizer/BioNTech",3033563,1107897,4141460
2021-05-15,"Johnson&Johnson, Moderna, Oxford/AstraZeneca, Pfizer/BioNTech",3065378,1110063,4175441
2021-05-16,"Johnson&Johnson, Moderna, Oxford/AstraZeneca, Pfizer/BioNTech",3091114,1111249,4202363
2021-05-17,"Johnson&Johnson, Moderna, Oxford/AstraZeneca, Pfizer/BioNTech",3163557,1117903,4281460
2021-05-18,"Johnson&Johnson, Moderna, Oxford/AstraZeneca, Pfizer/BioNTech",3235437,1130849,4366286
2021-05-19,"Johnson&Johnson, Moderna, Oxford/AstraZeneca, Pfizer/BioNTech",3312820,1145890,4458710
2021-05-20,"Johnson&Johnson, Moderna, Oxford/AstraZeneca, Pfizer/BioNTech",3388156,1172770,4560926
2021-05-21,"Johnson&Johnson, Moderna, Oxford/AstraZeneca, Pfizer/BioNTech",3456868,1200380,4657248
2021-05-22,"Johnson&Johnson, Moderna, Oxford/AstraZeneca, Pfizer/BioNTech",3489155,1211441,4700596
2021-05-23,"Johnson&Johnson, Moderna, Oxford/AstraZeneca, Pfizer/BioNTech",3511439,1220401,4731840
2021-05-24,"Johnson&Johnson, Moderna, Oxford/AstraZeneca, Pfizer/BioNTech",3558479,1253874,4812353
2021-05-25,"Johnson&Johnson, Moderna, Oxford/AstraZeneca, Pfizer/BioNTech",3610259,1289507,4899766
2021-05-26,"Johnson&Johnson, Moderna, Oxford/AstraZeneca, Pfizer/BioNTech",3677927,1326895,5004822
2021-05-27,"Johnson&Johnson, Moderna, Oxford/AstraZeneca, Pfizer/BioNTech",3739233,1374110,5113343
2021-05-28,"Johnson&Johnson, Moderna, Oxford/AstraZeneca, Pfizer/BioNTech",3800868,1420498,5221366
2021-05-29,"Johnson&Johnson, Moderna, Oxford/AstraZeneca, Pfizer/BioNTech",3829991,1437528,5267519
2021-05-30,"Johnson&Johnson, Moderna, Oxford/AstraZeneca, Pfizer/BioNTech",3852310,1451901,5304211
2021-05-31,"Johnson&Johnson, Moderna, Oxford/AstraZeneca, Pfizer/BioNTech",3907980,1499253,5407233
2021-06-01,"Johnson&Johnson, Moderna, Oxford/AstraZeneca, Pfizer/BioNTech",3966942,1547552,5514494
2021-06-02,"Johnson&Johnson, Moderna, Oxford/AstraZeneca, Pfizer/BioNTech",4029754,1601416,5631170
2021-06-03,"Johnson&Johnson, Moderna, Oxford/AstraZeneca, Pfizer/BioNTech",4087923,1661496,5749419
2021-06-04,"Johnson&Johnson, Moderna, Oxford/AstraZeneca, Pfizer/BioNTech",4150962,1718768,5869730
2021-06-05,"Johnson&Johnson, Moderna, Oxford/AstraZeneca, Pfizer/BioNTech",4185072,1737512,5922584
2021-06-06,"Johnson&Johnson, Moderna, Oxford/AstraZeneca, Pfizer/BioNTech",4211955,1752569,5964524
2021-06-07,"Johnson&Johnson, Moderna, Oxford/AstraZeneca, Pfizer/BioNTech",4275580,1808086,6083666
2021-06-08,"Johnson&Johnson, Moderna, Oxford/AstraZeneca, Pfizer/BioNTech",4339498,1862949,6202447
2021-06-09,"Johnson&Johnson, Moderna, Oxford/AstraZeneca, Pfizer/BioNTech",4398581,1927216,6325797
2021-06-10,"Johnson&Johnson, Moderna, Oxford/AstraZeneca, Pfizer/BioNTech",4452254,1998155,6450409
2021-06-11,"Johnson&Johnson, Moderna, Oxford/AstraZeneca, Pfizer/BioNTech",4504293,2067710,6572003
2021-06-12,"Johnson&Johnson, Moderna, Oxford/AstraZeneca, Pfizer/BioNTech",4536236,2088414,6624650
2021-06-13,"Johnson&Johnson, Moderna, Oxford/AstraZeneca, Pfizer/BioNTech",4560223,2106745,6666968
2021-06-14,"Johnson&Johnson, Moderna, Oxford/AstraZeneca, Pfizer/BioNTech",4603124,2180968,6784092
2021-06-15,"Johnson&Johnson, Moderna, Oxford/AstraZeneca, Pfizer/BioNTech",4647701,2253142,6900843
2021-06-16,"Johnson&Johnson, Moderna, Oxford/AstraZeneca, Pfizer/BioNTech",4690373,2331180,7021553
2021-06-17,"Johnson&Johnson, Moderna, Oxford/AstraZeneca, Pfizer/BioNTech",4729702,2414081,7143783
2021-06-18,"Johnson&Johnson, Moderna, Oxford/AstraZeneca, Pfizer/BioNTech",4772007,2494389,7266396
2021-06-19,"Johnson&Johnson, Moderna, Oxford/AstraZeneca, Pfizer/BioNTech",4793709,2523577,7317286
2021-06-20,"Johnson&Johnson, Moderna, Oxford/AstraZeneca, Pfizer/BioNTech",4811054,2547310,7358364
2021-06-21,"Johnson&Johnson, Moderna, Oxford/AstraZeneca, Pfizer/BioNTech",4843534,2625702,7469236
2021-06-22,"Johnson&Johnson, Moderna, Oxford/AstraZeneca, Pfizer/BioNTech",4876446,2707786,7584232
2021-06-23,"Johnson&Johnson, Moderna, Oxford/AstraZeneca, Pfizer/BioNTech",4908054,2792848,7700902
2021-06-24,"Johnson&Johnson, Moderna, Oxford/AstraZeneca, Pfizer/BioNTech",4937826,2882739,7820565
2021-06-25,"Johnson&Johnson, Moderna, Oxford/AstraZeneca, Pfizer/BioNTech",4968802,2968685,7937487
2021-06-26,"Johnson&Johnson, Moderna, Oxford/AstraZeneca, Pfizer/BioNTech",4984618,3003373,7987991
2021-06-27,"Johnson&Johnson, Moderna, Oxford/AstraZeneca, Pfizer/BioNTech",4998530,3029930,8028460
2021-06-28,"Johnson&Johnson, Moderna, Oxford/AstraZeneca, Pfizer/BioNTech",5026886,3114949,8141835
2021-06-29,"Johnson&Johnson, Moderna, Oxford/AstraZeneca, Pfizer/BioNTech",5056090,3201276,8257366
2021-06-30,"Johnson&Johnson, Moderna, Oxford/AstraZeneca, Pfizer/BioNTech",5083532,3291991,8375523
2021-07-01,"Johnson&Johnson, Moderna, Oxford/AstraZeneca, Pfizer/BioNTech",5107353,3381759,8489112
2021-07-02,"Johnson&Johnson, Moderna, Oxford/AstraZeneca, Pfizer/BioNTech",5133986,3467351,8601337
2021-07-03,"Johnson&Johnson, Moderna, Oxford/AstraZeneca, Pfizer/BioNTech",5141044,3498770,8639814
2021-07-04,"Johnson&Johnson, Moderna, Oxford/AstraZeneca, Pfizer/BioNTech",5148558,3520496,8669054
2021-07-05,"Johnson&Johnson, Moderna, Oxford/AstraZeneca, Pfizer/BioNTech",5155873,3545764,8701637
2021-07-06,"Johnson&Johnson, Moderna, Oxford/AstraZeneca, Pfizer/BioNTech",5161228,3573292,8734520
2021-07-07,"Johnson&Johnson, Moderna, Oxford/AstraZeneca, Pfizer/BioNTech",5186859,3652087,8838946
2021-07-08,"Johnson&Johnson, Moderna, Oxford/AstraZeneca, Pfizer/BioNTech",5213307,3722249,8935556
2021-07-09,"Johnson&Johnson, Moderna, Oxford/AstraZeneca, Pfizer/BioNTech",5240985,3791325,9032310
2021-07-10,"Johnson&Johnson, Moderna, Oxford/AstraZeneca, Pfizer/BioNTech",5250252,3819831,9070083
2021-07-11,"Johnson&Johnson, Moderna, Oxford/AstraZeneca, Pfizer/BioNTech",5258716,3842648,9101364
2021-07-12,"Johnson&Johnson, Moderna, Oxford/AstraZeneca, Pfizer/BioNTech",5286096,3911588,9197684
2021-07-13,"Johnson&Johnson, Moderna, Oxford/AstraZeneca, Pfizer/BioNTech",5312153,3981303,9293456
2021-07-14,"Johnson&Johnson, Moderna, Oxford/AstraZeneca, Pfizer/BioNTech",5337876,4053166,9391042
2021-07-15,"Johnson&Johnson, Moderna, Oxford/AstraZeneca, Pfizer/BioNTech",5366928,4119017,9485945
2021-07-16,"Johnson&Johnson, Moderna, Oxford/AstraZeneca, Pfizer/BioNTech",5394561,4191544,9586105
2021-07-17,"Johnson&Johnson, Moderna, Oxford/AstraZeneca, Pfizer/BioNTech",5403272,4222894,9626166
2021-07-18,"Johnson&Johnson, Moderna, Oxford/AstraZeneca, Pfizer/BioNTech",5411664,4248823,9660487
2021-07-19,"Johnson&Johnson, Moderna, Oxford/AstraZeneca, Pfizer/BioNTech",5434909,4315701,9750610
2021-07-20,"Johnson&Johnson, Moderna, Oxford/AstraZeneca, Pfizer/BioNTech",5456169,4382602,9838771
2021-07-21,"Johnson&Johnson, Moderna, Oxford/AstraZeneca, Pfizer/BioNTech",5479418,4445883,9925301
2021-07-22,"Johnson&Johnson, Moderna, Oxford/AstraZeneca, Pfizer/BioNTech",5501564,4504196,10005760
2021-07-23,"Johnson&Johnson, Moderna, Oxford/AstraZeneca, Pfizer/BioNTech",5524553,4558699,10083252
2021-07-24,"Johnson&Johnson, Moderna, Oxford/AstraZeneca, Pfizer/BioNTech",5531813,4586238,10118051
2021-07-25,"Johnson&Johnson, Moderna, Oxford/AstraZeneca, Pfizer/BioNTech",5538360,4608182,10146542
2021-07-26,"Johnson&Johnson, Moderna, Oxford/AstraZeneca, Pfizer/BioNTech",5561733,4656582,10218315
2021-07-27,"Johnson&Johnson, Moderna, Oxford/AstraZeneca, Pfizer/BioNTech",5584244,4703009,10287253
2021-07-28,"Johnson&Johnson, Moderna, Oxford/AstraZeneca, Pfizer/BioNTech",5605213,4748776,10353989
2021-07-29,"Johnson&Johnson, Moderna, Oxford/AstraZeneca, Pfizer/BioNTech",5626354,4790516,10416870
2021-07-30,"Johnson&Johnson, Moderna, Oxford/AstraZeneca, Pfizer/BioNTech",5649291,4832677,10481968
2021-07-31,"Johnson&Johnson, Moderna, Oxford/AstraZeneca, Pfizer/BioNTech",5658115,4852112,10510227
2021-08-01,"Johnson&Johnson, Moderna, Oxford/AstraZeneca, Pfizer/BioNTech",5664725,4868205,10532930
2021-08-02,"Johnson&Johnson, Moderna, Oxford/AstraZeneca, Pfizer/BioNTech",5683006,4905460,10588466
2021-08-03,"Johnson&Johnson, Moderna, Oxford/AstraZeneca, Pfizer/BioNTech",5700374,4943371,10643745
2021-08-04,"Johnson&Johnson, Moderna, Oxford/AstraZeneca, Pfizer/BioNTech",5716356,4979900,10696256
2021-08-05,"Johnson&Johnson, Moderna, Oxford/AstraZeneca, Pfizer/BioNTech",5732120,5019947,10752067
2021-08-06,"Johnson&Johnson, Moderna, Oxford/AstraZeneca, Pfizer/BioNTech",5748686,5062749,10811435
2021-08-07,"Johnson&Johnson, Moderna, Oxford/AstraZeneca, Pfizer/BioNTech",5754149,5080758,10834907
2021-08-08,"Johnson&Johnson, Moderna, Oxford/AstraZeneca, Pfizer/BioNTech",5758254,5096312,10854566
2021-08-09,"Johnson&Johnson, Moderna, Oxford/AstraZeneca, Pfizer/BioNTech",5770763,5141156,10911919
2021-08-10,"Johnson&Johnson, Moderna, Oxford/AstraZeneca, Pfizer/BioNTech",5782432,5180527,10962959
2021-08-11,"Johnson&Johnson, Moderna, Oxford/AstraZeneca, Pfizer/BioNTech",5793670,5223440,11017110
2021-08-12,"Johnson&Johnson, Moderna, Oxford/AstraZeneca, Pfizer/BioNTech",5804887,5260259,11065146
2021-08-13,"Johnson&Johnson, Moderna, Oxford/AstraZeneca, Pfizer/BioNTech",5815307,5300107,11115414
2021-08-14,"Johnson&Johnson, Moderna, Oxford/AstraZeneca, Pfizer/BioNTech",5818571,5310696,11129267
2021-08-15,"Johnson&Johnson, Moderna, Oxford/AstraZeneca, Pfizer/BioNTech",5821110,5320994,11142104
2021-08-16,"Johnson&Johnson, Moderna, Oxford/AstraZeneca, Pfizer/BioNTech",5830716,5354774,11185490
2021-08-17,"Johnson&Johnson, Moderna, Oxford/AstraZeneca, Pfizer/BioNTech",5839291,5380746,11220037
