date,vaccine,people_vaccinated,people_fully_vaccinated,total_vaccinations
2020-12-27,Pfizer/BioNTech,1277,0,1277
2020-12-28,Pfizer/BioNTech,3584,0,3584
2020-12-29,Pfizer/BioNTech,7051,0,7051
2020-12-30,Pfizer/BioNTech,10567,0,10567
2020-12-31,Pfizer/BioNTech,11874,0,11874
2021-01-01,"Moderna, Pfizer/BioNTech",12143,0,12143
2021-01-02,Pfizer/BioNTech,13421,0,13421
2021-01-03,Pfizer/BioNTech,14343,0,14343
2021-01-04,"Moderna, Pfizer/BioNTech",17949,0,17949
2021-01-05,"Moderna, Pfizer/BioNTech",22466,0,22466
2021-01-06,"Moderna, Pfizer/BioNTech",28306,1,28307
2021-01-07,"Moderna, Pfizer/BioNTech",36299,1,36300
2021-01-08,"Moderna, Pfizer/BioNTech",46350,1,46351
2021-01-09,"Moderna, Pfizer/BioNTech",48375,2,48377
2021-01-10,Pfizer/BioNTech,50141,4,50145
2021-01-11,Pfizer/BioNTech,59994,6,60000
2021-01-12,"Moderna, Pfizer/BioNTech",73439,8,73447
2021-01-13,Pfizer/BioNTech,86976,8,86984
2021-01-14,"Moderna, Pfizer/BioNTech",102208,12,102220
2021-01-15,"Moderna, Pfizer/BioNTech",116213,13,116226
2021-01-16,"Moderna, Pfizer/BioNTech",119608,16,119624
2021-01-17,"Moderna, Pfizer/BioNTech",122224,652,122876
2021-01-18,"Moderna, Pfizer/BioNTech",134705,2479,137184
2021-01-19,"Moderna, Pfizer/BioNTech",147306,5203,152509
2021-01-20,"Moderna, Pfizer/BioNTech",160983,7862,168845
2021-01-21,"Moderna, Pfizer/BioNTech",176630,9604,186234
2021-01-22,"Moderna, Pfizer/BioNTech",191503,10649,202152
2021-01-23,"Moderna, Pfizer/BioNTech",194822,11528,206350
2021-01-24,"Moderna, Pfizer/BioNTech",197076,12397,209473
2021-01-25,"Moderna, Pfizer/BioNTech",206715,15370,222085
2021-01-26,"Moderna, Pfizer/BioNTech",217251,19359,236610
2021-01-27,"Moderna, Pfizer/BioNTech",226278,23897,250175
2021-01-28,"Moderna, Pfizer/BioNTech",233372,30025,263397
2021-01-29,"Moderna, Pfizer/BioNTech",239581,37935,277516
2021-01-30,"Moderna, Pfizer/BioNTech",240316,39023,279339
2021-01-31,"Moderna, Pfizer/BioNTech",241029,40204,281233
2021-02-01,"Moderna, Pfizer/BioNTech",245006,48161,293167
2021-02-02,"Moderna, Pfizer/BioNTech",249144,58388,307532
2021-02-03,"Moderna, Pfizer/BioNTech",253561,69394,322955
2021-02-04,"Moderna, Pfizer/BioNTech",258455,82377,340832
2021-02-05,"Moderna, Pfizer/BioNTech",263918,93046,356964
2021-02-06,"Moderna, Oxford/AstraZeneca, Pfizer/BioNTech",264765,95410,360175
2021-02-07,"Moderna, Pfizer/BioNTech",265612,97911,363523
2021-02-08,"Moderna, Oxford/AstraZeneca, Pfizer/BioNTech",269693,109344,379037
2021-02-09,"Moderna, Oxford/AstraZeneca, Pfizer/BioNTech",274785,121253,396038
2021-02-10,"Moderna, Oxford/AstraZeneca, Pfizer/BioNTech",280289,134497,414786
2021-02-11,"Moderna, Oxford/AstraZeneca, Pfizer/BioNTech",286620,150704,437324
2021-02-12,"Moderna, Oxford/AstraZeneca, Pfizer/BioNTech",293432,165432,458864
2021-02-13,"Moderna, Oxford/AstraZeneca, Pfizer/BioNTech",295041,168419,463460
2021-02-14,"Moderna, Oxford/AstraZeneca, Pfizer/BioNTech",296044,169803,465847
2021-02-15,"Moderna, Oxford/AstraZeneca, Pfizer/BioNTech",302441,179158,481599
2021-02-16,"Moderna, Oxford/AstraZeneca, Pfizer/BioNTech",311158,188232,499390
2021-02-17,"Moderna, Oxford/AstraZeneca, Pfizer/BioNTech",320851,196537,517388
2021-02-18,"Moderna, Oxford/AstraZeneca, Pfizer/BioNTech",333169,204609,537778
2021-02-19,"Moderna, Oxford/AstraZeneca, Pfizer/BioNTech",345019,211967,556986
2021-02-20,"Moderna, Oxford/AstraZeneca, Pfizer/BioNTech",347012,213148,560160
2021-02-21,"Moderna, Oxford/AstraZeneca, Pfizer/BioNTech",348141,214171,562312
2021-02-22,"Moderna, Oxford/AstraZeneca, Pfizer/BioNTech",358260,220196,578456
2021-02-23,"Moderna, Oxford/AstraZeneca, Pfizer/BioNTech",371204,227168,598372
2021-02-24,"Moderna, Oxford/AstraZeneca, Pfizer/BioNTech",385075,233201,618276
2021-02-25,"Moderna, Oxford/AstraZeneca, Pfizer/BioNTech",403039,238747,641786
2021-02-26,"Moderna, Oxford/AstraZeneca, Pfizer/BioNTech",419204,244091,663295
2021-02-27,"Moderna, Oxford/AstraZeneca, Pfizer/BioNTech",422212,244648,666860
2021-02-28,"Moderna, Oxford/AstraZeneca, Pfizer/BioNTech",424557,245195,669752
2021-03-01,"Moderna, Oxford/AstraZeneca, Pfizer/BioNTech",444135,248638,692773
2021-03-02,"Moderna, Oxford/AstraZeneca, Pfizer/BioNTech",471351,252178,723529
2021-03-03,"Moderna, Oxford/AstraZeneca, Pfizer/BioNTech",502222,256679,758901
2021-03-04,"Moderna, Oxford/AstraZeneca, Pfizer/BioNTech",535490,261360,796850
2021-03-05,"Johnson&Johnson, Moderna, Oxford/AstraZeneca, Pfizer/BioNTech",564295,266774,831069
2021-03-06,"Johnson&Johnson, Moderna, Oxford/AstraZeneca, Pfizer/BioNTech",576435,267631,844066
2021-03-07,"Johnson&Johnson, Moderna, Oxford/AstraZeneca, Pfizer/BioNTech",587968,268471,856439
2021-03-08,"Johnson&Johnson, Moderna, Oxford/AstraZeneca, Pfizer/BioNTech",617689,273321,891010
2021-03-09,"Johnson&Johnson, Moderna, Oxford/AstraZeneca, Pfizer/BioNTech",654034,279700,933734
2021-03-10,"Moderna, Oxford/AstraZeneca, Pfizer/BioNTech",695334,286648,981982
2021-03-11,"Johnson&Johnson, Moderna, Oxford/AstraZeneca, Pfizer/BioNTech",740137,295017,1035154
2021-03-12,"Johnson&Johnson, Moderna, Oxford/AstraZeneca, Pfizer/BioNTech",778885,303503,1082388
2021-03-13,"Johnson&Johnson, Moderna, Oxford/AstraZeneca, Pfizer/BioNTech",795955,304807,1100762
2021-03-14,"Johnson&Johnson, Moderna, Oxford/AstraZeneca, Pfizer/BioNTech",808062,305957,1114019
2021-03-15,"Moderna, Oxford/AstraZeneca, Pfizer/BioNTech",836432,314730,1151162
2021-03-16,"Johnson&Johnson, Moderna, Oxford/AstraZeneca, Pfizer/BioNTech",875306,325263,1200569
2021-03-17,"Moderna, Oxford/AstraZeneca, Pfizer/BioNTech",912753,335766,1248519
2021-03-18,"Johnson&Johnson, Moderna, Oxford/AstraZeneca, Pfizer/BioNTech",950719,348178,1298897
2021-03-19,"Moderna, Oxford/AstraZeneca, Pfizer/BioNTech",985186,361782,1346968
2021-03-20,"Johnson&Johnson, Moderna, Oxford/AstraZeneca, Pfizer/BioNTech",1000318,363804,1364122
2021-03-21,"Johnson&Johnson, Moderna, Oxford/AstraZeneca, Pfizer/BioNTech",1007732,365359,1373091
2021-03-22,"Johnson&Johnson, Moderna, Oxford/AstraZeneca, Pfizer/BioNTech",1032269,377856,1410125
2021-03-23,"Johnson&Johnson, Moderna, Oxford/AstraZeneca, Pfizer/BioNTech",1058894,391204,1450098
2021-03-24,"Johnson&Johnson, Moderna, Oxford/AstraZeneca, Pfizer/BioNTech",1085736,406933,1492669
2021-03-25,"Moderna, Oxford/AstraZeneca, Pfizer/BioNTech",1112049,424776,1536825
2021-03-26,"Johnson&Johnson, Moderna, Oxford/AstraZeneca, Pfizer/BioNTech",1136845,442268,1579113
2021-03-27,"Johnson&Johnson, Moderna, Oxford/AstraZeneca, Pfizer/BioNTech",1145272,447112,1592384
2021-03-28,"Moderna, Oxford/AstraZeneca, Pfizer/BioNTech",1150808,451250,1602058
2021-03-29,"Johnson&Johnson, Moderna, Oxford/AstraZeneca, Pfizer/BioNTech",1169921,471977,1641898
2021-03-30,"Johnson&Johnson, Moderna, Oxford/AstraZeneca, Pfizer/BioNTech",1194605,494148,1688753
2021-03-31,"Johnson&Johnson, Moderna, Oxford/AstraZeneca, Pfizer/BioNTech",1217696,521201,1738897
2021-04-01,"Johnson&Johnson, Moderna, Oxford/AstraZeneca, Pfizer/BioNTech",1243296,553239,1796535
2021-04-02,"Johnson&Johnson, Moderna, Oxford/AstraZeneca, Pfizer/BioNTech",1250211,566020,1816231
2021-04-03,"Johnson&Johnson, Moderna, Oxford/AstraZeneca, Pfizer/BioNTech",1253822,576935,1830757
2021-04-04,"Johnson&Johnson, Moderna, Oxford/AstraZeneca, Pfizer/BioNTech",1256328,585852,1842180
2021-04-05,"Johnson&Johnson, Moderna, Oxford/AstraZeneca, Pfizer/BioNTech",1258725,593032,1851757
2021-04-06,"Johnson&Johnson, Moderna, Oxford/AstraZeneca, Pfizer/BioNTech",1274847,622272,1897119
2021-04-07,"Johnson&Johnson, Moderna, Oxford/AstraZeneca, Pfizer/BioNTech",1298252,644494,1942746
2021-04-08,"Johnson&Johnson, Moderna, Oxford/AstraZeneca, Pfizer/BioNTech",1336939,675504,2012443
2021-04-09,"Johnson&Johnson, Moderna, Oxford/AstraZeneca, Pfizer/BioNTech",1376464,705675,2082139
2021-04-10,"Johnson&Johnson, Moderna, Oxford/AstraZeneca, Pfizer/BioNTech",1391950,720961,2112911
2021-04-11,"Johnson&Johnson, Moderna, Oxford/AstraZeneca, Pfizer/BioNTech",1401721,730992,2132713
2021-04-12,"Johnson&Johnson, Moderna, Oxford/AstraZeneca, Pfizer/BioNTech",1439959,756115,2196074
2021-04-13,"Moderna, Oxford/AstraZeneca, Pfizer/BioNTech",1476198,782145,2258343
2021-04-14,"Moderna, Oxford/AstraZeneca, Pfizer/BioNTech",1515002,809490,2324492
2021-04-15,"Moderna, Oxford/AstraZeneca, Pfizer/BioNTech",1562767,835201,2397968
2021-04-16,"Moderna, Oxford/AstraZeneca, Pfizer/BioNTech",1607407,860831,2468238
2021-04-17,"Moderna, Oxford/AstraZeneca, Pfizer/BioNTech",1624094,869854,2493948
2021-04-18,"Moderna, Oxford/AstraZeneca, Pfizer/BioNTech",1637074,874834,2511908
2021-04-19,"Moderna, Oxford/AstraZeneca, Pfizer/BioNTech",1681053,890292,2571345
2021-04-20,"Johnson&Johnson, Moderna, Oxford/AstraZeneca, Pfizer/BioNTech",1723586,906146,2629732
2021-04-21,"Moderna, Oxford/AstraZeneca, Pfizer/BioNTech",1771304,920488,2691792
2021-04-22,"Johnson&Johnson, Moderna, Oxford/AstraZeneca, Pfizer/BioNTech",1825783,937860,2763643
2021-04-23,"Johnson&Johnson, Moderna, Oxford/AstraZeneca, Pfizer/BioNTech",1875727,949907,2825634
2021-04-24,"Johnson&Johnson, Moderna, Oxford/AstraZeneca, Pfizer/BioNTech",1893552,955145,2848697
2021-04-25,"Johnson&Johnson, Moderna, Oxford/AstraZeneca, Pfizer/BioNTech",1908238,959135,2867373
2021-04-26,"Johnson&Johnson, Moderna, Oxford/AstraZeneca, Pfizer/BioNTech",1957802,966679,2924481
2021-04-27,"Johnson&Johnson, Moderna, Oxford/AstraZeneca, Pfizer/BioNTech",2006758,978897,2985655
2021-04-28,"Johnson&Johnson, Moderna, Oxford/AstraZeneca, Pfizer/BioNTech",2065493,992874,3058367
2021-04-29,"Johnson&Johnson, Moderna, Oxford/AstraZeneca, Pfizer/BioNTech",2131025,1008744,3139769
2021-04-30,"Johnson&Johnson, Moderna, Oxford/AstraZeneca, Pfizer/BioNTech",2193244,1018699,3211943
2021-05-01,"Johnson&Johnson, Moderna, Oxford/AstraZeneca, Pfizer/BioNTech",2212561,1022141,3234702
2021-05-02,"Johnson&Johnson, Moderna, Oxford/AstraZeneca, Pfizer/BioNTech",2231469,1024405,3255874
2021-05-03,"Johnson&Johnson, Moderna, Oxford/AstraZeneca, Pfizer/BioNTech",2298695,1029450,3328145
2021-05-04,"Johnson&Johnson, Moderna, Oxford/AstraZeneca, Pfizer/BioNTech",2365164,1037769,3402933
2021-05-05,"Johnson&Johnson, Moderna, Oxford/AstraZeneca, Pfizer/BioNTech",2438303,1047159,3485462
2021-05-06,"Johnson&Johnson, Moderna, Oxford/AstraZeneca, Pfizer/BioNTech",2518676,1057859,3576535
2021-05-07,"Johnson&Johnson, Moderna, Oxford/AstraZeneca, Pfizer/BioNTech",2595899,1067909,3663808
2021-05-08,"Johnson&Johnson, Moderna, Oxford/AstraZeneca, Pfizer/BioNTech",2625323,1069663,3694986
2021-05-09,"Johnson&Johnson, Moderna, Oxford/AstraZeneca, Pfizer/BioNTech",2649504,1070860,3720364
2021-05-10,"Johnson&Johnson, Moderna, Oxford/AstraZeneca, Pfizer/BioNTech",2722238,1078067,3800305
2021-05-11,"Johnson&Johnson, Moderna, Oxford/AstraZeneca, Pfizer/BioNTech",2798322,1086851,3885173
2021-05-12,"Johnson&Johnson, Moderna, Oxford/AstraZeneca, Pfizer/BioNTech",2878155,1095933,3974088
2021-05-13,"Johnson&Johnson, Moderna, Oxford/AstraZeneca, Pfizer/BioNTech",2962153,1105078,4067231
2021-05-14,"Johnson&Johnson, Moderna, Oxford/AstraZeneca, Pfizer/BioNTech",3041566,1112847,4154413
2021-05-15,"Johnson&Johnson, Moderna, Oxford/AstraZeneca, Pfizer/BioNTech",3073423,1115077,4188500
2021-05-16,"Johnson&Johnson, Moderna, Oxford/AstraZeneca, Pfizer/BioNTech",3099167,1116335,4215502
2021-05-17,"Johnson&Johnson, Moderna, Oxford/AstraZeneca, Pfizer/BioNTech",3171655,1123044,4294699
2021-05-18,"Johnson&Johnson, Moderna, Oxford/AstraZeneca, Pfizer/BioNTech",3243561,1136081,4379642
2021-05-19,"Johnson&Johnson, Moderna, Oxford/AstraZeneca, Pfizer/BioNTech",3320999,1151192,4472191
2021-05-20,"Johnson&Johnson, Moderna, Oxford/AstraZeneca, Pfizer/BioNTech",3396405,1178203,4574608
2021-05-21,"Johnson&Johnson, Moderna, Oxford/AstraZeneca, Pfizer/BioNTech",3465139,1205939,4671078
2021-05-22,"Johnson&Johnson, Moderna, Oxford/AstraZeneca, Pfizer/BioNTech",3497490,1217105,4714595
2021-05-23,"Johnson&Johnson, Moderna, Oxford/AstraZeneca, Pfizer/BioNTech",3519819,1226128,4745947
2021-05-24,"Johnson&Johnson, Moderna, Oxford/AstraZeneca, Pfizer/BioNTech",3566935,1259759,4826694
2021-05-25,"Johnson&Johnson, Moderna, Oxford/AstraZeneca, Pfizer/BioNTech",3618764,1295529,4914293
2021-05-26,"Johnson&Johnson, Moderna, Oxford/AstraZeneca, Pfizer/BioNTech",3686499,1333023,5019522
2021-05-27,"Johnson&Johnson, Moderna, Oxford/AstraZeneca, Pfizer/BioNTech",3747871,1380307,5128178
2021-05-28,"Johnson&Johnson, Moderna, Oxford/AstraZeneca, Pfizer/BioNTech",3809544,1426834,5236378
2021-05-29,"Johnson&Johnson, Moderna, Oxford/AstraZeneca, Pfizer/BioNTech",3838703,1443920,5282623
2021-05-30,"Johnson&Johnson, Moderna, Oxford/AstraZeneca, Pfizer/BioNTech",3861047,1458338,5319385
2021-05-31,"Johnson&Johnson, Moderna, Oxford/AstraZeneca, Pfizer/BioNTech",3916760,1505861,5422621
2021-06-01,"Johnson&Johnson, Moderna, Oxford/AstraZeneca, Pfizer/BioNTech",3975770,1554667,5530437
2021-06-02,"Johnson&Johnson, Moderna, Oxford/AstraZeneca, Pfizer/BioNTech",4038647,1608597,5647244
2021-06-03,"Johnson&Johnson, Moderna, Oxford/AstraZeneca, Pfizer/BioNTech",4096862,1668757,5765619
2021-06-04,"Johnson&Johnson, Moderna, Oxford/AstraZeneca, Pfizer/BioNTech",4159927,1726095,5886022
2021-06-05,"Johnson&Johnson, Moderna, Oxford/AstraZeneca, Pfizer/BioNTech",4194051,1744883,5938934
2021-06-06,"Johnson&Johnson, Moderna, Oxford/AstraZeneca, Pfizer/BioNTech",4220953,1759987,5980940
2021-06-07,"Johnson&Johnson, Moderna, Oxford/AstraZeneca, Pfizer/BioNTech",4284625,1815575,6100200
2021-06-08,"Johnson&Johnson, Moderna, Oxford/AstraZeneca, Pfizer/BioNTech",4348594,1870507,6219101
2021-06-09,"Johnson&Johnson, Moderna, Oxford/AstraZeneca, Pfizer/BioNTech",4407770,1934957,6342727
2021-06-10,"Johnson&Johnson, Moderna, Oxford/AstraZeneca, Pfizer/BioNTech",4461644,2006029,6467673
2021-06-11,"Johnson&Johnson, Moderna, Oxford/AstraZeneca, Pfizer/BioNTech",4513740,2075716,6589456
2021-06-12,"Johnson&Johnson, Moderna, Oxford/AstraZeneca, Pfizer/BioNTech",4545734,2096461,6642195
2021-06-13,"Johnson&Johnson, Moderna, Oxford/AstraZeneca, Pfizer/BioNTech",4569740,2114830,6684570
2021-06-14,"Johnson&Johnson, Moderna, Oxford/AstraZeneca, Pfizer/BioNTech",4612808,2189152,6801960
2021-06-15,"Johnson&Johnson, Moderna, Oxford/AstraZeneca, Pfizer/BioNTech",4657449,2261431,6918880
2021-06-16,"Johnson&Johnson, Moderna, Oxford/AstraZeneca, Pfizer/BioNTech",4700176,2339590,7039766
2021-06-17,"Johnson&Johnson, Moderna, Oxford/AstraZeneca, Pfizer/BioNTech",4739545,2422587,7162132
2021-06-18,"Johnson&Johnson, Moderna, Oxford/AstraZeneca, Pfizer/BioNTech",4781923,2503015,7284938
2021-06-19,"Johnson&Johnson, Moderna, Oxford/AstraZeneca, Pfizer/BioNTech",4803666,2532244,7335910
2021-06-20,"Johnson&Johnson, Moderna, Oxford/AstraZeneca, Pfizer/BioNTech",4821025,2556029,7377054
2021-06-21,"Johnson&Johnson, Moderna, Oxford/AstraZeneca, Pfizer/BioNTech",4853523,2634524,7488047
2021-06-22,"Johnson&Johnson, Moderna, Oxford/AstraZeneca, Pfizer/BioNTech",4886475,2716706,7603181
2021-06-23,"Johnson&Johnson, Moderna, Oxford/AstraZeneca, Pfizer/BioNTech",4918125,2801847,7719972
2021-06-24,"Johnson&Johnson, Moderna, Oxford/AstraZeneca, Pfizer/BioNTech",4947958,2891801,7839759
2021-06-25,"Johnson&Johnson, Moderna, Oxford/AstraZeneca, Pfizer/BioNTech",4979005,2977868,7956873
2021-06-26,"Johnson&Johnson, Moderna, Oxford/AstraZeneca, Pfizer/BioNTech",4994859,3012625,8007484
2021-06-27,"Johnson&Johnson, Moderna, Oxford/AstraZeneca, Pfizer/BioNTech",5008796,3039226,8048022
2021-06-28,"Johnson&Johnson, Moderna, Oxford/AstraZeneca, Pfizer/BioNTech",5037199,3124329,8161528
2021-06-29,"Johnson&Johnson, Moderna, Oxford/AstraZeneca, Pfizer/BioNTech",5066460,3210716,8277176
2021-06-30,"Johnson&Johnson, Moderna, Oxford/AstraZeneca, Pfizer/BioNTech",5093946,3301601,8395547
2021-07-01,"Johnson&Johnson, Moderna, Oxford/AstraZeneca, Pfizer/BioNTech",5117911,3391562,8509473
2021-07-02,"Johnson&Johnson, Moderna, Oxford/AstraZeneca, Pfizer/BioNTech",5144622,3477311,8621933
2021-07-03,"Johnson&Johnson, Moderna, Oxford/AstraZeneca, Pfizer/BioNTech",5151694,3508778,8660472
2021-07-04,"Johnson&Johnson, Moderna, Oxford/AstraZeneca, Pfizer/BioNTech",5159243,3530546,8689789
2021-07-05,"Johnson&Johnson, Moderna, Oxford/AstraZeneca, Pfizer/BioNTech",5166601,3555874,8722475
2021-07-06,"Johnson&Johnson, Moderna, Oxford/AstraZeneca, Pfizer/BioNTech",5172003,3583465,8755468
2021-07-07,"Johnson&Johnson, Moderna, Oxford/AstraZeneca, Pfizer/BioNTech",5197778,3662361,8860139
2021-07-08,"Johnson&Johnson, Moderna, Oxford/AstraZeneca, Pfizer/BioNTech",5224373,3732607,8956980
2021-07-09,"Johnson&Johnson, Moderna, Oxford/AstraZeneca, Pfizer/BioNTech",5252280,3801803,9054083
2021-07-10,"Johnson&Johnson, Moderna, Oxford/AstraZeneca, Pfizer/BioNTech",5261619,3830383,9092002
2021-07-11,"Johnson&Johnson, Moderna, Oxford/AstraZeneca, Pfizer/BioNTech",5270136,3853237,9123373
2021-07-12,"Johnson&Johnson, Moderna, Oxford/AstraZeneca, Pfizer/BioNTech",5297657,3922264,9219921
2021-07-13,"Johnson&Johnson, Moderna, Oxford/AstraZeneca, Pfizer/BioNTech",5323825,3992071,9315896
2021-07-14,"Johnson&Johnson, Moderna, Oxford/AstraZeneca, Pfizer/BioNTech",5349622,4063980,9413602
2021-07-15,"Johnson&Johnson, Moderna, Oxford/AstraZeneca, Pfizer/BioNTech",5378789,4129920,9508709
2021-07-16,"Johnson&Johnson, Moderna, Oxford/AstraZeneca, Pfizer/BioNTech",5406690,4202552,9609242
2021-07-17,"Johnson&Johnson, Moderna, Oxford/AstraZeneca, Pfizer/BioNTech",5415451,4233942,9649393
2021-07-18,"Johnson&Johnson, Moderna, Oxford/AstraZeneca, Pfizer/BioNTech",5423886,4259906,9683792
2021-07-19,"Johnson&Johnson, Moderna, Oxford/AstraZeneca, Pfizer/BioNTech",5447226,4326867,9774093
2021-07-20,"Johnson&Johnson, Moderna, Oxford/AstraZeneca, Pfizer/BioNTech",5468600,4393836,9862436
2021-07-21,"Johnson&Johnson, Moderna, Oxford/AstraZeneca, Pfizer/BioNTech",5492042,4457223,9949265
2021-07-22,"Johnson&Johnson, Moderna, Oxford/AstraZeneca, Pfizer/BioNTech",5514391,4515773,10030164
2021-07-23,"Johnson&Johnson, Moderna, Oxford/AstraZeneca, Pfizer/BioNTech",5537574,4570445,10108019
2021-07-24,"Johnson&Johnson, Moderna, Oxford/AstraZeneca, Pfizer/BioNTech",5544879,4598062,10142941
2021-07-25,"Johnson&Johnson, Moderna, Oxford/AstraZeneca, Pfizer/BioNTech",5551486,4620156,10171642
2021-07-26,"Johnson&Johnson, Moderna, Oxford/AstraZeneca, Pfizer/BioNTech",5575012,4668757,10243769
2021-07-27,"Johnson&Johnson, Moderna, Oxford/AstraZeneca, Pfizer/BioNTech",5597731,4715315,10313046
2021-07-28,"Johnson&Johnson, Moderna, Oxford/AstraZeneca, Pfizer/BioNTech",5618963,4761213,10380176
2021-07-29,"Johnson&Johnson, Moderna, Oxford/AstraZeneca, Pfizer/BioNTech",5640268,4803084,10443352
2021-07-30,"Johnson&Johnson, Moderna, Oxford/AstraZeneca, Pfizer/BioNTech",5663531,4845559,10509090
2021-07-31,"Johnson&Johnson, Moderna, Oxford/AstraZeneca, Pfizer/BioNTech",5672445,4865055,10537500
2021-08-01,"Johnson&Johnson, Moderna, Oxford/AstraZeneca, Pfizer/BioNTech",5679158,4881196,10560354
2021-08-02,"Johnson&Johnson, Moderna, Oxford/AstraZeneca, Pfizer/BioNTech",5697772,4918689,10616461
2021-08-03,"Johnson&Johnson, Moderna, Oxford/AstraZeneca, Pfizer/BioNTech",5715392,4956728,10672120
2021-08-04,"Johnson&Johnson, Moderna, Oxford/AstraZeneca, Pfizer/BioNTech",5731469,4993398,10724867
2021-08-05,"Johnson&Johnson, Moderna, Oxford/AstraZeneca, Pfizer/BioNTech",5747478,5033804,10781282
2021-08-06,"Johnson&Johnson, Moderna, Oxford/AstraZeneca, Pfizer/BioNTech",5764247,5077022,10841269
2021-08-07,"Johnson&Johnson, Moderna, Oxford/AstraZeneca, Pfizer/BioNTech",5769831,5095156,10864987
2021-08-08,"Johnson&Johnson, Moderna, Oxford/AstraZeneca, Pfizer/BioNTech",5774180,5110884,10885064
2021-08-09,"Johnson&Johnson, Moderna, Oxford/AstraZeneca, Pfizer/BioNTech",5786813,5155880,10942693
2021-08-10,"Johnson&Johnson, Moderna, Oxford/AstraZeneca, Pfizer/BioNTech",5798640,5195397,10994037
2021-08-11,"Johnson&Johnson, Moderna, Oxford/AstraZeneca, Pfizer/BioNTech",5809988,5238480,11048468
2021-08-12,"Johnson&Johnson, Moderna, Oxford/AstraZeneca, Pfizer/BioNTech",5821395,5275553,11096948
2021-08-13,"Johnson&Johnson, Moderna, Oxford/AstraZeneca, Pfizer/BioNTech",5832107,5315834,11147941
2021-08-14,"Johnson&Johnson, Moderna, Oxford/AstraZeneca, Pfizer/BioNTech",5835442,5326511,11161953
2021-08-15,"Johnson&Johnson, Moderna, Oxford/AstraZeneca, Pfizer/BioNTech",5838018,5336865,11174883
2021-08-16,"Johnson&Johnson, Moderna, Oxford/AstraZeneca, Pfizer/BioNTech",5847788,5370894,11218682
2021-08-17,"Johnson&Johnson, Moderna, Oxford/AstraZeneca, Pfizer/BioNTech",5857373,5397952,11255325
2021-08-18,"Johnson&Johnson, Moderna, Oxford/AstraZeneca, Pfizer/BioNTech",5866735,5436780,11303515
2021-08-19,"Johnson&Johnson, Moderna, Oxford/AstraZeneca, Pfizer/BioNTech",5876395,5475092,11351487
2021-08-20,"Johnson&Johnson, Moderna, Oxford/AstraZeneca, Pfizer/BioNTech",5887767,5515243,11403010
2021-08-21,"Johnson&Johnson, Moderna, Oxford/AstraZeneca, Pfizer/BioNTech",5890480,5527977,11418457
2021-08-22,"Johnson&Johnson, Moderna, Oxford/AstraZeneca, Pfizer/BioNTech",5892818,5539928,11432746
2021-08-23,"Johnson&Johnson, Moderna, Oxford/AstraZeneca, Pfizer/BioNTech",5903346,5579157,11482503
2021-08-24,"Johnson&Johnson, Moderna, Oxford/AstraZeneca, Pfizer/BioNTech",5913207,5612373,11525580
2021-08-25,"Johnson&Johnson, Moderna, Oxford/AstraZeneca, Pfizer/BioNTech",5922067,5640705,11562772
2021-08-26,"Johnson&Johnson, Moderna, Oxford/AstraZeneca, Pfizer/BioNTech",5930508,5666797,11597305
2021-08-27,"Johnson&Johnson, Moderna, Oxford/AstraZeneca, Pfizer/BioNTech",5940816,5692708,11633524
2021-08-28,"Johnson&Johnson, Moderna, Oxford/AstraZeneca, Pfizer/BioNTech",5943537,5699733,11643270
2021-08-29,"Johnson&Johnson, Moderna, Oxford/AstraZeneca, Pfizer/BioNTech",5945939,5706343,11652282
2021-08-30,"Johnson&Johnson, Moderna, Oxford/AstraZeneca, Pfizer/BioNTech",5954456,5728185,11682641
2021-08-31,"Johnson&Johnson, Moderna, Oxford/AstraZeneca, Pfizer/BioNTech",5962112,5746237,11708349
2021-09-01,"Johnson&Johnson, Moderna, Oxford/AstraZeneca, Pfizer/BioNTech",5967993,5760206,11728199
2021-09-02,"Johnson&Johnson, Moderna, Oxford/AstraZeneca, Pfizer/BioNTech",5974809,5774566,11749375
2021-09-03,"Johnson&Johnson, Moderna, Oxford/AstraZeneca, Pfizer/BioNTech",5984351,5790248,11774599
2021-09-04,"Johnson&Johnson, Moderna, Oxford/AstraZeneca, Pfizer/BioNTech",5986412,5793793,11780205
2021-09-05,"Johnson&Johnson, Moderna, Oxford/AstraZeneca, Pfizer/BioNTech",5988444,5796628,11785072
2021-09-06,"Johnson&Johnson, Moderna, Oxford/AstraZeneca, Pfizer/BioNTech",5994657,5809127,11803784
2021-09-07,"Johnson&Johnson, Moderna, Oxford/AstraZeneca, Pfizer/BioNTech",5999023,5820207,11819230
2021-09-08,"Johnson&Johnson, Moderna, Oxford/AstraZeneca, Pfizer/BioNTech",6004672,5830034,11834706
2021-09-09,"Johnson&Johnson, Moderna, Oxford/AstraZeneca, Pfizer/BioNTech",6011327,5840080,11851407
2021-09-10,"Johnson&Johnson, Moderna, Oxford/AstraZeneca, Pfizer/BioNTech",6018991,5852236,11871227
2021-09-11,"Johnson&Johnson, Moderna, Oxford/AstraZeneca, Pfizer/BioNTech",6020851,5854707,11875558
2021-09-12,"Johnson&Johnson, Moderna, Oxford/AstraZeneca, Pfizer/BioNTech",6021964,5856327,11878291
2021-09-13,"Johnson&Johnson, Moderna, Oxford/AstraZeneca, Pfizer/BioNTech",6027380,5866610,11893990
2021-09-14,"Johnson&Johnson, Moderna, Oxford/AstraZeneca, Pfizer/BioNTech",6032747,5875604,11908351
2021-09-15,"Johnson&Johnson, Moderna, Oxford/AstraZeneca, Pfizer/BioNTech",6037922,5884112,11922034
2021-09-16,"Johnson&Johnson, Moderna, Oxford/AstraZeneca, Pfizer/BioNTech",6043251,5892367,11935618
2021-09-17,"Johnson&Johnson, Moderna, Oxford/AstraZeneca, Pfizer/BioNTech",6049800,5902566,11952366
2021-09-18,"Johnson&Johnson, Moderna, Oxford/AstraZeneca, Pfizer/BioNTech",6051522,5904915,11956437
2021-09-19,"Johnson&Johnson, Moderna, Oxford/AstraZeneca, Pfizer/BioNTech",6052462,5906478,11958940
2021-09-20,"Johnson&Johnson, Moderna, Oxford/AstraZeneca, Pfizer/BioNTech",6056456,5914662,11971118
2021-09-21,"Johnson&Johnson, Moderna, Oxford/AstraZeneca, Pfizer/BioNTech",6060668,5922184,11982852
2021-09-22,"Johnson&Johnson, Moderna, Oxford/AstraZeneca, Pfizer/BioNTech",6064831,5927689,11992520
2021-09-23,"Johnson&Johnson, Moderna, Oxford/AstraZeneca, Pfizer/BioNTech",6069795,5934089,12003884
2021-09-24,"Johnson&Johnson, Moderna, Oxford/AstraZeneca, Pfizer/BioNTech",6075538,5943694,12019232
2021-09-25,"Johnson&Johnson, Moderna, Oxford/AstraZeneca, Pfizer/BioNTech",6077028,5945680,12022708
2021-09-26,"Johnson&Johnson, Moderna, Pfizer/BioNTech",6077768,5947308,12025076
2021-09-27,"Johnson&Johnson, Moderna, Oxford/AstraZeneca, Pfizer/BioNTech",6081629,5953794,12035423
2021-09-28,"Johnson&Johnson, Moderna, Pfizer/BioNTech",6081985,5954395,12036380
2021-09-29,"Johnson&Johnson, Moderna, Oxford/AstraZeneca, Pfizer/BioNTech",6085754,5961835,12047589
2021-09-30,"Johnson&Johnson, Moderna, Oxford/AstraZeneca, Pfizer/BioNTech",6090246,5969509,12059755
2021-10-01,"Johnson&Johnson, Moderna, Oxford/AstraZeneca, Pfizer/BioNTech",6094529,5977454,12071983
2021-10-02,"Johnson&Johnson, Moderna, Oxford/AstraZeneca, Pfizer/BioNTech",6095588,5978986,12074574
2021-10-03,"Johnson&Johnson, Moderna, Pfizer/BioNTech",6096303,5979847,12076150
2021-10-04,"Johnson&Johnson, Moderna, Oxford/AstraZeneca, Pfizer/BioNTech",6099371,5985409,12084780
2021-10-05,"Johnson&Johnson, Moderna, Oxford/AstraZeneca, Pfizer/BioNTech",6102522,5990466,12092988
2021-10-06,"Johnson&Johnson, Moderna, Oxford/AstraZeneca, Pfizer/BioNTech",6106027,5995619,12101646
2021-10-07,"Johnson&Johnson, Moderna, Oxford/AstraZeneca, Pfizer/BioNTech",6109296,6000862,12110158
2021-10-08,"Johnson&Johnson, Moderna, Oxford/AstraZeneca, Pfizer/BioNTech",6114077,6007474,12121551
2021-10-09,"Johnson&Johnson, Moderna, Oxford/AstraZeneca, Pfizer/BioNTech",6115316,6009123,12124439
2021-10-10,"Johnson&Johnson, Moderna, Oxford/AstraZeneca, Pfizer/BioNTech",6116256,6009952,12126208
2021-10-11,"Johnson&Johnson, Moderna, Oxford/AstraZeneca, Pfizer/BioNTech",6119176,6014353,12133529
2021-10-12,"Johnson&Johnson, Moderna, Oxford/AstraZeneca, Pfizer/BioNTech",6122088,6018345,12140433
2021-10-13,"Johnson&Johnson, Moderna, Oxford/AstraZeneca, Pfizer/BioNTech",6125615,6022521,12148136
2021-10-14,"Johnson&Johnson, Moderna, Oxford/AstraZeneca, Pfizer/BioNTech",6129288,6027460,12156748
2021-10-15,"Johnson&Johnson, Moderna, Oxford/AstraZeneca, Pfizer/BioNTech",6134506,6033588,12168094
2021-10-16,"Johnson&Johnson, Moderna, Oxford/AstraZeneca, Pfizer/BioNTech",6135901,6035102,12171003
2021-10-17,"Johnson&Johnson, Moderna, Pfizer/BioNTech",6137220,6036153,12173373
2021-10-18,"Johnson&Johnson, Moderna, Oxford/AstraZeneca, Pfizer/BioNTech",6141326,6040242,12181568
2021-10-19,"Johnson&Johnson, Moderna, Oxford/AstraZeneca, Pfizer/BioNTech",6144868,6042325,12187193
2021-10-20,"Johnson&Johnson, Moderna, Oxford/AstraZeneca, Pfizer/BioNTech",6149716,6046766,12196482
2021-10-21,"Johnson&Johnson, Moderna, Oxford/AstraZeneca, Pfizer/BioNTech",6157439,6052352,12209791
2021-10-22,"Johnson&Johnson, Moderna, Oxford/AstraZeneca, Pfizer/BioNTech",6167867,6058847,12226714
2021-10-23,"Johnson&Johnson, Moderna, Pfizer/BioNTech",6171525,6061046,12232571
2021-10-24,"Johnson&Johnson, Moderna, Pfizer/BioNTech",6174206,6062817,12237023
2021-10-25,"Johnson&Johnson, Moderna, Oxford/AstraZeneca, Pfizer/BioNTech",6184661,6068609,12253270
2021-10-26,"Johnson&Johnson, Moderna, Oxford/AstraZeneca, Pfizer/BioNTech",6196509,6075137,12271646
2021-10-27,"Johnson&Johnson, Moderna, Oxford/AstraZeneca, Pfizer/BioNTech",6210995,6082527,12293522
2021-10-28,"Johnson&Johnson, Moderna, Pfizer/BioNTech",6214344,6084193,12298537
2021-10-29,"Johnson&Johnson, Moderna, Oxford/AstraZeneca, Pfizer/BioNTech",6228702,6092153,12320855
2021-10-30,"Johnson&Johnson, Moderna, Pfizer/BioNTech",6233225,6095063,12328288
2021-10-31,"Johnson&Johnson, Moderna, Oxford/AstraZeneca, Pfizer/BioNTech",6236978,6097528,12334506
2021-11-01,"Johnson&Johnson, Moderna, Oxford/AstraZeneca, Pfizer/BioNTech",6252067,6105210,12357277
2021-11-02,"Johnson&Johnson, Moderna, Oxford/AstraZeneca, Pfizer/BioNTech",6267329,6112744,12380073
2021-11-03,"Johnson&Johnson, Moderna, Oxford/AstraZeneca, Pfizer/BioNTech",6284394,6120028,12404422
2021-11-04,"Johnson&Johnson, Moderna, Oxford/AstraZeneca, Pfizer/BioNTech",6302567,6128188,12430755
2021-11-05,"Johnson&Johnson, Moderna, Oxford/AstraZeneca, Pfizer/BioNTech",6325242,6139441,12464683
2021-11-06,"Johnson&Johnson, Moderna, Oxford/AstraZeneca, Pfizer/BioNTech",6331725,6142487,12474212
2021-11-07,"Johnson&Johnson, Moderna, Oxford/AstraZeneca, Pfizer/BioNTech",6335736,6144917,12480653
2021-11-08,"Johnson&Johnson, Moderna, Oxford/AstraZeneca, Pfizer/BioNTech",6351881,6152540,12504421
2021-11-09,"Johnson&Johnson, Moderna, Oxford/AstraZeneca, Pfizer/BioNTech",6366576,6159824,12526400
2021-11-10,"Johnson&Johnson, Moderna, Oxford/AstraZeneca, Pfizer/BioNTech",6382203,6167182,12549385
2021-11-11,"Johnson&Johnson, Moderna, Oxford/AstraZeneca, Pfizer/BioNTech",6397496,6176250,12573746
2021-11-12,"Johnson&Johnson, Moderna, Oxford/AstraZeneca, Pfizer/BioNTech",6417056,6188975,12606031
2021-11-13,"Johnson&Johnson, Moderna, Oxford/AstraZeneca, Pfizer/BioNTech",6422397,6192824,12615221
2021-11-14,"Johnson&Johnson, Moderna, Oxford/AstraZeneca, Pfizer/BioNTech",6426253,6195816,12622069
2021-11-15,"Johnson&Johnson, Moderna, Oxford/AstraZeneca, Pfizer/BioNTech",6441274,6206477,12647751
2021-11-16,"Johnson&Johnson, Moderna, Oxford/AstraZeneca, Pfizer/BioNTech",6458711,6218338,12677049
2021-11-17,"Johnson&Johnson, Moderna, Oxford/AstraZeneca, Pfizer/BioNTech",6462893,6221887,12684780
2021-11-18,"Johnson&Johnson, Moderna, Oxford/AstraZeneca, Pfizer/BioNTech",6482162,6233505,12715667
2021-11-19,"Johnson&Johnson, Moderna, Oxford/AstraZeneca, Pfizer/BioNTech",6506570,6250384,12756954
2021-11-20,"Johnson&Johnson, Moderna, Oxford/AstraZeneca, Pfizer/BioNTech",6515080,6255323,12770403
2021-11-21,"Johnson&Johnson, Moderna, Oxford/AstraZeneca, Pfizer/BioNTech",6521821,6259075,12780896
2021-11-22,"Johnson&Johnson, Moderna, Oxford/AstraZeneca, Pfizer/BioNTech",6540078,6272986,12813064
2021-11-23,"Johnson&Johnson, Moderna, Oxford/AstraZeneca, Pfizer/BioNTech",6558975,6286034,12845009
2021-11-24,"Johnson&Johnson, Moderna, Oxford/AstraZeneca, Pfizer/BioNTech",6577816,6301732,12879548
2021-11-25,"Johnson&Johnson, Moderna, Oxford/AstraZeneca, Pfizer/BioNTech",6596793,6316583,12913376
2021-11-26,"Johnson&Johnson, Moderna, Oxford/AstraZeneca, Pfizer/BioNTech",6618045,6335353,12953398
2021-11-27,"Johnson&Johnson, Moderna, Oxford/AstraZeneca, Pfizer/BioNTech",6625421,6340839,12966260
2021-11-28,"Johnson&Johnson, Moderna, Pfizer/BioNTech",6628679,6343916,12972595
2021-11-29,"Johnson&Johnson, Moderna, Oxford/AstraZeneca, Pfizer/BioNTech",6643517,6357297,13000814
2021-11-30,"Johnson&Johnson, Moderna, Oxford/AstraZeneca, Pfizer/BioNTech",6656201,6368105,13024306
2021-12-01,"Johnson&Johnson, Moderna, Oxford/AstraZeneca, Pfizer/BioNTech",6669174,6379683,13048857
