date,vaccine,people_vaccinated,people_fully_vaccinated,total_vaccinations
2020-12-27,Pfizer/BioNTech,1288,0,1288
2020-12-28,Pfizer/BioNTech,3591,0,3591
2020-12-29,Pfizer/BioNTech,7063,1,7064
2020-12-30,Pfizer/BioNTech,10580,1,10581
2020-12-31,Pfizer/BioNTech,11891,1,11892
2021-01-01,"Moderna, Pfizer/BioNTech",12160,1,12161
2021-01-02,"Moderna, Pfizer/BioNTech",13442,2,13444
2021-01-03,"Moderna, Pfizer/BioNTech",14369,2,14371
2021-01-04,"Moderna, Pfizer/BioNTech",17977,2,17979
2021-01-05,"Moderna, Pfizer/BioNTech",22502,3,22505
2021-01-06,"Moderna, Pfizer/BioNTech",28348,4,28352
2021-01-07,"Moderna, Pfizer/BioNTech",36346,4,36350
2021-01-08,"Moderna, Pfizer/BioNTech",46397,5,46402
2021-01-09,"Moderna, Pfizer/BioNTech",48424,7,48431
2021-01-10,Pfizer/BioNTech,50196,9,50205
2021-01-11,"Moderna, Pfizer/BioNTech",60052,11,60063
2021-01-12,"Moderna, Pfizer/BioNTech",73508,13,73521
2021-01-13,"Moderna, Pfizer/BioNTech",87054,13,87067
2021-01-14,"Moderna, Pfizer/BioNTech",102307,17,102324
2021-01-15,"Moderna, Pfizer/BioNTech",116329,18,116347
2021-01-16,"Moderna, Pfizer/BioNTech",119733,22,119755
2021-01-17,"Moderna, Pfizer/BioNTech",122355,658,123013
2021-01-18,"Moderna, Pfizer/BioNTech",134849,2485,137334
2021-01-19,"Moderna, Pfizer/BioNTech",147462,5214,152676
2021-01-20,"Moderna, Pfizer/BioNTech",161160,7878,169038
2021-01-21,"Moderna, Pfizer/BioNTech",176814,9620,186434
2021-01-22,"Moderna, Pfizer/BioNTech",191707,10664,202371
2021-01-23,"Moderna, Pfizer/BioNTech",195026,11541,206567
2021-01-24,"Moderna, Pfizer/BioNTech",197282,12412,209694
2021-01-25,"Moderna, Pfizer/BioNTech",206937,15382,222319
2021-01-26,"Moderna, Pfizer/BioNTech",217484,19374,236858
2021-01-27,"Moderna, Pfizer/BioNTech",226516,23909,250425
2021-01-28,"Moderna, Pfizer/BioNTech",233622,30041,263663
2021-01-29,"Moderna, Pfizer/BioNTech",239837,37948,277785
2021-01-30,"Moderna, Pfizer/BioNTech",240578,39036,279614
2021-01-31,"Moderna, Pfizer/BioNTech",241297,40218,281515
2021-02-01,"Moderna, Pfizer/BioNTech",245280,48187,293467
2021-02-02,"Moderna, Pfizer/BioNTech",249433,58427,307860
2021-02-03,"Moderna, Pfizer/BioNTech",253860,69447,323307
2021-02-04,"Moderna, Pfizer/BioNTech",258766,82441,341207
2021-02-05,"Moderna, Pfizer/BioNTech",264242,93117,357359
2021-02-06,"Moderna, Oxford/AstraZeneca, Pfizer/BioNTech",265101,95482,360583
2021-02-07,"Moderna, Oxford/AstraZeneca, Pfizer/BioNTech",265952,97982,363934
2021-02-08,"Moderna, Oxford/AstraZeneca, Pfizer/BioNTech",270047,109412,379459
2021-02-09,"Moderna, Oxford/AstraZeneca, Pfizer/BioNTech",275155,121328,396483
2021-02-10,"Moderna, Oxford/AstraZeneca, Pfizer/BioNTech",280674,134589,415263
2021-02-11,"Moderna, Oxford/AstraZeneca, Pfizer/BioNTech",287017,150809,437826
2021-02-12,"Moderna, Oxford/AstraZeneca, Pfizer/BioNTech",293847,165558,459405
2021-02-13,"Moderna, Oxford/AstraZeneca, Pfizer/BioNTech",295465,168546,464011
2021-02-14,"Moderna, Oxford/AstraZeneca, Pfizer/BioNTech",296471,169932,466403
2021-02-15,"Moderna, Oxford/AstraZeneca, Pfizer/BioNTech",302870,179303,482173
2021-02-16,"Moderna, Oxford/AstraZeneca, Pfizer/BioNTech",311591,188384,499975
2021-02-17,"Moderna, Oxford/AstraZeneca, Pfizer/BioNTech",321294,196695,517989
2021-02-18,"Moderna, Oxford/AstraZeneca, Pfizer/BioNTech",333624,204778,538402
2021-02-19,"Moderna, Oxford/AstraZeneca, Pfizer/BioNTech",345490,212154,557644
2021-02-20,"Moderna, Oxford/AstraZeneca, Pfizer/BioNTech",347500,213340,560840
2021-02-21,"Moderna, Oxford/AstraZeneca, Pfizer/BioNTech",348637,214366,563003
2021-02-22,"Moderna, Oxford/AstraZeneca, Pfizer/BioNTech",358764,220404,579168
2021-02-23,"Moderna, Oxford/AstraZeneca, Pfizer/BioNTech",371729,227395,599124
2021-02-24,"Moderna, Oxford/AstraZeneca, Pfizer/BioNTech",385614,233438,619052
2021-02-25,"Moderna, Oxford/AstraZeneca, Pfizer/BioNTech",403597,238990,642587
2021-02-26,"Moderna, Oxford/AstraZeneca, Pfizer/BioNTech",419780,244350,664130
2021-02-27,"Moderna, Oxford/AstraZeneca, Pfizer/BioNTech",422789,244911,667700
2021-02-28,"Moderna, Oxford/AstraZeneca, Pfizer/BioNTech",425147,245462,670609
2021-03-01,"Moderna, Oxford/AstraZeneca, Pfizer/BioNTech",444747,248912,693659
2021-03-02,"Moderna, Oxford/AstraZeneca, Pfizer/BioNTech",471975,252462,724437
2021-03-03,"Moderna, Oxford/AstraZeneca, Pfizer/BioNTech",502932,256973,759905
2021-03-04,"Moderna, Oxford/AstraZeneca, Pfizer/BioNTech",536220,261663,797883
2021-03-05,"Johnson&Johnson, Moderna, Oxford/AstraZeneca, Pfizer/BioNTech",565064,267092,832156
2021-03-06,"Johnson&Johnson, Moderna, Oxford/AstraZeneca, Pfizer/BioNTech",577224,267958,845182
2021-03-07,"Johnson&Johnson, Moderna, Oxford/AstraZeneca, Pfizer/BioNTech",588773,268801,857574
2021-03-08,"Johnson&Johnson, Moderna, Oxford/AstraZeneca, Pfizer/BioNTech",618523,273664,892187
2021-03-09,"Johnson&Johnson, Moderna, Oxford/AstraZeneca, Pfizer/BioNTech",654896,280052,934948
2021-03-10,"Johnson&Johnson, Moderna, Oxford/AstraZeneca, Pfizer/BioNTech",696231,287013,983244
2021-03-11,"Johnson&Johnson, Moderna, Oxford/AstraZeneca, Pfizer/BioNTech",741089,295389,1036478
2021-03-12,"Johnson&Johnson, Moderna, Oxford/AstraZeneca, Pfizer/BioNTech",779853,303889,1083742
2021-03-13,"Johnson&Johnson, Moderna, Oxford/AstraZeneca, Pfizer/BioNTech",796964,305204,1102168
2021-03-14,"Johnson&Johnson, Moderna, Oxford/AstraZeneca, Pfizer/BioNTech",809082,306360,1115442
2021-03-15,"Johnson&Johnson, Moderna, Oxford/AstraZeneca, Pfizer/BioNTech",837480,315142,1152622
2021-03-16,"Johnson&Johnson, Moderna, Oxford/AstraZeneca, Pfizer/BioNTech",876378,325679,1202057
2021-03-17,"Moderna, Oxford/AstraZeneca, Pfizer/BioNTech",913867,336194,1250061
2021-03-18,"Johnson&Johnson, Moderna, Oxford/AstraZeneca, Pfizer/BioNTech",951875,348619,1300494
2021-03-19,"Johnson&Johnson, Moderna, Oxford/AstraZeneca, Pfizer/BioNTech",986396,362234,1348630
2021-03-20,"Johnson&Johnson, Moderna, Oxford/AstraZeneca, Pfizer/BioNTech",1001581,364264,1365845
2021-03-21,"Johnson&Johnson, Moderna, Oxford/AstraZeneca, Pfizer/BioNTech",1009028,365824,1374852
2021-03-22,"Johnson&Johnson, Moderna, Oxford/AstraZeneca, Pfizer/BioNTech",1033607,378327,1411934
2021-03-23,"Johnson&Johnson, Moderna, Oxford/AstraZeneca, Pfizer/BioNTech",1060283,391694,1451977
2021-03-24,"Johnson&Johnson, Moderna, Oxford/AstraZeneca, Pfizer/BioNTech",1087178,407440,1494618
2021-03-25,"Johnson&Johnson, Moderna, Oxford/AstraZeneca, Pfizer/BioNTech",1113538,425296,1538834
2021-03-26,"Johnson&Johnson, Moderna, Oxford/AstraZeneca, Pfizer/BioNTech",1138381,442810,1581191
2021-03-27,"Johnson&Johnson, Moderna, Oxford/AstraZeneca, Pfizer/BioNTech",1146843,447656,1594499
2021-03-28,"Moderna, Oxford/AstraZeneca, Pfizer/BioNTech",1152391,451804,1604195
2021-03-29,"Johnson&Johnson, Moderna, Oxford/AstraZeneca, Pfizer/BioNTech",1171551,472542,1644093
2021-03-30,"Johnson&Johnson, Moderna, Oxford/AstraZeneca, Pfizer/BioNTech",1196262,494730,1690992
2021-03-31,"Johnson&Johnson, Moderna, Oxford/AstraZeneca, Pfizer/BioNTech",1219418,521799,1741217
2021-04-01,"Johnson&Johnson, Moderna, Oxford/AstraZeneca, Pfizer/BioNTech",1245107,553857,1798964
2021-04-02,"Johnson&Johnson, Moderna, Oxford/AstraZeneca, Pfizer/BioNTech",1252091,566655,1818746
2021-04-03,"Johnson&Johnson, Moderna, Oxford/AstraZeneca, Pfizer/BioNTech",1255745,577587,1833332
2021-04-04,"Johnson&Johnson, Moderna, Oxford/AstraZeneca, Pfizer/BioNTech",1258288,586510,1844798
2021-04-05,"Johnson&Johnson, Moderna, Oxford/AstraZeneca, Pfizer/BioNTech",1260721,593716,1854437
2021-04-06,"Johnson&Johnson, Moderna, Oxford/AstraZeneca, Pfizer/BioNTech",1276938,622991,1899929
2021-04-07,"Johnson&Johnson, Moderna, Oxford/AstraZeneca, Pfizer/BioNTech",1300444,645234,1945678
2021-04-08,"Johnson&Johnson, Moderna, Oxford/AstraZeneca, Pfizer/BioNTech",1339263,676281,2015544
2021-04-09,"Johnson&Johnson, Moderna, Oxford/AstraZeneca, Pfizer/BioNTech",1378862,706482,2085344
2021-04-10,"Johnson&Johnson, Moderna, Oxford/AstraZeneca, Pfizer/BioNTech",1394430,721795,2116225
2021-04-11,"Johnson&Johnson, Moderna, Oxford/AstraZeneca, Pfizer/BioNTech",1404225,731851,2136076
2021-04-12,"Johnson&Johnson, Moderna, Oxford/AstraZeneca, Pfizer/BioNTech",1442548,756997,2199545
2021-04-13,"Moderna, Oxford/AstraZeneca, Pfizer/BioNTech",1478857,783040,2261897
2021-04-14,"Moderna, Oxford/AstraZeneca, Pfizer/BioNTech",1517746,810417,2328163
2021-04-15,"Moderna, Oxford/AstraZeneca, Pfizer/BioNTech",1565582,836198,2401780
2021-04-16,"Moderna, Oxford/AstraZeneca, Pfizer/BioNTech",1610298,861881,2472179
2021-04-17,"Moderna, Oxford/AstraZeneca, Pfizer/BioNTech",1627024,870908,2497932
2021-04-18,"Moderna, Oxford/AstraZeneca, Pfizer/BioNTech",1640024,875894,2515918
2021-04-19,"Johnson&Johnson, Moderna, Oxford/AstraZeneca, Pfizer/BioNTech",1683999,891338,2575337
2021-04-20,"Johnson&Johnson, Moderna, Oxford/AstraZeneca, Pfizer/BioNTech",1726587,907228,2633815
2021-04-21,"Moderna, Oxford/AstraZeneca, Pfizer/BioNTech",1774355,921598,2695953
2021-04-22,"Johnson&Johnson, Moderna, Oxford/AstraZeneca, Pfizer/BioNTech",1828886,938999,2767885
2021-04-23,"Johnson&Johnson, Moderna, Oxford/AstraZeneca, Pfizer/BioNTech",1878899,951066,2829965
2021-04-24,"Johnson&Johnson, Moderna, Oxford/AstraZeneca, Pfizer/BioNTech",1896777,956333,2853110
2021-04-25,"Johnson&Johnson, Moderna, Oxford/AstraZeneca, Pfizer/BioNTech",1911491,960336,2871827
2021-04-26,"Johnson&Johnson, Moderna, Oxford/AstraZeneca, Pfizer/BioNTech",1961106,967907,2929013
2021-04-27,"Johnson&Johnson, Moderna, Oxford/AstraZeneca, Pfizer/BioNTech",2010095,980162,2990257
2021-04-28,"Johnson&Johnson, Moderna, Oxford/AstraZeneca, Pfizer/BioNTech",2068877,994187,3063064
2021-04-29,"Johnson&Johnson, Moderna, Oxford/AstraZeneca, Pfizer/BioNTech",2134497,1010109,3144606
2021-04-30,"Johnson&Johnson, Moderna, Oxford/AstraZeneca, Pfizer/BioNTech",2196794,1020106,3216900
2021-05-01,"Johnson&Johnson, Moderna, Oxford/AstraZeneca, Pfizer/BioNTech",2216187,1023571,3239758
2021-05-02,"Johnson&Johnson, Moderna, Oxford/AstraZeneca, Pfizer/BioNTech",2235140,1025862,3261002
2021-05-03,"Johnson&Johnson, Moderna, Oxford/AstraZeneca, Pfizer/BioNTech",2302419,1030948,3333367
2021-05-04,"Johnson&Johnson, Moderna, Oxford/AstraZeneca, Pfizer/BioNTech",2368982,1039320,3408302
2021-05-05,"Johnson&Johnson, Moderna, Oxford/AstraZeneca, Pfizer/BioNTech",2442195,1048769,3490964
2021-05-06,"Johnson&Johnson, Moderna, Oxford/AstraZeneca, Pfizer/BioNTech",2522644,1059521,3582165
2021-05-07,"Johnson&Johnson, Moderna, Oxford/AstraZeneca, Pfizer/BioNTech",2599980,1069667,3669647
2021-05-08,"Johnson&Johnson, Moderna, Oxford/AstraZeneca, Pfizer/BioNTech",2629522,1071461,3700983
2021-05-09,"Johnson&Johnson, Moderna, Oxford/AstraZeneca, Pfizer/BioNTech",2653763,1072686,3726449
2021-05-10,"Johnson&Johnson, Moderna, Oxford/AstraZeneca, Pfizer/BioNTech",2726565,1079933,3806498
2021-05-11,"Johnson&Johnson, Moderna, Oxford/AstraZeneca, Pfizer/BioNTech",2802720,1088766,3891486
2021-05-12,"Johnson&Johnson, Moderna, Oxford/AstraZeneca, Pfizer/BioNTech",2882670,1097913,3980583
2021-05-13,"Johnson&Johnson, Moderna, Oxford/AstraZeneca, Pfizer/BioNTech",2966729,1107109,4073838
2021-05-14,"Johnson&Johnson, Moderna, Oxford/AstraZeneca, Pfizer/BioNTech",3046287,1114940,4161227
2021-05-15,"Johnson&Johnson, Moderna, Oxford/AstraZeneca, Pfizer/BioNTech",3078255,1117227,4195482
2021-05-16,"Johnson&Johnson, Moderna, Oxford/AstraZeneca, Pfizer/BioNTech",3104071,1118514,4222585
2021-05-17,"Johnson&Johnson, Moderna, Oxford/AstraZeneca, Pfizer/BioNTech",3176613,1125273,4301886
2021-05-18,"Johnson&Johnson, Moderna, Oxford/AstraZeneca, Pfizer/BioNTech",3248609,1138397,4387006
2021-05-19,"Johnson&Johnson, Moderna, Oxford/AstraZeneca, Pfizer/BioNTech",3326110,1153572,4479682
2021-05-20,"Johnson&Johnson, Moderna, Oxford/AstraZeneca, Pfizer/BioNTech",3401610,1180643,4582253
2021-05-21,"Johnson&Johnson, Moderna, Oxford/AstraZeneca, Pfizer/BioNTech",3470468,1208452,4678920
2021-05-22,"Johnson&Johnson, Moderna, Oxford/AstraZeneca, Pfizer/BioNTech",3502941,1219697,4722638
2021-05-23,"Johnson&Johnson, Moderna, Oxford/AstraZeneca, Pfizer/BioNTech",3525392,1228740,4754132
2021-05-24,"Johnson&Johnson, Moderna, Oxford/AstraZeneca, Pfizer/BioNTech",3572610,1262421,4835031
2021-05-25,"Johnson&Johnson, Moderna, Oxford/AstraZeneca, Pfizer/BioNTech",3624534,1298272,4922806
2021-05-26,"Johnson&Johnson, Moderna, Oxford/AstraZeneca, Pfizer/BioNTech",3692305,1335837,5028142
2021-05-27,"Johnson&Johnson, Moderna, Oxford/AstraZeneca, Pfizer/BioNTech",3753742,1383207,5136949
2021-05-28,"Johnson&Johnson, Moderna, Oxford/AstraZeneca, Pfizer/BioNTech",3815498,1429824,5245322
2021-05-29,"Johnson&Johnson, Moderna, Oxford/AstraZeneca, Pfizer/BioNTech",3844773,1446972,5291745
2021-05-30,"Johnson&Johnson, Moderna, Oxford/AstraZeneca, Pfizer/BioNTech",3867190,1461445,5328635
2021-05-31,"Johnson&Johnson, Moderna, Oxford/AstraZeneca, Pfizer/BioNTech",3922939,1508981,5431920
2021-06-01,"Johnson&Johnson, Moderna, Oxford/AstraZeneca, Pfizer/BioNTech",3982059,1557875,5539934
2021-06-02,"Johnson&Johnson, Moderna, Oxford/AstraZeneca, Pfizer/BioNTech",4045042,1611917,5656959
2021-06-03,"Johnson&Johnson, Moderna, Oxford/AstraZeneca, Pfizer/BioNTech",4103307,1672170,5775477
2021-06-04,"Johnson&Johnson, Moderna, Oxford/AstraZeneca, Pfizer/BioNTech",4166456,1729608,5896064
2021-06-05,"Johnson&Johnson, Moderna, Oxford/AstraZeneca, Pfizer/BioNTech",4200647,1748542,5949189
2021-06-06,"Johnson&Johnson, Moderna, Oxford/AstraZeneca, Pfizer/BioNTech",4227610,1763723,5991333
2021-06-07,"Johnson&Johnson, Moderna, Oxford/AstraZeneca, Pfizer/BioNTech",4291315,1819379,6110694
2021-06-08,"Johnson&Johnson, Moderna, Oxford/AstraZeneca, Pfizer/BioNTech",4355332,1874411,6229743
2021-06-09,"Johnson&Johnson, Moderna, Oxford/AstraZeneca, Pfizer/BioNTech",4414556,1939114,6353670
2021-06-10,"Johnson&Johnson, Moderna, Oxford/AstraZeneca, Pfizer/BioNTech",4468425,2010447,6478872
2021-06-11,"Johnson&Johnson, Moderna, Oxford/AstraZeneca, Pfizer/BioNTech",4520563,2080308,6600871
2021-06-12,"Johnson&Johnson, Moderna, Oxford/AstraZeneca, Pfizer/BioNTech",4552593,2101172,6653765
2021-06-13,"Johnson&Johnson, Moderna, Oxford/AstraZeneca, Pfizer/BioNTech",4576638,2119616,6696254
2021-06-14,"Johnson&Johnson, Moderna, Oxford/AstraZeneca, Pfizer/BioNTech",4619741,2194036,6813777
2021-06-15,"Johnson&Johnson, Moderna, Oxford/AstraZeneca, Pfizer/BioNTech",4664427,2266454,6930881
2021-06-16,"Johnson&Johnson, Moderna, Oxford/AstraZeneca, Pfizer/BioNTech",4707253,2344711,7051964
2021-06-17,"Johnson&Johnson, Moderna, Oxford/AstraZeneca, Pfizer/BioNTech",4746698,2427836,7174534
2021-06-18,"Johnson&Johnson, Moderna, Oxford/AstraZeneca, Pfizer/BioNTech",4789151,2508449,7297600
2021-06-19,"Johnson&Johnson, Moderna, Oxford/AstraZeneca, Pfizer/BioNTech",4810951,2537802,7348753
2021-06-20,"Johnson&Johnson, Moderna, Oxford/AstraZeneca, Pfizer/BioNTech",4828365,2561688,7390053
2021-06-21,"Johnson&Johnson, Moderna, Oxford/AstraZeneca, Pfizer/BioNTech",4860884,2640330,7501214
2021-06-22,"Johnson&Johnson, Moderna, Oxford/AstraZeneca, Pfizer/BioNTech",4893867,2722682,7616549
2021-06-23,"Johnson&Johnson, Moderna, Oxford/AstraZeneca, Pfizer/BioNTech",4925597,2807954,7733551
2021-06-24,"Johnson&Johnson, Moderna, Oxford/AstraZeneca, Pfizer/BioNTech",4955475,2898038,7853513
2021-06-25,"Johnson&Johnson, Moderna, Oxford/AstraZeneca, Pfizer/BioNTech",4986577,2984300,7970877
2021-06-26,"Johnson&Johnson, Moderna, Oxford/AstraZeneca, Pfizer/BioNTech",5002482,3019199,8021681
2021-06-27,"Johnson&Johnson, Moderna, Oxford/AstraZeneca, Pfizer/BioNTech",5016444,3045926,8062370
2021-06-28,"Johnson&Johnson, Moderna, Oxford/AstraZeneca, Pfizer/BioNTech",5044871,3131170,8176041
2021-06-29,"Johnson&Johnson, Moderna, Oxford/AstraZeneca, Pfizer/BioNTech",5074171,3217745,8291916
2021-06-30,"Johnson&Johnson, Moderna, Oxford/AstraZeneca, Pfizer/BioNTech",5101683,3308814,8410497
2021-07-01,"Johnson&Johnson, Moderna, Oxford/AstraZeneca, Pfizer/BioNTech",5125693,3398938,8524631
2021-07-02,"Johnson&Johnson, Moderna, Oxford/AstraZeneca, Pfizer/BioNTech",5152453,3484897,8637350
2021-07-03,"Johnson&Johnson, Moderna, Oxford/AstraZeneca, Pfizer/BioNTech",5159563,3516479,8676042
2021-07-04,"Johnson&Johnson, Moderna, Oxford/AstraZeneca, Pfizer/BioNTech",5167159,3538309,8705468
2021-07-05,"Johnson&Johnson, Moderna, Oxford/AstraZeneca, Pfizer/BioNTech",5174587,3563727,8738314
2021-07-06,"Johnson&Johnson, Moderna, Oxford/AstraZeneca, Pfizer/BioNTech",5180074,3591470,8771544
2021-07-07,"Johnson&Johnson, Moderna, Oxford/AstraZeneca, Pfizer/BioNTech",5205913,3670484,8876397
2021-07-08,"Johnson&Johnson, Moderna, Oxford/AstraZeneca, Pfizer/BioNTech",5232536,3740854,8973390
2021-07-09,"Johnson&Johnson, Moderna, Oxford/AstraZeneca, Pfizer/BioNTech",5260500,3810209,9070709
2021-07-10,"Johnson&Johnson, Moderna, Oxford/AstraZeneca, Pfizer/BioNTech",5269889,3838889,9108778
2021-07-11,"Johnson&Johnson, Moderna, Oxford/AstraZeneca, Pfizer/BioNTech",5278450,3861783,9140233
2021-07-12,"Johnson&Johnson, Moderna, Oxford/AstraZeneca, Pfizer/BioNTech",5306006,3930881,9236887
2021-07-13,"Johnson&Johnson, Moderna, Oxford/AstraZeneca, Pfizer/BioNTech",5332220,4000785,9333005
2021-07-14,"Johnson&Johnson, Moderna, Oxford/AstraZeneca, Pfizer/BioNTech",5358067,4072806,9430873
2021-07-15,"Johnson&Johnson, Moderna, Oxford/AstraZeneca, Pfizer/BioNTech",5387265,4138855,9526120
2021-07-16,"Johnson&Johnson, Moderna, Oxford/AstraZeneca, Pfizer/BioNTech",5415209,4211619,9626828
2021-07-17,"Johnson&Johnson, Moderna, Oxford/AstraZeneca, Pfizer/BioNTech",5424015,4243104,9667119
2021-07-18,"Johnson&Johnson, Moderna, Oxford/AstraZeneca, Pfizer/BioNTech",5432463,4269126,9701589
2021-07-19,"Johnson&Johnson, Moderna, Oxford/AstraZeneca, Pfizer/BioNTech",5455839,4336174,9792013
2021-07-20,"Johnson&Johnson, Moderna, Oxford/AstraZeneca, Pfizer/BioNTech",5477258,4403265,9880523
2021-07-21,"Johnson&Johnson, Moderna, Oxford/AstraZeneca, Pfizer/BioNTech",5500721,4466752,9967473
2021-07-22,"Johnson&Johnson, Moderna, Oxford/AstraZeneca, Pfizer/BioNTech",5523097,4525415,10048512
2021-07-23,"Johnson&Johnson, Moderna, Oxford/AstraZeneca, Pfizer/BioNTech",5546343,4580204,10126547
2021-07-24,"Johnson&Johnson, Moderna, Oxford/AstraZeneca, Pfizer/BioNTech",5553698,4607894,10161592
2021-07-25,"Johnson&Johnson, Moderna, Oxford/AstraZeneca, Pfizer/BioNTech",5560342,4630039,10190381
2021-07-26,"Johnson&Johnson, Moderna, Oxford/AstraZeneca, Pfizer/BioNTech",5583903,4678753,10262656
2021-07-27,"Johnson&Johnson, Moderna, Oxford/AstraZeneca, Pfizer/BioNTech",5606667,4725434,10332101
2021-07-28,"Johnson&Johnson, Moderna, Oxford/AstraZeneca, Pfizer/BioNTech",5627956,4771478,10399434
2021-07-29,"Johnson&Johnson, Moderna, Oxford/AstraZeneca, Pfizer/BioNTech",5649305,4813486,10462791
2021-07-30,"Johnson&Johnson, Moderna, Oxford/AstraZeneca, Pfizer/BioNTech",5672595,4856090,10528685
2021-07-31,"Johnson&Johnson, Moderna, Oxford/AstraZeneca, Pfizer/BioNTech",5681559,4875648,10557207
2021-08-01,"Johnson&Johnson, Moderna, Oxford/AstraZeneca, Pfizer/BioNTech",5688292,4891832,10580124
2021-08-02,"Johnson&Johnson, Moderna, Oxford/AstraZeneca, Pfizer/BioNTech",5706942,4929421,10636363
2021-08-03,"Johnson&Johnson, Moderna, Oxford/AstraZeneca, Pfizer/BioNTech",5724601,4967564,10692165
2021-08-04,"Johnson&Johnson, Moderna, Oxford/AstraZeneca, Pfizer/BioNTech",5740739,5004364,10745103
2021-08-05,"Johnson&Johnson, Moderna, Oxford/AstraZeneca, Pfizer/BioNTech",5756790,5044878,10801668
2021-08-06,"Johnson&Johnson, Moderna, Oxford/AstraZeneca, Pfizer/BioNTech",5773605,5088217,10861822
2021-08-07,"Johnson&Johnson, Moderna, Oxford/AstraZeneca, Pfizer/BioNTech",5779218,5106409,10885627
2021-08-08,"Johnson&Johnson, Moderna, Oxford/AstraZeneca, Pfizer/BioNTech",5783591,5122186,10905777
2021-08-09,"Johnson&Johnson, Moderna, Oxford/AstraZeneca, Pfizer/BioNTech",5796234,5167275,10963509
2021-08-10,"Johnson&Johnson, Moderna, Oxford/AstraZeneca, Pfizer/BioNTech",5808087,5206875,11014962
2021-08-11,"Johnson&Johnson, Moderna, Oxford/AstraZeneca, Pfizer/BioNTech",5819462,5250031,11069493
2021-08-12,"Johnson&Johnson, Moderna, Oxford/AstraZeneca, Pfizer/BioNTech",5830890,5287192,11118082
2021-08-13,"Johnson&Johnson, Moderna, Oxford/AstraZeneca, Pfizer/BioNTech",5841625,5327563,11169188
2021-08-14,"Johnson&Johnson, Moderna, Oxford/AstraZeneca, Pfizer/BioNTech",5844967,5338281,11183248
2021-08-15,"Johnson&Johnson, Moderna, Oxford/AstraZeneca, Pfizer/BioNTech",5847561,5348676,11196237
2021-08-16,"Johnson&Johnson, Moderna, Oxford/AstraZeneca, Pfizer/BioNTech",5857359,5382776,11240135
2021-08-17,"Johnson&Johnson, Moderna, Oxford/AstraZeneca, Pfizer/BioNTech",5866962,5409901,11276863
2021-08-18,"Johnson&Johnson, Moderna, Oxford/AstraZeneca, Pfizer/BioNTech",5876341,5448818,11325159
2021-08-19,"Johnson&Johnson, Moderna, Oxford/AstraZeneca, Pfizer/BioNTech",5886027,5487190,11373217
2021-08-20,"Johnson&Johnson, Moderna, Oxford/AstraZeneca, Pfizer/BioNTech",5897424,5527396,11424820
2021-08-21,"Johnson&Johnson, Moderna, Oxford/AstraZeneca, Pfizer/BioNTech",5900150,5540178,11440328
2021-08-22,"Johnson&Johnson, Moderna, Oxford/AstraZeneca, Pfizer/BioNTech",5902496,5552156,11454652
2021-08-23,"Johnson&Johnson, Moderna, Oxford/AstraZeneca, Pfizer/BioNTech",5913030,5591444,11504474
2021-08-24,"Johnson&Johnson, Moderna, Oxford/AstraZeneca, Pfizer/BioNTech",5922914,5624713,11547627
2021-08-25,"Johnson&Johnson, Moderna, Oxford/AstraZeneca, Pfizer/BioNTech",5931787,5653100,11584887
2021-08-26,"Johnson&Johnson, Moderna, Oxford/AstraZeneca, Pfizer/BioNTech",5940245,5679240,11619485
2021-08-27,"Johnson&Johnson, Moderna, Oxford/AstraZeneca, Pfizer/BioNTech",5950574,5705236,11655810
2021-08-28,"Johnson&Johnson, Moderna, Oxford/AstraZeneca, Pfizer/BioNTech",5953316,5712311,11665627
2021-08-29,"Johnson&Johnson, Moderna, Oxford/AstraZeneca, Pfizer/BioNTech",5955731,5718939,11674670
2021-08-30,"Johnson&Johnson, Moderna, Oxford/AstraZeneca, Pfizer/BioNTech",5964263,5740830,11705093
2021-08-31,"Johnson&Johnson, Moderna, Oxford/AstraZeneca, Pfizer/BioNTech",5971952,5758948,11730900
2021-09-01,"Johnson&Johnson, Moderna, Oxford/AstraZeneca, Pfizer/BioNTech",5977867,5772974,11750841
2021-09-02,"Johnson&Johnson, Moderna, Oxford/AstraZeneca, Pfizer/BioNTech",5984708,5787370,11772078
2021-09-03,"Johnson&Johnson, Moderna, Oxford/AstraZeneca, Pfizer/BioNTech",5994271,5803114,11797385
2021-09-04,"Johnson&Johnson, Moderna, Oxford/AstraZeneca, Pfizer/BioNTech",5996345,5806678,11803023
2021-09-05,"Johnson&Johnson, Moderna, Oxford/AstraZeneca, Pfizer/BioNTech",5998389,5809529,11807918
2021-09-06,"Johnson&Johnson, Moderna, Oxford/AstraZeneca, Pfizer/BioNTech",6004629,5822083,11826712
2021-09-07,"Johnson&Johnson, Moderna, Oxford/AstraZeneca, Pfizer/BioNTech",6009026,5833179,11842205
2021-09-08,"Johnson&Johnson, Moderna, Oxford/AstraZeneca, Pfizer/BioNTech",6014706,5843050,11857756
2021-09-09,"Johnson&Johnson, Moderna, Oxford/AstraZeneca, Pfizer/BioNTech",6021407,5853124,11874531
2021-09-10,"Johnson&Johnson, Moderna, Oxford/AstraZeneca, Pfizer/BioNTech",6029110,5865313,11894423
2021-09-11,"Johnson&Johnson, Moderna, Oxford/AstraZeneca, Pfizer/BioNTech",6030982,5867807,11898789
2021-09-12,"Johnson&Johnson, Moderna, Oxford/AstraZeneca, Pfizer/BioNTech",6032103,5869443,11901546
2021-09-13,"Johnson&Johnson, Moderna, Oxford/AstraZeneca, Pfizer/BioNTech",6037548,5879758,11917306
2021-09-14,"Johnson&Johnson, Moderna, Oxford/AstraZeneca, Pfizer/BioNTech",6042949,5888778,11931727
2021-09-15,"Johnson&Johnson, Moderna, Oxford/AstraZeneca, Pfizer/BioNTech",6048159,5897311,11945470
2021-09-16,"Johnson&Johnson, Moderna, Oxford/AstraZeneca, Pfizer/BioNTech",6053521,5905595,11959116
2021-09-17,"Johnson&Johnson, Moderna, Oxford/AstraZeneca, Pfizer/BioNTech",6060094,5915836,11975930
2021-09-18,"Johnson&Johnson, Moderna, Oxford/AstraZeneca, Pfizer/BioNTech",6061827,5918201,11980028
2021-09-19,"Johnson&Johnson, Moderna, Oxford/AstraZeneca, Pfizer/BioNTech",6062774,5919773,11982547
2021-09-20,"Johnson&Johnson, Moderna, Oxford/AstraZeneca, Pfizer/BioNTech",6066800,5927978,11994778
2021-09-21,"Johnson&Johnson, Moderna, Oxford/AstraZeneca, Pfizer/BioNTech",6071041,5935519,12006560
2021-09-22,"Johnson&Johnson, Moderna, Oxford/AstraZeneca, Pfizer/BioNTech",6075235,5941049,12016284
2021-09-23,"Johnson&Johnson, Moderna, Oxford/AstraZeneca, Pfizer/BioNTech",6080206,5947464,12027670
2021-09-24,"Johnson&Johnson, Moderna, Oxford/AstraZeneca, Pfizer/BioNTech",6085969,5957084,12043053
2021-09-25,"Johnson&Johnson, Moderna, Oxford/AstraZeneca, Pfizer/BioNTech",6087468,5959087,12046555
2021-09-26,"Johnson&Johnson, Moderna, Oxford/AstraZeneca, Pfizer/BioNTech",6088213,5960729,12048942
2021-09-27,"Johnson&Johnson, Moderna, Oxford/AstraZeneca, Pfizer/BioNTech",6092099,5967248,12059347
2021-09-28,"Johnson&Johnson, Moderna, Oxford/AstraZeneca, Pfizer/BioNTech",6092474,5967884,12060358
2021-09-29,"Johnson&Johnson, Moderna, Oxford/AstraZeneca, Pfizer/BioNTech",6096250,5975350,12071600
2021-09-30,"Johnson&Johnson, Moderna, Oxford/AstraZeneca, Pfizer/BioNTech",6100771,5983055,12083826
2021-10-01,"Johnson&Johnson, Moderna, Oxford/AstraZeneca, Pfizer/BioNTech",6105083,5991043,12096126
2021-10-02,"Johnson&Johnson, Moderna, Oxford/AstraZeneca, Pfizer/BioNTech",6106146,5992589,12098735
2021-10-03,"Johnson&Johnson, Moderna, Oxford/AstraZeneca, Pfizer/BioNTech",6106871,5993461,12100332
2021-10-04,"Johnson&Johnson, Moderna, Oxford/AstraZeneca, Pfizer/BioNTech",6109951,5999041,12108992
2021-10-05,"Johnson&Johnson, Moderna, Oxford/AstraZeneca, Pfizer/BioNTech",6113115,6004130,12117245
2021-10-06,"Johnson&Johnson, Moderna, Oxford/AstraZeneca, Pfizer/BioNTech",6116636,6009308,12125944
2021-10-07,"Johnson&Johnson, Moderna, Oxford/AstraZeneca, Pfizer/BioNTech",6119920,6014571,12134491
2021-10-08,"Johnson&Johnson, Moderna, Oxford/AstraZeneca, Pfizer/BioNTech",6124714,6021217,12145931
2021-10-09,"Johnson&Johnson, Moderna, Oxford/AstraZeneca, Pfizer/BioNTech",6125959,6022885,12148844
2021-10-10,"Johnson&Johnson, Moderna, Oxford/AstraZeneca, Pfizer/BioNTech",6126903,6023718,12150621
2021-10-11,"Johnson&Johnson, Moderna, Oxford/AstraZeneca, Pfizer/BioNTech",6129834,6028138,12157972
2021-10-12,"Johnson&Johnson, Moderna, Oxford/AstraZeneca, Pfizer/BioNTech",6132769,6032141,12164910
2021-10-13,"Johnson&Johnson, Moderna, Oxford/AstraZeneca, Pfizer/BioNTech",6136301,6036330,12172631
2021-10-14,"Johnson&Johnson, Moderna, Oxford/AstraZeneca, Pfizer/BioNTech",6139973,6041280,12181253
2021-10-15,"Johnson&Johnson, Moderna, Oxford/AstraZeneca, Pfizer/BioNTech",6145203,6047430,12192633
2021-10-16,"Johnson&Johnson, Moderna, Oxford/AstraZeneca, Pfizer/BioNTech",6146617,6048955,12195572
2021-10-17,"Johnson&Johnson, Moderna, Pfizer/BioNTech",6147944,6050010,12197954
2021-10-18,"Johnson&Johnson, Moderna, Oxford/AstraZeneca, Pfizer/BioNTech",6152058,6054118,12206176
2021-10-19,"Johnson&Johnson, Moderna, Oxford/AstraZeneca, Pfizer/BioNTech",6155640,6056224,12211864
2021-10-20,"Johnson&Johnson, Moderna, Oxford/AstraZeneca, Pfizer/BioNTech",6160526,6060685,12221211
2021-10-21,"Johnson&Johnson, Moderna, Oxford/AstraZeneca, Pfizer/BioNTech",6168295,6066295,12234590
2021-10-22,"Johnson&Johnson, Moderna, Oxford/AstraZeneca, Pfizer/BioNTech",6178752,6072800,12251552
2021-10-23,"Johnson&Johnson, Moderna, Oxford/AstraZeneca, Pfizer/BioNTech",6182429,6075011,12257440
2021-10-24,"Johnson&Johnson, Moderna, Oxford/AstraZeneca, Pfizer/BioNTech",6185114,6076792,12261906
2021-10-25,"Johnson&Johnson, Moderna, Oxford/AstraZeneca, Pfizer/BioNTech",6195616,6082603,12278219
2021-10-26,"Johnson&Johnson, Moderna, Oxford/AstraZeneca, Pfizer/BioNTech",6207607,6089154,12296761
2021-10-27,"Johnson&Johnson, Moderna, Oxford/AstraZeneca, Pfizer/BioNTech",6222215,6096570,12318785
2021-10-28,"Johnson&Johnson, Moderna, Oxford/AstraZeneca, Pfizer/BioNTech",6225641,6098255,12323896
2021-10-29,"Johnson&Johnson, Moderna, Oxford/AstraZeneca, Pfizer/BioNTech",6240079,6106241,12346320
2021-10-30,"Johnson&Johnson, Moderna, Oxford/AstraZeneca, Pfizer/BioNTech",6244608,6109169,12353777
2021-10-31,"Johnson&Johnson, Moderna, Oxford/AstraZeneca, Pfizer/BioNTech",6248371,6111645,12360016
2021-11-01,"Johnson&Johnson, Moderna, Oxford/AstraZeneca, Pfizer/BioNTech",6263568,6119331,12382899
2021-11-02,"Johnson&Johnson, Moderna, Oxford/AstraZeneca, Pfizer/BioNTech",6279020,6126887,12405907
2021-11-03,"Johnson&Johnson, Moderna, Oxford/AstraZeneca, Pfizer/BioNTech",6296200,6134178,12430378
2021-11-04,"Johnson&Johnson, Moderna, Oxford/AstraZeneca, Pfizer/BioNTech",6314548,6142352,12456900
2021-11-05,"Johnson&Johnson, Moderna, Oxford/AstraZeneca, Pfizer/BioNTech",6337351,6153639,12490990
2021-11-06,"Johnson&Johnson, Moderna, Oxford/AstraZeneca, Pfizer/BioNTech",6343866,6156697,12500563
2021-11-07,"Johnson&Johnson, Moderna, Oxford/AstraZeneca, Pfizer/BioNTech",6347890,6159133,12507023
2021-11-08,"Johnson&Johnson, Moderna, Oxford/AstraZeneca, Pfizer/BioNTech",6364156,6166760,12530916
2021-11-09,"Johnson&Johnson, Moderna, Oxford/AstraZeneca, Pfizer/BioNTech",6378968,6174059,12553027
2021-11-10,"Johnson&Johnson, Moderna, Oxford/AstraZeneca, Pfizer/BioNTech",6394707,6181445,12576152
2021-11-11,"Johnson&Johnson, Moderna, Oxford/AstraZeneca, Pfizer/BioNTech",6410177,6190553,12600730
2021-11-12,"Johnson&Johnson, Moderna, Oxford/AstraZeneca, Pfizer/BioNTech",6429977,6203354,12633331
2021-11-13,"Johnson&Johnson, Moderna, Oxford/AstraZeneca, Pfizer/BioNTech",6435371,6207230,12642601
2021-11-14,"Johnson&Johnson, Moderna, Oxford/AstraZeneca, Pfizer/BioNTech",6439266,6210238,12649504
2021-11-15,"Johnson&Johnson, Moderna, Oxford/AstraZeneca, Pfizer/BioNTech",6454345,6220933,12675278
2021-11-16,"Johnson&Johnson, Moderna, Oxford/AstraZeneca, Pfizer/BioNTech",6471879,6232910,12704789
2021-11-17,"Johnson&Johnson, Moderna, Oxford/AstraZeneca, Pfizer/BioNTech",6476122,6236476,12712598
2021-11-18,"Johnson&Johnson, Moderna, Oxford/AstraZeneca, Pfizer/BioNTech",6495540,6248172,12743712
2021-11-19,"Johnson&Johnson, Moderna, Oxford/AstraZeneca, Pfizer/BioNTech",6520150,6265148,12785298
2021-11-20,"Johnson&Johnson, Moderna, Oxford/AstraZeneca, Pfizer/BioNTech",6528728,6270131,12798859
2021-11-21,"Johnson&Johnson, Moderna, Pfizer/BioNTech",6535497,6273904,12809401
2021-11-22,"Johnson&Johnson, Moderna, Oxford/AstraZeneca, Pfizer/BioNTech",6554005,6288017,12842022
2021-11-23,"Johnson&Johnson, Moderna, Oxford/AstraZeneca, Pfizer/BioNTech",6573071,6301280,12874351
2021-11-24,"Johnson&Johnson, Moderna, Oxford/AstraZeneca, Pfizer/BioNTech",6592084,6317131,12909215
2021-11-25,"Johnson&Johnson, Moderna, Oxford/AstraZeneca, Pfizer/BioNTech",6611228,6332169,12943397
2021-11-26,"Johnson&Johnson, Moderna, Oxford/AstraZeneca, Pfizer/BioNTech",6632884,6351307,12984191
2021-11-27,"Johnson&Johnson, Moderna, Oxford/AstraZeneca, Pfizer/BioNTech",6640354,6356862,12997216
2021-11-28,"Johnson&Johnson, Moderna, Oxford/AstraZeneca, Pfizer/BioNTech",6643687,6359998,13003685
2021-11-29,"Johnson&Johnson, Moderna, Oxford/AstraZeneca, Pfizer/BioNTech",6658896,6373659,13032555
2021-11-30,"Johnson&Johnson, Moderna, Oxford/AstraZeneca, Pfizer/BioNTech",6672098,6384888,13056986
2021-12-01,"Johnson&Johnson, Moderna, Oxford/AstraZeneca, Pfizer/BioNTech",6686135,6397344,13083479
2021-12-02,"Johnson&Johnson, Moderna, Oxford/AstraZeneca, Pfizer/BioNTech",6696775,6409835,13106610
2021-12-03,"Johnson&Johnson, Moderna, Oxford/AstraZeneca, Pfizer/BioNTech",6706415,6425414,13131829
2021-12-04,"Johnson&Johnson, Moderna, Pfizer/BioNTech",6708972,6429364,13138336
2021-12-05,"Johnson&Johnson, Moderna, Oxford/AstraZeneca, Pfizer/BioNTech",6710333,6431704,13142037
2021-12-06,"Johnson&Johnson, Moderna, Oxford/AstraZeneca, Pfizer/BioNTech",6718481,6443233,13161714
2021-12-07,"Johnson&Johnson, Moderna, Oxford/AstraZeneca, Pfizer/BioNTech",6726372,6455243,13181615
2021-12-08,"Johnson&Johnson, Moderna, Oxford/AstraZeneca, Pfizer/BioNTech",6734616,6461171,13195787
2021-12-09,"Johnson&Johnson, Moderna, Oxford/AstraZeneca, Pfizer/BioNTech",6741737,6473991,13215728
2021-12-10,"Johnson&Johnson, Moderna, Oxford/AstraZeneca, Pfizer/BioNTech",6748670,6491795,13240465
2021-12-11,"Johnson&Johnson, Moderna, Oxford/AstraZeneca, Pfizer/BioNTech",6750329,6497067,13247396
2021-12-12,"Johnson&Johnson, Moderna, Oxford/AstraZeneca, Pfizer/BioNTech",6751640,6501500,13253140
2021-12-13,"Johnson&Johnson, Moderna, Oxford/AstraZeneca, Pfizer/BioNTech",6757996,6514813,13272809
2021-12-14,"Johnson&Johnson, Moderna, Oxford/AstraZeneca, Pfizer/BioNTech",6764206,6528482,13292688
2021-12-15,"Johnson&Johnson, Moderna, Oxford/AstraZeneca, Pfizer/BioNTech",6770412,6542080,13312492
2021-12-16,"Johnson&Johnson, Moderna, Oxford/AstraZeneca, Pfizer/BioNTech",6777353,6556914,13334267
2021-12-17,"Johnson&Johnson, Moderna, Oxford/AstraZeneca, Pfizer/BioNTech",6785719,6574180,13359899
2021-12-18,"Johnson&Johnson, Moderna, Oxford/AstraZeneca, Pfizer/BioNTech",6788330,6579632,13367962
2021-12-19,"Johnson&Johnson, Moderna, Pfizer/BioNTech",6790101,6582136,13372237
2021-12-20,"Johnson&Johnson, Moderna, Oxford/AstraZeneca, Pfizer/BioNTech",6795957,6596198,13392155
2021-12-21,"Johnson&Johnson, Moderna, Oxford/AstraZeneca, Pfizer/BioNTech",6802619,6608192,13410811
2021-12-22,"Johnson&Johnson, Moderna, Oxford/AstraZeneca, Pfizer/BioNTech",6807667,6621250,13428917
2021-12-23,"Johnson&Johnson, Moderna, Oxford/AstraZeneca, Pfizer/BioNTech",6810541,6626852,13437393
2021-12-24,"Johnson&Johnson, Moderna, Oxford/AstraZeneca, Pfizer/BioNTech",6810587,6626954,13437541
2021-12-25,"Moderna, Pfizer/BioNTech",6810588,6626962,13437550
2021-12-26,"Moderna, Pfizer/BioNTech",6810690,6627165,13437855
2021-12-27,"Johnson&Johnson, Moderna, Pfizer/BioNTech",6814557,6636908,13451465
2021-12-28,"Johnson&Johnson, Moderna, Oxford/AstraZeneca, Pfizer/BioNTech",6819797,6644904,13464701
2021-12-29,"Johnson&Johnson, Moderna, Oxford/AstraZeneca, Pfizer/BioNTech",6824077,6652623,13476700
2021-12-30,"Johnson&Johnson, Moderna, Pfizer/BioNTech",6828378,6658056,13486434
2021-12-31,"Johnson&Johnson, Moderna, Pfizer/BioNTech",6828888,6659480,13488368
2022-01-01,"Johnson&Johnson, Moderna, Pfizer/BioNTech",6828894,6659498,13488392
2022-01-02,"Johnson&Johnson, Moderna, Pfizer/BioNTech",6829751,6660875,13490626
2022-01-03,"Johnson&Johnson, Moderna, Oxford/AstraZeneca, Pfizer/BioNTech",6833888,6669783,13503671
2022-01-04,"Johnson&Johnson, Moderna, Oxford/AstraZeneca, Pfizer/BioNTech",6838972,6677538,13516510
2022-01-05,"Johnson&Johnson, Moderna, Oxford/AstraZeneca, Pfizer/BioNTech",6844792,6685510,13530302
2022-01-06,"Johnson&Johnson, Moderna, Oxford/AstraZeneca, Pfizer/BioNTech",6851376,6693910,13545286
2022-01-07,"Johnson&Johnson, Moderna, Oxford/AstraZeneca, Pfizer/BioNTech",6859251,6704265,13563516
2022-01-08,"Johnson&Johnson, Moderna, Oxford/AstraZeneca, Pfizer/BioNTech",6861731,6707048,13568779
2022-01-09,"Johnson&Johnson, Moderna, Pfizer/BioNTech",6862814,6708743,13571557
2022-01-10,"Johnson&Johnson, Moderna, Oxford/AstraZeneca, Pfizer/BioNTech",6867317,6714932,13582249
2022-01-11,"Johnson&Johnson, Moderna, Oxford/AstraZeneca, Pfizer/BioNTech",6872756,6721685,13594441
2022-01-12,"Johnson&Johnson, Moderna, Oxford/AstraZeneca, Pfizer/BioNTech",6878713,6727328,13606041
2022-01-13,"Johnson&Johnson, Moderna, Oxford/AstraZeneca, Pfizer/BioNTech",6884599,6732105,13616704
2022-01-14,"Johnson&Johnson, Moderna, Oxford/AstraZeneca, Pfizer/BioNTech",6890900,6735737,13626637
2022-01-15,"Johnson&Johnson, Moderna, Oxford/AstraZeneca, Pfizer/BioNTech",6892176,6736393,13628569
2022-01-16,"Johnson&Johnson, Moderna, Oxford/AstraZeneca, Pfizer/BioNTech",6892864,6736830,13629694
2022-01-17,"Johnson&Johnson, Moderna, Oxford/AstraZeneca, Pfizer/BioNTech",6896418,6740786,13637204
2022-01-18,"Johnson&Johnson, Moderna, Oxford/AstraZeneca, Pfizer/BioNTech",6900268,6745735,13646003
2022-01-19,"Johnson&Johnson, Moderna, Oxford/AstraZeneca, Pfizer/BioNTech",6904338,6749666,13654004
2022-01-20,"Johnson&Johnson, Moderna, Oxford/AstraZeneca, Pfizer/BioNTech",6907930,6754122,13662052
2022-01-21,"Johnson&Johnson, Moderna, Oxford/AstraZeneca, Pfizer/BioNTech",6911924,6756650,13668574
2022-01-22,"Johnson&Johnson, Moderna, Pfizer/BioNTech",6912703,6757089,13669792
2022-01-23,"Johnson&Johnson, Moderna, Pfizer/BioNTech",6913264,6757723,13670987
2022-01-24,"Johnson&Johnson, Moderna, Oxford/AstraZeneca, Pfizer/BioNTech",6915534,6761158,13676692
2022-01-25,"Johnson&Johnson, Moderna, Oxford/AstraZeneca, Pfizer/BioNTech",6917889,6765153,13683042
2022-01-26,"Johnson&Johnson, Moderna, Oxford/AstraZeneca, Pfizer/BioNTech",6920274,6769719,13689993
2022-01-27,"Johnson&Johnson, Moderna, Oxford/AstraZeneca, Pfizer/BioNTech",6922593,6774531,13697124
2022-01-28,"Johnson&Johnson, Moderna, Oxford/AstraZeneca, Pfizer/BioNTech",6925510,6780694,13706204
2022-01-29,"Johnson&Johnson, Moderna, Oxford/AstraZeneca, Pfizer/BioNTech",6926110,6782345,13708455
2022-01-30,"Johnson&Johnson, Moderna, Pfizer/BioNTech",6926337,6783123,13709460
2022-01-31,"Johnson&Johnson, Moderna, Pfizer/BioNTech",6927879,6787046,13714925
2022-02-01,"Johnson&Johnson, Moderna, Pfizer/BioNTech",6929475,6791077,13720552
2022-02-02,"Johnson&Johnson, Moderna, Oxford/AstraZeneca, Pfizer/BioNTech",6931042,6795586,13726628
2022-02-03,"Johnson&Johnson, Moderna, Pfizer/BioNTech",6932414,6800064,13732478
2022-02-04,"Johnson&Johnson, Moderna, Pfizer/BioNTech",6934015,6805179,13739194
2022-02-05,"Johnson&Johnson, Moderna, Pfizer/BioNTech",6934188,6805788,13739976
2022-02-06,"Johnson&Johnson, Moderna, Pfizer/BioNTech",6934284,6806107,13740391
2022-02-07,"Johnson&Johnson, Moderna, Pfizer/BioNTech",6934985,6809316,13744301
2022-02-08,"Johnson&Johnson, Moderna, Pfizer/BioNTech",6935780,6812504,13748284
2022-02-09,"Johnson&Johnson, Moderna, Pfizer/BioNTech",6936604,6815875,13752479
2022-02-10,"Johnson&Johnson, Moderna, Pfizer/BioNTech",6937402,6818999,13756401
2022-02-11,"Johnson&Johnson, Moderna, Pfizer/BioNTech",6938356,6822913,13761269
2022-02-12,"Johnson&Johnson, Moderna, Pfizer/BioNTech",6938466,6823332,13761798
2022-02-13,"Johnson&Johnson, Moderna, Pfizer/BioNTech",6938501,6823769,13762270
2022-02-14,"Johnson&Johnson, Moderna, Pfizer/BioNTech",6938958,6825881,13764839
2022-02-15,"Johnson&Johnson, Moderna, Pfizer/BioNTech",6939511,6828088,13767599
2022-02-16,"Johnson&Johnson, Moderna, Pfizer/BioNTech",6940102,6830187,13770289
2022-02-17,"Johnson&Johnson, Moderna, Pfizer/BioNTech",6940696,6832528,13773224
2022-02-18,"Johnson&Johnson, Moderna, Oxford/AstraZeneca, Pfizer/BioNTech",6941337,6835580,13776917
2022-02-19,"Johnson&Johnson, Moderna, Pfizer/BioNTech",6941416,6835861,13777277
2022-02-20,"Johnson&Johnson, Moderna, Pfizer/BioNTech",6941451,6836010,13777461
2022-02-21,"Johnson&Johnson, Moderna, Pfizer/BioNTech",6941814,6837707,13779521
2022-02-22,"Johnson&Johnson, Moderna, Oxford/AstraZeneca, Pfizer/BioNTech",6942206,6839388,13781594
2022-02-23,"Johnson&Johnson, Moderna, Pfizer/BioNTech",6942660,6841030,13783690
2022-02-24,"Johnson&Johnson, Moderna, Pfizer/BioNTech",6943068,6842660,13785728
2022-02-25,"Johnson&Johnson, Moderna, Pfizer/BioNTech",6943651,6844744,13788395
2022-02-26,"Johnson&Johnson, Moderna, Pfizer/BioNTech",6943712,6844905,13788617
2022-02-27,"Johnson&Johnson, Moderna, Pfizer/BioNTech",6943742,6844981,13788723
2022-02-28,"Johnson&Johnson, Moderna, Pfizer/BioNTech",6943988,6845955,13789943
2022-03-01,"Johnson&Johnson, Moderna, Pfizer/BioNTech",6944293,6846739,13791032
2022-03-02,"Johnson&Johnson, Moderna, Novavax, Pfizer/BioNTech",6944663,6847646,13792309
2022-03-03,"Johnson&Johnson, Moderna, Novavax, Pfizer/BioNTech",6944998,6848589,13793587
2022-03-04,"Johnson&Johnson, Moderna, Novavax, Pfizer/BioNTech",6945626,6849810,13795436
2022-03-05,"Johnson&Johnson, Moderna, Novavax, Pfizer/BioNTech",6945707,6849901,13795608
2022-03-06,"Moderna, Novavax, Pfizer/BioNTech",6945719,6849919,13795638
2022-03-07,"Johnson&Johnson, Moderna, Novavax, Pfizer/BioNTech",6946054,6850476,13796530
2022-03-08,"Johnson&Johnson, Moderna, Novavax, Pfizer/BioNTech",6946389,6851018,13797407
2022-03-09,"Johnson&Johnson, Moderna, Novavax, Pfizer/BioNTech",6946776,6851605,13798381
2022-03-10,"Johnson&Johnson, Moderna, Novavax, Pfizer/BioNTech",6947187,6852276,13799463
2022-03-11,"Johnson&Johnson, Moderna, Novavax, Pfizer/BioNTech",6947936,6853184,13801120
2022-03-12,"Johnson&Johnson, Moderna, Novavax, Pfizer/BioNTech",6948004,6853289,13801293
2022-03-13,"Johnson&Johnson, Moderna, Novavax, Pfizer/BioNTech",6948017,6853307,13801324
2022-03-14,"Johnson&Johnson, Moderna, Novavax, Pfizer/BioNTech",6948282,6853686,13801968
2022-03-15,"Johnson&Johnson, Moderna, Novavax, Pfizer/BioNTech",6948565,6854122,13802687
2022-03-16,"Johnson&Johnson, Moderna, Novavax, Pfizer/BioNTech",6948882,6854664,13803546
2022-03-17,"Johnson&Johnson, Moderna, Novavax, Oxford/AstraZeneca, Pfizer/BioNTech",6949175,6855097,13804272
2022-03-18,"Johnson&Johnson, Moderna, Novavax, Pfizer/BioNTech",6949871,6855889,13805760
2022-03-19,"Moderna, Novavax, Pfizer/BioNTech",6949927,6855934,13805861
2022-03-20,"Moderna, Novavax, Pfizer/BioNTech",6949944,6855946,13805890
2022-03-21,"Johnson&Johnson, Moderna, Novavax, Pfizer/BioNTech",6950131,6856273,13806404
2022-03-22,"Johnson&Johnson, Moderna, Novavax, Pfizer/BioNTech",6950370,6856669,13807039
2022-03-23,"Johnson&Johnson, Moderna, Novavax, Pfizer/BioNTech",6950702,6857104,13807806
2022-03-24,"Johnson&Johnson, Moderna, Novavax, Pfizer/BioNTech",6951012,6857577,13808589
2022-03-25,"Johnson&Johnson, Moderna, Novavax, Pfizer/BioNTech",6951497,6858377,13809874
2022-03-26,"Johnson&Johnson, Moderna, Novavax, Pfizer/BioNTech",6951549,6858454,13810003
2022-03-27,"Moderna, Novavax, Pfizer/BioNTech",6951565,6858471,13810036
2022-03-28,"Johnson&Johnson, Moderna, Novavax, Pfizer/BioNTech",6951718,6858850,13810568
2022-03-29,"Johnson&Johnson, Moderna, Novavax, Pfizer/BioNTech",6951980,6859256,13811236
2022-03-30,"Johnson&Johnson, Moderna, Novavax, Pfizer/BioNTech",6952282,6859747,13812029
2022-03-31,"Johnson&Johnson, Moderna, Novavax, Pfizer/BioNTech",6952579,6860239,13812818
2022-04-01,"Johnson&Johnson, Moderna, Novavax, Pfizer/BioNTech",6953149,6860997,13814146
2022-04-02,"Moderna, Novavax, Pfizer/BioNTech",6953204,6861081,13814285
2022-04-03,"Moderna, Novavax, Pfizer/BioNTech",6953216,6861110,13814326
2022-04-04,"Johnson&Johnson, Moderna, Novavax, Pfizer/BioNTech",6953381,6861389,13814770
2022-04-05,"Johnson&Johnson, Moderna, Novavax, Pfizer/BioNTech",6953569,6861625,13815194
2022-04-06,"Johnson&Johnson, Moderna, Novavax, Pfizer/BioNTech",6953785,6861971,13815756
2022-04-07,"Johnson&Johnson, Moderna, Novavax, Pfizer/BioNTech",6954003,6862386,13816389
2022-04-08,"Johnson&Johnson, Moderna, Novavax, Pfizer/BioNTech",6954448,6863106,13817554
2022-04-09,"Johnson&Johnson, Moderna, Novavax, Pfizer/BioNTech",6954506,6863178,13817684
2022-04-10,"Moderna, Novavax, Pfizer/BioNTech",6954518,6863187,13817705
2022-04-11,"Johnson&Johnson, Moderna, Novavax, Pfizer/BioNTech",6954675,6863418,13818093
2022-04-12,"Johnson&Johnson, Moderna, Novavax, Pfizer/BioNTech",6954914,6863716,13818630
2022-04-13,"Johnson&Johnson, Moderna, Novavax, Pfizer/BioNTech",6955153,6864069,13819222
2022-04-14,"Johnson&Johnson, Moderna, Novavax, Pfizer/BioNTech",6955418,6864450,13819868
2022-04-15,"Moderna, Novavax, Pfizer/BioNTech",6955436,6864472,13819908
2022-04-16,"Moderna, Novavax, Pfizer/BioNTech",6955454,6864504,13819958
2022-04-17,"Moderna, Novavax, Pfizer/BioNTech",6955455,6864505,13819960
2022-04-18,"Moderna, Novavax, Pfizer/BioNTech",6955457,6864521,13819978
2022-04-19,"Johnson&Johnson, Moderna, Novavax, Pfizer/BioNTech",6955592,6864857,13820449
2022-04-20,"Johnson&Johnson, Moderna, Novavax, Pfizer/BioNTech",6955811,6865244,13821055
2022-04-21,"Johnson&Johnson, Moderna, Novavax, Pfizer/BioNTech",6956027,6865661,13821688
2022-04-22,"Johnson&Johnson, Moderna, Novavax, Pfizer/BioNTech",6956492,6866471,13822963
2022-04-23,"Moderna, Novavax, Pfizer/BioNTech",6956523,6866550,13823073
2022-04-24,"Moderna, Novavax, Pfizer/BioNTech",6956528,6866560,13823088
2022-04-25,"Johnson&Johnson, Moderna, Novavax, Pfizer/BioNTech",6956667,6866758,13823425
2022-04-26,"Johnson&Johnson, Moderna, Novavax, Pfizer/BioNTech",6956801,6867008,13823809
2022-04-27,"Johnson&Johnson, Moderna, Novavax, Pfizer/BioNTech",6957063,6867329,13824392
2022-04-28,"Johnson&Johnson, Moderna, Novavax, Pfizer/BioNTech",6957244,6867607,13824851
2022-04-29,"Johnson&Johnson, Moderna, Novavax, Pfizer/BioNTech",6957628,6868129,13825757
