date,vaccine,people_vaccinated,people_fully_vaccinated,total_vaccinations
2020-12-27,Pfizer/BioNTech,1249,0,1249
2020-12-28,Pfizer/BioNTech,3541,0,3541
2020-12-29,Pfizer/BioNTech,6989,0,6989
2020-12-30,Pfizer/BioNTech,10464,0,10464
2020-12-31,Pfizer/BioNTech,11769,0,11769
2021-01-01,Pfizer/BioNTech,12030,0,12030
2021-01-02,Pfizer/BioNTech,13294,0,13294
2021-01-03,Pfizer/BioNTech,14208,0,14208
2021-01-04,Pfizer/BioNTech,17781,0,17781
2021-01-05,Pfizer/BioNTech,22271,0,22271
2021-01-06,Pfizer/BioNTech,28090,0,28090
2021-01-07,Pfizer/BioNTech,36031,0,36031
2021-01-08,Pfizer/BioNTech,45966,0,45966
2021-01-09,Pfizer/BioNTech,47979,0,47979
2021-01-10,Pfizer/BioNTech,49729,0,49729
2021-01-11,Pfizer/BioNTech,59519,0,59519
2021-01-12,Pfizer/BioNTech,72880,0,72880
2021-01-13,Pfizer/BioNTech,86354,0,86354
2021-01-14,"Moderna, Pfizer/BioNTech",101511,0,101511
2021-01-15,"Moderna, Pfizer/BioNTech",115448,0,115448
2021-01-16,"Moderna, Pfizer/BioNTech",118820,2,118822
2021-01-17,"Moderna, Pfizer/BioNTech",121416,635,122051
2021-01-18,"Moderna, Pfizer/BioNTech",133864,2445,136309
2021-01-19,"Moderna, Pfizer/BioNTech",146369,5145,151514
2021-01-20,"Moderna, Pfizer/BioNTech",159977,7774,167751
2021-01-21,"Moderna, Pfizer/BioNTech",175536,9494,185030
2021-01-22,"Moderna, Pfizer/BioNTech",190332,10528,200860
2021-01-23,"Moderna, Pfizer/BioNTech",193611,11394,205005
2021-01-24,"Moderna, Pfizer/BioNTech",195856,12257,208113
2021-01-25,"Moderna, Pfizer/BioNTech",205452,15211,220663
2021-01-26,"Moderna, Pfizer/BioNTech",215946,19166,235112
2021-01-27,"Moderna, Pfizer/BioNTech",224936,23661,248597
2021-01-28,"Moderna, Pfizer/BioNTech",231965,29748,261713
2021-01-29,"Moderna, Pfizer/BioNTech",238143,37565,275708
2021-01-30,"Moderna, Pfizer/BioNTech",238861,38647,277508
2021-01-31,"Moderna, Pfizer/BioNTech",239564,39819,279383
2021-02-01,"Moderna, Pfizer/BioNTech",243511,47696,291207
2021-02-02,"Moderna, Pfizer/BioNTech",247628,57865,305493
2021-02-03,"Moderna, Pfizer/BioNTech",252016,68816,320832
2021-02-04,"Moderna, Pfizer/BioNTech",256893,81725,338618
2021-02-05,"Moderna, Pfizer/BioNTech",262329,92346,354675
2021-02-06,"Moderna, Pfizer/BioNTech",263165,94683,357848
2021-02-07,"Moderna, Pfizer/BioNTech",264011,97159,361170
2021-02-08,"Moderna, Pfizer/BioNTech",268027,108507,376534
2021-02-09,"Moderna, Oxford/AstraZeneca, Pfizer/BioNTech",273092,120402,393494
2021-02-10,"Moderna, Pfizer/BioNTech",278556,133575,412131
2021-02-11,"Moderna, Oxford/AstraZeneca, Pfizer/BioNTech",284833,149687,434520
2021-02-12,"Moderna, Oxford/AstraZeneca, Pfizer/BioNTech",291537,164326,455863
2021-02-13,"Moderna, Oxford/AstraZeneca, Pfizer/BioNTech",293113,167297,460410
2021-02-14,"Moderna, Oxford/AstraZeneca, Pfizer/BioNTech",294101,168665,462766
2021-02-15,"Moderna, Oxford/AstraZeneca, Pfizer/BioNTech",300444,177971,478415
2021-02-16,"Moderna, Oxford/AstraZeneca, Pfizer/BioNTech",309108,186988,496096
2021-02-17,"Moderna, Oxford/AstraZeneca, Pfizer/BioNTech",318769,195234,514003
2021-02-18,"Moderna, Oxford/AstraZeneca, Pfizer/BioNTech",331031,203218,534249
2021-02-19,"Moderna, Oxford/AstraZeneca, Pfizer/BioNTech",342837,210507,553344
2021-02-20,"Moderna, Oxford/AstraZeneca, Pfizer/BioNTech",344771,211670,556441
2021-02-21,"Moderna, Oxford/AstraZeneca, Pfizer/BioNTech",345794,212676,558470
2021-02-22,"Moderna, Oxford/AstraZeneca, Pfizer/BioNTech",355871,218665,574536
2021-02-23,"Moderna, Oxford/AstraZeneca, Pfizer/BioNTech",368735,225599,594334
2021-02-24,"Moderna, Oxford/AstraZeneca, Pfizer/BioNTech",382541,231593,614134
2021-02-25,"Moderna, Oxford/AstraZeneca, Pfizer/BioNTech",400462,237107,637569
2021-02-26,"Moderna, Oxford/AstraZeneca, Pfizer/BioNTech",416555,242420,658975
2021-02-27,"Moderna, Oxford/AstraZeneca, Pfizer/BioNTech",419489,242968,662457
2021-02-28,"Moderna, Oxford/AstraZeneca, Pfizer/BioNTech",421826,243515,665341
2021-03-01,"Moderna, Oxford/AstraZeneca, Pfizer/BioNTech",441187,246901,688088
2021-03-02,"Moderna, Oxford/AstraZeneca, Pfizer/BioNTech",468269,250424,718693
2021-03-03,"Moderna, Oxford/AstraZeneca, Pfizer/BioNTech",498858,254897,753755
2021-03-04,"Moderna, Oxford/AstraZeneca, Pfizer/BioNTech",531922,259545,791467
2021-03-05,"Moderna, Oxford/AstraZeneca, Pfizer/BioNTech",560558,264906,825464
2021-03-06,"Moderna, Oxford/AstraZeneca, Pfizer/BioNTech",572628,265742,838370
2021-03-07,"Moderna, Oxford/AstraZeneca, Pfizer/BioNTech",583966,266570,850536
2021-03-08,"Moderna, Oxford/AstraZeneca, Pfizer/BioNTech",613503,271380,884883
2021-03-09,"Moderna, Oxford/AstraZeneca, Pfizer/BioNTech",649586,277710,927296
2021-03-10,"Moderna, Oxford/AstraZeneca, Pfizer/BioNTech",690585,284620,975205
2021-03-11,"Moderna, Oxford/AstraZeneca, Pfizer/BioNTech",735086,292933,1028019
2021-03-12,"Moderna, Oxford/AstraZeneca, Pfizer/BioNTech",773602,301350,1074952
2021-03-13,"Moderna, Oxford/AstraZeneca, Pfizer/BioNTech",790590,302633,1093223
2021-03-14,"Moderna, Oxford/AstraZeneca, Pfizer/BioNTech",802614,303759,1106373
2021-03-15,"Moderna, Oxford/AstraZeneca, Pfizer/BioNTech",830750,312502,1143252
2021-03-16,"Moderna, Oxford/AstraZeneca, Pfizer/BioNTech",869385,322969,1192354
2021-03-17,"Moderna, Oxford/AstraZeneca, Pfizer/BioNTech",906606,333421,1240027
2021-03-18,"Moderna, Oxford/AstraZeneca, Pfizer/BioNTech",944271,345777,1290048
2021-03-19,"Moderna, Oxford/AstraZeneca, Pfizer/BioNTech",978384,359313,1337697
2021-03-20,"Moderna, Oxford/AstraZeneca, Pfizer/BioNTech",993360,361318,1354678
2021-03-21,"Moderna, Oxford/AstraZeneca, Pfizer/BioNTech",1000702,362848,1363550
2021-03-22,"Moderna, Oxford/AstraZeneca, Pfizer/BioNTech",1024820,375235,1400055
2021-03-23,"Moderna, Oxford/AstraZeneca, Pfizer/BioNTech",1051115,388480,1439595
2021-03-24,"Moderna, Oxford/AstraZeneca, Pfizer/BioNTech",1077656,404115,1481771
2021-03-25,"Moderna, Oxford/AstraZeneca, Pfizer/BioNTech",1103753,421906,1525659
2021-03-26,"Moderna, Oxford/AstraZeneca, Pfizer/BioNTech",1128335,439323,1567658
2021-03-27,"Moderna, Oxford/AstraZeneca, Pfizer/BioNTech",1136687,444132,1580819
2021-03-28,"Moderna, Oxford/AstraZeneca, Pfizer/BioNTech",1142162,448242,1590404
2021-03-29,"Moderna, Oxford/AstraZeneca, Pfizer/BioNTech",1160894,468827,1629721
2021-03-30,"Moderna, Oxford/AstraZeneca, Pfizer/BioNTech",1185333,490893,1676226
2021-03-31,"Moderna, Oxford/AstraZeneca, Pfizer/BioNTech",1208191,517839,1726030
2021-04-01,"Moderna, Oxford/AstraZeneca, Pfizer/BioNTech",1233531,549695,1783226
2021-04-02,"Moderna, Oxford/AstraZeneca, Pfizer/BioNTech",1240324,562402,1802726
2021-04-03,"Moderna, Oxford/AstraZeneca, Pfizer/BioNTech",1243875,573280,1817155
2021-04-04,"Moderna, Oxford/AstraZeneca, Pfizer/BioNTech",1246337,582012,1828349
2021-04-05,"Moderna, Oxford/AstraZeneca, Pfizer/BioNTech",1248641,589153,1837794
2021-04-06,"Moderna, Oxford/AstraZeneca, Pfizer/BioNTech",1264612,618290,1882902
2021-04-07,"Moderna, Oxford/AstraZeneca, Pfizer/BioNTech",1287774,640333,1928107
2021-04-08,"Moderna, Oxford/AstraZeneca, Pfizer/BioNTech",1325891,671125,1997016
2021-04-09,"Moderna, Oxford/AstraZeneca, Pfizer/BioNTech",1364662,701019,2065681
2021-04-10,"Moderna, Oxford/AstraZeneca, Pfizer/BioNTech",1379930,716207,2096137
2021-04-11,"Moderna, Oxford/AstraZeneca, Pfizer/BioNTech",1389621,726188,2115809
2021-04-12,"Moderna, Oxford/AstraZeneca, Pfizer/BioNTech",1427287,750974,2178261
2021-04-13,"Moderna, Oxford/AstraZeneca, Pfizer/BioNTech",1463041,776779,2239820
2021-04-14,"Moderna, Oxford/AstraZeneca, Pfizer/BioNTech",1501457,804028,2305485
2021-04-15,"Moderna, Oxford/AstraZeneca, Pfizer/BioNTech",1548885,829595,2378480
2021-04-16,"Moderna, Oxford/AstraZeneca, Pfizer/BioNTech",1593140,855128,2448268
2021-04-17,"Moderna, Oxford/AstraZeneca, Pfizer/BioNTech",1609674,864110,2473784
2021-04-18,"Moderna, Oxford/AstraZeneca, Pfizer/BioNTech",1622565,869053,2491618
2021-04-19,"Moderna, Oxford/AstraZeneca, Pfizer/BioNTech",1666124,884372,2550496
2021-04-20,"Moderna, Oxford/AstraZeneca, Pfizer/BioNTech",1707951,900108,2608059
2021-04-21,"Moderna, Oxford/AstraZeneca, Pfizer/BioNTech",1755424,914209,2669633
2021-04-22,"Johnson&Johnson, Moderna, Oxford/AstraZeneca, Pfizer/BioNTech",1809540,931484,2741024
2021-04-23,"Johnson&Johnson, Moderna, Oxford/AstraZeneca, Pfizer/BioNTech",1859160,943429,2802589
2021-04-24,"Johnson&Johnson, Moderna, Oxford/AstraZeneca, Pfizer/BioNTech",1876859,948618,2825477
2021-04-25,"Johnson&Johnson, Moderna, Oxford/AstraZeneca, Pfizer/BioNTech",1891348,952593,2843941
2021-04-26,"Johnson&Johnson, Moderna, Oxford/AstraZeneca, Pfizer/BioNTech",1940388,959940,2900328
2021-04-27,"Johnson&Johnson, Moderna, Oxford/AstraZeneca, Pfizer/BioNTech",1988812,972056,2960868
2021-04-28,"Johnson&Johnson, Moderna, Oxford/AstraZeneca, Pfizer/BioNTech",2047111,985944,3033055
2021-04-29,"Johnson&Johnson, Moderna, Oxford/AstraZeneca, Pfizer/BioNTech",2111947,1001636,3113583
2021-04-30,"Johnson&Johnson, Moderna, Oxford/AstraZeneca, Pfizer/BioNTech",2173525,1011479,3185004
2021-05-01,"Johnson&Johnson, Moderna, Oxford/AstraZeneca, Pfizer/BioNTech",2192661,1014811,3207472
2021-05-02,"Johnson&Johnson, Moderna, Oxford/AstraZeneca, Pfizer/BioNTech",2211428,1017034,3228462
2021-05-03,"Johnson&Johnson, Moderna, Oxford/AstraZeneca, Pfizer/BioNTech",2278070,1022016,3300086
2021-05-04,"Johnson&Johnson, Moderna, Oxford/AstraZeneca, Pfizer/BioNTech",2343784,1030248,3374032
2021-05-05,"Johnson&Johnson, Moderna, Oxford/AstraZeneca, Pfizer/BioNTech",2416281,1039532,3455813
2021-05-06,"Johnson&Johnson, Moderna, Oxford/AstraZeneca, Pfizer/BioNTech",2495817,1050081,3545898
2021-05-07,"Johnson&Johnson, Moderna, Oxford/AstraZeneca, Pfizer/BioNTech",2572457,1059997,3632454
2021-05-08,"Johnson&Johnson, Moderna, Oxford/AstraZeneca, Pfizer/BioNTech",2601666,1061689,3663355
2021-05-09,"Johnson&Johnson, Moderna, Oxford/AstraZeneca, Pfizer/BioNTech",2625674,1062854,3688528
2021-05-10,"Johnson&Johnson, Moderna, Oxford/AstraZeneca, Pfizer/BioNTech",2697670,1069947,3767617
2021-05-11,"Johnson&Johnson, Moderna, Oxford/AstraZeneca, Pfizer/BioNTech",2773029,1078659,3851688
2021-05-12,"Johnson&Johnson, Moderna, Oxford/AstraZeneca, Pfizer/BioNTech",2852151,1087590,3939741
2021-05-13,"Johnson&Johnson, Moderna, Oxford/AstraZeneca, Pfizer/BioNTech",2935365,1096632,4031997
2021-05-14,"Johnson&Johnson, Moderna, Oxford/AstraZeneca, Pfizer/BioNTech",3013909,1104275,4118184
2021-05-15,"Johnson&Johnson, Moderna, Oxford/AstraZeneca, Pfizer/BioNTech",3045493,1106410,4151903
2021-05-16,"Johnson&Johnson, Moderna, Oxford/AstraZeneca, Pfizer/BioNTech",3071114,1107584,4178698
2021-05-17,"Johnson&Johnson, Moderna, Oxford/AstraZeneca, Pfizer/BioNTech",3143029,1114204,4257233
2021-05-18,"Johnson&Johnson, Moderna, Oxford/AstraZeneca, Pfizer/BioNTech",3214369,1127078,4341447
2021-05-19,"Johnson&Johnson, Moderna, Oxford/AstraZeneca, Pfizer/BioNTech",3291109,1142096,4433205
2021-05-20,"Johnson&Johnson, Moderna, Oxford/AstraZeneca, Pfizer/BioNTech",3365802,1168864,4534666
2021-05-21,"Johnson&Johnson, Moderna, Oxford/AstraZeneca, Pfizer/BioNTech",3433883,1196399,4630282
2021-05-22,"Johnson&Johnson, Moderna, Oxford/AstraZeneca, Pfizer/BioNTech",3465823,1207423,4673246
2021-05-23,"Johnson&Johnson, Moderna, Oxford/AstraZeneca, Pfizer/BioNTech",3487949,1216352,4704301
2021-05-24,"Johnson&Johnson, Moderna, Oxford/AstraZeneca, Pfizer/BioNTech",3534554,1249722,4784276
2021-05-25,"Johnson&Johnson, Moderna, Oxford/AstraZeneca, Pfizer/BioNTech",3585827,1285154,4870981
2021-05-26,"Johnson&Johnson, Moderna, Oxford/AstraZeneca, Pfizer/BioNTech",3652875,1322429,4975304
2021-05-27,"Johnson&Johnson, Moderna, Oxford/AstraZeneca, Pfizer/BioNTech",3713582,1369390,5082972
2021-05-28,"Johnson&Johnson, Moderna, Oxford/AstraZeneca, Pfizer/BioNTech",3774577,1415513,5190090
2021-05-29,"Johnson&Johnson, Moderna, Oxford/AstraZeneca, Pfizer/BioNTech",3803440,1432446,5235886
2021-05-30,"Johnson&Johnson, Moderna, Oxford/AstraZeneca, Pfizer/BioNTech",3825555,1446780,5272335
2021-05-31,"Johnson&Johnson, Moderna, Oxford/AstraZeneca, Pfizer/BioNTech",3879983,1493604,5373587
2021-06-01,"Johnson&Johnson, Moderna, Oxford/AstraZeneca, Pfizer/BioNTech",3937686,1541537,5479223
2021-06-02,"Johnson&Johnson, Moderna, Oxford/AstraZeneca, Pfizer/BioNTech",3999662,1595030,5594692
2021-06-03,"Johnson&Johnson, Moderna, Oxford/AstraZeneca, Pfizer/BioNTech",4056858,1654102,5710960
2021-06-04,"Johnson&Johnson, Moderna, Oxford/AstraZeneca, Pfizer/BioNTech",4116735,1709834,5826569
2021-06-05,"Johnson&Johnson, Moderna, Oxford/AstraZeneca, Pfizer/BioNTech",4147599,1728055,5875654
