date,vaccine,people_vaccinated,people_fully_vaccinated,total_vaccinations
2020-12-27,Pfizer/BioNTech,1258,0,1258
2020-12-28,Pfizer/BioNTech,3555,0,3555
2020-12-29,Pfizer/BioNTech,7004,0,7004
2020-12-30,Pfizer/BioNTech,10476,0,10476
2020-12-31,Pfizer/BioNTech,11790,0,11790
2021-01-01,Pfizer/BioNTech,12054,0,12054
2021-01-02,Pfizer/BioNTech,13312,0,13312
2021-01-03,Pfizer/BioNTech,14231,0,14231
2021-01-04,Pfizer/BioNTech,17810,0,17810
2021-01-05,Pfizer/BioNTech,22331,0,22331
2021-01-06,Pfizer/BioNTech,28162,0,28162
2021-01-07,Pfizer/BioNTech,36132,0,36132
2021-01-08,Pfizer/BioNTech,46099,0,46099
2021-01-09,Pfizer/BioNTech,48109,0,48109
2021-01-10,Pfizer/BioNTech,49833,0,49833
2021-01-11,Pfizer/BioNTech,59639,0,59639
2021-01-12,Pfizer/BioNTech,73037,0,73037
2021-01-13,Pfizer/BioNTech,86537,0,86537
2021-01-14,"Moderna, Pfizer/BioNTech",101730,0,101730
2021-01-15,"Moderna, Pfizer/BioNTech",115667,0,115667
2021-01-16,"Moderna, Pfizer/BioNTech",119045,0,119045
2021-01-17,"Moderna, Pfizer/BioNTech",121640,634,122274
2021-01-18,"Moderna, Pfizer/BioNTech",134097,2437,136534
2021-01-19,"Moderna, Pfizer/BioNTech",146516,5136,151652
2021-01-20,"Moderna, Pfizer/BioNTech",160066,7758,167824
2021-01-21,"Moderna, Pfizer/BioNTech",175545,9481,185026
2021-01-22,"Moderna, Pfizer/BioNTech",190273,10517,200790
2021-01-23,"Moderna, Pfizer/BioNTech",193535,11382,204917
2021-01-24,"Moderna, Pfizer/BioNTech",195775,12243,208018
2021-01-25,"Moderna, Pfizer/BioNTech",205377,15184,220561
2021-01-26,"Moderna, Pfizer/BioNTech",215857,19142,234999
2021-01-27,"Moderna, Pfizer/BioNTech",224800,23628,248428
2021-01-28,"Moderna, Pfizer/BioNTech",231828,29710,261538
2021-01-29,"Moderna, Pfizer/BioNTech",238003,37487,275490
2021-01-30,"Moderna, Pfizer/BioNTech",238718,38568,277286
2021-01-31,Pfizer/BioNTech,239417,39706,279123
2021-02-01,"Moderna, Pfizer/BioNTech",243235,47552,290787
2021-02-02,"Moderna, Pfizer/BioNTech",247339,57696,305035
2021-02-03,"Moderna, Pfizer/BioNTech",251718,68637,320355
2021-02-04,"Moderna, Pfizer/BioNTech",256588,81526,338114
2021-02-05,"Moderna, Pfizer/BioNTech",261987,92103,354090
2021-02-06,"Moderna, Pfizer/BioNTech",262819,94424,357243
2021-02-07,"Moderna, Pfizer/BioNTech",263662,96886,360548
2021-02-08,"Moderna, Pfizer/BioNTech",267661,108194,375855
2021-02-09,"Moderna, Pfizer/BioNTech",272685,120020,392705
2021-02-10,"Moderna, Pfizer/BioNTech",278186,133088,411274
2021-02-11,"Moderna, Oxford/AstraZeneca, Pfizer/BioNTech",284374,149028,433402
2021-02-12,"Moderna, Oxford/AstraZeneca, Pfizer/BioNTech",291036,163607,454643
2021-02-13,"Moderna, Oxford/AstraZeneca, Pfizer/BioNTech",292607,166556,459163
2021-02-14,"Moderna, Oxford/AstraZeneca, Pfizer/BioNTech",293585,167921,461506
2021-02-15,"Moderna, Oxford/AstraZeneca, Pfizer/BioNTech",299893,177202,477095
2021-02-16,"Moderna, Oxford/AstraZeneca, Pfizer/BioNTech",308436,186085,494521
2021-02-17,"Moderna, Oxford/AstraZeneca, Pfizer/BioNTech",318003,194287,512290
2021-02-18,"Moderna, Oxford/AstraZeneca, Pfizer/BioNTech",330176,202169,532345
2021-02-19,"Moderna, Oxford/AstraZeneca, Pfizer/BioNTech",341760,209360,551120
2021-02-20,"Moderna, Oxford/AstraZeneca, Pfizer/BioNTech",343626,210522,554148
2021-02-21,"Moderna, Oxford/AstraZeneca, Pfizer/BioNTech",344640,211525,556165
2021-02-22,"Moderna, Oxford/AstraZeneca, Pfizer/BioNTech",354570,217486,572056
2021-02-23,"Moderna, Oxford/AstraZeneca, Pfizer/BioNTech",367219,224364,591583
2021-02-24,"Moderna, Oxford/AstraZeneca, Pfizer/BioNTech",380907,230305,611212
2021-02-25,"Moderna, Oxford/AstraZeneca, Pfizer/BioNTech",398531,235793,634324
2021-02-26,"Moderna, Oxford/AstraZeneca, Pfizer/BioNTech",414226,241023,655249
2021-02-27,"Moderna, Oxford/AstraZeneca, Pfizer/BioNTech",417106,241567,658673
2021-02-28,"Moderna, Oxford/AstraZeneca, Pfizer/BioNTech",419422,242105,661527
2021-03-01,"Moderna, Oxford/AstraZeneca, Pfizer/BioNTech",438415,245410,683825
2021-03-02,"Moderna, Oxford/AstraZeneca, Pfizer/BioNTech",464960,248895,713855
2021-03-03,"Moderna, Oxford/AstraZeneca, Pfizer/BioNTech",494709,253285,747994
2021-03-04,"Moderna, Oxford/AstraZeneca, Pfizer/BioNTech",526716,257835,784551
2021-03-05,"Moderna, Oxford/AstraZeneca, Pfizer/BioNTech",554427,263130,817557
2021-03-06,"Moderna, Oxford/AstraZeneca, Pfizer/BioNTech",565732,263958,829690
2021-03-07,"Moderna, Oxford/AstraZeneca, Pfizer/BioNTech",576492,264779,841271
2021-03-08,"Moderna, Oxford/AstraZeneca, Pfizer/BioNTech",605433,269461,874894
2021-03-09,"Moderna, Oxford/AstraZeneca, Pfizer/BioNTech",640609,275733,916342
2021-03-10,"Moderna, Oxford/AstraZeneca, Pfizer/BioNTech",680927,282575,963502
2021-03-11,"Moderna, Oxford/AstraZeneca, Pfizer/BioNTech",724590,290667,1015257
2021-03-12,"Moderna, Oxford/AstraZeneca, Pfizer/BioNTech",762409,298885,1061294
2021-03-13,"Moderna, Oxford/AstraZeneca, Pfizer/BioNTech",779089,300145,1079234
2021-03-14,"Moderna, Oxford/AstraZeneca, Pfizer/BioNTech",790556,301247,1091803
2021-03-15,"Moderna, Oxford/AstraZeneca, Pfizer/BioNTech",817885,309866,1127751
2021-03-16,"Moderna, Oxford/AstraZeneca, Pfizer/BioNTech",855370,319996,1175366
2021-03-17,"Moderna, Oxford/AstraZeneca, Pfizer/BioNTech",890646,330086,1220732
2021-03-18,"Moderna, Oxford/AstraZeneca, Pfizer/BioNTech",922458,340921,1263379
