date,vaccine,people_vaccinated,people_fully_vaccinated,total_vaccinations
2020-12-27,Pfizer/BioNTech,1285,0,1285
2020-12-28,Pfizer/BioNTech,3592,0,3592
2020-12-29,Pfizer/BioNTech,7062,1,7063
2020-12-30,Pfizer/BioNTech,10583,1,10584
2020-12-31,Pfizer/BioNTech,11895,1,11896
2021-01-01,"Moderna, Pfizer/BioNTech",12165,1,12166
2021-01-02,Pfizer/BioNTech,13446,1,13447
2021-01-03,"Moderna, Pfizer/BioNTech",14370,1,14371
2021-01-04,"Moderna, Pfizer/BioNTech",17985,1,17986
2021-01-05,"Moderna, Pfizer/BioNTech",22512,3,22515
2021-01-06,"Moderna, Pfizer/BioNTech",28360,4,28364
2021-01-07,"Moderna, Pfizer/BioNTech",36359,4,36363
2021-01-08,"Moderna, Pfizer/BioNTech",46411,5,46416
2021-01-09,"Moderna, Pfizer/BioNTech",48440,6,48446
2021-01-10,Pfizer/BioNTech,50212,7,50219
2021-01-11,"Moderna, Pfizer/BioNTech",60071,9,60080
2021-01-12,"Moderna, Pfizer/BioNTech",73529,11,73540
2021-01-13,"Moderna, Pfizer/BioNTech",87076,11,87087
2021-01-14,"Moderna, Pfizer/BioNTech",102329,15,102344
2021-01-15,"Moderna, Pfizer/BioNTech",116349,16,116365
2021-01-16,"Moderna, Pfizer/BioNTech",119752,20,119772
2021-01-17,"Moderna, Pfizer/BioNTech",122374,656,123030
2021-01-18,"Moderna, Pfizer/BioNTech",134867,2483,137350
2021-01-19,"Moderna, Pfizer/BioNTech",147478,5210,152688
2021-01-20,"Moderna, Pfizer/BioNTech",161170,7874,169044
2021-01-21,"Moderna, Pfizer/BioNTech",176825,9620,186445
2021-01-22,"Moderna, Pfizer/BioNTech",191719,10666,202385
2021-01-23,"Moderna, Pfizer/BioNTech",195041,11547,206588
2021-01-24,"Moderna, Pfizer/BioNTech",197297,12416,209713
2021-01-25,"Moderna, Pfizer/BioNTech",206950,15390,222340
2021-01-26,"Moderna, Pfizer/BioNTech",217499,19385,236884
2021-01-27,"Moderna, Pfizer/BioNTech",226530,23920,250450
2021-01-28,"Moderna, Pfizer/BioNTech",233634,30055,263689
2021-01-29,"Moderna, Pfizer/BioNTech",239851,37966,277817
2021-01-30,"Moderna, Pfizer/BioNTech",240592,39054,279646
2021-01-31,"Moderna, Pfizer/BioNTech",241308,40236,281544
2021-02-01,"Moderna, Pfizer/BioNTech",245290,48204,293494
2021-02-02,"Moderna, Pfizer/BioNTech",249442,58444,307886
2021-02-03,"Moderna, Pfizer/BioNTech",253868,69464,323332
2021-02-04,"Moderna, Pfizer/BioNTech",258774,82458,341232
2021-02-05,"Moderna, Pfizer/BioNTech",264244,93134,357378
2021-02-06,"Moderna, Oxford/AstraZeneca, Pfizer/BioNTech",265096,95502,360598
2021-02-07,"Moderna, Oxford/AstraZeneca, Pfizer/BioNTech",265948,98002,363950
2021-02-08,"Moderna, Oxford/AstraZeneca, Pfizer/BioNTech",270037,109437,379474
2021-02-09,"Moderna, Oxford/AstraZeneca, Pfizer/BioNTech",275141,121352,396493
2021-02-10,"Moderna, Oxford/AstraZeneca, Pfizer/BioNTech",280655,134612,415267
2021-02-11,"Moderna, Oxford/AstraZeneca, Pfizer/BioNTech",286995,150836,437831
2021-02-12,"Moderna, Oxford/AstraZeneca, Pfizer/BioNTech",293824,165581,459405
2021-02-13,"Moderna, Oxford/AstraZeneca, Pfizer/BioNTech",295437,168570,464007
2021-02-14,"Moderna, Oxford/AstraZeneca, Pfizer/BioNTech",296441,169956,466397
2021-02-15,"Moderna, Oxford/AstraZeneca, Pfizer/BioNTech",302840,179328,482168
2021-02-16,"Moderna, Oxford/AstraZeneca, Pfizer/BioNTech",311561,188413,499974
2021-02-17,"Moderna, Oxford/AstraZeneca, Pfizer/BioNTech",321261,196720,517981
2021-02-18,"Moderna, Oxford/AstraZeneca, Pfizer/BioNTech",333591,204804,538395
2021-02-19,"Moderna, Oxford/AstraZeneca, Pfizer/BioNTech",345455,212184,557639
2021-02-20,"Moderna, Oxford/AstraZeneca, Pfizer/BioNTech",347459,213370,560829
2021-02-21,"Moderna, Oxford/AstraZeneca, Pfizer/BioNTech",348594,214395,562989
2021-02-22,"Moderna, Oxford/AstraZeneca, Pfizer/BioNTech",358721,220431,579152
2021-02-23,"Moderna, Oxford/AstraZeneca, Pfizer/BioNTech",371685,227423,599108
2021-02-24,"Moderna, Oxford/AstraZeneca, Pfizer/BioNTech",385563,233465,619028
2021-02-25,"Moderna, Oxford/AstraZeneca, Pfizer/BioNTech",403542,239017,642559
2021-02-26,"Moderna, Oxford/AstraZeneca, Pfizer/BioNTech",419719,244373,664092
2021-02-27,"Moderna, Oxford/AstraZeneca, Pfizer/BioNTech",422728,244932,667660
2021-02-28,"Moderna, Oxford/AstraZeneca, Pfizer/BioNTech",425083,245484,670567
2021-03-01,"Moderna, Oxford/AstraZeneca, Pfizer/BioNTech",444681,248936,693617
2021-03-02,"Moderna, Oxford/AstraZeneca, Pfizer/BioNTech",471912,252487,724399
2021-03-03,"Moderna, Oxford/AstraZeneca, Pfizer/BioNTech",502866,256994,759860
2021-03-04,"Moderna, Oxford/AstraZeneca, Pfizer/BioNTech",536156,261683,797839
2021-03-05,"Johnson&Johnson, Moderna, Oxford/AstraZeneca, Pfizer/BioNTech",565003,267109,832112
2021-03-06,"Johnson&Johnson, Moderna, Oxford/AstraZeneca, Pfizer/BioNTech",577156,267972,845128
2021-03-07,"Johnson&Johnson, Moderna, Oxford/AstraZeneca, Pfizer/BioNTech",588702,268814,857516
2021-03-08,"Johnson&Johnson, Moderna, Oxford/AstraZeneca, Pfizer/BioNTech",618456,273673,892129
2021-03-09,"Johnson&Johnson, Moderna, Oxford/AstraZeneca, Pfizer/BioNTech",654822,280059,934881
2021-03-10,"Johnson&Johnson, Moderna, Oxford/AstraZeneca, Pfizer/BioNTech",696151,287018,983169
2021-03-11,"Johnson&Johnson, Moderna, Oxford/AstraZeneca, Pfizer/BioNTech",740999,295392,1036391
2021-03-12,"Johnson&Johnson, Moderna, Oxford/AstraZeneca, Pfizer/BioNTech",779772,303888,1083660
2021-03-13,"Johnson&Johnson, Moderna, Oxford/AstraZeneca, Pfizer/BioNTech",796874,305200,1102074
2021-03-14,"Johnson&Johnson, Moderna, Oxford/AstraZeneca, Pfizer/BioNTech",808992,306356,1115348
2021-03-15,"Johnson&Johnson, Moderna, Oxford/AstraZeneca, Pfizer/BioNTech",837387,315137,1152524
2021-03-16,"Johnson&Johnson, Moderna, Oxford/AstraZeneca, Pfizer/BioNTech",876281,325676,1201957
2021-03-17,"Moderna, Oxford/AstraZeneca, Pfizer/BioNTech",913774,336187,1249961
2021-03-18,"Johnson&Johnson, Moderna, Oxford/AstraZeneca, Pfizer/BioNTech",951784,348609,1300393
2021-03-19,"Moderna, Oxford/AstraZeneca, Pfizer/BioNTech",986292,362224,1348516
2021-03-20,"Johnson&Johnson, Moderna, Oxford/AstraZeneca, Pfizer/BioNTech",1001467,364255,1365722
2021-03-21,"Johnson&Johnson, Moderna, Oxford/AstraZeneca, Pfizer/BioNTech",1008902,365815,1374717
2021-03-22,"Johnson&Johnson, Moderna, Oxford/AstraZeneca, Pfizer/BioNTech",1033488,378319,1411807
2021-03-23,"Johnson&Johnson, Moderna, Oxford/AstraZeneca, Pfizer/BioNTech",1060158,391683,1451841
2021-03-24,"Johnson&Johnson, Moderna, Oxford/AstraZeneca, Pfizer/BioNTech",1087041,407429,1494470
2021-03-25,"Moderna, Oxford/AstraZeneca, Pfizer/BioNTech",1113395,425282,1538677
2021-03-26,"Johnson&Johnson, Moderna, Oxford/AstraZeneca, Pfizer/BioNTech",1138231,442792,1581023
2021-03-27,"Johnson&Johnson, Moderna, Oxford/AstraZeneca, Pfizer/BioNTech",1146684,447638,1594322
2021-03-28,"Moderna, Oxford/AstraZeneca, Pfizer/BioNTech",1152231,451786,1604017
2021-03-29,"Johnson&Johnson, Moderna, Oxford/AstraZeneca, Pfizer/BioNTech",1171381,472524,1643905
2021-03-30,"Johnson&Johnson, Moderna, Oxford/AstraZeneca, Pfizer/BioNTech",1196084,494709,1690793
2021-03-31,"Johnson&Johnson, Moderna, Oxford/AstraZeneca, Pfizer/BioNTech",1219234,521777,1741011
2021-04-01,"Johnson&Johnson, Moderna, Oxford/AstraZeneca, Pfizer/BioNTech",1244905,553840,1798745
2021-04-02,"Johnson&Johnson, Moderna, Oxford/AstraZeneca, Pfizer/BioNTech",1251864,566637,1818501
2021-04-03,"Johnson&Johnson, Moderna, Oxford/AstraZeneca, Pfizer/BioNTech",1255508,577568,1833076
2021-04-04,"Johnson&Johnson, Moderna, Oxford/AstraZeneca, Pfizer/BioNTech",1258040,586490,1844530
2021-04-05,"Johnson&Johnson, Moderna, Oxford/AstraZeneca, Pfizer/BioNTech",1260460,593689,1854149
2021-04-06,"Johnson&Johnson, Moderna, Oxford/AstraZeneca, Pfizer/BioNTech",1276661,622960,1899621
2021-04-07,"Johnson&Johnson, Moderna, Oxford/AstraZeneca, Pfizer/BioNTech",1300141,645200,1945341
2021-04-08,"Johnson&Johnson, Moderna, Oxford/AstraZeneca, Pfizer/BioNTech",1338936,676241,2015177
2021-04-09,"Johnson&Johnson, Moderna, Oxford/AstraZeneca, Pfizer/BioNTech",1378526,706435,2084961
2021-04-10,"Johnson&Johnson, Moderna, Oxford/AstraZeneca, Pfizer/BioNTech",1394075,721741,2115816
2021-04-11,"Johnson&Johnson, Moderna, Oxford/AstraZeneca, Pfizer/BioNTech",1403875,731795,2135670
2021-04-12,"Johnson&Johnson, Moderna, Oxford/AstraZeneca, Pfizer/BioNTech",1442197,756942,2199139
2021-04-13,"Moderna, Oxford/AstraZeneca, Pfizer/BioNTech",1478493,782988,2261481
2021-04-14,"Moderna, Oxford/AstraZeneca, Pfizer/BioNTech",1517368,810361,2327729
2021-04-15,"Moderna, Oxford/AstraZeneca, Pfizer/BioNTech",1565194,836138,2401332
2021-04-16,"Moderna, Oxford/AstraZeneca, Pfizer/BioNTech",1609897,861814,2471711
2021-04-17,"Moderna, Oxford/AstraZeneca, Pfizer/BioNTech",1626613,870842,2497455
2021-04-18,"Moderna, Oxford/AstraZeneca, Pfizer/BioNTech",1639611,875829,2515440
2021-04-19,"Moderna, Oxford/AstraZeneca, Pfizer/BioNTech",1683579,891276,2574855
2021-04-20,"Johnson&Johnson, Moderna, Oxford/AstraZeneca, Pfizer/BioNTech",1726170,907153,2633323
2021-04-21,"Moderna, Oxford/AstraZeneca, Pfizer/BioNTech",1773942,921517,2695459
2021-04-22,"Johnson&Johnson, Moderna, Oxford/AstraZeneca, Pfizer/BioNTech",1828467,938916,2767383
2021-04-23,"Johnson&Johnson, Moderna, Oxford/AstraZeneca, Pfizer/BioNTech",1878476,950978,2829454
2021-04-24,"Johnson&Johnson, Moderna, Oxford/AstraZeneca, Pfizer/BioNTech",1896344,956239,2852583
2021-04-25,"Johnson&Johnson, Moderna, Oxford/AstraZeneca, Pfizer/BioNTech",1911053,960238,2871291
2021-04-26,"Johnson&Johnson, Moderna, Oxford/AstraZeneca, Pfizer/BioNTech",1960666,967797,2928463
2021-04-27,"Johnson&Johnson, Moderna, Oxford/AstraZeneca, Pfizer/BioNTech",2009666,980045,2989711
2021-04-28,"Johnson&Johnson, Moderna, Oxford/AstraZeneca, Pfizer/BioNTech",2068451,994066,3062517
2021-04-29,"Johnson&Johnson, Moderna, Oxford/AstraZeneca, Pfizer/BioNTech",2134061,1009984,3144045
2021-04-30,"Johnson&Johnson, Moderna, Oxford/AstraZeneca, Pfizer/BioNTech",2196348,1019973,3216321
2021-05-01,"Johnson&Johnson, Moderna, Oxford/AstraZeneca, Pfizer/BioNTech",2215724,1023431,3239155
2021-05-02,"Johnson&Johnson, Moderna, Oxford/AstraZeneca, Pfizer/BioNTech",2234671,1025715,3260386
2021-05-03,"Johnson&Johnson, Moderna, Oxford/AstraZeneca, Pfizer/BioNTech",2301953,1030791,3332744
2021-05-04,"Johnson&Johnson, Moderna, Oxford/AstraZeneca, Pfizer/BioNTech",2368502,1039155,3407657
2021-05-05,"Johnson&Johnson, Moderna, Oxford/AstraZeneca, Pfizer/BioNTech",2441720,1048585,3490305
2021-05-06,"Johnson&Johnson, Moderna, Oxford/AstraZeneca, Pfizer/BioNTech",2522172,1059335,3581507
2021-05-07,"Johnson&Johnson, Moderna, Oxford/AstraZeneca, Pfizer/BioNTech",2599519,1069470,3668989
2021-05-08,"Johnson&Johnson, Moderna, Oxford/AstraZeneca, Pfizer/BioNTech",2629028,1071255,3700283
2021-05-09,"Johnson&Johnson, Moderna, Oxford/AstraZeneca, Pfizer/BioNTech",2653273,1072475,3725748
2021-05-10,"Johnson&Johnson, Moderna, Oxford/AstraZeneca, Pfizer/BioNTech",2726094,1079713,3805807
2021-05-11,"Johnson&Johnson, Moderna, Oxford/AstraZeneca, Pfizer/BioNTech",2802246,1088541,3890787
2021-05-12,"Johnson&Johnson, Moderna, Oxford/AstraZeneca, Pfizer/BioNTech",2882193,1097674,3979867
2021-05-13,"Johnson&Johnson, Moderna, Oxford/AstraZeneca, Pfizer/BioNTech",2966249,1106851,4073100
2021-05-14,"Johnson&Johnson, Moderna, Oxford/AstraZeneca, Pfizer/BioNTech",3045778,1114668,4160446
2021-05-15,"Johnson&Johnson, Moderna, Oxford/AstraZeneca, Pfizer/BioNTech",3077736,1116937,4194673
2021-05-16,"Johnson&Johnson, Moderna, Oxford/AstraZeneca, Pfizer/BioNTech",3103551,1118213,4221764
2021-05-17,"Johnson&Johnson, Moderna, Oxford/AstraZeneca, Pfizer/BioNTech",3176106,1124962,4301068
2021-05-18,"Johnson&Johnson, Moderna, Oxford/AstraZeneca, Pfizer/BioNTech",3248097,1138070,4386167
2021-05-19,"Johnson&Johnson, Moderna, Oxford/AstraZeneca, Pfizer/BioNTech",3325591,1153236,4478827
2021-05-20,"Johnson&Johnson, Moderna, Oxford/AstraZeneca, Pfizer/BioNTech",3401109,1180300,4581409
2021-05-21,"Johnson&Johnson, Moderna, Oxford/AstraZeneca, Pfizer/BioNTech",3469958,1208094,4678052
2021-05-22,"Johnson&Johnson, Moderna, Oxford/AstraZeneca, Pfizer/BioNTech",3502410,1219319,4721729
2021-05-23,"Johnson&Johnson, Moderna, Oxford/AstraZeneca, Pfizer/BioNTech",3524845,1228366,4753211
2021-05-24,"Johnson&Johnson, Moderna, Oxford/AstraZeneca, Pfizer/BioNTech",3572031,1262044,4834075
2021-05-25,"Johnson&Johnson, Moderna, Oxford/AstraZeneca, Pfizer/BioNTech",3623943,1297886,4921829
2021-05-26,"Johnson&Johnson, Moderna, Oxford/AstraZeneca, Pfizer/BioNTech",3691742,1335439,5027181
2021-05-27,"Johnson&Johnson, Moderna, Oxford/AstraZeneca, Pfizer/BioNTech",3753188,1382804,5135992
2021-05-28,"Johnson&Johnson, Moderna, Oxford/AstraZeneca, Pfizer/BioNTech",3814952,1429406,5244358
2021-05-29,"Johnson&Johnson, Moderna, Oxford/AstraZeneca, Pfizer/BioNTech",3844201,1446533,5290734
2021-05-30,"Johnson&Johnson, Moderna, Oxford/AstraZeneca, Pfizer/BioNTech",3866615,1460996,5327611
2021-05-31,"Johnson&Johnson, Moderna, Oxford/AstraZeneca, Pfizer/BioNTech",3922381,1508529,5430910
2021-06-01,"Johnson&Johnson, Moderna, Oxford/AstraZeneca, Pfizer/BioNTech",3981474,1557409,5538883
2021-06-02,"Johnson&Johnson, Moderna, Oxford/AstraZeneca, Pfizer/BioNTech",4044438,1611430,5655868
2021-06-03,"Johnson&Johnson, Moderna, Oxford/AstraZeneca, Pfizer/BioNTech",4102718,1671668,5774386
2021-06-04,"Johnson&Johnson, Moderna, Oxford/AstraZeneca, Pfizer/BioNTech",4165858,1729109,5894967
2021-06-05,"Johnson&Johnson, Moderna, Oxford/AstraZeneca, Pfizer/BioNTech",4200047,1748015,5948062
2021-06-06,"Johnson&Johnson, Moderna, Oxford/AstraZeneca, Pfizer/BioNTech",4226995,1763180,5990175
2021-06-07,"Johnson&Johnson, Moderna, Oxford/AstraZeneca, Pfizer/BioNTech",4290692,1818840,6109532
2021-06-08,"Johnson&Johnson, Moderna, Oxford/AstraZeneca, Pfizer/BioNTech",4354696,1873863,6228559
2021-06-09,"Johnson&Johnson, Moderna, Oxford/AstraZeneca, Pfizer/BioNTech",4413910,1938551,6352461
2021-06-10,"Johnson&Johnson, Moderna, Oxford/AstraZeneca, Pfizer/BioNTech",4467779,2009870,6477649
2021-06-11,"Johnson&Johnson, Moderna, Oxford/AstraZeneca, Pfizer/BioNTech",4519901,2079709,6599610
2021-06-12,"Johnson&Johnson, Moderna, Oxford/AstraZeneca, Pfizer/BioNTech",4551935,2100538,6652473
2021-06-13,"Johnson&Johnson, Moderna, Oxford/AstraZeneca, Pfizer/BioNTech",4575974,2118970,6694944
2021-06-14,"Johnson&Johnson, Moderna, Oxford/AstraZeneca, Pfizer/BioNTech",4619070,2193389,6812459
2021-06-15,"Johnson&Johnson, Moderna, Oxford/AstraZeneca, Pfizer/BioNTech",4663747,2265792,6929539
2021-06-16,"Johnson&Johnson, Moderna, Oxford/AstraZeneca, Pfizer/BioNTech",4706557,2344060,7050617
2021-06-17,"Johnson&Johnson, Moderna, Oxford/AstraZeneca, Pfizer/BioNTech",4745975,2427184,7173159
2021-06-18,"Johnson&Johnson, Moderna, Oxford/AstraZeneca, Pfizer/BioNTech",4788418,2507778,7296196
2021-06-19,"Johnson&Johnson, Moderna, Oxford/AstraZeneca, Pfizer/BioNTech",4810205,2537109,7347314
2021-06-20,"Johnson&Johnson, Moderna, Oxford/AstraZeneca, Pfizer/BioNTech",4827603,2560985,7388588
2021-06-21,"Johnson&Johnson, Moderna, Oxford/AstraZeneca, Pfizer/BioNTech",4860115,2639625,7499740
2021-06-22,"Johnson&Johnson, Moderna, Oxford/AstraZeneca, Pfizer/BioNTech",4893075,2721966,7615041
2021-06-23,"Johnson&Johnson, Moderna, Oxford/AstraZeneca, Pfizer/BioNTech",4924764,2807230,7731994
2021-06-24,"Johnson&Johnson, Moderna, Oxford/AstraZeneca, Pfizer/BioNTech",4954620,2897291,7851911
2021-06-25,"Johnson&Johnson, Moderna, Oxford/AstraZeneca, Pfizer/BioNTech",4985700,2983530,7969230
2021-06-26,"Johnson&Johnson, Moderna, Oxford/AstraZeneca, Pfizer/BioNTech",5001599,3018407,8020006
2021-06-27,"Johnson&Johnson, Moderna, Oxford/AstraZeneca, Pfizer/BioNTech",5015555,3045107,8060662
2021-06-28,"Johnson&Johnson, Moderna, Oxford/AstraZeneca, Pfizer/BioNTech",5043969,3130345,8174314
2021-06-29,"Johnson&Johnson, Moderna, Oxford/AstraZeneca, Pfizer/BioNTech",5073251,3216883,8290134
2021-06-30,"Johnson&Johnson, Moderna, Oxford/AstraZeneca, Pfizer/BioNTech",5100757,3307935,8408692
2021-07-01,"Johnson&Johnson, Moderna, Oxford/AstraZeneca, Pfizer/BioNTech",5124740,3398053,8522793
2021-07-02,"Johnson&Johnson, Moderna, Oxford/AstraZeneca, Pfizer/BioNTech",5151469,3483978,8635447
2021-07-03,"Johnson&Johnson, Moderna, Oxford/AstraZeneca, Pfizer/BioNTech",5158575,3515528,8674103
2021-07-04,"Johnson&Johnson, Moderna, Oxford/AstraZeneca, Pfizer/BioNTech",5166148,3537342,8703490
2021-07-05,"Johnson&Johnson, Moderna, Oxford/AstraZeneca, Pfizer/BioNTech",5173544,3562743,8736287
2021-07-06,"Johnson&Johnson, Moderna, Oxford/AstraZeneca, Pfizer/BioNTech",5178998,3590450,8769448
2021-07-07,"Johnson&Johnson, Moderna, Oxford/AstraZeneca, Pfizer/BioNTech",5204815,3669485,8874300
2021-07-08,"Johnson&Johnson, Moderna, Oxford/AstraZeneca, Pfizer/BioNTech",5231431,3739840,8971271
2021-07-09,"Johnson&Johnson, Moderna, Oxford/AstraZeneca, Pfizer/BioNTech",5259362,3809180,9068542
2021-07-10,"Johnson&Johnson, Moderna, Oxford/AstraZeneca, Pfizer/BioNTech",5268730,3837852,9106582
2021-07-11,"Johnson&Johnson, Moderna, Oxford/AstraZeneca, Pfizer/BioNTech",5277272,3860744,9138016
2021-07-12,"Johnson&Johnson, Moderna, Oxford/AstraZeneca, Pfizer/BioNTech",5304784,3929859,9234643
2021-07-13,"Johnson&Johnson, Moderna, Oxford/AstraZeneca, Pfizer/BioNTech",5330982,3999755,9330737
2021-07-14,"Johnson&Johnson, Moderna, Oxford/AstraZeneca, Pfizer/BioNTech",5356806,4071771,9428577
2021-07-15,"Johnson&Johnson, Moderna, Oxford/AstraZeneca, Pfizer/BioNTech",5385977,4137814,9523791
2021-07-16,"Johnson&Johnson, Moderna, Oxford/AstraZeneca, Pfizer/BioNTech",5413902,4210574,9624476
2021-07-17,"Johnson&Johnson, Moderna, Oxford/AstraZeneca, Pfizer/BioNTech",5422701,4242051,9664752
2021-07-18,"Johnson&Johnson, Moderna, Oxford/AstraZeneca, Pfizer/BioNTech",5431142,4268066,9699208
2021-07-19,"Johnson&Johnson, Moderna, Oxford/AstraZeneca, Pfizer/BioNTech",5454496,4335115,9789611
2021-07-20,"Johnson&Johnson, Moderna, Oxford/AstraZeneca, Pfizer/BioNTech",5475893,4402203,9878096
2021-07-21,"Johnson&Johnson, Moderna, Oxford/AstraZeneca, Pfizer/BioNTech",5499350,4465686,9965036
2021-07-22,"Johnson&Johnson, Moderna, Oxford/AstraZeneca, Pfizer/BioNTech",5521718,4524325,10046043
2021-07-23,"Johnson&Johnson, Moderna, Oxford/AstraZeneca, Pfizer/BioNTech",5544930,4579080,10124010
2021-07-24,"Johnson&Johnson, Moderna, Oxford/AstraZeneca, Pfizer/BioNTech",5552260,4606764,10159024
2021-07-25,"Johnson&Johnson, Moderna, Oxford/AstraZeneca, Pfizer/BioNTech",5558887,4628902,10187789
2021-07-26,"Johnson&Johnson, Moderna, Oxford/AstraZeneca, Pfizer/BioNTech",5582440,4677597,10260037
2021-07-27,"Johnson&Johnson, Moderna, Oxford/AstraZeneca, Pfizer/BioNTech",5605173,4724234,10329407
2021-07-28,"Johnson&Johnson, Moderna, Oxford/AstraZeneca, Pfizer/BioNTech",5626430,4770242,10396672
2021-07-29,"Johnson&Johnson, Moderna, Oxford/AstraZeneca, Pfizer/BioNTech",5647757,4812208,10459965
2021-07-30,"Johnson&Johnson, Moderna, Oxford/AstraZeneca, Pfizer/BioNTech",5671036,4854780,10525816
2021-07-31,"Johnson&Johnson, Moderna, Oxford/AstraZeneca, Pfizer/BioNTech",5679965,4874319,10554284
2021-08-01,"Johnson&Johnson, Moderna, Oxford/AstraZeneca, Pfizer/BioNTech",5686691,4890497,10577188
2021-08-02,"Johnson&Johnson, Moderna, Oxford/AstraZeneca, Pfizer/BioNTech",5705328,4928057,10633385
2021-08-03,"Johnson&Johnson, Moderna, Oxford/AstraZeneca, Pfizer/BioNTech",5722961,4966160,10689121
2021-08-04,"Johnson&Johnson, Moderna, Oxford/AstraZeneca, Pfizer/BioNTech",5739060,5002902,10741962
2021-08-05,"Johnson&Johnson, Moderna, Oxford/AstraZeneca, Pfizer/BioNTech",5755102,5043384,10798486
2021-08-06,"Johnson&Johnson, Moderna, Oxford/AstraZeneca, Pfizer/BioNTech",5771886,5086666,10858552
2021-08-07,"Johnson&Johnson, Moderna, Oxford/AstraZeneca, Pfizer/BioNTech",5777485,5104842,10882327
2021-08-08,"Johnson&Johnson, Moderna, Oxford/AstraZeneca, Pfizer/BioNTech",5781843,5120597,10902440
2021-08-09,"Johnson&Johnson, Moderna, Oxford/AstraZeneca, Pfizer/BioNTech",5794483,5165649,10960132
2021-08-10,"Johnson&Johnson, Moderna, Oxford/AstraZeneca, Pfizer/BioNTech",5806322,5205214,11011536
2021-08-11,"Johnson&Johnson, Moderna, Oxford/AstraZeneca, Pfizer/BioNTech",5817679,5248339,11066018
2021-08-12,"Johnson&Johnson, Moderna, Oxford/AstraZeneca, Pfizer/BioNTech",5829100,5285460,11114560
2021-08-13,"Johnson&Johnson, Moderna, Oxford/AstraZeneca, Pfizer/BioNTech",5839820,5325794,11165614
2021-08-14,"Johnson&Johnson, Moderna, Oxford/AstraZeneca, Pfizer/BioNTech",5843151,5336494,11179645
2021-08-15,"Johnson&Johnson, Moderna, Oxford/AstraZeneca, Pfizer/BioNTech",5845735,5346866,11192601
2021-08-16,"Johnson&Johnson, Moderna, Oxford/AstraZeneca, Pfizer/BioNTech",5855525,5380932,11236457
2021-08-17,"Johnson&Johnson, Moderna, Oxford/AstraZeneca, Pfizer/BioNTech",5865120,5408022,11273142
2021-08-18,"Johnson&Johnson, Moderna, Oxford/AstraZeneca, Pfizer/BioNTech",5874490,5446891,11321381
2021-08-19,"Johnson&Johnson, Moderna, Oxford/AstraZeneca, Pfizer/BioNTech",5884157,5485231,11369388
2021-08-20,"Johnson&Johnson, Moderna, Oxford/AstraZeneca, Pfizer/BioNTech",5895542,5525416,11420958
2021-08-21,"Johnson&Johnson, Moderna, Oxford/AstraZeneca, Pfizer/BioNTech",5898262,5538175,11436437
2021-08-22,"Johnson&Johnson, Moderna, Oxford/AstraZeneca, Pfizer/BioNTech",5900601,5550136,11450737
2021-08-23,"Johnson&Johnson, Moderna, Oxford/AstraZeneca, Pfizer/BioNTech",5911130,5589398,11500528
2021-08-24,"Johnson&Johnson, Moderna, Oxford/AstraZeneca, Pfizer/BioNTech",5921002,5622635,11543637
2021-08-25,"Johnson&Johnson, Moderna, Oxford/AstraZeneca, Pfizer/BioNTech",5929870,5651002,11580872
2021-08-26,"Johnson&Johnson, Moderna, Oxford/AstraZeneca, Pfizer/BioNTech",5938320,5677121,11615441
2021-08-27,"Johnson&Johnson, Moderna, Oxford/AstraZeneca, Pfizer/BioNTech",5948642,5703079,11651721
2021-08-28,"Johnson&Johnson, Moderna, Oxford/AstraZeneca, Pfizer/BioNTech",5951369,5710122,11661491
2021-08-29,"Johnson&Johnson, Moderna, Oxford/AstraZeneca, Pfizer/BioNTech",5953776,5716743,11670519
2021-08-30,"Johnson&Johnson, Moderna, Oxford/AstraZeneca, Pfizer/BioNTech",5962302,5738610,11700912
2021-08-31,"Johnson&Johnson, Moderna, Oxford/AstraZeneca, Pfizer/BioNTech",5969975,5756690,11726665
2021-09-01,"Johnson&Johnson, Moderna, Oxford/AstraZeneca, Pfizer/BioNTech",5975867,5770677,11746544
2021-09-02,"Johnson&Johnson, Moderna, Oxford/AstraZeneca, Pfizer/BioNTech",5982704,5785061,11767765
2021-09-03,"Johnson&Johnson, Moderna, Oxford/AstraZeneca, Pfizer/BioNTech",5992261,5800768,11793029
2021-09-04,"Johnson&Johnson, Moderna, Oxford/AstraZeneca, Pfizer/BioNTech",5994327,5804317,11798644
2021-09-05,"Johnson&Johnson, Moderna, Oxford/AstraZeneca, Pfizer/BioNTech",5996365,5807159,11803524
2021-09-06,"Johnson&Johnson, Moderna, Oxford/AstraZeneca, Pfizer/BioNTech",6002602,5819681,11822283
2021-09-07,"Johnson&Johnson, Moderna, Oxford/AstraZeneca, Pfizer/BioNTech",6006992,5830769,11837761
2021-09-08,"Johnson&Johnson, Moderna, Oxford/AstraZeneca, Pfizer/BioNTech",6012665,5840609,11853274
2021-09-09,"Johnson&Johnson, Moderna, Oxford/AstraZeneca, Pfizer/BioNTech",6019354,5850667,11870021
2021-09-10,"Johnson&Johnson, Moderna, Oxford/AstraZeneca, Pfizer/BioNTech",6027040,5862836,11889876
2021-09-11,"Johnson&Johnson, Moderna, Oxford/AstraZeneca, Pfizer/BioNTech",6028903,5865317,11894220
2021-09-12,"Johnson&Johnson, Moderna, Oxford/AstraZeneca, Pfizer/BioNTech",6030017,5866945,11896962
2021-09-13,"Johnson&Johnson, Moderna, Oxford/AstraZeneca, Pfizer/BioNTech",6035448,5877243,11912691
2021-09-14,"Johnson&Johnson, Moderna, Oxford/AstraZeneca, Pfizer/BioNTech",6040839,5886253,11927092
2021-09-15,"Johnson&Johnson, Moderna, Oxford/AstraZeneca, Pfizer/BioNTech",6046038,5894771,11940809
2021-09-16,"Johnson&Johnson, Moderna, Oxford/AstraZeneca, Pfizer/BioNTech",6051382,5903040,11954422
2021-09-17,"Johnson&Johnson, Moderna, Oxford/AstraZeneca, Pfizer/BioNTech",6057951,5913269,11971220
2021-09-18,"Johnson&Johnson, Moderna, Oxford/AstraZeneca, Pfizer/BioNTech",6059675,5915626,11975301
2021-09-19,"Johnson&Johnson, Moderna, Oxford/AstraZeneca, Pfizer/BioNTech",6060618,5917192,11977810
2021-09-20,"Johnson&Johnson, Moderna, Oxford/AstraZeneca, Pfizer/BioNTech",6064632,5925387,11990019
2021-09-21,"Johnson&Johnson, Moderna, Oxford/AstraZeneca, Pfizer/BioNTech",6068861,5932913,12001774
2021-09-22,"Johnson&Johnson, Moderna, Oxford/AstraZeneca, Pfizer/BioNTech",6073043,5938425,12011468
2021-09-23,"Johnson&Johnson, Moderna, Oxford/AstraZeneca, Pfizer/BioNTech",6078016,5944825,12022841
2021-09-24,"Johnson&Johnson, Moderna, Oxford/AstraZeneca, Pfizer/BioNTech",6083775,5954445,12038220
2021-09-25,"Johnson&Johnson, Moderna, Oxford/AstraZeneca, Pfizer/BioNTech",6085270,5956441,12041711
2021-09-26,"Johnson&Johnson, Moderna, Oxford/AstraZeneca, Pfizer/BioNTech",6086012,5958078,12044090
2021-09-27,"Johnson&Johnson, Moderna, Oxford/AstraZeneca, Pfizer/BioNTech",6089890,5964585,12054475
2021-09-28,"Johnson&Johnson, Moderna, Pfizer/BioNTech",6090252,5965206,12055458
2021-09-29,"Johnson&Johnson, Moderna, Oxford/AstraZeneca, Pfizer/BioNTech",6094028,5972667,12066695
2021-09-30,"Johnson&Johnson, Moderna, Oxford/AstraZeneca, Pfizer/BioNTech",6098530,5980360,12078890
2021-10-01,"Johnson&Johnson, Moderna, Oxford/AstraZeneca, Pfizer/BioNTech",6102826,5988330,12091156
2021-10-02,"Johnson&Johnson, Moderna, Oxford/AstraZeneca, Pfizer/BioNTech",6103887,5989866,12093753
2021-10-03,"Johnson&Johnson, Moderna, Pfizer/BioNTech",6104610,5990732,12095342
2021-10-04,"Johnson&Johnson, Moderna, Oxford/AstraZeneca, Pfizer/BioNTech",6107685,5996300,12103985
2021-10-05,"Johnson&Johnson, Moderna, Oxford/AstraZeneca, Pfizer/BioNTech",6110850,6001379,12112229
2021-10-06,"Johnson&Johnson, Moderna, Oxford/AstraZeneca, Pfizer/BioNTech",6114365,6006548,12120913
2021-10-07,"Johnson&Johnson, Moderna, Oxford/AstraZeneca, Pfizer/BioNTech",6117641,6011800,12129441
2021-10-08,"Johnson&Johnson, Moderna, Oxford/AstraZeneca, Pfizer/BioNTech",6122433,6018435,12140868
2021-10-09,"Johnson&Johnson, Moderna, Oxford/AstraZeneca, Pfizer/BioNTech",6123676,6020087,12143763
2021-10-10,"Johnson&Johnson, Moderna, Oxford/AstraZeneca, Pfizer/BioNTech",6124616,6020916,12145532
2021-10-11,"Johnson&Johnson, Moderna, Oxford/AstraZeneca, Pfizer/BioNTech",6127546,6025326,12152872
2021-10-12,"Johnson&Johnson, Moderna, Oxford/AstraZeneca, Pfizer/BioNTech",6130474,6029327,12159801
2021-10-13,"Johnson&Johnson, Moderna, Oxford/AstraZeneca, Pfizer/BioNTech",6134006,6033507,12167513
2021-10-14,"Johnson&Johnson, Moderna, Oxford/AstraZeneca, Pfizer/BioNTech",6137682,6038455,12176137
2021-10-15,"Johnson&Johnson, Moderna, Oxford/AstraZeneca, Pfizer/BioNTech",6142910,6044598,12187508
2021-10-16,"Johnson&Johnson, Moderna, Oxford/AstraZeneca, Pfizer/BioNTech",6144323,6046119,12190442
2021-10-17,"Johnson&Johnson, Moderna, Pfizer/BioNTech",6145648,6047172,12192820
2021-10-18,"Johnson&Johnson, Moderna, Oxford/AstraZeneca, Pfizer/BioNTech",6149759,6051263,12201022
2021-10-19,"Johnson&Johnson, Moderna, Oxford/AstraZeneca, Pfizer/BioNTech",6153336,6053357,12206693
2021-10-20,"Johnson&Johnson, Moderna, Oxford/AstraZeneca, Pfizer/BioNTech",6158215,6057801,12216016
2021-10-21,"Johnson&Johnson, Moderna, Oxford/AstraZeneca, Pfizer/BioNTech",6165982,6063399,12229381
2021-10-22,"Johnson&Johnson, Moderna, Oxford/AstraZeneca, Pfizer/BioNTech",6176431,6069901,12246332
2021-10-23,"Johnson&Johnson, Moderna, Oxford/AstraZeneca, Pfizer/BioNTech",6180107,6072108,12252215
2021-10-24,"Johnson&Johnson, Moderna, Pfizer/BioNTech",6182790,6073885,12256675
2021-10-25,"Johnson&Johnson, Moderna, Oxford/AstraZeneca, Pfizer/BioNTech",6193284,6079689,12272973
2021-10-26,"Johnson&Johnson, Moderna, Oxford/AstraZeneca, Pfizer/BioNTech",6205273,6086236,12291509
2021-10-27,"Johnson&Johnson, Moderna, Oxford/AstraZeneca, Pfizer/BioNTech",6219876,6093635,12313511
2021-10-28,"Johnson&Johnson, Moderna, Oxford/AstraZeneca, Pfizer/BioNTech",6223292,6095310,12318602
2021-10-29,"Johnson&Johnson, Moderna, Oxford/AstraZeneca, Pfizer/BioNTech",6237717,6103285,12341002
2021-10-30,"Johnson&Johnson, Moderna, Oxford/AstraZeneca, Pfizer/BioNTech",6242248,6106207,12348455
2021-10-31,"Johnson&Johnson, Moderna, Oxford/AstraZeneca, Pfizer/BioNTech",6246010,6108676,12354686
2021-11-01,"Johnson&Johnson, Moderna, Oxford/AstraZeneca, Pfizer/BioNTech",6261208,6116358,12377566
2021-11-02,"Johnson&Johnson, Moderna, Oxford/AstraZeneca, Pfizer/BioNTech",6276659,6123908,12400567
2021-11-03,"Johnson&Johnson, Moderna, Oxford/AstraZeneca, Pfizer/BioNTech",6293840,6131203,12425043
2021-11-04,"Johnson&Johnson, Moderna, Oxford/AstraZeneca, Pfizer/BioNTech",6312191,6139372,12451563
2021-11-05,"Johnson&Johnson, Moderna, Oxford/AstraZeneca, Pfizer/BioNTech",6334987,6150640,12485627
2021-11-06,"Johnson&Johnson, Moderna, Pfizer/BioNTech",6341499,6153692,12495191
2021-11-07,"Johnson&Johnson, Moderna, Oxford/AstraZeneca, Pfizer/BioNTech",6345520,6156128,12501648
2021-11-08,"Johnson&Johnson, Moderna, Oxford/AstraZeneca, Pfizer/BioNTech",6361791,6163756,12525547
2021-11-09,"Johnson&Johnson, Moderna, Oxford/AstraZeneca, Pfizer/BioNTech",6376600,6171050,12547650
2021-11-10,"Johnson&Johnson, Moderna, Oxford/AstraZeneca, Pfizer/BioNTech",6392341,6178423,12570764
2021-11-11,"Johnson&Johnson, Moderna, Oxford/AstraZeneca, Pfizer/BioNTech",6407806,6187527,12595333
2021-11-12,"Johnson&Johnson, Moderna, Oxford/AstraZeneca, Pfizer/BioNTech",6427608,6200315,12627923
2021-11-13,"Johnson&Johnson, Moderna, Oxford/AstraZeneca, Pfizer/BioNTech",6432997,6204181,12637178
2021-11-14,"Johnson&Johnson, Moderna, Oxford/AstraZeneca, Pfizer/BioNTech",6436889,6207184,12644073
2021-11-15,"Johnson&Johnson, Moderna, Oxford/AstraZeneca, Pfizer/BioNTech",6451969,6217872,12669841
2021-11-16,"Johnson&Johnson, Moderna, Oxford/AstraZeneca, Pfizer/BioNTech",6469515,6229853,12699368
2021-11-17,"Johnson&Johnson, Moderna, Oxford/AstraZeneca, Pfizer/BioNTech",6473757,6233416,12707173
2021-11-18,"Johnson&Johnson, Moderna, Oxford/AstraZeneca, Pfizer/BioNTech",6493172,6245097,12738269
2021-11-19,"Johnson&Johnson, Moderna, Oxford/AstraZeneca, Pfizer/BioNTech",6517778,6262063,12779841
2021-11-20,"Johnson&Johnson, Moderna, Pfizer/BioNTech",6526349,6267040,12793389
2021-11-21,"Johnson&Johnson, Moderna, Pfizer/BioNTech",6533121,6270811,12803932
2021-11-22,"Johnson&Johnson, Moderna, Oxford/AstraZeneca, Pfizer/BioNTech",6551632,6284919,12836551
2021-11-23,"Johnson&Johnson, Moderna, Oxford/AstraZeneca, Pfizer/BioNTech",6570690,6298174,12868864
2021-11-24,"Johnson&Johnson, Moderna, Oxford/AstraZeneca, Pfizer/BioNTech",6589699,6314012,12903711
2021-11-25,"Johnson&Johnson, Moderna, Oxford/AstraZeneca, Pfizer/BioNTech",6608850,6329035,12937885
2021-11-26,"Johnson&Johnson, Moderna, Oxford/AstraZeneca, Pfizer/BioNTech",6630503,6348164,12978667
2021-11-27,"Johnson&Johnson, Moderna, Oxford/AstraZeneca, Pfizer/BioNTech",6637973,6353717,12991690
2021-11-28,"Johnson&Johnson, Moderna, Oxford/AstraZeneca, Pfizer/BioNTech",6641310,6356850,12998160
2021-11-29,"Johnson&Johnson, Moderna, Oxford/AstraZeneca, Pfizer/BioNTech",6656518,6370503,13027021
2021-11-30,"Johnson&Johnson, Moderna, Oxford/AstraZeneca, Pfizer/BioNTech",6669726,6381737,13051463
2021-12-01,"Johnson&Johnson, Moderna, Oxford/AstraZeneca, Pfizer/BioNTech",6683759,6394189,13077948
2021-12-02,"Johnson&Johnson, Moderna, Oxford/AstraZeneca, Pfizer/BioNTech",6694391,6406675,13101066
2021-12-03,"Johnson&Johnson, Moderna, Oxford/AstraZeneca, Pfizer/BioNTech",6704032,6422245,13126277
2021-12-04,"Johnson&Johnson, Moderna, Pfizer/BioNTech",6706592,6426192,13132784
2021-12-05,"Johnson&Johnson, Moderna, Oxford/AstraZeneca, Pfizer/BioNTech",6707949,6428532,13136481
2021-12-06,"Johnson&Johnson, Moderna, Oxford/AstraZeneca, Pfizer/BioNTech",6716110,6440053,13156163
2021-12-07,"Johnson&Johnson, Moderna, Oxford/AstraZeneca, Pfizer/BioNTech",6723994,6452052,13176046
2021-12-08,"Johnson&Johnson, Moderna, Oxford/AstraZeneca, Pfizer/BioNTech",6732242,6457971,13190213
2021-12-09,"Johnson&Johnson, Moderna, Oxford/AstraZeneca, Pfizer/BioNTech",6739359,6470783,13210142
2021-12-10,"Johnson&Johnson, Moderna, Oxford/AstraZeneca, Pfizer/BioNTech",6746278,6488586,13234864
2021-12-11,"Johnson&Johnson, Moderna, Pfizer/BioNTech",6747939,6493856,13241795
2021-12-12,"Johnson&Johnson, Moderna, Oxford/AstraZeneca, Pfizer/BioNTech",6749248,6498286,13247534
2021-12-13,"Johnson&Johnson, Moderna, Oxford/AstraZeneca, Pfizer/BioNTech",6755600,6511593,13267193
2021-12-14,"Johnson&Johnson, Moderna, Oxford/AstraZeneca, Pfizer/BioNTech",6761821,6525256,13287077
2021-12-15,"Johnson&Johnson, Moderna, Oxford/AstraZeneca, Pfizer/BioNTech",6768012,6538856,13306868
2021-12-16,"Johnson&Johnson, Moderna, Oxford/AstraZeneca, Pfizer/BioNTech",6774937,6553690,13328627
2021-12-17,"Johnson&Johnson, Moderna, Oxford/AstraZeneca, Pfizer/BioNTech",6783296,6570944,13354240
2021-12-18,"Johnson&Johnson, Moderna, Oxford/AstraZeneca, Pfizer/BioNTech",6785899,6576390,13362289
2021-12-19,"Johnson&Johnson, Moderna, Pfizer/BioNTech",6787668,6578893,13366561
2021-12-20,"Johnson&Johnson, Moderna, Oxford/AstraZeneca, Pfizer/BioNTech",6793469,6592945,13386414
2021-12-21,"Johnson&Johnson, Moderna, Oxford/AstraZeneca, Pfizer/BioNTech",6800131,6604926,13405057
2021-12-22,"Johnson&Johnson, Moderna, Oxford/AstraZeneca, Pfizer/BioNTech",6805181,6617968,13423149
2021-12-23,"Johnson&Johnson, Moderna, Oxford/AstraZeneca, Pfizer/BioNTech",6808043,6623566,13431609
2021-12-24,"Johnson&Johnson, Moderna, Oxford/AstraZeneca, Pfizer/BioNTech",6808087,6623667,13431754
2021-12-25,"Moderna, Pfizer/BioNTech",6808087,6623674,13431761
2021-12-26,"Moderna, Pfizer/BioNTech",6808185,6623872,13432057
2021-12-27,"Johnson&Johnson, Moderna, Pfizer/BioNTech",6812015,6633607,13445622
2021-12-28,"Johnson&Johnson, Moderna, Oxford/AstraZeneca, Pfizer/BioNTech",6817244,6641566,13458810
2021-12-29,"Johnson&Johnson, Moderna, Oxford/AstraZeneca, Pfizer/BioNTech",6821515,6649273,13470788
2021-12-30,"Johnson&Johnson, Moderna, Pfizer/BioNTech",6825800,6654695,13480495
2021-12-31,"Johnson&Johnson, Moderna, Pfizer/BioNTech",6826306,6656111,13482417
2022-01-01,"Johnson&Johnson, Moderna, Pfizer/BioNTech",6826309,6656129,13482438
2022-01-02,"Johnson&Johnson, Moderna, Pfizer/BioNTech",6827157,6657509,13484666
2022-01-03,"Johnson&Johnson, Moderna, Oxford/AstraZeneca, Pfizer/BioNTech",6831229,6666400,13497629
2022-01-04,"Johnson&Johnson, Moderna, Oxford/AstraZeneca, Pfizer/BioNTech",6836285,6674164,13510449
2022-01-05,"Johnson&Johnson, Moderna, Oxford/AstraZeneca, Pfizer/BioNTech",6842055,6682118,13524173
2022-01-06,"Johnson&Johnson, Moderna, Oxford/AstraZeneca, Pfizer/BioNTech",6848609,6690532,13539141
2022-01-07,"Johnson&Johnson, Moderna, Oxford/AstraZeneca, Pfizer/BioNTech",6856452,6700863,13557315
2022-01-08,"Johnson&Johnson, Moderna, Oxford/AstraZeneca, Pfizer/BioNTech",6858927,6703643,13562570
2022-01-09,"Johnson&Johnson, Moderna, Pfizer/BioNTech",6860012,6705344,13565356
2022-01-10,"Johnson&Johnson, Moderna, Oxford/AstraZeneca, Pfizer/BioNTech",6864459,6711482,13575941
2022-01-11,"Johnson&Johnson, Moderna, Oxford/AstraZeneca, Pfizer/BioNTech",6869806,6718221,13588027
2022-01-12,"Johnson&Johnson, Moderna, Oxford/AstraZeneca, Pfizer/BioNTech",6875733,6723830,13599563
2022-01-13,"Johnson&Johnson, Moderna, Oxford/AstraZeneca, Pfizer/BioNTech",6881608,6728577,13610185
2022-01-14,"Johnson&Johnson, Moderna, Oxford/AstraZeneca, Pfizer/BioNTech",6887840,6732198,13620038
2022-01-15,"Johnson&Johnson, Moderna, Oxford/AstraZeneca, Pfizer/BioNTech",6889116,6732851,13621967
2022-01-16,"Johnson&Johnson, Moderna, Oxford/AstraZeneca, Pfizer/BioNTech",6889800,6733282,13623082
2022-01-17,"Johnson&Johnson, Moderna, Oxford/AstraZeneca, Pfizer/BioNTech",6893284,6737216,13630500
2022-01-18,"Johnson&Johnson, Moderna, Oxford/AstraZeneca, Pfizer/BioNTech",6897151,6742146,13639297
2022-01-19,"Johnson&Johnson, Moderna, Oxford/AstraZeneca, Pfizer/BioNTech",6901168,6746063,13647231
2022-01-20,"Johnson&Johnson, Moderna, Oxford/AstraZeneca, Pfizer/BioNTech",6904725,6750454,13655179
2022-01-21,"Johnson&Johnson, Moderna, Oxford/AstraZeneca, Pfizer/BioNTech",6908683,6752932,13661615
2022-01-22,"Johnson&Johnson, Moderna, Oxford/AstraZeneca, Pfizer/BioNTech",6909466,6753370,13662836
2022-01-23,"Johnson&Johnson, Moderna, Pfizer/BioNTech",6910035,6754004,13664039
2022-01-24,"Johnson&Johnson, Moderna, Oxford/AstraZeneca, Pfizer/BioNTech",6912229,6757380,13669609
2022-01-25,"Johnson&Johnson, Moderna, Oxford/AstraZeneca, Pfizer/BioNTech",6914400,6761128,13675528
