date,vaccine,people_vaccinated,people_fully_vaccinated,total_vaccinations
2020-12-27,Pfizer/BioNTech,1279,0,1279
2020-12-28,Pfizer/BioNTech,3586,0,3586
2020-12-29,Pfizer/BioNTech,7052,0,7052
2020-12-30,Pfizer/BioNTech,10566,0,10566
2020-12-31,Pfizer/BioNTech,11871,0,11871
2021-01-01,"Moderna, Pfizer/BioNTech",12140,0,12140
2021-01-02,Pfizer/BioNTech,13416,0,13416
2021-01-03,Pfizer/BioNTech,14338,0,14338
2021-01-04,"Moderna, Pfizer/BioNTech",17945,0,17945
2021-01-05,"Moderna, Pfizer/BioNTech",22457,0,22457
2021-01-06,"Moderna, Pfizer/BioNTech",28296,1,28297
2021-01-07,"Moderna, Pfizer/BioNTech",36287,1,36288
2021-01-08,"Moderna, Pfizer/BioNTech",46334,1,46335
2021-01-09,"Moderna, Pfizer/BioNTech",48359,2,48361
2021-01-10,Pfizer/BioNTech,50124,4,50128
2021-01-11,Pfizer/BioNTech,59977,6,59983
2021-01-12,"Moderna, Pfizer/BioNTech",73418,8,73426
2021-01-13,Pfizer/BioNTech,86954,8,86962
2021-01-14,"Moderna, Pfizer/BioNTech",102178,12,102190
2021-01-15,"Moderna, Pfizer/BioNTech",116181,13,116194
2021-01-16,"Moderna, Pfizer/BioNTech",119574,16,119590
2021-01-17,"Moderna, Pfizer/BioNTech",122189,652,122841
2021-01-18,"Moderna, Pfizer/BioNTech",134667,2479,137146
2021-01-19,"Moderna, Pfizer/BioNTech",147266,5201,152467
2021-01-20,"Moderna, Pfizer/BioNTech",160941,7857,168798
2021-01-21,"Moderna, Pfizer/BioNTech",176588,9597,186185
2021-01-22,"Moderna, Pfizer/BioNTech",191457,10641,202098
2021-01-23,"Moderna, Pfizer/BioNTech",194775,11519,206294
2021-01-24,"Moderna, Pfizer/BioNTech",197028,12387,209415
2021-01-25,"Moderna, Pfizer/BioNTech",206667,15361,222028
2021-01-26,"Moderna, Pfizer/BioNTech",217203,19346,236549
2021-01-27,"Moderna, Pfizer/BioNTech",226229,23883,250112
2021-01-28,"Moderna, Pfizer/BioNTech",233324,30009,263333
2021-01-29,"Moderna, Pfizer/BioNTech",239533,37916,277449
2021-01-30,"Moderna, Pfizer/BioNTech",240268,39004,279272
2021-01-31,"Moderna, Pfizer/BioNTech",240981,40185,281166
2021-02-01,"Moderna, Pfizer/BioNTech",244959,48141,293100
2021-02-02,"Moderna, Pfizer/BioNTech",249095,58368,307463
2021-02-03,"Moderna, Pfizer/BioNTech",253511,69371,322882
2021-02-04,"Moderna, Pfizer/BioNTech",258407,82352,340759
2021-02-05,"Moderna, Pfizer/BioNTech",263867,93017,356884
2021-02-06,"Moderna, Oxford/AstraZeneca, Pfizer/BioNTech",264715,95379,360094
2021-02-07,"Moderna, Pfizer/BioNTech",265562,97880,363442
2021-02-08,"Moderna, Oxford/AstraZeneca, Pfizer/BioNTech",269634,109311,378945
2021-02-09,"Moderna, Oxford/AstraZeneca, Pfizer/BioNTech",274724,121217,395941
2021-02-10,"Moderna, Oxford/AstraZeneca, Pfizer/BioNTech",280228,134458,414686
2021-02-11,"Moderna, Oxford/AstraZeneca, Pfizer/BioNTech",286553,150663,437216
2021-02-12,"Moderna, Oxford/AstraZeneca, Pfizer/BioNTech",293319,165388,458707
2021-02-13,"Moderna, Oxford/AstraZeneca, Pfizer/BioNTech",294926,168374,463300
2021-02-14,"Moderna, Oxford/AstraZeneca, Pfizer/BioNTech",295927,169758,465685
2021-02-15,"Moderna, Oxford/AstraZeneca, Pfizer/BioNTech",302324,179112,481436
2021-02-16,"Moderna, Oxford/AstraZeneca, Pfizer/BioNTech",311041,188186,499227
2021-02-17,"Moderna, Oxford/AstraZeneca, Pfizer/BioNTech",320736,196490,517226
2021-02-18,"Moderna, Oxford/AstraZeneca, Pfizer/BioNTech",333051,204561,537612
2021-02-19,"Moderna, Oxford/AstraZeneca, Pfizer/BioNTech",344901,211914,556815
2021-02-20,"Moderna, Oxford/AstraZeneca, Pfizer/BioNTech",346892,213094,559986
2021-02-21,"Moderna, Oxford/AstraZeneca, Pfizer/BioNTech",348019,214117,562136
2021-02-22,"Moderna, Oxford/AstraZeneca, Pfizer/BioNTech",358135,220142,578277
2021-02-23,"Moderna, Oxford/AstraZeneca, Pfizer/BioNTech",371076,227112,598188
2021-02-24,"Moderna, Oxford/AstraZeneca, Pfizer/BioNTech",384943,233144,618087
2021-02-25,"Moderna, Oxford/AstraZeneca, Pfizer/BioNTech",402907,238691,641598
2021-02-26,"Moderna, Oxford/AstraZeneca, Pfizer/BioNTech",419068,244032,663100
2021-02-27,"Moderna, Oxford/AstraZeneca, Pfizer/BioNTech",422075,244588,666663
2021-02-28,"Moderna, Oxford/AstraZeneca, Pfizer/BioNTech",424419,245135,669554
2021-03-01,"Moderna, Oxford/AstraZeneca, Pfizer/BioNTech",443993,248576,692569
2021-03-02,"Moderna, Oxford/AstraZeneca, Pfizer/BioNTech",471210,252114,723324
2021-03-03,"Moderna, Oxford/AstraZeneca, Pfizer/BioNTech",502073,256616,758689
2021-03-04,"Moderna, Oxford/AstraZeneca, Pfizer/BioNTech",535340,261297,796637
2021-03-05,"Johnson&Johnson, Moderna, Oxford/AstraZeneca, Pfizer/BioNTech",564142,266709,830851
2021-03-06,"Johnson&Johnson, Moderna, Oxford/AstraZeneca, Pfizer/BioNTech",576280,267564,843844
2021-03-07,"Johnson&Johnson, Moderna, Oxford/AstraZeneca, Pfizer/BioNTech",587811,268403,856214
2021-03-08,"Johnson&Johnson, Moderna, Oxford/AstraZeneca, Pfizer/BioNTech",617525,273247,890772
2021-03-09,"Johnson&Johnson, Moderna, Oxford/AstraZeneca, Pfizer/BioNTech",653865,279625,933490
2021-03-10,"Moderna, Oxford/AstraZeneca, Pfizer/BioNTech",695157,286573,981730
2021-03-11,"Johnson&Johnson, Moderna, Oxford/AstraZeneca, Pfizer/BioNTech",739952,294943,1034895
2021-03-12,"Johnson&Johnson, Moderna, Oxford/AstraZeneca, Pfizer/BioNTech",778721,303406,1082127
2021-03-13,"Johnson&Johnson, Moderna, Oxford/AstraZeneca, Pfizer/BioNTech",795789,304709,1100498
2021-03-14,"Moderna, Oxford/AstraZeneca, Pfizer/BioNTech",807893,305857,1113750
2021-03-15,"Moderna, Oxford/AstraZeneca, Pfizer/BioNTech",836263,314629,1150892
2021-03-16,"Johnson&Johnson, Moderna, Oxford/AstraZeneca, Pfizer/BioNTech",875136,325159,1200295
2021-03-17,"Moderna, Oxford/AstraZeneca, Pfizer/BioNTech",912583,335661,1248244
2021-03-18,"Johnson&Johnson, Moderna, Oxford/AstraZeneca, Pfizer/BioNTech",950543,348064,1298607
2021-03-19,"Moderna, Oxford/AstraZeneca, Pfizer/BioNTech",985004,361665,1346669
2021-03-20,"Johnson&Johnson, Moderna, Oxford/AstraZeneca, Pfizer/BioNTech",1000134,363687,1363821
2021-03-21,"Johnson&Johnson, Moderna, Oxford/AstraZeneca, Pfizer/BioNTech",1007542,365241,1372783
2021-03-22,"Johnson&Johnson, Moderna, Oxford/AstraZeneca, Pfizer/BioNTech",1032064,377738,1409802
2021-03-23,"Johnson&Johnson, Moderna, Oxford/AstraZeneca, Pfizer/BioNTech",1058687,391086,1449773
2021-03-24,"Johnson&Johnson, Moderna, Oxford/AstraZeneca, Pfizer/BioNTech",1085525,406813,1492338
2021-03-25,"Moderna, Oxford/AstraZeneca, Pfizer/BioNTech",1111832,424653,1536485
2021-03-26,"Johnson&Johnson, Moderna, Oxford/AstraZeneca, Pfizer/BioNTech",1136623,442142,1578765
2021-03-27,"Johnson&Johnson, Moderna, Oxford/AstraZeneca, Pfizer/BioNTech",1145049,446986,1592035
2021-03-28,"Moderna, Oxford/AstraZeneca, Pfizer/BioNTech",1150585,451124,1601709
2021-03-29,"Johnson&Johnson, Moderna, Oxford/AstraZeneca, Pfizer/BioNTech",1169699,471842,1641541
2021-03-30,"Johnson&Johnson, Moderna, Oxford/AstraZeneca, Pfizer/BioNTech",1194380,494012,1688392
2021-03-31,"Johnson&Johnson, Moderna, Oxford/AstraZeneca, Pfizer/BioNTech",1217464,521064,1738528
2021-04-01,"Johnson&Johnson, Moderna, Oxford/AstraZeneca, Pfizer/BioNTech",1243060,553102,1796162
2021-04-02,"Johnson&Johnson, Moderna, Oxford/AstraZeneca, Pfizer/BioNTech",1249972,565885,1815857
2021-04-03,"Johnson&Johnson, Moderna, Oxford/AstraZeneca, Pfizer/BioNTech",1253582,576800,1830382
2021-04-04,"Johnson&Johnson, Moderna, Oxford/AstraZeneca, Pfizer/BioNTech",1256085,585717,1841802
2021-04-05,"Johnson&Johnson, Moderna, Oxford/AstraZeneca, Pfizer/BioNTech",1258477,592895,1851372
2021-04-06,"Johnson&Johnson, Moderna, Oxford/AstraZeneca, Pfizer/BioNTech",1274594,622131,1896725
2021-04-07,"Johnson&Johnson, Moderna, Oxford/AstraZeneca, Pfizer/BioNTech",1297991,644351,1942342
2021-04-08,"Johnson&Johnson, Moderna, Oxford/AstraZeneca, Pfizer/BioNTech",1336670,675358,2012028
2021-04-09,"Johnson&Johnson, Moderna, Oxford/AstraZeneca, Pfizer/BioNTech",1376191,705528,2081719
2021-04-10,"Johnson&Johnson, Moderna, Oxford/AstraZeneca, Pfizer/BioNTech",1391668,720816,2112484
2021-04-11,"Johnson&Johnson, Moderna, Oxford/AstraZeneca, Pfizer/BioNTech",1401434,730847,2132281
2021-04-12,"Johnson&Johnson, Moderna, Oxford/AstraZeneca, Pfizer/BioNTech",1439664,755971,2195635
2021-04-13,"Moderna, Oxford/AstraZeneca, Pfizer/BioNTech",1475891,782003,2257894
2021-04-14,"Moderna, Oxford/AstraZeneca, Pfizer/BioNTech",1514682,809348,2324030
2021-04-15,"Moderna, Oxford/AstraZeneca, Pfizer/BioNTech",1562446,835058,2397504
2021-04-16,"Moderna, Oxford/AstraZeneca, Pfizer/BioNTech",1607075,860682,2467757
2021-04-17,"Moderna, Oxford/AstraZeneca, Pfizer/BioNTech",1623756,869706,2493462
2021-04-18,"Moderna, Oxford/AstraZeneca, Pfizer/BioNTech",1636734,874687,2511421
2021-04-19,"Moderna, Oxford/AstraZeneca, Pfizer/BioNTech",1680716,890144,2570860
2021-04-20,"Johnson&Johnson, Moderna, Oxford/AstraZeneca, Pfizer/BioNTech",1723243,906000,2629243
2021-04-21,"Moderna, Oxford/AstraZeneca, Pfizer/BioNTech",1770955,920340,2691295
2021-04-22,"Johnson&Johnson, Moderna, Oxford/AstraZeneca, Pfizer/BioNTech",1825427,937712,2763139
2021-04-23,"Johnson&Johnson, Moderna, Oxford/AstraZeneca, Pfizer/BioNTech",1875367,949754,2825121
2021-04-24,"Johnson&Johnson, Moderna, Oxford/AstraZeneca, Pfizer/BioNTech",1893188,954993,2848181
2021-04-25,"Johnson&Johnson, Moderna, Oxford/AstraZeneca, Pfizer/BioNTech",1907870,958983,2866853
2021-04-26,"Johnson&Johnson, Moderna, Oxford/AstraZeneca, Pfizer/BioNTech",1957436,966524,2923960
2021-04-27,"Johnson&Johnson, Moderna, Oxford/AstraZeneca, Pfizer/BioNTech",2006386,978738,2985124
2021-04-28,"Johnson&Johnson, Moderna, Oxford/AstraZeneca, Pfizer/BioNTech",2065119,992716,3057835
2021-04-29,"Johnson&Johnson, Moderna, Oxford/AstraZeneca, Pfizer/BioNTech",2130648,1008581,3139229
2021-04-30,"Johnson&Johnson, Moderna, Oxford/AstraZeneca, Pfizer/BioNTech",2192850,1018531,3211381
2021-05-01,"Johnson&Johnson, Moderna, Oxford/AstraZeneca, Pfizer/BioNTech",2212156,1021968,3234124
2021-05-02,"Johnson&Johnson, Moderna, Oxford/AstraZeneca, Pfizer/BioNTech",2231060,1024232,3255292
2021-05-03,"Johnson&Johnson, Moderna, Oxford/AstraZeneca, Pfizer/BioNTech",2298283,1029278,3327561
2021-05-04,"Johnson&Johnson, Moderna, Oxford/AstraZeneca, Pfizer/BioNTech",2364748,1037593,3402341
2021-05-05,"Johnson&Johnson, Moderna, Oxford/AstraZeneca, Pfizer/BioNTech",2437878,1046977,3484855
2021-05-06,"Johnson&Johnson, Moderna, Oxford/AstraZeneca, Pfizer/BioNTech",2518243,1057672,3575915
2021-05-07,"Johnson&Johnson, Moderna, Oxford/AstraZeneca, Pfizer/BioNTech",2595461,1067713,3663174
2021-05-08,"Johnson&Johnson, Moderna, Oxford/AstraZeneca, Pfizer/BioNTech",2624875,1069465,3694340
2021-05-09,"Johnson&Johnson, Moderna, Oxford/AstraZeneca, Pfizer/BioNTech",2649050,1070661,3719711
2021-05-10,"Johnson&Johnson, Moderna, Oxford/AstraZeneca, Pfizer/BioNTech",2721780,1077865,3799645
2021-05-11,"Johnson&Johnson, Moderna, Oxford/AstraZeneca, Pfizer/BioNTech",2797864,1086649,3884513
2021-05-12,"Johnson&Johnson, Moderna, Oxford/AstraZeneca, Pfizer/BioNTech",2877693,1095731,3973424
2021-05-13,"Johnson&Johnson, Moderna, Oxford/AstraZeneca, Pfizer/BioNTech",2961687,1104873,4066560
2021-05-14,"Johnson&Johnson, Moderna, Oxford/AstraZeneca, Pfizer/BioNTech",3041097,1112633,4153730
2021-05-15,"Johnson&Johnson, Moderna, Oxford/AstraZeneca, Pfizer/BioNTech",3072948,1114852,4187800
2021-05-16,"Johnson&Johnson, Moderna, Oxford/AstraZeneca, Pfizer/BioNTech",3098692,1116107,4214799
2021-05-17,"Johnson&Johnson, Moderna, Oxford/AstraZeneca, Pfizer/BioNTech",3171178,1122806,4293984
2021-05-18,"Johnson&Johnson, Moderna, Oxford/AstraZeneca, Pfizer/BioNTech",3243081,1135828,4378909
2021-05-19,"Johnson&Johnson, Moderna, Oxford/AstraZeneca, Pfizer/BioNTech",3320516,1150935,4471451
2021-05-20,"Johnson&Johnson, Moderna, Oxford/AstraZeneca, Pfizer/BioNTech",3395921,1177929,4573850
2021-05-21,"Johnson&Johnson, Moderna, Oxford/AstraZeneca, Pfizer/BioNTech",3464651,1205646,4670297
2021-05-22,"Johnson&Johnson, Moderna, Oxford/AstraZeneca, Pfizer/BioNTech",3497000,1216801,4713801
2021-05-23,"Johnson&Johnson, Moderna, Oxford/AstraZeneca, Pfizer/BioNTech",3519323,1225817,4745140
2021-05-24,"Johnson&Johnson, Moderna, Oxford/AstraZeneca, Pfizer/BioNTech",3566439,1259436,4825875
2021-05-25,"Johnson&Johnson, Moderna, Oxford/AstraZeneca, Pfizer/BioNTech",3618271,1295194,4913465
2021-05-26,"Johnson&Johnson, Moderna, Oxford/AstraZeneca, Pfizer/BioNTech",3686005,1332677,5018682
2021-05-27,"Johnson&Johnson, Moderna, Oxford/AstraZeneca, Pfizer/BioNTech",3747373,1379950,5127323
2021-05-28,"Johnson&Johnson, Moderna, Oxford/AstraZeneca, Pfizer/BioNTech",3809042,1426452,5235494
2021-05-29,"Johnson&Johnson, Moderna, Oxford/AstraZeneca, Pfizer/BioNTech",3838200,1443531,5281731
2021-05-30,"Johnson&Johnson, Moderna, Oxford/AstraZeneca, Pfizer/BioNTech",3860542,1457941,5318483
2021-05-31,"Johnson&Johnson, Moderna, Oxford/AstraZeneca, Pfizer/BioNTech",3916258,1505464,5421722
2021-06-01,"Johnson&Johnson, Moderna, Oxford/AstraZeneca, Pfizer/BioNTech",3975263,1554260,5529523
2021-06-02,"Johnson&Johnson, Moderna, Oxford/AstraZeneca, Pfizer/BioNTech",4038134,1608182,5646316
2021-06-03,"Johnson&Johnson, Moderna, Oxford/AstraZeneca, Pfizer/BioNTech",4096347,1668343,5764690
2021-06-04,"Johnson&Johnson, Moderna, Oxford/AstraZeneca, Pfizer/BioNTech",4159415,1725669,5885084
2021-06-05,"Johnson&Johnson, Moderna, Oxford/AstraZeneca, Pfizer/BioNTech",4193538,1744454,5937992
2021-06-06,"Johnson&Johnson, Moderna, Oxford/AstraZeneca, Pfizer/BioNTech",4220441,1759553,5979994
2021-06-07,"Johnson&Johnson, Moderna, Oxford/AstraZeneca, Pfizer/BioNTech",4284113,1815141,6099254
2021-06-08,"Johnson&Johnson, Moderna, Oxford/AstraZeneca, Pfizer/BioNTech",4348080,1870069,6218149
2021-06-09,"Johnson&Johnson, Moderna, Oxford/AstraZeneca, Pfizer/BioNTech",4407262,1934499,6341761
2021-06-10,"Johnson&Johnson, Moderna, Oxford/AstraZeneca, Pfizer/BioNTech",4461143,2005564,6466707
2021-06-11,"Johnson&Johnson, Moderna, Oxford/AstraZeneca, Pfizer/BioNTech",4513232,2075240,6588472
2021-06-12,"Johnson&Johnson, Moderna, Oxford/AstraZeneca, Pfizer/BioNTech",4545224,2095980,6641204
2021-06-13,"Johnson&Johnson, Moderna, Oxford/AstraZeneca, Pfizer/BioNTech",4569229,2114344,6683573
2021-06-14,"Johnson&Johnson, Moderna, Oxford/AstraZeneca, Pfizer/BioNTech",4612296,2188661,6800957
2021-06-15,"Johnson&Johnson, Moderna, Oxford/AstraZeneca, Pfizer/BioNTech",4656933,2260932,6917865
2021-06-16,"Johnson&Johnson, Moderna, Oxford/AstraZeneca, Pfizer/BioNTech",4699661,2339080,7038741
2021-06-17,"Johnson&Johnson, Moderna, Oxford/AstraZeneca, Pfizer/BioNTech",4739031,2422068,7161099
2021-06-18,"Johnson&Johnson, Moderna, Oxford/AstraZeneca, Pfizer/BioNTech",4781407,2502489,7283896
2021-06-19,"Johnson&Johnson, Moderna, Oxford/AstraZeneca, Pfizer/BioNTech",4803149,2531715,7334864
2021-06-20,"Johnson&Johnson, Moderna, Oxford/AstraZeneca, Pfizer/BioNTech",4820506,2555491,7375997
2021-06-21,"Johnson&Johnson, Moderna, Oxford/AstraZeneca, Pfizer/BioNTech",4853004,2633985,7486989
2021-06-22,"Johnson&Johnson, Moderna, Oxford/AstraZeneca, Pfizer/BioNTech",4885959,2716165,7602124
2021-06-23,"Johnson&Johnson, Moderna, Oxford/AstraZeneca, Pfizer/BioNTech",4917612,2801303,7718915
2021-06-24,"Johnson&Johnson, Moderna, Oxford/AstraZeneca, Pfizer/BioNTech",4947447,2891251,7838698
2021-06-25,"Johnson&Johnson, Moderna, Oxford/AstraZeneca, Pfizer/BioNTech",4978495,2977311,7955806
2021-06-26,"Johnson&Johnson, Moderna, Oxford/AstraZeneca, Pfizer/BioNTech",4994349,3012063,8006412
2021-06-27,"Johnson&Johnson, Moderna, Oxford/AstraZeneca, Pfizer/BioNTech",5008285,3038662,8046947
2021-06-28,"Johnson&Johnson, Moderna, Oxford/AstraZeneca, Pfizer/BioNTech",5036690,3123761,8160451
2021-06-29,"Johnson&Johnson, Moderna, Oxford/AstraZeneca, Pfizer/BioNTech",5065952,3210148,8276100
2021-06-30,"Johnson&Johnson, Moderna, Oxford/AstraZeneca, Pfizer/BioNTech",5093438,3301017,8394455
2021-07-01,"Johnson&Johnson, Moderna, Oxford/AstraZeneca, Pfizer/BioNTech",5117402,3390971,8508373
2021-07-02,"Johnson&Johnson, Moderna, Oxford/AstraZeneca, Pfizer/BioNTech",5144112,3476714,8620826
2021-07-03,"Johnson&Johnson, Moderna, Oxford/AstraZeneca, Pfizer/BioNTech",5151184,3508179,8659363
2021-07-04,"Johnson&Johnson, Moderna, Oxford/AstraZeneca, Pfizer/BioNTech",5158732,3529945,8688677
2021-07-05,"Johnson&Johnson, Moderna, Oxford/AstraZeneca, Pfizer/BioNTech",5166085,3555270,8721355
2021-07-06,"Johnson&Johnson, Moderna, Oxford/AstraZeneca, Pfizer/BioNTech",5171486,3582856,8754342
2021-07-07,"Johnson&Johnson, Moderna, Oxford/AstraZeneca, Pfizer/BioNTech",5197262,3661749,8859011
2021-07-08,"Johnson&Johnson, Moderna, Oxford/AstraZeneca, Pfizer/BioNTech",5223850,3731988,8955838
2021-07-09,"Johnson&Johnson, Moderna, Oxford/AstraZeneca, Pfizer/BioNTech",5251751,3801177,9052928
2021-07-10,"Johnson&Johnson, Moderna, Oxford/AstraZeneca, Pfizer/BioNTech",5261090,3829753,9090843
2021-07-11,"Johnson&Johnson, Moderna, Oxford/AstraZeneca, Pfizer/BioNTech",5269607,3852605,9122212
2021-07-12,"Johnson&Johnson, Moderna, Oxford/AstraZeneca, Pfizer/BioNTech",5297127,3921631,9218758
2021-07-13,"Johnson&Johnson, Moderna, Oxford/AstraZeneca, Pfizer/BioNTech",5323297,3991432,9314729
2021-07-14,"Johnson&Johnson, Moderna, Oxford/AstraZeneca, Pfizer/BioNTech",5349099,4063340,9412439
2021-07-15,"Johnson&Johnson, Moderna, Oxford/AstraZeneca, Pfizer/BioNTech",5378269,4129274,9507543
2021-07-16,"Johnson&Johnson, Moderna, Oxford/AstraZeneca, Pfizer/BioNTech",5406168,4201899,9608067
2021-07-17,"Johnson&Johnson, Moderna, Oxford/AstraZeneca, Pfizer/BioNTech",5414929,4233288,9648217
2021-07-18,"Johnson&Johnson, Moderna, Oxford/AstraZeneca, Pfizer/BioNTech",5423364,4259251,9682615
2021-07-19,"Johnson&Johnson, Moderna, Oxford/AstraZeneca, Pfizer/BioNTech",5446702,4326208,9772910
2021-07-20,"Johnson&Johnson, Moderna, Oxford/AstraZeneca, Pfizer/BioNTech",5468078,4393177,9861255
2021-07-21,"Johnson&Johnson, Moderna, Oxford/AstraZeneca, Pfizer/BioNTech",5491520,4456559,9948079
2021-07-22,"Johnson&Johnson, Moderna, Oxford/AstraZeneca, Pfizer/BioNTech",5513869,4515106,10028975
2021-07-23,"Johnson&Johnson, Moderna, Oxford/AstraZeneca, Pfizer/BioNTech",5537050,4569773,10106823
2021-07-24,"Johnson&Johnson, Moderna, Oxford/AstraZeneca, Pfizer/BioNTech",5544355,4597386,10141741
2021-07-25,"Johnson&Johnson, Moderna, Oxford/AstraZeneca, Pfizer/BioNTech",5550958,4619477,10170435
2021-07-26,"Johnson&Johnson, Moderna, Oxford/AstraZeneca, Pfizer/BioNTech",5574477,4668070,10242547
2021-07-27,"Johnson&Johnson, Moderna, Oxford/AstraZeneca, Pfizer/BioNTech",5597198,4714625,10311823
2021-07-28,"Johnson&Johnson, Moderna, Oxford/AstraZeneca, Pfizer/BioNTech",5618429,4760520,10378949
2021-07-29,"Johnson&Johnson, Moderna, Oxford/AstraZeneca, Pfizer/BioNTech",5639732,4802387,10442119
2021-07-30,"Johnson&Johnson, Moderna, Oxford/AstraZeneca, Pfizer/BioNTech",5662996,4844857,10507853
2021-07-31,"Johnson&Johnson, Moderna, Oxford/AstraZeneca, Pfizer/BioNTech",5671909,4864352,10536261
2021-08-01,"Johnson&Johnson, Moderna, Oxford/AstraZeneca, Pfizer/BioNTech",5678622,4880491,10559113
2021-08-02,"Johnson&Johnson, Moderna, Oxford/AstraZeneca, Pfizer/BioNTech",5697234,4917979,10615213
2021-08-03,"Johnson&Johnson, Moderna, Oxford/AstraZeneca, Pfizer/BioNTech",5714853,4956015,10670868
2021-08-04,"Johnson&Johnson, Moderna, Oxford/AstraZeneca, Pfizer/BioNTech",5730931,4992682,10723613
2021-08-05,"Johnson&Johnson, Moderna, Oxford/AstraZeneca, Pfizer/BioNTech",5746938,5033082,10780020
2021-08-06,"Johnson&Johnson, Moderna, Oxford/AstraZeneca, Pfizer/BioNTech",5763707,5076298,10840005
2021-08-07,"Johnson&Johnson, Moderna, Oxford/AstraZeneca, Pfizer/BioNTech",5769291,5094430,10863721
2021-08-08,"Johnson&Johnson, Moderna, Oxford/AstraZeneca, Pfizer/BioNTech",5773638,5110158,10883796
2021-08-09,"Johnson&Johnson, Moderna, Oxford/AstraZeneca, Pfizer/BioNTech",5786269,5155154,10941423
2021-08-10,"Johnson&Johnson, Moderna, Oxford/AstraZeneca, Pfizer/BioNTech",5798096,5194669,10992765
2021-08-11,"Johnson&Johnson, Moderna, Oxford/AstraZeneca, Pfizer/BioNTech",5809444,5237749,11047193
2021-08-12,"Johnson&Johnson, Moderna, Oxford/AstraZeneca, Pfizer/BioNTech",5820850,5274821,11095671
2021-08-13,"Johnson&Johnson, Moderna, Oxford/AstraZeneca, Pfizer/BioNTech",5831559,5315095,11146654
2021-08-14,"Johnson&Johnson, Moderna, Oxford/AstraZeneca, Pfizer/BioNTech",5834894,5325772,11160666
2021-08-15,"Johnson&Johnson, Moderna, Oxford/AstraZeneca, Pfizer/BioNTech",5837468,5336126,11173594
2021-08-16,"Johnson&Johnson, Moderna, Oxford/AstraZeneca, Pfizer/BioNTech",5847237,5370153,11217390
2021-08-17,"Johnson&Johnson, Moderna, Oxford/AstraZeneca, Pfizer/BioNTech",5856822,5397211,11254033
2021-08-18,"Johnson&Johnson, Moderna, Oxford/AstraZeneca, Pfizer/BioNTech",5866186,5436040,11302226
2021-08-19,"Johnson&Johnson, Moderna, Oxford/AstraZeneca, Pfizer/BioNTech",5875844,5474352,11350196
2021-08-20,"Johnson&Johnson, Moderna, Oxford/AstraZeneca, Pfizer/BioNTech",5887215,5514501,11401716
2021-08-21,"Johnson&Johnson, Moderna, Oxford/AstraZeneca, Pfizer/BioNTech",5889928,5527234,11417162
2021-08-22,"Johnson&Johnson, Moderna, Oxford/AstraZeneca, Pfizer/BioNTech",5892265,5539183,11431448
2021-08-23,"Johnson&Johnson, Moderna, Oxford/AstraZeneca, Pfizer/BioNTech",5902793,5578406,11481199
2021-08-24,"Johnson&Johnson, Moderna, Oxford/AstraZeneca, Pfizer/BioNTech",5912651,5611619,11524270
2021-08-25,"Johnson&Johnson, Moderna, Oxford/AstraZeneca, Pfizer/BioNTech",5921509,5639950,11561459
2021-08-26,"Johnson&Johnson, Moderna, Oxford/AstraZeneca, Pfizer/BioNTech",5929949,5666042,11595991
2021-08-27,"Johnson&Johnson, Moderna, Oxford/AstraZeneca, Pfizer/BioNTech",5940256,5691954,11632210
2021-08-28,"Johnson&Johnson, Moderna, Oxford/AstraZeneca, Pfizer/BioNTech",5942977,5698979,11641956
2021-08-29,"Johnson&Johnson, Moderna, Oxford/AstraZeneca, Pfizer/BioNTech",5945379,5705588,11650967
2021-08-30,"Johnson&Johnson, Moderna, Oxford/AstraZeneca, Pfizer/BioNTech",5953896,5727427,11681323
2021-08-31,"Johnson&Johnson, Moderna, Oxford/AstraZeneca, Pfizer/BioNTech",5961552,5745478,11707030
2021-09-01,"Johnson&Johnson, Moderna, Oxford/AstraZeneca, Pfizer/BioNTech",5967433,5759447,11726880
2021-09-02,"Johnson&Johnson, Moderna, Oxford/AstraZeneca, Pfizer/BioNTech",5974248,5773805,11748053
2021-09-03,"Johnson&Johnson, Moderna, Oxford/AstraZeneca, Pfizer/BioNTech",5983790,5789485,11773275
2021-09-04,"Johnson&Johnson, Moderna, Oxford/AstraZeneca, Pfizer/BioNTech",5985850,5793030,11778880
2021-09-05,"Johnson&Johnson, Moderna, Oxford/AstraZeneca, Pfizer/BioNTech",5987882,5795863,11783745
2021-09-06,"Johnson&Johnson, Moderna, Oxford/AstraZeneca, Pfizer/BioNTech",5994092,5808361,11802453
2021-09-07,"Johnson&Johnson, Moderna, Oxford/AstraZeneca, Pfizer/BioNTech",5998459,5819438,11817897
2021-09-08,"Johnson&Johnson, Moderna, Oxford/AstraZeneca, Pfizer/BioNTech",6004109,5829264,11833373
2021-09-09,"Johnson&Johnson, Moderna, Oxford/AstraZeneca, Pfizer/BioNTech",6010763,5839309,11850072
2021-09-10,"Johnson&Johnson, Moderna, Oxford/AstraZeneca, Pfizer/BioNTech",6018425,5851462,11869887
2021-09-11,"Johnson&Johnson, Moderna, Oxford/AstraZeneca, Pfizer/BioNTech",6020285,5853932,11874217
2021-09-12,"Johnson&Johnson, Moderna, Oxford/AstraZeneca, Pfizer/BioNTech",6021398,5855552,11876950
2021-09-13,"Johnson&Johnson, Moderna, Oxford/AstraZeneca, Pfizer/BioNTech",6026813,5865835,11892648
2021-09-14,"Johnson&Johnson, Moderna, Oxford/AstraZeneca, Pfizer/BioNTech",6032181,5874828,11907009
2021-09-15,"Johnson&Johnson, Moderna, Oxford/AstraZeneca, Pfizer/BioNTech",6037357,5883335,11920692
2021-09-16,"Johnson&Johnson, Moderna, Oxford/AstraZeneca, Pfizer/BioNTech",6042684,5891588,11934272
2021-09-17,"Johnson&Johnson, Moderna, Oxford/AstraZeneca, Pfizer/BioNTech",6049230,5901784,11951014
2021-09-18,"Johnson&Johnson, Moderna, Oxford/AstraZeneca, Pfizer/BioNTech",6050952,5904133,11955085
2021-09-19,"Johnson&Johnson, Moderna, Oxford/AstraZeneca, Pfizer/BioNTech",6051891,5905696,11957587
2021-09-20,"Johnson&Johnson, Moderna, Oxford/AstraZeneca, Pfizer/BioNTech",6055884,5913879,11969763
2021-09-21,"Johnson&Johnson, Moderna, Oxford/AstraZeneca, Pfizer/BioNTech",6060092,5921400,11981492
2021-09-22,"Johnson&Johnson, Moderna, Oxford/AstraZeneca, Pfizer/BioNTech",6064254,5926904,11991158
2021-09-23,"Johnson&Johnson, Moderna, Oxford/AstraZeneca, Pfizer/BioNTech",6069217,5933304,12002521
2021-09-24,"Johnson&Johnson, Moderna, Oxford/AstraZeneca, Pfizer/BioNTech",6074960,5942909,12017869
2021-09-25,"Johnson&Johnson, Moderna, Oxford/AstraZeneca, Pfizer/BioNTech",6076450,5944894,12021344
2021-09-26,"Johnson&Johnson, Moderna, Pfizer/BioNTech",6077189,5946522,12023711
2021-09-27,"Johnson&Johnson, Moderna, Oxford/AstraZeneca, Pfizer/BioNTech",6081049,5953007,12034056
2021-09-28,"Johnson&Johnson, Moderna, Pfizer/BioNTech",6081405,5953608,12035013
2021-09-29,"Johnson&Johnson, Moderna, Oxford/AstraZeneca, Pfizer/BioNTech",6085173,5961047,12046220
2021-09-30,"Johnson&Johnson, Moderna, Oxford/AstraZeneca, Pfizer/BioNTech",6089664,5968719,12058383
2021-10-01,"Johnson&Johnson, Moderna, Oxford/AstraZeneca, Pfizer/BioNTech",6093925,5976661,12070586
2021-10-02,"Johnson&Johnson, Moderna, Oxford/AstraZeneca, Pfizer/BioNTech",6094969,5978192,12073161
2021-10-03,"Johnson&Johnson, Moderna, Pfizer/BioNTech",6095673,5979053,12074726
2021-10-04,"Johnson&Johnson, Moderna, Oxford/AstraZeneca, Pfizer/BioNTech",6098727,5984613,12083340
2021-10-05,"Johnson&Johnson, Moderna, Oxford/AstraZeneca, Pfizer/BioNTech",6101861,5989670,12091531
2021-10-06,"Johnson&Johnson, Moderna, Oxford/AstraZeneca, Pfizer/BioNTech",6105353,5994823,12100176
2021-10-07,"Johnson&Johnson, Moderna, Oxford/AstraZeneca, Pfizer/BioNTech",6108605,6000065,12108670
2021-10-08,"Johnson&Johnson, Moderna, Oxford/AstraZeneca, Pfizer/BioNTech",6113377,6006677,12120054
2021-10-09,"Johnson&Johnson, Moderna, Oxford/AstraZeneca, Pfizer/BioNTech",6114615,6008325,12122940
2021-10-10,"Johnson&Johnson, Moderna, Oxford/AstraZeneca, Pfizer/BioNTech",6115555,6009153,12124708
2021-10-11,"Johnson&Johnson, Moderna, Oxford/AstraZeneca, Pfizer/BioNTech",6118466,6013549,12132015
2021-10-12,"Johnson&Johnson, Moderna, Oxford/AstraZeneca, Pfizer/BioNTech",6121355,6017541,12138896
2021-10-13,"Johnson&Johnson, Moderna, Oxford/AstraZeneca, Pfizer/BioNTech",6124872,6021715,12146587
2021-10-14,"Johnson&Johnson, Moderna, Oxford/AstraZeneca, Pfizer/BioNTech",6128531,6026652,12155183
2021-10-15,"Johnson&Johnson, Moderna, Oxford/AstraZeneca, Pfizer/BioNTech",6133674,6032779,12166453
2021-10-16,"Johnson&Johnson, Moderna, Oxford/AstraZeneca, Pfizer/BioNTech",6135045,6034292,12169337
2021-10-17,"Johnson&Johnson, Moderna, Pfizer/BioNTech",6136364,6035343,12171707
2021-10-18,"Johnson&Johnson, Moderna, Oxford/AstraZeneca, Pfizer/BioNTech",6140421,6039429,12179850
2021-10-19,"Johnson&Johnson, Moderna, Oxford/AstraZeneca, Pfizer/BioNTech",6143959,6041509,12185468
2021-10-20,"Johnson&Johnson, Moderna, Oxford/AstraZeneca, Pfizer/BioNTech",6148804,6045947,12194751
2021-10-21,"Johnson&Johnson, Moderna, Oxford/AstraZeneca, Pfizer/BioNTech",6156437,6051533,12207970
2021-10-22,"Johnson&Johnson, Moderna, Oxford/AstraZeneca, Pfizer/BioNTech",6166811,6058027,12224838
2021-10-23,"Johnson&Johnson, Moderna, Pfizer/BioNTech",6170468,6060227,12230695
2021-10-24,"Johnson&Johnson, Moderna, Pfizer/BioNTech",6173148,6061997,12235145
2021-10-25,"Johnson&Johnson, Moderna, Oxford/AstraZeneca, Pfizer/BioNTech",6183547,6067787,12251334
2021-10-26,"Johnson&Johnson, Moderna, Oxford/AstraZeneca, Pfizer/BioNTech",6195327,6074316,12269643
2021-10-27,"Johnson&Johnson, Moderna, Oxford/AstraZeneca, Pfizer/BioNTech",6209800,6081703,12291503
2021-10-28,"Johnson&Johnson, Moderna, Pfizer/BioNTech",6213145,6083368,12296513
2021-10-29,"Johnson&Johnson, Moderna, Oxford/AstraZeneca, Pfizer/BioNTech",6227481,6091322,12318803
2021-10-30,"Johnson&Johnson, Moderna, Pfizer/BioNTech",6232000,6094229,12326229
2021-10-31,"Johnson&Johnson, Moderna, Oxford/AstraZeneca, Pfizer/BioNTech",6235747,6096690,12332437
2021-11-01,"Johnson&Johnson, Moderna, Oxford/AstraZeneca, Pfizer/BioNTech",6250785,6104363,12355148
2021-11-02,"Johnson&Johnson, Moderna, Oxford/AstraZeneca, Pfizer/BioNTech",6266033,6111873,12377906
2021-11-03,"Johnson&Johnson, Moderna, Oxford/AstraZeneca, Pfizer/BioNTech",6283081,6119146,12402227
2021-11-04,"Johnson&Johnson, Moderna, Oxford/AstraZeneca, Pfizer/BioNTech",6301220,6127300,12428520
2021-11-05,"Johnson&Johnson, Moderna, Oxford/AstraZeneca, Pfizer/BioNTech",6323862,6138548,12462410
2021-11-06,"Johnson&Johnson, Moderna, Oxford/AstraZeneca, Pfizer/BioNTech",6330298,6141576,12471874
2021-11-07,"Johnson&Johnson, Moderna, Oxford/AstraZeneca, Pfizer/BioNTech",6334284,6144006,12478290
2021-11-08,"Johnson&Johnson, Moderna, Oxford/AstraZeneca, Pfizer/BioNTech",6350406,6151619,12502025
2021-11-09,"Johnson&Johnson, Moderna, Oxford/AstraZeneca, Pfizer/BioNTech",6365075,6158898,12523973
2021-11-10,"Johnson&Johnson, Moderna, Oxford/AstraZeneca, Pfizer/BioNTech",6380657,6166243,12546900
2021-11-11,"Johnson&Johnson, Moderna, Oxford/AstraZeneca, Pfizer/BioNTech",6395951,6175269,12571220
2021-11-12,"Johnson&Johnson, Moderna, Oxford/AstraZeneca, Pfizer/BioNTech",6415499,6187957,12603456
2021-11-13,"Johnson&Johnson, Moderna, Oxford/AstraZeneca, Pfizer/BioNTech",6420838,6191802,12612640
2021-11-14,"Johnson&Johnson, Moderna, Oxford/AstraZeneca, Pfizer/BioNTech",6424694,6194790,12619484
2021-11-15,"Johnson&Johnson, Moderna, Oxford/AstraZeneca, Pfizer/BioNTech",6439610,6205244,12644854
2021-11-16,"Johnson&Johnson, Moderna, Oxford/AstraZeneca, Pfizer/BioNTech",6456959,6216924,12673883
2021-11-17,"Johnson&Johnson, Moderna, Oxford/AstraZeneca, Pfizer/BioNTech",6461096,6220418,12681514
2021-11-18,"Johnson&Johnson, Moderna, Oxford/AstraZeneca, Pfizer/BioNTech",6480300,6231921,12712221
2021-11-19,"Johnson&Johnson, Moderna, Oxford/AstraZeneca, Pfizer/BioNTech",6504626,6248683,12753309
2021-11-20,"Johnson&Johnson, Moderna, Oxford/AstraZeneca, Pfizer/BioNTech",6513110,6253595,12766705
2021-11-21,"Johnson&Johnson, Moderna, Oxford/AstraZeneca, Pfizer/BioNTech",6519784,6257271,12777055
2021-11-22,"Johnson&Johnson, Moderna, Oxford/AstraZeneca, Pfizer/BioNTech",6537882,6271035,12808917
2021-11-23,"Johnson&Johnson, Moderna, Oxford/AstraZeneca, Pfizer/BioNTech",6556625,6283970,12840595
2021-11-24,"Johnson&Johnson, Moderna, Oxford/AstraZeneca, Pfizer/BioNTech",6575317,6299537,12874854
2021-11-25,"Johnson&Johnson, Moderna, Oxford/AstraZeneca, Pfizer/BioNTech",6593785,6313902,12907687
2021-11-26,"Johnson&Johnson, Moderna, Oxford/AstraZeneca, Pfizer/BioNTech",6613301,6331147,12944448
