date,vaccine,people_vaccinated,people_fully_vaccinated,total_vaccinations
2020-12-27,Pfizer/BioNTech,1286,0,1286
2020-12-28,Pfizer/BioNTech,3589,0,3589
2020-12-29,Pfizer/BioNTech,7060,1,7061
2020-12-30,Pfizer/BioNTech,10576,1,10577
2020-12-31,Pfizer/BioNTech,11889,1,11890
2021-01-01,"Moderna, Pfizer/BioNTech",12160,1,12161
2021-01-02,"Moderna, Pfizer/BioNTech",13446,2,13448
2021-01-03,"Moderna, Pfizer/BioNTech",14373,2,14375
2021-01-04,"Moderna, Pfizer/BioNTech",17982,3,17985
2021-01-05,"Moderna, Pfizer/BioNTech",22507,4,22511
2021-01-06,"Moderna, Pfizer/BioNTech",28353,5,28358
2021-01-07,"Moderna, Pfizer/BioNTech",36352,5,36357
2021-01-08,"Moderna, Pfizer/BioNTech",46405,6,46411
2021-01-09,"Moderna, Pfizer/BioNTech",48431,8,48439
2021-01-10,Pfizer/BioNTech,50203,10,50213
2021-01-11,"Moderna, Pfizer/BioNTech",60059,12,60071
2021-01-12,"Moderna, Pfizer/BioNTech",73513,14,73527
2021-01-13,"Moderna, Pfizer/BioNTech",87058,15,87073
2021-01-14,"Moderna, Pfizer/BioNTech",102308,19,102327
2021-01-15,"Moderna, Pfizer/BioNTech",116328,20,116348
2021-01-16,"Moderna, Pfizer/BioNTech",119732,24,119756
2021-01-17,"Moderna, Pfizer/BioNTech",122351,660,123011
2021-01-18,"Moderna, Pfizer/BioNTech",134842,2486,137328
2021-01-19,"Moderna, Pfizer/BioNTech",147452,5215,152667
2021-01-20,"Moderna, Pfizer/BioNTech",161149,7880,169029
2021-01-21,"Moderna, Pfizer/BioNTech",176802,9623,186425
2021-01-22,"Moderna, Pfizer/BioNTech",191693,10668,202361
2021-01-23,"Moderna, Pfizer/BioNTech",195011,11548,206559
2021-01-24,"Moderna, Pfizer/BioNTech",197267,12419,209686
2021-01-25,"Moderna, Pfizer/BioNTech",206922,15388,222310
2021-01-26,"Moderna, Pfizer/BioNTech",217470,19379,236849
2021-01-27,"Moderna, Pfizer/BioNTech",226502,23914,250416
2021-01-28,"Moderna, Pfizer/BioNTech",233608,30048,263656
2021-01-29,"Indie/AstraZeneca, Moderna, Pfizer/BioNTech",239824,37958,277782
2021-01-30,"Moderna, Pfizer/BioNTech",240565,39046,279611
2021-01-31,"Moderna, Pfizer/BioNTech",241284,40228,281512
2021-02-01,"Moderna, Pfizer/BioNTech",245267,48196,293463
2021-02-02,"Moderna, Pfizer/BioNTech",249423,58436,307859
2021-02-03,"Moderna, Pfizer/BioNTech",253850,69455,323305
2021-02-04,"Moderna, Pfizer/BioNTech",258757,82446,341203
2021-02-05,"Moderna, Pfizer/BioNTech",264231,93120,357351
2021-02-06,"Moderna, Oxford/AstraZeneca, Pfizer/BioNTech",265088,95486,360574
2021-02-07,"Moderna, Oxford/AstraZeneca, Pfizer/BioNTech",265939,97986,363925
2021-02-08,"Moderna, Oxford/AstraZeneca, Pfizer/BioNTech",270030,109413,379443
2021-02-09,"Moderna, Oxford/AstraZeneca, Pfizer/BioNTech",275142,121325,396467
2021-02-10,"Moderna, Oxford/AstraZeneca, Pfizer/BioNTech",280662,134585,415247
2021-02-11,"Moderna, Oxford/AstraZeneca, Pfizer/BioNTech",287004,150804,437808
2021-02-12,"Moderna, Oxford/AstraZeneca, Pfizer/BioNTech",293832,165552,459384
2021-02-13,"Moderna, Oxford/AstraZeneca, Pfizer/BioNTech",295450,168539,463989
2021-02-14,"Moderna, Oxford/AstraZeneca, Pfizer/BioNTech",296456,169925,466381
2021-02-15,"Moderna, Oxford/AstraZeneca, Pfizer/BioNTech",302856,179296,482152
2021-02-16,"Moderna, Oxford/AstraZeneca, Pfizer/BioNTech",311574,188377,499951
2021-02-17,"Moderna, Oxford/AstraZeneca, Pfizer/BioNTech",321276,196689,517965
2021-02-18,"Moderna, Oxford/AstraZeneca, Pfizer/BioNTech",333605,204772,538377
2021-02-19,"Moderna, Oxford/AstraZeneca, Pfizer/BioNTech",345471,212149,557620
2021-02-20,"Moderna, Oxford/AstraZeneca, Pfizer/BioNTech",347481,213335,560816
2021-02-21,"Moderna, Oxford/AstraZeneca, Pfizer/BioNTech",348618,214361,562979
2021-02-22,"Moderna, Oxford/AstraZeneca, Pfizer/BioNTech",358742,220398,579140
2021-02-23,"Moderna, Oxford/AstraZeneca, Pfizer/BioNTech",371707,227390,599097
2021-02-24,"Moderna, Oxford/AstraZeneca, Pfizer/BioNTech",385589,233432,619021
2021-02-25,"Moderna, Oxford/AstraZeneca, Pfizer/BioNTech",403571,238983,642554
2021-02-26,"Moderna, Oxford/AstraZeneca, Pfizer/BioNTech",419750,244343,664093
2021-02-27,"Moderna, Oxford/AstraZeneca, Pfizer/BioNTech",422759,244901,667660
2021-02-28,"Moderna, Oxford/AstraZeneca, Pfizer/BioNTech",425117,245452,670569
2021-03-01,"Moderna, Oxford/AstraZeneca, Pfizer/BioNTech",444716,248899,693615
2021-03-02,"Indie/AstraZeneca, Moderna, Oxford/AstraZeneca, Pfizer/BioNTech",471947,252454,724401
2021-03-03,"Moderna, Oxford/AstraZeneca, Pfizer/BioNTech",502900,256966,759866
2021-03-04,"Moderna, Oxford/AstraZeneca, Pfizer/BioNTech",536185,261657,797842
2021-03-05,"Johnson&Johnson, Moderna, Oxford/AstraZeneca, Pfizer/BioNTech",565031,267086,832117
2021-03-06,"Johnson&Johnson, Moderna, Oxford/AstraZeneca, Pfizer/BioNTech",577191,267952,845143
2021-03-07,"Johnson&Johnson, Moderna, Oxford/AstraZeneca, Pfizer/BioNTech",588740,268795,857535
2021-03-08,"Johnson&Johnson, Moderna, Oxford/AstraZeneca, Pfizer/BioNTech",618488,273658,892146
2021-03-09,"Johnson&Johnson, Moderna, Oxford/AstraZeneca, Pfizer/BioNTech",654860,280044,934904
2021-03-10,"Johnson&Johnson, Moderna, Oxford/AstraZeneca, Pfizer/BioNTech",696193,287004,983197
2021-03-11,"Johnson&Johnson, Moderna, Oxford/AstraZeneca, Pfizer/BioNTech",741051,295379,1036430
2021-03-12,"Johnson&Johnson, Moderna, Oxford/AstraZeneca, Pfizer/BioNTech, Čína",779812,303880,1083692
2021-03-13,"Johnson&Johnson, Moderna, Oxford/AstraZeneca, Pfizer/BioNTech",796925,305196,1102121
2021-03-14,"Johnson&Johnson, Moderna, Oxford/AstraZeneca, Pfizer/BioNTech",809043,306353,1115396
2021-03-15,"Johnson&Johnson, Moderna, Oxford/AstraZeneca, Pfizer/BioNTech",837438,315133,1152571
2021-03-16,"Johnson&Johnson, Moderna, Oxford/AstraZeneca, Pfizer/BioNTech",876336,325670,1202006
2021-03-17,"Moderna, Oxford/AstraZeneca, Pfizer/BioNTech",913822,336185,1250007
2021-03-18,"Johnson&Johnson, Moderna, Oxford/AstraZeneca, Pfizer/BioNTech",951829,348611,1300440
2021-03-19,"Johnson&Johnson, Moderna, Oxford/AstraZeneca, Pfizer/BioNTech",986350,362225,1348575
2021-03-20,"Johnson&Johnson, Moderna, Oxford/AstraZeneca, Pfizer/BioNTech",1001533,364255,1365788
2021-03-21,"Johnson&Johnson, Moderna, Oxford/AstraZeneca, Pfizer/BioNTech",1008981,365815,1374796
2021-03-22,"Indie/AstraZeneca, Johnson&Johnson, Moderna, Oxford/AstraZeneca, Pfizer/BioNTech",1033557,378315,1411872
2021-03-23,"Johnson&Johnson, Moderna, Oxford/AstraZeneca, Pfizer/BioNTech",1060234,391682,1451916
2021-03-24,"Johnson&Johnson, Moderna, Oxford/AstraZeneca, Pfizer/BioNTech",1087131,407425,1494556
2021-03-25,"Indie/AstraZeneca, Johnson&Johnson, Moderna, Oxford/AstraZeneca, Pfizer/BioNTech",1113491,425279,1538770
2021-03-26,"Johnson&Johnson, Moderna, Oxford/AstraZeneca, Pfizer/BioNTech",1138332,442792,1581124
2021-03-27,"Johnson&Johnson, Moderna, Oxford/AstraZeneca, Pfizer/BioNTech, Čína",1146795,447639,1594434
2021-03-28,"Moderna, Oxford/AstraZeneca, Pfizer/BioNTech, Čína",1152344,451786,1604130
2021-03-29,"Johnson&Johnson, Moderna, Oxford/AstraZeneca, Pfizer/BioNTech",1171505,472520,1644025
2021-03-30,"Johnson&Johnson, Moderna, Oxford/AstraZeneca, Pfizer/BioNTech",1196213,494708,1690921
2021-03-31,"Johnson&Johnson, Moderna, Oxford/AstraZeneca, Pfizer/BioNTech",1219373,521777,1741150
2021-04-01,"Indie/AstraZeneca, Johnson&Johnson, Moderna, Oxford/AstraZeneca, Pfizer/BioNTech",1245065,553834,1798899
2021-04-02,"Indie/AstraZeneca, Johnson&Johnson, Moderna, Oxford/AstraZeneca, Pfizer/BioNTech",1252050,566631,1818681
2021-04-03,"Johnson&Johnson, Moderna, Oxford/AstraZeneca, Pfizer/BioNTech",1255706,577564,1833270
2021-04-04,"Johnson&Johnson, Moderna, Oxford/AstraZeneca, Pfizer/BioNTech",1258253,586490,1844743
2021-04-05,"Johnson&Johnson, Moderna, Oxford/AstraZeneca, Pfizer/BioNTech",1260686,593695,1854381
2021-04-06,"Indie/AstraZeneca, Johnson&Johnson, Moderna, Oxford/AstraZeneca, Pfizer/BioNTech, Čína",1276905,622970,1899875
2021-04-07,"Johnson&Johnson, Moderna, Oxford/AstraZeneca, Pfizer/BioNTech",1300407,645209,1945616
2021-04-08,"Johnson&Johnson, Moderna, Oxford/AstraZeneca, Pfizer/BioNTech",1339228,676257,2015485
2021-04-09,"Indie/AstraZeneca, Johnson&Johnson, Moderna, Oxford/AstraZeneca, Pfizer/BioNTech",1378828,706458,2085286
2021-04-10,"Johnson&Johnson, Moderna, Oxford/AstraZeneca, Pfizer/BioNTech",1394397,721772,2116169
2021-04-11,"Johnson&Johnson, Moderna, Oxford/AstraZeneca, Pfizer/BioNTech",1404192,731829,2136021
2021-04-12,"Johnson&Johnson, Moderna, Oxford/AstraZeneca, Pfizer/BioNTech",1442514,756974,2199488
2021-04-13,"Moderna, Oxford/AstraZeneca, Pfizer/BioNTech",1478823,783017,2261840
2021-04-14,"Moderna, Oxford/AstraZeneca, Pfizer/BioNTech",1517714,810396,2328110
2021-04-15,"Moderna, Oxford/AstraZeneca, Pfizer/BioNTech",1565549,836177,2401726
2021-04-16,"Moderna, Oxford/AstraZeneca, Pfizer/BioNTech",1610270,861857,2472127
2021-04-17,"Indie/AstraZeneca, Moderna, Oxford/AstraZeneca, Pfizer/BioNTech",1626998,870882,2497880
2021-04-18,"Moderna, Oxford/AstraZeneca, Pfizer/BioNTech, Čína",1639999,875869,2515868
2021-04-19,"Johnson&Johnson, Moderna, Oxford/AstraZeneca, Pfizer/BioNTech",1683974,891310,2575284
2021-04-20,"Johnson&Johnson, Moderna, Oxford/AstraZeneca, Pfizer/BioNTech",1726565,907200,2633765
2021-04-21,"Moderna, Oxford/AstraZeneca, Pfizer/BioNTech",1774330,921571,2695901
2021-04-22,"Johnson&Johnson, Moderna, Oxford/AstraZeneca, Pfizer/BioNTech",1828862,938970,2767832
2021-04-23,"Johnson&Johnson, Moderna, Oxford/AstraZeneca, Pfizer/BioNTech",1878873,951036,2829909
2021-04-24,"Johnson&Johnson, Moderna, Oxford/AstraZeneca, Pfizer/BioNTech, Čína",1896750,956306,2853056
2021-04-25,"Johnson&Johnson, Moderna, Oxford/AstraZeneca, Pfizer/BioNTech",1911463,960311,2871774
2021-04-26,"Johnson&Johnson, Moderna, Oxford/AstraZeneca, Pfizer/BioNTech",1961081,967881,2928962
2021-04-27,"Johnson&Johnson, Moderna, Oxford/AstraZeneca, Pfizer/BioNTech",2010072,980133,2990205
2021-04-28,"Johnson&Johnson, Moderna, Oxford/AstraZeneca, Pfizer/BioNTech, Čína",2068856,994156,3063012
2021-04-29,"Johnson&Johnson, Moderna, Oxford/AstraZeneca, Pfizer/BioNTech",2134476,1010078,3144554
2021-04-30,"Johnson&Johnson, Moderna, Oxford/AstraZeneca, Pfizer/BioNTech",2196768,1020075,3216843
2021-05-01,"Johnson&Johnson, Moderna, Oxford/AstraZeneca, Pfizer/BioNTech",2216162,1023541,3239703
2021-05-02,"Johnson&Johnson, Moderna, Oxford/AstraZeneca, Pfizer/BioNTech",2235114,1025833,3260947
2021-05-03,"Johnson&Johnson, Moderna, Oxford/AstraZeneca, Pfizer/BioNTech",2302391,1030918,3333309
2021-05-04,"Johnson&Johnson, Moderna, Oxford/AstraZeneca, Pfizer/BioNTech",2368951,1039292,3408243
2021-05-05,"Johnson&Johnson, Moderna, Oxford/AstraZeneca, Pfizer/BioNTech",2442161,1048741,3490902
2021-05-06,"Johnson&Johnson, Moderna, Oxford/AstraZeneca, Pfizer/BioNTech",2522602,1059494,3582096
2021-05-07,"Indie/AstraZeneca, Johnson&Johnson, Moderna, Oxford/AstraZeneca, Pfizer/BioNTech",2599940,1069638,3669578
2021-05-08,"Johnson&Johnson, Moderna, Oxford/AstraZeneca, Pfizer/BioNTech",2629484,1071432,3700916
2021-05-09,"Johnson&Johnson, Moderna, Oxford/AstraZeneca, Pfizer/BioNTech",2653727,1072655,3726382
2021-05-10,"Johnson&Johnson, Moderna, Oxford/AstraZeneca, Pfizer/BioNTech",2726528,1079902,3806430
2021-05-11,"Johnson&Johnson, Moderna, Oxford/AstraZeneca, Pfizer/BioNTech",2802683,1088737,3891420
2021-05-12,"Johnson&Johnson, Moderna, Oxford/AstraZeneca, Pfizer/BioNTech",2882627,1097885,3980512
2021-05-13,"Johnson&Johnson, Moderna, Oxford/AstraZeneca, Pfizer/BioNTech",2966681,1107075,4073756
2021-05-14,"Johnson&Johnson, Moderna, Oxford/AstraZeneca, Pfizer/BioNTech",3046237,1114903,4161140
2021-05-15,"Johnson&Johnson, Moderna, Oxford/AstraZeneca, Pfizer/BioNTech",3078202,1117190,4195392
2021-05-16,"Johnson&Johnson, Moderna, Oxford/AstraZeneca, Pfizer/BioNTech",3104018,1118478,4222496
2021-05-17,"Indie/AstraZeneca, Johnson&Johnson, Moderna, Oxford/AstraZeneca, Pfizer/BioNTech",3176560,1125236,4301796
2021-05-18,"Indie/AstraZeneca, Johnson&Johnson, Moderna, Oxford/AstraZeneca, Pfizer/BioNTech",3248552,1138362,4386914
2021-05-19,"Johnson&Johnson, Moderna, Oxford/AstraZeneca, Pfizer/BioNTech",3326055,1153536,4479591
2021-05-20,"Johnson&Johnson, Moderna, Oxford/AstraZeneca, Pfizer/BioNTech",3401557,1180608,4582165
2021-05-21,"Johnson&Johnson, Moderna, Oxford/AstraZeneca, Pfizer/BioNTech",3470421,1208420,4678841
2021-05-22,"Johnson&Johnson, Moderna, Oxford/AstraZeneca, Pfizer/BioNTech",3502895,1219665,4722560
2021-05-23,"Johnson&Johnson, Moderna, Oxford/AstraZeneca, Pfizer/BioNTech",3525345,1228707,4754052
2021-05-24,"Johnson&Johnson, Moderna, Oxford/AstraZeneca, Pfizer/BioNTech",3572566,1262388,4834954
2021-05-25,"Indie/AstraZeneca, Johnson&Johnson, Moderna, Oxford/AstraZeneca, Pfizer/BioNTech",3624492,1298236,4922728
2021-05-26,"Johnson&Johnson, Moderna, Oxford/AstraZeneca, Pfizer/BioNTech, Čína",3692268,1335800,5028068
2021-05-27,"Indie/AstraZeneca, Johnson&Johnson, Moderna, Oxford/AstraZeneca, Pfizer/BioNTech",3753709,1383168,5136877
2021-05-28,"Johnson&Johnson, Moderna, Oxford/AstraZeneca, Pfizer/BioNTech",3815460,1429786,5245246
2021-05-29,"Indie/AstraZeneca, Johnson&Johnson, Moderna, Oxford/AstraZeneca, Pfizer/BioNTech",3844738,1446935,5291673
2021-05-30,"Johnson&Johnson, Moderna, Oxford/AstraZeneca, Pfizer/BioNTech, Čína",3867160,1461408,5328568
2021-05-31,"Indie/AstraZeneca, Johnson&Johnson, Moderna, Oxford/AstraZeneca, Pfizer/BioNTech",3922908,1508945,5431853
2021-06-01,"Johnson&Johnson, Moderna, Oxford/AstraZeneca, Pfizer/BioNTech",3982034,1557839,5539873
2021-06-02,"Indie/AstraZeneca, Johnson&Johnson, Moderna, Oxford/AstraZeneca, Pfizer/BioNTech",4045015,1611873,5656888
2021-06-03,"Johnson&Johnson, Moderna, Oxford/AstraZeneca, Pfizer/BioNTech",4103282,1672121,5775403
2021-06-04,"Johnson&Johnson, Moderna, Oxford/AstraZeneca, Pfizer/BioNTech",4166431,1729554,5895985
2021-06-05,"Indie/AstraZeneca, Johnson&Johnson, Moderna, Oxford/AstraZeneca, Pfizer/BioNTech",4200630,1748489,5949119
2021-06-06,"Johnson&Johnson, Moderna, Oxford/AstraZeneca, Pfizer/BioNTech",4227595,1763669,5991264
2021-06-07,"Johnson&Johnson, Moderna, Oxford/AstraZeneca, Pfizer/BioNTech",4291294,1819329,6110623
2021-06-08,"Indie/AstraZeneca, Johnson&Johnson, Moderna, Oxford/AstraZeneca, Pfizer/BioNTech",4355315,1874357,6229672
2021-06-09,"Indie/AstraZeneca, Johnson&Johnson, Moderna, Oxford/AstraZeneca, Pfizer/BioNTech",4414539,1939054,6353593
2021-06-10,"Indie/AstraZeneca, Johnson&Johnson, Moderna, Oxford/AstraZeneca, Pfizer/BioNTech",4468407,2010378,6478785
2021-06-11,"Johnson&Johnson, Moderna, Oxford/AstraZeneca, Pfizer/BioNTech",4520536,2080243,6600779
2021-06-12,"Indie/AstraZeneca, Johnson&Johnson, Moderna, Oxford/AstraZeneca, Pfizer/BioNTech, Čína",4552573,2101107,6653680
2021-06-13,"Johnson&Johnson, Moderna, Oxford/AstraZeneca, Pfizer/BioNTech",4576617,2119554,6696171
2021-06-14,"Johnson&Johnson, Moderna, Oxford/AstraZeneca, Pfizer/BioNTech, Čína",4619720,2193972,6813692
2021-06-15,"Johnson&Johnson, Moderna, Oxford/AstraZeneca, Pfizer/BioNTech",4664411,2266389,6930800
2021-06-16,"Johnson&Johnson, Moderna, Oxford/AstraZeneca, Pfizer/BioNTech",4707242,2344644,7051886
2021-06-17,"Johnson&Johnson, Moderna, Oxford/AstraZeneca, Pfizer/BioNTech",4746683,2427770,7174453
2021-06-18,"Johnson&Johnson, Moderna, Oxford/AstraZeneca, Pfizer/BioNTech",4789138,2508381,7297519
2021-06-19,"Johnson&Johnson, Moderna, Oxford/AstraZeneca, Pfizer/BioNTech, Čína",4810944,2537736,7348680
2021-06-20,"Johnson&Johnson, Moderna, Oxford/AstraZeneca, Pfizer/BioNTech, Čína",4828362,2561621,7389983
2021-06-21,"Johnson&Johnson, Moderna, Oxford/AstraZeneca, Pfizer/BioNTech, Čína",4860881,2640260,7501141
2021-06-22,"Johnson&Johnson, Moderna, Oxford/AstraZeneca, Pfizer/BioNTech",4893868,2722610,7616478
2021-06-23,"Johnson&Johnson, Moderna, Oxford/AstraZeneca, Pfizer/BioNTech",4925600,2807883,7733483
2021-06-24,"Johnson&Johnson, Moderna, Oxford/AstraZeneca, Pfizer/BioNTech, Čína",4955480,2897974,7853454
2021-06-25,"Johnson&Johnson, Moderna, Oxford/AstraZeneca, Pfizer/BioNTech",4986581,2984239,7970820
2021-06-26,"Johnson&Johnson, Moderna, Oxford/AstraZeneca, Pfizer/BioNTech",5002490,3019139,8021629
2021-06-27,"Johnson&Johnson, Moderna, Oxford/AstraZeneca, Pfizer/BioNTech, Čína",5016455,3045869,8062324
2021-06-28,"Johnson&Johnson, Moderna, Oxford/AstraZeneca, Pfizer/BioNTech",5044888,3131113,8176001
2021-06-29,"Johnson&Johnson, Moderna, Oxford/AstraZeneca, Pfizer/BioNTech",5074185,3217684,8291869
2021-06-30,"Johnson&Johnson, Moderna, Oxford/AstraZeneca, Pfizer/BioNTech",5101701,3308763,8410464
2021-07-01,"Johnson&Johnson, Moderna, Oxford/AstraZeneca, Pfizer/BioNTech",5125722,3398891,8524613
2021-07-02,"Johnson&Johnson, Moderna, Oxford/AstraZeneca, Pfizer/BioNTech",5152482,3484855,8637337
2021-07-03,"Indie/AstraZeneca, Johnson&Johnson, Moderna, Oxford/AstraZeneca, Pfizer/BioNTech",5159597,3516438,8676035
2021-07-04,"Johnson&Johnson, Moderna, Oxford/AstraZeneca, Pfizer/BioNTech",5167196,3538269,8705465
2021-07-05,"Johnson&Johnson, Moderna, Oxford/AstraZeneca, Pfizer/BioNTech",5174627,3563691,8738318
2021-07-06,"Johnson&Johnson, Moderna, Oxford/AstraZeneca, Pfizer/BioNTech, Čína",5180123,3591442,8771565
2021-07-07,"Johnson&Johnson, Moderna, Oxford/AstraZeneca, Pfizer/BioNTech",5205970,3670461,8876431
2021-07-08,"Johnson&Johnson, Moderna, Oxford/AstraZeneca, Pfizer/BioNTech",5232599,3740836,8973435
2021-07-09,"Indie/AstraZeneca, Johnson&Johnson, Moderna, Oxford/AstraZeneca, Pfizer/BioNTech",5260570,3810193,9070763
2021-07-10,"Indie/AstraZeneca, Johnson&Johnson, Moderna, Oxford/AstraZeneca, Pfizer/BioNTech",5269960,3838875,9108835
2021-07-11,"Johnson&Johnson, Moderna, Oxford/AstraZeneca, Pfizer/BioNTech",5278524,3861771,9140295
2021-07-12,"Johnson&Johnson, Moderna, Oxford/AstraZeneca, Pfizer/BioNTech, Čína",5306091,3930870,9236961
2021-07-13,"Johnson&Johnson, Moderna, Oxford/AstraZeneca, Pfizer/BioNTech",5332318,4000786,9333104
2021-07-14,"Johnson&Johnson, Moderna, Oxford/AstraZeneca, Pfizer/BioNTech",5358173,4072807,9430980
2021-07-15,"Indie/AstraZeneca, Johnson&Johnson, Moderna, Oxford/AstraZeneca, Pfizer/BioNTech",5387373,4138852,9526225
2021-07-16,"Johnson&Johnson, Moderna, Oxford/AstraZeneca, Pfizer/BioNTech",5415328,4211618,9626946
2021-07-17,"Johnson&Johnson, Moderna, Oxford/AstraZeneca, Pfizer/BioNTech, Čína",5424142,4243107,9667249
2021-07-18,"Johnson&Johnson, Moderna, Oxford/AstraZeneca, Pfizer/BioNTech, Čína",5432591,4269131,9701722
2021-07-19,"Johnson&Johnson, Moderna, Oxford/AstraZeneca, Pfizer/BioNTech",5455970,4336172,9792142
2021-07-20,"Johnson&Johnson, Moderna, Oxford/AstraZeneca, Pfizer/BioNTech",5477405,4403264,9880669
2021-07-21,"Indie/AstraZeneca, Johnson&Johnson, Moderna, Oxford/AstraZeneca, Pfizer/BioNTech",5500880,4466755,9967635
2021-07-22,"Johnson&Johnson, Moderna, Oxford/AstraZeneca, Pfizer/BioNTech",5523267,4525426,10048693
2021-07-23,"Johnson&Johnson, Moderna, Oxford/AstraZeneca, Pfizer/BioNTech",5546523,4580217,10126740
2021-07-24,"Indie/AstraZeneca, Johnson&Johnson, Moderna, Oxford/AstraZeneca, Pfizer/BioNTech, Čína",5553893,4607910,10161803
2021-07-25,"Johnson&Johnson, Moderna, Oxford/AstraZeneca, Pfizer/BioNTech",5560548,4630056,10190604
2021-07-26,"Johnson&Johnson, Moderna, Oxford/AstraZeneca, Pfizer/BioNTech",5584118,4678768,10262886
2021-07-27,"Johnson&Johnson, Moderna, Oxford/AstraZeneca, Pfizer/BioNTech, Čína",5606887,4725452,10332339
2021-07-28,"Johnson&Johnson, Moderna, Oxford/AstraZeneca, Pfizer/BioNTech",5628184,4771506,10399690
2021-07-29,"Johnson&Johnson, Moderna, Oxford/AstraZeneca, Pfizer/BioNTech",5649537,4813511,10463048
2021-07-30,"Johnson&Johnson, Moderna, Oxford/AstraZeneca, Pfizer/BioNTech",5672834,4856121,10528955
2021-07-31,"Indie/AstraZeneca, Johnson&Johnson, Moderna, Oxford/AstraZeneca, Pfizer/BioNTech",5681804,4875685,10557489
2021-08-01,"Johnson&Johnson, Moderna, Oxford/AstraZeneca, Pfizer/BioNTech, Čína",5688547,4891871,10580418
2021-08-02,"Johnson&Johnson, Moderna, Oxford/AstraZeneca, Pfizer/BioNTech",5707209,4929466,10636675
2021-08-03,"Johnson&Johnson, Moderna, Oxford/AstraZeneca, Pfizer/BioNTech",5724884,4967622,10692506
2021-08-04,"Johnson&Johnson, Moderna, Oxford/AstraZeneca, Pfizer/BioNTech",5741027,5004429,10745456
2021-08-05,"Johnson&Johnson, Moderna, Oxford/AstraZeneca, Pfizer/BioNTech",5757091,5044959,10802050
2021-08-06,"Johnson&Johnson, Moderna, Oxford/AstraZeneca, Pfizer/BioNTech",5773925,5088313,10862238
2021-08-07,"Johnson&Johnson, Moderna, Oxford/AstraZeneca, Pfizer/BioNTech",5779546,5106511,10886057
2021-08-08,"Johnson&Johnson, Moderna, Oxford/AstraZeneca, Pfizer/BioNTech",5783924,5122290,10906214
2021-08-09,"Indie/AstraZeneca, Johnson&Johnson, Moderna, Oxford/AstraZeneca, Pfizer/BioNTech",5796574,5167386,10963960
2021-08-10,"Johnson&Johnson, Moderna, Oxford/AstraZeneca, Pfizer/BioNTech",5808437,5206994,11015431
2021-08-11,"Indie/AstraZeneca, Johnson&Johnson, Moderna, Oxford/AstraZeneca, Pfizer/BioNTech",5819823,5250162,11069985
2021-08-12,"Johnson&Johnson, Moderna, Oxford/AstraZeneca, Pfizer/BioNTech",5831255,5287329,11118584
2021-08-13,"Johnson&Johnson, Moderna, Oxford/AstraZeneca, Pfizer/BioNTech",5842002,5327707,11169709
2021-08-14,"Johnson&Johnson, Moderna, Oxford/AstraZeneca, Pfizer/BioNTech",5845354,5338438,11183792
2021-08-15,"Johnson&Johnson, Moderna, Oxford/AstraZeneca, Pfizer/BioNTech",5847951,5348836,11196787
2021-08-16,"Indie/AstraZeneca, Johnson&Johnson, Moderna, Oxford/AstraZeneca, Pfizer/BioNTech, Čína",5857757,5382944,11240701
2021-08-17,"Johnson&Johnson, Moderna, Oxford/AstraZeneca, Pfizer/BioNTech",5867361,5410079,11277440
2021-08-18,"Johnson&Johnson, Moderna, Oxford/AstraZeneca, Pfizer/BioNTech",5876742,5449017,11325759
2021-08-19,"Johnson&Johnson, Moderna, Oxford/AstraZeneca, Pfizer/BioNTech",5886429,5487395,11373824
2021-08-20,"Johnson&Johnson, Moderna, Oxford/AstraZeneca, Pfizer/BioNTech",5897834,5527618,11425452
2021-08-21,"Indie/AstraZeneca, Johnson&Johnson, Moderna, Oxford/AstraZeneca, Pfizer/BioNTech",5900567,5540410,11440977
2021-08-22,"Johnson&Johnson, Moderna, Oxford/AstraZeneca, Pfizer/BioNTech",5902913,5552392,11455305
2021-08-23,"Indie/AstraZeneca, Johnson&Johnson, Moderna, Oxford/AstraZeneca, Pfizer/BioNTech",5913454,5591698,11505152
2021-08-24,"Johnson&Johnson, Moderna, Oxford/AstraZeneca, Pfizer/BioNTech",5923340,5624966,11548306
2021-08-25,"Indie/AstraZeneca, Johnson&Johnson, Moderna, Oxford/AstraZeneca, Pfizer/BioNTech",5932221,5653368,11585589
2021-08-26,"Johnson&Johnson, Moderna, Oxford/AstraZeneca, Pfizer/BioNTech",5940682,5679527,11620209
2021-08-27,"Indie/AstraZeneca, Johnson&Johnson, Moderna, Oxford/AstraZeneca, Pfizer/BioNTech",5951013,5705535,11656548
2021-08-28,"Johnson&Johnson, Moderna, Oxford/AstraZeneca, Pfizer/BioNTech",5953761,5712622,11666383
2021-08-29,"Johnson&Johnson, Moderna, Oxford/AstraZeneca, Pfizer/BioNTech, Čína",5956180,5719256,11675436
2021-08-30,"Johnson&Johnson, Moderna, Oxford/AstraZeneca, Pfizer/BioNTech",5964710,5741160,11705870
2021-08-31,"Indie/AstraZeneca, Johnson&Johnson, Moderna, Oxford/AstraZeneca, Pfizer/BioNTech",5972407,5759296,11731703
2021-09-01,"Johnson&Johnson, Moderna, Oxford/AstraZeneca, Pfizer/BioNTech",5978325,5773328,11751653
2021-09-02,"Johnson&Johnson, Moderna, Oxford/AstraZeneca, Pfizer/BioNTech",5985172,5787736,11772908
2021-09-03,"Johnson&Johnson, Moderna, Oxford/AstraZeneca, Pfizer/BioNTech",5994740,5803491,11798231
2021-09-04,"Indie/AstraZeneca, Johnson&Johnson, Moderna, Oxford/AstraZeneca, Pfizer/BioNTech",5996824,5807070,11803894
2021-09-05,"Johnson&Johnson, Moderna, Oxford/AstraZeneca, Pfizer/BioNTech",5998873,5809923,11808796
2021-09-06,"Indie/AstraZeneca, Johnson&Johnson, Moderna, Oxford/AstraZeneca, Pfizer/BioNTech",6005118,5822481,11827599
2021-09-07,"Johnson&Johnson, Moderna, Oxford/AstraZeneca, Pfizer/BioNTech",6009515,5833586,11843101
2021-09-08,"Johnson&Johnson, Moderna, Oxford/AstraZeneca, Pfizer/BioNTech, Čína",6015200,5843464,11858664
2021-09-09,"Indie/AstraZeneca, Johnson&Johnson, Moderna, Oxford/AstraZeneca, Pfizer/BioNTech",6021903,5853547,11875450
2021-09-10,"Johnson&Johnson, Moderna, Oxford/AstraZeneca, Pfizer/BioNTech",6029611,5865749,11895360
2021-09-11,"Indie/AstraZeneca, Johnson&Johnson, Moderna, Oxford/AstraZeneca, Pfizer/BioNTech",6031490,5868253,11899743
2021-09-12,"Johnson&Johnson, Moderna, Oxford/AstraZeneca, Pfizer/BioNTech",6032612,5869892,11902504
2021-09-13,"Johnson&Johnson, Moderna, Oxford/AstraZeneca, Pfizer/BioNTech",6038058,5880216,11918274
2021-09-14,"Johnson&Johnson, Moderna, Oxford/AstraZeneca, Pfizer/BioNTech",6043463,5889240,11932703
2021-09-15,"Johnson&Johnson, Moderna, Oxford/AstraZeneca, Pfizer/BioNTech",6048684,5897779,11946463
2021-09-16,"Johnson&Johnson, Moderna, Oxford/AstraZeneca, Pfizer/BioNTech",6054058,5906062,11960120
2021-09-17,"Johnson&Johnson, Moderna, Oxford/AstraZeneca, Pfizer/BioNTech",6060636,5916310,11976946
2021-09-18,"Johnson&Johnson, Moderna, Oxford/AstraZeneca, Pfizer/BioNTech",6062369,5918681,11981050
2021-09-19,"Johnson&Johnson, Moderna, Oxford/AstraZeneca, Pfizer/BioNTech",6063318,5920255,11983573
2021-09-20,"Johnson&Johnson, Moderna, Oxford/AstraZeneca, Pfizer/BioNTech",6067350,5928461,11995811
2021-09-21,"Johnson&Johnson, Moderna, Oxford/AstraZeneca, Pfizer/BioNTech",6071597,5936006,12007603
2021-09-22,"Johnson&Johnson, Moderna, Oxford/AstraZeneca, Pfizer/BioNTech, Čína",6075796,5941542,12017338
2021-09-23,"Johnson&Johnson, Moderna, Oxford/AstraZeneca, Pfizer/BioNTech",6080757,5947964,12028721
2021-09-24,"Johnson&Johnson, Moderna, Oxford/AstraZeneca, Pfizer/BioNTech",6086522,5957592,12044114
2021-09-25,"Johnson&Johnson, Moderna, Oxford/AstraZeneca, Pfizer/BioNTech",6088025,5959594,12047619
2021-09-26,"Johnson&Johnson, Moderna, Oxford/AstraZeneca, Pfizer/BioNTech",6088775,5961239,12050014
2021-09-27,"Indie/AstraZeneca, Johnson&Johnson, Moderna, Oxford/AstraZeneca, Pfizer/BioNTech, Čína",6092665,5967767,12060432
2021-09-28,"Johnson&Johnson, Moderna, Oxford/AstraZeneca, Pfizer/BioNTech",6093044,5968408,12061452
2021-09-29,"Johnson&Johnson, Moderna, Oxford/AstraZeneca, Pfizer/BioNTech",6096823,5975875,12072698
2021-09-30,"Johnson&Johnson, Moderna, Oxford/AstraZeneca, Pfizer/BioNTech",6101350,5983593,12084943
2021-10-01,"Indie/AstraZeneca, Johnson&Johnson, Moderna, Oxford/AstraZeneca, Pfizer/BioNTech, Čína",6105668,5991588,12097256
2021-10-02,"Johnson&Johnson, Moderna, Oxford/AstraZeneca, Pfizer/BioNTech, Čína",6106736,5993140,12099876
2021-10-03,"Johnson&Johnson, Moderna, Oxford/AstraZeneca, Pfizer/BioNTech",6107462,5994015,12101477
2021-10-04,"Johnson&Johnson, Moderna, Oxford/AstraZeneca, Pfizer/BioNTech",6110546,5999597,12110143
2021-10-05,"Johnson&Johnson, Moderna, Oxford/AstraZeneca, Pfizer/BioNTech",6113712,6004689,12118401
2021-10-06,"Johnson&Johnson, Moderna, Oxford/AstraZeneca, Pfizer/BioNTech",6117235,6009872,12127107
2021-10-07,"Johnson&Johnson, Moderna, Oxford/AstraZeneca, Pfizer/BioNTech",6120522,6015136,12135658
2021-10-08,"Johnson&Johnson, Moderna, Oxford/AstraZeneca, Pfizer/BioNTech",6125321,6021788,12147109
2021-10-09,"Indie/AstraZeneca, Johnson&Johnson, Moderna, Oxford/AstraZeneca, Pfizer/BioNTech",6126567,6023459,12150026
2021-10-10,"Johnson&Johnson, Moderna, Oxford/AstraZeneca, Pfizer/BioNTech",6127516,6024297,12151813
2021-10-11,"Johnson&Johnson, Moderna, Oxford/AstraZeneca, Pfizer/BioNTech",6130447,6028725,12159172
2021-10-12,"Johnson&Johnson, Moderna, Oxford/AstraZeneca, Pfizer/BioNTech",6133391,6032732,12166123
2021-10-13,"Johnson&Johnson, Moderna, Oxford/AstraZeneca, Pfizer/BioNTech",6136927,6036931,12173858
2021-10-14,"Johnson&Johnson, Moderna, Oxford/AstraZeneca, Pfizer/BioNTech",6140601,6041885,12182486
2021-10-15,"Johnson&Johnson, Moderna, Oxford/AstraZeneca, Pfizer/BioNTech",6145836,6048038,12193874
2021-10-16,"Johnson&Johnson, Moderna, Oxford/AstraZeneca, Pfizer/BioNTech",6147254,6049572,12196826
2021-10-17,"Johnson&Johnson, Moderna, Pfizer/BioNTech, Čína",6148580,6050632,12199212
2021-10-18,"Johnson&Johnson, Moderna, Oxford/AstraZeneca, Pfizer/BioNTech",6152693,6054743,12207436
2021-10-19,"Johnson&Johnson, Moderna, Oxford/AstraZeneca, Pfizer/BioNTech",6156278,6056846,12213124
2021-10-20,"Johnson&Johnson, Moderna, Oxford/AstraZeneca, Pfizer/BioNTech",6161171,6061312,12222483
2021-10-21,"Johnson&Johnson, Moderna, Oxford/AstraZeneca, Pfizer/BioNTech",6168940,6066925,12235865
2021-10-22,"Johnson&Johnson, Moderna, Oxford/AstraZeneca, Pfizer/BioNTech",6179405,6073431,12252836
2021-10-23,"Johnson&Johnson, Moderna, Oxford/AstraZeneca, Pfizer/BioNTech",6183090,6075645,12258735
2021-10-24,"Johnson&Johnson, Moderna, Oxford/AstraZeneca, Pfizer/BioNTech",6185776,6077426,12263202
2021-10-25,"Johnson&Johnson, Moderna, Oxford/AstraZeneca, Pfizer/BioNTech",6196290,6083250,12279540
2021-10-26,"Johnson&Johnson, Moderna, Oxford/AstraZeneca, Pfizer/BioNTech, Čína",6208286,6089801,12298087
2021-10-27,"Johnson&Johnson, Moderna, Oxford/AstraZeneca, Pfizer/BioNTech, Čína",6222895,6097218,12320113
2021-10-28,"Johnson&Johnson, Moderna, Oxford/AstraZeneca, Pfizer/BioNTech",6226329,6098911,12325240
2021-10-29,"Johnson&Johnson, Moderna, Oxford/AstraZeneca, Pfizer/BioNTech",6240776,6106903,12347679
2021-10-30,"Johnson&Johnson, Moderna, Oxford/AstraZeneca, Pfizer/BioNTech",6245305,6109831,12355136
2021-10-31,"Johnson&Johnson, Moderna, Oxford/AstraZeneca, Pfizer/BioNTech",6249067,6112309,12361376
2021-11-01,"Johnson&Johnson, Moderna, Oxford/AstraZeneca, Pfizer/BioNTech",6264264,6119990,12384254
2021-11-02,"Johnson&Johnson, Moderna, Oxford/AstraZeneca, Pfizer/BioNTech, Čína",6279715,6127549,12407264
2021-11-03,"Johnson&Johnson, Moderna, Oxford/AstraZeneca, Pfizer/BioNTech, Čína",6296903,6134843,12431746
2021-11-04,"Johnson&Johnson, Moderna, Oxford/AstraZeneca, Pfizer/BioNTech",6315250,6143023,12458273
2021-11-05,"Johnson&Johnson, Moderna, Oxford/AstraZeneca, Pfizer/BioNTech",6338055,6154317,12492372
2021-11-06,"Johnson&Johnson, Moderna, Oxford/AstraZeneca, Pfizer/BioNTech",6344573,6157378,12501951
2021-11-07,"Johnson&Johnson, Moderna, Oxford/AstraZeneca, Pfizer/BioNTech",6348603,6159817,12508420
2021-11-08,"Johnson&Johnson, Moderna, Oxford/AstraZeneca, Pfizer/BioNTech",6364868,6167447,12532315
2021-11-09,"Johnson&Johnson, Moderna, Oxford/AstraZeneca, Pfizer/BioNTech",6379685,6174753,12554438
2021-11-10,"Johnson&Johnson, Moderna, Oxford/AstraZeneca, Pfizer/BioNTech",6395424,6182140,12577564
2021-11-11,"Johnson&Johnson, Moderna, Oxford/AstraZeneca, Pfizer/BioNTech, Čína",6410902,6191251,12602153
2021-11-12,"Johnson&Johnson, Moderna, Oxford/AstraZeneca, Pfizer/BioNTech",6430704,6204051,12634755
2021-11-13,"Johnson&Johnson, Moderna, Oxford/AstraZeneca, Pfizer/BioNTech",6436101,6207932,12644033
2021-11-14,"Johnson&Johnson, Moderna, Oxford/AstraZeneca, Pfizer/BioNTech",6440000,6210942,12650942
2021-11-15,"Johnson&Johnson, Moderna, Oxford/AstraZeneca, Pfizer/BioNTech",6455088,6221650,12676738
2021-11-16,"Johnson&Johnson, Moderna, Oxford/AstraZeneca, Pfizer/BioNTech",6472619,6233630,12706249
2021-11-17,"Johnson&Johnson, Moderna, Oxford/AstraZeneca, Pfizer/BioNTech",6476864,6237203,12714067
2021-11-18,"Johnson&Johnson, Moderna, Oxford/AstraZeneca, Pfizer/BioNTech",6496277,6248895,12745172
2021-11-19,"Johnson&Johnson, Moderna, Oxford/AstraZeneca, Pfizer/BioNTech",6520888,6265877,12786765
2021-11-20,"Johnson&Johnson, Moderna, Oxford/AstraZeneca, Pfizer/BioNTech",6529465,6270864,12800329
2021-11-21,"Johnson&Johnson, Moderna, Oxford/AstraZeneca, Pfizer/BioNTech",6536233,6274642,12810875
2021-11-22,"Johnson&Johnson, Moderna, Oxford/AstraZeneca, Pfizer/BioNTech, Čína",6554742,6288757,12843499
2021-11-23,"Johnson&Johnson, Moderna, Oxford/AstraZeneca, Pfizer/BioNTech",6573810,6302024,12875834
2021-11-24,"Johnson&Johnson, Moderna, Oxford/AstraZeneca, Pfizer/BioNTech",6592821,6317877,12910698
2021-11-25,"Johnson&Johnson, Moderna, Oxford/AstraZeneca, Pfizer/BioNTech",6611965,6332924,12944889
2021-11-26,"Johnson&Johnson, Moderna, Oxford/AstraZeneca, Pfizer/BioNTech",6633624,6352067,12985691
2021-11-27,"Johnson&Johnson, Moderna, Oxford/AstraZeneca, Pfizer/BioNTech",6641096,6357624,12998720
2021-11-28,"Johnson&Johnson, Moderna, Oxford/AstraZeneca, Pfizer/BioNTech",6644429,6360764,13005193
2021-11-29,"Johnson&Johnson, Moderna, Oxford/AstraZeneca, Pfizer/BioNTech",6659635,6374427,13034062
2021-11-30,"Johnson&Johnson, Moderna, Oxford/AstraZeneca, Pfizer/BioNTech",6672838,6385660,13058498
2021-12-01,"Johnson&Johnson, Moderna, Oxford/AstraZeneca, Pfizer/BioNTech",6686880,6398120,13085000
2021-12-02,"Johnson&Johnson, Moderna, Oxford/AstraZeneca, Pfizer/BioNTech, Čína",6697523,6410618,13108141
2021-12-03,"Johnson&Johnson, Moderna, Oxford/AstraZeneca, Pfizer/BioNTech",6707163,6426199,13133362
2021-12-04,"Johnson&Johnson, Moderna, Pfizer/BioNTech",6709722,6430157,13139879
2021-12-05,"Johnson&Johnson, Moderna, Oxford/AstraZeneca, Pfizer/BioNTech",6711082,6432502,13143584
2021-12-06,"Johnson&Johnson, Moderna, Oxford/AstraZeneca, Pfizer/BioNTech",6719230,6444030,13163260
2021-12-07,"Johnson&Johnson, Moderna, Oxford/AstraZeneca, Pfizer/BioNTech",6727120,6456044,13183164
2021-12-08,"Johnson&Johnson, Moderna, Oxford/AstraZeneca, Pfizer/BioNTech",6735366,6461974,13197340
2021-12-09,"Johnson&Johnson, Moderna, Oxford/AstraZeneca, Pfizer/BioNTech",6742486,6474797,13217283
2021-12-10,"Johnson&Johnson, Moderna, Oxford/AstraZeneca, Pfizer/BioNTech",6749416,6492609,13242025
2021-12-11,"Johnson&Johnson, Moderna, Oxford/AstraZeneca, Pfizer/BioNTech",6751072,6497876,13248948
2021-12-12,"Johnson&Johnson, Moderna, Oxford/AstraZeneca, Pfizer/BioNTech",6752383,6502313,13254696
2021-12-13,"Johnson&Johnson, Moderna, Oxford/AstraZeneca, Pfizer/BioNTech",6758739,6515625,13274364
2021-12-14,"Johnson&Johnson, Moderna, Oxford/AstraZeneca, Pfizer/BioNTech",6764948,6529296,13294244
2021-12-15,"Johnson&Johnson, Moderna, Oxford/AstraZeneca, Pfizer/BioNTech",6771154,6542893,13314047
2021-12-16,"Johnson&Johnson, Moderna, Oxford/AstraZeneca, Pfizer/BioNTech",6778098,6557729,13335827
2021-12-17,"Johnson&Johnson, Moderna, Oxford/AstraZeneca, Pfizer/BioNTech",6786464,6574999,13361463
2021-12-18,"Johnson&Johnson, Moderna, Oxford/AstraZeneca, Pfizer/BioNTech",6789075,6580456,13369531
2021-12-19,"Johnson&Johnson, Moderna, Pfizer/BioNTech",6790847,6582960,13373807
2021-12-20,"Johnson&Johnson, Moderna, Oxford/AstraZeneca, Pfizer/BioNTech",6796699,6597024,13393723
2021-12-21,"Johnson&Johnson, Moderna, Oxford/AstraZeneca, Pfizer/BioNTech",6803362,6609034,13412396
2021-12-22,"Johnson&Johnson, Moderna, Oxford/AstraZeneca, Pfizer/BioNTech",6808408,6622094,13430502
2021-12-23,"Johnson&Johnson, Moderna, Oxford/AstraZeneca, Pfizer/BioNTech",6811283,6627699,13438982
2021-12-24,"Johnson&Johnson, Moderna, Oxford/AstraZeneca, Pfizer/BioNTech",6811329,6627803,13439132
2021-12-25,"Moderna, Pfizer/BioNTech",6811331,6627811,13439142
2021-12-26,"Moderna, Pfizer/BioNTech",6811433,6628014,13439447
2021-12-27,"Johnson&Johnson, Moderna, Pfizer/BioNTech",6815300,6637761,13453061
2021-12-28,"Johnson&Johnson, Moderna, Oxford/AstraZeneca, Pfizer/BioNTech",6820541,6645759,13466300
2021-12-29,"Johnson&Johnson, Moderna, Oxford/AstraZeneca, Pfizer/BioNTech",6824823,6653481,13478304
2021-12-30,"Johnson&Johnson, Moderna, Pfizer/BioNTech",6829124,6658915,13488039
2021-12-31,"Johnson&Johnson, Moderna, Pfizer/BioNTech",6829635,6660340,13489975
2022-01-01,"Moderna, Pfizer/BioNTech",6829641,6660358,13489999
2022-01-02,"Johnson&Johnson, Moderna, Pfizer/BioNTech",6830497,6661735,13492232
2022-01-03,"Johnson&Johnson, Moderna, Oxford/AstraZeneca, Pfizer/BioNTech",6834633,6670644,13505277
2022-01-04,"Johnson&Johnson, Moderna, Oxford/AstraZeneca, Pfizer/BioNTech",6839716,6678400,13518116
2022-01-05,"Johnson&Johnson, Moderna, Oxford/AstraZeneca, Pfizer/BioNTech",6845538,6686374,13531912
2022-01-06,"Johnson&Johnson, Moderna, Oxford/AstraZeneca, Pfizer/BioNTech",6852126,6694775,13546901
2022-01-07,"Johnson&Johnson, Moderna, Oxford/AstraZeneca, Pfizer/BioNTech",6860004,6705131,13565135
2022-01-08,"Johnson&Johnson, Moderna, Oxford/AstraZeneca, Pfizer/BioNTech",6862482,6707909,13570391
2022-01-09,"Johnson&Johnson, Moderna, Pfizer/BioNTech",6863565,6709605,13573170
2022-01-10,"Johnson&Johnson, Moderna, Oxford/AstraZeneca, Pfizer/BioNTech",6868072,6715798,13583870
2022-01-11,"Johnson&Johnson, Moderna, Oxford/AstraZeneca, Pfizer/BioNTech",6873521,6722557,13596078
2022-01-12,"Johnson&Johnson, Moderna, Oxford/AstraZeneca, Pfizer/BioNTech",6879478,6728200,13607678
2022-01-13,"Johnson&Johnson, Moderna, Oxford/AstraZeneca, Pfizer/BioNTech",6885367,6732975,13618342
2022-01-14,"Johnson&Johnson, Moderna, Oxford/AstraZeneca, Pfizer/BioNTech",6891669,6736606,13628275
2022-01-15,"Johnson&Johnson, Moderna, Oxford/AstraZeneca, Pfizer/BioNTech",6892945,6737262,13630207
2022-01-16,"Johnson&Johnson, Moderna, Oxford/AstraZeneca, Pfizer/BioNTech",6893635,6737699,13631334
2022-01-17,"Johnson&Johnson, Moderna, Oxford/AstraZeneca, Pfizer/BioNTech",6897190,6741655,13638845
2022-01-18,"Johnson&Johnson, Moderna, Oxford/AstraZeneca, Pfizer/BioNTech",6901039,6746609,13647648
2022-01-19,"Johnson&Johnson, Moderna, Oxford/AstraZeneca, Pfizer/BioNTech",6905109,6750540,13655649
2022-01-20,"Johnson&Johnson, Moderna, Oxford/AstraZeneca, Pfizer/BioNTech",6908707,6754995,13663702
2022-01-21,"Johnson&Johnson, Moderna, Oxford/AstraZeneca, Pfizer/BioNTech",6912705,6757523,13670228
2022-01-22,"Johnson&Johnson, Moderna, Pfizer/BioNTech",6913484,6757964,13671448
2022-01-23,"Johnson&Johnson, Moderna, Pfizer/BioNTech",6914045,6758598,13672643
2022-01-24,"Johnson&Johnson, Moderna, Oxford/AstraZeneca, Pfizer/BioNTech",6916317,6762034,13678351
2022-01-25,"Johnson&Johnson, Moderna, Oxford/AstraZeneca, Pfizer/BioNTech",6918675,6766028,13684703
2022-01-26,"Johnson&Johnson, Moderna, Oxford/AstraZeneca, Pfizer/BioNTech",6921059,6770597,13691656
2022-01-27,"Johnson&Johnson, Moderna, Oxford/AstraZeneca, Pfizer/BioNTech",6923381,6775409,13698790
2022-01-28,"Johnson&Johnson, Moderna, Oxford/AstraZeneca, Pfizer/BioNTech",6926299,6781576,13707875
2022-01-29,"Johnson&Johnson, Moderna, Oxford/AstraZeneca, Pfizer/BioNTech",6926901,6783227,13710128
2022-01-30,"Johnson&Johnson, Moderna, Pfizer/BioNTech",6927128,6784009,13711137
2022-01-31,"Johnson&Johnson, Moderna, Pfizer/BioNTech",6928669,6787936,13716605
2022-02-01,"Johnson&Johnson, Moderna, Pfizer/BioNTech",6930264,6791968,13722232
2022-02-02,"Johnson&Johnson, Moderna, Oxford/AstraZeneca, Pfizer/BioNTech",6931829,6796480,13728309
2022-02-03,"Johnson&Johnson, Moderna, Pfizer/BioNTech",6933209,6800965,13734174
2022-02-04,"Johnson&Johnson, Moderna, Pfizer/BioNTech",6934810,6806081,13740891
2022-02-05,"Johnson&Johnson, Moderna, Pfizer/BioNTech",6934983,6806691,13741674
2022-02-06,"Johnson&Johnson, Moderna, Pfizer/BioNTech",6935079,6807010,13742089
2022-02-07,"Johnson&Johnson, Moderna, Pfizer/BioNTech",6935782,6810219,13746001
2022-02-08,"Johnson&Johnson, Moderna, Pfizer/BioNTech",6936577,6813408,13749985
2022-02-09,"Johnson&Johnson, Moderna, Pfizer/BioNTech",6937399,6816782,13754181
2022-02-10,"Johnson&Johnson, Moderna, Pfizer/BioNTech",6938203,6819914,13758117
2022-02-11,"Johnson&Johnson, Moderna, Pfizer/BioNTech",6939157,6823829,13762986
2022-02-12,"Johnson&Johnson, Moderna, Pfizer/BioNTech",6939267,6824248,13763515
2022-02-13,"Johnson&Johnson, Moderna, Pfizer/BioNTech",6939304,6824686,13763990
2022-02-14,"Johnson&Johnson, Moderna, Pfizer/BioNTech",6939762,6826798,13766560
2022-02-15,"Johnson&Johnson, Moderna, Pfizer/BioNTech",6940315,6829008,13769323
2022-02-16,"Johnson&Johnson, Moderna, Pfizer/BioNTech",6940906,6831107,13772013
2022-02-17,"Johnson&Johnson, Moderna, Pfizer/BioNTech",6941501,6833449,13774950
2022-02-18,"Johnson&Johnson, Moderna, Oxford/AstraZeneca, Pfizer/BioNTech",6942143,6836502,13778645
2022-02-19,"Johnson&Johnson, Moderna, Pfizer/BioNTech",6942223,6836783,13779006
2022-02-20,"Johnson&Johnson, Moderna, Oxford/AstraZeneca, Pfizer/BioNTech",6942261,6836932,13779193
2022-02-21,"Johnson&Johnson, Moderna, Pfizer/BioNTech",6942625,6838632,13781257
2022-02-22,"Johnson&Johnson, Moderna, Oxford/AstraZeneca, Pfizer/BioNTech",6943018,6840330,13783348
2022-02-23,"Johnson&Johnson, Moderna, Pfizer/BioNTech",6943475,6841973,13785448
2022-02-24,"Johnson&Johnson, Moderna, Pfizer/BioNTech",6943883,6843604,13787487
2022-02-25,"Johnson&Johnson, Moderna, Pfizer/BioNTech",6944466,6845689,13790155
2022-02-26,"Johnson&Johnson, Moderna, Pfizer/BioNTech",6944525,6845850,13790375
2022-02-27,"Johnson&Johnson, Moderna, Pfizer/BioNTech",6944555,6845926,13790481
2022-02-28,"Johnson&Johnson, Moderna, Pfizer/BioNTech",6944801,6846902,13791703
2022-03-01,"Johnson&Johnson, Moderna, Pfizer/BioNTech",6945108,6847687,13792795
2022-03-02,"Johnson&Johnson, Moderna, Novavax, Pfizer/BioNTech",6945481,6848595,13794076
2022-03-03,"Johnson&Johnson, Moderna, Novavax, Pfizer/BioNTech",6945818,6849538,13795356
2022-03-04,"Johnson&Johnson, Moderna, Novavax, Pfizer/BioNTech",6946448,6850759,13797207
2022-03-05,"Johnson&Johnson, Moderna, Novavax, Pfizer/BioNTech",6946529,6850852,13797381
2022-03-06,"Moderna, Novavax, Pfizer/BioNTech",6946542,6850870,13797412
2022-03-07,"Johnson&Johnson, Moderna, Novavax, Pfizer/BioNTech",6946877,6851428,13798305
2022-03-08,"Johnson&Johnson, Moderna, Novavax, Pfizer/BioNTech",6947212,6851970,13799182
2022-03-09,"Johnson&Johnson, Moderna, Novavax, Pfizer/BioNTech",6947601,6852559,13800160
2022-03-10,"Johnson&Johnson, Moderna, Novavax, Pfizer/BioNTech",6948013,6853232,13801245
2022-03-11,"Johnson&Johnson, Moderna, Novavax, Pfizer/BioNTech",6948762,6854142,13802904
2022-03-12,"Johnson&Johnson, Moderna, Novavax, Pfizer/BioNTech",6948833,6854247,13803080
2022-03-13,"Johnson&Johnson, Moderna, Novavax, Pfizer/BioNTech",6948846,6854266,13803112
2022-03-14,"Johnson&Johnson, Moderna, Novavax, Pfizer/BioNTech",6949113,6854649,13803762
2022-03-15,"Johnson&Johnson, Moderna, Novavax, Pfizer/BioNTech",6949397,6855085,13804482
2022-03-16,"Johnson&Johnson, Moderna, Novavax, Pfizer/BioNTech",6949716,6855628,13805344
2022-03-17,"Johnson&Johnson, Moderna, Novavax, Oxford/AstraZeneca, Pfizer/BioNTech",6950012,6856060,13806072
2022-03-18,"Johnson&Johnson, Moderna, Novavax, Pfizer/BioNTech",6950709,6856855,13807564
2022-03-19,"Moderna, Novavax, Pfizer/BioNTech",6950765,6856900,13807665
2022-03-20,"Moderna, Novavax, Pfizer/BioNTech",6950783,6856912,13807695
2022-03-21,"Johnson&Johnson, Moderna, Novavax, Pfizer/BioNTech",6950971,6857239,13808210
2022-03-22,"Johnson&Johnson, Moderna, Novavax, Pfizer/BioNTech",6951212,6857638,13808850
2022-03-23,"Johnson&Johnson, Moderna, Novavax, Pfizer/BioNTech",6951549,6858077,13809626
2022-03-24,"Johnson&Johnson, Moderna, Novavax, Pfizer/BioNTech",6951860,6858550,13810410
2022-03-25,"Johnson&Johnson, Moderna, Novavax, Pfizer/BioNTech",6952355,6859359,13811714
2022-03-26,"Johnson&Johnson, Moderna, Novavax, Pfizer/BioNTech",6952407,6859437,13811844
2022-03-27,"Moderna, Novavax, Pfizer/BioNTech",6952423,6859454,13811877
2022-03-28,"Johnson&Johnson, Moderna, Novavax, Pfizer/BioNTech",6952577,6859832,13812409
2022-03-29,"Johnson&Johnson, Moderna, Novavax, Pfizer/BioNTech",6952839,6860238,13813077
2022-03-30,"Johnson&Johnson, Moderna, Novavax, Pfizer/BioNTech",6953144,6860731,13813875
2022-03-31,"Johnson&Johnson, Moderna, Novavax, Pfizer/BioNTech",6953442,6861223,13814665
2022-04-01,"Johnson&Johnson, Moderna, Novavax, Pfizer/BioNTech",6954053,6861983,13816036
2022-04-02,"Moderna, Novavax, Pfizer/BioNTech",6954110,6862067,13816177
2022-04-03,"Moderna, Novavax, Pfizer/BioNTech",6954123,6862096,13816219
2022-04-04,"Johnson&Johnson, Moderna, Novavax, Pfizer/BioNTech",6954300,6862378,13816678
2022-04-05,"Johnson&Johnson, Moderna, Novavax, Pfizer/BioNTech",6954491,6862614,13817105
2022-04-06,"Johnson&Johnson, Moderna, Novavax, Pfizer/BioNTech",6954708,6862960,13817668
2022-04-07,"Johnson&Johnson, Moderna, Novavax, Pfizer/BioNTech",6954932,6863378,13818310
2022-04-08,"Johnson&Johnson, Moderna, Novavax, Pfizer/BioNTech",6955386,6864101,13819487
2022-04-09,"Johnson&Johnson, Moderna, Novavax, Pfizer/BioNTech",6955446,6864173,13819619
2022-04-10,"Moderna, Novavax, Pfizer/BioNTech",6955459,6864182,13819641
2022-04-11,"Johnson&Johnson, Moderna, Novavax, Pfizer/BioNTech",6955621,6864413,13820034
2022-04-12,"Johnson&Johnson, Moderna, Novavax, Pfizer/BioNTech",6955868,6864711,13820579
2022-04-13,"Johnson&Johnson, Moderna, Novavax, Pfizer/BioNTech",6956109,6865065,13821174
2022-04-14,"Johnson&Johnson, Moderna, Novavax, Pfizer/BioNTech",6956371,6865450,13821821
2022-04-15,"Moderna, Novavax, Pfizer/BioNTech",6956387,6865481,13821868
2022-04-16,"Johnson&Johnson, Moderna, Novavax, Pfizer/BioNTech",6956407,6865515,13821922
2022-04-17,"Moderna, Novavax, Pfizer/BioNTech",6956408,6865516,13821924
2022-04-18,"Moderna, Novavax, Pfizer/BioNTech",6956422,6865533,13821955
2022-04-19,"Johnson&Johnson, Moderna, Novavax, Pfizer/BioNTech",6956561,6865871,13822432
2022-04-20,"Johnson&Johnson, Moderna, Novavax, Pfizer/BioNTech",6956784,6866261,13823045
2022-04-21,"Johnson&Johnson, Moderna, Novavax, Pfizer/BioNTech",6957001,6866685,13823686
2022-04-22,"Johnson&Johnson, Moderna, Novavax, Pfizer/BioNTech",6957465,6867512,13824977
2022-04-23,"Moderna, Novavax, Pfizer/BioNTech",6957496,6867591,13825087
2022-04-24,"Moderna, Novavax, Pfizer/BioNTech",6957501,6867602,13825103
2022-04-25,"Johnson&Johnson, Moderna, Novavax, Pfizer/BioNTech",6957657,6867810,13825467
2022-04-26,"Johnson&Johnson, Moderna, Novavax, Pfizer/BioNTech",6957797,6868074,13825871
2022-04-27,"Johnson&Johnson, Moderna, Novavax, Pfizer/BioNTech",6958064,6868404,13826468
2022-04-28,"Johnson&Johnson, Moderna, Novavax, Pfizer/BioNTech",6958258,6868694,13826952
2022-04-29,"Johnson&Johnson, Moderna, Novavax, Pfizer/BioNTech",6958693,6869283,13827976
2022-04-30,"Moderna, Novavax, Pfizer/BioNTech",6958734,6869350,13828084
2022-05-01,"Moderna, Novavax, Oxford/AstraZeneca, Pfizer/BioNTech",6958739,6869360,13828099
2022-05-02,"Johnson&Johnson, Moderna, Novavax, Pfizer/BioNTech",6958879,6869542,13828421
2022-05-03,"Johnson&Johnson, Moderna, Novavax, Pfizer/BioNTech",6959036,6869798,13828834
2022-05-04,"Johnson&Johnson, Moderna, Novavax, Pfizer/BioNTech",6959242,6870073,13829315
2022-05-05,"Johnson&Johnson, Moderna, Novavax, Pfizer/BioNTech",6959449,6870363,13829812
2022-05-06,"Johnson&Johnson, Moderna, Novavax, Pfizer/BioNTech",6959826,6870705,13830531
2022-05-07,"Moderna, Novavax, Pfizer/BioNTech",6959853,6870731,13830584
2022-05-08,"Moderna, Pfizer/BioNTech",6959854,6870739,13830593
2022-05-09,"Johnson&Johnson, Moderna, Novavax, Pfizer/BioNTech",6959962,6870829,13830791
2022-05-10,"Johnson&Johnson, Moderna, Novavax, Pfizer/BioNTech",6960117,6871066,13831183
2022-05-11,"Johnson&Johnson, Moderna, Novavax, Oxford/AstraZeneca, Pfizer/BioNTech",6960338,6871333,13831671
2022-05-12,"Johnson&Johnson, Moderna, Novavax, Pfizer/BioNTech",6960541,6871610,13832151
2022-05-13,"Johnson&Johnson, Moderna, Novavax, Pfizer/BioNTech",6960886,6872109,13832995
2022-05-14,"Johnson&Johnson, Moderna, Novavax, Pfizer/BioNTech",6960927,6872149,13833076
2022-05-15,"Johnson&Johnson, Moderna, Novavax, Pfizer/BioNTech",6960942,6872160,13833102
2022-05-16,"Johnson&Johnson, Moderna, Novavax, Pfizer/BioNTech",6961052,6872280,13833332
2022-05-17,"Johnson&Johnson, Moderna, Novavax, Pfizer/BioNTech",6961194,6872435,13833629
2022-05-18,"Johnson&Johnson, Moderna, Novavax, Pfizer/BioNTech",6961429,6872766,13834195
2022-05-19,"Johnson&Johnson, Moderna, Novavax, Pfizer/BioNTech",6961623,6873017,13834640
2022-05-20,"Johnson&Johnson, Moderna, Novavax, Pfizer/BioNTech",6961924,6873571,13835495
2022-05-21,"Johnson&Johnson, Moderna, Novavax, Pfizer/BioNTech",6961963,6873600,13835563
2022-05-22,"Moderna, Pfizer/BioNTech",6961972,6873607,13835579
2022-05-23,"Johnson&Johnson, Moderna, Novavax, Pfizer/BioNTech",6962094,6873762,13835856
2022-05-24,"Johnson&Johnson, Moderna, Novavax, Pfizer/BioNTech",6962226,6873935,13836161
2022-05-25,"Johnson&Johnson, Moderna, Novavax, Oxford/AstraZeneca, Pfizer/BioNTech",6962401,6874184,13836585
2022-05-26,"Johnson&Johnson, Moderna, Novavax, Pfizer/BioNTech",6962553,6874409,13836962
2022-05-27,"Johnson&Johnson, Moderna, Novavax, Pfizer/BioNTech",6962823,6874875,13837698
2022-05-28,"Moderna, Novavax, Pfizer/BioNTech",6962861,6874924,13837785
2022-05-29,"Moderna, Novavax, Pfizer/BioNTech",6962870,6874928,13837798
2022-05-30,"Johnson&Johnson, Moderna, Novavax, Pfizer/BioNTech",6962960,6875087,13838047
2022-05-31,"Johnson&Johnson, Moderna, Novavax, Pfizer/BioNTech",6963109,6875283,13838392
2022-06-01,"Johnson&Johnson, Moderna, Novavax, Pfizer/BioNTech",6963247,6875513,13838760
2022-06-02,"Moderna, Novavax, Pfizer/BioNTech",6963377,6875753,13839130
2022-06-03,"Johnson&Johnson, Moderna, Novavax, Pfizer/BioNTech",6963635,6876213,13839848
2022-06-04,"Johnson&Johnson, Moderna, Novavax, Pfizer/BioNTech",6963668,6876253,13839921
2022-06-05,"Moderna, Novavax, Pfizer/BioNTech",6963675,6876259,13839934
2022-06-06,"Johnson&Johnson, Moderna, Novavax, Pfizer/BioNTech",6963763,6876402,13840165
2022-06-07,"Johnson&Johnson, Moderna, Novavax, Pfizer/BioNTech",6963848,6876561,13840409
2022-06-08,"Johnson&Johnson, Moderna, Novavax, Pfizer/BioNTech",6963983,6876809,13840792
2022-06-09,"Johnson&Johnson, Moderna, Novavax, Pfizer/BioNTech",6964078,6877011,13841089
2022-06-10,"Johnson&Johnson, Moderna, Novavax, Pfizer/BioNTech",6964257,6877346,13841603
2022-06-11,"Moderna, Novavax, Pfizer/BioNTech",6964271,6877385,13841656
2022-06-12,"Moderna, Novavax, Pfizer/BioNTech",6964277,6877408,13841685
2022-06-13,"Johnson&Johnson, Moderna, Novavax, Oxford/AstraZeneca, Pfizer/BioNTech",6964329,6877531,13841860
2022-06-14,"Johnson&Johnson, Moderna, Novavax, Pfizer/BioNTech",6964409,6877680,13842089
2022-06-15,"Johnson&Johnson, Moderna, Novavax, Pfizer/BioNTech",6964484,6877875,13842359
2022-06-16,"Johnson&Johnson, Moderna, Novavax, Pfizer/BioNTech",6964549,6878052,13842601
2022-06-17,"Johnson&Johnson, Moderna, Novavax, Pfizer/BioNTech",6964701,6878339,13843040
2022-06-18,"Moderna, Novavax, Pfizer/BioNTech",6964713,6878378,13843091
2022-06-19,"Moderna, Pfizer/BioNTech",6964716,6878386,13843102
2022-06-20,"Johnson&Johnson, Moderna, Novavax, Pfizer/BioNTech",6964779,6878507,13843286
2022-06-21,"Johnson&Johnson, Moderna, Novavax, Pfizer/BioNTech",6964842,6878633,13843475
2022-06-22,"Johnson&Johnson, Moderna, Novavax, Pfizer/BioNTech",6964935,6878811,13843746
2022-06-23,"Johnson&Johnson, Moderna, Novavax, Pfizer/BioNTech",6964996,6878979,13843975
2022-06-24,"Johnson&Johnson, Moderna, Novavax, Pfizer/BioNTech",6965150,6879327,13844477
2022-06-25,"Moderna, Novavax, Pfizer/BioNTech",6965170,6879379,13844549
2022-06-26,"Moderna, Pfizer/BioNTech",6965171,6879389,13844560
2022-06-27,"Johnson&Johnson, Moderna, Novavax, Pfizer/BioNTech",6965237,6879504,13844741
2022-06-28,"Johnson&Johnson, Moderna, Novavax, Pfizer/BioNTech",6965308,6879624,13844932
2022-06-29,"Johnson&Johnson, Moderna, Novavax, Pfizer/BioNTech",6965429,6879808,13845237
2022-06-30,"Johnson&Johnson, Moderna, Novavax, Pfizer/BioNTech",6965514,6879957,13845471
2022-07-01,"Johnson&Johnson, Moderna, Novavax, Pfizer/BioNTech",6965679,6880200,13845879
2022-07-02,"Moderna, Novavax, Pfizer/BioNTech",6965692,6880207,13845899
2022-07-03,"Moderna, Pfizer/BioNTech",6965695,6880216,13845911
2022-07-04,"Johnson&Johnson, Moderna, Novavax, Pfizer/BioNTech",6965762,6880277,13846039
2022-07-05,"Novavax, Pfizer/BioNTech",6965763,6880278,13846041
2022-07-06,"Moderna, Pfizer/BioNTech",6965765,6880283,13846048
2022-07-07,"Johnson&Johnson, Moderna, Novavax, Pfizer/BioNTech",6965866,6880378,13846244
2022-07-08,"Indie/AstraZeneca, Johnson&Johnson, Moderna, Novavax, Oxford/AstraZeneca, Pfizer/BioNTech",6966014,6880556,13846570
2022-07-09,"Moderna, Novavax, Pfizer/BioNTech",6966022,6880563,13846585
2022-07-10,"Moderna, Pfizer/BioNTech",6966026,6880572,13846598
