date,vaccine,people_vaccinated,people_fully_vaccinated,total_vaccinations
2020-12-27,Pfizer/BioNTech,1281,0,1281
2020-12-28,Pfizer/BioNTech,3586,0,3586
2020-12-29,Pfizer/BioNTech,7051,0,7051
2020-12-30,Pfizer/BioNTech,10563,0,10563
2020-12-31,Pfizer/BioNTech,11867,0,11867
2021-01-01,"Moderna, Pfizer/BioNTech",12137,0,12137
2021-01-02,Pfizer/BioNTech,13414,0,13414
2021-01-03,Pfizer/BioNTech,14336,0,14336
2021-01-04,"Moderna, Pfizer/BioNTech",17942,0,17942
2021-01-05,"Moderna, Pfizer/BioNTech",22452,0,22452
2021-01-06,"Moderna, Pfizer/BioNTech",28287,1,28288
2021-01-07,"Moderna, Pfizer/BioNTech",36270,1,36271
2021-01-08,Pfizer/BioNTech,46309,1,46310
2021-01-09,"Moderna, Pfizer/BioNTech",48325,2,48327
2021-01-10,Pfizer/BioNTech,50077,4,50081
2021-01-11,Pfizer/BioNTech,59923,6,59929
2021-01-12,"Moderna, Pfizer/BioNTech",73351,8,73359
2021-01-13,Pfizer/BioNTech,86869,8,86877
2021-01-14,"Moderna, Pfizer/BioNTech",102093,12,102105
2021-01-15,"Moderna, Pfizer/BioNTech",116093,12,116105
2021-01-16,"Moderna, Pfizer/BioNTech",119475,15,119490
2021-01-17,"Moderna, Pfizer/BioNTech",122086,654,122740
2021-01-18,"Moderna, Pfizer/BioNTech",134559,2479,137038
2021-01-19,"Moderna, Pfizer/BioNTech",147148,5201,152349
2021-01-20,"Moderna, Pfizer/BioNTech",160814,7854,168668
2021-01-21,"Moderna, Pfizer/BioNTech",176453,9594,186047
2021-01-22,"Moderna, Pfizer/BioNTech",191307,10638,201945
2021-01-23,"Moderna, Pfizer/BioNTech",194620,11516,206136
2021-01-24,"Moderna, Pfizer/BioNTech",196873,12385,209258
2021-01-25,"Moderna, Pfizer/BioNTech",206508,15356,221864
2021-01-26,"Moderna, Pfizer/BioNTech",217040,19340,236380
2021-01-27,"Moderna, Pfizer/BioNTech",226064,23871,249935
2021-01-28,"Moderna, Pfizer/BioNTech",233154,29994,263148
2021-01-29,"Moderna, Pfizer/BioNTech",239356,37894,277250
2021-01-30,"Moderna, Pfizer/BioNTech",240088,38982,279070
2021-01-31,"Moderna, Pfizer/BioNTech",240799,40163,280962
2021-02-01,"Moderna, Pfizer/BioNTech",244774,48112,292886
2021-02-02,"Moderna, Pfizer/BioNTech",248907,58340,307247
2021-02-03,"Moderna, Pfizer/BioNTech",253319,69336,322655
2021-02-04,"Moderna, Pfizer/BioNTech",258211,82310,340521
2021-02-05,"Moderna, Pfizer/BioNTech",263665,92976,356641
2021-02-06,"Moderna, Oxford/AstraZeneca, Pfizer/BioNTech",264511,95330,359841
2021-02-07,"Moderna, Pfizer/BioNTech",265357,97826,363183
2021-02-08,"Moderna, Oxford/AstraZeneca, Pfizer/BioNTech",269426,109225,378651
2021-02-09,"Moderna, Oxford/AstraZeneca, Pfizer/BioNTech",274513,121118,395631
2021-02-10,"Moderna, Oxford/AstraZeneca, Pfizer/BioNTech",280014,134348,414362
2021-02-11,"Moderna, Oxford/AstraZeneca, Pfizer/BioNTech",286331,150557,436888
2021-02-12,"Moderna, Oxford/AstraZeneca, Pfizer/BioNTech",293083,165265,458348
2021-02-13,"Moderna, Oxford/AstraZeneca, Pfizer/BioNTech",294685,168243,462928
2021-02-14,"Moderna, Oxford/AstraZeneca, Pfizer/BioNTech",295684,169625,465309
2021-02-15,"Moderna, Oxford/AstraZeneca, Pfizer/BioNTech",302082,178973,481055
2021-02-16,"Moderna, Oxford/AstraZeneca, Pfizer/BioNTech",310795,188039,498834
2021-02-17,"Moderna, Oxford/AstraZeneca, Pfizer/BioNTech",320490,196333,516823
2021-02-18,"Moderna, Oxford/AstraZeneca, Pfizer/BioNTech",332800,204393,537193
2021-02-19,"Moderna, Oxford/AstraZeneca, Pfizer/BioNTech",344646,211731,556377
2021-02-20,"Moderna, Oxford/AstraZeneca, Pfizer/BioNTech",346636,212909,559545
2021-02-21,"Moderna, Oxford/AstraZeneca, Pfizer/BioNTech",347760,213928,561688
2021-02-22,"Moderna, Oxford/AstraZeneca, Pfizer/BioNTech",357871,219947,577818
2021-02-23,"Moderna, Oxford/AstraZeneca, Pfizer/BioNTech",370808,226911,597719
2021-02-24,"Moderna, Oxford/AstraZeneca, Pfizer/BioNTech",384672,232938,617610
2021-02-25,"Moderna, Oxford/AstraZeneca, Pfizer/BioNTech",402635,238476,641111
2021-02-26,"Moderna, Oxford/AstraZeneca, Pfizer/BioNTech",418789,243808,662597
2021-02-27,"Moderna, Oxford/AstraZeneca, Pfizer/BioNTech",421791,244362,666153
2021-02-28,"Moderna, Oxford/AstraZeneca, Pfizer/BioNTech",424130,244908,669038
2021-03-01,"Moderna, Oxford/AstraZeneca, Pfizer/BioNTech",443696,248348,692044
2021-03-02,"Moderna, Oxford/AstraZeneca, Pfizer/BioNTech",470904,251885,722789
2021-03-03,"Moderna, Oxford/AstraZeneca, Pfizer/BioNTech",501747,256381,758128
2021-03-04,"Moderna, Oxford/AstraZeneca, Pfizer/BioNTech",534982,261056,796038
2021-03-05,"Johnson&Johnson, Moderna, Oxford/AstraZeneca, Pfizer/BioNTech",563782,266459,830241
2021-03-06,"Johnson&Johnson, Moderna, Oxford/AstraZeneca, Pfizer/BioNTech",575915,267312,843227
2021-03-07,"Johnson&Johnson, Moderna, Oxford/AstraZeneca, Pfizer/BioNTech",587443,268149,855592
2021-03-08,"Johnson&Johnson, Moderna, Oxford/AstraZeneca, Pfizer/BioNTech",617142,272990,890132
2021-03-09,"Johnson&Johnson, Moderna, Oxford/AstraZeneca, Pfizer/BioNTech",653471,279361,932832
2021-03-10,"Moderna, Oxford/AstraZeneca, Pfizer/BioNTech",694745,286302,981047
2021-03-11,"Johnson&Johnson, Moderna, Oxford/AstraZeneca, Pfizer/BioNTech",739535,294664,1034199
2021-03-12,"Johnson&Johnson, Moderna, Oxford/AstraZeneca, Pfizer/BioNTech",778311,303114,1081425
2021-03-13,"Moderna, Oxford/AstraZeneca, Pfizer/BioNTech",795371,304413,1099784
2021-03-14,"Moderna, Oxford/AstraZeneca, Pfizer/BioNTech",807471,305559,1113030
2021-03-15,"Moderna, Oxford/AstraZeneca, Pfizer/BioNTech",835833,314323,1150156
2021-03-16,"Johnson&Johnson, Moderna, Oxford/AstraZeneca, Pfizer/BioNTech",874702,324845,1199547
2021-03-17,"Moderna, Oxford/AstraZeneca, Pfizer/BioNTech",912153,335338,1247491
2021-03-18,"Johnson&Johnson, Moderna, Oxford/AstraZeneca, Pfizer/BioNTech",950094,347740,1297834
2021-03-19,"Moderna, Oxford/AstraZeneca, Pfizer/BioNTech",984538,361335,1345873
2021-03-20,"Johnson&Johnson, Moderna, Oxford/AstraZeneca, Pfizer/BioNTech",999660,363348,1363008
2021-03-21,"Johnson&Johnson, Moderna, Oxford/AstraZeneca, Pfizer/BioNTech",1007064,364894,1371958
2021-03-22,"Johnson&Johnson, Moderna, Oxford/AstraZeneca, Pfizer/BioNTech",1031580,377389,1408969
2021-03-23,"Johnson&Johnson, Moderna, Oxford/AstraZeneca, Pfizer/BioNTech",1058189,390731,1448920
2021-03-24,"Johnson&Johnson, Moderna, Oxford/AstraZeneca, Pfizer/BioNTech",1085017,406447,1491464
2021-03-25,"Moderna, Oxford/AstraZeneca, Pfizer/BioNTech",1111316,424279,1535595
2021-03-26,"Johnson&Johnson, Moderna, Oxford/AstraZeneca, Pfizer/BioNTech",1136099,441764,1577863
2021-03-27,"Johnson&Johnson, Moderna, Oxford/AstraZeneca, Pfizer/BioNTech",1144516,446605,1591121
2021-03-28,"Moderna, Oxford/AstraZeneca, Pfizer/BioNTech",1150045,450743,1600788
2021-03-29,"Johnson&Johnson, Moderna, Oxford/AstraZeneca, Pfizer/BioNTech",1169149,471447,1640596
2021-03-30,"Johnson&Johnson, Moderna, Oxford/AstraZeneca, Pfizer/BioNTech",1193824,493609,1687433
2021-03-31,"Johnson&Johnson, Moderna, Oxford/AstraZeneca, Pfizer/BioNTech",1216898,520645,1737543
2021-04-01,"Johnson&Johnson, Moderna, Oxford/AstraZeneca, Pfizer/BioNTech",1242487,552679,1795166
2021-04-02,"Johnson&Johnson, Moderna, Oxford/AstraZeneca, Pfizer/BioNTech",1249386,565462,1814848
2021-04-03,"Johnson&Johnson, Moderna, Oxford/AstraZeneca, Pfizer/BioNTech",1252987,576371,1829358
2021-04-04,"Johnson&Johnson, Moderna, Oxford/AstraZeneca, Pfizer/BioNTech",1255478,585276,1840754
2021-04-05,"Johnson&Johnson, Moderna, Oxford/AstraZeneca, Pfizer/BioNTech",1257855,592449,1850304
2021-04-06,"Johnson&Johnson, Moderna, Oxford/AstraZeneca, Pfizer/BioNTech",1273961,621676,1895637
2021-04-07,"Johnson&Johnson, Moderna, Oxford/AstraZeneca, Pfizer/BioNTech",1297342,643891,1941233
2021-04-08,"Johnson&Johnson, Moderna, Oxford/AstraZeneca, Pfizer/BioNTech",1335992,674892,2010884
2021-04-09,"Johnson&Johnson, Moderna, Oxford/AstraZeneca, Pfizer/BioNTech",1375490,705055,2080545
2021-04-10,"Johnson&Johnson, Moderna, Oxford/AstraZeneca, Pfizer/BioNTech",1390945,720335,2111280
2021-04-11,"Johnson&Johnson, Moderna, Oxford/AstraZeneca, Pfizer/BioNTech",1400701,730364,2131065
2021-04-12,"Johnson&Johnson, Moderna, Oxford/AstraZeneca, Pfizer/BioNTech",1438923,755476,2194399
2021-04-13,"Moderna, Oxford/AstraZeneca, Pfizer/BioNTech",1475143,781497,2256640
2021-04-14,"Moderna, Oxford/AstraZeneca, Pfizer/BioNTech",1513916,808836,2322752
2021-04-15,"Moderna, Oxford/AstraZeneca, Pfizer/BioNTech",1561672,834533,2396205
2021-04-16,"Moderna, Oxford/AstraZeneca, Pfizer/BioNTech",1606293,860147,2466440
2021-04-17,"Moderna, Oxford/AstraZeneca, Pfizer/BioNTech",1622956,869165,2492121
2021-04-18,"Moderna, Oxford/AstraZeneca, Pfizer/BioNTech",1635924,874145,2510069
2021-04-19,"Moderna, Oxford/AstraZeneca, Pfizer/BioNTech",1679899,889592,2569491
2021-04-20,"Johnson&Johnson, Moderna, Oxford/AstraZeneca, Pfizer/BioNTech",1722422,905441,2627863
2021-04-21,"Moderna, Oxford/AstraZeneca, Pfizer/BioNTech",1770120,919773,2689893
2021-04-22,"Johnson&Johnson, Moderna, Oxford/AstraZeneca, Pfizer/BioNTech",1824587,937139,2761726
2021-04-23,"Johnson&Johnson, Moderna, Oxford/AstraZeneca, Pfizer/BioNTech",1874513,949172,2823685
2021-04-24,"Johnson&Johnson, Moderna, Oxford/AstraZeneca, Pfizer/BioNTech",1892327,954406,2846733
2021-04-25,"Johnson&Johnson, Moderna, Oxford/AstraZeneca, Pfizer/BioNTech",1906998,958391,2865389
2021-04-26,"Johnson&Johnson, Moderna, Oxford/AstraZeneca, Pfizer/BioNTech",1956554,965926,2922480
2021-04-27,"Johnson&Johnson, Moderna, Oxford/AstraZeneca, Pfizer/BioNTech",2005511,978135,2983646
2021-04-28,"Johnson&Johnson, Moderna, Oxford/AstraZeneca, Pfizer/BioNTech",2064238,992107,3056345
2021-04-29,"Johnson&Johnson, Moderna, Oxford/AstraZeneca, Pfizer/BioNTech",2129770,1007962,3137732
2021-04-30,"Johnson&Johnson, Moderna, Oxford/AstraZeneca, Pfizer/BioNTech",2191963,1017895,3209858
2021-05-01,"Johnson&Johnson, Moderna, Oxford/AstraZeneca, Pfizer/BioNTech",2211259,1021318,3232577
2021-05-02,"Johnson&Johnson, Moderna, Oxford/AstraZeneca, Pfizer/BioNTech",2230159,1023573,3253732
2021-05-03,"Johnson&Johnson, Moderna, Oxford/AstraZeneca, Pfizer/BioNTech",2297379,1028620,3325999
2021-05-04,"Johnson&Johnson, Moderna, Oxford/AstraZeneca, Pfizer/BioNTech",2363840,1036921,3400761
2021-05-05,"Johnson&Johnson, Moderna, Oxford/AstraZeneca, Pfizer/BioNTech",2436969,1046295,3483264
2021-05-06,"Johnson&Johnson, Moderna, Oxford/AstraZeneca, Pfizer/BioNTech",2517338,1056979,3574317
2021-05-07,"Johnson&Johnson, Moderna, Oxford/AstraZeneca, Pfizer/BioNTech",2594561,1067007,3661568
2021-05-08,"Johnson&Johnson, Moderna, Oxford/AstraZeneca, Pfizer/BioNTech",2623965,1068748,3692713
2021-05-09,"Johnson&Johnson, Moderna, Oxford/AstraZeneca, Pfizer/BioNTech",2648137,1069938,3718075
2021-05-10,"Johnson&Johnson, Moderna, Oxford/AstraZeneca, Pfizer/BioNTech",2720870,1077133,3798003
2021-05-11,"Johnson&Johnson, Moderna, Oxford/AstraZeneca, Pfizer/BioNTech",2796945,1085911,3882856
2021-05-12,"Johnson&Johnson, Moderna, Oxford/AstraZeneca, Pfizer/BioNTech",2876771,1094961,3971732
2021-05-13,"Johnson&Johnson, Moderna, Oxford/AstraZeneca, Pfizer/BioNTech",2960761,1104091,4064852
2021-05-14,"Johnson&Johnson, Moderna, Oxford/AstraZeneca, Pfizer/BioNTech",3040162,1111825,4151987
2021-05-15,"Johnson&Johnson, Moderna, Oxford/AstraZeneca, Pfizer/BioNTech",3072005,1114026,4186031
2021-05-16,"Johnson&Johnson, Moderna, Oxford/AstraZeneca, Pfizer/BioNTech",3097749,1115270,4213019
2021-05-17,"Johnson&Johnson, Moderna, Oxford/AstraZeneca, Pfizer/BioNTech",3170226,1121951,4292177
2021-05-18,"Johnson&Johnson, Moderna, Oxford/AstraZeneca, Pfizer/BioNTech",3242132,1134950,4377082
2021-05-19,"Johnson&Johnson, Moderna, Oxford/AstraZeneca, Pfizer/BioNTech",3319563,1150047,4469610
2021-05-20,"Johnson&Johnson, Moderna, Oxford/AstraZeneca, Pfizer/BioNTech",3394963,1177017,4571980
2021-05-21,"Johnson&Johnson, Moderna, Oxford/AstraZeneca, Pfizer/BioNTech",3463697,1204703,4668400
2021-05-22,"Johnson&Johnson, Moderna, Oxford/AstraZeneca, Pfizer/BioNTech",3496034,1215840,4711874
2021-05-23,"Johnson&Johnson, Moderna, Oxford/AstraZeneca, Pfizer/BioNTech",3518347,1224847,4743194
2021-05-24,"Johnson&Johnson, Moderna, Oxford/AstraZeneca, Pfizer/BioNTech",3565461,1258452,4823913
2021-05-25,"Johnson&Johnson, Moderna, Oxford/AstraZeneca, Pfizer/BioNTech",3617291,1294206,4911497
2021-05-26,"Johnson&Johnson, Moderna, Oxford/AstraZeneca, Pfizer/BioNTech",3685016,1331684,5016700
2021-05-27,"Johnson&Johnson, Moderna, Oxford/AstraZeneca, Pfizer/BioNTech",3746385,1378952,5125337
2021-05-28,"Johnson&Johnson, Moderna, Oxford/AstraZeneca, Pfizer/BioNTech",3808052,1425449,5233501
2021-05-29,"Johnson&Johnson, Moderna, Oxford/AstraZeneca, Pfizer/BioNTech",3837204,1442521,5279725
2021-05-30,"Johnson&Johnson, Moderna, Oxford/AstraZeneca, Pfizer/BioNTech",3859544,1456929,5316473
2021-05-31,"Johnson&Johnson, Moderna, Oxford/AstraZeneca, Pfizer/BioNTech",3915263,1504442,5419705
2021-06-01,"Johnson&Johnson, Moderna, Oxford/AstraZeneca, Pfizer/BioNTech",3974274,1553225,5527499
2021-06-02,"Johnson&Johnson, Moderna, Oxford/AstraZeneca, Pfizer/BioNTech",4037141,1607133,5644274
2021-06-03,"Johnson&Johnson, Moderna, Oxford/AstraZeneca, Pfizer/BioNTech",4095352,1667287,5762639
2021-06-04,"Johnson&Johnson, Moderna, Oxford/AstraZeneca, Pfizer/BioNTech",4158421,1724606,5883027
2021-06-05,"Johnson&Johnson, Moderna, Oxford/AstraZeneca, Pfizer/BioNTech",4192547,1743383,5935930
2021-06-06,"Johnson&Johnson, Moderna, Oxford/AstraZeneca, Pfizer/BioNTech",4219447,1758477,5977924
2021-06-07,"Johnson&Johnson, Moderna, Oxford/AstraZeneca, Pfizer/BioNTech",4283115,1814051,6097166
2021-06-08,"Johnson&Johnson, Moderna, Oxford/AstraZeneca, Pfizer/BioNTech",4347084,1868963,6216047
2021-06-09,"Johnson&Johnson, Moderna, Oxford/AstraZeneca, Pfizer/BioNTech",4406265,1933341,6339606
2021-06-10,"Johnson&Johnson, Moderna, Oxford/AstraZeneca, Pfizer/BioNTech",4460143,2004379,6464522
2021-06-11,"Johnson&Johnson, Moderna, Oxford/AstraZeneca, Pfizer/BioNTech",4512237,2074038,6586275
2021-06-12,"Johnson&Johnson, Moderna, Oxford/AstraZeneca, Pfizer/BioNTech",4544217,2094766,6638983
2021-06-13,"Johnson&Johnson, Moderna, Oxford/AstraZeneca, Pfizer/BioNTech",4568218,2113124,6681342
2021-06-14,"Johnson&Johnson, Moderna, Oxford/AstraZeneca, Pfizer/BioNTech",4611280,2187423,6798703
2021-06-15,"Johnson&Johnson, Moderna, Oxford/AstraZeneca, Pfizer/BioNTech",4655919,2259676,6915595
2021-06-16,"Johnson&Johnson, Moderna, Oxford/AstraZeneca, Pfizer/BioNTech",4698637,2337809,7036446
2021-06-17,"Johnson&Johnson, Moderna, Oxford/AstraZeneca, Pfizer/BioNTech",4738002,2420781,7158783
2021-06-18,"Johnson&Johnson, Moderna, Oxford/AstraZeneca, Pfizer/BioNTech",4780382,2501194,7281576
2021-06-19,"Johnson&Johnson, Moderna, Oxford/AstraZeneca, Pfizer/BioNTech",4802121,2530409,7332530
2021-06-20,"Johnson&Johnson, Moderna, Oxford/AstraZeneca, Pfizer/BioNTech",4819475,2554174,7373649
2021-06-21,"Johnson&Johnson, Moderna, Oxford/AstraZeneca, Pfizer/BioNTech",4851971,2632655,7484626
2021-06-22,"Johnson&Johnson, Moderna, Oxford/AstraZeneca, Pfizer/BioNTech",4884926,2714816,7599742
2021-06-23,"Johnson&Johnson, Moderna, Oxford/AstraZeneca, Pfizer/BioNTech",4916566,2799944,7716510
2021-06-24,"Johnson&Johnson, Moderna, Oxford/AstraZeneca, Pfizer/BioNTech",4946398,2889880,7836278
2021-06-25,"Johnson&Johnson, Moderna, Oxford/AstraZeneca, Pfizer/BioNTech",4977437,2975920,7953357
2021-06-26,"Johnson&Johnson, Moderna, Oxford/AstraZeneca, Pfizer/BioNTech",4993288,3010663,8003951
2021-06-27,"Johnson&Johnson, Moderna, Oxford/AstraZeneca, Pfizer/BioNTech",5007221,3037253,8044474
2021-06-28,"Johnson&Johnson, Moderna, Oxford/AstraZeneca, Pfizer/BioNTech",5035630,3122341,8157971
2021-06-29,"Johnson&Johnson, Moderna, Oxford/AstraZeneca, Pfizer/BioNTech",5064888,3208715,8273603
2021-06-30,"Johnson&Johnson, Moderna, Oxford/AstraZeneca, Pfizer/BioNTech",5092371,3299569,8391940
2021-07-01,"Johnson&Johnson, Moderna, Oxford/AstraZeneca, Pfizer/BioNTech",5116338,3389510,8505848
2021-07-02,"Johnson&Johnson, Moderna, Oxford/AstraZeneca, Pfizer/BioNTech",5143043,3475236,8618279
2021-07-03,"Johnson&Johnson, Moderna, Oxford/AstraZeneca, Pfizer/BioNTech",5150112,3506692,8656804
2021-07-04,"Johnson&Johnson, Moderna, Oxford/AstraZeneca, Pfizer/BioNTech",5157656,3528455,8686111
2021-07-05,"Johnson&Johnson, Moderna, Oxford/AstraZeneca, Pfizer/BioNTech",5165003,3553773,8718776
2021-07-06,"Johnson&Johnson, Moderna, Oxford/AstraZeneca, Pfizer/BioNTech",5170399,3581351,8751750
2021-07-07,"Johnson&Johnson, Moderna, Oxford/AstraZeneca, Pfizer/BioNTech",5196173,3660226,8856399
2021-07-08,"Johnson&Johnson, Moderna, Oxford/AstraZeneca, Pfizer/BioNTech",5222756,3730455,8953211
2021-07-09,"Johnson&Johnson, Moderna, Oxford/AstraZeneca, Pfizer/BioNTech",5250651,3799632,9050283
2021-07-10,"Johnson&Johnson, Moderna, Oxford/AstraZeneca, Pfizer/BioNTech",5259987,3828198,9088185
2021-07-11,"Johnson&Johnson, Moderna, Oxford/AstraZeneca, Pfizer/BioNTech",5268501,3851048,9119549
2021-07-12,"Johnson&Johnson, Moderna, Oxford/AstraZeneca, Pfizer/BioNTech",5296016,3920071,9216087
2021-07-13,"Johnson&Johnson, Moderna, Oxford/AstraZeneca, Pfizer/BioNTech",5322178,3989856,9312034
2021-07-14,"Johnson&Johnson, Moderna, Oxford/AstraZeneca, Pfizer/BioNTech",5347977,4061758,9409735
2021-07-15,"Johnson&Johnson, Moderna, Oxford/AstraZeneca, Pfizer/BioNTech",5377134,4127671,9504805
2021-07-16,"Johnson&Johnson, Moderna, Oxford/AstraZeneca, Pfizer/BioNTech",5405030,4200286,9605316
2021-07-17,"Johnson&Johnson, Moderna, Oxford/AstraZeneca, Pfizer/BioNTech",5413784,4231671,9645455
2021-07-18,"Johnson&Johnson, Moderna, Oxford/AstraZeneca, Pfizer/BioNTech",5422215,4257631,9679846
2021-07-19,"Johnson&Johnson, Moderna, Oxford/AstraZeneca, Pfizer/BioNTech",5445548,4324580,9770128
2021-07-20,"Johnson&Johnson, Moderna, Oxford/AstraZeneca, Pfizer/BioNTech",5466924,4391538,9858462
2021-07-21,"Johnson&Johnson, Moderna, Oxford/AstraZeneca, Pfizer/BioNTech",5490365,4454902,9945267
2021-07-22,"Johnson&Johnson, Moderna, Oxford/AstraZeneca, Pfizer/BioNTech",5512703,4513439,10026142
2021-07-23,"Johnson&Johnson, Moderna, Oxford/AstraZeneca, Pfizer/BioNTech",5535875,4568086,10103961
2021-07-24,"Johnson&Johnson, Moderna, Oxford/AstraZeneca, Pfizer/BioNTech",5543177,4595690,10138867
2021-07-25,"Johnson&Johnson, Moderna, Oxford/AstraZeneca, Pfizer/BioNTech",5549777,4617774,10167551
2021-07-26,"Johnson&Johnson, Moderna, Oxford/AstraZeneca, Pfizer/BioNTech",5573287,4666343,10239630
2021-07-27,"Johnson&Johnson, Moderna, Oxford/AstraZeneca, Pfizer/BioNTech",5596005,4712885,10308890
2021-07-28,"Johnson&Johnson, Moderna, Oxford/AstraZeneca, Pfizer/BioNTech",5617229,4758773,10376002
2021-07-29,"Johnson&Johnson, Moderna, Oxford/AstraZeneca, Pfizer/BioNTech",5638529,4800627,10439156
2021-07-30,"Johnson&Johnson, Moderna, Oxford/AstraZeneca, Pfizer/BioNTech",5661786,4843088,10504874
2021-07-31,"Johnson&Johnson, Moderna, Oxford/AstraZeneca, Pfizer/BioNTech",5670700,4862581,10533281
2021-08-01,"Johnson&Johnson, Moderna, Oxford/AstraZeneca, Pfizer/BioNTech",5677409,4878710,10556119
2021-08-02,"Johnson&Johnson, Moderna, Oxford/AstraZeneca, Pfizer/BioNTech",5696018,4916187,10612205
2021-08-03,"Johnson&Johnson, Moderna, Oxford/AstraZeneca, Pfizer/BioNTech",5713634,4954209,10667843
2021-08-04,"Johnson&Johnson, Moderna, Oxford/AstraZeneca, Pfizer/BioNTech",5729704,4990854,10720558
2021-08-05,"Johnson&Johnson, Moderna, Oxford/AstraZeneca, Pfizer/BioNTech",5745707,5031239,10776946
2021-08-06,"Johnson&Johnson, Moderna, Oxford/AstraZeneca, Pfizer/BioNTech",5762473,5074435,10836908
2021-08-07,"Johnson&Johnson, Moderna, Oxford/AstraZeneca, Pfizer/BioNTech",5768053,5092557,10860610
2021-08-08,"Johnson&Johnson, Moderna, Oxford/AstraZeneca, Pfizer/BioNTech",5772399,5108277,10880676
2021-08-09,"Johnson&Johnson, Moderna, Oxford/AstraZeneca, Pfizer/BioNTech",5785027,5153266,10938293
2021-08-10,"Johnson&Johnson, Moderna, Oxford/AstraZeneca, Pfizer/BioNTech",5796842,5192770,10989612
2021-08-11,"Johnson&Johnson, Moderna, Oxford/AstraZeneca, Pfizer/BioNTech",5808187,5235843,11044030
2021-08-12,"Johnson&Johnson, Moderna, Oxford/AstraZeneca, Pfizer/BioNTech",5819584,5272907,11092491
2021-08-13,"Johnson&Johnson, Moderna, Oxford/AstraZeneca, Pfizer/BioNTech",5830267,5313163,11143430
2021-08-14,"Johnson&Johnson, Moderna, Oxford/AstraZeneca, Pfizer/BioNTech",5833599,5323838,11157437
2021-08-15,"Johnson&Johnson, Moderna, Oxford/AstraZeneca, Pfizer/BioNTech",5836172,5334189,11170361
2021-08-16,"Johnson&Johnson, Moderna, Oxford/AstraZeneca, Pfizer/BioNTech",5845938,5368197,11214135
2021-08-17,"Johnson&Johnson, Moderna, Oxford/AstraZeneca, Pfizer/BioNTech",5855519,5395242,11250761
2021-08-18,"Johnson&Johnson, Moderna, Oxford/AstraZeneca, Pfizer/BioNTech",5864881,5434057,11298938
2021-08-19,"Johnson&Johnson, Moderna, Oxford/AstraZeneca, Pfizer/BioNTech",5874539,5472360,11346899
2021-08-20,"Johnson&Johnson, Moderna, Oxford/AstraZeneca, Pfizer/BioNTech",5885874,5512503,11398377
2021-08-21,"Johnson&Johnson, Moderna, Oxford/AstraZeneca, Pfizer/BioNTech",5888582,5525232,11413814
2021-08-22,"Johnson&Johnson, Moderna, Oxford/AstraZeneca, Pfizer/BioNTech",5890918,5537179,11428097
2021-08-23,"Johnson&Johnson, Moderna, Oxford/AstraZeneca, Pfizer/BioNTech",5901435,5576373,11477808
2021-08-24,"Johnson&Johnson, Moderna, Oxford/AstraZeneca, Pfizer/BioNTech",5911290,5609573,11520863
2021-08-25,"Johnson&Johnson, Moderna, Oxford/AstraZeneca, Pfizer/BioNTech",5920141,5637888,11558029
2021-08-26,"Johnson&Johnson, Moderna, Oxford/AstraZeneca, Pfizer/BioNTech",5928572,5663971,11592543
2021-08-27,"Johnson&Johnson, Moderna, Oxford/AstraZeneca, Pfizer/BioNTech",5938875,5689874,11628749
2021-08-28,"Johnson&Johnson, Moderna, Oxford/AstraZeneca, Pfizer/BioNTech",5941588,5696895,11638483
2021-08-29,"Johnson&Johnson, Moderna, Oxford/AstraZeneca, Pfizer/BioNTech",5943988,5703500,11647488
2021-08-30,"Johnson&Johnson, Moderna, Oxford/AstraZeneca, Pfizer/BioNTech",5952495,5725322,11677817
2021-08-31,"Johnson&Johnson, Moderna, Oxford/AstraZeneca, Pfizer/BioNTech",5960142,5743365,11703507
2021-09-01,"Johnson&Johnson, Moderna, Oxford/AstraZeneca, Pfizer/BioNTech",5966016,5757326,11723342
2021-09-02,"Johnson&Johnson, Moderna, Oxford/AstraZeneca, Pfizer/BioNTech",5972812,5771666,11744478
2021-09-03,"Johnson&Johnson, Moderna, Oxford/AstraZeneca, Pfizer/BioNTech",5982320,5787313,11769633
2021-09-04,"Johnson&Johnson, Moderna, Oxford/AstraZeneca, Pfizer/BioNTech",5984373,5790851,11775224
2021-09-05,"Johnson&Johnson, Moderna, Oxford/AstraZeneca, Pfizer/BioNTech",5986403,5793678,11780081
2021-09-06,"Johnson&Johnson, Moderna, Oxford/AstraZeneca, Pfizer/BioNTech",5992574,5806162,11798736
2021-09-07,"Johnson&Johnson, Moderna, Oxford/AstraZeneca, Pfizer/BioNTech",5996925,5817233,11814158
2021-09-08,"Johnson&Johnson, Moderna, Oxford/AstraZeneca, Pfizer/BioNTech",6002571,5827051,11829622
2021-09-09,"Johnson&Johnson, Moderna, Oxford/AstraZeneca, Pfizer/BioNTech",6009214,5837096,11846310
2021-09-10,"Johnson&Johnson, Moderna, Oxford/AstraZeneca, Pfizer/BioNTech",6016860,5849242,11866102
2021-09-11,"Johnson&Johnson, Moderna, Pfizer/BioNTech",6018715,5851707,11870422
2021-09-12,"Johnson&Johnson, Moderna, Oxford/AstraZeneca, Pfizer/BioNTech",6019827,5853326,11873153
2021-09-13,"Johnson&Johnson, Moderna, Oxford/AstraZeneca, Pfizer/BioNTech",6025239,5863572,11888811
2021-09-14,"Johnson&Johnson, Moderna, Oxford/AstraZeneca, Pfizer/BioNTech",6030604,5872564,11903168
2021-09-15,"Johnson&Johnson, Moderna, Oxford/AstraZeneca, Pfizer/BioNTech",6035782,5881071,11916853
2021-09-16,"Johnson&Johnson, Moderna, Oxford/AstraZeneca, Pfizer/BioNTech",6041055,5889320,11930375
2021-09-17,"Johnson&Johnson, Moderna, Oxford/AstraZeneca, Pfizer/BioNTech",6047597,5899511,11947108
2021-09-18,"Johnson&Johnson, Moderna, Oxford/AstraZeneca, Pfizer/BioNTech",6049319,5901854,11951173
2021-09-19,"Johnson&Johnson, Moderna, Oxford/AstraZeneca, Pfizer/BioNTech",6050257,5903415,11953672
2021-09-20,"Johnson&Johnson, Moderna, Oxford/AstraZeneca, Pfizer/BioNTech",6054240,5911587,11965827
2021-09-21,"Johnson&Johnson, Moderna, Oxford/AstraZeneca, Pfizer/BioNTech",6058363,5919101,11977464
2021-09-22,"Johnson&Johnson, Moderna, Oxford/AstraZeneca, Pfizer/BioNTech",6062522,5924605,11987127
2021-09-23,"Johnson&Johnson, Moderna, Oxford/AstraZeneca, Pfizer/BioNTech",6067484,5930998,11998482
2021-09-24,"Johnson&Johnson, Moderna, Oxford/AstraZeneca, Pfizer/BioNTech",6073223,5940600,12013823
2021-09-25,"Johnson&Johnson, Moderna, Pfizer/BioNTech",6074712,5942578,12017290
2021-09-26,"Johnson&Johnson, Moderna, Pfizer/BioNTech",6075450,5944201,12019651
2021-09-27,"Johnson&Johnson, Moderna, Oxford/AstraZeneca, Pfizer/BioNTech",6079274,5950672,12029946
2021-09-28,"Johnson&Johnson, Moderna, Pfizer/BioNTech",6079627,5951269,12030896
2021-09-29,"Johnson&Johnson, Moderna, Oxford/AstraZeneca, Pfizer/BioNTech",6083385,5958694,12042079
2021-09-30,"Johnson&Johnson, Moderna, Oxford/AstraZeneca, Pfizer/BioNTech",6087810,5966351,12054161
2021-10-01,"Johnson&Johnson, Moderna, Oxford/AstraZeneca, Pfizer/BioNTech",6092041,5974290,12066331
2021-10-02,"Johnson&Johnson, Moderna, Pfizer/BioNTech",6093080,5975818,12068898
2021-10-03,"Johnson&Johnson, Moderna, Pfizer/BioNTech",6093783,5976679,12070462
2021-10-04,"Johnson&Johnson, Moderna, Oxford/AstraZeneca, Pfizer/BioNTech",6096784,5982230,12079014
2021-10-05,"Johnson&Johnson, Moderna, Oxford/AstraZeneca, Pfizer/BioNTech",6099833,5987279,12087112
2021-10-06,"Johnson&Johnson, Moderna, Oxford/AstraZeneca, Pfizer/BioNTech",6103277,5992420,12095697
2021-10-07,"Johnson&Johnson, Moderna, Oxford/AstraZeneca, Pfizer/BioNTech",6106451,5997608,12104059
2021-10-08,"Johnson&Johnson, Moderna, Oxford/AstraZeneca, Pfizer/BioNTech",6111173,6004193,12115366
2021-10-09,"Johnson&Johnson, Moderna, Oxford/AstraZeneca, Pfizer/BioNTech",6112405,6005837,12118242
2021-10-10,"Johnson&Johnson, Moderna, Pfizer/BioNTech",6113340,6006664,12120004
2021-10-11,"Johnson&Johnson, Moderna, Oxford/AstraZeneca, Pfizer/BioNTech",6116202,6011025,12127227
2021-10-12,"Johnson&Johnson, Moderna, Oxford/AstraZeneca, Pfizer/BioNTech",6118935,6014939,12133874
2021-10-13,"Johnson&Johnson, Moderna, Oxford/AstraZeneca, Pfizer/BioNTech",6122346,6019068,12141414
2021-10-14,"Johnson&Johnson, Moderna, Oxford/AstraZeneca, Pfizer/BioNTech",6125902,6024001,12149903
2021-10-15,"Johnson&Johnson, Moderna, Oxford/AstraZeneca, Pfizer/BioNTech",6131004,6030125,12161129
2021-10-16,"Johnson&Johnson, Moderna, Pfizer/BioNTech",6132375,6031636,12164011
2021-10-17,"Johnson&Johnson, Moderna, Pfizer/BioNTech",6133691,6032687,12166378
2021-10-18,"Johnson&Johnson, Moderna, Oxford/AstraZeneca, Pfizer/BioNTech",6137674,6036733,12174407
2021-10-19,"Johnson&Johnson, Moderna, Oxford/AstraZeneca, Pfizer/BioNTech",6141127,6038809,12179936
2021-10-20,"Johnson&Johnson, Moderna, Oxford/AstraZeneca, Pfizer/BioNTech",6145890,6043231,12189121
2021-10-21,"Johnson&Johnson, Moderna, Oxford/AstraZeneca, Pfizer/BioNTech",6153434,6048747,12202181
2021-10-22,"Johnson&Johnson, Moderna, Oxford/AstraZeneca, Pfizer/BioNTech",6163761,6055224,12218985
2021-10-23,"Johnson&Johnson, Moderna, Pfizer/BioNTech",6167390,6057419,12224809
2021-10-24,"Johnson&Johnson, Moderna, Pfizer/BioNTech",6170064,6059189,12229253
2021-10-25,"Johnson&Johnson, Moderna, Oxford/AstraZeneca, Pfizer/BioNTech",6180361,6064954,12245315
2021-10-26,"Johnson&Johnson, Moderna, Oxford/AstraZeneca, Pfizer/BioNTech",6191996,6071432,12263428
2021-10-27,"Johnson&Johnson, Moderna, Oxford/AstraZeneca, Pfizer/BioNTech",6206381,6078794,12285175
2021-10-28,"Johnson&Johnson, Moderna, Pfizer/BioNTech",6209713,6080429,12290142
2021-10-29,"Johnson&Johnson, Moderna, Oxford/AstraZeneca, Pfizer/BioNTech",6223897,6088294,12312191
2021-10-30,"Johnson&Johnson, Moderna, Pfizer/BioNTech",6228357,6091177,12319534
2021-10-31,"Johnson&Johnson, Moderna, Oxford/AstraZeneca, Pfizer/BioNTech",6232074,6093629,12325703
2021-11-01,"Johnson&Johnson, Moderna, Oxford/AstraZeneca, Pfizer/BioNTech",6246841,6101113,12347954
2021-11-02,"Johnson&Johnson, Moderna, Oxford/AstraZeneca, Pfizer/BioNTech",6261949,6108487,12370436
2021-11-03,"Johnson&Johnson, Moderna, Oxford/AstraZeneca, Pfizer/BioNTech",6278819,6115647,12394466
2021-11-04,"Johnson&Johnson, Moderna, Oxford/AstraZeneca, Pfizer/BioNTech",6296783,6123622,12420405
2021-11-05,"Johnson&Johnson, Moderna, Oxford/AstraZeneca, Pfizer/BioNTech",6319186,6134646,12453832
2021-11-06,"Johnson&Johnson, Moderna, Oxford/AstraZeneca, Pfizer/BioNTech",6325336,6137403,12462739
2021-11-07,"Johnson&Johnson, Moderna, Oxford/AstraZeneca, Pfizer/BioNTech",6328768,6139287,12468055
2021-11-08,"Johnson&Johnson, Moderna, Oxford/AstraZeneca, Pfizer/BioNTech",6343938,6146082,12490020
2021-11-09,"Johnson&Johnson, Moderna, Oxford/AstraZeneca, Pfizer/BioNTech",6357742,6152578,12510320
2021-11-10,"Johnson&Johnson, Moderna, Oxford/AstraZeneca, Pfizer/BioNTech",6371804,6158717,12530521
