date,vaccine,people_vaccinated,people_fully_vaccinated,total_vaccinations
2020-12-27,Pfizer/BioNTech,1284,0,1284
2020-12-28,Pfizer/BioNTech,3590,0,3590
2020-12-29,Pfizer/BioNTech,7060,1,7061
2020-12-30,Pfizer/BioNTech,10581,1,10582
2020-12-31,Pfizer/BioNTech,11893,1,11894
2021-01-01,"Moderna, Pfizer/BioNTech",12163,1,12164
2021-01-02,"Moderna, Pfizer/BioNTech",13445,1,13446
2021-01-03,"Moderna, Pfizer/BioNTech",14370,1,14371
2021-01-04,"Moderna, Pfizer/BioNTech",17987,1,17988
2021-01-05,"Moderna, Pfizer/BioNTech",22514,3,22517
2021-01-06,"Moderna, Pfizer/BioNTech",28362,4,28366
2021-01-07,"Moderna, Pfizer/BioNTech",36362,4,36366
2021-01-08,"Moderna, Pfizer/BioNTech",46415,5,46420
2021-01-09,"Moderna, Pfizer/BioNTech",48442,6,48448
2021-01-10,Pfizer/BioNTech,50214,7,50221
2021-01-11,"Moderna, Pfizer/BioNTech",60074,9,60083
2021-01-12,"Moderna, Pfizer/BioNTech",73533,11,73544
2021-01-13,"Moderna, Pfizer/BioNTech",87084,11,87095
2021-01-14,"Moderna, Pfizer/BioNTech",102340,15,102355
2021-01-15,"Moderna, Pfizer/BioNTech",116362,16,116378
2021-01-16,"Moderna, Pfizer/BioNTech",119765,20,119785
2021-01-17,"Moderna, Pfizer/BioNTech",122386,655,123041
2021-01-18,"Moderna, Pfizer/BioNTech",134881,2482,137363
2021-01-19,"Moderna, Pfizer/BioNTech",147493,5210,152703
2021-01-20,"Moderna, Pfizer/BioNTech",161187,7874,169061
2021-01-21,"Moderna, Pfizer/BioNTech",176843,9620,186463
2021-01-22,"Moderna, Pfizer/BioNTech",191737,10666,202403
2021-01-23,"Moderna, Pfizer/BioNTech",195058,11546,206604
2021-01-24,"Moderna, Pfizer/BioNTech",197314,12415,209729
2021-01-25,"Moderna, Pfizer/BioNTech",206967,15392,222359
2021-01-26,"Moderna, Pfizer/BioNTech",217517,19385,236902
2021-01-27,"Moderna, Pfizer/BioNTech",226550,23920,250470
2021-01-28,"Moderna, Pfizer/BioNTech",233654,30055,263709
2021-01-29,"Moderna, Pfizer/BioNTech",239872,37964,277836
2021-01-30,"Moderna, Pfizer/BioNTech",240613,39052,279665
2021-01-31,"Moderna, Pfizer/BioNTech",241329,40234,281563
2021-02-01,"Moderna, Pfizer/BioNTech",245311,48203,293514
2021-02-02,"Moderna, Pfizer/BioNTech",249463,58444,307907
2021-02-03,"Moderna, Pfizer/BioNTech",253888,69467,323355
2021-02-04,"Moderna, Pfizer/BioNTech",258794,82462,341256
2021-02-05,"Moderna, Pfizer/BioNTech",264266,93138,357404
2021-02-06,"Moderna, Oxford/AstraZeneca, Pfizer/BioNTech",265122,95505,360627
2021-02-07,"Moderna, Oxford/AstraZeneca, Pfizer/BioNTech",265973,98005,363978
2021-02-08,"Moderna, Oxford/AstraZeneca, Pfizer/BioNTech",270066,109443,379509
2021-02-09,"Moderna, Oxford/AstraZeneca, Pfizer/BioNTech",275174,121359,396533
2021-02-10,"Moderna, Oxford/AstraZeneca, Pfizer/BioNTech",280689,134620,415309
2021-02-11,"Moderna, Oxford/AstraZeneca, Pfizer/BioNTech",287030,150844,437874
2021-02-12,"Moderna, Oxford/AstraZeneca, Pfizer/BioNTech",293861,165589,459450
2021-02-13,"Moderna, Oxford/AstraZeneca, Pfizer/BioNTech",295475,168578,464053
2021-02-14,"Moderna, Oxford/AstraZeneca, Pfizer/BioNTech",296479,169964,466443
2021-02-15,"Moderna, Oxford/AstraZeneca, Pfizer/BioNTech",302878,179336,482214
2021-02-16,"Moderna, Oxford/AstraZeneca, Pfizer/BioNTech",311600,188422,500022
2021-02-17,"Moderna, Oxford/AstraZeneca, Pfizer/BioNTech",321300,196731,518031
2021-02-18,"Moderna, Oxford/AstraZeneca, Pfizer/BioNTech",333630,204816,538446
2021-02-19,"Moderna, Oxford/AstraZeneca, Pfizer/BioNTech",345496,212196,557692
2021-02-20,"Moderna, Oxford/AstraZeneca, Pfizer/BioNTech",347502,213382,560884
2021-02-21,"Moderna, Oxford/AstraZeneca, Pfizer/BioNTech",348638,214407,563045
2021-02-22,"Moderna, Oxford/AstraZeneca, Pfizer/BioNTech",358765,220444,579209
2021-02-23,"Moderna, Oxford/AstraZeneca, Pfizer/BioNTech",371732,227436,599168
2021-02-24,"Moderna, Oxford/AstraZeneca, Pfizer/BioNTech",385615,233477,619092
2021-02-25,"Moderna, Oxford/AstraZeneca, Pfizer/BioNTech",403597,239028,642625
2021-02-26,"Moderna, Oxford/AstraZeneca, Pfizer/BioNTech",419778,244388,664166
2021-02-27,"Moderna, Oxford/AstraZeneca, Pfizer/BioNTech",422788,244947,667735
2021-02-28,"Moderna, Oxford/AstraZeneca, Pfizer/BioNTech",425144,245499,670643
2021-03-01,"Moderna, Oxford/AstraZeneca, Pfizer/BioNTech",444742,248951,693693
2021-03-02,"Moderna, Oxford/AstraZeneca, Pfizer/BioNTech",471973,252501,724474
2021-03-03,"Moderna, Oxford/AstraZeneca, Pfizer/BioNTech",502929,257010,759939
2021-03-04,"Moderna, Oxford/AstraZeneca, Pfizer/BioNTech",536224,261700,797924
2021-03-05,"Johnson&Johnson, Moderna, Oxford/AstraZeneca, Pfizer/BioNTech",565073,267127,832200
2021-03-06,"Johnson&Johnson, Moderna, Oxford/AstraZeneca, Pfizer/BioNTech",577228,267992,845220
2021-03-07,"Johnson&Johnson, Moderna, Oxford/AstraZeneca, Pfizer/BioNTech",588776,268834,857610
2021-03-08,"Johnson&Johnson, Moderna, Oxford/AstraZeneca, Pfizer/BioNTech",618531,273696,892227
2021-03-09,"Johnson&Johnson, Moderna, Oxford/AstraZeneca, Pfizer/BioNTech",654901,280082,934983
2021-03-10,"Johnson&Johnson, Moderna, Oxford/AstraZeneca, Pfizer/BioNTech",696235,287043,983278
2021-03-11,"Johnson&Johnson, Moderna, Oxford/AstraZeneca, Pfizer/BioNTech",741086,295418,1036504
2021-03-12,"Johnson&Johnson, Moderna, Oxford/AstraZeneca, Pfizer/BioNTech",779860,303915,1083775
2021-03-13,"Johnson&Johnson, Moderna, Oxford/AstraZeneca, Pfizer/BioNTech",796970,305229,1102199
2021-03-14,"Johnson&Johnson, Moderna, Oxford/AstraZeneca, Pfizer/BioNTech",809089,306385,1115474
2021-03-15,"Johnson&Johnson, Moderna, Oxford/AstraZeneca, Pfizer/BioNTech",837483,315167,1152650
2021-03-16,"Johnson&Johnson, Moderna, Oxford/AstraZeneca, Pfizer/BioNTech",876378,325706,1202084
2021-03-17,"Moderna, Oxford/AstraZeneca, Pfizer/BioNTech",913871,336219,1250090
2021-03-18,"Johnson&Johnson, Moderna, Oxford/AstraZeneca, Pfizer/BioNTech",951882,348642,1300524
2021-03-19,"Moderna, Oxford/AstraZeneca, Pfizer/BioNTech",986398,362258,1348656
2021-03-20,"Johnson&Johnson, Moderna, Oxford/AstraZeneca, Pfizer/BioNTech",1001581,364290,1365871
2021-03-21,"Johnson&Johnson, Moderna, Oxford/AstraZeneca, Pfizer/BioNTech",1009022,365850,1374872
2021-03-22,"Johnson&Johnson, Moderna, Oxford/AstraZeneca, Pfizer/BioNTech",1033609,378353,1411962
2021-03-23,"Johnson&Johnson, Moderna, Oxford/AstraZeneca, Pfizer/BioNTech",1060280,391719,1451999
2021-03-24,"Johnson&Johnson, Moderna, Oxford/AstraZeneca, Pfizer/BioNTech",1087165,407465,1494630
2021-03-25,"Johnson&Johnson, Moderna, Oxford/AstraZeneca, Pfizer/BioNTech",1113523,425321,1538844
2021-03-26,"Johnson&Johnson, Moderna, Oxford/AstraZeneca, Pfizer/BioNTech",1138362,442832,1581194
2021-03-27,"Johnson&Johnson, Moderna, Oxford/AstraZeneca, Pfizer/BioNTech",1146816,447678,1594494
2021-03-28,"Moderna, Oxford/AstraZeneca, Pfizer/BioNTech",1152364,451826,1604190
2021-03-29,"Johnson&Johnson, Moderna, Oxford/AstraZeneca, Pfizer/BioNTech",1171517,472564,1644081
2021-03-30,"Johnson&Johnson, Moderna, Oxford/AstraZeneca, Pfizer/BioNTech",1196226,494751,1690977
2021-03-31,"Johnson&Johnson, Moderna, Oxford/AstraZeneca, Pfizer/BioNTech",1219381,521821,1741202
2021-04-01,"Johnson&Johnson, Moderna, Oxford/AstraZeneca, Pfizer/BioNTech",1245060,553886,1798946
2021-04-02,"Johnson&Johnson, Moderna, Oxford/AstraZeneca, Pfizer/BioNTech",1252030,566687,1818717
2021-04-03,"Johnson&Johnson, Moderna, Oxford/AstraZeneca, Pfizer/BioNTech",1255678,577620,1833298
2021-04-04,"Johnson&Johnson, Moderna, Oxford/AstraZeneca, Pfizer/BioNTech",1258214,586544,1844758
2021-04-05,"Johnson&Johnson, Moderna, Oxford/AstraZeneca, Pfizer/BioNTech",1260640,593747,1854387
2021-04-06,"Johnson&Johnson, Moderna, Oxford/AstraZeneca, Pfizer/BioNTech",1276850,623024,1899874
2021-04-07,"Johnson&Johnson, Moderna, Oxford/AstraZeneca, Pfizer/BioNTech",1300345,645268,1945613
2021-04-08,"Johnson&Johnson, Moderna, Oxford/AstraZeneca, Pfizer/BioNTech",1339151,676313,2015464
2021-04-09,"Johnson&Johnson, Moderna, Oxford/AstraZeneca, Pfizer/BioNTech",1378747,706510,2085257
2021-04-10,"Johnson&Johnson, Moderna, Oxford/AstraZeneca, Pfizer/BioNTech",1394304,721819,2116123
2021-04-11,"Johnson&Johnson, Moderna, Oxford/AstraZeneca, Pfizer/BioNTech",1404106,731873,2135979
2021-04-12,"Johnson&Johnson, Moderna, Oxford/AstraZeneca, Pfizer/BioNTech",1442433,757022,2199455
2021-04-13,"Moderna, Oxford/AstraZeneca, Pfizer/BioNTech",1478736,783068,2261804
2021-04-14,"Moderna, Oxford/AstraZeneca, Pfizer/BioNTech",1517617,810443,2328060
2021-04-15,"Moderna, Oxford/AstraZeneca, Pfizer/BioNTech",1565448,836224,2401672
2021-04-16,"Moderna, Oxford/AstraZeneca, Pfizer/BioNTech",1610156,861907,2472063
2021-04-17,"Moderna, Oxford/AstraZeneca, Pfizer/BioNTech",1626878,870936,2497814
2021-04-18,"Moderna, Oxford/AstraZeneca, Pfizer/BioNTech",1639879,875923,2515802
2021-04-19,"Moderna, Oxford/AstraZeneca, Pfizer/BioNTech",1683850,891370,2575220
2021-04-20,"Johnson&Johnson, Moderna, Oxford/AstraZeneca, Pfizer/BioNTech",1726444,907252,2633696
2021-04-21,"Moderna, Oxford/AstraZeneca, Pfizer/BioNTech",1774221,921620,2695841
2021-04-22,"Johnson&Johnson, Moderna, Oxford/AstraZeneca, Pfizer/BioNTech",1828752,939020,2767772
2021-04-23,"Johnson&Johnson, Moderna, Oxford/AstraZeneca, Pfizer/BioNTech",1878771,951086,2829857
2021-04-24,"Johnson&Johnson, Moderna, Oxford/AstraZeneca, Pfizer/BioNTech",1896642,956349,2852991
2021-04-25,"Johnson&Johnson, Moderna, Oxford/AstraZeneca, Pfizer/BioNTech",1911355,960349,2871704
2021-04-26,"Johnson&Johnson, Moderna, Oxford/AstraZeneca, Pfizer/BioNTech",1960973,967914,2928887
2021-04-27,"Johnson&Johnson, Moderna, Oxford/AstraZeneca, Pfizer/BioNTech",2009977,980165,2990142
2021-04-28,"Johnson&Johnson, Moderna, Oxford/AstraZeneca, Pfizer/BioNTech",2068770,994193,3062963
2021-04-29,"Johnson&Johnson, Moderna, Oxford/AstraZeneca, Pfizer/BioNTech",2134392,1010113,3144505
2021-04-30,"Johnson&Johnson, Moderna, Oxford/AstraZeneca, Pfizer/BioNTech",2196693,1020107,3216800
2021-05-01,"Johnson&Johnson, Moderna, Oxford/AstraZeneca, Pfizer/BioNTech",2216076,1023569,3239645
2021-05-02,"Johnson&Johnson, Moderna, Oxford/AstraZeneca, Pfizer/BioNTech",2235028,1025857,3260885
2021-05-03,"Johnson&Johnson, Moderna, Oxford/AstraZeneca, Pfizer/BioNTech",2302319,1030937,3333256
2021-05-04,"Johnson&Johnson, Moderna, Oxford/AstraZeneca, Pfizer/BioNTech",2368875,1039309,3408184
2021-05-05,"Johnson&Johnson, Moderna, Oxford/AstraZeneca, Pfizer/BioNTech",2442106,1048751,3490857
2021-05-06,"Johnson&Johnson, Moderna, Oxford/AstraZeneca, Pfizer/BioNTech",2522569,1059503,3582072
2021-05-07,"Johnson&Johnson, Moderna, Oxford/AstraZeneca, Pfizer/BioNTech",2599921,1069641,3669562
2021-05-08,"Johnson&Johnson, Moderna, Oxford/AstraZeneca, Pfizer/BioNTech",2629439,1071428,3700867
2021-05-09,"Johnson&Johnson, Moderna, Oxford/AstraZeneca, Pfizer/BioNTech",2653687,1072649,3726336
2021-05-10,"Johnson&Johnson, Moderna, Oxford/AstraZeneca, Pfizer/BioNTech",2726516,1079893,3806409
2021-05-11,"Johnson&Johnson, Moderna, Oxford/AstraZeneca, Pfizer/BioNTech",2802683,1088726,3891409
2021-05-12,"Johnson&Johnson, Moderna, Oxford/AstraZeneca, Pfizer/BioNTech",2882643,1097865,3980508
2021-05-13,"Johnson&Johnson, Moderna, Oxford/AstraZeneca, Pfizer/BioNTech",2966712,1107052,4073764
2021-05-14,"Johnson&Johnson, Moderna, Oxford/AstraZeneca, Pfizer/BioNTech",3046261,1114876,4161137
2021-05-15,"Johnson&Johnson, Moderna, Oxford/AstraZeneca, Pfizer/BioNTech",3078231,1117150,4195381
2021-05-16,"Johnson&Johnson, Moderna, Oxford/AstraZeneca, Pfizer/BioNTech",3104051,1118431,4222482
2021-05-17,"Johnson&Johnson, Moderna, Oxford/AstraZeneca, Pfizer/BioNTech",3176617,1125185,4301802
2021-05-18,"Johnson&Johnson, Moderna, Oxford/AstraZeneca, Pfizer/BioNTech",3248614,1138303,4386917
2021-05-19,"Johnson&Johnson, Moderna, Oxford/AstraZeneca, Pfizer/BioNTech",3326124,1153477,4479601
2021-05-20,"Johnson&Johnson, Moderna, Oxford/AstraZeneca, Pfizer/BioNTech",3401649,1180546,4582195
2021-05-21,"Johnson&Johnson, Moderna, Oxford/AstraZeneca, Pfizer/BioNTech",3470516,1208348,4678864
2021-05-22,"Johnson&Johnson, Moderna, Oxford/AstraZeneca, Pfizer/BioNTech",3502977,1219578,4722555
2021-05-23,"Johnson&Johnson, Moderna, Oxford/AstraZeneca, Pfizer/BioNTech",3525418,1228625,4754043
2021-05-24,"Johnson&Johnson, Moderna, Oxford/AstraZeneca, Pfizer/BioNTech",3572623,1262310,4834933
2021-05-25,"Johnson&Johnson, Moderna, Oxford/AstraZeneca, Pfizer/BioNTech",3624549,1298161,4922710
2021-05-26,"Johnson&Johnson, Moderna, Oxford/AstraZeneca, Pfizer/BioNTech",3692355,1335719,5028074
2021-05-27,"Johnson&Johnson, Moderna, Oxford/AstraZeneca, Pfizer/BioNTech",3753811,1383097,5136908
2021-05-28,"Johnson&Johnson, Moderna, Oxford/AstraZeneca, Pfizer/BioNTech",3815593,1429709,5245302
2021-05-29,"Johnson&Johnson, Moderna, Oxford/AstraZeneca, Pfizer/BioNTech",3844860,1446841,5291701
2021-05-30,"Johnson&Johnson, Moderna, Oxford/AstraZeneca, Pfizer/BioNTech",3867284,1461307,5328591
2021-05-31,"Johnson&Johnson, Moderna, Oxford/AstraZeneca, Pfizer/BioNTech",3923063,1508846,5431909
2021-06-01,"Johnson&Johnson, Moderna, Oxford/AstraZeneca, Pfizer/BioNTech",3982170,1557734,5539904
2021-06-02,"Johnson&Johnson, Moderna, Oxford/AstraZeneca, Pfizer/BioNTech",4045151,1611762,5656913
2021-06-03,"Johnson&Johnson, Moderna, Oxford/AstraZeneca, Pfizer/BioNTech",4103435,1672010,5775445
2021-06-04,"Johnson&Johnson, Moderna, Oxford/AstraZeneca, Pfizer/BioNTech",4166581,1729454,5896035
2021-06-05,"Johnson&Johnson, Moderna, Oxford/AstraZeneca, Pfizer/BioNTech",4200784,1748374,5949158
2021-06-06,"Johnson&Johnson, Moderna, Oxford/AstraZeneca, Pfizer/BioNTech",4227746,1763547,5991293
2021-06-07,"Johnson&Johnson, Moderna, Oxford/AstraZeneca, Pfizer/BioNTech",4291444,1819216,6110660
2021-06-08,"Johnson&Johnson, Moderna, Oxford/AstraZeneca, Pfizer/BioNTech",4355473,1874250,6229723
2021-06-09,"Johnson&Johnson, Moderna, Oxford/AstraZeneca, Pfizer/BioNTech",4414706,1938962,6353668
2021-06-10,"Johnson&Johnson, Moderna, Oxford/AstraZeneca, Pfizer/BioNTech",4468585,2010296,6478881
2021-06-11,"Johnson&Johnson, Moderna, Oxford/AstraZeneca, Pfizer/BioNTech",4520725,2080155,6600880
2021-06-12,"Johnson&Johnson, Moderna, Oxford/AstraZeneca, Pfizer/BioNTech",4552771,2100999,6653770
2021-06-13,"Johnson&Johnson, Moderna, Oxford/AstraZeneca, Pfizer/BioNTech",4576813,2119439,6696252
2021-06-14,"Johnson&Johnson, Moderna, Oxford/AstraZeneca, Pfizer/BioNTech",4619913,2193868,6813781
2021-06-15,"Johnson&Johnson, Moderna, Oxford/AstraZeneca, Pfizer/BioNTech",4664603,2266279,6930882
2021-06-16,"Johnson&Johnson, Moderna, Oxford/AstraZeneca, Pfizer/BioNTech",4707423,2344562,7051985
2021-06-17,"Johnson&Johnson, Moderna, Oxford/AstraZeneca, Pfizer/BioNTech",4746855,2427696,7174551
2021-06-18,"Johnson&Johnson, Moderna, Oxford/AstraZeneca, Pfizer/BioNTech",4789313,2508304,7297617
2021-06-19,"Johnson&Johnson, Moderna, Oxford/AstraZeneca, Pfizer/BioNTech",4811107,2537640,7348747
2021-06-20,"Johnson&Johnson, Moderna, Oxford/AstraZeneca, Pfizer/BioNTech",4828512,2561526,7390038
2021-06-21,"Johnson&Johnson, Moderna, Oxford/AstraZeneca, Pfizer/BioNTech",4861030,2640180,7501210
2021-06-22,"Johnson&Johnson, Moderna, Oxford/AstraZeneca, Pfizer/BioNTech",4893999,2722537,7616536
2021-06-23,"Johnson&Johnson, Moderna, Oxford/AstraZeneca, Pfizer/BioNTech",4925708,2807812,7733520
2021-06-24,"Johnson&Johnson, Moderna, Oxford/AstraZeneca, Pfizer/BioNTech",4955577,2897878,7853455
2021-06-25,"Johnson&Johnson, Moderna, Oxford/AstraZeneca, Pfizer/BioNTech",4986674,2984135,7970809
2021-06-26,"Johnson&Johnson, Moderna, Oxford/AstraZeneca, Pfizer/BioNTech",5002579,3019032,8021611
2021-06-27,"Johnson&Johnson, Moderna, Oxford/AstraZeneca, Pfizer/BioNTech",5016544,3045751,8062295
2021-06-28,"Johnson&Johnson, Moderna, Oxford/AstraZeneca, Pfizer/BioNTech",5044958,3131004,8175962
2021-06-29,"Johnson&Johnson, Moderna, Oxford/AstraZeneca, Pfizer/BioNTech",5074248,3217564,8291812
2021-06-30,"Johnson&Johnson, Moderna, Oxford/AstraZeneca, Pfizer/BioNTech",5101767,3308634,8410401
2021-07-01,"Johnson&Johnson, Moderna, Oxford/AstraZeneca, Pfizer/BioNTech",5125757,3398766,8524523
2021-07-02,"Johnson&Johnson, Moderna, Oxford/AstraZeneca, Pfizer/BioNTech",5152502,3484723,8637225
2021-07-03,"Johnson&Johnson, Moderna, Oxford/AstraZeneca, Pfizer/BioNTech",5159612,3516296,8675908
2021-07-04,"Johnson&Johnson, Moderna, Oxford/AstraZeneca, Pfizer/BioNTech",5167193,3538117,8705310
2021-07-05,"Johnson&Johnson, Moderna, Oxford/AstraZeneca, Pfizer/BioNTech",5174603,3563531,8738134
2021-07-06,"Johnson&Johnson, Moderna, Oxford/AstraZeneca, Pfizer/BioNTech",5180067,3591260,8771327
2021-07-07,"Johnson&Johnson, Moderna, Oxford/AstraZeneca, Pfizer/BioNTech",5205892,3670306,8876198
2021-07-08,"Johnson&Johnson, Moderna, Oxford/AstraZeneca, Pfizer/BioNTech",5232513,3740676,8973189
2021-07-09,"Johnson&Johnson, Moderna, Oxford/AstraZeneca, Pfizer/BioNTech",5260455,3810045,9070500
2021-07-10,"Johnson&Johnson, Moderna, Oxford/AstraZeneca, Pfizer/BioNTech",5269823,3838728,9108551
2021-07-11,"Johnson&Johnson, Moderna, Oxford/AstraZeneca, Pfizer/BioNTech",5278369,3861632,9140001
2021-07-12,"Johnson&Johnson, Moderna, Oxford/AstraZeneca, Pfizer/BioNTech",5305899,3930757,9236656
2021-07-13,"Johnson&Johnson, Moderna, Oxford/AstraZeneca, Pfizer/BioNTech",5332099,4000668,9332767
2021-07-14,"Johnson&Johnson, Moderna, Oxford/AstraZeneca, Pfizer/BioNTech",5357934,4072710,9430644
2021-07-15,"Johnson&Johnson, Moderna, Oxford/AstraZeneca, Pfizer/BioNTech",5387116,4138773,9525889
2021-07-16,"Johnson&Johnson, Moderna, Oxford/AstraZeneca, Pfizer/BioNTech",5415040,4211556,9626596
2021-07-17,"Johnson&Johnson, Moderna, Oxford/AstraZeneca, Pfizer/BioNTech",5423845,4243041,9666886
2021-07-18,"Johnson&Johnson, Moderna, Oxford/AstraZeneca, Pfizer/BioNTech",5432290,4269063,9701353
2021-07-19,"Johnson&Johnson, Moderna, Oxford/AstraZeneca, Pfizer/BioNTech",5455656,4336120,9791776
2021-07-20,"Johnson&Johnson, Moderna, Oxford/AstraZeneca, Pfizer/BioNTech",5477059,4403219,9880278
2021-07-21,"Johnson&Johnson, Moderna, Oxford/AstraZeneca, Pfizer/BioNTech",5500519,4466712,9967231
2021-07-22,"Johnson&Johnson, Moderna, Oxford/AstraZeneca, Pfizer/BioNTech",5522896,4525366,10048262
2021-07-23,"Johnson&Johnson, Moderna, Oxford/AstraZeneca, Pfizer/BioNTech",5546120,4580142,10126262
2021-07-24,"Johnson&Johnson, Moderna, Oxford/AstraZeneca, Pfizer/BioNTech",5553455,4607841,10161296
2021-07-25,"Johnson&Johnson, Moderna, Oxford/AstraZeneca, Pfizer/BioNTech",5560088,4629990,10190078
2021-07-26,"Johnson&Johnson, Moderna, Oxford/AstraZeneca, Pfizer/BioNTech",5583646,4678697,10262343
2021-07-27,"Johnson&Johnson, Moderna, Oxford/AstraZeneca, Pfizer/BioNTech",5606388,4725357,10331745
2021-07-28,"Johnson&Johnson, Moderna, Oxford/AstraZeneca, Pfizer/BioNTech",5627655,4771381,10399036
2021-07-29,"Johnson&Johnson, Moderna, Oxford/AstraZeneca, Pfizer/BioNTech",5648985,4813367,10462352
2021-07-30,"Johnson&Johnson, Moderna, Oxford/AstraZeneca, Pfizer/BioNTech",5672262,4855962,10528224
2021-07-31,"Johnson&Johnson, Moderna, Oxford/AstraZeneca, Pfizer/BioNTech",5681202,4875507,10556709
2021-08-01,"Johnson&Johnson, Moderna, Oxford/AstraZeneca, Pfizer/BioNTech",5687928,4891693,10579621
2021-08-02,"Johnson&Johnson, Moderna, Oxford/AstraZeneca, Pfizer/BioNTech",5706569,4929260,10635829
2021-08-03,"Johnson&Johnson, Moderna, Oxford/AstraZeneca, Pfizer/BioNTech",5724215,4967383,10691598
2021-08-04,"Johnson&Johnson, Moderna, Oxford/AstraZeneca, Pfizer/BioNTech",5740326,5004147,10744473
2021-08-05,"Johnson&Johnson, Moderna, Oxford/AstraZeneca, Pfizer/BioNTech",5756370,5044652,10801022
2021-08-06,"Johnson&Johnson, Moderna, Oxford/AstraZeneca, Pfizer/BioNTech",5773157,5087954,10861111
2021-08-07,"Johnson&Johnson, Moderna, Oxford/AstraZeneca, Pfizer/BioNTech",5778757,5106143,10884900
2021-08-08,"Johnson&Johnson, Moderna, Oxford/AstraZeneca, Pfizer/BioNTech",5783116,5121903,10905019
2021-08-09,"Johnson&Johnson, Moderna, Oxford/AstraZeneca, Pfizer/BioNTech",5795758,5166967,10962725
2021-08-10,"Johnson&Johnson, Moderna, Oxford/AstraZeneca, Pfizer/BioNTech",5807600,5206545,11014145
2021-08-11,"Johnson&Johnson, Moderna, Oxford/AstraZeneca, Pfizer/BioNTech",5818953,5249688,11068641
2021-08-12,"Johnson&Johnson, Moderna, Oxford/AstraZeneca, Pfizer/BioNTech",5830380,5286824,11117204
2021-08-13,"Johnson&Johnson, Moderna, Oxford/AstraZeneca, Pfizer/BioNTech",5841103,5327176,11168279
2021-08-14,"Johnson&Johnson, Moderna, Oxford/AstraZeneca, Pfizer/BioNTech",5844436,5337890,11182326
2021-08-15,"Johnson&Johnson, Moderna, Oxford/AstraZeneca, Pfizer/BioNTech",5847020,5348266,11195286
2021-08-16,"Johnson&Johnson, Moderna, Oxford/AstraZeneca, Pfizer/BioNTech",5856811,5382346,11239157
2021-08-17,"Johnson&Johnson, Moderna, Oxford/AstraZeneca, Pfizer/BioNTech",5866406,5409443,11275849
2021-08-18,"Johnson&Johnson, Moderna, Oxford/AstraZeneca, Pfizer/BioNTech",5875783,5448324,11324107
2021-08-19,"Johnson&Johnson, Moderna, Oxford/AstraZeneca, Pfizer/BioNTech",5885452,5486676,11372128
2021-08-20,"Johnson&Johnson, Moderna, Oxford/AstraZeneca, Pfizer/BioNTech",5896838,5526868,11423706
2021-08-21,"Johnson&Johnson, Moderna, Oxford/AstraZeneca, Pfizer/BioNTech",5899558,5539635,11439193
2021-08-22,"Johnson&Johnson, Moderna, Oxford/AstraZeneca, Pfizer/BioNTech",5901902,5551599,11453501
2021-08-23,"Johnson&Johnson, Moderna, Oxford/AstraZeneca, Pfizer/BioNTech",5912431,5590875,11503306
2021-08-24,"Johnson&Johnson, Moderna, Oxford/AstraZeneca, Pfizer/BioNTech",5922307,5624123,11546430
2021-08-25,"Johnson&Johnson, Moderna, Oxford/AstraZeneca, Pfizer/BioNTech",5931175,5652499,11583674
2021-08-26,"Johnson&Johnson, Moderna, Oxford/AstraZeneca, Pfizer/BioNTech",5939627,5678626,11618253
2021-08-27,"Johnson&Johnson, Moderna, Oxford/AstraZeneca, Pfizer/BioNTech",5949953,5704596,11654549
2021-08-28,"Johnson&Johnson, Moderna, Oxford/AstraZeneca, Pfizer/BioNTech",5952684,5711647,11664331
2021-08-29,"Johnson&Johnson, Moderna, Oxford/AstraZeneca, Pfizer/BioNTech",5955096,5718267,11673363
2021-08-30,"Johnson&Johnson, Moderna, Oxford/AstraZeneca, Pfizer/BioNTech",5963625,5740141,11703766
2021-08-31,"Johnson&Johnson, Moderna, Oxford/AstraZeneca, Pfizer/BioNTech",5971301,5758233,11729534
2021-09-01,"Johnson&Johnson, Moderna, Oxford/AstraZeneca, Pfizer/BioNTech",5977196,5772233,11749429
2021-09-02,"Johnson&Johnson, Moderna, Oxford/AstraZeneca, Pfizer/BioNTech",5984039,5786626,11770665
2021-09-03,"Johnson&Johnson, Moderna, Oxford/AstraZeneca, Pfizer/BioNTech",5993600,5802340,11795940
2021-09-04,"Johnson&Johnson, Moderna, Oxford/AstraZeneca, Pfizer/BioNTech",5995667,5805892,11801559
2021-09-05,"Johnson&Johnson, Moderna, Oxford/AstraZeneca, Pfizer/BioNTech",5997706,5808735,11806441
2021-09-06,"Johnson&Johnson, Moderna, Oxford/AstraZeneca, Pfizer/BioNTech",6003943,5821267,11825210
2021-09-07,"Johnson&Johnson, Moderna, Oxford/AstraZeneca, Pfizer/BioNTech",6008337,5832362,11840699
2021-09-08,"Johnson&Johnson, Moderna, Oxford/AstraZeneca, Pfizer/BioNTech",6014011,5842209,11856220
2021-09-09,"Johnson&Johnson, Moderna, Oxford/AstraZeneca, Pfizer/BioNTech",6020704,5852275,11872979
2021-09-10,"Johnson&Johnson, Moderna, Oxford/AstraZeneca, Pfizer/BioNTech",6028397,5864450,11892847
2021-09-11,"Johnson&Johnson, Moderna, Oxford/AstraZeneca, Pfizer/BioNTech",6030262,5866932,11897194
2021-09-12,"Johnson&Johnson, Moderna, Oxford/AstraZeneca, Pfizer/BioNTech",6031379,5868563,11899942
2021-09-13,"Johnson&Johnson, Moderna, Oxford/AstraZeneca, Pfizer/BioNTech",6036812,5878863,11915675
2021-09-14,"Johnson&Johnson, Moderna, Oxford/AstraZeneca, Pfizer/BioNTech",6042205,5887879,11930084
2021-09-15,"Johnson&Johnson, Moderna, Oxford/AstraZeneca, Pfizer/BioNTech",6047406,5896402,11943808
2021-09-16,"Johnson&Johnson, Moderna, Oxford/AstraZeneca, Pfizer/BioNTech",6052751,5904675,11957426
2021-09-17,"Johnson&Johnson, Moderna, Oxford/AstraZeneca, Pfizer/BioNTech",6059319,5914907,11974226
2021-09-18,"Johnson&Johnson, Moderna, Oxford/AstraZeneca, Pfizer/BioNTech",6061046,5917266,11978312
2021-09-19,"Johnson&Johnson, Moderna, Oxford/AstraZeneca, Pfizer/BioNTech",6061992,5918833,11980825
2021-09-20,"Johnson&Johnson, Moderna, Oxford/AstraZeneca, Pfizer/BioNTech",6066007,5927030,11993037
2021-09-21,"Johnson&Johnson, Moderna, Oxford/AstraZeneca, Pfizer/BioNTech",6070238,5934560,12004798
2021-09-22,"Johnson&Johnson, Moderna, Oxford/AstraZeneca, Pfizer/BioNTech",6074424,5940072,12014496
2021-09-23,"Johnson&Johnson, Moderna, Oxford/AstraZeneca, Pfizer/BioNTech",6079398,5946477,12025875
2021-09-24,"Johnson&Johnson, Moderna, Oxford/AstraZeneca, Pfizer/BioNTech",6085158,5956100,12041258
2021-09-25,"Johnson&Johnson, Moderna, Oxford/AstraZeneca, Pfizer/BioNTech",6086655,5958098,12044753
2021-09-26,"Johnson&Johnson, Moderna, Oxford/AstraZeneca, Pfizer/BioNTech",6087399,5959735,12047134
2021-09-27,"Johnson&Johnson, Moderna, Oxford/AstraZeneca, Pfizer/BioNTech",6091278,5966245,12057523
2021-09-28,"Johnson&Johnson, Moderna, Pfizer/BioNTech",6091643,5966868,12058511
2021-09-29,"Johnson&Johnson, Moderna, Oxford/AstraZeneca, Pfizer/BioNTech",6095419,5974327,12069746
2021-09-30,"Johnson&Johnson, Moderna, Oxford/AstraZeneca, Pfizer/BioNTech",6099924,5982022,12081946
2021-10-01,"Johnson&Johnson, Moderna, Oxford/AstraZeneca, Pfizer/BioNTech",6104225,5989997,12094222
2021-10-02,"Johnson&Johnson, Moderna, Oxford/AstraZeneca, Pfizer/BioNTech",6105288,5991537,12096825
2021-10-03,"Johnson&Johnson, Moderna, Pfizer/BioNTech",6106011,5992404,12098415
2021-10-04,"Johnson&Johnson, Moderna, Oxford/AstraZeneca, Pfizer/BioNTech",6109087,5997974,12107061
2021-10-05,"Johnson&Johnson, Moderna, Oxford/AstraZeneca, Pfizer/BioNTech",6112251,6003055,12115306
2021-10-06,"Johnson&Johnson, Moderna, Oxford/AstraZeneca, Pfizer/BioNTech",6115770,6008225,12123995
2021-10-07,"Johnson&Johnson, Moderna, Oxford/AstraZeneca, Pfizer/BioNTech",6119050,6013480,12132530
2021-10-08,"Johnson&Johnson, Moderna, Oxford/AstraZeneca, Pfizer/BioNTech",6123843,6020118,12143961
2021-10-09,"Johnson&Johnson, Moderna, Oxford/AstraZeneca, Pfizer/BioNTech",6125086,6021774,12146860
2021-10-10,"Johnson&Johnson, Moderna, Oxford/AstraZeneca, Pfizer/BioNTech",6126028,6022604,12148632
2021-10-11,"Johnson&Johnson, Moderna, Oxford/AstraZeneca, Pfizer/BioNTech",6128958,6027016,12155974
2021-10-12,"Johnson&Johnson, Moderna, Oxford/AstraZeneca, Pfizer/BioNTech",6131887,6031018,12162905
2021-10-13,"Johnson&Johnson, Moderna, Oxford/AstraZeneca, Pfizer/BioNTech",6135418,6035198,12170616
2021-10-14,"Johnson&Johnson, Moderna, Oxford/AstraZeneca, Pfizer/BioNTech",6139089,6040145,12179234
2021-10-15,"Johnson&Johnson, Moderna, Oxford/AstraZeneca, Pfizer/BioNTech",6144318,6046289,12190607
2021-10-16,"Johnson&Johnson, Moderna, Oxford/AstraZeneca, Pfizer/BioNTech",6145732,6047814,12193546
2021-10-17,"Johnson&Johnson, Moderna, Pfizer/BioNTech",6147057,6048867,12195924
2021-10-18,"Johnson&Johnson, Moderna, Oxford/AstraZeneca, Pfizer/BioNTech",6151172,6052958,12204130
2021-10-19,"Johnson&Johnson, Moderna, Oxford/AstraZeneca, Pfizer/BioNTech",6154749,6055053,12209802
2021-10-20,"Johnson&Johnson, Moderna, Oxford/AstraZeneca, Pfizer/BioNTech",6159629,6059501,12219130
2021-10-21,"Johnson&Johnson, Moderna, Oxford/AstraZeneca, Pfizer/BioNTech",6167397,6065101,12232498
2021-10-22,"Johnson&Johnson, Moderna, Oxford/AstraZeneca, Pfizer/BioNTech",6177851,6071605,12249456
2021-10-23,"Johnson&Johnson, Moderna, Oxford/AstraZeneca, Pfizer/BioNTech",6181526,6073811,12255337
2021-10-24,"Johnson&Johnson, Moderna, Oxford/AstraZeneca, Pfizer/BioNTech",6184207,6075587,12259794
2021-10-25,"Johnson&Johnson, Moderna, Oxford/AstraZeneca, Pfizer/BioNTech",6194705,6081391,12276096
2021-10-26,"Johnson&Johnson, Moderna, Oxford/AstraZeneca, Pfizer/BioNTech",6206696,6087939,12294635
2021-10-27,"Johnson&Johnson, Moderna, Oxford/AstraZeneca, Pfizer/BioNTech",6221304,6095341,12316645
2021-10-28,"Johnson&Johnson, Moderna, Oxford/AstraZeneca, Pfizer/BioNTech",6224722,6097020,12321742
2021-10-29,"Johnson&Johnson, Moderna, Oxford/AstraZeneca, Pfizer/BioNTech",6239155,6105000,12344155
2021-10-30,"Johnson&Johnson, Moderna, Oxford/AstraZeneca, Pfizer/BioNTech",6243685,6107924,12351609
2021-10-31,"Johnson&Johnson, Moderna, Oxford/AstraZeneca, Pfizer/BioNTech",6247447,6110395,12357842
2021-11-01,"Johnson&Johnson, Moderna, Oxford/AstraZeneca, Pfizer/BioNTech",6262649,6118078,12380727
2021-11-02,"Johnson&Johnson, Moderna, Oxford/AstraZeneca, Pfizer/BioNTech",6278101,6125631,12403732
2021-11-03,"Johnson&Johnson, Moderna, Oxford/AstraZeneca, Pfizer/BioNTech",6295281,6132926,12428207
2021-11-04,"Johnson&Johnson, Moderna, Oxford/AstraZeneca, Pfizer/BioNTech",6313633,6141093,12454726
2021-11-05,"Johnson&Johnson, Moderna, Oxford/AstraZeneca, Pfizer/BioNTech",6336429,6152371,12488800
2021-11-06,"Johnson&Johnson, Moderna, Pfizer/BioNTech",6342942,6155423,12498365
2021-11-07,"Johnson&Johnson, Moderna, Oxford/AstraZeneca, Pfizer/BioNTech",6346964,6157860,12504824
2021-11-08,"Johnson&Johnson, Moderna, Oxford/AstraZeneca, Pfizer/BioNTech",6363234,6165492,12528726
2021-11-09,"Johnson&Johnson, Moderna, Oxford/AstraZeneca, Pfizer/BioNTech",6378043,6172787,12550830
2021-11-10,"Johnson&Johnson, Moderna, Oxford/AstraZeneca, Pfizer/BioNTech",6393784,6180162,12573946
2021-11-11,"Johnson&Johnson, Moderna, Oxford/AstraZeneca, Pfizer/BioNTech",6409253,6189268,12598521
2021-11-12,"Johnson&Johnson, Moderna, Oxford/AstraZeneca, Pfizer/BioNTech",6429060,6202065,12631125
2021-11-13,"Johnson&Johnson, Moderna, Oxford/AstraZeneca, Pfizer/BioNTech",6434452,6205934,12640386
2021-11-14,"Johnson&Johnson, Moderna, Oxford/AstraZeneca, Pfizer/BioNTech",6438344,6208937,12647281
2021-11-15,"Johnson&Johnson, Moderna, Oxford/AstraZeneca, Pfizer/BioNTech",6453422,6219627,12673049
2021-11-16,"Johnson&Johnson, Moderna, Oxford/AstraZeneca, Pfizer/BioNTech",6470963,6231607,12702570
2021-11-17,"Johnson&Johnson, Moderna, Oxford/AstraZeneca, Pfizer/BioNTech",6475205,6235170,12710375
2021-11-18,"Johnson&Johnson, Moderna, Oxford/AstraZeneca, Pfizer/BioNTech",6494621,6246855,12741476
2021-11-19,"Johnson&Johnson, Moderna, Oxford/AstraZeneca, Pfizer/BioNTech",6519231,6263823,12783054
2021-11-20,"Johnson&Johnson, Moderna, Pfizer/BioNTech",6527803,6268802,12796605
2021-11-21,"Johnson&Johnson, Moderna, Pfizer/BioNTech",6534574,6272573,12807147
2021-11-22,"Johnson&Johnson, Moderna, Oxford/AstraZeneca, Pfizer/BioNTech",6553091,6286684,12839775
2021-11-23,"Johnson&Johnson, Moderna, Oxford/AstraZeneca, Pfizer/BioNTech",6572156,6299942,12872098
2021-11-24,"Johnson&Johnson, Moderna, Oxford/AstraZeneca, Pfizer/BioNTech",6591169,6315784,12906953
2021-11-25,"Johnson&Johnson, Moderna, Oxford/AstraZeneca, Pfizer/BioNTech",6610321,6330810,12941131
2021-11-26,"Johnson&Johnson, Moderna, Oxford/AstraZeneca, Pfizer/BioNTech",6631976,6349946,12981922
2021-11-27,"Johnson&Johnson, Moderna, Oxford/AstraZeneca, Pfizer/BioNTech",6639447,6355500,12994947
2021-11-28,"Johnson&Johnson, Moderna, Oxford/AstraZeneca, Pfizer/BioNTech",6642784,6358634,13001418
2021-11-29,"Johnson&Johnson, Moderna, Oxford/AstraZeneca, Pfizer/BioNTech",6657993,6372290,13030283
2021-11-30,"Johnson&Johnson, Moderna, Oxford/AstraZeneca, Pfizer/BioNTech",6671197,6383524,13054721
2021-12-01,"Johnson&Johnson, Moderna, Oxford/AstraZeneca, Pfizer/BioNTech",6685227,6395976,13081203
2021-12-02,"Johnson&Johnson, Moderna, Oxford/AstraZeneca, Pfizer/BioNTech",6695863,6408468,13104331
2021-12-03,"Johnson&Johnson, Moderna, Oxford/AstraZeneca, Pfizer/BioNTech",6705508,6424038,13129546
2021-12-04,"Johnson&Johnson, Moderna, Pfizer/BioNTech",6708070,6427985,13136055
2021-12-05,"Johnson&Johnson, Moderna, Oxford/AstraZeneca, Pfizer/BioNTech",6709433,6430325,13139758
2021-12-06,"Johnson&Johnson, Moderna, Oxford/AstraZeneca, Pfizer/BioNTech",6717596,6441847,13159443
2021-12-07,"Johnson&Johnson, Moderna, Oxford/AstraZeneca, Pfizer/BioNTech",6725485,6453851,13179336
2021-12-08,"Johnson&Johnson, Moderna, Oxford/AstraZeneca, Pfizer/BioNTech",6733734,6459774,13193508
2021-12-09,"Johnson&Johnson, Moderna, Oxford/AstraZeneca, Pfizer/BioNTech",6740857,6472593,13213450
2021-12-10,"Johnson&Johnson, Moderna, Oxford/AstraZeneca, Pfizer/BioNTech",6747791,6490397,13238188
2021-12-11,"Johnson&Johnson, Moderna, Pfizer/BioNTech",6749452,6495668,13245120
2021-12-12,"Johnson&Johnson, Moderna, Oxford/AstraZeneca, Pfizer/BioNTech",6750761,6500100,13250861
2021-12-13,"Johnson&Johnson, Moderna, Oxford/AstraZeneca, Pfizer/BioNTech",6757116,6513409,13270525
2021-12-14,"Johnson&Johnson, Moderna, Oxford/AstraZeneca, Pfizer/BioNTech",6763342,6527077,13290419
2021-12-15,"Johnson&Johnson, Moderna, Oxford/AstraZeneca, Pfizer/BioNTech",6769544,6540678,13310222
2021-12-16,"Johnson&Johnson, Moderna, Oxford/AstraZeneca, Pfizer/BioNTech",6776483,6555513,13331996
2021-12-17,"Johnson&Johnson, Moderna, Oxford/AstraZeneca, Pfizer/BioNTech",6784854,6572771,13357625
2021-12-18,"Johnson&Johnson, Moderna, Oxford/AstraZeneca, Pfizer/BioNTech",6787464,6578219,13365683
2021-12-19,"Johnson&Johnson, Moderna, Pfizer/BioNTech",6789236,6580721,13369957
2021-12-20,"Johnson&Johnson, Moderna, Oxford/AstraZeneca, Pfizer/BioNTech",6795050,6594778,13389828
2021-12-21,"Johnson&Johnson, Moderna, Oxford/AstraZeneca, Pfizer/BioNTech",6801718,6606764,13408482
2021-12-22,"Johnson&Johnson, Moderna, Oxford/AstraZeneca, Pfizer/BioNTech",6806778,6619811,13426589
2021-12-23,"Johnson&Johnson, Moderna, Oxford/AstraZeneca, Pfizer/BioNTech",6809644,6625411,13435055
2021-12-24,"Johnson&Johnson, Moderna, Oxford/AstraZeneca, Pfizer/BioNTech",6809690,6625511,13435201
2021-12-25,"Moderna, Pfizer/BioNTech",6809691,6625518,13435209
2021-12-26,"Moderna, Pfizer/BioNTech",6809790,6625721,13435511
2021-12-27,"Johnson&Johnson, Moderna, Pfizer/BioNTech",6813655,6635456,13449111
2021-12-28,"Johnson&Johnson, Moderna, Oxford/AstraZeneca, Pfizer/BioNTech",6818892,6643437,13462329
2021-12-29,"Johnson&Johnson, Moderna, Oxford/AstraZeneca, Pfizer/BioNTech",6823172,6651147,13474319
2021-12-30,"Johnson&Johnson, Moderna, Pfizer/BioNTech",6827471,6656573,13484044
2021-12-31,"Johnson&Johnson, Moderna, Pfizer/BioNTech",6827978,6657990,13485968
2022-01-01,"Johnson&Johnson, Moderna, Pfizer/BioNTech",6827983,6658008,13485991
2022-01-02,"Johnson&Johnson, Moderna, Pfizer/BioNTech",6828834,6659390,13488224
2022-01-03,"Johnson&Johnson, Moderna, Oxford/AstraZeneca, Pfizer/BioNTech",6832952,6668288,13501240
2022-01-04,"Johnson&Johnson, Moderna, Oxford/AstraZeneca, Pfizer/BioNTech",6838037,6676062,13514099
2022-01-05,"Johnson&Johnson, Moderna, Oxford/AstraZeneca, Pfizer/BioNTech",6843837,6684024,13527861
2022-01-06,"Johnson&Johnson, Moderna, Oxford/AstraZeneca, Pfizer/BioNTech",6850418,6692447,13542865
2022-01-07,"Johnson&Johnson, Moderna, Oxford/AstraZeneca, Pfizer/BioNTech",6858275,6702790,13561065
2022-01-08,"Johnson&Johnson, Moderna, Oxford/AstraZeneca, Pfizer/BioNTech",6860757,6705572,13566329
2022-01-09,"Johnson&Johnson, Moderna, Pfizer/BioNTech",6861839,6707274,13569113
2022-01-10,"Johnson&Johnson, Moderna, Oxford/AstraZeneca, Pfizer/BioNTech",6866312,6713444,13579756
2022-01-11,"Johnson&Johnson, Moderna, Oxford/AstraZeneca, Pfizer/BioNTech",6871734,6720203,13591937
2022-01-12,"Johnson&Johnson, Moderna, Oxford/AstraZeneca, Pfizer/BioNTech",6877681,6725845,13603526
2022-01-13,"Johnson&Johnson, Moderna, Oxford/AstraZeneca, Pfizer/BioNTech",6883550,6730609,13614159
2022-01-14,"Johnson&Johnson, Moderna, Oxford/AstraZeneca, Pfizer/BioNTech",6889827,6734254,13624081
2022-01-15,"Johnson&Johnson, Moderna, Oxford/AstraZeneca, Pfizer/BioNTech",6891100,6734909,13626009
2022-01-16,"Johnson&Johnson, Moderna, Oxford/AstraZeneca, Pfizer/BioNTech",6891785,6735349,13627134
2022-01-17,"Johnson&Johnson, Moderna, Oxford/AstraZeneca, Pfizer/BioNTech",6895280,6739296,13634576
2022-01-18,"Johnson&Johnson, Moderna, Oxford/AstraZeneca, Pfizer/BioNTech",6899155,6744245,13643400
2022-01-19,"Johnson&Johnson, Moderna, Oxford/AstraZeneca, Pfizer/BioNTech",6903200,6748174,13651374
2022-01-20,"Johnson&Johnson, Moderna, Oxford/AstraZeneca, Pfizer/BioNTech",6906786,6752589,13659375
2022-01-21,"Johnson&Johnson, Moderna, Oxford/AstraZeneca, Pfizer/BioNTech",6910780,6755108,13665888
2022-01-22,"Johnson&Johnson, Moderna, Oxford/AstraZeneca, Pfizer/BioNTech",6911560,6755547,13667107
2022-01-23,"Johnson&Johnson, Moderna, Pfizer/BioNTech",6912120,6756181,13668301
2022-01-24,"Johnson&Johnson, Moderna, Oxford/AstraZeneca, Pfizer/BioNTech",6914383,6759603,13673986
2022-01-25,"Johnson&Johnson, Moderna, Oxford/AstraZeneca, Pfizer/BioNTech",6916734,6763580,13680314
2022-01-26,"Johnson&Johnson, Moderna, Oxford/AstraZeneca, Pfizer/BioNTech",6919129,6768136,13687265
2022-01-27,"Johnson&Johnson, Moderna, Oxford/AstraZeneca, Pfizer/BioNTech",6921481,6772952,13694433
2022-01-28,"Johnson&Johnson, Moderna, Oxford/AstraZeneca, Pfizer/BioNTech",6924398,6779075,13703473
2022-01-29,"Johnson&Johnson, Moderna, Pfizer/BioNTech",6925000,6780719,13705719
2022-01-30,"Johnson&Johnson, Moderna, Pfizer/BioNTech",6925227,6781493,13706720
2022-01-31,"Johnson&Johnson, Moderna, Pfizer/BioNTech",6926741,6785383,13712124
2022-02-01,"Johnson&Johnson, Moderna, Pfizer/BioNTech",6928295,6789369,13717664
2022-02-02,"Johnson&Johnson, Moderna, Pfizer/BioNTech",6929847,6793829,13723676
2022-02-03,"Johnson&Johnson, Moderna, Pfizer/BioNTech",6931202,6798255,13729457
2022-02-04,"Johnson&Johnson, Moderna, Pfizer/BioNTech",6932735,6803259,13735994
2022-02-05,"Johnson&Johnson, Moderna, Pfizer/BioNTech",6932918,6803868,13736786
2022-02-06,"Johnson&Johnson, Moderna, Pfizer/BioNTech",6933008,6804183,13737191
