date,vaccine,people_vaccinated,people_fully_vaccinated,total_vaccinations
2020-12-27,Pfizer/BioNTech,1275,0,1275
2020-12-28,Pfizer/BioNTech,3575,0,3575
2020-12-29,Pfizer/BioNTech,7031,0,7031
2020-12-30,Pfizer/BioNTech,10523,0,10523
2020-12-31,Pfizer/BioNTech,11828,0,11828
2021-01-01,"Moderna, Pfizer/BioNTech",12093,0,12093
2021-01-02,Pfizer/BioNTech,13366,0,13366
2021-01-03,Pfizer/BioNTech,14285,0,14285
2021-01-04,"Moderna, Pfizer/BioNTech",17879,0,17879
2021-01-05,"Moderna, Pfizer/BioNTech",22380,0,22380
2021-01-06,Pfizer/BioNTech,28218,0,28218
2021-01-07,Pfizer/BioNTech,36182,0,36182
2021-01-08,Pfizer/BioNTech,46153,0,46153
2021-01-09,Pfizer/BioNTech,48171,0,48171
2021-01-10,Pfizer/BioNTech,49929,2,49931
2021-01-11,Pfizer/BioNTech,59746,4,59750
2021-01-12,Pfizer/BioNTech,73146,6,73152
2021-01-13,Pfizer/BioNTech,86642,6,86648
2021-01-14,"Moderna, Pfizer/BioNTech",101832,8,101840
2021-01-15,"Moderna, Pfizer/BioNTech",115794,8,115802
2021-01-16,"Moderna, Pfizer/BioNTech",119172,10,119182
2021-01-17,"Moderna, Pfizer/BioNTech",121775,651,122426
2021-01-18,"Moderna, Pfizer/BioNTech",134242,2472,136714
2021-01-19,"Moderna, Pfizer/BioNTech",146792,5184,151976
2021-01-20,"Moderna, Pfizer/BioNTech",160421,7828,168249
2021-01-21,"Moderna, Pfizer/BioNTech",176019,9559,185578
2021-01-22,"Moderna, Pfizer/BioNTech",190835,10602,201437
2021-01-23,"Moderna, Pfizer/BioNTech",194128,11473,205601
2021-01-24,"Moderna, Pfizer/BioNTech",196371,12342,208713
2021-01-25,"Moderna, Pfizer/BioNTech",205986,15311,221297
2021-01-26,"Moderna, Pfizer/BioNTech",216496,19280,235776
2021-01-27,"Moderna, Pfizer/BioNTech",225499,23793,249292
2021-01-28,"Moderna, Pfizer/BioNTech",232560,29901,262461
2021-01-29,"Moderna, Pfizer/BioNTech",238754,37770,276524
2021-01-30,"Moderna, Pfizer/BioNTech",239484,38857,278341
2021-01-31,"Moderna, Pfizer/BioNTech",240190,40035,280225
2021-02-01,"Moderna, Pfizer/BioNTech",244148,47955,292103
2021-02-02,"Moderna, Pfizer/BioNTech",248272,58165,306437
2021-02-03,"Moderna, Pfizer/BioNTech",252672,69140,321812
2021-02-04,"Moderna, Pfizer/BioNTech",257561,82090,339651
2021-02-05,"Moderna, Pfizer/BioNTech",263004,92730,355734
2021-02-06,"Moderna, Pfizer/BioNTech",263844,95077,358921
2021-02-07,"Moderna, Pfizer/BioNTech",264692,97563,362255
2021-02-08,"Moderna, Oxford/AstraZeneca, Pfizer/BioNTech",268737,108937,377674
2021-02-09,"Moderna, Oxford/AstraZeneca, Pfizer/BioNTech",273810,120845,394655
2021-02-10,"Moderna, Pfizer/BioNTech",279290,134041,413331
2021-02-11,"Moderna, Oxford/AstraZeneca, Pfizer/BioNTech",285582,150204,435786
2021-02-12,"Moderna, Oxford/AstraZeneca, Pfizer/BioNTech",292309,164876,457185
2021-02-13,"Moderna, Oxford/AstraZeneca, Pfizer/BioNTech",293895,167853,461748
2021-02-14,"Moderna, Oxford/AstraZeneca, Pfizer/BioNTech",294886,169227,464113
2021-02-15,"Moderna, Oxford/AstraZeneca, Pfizer/BioNTech",301271,178554,479825
2021-02-16,"Moderna, Oxford/AstraZeneca, Pfizer/BioNTech",309969,187596,497565
2021-02-17,"Moderna, Oxford/AstraZeneca, Pfizer/BioNTech",319647,195865,515512
2021-02-18,"Moderna, Oxford/AstraZeneca, Pfizer/BioNTech",331933,203897,535830
2021-02-19,"Moderna, Oxford/AstraZeneca, Pfizer/BioNTech",343766,211206,554972
2021-02-20,"Moderna, Oxford/AstraZeneca, Pfizer/BioNTech",345740,212377,558117
2021-02-21,"Moderna, Oxford/AstraZeneca, Pfizer/BioNTech",346846,213390,560236
2021-02-22,"Moderna, Oxford/AstraZeneca, Pfizer/BioNTech",356943,219389,576332
2021-02-23,"Moderna, Oxford/AstraZeneca, Pfizer/BioNTech",369842,226336,596178
2021-02-24,"Moderna, Oxford/AstraZeneca, Pfizer/BioNTech",383684,232341,616025
2021-02-25,"Moderna, Oxford/AstraZeneca, Pfizer/BioNTech",401627,237870,639497
2021-02-26,"Moderna, Oxford/AstraZeneca, Pfizer/BioNTech",417760,243191,660951
2021-02-27,"Moderna, Oxford/AstraZeneca, Pfizer/BioNTech",420760,243740,664500
2021-02-28,"Moderna, Oxford/AstraZeneca, Pfizer/BioNTech",423103,244285,667388
2021-03-01,"Moderna, Oxford/AstraZeneca, Pfizer/BioNTech",442603,247698,690301
2021-03-02,"Moderna, Oxford/AstraZeneca, Pfizer/BioNTech",469775,251229,721004
2021-03-03,"Moderna, Oxford/AstraZeneca, Pfizer/BioNTech",500541,255713,756254
2021-03-04,"Moderna, Oxford/AstraZeneca, Pfizer/BioNTech",533689,260373,794062
2021-03-05,"Johnson&Johnson, Moderna, Oxford/AstraZeneca, Pfizer/BioNTech",562412,265759,828171
2021-03-06,"Johnson&Johnson, Moderna, Oxford/AstraZeneca, Pfizer/BioNTech",574513,266600,841113
2021-03-07,"Johnson&Johnson, Moderna, Oxford/AstraZeneca, Pfizer/BioNTech",585912,267432,853344
2021-03-08,"Johnson&Johnson, Moderna, Oxford/AstraZeneca, Pfizer/BioNTech",615521,272249,887770
2021-03-09,"Johnson&Johnson, Moderna, Oxford/AstraZeneca, Pfizer/BioNTech",651702,278602,930304
2021-03-10,"Moderna, Oxford/AstraZeneca, Pfizer/BioNTech",692847,285537,978384
2021-03-11,"Moderna, Oxford/AstraZeneca, Pfizer/BioNTech",737520,293877,1031397
2021-03-12,"Moderna, Oxford/AstraZeneca, Pfizer/BioNTech",776159,302318,1078477
2021-03-13,"Moderna, Oxford/AstraZeneca, Pfizer/BioNTech",793192,303603,1096795
2021-03-14,"Moderna, Oxford/AstraZeneca, Pfizer/BioNTech",805265,304737,1110002
2021-03-15,"Moderna, Oxford/AstraZeneca, Pfizer/BioNTech",833550,313497,1147047
2021-03-16,"Johnson&Johnson, Moderna, Oxford/AstraZeneca, Pfizer/BioNTech",872355,323998,1196353
2021-03-17,"Moderna, Oxford/AstraZeneca, Pfizer/BioNTech",909755,334468,1244223
2021-03-18,"Johnson&Johnson, Moderna, Oxford/AstraZeneca, Pfizer/BioNTech",947598,346849,1294447
2021-03-19,"Moderna, Oxford/AstraZeneca, Pfizer/BioNTech",981937,360427,1342364
2021-03-20,"Johnson&Johnson, Moderna, Oxford/AstraZeneca, Pfizer/BioNTech",997032,362439,1359471
2021-03-21,"Johnson&Johnson, Moderna, Oxford/AstraZeneca, Pfizer/BioNTech",1004417,363982,1368399
2021-03-22,"Johnson&Johnson, Moderna, Oxford/AstraZeneca, Pfizer/BioNTech",1028823,376440,1405263
2021-03-23,"Johnson&Johnson, Moderna, Oxford/AstraZeneca, Pfizer/BioNTech",1055334,389754,1445088
2021-03-24,"Moderna, Oxford/AstraZeneca, Pfizer/BioNTech",1082128,405441,1487569
2021-03-25,"Moderna, Oxford/AstraZeneca, Pfizer/BioNTech",1108391,423255,1531646
2021-03-26,"Moderna, Oxford/AstraZeneca, Pfizer/BioNTech",1133125,440711,1573836
2021-03-27,"Johnson&Johnson, Moderna, Oxford/AstraZeneca, Pfizer/BioNTech",1141532,445539,1587071
2021-03-28,"Moderna, Oxford/AstraZeneca, Pfizer/BioNTech",1147064,449668,1596732
2021-03-29,"Johnson&Johnson, Moderna, Oxford/AstraZeneca, Pfizer/BioNTech",1166084,470314,1636398
2021-03-30,"Moderna, Oxford/AstraZeneca, Pfizer/BioNTech",1190695,492427,1683122
2021-03-31,"Johnson&Johnson, Moderna, Oxford/AstraZeneca, Pfizer/BioNTech",1213703,519432,1733135
2021-04-01,"Johnson&Johnson, Moderna, Oxford/AstraZeneca, Pfizer/BioNTech",1239231,551360,1790591
2021-04-02,"Johnson&Johnson, Moderna, Oxford/AstraZeneca, Pfizer/BioNTech",1246087,564129,1810216
2021-04-03,"Johnson&Johnson, Moderna, Oxford/AstraZeneca, Pfizer/BioNTech",1249667,575027,1824694
2021-04-04,"Moderna, Oxford/AstraZeneca, Pfizer/BioNTech",1252136,583816,1835952
2021-04-05,"Johnson&Johnson, Moderna, Oxford/AstraZeneca, Pfizer/BioNTech",1254485,590978,1845463
2021-04-06,"Johnson&Johnson, Moderna, Oxford/AstraZeneca, Pfizer/BioNTech",1270540,620160,1890700
2021-04-07,"Johnson&Johnson, Moderna, Oxford/AstraZeneca, Pfizer/BioNTech",1293864,642276,1936140
2021-04-08,"Johnson&Johnson, Moderna, Oxford/AstraZeneca, Pfizer/BioNTech",1332339,673133,2005472
2021-04-09,"Johnson&Johnson, Moderna, Oxford/AstraZeneca, Pfizer/BioNTech",1371565,703137,2074702
2021-04-10,"Johnson&Johnson, Moderna, Oxford/AstraZeneca, Pfizer/BioNTech",1386928,718403,2105331
2021-04-11,"Johnson&Johnson, Moderna, Oxford/AstraZeneca, Pfizer/BioNTech",1396646,728412,2125058
2021-04-12,"Johnson&Johnson, Moderna, Oxford/AstraZeneca, Pfizer/BioNTech",1434699,753383,2188082
2021-04-13,"Moderna, Oxford/AstraZeneca, Pfizer/BioNTech",1470776,779289,2250065
2021-04-14,"Moderna, Oxford/AstraZeneca, Pfizer/BioNTech",1509465,806595,2316060
2021-04-15,"Moderna, Oxford/AstraZeneca, Pfizer/BioNTech",1557141,832264,2389405
2021-04-16,"Moderna, Oxford/AstraZeneca, Pfizer/BioNTech",1601647,857844,2459491
2021-04-17,"Moderna, Oxford/AstraZeneca, Pfizer/BioNTech",1618239,866846,2485085
2021-04-18,"Moderna, Oxford/AstraZeneca, Pfizer/BioNTech",1631169,871813,2502982
2021-04-19,"Moderna, Oxford/AstraZeneca, Pfizer/BioNTech",1675045,887194,2562239
2021-04-20,"Johnson&Johnson, Moderna, Oxford/AstraZeneca, Pfizer/BioNTech",1717136,902998,2620134
2021-04-21,"Moderna, Oxford/AstraZeneca, Pfizer/BioNTech",1764805,917248,2682053
2021-04-22,"Johnson&Johnson, Moderna, Oxford/AstraZeneca, Pfizer/BioNTech",1819227,934581,2753808
2021-04-23,"Johnson&Johnson, Moderna, Oxford/AstraZeneca, Pfizer/BioNTech",1869134,946553,2815687
2021-04-24,"Johnson&Johnson, Moderna, Oxford/AstraZeneca, Pfizer/BioNTech",1886927,951767,2838694
2021-04-25,"Johnson&Johnson, Moderna, Oxford/AstraZeneca, Pfizer/BioNTech",1901584,955756,2857340
2021-04-26,"Johnson&Johnson, Moderna, Oxford/AstraZeneca, Pfizer/BioNTech",1951130,963275,2914405
2021-04-27,"Johnson&Johnson, Moderna, Oxford/AstraZeneca, Pfizer/BioNTech",2000050,975429,2975479
2021-04-28,"Johnson&Johnson, Moderna, Oxford/AstraZeneca, Pfizer/BioNTech",2058753,989365,3048118
2021-04-29,"Johnson&Johnson, Moderna, Oxford/AstraZeneca, Pfizer/BioNTech",2124249,1005170,3129419
2021-04-30,"Johnson&Johnson, Moderna, Oxford/AstraZeneca, Pfizer/BioNTech",2186405,1015065,3201470
2021-05-01,"Johnson&Johnson, Moderna, Oxford/AstraZeneca, Pfizer/BioNTech",2205688,1018469,3224157
2021-05-02,"Johnson&Johnson, Moderna, Oxford/AstraZeneca, Pfizer/BioNTech",2224567,1020710,3245277
2021-05-03,"Johnson&Johnson, Moderna, Oxford/AstraZeneca, Pfizer/BioNTech",2291765,1025739,3317504
2021-05-04,"Johnson&Johnson, Moderna, Oxford/AstraZeneca, Pfizer/BioNTech",2358174,1034001,3392175
2021-05-05,"Johnson&Johnson, Moderna, Oxford/AstraZeneca, Pfizer/BioNTech",2431271,1043335,3474606
2021-05-06,"Johnson&Johnson, Moderna, Oxford/AstraZeneca, Pfizer/BioNTech",2511602,1053940,3565542
2021-05-07,"Johnson&Johnson, Moderna, Oxford/AstraZeneca, Pfizer/BioNTech",2588829,1063928,3652757
2021-05-08,"Johnson&Johnson, Moderna, Oxford/AstraZeneca, Pfizer/BioNTech",2618217,1065645,3683862
2021-05-09,"Johnson&Johnson, Moderna, Oxford/AstraZeneca, Pfizer/BioNTech",2642372,1066832,3709204
2021-05-10,"Johnson&Johnson, Moderna, Oxford/AstraZeneca, Pfizer/BioNTech",2715063,1073959,3789022
2021-05-11,"Johnson&Johnson, Moderna, Oxford/AstraZeneca, Pfizer/BioNTech",2791108,1082707,3873815
2021-05-12,"Johnson&Johnson, Moderna, Oxford/AstraZeneca, Pfizer/BioNTech",2870904,1091721,3962625
2021-05-13,"Johnson&Johnson, Moderna, Oxford/AstraZeneca, Pfizer/BioNTech",2954867,1100822,4055689
2021-05-14,"Johnson&Johnson, Moderna, Oxford/AstraZeneca, Pfizer/BioNTech",3034217,1108542,4142759
2021-05-15,"Johnson&Johnson, Moderna, Oxford/AstraZeneca, Pfizer/BioNTech",3066041,1110715,4176756
2021-05-16,"Johnson&Johnson, Moderna, Oxford/AstraZeneca, Pfizer/BioNTech",3091779,1111923,4203702
2021-05-17,"Johnson&Johnson, Moderna, Oxford/AstraZeneca, Pfizer/BioNTech",3164244,1118586,4282830
2021-05-18,"Johnson&Johnson, Moderna, Oxford/AstraZeneca, Pfizer/BioNTech",3236137,1131541,4367678
2021-05-19,"Johnson&Johnson, Moderna, Oxford/AstraZeneca, Pfizer/BioNTech",3313541,1146588,4460129
2021-05-20,"Johnson&Johnson, Moderna, Oxford/AstraZeneca, Pfizer/BioNTech",3388926,1173491,4562417
2021-05-21,"Johnson&Johnson, Moderna, Oxford/AstraZeneca, Pfizer/BioNTech",3457661,1201111,4658772
2021-05-22,"Johnson&Johnson, Moderna, Oxford/AstraZeneca, Pfizer/BioNTech",3489978,1212177,4702155
2021-05-23,"Johnson&Johnson, Moderna, Oxford/AstraZeneca, Pfizer/BioNTech",3512268,1221137,4733405
2021-05-24,"Johnson&Johnson, Moderna, Oxford/AstraZeneca, Pfizer/BioNTech",3559322,1254620,4813942
2021-05-25,"Johnson&Johnson, Moderna, Oxford/AstraZeneca, Pfizer/BioNTech",3611117,1290265,4901382
2021-05-26,"Johnson&Johnson, Moderna, Oxford/AstraZeneca, Pfizer/BioNTech",3678799,1327660,5006459
2021-05-27,"Johnson&Johnson, Moderna, Oxford/AstraZeneca, Pfizer/BioNTech",3740127,1374884,5115011
2021-05-28,"Johnson&Johnson, Moderna, Oxford/AstraZeneca, Pfizer/BioNTech",3801773,1421289,5223062
2021-05-29,"Johnson&Johnson, Moderna, Oxford/AstraZeneca, Pfizer/BioNTech",3830907,1438331,5269238
2021-05-30,"Johnson&Johnson, Moderna, Oxford/AstraZeneca, Pfizer/BioNTech",3853231,1452711,5305942
2021-05-31,"Johnson&Johnson, Moderna, Oxford/AstraZeneca, Pfizer/BioNTech",3908917,1500073,5408990
2021-06-01,"Johnson&Johnson, Moderna, Oxford/AstraZeneca, Pfizer/BioNTech",3967901,1548387,5516288
2021-06-02,"Johnson&Johnson, Moderna, Oxford/AstraZeneca, Pfizer/BioNTech",4030733,1602260,5632993
2021-06-03,"Johnson&Johnson, Moderna, Oxford/AstraZeneca, Pfizer/BioNTech",4088929,1662356,5751285
2021-06-04,"Johnson&Johnson, Moderna, Oxford/AstraZeneca, Pfizer/BioNTech",4151982,1719644,5871626
2021-06-05,"Johnson&Johnson, Moderna, Oxford/AstraZeneca, Pfizer/BioNTech",4186100,1738401,5924501
2021-06-06,"Johnson&Johnson, Moderna, Oxford/AstraZeneca, Pfizer/BioNTech",4212994,1753463,5966457
2021-06-07,"Johnson&Johnson, Moderna, Oxford/AstraZeneca, Pfizer/BioNTech",4276639,1809000,6085639
2021-06-08,"Johnson&Johnson, Moderna, Oxford/AstraZeneca, Pfizer/BioNTech",4340575,1863877,6204452
2021-06-09,"Johnson&Johnson, Moderna, Oxford/AstraZeneca, Pfizer/BioNTech",4399684,1928181,6327865
2021-06-10,"Johnson&Johnson, Moderna, Oxford/AstraZeneca, Pfizer/BioNTech",4453483,1999144,6452627
2021-06-11,"Johnson&Johnson, Moderna, Oxford/AstraZeneca, Pfizer/BioNTech",4505543,2068724,6574267
2021-06-12,"Johnson&Johnson, Moderna, Oxford/AstraZeneca, Pfizer/BioNTech",4537490,2089440,6626930
2021-06-13,"Johnson&Johnson, Moderna, Oxford/AstraZeneca, Pfizer/BioNTech",4561479,2107777,6669256
2021-06-14,"Johnson&Johnson, Moderna, Oxford/AstraZeneca, Pfizer/BioNTech",4604430,2182015,6786445
2021-06-15,"Johnson&Johnson, Moderna, Oxford/AstraZeneca, Pfizer/BioNTech",4649045,2254203,6903248
2021-06-16,"Johnson&Johnson, Moderna, Oxford/AstraZeneca, Pfizer/BioNTech",4691733,2332254,7023987
2021-06-17,"Johnson&Johnson, Moderna, Oxford/AstraZeneca, Pfizer/BioNTech",4731074,2415177,7146251
2021-06-18,"Johnson&Johnson, Moderna, Oxford/AstraZeneca, Pfizer/BioNTech",4773417,2495522,7268939
2021-06-19,"Johnson&Johnson, Moderna, Oxford/AstraZeneca, Pfizer/BioNTech",4795129,2524722,7319851
2021-06-20,"Johnson&Johnson, Moderna, Oxford/AstraZeneca, Pfizer/BioNTech",4812480,2548463,7360943
2021-06-21,"Johnson&Johnson, Moderna, Oxford/AstraZeneca, Pfizer/BioNTech",4844959,2626880,7471839
2021-06-22,"Johnson&Johnson, Moderna, Oxford/AstraZeneca, Pfizer/BioNTech",4877888,2708981,7586869
2021-06-23,"Johnson&Johnson, Moderna, Oxford/AstraZeneca, Pfizer/BioNTech",4909513,2794065,7703578
2021-06-24,"Johnson&Johnson, Moderna, Oxford/AstraZeneca, Pfizer/BioNTech",4939319,2883971,7823290
2021-06-25,"Johnson&Johnson, Moderna, Oxford/AstraZeneca, Pfizer/BioNTech",4970327,2969932,7940259
2021-06-26,"Johnson&Johnson, Moderna, Oxford/AstraZeneca, Pfizer/BioNTech",4986161,3004649,7990810
2021-06-27,"Johnson&Johnson, Moderna, Oxford/AstraZeneca, Pfizer/BioNTech",5000094,3031211,8031305
2021-06-28,"Johnson&Johnson, Moderna, Oxford/AstraZeneca, Pfizer/BioNTech",5028480,3116260,8144740
2021-06-29,"Johnson&Johnson, Moderna, Oxford/AstraZeneca, Pfizer/BioNTech",5057701,3202607,8260308
2021-06-30,"Johnson&Johnson, Moderna, Oxford/AstraZeneca, Pfizer/BioNTech",5085175,3293399,8378574
2021-07-01,"Johnson&Johnson, Moderna, Oxford/AstraZeneca, Pfizer/BioNTech",5109088,3383261,8492349
2021-07-02,"Johnson&Johnson, Moderna, Oxford/AstraZeneca, Pfizer/BioNTech",5135763,3468919,8604682
2021-07-03,"Johnson&Johnson, Moderna, Oxford/AstraZeneca, Pfizer/BioNTech",5142822,3500347,8643169
2021-07-04,"Johnson&Johnson, Moderna, Oxford/AstraZeneca, Pfizer/BioNTech",5150348,3522088,8672436
2021-07-05,"Johnson&Johnson, Moderna, Oxford/AstraZeneca, Pfizer/BioNTech",5157680,3547372,8705052
2021-07-06,"Johnson&Johnson, Moderna, Oxford/AstraZeneca, Pfizer/BioNTech",5163056,3574912,8737968
2021-07-07,"Johnson&Johnson, Moderna, Oxford/AstraZeneca, Pfizer/BioNTech",5188804,3653736,8842540
2021-07-08,"Johnson&Johnson, Moderna, Oxford/AstraZeneca, Pfizer/BioNTech",5215333,3723923,8939256
2021-07-09,"Johnson&Johnson, Moderna, Oxford/AstraZeneca, Pfizer/BioNTech",5243148,3793051,9036199
2021-07-10,"Johnson&Johnson, Moderna, Oxford/AstraZeneca, Pfizer/BioNTech",5252458,3821592,9074050
2021-07-11,"Johnson&Johnson, Moderna, Oxford/AstraZeneca, Pfizer/BioNTech",5260955,3844414,9105369
2021-07-12,"Johnson&Johnson, Moderna, Oxford/AstraZeneca, Pfizer/BioNTech",5288449,3913397,9201846
2021-07-13,"Johnson&Johnson, Moderna, Oxford/AstraZeneca, Pfizer/BioNTech",5314600,3983155,9297755
2021-07-14,"Johnson&Johnson, Moderna, Oxford/AstraZeneca, Pfizer/BioNTech",5340401,4055042,9395443
2021-07-15,"Johnson&Johnson, Moderna, Oxford/AstraZeneca, Pfizer/BioNTech",5369577,4120920,9490497
2021-07-16,"Johnson&Johnson, Moderna, Oxford/AstraZeneca, Pfizer/BioNTech",5397308,4193487,9590795
2021-07-17,"Johnson&Johnson, Moderna, Oxford/AstraZeneca, Pfizer/BioNTech",5406042,4224851,9630893
2021-07-18,"Johnson&Johnson, Moderna, Oxford/AstraZeneca, Pfizer/BioNTech",5414451,4250796,9665247
2021-07-19,"Johnson&Johnson, Moderna, Oxford/AstraZeneca, Pfizer/BioNTech",5437744,4317711,9755455
2021-07-20,"Johnson&Johnson, Moderna, Oxford/AstraZeneca, Pfizer/BioNTech",5459070,4384636,9843706
2021-07-21,"Johnson&Johnson, Moderna, Oxford/AstraZeneca, Pfizer/BioNTech",5482417,4447953,9930370
2021-07-22,"Johnson&Johnson, Moderna, Oxford/AstraZeneca, Pfizer/BioNTech",5504654,4506426,10011080
2021-07-23,"Johnson&Johnson, Moderna, Oxford/AstraZeneca, Pfizer/BioNTech",5527725,4561009,10088734
2021-07-24,"Johnson&Johnson, Moderna, Oxford/AstraZeneca, Pfizer/BioNTech",5535002,4588573,10123575
2021-07-25,"Johnson&Johnson, Moderna, Oxford/AstraZeneca, Pfizer/BioNTech",5541576,4610539,10152115
2021-07-26,"Johnson&Johnson, Moderna, Oxford/AstraZeneca, Pfizer/BioNTech",5565021,4658981,10224002
2021-07-27,"Johnson&Johnson, Moderna, Oxford/AstraZeneca, Pfizer/BioNTech",5587610,4705469,10293079
2021-07-28,"Johnson&Johnson, Moderna, Oxford/AstraZeneca, Pfizer/BioNTech",5608727,4751306,10360033
2021-07-29,"Johnson&Johnson, Moderna, Oxford/AstraZeneca, Pfizer/BioNTech",5629882,4793113,10422995
2021-07-30,"Johnson&Johnson, Moderna, Oxford/AstraZeneca, Pfizer/BioNTech",5653049,4835529,10488578
2021-07-31,"Johnson&Johnson, Moderna, Oxford/AstraZeneca, Pfizer/BioNTech",5661940,4854985,10516925
2021-08-01,"Johnson&Johnson, Moderna, Oxford/AstraZeneca, Pfizer/BioNTech",5668617,4871097,10539714
2021-08-02,"Johnson&Johnson, Moderna, Oxford/AstraZeneca, Pfizer/BioNTech",5687109,4908516,10595625
2021-08-03,"Johnson&Johnson, Moderna, Oxford/AstraZeneca, Pfizer/BioNTech",5704644,4946498,10651142
2021-08-04,"Johnson&Johnson, Moderna, Oxford/AstraZeneca, Pfizer/BioNTech",5720627,4983111,10703738
2021-08-05,"Johnson&Johnson, Moderna, Oxford/AstraZeneca, Pfizer/BioNTech",5736403,5023443,10759846
2021-08-06,"Johnson&Johnson, Moderna, Oxford/AstraZeneca, Pfizer/BioNTech",5752946,5066396,10819342
2021-08-07,"Johnson&Johnson, Moderna, Oxford/AstraZeneca, Pfizer/BioNTech",5758434,5084464,10842898
2021-08-08,"Johnson&Johnson, Moderna, Oxford/AstraZeneca, Pfizer/BioNTech",5762604,5100144,10862748
2021-08-09,"Johnson&Johnson, Moderna, Oxford/AstraZeneca, Pfizer/BioNTech",5775008,5145076,10920084
2021-08-10,"Johnson&Johnson, Moderna, Oxford/AstraZeneca, Pfizer/BioNTech",5786670,5184514,10971184
2021-08-11,"Johnson&Johnson, Moderna, Oxford/AstraZeneca, Pfizer/BioNTech",5797857,5227518,11025375
2021-08-12,"Johnson&Johnson, Moderna, Oxford/AstraZeneca, Pfizer/BioNTech",5809105,5264443,11073548
2021-08-13,"Johnson&Johnson, Moderna, Oxford/AstraZeneca, Pfizer/BioNTech",5819684,5304571,11124255
2021-08-14,"Johnson&Johnson, Moderna, Oxford/AstraZeneca, Pfizer/BioNTech",5822956,5315184,11138140
2021-08-15,"Johnson&Johnson, Moderna, Oxford/AstraZeneca, Pfizer/BioNTech",5825505,5325516,11151021
2021-08-16,"Johnson&Johnson, Moderna, Oxford/AstraZeneca, Pfizer/BioNTech",5835216,5359442,11194658
2021-08-17,"Johnson&Johnson, Moderna, Oxford/AstraZeneca, Pfizer/BioNTech",5844653,5386374,11231027
2021-08-18,"Johnson&Johnson, Moderna, Oxford/AstraZeneca, Pfizer/BioNTech",5853929,5425043,11278972
2021-08-19,"Johnson&Johnson, Moderna, Oxford/AstraZeneca, Pfizer/BioNTech",5863488,5463253,11326741
2021-08-20,"Johnson&Johnson, Moderna, Oxford/AstraZeneca, Pfizer/BioNTech",5874679,5503289,11377968
2021-08-21,"Johnson&Johnson, Moderna, Oxford/AstraZeneca, Pfizer/BioNTech",5877349,5515993,11393342
2021-08-22,"Johnson&Johnson, Moderna, Oxford/AstraZeneca, Pfizer/BioNTech",5879661,5527912,11407573
2021-08-23,"Johnson&Johnson, Moderna, Oxford/AstraZeneca, Pfizer/BioNTech",5890001,5566951,11456952
2021-08-24,"Johnson&Johnson, Moderna, Oxford/AstraZeneca, Pfizer/BioNTech",5899695,5600024,11499719
2021-08-25,"Johnson&Johnson, Moderna, Oxford/AstraZeneca, Pfizer/BioNTech",5908328,5628067,11536395
2021-08-26,"Johnson&Johnson, Moderna, Oxford/AstraZeneca, Pfizer/BioNTech",5916579,5653855,11570434
2021-08-27,"Johnson&Johnson, Moderna, Oxford/AstraZeneca, Pfizer/BioNTech",5926665,5679482,11606147
2021-08-28,"Johnson&Johnson, Moderna, Oxford/AstraZeneca, Pfizer/BioNTech",5929304,5686409,11615713
2021-08-29,"Johnson&Johnson, Moderna, Oxford/AstraZeneca, Pfizer/BioNTech",5931574,5692758,11624332
2021-08-30,"Johnson&Johnson, Moderna, Oxford/AstraZeneca, Pfizer/BioNTech",5939734,5714105,11653839
2021-08-31,"Johnson&Johnson, Moderna, Oxford/AstraZeneca, Pfizer/BioNTech",5947048,5731733,11678781
2021-09-01,"Johnson&Johnson, Moderna, Oxford/AstraZeneca, Pfizer/BioNTech",5952165,5744569,11696734
