date,vaccine,people_vaccinated,people_fully_vaccinated,total_vaccinations
2020-12-27,Pfizer/BioNTech,1284,0,1284
2020-12-28,Pfizer/BioNTech,3590,0,3590
2020-12-29,Pfizer/BioNTech,7060,1,7061
2020-12-30,Pfizer/BioNTech,10580,1,10581
2020-12-31,Pfizer/BioNTech,11892,1,11893
2021-01-01,"Moderna, Pfizer/BioNTech",12162,1,12163
2021-01-02,Pfizer/BioNTech,13443,1,13444
2021-01-03,"Moderna, Pfizer/BioNTech",14366,1,14367
2021-01-04,"Moderna, Pfizer/BioNTech",17980,1,17981
2021-01-05,"Moderna, Pfizer/BioNTech",22504,3,22507
2021-01-06,"Moderna, Pfizer/BioNTech",28356,4,28360
2021-01-07,"Moderna, Pfizer/BioNTech",36356,4,36360
2021-01-08,"Moderna, Pfizer/BioNTech",46408,5,46413
2021-01-09,"Moderna, Pfizer/BioNTech",48435,6,48441
2021-01-10,Pfizer/BioNTech,50204,7,50211
2021-01-11,Pfizer/BioNTech,60060,9,60069
2021-01-12,"Moderna, Pfizer/BioNTech",73517,11,73528
2021-01-13,Pfizer/BioNTech,87061,11,87072
2021-01-14,"Moderna, Pfizer/BioNTech",102311,15,102326
2021-01-15,"Moderna, Pfizer/BioNTech",116332,16,116348
2021-01-16,"Moderna, Pfizer/BioNTech",119735,20,119755
2021-01-17,"Moderna, Pfizer/BioNTech",122351,656,123007
2021-01-18,"Moderna, Pfizer/BioNTech",134842,2482,137324
2021-01-19,"Moderna, Pfizer/BioNTech",147448,5209,152657
2021-01-20,"Moderna, Pfizer/BioNTech",161139,7872,169011
2021-01-21,"Moderna, Pfizer/BioNTech",176792,9618,186410
2021-01-22,"Moderna, Pfizer/BioNTech",191684,10664,202348
2021-01-23,"Moderna, Pfizer/BioNTech",195005,11545,206550
2021-01-24,"Moderna, Pfizer/BioNTech",197260,12413,209673
2021-01-25,"Moderna, Pfizer/BioNTech",206908,15387,222295
2021-01-26,"Moderna, Pfizer/BioNTech",217453,19381,236834
2021-01-27,"Moderna, Pfizer/BioNTech",226482,23919,250401
2021-01-28,"Moderna, Pfizer/BioNTech",233584,30056,263640
2021-01-29,"Moderna, Pfizer/BioNTech",239801,37968,277769
2021-01-30,"Moderna, Pfizer/BioNTech",240541,39056,279597
2021-01-31,"Moderna, Pfizer/BioNTech",241256,40238,281494
2021-02-01,"Moderna, Pfizer/BioNTech",245237,48204,293441
2021-02-02,"Moderna, Pfizer/BioNTech",249385,58441,307826
2021-02-03,"Moderna, Pfizer/BioNTech",253810,69463,323273
2021-02-04,"Moderna, Pfizer/BioNTech",258713,82456,341169
2021-02-05,"Moderna, Pfizer/BioNTech",264181,93130,357311
2021-02-06,"Moderna, Oxford/AstraZeneca, Pfizer/BioNTech",265033,95498,360531
2021-02-07,"Moderna, Oxford/AstraZeneca, Pfizer/BioNTech",265885,97998,363883
2021-02-08,"Moderna, Oxford/AstraZeneca, Pfizer/BioNTech",269971,109431,379402
2021-02-09,"Moderna, Oxford/AstraZeneca, Pfizer/BioNTech",275070,121343,396413
2021-02-10,"Moderna, Oxford/AstraZeneca, Pfizer/BioNTech",280583,134603,415186
2021-02-11,"Moderna, Oxford/AstraZeneca, Pfizer/BioNTech",286921,150822,437743
2021-02-12,"Moderna, Oxford/AstraZeneca, Pfizer/BioNTech",293746,165564,459310
2021-02-13,"Moderna, Oxford/AstraZeneca, Pfizer/BioNTech",295358,168553,463911
2021-02-14,"Moderna, Oxford/AstraZeneca, Pfizer/BioNTech",296361,169937,466298
2021-02-15,"Moderna, Oxford/AstraZeneca, Pfizer/BioNTech",302760,179305,482065
2021-02-16,"Moderna, Oxford/AstraZeneca, Pfizer/BioNTech",311481,188389,499870
2021-02-17,"Moderna, Oxford/AstraZeneca, Pfizer/BioNTech",321179,196696,517875
2021-02-18,"Moderna, Oxford/AstraZeneca, Pfizer/BioNTech",333507,204780,538287
2021-02-19,"Moderna, Oxford/AstraZeneca, Pfizer/BioNTech",345368,212156,557524
2021-02-20,"Moderna, Oxford/AstraZeneca, Pfizer/BioNTech",347371,213342,560713
2021-02-21,"Moderna, Oxford/AstraZeneca, Pfizer/BioNTech",348506,214366,562872
2021-02-22,"Moderna, Oxford/AstraZeneca, Pfizer/BioNTech",358631,220401,579032
2021-02-23,"Moderna, Oxford/AstraZeneca, Pfizer/BioNTech",371591,227389,598980
2021-02-24,"Moderna, Oxford/AstraZeneca, Pfizer/BioNTech",385468,233428,618896
2021-02-25,"Moderna, Oxford/AstraZeneca, Pfizer/BioNTech",403443,238980,642423
2021-02-26,"Moderna, Oxford/AstraZeneca, Pfizer/BioNTech",419619,244333,663952
2021-02-27,"Moderna, Oxford/AstraZeneca, Pfizer/BioNTech",422628,244891,667519
2021-02-28,"Moderna, Oxford/AstraZeneca, Pfizer/BioNTech",424981,245443,670424
2021-03-01,"Moderna, Oxford/AstraZeneca, Pfizer/BioNTech",444577,248892,693469
2021-03-02,"Moderna, Oxford/AstraZeneca, Pfizer/BioNTech",471806,252440,724246
2021-03-03,"Moderna, Oxford/AstraZeneca, Pfizer/BioNTech",502754,256945,759699
2021-03-04,"Moderna, Oxford/AstraZeneca, Pfizer/BioNTech",536043,261632,797675
2021-03-05,"Johnson&Johnson, Moderna, Oxford/AstraZeneca, Pfizer/BioNTech",564886,267056,831942
2021-03-06,"Johnson&Johnson, Moderna, Oxford/AstraZeneca, Pfizer/BioNTech",577035,267917,844952
2021-03-07,"Johnson&Johnson, Moderna, Oxford/AstraZeneca, Pfizer/BioNTech",588578,268759,857337
2021-03-08,"Johnson&Johnson, Moderna, Oxford/AstraZeneca, Pfizer/BioNTech",618329,273615,891944
2021-03-09,"Johnson&Johnson, Moderna, Oxford/AstraZeneca, Pfizer/BioNTech",654686,279998,934684
2021-03-10,"Johnson&Johnson, Moderna, Oxford/AstraZeneca, Pfizer/BioNTech",696007,286957,982964
2021-03-11,"Johnson&Johnson, Moderna, Oxford/AstraZeneca, Pfizer/BioNTech",740847,295330,1036177
2021-03-12,"Johnson&Johnson, Moderna, Oxford/AstraZeneca, Pfizer/BioNTech",779619,303824,1083443
2021-03-13,"Johnson&Johnson, Moderna, Oxford/AstraZeneca, Pfizer/BioNTech",796711,305136,1101847
2021-03-14,"Johnson&Johnson, Moderna, Oxford/AstraZeneca, Pfizer/BioNTech",808829,306290,1115119
2021-03-15,"Johnson&Johnson, Moderna, Oxford/AstraZeneca, Pfizer/BioNTech",837215,315070,1152285
2021-03-16,"Johnson&Johnson, Moderna, Oxford/AstraZeneca, Pfizer/BioNTech",876107,325608,1201715
2021-03-17,"Moderna, Oxford/AstraZeneca, Pfizer/BioNTech",913592,336118,1249710
2021-03-18,"Johnson&Johnson, Moderna, Oxford/AstraZeneca, Pfizer/BioNTech",951588,348532,1300120
2021-03-19,"Moderna, Oxford/AstraZeneca, Pfizer/BioNTech",986091,362143,1348234
2021-03-20,"Johnson&Johnson, Moderna, Oxford/AstraZeneca, Pfizer/BioNTech",1001248,364173,1365421
2021-03-21,"Johnson&Johnson, Moderna, Oxford/AstraZeneca, Pfizer/BioNTech",1008678,365732,1374410
2021-03-22,"Johnson&Johnson, Moderna, Oxford/AstraZeneca, Pfizer/BioNTech",1033259,378237,1411496
2021-03-23,"Johnson&Johnson, Moderna, Oxford/AstraZeneca, Pfizer/BioNTech",1059924,391594,1451518
2021-03-24,"Johnson&Johnson, Moderna, Oxford/AstraZeneca, Pfizer/BioNTech",1086799,407338,1494137
2021-03-25,"Moderna, Oxford/AstraZeneca, Pfizer/BioNTech",1113143,425190,1538333
2021-03-26,"Johnson&Johnson, Moderna, Oxford/AstraZeneca, Pfizer/BioNTech",1137965,442696,1580661
2021-03-27,"Johnson&Johnson, Moderna, Oxford/AstraZeneca, Pfizer/BioNTech",1146408,447542,1593950
2021-03-28,"Moderna, Oxford/AstraZeneca, Pfizer/BioNTech",1151951,451688,1603639
2021-03-29,"Johnson&Johnson, Moderna, Oxford/AstraZeneca, Pfizer/BioNTech",1171086,472427,1643513
2021-03-30,"Johnson&Johnson, Moderna, Oxford/AstraZeneca, Pfizer/BioNTech",1195777,494609,1690386
2021-03-31,"Johnson&Johnson, Moderna, Oxford/AstraZeneca, Pfizer/BioNTech",1218907,521676,1740583
2021-04-01,"Johnson&Johnson, Moderna, Oxford/AstraZeneca, Pfizer/BioNTech",1244563,553736,1798299
2021-04-02,"Johnson&Johnson, Moderna, Oxford/AstraZeneca, Pfizer/BioNTech",1251504,566528,1818032
2021-04-03,"Johnson&Johnson, Moderna, Oxford/AstraZeneca, Pfizer/BioNTech",1255136,577455,1832591
2021-04-04,"Johnson&Johnson, Moderna, Oxford/AstraZeneca, Pfizer/BioNTech",1257658,586376,1844034
2021-04-05,"Johnson&Johnson, Moderna, Oxford/AstraZeneca, Pfizer/BioNTech",1260073,593569,1853642
2021-04-06,"Johnson&Johnson, Moderna, Oxford/AstraZeneca, Pfizer/BioNTech",1276250,622828,1899078
2021-04-07,"Johnson&Johnson, Moderna, Oxford/AstraZeneca, Pfizer/BioNTech",1299705,645062,1944767
2021-04-08,"Johnson&Johnson, Moderna, Oxford/AstraZeneca, Pfizer/BioNTech",1338471,676094,2014565
2021-04-09,"Johnson&Johnson, Moderna, Oxford/AstraZeneca, Pfizer/BioNTech",1378046,706284,2084330
2021-04-10,"Johnson&Johnson, Moderna, Oxford/AstraZeneca, Pfizer/BioNTech",1393580,721577,2115157
2021-04-11,"Johnson&Johnson, Moderna, Oxford/AstraZeneca, Pfizer/BioNTech",1403372,731626,2134998
2021-04-12,"Johnson&Johnson, Moderna, Oxford/AstraZeneca, Pfizer/BioNTech",1441672,756770,2198442
2021-04-13,"Moderna, Oxford/AstraZeneca, Pfizer/BioNTech",1477951,782812,2260763
2021-04-14,"Moderna, Oxford/AstraZeneca, Pfizer/BioNTech",1516807,810178,2326985
2021-04-15,"Moderna, Oxford/AstraZeneca, Pfizer/BioNTech",1564625,835944,2400569
2021-04-16,"Moderna, Oxford/AstraZeneca, Pfizer/BioNTech",1609310,861608,2470918
2021-04-17,"Moderna, Oxford/AstraZeneca, Pfizer/BioNTech",1626009,870636,2496645
2021-04-18,"Moderna, Oxford/AstraZeneca, Pfizer/BioNTech",1639001,875618,2514619
2021-04-19,"Moderna, Oxford/AstraZeneca, Pfizer/BioNTech",1682964,891054,2574018
2021-04-20,"Johnson&Johnson, Moderna, Oxford/AstraZeneca, Pfizer/BioNTech",1725540,906923,2632463
2021-04-21,"Moderna, Oxford/AstraZeneca, Pfizer/BioNTech",1773295,921277,2694572
2021-04-22,"Johnson&Johnson, Moderna, Oxford/AstraZeneca, Pfizer/BioNTech",1827808,938668,2766476
2021-04-23,"Johnson&Johnson, Moderna, Oxford/AstraZeneca, Pfizer/BioNTech",1877805,950723,2828528
2021-04-24,"Johnson&Johnson, Moderna, Oxford/AstraZeneca, Pfizer/BioNTech",1895663,955977,2851640
2021-04-25,"Johnson&Johnson, Moderna, Oxford/AstraZeneca, Pfizer/BioNTech",1910362,959975,2870337
2021-04-26,"Johnson&Johnson, Moderna, Oxford/AstraZeneca, Pfizer/BioNTech",1959958,967531,2927489
2021-04-27,"Johnson&Johnson, Moderna, Oxford/AstraZeneca, Pfizer/BioNTech",2008948,979768,2988716
2021-04-28,"Johnson&Johnson, Moderna, Oxford/AstraZeneca, Pfizer/BioNTech",2067727,993776,3061503
2021-04-29,"Johnson&Johnson, Moderna, Oxford/AstraZeneca, Pfizer/BioNTech",2133318,1009678,3142996
2021-04-30,"Johnson&Johnson, Moderna, Oxford/AstraZeneca, Pfizer/BioNTech",2195585,1019659,3215244
2021-05-01,"Johnson&Johnson, Moderna, Oxford/AstraZeneca, Pfizer/BioNTech",2214946,1023114,3238060
2021-05-02,"Johnson&Johnson, Moderna, Oxford/AstraZeneca, Pfizer/BioNTech",2233880,1025390,3259270
2021-05-03,"Johnson&Johnson, Moderna, Oxford/AstraZeneca, Pfizer/BioNTech",2301152,1030457,3331609
2021-05-04,"Johnson&Johnson, Moderna, Oxford/AstraZeneca, Pfizer/BioNTech",2367686,1038806,3406492
2021-05-05,"Johnson&Johnson, Moderna, Oxford/AstraZeneca, Pfizer/BioNTech",2440878,1048224,3489102
2021-05-06,"Johnson&Johnson, Moderna, Oxford/AstraZeneca, Pfizer/BioNTech",2521301,1058960,3580261
2021-05-07,"Johnson&Johnson, Moderna, Oxford/AstraZeneca, Pfizer/BioNTech",2598599,1069063,3667662
2021-05-08,"Johnson&Johnson, Moderna, Oxford/AstraZeneca, Pfizer/BioNTech",2628088,1070840,3698928
2021-05-09,"Johnson&Johnson, Moderna, Oxford/AstraZeneca, Pfizer/BioNTech",2652316,1072055,3724371
2021-05-10,"Johnson&Johnson, Moderna, Oxford/AstraZeneca, Pfizer/BioNTech",2725118,1079289,3804407
2021-05-11,"Johnson&Johnson, Moderna, Oxford/AstraZeneca, Pfizer/BioNTech",2801248,1088110,3889358
2021-05-12,"Johnson&Johnson, Moderna, Oxford/AstraZeneca, Pfizer/BioNTech",2881151,1097231,3978382
2021-05-13,"Johnson&Johnson, Moderna, Oxford/AstraZeneca, Pfizer/BioNTech",2965190,1106402,4071592
2021-05-14,"Johnson&Johnson, Moderna, Oxford/AstraZeneca, Pfizer/BioNTech",3044685,1114203,4158888
2021-05-15,"Johnson&Johnson, Moderna, Oxford/AstraZeneca, Pfizer/BioNTech",3076616,1116464,4193080
2021-05-16,"Johnson&Johnson, Moderna, Oxford/AstraZeneca, Pfizer/BioNTech",3102415,1117739,4220154
2021-05-17,"Johnson&Johnson, Moderna, Oxford/AstraZeneca, Pfizer/BioNTech",3174954,1124477,4299431
2021-05-18,"Johnson&Johnson, Moderna, Oxford/AstraZeneca, Pfizer/BioNTech",3246913,1137572,4384485
2021-05-19,"Johnson&Johnson, Moderna, Oxford/AstraZeneca, Pfizer/BioNTech",3324391,1152721,4477112
2021-05-20,"Johnson&Johnson, Moderna, Oxford/AstraZeneca, Pfizer/BioNTech",3399875,1179768,4579643
2021-05-21,"Johnson&Johnson, Moderna, Oxford/AstraZeneca, Pfizer/BioNTech",3468684,1207547,4676231
2021-05-22,"Johnson&Johnson, Moderna, Oxford/AstraZeneca, Pfizer/BioNTech",3501098,1218760,4719858
2021-05-23,"Johnson&Johnson, Moderna, Oxford/AstraZeneca, Pfizer/BioNTech",3523502,1227800,4751302
2021-05-24,"Johnson&Johnson, Moderna, Oxford/AstraZeneca, Pfizer/BioNTech",3570657,1261468,4832125
2021-05-25,"Johnson&Johnson, Moderna, Oxford/AstraZeneca, Pfizer/BioNTech",3622538,1297290,4919828
2021-05-26,"Johnson&Johnson, Moderna, Oxford/AstraZeneca, Pfizer/BioNTech",3690315,1334827,5025142
2021-05-27,"Johnson&Johnson, Moderna, Oxford/AstraZeneca, Pfizer/BioNTech",3751738,1382178,5133916
2021-05-28,"Johnson&Johnson, Moderna, Oxford/AstraZeneca, Pfizer/BioNTech",3813461,1428759,5242220
2021-05-29,"Johnson&Johnson, Moderna, Oxford/AstraZeneca, Pfizer/BioNTech",3842680,1445868,5288548
2021-05-30,"Johnson&Johnson, Moderna, Oxford/AstraZeneca, Pfizer/BioNTech",3865072,1460319,5325391
2021-05-31,"Johnson&Johnson, Moderna, Oxford/AstraZeneca, Pfizer/BioNTech",3920816,1507839,5428655
2021-06-01,"Johnson&Johnson, Moderna, Oxford/AstraZeneca, Pfizer/BioNTech",3979869,1556704,5536573
2021-06-02,"Johnson&Johnson, Moderna, Oxford/AstraZeneca, Pfizer/BioNTech",4042803,1610709,5653512
2021-06-03,"Johnson&Johnson, Moderna, Oxford/AstraZeneca, Pfizer/BioNTech",4101052,1670936,5771988
2021-06-04,"Johnson&Johnson, Moderna, Oxford/AstraZeneca, Pfizer/BioNTech",4164171,1728363,5892534
2021-06-05,"Johnson&Johnson, Moderna, Oxford/AstraZeneca, Pfizer/BioNTech",4198331,1747243,5945574
2021-06-06,"Johnson&Johnson, Moderna, Oxford/AstraZeneca, Pfizer/BioNTech",4225261,1762397,5987658
2021-06-07,"Johnson&Johnson, Moderna, Oxford/AstraZeneca, Pfizer/BioNTech",4288946,1818036,6106982
2021-06-08,"Johnson&Johnson, Moderna, Oxford/AstraZeneca, Pfizer/BioNTech",4352925,1873029,6225954
2021-06-09,"Johnson&Johnson, Moderna, Oxford/AstraZeneca, Pfizer/BioNTech",4412122,1937675,6349797
2021-06-10,"Johnson&Johnson, Moderna, Oxford/AstraZeneca, Pfizer/BioNTech",4465975,2008946,6474921
2021-06-11,"Johnson&Johnson, Moderna, Oxford/AstraZeneca, Pfizer/BioNTech",4518083,2078733,6596816
2021-06-12,"Johnson&Johnson, Moderna, Oxford/AstraZeneca, Pfizer/BioNTech",4550097,2099542,6649639
2021-06-13,"Johnson&Johnson, Moderna, Oxford/AstraZeneca, Pfizer/BioNTech",4574129,2117959,6692088
2021-06-14,"Johnson&Johnson, Moderna, Oxford/AstraZeneca, Pfizer/BioNTech",4617209,2192353,6809562
2021-06-15,"Johnson&Johnson, Moderna, Oxford/AstraZeneca, Pfizer/BioNTech",4661873,2264731,6926604
2021-06-16,"Johnson&Johnson, Moderna, Oxford/AstraZeneca, Pfizer/BioNTech",4704643,2342972,7047615
2021-06-17,"Johnson&Johnson, Moderna, Oxford/AstraZeneca, Pfizer/BioNTech",4744047,2426069,7170116
2021-06-18,"Johnson&Johnson, Moderna, Oxford/AstraZeneca, Pfizer/BioNTech",4786465,2506625,7293090
2021-06-19,"Johnson&Johnson, Moderna, Oxford/AstraZeneca, Pfizer/BioNTech",4808232,2535932,7344164
2021-06-20,"Johnson&Johnson, Moderna, Oxford/AstraZeneca, Pfizer/BioNTech",4825610,2559773,7385383
2021-06-21,"Johnson&Johnson, Moderna, Oxford/AstraZeneca, Pfizer/BioNTech",4858112,2638376,7496488
2021-06-22,"Johnson&Johnson, Moderna, Oxford/AstraZeneca, Pfizer/BioNTech",4891057,2720661,7611718
2021-06-23,"Johnson&Johnson, Moderna, Oxford/AstraZeneca, Pfizer/BioNTech",4922729,2805876,7728605
2021-06-24,"Johnson&Johnson, Moderna, Oxford/AstraZeneca, Pfizer/BioNTech",4952566,2895907,7848473
2021-06-25,"Johnson&Johnson, Moderna, Oxford/AstraZeneca, Pfizer/BioNTech",4983632,2982090,7965722
2021-06-26,"Johnson&Johnson, Moderna, Oxford/AstraZeneca, Pfizer/BioNTech",4999514,3016931,8016445
2021-06-27,"Johnson&Johnson, Moderna, Oxford/AstraZeneca, Pfizer/BioNTech",5013462,3043607,8057069
2021-06-28,"Johnson&Johnson, Moderna, Oxford/AstraZeneca, Pfizer/BioNTech",5041876,3128808,8170684
2021-06-29,"Johnson&Johnson, Moderna, Oxford/AstraZeneca, Pfizer/BioNTech",5071149,3215297,8286446
2021-06-30,"Johnson&Johnson, Moderna, Oxford/AstraZeneca, Pfizer/BioNTech",5098635,3306303,8404938
2021-07-01,"Johnson&Johnson, Moderna, Oxford/AstraZeneca, Pfizer/BioNTech",5122606,3396365,8518971
2021-07-02,"Johnson&Johnson, Moderna, Oxford/AstraZeneca, Pfizer/BioNTech",5149316,3482227,8631543
2021-07-03,"Johnson&Johnson, Moderna, Oxford/AstraZeneca, Pfizer/BioNTech",5156400,3513750,8670150
2021-07-04,"Johnson&Johnson, Moderna, Oxford/AstraZeneca, Pfizer/BioNTech",5163959,3535555,8699514
2021-07-05,"Johnson&Johnson, Moderna, Oxford/AstraZeneca, Pfizer/BioNTech",5171341,3560931,8732272
2021-07-06,"Johnson&Johnson, Moderna, Oxford/AstraZeneca, Pfizer/BioNTech",5176766,3588599,8765365
2021-07-07,"Johnson&Johnson, Moderna, Oxford/AstraZeneca, Pfizer/BioNTech",5202555,3667583,8870138
2021-07-08,"Johnson&Johnson, Moderna, Oxford/AstraZeneca, Pfizer/BioNTech",5229152,3737907,8967059
2021-07-09,"Johnson&Johnson, Moderna, Oxford/AstraZeneca, Pfizer/BioNTech",5257067,3807199,9064266
2021-07-10,"Johnson&Johnson, Moderna, Oxford/AstraZeneca, Pfizer/BioNTech",5266422,3835844,9102266
2021-07-11,"Johnson&Johnson, Moderna, Oxford/AstraZeneca, Pfizer/BioNTech",5274955,3858724,9133679
2021-07-12,"Johnson&Johnson, Moderna, Oxford/AstraZeneca, Pfizer/BioNTech",5302464,3927805,9230269
2021-07-13,"Johnson&Johnson, Moderna, Oxford/AstraZeneca, Pfizer/BioNTech",5328650,3997662,9326312
2021-07-14,"Johnson&Johnson, Moderna, Oxford/AstraZeneca, Pfizer/BioNTech",5354456,4069639,9424095
2021-07-15,"Johnson&Johnson, Moderna, Oxford/AstraZeneca, Pfizer/BioNTech",5383610,4135635,9519245
2021-07-16,"Johnson&Johnson, Moderna, Oxford/AstraZeneca, Pfizer/BioNTech",5411529,4208356,9619885
2021-07-17,"Johnson&Johnson, Moderna, Oxford/AstraZeneca, Pfizer/BioNTech",5420300,4239792,9660092
2021-07-18,"Johnson&Johnson, Moderna, Oxford/AstraZeneca, Pfizer/BioNTech",5428737,4265786,9694523
2021-07-19,"Johnson&Johnson, Moderna, Oxford/AstraZeneca, Pfizer/BioNTech",5452082,4332804,9784886
2021-07-20,"Johnson&Johnson, Moderna, Oxford/AstraZeneca, Pfizer/BioNTech",5473458,4399847,9873305
2021-07-21,"Johnson&Johnson, Moderna, Oxford/AstraZeneca, Pfizer/BioNTech",5496905,4463293,9960198
2021-07-22,"Johnson&Johnson, Moderna, Oxford/AstraZeneca, Pfizer/BioNTech",5519258,4521893,10041151
2021-07-23,"Johnson&Johnson, Moderna, Oxford/AstraZeneca, Pfizer/BioNTech",5542466,4576616,10119082
2021-07-24,"Johnson&Johnson, Moderna, Oxford/AstraZeneca, Pfizer/BioNTech",5549782,4604273,10154055
2021-07-25,"Johnson&Johnson, Moderna, Oxford/AstraZeneca, Pfizer/BioNTech",5556396,4626395,10182791
2021-07-26,"Johnson&Johnson, Moderna, Oxford/AstraZeneca, Pfizer/BioNTech",5579933,4675056,10254989
2021-07-27,"Johnson&Johnson, Moderna, Oxford/AstraZeneca, Pfizer/BioNTech",5602653,4721663,10324316
2021-07-28,"Johnson&Johnson, Moderna, Oxford/AstraZeneca, Pfizer/BioNTech",5623898,4767619,10391517
2021-07-29,"Johnson&Johnson, Moderna, Oxford/AstraZeneca, Pfizer/BioNTech",5645214,4809543,10454757
2021-07-30,"Johnson&Johnson, Moderna, Oxford/AstraZeneca, Pfizer/BioNTech",5668483,4852072,10520555
2021-07-31,"Johnson&Johnson, Moderna, Oxford/AstraZeneca, Pfizer/BioNTech",5677403,4871586,10548989
2021-08-01,"Johnson&Johnson, Moderna, Oxford/AstraZeneca, Pfizer/BioNTech",5684124,4887745,10571869
2021-08-02,"Johnson&Johnson, Moderna, Oxford/AstraZeneca, Pfizer/BioNTech",5702753,4925268,10628021
2021-08-03,"Johnson&Johnson, Moderna, Oxford/AstraZeneca, Pfizer/BioNTech",5720379,4963337,10683716
2021-08-04,"Johnson&Johnson, Moderna, Oxford/AstraZeneca, Pfizer/BioNTech",5736478,5000048,10736526
2021-08-05,"Johnson&Johnson, Moderna, Oxford/AstraZeneca, Pfizer/BioNTech",5752513,5040495,10793008
2021-08-06,"Johnson&Johnson, Moderna, Oxford/AstraZeneca, Pfizer/BioNTech",5769293,5083748,10853041
2021-08-07,"Johnson&Johnson, Moderna, Oxford/AstraZeneca, Pfizer/BioNTech",5774888,5101905,10876793
2021-08-08,"Johnson&Johnson, Moderna, Oxford/AstraZeneca, Pfizer/BioNTech",5779244,5117643,10896887
2021-08-09,"Johnson&Johnson, Moderna, Oxford/AstraZeneca, Pfizer/BioNTech",5791879,5162664,10954543
2021-08-10,"Johnson&Johnson, Moderna, Oxford/AstraZeneca, Pfizer/BioNTech",5803716,5202195,11005911
2021-08-11,"Johnson&Johnson, Moderna, Oxford/AstraZeneca, Pfizer/BioNTech",5815074,5245291,11060365
2021-08-12,"Johnson&Johnson, Moderna, Oxford/AstraZeneca, Pfizer/BioNTech",5826491,5282380,11108871
2021-08-13,"Johnson&Johnson, Moderna, Oxford/AstraZeneca, Pfizer/BioNTech",5837214,5322691,11159905
2021-08-14,"Johnson&Johnson, Moderna, Oxford/AstraZeneca, Pfizer/BioNTech",5840549,5333378,11173927
2021-08-15,"Johnson&Johnson, Moderna, Oxford/AstraZeneca, Pfizer/BioNTech",5843131,5343741,11186872
2021-08-16,"Johnson&Johnson, Moderna, Oxford/AstraZeneca, Pfizer/BioNTech",5852919,5377790,11230709
2021-08-17,"Johnson&Johnson, Moderna, Oxford/AstraZeneca, Pfizer/BioNTech",5862512,5404866,11267378
2021-08-18,"Johnson&Johnson, Moderna, Oxford/AstraZeneca, Pfizer/BioNTech",5871879,5443717,11315596
2021-08-19,"Johnson&Johnson, Moderna, Oxford/AstraZeneca, Pfizer/BioNTech",5881544,5482042,11363586
2021-08-20,"Johnson&Johnson, Moderna, Oxford/AstraZeneca, Pfizer/BioNTech",5892928,5522213,11415141
2021-08-21,"Johnson&Johnson, Moderna, Oxford/AstraZeneca, Pfizer/BioNTech",5895647,5534961,11430608
2021-08-22,"Johnson&Johnson, Moderna, Oxford/AstraZeneca, Pfizer/BioNTech",5897986,5546917,11444903
2021-08-23,"Johnson&Johnson, Moderna, Oxford/AstraZeneca, Pfizer/BioNTech",5908514,5586161,11494675
2021-08-24,"Johnson&Johnson, Moderna, Oxford/AstraZeneca, Pfizer/BioNTech",5918380,5619388,11537768
2021-08-25,"Johnson&Johnson, Moderna, Oxford/AstraZeneca, Pfizer/BioNTech",5927245,5647743,11574988
2021-08-26,"Johnson&Johnson, Moderna, Oxford/AstraZeneca, Pfizer/BioNTech",5935688,5673852,11609540
2021-08-27,"Johnson&Johnson, Moderna, Oxford/AstraZeneca, Pfizer/BioNTech",5946006,5699793,11645799
2021-08-28,"Johnson&Johnson, Moderna, Oxford/AstraZeneca, Pfizer/BioNTech",5948731,5706831,11655562
2021-08-29,"Johnson&Johnson, Moderna, Oxford/AstraZeneca, Pfizer/BioNTech",5951140,5713450,11664590
2021-08-30,"Johnson&Johnson, Moderna, Oxford/AstraZeneca, Pfizer/BioNTech",5959663,5735304,11694967
2021-08-31,"Johnson&Johnson, Moderna, Oxford/AstraZeneca, Pfizer/BioNTech",5967337,5753376,11720713
2021-09-01,"Johnson&Johnson, Moderna, Oxford/AstraZeneca, Pfizer/BioNTech",5973223,5767358,11740581
2021-09-02,"Johnson&Johnson, Moderna, Oxford/AstraZeneca, Pfizer/BioNTech",5980060,5781739,11761799
2021-09-03,"Johnson&Johnson, Moderna, Oxford/AstraZeneca, Pfizer/BioNTech",5989616,5797438,11787054
2021-09-04,"Johnson&Johnson, Moderna, Oxford/AstraZeneca, Pfizer/BioNTech",5991684,5800988,11792672
2021-09-05,"Johnson&Johnson, Moderna, Oxford/AstraZeneca, Pfizer/BioNTech",5993722,5803829,11797551
2021-09-06,"Johnson&Johnson, Moderna, Oxford/AstraZeneca, Pfizer/BioNTech",5999958,5816348,11816306
2021-09-07,"Johnson&Johnson, Moderna, Oxford/AstraZeneca, Pfizer/BioNTech",6004350,5827439,11831789
2021-09-08,"Johnson&Johnson, Moderna, Oxford/AstraZeneca, Pfizer/BioNTech",6010016,5837274,11847290
2021-09-09,"Johnson&Johnson, Moderna, Oxford/AstraZeneca, Pfizer/BioNTech",6016699,5847328,11864027
2021-09-10,"Johnson&Johnson, Moderna, Oxford/AstraZeneca, Pfizer/BioNTech",6024384,5859499,11883883
2021-09-11,"Johnson&Johnson, Moderna, Oxford/AstraZeneca, Pfizer/BioNTech",6026247,5861976,11888223
2021-09-12,"Johnson&Johnson, Moderna, Oxford/AstraZeneca, Pfizer/BioNTech",6027362,5863602,11890964
2021-09-13,"Johnson&Johnson, Moderna, Oxford/AstraZeneca, Pfizer/BioNTech",6032791,5873888,11906679
2021-09-14,"Johnson&Johnson, Moderna, Oxford/AstraZeneca, Pfizer/BioNTech",6038176,5882895,11921071
2021-09-15,"Johnson&Johnson, Moderna, Oxford/AstraZeneca, Pfizer/BioNTech",6043369,5891410,11934779
2021-09-16,"Johnson&Johnson, Moderna, Oxford/AstraZeneca, Pfizer/BioNTech",6048712,5899677,11948389
2021-09-17,"Johnson&Johnson, Moderna, Oxford/AstraZeneca, Pfizer/BioNTech",6055281,5909901,11965182
2021-09-18,"Johnson&Johnson, Moderna, Oxford/AstraZeneca, Pfizer/BioNTech",6057004,5912255,11969259
2021-09-19,"Johnson&Johnson, Moderna, Oxford/AstraZeneca, Pfizer/BioNTech",6057945,5913820,11971765
2021-09-20,"Johnson&Johnson, Moderna, Oxford/AstraZeneca, Pfizer/BioNTech",6061959,5922012,11983971
2021-09-21,"Johnson&Johnson, Moderna, Oxford/AstraZeneca, Pfizer/BioNTech",6066184,5929537,11995721
2021-09-22,"Johnson&Johnson, Moderna, Oxford/AstraZeneca, Pfizer/BioNTech",6070363,5935047,12005410
2021-09-23,"Johnson&Johnson, Moderna, Oxford/AstraZeneca, Pfizer/BioNTech",6075335,5941444,12016779
2021-09-24,"Johnson&Johnson, Moderna, Oxford/AstraZeneca, Pfizer/BioNTech",6081095,5951059,12032154
2021-09-25,"Johnson&Johnson, Moderna, Oxford/AstraZeneca, Pfizer/BioNTech",6082589,5953054,12035643
2021-09-26,"Johnson&Johnson, Moderna, Pfizer/BioNTech",6083330,5954691,12038021
2021-09-27,"Johnson&Johnson, Moderna, Oxford/AstraZeneca, Pfizer/BioNTech",6087209,5961195,12048404
2021-09-28,"Johnson&Johnson, Moderna, Pfizer/BioNTech",6087570,5961814,12049384
2021-09-29,"Johnson&Johnson, Moderna, Oxford/AstraZeneca, Pfizer/BioNTech",6091345,5969270,12060615
2021-09-30,"Johnson&Johnson, Moderna, Oxford/AstraZeneca, Pfizer/BioNTech",6095845,5976964,12072809
2021-10-01,"Johnson&Johnson, Moderna, Oxford/AstraZeneca, Pfizer/BioNTech",6100140,5984930,12085070
2021-10-02,"Johnson&Johnson, Moderna, Oxford/AstraZeneca, Pfizer/BioNTech",6101201,5986466,12087667
2021-10-03,"Johnson&Johnson, Moderna, Pfizer/BioNTech",6101923,5987331,12089254
2021-10-04,"Johnson&Johnson, Moderna, Oxford/AstraZeneca, Pfizer/BioNTech",6104998,5992897,12097895
2021-10-05,"Johnson&Johnson, Moderna, Oxford/AstraZeneca, Pfizer/BioNTech",6108154,5997962,12106116
2021-10-06,"Johnson&Johnson, Moderna, Oxford/AstraZeneca, Pfizer/BioNTech",6111663,6003125,12114788
2021-10-07,"Johnson&Johnson, Moderna, Oxford/AstraZeneca, Pfizer/BioNTech",6114932,6008374,12123306
2021-10-08,"Johnson&Johnson, Moderna, Oxford/AstraZeneca, Pfizer/BioNTech",6119721,6015003,12134724
2021-10-09,"Johnson&Johnson, Moderna, Oxford/AstraZeneca, Pfizer/BioNTech",6120964,6016655,12137619
2021-10-10,"Johnson&Johnson, Moderna, Oxford/AstraZeneca, Pfizer/BioNTech",6121903,6017483,12139386
2021-10-11,"Johnson&Johnson, Moderna, Oxford/AstraZeneca, Pfizer/BioNTech",6124832,6021893,12146725
2021-10-12,"Johnson&Johnson, Moderna, Oxford/AstraZeneca, Pfizer/BioNTech",6127756,6025891,12153647
2021-10-13,"Johnson&Johnson, Moderna, Oxford/AstraZeneca, Pfizer/BioNTech",6131287,6030070,12161357
2021-10-14,"Johnson&Johnson, Moderna, Oxford/AstraZeneca, Pfizer/BioNTech",6134963,6035014,12169977
2021-10-15,"Johnson&Johnson, Moderna, Oxford/AstraZeneca, Pfizer/BioNTech",6140192,6041153,12181345
2021-10-16,"Johnson&Johnson, Moderna, Oxford/AstraZeneca, Pfizer/BioNTech",6141603,6042673,12184276
2021-10-17,"Johnson&Johnson, Moderna, Pfizer/BioNTech",6142925,6043726,12186651
2021-10-18,"Johnson&Johnson, Moderna, Oxford/AstraZeneca, Pfizer/BioNTech",6147038,6047819,12194857
2021-10-19,"Johnson&Johnson, Moderna, Oxford/AstraZeneca, Pfizer/BioNTech",6150618,6049910,12200528
2021-10-20,"Johnson&Johnson, Moderna, Oxford/AstraZeneca, Pfizer/BioNTech",6155491,6054354,12209845
2021-10-21,"Johnson&Johnson, Moderna, Oxford/AstraZeneca, Pfizer/BioNTech",6163257,6059950,12223207
2021-10-22,"Johnson&Johnson, Moderna, Oxford/AstraZeneca, Pfizer/BioNTech",6173699,6066449,12240148
2021-10-23,"Johnson&Johnson, Moderna, Oxford/AstraZeneca, Pfizer/BioNTech",6177374,6068656,12246030
2021-10-24,"Johnson&Johnson, Moderna, Pfizer/BioNTech",6180058,6070435,12250493
2021-10-25,"Johnson&Johnson, Moderna, Oxford/AstraZeneca, Pfizer/BioNTech",6190547,6076233,12266780
2021-10-26,"Johnson&Johnson, Moderna, Oxford/AstraZeneca, Pfizer/BioNTech",6202530,6082773,12285303
2021-10-27,"Johnson&Johnson, Moderna, Oxford/AstraZeneca, Pfizer/BioNTech",6217133,6090173,12307306
2021-10-28,"Johnson&Johnson, Moderna, Oxford/AstraZeneca, Pfizer/BioNTech",6220548,6091846,12312394
2021-10-29,"Johnson&Johnson, Moderna, Oxford/AstraZeneca, Pfizer/BioNTech",6234971,6099814,12334785
2021-10-30,"Johnson&Johnson, Moderna, Pfizer/BioNTech",6239501,6102731,12342232
2021-10-31,"Johnson&Johnson, Moderna, Oxford/AstraZeneca, Pfizer/BioNTech",6243263,6105201,12348464
2021-11-01,"Johnson&Johnson, Moderna, Oxford/AstraZeneca, Pfizer/BioNTech",6258462,6112883,12371345
2021-11-02,"Johnson&Johnson, Moderna, Oxford/AstraZeneca, Pfizer/BioNTech",6273909,6120431,12394340
2021-11-03,"Johnson&Johnson, Moderna, Oxford/AstraZeneca, Pfizer/BioNTech",6291089,6127719,12418808
2021-11-04,"Johnson&Johnson, Moderna, Oxford/AstraZeneca, Pfizer/BioNTech",6309440,6135887,12445327
2021-11-05,"Johnson&Johnson, Moderna, Oxford/AstraZeneca, Pfizer/BioNTech",6332236,6147153,12479389
2021-11-06,"Johnson&Johnson, Moderna, Pfizer/BioNTech",6338747,6150203,12488950
2021-11-07,"Johnson&Johnson, Moderna, Pfizer/BioNTech",6342766,6152634,12495400
2021-11-08,"Johnson&Johnson, Moderna, Oxford/AstraZeneca, Pfizer/BioNTech",6359059,6160263,12519322
2021-11-09,"Johnson&Johnson, Moderna, Oxford/AstraZeneca, Pfizer/BioNTech",6373863,6167553,12541416
2021-11-10,"Johnson&Johnson, Moderna, Oxford/AstraZeneca, Pfizer/BioNTech",6389601,6174925,12564526
2021-11-11,"Johnson&Johnson, Moderna, Oxford/AstraZeneca, Pfizer/BioNTech",6405062,6184024,12589086
2021-11-12,"Johnson&Johnson, Moderna, Oxford/AstraZeneca, Pfizer/BioNTech",6424864,6196802,12621666
2021-11-13,"Johnson&Johnson, Moderna, Oxford/AstraZeneca, Pfizer/BioNTech",6430252,6200666,12630918
2021-11-14,"Johnson&Johnson, Moderna, Oxford/AstraZeneca, Pfizer/BioNTech",6434140,6203668,12637808
2021-11-15,"Johnson&Johnson, Moderna, Oxford/AstraZeneca, Pfizer/BioNTech",6449215,6214351,12663566
2021-11-16,"Johnson&Johnson, Moderna, Oxford/AstraZeneca, Pfizer/BioNTech",6466752,6226326,12693078
2021-11-17,"Johnson&Johnson, Moderna, Oxford/AstraZeneca, Pfizer/BioNTech",6470993,6229887,12700880
2021-11-18,"Johnson&Johnson, Moderna, Oxford/AstraZeneca, Pfizer/BioNTech",6490402,6241566,12731968
2021-11-19,"Johnson&Johnson, Moderna, Oxford/AstraZeneca, Pfizer/BioNTech",6515020,6258538,12773558
2021-11-20,"Johnson&Johnson, Moderna, Pfizer/BioNTech",6523593,6263514,12787107
2021-11-21,"Johnson&Johnson, Moderna, Pfizer/BioNTech",6530365,6267284,12797649
2021-11-22,"Johnson&Johnson, Moderna, Oxford/AstraZeneca, Pfizer/BioNTech",6548872,6281387,12830259
2021-11-23,"Johnson&Johnson, Moderna, Oxford/AstraZeneca, Pfizer/BioNTech",6567931,6294642,12862573
2021-11-24,"Johnson&Johnson, Moderna, Oxford/AstraZeneca, Pfizer/BioNTech",6586918,6310481,12897399
2021-11-25,"Johnson&Johnson, Moderna, Oxford/AstraZeneca, Pfizer/BioNTech",6606064,6325501,12931565
2021-11-26,"Johnson&Johnson, Moderna, Oxford/AstraZeneca, Pfizer/BioNTech",6627708,6344621,12972329
2021-11-27,"Johnson&Johnson, Moderna, Pfizer/BioNTech",6635171,6350171,12985342
2021-11-28,"Johnson&Johnson, Moderna, Oxford/AstraZeneca, Pfizer/BioNTech",6638503,6353305,12991808
2021-11-29,"Johnson&Johnson, Moderna, Oxford/AstraZeneca, Pfizer/BioNTech",6653704,6366957,13020661
2021-11-30,"Johnson&Johnson, Moderna, Oxford/AstraZeneca, Pfizer/BioNTech",6666879,6378175,13045054
2021-12-01,"Johnson&Johnson, Moderna, Oxford/AstraZeneca, Pfizer/BioNTech",6680890,6390615,13071505
2021-12-02,"Johnson&Johnson, Moderna, Oxford/AstraZeneca, Pfizer/BioNTech",6691514,6403100,13094614
2021-12-03,"Johnson&Johnson, Moderna, Oxford/AstraZeneca, Pfizer/BioNTech",6701136,6418659,13119795
2021-12-04,"Johnson&Johnson, Moderna, Pfizer/BioNTech",6703693,6422605,13126298
2021-12-05,"Johnson&Johnson, Moderna, Pfizer/BioNTech",6705048,6424942,13129990
2021-12-06,"Johnson&Johnson, Moderna, Oxford/AstraZeneca, Pfizer/BioNTech",6713187,6436459,13149646
2021-12-07,"Johnson&Johnson, Moderna, Oxford/AstraZeneca, Pfizer/BioNTech",6721038,6448451,13169489
2021-12-08,"Johnson&Johnson, Moderna, Oxford/AstraZeneca, Pfizer/BioNTech",6729260,6454365,13183625
2021-12-09,"Johnson&Johnson, Moderna, Oxford/AstraZeneca, Pfizer/BioNTech",6736355,6467173,13203528
2021-12-10,"Johnson&Johnson, Moderna, Oxford/AstraZeneca, Pfizer/BioNTech",6743247,6484975,13228222
2021-12-11,"Johnson&Johnson, Moderna, Pfizer/BioNTech",6744904,6490244,13235148
2021-12-12,"Johnson&Johnson, Moderna, Pfizer/BioNTech",6746212,6494674,13240886
2021-12-13,"Johnson&Johnson, Moderna, Oxford/AstraZeneca, Pfizer/BioNTech",6752544,6507980,13260524
2021-12-14,"Johnson&Johnson, Moderna, Oxford/AstraZeneca, Pfizer/BioNTech",6758729,6521641,13280370
2021-12-15,"Johnson&Johnson, Moderna, Oxford/AstraZeneca, Pfizer/BioNTech",6764888,6535233,13300121
2021-12-16,"Johnson&Johnson, Moderna, Oxford/AstraZeneca, Pfizer/BioNTech",6771784,6550049,13321833
2021-12-17,"Johnson&Johnson, Moderna, Oxford/AstraZeneca, Pfizer/BioNTech",6780072,6567293,13347365
2021-12-18,"Johnson&Johnson, Moderna, Oxford/AstraZeneca, Pfizer/BioNTech",6782665,6572736,13355401
2021-12-19,"Johnson&Johnson, Moderna, Pfizer/BioNTech",6784433,6575236,13359669
2021-12-20,"Johnson&Johnson, Moderna, Oxford/AstraZeneca, Pfizer/BioNTech",6790201,6589253,13379454
2021-12-21,"Johnson&Johnson, Moderna, Oxford/AstraZeneca, Pfizer/BioNTech",6796827,6601233,13398060
2021-12-22,"Johnson&Johnson, Moderna, Oxford/AstraZeneca, Pfizer/BioNTech",6801859,6614260,13416119
2021-12-23,"Johnson&Johnson, Moderna, Oxford/AstraZeneca, Pfizer/BioNTech",6804717,6619847,13424564
2021-12-24,"Johnson&Johnson, Moderna, Pfizer/BioNTech",6804758,6619943,13424701
2021-12-25,"Moderna, Pfizer/BioNTech",6804758,6619948,13424706
2021-12-26,"Moderna, Pfizer/BioNTech",6804856,6620146,13425002
2021-12-27,"Johnson&Johnson, Moderna, Pfizer/BioNTech",6808684,6629855,13438539
2021-12-28,"Johnson&Johnson, Moderna, Pfizer/BioNTech",6813906,6637786,13451692
2021-12-29,"Johnson&Johnson, Moderna, Oxford/AstraZeneca, Pfizer/BioNTech",6818185,6645481,13463666
2021-12-30,"Johnson&Johnson, Moderna, Pfizer/BioNTech",6822480,6650885,13473365
2021-12-31,"Johnson&Johnson, Moderna, Pfizer/BioNTech",6822983,6652296,13475279
2022-01-01,"Johnson&Johnson, Moderna, Pfizer/BioNTech",6822984,6652314,13475298
2022-01-02,"Johnson&Johnson, Moderna, Pfizer/BioNTech",6823836,6653693,13477529
2022-01-03,"Johnson&Johnson, Moderna, Oxford/AstraZeneca, Pfizer/BioNTech",6827786,6662542,13490328
2022-01-04,"Johnson&Johnson, Moderna, Oxford/AstraZeneca, Pfizer/BioNTech",6832843,6670241,13503084
2022-01-05,"Johnson&Johnson, Moderna, Oxford/AstraZeneca, Pfizer/BioNTech",6838611,6678123,13516734
2022-01-06,"Johnson&Johnson, Moderna, Oxford/AstraZeneca, Pfizer/BioNTech",6845150,6686459,13531609
2022-01-07,"Johnson&Johnson, Moderna, Oxford/AstraZeneca, Pfizer/BioNTech",6852884,6696562,13549446
2022-01-08,"Johnson&Johnson, Moderna, Oxford/AstraZeneca, Pfizer/BioNTech",6855345,6699321,13554666
2022-01-09,"Johnson&Johnson, Moderna, Pfizer/BioNTech",6856427,6701019,13557446
2022-01-10,"Johnson&Johnson, Moderna, Oxford/AstraZeneca, Pfizer/BioNTech",6860589,6706829,13567418
