date,vaccine,people_vaccinated,people_fully_vaccinated,total_vaccinations
2020-12-27,Pfizer/BioNTech,1250,0,1250
2020-12-28,Pfizer/BioNTech,3545,0,3545
2020-12-29,Pfizer/BioNTech,6988,0,6988
2020-12-30,Pfizer/BioNTech,10458,0,10458
2020-12-31,Pfizer/BioNTech,11763,0,11763
2021-01-01,Pfizer/BioNTech,12023,0,12023
2021-01-02,Pfizer/BioNTech,13272,0,13272
2021-01-03,Pfizer/BioNTech,14185,0,14185
2021-01-04,Pfizer/BioNTech,17751,0,17751
2021-01-05,Pfizer/BioNTech,22243,0,22243
2021-01-06,Pfizer/BioNTech,28055,0,28055
2021-01-07,Pfizer/BioNTech,36007,0,36007
2021-01-08,Pfizer/BioNTech,45930,0,45930
2021-01-09,Pfizer/BioNTech,47938,0,47938
2021-01-10,Pfizer/BioNTech,49661,0,49661
2021-01-11,Pfizer/BioNTech,59438,0,59438
2021-01-12,Pfizer/BioNTech,72787,0,72787
2021-01-13,Pfizer/BioNTech,86253,0,86253
2021-01-14,"Moderna, Pfizer/BioNTech",101414,0,101414
2021-01-15,"Moderna, Pfizer/BioNTech",115332,0,115332
2021-01-16,"Moderna, Pfizer/BioNTech",118703,2,118705
2021-01-17,"Moderna, Pfizer/BioNTech",121296,634,121930
2021-01-18,"Moderna, Pfizer/BioNTech",133748,2359,136107
2021-01-19,"Moderna, Pfizer/BioNTech",146249,5056,151305
2021-01-20,"Moderna, Pfizer/BioNTech",159786,7672,167458
2021-01-21,"Moderna, Pfizer/BioNTech",175322,9390,184712
2021-01-22,"Moderna, Pfizer/BioNTech",190048,10423,200471
2021-01-23,"Moderna, Pfizer/BioNTech",193316,11288,204604
2021-01-24,"Moderna, Pfizer/BioNTech",195555,12149,207704
2021-01-25,"Moderna, Pfizer/BioNTech",205154,15087,220241
2021-01-26,"Moderna, Pfizer/BioNTech",215637,19036,234673
2021-01-27,"Moderna, Pfizer/BioNTech",224610,23517,248127
2021-01-28,"Moderna, Pfizer/BioNTech",231639,29594,261233
2021-01-29,"Moderna, Pfizer/BioNTech",237813,37377,275190
2021-01-30,"Moderna, Pfizer/BioNTech",238530,38456,276986
2021-01-31,Pfizer/BioNTech,239231,39596,278827
2021-02-01,"Moderna, Pfizer/BioNTech",243165,47457,290622
2021-02-02,"Moderna, Pfizer/BioNTech",247279,57608,304887
2021-02-03,"Moderna, Pfizer/BioNTech",251660,68546,320206
2021-02-04,"Moderna, Pfizer/BioNTech",256525,81442,337967
2021-02-05,"Moderna, Pfizer/BioNTech",261953,92032,353985
2021-02-06,"Moderna, Pfizer/BioNTech",262786,94360,357146
2021-02-07,"Moderna, Pfizer/BioNTech",263629,96829,360458
2021-02-08,"Moderna, Pfizer/BioNTech",267635,108147,375782
2021-02-09,"Moderna, Pfizer/BioNTech",272667,119981,392648
2021-02-10,"Moderna, Pfizer/BioNTech",278183,133056,411239
2021-02-11,"Moderna, Oxford/AstraZeneca, Pfizer/BioNTech",284456,149102,433558
2021-02-12,"Moderna, Oxford/AstraZeneca, Pfizer/BioNTech",291149,163695,454844
2021-02-13,"Moderna, Oxford/AstraZeneca, Pfizer/BioNTech",292717,166647,459364
2021-02-14,"Moderna, Oxford/AstraZeneca, Pfizer/BioNTech",293705,168012,461717
2021-02-15,"Moderna, Oxford/AstraZeneca, Pfizer/BioNTech",300072,177301,477373
2021-02-16,"Moderna, Oxford/AstraZeneca, Pfizer/BioNTech",308696,186283,494979
2021-02-17,"Moderna, Oxford/AstraZeneca, Pfizer/BioNTech",318332,194449,512781
2021-02-18,"Moderna, Oxford/AstraZeneca, Pfizer/BioNTech",330564,202416,532980
2021-02-19,"Moderna, Oxford/AstraZeneca, Pfizer/BioNTech",342279,209626,551905
2021-02-20,"Moderna, Oxford/AstraZeneca, Pfizer/BioNTech",344191,210788,554979
2021-02-21,"Moderna, Oxford/AstraZeneca, Pfizer/BioNTech",345209,211790,556999
2021-02-22,"Moderna, Oxford/AstraZeneca, Pfizer/BioNTech",355260,217762,573022
2021-02-23,"Moderna, Oxford/AstraZeneca, Pfizer/BioNTech",368051,224646,592697
2021-02-24,"Moderna, Oxford/AstraZeneca, Pfizer/BioNTech",381806,230621,612427
2021-02-25,"Moderna, Oxford/AstraZeneca, Pfizer/BioNTech",399649,236118,635767
2021-02-26,"Moderna, Oxford/AstraZeneca, Pfizer/BioNTech",415635,241370,657005
2021-02-27,"Moderna, Oxford/AstraZeneca, Pfizer/BioNTech",418561,241918,660479
2021-02-28,"Moderna, Oxford/AstraZeneca, Pfizer/BioNTech",420888,242457,663345
2021-03-01,"Moderna, Oxford/AstraZeneca, Pfizer/BioNTech",440152,245880,686032
2021-03-02,"Moderna, Oxford/AstraZeneca, Pfizer/BioNTech",466917,249385,716302
2021-03-03,"Moderna, Oxford/AstraZeneca, Pfizer/BioNTech",497227,253846,751073
2021-03-04,"Moderna, Oxford/AstraZeneca, Pfizer/BioNTech",529837,258456,788293
2021-03-05,"Moderna, Oxford/AstraZeneca, Pfizer/BioNTech",558255,263779,822034
2021-03-06,"Moderna, Oxford/AstraZeneca, Pfizer/BioNTech",570203,264597,834800
2021-03-07,"Moderna, Oxford/AstraZeneca, Pfizer/BioNTech",581546,265420,846966
2021-03-08,"Moderna, Oxford/AstraZeneca, Pfizer/BioNTech",610975,270202,881177
2021-03-09,"Moderna, Oxford/AstraZeneca, Pfizer/BioNTech",646794,276512,923306
2021-03-10,"Moderna, Oxford/AstraZeneca, Pfizer/BioNTech",687593,283398,970991
2021-03-11,"Moderna, Oxford/AstraZeneca, Pfizer/BioNTech",731905,291684,1023589
2021-03-12,"Moderna, Oxford/AstraZeneca, Pfizer/BioNTech",770184,300017,1070201
2021-03-13,"Moderna, Oxford/AstraZeneca, Pfizer/BioNTech",787106,301283,1088389
2021-03-14,"Moderna, Oxford/AstraZeneca, Pfizer/BioNTech",799125,302404,1101529
2021-03-15,"Moderna, Oxford/AstraZeneca, Pfizer/BioNTech",827100,311092,1138192
2021-03-16,"Moderna, Oxford/AstraZeneca, Pfizer/BioNTech",865509,321502,1187011
2021-03-17,"Moderna, Oxford/AstraZeneca, Pfizer/BioNTech",902579,331922,1234501
2021-03-18,"Moderna, Oxford/AstraZeneca, Pfizer/BioNTech",940024,344240,1284264
2021-03-19,"Moderna, Oxford/AstraZeneca, Pfizer/BioNTech",973935,357722,1331657
2021-03-20,"Moderna, Oxford/AstraZeneca, Pfizer/BioNTech",988878,359717,1348595
2021-03-21,"Moderna, Oxford/AstraZeneca, Pfizer/BioNTech",996205,361236,1357441
2021-03-22,"Moderna, Oxford/AstraZeneca, Pfizer/BioNTech",1020093,373564,1393657
2021-03-23,"Moderna, Oxford/AstraZeneca, Pfizer/BioNTech",1046101,386769,1432870
2021-03-24,"Moderna, Oxford/AstraZeneca, Pfizer/BioNTech",1072556,402316,1474872
2021-03-25,"Moderna, Oxford/AstraZeneca, Pfizer/BioNTech",1098519,420067,1518586
2021-03-26,"Moderna, Oxford/AstraZeneca, Pfizer/BioNTech",1122854,437390,1560244
2021-03-27,"Moderna, Oxford/AstraZeneca, Pfizer/BioNTech",1131170,442133,1573303
2021-03-28,"Moderna, Oxford/AstraZeneca, Pfizer/BioNTech",1136635,446213,1582848
2021-03-29,"Moderna, Oxford/AstraZeneca, Pfizer/BioNTech",1155431,466680,1622111
2021-03-30,"Moderna, Oxford/AstraZeneca, Pfizer/BioNTech",1179768,488646,1668414
2021-03-31,"Moderna, Oxford/AstraZeneca, Pfizer/BioNTech",1202381,515344,1717725
2021-04-01,"Moderna, Oxford/AstraZeneca, Pfizer/BioNTech",1227311,547023,1774334
2021-04-02,"Moderna, Oxford/AstraZeneca, Pfizer/BioNTech",1233979,559691,1793670
2021-04-03,"Moderna, Oxford/AstraZeneca, Pfizer/BioNTech",1237419,570536,1807955
2021-04-04,"Moderna, Oxford/AstraZeneca, Pfizer/BioNTech",1239868,579234,1819102
2021-04-05,"Moderna, Oxford/AstraZeneca, Pfizer/BioNTech",1242140,586349,1828489
2021-04-06,"Moderna, Oxford/AstraZeneca, Pfizer/BioNTech",1257908,615297,1873205
2021-04-07,"Moderna, Oxford/AstraZeneca, Pfizer/BioNTech",1280796,637110,1917906
2021-04-08,"Moderna, Oxford/AstraZeneca, Pfizer/BioNTech",1317997,667689,1985686
2021-04-09,"Moderna, Oxford/AstraZeneca, Pfizer/BioNTech",1355726,697287,2053013
2021-04-10,"Moderna, Oxford/AstraZeneca, Pfizer/BioNTech",1370715,712390,2083105
2021-04-11,"Moderna, Oxford/AstraZeneca, Pfizer/BioNTech",1380198,722349,2102547
2021-04-12,"Moderna, Oxford/AstraZeneca, Pfizer/BioNTech",1417238,746868,2164106
2021-04-13,"Moderna, Oxford/AstraZeneca, Pfizer/BioNTech",1452204,772442,2224646
2021-04-14,"Moderna, Oxford/AstraZeneca, Pfizer/BioNTech",1489891,799372,2289263
2021-04-15,"Moderna, Oxford/AstraZeneca, Pfizer/BioNTech",1536249,824095,2360344
2021-04-16,"Moderna, Oxford/AstraZeneca, Pfizer/BioNTech",1578819,848466,2427285
2021-04-17,"Moderna, Oxford/AstraZeneca, Pfizer/BioNTech",1594632,857382,2452014
2021-04-18,"Moderna, Oxford/AstraZeneca, Pfizer/BioNTech",1607077,862049,2469126
