date,vaccine,people_vaccinated,people_fully_vaccinated,total_vaccinations
2020-12-27,Pfizer/BioNTech,1287,0,1287
2020-12-28,Pfizer/BioNTech,3590,0,3590
2020-12-29,Pfizer/BioNTech,7061,1,7062
2020-12-30,Pfizer/BioNTech,10578,1,10579
2020-12-31,Pfizer/BioNTech,11889,1,11890
2021-01-01,"Moderna, Pfizer/BioNTech",12159,1,12160
2021-01-02,"Moderna, Pfizer/BioNTech",13443,1,13444
2021-01-03,"Moderna, Pfizer/BioNTech",14369,1,14370
2021-01-04,"Moderna, Pfizer/BioNTech",17981,1,17982
2021-01-05,"Moderna, Pfizer/BioNTech",22507,2,22509
2021-01-06,"Moderna, Pfizer/BioNTech",28354,3,28357
2021-01-07,"Moderna, Pfizer/BioNTech",36354,3,36357
2021-01-08,"Moderna, Pfizer/BioNTech",46408,4,46412
2021-01-09,"Moderna, Pfizer/BioNTech",48436,6,48442
2021-01-10,Pfizer/BioNTech,50207,8,50215
2021-01-11,"Moderna, Pfizer/BioNTech",60064,10,60074
2021-01-12,"Moderna, Pfizer/BioNTech",73520,12,73532
2021-01-13,"Moderna, Pfizer/BioNTech",87071,12,87083
2021-01-14,"Moderna, Pfizer/BioNTech",102327,16,102343
2021-01-15,"Moderna, Pfizer/BioNTech",116349,17,116366
2021-01-16,"Moderna, Pfizer/BioNTech",119753,21,119774
2021-01-17,"Moderna, Pfizer/BioNTech",122374,657,123031
2021-01-18,"Moderna, Pfizer/BioNTech",134868,2484,137352
2021-01-19,"Moderna, Pfizer/BioNTech",147482,5212,152694
2021-01-20,"Moderna, Pfizer/BioNTech",161181,7876,169057
2021-01-21,"Moderna, Pfizer/BioNTech",176837,9618,186455
2021-01-22,"Moderna, Pfizer/BioNTech",191731,10663,202394
2021-01-23,"Moderna, Pfizer/BioNTech",195050,11542,206592
2021-01-24,"Moderna, Pfizer/BioNTech",197306,12412,209718
2021-01-25,"Moderna, Pfizer/BioNTech",206961,15385,222346
2021-01-26,"Moderna, Pfizer/BioNTech",217510,19377,236887
2021-01-27,"Moderna, Pfizer/BioNTech",226543,23912,250455
2021-01-28,"Moderna, Pfizer/BioNTech",233648,30047,263695
2021-01-29,"Moderna, Pfizer/BioNTech",239866,37957,277823
2021-01-30,"Moderna, Pfizer/BioNTech",240607,39045,279652
2021-01-31,"Moderna, Pfizer/BioNTech",241325,40227,281552
2021-02-01,"Moderna, Pfizer/BioNTech",245307,48196,293503
2021-02-02,"Moderna, Pfizer/BioNTech",249461,58436,307897
2021-02-03,"Moderna, Pfizer/BioNTech",253887,69460,323347
2021-02-04,"Moderna, Pfizer/BioNTech",258795,82456,341251
2021-02-05,"Moderna, Pfizer/BioNTech",264270,93132,357402
2021-02-06,"Moderna, Oxford/AstraZeneca, Pfizer/BioNTech",265128,95498,360626
2021-02-07,"Moderna, Oxford/AstraZeneca, Pfizer/BioNTech",265980,97998,363978
2021-02-08,"Moderna, Oxford/AstraZeneca, Pfizer/BioNTech",270075,109429,379504
2021-02-09,"Moderna, Oxford/AstraZeneca, Pfizer/BioNTech",275183,121343,396526
2021-02-10,"Moderna, Oxford/AstraZeneca, Pfizer/BioNTech",280702,134606,415308
2021-02-11,"Moderna, Oxford/AstraZeneca, Pfizer/BioNTech",287045,150827,437872
2021-02-12,"Moderna, Oxford/AstraZeneca, Pfizer/BioNTech",293875,165576,459451
2021-02-13,"Moderna, Oxford/AstraZeneca, Pfizer/BioNTech",295492,168564,464056
2021-02-14,"Moderna, Oxford/AstraZeneca, Pfizer/BioNTech",296498,169950,466448
2021-02-15,"Moderna, Oxford/AstraZeneca, Pfizer/BioNTech",302897,179321,482218
2021-02-16,"Moderna, Oxford/AstraZeneca, Pfizer/BioNTech",311621,188405,500026
2021-02-17,"Moderna, Oxford/AstraZeneca, Pfizer/BioNTech",321324,196716,518040
2021-02-18,"Moderna, Oxford/AstraZeneca, Pfizer/BioNTech",333654,204800,538454
2021-02-19,"Moderna, Oxford/AstraZeneca, Pfizer/BioNTech",345520,212177,557697
2021-02-20,"Moderna, Oxford/AstraZeneca, Pfizer/BioNTech",347530,213363,560893
2021-02-21,"Moderna, Oxford/AstraZeneca, Pfizer/BioNTech",348667,214389,563056
2021-02-22,"Moderna, Oxford/AstraZeneca, Pfizer/BioNTech",358795,220427,579222
2021-02-23,"Moderna, Oxford/AstraZeneca, Pfizer/BioNTech",371759,227419,599178
2021-02-24,"Moderna, Oxford/AstraZeneca, Pfizer/BioNTech",385644,233462,619106
2021-02-25,"Moderna, Oxford/AstraZeneca, Pfizer/BioNTech",403628,239014,642642
2021-02-26,"Moderna, Oxford/AstraZeneca, Pfizer/BioNTech",419809,244376,664185
2021-02-27,"Moderna, Oxford/AstraZeneca, Pfizer/BioNTech",422818,244936,667754
2021-02-28,"Moderna, Oxford/AstraZeneca, Pfizer/BioNTech",425176,245488,670664
2021-03-01,"Moderna, Oxford/AstraZeneca, Pfizer/BioNTech",444778,248939,693717
2021-03-02,"Moderna, Oxford/AstraZeneca, Pfizer/BioNTech",472007,252489,724496
2021-03-03,"Moderna, Oxford/AstraZeneca, Pfizer/BioNTech",502968,257000,759968
2021-03-04,"Moderna, Oxford/AstraZeneca, Pfizer/BioNTech",536260,261691,797951
2021-03-05,"Johnson&Johnson, Moderna, Oxford/AstraZeneca, Pfizer/BioNTech",565107,267119,832226
2021-03-06,"Johnson&Johnson, Moderna, Oxford/AstraZeneca, Pfizer/BioNTech",577266,267985,845251
2021-03-07,"Johnson&Johnson, Moderna, Oxford/AstraZeneca, Pfizer/BioNTech",588815,268828,857643
2021-03-08,"Johnson&Johnson, Moderna, Oxford/AstraZeneca, Pfizer/BioNTech",618564,273691,892255
2021-03-09,"Johnson&Johnson, Moderna, Oxford/AstraZeneca, Pfizer/BioNTech",654934,280079,935013
2021-03-10,"Johnson&Johnson, Moderna, Oxford/AstraZeneca, Pfizer/BioNTech",696273,287040,983313
2021-03-11,"Johnson&Johnson, Moderna, Oxford/AstraZeneca, Pfizer/BioNTech",741130,295417,1036547
2021-03-12,"Johnson&Johnson, Moderna, Oxford/AstraZeneca, Pfizer/BioNTech",779897,303915,1083812
2021-03-13,"Johnson&Johnson, Moderna, Oxford/AstraZeneca, Pfizer/BioNTech",797007,305230,1102237
2021-03-14,"Johnson&Johnson, Moderna, Oxford/AstraZeneca, Pfizer/BioNTech",809126,306386,1115512
2021-03-15,"Johnson&Johnson, Moderna, Oxford/AstraZeneca, Pfizer/BioNTech",837524,315169,1152693
2021-03-16,"Johnson&Johnson, Moderna, Oxford/AstraZeneca, Pfizer/BioNTech",876420,325707,1202127
2021-03-17,"Moderna, Oxford/AstraZeneca, Pfizer/BioNTech",913911,336222,1250133
2021-03-18,"Johnson&Johnson, Moderna, Oxford/AstraZeneca, Pfizer/BioNTech",951916,348647,1300563
2021-03-19,"Johnson&Johnson, Moderna, Oxford/AstraZeneca, Pfizer/BioNTech",986433,362262,1348695
2021-03-20,"Johnson&Johnson, Moderna, Oxford/AstraZeneca, Pfizer/BioNTech",1001617,364292,1365909
2021-03-21,"Johnson&Johnson, Moderna, Oxford/AstraZeneca, Pfizer/BioNTech",1009062,365852,1374914
2021-03-22,"Johnson&Johnson, Moderna, Oxford/AstraZeneca, Pfizer/BioNTech",1033641,378357,1411998
2021-03-23,"Johnson&Johnson, Moderna, Oxford/AstraZeneca, Pfizer/BioNTech",1060316,391723,1452039
2021-03-24,"Johnson&Johnson, Moderna, Oxford/AstraZeneca, Pfizer/BioNTech",1087206,407472,1494678
2021-03-25,"Johnson&Johnson, Moderna, Oxford/AstraZeneca, Pfizer/BioNTech",1113564,425328,1538892
2021-03-26,"Johnson&Johnson, Moderna, Oxford/AstraZeneca, Pfizer/BioNTech",1138406,442842,1581248
2021-03-27,"Johnson&Johnson, Moderna, Oxford/AstraZeneca, Pfizer/BioNTech",1146866,447688,1594554
2021-03-28,"Moderna, Oxford/AstraZeneca, Pfizer/BioNTech",1152414,451836,1604250
2021-03-29,"Johnson&Johnson, Moderna, Oxford/AstraZeneca, Pfizer/BioNTech",1171573,472573,1644146
2021-03-30,"Johnson&Johnson, Moderna, Oxford/AstraZeneca, Pfizer/BioNTech",1196284,494761,1691045
2021-03-31,"Johnson&Johnson, Moderna, Oxford/AstraZeneca, Pfizer/BioNTech",1219442,521831,1741273
2021-04-01,"Johnson&Johnson, Moderna, Oxford/AstraZeneca, Pfizer/BioNTech",1245128,553892,1799020
2021-04-02,"Johnson&Johnson, Moderna, Oxford/AstraZeneca, Pfizer/BioNTech",1252109,566691,1818800
2021-04-03,"Johnson&Johnson, Moderna, Oxford/AstraZeneca, Pfizer/BioNTech",1255760,577623,1833383
2021-04-04,"Johnson&Johnson, Moderna, Oxford/AstraZeneca, Pfizer/BioNTech",1258302,586548,1844850
2021-04-05,"Johnson&Johnson, Moderna, Oxford/AstraZeneca, Pfizer/BioNTech",1260733,593752,1854485
2021-04-06,"Johnson&Johnson, Moderna, Oxford/AstraZeneca, Pfizer/BioNTech",1276949,623028,1899977
2021-04-07,"Johnson&Johnson, Moderna, Oxford/AstraZeneca, Pfizer/BioNTech",1300453,645274,1945727
2021-04-08,"Johnson&Johnson, Moderna, Oxford/AstraZeneca, Pfizer/BioNTech",1339267,676320,2015587
2021-04-09,"Johnson&Johnson, Moderna, Oxford/AstraZeneca, Pfizer/BioNTech",1378865,706519,2085384
2021-04-10,"Johnson&Johnson, Moderna, Oxford/AstraZeneca, Pfizer/BioNTech",1394434,721832,2116266
2021-04-11,"Johnson&Johnson, Moderna, Oxford/AstraZeneca, Pfizer/BioNTech",1404229,731888,2136117
2021-04-12,"Johnson&Johnson, Moderna, Oxford/AstraZeneca, Pfizer/BioNTech",1442551,757035,2199586
2021-04-13,"Moderna, Oxford/AstraZeneca, Pfizer/BioNTech",1478858,783076,2261934
2021-04-14,"Moderna, Oxford/AstraZeneca, Pfizer/BioNTech",1517743,810452,2328195
2021-04-15,"Moderna, Oxford/AstraZeneca, Pfizer/BioNTech",1565575,836232,2401807
2021-04-16,"Moderna, Oxford/AstraZeneca, Pfizer/BioNTech",1610288,861917,2472205
2021-04-17,"Moderna, Oxford/AstraZeneca, Pfizer/BioNTech",1627015,870944,2497959
2021-04-18,"Moderna, Oxford/AstraZeneca, Pfizer/BioNTech",1640014,875930,2515944
2021-04-19,"Johnson&Johnson, Moderna, Oxford/AstraZeneca, Pfizer/BioNTech",1683988,891374,2575362
2021-04-20,"Johnson&Johnson, Moderna, Oxford/AstraZeneca, Pfizer/BioNTech",1726576,907263,2633839
2021-04-21,"Moderna, Oxford/AstraZeneca, Pfizer/BioNTech",1774349,921631,2695980
2021-04-22,"Johnson&Johnson, Moderna, Oxford/AstraZeneca, Pfizer/BioNTech",1828877,939030,2767907
2021-04-23,"Johnson&Johnson, Moderna, Oxford/AstraZeneca, Pfizer/BioNTech",1878895,951097,2829992
2021-04-24,"Johnson&Johnson, Moderna, Oxford/AstraZeneca, Pfizer/BioNTech",1896772,956364,2853136
2021-04-25,"Johnson&Johnson, Moderna, Oxford/AstraZeneca, Pfizer/BioNTech",1911485,960367,2871852
2021-04-26,"Johnson&Johnson, Moderna, Oxford/AstraZeneca, Pfizer/BioNTech",1961097,967937,2929034
2021-04-27,"Johnson&Johnson, Moderna, Oxford/AstraZeneca, Pfizer/BioNTech",2010088,980189,2990277
2021-04-28,"Johnson&Johnson, Moderna, Oxford/AstraZeneca, Pfizer/BioNTech",2068869,994219,3063088
2021-04-29,"Johnson&Johnson, Moderna, Oxford/AstraZeneca, Pfizer/BioNTech",2134488,1010139,3144627
2021-04-30,"Johnson&Johnson, Moderna, Oxford/AstraZeneca, Pfizer/BioNTech",2196783,1020134,3216917
2021-05-01,"Johnson&Johnson, Moderna, Oxford/AstraZeneca, Pfizer/BioNTech",2216171,1023599,3239770
2021-05-02,"Johnson&Johnson, Moderna, Oxford/AstraZeneca, Pfizer/BioNTech",2235126,1025890,3261016
2021-05-03,"Johnson&Johnson, Moderna, Oxford/AstraZeneca, Pfizer/BioNTech",2302407,1030972,3333379
2021-05-04,"Johnson&Johnson, Moderna, Oxford/AstraZeneca, Pfizer/BioNTech",2368965,1039348,3408313
2021-05-05,"Johnson&Johnson, Moderna, Oxford/AstraZeneca, Pfizer/BioNTech",2442178,1048796,3490974
2021-05-06,"Johnson&Johnson, Moderna, Oxford/AstraZeneca, Pfizer/BioNTech",2522628,1059552,3582180
2021-05-07,"Johnson&Johnson, Moderna, Oxford/AstraZeneca, Pfizer/BioNTech",2599961,1069696,3669657
2021-05-08,"Johnson&Johnson, Moderna, Oxford/AstraZeneca, Pfizer/BioNTech",2629499,1071490,3700989
2021-05-09,"Johnson&Johnson, Moderna, Oxford/AstraZeneca, Pfizer/BioNTech",2653736,1072710,3726446
2021-05-10,"Johnson&Johnson, Moderna, Oxford/AstraZeneca, Pfizer/BioNTech",2726545,1079960,3806505
2021-05-11,"Johnson&Johnson, Moderna, Oxford/AstraZeneca, Pfizer/BioNTech",2802704,1088796,3891500
2021-05-12,"Johnson&Johnson, Moderna, Oxford/AstraZeneca, Pfizer/BioNTech",2882657,1097943,3980600
2021-05-13,"Johnson&Johnson, Moderna, Oxford/AstraZeneca, Pfizer/BioNTech",2966712,1107138,4073850
2021-05-14,"Johnson&Johnson, Moderna, Oxford/AstraZeneca, Pfizer/BioNTech",3046265,1114970,4161235
2021-05-15,"Johnson&Johnson, Moderna, Oxford/AstraZeneca, Pfizer/BioNTech",3078235,1117256,4195491
2021-05-16,"Johnson&Johnson, Moderna, Oxford/AstraZeneca, Pfizer/BioNTech",3104048,1118542,4222590
2021-05-17,"Johnson&Johnson, Moderna, Oxford/AstraZeneca, Pfizer/BioNTech",3176590,1125299,4301889
2021-05-18,"Johnson&Johnson, Moderna, Oxford/AstraZeneca, Pfizer/BioNTech",3248580,1138421,4387001
2021-05-19,"Johnson&Johnson, Moderna, Oxford/AstraZeneca, Pfizer/BioNTech",3326084,1153595,4479679
2021-05-20,"Johnson&Johnson, Moderna, Oxford/AstraZeneca, Pfizer/BioNTech",3401579,1180666,4582245
2021-05-21,"Johnson&Johnson, Moderna, Oxford/AstraZeneca, Pfizer/BioNTech",3470434,1208479,4678913
2021-05-22,"Johnson&Johnson, Moderna, Oxford/AstraZeneca, Pfizer/BioNTech",3502896,1219722,4722618
2021-05-23,"Johnson&Johnson, Moderna, Oxford/AstraZeneca, Pfizer/BioNTech",3525345,1228765,4754110
2021-05-24,"Johnson&Johnson, Moderna, Oxford/AstraZeneca, Pfizer/BioNTech",3572565,1262446,4835011
2021-05-25,"Johnson&Johnson, Moderna, Oxford/AstraZeneca, Pfizer/BioNTech",3624484,1298294,4922778
2021-05-26,"Johnson&Johnson, Moderna, Oxford/AstraZeneca, Pfizer/BioNTech",3692251,1335859,5028110
2021-05-27,"Johnson&Johnson, Moderna, Oxford/AstraZeneca, Pfizer/BioNTech",3753684,1383226,5136910
2021-05-28,"Johnson&Johnson, Moderna, Oxford/AstraZeneca, Pfizer/BioNTech",3815437,1429842,5245279
2021-05-29,"Johnson&Johnson, Moderna, Oxford/AstraZeneca, Pfizer/BioNTech",3844703,1446988,5291691
2021-05-30,"Johnson&Johnson, Moderna, Oxford/AstraZeneca, Pfizer/BioNTech",3867115,1461460,5328575
2021-05-31,"Johnson&Johnson, Moderna, Oxford/AstraZeneca, Pfizer/BioNTech",3922861,1508998,5431859
2021-06-01,"Johnson&Johnson, Moderna, Oxford/AstraZeneca, Pfizer/BioNTech",3981967,1557890,5539857
2021-06-02,"Johnson&Johnson, Moderna, Oxford/AstraZeneca, Pfizer/BioNTech",4044947,1611933,5656880
2021-06-03,"Johnson&Johnson, Moderna, Oxford/AstraZeneca, Pfizer/BioNTech",4103203,1672183,5775386
2021-06-04,"Johnson&Johnson, Moderna, Oxford/AstraZeneca, Pfizer/BioNTech",4166343,1729623,5895966
2021-06-05,"Johnson&Johnson, Moderna, Oxford/AstraZeneca, Pfizer/BioNTech",4200530,1748554,5949084
2021-06-06,"Johnson&Johnson, Moderna, Oxford/AstraZeneca, Pfizer/BioNTech",4227490,1763732,5991222
2021-06-07,"Johnson&Johnson, Moderna, Oxford/AstraZeneca, Pfizer/BioNTech",4291193,1819389,6110582
2021-06-08,"Johnson&Johnson, Moderna, Oxford/AstraZeneca, Pfizer/BioNTech",4355214,1874428,6229642
2021-06-09,"Johnson&Johnson, Moderna, Oxford/AstraZeneca, Pfizer/BioNTech",4414435,1939132,6353567
2021-06-10,"Johnson&Johnson, Moderna, Oxford/AstraZeneca, Pfizer/BioNTech",4468302,2010467,6478769
2021-06-11,"Johnson&Johnson, Moderna, Oxford/AstraZeneca, Pfizer/BioNTech",4520437,2080327,6600764
2021-06-12,"Johnson&Johnson, Moderna, Oxford/AstraZeneca, Pfizer/BioNTech",4552460,2101189,6653649
2021-06-13,"Johnson&Johnson, Moderna, Oxford/AstraZeneca, Pfizer/BioNTech",4576505,2119636,6696141
2021-06-14,"Johnson&Johnson, Moderna, Oxford/AstraZeneca, Pfizer/BioNTech",4619597,2194056,6813653
2021-06-15,"Johnson&Johnson, Moderna, Oxford/AstraZeneca, Pfizer/BioNTech",4664279,2266471,6930750
2021-06-16,"Johnson&Johnson, Moderna, Oxford/AstraZeneca, Pfizer/BioNTech",4707106,2344740,7051846
2021-06-17,"Johnson&Johnson, Moderna, Oxford/AstraZeneca, Pfizer/BioNTech",4746547,2427866,7174413
2021-06-18,"Johnson&Johnson, Moderna, Oxford/AstraZeneca, Pfizer/BioNTech",4788994,2508474,7297468
2021-06-19,"Johnson&Johnson, Moderna, Oxford/AstraZeneca, Pfizer/BioNTech",4810786,2537822,7348608
2021-06-20,"Johnson&Johnson, Moderna, Oxford/AstraZeneca, Pfizer/BioNTech",4828199,2561700,7389899
2021-06-21,"Johnson&Johnson, Moderna, Oxford/AstraZeneca, Pfizer/BioNTech",4860711,2640339,7501050
2021-06-22,"Johnson&Johnson, Moderna, Oxford/AstraZeneca, Pfizer/BioNTech",4893690,2722693,7616383
2021-06-23,"Johnson&Johnson, Moderna, Oxford/AstraZeneca, Pfizer/BioNTech",4925409,2807964,7733373
2021-06-24,"Johnson&Johnson, Moderna, Oxford/AstraZeneca, Pfizer/BioNTech",4955279,2898042,7853321
2021-06-25,"Johnson&Johnson, Moderna, Oxford/AstraZeneca, Pfizer/BioNTech",4986374,2984294,7970668
2021-06-26,"Johnson&Johnson, Moderna, Oxford/AstraZeneca, Pfizer/BioNTech",5002280,3019187,8021467
2021-06-27,"Johnson&Johnson, Moderna, Oxford/AstraZeneca, Pfizer/BioNTech",5016240,3045907,8062147
2021-06-28,"Johnson&Johnson, Moderna, Oxford/AstraZeneca, Pfizer/BioNTech",5044663,3131143,8175806
2021-06-29,"Johnson&Johnson, Moderna, Oxford/AstraZeneca, Pfizer/BioNTech",5073954,3217711,8291665
2021-06-30,"Johnson&Johnson, Moderna, Oxford/AstraZeneca, Pfizer/BioNTech",5101464,3308765,8410229
2021-07-01,"Johnson&Johnson, Moderna, Oxford/AstraZeneca, Pfizer/BioNTech",5125460,3398878,8524338
2021-07-02,"Johnson&Johnson, Moderna, Oxford/AstraZeneca, Pfizer/BioNTech",5152215,3484821,8637036
2021-07-03,"Johnson&Johnson, Moderna, Oxford/AstraZeneca, Pfizer/BioNTech",5159320,3516399,8675719
2021-07-04,"Johnson&Johnson, Moderna, Oxford/AstraZeneca, Pfizer/BioNTech",5166909,3538229,8705138
2021-07-05,"Johnson&Johnson, Moderna, Oxford/AstraZeneca, Pfizer/BioNTech",5174329,3563645,8737974
2021-07-06,"Johnson&Johnson, Moderna, Oxford/AstraZeneca, Pfizer/BioNTech",5179801,3591379,8771180
2021-07-07,"Johnson&Johnson, Moderna, Oxford/AstraZeneca, Pfizer/BioNTech",5205638,3670383,8876021
2021-07-08,"Johnson&Johnson, Moderna, Oxford/AstraZeneca, Pfizer/BioNTech",5232257,3740731,8972988
2021-07-09,"Johnson&Johnson, Moderna, Oxford/AstraZeneca, Pfizer/BioNTech",5260209,3810075,9070284
2021-07-10,"Johnson&Johnson, Moderna, Oxford/AstraZeneca, Pfizer/BioNTech",5269593,3838752,9108345
2021-07-11,"Johnson&Johnson, Moderna, Oxford/AstraZeneca, Pfizer/BioNTech",5278151,3861645,9139796
2021-07-12,"Johnson&Johnson, Moderna, Oxford/AstraZeneca, Pfizer/BioNTech",5305692,3930742,9236434
2021-07-13,"Johnson&Johnson, Moderna, Oxford/AstraZeneca, Pfizer/BioNTech",5331898,4000645,9332543
2021-07-14,"Johnson&Johnson, Moderna, Oxford/AstraZeneca, Pfizer/BioNTech",5357739,4072664,9430403
2021-07-15,"Johnson&Johnson, Moderna, Oxford/AstraZeneca, Pfizer/BioNTech",5386934,4138712,9525646
2021-07-16,"Johnson&Johnson, Moderna, Oxford/AstraZeneca, Pfizer/BioNTech",5414871,4211475,9626346
2021-07-17,"Johnson&Johnson, Moderna, Oxford/AstraZeneca, Pfizer/BioNTech",5423678,4242954,9666632
2021-07-18,"Johnson&Johnson, Moderna, Oxford/AstraZeneca, Pfizer/BioNTech",5432124,4268971,9701095
2021-07-19,"Johnson&Johnson, Moderna, Oxford/AstraZeneca, Pfizer/BioNTech",5455497,4336019,9791516
2021-07-20,"Johnson&Johnson, Moderna, Oxford/AstraZeneca, Pfizer/BioNTech",5476910,4403102,9880012
2021-07-21,"Johnson&Johnson, Moderna, Oxford/AstraZeneca, Pfizer/BioNTech",5500370,4466580,9966950
2021-07-22,"Johnson&Johnson, Moderna, Oxford/AstraZeneca, Pfizer/BioNTech",5522740,4525235,10047975
2021-07-23,"Johnson&Johnson, Moderna, Oxford/AstraZeneca, Pfizer/BioNTech",5545972,4580008,10125980
2021-07-24,"Johnson&Johnson, Moderna, Oxford/AstraZeneca, Pfizer/BioNTech",5553322,4607691,10161013
2021-07-25,"Johnson&Johnson, Moderna, Oxford/AstraZeneca, Pfizer/BioNTech",5559959,4629834,10189793
2021-07-26,"Johnson&Johnson, Moderna, Oxford/AstraZeneca, Pfizer/BioNTech",5583518,4678538,10262056
2021-07-27,"Johnson&Johnson, Moderna, Oxford/AstraZeneca, Pfizer/BioNTech",5606272,4725210,10331482
2021-07-28,"Johnson&Johnson, Moderna, Oxford/AstraZeneca, Pfizer/BioNTech",5627553,4771245,10398798
2021-07-29,"Johnson&Johnson, Moderna, Oxford/AstraZeneca, Pfizer/BioNTech",5648893,4813243,10462136
2021-07-30,"Johnson&Johnson, Moderna, Oxford/AstraZeneca, Pfizer/BioNTech",5672176,4855834,10528010
2021-07-31,"Johnson&Johnson, Moderna, Oxford/AstraZeneca, Pfizer/BioNTech",5681127,4875380,10556507
2021-08-01,"Johnson&Johnson, Moderna, Oxford/AstraZeneca, Pfizer/BioNTech",5687861,4891565,10579426
2021-08-02,"Johnson&Johnson, Moderna, Oxford/AstraZeneca, Pfizer/BioNTech",5706509,4929141,10635650
2021-08-03,"Johnson&Johnson, Moderna, Oxford/AstraZeneca, Pfizer/BioNTech",5724164,4967270,10691434
2021-08-04,"Johnson&Johnson, Moderna, Oxford/AstraZeneca, Pfizer/BioNTech",5740292,5004053,10744345
2021-08-05,"Johnson&Johnson, Moderna, Oxford/AstraZeneca, Pfizer/BioNTech",5756336,5044561,10800897
2021-08-06,"Johnson&Johnson, Moderna, Oxford/AstraZeneca, Pfizer/BioNTech",5773139,5087881,10861020
2021-08-07,"Johnson&Johnson, Moderna, Oxford/AstraZeneca, Pfizer/BioNTech",5778748,5106068,10884816
2021-08-08,"Johnson&Johnson, Moderna, Oxford/AstraZeneca, Pfizer/BioNTech",5783115,5121837,10904952
2021-08-09,"Johnson&Johnson, Moderna, Oxford/AstraZeneca, Pfizer/BioNTech",5795760,5166915,10962675
2021-08-10,"Johnson&Johnson, Moderna, Oxford/AstraZeneca, Pfizer/BioNTech",5807608,5206508,11014116
2021-08-11,"Johnson&Johnson, Moderna, Oxford/AstraZeneca, Pfizer/BioNTech",5818980,5249657,11068637
2021-08-12,"Johnson&Johnson, Moderna, Oxford/AstraZeneca, Pfizer/BioNTech",5830406,5286813,11117219
2021-08-13,"Johnson&Johnson, Moderna, Oxford/AstraZeneca, Pfizer/BioNTech",5841138,5327179,11168317
2021-08-14,"Johnson&Johnson, Moderna, Oxford/AstraZeneca, Pfizer/BioNTech",5844478,5337896,11182374
2021-08-15,"Johnson&Johnson, Moderna, Oxford/AstraZeneca, Pfizer/BioNTech",5847064,5348285,11195349
2021-08-16,"Johnson&Johnson, Moderna, Oxford/AstraZeneca, Pfizer/BioNTech",5856857,5382375,11239232
2021-08-17,"Johnson&Johnson, Moderna, Oxford/AstraZeneca, Pfizer/BioNTech",5866455,5409481,11275936
2021-08-18,"Johnson&Johnson, Moderna, Oxford/AstraZeneca, Pfizer/BioNTech",5875833,5448393,11324226
2021-08-19,"Johnson&Johnson, Moderna, Oxford/AstraZeneca, Pfizer/BioNTech",5885513,5486758,11372271
2021-08-20,"Johnson&Johnson, Moderna, Oxford/AstraZeneca, Pfizer/BioNTech",5896911,5526954,11423865
2021-08-21,"Johnson&Johnson, Moderna, Oxford/AstraZeneca, Pfizer/BioNTech",5899635,5539727,11439362
2021-08-22,"Johnson&Johnson, Moderna, Oxford/AstraZeneca, Pfizer/BioNTech",5901981,5551700,11453681
2021-08-23,"Johnson&Johnson, Moderna, Oxford/AstraZeneca, Pfizer/BioNTech",5912513,5590986,11503499
2021-08-24,"Johnson&Johnson, Moderna, Oxford/AstraZeneca, Pfizer/BioNTech",5922394,5624252,11546646
2021-08-25,"Johnson&Johnson, Moderna, Oxford/AstraZeneca, Pfizer/BioNTech",5931259,5652629,11583888
2021-08-26,"Johnson&Johnson, Moderna, Oxford/AstraZeneca, Pfizer/BioNTech",5939716,5678757,11618473
2021-08-27,"Johnson&Johnson, Moderna, Oxford/AstraZeneca, Pfizer/BioNTech",5950046,5704743,11654789
2021-08-28,"Johnson&Johnson, Moderna, Oxford/AstraZeneca, Pfizer/BioNTech",5952782,5711809,11664591
2021-08-29,"Johnson&Johnson, Moderna, Oxford/AstraZeneca, Pfizer/BioNTech",5955194,5718433,11673627
2021-08-30,"Johnson&Johnson, Moderna, Oxford/AstraZeneca, Pfizer/BioNTech",5963722,5740315,11704037
2021-08-31,"Johnson&Johnson, Moderna, Oxford/AstraZeneca, Pfizer/BioNTech",5971405,5758425,11729830
2021-09-01,"Johnson&Johnson, Moderna, Oxford/AstraZeneca, Pfizer/BioNTech",5977316,5772448,11749764
2021-09-02,"Johnson&Johnson, Moderna, Oxford/AstraZeneca, Pfizer/BioNTech",5984167,5786843,11771010
2021-09-03,"Johnson&Johnson, Moderna, Oxford/AstraZeneca, Pfizer/BioNTech",5993728,5802580,11796308
2021-09-04,"Johnson&Johnson, Moderna, Oxford/AstraZeneca, Pfizer/BioNTech",5995799,5806139,11801938
2021-09-05,"Johnson&Johnson, Moderna, Oxford/AstraZeneca, Pfizer/BioNTech",5997839,5808988,11806827
2021-09-06,"Johnson&Johnson, Moderna, Oxford/AstraZeneca, Pfizer/BioNTech",6004078,5821535,11825613
2021-09-07,"Johnson&Johnson, Moderna, Oxford/AstraZeneca, Pfizer/BioNTech",6008473,5832622,11841095
2021-09-08,"Johnson&Johnson, Moderna, Oxford/AstraZeneca, Pfizer/BioNTech",6014150,5842485,11856635
2021-09-09,"Johnson&Johnson, Moderna, Oxford/AstraZeneca, Pfizer/BioNTech",6020852,5852556,11873408
2021-09-10,"Johnson&Johnson, Moderna, Oxford/AstraZeneca, Pfizer/BioNTech",6028549,5864741,11893290
2021-09-11,"Johnson&Johnson, Moderna, Oxford/AstraZeneca, Pfizer/BioNTech",6030419,5867226,11897645
2021-09-12,"Johnson&Johnson, Moderna, Oxford/AstraZeneca, Pfizer/BioNTech",6031537,5868859,11900396
2021-09-13,"Johnson&Johnson, Moderna, Oxford/AstraZeneca, Pfizer/BioNTech",6036977,5879166,11916143
2021-09-14,"Johnson&Johnson, Moderna, Oxford/AstraZeneca, Pfizer/BioNTech",6042376,5888184,11930560
2021-09-15,"Johnson&Johnson, Moderna, Oxford/AstraZeneca, Pfizer/BioNTech",6047579,5896712,11944291
2021-09-16,"Johnson&Johnson, Moderna, Oxford/AstraZeneca, Pfizer/BioNTech",6052934,5904993,11957927
2021-09-17,"Johnson&Johnson, Moderna, Oxford/AstraZeneca, Pfizer/BioNTech",6059506,5915232,11974738
2021-09-18,"Johnson&Johnson, Moderna, Oxford/AstraZeneca, Pfizer/BioNTech",6061234,5917594,11978828
2021-09-19,"Johnson&Johnson, Moderna, Oxford/AstraZeneca, Pfizer/BioNTech",6062180,5919163,11981343
2021-09-20,"Johnson&Johnson, Moderna, Oxford/AstraZeneca, Pfizer/BioNTech",6066196,5927364,11993560
2021-09-21,"Johnson&Johnson, Moderna, Oxford/AstraZeneca, Pfizer/BioNTech",6070434,5934901,12005335
2021-09-22,"Johnson&Johnson, Moderna, Oxford/AstraZeneca, Pfizer/BioNTech",6074628,5940428,12015056
2021-09-23,"Johnson&Johnson, Moderna, Oxford/AstraZeneca, Pfizer/BioNTech",6079606,5946844,12026450
2021-09-24,"Johnson&Johnson, Moderna, Oxford/AstraZeneca, Pfizer/BioNTech",6085366,5956463,12041829
2021-09-25,"Johnson&Johnson, Moderna, Oxford/AstraZeneca, Pfizer/BioNTech",6086863,5958463,12045326
2021-09-26,"Johnson&Johnson, Moderna, Oxford/AstraZeneca, Pfizer/BioNTech",6087608,5960103,12047711
2021-09-27,"Johnson&Johnson, Moderna, Oxford/AstraZeneca, Pfizer/BioNTech",6091492,5966618,12058110
2021-09-28,"Johnson&Johnson, Moderna, Oxford/AstraZeneca, Pfizer/BioNTech",6091861,5967247,12059108
2021-09-29,"Johnson&Johnson, Moderna, Oxford/AstraZeneca, Pfizer/BioNTech",6095638,5974711,12070349
2021-09-30,"Johnson&Johnson, Moderna, Oxford/AstraZeneca, Pfizer/BioNTech",6100148,5982412,12082560
2021-10-01,"Johnson&Johnson, Moderna, Oxford/AstraZeneca, Pfizer/BioNTech",6104452,5990395,12094847
2021-10-02,"Johnson&Johnson, Moderna, Oxford/AstraZeneca, Pfizer/BioNTech",6105515,5991942,12097457
2021-10-03,"Johnson&Johnson, Moderna, Oxford/AstraZeneca, Pfizer/BioNTech",6106240,5992813,12099053
2021-10-04,"Johnson&Johnson, Moderna, Oxford/AstraZeneca, Pfizer/BioNTech",6109315,5998386,12107701
2021-10-05,"Johnson&Johnson, Moderna, Oxford/AstraZeneca, Pfizer/BioNTech",6112479,6003473,12115952
2021-10-06,"Johnson&Johnson, Moderna, Oxford/AstraZeneca, Pfizer/BioNTech",6115998,6008647,12124645
2021-10-07,"Johnson&Johnson, Moderna, Oxford/AstraZeneca, Pfizer/BioNTech",6119282,6013908,12133190
2021-10-08,"Johnson&Johnson, Moderna, Oxford/AstraZeneca, Pfizer/BioNTech",6124077,6020551,12144628
2021-10-09,"Johnson&Johnson, Moderna, Oxford/AstraZeneca, Pfizer/BioNTech",6125322,6022214,12147536
2021-10-10,"Johnson&Johnson, Moderna, Oxford/AstraZeneca, Pfizer/BioNTech",6126266,6023046,12149312
2021-10-11,"Johnson&Johnson, Moderna, Oxford/AstraZeneca, Pfizer/BioNTech",6129196,6027461,12156657
2021-10-12,"Johnson&Johnson, Moderna, Oxford/AstraZeneca, Pfizer/BioNTech",6132129,6031465,12163594
2021-10-13,"Johnson&Johnson, Moderna, Oxford/AstraZeneca, Pfizer/BioNTech",6135660,6035649,12171309
2021-10-14,"Johnson&Johnson, Moderna, Oxford/AstraZeneca, Pfizer/BioNTech",6139333,6040598,12179931
2021-10-15,"Johnson&Johnson, Moderna, Oxford/AstraZeneca, Pfizer/BioNTech",6144562,6046744,12191306
2021-10-16,"Johnson&Johnson, Moderna, Oxford/AstraZeneca, Pfizer/BioNTech",6145977,6048272,12194249
2021-10-17,"Johnson&Johnson, Moderna, Pfizer/BioNTech",6147304,6049327,12196631
2021-10-18,"Johnson&Johnson, Moderna, Oxford/AstraZeneca, Pfizer/BioNTech",6151418,6053427,12204845
2021-10-19,"Johnson&Johnson, Moderna, Oxford/AstraZeneca, Pfizer/BioNTech",6154998,6055526,12210524
2021-10-20,"Johnson&Johnson, Moderna, Oxford/AstraZeneca, Pfizer/BioNTech",6159880,6059975,12219855
2021-10-21,"Johnson&Johnson, Moderna, Oxford/AstraZeneca, Pfizer/BioNTech",6167645,6065578,12233223
2021-10-22,"Johnson&Johnson, Moderna, Oxford/AstraZeneca, Pfizer/BioNTech",6178099,6072082,12250181
2021-10-23,"Johnson&Johnson, Moderna, Oxford/AstraZeneca, Pfizer/BioNTech",6181773,6074288,12256061
2021-10-24,"Johnson&Johnson, Moderna, Oxford/AstraZeneca, Pfizer/BioNTech",6184458,6076069,12260527
2021-10-25,"Johnson&Johnson, Moderna, Oxford/AstraZeneca, Pfizer/BioNTech",6194957,6081877,12276834
2021-10-26,"Johnson&Johnson, Moderna, Oxford/AstraZeneca, Pfizer/BioNTech",6206947,6088427,12295374
2021-10-27,"Johnson&Johnson, Moderna, Oxford/AstraZeneca, Pfizer/BioNTech",6221556,6095833,12317389
2021-10-28,"Johnson&Johnson, Moderna, Oxford/AstraZeneca, Pfizer/BioNTech",6224980,6097517,12322497
2021-10-29,"Johnson&Johnson, Moderna, Oxford/AstraZeneca, Pfizer/BioNTech",6239417,6105505,12344922
2021-10-30,"Johnson&Johnson, Moderna, Oxford/AstraZeneca, Pfizer/BioNTech",6243946,6108429,12352375
2021-10-31,"Johnson&Johnson, Moderna, Oxford/AstraZeneca, Pfizer/BioNTech",6247709,6110903,12358612
2021-11-01,"Johnson&Johnson, Moderna, Oxford/AstraZeneca, Pfizer/BioNTech",6262903,6118588,12381491
2021-11-02,"Johnson&Johnson, Moderna, Oxford/AstraZeneca, Pfizer/BioNTech",6278356,6126145,12404501
2021-11-03,"Johnson&Johnson, Moderna, Oxford/AstraZeneca, Pfizer/BioNTech",6295535,6133439,12428974
2021-11-04,"Johnson&Johnson, Moderna, Oxford/AstraZeneca, Pfizer/BioNTech",6313886,6141609,12455495
2021-11-05,"Johnson&Johnson, Moderna, Oxford/AstraZeneca, Pfizer/BioNTech",6336684,6152890,12489574
2021-11-06,"Johnson&Johnson, Moderna, Oxford/AstraZeneca, Pfizer/BioNTech",6343201,6155946,12499147
2021-11-07,"Johnson&Johnson, Moderna, Oxford/AstraZeneca, Pfizer/BioNTech",6347222,6158382,12505604
2021-11-08,"Johnson&Johnson, Moderna, Oxford/AstraZeneca, Pfizer/BioNTech",6363490,6166011,12529501
2021-11-09,"Johnson&Johnson, Moderna, Oxford/AstraZeneca, Pfizer/BioNTech",6378298,6173310,12551608
2021-11-10,"Johnson&Johnson, Moderna, Oxford/AstraZeneca, Pfizer/BioNTech",6394035,6180693,12574728
2021-11-11,"Johnson&Johnson, Moderna, Oxford/AstraZeneca, Pfizer/BioNTech",6409504,6189797,12599301
2021-11-12,"Johnson&Johnson, Moderna, Oxford/AstraZeneca, Pfizer/BioNTech",6429307,6202598,12631905
2021-11-13,"Johnson&Johnson, Moderna, Oxford/AstraZeneca, Pfizer/BioNTech",6434700,6206470,12641170
2021-11-14,"Johnson&Johnson, Moderna, Oxford/AstraZeneca, Pfizer/BioNTech",6438593,6209474,12648067
2021-11-15,"Johnson&Johnson, Moderna, Oxford/AstraZeneca, Pfizer/BioNTech",6453674,6220167,12673841
2021-11-16,"Johnson&Johnson, Moderna, Oxford/AstraZeneca, Pfizer/BioNTech",6471216,6232149,12703365
2021-11-17,"Johnson&Johnson, Moderna, Oxford/AstraZeneca, Pfizer/BioNTech",6475457,6235714,12711171
2021-11-18,"Johnson&Johnson, Moderna, Oxford/AstraZeneca, Pfizer/BioNTech",6494878,6247407,12742285
2021-11-19,"Johnson&Johnson, Moderna, Oxford/AstraZeneca, Pfizer/BioNTech",6519486,6264378,12783864
2021-11-20,"Johnson&Johnson, Moderna, Oxford/AstraZeneca, Pfizer/BioNTech",6528065,6269360,12797425
2021-11-21,"Johnson&Johnson, Moderna, Pfizer/BioNTech",6534836,6273133,12807969
2021-11-22,"Johnson&Johnson, Moderna, Oxford/AstraZeneca, Pfizer/BioNTech",6553346,6287244,12840590
2021-11-23,"Johnson&Johnson, Moderna, Oxford/AstraZeneca, Pfizer/BioNTech",6572412,6300503,12872915
2021-11-24,"Johnson&Johnson, Moderna, Oxford/AstraZeneca, Pfizer/BioNTech",6591428,6316350,12907778
2021-11-25,"Johnson&Johnson, Moderna, Oxford/AstraZeneca, Pfizer/BioNTech",6610574,6331384,12941958
2021-11-26,"Johnson&Johnson, Moderna, Oxford/AstraZeneca, Pfizer/BioNTech",6632226,6350519,12982745
2021-11-27,"Johnson&Johnson, Moderna, Oxford/AstraZeneca, Pfizer/BioNTech",6639695,6356074,12995769
2021-11-28,"Johnson&Johnson, Moderna, Oxford/AstraZeneca, Pfizer/BioNTech",6643028,6359209,13002237
2021-11-29,"Johnson&Johnson, Moderna, Oxford/AstraZeneca, Pfizer/BioNTech",6658237,6372866,13031103
2021-11-30,"Johnson&Johnson, Moderna, Oxford/AstraZeneca, Pfizer/BioNTech",6671438,6384097,13055535
2021-12-01,"Johnson&Johnson, Moderna, Oxford/AstraZeneca, Pfizer/BioNTech",6685474,6396551,13082025
2021-12-02,"Johnson&Johnson, Moderna, Oxford/AstraZeneca, Pfizer/BioNTech",6696110,6409041,13105151
2021-12-03,"Johnson&Johnson, Moderna, Oxford/AstraZeneca, Pfizer/BioNTech",6705750,6424614,13130364
2021-12-04,"Johnson&Johnson, Moderna, Pfizer/BioNTech",6708307,6428564,13136871
2021-12-05,"Johnson&Johnson, Moderna, Oxford/AstraZeneca, Pfizer/BioNTech",6709666,6430902,13140568
2021-12-06,"Johnson&Johnson, Moderna, Oxford/AstraZeneca, Pfizer/BioNTech",6717813,6442431,13160244
2021-12-07,"Johnson&Johnson, Moderna, Oxford/AstraZeneca, Pfizer/BioNTech",6725701,6454440,13180141
2021-12-08,"Johnson&Johnson, Moderna, Oxford/AstraZeneca, Pfizer/BioNTech",6733943,6460368,13194311
2021-12-09,"Johnson&Johnson, Moderna, Oxford/AstraZeneca, Pfizer/BioNTech",6741064,6473186,13214250
2021-12-10,"Johnson&Johnson, Moderna, Oxford/AstraZeneca, Pfizer/BioNTech",6747996,6490991,13238987
2021-12-11,"Johnson&Johnson, Moderna, Pfizer/BioNTech",6749654,6496263,13245917
2021-12-12,"Johnson&Johnson, Moderna, Oxford/AstraZeneca, Pfizer/BioNTech",6750965,6500697,13251662
2021-12-13,"Johnson&Johnson, Moderna, Oxford/AstraZeneca, Pfizer/BioNTech",6757313,6514007,13271320
2021-12-14,"Johnson&Johnson, Moderna, Oxford/AstraZeneca, Pfizer/BioNTech",6763523,6527674,13291197
2021-12-15,"Johnson&Johnson, Moderna, Oxford/AstraZeneca, Pfizer/BioNTech",6769729,6541273,13311002
2021-12-16,"Johnson&Johnson, Moderna, Oxford/AstraZeneca, Pfizer/BioNTech",6776669,6556107,13332776
2021-12-17,"Johnson&Johnson, Moderna, Oxford/AstraZeneca, Pfizer/BioNTech",6785035,6573370,13358405
2021-12-18,"Johnson&Johnson, Moderna, Oxford/AstraZeneca, Pfizer/BioNTech",6787646,6578821,13366467
2021-12-19,"Johnson&Johnson, Moderna, Pfizer/BioNTech",6789417,6581325,13370742
2021-12-20,"Johnson&Johnson, Moderna, Oxford/AstraZeneca, Pfizer/BioNTech",6795266,6595389,13390655
2021-12-21,"Johnson&Johnson, Moderna, Oxford/AstraZeneca, Pfizer/BioNTech",6801927,6607379,13409306
2021-12-22,"Johnson&Johnson, Moderna, Oxford/AstraZeneca, Pfizer/BioNTech",6806974,6620435,13427409
2021-12-23,"Johnson&Johnson, Moderna, Oxford/AstraZeneca, Pfizer/BioNTech",6809847,6626036,13435883
2021-12-24,"Johnson&Johnson, Moderna, Oxford/AstraZeneca, Pfizer/BioNTech",6809893,6626137,13436030
2021-12-25,"Moderna, Pfizer/BioNTech",6809894,6626145,13436039
2021-12-26,"Moderna, Pfizer/BioNTech",6809996,6626347,13436343
2021-12-27,"Johnson&Johnson, Moderna, Pfizer/BioNTech",6813863,6636084,13449947
2021-12-28,"Johnson&Johnson, Moderna, Oxford/AstraZeneca, Pfizer/BioNTech",6819103,6644076,13463179
2021-12-29,"Johnson&Johnson, Moderna, Oxford/AstraZeneca, Pfizer/BioNTech",6823383,6651795,13475178
2021-12-30,"Johnson&Johnson, Moderna, Pfizer/BioNTech",6827681,6657228,13484909
2021-12-31,"Johnson&Johnson, Moderna, Pfizer/BioNTech",6828191,6658651,13486842
2022-01-01,"Johnson&Johnson, Moderna, Pfizer/BioNTech",6828196,6658669,13486865
2022-01-02,"Johnson&Johnson, Moderna, Pfizer/BioNTech",6829053,6660046,13489099
2022-01-03,"Johnson&Johnson, Moderna, Oxford/AstraZeneca, Pfizer/BioNTech",6833187,6668947,13502134
2022-01-04,"Johnson&Johnson, Moderna, Oxford/AstraZeneca, Pfizer/BioNTech",6838273,6676698,13514971
2022-01-05,"Johnson&Johnson, Moderna, Oxford/AstraZeneca, Pfizer/BioNTech",6844092,6684667,13528759
2022-01-06,"Johnson&Johnson, Moderna, Oxford/AstraZeneca, Pfizer/BioNTech",6850678,6693068,13543746
2022-01-07,"Johnson&Johnson, Moderna, Oxford/AstraZeneca, Pfizer/BioNTech",6858552,6703421,13561973
2022-01-08,"Johnson&Johnson, Moderna, Oxford/AstraZeneca, Pfizer/BioNTech",6861032,6706204,13567236
2022-01-09,"Johnson&Johnson, Moderna, Pfizer/BioNTech",6862114,6707898,13570012
2022-01-10,"Johnson&Johnson, Moderna, Oxford/AstraZeneca, Pfizer/BioNTech",6866610,6714084,13580694
2022-01-11,"Johnson&Johnson, Moderna, Oxford/AstraZeneca, Pfizer/BioNTech",6872049,6720838,13592887
2022-01-12,"Johnson&Johnson, Moderna, Oxford/AstraZeneca, Pfizer/BioNTech",6877999,6726481,13604480
2022-01-13,"Johnson&Johnson, Moderna, Oxford/AstraZeneca, Pfizer/BioNTech",6883881,6731256,13615137
2022-01-14,"Johnson&Johnson, Moderna, Oxford/AstraZeneca, Pfizer/BioNTech",6890180,6734889,13625069
2022-01-15,"Johnson&Johnson, Moderna, Oxford/AstraZeneca, Pfizer/BioNTech",6891457,6735543,13627000
2022-01-16,"Johnson&Johnson, Moderna, Oxford/AstraZeneca, Pfizer/BioNTech",6892144,6735980,13628124
2022-01-17,"Johnson&Johnson, Moderna, Oxford/AstraZeneca, Pfizer/BioNTech",6895696,6739936,13635632
2022-01-18,"Johnson&Johnson, Moderna, Oxford/AstraZeneca, Pfizer/BioNTech",6899547,6744885,13644432
2022-01-19,"Johnson&Johnson, Moderna, Oxford/AstraZeneca, Pfizer/BioNTech",6903615,6748817,13652432
2022-01-20,"Johnson&Johnson, Moderna, Oxford/AstraZeneca, Pfizer/BioNTech",6907209,6753262,13660471
2022-01-21,"Johnson&Johnson, Moderna, Oxford/AstraZeneca, Pfizer/BioNTech",6911203,6755789,13666992
2022-01-22,"Johnson&Johnson, Moderna, Pfizer/BioNTech",6911983,6756227,13668210
2022-01-23,"Johnson&Johnson, Moderna, Pfizer/BioNTech",6912544,6756861,13669405
2022-01-24,"Johnson&Johnson, Moderna, Oxford/AstraZeneca, Pfizer/BioNTech",6914810,6760295,13675105
2022-01-25,"Johnson&Johnson, Moderna, Oxford/AstraZeneca, Pfizer/BioNTech",6917163,6764289,13681452
2022-01-26,"Johnson&Johnson, Moderna, Oxford/AstraZeneca, Pfizer/BioNTech",6919548,6768853,13688401
2022-01-27,"Johnson&Johnson, Moderna, Oxford/AstraZeneca, Pfizer/BioNTech",6921872,6773663,13695535
2022-01-28,"Johnson&Johnson, Moderna, Oxford/AstraZeneca, Pfizer/BioNTech",6924784,6779822,13704606
2022-01-29,"Johnson&Johnson, Moderna, Pfizer/BioNTech",6925384,6781471,13706855
2022-01-30,"Johnson&Johnson, Moderna, Pfizer/BioNTech",6925611,6782248,13707859
2022-01-31,"Johnson&Johnson, Moderna, Pfizer/BioNTech",6927150,6786163,13713313
2022-02-01,"Johnson&Johnson, Moderna, Pfizer/BioNTech",6928744,6790195,13718939
2022-02-02,"Johnson&Johnson, Moderna, Pfizer/BioNTech",6930311,6794697,13725008
2022-02-03,"Johnson&Johnson, Moderna, Pfizer/BioNTech",6931684,6799173,13730857
2022-02-04,"Johnson&Johnson, Moderna, Pfizer/BioNTech",6933285,6804287,13737572
2022-02-05,"Johnson&Johnson, Moderna, Pfizer/BioNTech",6933458,6804896,13738354
2022-02-06,"Johnson&Johnson, Moderna, Pfizer/BioNTech",6933552,6805215,13738767
2022-02-07,"Johnson&Johnson, Moderna, Pfizer/BioNTech",6934249,6808424,13742673
2022-02-08,"Johnson&Johnson, Moderna, Pfizer/BioNTech",6935041,6811608,13746649
2022-02-09,"Johnson&Johnson, Moderna, Pfizer/BioNTech",6935864,6814977,13750841
2022-02-10,"Johnson&Johnson, Moderna, Pfizer/BioNTech",6936646,6818101,13754747
2022-02-11,"Johnson&Johnson, Moderna, Pfizer/BioNTech",6937591,6822009,13759600
2022-02-12,"Johnson&Johnson, Moderna, Pfizer/BioNTech",6937700,6822428,13760128
2022-02-13,"Johnson&Johnson, Moderna, Pfizer/BioNTech",6937733,6822865,13760598
2022-02-14,"Johnson&Johnson, Moderna, Pfizer/BioNTech",6938186,6824975,13763161
2022-02-15,"Johnson&Johnson, Moderna, Pfizer/BioNTech",6938734,6827177,13765911
2022-02-16,"Johnson&Johnson, Moderna, Pfizer/BioNTech",6939314,6829272,13768586
2022-02-17,"Johnson&Johnson, Moderna, Pfizer/BioNTech",6939903,6831606,13771509
2022-02-18,"Johnson&Johnson, Moderna, Pfizer/BioNTech",6940536,6834656,13775192
2022-02-19,"Johnson&Johnson, Moderna, Pfizer/BioNTech",6940615,6834937,13775552
2022-02-20,"Johnson&Johnson, Moderna, Pfizer/BioNTech",6940649,6835086,13775735
2022-02-21,"Johnson&Johnson, Moderna, Pfizer/BioNTech",6941002,6836782,13777784
2022-02-22,"Johnson&Johnson, Moderna, Oxford/AstraZeneca, Pfizer/BioNTech",6941372,6838457,13779829
2022-02-23,"Johnson&Johnson, Moderna, Pfizer/BioNTech",6941816,6840097,13781913
2022-02-24,"Johnson&Johnson, Moderna, Pfizer/BioNTech",6942232,6841725,13783957
2022-02-25,"Johnson&Johnson, Moderna, Pfizer/BioNTech",6942812,6843805,13786617
2022-02-26,"Johnson&Johnson, Moderna, Pfizer/BioNTech",6942873,6843964,13786837
2022-02-27,"Johnson&Johnson, Moderna, Pfizer/BioNTech",6942907,6844039,13786946
2022-02-28,"Johnson&Johnson, Moderna, Pfizer/BioNTech",6943146,6845006,13788152
2022-03-01,"Johnson&Johnson, Moderna, Pfizer/BioNTech",6943385,6845775,13789160
2022-03-02,"Johnson&Johnson, Moderna, Novavax, Pfizer/BioNTech",6943722,6846681,13790403
2022-03-03,"Johnson&Johnson, Moderna, Novavax, Pfizer/BioNTech",6944040,6847595,13791635
2022-03-04,"Johnson&Johnson, Moderna, Novavax, Pfizer/BioNTech",6944657,6848803,13793460
2022-03-05,"Johnson&Johnson, Moderna, Novavax, Pfizer/BioNTech",6944734,6848894,13793628
2022-03-06,"Moderna, Novavax, Pfizer/BioNTech",6944745,6848911,13793656
2022-03-07,"Johnson&Johnson, Moderna, Novavax, Pfizer/BioNTech",6945082,6849464,13794546
2022-03-08,"Johnson&Johnson, Moderna, Novavax, Pfizer/BioNTech",6945417,6849999,13795416
2022-03-09,"Johnson&Johnson, Moderna, Novavax, Pfizer/BioNTech",6945794,6850575,13796369
2022-03-10,"Johnson&Johnson, Moderna, Novavax, Pfizer/BioNTech",6946193,6851240,13797433
2022-03-11,"Johnson&Johnson, Moderna, Novavax, Pfizer/BioNTech",6946923,6852137,13799060
2022-03-12,"Johnson&Johnson, Moderna, Novavax, Pfizer/BioNTech",6946991,6852242,13799233
2022-03-13,"Johnson&Johnson, Moderna, Novavax, Pfizer/BioNTech",6947004,6852259,13799263
2022-03-14,"Johnson&Johnson, Moderna, Novavax, Pfizer/BioNTech",6947253,6852620,13799873
2022-03-15,"Johnson&Johnson, Moderna, Novavax, Pfizer/BioNTech",6947509,6853024,13800533
