date,vaccine,people_vaccinated,people_fully_vaccinated,total_vaccinations
2020-12-27,Pfizer/BioNTech,1279,0,1279
2020-12-28,Pfizer/BioNTech,3583,0,3583
2020-12-29,Pfizer/BioNTech,7045,0,7045
2020-12-30,Pfizer/BioNTech,10551,0,10551
2020-12-31,Pfizer/BioNTech,11853,0,11853
2021-01-01,"Moderna, Pfizer/BioNTech",12121,0,12121
2021-01-02,Pfizer/BioNTech,13400,0,13400
2021-01-03,Pfizer/BioNTech,14321,0,14321
2021-01-04,"Moderna, Pfizer/BioNTech",17924,0,17924
2021-01-05,"Moderna, Pfizer/BioNTech",22430,0,22430
2021-01-06,Pfizer/BioNTech,28263,1,28264
2021-01-07,"Moderna, Pfizer/BioNTech",36239,1,36240
2021-01-08,Pfizer/BioNTech,46273,1,46274
2021-01-09,"Moderna, Pfizer/BioNTech",48297,2,48299
2021-01-10,Pfizer/BioNTech,50061,4,50065
2021-01-11,Pfizer/BioNTech,59904,6,59910
2021-01-12,"Moderna, Pfizer/BioNTech",73299,8,73307
2021-01-13,Pfizer/BioNTech,86818,8,86826
2021-01-14,"Moderna, Pfizer/BioNTech",102029,10,102039
2021-01-15,"Moderna, Pfizer/BioNTech",116021,10,116031
2021-01-16,"Moderna, Pfizer/BioNTech",119405,13,119418
2021-01-17,"Moderna, Pfizer/BioNTech",122011,651,122662
2021-01-18,"Moderna, Pfizer/BioNTech",134487,2473,136960
2021-01-19,"Moderna, Pfizer/BioNTech",147059,5194,152253
2021-01-20,"Moderna, Pfizer/BioNTech",160712,7842,168554
2021-01-21,"Moderna, Pfizer/BioNTech",176338,9576,185914
2021-01-22,"Moderna, Pfizer/BioNTech",191186,10620,201806
2021-01-23,"Moderna, Pfizer/BioNTech",194498,11498,205996
2021-01-24,"Moderna, Pfizer/BioNTech",196750,12368,209118
2021-01-25,"Moderna, Pfizer/BioNTech",206383,15339,221722
2021-01-26,"Moderna, Pfizer/BioNTech",216916,19318,236234
2021-01-27,"Moderna, Pfizer/BioNTech",225941,23841,249782
2021-01-28,"Moderna, Pfizer/BioNTech",233019,29963,262982
2021-01-29,"Moderna, Pfizer/BioNTech",239216,37858,277074
2021-01-30,"Moderna, Pfizer/BioNTech",239947,38947,278894
2021-01-31,"Moderna, Pfizer/BioNTech",240658,40128,280786
2021-02-01,"Moderna, Pfizer/BioNTech",244628,48070,292698
2021-02-02,"Moderna, Pfizer/BioNTech",248754,58297,307051
2021-02-03,"Moderna, Pfizer/BioNTech",253163,69289,322452
2021-02-04,"Moderna, Pfizer/BioNTech",258054,82247,340301
2021-02-05,"Moderna, Pfizer/BioNTech",263505,92903,356408
2021-02-06,"Moderna, Oxford/AstraZeneca, Pfizer/BioNTech",264348,95254,359602
2021-02-07,"Moderna, Pfizer/BioNTech",265194,97742,362936
2021-02-08,"Moderna, Oxford/AstraZeneca, Pfizer/BioNTech",269260,109129,378389
2021-02-09,"Moderna, Oxford/AstraZeneca, Pfizer/BioNTech",274344,121054,395398
2021-02-10,"Moderna, Pfizer/BioNTech",279840,134278,414118
2021-02-11,"Moderna, Oxford/AstraZeneca, Pfizer/BioNTech",286146,150471,436617
2021-02-12,"Moderna, Oxford/AstraZeneca, Pfizer/BioNTech",292893,165169,458062
2021-02-13,"Moderna, Oxford/AstraZeneca, Pfizer/BioNTech",294490,168149,462639
2021-02-14,"Moderna, Oxford/AstraZeneca, Pfizer/BioNTech",295489,169527,465016
2021-02-15,"Moderna, Oxford/AstraZeneca, Pfizer/BioNTech",301882,178867,480749
2021-02-16,"Moderna, Oxford/AstraZeneca, Pfizer/BioNTech",310592,187922,498514
2021-02-17,"Moderna, Oxford/AstraZeneca, Pfizer/BioNTech",320285,196216,516501
2021-02-18,"Moderna, Oxford/AstraZeneca, Pfizer/BioNTech",332591,204265,536856
2021-02-19,"Moderna, Oxford/AstraZeneca, Pfizer/BioNTech",344436,211593,556029
2021-02-20,"Moderna, Oxford/AstraZeneca, Pfizer/BioNTech",346421,212770,559191
2021-02-21,"Moderna, Oxford/AstraZeneca, Pfizer/BioNTech",347538,213787,561325
2021-02-22,"Moderna, Oxford/AstraZeneca, Pfizer/BioNTech",357655,219801,577456
2021-02-23,"Moderna, Oxford/AstraZeneca, Pfizer/BioNTech",370586,226762,597348
2021-02-24,"Moderna, Oxford/AstraZeneca, Pfizer/BioNTech",384451,232785,617236
2021-02-25,"Moderna, Oxford/AstraZeneca, Pfizer/BioNTech",402403,238321,640724
2021-02-26,"Moderna, Oxford/AstraZeneca, Pfizer/BioNTech",418556,243651,662207
2021-02-27,"Moderna, Oxford/AstraZeneca, Pfizer/BioNTech",421558,244201,665759
2021-02-28,"Moderna, Oxford/AstraZeneca, Pfizer/BioNTech",423897,244746,668643
2021-03-01,"Moderna, Oxford/AstraZeneca, Pfizer/BioNTech",443450,248175,691625
2021-03-02,"Moderna, Oxford/AstraZeneca, Pfizer/BioNTech",470655,251711,722366
2021-03-03,"Moderna, Oxford/AstraZeneca, Pfizer/BioNTech",501495,256200,757695
2021-03-04,"Moderna, Oxford/AstraZeneca, Pfizer/BioNTech",534718,260864,795582
2021-03-05,"Johnson&Johnson, Moderna, Oxford/AstraZeneca, Pfizer/BioNTech",563517,266261,829778
2021-03-06,"Johnson&Johnson, Moderna, Oxford/AstraZeneca, Pfizer/BioNTech",575647,267112,842759
2021-03-07,"Johnson&Johnson, Moderna, Oxford/AstraZeneca, Pfizer/BioNTech",587167,267948,855115
2021-03-08,"Johnson&Johnson, Moderna, Oxford/AstraZeneca, Pfizer/BioNTech",616860,272781,889641
2021-03-09,"Johnson&Johnson, Moderna, Oxford/AstraZeneca, Pfizer/BioNTech",653142,279145,932287
2021-03-10,"Moderna, Oxford/AstraZeneca, Pfizer/BioNTech",694407,286085,980492
2021-03-11,"Johnson&Johnson, Moderna, Oxford/AstraZeneca, Pfizer/BioNTech",739197,294439,1033636
2021-03-12,"Johnson&Johnson, Moderna, Oxford/AstraZeneca, Pfizer/BioNTech",777970,302886,1080856
2021-03-13,"Moderna, Oxford/AstraZeneca, Pfizer/BioNTech",795021,304181,1099202
2021-03-14,"Moderna, Oxford/AstraZeneca, Pfizer/BioNTech",807117,305320,1112437
2021-03-15,"Moderna, Oxford/AstraZeneca, Pfizer/BioNTech",835472,314087,1149559
2021-03-16,"Johnson&Johnson, Moderna, Oxford/AstraZeneca, Pfizer/BioNTech",874336,324608,1198944
2021-03-17,"Moderna, Oxford/AstraZeneca, Pfizer/BioNTech",911785,335097,1246882
2021-03-18,"Johnson&Johnson, Moderna, Oxford/AstraZeneca, Pfizer/BioNTech",949721,347495,1297216
2021-03-19,"Moderna, Oxford/AstraZeneca, Pfizer/BioNTech",984162,361086,1345248
2021-03-20,"Johnson&Johnson, Moderna, Oxford/AstraZeneca, Pfizer/BioNTech",999279,363096,1362375
2021-03-21,"Johnson&Johnson, Moderna, Oxford/AstraZeneca, Pfizer/BioNTech",1006672,364638,1371310
2021-03-22,"Johnson&Johnson, Moderna, Oxford/AstraZeneca, Pfizer/BioNTech",1031188,377129,1408317
2021-03-23,"Johnson&Johnson, Moderna, Oxford/AstraZeneca, Pfizer/BioNTech",1057787,390463,1448250
2021-03-24,"Johnson&Johnson, Moderna, Oxford/AstraZeneca, Pfizer/BioNTech",1084612,406172,1490784
2021-03-25,"Moderna, Oxford/AstraZeneca, Pfizer/BioNTech",1110904,424003,1534907
2021-03-26,"Moderna, Oxford/AstraZeneca, Pfizer/BioNTech",1135683,441487,1577170
2021-03-27,"Johnson&Johnson, Moderna, Oxford/AstraZeneca, Pfizer/BioNTech",1144099,446322,1590421
2021-03-28,"Moderna, Oxford/AstraZeneca, Pfizer/BioNTech",1149627,450455,1600082
2021-03-29,"Johnson&Johnson, Moderna, Oxford/AstraZeneca, Pfizer/BioNTech",1168722,471152,1639874
2021-03-30,"Johnson&Johnson, Moderna, Oxford/AstraZeneca, Pfizer/BioNTech",1193397,493312,1686709
2021-03-31,"Johnson&Johnson, Moderna, Oxford/AstraZeneca, Pfizer/BioNTech",1216467,520346,1736813
2021-04-01,"Johnson&Johnson, Moderna, Oxford/AstraZeneca, Pfizer/BioNTech",1242039,552376,1794415
2021-04-02,"Johnson&Johnson, Moderna, Oxford/AstraZeneca, Pfizer/BioNTech",1248932,565158,1814090
2021-04-03,"Johnson&Johnson, Moderna, Oxford/AstraZeneca, Pfizer/BioNTech",1252530,576063,1828593
2021-04-04,"Johnson&Johnson, Moderna, Oxford/AstraZeneca, Pfizer/BioNTech",1255020,584963,1839983
2021-04-05,"Johnson&Johnson, Moderna, Oxford/AstraZeneca, Pfizer/BioNTech",1257394,592134,1849528
2021-04-06,"Johnson&Johnson, Moderna, Oxford/AstraZeneca, Pfizer/BioNTech",1273487,621353,1894840
2021-04-07,"Johnson&Johnson, Moderna, Oxford/AstraZeneca, Pfizer/BioNTech",1296857,643551,1940408
2021-04-08,"Johnson&Johnson, Moderna, Oxford/AstraZeneca, Pfizer/BioNTech",1335498,674541,2010039
2021-04-09,"Johnson&Johnson, Moderna, Oxford/AstraZeneca, Pfizer/BioNTech",1374978,704704,2079682
2021-04-10,"Johnson&Johnson, Moderna, Oxford/AstraZeneca, Pfizer/BioNTech",1390425,719979,2110404
2021-04-11,"Johnson&Johnson, Moderna, Oxford/AstraZeneca, Pfizer/BioNTech",1400176,729995,2130171
2021-04-12,"Johnson&Johnson, Moderna, Oxford/AstraZeneca, Pfizer/BioNTech",1438394,755093,2193487
2021-04-13,"Moderna, Oxford/AstraZeneca, Pfizer/BioNTech",1474599,781109,2255708
2021-04-14,"Moderna, Oxford/AstraZeneca, Pfizer/BioNTech",1513365,808436,2321801
2021-04-15,"Moderna, Oxford/AstraZeneca, Pfizer/BioNTech",1561114,834125,2395239
2021-04-16,"Moderna, Oxford/AstraZeneca, Pfizer/BioNTech",1605726,859737,2465463
2021-04-17,"Moderna, Oxford/AstraZeneca, Pfizer/BioNTech",1622386,868750,2491136
2021-04-18,"Moderna, Oxford/AstraZeneca, Pfizer/BioNTech",1635349,873727,2509076
2021-04-19,"Moderna, Oxford/AstraZeneca, Pfizer/BioNTech",1679320,889168,2568488
2021-04-20,"Johnson&Johnson, Moderna, Oxford/AstraZeneca, Pfizer/BioNTech",1721839,905012,2626851
2021-04-21,"Moderna, Oxford/AstraZeneca, Pfizer/BioNTech",1769534,919337,2688871
2021-04-22,"Johnson&Johnson, Moderna, Oxford/AstraZeneca, Pfizer/BioNTech",1823994,936694,2760688
2021-04-23,"Johnson&Johnson, Moderna, Oxford/AstraZeneca, Pfizer/BioNTech",1873914,948724,2822638
2021-04-24,"Johnson&Johnson, Moderna, Oxford/AstraZeneca, Pfizer/BioNTech",1891724,953954,2845678
2021-04-25,"Johnson&Johnson, Moderna, Oxford/AstraZeneca, Pfizer/BioNTech",1906394,957936,2864330
2021-04-26,"Johnson&Johnson, Moderna, Oxford/AstraZeneca, Pfizer/BioNTech",1955960,965476,2921436
2021-04-27,"Johnson&Johnson, Moderna, Oxford/AstraZeneca, Pfizer/BioNTech",2004917,977673,2982590
2021-04-28,"Johnson&Johnson, Moderna, Oxford/AstraZeneca, Pfizer/BioNTech",2063646,991636,3055282
2021-04-29,"Johnson&Johnson, Moderna, Oxford/AstraZeneca, Pfizer/BioNTech",2129183,1007483,3136666
2021-04-30,"Johnson&Johnson, Moderna, Oxford/AstraZeneca, Pfizer/BioNTech",2191372,1017411,3208783
2021-05-01,"Johnson&Johnson, Moderna, Oxford/AstraZeneca, Pfizer/BioNTech",2210664,1020828,3231492
2021-05-02,"Johnson&Johnson, Moderna, Oxford/AstraZeneca, Pfizer/BioNTech",2229557,1023078,3252635
2021-05-03,"Johnson&Johnson, Moderna, Oxford/AstraZeneca, Pfizer/BioNTech",2296777,1028123,3324900
2021-05-04,"Johnson&Johnson, Moderna, Oxford/AstraZeneca, Pfizer/BioNTech",2363252,1036427,3399679
2021-05-05,"Johnson&Johnson, Moderna, Oxford/AstraZeneca, Pfizer/BioNTech",2436380,1045790,3482170
2021-05-06,"Johnson&Johnson, Moderna, Oxford/AstraZeneca, Pfizer/BioNTech",2516743,1056463,3573206
2021-05-07,"Johnson&Johnson, Moderna, Oxford/AstraZeneca, Pfizer/BioNTech",2594008,1066522,3660530
2021-05-08,"Johnson&Johnson, Moderna, Oxford/AstraZeneca, Pfizer/BioNTech",2623409,1068260,3691669
2021-05-09,"Johnson&Johnson, Moderna, Oxford/AstraZeneca, Pfizer/BioNTech",2647577,1069447,3717024
2021-05-10,"Johnson&Johnson, Moderna, Oxford/AstraZeneca, Pfizer/BioNTech",2720310,1076638,3796948
2021-05-11,"Johnson&Johnson, Moderna, Oxford/AstraZeneca, Pfizer/BioNTech",2796378,1085408,3881786
2021-05-12,"Johnson&Johnson, Moderna, Oxford/AstraZeneca, Pfizer/BioNTech",2876203,1094453,3970656
2021-05-13,"Johnson&Johnson, Moderna, Oxford/AstraZeneca, Pfizer/BioNTech",2960193,1103581,4063774
2021-05-14,"Johnson&Johnson, Moderna, Oxford/AstraZeneca, Pfizer/BioNTech",3039592,1111308,4150900
2021-05-15,"Johnson&Johnson, Moderna, Oxford/AstraZeneca, Pfizer/BioNTech",3071430,1113498,4184928
2021-05-16,"Johnson&Johnson, Moderna, Oxford/AstraZeneca, Pfizer/BioNTech",3097174,1114737,4211911
2021-05-17,"Johnson&Johnson, Moderna, Oxford/AstraZeneca, Pfizer/BioNTech",3169652,1121418,4291070
2021-05-18,"Johnson&Johnson, Moderna, Oxford/AstraZeneca, Pfizer/BioNTech",3241557,1134405,4375962
2021-05-19,"Johnson&Johnson, Moderna, Oxford/AstraZeneca, Pfizer/BioNTech",3318992,1149496,4468488
2021-05-20,"Johnson&Johnson, Moderna, Oxford/AstraZeneca, Pfizer/BioNTech",3394391,1176458,4570849
2021-05-21,"Johnson&Johnson, Moderna, Oxford/AstraZeneca, Pfizer/BioNTech",3463125,1204140,4667265
2021-05-22,"Johnson&Johnson, Moderna, Oxford/AstraZeneca, Pfizer/BioNTech",3495459,1215276,4710735
2021-05-23,"Johnson&Johnson, Moderna, Oxford/AstraZeneca, Pfizer/BioNTech",3517763,1224281,4742044
2021-05-24,"Johnson&Johnson, Moderna, Oxford/AstraZeneca, Pfizer/BioNTech",3564839,1257881,4822720
2021-05-25,"Johnson&Johnson, Moderna, Oxford/AstraZeneca, Pfizer/BioNTech",3616674,1293624,4910298
2021-05-26,"Johnson&Johnson, Moderna, Oxford/AstraZeneca, Pfizer/BioNTech",3684403,1331097,5015500
2021-05-27,"Johnson&Johnson, Moderna, Oxford/AstraZeneca, Pfizer/BioNTech",3745752,1378359,5124111
2021-05-28,"Johnson&Johnson, Moderna, Oxford/AstraZeneca, Pfizer/BioNTech",3807413,1424853,5232266
2021-05-29,"Johnson&Johnson, Moderna, Oxford/AstraZeneca, Pfizer/BioNTech",3836562,1441921,5278483
2021-05-30,"Johnson&Johnson, Moderna, Oxford/AstraZeneca, Pfizer/BioNTech",3858902,1456327,5315229
2021-05-31,"Johnson&Johnson, Moderna, Oxford/AstraZeneca, Pfizer/BioNTech",3914620,1503830,5418450
2021-06-01,"Johnson&Johnson, Moderna, Oxford/AstraZeneca, Pfizer/BioNTech",3973633,1552595,5526228
2021-06-02,"Johnson&Johnson, Moderna, Oxford/AstraZeneca, Pfizer/BioNTech",4036502,1606491,5642993
2021-06-03,"Johnson&Johnson, Moderna, Oxford/AstraZeneca, Pfizer/BioNTech",4094716,1666638,5761354
2021-06-04,"Johnson&Johnson, Moderna, Oxford/AstraZeneca, Pfizer/BioNTech",4157790,1723946,5881736
2021-06-05,"Johnson&Johnson, Moderna, Oxford/AstraZeneca, Pfizer/BioNTech",4191918,1742718,5934636
2021-06-06,"Johnson&Johnson, Moderna, Oxford/AstraZeneca, Pfizer/BioNTech",4218817,1757810,5976627
2021-06-07,"Johnson&Johnson, Moderna, Oxford/AstraZeneca, Pfizer/BioNTech",4282480,1813377,6095857
2021-06-08,"Johnson&Johnson, Moderna, Oxford/AstraZeneca, Pfizer/BioNTech",4346440,1868279,6214719
2021-06-09,"Johnson&Johnson, Moderna, Oxford/AstraZeneca, Pfizer/BioNTech",4405620,1932628,6338248
2021-06-10,"Johnson&Johnson, Moderna, Oxford/AstraZeneca, Pfizer/BioNTech",4459495,2003636,6463131
2021-06-11,"Johnson&Johnson, Moderna, Oxford/AstraZeneca, Pfizer/BioNTech",4511574,2073268,6584842
2021-06-12,"Johnson&Johnson, Moderna, Oxford/AstraZeneca, Pfizer/BioNTech",4543554,2093994,6637548
2021-06-13,"Johnson&Johnson, Moderna, Oxford/AstraZeneca, Pfizer/BioNTech",4567555,2112348,6679903
2021-06-14,"Johnson&Johnson, Moderna, Oxford/AstraZeneca, Pfizer/BioNTech",4610618,2186639,6797257
2021-06-15,"Johnson&Johnson, Moderna, Oxford/AstraZeneca, Pfizer/BioNTech",4655247,2258883,6914130
2021-06-16,"Johnson&Johnson, Moderna, Oxford/AstraZeneca, Pfizer/BioNTech",4697968,2337006,7034974
2021-06-17,"Johnson&Johnson, Moderna, Oxford/AstraZeneca, Pfizer/BioNTech",4737332,2419967,7157299
2021-06-18,"Johnson&Johnson, Moderna, Oxford/AstraZeneca, Pfizer/BioNTech",4779711,2500362,7280073
2021-06-19,"Johnson&Johnson, Moderna, Oxford/AstraZeneca, Pfizer/BioNTech",4801443,2529576,7331019
2021-06-20,"Johnson&Johnson, Moderna, Oxford/AstraZeneca, Pfizer/BioNTech",4818797,2553333,7372130
2021-06-21,"Johnson&Johnson, Moderna, Oxford/AstraZeneca, Pfizer/BioNTech",4851295,2631801,7483096
2021-06-22,"Johnson&Johnson, Moderna, Oxford/AstraZeneca, Pfizer/BioNTech",4884248,2713957,7598205
2021-06-23,"Johnson&Johnson, Moderna, Oxford/AstraZeneca, Pfizer/BioNTech",4915889,2799075,7714964
2021-06-24,"Johnson&Johnson, Moderna, Oxford/AstraZeneca, Pfizer/BioNTech",4945716,2889005,7834721
2021-06-25,"Johnson&Johnson, Moderna, Oxford/AstraZeneca, Pfizer/BioNTech",4976756,2975019,7951775
2021-06-26,"Johnson&Johnson, Moderna, Oxford/AstraZeneca, Pfizer/BioNTech",4992609,3009754,8002363
2021-06-27,"Johnson&Johnson, Moderna, Oxford/AstraZeneca, Pfizer/BioNTech",5006548,3036341,8042889
2021-06-28,"Johnson&Johnson, Moderna, Oxford/AstraZeneca, Pfizer/BioNTech",5034961,3121423,8156384
2021-06-29,"Johnson&Johnson, Moderna, Oxford/AstraZeneca, Pfizer/BioNTech",5064216,3207797,8272013
2021-06-30,"Johnson&Johnson, Moderna, Oxford/AstraZeneca, Pfizer/BioNTech",5091714,3298639,8390353
2021-07-01,"Johnson&Johnson, Moderna, Oxford/AstraZeneca, Pfizer/BioNTech",5115655,3388543,8504198
2021-07-02,"Johnson&Johnson, Moderna, Oxford/AstraZeneca, Pfizer/BioNTech",5142371,3474248,8616619
2021-07-03,"Johnson&Johnson, Moderna, Oxford/AstraZeneca, Pfizer/BioNTech",5149439,3505695,8655134
2021-07-04,"Johnson&Johnson, Moderna, Oxford/AstraZeneca, Pfizer/BioNTech",5156981,3527455,8684436
2021-07-05,"Johnson&Johnson, Moderna, Oxford/AstraZeneca, Pfizer/BioNTech",5164326,3552771,8717097
2021-07-06,"Johnson&Johnson, Moderna, Oxford/AstraZeneca, Pfizer/BioNTech",5169718,3580338,8750056
2021-07-07,"Johnson&Johnson, Moderna, Oxford/AstraZeneca, Pfizer/BioNTech",5195493,3659204,8854697
2021-07-08,"Johnson&Johnson, Moderna, Oxford/AstraZeneca, Pfizer/BioNTech",5222072,3729419,8951491
2021-07-09,"Johnson&Johnson, Moderna, Oxford/AstraZeneca, Pfizer/BioNTech",5249970,3798580,9048550
2021-07-10,"Johnson&Johnson, Moderna, Oxford/AstraZeneca, Pfizer/BioNTech",5259303,3827141,9086444
2021-07-11,"Johnson&Johnson, Moderna, Oxford/AstraZeneca, Pfizer/BioNTech",5267819,3849989,9117808
2021-07-12,"Johnson&Johnson, Moderna, Oxford/AstraZeneca, Pfizer/BioNTech",5295345,3919001,9214346
2021-07-13,"Johnson&Johnson, Moderna, Oxford/AstraZeneca, Pfizer/BioNTech",5321530,3988779,9310309
2021-07-14,"Johnson&Johnson, Moderna, Oxford/AstraZeneca, Pfizer/BioNTech",5347354,4060668,9408022
2021-07-15,"Johnson&Johnson, Moderna, Oxford/AstraZeneca, Pfizer/BioNTech",5376535,4126578,9503113
2021-07-16,"Johnson&Johnson, Moderna, Oxford/AstraZeneca, Pfizer/BioNTech",5404461,4199185,9603646
2021-07-17,"Johnson&Johnson, Moderna, Oxford/AstraZeneca, Pfizer/BioNTech",5413211,4230565,9643776
2021-07-18,"Johnson&Johnson, Moderna, Oxford/AstraZeneca, Pfizer/BioNTech",5421643,4256523,9678166
2021-07-19,"Johnson&Johnson, Moderna, Oxford/AstraZeneca, Pfizer/BioNTech",5444975,4323460,9768435
2021-07-20,"Johnson&Johnson, Moderna, Oxford/AstraZeneca, Pfizer/BioNTech",5466356,4390407,9856763
2021-07-21,"Johnson&Johnson, Moderna, Oxford/AstraZeneca, Pfizer/BioNTech",5489795,4453758,9943553
2021-07-22,"Johnson&Johnson, Moderna, Oxford/AstraZeneca, Pfizer/BioNTech",5512133,4512286,10024419
2021-07-23,"Johnson&Johnson, Moderna, Oxford/AstraZeneca, Pfizer/BioNTech",5535296,4566912,10102208
2021-07-24,"Johnson&Johnson, Moderna, Oxford/AstraZeneca, Pfizer/BioNTech",5542595,4594513,10137108
2021-07-25,"Johnson&Johnson, Moderna, Oxford/AstraZeneca, Pfizer/BioNTech",5549191,4616589,10165780
2021-07-26,"Johnson&Johnson, Moderna, Oxford/AstraZeneca, Pfizer/BioNTech",5572689,4665146,10237835
2021-07-27,"Johnson&Johnson, Moderna, Oxford/AstraZeneca, Pfizer/BioNTech",5595396,4711674,10307070
2021-07-28,"Johnson&Johnson, Moderna, Oxford/AstraZeneca, Pfizer/BioNTech",5616615,4757549,10374164
2021-07-29,"Johnson&Johnson, Moderna, Oxford/AstraZeneca, Pfizer/BioNTech",5637900,4799396,10437296
2021-07-30,"Johnson&Johnson, Moderna, Oxford/AstraZeneca, Pfizer/BioNTech",5661156,4841848,10503004
2021-07-31,"Johnson&Johnson, Moderna, Oxford/AstraZeneca, Pfizer/BioNTech",5670070,4861334,10531404
2021-08-01,"Johnson&Johnson, Moderna, Oxford/AstraZeneca, Pfizer/BioNTech",5676776,4877458,10554234
2021-08-02,"Johnson&Johnson, Moderna, Oxford/AstraZeneca, Pfizer/BioNTech",5695374,4914925,10610299
2021-08-03,"Johnson&Johnson, Moderna, Oxford/AstraZeneca, Pfizer/BioNTech",5712985,4952944,10665929
2021-08-04,"Johnson&Johnson, Moderna, Oxford/AstraZeneca, Pfizer/BioNTech",5729049,4989590,10718639
2021-08-05,"Johnson&Johnson, Moderna, Oxford/AstraZeneca, Pfizer/BioNTech",5745048,5029965,10775013
2021-08-06,"Johnson&Johnson, Moderna, Oxford/AstraZeneca, Pfizer/BioNTech",5761812,5073154,10834966
2021-08-07,"Johnson&Johnson, Moderna, Oxford/AstraZeneca, Pfizer/BioNTech",5767383,5091274,10858657
2021-08-08,"Johnson&Johnson, Moderna, Oxford/AstraZeneca, Pfizer/BioNTech",5771730,5106994,10878724
2021-08-09,"Johnson&Johnson, Moderna, Oxford/AstraZeneca, Pfizer/BioNTech",5784356,5151974,10936330
2021-08-10,"Johnson&Johnson, Moderna, Oxford/AstraZeneca, Pfizer/BioNTech",5796167,5191466,10987633
2021-08-11,"Johnson&Johnson, Moderna, Oxford/AstraZeneca, Pfizer/BioNTech",5807508,5234537,11042045
2021-08-12,"Johnson&Johnson, Moderna, Oxford/AstraZeneca, Pfizer/BioNTech",5818900,5271537,11090437
2021-08-13,"Johnson&Johnson, Moderna, Oxford/AstraZeneca, Pfizer/BioNTech",5829574,5311777,11141351
2021-08-14,"Johnson&Johnson, Moderna, Oxford/AstraZeneca, Pfizer/BioNTech",5832905,5322444,11155349
2021-08-15,"Johnson&Johnson, Moderna, Oxford/AstraZeneca, Pfizer/BioNTech",5835479,5332794,11168273
2021-08-16,"Johnson&Johnson, Moderna, Oxford/AstraZeneca, Pfizer/BioNTech",5845244,5366791,11212035
2021-08-17,"Johnson&Johnson, Moderna, Oxford/AstraZeneca, Pfizer/BioNTech",5854812,5393830,11248642
2021-08-18,"Johnson&Johnson, Moderna, Oxford/AstraZeneca, Pfizer/BioNTech",5864171,5432632,11296803
2021-08-19,"Johnson&Johnson, Moderna, Oxford/AstraZeneca, Pfizer/BioNTech",5873825,5470927,11344752
2021-08-20,"Johnson&Johnson, Moderna, Oxford/AstraZeneca, Pfizer/BioNTech",5885155,5511050,11396205
2021-08-21,"Johnson&Johnson, Moderna, Oxford/AstraZeneca, Pfizer/BioNTech",5887859,5523778,11411637
2021-08-22,"Johnson&Johnson, Moderna, Oxford/AstraZeneca, Pfizer/BioNTech",5890190,5535725,11425915
2021-08-23,"Johnson&Johnson, Moderna, Oxford/AstraZeneca, Pfizer/BioNTech",5900701,5574907,11475608
2021-08-24,"Johnson&Johnson, Moderna, Oxford/AstraZeneca, Pfizer/BioNTech",5910552,5608094,11518646
2021-08-25,"Johnson&Johnson, Moderna, Oxford/AstraZeneca, Pfizer/BioNTech",5919389,5636394,11555783
2021-08-26,"Johnson&Johnson, Moderna, Oxford/AstraZeneca, Pfizer/BioNTech",5927806,5662448,11590254
2021-08-27,"Johnson&Johnson, Moderna, Oxford/AstraZeneca, Pfizer/BioNTech",5938107,5688341,11626448
2021-08-28,"Johnson&Johnson, Moderna, Oxford/AstraZeneca, Pfizer/BioNTech",5940818,5695351,11636169
2021-08-29,"Johnson&Johnson, Moderna, Oxford/AstraZeneca, Pfizer/BioNTech",5943219,5701959,11645178
2021-08-30,"Johnson&Johnson, Moderna, Oxford/AstraZeneca, Pfizer/BioNTech",5951721,5723768,11675489
2021-08-31,"Johnson&Johnson, Moderna, Oxford/AstraZeneca, Pfizer/BioNTech",5959364,5741798,11701162
2021-09-01,"Johnson&Johnson, Moderna, Oxford/AstraZeneca, Pfizer/BioNTech",5965227,5755746,11720973
2021-09-02,"Johnson&Johnson, Moderna, Oxford/AstraZeneca, Pfizer/BioNTech",5972012,5770080,11742092
2021-09-03,"Johnson&Johnson, Moderna, Oxford/AstraZeneca, Pfizer/BioNTech",5981493,5785714,11767207
2021-09-04,"Johnson&Johnson, Moderna, Oxford/AstraZeneca, Pfizer/BioNTech",5983542,5789244,11772786
2021-09-05,"Johnson&Johnson, Moderna, Oxford/AstraZeneca, Pfizer/BioNTech",5985566,5792070,11777636
2021-09-06,"Johnson&Johnson, Moderna, Oxford/AstraZeneca, Pfizer/BioNTech",5991728,5804548,11796276
2021-09-07,"Johnson&Johnson, Moderna, Oxford/AstraZeneca, Pfizer/BioNTech",5996075,5815605,11811680
2021-09-08,"Johnson&Johnson, Moderna, Oxford/AstraZeneca, Pfizer/BioNTech",6001702,5825417,11827119
2021-09-09,"Johnson&Johnson, Moderna, Oxford/AstraZeneca, Pfizer/BioNTech",6008335,5835454,11843789
2021-09-10,"Johnson&Johnson, Moderna, Oxford/AstraZeneca, Pfizer/BioNTech",6015968,5847598,11863566
2021-09-11,"Johnson&Johnson, Moderna, Pfizer/BioNTech",6017819,5850059,11867878
2021-09-12,"Johnson&Johnson, Moderna, Oxford/AstraZeneca, Pfizer/BioNTech",6018926,5851677,11870603
2021-09-13,"Johnson&Johnson, Moderna, Oxford/AstraZeneca, Pfizer/BioNTech",6024318,5861917,11886235
2021-09-14,"Johnson&Johnson, Moderna, Oxford/AstraZeneca, Pfizer/BioNTech",6029658,5870898,11900556
2021-09-15,"Johnson&Johnson, Moderna, Oxford/AstraZeneca, Pfizer/BioNTech",6034803,5879395,11914198
2021-09-16,"Johnson&Johnson, Moderna, Oxford/AstraZeneca, Pfizer/BioNTech",6040042,5887637,11927679
2021-09-17,"Johnson&Johnson, Moderna, Oxford/AstraZeneca, Pfizer/BioNTech",6046541,5897818,11944359
2021-09-18,"Johnson&Johnson, Moderna, Pfizer/BioNTech",6048259,5900153,11948412
2021-09-19,"Johnson&Johnson, Moderna, Oxford/AstraZeneca, Pfizer/BioNTech",6049195,5901713,11950908
2021-09-20,"Johnson&Johnson, Moderna, Oxford/AstraZeneca, Pfizer/BioNTech",6053128,5909873,11963001
2021-09-21,"Johnson&Johnson, Moderna, Oxford/AstraZeneca, Pfizer/BioNTech",6057172,5917372,11974544
2021-09-22,"Johnson&Johnson, Moderna, Oxford/AstraZeneca, Pfizer/BioNTech",6061269,5922867,11984136
2021-09-23,"Johnson&Johnson, Moderna, Oxford/AstraZeneca, Pfizer/BioNTech",6066198,5929252,11995450
2021-09-24,"Johnson&Johnson, Moderna, Oxford/AstraZeneca, Pfizer/BioNTech",6071889,5938835,12010724
2021-09-25,"Johnson&Johnson, Moderna, Pfizer/BioNTech",6073366,5940808,12014174
2021-09-26,"Johnson&Johnson, Moderna, Pfizer/BioNTech",6074099,5942425,12016524
2021-09-27,"Johnson&Johnson, Moderna, Oxford/AstraZeneca, Pfizer/BioNTech",6077880,5948876,12026756
2021-09-28,"Johnson&Johnson, Moderna, Pfizer/BioNTech",6078206,5949470,12027676
2021-09-29,"Johnson&Johnson, Moderna, Oxford/AstraZeneca, Pfizer/BioNTech",6081908,5956869,12038777
2021-09-30,"Johnson&Johnson, Moderna, Oxford/AstraZeneca, Pfizer/BioNTech",6086266,5964512,12050778
2021-10-01,"Johnson&Johnson, Moderna, Oxford/AstraZeneca, Pfizer/BioNTech",6090365,5972376,12062741
2021-10-02,"Johnson&Johnson, Moderna, Pfizer/BioNTech",6091400,5973899,12065299
2021-10-03,"Johnson&Johnson, Moderna, Pfizer/BioNTech",6092104,5974759,12066863
2021-10-04,"Johnson&Johnson, Moderna, Oxford/AstraZeneca, Pfizer/BioNTech",6095048,5980269,12075317
2021-10-05,"Johnson&Johnson, Moderna, Oxford/AstraZeneca, Pfizer/BioNTech",6097958,5985205,12083163
2021-10-06,"Johnson&Johnson, Moderna, Oxford/AstraZeneca, Pfizer/BioNTech",6101316,5990246,12091562
2021-10-07,"Johnson&Johnson, Moderna, Oxford/AstraZeneca, Pfizer/BioNTech",6104428,5995392,12099820
2021-10-08,"Johnson&Johnson, Moderna, Oxford/AstraZeneca, Pfizer/BioNTech",6109137,6001952,12111089
2021-10-09,"Johnson&Johnson, Moderna, Pfizer/BioNTech",6110355,6003587,12113942
2021-10-10,"Johnson&Johnson, Moderna, Pfizer/BioNTech",6111267,6004413,12115680
2021-10-11,"Johnson&Johnson, Moderna, Oxford/AstraZeneca, Pfizer/BioNTech",6114105,6008753,12122858
2021-10-12,"Johnson&Johnson, Moderna, Oxford/AstraZeneca, Pfizer/BioNTech",6116716,6012543,12129259
2021-10-13,"Johnson&Johnson, Moderna, Oxford/AstraZeneca, Pfizer/BioNTech",6120012,6016551,12136563
2021-10-14,"Johnson&Johnson, Moderna, Oxford/AstraZeneca, Pfizer/BioNTech",6123507,6021414,12144921
2021-10-15,"Johnson&Johnson, Moderna, Oxford/AstraZeneca, Pfizer/BioNTech",6128471,6027399,12155870
2021-10-16,"Johnson&Johnson, Moderna, Pfizer/BioNTech",6129830,6028905,12158735
2021-10-17,"Johnson&Johnson, Moderna, Pfizer/BioNTech",6131140,6029953,12161093
2021-10-18,"Johnson&Johnson, Moderna, Oxford/AstraZeneca, Pfizer/BioNTech",6135019,6033880,12168899
2021-10-19,"Johnson&Johnson, Moderna, Oxford/AstraZeneca, Pfizer/BioNTech",6138409,6035863,12174272
2021-10-20,"Johnson&Johnson, Moderna, Oxford/AstraZeneca, Pfizer/BioNTech",6143063,6040110,12183173
2021-10-21,"Johnson&Johnson, Moderna, Oxford/AstraZeneca, Pfizer/BioNTech",6150526,6045502,12196028
2021-10-22,"Johnson&Johnson, Moderna, Oxford/AstraZeneca, Pfizer/BioNTech",6160421,6051653,12212074
2021-10-23,"Johnson&Johnson, Moderna, Pfizer/BioNTech",6163557,6053387,12216944
2021-10-24,"Johnson&Johnson, Moderna, Pfizer/BioNTech",6165775,6054728,12220503
2021-10-25,"Johnson&Johnson, Moderna, Oxford/AstraZeneca, Pfizer/BioNTech",6174643,6059460,12234103
