date,vaccine,people_vaccinated,people_fully_vaccinated,total_vaccinations
2020-12-27,Pfizer/BioNTech,1275,0,1275
2020-12-28,Pfizer/BioNTech,3575,0,3575
2020-12-29,Pfizer/BioNTech,7031,0,7031
2020-12-30,Pfizer/BioNTech,10524,0,10524
2020-12-31,Pfizer/BioNTech,11829,0,11829
2021-01-01,"Moderna, Pfizer/BioNTech",12094,0,12094
2021-01-02,Pfizer/BioNTech,13367,0,13367
2021-01-03,Pfizer/BioNTech,14286,0,14286
2021-01-04,"Moderna, Pfizer/BioNTech",17881,0,17881
2021-01-05,"Moderna, Pfizer/BioNTech",22383,0,22383
2021-01-06,Pfizer/BioNTech,28221,0,28221
2021-01-07,Pfizer/BioNTech,36185,0,36185
2021-01-08,Pfizer/BioNTech,46156,0,46156
2021-01-09,Pfizer/BioNTech,48174,0,48174
2021-01-10,Pfizer/BioNTech,49932,2,49934
2021-01-11,Pfizer/BioNTech,59749,4,59753
2021-01-12,Pfizer/BioNTech,73149,6,73155
2021-01-13,Pfizer/BioNTech,86645,6,86651
2021-01-14,"Moderna, Pfizer/BioNTech",101835,8,101843
2021-01-15,"Moderna, Pfizer/BioNTech",115797,8,115805
2021-01-16,"Moderna, Pfizer/BioNTech",119175,10,119185
2021-01-17,"Moderna, Pfizer/BioNTech",121778,651,122429
2021-01-18,"Moderna, Pfizer/BioNTech",134245,2473,136718
2021-01-19,"Moderna, Pfizer/BioNTech",146796,5185,151981
2021-01-20,"Moderna, Pfizer/BioNTech",160424,7829,168253
2021-01-21,"Moderna, Pfizer/BioNTech",176022,9560,185582
2021-01-22,"Moderna, Pfizer/BioNTech",190838,10603,201441
2021-01-23,"Moderna, Pfizer/BioNTech",194131,11474,205605
2021-01-24,"Moderna, Pfizer/BioNTech",196374,12343,208717
2021-01-25,"Moderna, Pfizer/BioNTech",205989,15313,221302
2021-01-26,"Moderna, Pfizer/BioNTech",216499,19282,235781
2021-01-27,"Moderna, Pfizer/BioNTech",225502,23795,249297
2021-01-28,"Moderna, Pfizer/BioNTech",232563,29903,262466
2021-01-29,"Moderna, Pfizer/BioNTech",238757,37772,276529
2021-01-30,"Moderna, Pfizer/BioNTech",239488,38859,278347
2021-01-31,"Moderna, Pfizer/BioNTech",240194,40037,280231
2021-02-01,"Moderna, Pfizer/BioNTech",244152,47957,292109
2021-02-02,"Moderna, Pfizer/BioNTech",248277,58167,306444
2021-02-03,"Moderna, Pfizer/BioNTech",252677,69142,321819
2021-02-04,"Moderna, Pfizer/BioNTech",257566,82092,339658
2021-02-05,"Moderna, Pfizer/BioNTech",263008,92732,355740
2021-02-06,"Moderna, Pfizer/BioNTech",263848,95079,358927
2021-02-07,"Moderna, Pfizer/BioNTech",264696,97565,362261
2021-02-08,"Moderna, Oxford/AstraZeneca, Pfizer/BioNTech",268742,108939,377681
2021-02-09,"Moderna, Oxford/AstraZeneca, Pfizer/BioNTech",273815,120849,394664
2021-02-10,"Moderna, Pfizer/BioNTech",279295,134045,413340
2021-02-11,"Moderna, Oxford/AstraZeneca, Pfizer/BioNTech",285587,150208,435795
2021-02-12,"Moderna, Oxford/AstraZeneca, Pfizer/BioNTech",292315,164880,457195
2021-02-13,"Moderna, Oxford/AstraZeneca, Pfizer/BioNTech",293901,167857,461758
2021-02-14,"Moderna, Oxford/AstraZeneca, Pfizer/BioNTech",294892,169231,464123
2021-02-15,"Moderna, Oxford/AstraZeneca, Pfizer/BioNTech",301277,178558,479835
2021-02-16,"Moderna, Oxford/AstraZeneca, Pfizer/BioNTech",309975,187600,497575
2021-02-17,"Moderna, Oxford/AstraZeneca, Pfizer/BioNTech",319653,195869,515522
2021-02-18,"Moderna, Oxford/AstraZeneca, Pfizer/BioNTech",331939,203901,535840
2021-02-19,"Moderna, Oxford/AstraZeneca, Pfizer/BioNTech",343772,211210,554982
2021-02-20,"Moderna, Oxford/AstraZeneca, Pfizer/BioNTech",345746,212381,558127
2021-02-21,"Moderna, Oxford/AstraZeneca, Pfizer/BioNTech",346852,213394,560246
2021-02-22,"Moderna, Oxford/AstraZeneca, Pfizer/BioNTech",356949,219394,576343
2021-02-23,"Moderna, Oxford/AstraZeneca, Pfizer/BioNTech",369848,226341,596189
2021-02-24,"Moderna, Oxford/AstraZeneca, Pfizer/BioNTech",383690,232346,616036
2021-02-25,"Moderna, Oxford/AstraZeneca, Pfizer/BioNTech",401633,237875,639508
2021-02-26,"Moderna, Oxford/AstraZeneca, Pfizer/BioNTech",417766,243196,660962
2021-02-27,"Moderna, Oxford/AstraZeneca, Pfizer/BioNTech",420766,243746,664512
2021-02-28,"Moderna, Oxford/AstraZeneca, Pfizer/BioNTech",423109,244291,667400
2021-03-01,"Moderna, Oxford/AstraZeneca, Pfizer/BioNTech",442609,247704,690313
2021-03-02,"Moderna, Oxford/AstraZeneca, Pfizer/BioNTech",469781,251235,721016
2021-03-03,"Moderna, Oxford/AstraZeneca, Pfizer/BioNTech",500547,255719,756266
2021-03-04,"Moderna, Oxford/AstraZeneca, Pfizer/BioNTech",533695,260379,794074
2021-03-05,"Johnson&Johnson, Moderna, Oxford/AstraZeneca, Pfizer/BioNTech",562420,265765,828185
2021-03-06,"Johnson&Johnson, Moderna, Oxford/AstraZeneca, Pfizer/BioNTech",574521,266606,841127
2021-03-07,"Johnson&Johnson, Moderna, Oxford/AstraZeneca, Pfizer/BioNTech",585920,267438,853358
2021-03-08,"Johnson&Johnson, Moderna, Oxford/AstraZeneca, Pfizer/BioNTech",615529,272256,887785
2021-03-09,"Johnson&Johnson, Moderna, Oxford/AstraZeneca, Pfizer/BioNTech",651710,278609,930319
2021-03-10,"Moderna, Oxford/AstraZeneca, Pfizer/BioNTech",692855,285544,978399
2021-03-11,"Moderna, Oxford/AstraZeneca, Pfizer/BioNTech",737528,293884,1031412
2021-03-12,"Moderna, Oxford/AstraZeneca, Pfizer/BioNTech",776167,302325,1078492
2021-03-13,"Moderna, Oxford/AstraZeneca, Pfizer/BioNTech",793200,303610,1096810
2021-03-14,"Moderna, Oxford/AstraZeneca, Pfizer/BioNTech",805276,304744,1110020
2021-03-15,"Moderna, Oxford/AstraZeneca, Pfizer/BioNTech",833561,313504,1147065
2021-03-16,"Johnson&Johnson, Moderna, Oxford/AstraZeneca, Pfizer/BioNTech",872366,324005,1196371
2021-03-17,"Moderna, Oxford/AstraZeneca, Pfizer/BioNTech",909766,334475,1244241
2021-03-18,"Johnson&Johnson, Moderna, Oxford/AstraZeneca, Pfizer/BioNTech",947609,346856,1294465
2021-03-19,"Moderna, Oxford/AstraZeneca, Pfizer/BioNTech",981949,360434,1342383
2021-03-20,"Johnson&Johnson, Moderna, Oxford/AstraZeneca, Pfizer/BioNTech",997044,362446,1359490
2021-03-21,"Johnson&Johnson, Moderna, Oxford/AstraZeneca, Pfizer/BioNTech",1004429,363989,1368418
2021-03-22,"Johnson&Johnson, Moderna, Oxford/AstraZeneca, Pfizer/BioNTech",1028836,376447,1405283
2021-03-23,"Johnson&Johnson, Moderna, Oxford/AstraZeneca, Pfizer/BioNTech",1055347,389761,1445108
2021-03-24,"Moderna, Oxford/AstraZeneca, Pfizer/BioNTech",1082141,405448,1487589
2021-03-25,"Moderna, Oxford/AstraZeneca, Pfizer/BioNTech",1108407,423262,1531669
2021-03-26,"Moderna, Oxford/AstraZeneca, Pfizer/BioNTech",1133142,440718,1573860
2021-03-27,"Johnson&Johnson, Moderna, Oxford/AstraZeneca, Pfizer/BioNTech",1141549,445546,1587095
2021-03-28,"Moderna, Oxford/AstraZeneca, Pfizer/BioNTech",1147081,449675,1596756
2021-03-29,"Johnson&Johnson, Moderna, Oxford/AstraZeneca, Pfizer/BioNTech",1166102,470321,1636423
2021-03-30,"Moderna, Oxford/AstraZeneca, Pfizer/BioNTech",1190713,492434,1683147
2021-03-31,"Johnson&Johnson, Moderna, Oxford/AstraZeneca, Pfizer/BioNTech",1213722,519440,1733162
2021-04-01,"Johnson&Johnson, Moderna, Oxford/AstraZeneca, Pfizer/BioNTech",1239251,551368,1790619
2021-04-02,"Johnson&Johnson, Moderna, Oxford/AstraZeneca, Pfizer/BioNTech",1246107,564137,1810244
2021-04-03,"Johnson&Johnson, Moderna, Oxford/AstraZeneca, Pfizer/BioNTech",1249689,575035,1824724
2021-04-04,"Moderna, Oxford/AstraZeneca, Pfizer/BioNTech",1252158,583824,1835982
2021-04-05,"Johnson&Johnson, Moderna, Oxford/AstraZeneca, Pfizer/BioNTech",1254507,590986,1845493
2021-04-06,"Johnson&Johnson, Moderna, Oxford/AstraZeneca, Pfizer/BioNTech",1270562,620169,1890731
2021-04-07,"Johnson&Johnson, Moderna, Oxford/AstraZeneca, Pfizer/BioNTech",1293887,642285,1936172
2021-04-08,"Johnson&Johnson, Moderna, Oxford/AstraZeneca, Pfizer/BioNTech",1332364,673142,2005506
2021-04-09,"Johnson&Johnson, Moderna, Oxford/AstraZeneca, Pfizer/BioNTech",1371590,703146,2074736
2021-04-10,"Johnson&Johnson, Moderna, Oxford/AstraZeneca, Pfizer/BioNTech",1386954,718413,2105367
2021-04-11,"Johnson&Johnson, Moderna, Oxford/AstraZeneca, Pfizer/BioNTech",1396672,728422,2125094
2021-04-12,"Johnson&Johnson, Moderna, Oxford/AstraZeneca, Pfizer/BioNTech",1434727,753393,2188120
2021-04-13,"Moderna, Oxford/AstraZeneca, Pfizer/BioNTech",1470803,779299,2250102
2021-04-14,"Moderna, Oxford/AstraZeneca, Pfizer/BioNTech",1509492,806605,2316097
2021-04-15,"Moderna, Oxford/AstraZeneca, Pfizer/BioNTech",1557169,832274,2389443
2021-04-16,"Moderna, Oxford/AstraZeneca, Pfizer/BioNTech",1601675,857855,2459530
2021-04-17,"Moderna, Oxford/AstraZeneca, Pfizer/BioNTech",1618268,866857,2485125
2021-04-18,"Moderna, Oxford/AstraZeneca, Pfizer/BioNTech",1631198,871824,2503022
2021-04-19,"Moderna, Oxford/AstraZeneca, Pfizer/BioNTech",1675074,887206,2562280
2021-04-20,"Johnson&Johnson, Moderna, Oxford/AstraZeneca, Pfizer/BioNTech",1717165,903010,2620175
2021-04-21,"Moderna, Oxford/AstraZeneca, Pfizer/BioNTech",1764835,917260,2682095
2021-04-22,"Johnson&Johnson, Moderna, Oxford/AstraZeneca, Pfizer/BioNTech",1819256,934595,2753851
2021-04-23,"Johnson&Johnson, Moderna, Oxford/AstraZeneca, Pfizer/BioNTech",1869165,946569,2815734
2021-04-24,"Johnson&Johnson, Moderna, Oxford/AstraZeneca, Pfizer/BioNTech",1886958,951786,2838744
2021-04-25,"Johnson&Johnson, Moderna, Oxford/AstraZeneca, Pfizer/BioNTech",1901615,955775,2857390
2021-04-26,"Johnson&Johnson, Moderna, Oxford/AstraZeneca, Pfizer/BioNTech",1951161,963294,2914455
2021-04-27,"Johnson&Johnson, Moderna, Oxford/AstraZeneca, Pfizer/BioNTech",2000081,975448,2975529
2021-04-28,"Johnson&Johnson, Moderna, Oxford/AstraZeneca, Pfizer/BioNTech",2058786,989385,3048171
2021-04-29,"Johnson&Johnson, Moderna, Oxford/AstraZeneca, Pfizer/BioNTech",2124283,1005190,3129473
2021-04-30,"Johnson&Johnson, Moderna, Oxford/AstraZeneca, Pfizer/BioNTech",2186439,1015085,3201524
2021-05-01,"Johnson&Johnson, Moderna, Oxford/AstraZeneca, Pfizer/BioNTech",2205722,1018489,3224211
2021-05-02,"Johnson&Johnson, Moderna, Oxford/AstraZeneca, Pfizer/BioNTech",2224603,1020730,3245333
2021-05-03,"Johnson&Johnson, Moderna, Oxford/AstraZeneca, Pfizer/BioNTech",2291801,1025759,3317560
2021-05-04,"Johnson&Johnson, Moderna, Oxford/AstraZeneca, Pfizer/BioNTech",2358210,1034022,3392232
2021-05-05,"Johnson&Johnson, Moderna, Oxford/AstraZeneca, Pfizer/BioNTech",2431310,1043356,3474666
2021-05-06,"Johnson&Johnson, Moderna, Oxford/AstraZeneca, Pfizer/BioNTech",2511643,1053964,3565607
2021-05-07,"Johnson&Johnson, Moderna, Oxford/AstraZeneca, Pfizer/BioNTech",2588870,1063952,3652822
2021-05-08,"Johnson&Johnson, Moderna, Oxford/AstraZeneca, Pfizer/BioNTech",2618258,1065669,3683927
2021-05-09,"Johnson&Johnson, Moderna, Oxford/AstraZeneca, Pfizer/BioNTech",2642415,1066856,3709271
2021-05-10,"Johnson&Johnson, Moderna, Oxford/AstraZeneca, Pfizer/BioNTech",2715106,1073985,3789091
2021-05-11,"Johnson&Johnson, Moderna, Oxford/AstraZeneca, Pfizer/BioNTech",2791153,1082735,3873888
2021-05-12,"Johnson&Johnson, Moderna, Oxford/AstraZeneca, Pfizer/BioNTech",2870950,1091752,3962702
2021-05-13,"Johnson&Johnson, Moderna, Oxford/AstraZeneca, Pfizer/BioNTech",2954914,1100853,4055767
2021-05-14,"Johnson&Johnson, Moderna, Oxford/AstraZeneca, Pfizer/BioNTech",3034265,1108573,4142838
2021-05-15,"Johnson&Johnson, Moderna, Oxford/AstraZeneca, Pfizer/BioNTech",3066090,1110746,4176836
2021-05-16,"Johnson&Johnson, Moderna, Oxford/AstraZeneca, Pfizer/BioNTech",3091828,1111954,4203782
2021-05-17,"Johnson&Johnson, Moderna, Oxford/AstraZeneca, Pfizer/BioNTech",3164293,1118617,4282910
2021-05-18,"Johnson&Johnson, Moderna, Oxford/AstraZeneca, Pfizer/BioNTech",3236186,1131574,4367760
2021-05-19,"Johnson&Johnson, Moderna, Oxford/AstraZeneca, Pfizer/BioNTech",3313592,1146622,4460214
2021-05-20,"Johnson&Johnson, Moderna, Oxford/AstraZeneca, Pfizer/BioNTech",3388977,1173525,4562502
2021-05-21,"Johnson&Johnson, Moderna, Oxford/AstraZeneca, Pfizer/BioNTech",3457712,1201145,4658857
2021-05-22,"Johnson&Johnson, Moderna, Oxford/AstraZeneca, Pfizer/BioNTech",3490029,1212211,4702240
2021-05-23,"Johnson&Johnson, Moderna, Oxford/AstraZeneca, Pfizer/BioNTech",3512321,1221171,4733492
2021-05-24,"Johnson&Johnson, Moderna, Oxford/AstraZeneca, Pfizer/BioNTech",3559374,1254654,4814028
2021-05-25,"Johnson&Johnson, Moderna, Oxford/AstraZeneca, Pfizer/BioNTech",3611172,1290299,4901471
2021-05-26,"Johnson&Johnson, Moderna, Oxford/AstraZeneca, Pfizer/BioNTech",3678855,1327694,5006549
2021-05-27,"Johnson&Johnson, Moderna, Oxford/AstraZeneca, Pfizer/BioNTech",3740182,1374918,5115100
2021-05-28,"Johnson&Johnson, Moderna, Oxford/AstraZeneca, Pfizer/BioNTech",3801828,1421323,5223151
2021-05-29,"Johnson&Johnson, Moderna, Oxford/AstraZeneca, Pfizer/BioNTech",3830962,1438366,5269328
2021-05-30,"Johnson&Johnson, Moderna, Oxford/AstraZeneca, Pfizer/BioNTech",3853288,1452746,5306034
2021-05-31,"Johnson&Johnson, Moderna, Oxford/AstraZeneca, Pfizer/BioNTech",3908974,1500108,5409082
2021-06-01,"Johnson&Johnson, Moderna, Oxford/AstraZeneca, Pfizer/BioNTech",3967963,1548422,5516385
2021-06-02,"Johnson&Johnson, Moderna, Oxford/AstraZeneca, Pfizer/BioNTech",4030796,1602297,5633093
2021-06-03,"Johnson&Johnson, Moderna, Oxford/AstraZeneca, Pfizer/BioNTech",4088995,1662393,5751388
2021-06-04,"Johnson&Johnson, Moderna, Oxford/AstraZeneca, Pfizer/BioNTech",4152049,1719683,5871732
2021-06-05,"Johnson&Johnson, Moderna, Oxford/AstraZeneca, Pfizer/BioNTech",4186169,1738442,5924611
2021-06-06,"Johnson&Johnson, Moderna, Oxford/AstraZeneca, Pfizer/BioNTech",4213063,1753504,5966567
2021-06-07,"Johnson&Johnson, Moderna, Oxford/AstraZeneca, Pfizer/BioNTech",4276711,1809042,6085753
2021-06-08,"Johnson&Johnson, Moderna, Oxford/AstraZeneca, Pfizer/BioNTech",4340647,1863919,6204566
2021-06-09,"Johnson&Johnson, Moderna, Oxford/AstraZeneca, Pfizer/BioNTech",4399756,1928225,6327981
2021-06-10,"Johnson&Johnson, Moderna, Oxford/AstraZeneca, Pfizer/BioNTech",4453556,1999190,6452746
2021-06-11,"Johnson&Johnson, Moderna, Oxford/AstraZeneca, Pfizer/BioNTech",4505617,2068771,6574388
2021-06-12,"Johnson&Johnson, Moderna, Oxford/AstraZeneca, Pfizer/BioNTech",4537564,2089487,6627051
2021-06-13,"Johnson&Johnson, Moderna, Oxford/AstraZeneca, Pfizer/BioNTech",4561554,2107824,6669378
2021-06-14,"Johnson&Johnson, Moderna, Oxford/AstraZeneca, Pfizer/BioNTech",4604512,2182062,6786574
2021-06-15,"Johnson&Johnson, Moderna, Oxford/AstraZeneca, Pfizer/BioNTech",4649126,2254249,6903375
2021-06-16,"Johnson&Johnson, Moderna, Oxford/AstraZeneca, Pfizer/BioNTech",4691823,2332314,7024137
2021-06-17,"Johnson&Johnson, Moderna, Oxford/AstraZeneca, Pfizer/BioNTech",4731165,2415241,7146406
2021-06-18,"Johnson&Johnson, Moderna, Oxford/AstraZeneca, Pfizer/BioNTech",4773509,2495586,7269095
2021-06-19,"Johnson&Johnson, Moderna, Oxford/AstraZeneca, Pfizer/BioNTech",4795224,2524787,7320011
2021-06-20,"Johnson&Johnson, Moderna, Oxford/AstraZeneca, Pfizer/BioNTech",4812575,2548529,7361104
2021-06-21,"Johnson&Johnson, Moderna, Oxford/AstraZeneca, Pfizer/BioNTech",4845056,2626946,7472002
2021-06-22,"Johnson&Johnson, Moderna, Oxford/AstraZeneca, Pfizer/BioNTech",4877986,2709049,7587035
2021-06-23,"Johnson&Johnson, Moderna, Oxford/AstraZeneca, Pfizer/BioNTech",4909610,2794134,7703744
2021-06-24,"Johnson&Johnson, Moderna, Oxford/AstraZeneca, Pfizer/BioNTech",4939422,2884041,7823463
2021-06-25,"Johnson&Johnson, Moderna, Oxford/AstraZeneca, Pfizer/BioNTech",4970430,2970006,7940436
2021-06-26,"Johnson&Johnson, Moderna, Oxford/AstraZeneca, Pfizer/BioNTech",4986263,3004724,7990987
2021-06-27,"Johnson&Johnson, Moderna, Oxford/AstraZeneca, Pfizer/BioNTech",5000195,3031287,8031482
2021-06-28,"Johnson&Johnson, Moderna, Oxford/AstraZeneca, Pfizer/BioNTech",5028582,3116342,8144924
2021-06-29,"Johnson&Johnson, Moderna, Oxford/AstraZeneca, Pfizer/BioNTech",5057805,3202689,8260494
2021-06-30,"Johnson&Johnson, Moderna, Oxford/AstraZeneca, Pfizer/BioNTech",5085279,3293499,8378778
2021-07-01,"Johnson&Johnson, Moderna, Oxford/AstraZeneca, Pfizer/BioNTech",5109194,3383361,8492555
2021-07-02,"Johnson&Johnson, Moderna, Oxford/AstraZeneca, Pfizer/BioNTech",5135872,3469021,8604893
2021-07-03,"Johnson&Johnson, Moderna, Oxford/AstraZeneca, Pfizer/BioNTech",5142933,3500449,8643382
2021-07-04,"Johnson&Johnson, Moderna, Oxford/AstraZeneca, Pfizer/BioNTech",5150460,3522191,8672651
2021-07-05,"Johnson&Johnson, Moderna, Oxford/AstraZeneca, Pfizer/BioNTech",5157793,3547476,8705269
2021-07-06,"Johnson&Johnson, Moderna, Oxford/AstraZeneca, Pfizer/BioNTech",5163169,3575016,8738185
2021-07-07,"Johnson&Johnson, Moderna, Oxford/AstraZeneca, Pfizer/BioNTech",5188919,3653841,8842760
2021-07-08,"Johnson&Johnson, Moderna, Oxford/AstraZeneca, Pfizer/BioNTech",5215453,3724029,8939482
2021-07-09,"Johnson&Johnson, Moderna, Oxford/AstraZeneca, Pfizer/BioNTech",5243271,3793158,9036429
2021-07-10,"Johnson&Johnson, Moderna, Oxford/AstraZeneca, Pfizer/BioNTech",5252583,3821699,9074282
2021-07-11,"Johnson&Johnson, Moderna, Oxford/AstraZeneca, Pfizer/BioNTech",5261079,3844521,9105600
2021-07-12,"Johnson&Johnson, Moderna, Oxford/AstraZeneca, Pfizer/BioNTech",5288573,3913505,9202078
2021-07-13,"Johnson&Johnson, Moderna, Oxford/AstraZeneca, Pfizer/BioNTech",5314724,3983264,9297988
2021-07-14,"Johnson&Johnson, Moderna, Oxford/AstraZeneca, Pfizer/BioNTech",5340531,4055152,9395683
2021-07-15,"Johnson&Johnson, Moderna, Oxford/AstraZeneca, Pfizer/BioNTech",5369707,4121031,9490738
2021-07-16,"Johnson&Johnson, Moderna, Oxford/AstraZeneca, Pfizer/BioNTech",5397441,4193600,9591041
2021-07-17,"Johnson&Johnson, Moderna, Oxford/AstraZeneca, Pfizer/BioNTech",5406175,4224965,9631140
2021-07-18,"Johnson&Johnson, Moderna, Oxford/AstraZeneca, Pfizer/BioNTech",5414586,4250910,9665496
2021-07-19,"Johnson&Johnson, Moderna, Oxford/AstraZeneca, Pfizer/BioNTech",5437882,4317826,9755708
2021-07-20,"Johnson&Johnson, Moderna, Oxford/AstraZeneca, Pfizer/BioNTech",5459210,4384753,9843963
2021-07-21,"Johnson&Johnson, Moderna, Oxford/AstraZeneca, Pfizer/BioNTech",5482560,4448072,9930632
2021-07-22,"Johnson&Johnson, Moderna, Oxford/AstraZeneca, Pfizer/BioNTech",5504818,4506552,10011370
2021-07-23,"Johnson&Johnson, Moderna, Oxford/AstraZeneca, Pfizer/BioNTech",5527893,4561138,10089031
2021-07-24,"Johnson&Johnson, Moderna, Oxford/AstraZeneca, Pfizer/BioNTech",5535171,4588703,10123874
2021-07-25,"Johnson&Johnson, Moderna, Oxford/AstraZeneca, Pfizer/BioNTech",5541745,4610669,10152414
2021-07-26,"Johnson&Johnson, Moderna, Oxford/AstraZeneca, Pfizer/BioNTech",5565192,4659111,10224303
2021-07-27,"Johnson&Johnson, Moderna, Oxford/AstraZeneca, Pfizer/BioNTech",5587786,4705603,10293389
2021-07-28,"Johnson&Johnson, Moderna, Oxford/AstraZeneca, Pfizer/BioNTech",5608910,4751443,10360353
2021-07-29,"Johnson&Johnson, Moderna, Oxford/AstraZeneca, Pfizer/BioNTech",5630072,4793255,10423327
2021-07-30,"Johnson&Johnson, Moderna, Oxford/AstraZeneca, Pfizer/BioNTech",5653240,4835672,10488912
2021-07-31,"Johnson&Johnson, Moderna, Oxford/AstraZeneca, Pfizer/BioNTech",5662131,4855131,10517262
2021-08-01,"Johnson&Johnson, Moderna, Oxford/AstraZeneca, Pfizer/BioNTech",5668809,4871243,10540052
2021-08-02,"Johnson&Johnson, Moderna, Oxford/AstraZeneca, Pfizer/BioNTech",5687305,4908668,10595973
2021-08-03,"Johnson&Johnson, Moderna, Oxford/AstraZeneca, Pfizer/BioNTech",5704841,4946658,10651499
2021-08-04,"Johnson&Johnson, Moderna, Oxford/AstraZeneca, Pfizer/BioNTech",5720824,4983272,10704096
2021-08-05,"Johnson&Johnson, Moderna, Oxford/AstraZeneca, Pfizer/BioNTech",5736610,5023606,10760216
2021-08-06,"Johnson&Johnson, Moderna, Oxford/AstraZeneca, Pfizer/BioNTech",5753174,5066582,10819756
2021-08-07,"Johnson&Johnson, Moderna, Oxford/AstraZeneca, Pfizer/BioNTech",5758677,5084665,10843342
2021-08-08,"Johnson&Johnson, Moderna, Oxford/AstraZeneca, Pfizer/BioNTech",5762848,5100346,10863194
2021-08-09,"Johnson&Johnson, Moderna, Oxford/AstraZeneca, Pfizer/BioNTech",5775255,5145285,10920540
2021-08-10,"Johnson&Johnson, Moderna, Oxford/AstraZeneca, Pfizer/BioNTech",5786919,5184726,10971645
2021-08-11,"Johnson&Johnson, Moderna, Oxford/AstraZeneca, Pfizer/BioNTech",5798110,5227734,11025844
2021-08-12,"Johnson&Johnson, Moderna, Oxford/AstraZeneca, Pfizer/BioNTech",5809323,5264670,11073993
2021-08-13,"Johnson&Johnson, Moderna, Oxford/AstraZeneca, Pfizer/BioNTech",5819906,5304810,11124716
2021-08-14,"Johnson&Johnson, Moderna, Oxford/AstraZeneca, Pfizer/BioNTech",5823178,5315435,11138613
2021-08-15,"Johnson&Johnson, Moderna, Oxford/AstraZeneca, Pfizer/BioNTech",5825728,5325769,11151497
2021-08-16,"Johnson&Johnson, Moderna, Oxford/AstraZeneca, Pfizer/BioNTech",5835442,5359700,11195142
2021-08-17,"Johnson&Johnson, Moderna, Oxford/AstraZeneca, Pfizer/BioNTech",5844879,5386634,11231513
2021-08-18,"Johnson&Johnson, Moderna, Oxford/AstraZeneca, Pfizer/BioNTech",5854155,5425308,11279463
2021-08-19,"Johnson&Johnson, Moderna, Oxford/AstraZeneca, Pfizer/BioNTech",5863715,5463524,11327239
2021-08-20,"Johnson&Johnson, Moderna, Oxford/AstraZeneca, Pfizer/BioNTech",5874911,5503567,11378478
2021-08-21,"Johnson&Johnson, Moderna, Oxford/AstraZeneca, Pfizer/BioNTech",5877581,5516271,11393852
2021-08-22,"Johnson&Johnson, Moderna, Oxford/AstraZeneca, Pfizer/BioNTech",5879893,5528190,11408083
2021-08-23,"Johnson&Johnson, Moderna, Oxford/AstraZeneca, Pfizer/BioNTech",5890237,5567234,11457471
2021-08-24,"Johnson&Johnson, Moderna, Oxford/AstraZeneca, Pfizer/BioNTech",5899935,5600310,11500245
2021-08-25,"Johnson&Johnson, Moderna, Oxford/AstraZeneca, Pfizer/BioNTech",5908571,5628355,11536926
2021-08-26,"Johnson&Johnson, Moderna, Oxford/AstraZeneca, Pfizer/BioNTech",5916828,5654156,11570984
2021-08-27,"Johnson&Johnson, Moderna, Oxford/AstraZeneca, Pfizer/BioNTech",5926916,5679788,11606704
2021-08-28,"Johnson&Johnson, Moderna, Oxford/AstraZeneca, Pfizer/BioNTech",5929555,5686715,11616270
2021-08-29,"Johnson&Johnson, Moderna, Oxford/AstraZeneca, Pfizer/BioNTech",5931826,5693066,11624892
2021-08-30,"Johnson&Johnson, Moderna, Oxford/AstraZeneca, Pfizer/BioNTech",5940089,5714499,11654588
2021-08-31,"Johnson&Johnson, Moderna, Oxford/AstraZeneca, Pfizer/BioNTech",5947504,5732268,11679772
2021-09-01,"Johnson&Johnson, Moderna, Oxford/AstraZeneca, Pfizer/BioNTech",5953048,5745869,11698917
2021-09-02,"Johnson&Johnson, Moderna, Oxford/AstraZeneca, Pfizer/BioNTech",5959058,5758996,11718054
