date,vaccine,people_vaccinated,people_fully_vaccinated,total_vaccinations
2020-12-27,Pfizer/BioNTech,1285,0,1285
2020-12-28,Pfizer/BioNTech,3592,0,3592
2020-12-29,Pfizer/BioNTech,7062,1,7063
2020-12-30,Pfizer/BioNTech,10582,1,10583
2020-12-31,Pfizer/BioNTech,11894,1,11895
2021-01-01,"Moderna, Pfizer/BioNTech",12164,1,12165
2021-01-02,Pfizer/BioNTech,13445,1,13446
2021-01-03,"Moderna, Pfizer/BioNTech",14369,1,14370
2021-01-04,"Moderna, Pfizer/BioNTech",17983,1,17984
2021-01-05,"Moderna, Pfizer/BioNTech",22509,3,22512
2021-01-06,"Moderna, Pfizer/BioNTech",28358,4,28362
2021-01-07,"Moderna, Pfizer/BioNTech",36359,4,36363
2021-01-08,"Moderna, Pfizer/BioNTech",46413,5,46418
2021-01-09,"Moderna, Pfizer/BioNTech",48442,6,48448
2021-01-10,Pfizer/BioNTech,50214,7,50221
2021-01-11,"Moderna, Pfizer/BioNTech",60072,9,60081
2021-01-12,"Moderna, Pfizer/BioNTech",73529,11,73540
2021-01-13,"Moderna, Pfizer/BioNTech",87076,11,87087
2021-01-14,"Moderna, Pfizer/BioNTech",102328,15,102343
2021-01-15,"Moderna, Pfizer/BioNTech",116348,16,116364
2021-01-16,"Moderna, Pfizer/BioNTech",119751,20,119771
2021-01-17,"Moderna, Pfizer/BioNTech",122373,656,123029
2021-01-18,"Moderna, Pfizer/BioNTech",134866,2483,137349
2021-01-19,"Moderna, Pfizer/BioNTech",147476,5210,152686
2021-01-20,"Moderna, Pfizer/BioNTech",161166,7873,169039
2021-01-21,"Moderna, Pfizer/BioNTech",176820,9619,186439
2021-01-22,"Moderna, Pfizer/BioNTech",191714,10665,202379
2021-01-23,"Moderna, Pfizer/BioNTech",195035,11546,206581
2021-01-24,"Moderna, Pfizer/BioNTech",197290,12415,209705
2021-01-25,"Moderna, Pfizer/BioNTech",206943,15389,222332
2021-01-26,"Moderna, Pfizer/BioNTech",217492,19384,236876
2021-01-27,"Moderna, Pfizer/BioNTech",226523,23921,250444
2021-01-28,"Moderna, Pfizer/BioNTech",233626,30057,263683
2021-01-29,"Moderna, Pfizer/BioNTech",239843,37969,277812
2021-01-30,"Moderna, Pfizer/BioNTech",240584,39057,279641
2021-01-31,"Moderna, Pfizer/BioNTech",241300,40239,281539
2021-02-01,"Moderna, Pfizer/BioNTech",245281,48206,293487
2021-02-02,"Moderna, Pfizer/BioNTech",249432,58446,307878
2021-02-03,"Moderna, Pfizer/BioNTech",253857,69466,323323
2021-02-04,"Moderna, Pfizer/BioNTech",258763,82460,341223
2021-02-05,"Moderna, Pfizer/BioNTech",264233,93135,357368
2021-02-06,"Moderna, Oxford/AstraZeneca, Pfizer/BioNTech",265085,95503,360588
2021-02-07,"Moderna, Oxford/AstraZeneca, Pfizer/BioNTech",265937,98003,363940
2021-02-08,"Moderna, Oxford/AstraZeneca, Pfizer/BioNTech",270026,109437,379463
2021-02-09,"Moderna, Oxford/AstraZeneca, Pfizer/BioNTech",275130,121352,396482
2021-02-10,"Moderna, Oxford/AstraZeneca, Pfizer/BioNTech",280643,134612,415255
2021-02-11,"Moderna, Oxford/AstraZeneca, Pfizer/BioNTech",286983,150835,437818
2021-02-12,"Moderna, Oxford/AstraZeneca, Pfizer/BioNTech",293812,165579,459391
2021-02-13,"Moderna, Oxford/AstraZeneca, Pfizer/BioNTech",295425,168568,463993
2021-02-14,"Moderna, Oxford/AstraZeneca, Pfizer/BioNTech",296429,169954,466383
2021-02-15,"Moderna, Oxford/AstraZeneca, Pfizer/BioNTech",302828,179326,482154
2021-02-16,"Moderna, Oxford/AstraZeneca, Pfizer/BioNTech",311550,188411,499961
2021-02-17,"Moderna, Oxford/AstraZeneca, Pfizer/BioNTech",321251,196718,517969
2021-02-18,"Moderna, Oxford/AstraZeneca, Pfizer/BioNTech",333581,204801,538382
2021-02-19,"Moderna, Oxford/AstraZeneca, Pfizer/BioNTech",345444,212180,557624
2021-02-20,"Moderna, Oxford/AstraZeneca, Pfizer/BioNTech",347448,213366,560814
2021-02-21,"Moderna, Oxford/AstraZeneca, Pfizer/BioNTech",348583,214391,562974
2021-02-22,"Moderna, Oxford/AstraZeneca, Pfizer/BioNTech",358710,220427,579137
2021-02-23,"Moderna, Oxford/AstraZeneca, Pfizer/BioNTech",371672,227419,599091
2021-02-24,"Moderna, Oxford/AstraZeneca, Pfizer/BioNTech",385549,233460,619009
2021-02-25,"Moderna, Oxford/AstraZeneca, Pfizer/BioNTech",403527,239012,642539
2021-02-26,"Moderna, Oxford/AstraZeneca, Pfizer/BioNTech",419704,244368,664072
2021-02-27,"Moderna, Oxford/AstraZeneca, Pfizer/BioNTech",422712,244927,667639
2021-02-28,"Moderna, Oxford/AstraZeneca, Pfizer/BioNTech",425067,245479,670546
2021-03-01,"Moderna, Oxford/AstraZeneca, Pfizer/BioNTech",444663,248931,693594
2021-03-02,"Moderna, Oxford/AstraZeneca, Pfizer/BioNTech",471893,252481,724374
2021-03-03,"Moderna, Oxford/AstraZeneca, Pfizer/BioNTech",502847,256987,759834
2021-03-04,"Moderna, Oxford/AstraZeneca, Pfizer/BioNTech",536134,261676,797810
2021-03-05,"Johnson&Johnson, Moderna, Oxford/AstraZeneca, Pfizer/BioNTech",564978,267102,832080
2021-03-06,"Johnson&Johnson, Moderna, Oxford/AstraZeneca, Pfizer/BioNTech",577131,267964,845095
2021-03-07,"Johnson&Johnson, Moderna, Oxford/AstraZeneca, Pfizer/BioNTech",588676,268806,857482
2021-03-08,"Johnson&Johnson, Moderna, Oxford/AstraZeneca, Pfizer/BioNTech",618429,273665,892094
2021-03-09,"Johnson&Johnson, Moderna, Oxford/AstraZeneca, Pfizer/BioNTech",654794,280051,934845
2021-03-10,"Johnson&Johnson, Moderna, Oxford/AstraZeneca, Pfizer/BioNTech",696118,287010,983128
2021-03-11,"Johnson&Johnson, Moderna, Oxford/AstraZeneca, Pfizer/BioNTech",740965,295384,1036349
2021-03-12,"Johnson&Johnson, Moderna, Oxford/AstraZeneca, Pfizer/BioNTech",779737,303879,1083616
2021-03-13,"Johnson&Johnson, Moderna, Oxford/AstraZeneca, Pfizer/BioNTech",796837,305191,1102028
2021-03-14,"Johnson&Johnson, Moderna, Oxford/AstraZeneca, Pfizer/BioNTech",808956,306347,1115303
2021-03-15,"Johnson&Johnson, Moderna, Oxford/AstraZeneca, Pfizer/BioNTech",837350,315128,1152478
2021-03-16,"Johnson&Johnson, Moderna, Oxford/AstraZeneca, Pfizer/BioNTech",876243,325667,1201910
2021-03-17,"Moderna, Oxford/AstraZeneca, Pfizer/BioNTech",913734,336177,1249911
2021-03-18,"Johnson&Johnson, Moderna, Oxford/AstraZeneca, Pfizer/BioNTech",951742,348598,1300340
2021-03-19,"Moderna, Oxford/AstraZeneca, Pfizer/BioNTech",986249,362212,1348461
2021-03-20,"Johnson&Johnson, Moderna, Oxford/AstraZeneca, Pfizer/BioNTech",1001419,364243,1365662
2021-03-21,"Johnson&Johnson, Moderna, Oxford/AstraZeneca, Pfizer/BioNTech",1008854,365803,1374657
2021-03-22,"Johnson&Johnson, Moderna, Oxford/AstraZeneca, Pfizer/BioNTech",1033440,378307,1411747
2021-03-23,"Johnson&Johnson, Moderna, Oxford/AstraZeneca, Pfizer/BioNTech",1060110,391669,1451779
2021-03-24,"Johnson&Johnson, Moderna, Oxford/AstraZeneca, Pfizer/BioNTech",1086993,407415,1494408
2021-03-25,"Moderna, Oxford/AstraZeneca, Pfizer/BioNTech",1113347,425268,1538615
2021-03-26,"Johnson&Johnson, Moderna, Oxford/AstraZeneca, Pfizer/BioNTech",1138182,442777,1580959
2021-03-27,"Johnson&Johnson, Moderna, Oxford/AstraZeneca, Pfizer/BioNTech",1146633,447622,1594255
2021-03-28,"Moderna, Oxford/AstraZeneca, Pfizer/BioNTech",1152180,451769,1603949
2021-03-29,"Johnson&Johnson, Moderna, Oxford/AstraZeneca, Pfizer/BioNTech",1171328,472507,1643835
2021-03-30,"Johnson&Johnson, Moderna, Oxford/AstraZeneca, Pfizer/BioNTech",1196028,494692,1690720
2021-03-31,"Johnson&Johnson, Moderna, Oxford/AstraZeneca, Pfizer/BioNTech",1219175,521760,1740935
2021-04-01,"Johnson&Johnson, Moderna, Oxford/AstraZeneca, Pfizer/BioNTech",1244844,553822,1798666
2021-04-02,"Johnson&Johnson, Moderna, Oxford/AstraZeneca, Pfizer/BioNTech",1251802,566619,1818421
2021-04-03,"Johnson&Johnson, Moderna, Oxford/AstraZeneca, Pfizer/BioNTech",1255444,577549,1832993
2021-04-04,"Johnson&Johnson, Moderna, Oxford/AstraZeneca, Pfizer/BioNTech",1257976,586472,1844448
2021-04-05,"Johnson&Johnson, Moderna, Oxford/AstraZeneca, Pfizer/BioNTech",1260396,593670,1854066
2021-04-06,"Johnson&Johnson, Moderna, Oxford/AstraZeneca, Pfizer/BioNTech",1276592,622939,1899531
2021-04-07,"Johnson&Johnson, Moderna, Oxford/AstraZeneca, Pfizer/BioNTech",1300065,645177,1945242
2021-04-08,"Johnson&Johnson, Moderna, Oxford/AstraZeneca, Pfizer/BioNTech",1338854,676217,2015071
2021-04-09,"Johnson&Johnson, Moderna, Oxford/AstraZeneca, Pfizer/BioNTech",1378443,706410,2084853
2021-04-10,"Johnson&Johnson, Moderna, Oxford/AstraZeneca, Pfizer/BioNTech",1393988,721713,2115701
2021-04-11,"Johnson&Johnson, Moderna, Oxford/AstraZeneca, Pfizer/BioNTech",1403788,731767,2135555
2021-04-12,"Johnson&Johnson, Moderna, Oxford/AstraZeneca, Pfizer/BioNTech",1442107,756913,2199020
2021-04-13,"Moderna, Oxford/AstraZeneca, Pfizer/BioNTech",1478401,782958,2261359
2021-04-14,"Moderna, Oxford/AstraZeneca, Pfizer/BioNTech",1517272,810331,2327603
2021-04-15,"Moderna, Oxford/AstraZeneca, Pfizer/BioNTech",1565096,836105,2401201
2021-04-16,"Moderna, Oxford/AstraZeneca, Pfizer/BioNTech",1609797,861779,2471576
2021-04-17,"Moderna, Oxford/AstraZeneca, Pfizer/BioNTech",1626509,870807,2497316
2021-04-18,"Moderna, Oxford/AstraZeneca, Pfizer/BioNTech",1639505,875794,2515299
2021-04-19,"Moderna, Oxford/AstraZeneca, Pfizer/BioNTech",1683474,891239,2574713
2021-04-20,"Johnson&Johnson, Moderna, Oxford/AstraZeneca, Pfizer/BioNTech",1726064,907114,2633178
2021-04-21,"Moderna, Oxford/AstraZeneca, Pfizer/BioNTech",1773833,921476,2695309
2021-04-22,"Johnson&Johnson, Moderna, Oxford/AstraZeneca, Pfizer/BioNTech",1828356,938873,2767229
2021-04-23,"Johnson&Johnson, Moderna, Oxford/AstraZeneca, Pfizer/BioNTech",1878358,950934,2829292
2021-04-24,"Johnson&Johnson, Moderna, Oxford/AstraZeneca, Pfizer/BioNTech",1896226,956193,2852419
2021-04-25,"Johnson&Johnson, Moderna, Oxford/AstraZeneca, Pfizer/BioNTech",1910933,960192,2871125
2021-04-26,"Johnson&Johnson, Moderna, Oxford/AstraZeneca, Pfizer/BioNTech",1960547,967751,2928298
2021-04-27,"Johnson&Johnson, Moderna, Oxford/AstraZeneca, Pfizer/BioNTech",2009544,979995,2989539
2021-04-28,"Johnson&Johnson, Moderna, Oxford/AstraZeneca, Pfizer/BioNTech",2068329,994014,3062343
2021-04-29,"Johnson&Johnson, Moderna, Oxford/AstraZeneca, Pfizer/BioNTech",2133938,1009928,3143866
2021-04-30,"Johnson&Johnson, Moderna, Oxford/AstraZeneca, Pfizer/BioNTech",2196222,1019915,3216137
2021-05-01,"Johnson&Johnson, Moderna, Oxford/AstraZeneca, Pfizer/BioNTech",2215595,1023372,3238967
2021-05-02,"Johnson&Johnson, Moderna, Oxford/AstraZeneca, Pfizer/BioNTech",2234540,1025655,3260195
2021-05-03,"Johnson&Johnson, Moderna, Oxford/AstraZeneca, Pfizer/BioNTech",2301819,1030731,3332550
2021-05-04,"Johnson&Johnson, Moderna, Oxford/AstraZeneca, Pfizer/BioNTech",2368366,1039095,3407461
2021-05-05,"Johnson&Johnson, Moderna, Oxford/AstraZeneca, Pfizer/BioNTech",2441581,1048522,3490103
2021-05-06,"Johnson&Johnson, Moderna, Oxford/AstraZeneca, Pfizer/BioNTech",2522027,1059266,3581293
2021-05-07,"Johnson&Johnson, Moderna, Oxford/AstraZeneca, Pfizer/BioNTech",2599361,1069396,3668757
2021-05-08,"Johnson&Johnson, Moderna, Oxford/AstraZeneca, Pfizer/BioNTech",2628864,1071177,3700041
2021-05-09,"Johnson&Johnson, Moderna, Oxford/AstraZeneca, Pfizer/BioNTech",2653107,1072395,3725502
2021-05-10,"Johnson&Johnson, Moderna, Oxford/AstraZeneca, Pfizer/BioNTech",2725923,1079633,3805556
2021-05-11,"Johnson&Johnson, Moderna, Oxford/AstraZeneca, Pfizer/BioNTech",2802070,1088459,3890529
2021-05-12,"Johnson&Johnson, Moderna, Oxford/AstraZeneca, Pfizer/BioNTech",2882010,1097591,3979601
2021-05-13,"Johnson&Johnson, Moderna, Oxford/AstraZeneca, Pfizer/BioNTech",2966060,1106767,4072827
2021-05-14,"Johnson&Johnson, Moderna, Oxford/AstraZeneca, Pfizer/BioNTech",3045583,1114578,4160161
2021-05-15,"Johnson&Johnson, Moderna, Oxford/AstraZeneca, Pfizer/BioNTech",3077536,1116847,4194383
2021-05-16,"Johnson&Johnson, Moderna, Oxford/AstraZeneca, Pfizer/BioNTech",3103351,1118123,4221474
2021-05-17,"Johnson&Johnson, Moderna, Oxford/AstraZeneca, Pfizer/BioNTech",3175903,1124872,4300775
2021-05-18,"Johnson&Johnson, Moderna, Oxford/AstraZeneca, Pfizer/BioNTech",3247883,1137980,4385863
2021-05-19,"Johnson&Johnson, Moderna, Oxford/AstraZeneca, Pfizer/BioNTech",3325375,1153145,4478520
2021-05-20,"Johnson&Johnson, Moderna, Oxford/AstraZeneca, Pfizer/BioNTech",3400885,1180207,4581092
2021-05-21,"Johnson&Johnson, Moderna, Oxford/AstraZeneca, Pfizer/BioNTech",3469721,1207997,4677718
2021-05-22,"Johnson&Johnson, Moderna, Oxford/AstraZeneca, Pfizer/BioNTech",3502166,1219221,4721387
2021-05-23,"Johnson&Johnson, Moderna, Oxford/AstraZeneca, Pfizer/BioNTech",3524595,1228266,4752861
2021-05-24,"Johnson&Johnson, Moderna, Oxford/AstraZeneca, Pfizer/BioNTech",3571771,1261940,4833711
2021-05-25,"Johnson&Johnson, Moderna, Oxford/AstraZeneca, Pfizer/BioNTech",3623675,1297777,4921452
2021-05-26,"Johnson&Johnson, Moderna, Oxford/AstraZeneca, Pfizer/BioNTech",3691467,1335329,5026796
2021-05-27,"Johnson&Johnson, Moderna, Oxford/AstraZeneca, Pfizer/BioNTech",3752908,1382688,5135596
2021-05-28,"Johnson&Johnson, Moderna, Oxford/AstraZeneca, Pfizer/BioNTech",3814662,1429285,5243947
2021-05-29,"Johnson&Johnson, Moderna, Oxford/AstraZeneca, Pfizer/BioNTech",3843904,1446408,5290312
2021-05-30,"Johnson&Johnson, Moderna, Oxford/AstraZeneca, Pfizer/BioNTech",3866317,1460871,5327188
2021-05-31,"Johnson&Johnson, Moderna, Oxford/AstraZeneca, Pfizer/BioNTech",3922081,1508405,5430486
2021-06-01,"Johnson&Johnson, Moderna, Oxford/AstraZeneca, Pfizer/BioNTech",3981168,1557285,5538453
2021-06-02,"Johnson&Johnson, Moderna, Oxford/AstraZeneca, Pfizer/BioNTech",4044131,1611300,5655431
2021-06-03,"Johnson&Johnson, Moderna, Oxford/AstraZeneca, Pfizer/BioNTech",4102406,1671536,5773942
2021-06-04,"Johnson&Johnson, Moderna, Oxford/AstraZeneca, Pfizer/BioNTech",4165538,1728970,5894508
2021-06-05,"Johnson&Johnson, Moderna, Oxford/AstraZeneca, Pfizer/BioNTech",4199716,1747871,5947587
2021-06-06,"Johnson&Johnson, Moderna, Oxford/AstraZeneca, Pfizer/BioNTech",4226662,1763034,5989696
2021-06-07,"Johnson&Johnson, Moderna, Oxford/AstraZeneca, Pfizer/BioNTech",4290358,1818691,6109049
2021-06-08,"Johnson&Johnson, Moderna, Oxford/AstraZeneca, Pfizer/BioNTech",4354359,1873708,6228067
2021-06-09,"Johnson&Johnson, Moderna, Oxford/AstraZeneca, Pfizer/BioNTech",4413569,1938392,6351961
2021-06-10,"Johnson&Johnson, Moderna, Oxford/AstraZeneca, Pfizer/BioNTech",4467431,2009702,6477133
2021-06-11,"Johnson&Johnson, Moderna, Oxford/AstraZeneca, Pfizer/BioNTech",4519549,2079536,6599085
2021-06-12,"Johnson&Johnson, Moderna, Oxford/AstraZeneca, Pfizer/BioNTech",4551579,2100361,6651940
2021-06-13,"Johnson&Johnson, Moderna, Oxford/AstraZeneca, Pfizer/BioNTech",4575618,2118791,6694409
2021-06-14,"Johnson&Johnson, Moderna, Oxford/AstraZeneca, Pfizer/BioNTech",4618711,2193208,6811919
2021-06-15,"Johnson&Johnson, Moderna, Oxford/AstraZeneca, Pfizer/BioNTech",4663386,2265606,6928992
2021-06-16,"Johnson&Johnson, Moderna, Oxford/AstraZeneca, Pfizer/BioNTech",4706188,2343872,7050060
2021-06-17,"Johnson&Johnson, Moderna, Oxford/AstraZeneca, Pfizer/BioNTech",4745605,2426994,7172599
2021-06-18,"Johnson&Johnson, Moderna, Oxford/AstraZeneca, Pfizer/BioNTech",4788043,2507576,7295619
2021-06-19,"Johnson&Johnson, Moderna, Oxford/AstraZeneca, Pfizer/BioNTech",4809823,2536901,7346724
2021-06-20,"Johnson&Johnson, Moderna, Oxford/AstraZeneca, Pfizer/BioNTech",4827220,2560771,7387991
2021-06-21,"Johnson&Johnson, Moderna, Oxford/AstraZeneca, Pfizer/BioNTech",4859724,2639399,7499123
2021-06-22,"Johnson&Johnson, Moderna, Oxford/AstraZeneca, Pfizer/BioNTech",4892677,2721732,7614409
2021-06-23,"Johnson&Johnson, Moderna, Oxford/AstraZeneca, Pfizer/BioNTech",4924361,2806990,7731351
2021-06-24,"Johnson&Johnson, Moderna, Oxford/AstraZeneca, Pfizer/BioNTech",4954213,2897045,7851258
2021-06-25,"Johnson&Johnson, Moderna, Oxford/AstraZeneca, Pfizer/BioNTech",4985288,2983279,7968567
2021-06-26,"Johnson&Johnson, Moderna, Oxford/AstraZeneca, Pfizer/BioNTech",5001184,3018148,8019332
2021-06-27,"Johnson&Johnson, Moderna, Oxford/AstraZeneca, Pfizer/BioNTech",5015137,3044847,8059984
2021-06-28,"Johnson&Johnson, Moderna, Oxford/AstraZeneca, Pfizer/BioNTech",5043550,3130079,8173629
2021-06-29,"Johnson&Johnson, Moderna, Oxford/AstraZeneca, Pfizer/BioNTech",5072831,3216610,8289441
2021-06-30,"Johnson&Johnson, Moderna, Oxford/AstraZeneca, Pfizer/BioNTech",5100335,3307657,8407992
2021-07-01,"Johnson&Johnson, Moderna, Oxford/AstraZeneca, Pfizer/BioNTech",5124316,3397768,8522084
2021-07-02,"Johnson&Johnson, Moderna, Oxford/AstraZeneca, Pfizer/BioNTech",5151039,3483684,8634723
2021-07-03,"Johnson&Johnson, Moderna, Oxford/AstraZeneca, Pfizer/BioNTech",5158133,3515221,8673354
2021-07-04,"Johnson&Johnson, Moderna, Oxford/AstraZeneca, Pfizer/BioNTech",5165703,3537034,8702737
2021-07-05,"Johnson&Johnson, Moderna, Oxford/AstraZeneca, Pfizer/BioNTech",5173093,3562426,8735519
2021-07-06,"Johnson&Johnson, Moderna, Oxford/AstraZeneca, Pfizer/BioNTech",5178541,3590121,8768662
2021-07-07,"Johnson&Johnson, Moderna, Oxford/AstraZeneca, Pfizer/BioNTech",5204354,3669148,8873502
2021-07-08,"Johnson&Johnson, Moderna, Oxford/AstraZeneca, Pfizer/BioNTech",5230965,3739494,8970459
2021-07-09,"Johnson&Johnson, Moderna, Oxford/AstraZeneca, Pfizer/BioNTech",5258894,3808827,9067721
2021-07-10,"Johnson&Johnson, Moderna, Oxford/AstraZeneca, Pfizer/BioNTech",5268257,3837493,9105750
2021-07-11,"Johnson&Johnson, Moderna, Oxford/AstraZeneca, Pfizer/BioNTech",5276796,3860383,9137179
2021-07-12,"Johnson&Johnson, Moderna, Oxford/AstraZeneca, Pfizer/BioNTech",5304308,3929493,9233801
2021-07-13,"Johnson&Johnson, Moderna, Oxford/AstraZeneca, Pfizer/BioNTech",5330500,3999379,9329879
2021-07-14,"Johnson&Johnson, Moderna, Oxford/AstraZeneca, Pfizer/BioNTech",5356317,4071385,9427702
2021-07-15,"Johnson&Johnson, Moderna, Oxford/AstraZeneca, Pfizer/BioNTech",5385484,4137419,9522903
2021-07-16,"Johnson&Johnson, Moderna, Oxford/AstraZeneca, Pfizer/BioNTech",5413410,4210163,9623573
2021-07-17,"Johnson&Johnson, Moderna, Oxford/AstraZeneca, Pfizer/BioNTech",5422198,4241634,9663832
2021-07-18,"Johnson&Johnson, Moderna, Oxford/AstraZeneca, Pfizer/BioNTech",5430638,4267645,9698283
2021-07-19,"Johnson&Johnson, Moderna, Oxford/AstraZeneca, Pfizer/BioNTech",5453991,4334689,9788680
2021-07-20,"Johnson&Johnson, Moderna, Oxford/AstraZeneca, Pfizer/BioNTech",5475385,4401764,9877149
2021-07-21,"Johnson&Johnson, Moderna, Oxford/AstraZeneca, Pfizer/BioNTech",5498840,4465240,9964080
2021-07-22,"Johnson&Johnson, Moderna, Oxford/AstraZeneca, Pfizer/BioNTech",5521205,4523878,10045083
2021-07-23,"Johnson&Johnson, Moderna, Oxford/AstraZeneca, Pfizer/BioNTech",5544419,4578625,10123044
2021-07-24,"Johnson&Johnson, Moderna, Oxford/AstraZeneca, Pfizer/BioNTech",5551745,4606305,10158050
2021-07-25,"Johnson&Johnson, Moderna, Oxford/AstraZeneca, Pfizer/BioNTech",5558370,4628442,10186812
2021-07-26,"Johnson&Johnson, Moderna, Oxford/AstraZeneca, Pfizer/BioNTech",5581920,4677134,10259054
2021-07-27,"Johnson&Johnson, Moderna, Oxford/AstraZeneca, Pfizer/BioNTech",5604649,4723767,10328416
2021-07-28,"Johnson&Johnson, Moderna, Oxford/AstraZeneca, Pfizer/BioNTech",5625899,4769767,10395666
2021-07-29,"Johnson&Johnson, Moderna, Oxford/AstraZeneca, Pfizer/BioNTech",5647222,4811727,10458949
2021-07-30,"Johnson&Johnson, Moderna, Oxford/AstraZeneca, Pfizer/BioNTech",5670497,4854290,10524787
2021-07-31,"Johnson&Johnson, Moderna, Oxford/AstraZeneca, Pfizer/BioNTech",5679424,4873823,10553247
2021-08-01,"Johnson&Johnson, Moderna, Oxford/AstraZeneca, Pfizer/BioNTech",5686149,4889998,10576147
2021-08-02,"Johnson&Johnson, Moderna, Oxford/AstraZeneca, Pfizer/BioNTech",5704782,4927547,10632329
2021-08-03,"Johnson&Johnson, Moderna, Oxford/AstraZeneca, Pfizer/BioNTech",5722415,4965640,10688055
2021-08-04,"Johnson&Johnson, Moderna, Oxford/AstraZeneca, Pfizer/BioNTech",5738515,5002377,10740892
2021-08-05,"Johnson&Johnson, Moderna, Oxford/AstraZeneca, Pfizer/BioNTech",5754557,5042852,10797409
2021-08-06,"Johnson&Johnson, Moderna, Oxford/AstraZeneca, Pfizer/BioNTech",5771341,5086128,10857469
2021-08-07,"Johnson&Johnson, Moderna, Oxford/AstraZeneca, Pfizer/BioNTech",5776938,5104297,10881235
2021-08-08,"Johnson&Johnson, Moderna, Oxford/AstraZeneca, Pfizer/BioNTech",5781294,5120047,10901341
2021-08-09,"Johnson&Johnson, Moderna, Oxford/AstraZeneca, Pfizer/BioNTech",5793930,5165094,10959024
2021-08-10,"Johnson&Johnson, Moderna, Oxford/AstraZeneca, Pfizer/BioNTech",5805769,5204655,11010424
2021-08-11,"Johnson&Johnson, Moderna, Oxford/AstraZeneca, Pfizer/BioNTech",5817127,5247780,11064907
2021-08-12,"Johnson&Johnson, Moderna, Oxford/AstraZeneca, Pfizer/BioNTech",5828545,5284889,11113434
2021-08-13,"Johnson&Johnson, Moderna, Oxford/AstraZeneca, Pfizer/BioNTech",5839264,5325221,11164485
2021-08-14,"Johnson&Johnson, Moderna, Oxford/AstraZeneca, Pfizer/BioNTech",5842595,5335916,11178511
2021-08-15,"Johnson&Johnson, Moderna, Oxford/AstraZeneca, Pfizer/BioNTech",5845179,5346288,11191467
2021-08-16,"Johnson&Johnson, Moderna, Oxford/AstraZeneca, Pfizer/BioNTech",5854969,5380348,11235317
2021-08-17,"Johnson&Johnson, Moderna, Oxford/AstraZeneca, Pfizer/BioNTech",5864566,5407438,11272004
2021-08-18,"Johnson&Johnson, Moderna, Oxford/AstraZeneca, Pfizer/BioNTech",5873937,5446303,11320240
2021-08-19,"Johnson&Johnson, Moderna, Oxford/AstraZeneca, Pfizer/BioNTech",5883604,5484643,11368247
2021-08-20,"Johnson&Johnson, Moderna, Oxford/AstraZeneca, Pfizer/BioNTech",5894988,5524821,11419809
2021-08-21,"Johnson&Johnson, Moderna, Oxford/AstraZeneca, Pfizer/BioNTech",5897708,5537577,11435285
2021-08-22,"Johnson&Johnson, Moderna, Oxford/AstraZeneca, Pfizer/BioNTech",5900047,5549537,11449584
2021-08-23,"Johnson&Johnson, Moderna, Oxford/AstraZeneca, Pfizer/BioNTech",5910576,5588795,11499371
2021-08-24,"Johnson&Johnson, Moderna, Oxford/AstraZeneca, Pfizer/BioNTech",5920448,5622030,11542478
2021-08-25,"Johnson&Johnson, Moderna, Oxford/AstraZeneca, Pfizer/BioNTech",5929316,5650390,11579706
2021-08-26,"Johnson&Johnson, Moderna, Oxford/AstraZeneca, Pfizer/BioNTech",5937766,5676507,11614273
2021-08-27,"Johnson&Johnson, Moderna, Oxford/AstraZeneca, Pfizer/BioNTech",5948087,5702462,11650549
2021-08-28,"Johnson&Johnson, Moderna, Oxford/AstraZeneca, Pfizer/BioNTech",5950814,5709503,11660317
2021-08-29,"Johnson&Johnson, Moderna, Oxford/AstraZeneca, Pfizer/BioNTech",5953221,5716124,11669345
2021-08-30,"Johnson&Johnson, Moderna, Oxford/AstraZeneca, Pfizer/BioNTech",5961749,5737992,11699741
2021-08-31,"Johnson&Johnson, Moderna, Oxford/AstraZeneca, Pfizer/BioNTech",5969423,5756070,11725493
2021-09-01,"Johnson&Johnson, Moderna, Oxford/AstraZeneca, Pfizer/BioNTech",5975314,5770056,11745370
2021-09-02,"Johnson&Johnson, Moderna, Oxford/AstraZeneca, Pfizer/BioNTech",5982150,5784437,11766587
2021-09-03,"Johnson&Johnson, Moderna, Oxford/AstraZeneca, Pfizer/BioNTech",5991707,5800141,11791848
2021-09-04,"Johnson&Johnson, Moderna, Oxford/AstraZeneca, Pfizer/BioNTech",5993773,5803689,11797462
2021-09-05,"Johnson&Johnson, Moderna, Oxford/AstraZeneca, Pfizer/BioNTech",5995811,5806531,11802342
2021-09-06,"Johnson&Johnson, Moderna, Oxford/AstraZeneca, Pfizer/BioNTech",6002046,5819052,11821098
2021-09-07,"Johnson&Johnson, Moderna, Oxford/AstraZeneca, Pfizer/BioNTech",6006437,5830140,11836577
2021-09-08,"Johnson&Johnson, Moderna, Oxford/AstraZeneca, Pfizer/BioNTech",6012108,5839977,11852085
2021-09-09,"Johnson&Johnson, Moderna, Oxford/AstraZeneca, Pfizer/BioNTech",6018797,5850033,11868830
2021-09-10,"Johnson&Johnson, Moderna, Oxford/AstraZeneca, Pfizer/BioNTech",6026483,5862202,11888685
2021-09-11,"Johnson&Johnson, Moderna, Oxford/AstraZeneca, Pfizer/BioNTech",6028346,5864682,11893028
2021-09-12,"Johnson&Johnson, Moderna, Oxford/AstraZeneca, Pfizer/BioNTech",6029460,5866310,11895770
2021-09-13,"Johnson&Johnson, Moderna, Oxford/AstraZeneca, Pfizer/BioNTech",6034893,5876603,11911496
2021-09-14,"Johnson&Johnson, Moderna, Oxford/AstraZeneca, Pfizer/BioNTech",6040284,5885612,11925896
2021-09-15,"Johnson&Johnson, Moderna, Oxford/AstraZeneca, Pfizer/BioNTech",6045482,5894130,11939612
2021-09-16,"Johnson&Johnson, Moderna, Oxford/AstraZeneca, Pfizer/BioNTech",6050825,5902399,11953224
2021-09-17,"Johnson&Johnson, Moderna, Oxford/AstraZeneca, Pfizer/BioNTech",6057394,5912628,11970022
2021-09-18,"Johnson&Johnson, Moderna, Oxford/AstraZeneca, Pfizer/BioNTech",6059118,5914985,11974103
2021-09-19,"Johnson&Johnson, Moderna, Oxford/AstraZeneca, Pfizer/BioNTech",6060059,5916550,11976609
2021-09-20,"Johnson&Johnson, Moderna, Oxford/AstraZeneca, Pfizer/BioNTech",6064073,5924745,11988818
2021-09-21,"Johnson&Johnson, Moderna, Oxford/AstraZeneca, Pfizer/BioNTech",6068302,5932271,12000573
2021-09-22,"Johnson&Johnson, Moderna, Oxford/AstraZeneca, Pfizer/BioNTech",6072484,5937783,12010267
2021-09-23,"Johnson&Johnson, Moderna, Oxford/AstraZeneca, Pfizer/BioNTech",6077457,5944183,12021640
2021-09-24,"Johnson&Johnson, Moderna, Oxford/AstraZeneca, Pfizer/BioNTech",6083217,5953804,12037021
2021-09-25,"Johnson&Johnson, Moderna, Oxford/AstraZeneca, Pfizer/BioNTech",6084712,5955801,12040513
2021-09-26,"Johnson&Johnson, Moderna, Oxford/AstraZeneca, Pfizer/BioNTech",6085454,5957438,12042892
2021-09-27,"Johnson&Johnson, Moderna, Oxford/AstraZeneca, Pfizer/BioNTech",6089332,5963945,12053277
2021-09-28,"Johnson&Johnson, Moderna, Pfizer/BioNTech",6089694,5964566,12054260
2021-09-29,"Johnson&Johnson, Moderna, Oxford/AstraZeneca, Pfizer/BioNTech",6093469,5972025,12065494
2021-09-30,"Johnson&Johnson, Moderna, Oxford/AstraZeneca, Pfizer/BioNTech",6097968,5979717,12077685
2021-10-01,"Johnson&Johnson, Moderna, Oxford/AstraZeneca, Pfizer/BioNTech",6102263,5987686,12089949
2021-10-02,"Johnson&Johnson, Moderna, Oxford/AstraZeneca, Pfizer/BioNTech",6103324,5989222,12092546
2021-10-03,"Johnson&Johnson, Moderna, Pfizer/BioNTech",6104047,5990088,12094135
2021-10-04,"Johnson&Johnson, Moderna, Oxford/AstraZeneca, Pfizer/BioNTech",6107122,5995655,12102777
2021-10-05,"Johnson&Johnson, Moderna, Oxford/AstraZeneca, Pfizer/BioNTech",6110286,6000733,12111019
2021-10-06,"Johnson&Johnson, Moderna, Oxford/AstraZeneca, Pfizer/BioNTech",6113800,6005900,12119700
2021-10-07,"Johnson&Johnson, Moderna, Oxford/AstraZeneca, Pfizer/BioNTech",6117076,6011152,12128228
2021-10-08,"Johnson&Johnson, Moderna, Oxford/AstraZeneca, Pfizer/BioNTech",6121868,6017786,12139654
2021-10-09,"Johnson&Johnson, Moderna, Oxford/AstraZeneca, Pfizer/BioNTech",6123111,6019438,12142549
2021-10-10,"Johnson&Johnson, Moderna, Oxford/AstraZeneca, Pfizer/BioNTech",6124051,6020267,12144318
2021-10-11,"Johnson&Johnson, Moderna, Oxford/AstraZeneca, Pfizer/BioNTech",6126981,6024677,12151658
2021-10-12,"Johnson&Johnson, Moderna, Oxford/AstraZeneca, Pfizer/BioNTech",6129908,6028677,12158585
2021-10-13,"Johnson&Johnson, Moderna, Oxford/AstraZeneca, Pfizer/BioNTech",6133440,6032857,12166297
2021-10-14,"Johnson&Johnson, Moderna, Oxford/AstraZeneca, Pfizer/BioNTech",6137115,6037803,12174918
2021-10-15,"Johnson&Johnson, Moderna, Oxford/AstraZeneca, Pfizer/BioNTech",6142342,6043944,12186286
2021-10-16,"Johnson&Johnson, Moderna, Oxford/AstraZeneca, Pfizer/BioNTech",6143755,6045465,12189220
2021-10-17,"Johnson&Johnson, Moderna, Pfizer/BioNTech",6145079,6046518,12191597
2021-10-18,"Johnson&Johnson, Moderna, Oxford/AstraZeneca, Pfizer/BioNTech",6149190,6050609,12199799
2021-10-19,"Johnson&Johnson, Moderna, Oxford/AstraZeneca, Pfizer/BioNTech",6152767,6052703,12205470
2021-10-20,"Johnson&Johnson, Moderna, Oxford/AstraZeneca, Pfizer/BioNTech",6157645,6057147,12214792
2021-10-21,"Johnson&Johnson, Moderna, Oxford/AstraZeneca, Pfizer/BioNTech",6165411,6062745,12228156
2021-10-22,"Johnson&Johnson, Moderna, Oxford/AstraZeneca, Pfizer/BioNTech",6175860,6069245,12245105
2021-10-23,"Johnson&Johnson, Moderna, Oxford/AstraZeneca, Pfizer/BioNTech",6179536,6071452,12250988
2021-10-24,"Johnson&Johnson, Moderna, Pfizer/BioNTech",6182220,6073230,12255450
2021-10-25,"Johnson&Johnson, Moderna, Oxford/AstraZeneca, Pfizer/BioNTech",6192712,6079032,12271744
2021-10-26,"Johnson&Johnson, Moderna, Oxford/AstraZeneca, Pfizer/BioNTech",6204700,6085579,12290279
2021-10-27,"Johnson&Johnson, Moderna, Oxford/AstraZeneca, Pfizer/BioNTech",6219302,6092978,12312280
2021-10-28,"Johnson&Johnson, Moderna, Oxford/AstraZeneca, Pfizer/BioNTech",6222718,6094653,12317371
2021-10-29,"Johnson&Johnson, Moderna, Oxford/AstraZeneca, Pfizer/BioNTech",6237140,6102626,12339766
2021-10-30,"Johnson&Johnson, Moderna, Pfizer/BioNTech",6241670,6105546,12347216
2021-10-31,"Johnson&Johnson, Moderna, Oxford/AstraZeneca, Pfizer/BioNTech",6245430,6108016,12353446
2021-11-01,"Johnson&Johnson, Moderna, Oxford/AstraZeneca, Pfizer/BioNTech",6260627,6115697,12376324
2021-11-02,"Johnson&Johnson, Moderna, Oxford/AstraZeneca, Pfizer/BioNTech",6276077,6123247,12399324
2021-11-03,"Johnson&Johnson, Moderna, Oxford/AstraZeneca, Pfizer/BioNTech",6293257,6130541,12423798
2021-11-04,"Johnson&Johnson, Moderna, Oxford/AstraZeneca, Pfizer/BioNTech",6311608,6138710,12450318
2021-11-05,"Johnson&Johnson, Moderna, Oxford/AstraZeneca, Pfizer/BioNTech",6334406,6149977,12484383
2021-11-06,"Johnson&Johnson, Moderna, Pfizer/BioNTech",6340919,6153028,12493947
2021-11-07,"Johnson&Johnson, Moderna, Oxford/AstraZeneca, Pfizer/BioNTech",6344940,6155464,12500404
2021-11-08,"Johnson&Johnson, Moderna, Oxford/AstraZeneca, Pfizer/BioNTech",6361211,6163093,12524304
2021-11-09,"Johnson&Johnson, Moderna, Oxford/AstraZeneca, Pfizer/BioNTech",6376020,6170386,12546406
2021-11-10,"Johnson&Johnson, Moderna, Oxford/AstraZeneca, Pfizer/BioNTech",6391761,6177759,12569520
2021-11-11,"Johnson&Johnson, Moderna, Oxford/AstraZeneca, Pfizer/BioNTech",6407226,6186862,12594088
2021-11-12,"Johnson&Johnson, Moderna, Oxford/AstraZeneca, Pfizer/BioNTech",6427027,6199650,12626677
2021-11-13,"Johnson&Johnson, Moderna, Oxford/AstraZeneca, Pfizer/BioNTech",6432416,6203516,12635932
2021-11-14,"Johnson&Johnson, Moderna, Oxford/AstraZeneca, Pfizer/BioNTech",6436308,6206519,12642827
2021-11-15,"Johnson&Johnson, Moderna, Oxford/AstraZeneca, Pfizer/BioNTech",6451387,6217205,12668592
2021-11-16,"Johnson&Johnson, Moderna, Oxford/AstraZeneca, Pfizer/BioNTech",6468934,6229186,12698120
2021-11-17,"Johnson&Johnson, Moderna, Oxford/AstraZeneca, Pfizer/BioNTech",6473175,6232748,12705923
2021-11-18,"Johnson&Johnson, Moderna, Oxford/AstraZeneca, Pfizer/BioNTech",6492588,6244428,12737016
2021-11-19,"Johnson&Johnson, Moderna, Oxford/AstraZeneca, Pfizer/BioNTech",6517195,6261394,12778589
2021-11-20,"Johnson&Johnson, Moderna, Pfizer/BioNTech",6525766,6266370,12792136
2021-11-21,"Johnson&Johnson, Moderna, Pfizer/BioNTech",6532539,6270141,12802680
2021-11-22,"Johnson&Johnson, Moderna, Oxford/AstraZeneca, Pfizer/BioNTech",6551047,6284248,12835295
2021-11-23,"Johnson&Johnson, Moderna, Oxford/AstraZeneca, Pfizer/BioNTech",6570104,6297503,12867607
2021-11-24,"Johnson&Johnson, Moderna, Oxford/AstraZeneca, Pfizer/BioNTech",6589111,6313338,12902449
2021-11-25,"Johnson&Johnson, Moderna, Oxford/AstraZeneca, Pfizer/BioNTech",6608262,6328361,12936623
2021-11-26,"Johnson&Johnson, Moderna, Oxford/AstraZeneca, Pfizer/BioNTech",6629917,6347493,12977410
2021-11-27,"Johnson&Johnson, Moderna, Pfizer/BioNTech",6637386,6353047,12990433
2021-11-28,"Johnson&Johnson, Moderna, Oxford/AstraZeneca, Pfizer/BioNTech",6640722,6356181,12996903
2021-11-29,"Johnson&Johnson, Moderna, Oxford/AstraZeneca, Pfizer/BioNTech",6655930,6369832,13025762
2021-11-30,"Johnson&Johnson, Moderna, Oxford/AstraZeneca, Pfizer/BioNTech",6669137,6381066,13050203
2021-12-01,"Johnson&Johnson, Moderna, Oxford/AstraZeneca, Pfizer/BioNTech",6683170,6393517,13076687
2021-12-02,"Johnson&Johnson, Moderna, Oxford/AstraZeneca, Pfizer/BioNTech",6693803,6406003,13099806
2021-12-03,"Johnson&Johnson, Moderna, Oxford/AstraZeneca, Pfizer/BioNTech",6703442,6421571,13125013
2021-12-04,"Johnson&Johnson, Moderna, Pfizer/BioNTech",6706001,6425517,13131518
2021-12-05,"Johnson&Johnson, Moderna, Oxford/AstraZeneca, Pfizer/BioNTech",6707357,6427857,13135214
2021-12-06,"Johnson&Johnson, Moderna, Oxford/AstraZeneca, Pfizer/BioNTech",6715518,6439378,13154896
2021-12-07,"Johnson&Johnson, Moderna, Oxford/AstraZeneca, Pfizer/BioNTech",6723402,6451375,13174777
2021-12-08,"Johnson&Johnson, Moderna, Oxford/AstraZeneca, Pfizer/BioNTech",6731646,6457293,13188939
2021-12-09,"Johnson&Johnson, Moderna, Oxford/AstraZeneca, Pfizer/BioNTech",6738762,6470104,13208866
2021-12-10,"Johnson&Johnson, Moderna, Oxford/AstraZeneca, Pfizer/BioNTech",6745657,6487905,13233562
2021-12-11,"Johnson&Johnson, Moderna, Pfizer/BioNTech",6747319,6493174,13240493
2021-12-12,"Johnson&Johnson, Moderna, Pfizer/BioNTech",6748627,6497603,13246230
2021-12-13,"Johnson&Johnson, Moderna, Oxford/AstraZeneca, Pfizer/BioNTech",6754975,6510910,13265885
2021-12-14,"Johnson&Johnson, Moderna, Oxford/AstraZeneca, Pfizer/BioNTech",6761185,6524573,13285758
2021-12-15,"Johnson&Johnson, Moderna, Oxford/AstraZeneca, Pfizer/BioNTech",6767373,6538174,13305547
2021-12-16,"Johnson&Johnson, Moderna, Oxford/AstraZeneca, Pfizer/BioNTech",6774297,6553005,13327302
2021-12-17,"Johnson&Johnson, Moderna, Oxford/AstraZeneca, Pfizer/BioNTech",6782655,6570257,13352912
2021-12-18,"Johnson&Johnson, Moderna, Oxford/AstraZeneca, Pfizer/BioNTech",6785258,6575703,13360961
2021-12-19,"Johnson&Johnson, Moderna, Pfizer/BioNTech",6787027,6578206,13365233
2021-12-20,"Johnson&Johnson, Moderna, Oxford/AstraZeneca, Pfizer/BioNTech",6792822,6592257,13385079
2021-12-21,"Johnson&Johnson, Moderna, Oxford/AstraZeneca, Pfizer/BioNTech",6799465,6604239,13403704
2021-12-22,"Johnson&Johnson, Moderna, Oxford/AstraZeneca, Pfizer/BioNTech",6804510,6617278,13421788
2021-12-23,"Johnson&Johnson, Moderna, Oxford/AstraZeneca, Pfizer/BioNTech",6807368,6622876,13430244
2021-12-24,"Johnson&Johnson, Moderna, Oxford/AstraZeneca, Pfizer/BioNTech",6807410,6622977,13430387
2021-12-25,"Moderna, Pfizer/BioNTech",6807410,6622984,13430394
2021-12-26,"Moderna, Pfizer/BioNTech",6807508,6623182,13430690
2021-12-27,"Johnson&Johnson, Moderna, Pfizer/BioNTech",6811335,6632913,13444248
2021-12-28,"Johnson&Johnson, Moderna, Pfizer/BioNTech",6816563,6640871,13457434
2021-12-29,"Johnson&Johnson, Moderna, Oxford/AstraZeneca, Pfizer/BioNTech",6820834,6648576,13469410
2021-12-30,"Johnson&Johnson, Moderna, Pfizer/BioNTech",6825117,6653997,13479114
2021-12-31,"Johnson&Johnson, Moderna, Pfizer/BioNTech",6825622,6655412,13481034
2022-01-01,"Johnson&Johnson, Moderna, Pfizer/BioNTech",6825624,6655430,13481054
2022-01-02,"Johnson&Johnson, Moderna, Pfizer/BioNTech",6826473,6656810,13483283
2022-01-03,"Johnson&Johnson, Moderna, Oxford/AstraZeneca, Pfizer/BioNTech",6830460,6665700,13496160
2022-01-04,"Johnson&Johnson, Moderna, Oxford/AstraZeneca, Pfizer/BioNTech",6835543,6673462,13509005
2022-01-05,"Johnson&Johnson, Moderna, Oxford/AstraZeneca, Pfizer/BioNTech",6841320,6681414,13522734
2022-01-06,"Johnson&Johnson, Moderna, Oxford/AstraZeneca, Pfizer/BioNTech",6847873,6689824,13537697
2022-01-07,"Johnson&Johnson, Moderna, Oxford/AstraZeneca, Pfizer/BioNTech",6855701,6700144,13555845
2022-01-08,"Johnson&Johnson, Moderna, Oxford/AstraZeneca, Pfizer/BioNTech",6858176,6702922,13561098
2022-01-09,"Johnson&Johnson, Moderna, Pfizer/BioNTech",6859262,6704623,13563885
2022-01-10,"Johnson&Johnson, Moderna, Oxford/AstraZeneca, Pfizer/BioNTech",6863690,6710727,13574417
2022-01-11,"Johnson&Johnson, Moderna, Oxford/AstraZeneca, Pfizer/BioNTech",6869043,6717451,13586494
2022-01-12,"Johnson&Johnson, Moderna, Oxford/AstraZeneca, Pfizer/BioNTech",6874968,6723051,13598019
2022-01-13,"Johnson&Johnson, Moderna, Oxford/AstraZeneca, Pfizer/BioNTech",6880818,6727792,13608610
2022-01-14,"Johnson&Johnson, Moderna, Oxford/AstraZeneca, Pfizer/BioNTech",6887041,6731398,13618439
2022-01-15,"Johnson&Johnson, Moderna, Oxford/AstraZeneca, Pfizer/BioNTech",6888317,6732050,13620367
2022-01-16,"Johnson&Johnson, Moderna, Oxford/AstraZeneca, Pfizer/BioNTech",6889001,6732481,13621482
2022-01-17,"Johnson&Johnson, Moderna, Oxford/AstraZeneca, Pfizer/BioNTech",6892476,6736410,13628886
2022-01-18,"Johnson&Johnson, Moderna, Oxford/AstraZeneca, Pfizer/BioNTech",6896328,6741320,13637648
2022-01-19,"Johnson&Johnson, Moderna, Oxford/AstraZeneca, Pfizer/BioNTech",6900326,6745221,13645547
2022-01-20,"Johnson&Johnson, Moderna, Oxford/AstraZeneca, Pfizer/BioNTech",6903854,6749578,13653432
2022-01-21,"Johnson&Johnson, Moderna, Oxford/AstraZeneca, Pfizer/BioNTech",6907616,6751917,13659533
