date,vaccine,people_vaccinated,people_fully_vaccinated,total_vaccinations
2020-12-27,Pfizer/BioNTech,1251,0,1251
2020-12-28,Pfizer/BioNTech,3547,0,3547
2020-12-29,Pfizer/BioNTech,6992,0,6992
2020-12-30,Pfizer/BioNTech,10467,0,10467
2020-12-31,Pfizer/BioNTech,11771,0,11771
2021-01-01,Pfizer/BioNTech,12032,0,12032
2021-01-02,Pfizer/BioNTech,13299,0,13299
2021-01-03,Pfizer/BioNTech,14214,0,14214
2021-01-04,Pfizer/BioNTech,17788,0,17788
2021-01-05,Pfizer/BioNTech,22279,0,22279
2021-01-06,Pfizer/BioNTech,28096,0,28096
2021-01-07,Pfizer/BioNTech,36038,0,36038
2021-01-08,Pfizer/BioNTech,45969,0,45969
2021-01-09,Pfizer/BioNTech,47982,0,47982
2021-01-10,Pfizer/BioNTech,49733,0,49733
2021-01-11,Pfizer/BioNTech,59526,0,59526
2021-01-12,Pfizer/BioNTech,72883,0,72883
2021-01-13,Pfizer/BioNTech,86360,0,86360
2021-01-14,"Moderna, Pfizer/BioNTech",101518,0,101518
2021-01-15,"Moderna, Pfizer/BioNTech",115459,0,115459
2021-01-16,"Moderna, Pfizer/BioNTech",118832,2,118834
2021-01-17,"Moderna, Pfizer/BioNTech",121429,635,122064
2021-01-18,"Moderna, Pfizer/BioNTech",133878,2445,136323
2021-01-19,"Moderna, Pfizer/BioNTech",146384,5144,151528
2021-01-20,"Moderna, Pfizer/BioNTech",159992,7772,167764
2021-01-21,"Moderna, Pfizer/BioNTech",175547,9492,185039
2021-01-22,"Moderna, Pfizer/BioNTech",190343,10527,200870
2021-01-23,"Moderna, Pfizer/BioNTech",193622,11393,205015
2021-01-24,"Moderna, Pfizer/BioNTech",195867,12256,208123
2021-01-25,"Moderna, Pfizer/BioNTech",205462,15207,220669
2021-01-26,"Moderna, Pfizer/BioNTech",215956,19163,235119
2021-01-27,"Moderna, Pfizer/BioNTech",224943,23657,248600
2021-01-28,"Moderna, Pfizer/BioNTech",231972,29744,261716
2021-01-29,"Moderna, Pfizer/BioNTech",238147,37554,275701
2021-01-30,"Moderna, Pfizer/BioNTech",238865,38636,277501
2021-01-31,Pfizer/BioNTech,239567,39808,279375
2021-02-01,"Moderna, Pfizer/BioNTech",243512,47690,291202
2021-02-02,"Moderna, Pfizer/BioNTech",247629,57854,305483
2021-02-03,"Moderna, Pfizer/BioNTech",252014,68805,320819
2021-02-04,"Moderna, Pfizer/BioNTech",256890,81715,338605
2021-02-05,"Moderna, Pfizer/BioNTech",262326,92335,354661
2021-02-06,"Moderna, Pfizer/BioNTech",263162,94671,357833
2021-02-07,"Moderna, Pfizer/BioNTech",264008,97147,361155
2021-02-08,"Moderna, Pfizer/BioNTech",268024,108495,376519
2021-02-09,"Moderna, Oxford/AstraZeneca, Pfizer/BioNTech",273088,120390,393478
2021-02-10,"Moderna, Pfizer/BioNTech",278551,133562,412113
2021-02-11,"Moderna, Oxford/AstraZeneca, Pfizer/BioNTech",284828,149673,434501
2021-02-12,"Moderna, Oxford/AstraZeneca, Pfizer/BioNTech",291529,164310,455839
2021-02-13,"Moderna, Oxford/AstraZeneca, Pfizer/BioNTech",293105,167281,460386
2021-02-14,"Moderna, Oxford/AstraZeneca, Pfizer/BioNTech",294093,168649,462742
2021-02-15,"Moderna, Oxford/AstraZeneca, Pfizer/BioNTech",300436,177953,478389
2021-02-16,"Moderna, Oxford/AstraZeneca, Pfizer/BioNTech",309095,186967,496062
2021-02-17,"Moderna, Oxford/AstraZeneca, Pfizer/BioNTech",318756,195211,513967
2021-02-18,"Moderna, Oxford/AstraZeneca, Pfizer/BioNTech",331018,203193,534211
2021-02-19,"Moderna, Oxford/AstraZeneca, Pfizer/BioNTech",342795,210481,553276
2021-02-20,"Moderna, Oxford/AstraZeneca, Pfizer/BioNTech",344726,211644,556370
2021-02-21,"Moderna, Oxford/AstraZeneca, Pfizer/BioNTech",345748,212650,558398
2021-02-22,"Moderna, Oxford/AstraZeneca, Pfizer/BioNTech",355822,218638,574460
2021-02-23,"Moderna, Oxford/AstraZeneca, Pfizer/BioNTech",368675,225570,594245
2021-02-24,"Moderna, Oxford/AstraZeneca, Pfizer/BioNTech",382468,231563,614031
2021-02-25,"Moderna, Oxford/AstraZeneca, Pfizer/BioNTech",400385,237076,637461
2021-02-26,"Moderna, Oxford/AstraZeneca, Pfizer/BioNTech",416464,242389,658853
2021-02-27,"Moderna, Oxford/AstraZeneca, Pfizer/BioNTech",419398,242937,662335
2021-02-28,"Moderna, Oxford/AstraZeneca, Pfizer/BioNTech",421733,243484,665217
2021-03-01,"Moderna, Oxford/AstraZeneca, Pfizer/BioNTech",441060,246871,687931
2021-03-02,"Moderna, Oxford/AstraZeneca, Pfizer/BioNTech",468127,250394,718521
2021-03-03,"Moderna, Oxford/AstraZeneca, Pfizer/BioNTech",498673,254864,753537
2021-03-04,"Moderna, Oxford/AstraZeneca, Pfizer/BioNTech",531696,259512,791208
2021-03-05,"Moderna, Oxford/AstraZeneca, Pfizer/BioNTech",560249,264871,825120
2021-03-06,"Moderna, Oxford/AstraZeneca, Pfizer/BioNTech",572220,265707,837927
2021-03-07,"Moderna, Oxford/AstraZeneca, Pfizer/BioNTech",583541,266535,850076
2021-03-08,"Moderna, Oxford/AstraZeneca, Pfizer/BioNTech",613032,271345,884377
2021-03-09,"Moderna, Oxford/AstraZeneca, Pfizer/BioNTech",649040,277677,926717
2021-03-10,"Moderna, Oxford/AstraZeneca, Pfizer/BioNTech",689931,284586,974517
2021-03-11,"Moderna, Oxford/AstraZeneca, Pfizer/BioNTech",734332,292898,1027230
2021-03-12,"Moderna, Oxford/AstraZeneca, Pfizer/BioNTech",772741,301295,1074036
2021-03-13,"Moderna, Oxford/AstraZeneca, Pfizer/BioNTech",789707,302578,1092285
2021-03-14,"Moderna, Oxford/AstraZeneca, Pfizer/BioNTech",801733,303704,1105437
2021-03-15,"Moderna, Oxford/AstraZeneca, Pfizer/BioNTech",829868,312447,1142315
2021-03-16,"Moderna, Oxford/AstraZeneca, Pfizer/BioNTech",868460,322908,1191368
2021-03-17,"Moderna, Oxford/AstraZeneca, Pfizer/BioNTech",905643,333352,1238995
2021-03-18,"Moderna, Oxford/AstraZeneca, Pfizer/BioNTech",943216,345706,1288922
2021-03-19,"Moderna, Oxford/AstraZeneca, Pfizer/BioNTech",977266,359236,1336502
2021-03-20,"Moderna, Oxford/AstraZeneca, Pfizer/BioNTech",992233,361242,1353475
2021-03-21,"Moderna, Oxford/AstraZeneca, Pfizer/BioNTech",999573,362772,1362345
2021-03-22,"Moderna, Oxford/AstraZeneca, Pfizer/BioNTech",1023669,375154,1398823
2021-03-23,"Moderna, Oxford/AstraZeneca, Pfizer/BioNTech",1049937,388395,1438332
2021-03-24,"Moderna, Oxford/AstraZeneca, Pfizer/BioNTech",1076462,404025,1480487
2021-03-25,"Moderna, Oxford/AstraZeneca, Pfizer/BioNTech",1102527,421812,1524339
2021-03-26,"Moderna, Oxford/AstraZeneca, Pfizer/BioNTech",1127040,439223,1566263
2021-03-27,"Moderna, Oxford/AstraZeneca, Pfizer/BioNTech",1135390,444032,1579422
2021-03-28,"Moderna, Oxford/AstraZeneca, Pfizer/BioNTech",1140863,448142,1589005
2021-03-29,"Moderna, Oxford/AstraZeneca, Pfizer/BioNTech",1159586,468725,1628311
2021-03-30,"Moderna, Oxford/AstraZeneca, Pfizer/BioNTech",1184010,490785,1674795
2021-03-31,"Moderna, Oxford/AstraZeneca, Pfizer/BioNTech",1206851,517725,1724576
2021-04-01,"Moderna, Oxford/AstraZeneca, Pfizer/BioNTech",1232160,549575,1781735
2021-04-02,"Moderna, Oxford/AstraZeneca, Pfizer/BioNTech",1238898,562280,1801178
2021-04-03,"Moderna, Oxford/AstraZeneca, Pfizer/BioNTech",1242417,573156,1815573
2021-04-04,"Moderna, Oxford/AstraZeneca, Pfizer/BioNTech",1244875,581888,1826763
2021-04-05,"Moderna, Oxford/AstraZeneca, Pfizer/BioNTech",1247177,589029,1836206
2021-04-06,"Moderna, Oxford/AstraZeneca, Pfizer/BioNTech",1263130,618166,1881296
2021-04-07,"Moderna, Oxford/AstraZeneca, Pfizer/BioNTech",1286278,640208,1926486
2021-04-08,"Moderna, Oxford/AstraZeneca, Pfizer/BioNTech",1324298,670999,1995297
2021-04-09,"Moderna, Oxford/AstraZeneca, Pfizer/BioNTech",1362962,700886,2063848
2021-04-10,"Moderna, Oxford/AstraZeneca, Pfizer/BioNTech",1378219,716074,2094293
2021-04-11,"Moderna, Oxford/AstraZeneca, Pfizer/BioNTech",1387905,726055,2113960
2021-04-12,"Moderna, Oxford/AstraZeneca, Pfizer/BioNTech",1425555,750838,2176393
2021-04-13,"Moderna, Oxford/AstraZeneca, Pfizer/BioNTech",1461297,776637,2237934
2021-04-14,"Moderna, Oxford/AstraZeneca, Pfizer/BioNTech",1499675,803879,2303554
2021-04-15,"Moderna, Oxford/AstraZeneca, Pfizer/BioNTech",1547009,829437,2376446
2021-04-16,"Moderna, Oxford/AstraZeneca, Pfizer/BioNTech",1591137,854969,2446106
2021-04-17,"Moderna, Oxford/AstraZeneca, Pfizer/BioNTech",1607601,863950,2471551
2021-04-18,"Moderna, Oxford/AstraZeneca, Pfizer/BioNTech",1620484,868892,2489376
2021-04-19,"Moderna, Oxford/AstraZeneca, Pfizer/BioNTech",1663972,884207,2548179
2021-04-20,"Moderna, Oxford/AstraZeneca, Pfizer/BioNTech",1705794,899943,2605737
2021-04-21,"Moderna, Oxford/AstraZeneca, Pfizer/BioNTech",1753057,914043,2667100
2021-04-22,"Johnson&Johnson, Moderna, Oxford/AstraZeneca, Pfizer/BioNTech",1806935,931318,2738253
2021-04-23,"Johnson&Johnson, Moderna, Oxford/AstraZeneca, Pfizer/BioNTech",1856371,943264,2799635
2021-04-24,"Johnson&Johnson, Moderna, Oxford/AstraZeneca, Pfizer/BioNTech",1873951,948452,2822403
2021-04-25,"Johnson&Johnson, Moderna, Oxford/AstraZeneca, Pfizer/BioNTech",1888429,952424,2840853
2021-04-26,"Johnson&Johnson, Moderna, Oxford/AstraZeneca, Pfizer/BioNTech",1937424,959770,2897194
2021-04-27,"Johnson&Johnson, Moderna, Oxford/AstraZeneca, Pfizer/BioNTech",1985799,971884,2957683
2021-04-28,"Johnson&Johnson, Moderna, Oxford/AstraZeneca, Pfizer/BioNTech",2044035,985767,3029802
2021-04-29,"Johnson&Johnson, Moderna, Oxford/AstraZeneca, Pfizer/BioNTech",2108813,1001451,3110264
2021-04-30,"Johnson&Johnson, Moderna, Oxford/AstraZeneca, Pfizer/BioNTech",2170318,1011275,3181593
2021-05-01,"Johnson&Johnson, Moderna, Oxford/AstraZeneca, Pfizer/BioNTech",2189445,1014605,3204050
2021-05-02,"Johnson&Johnson, Moderna, Oxford/AstraZeneca, Pfizer/BioNTech",2208198,1016822,3225020
2021-05-03,"Johnson&Johnson, Moderna, Oxford/AstraZeneca, Pfizer/BioNTech",2274799,1021802,3296601
2021-05-04,"Johnson&Johnson, Moderna, Oxford/AstraZeneca, Pfizer/BioNTech",2340455,1030030,3370485
2021-05-05,"Johnson&Johnson, Moderna, Oxford/AstraZeneca, Pfizer/BioNTech",2412866,1039307,3452173
2021-05-06,"Johnson&Johnson, Moderna, Oxford/AstraZeneca, Pfizer/BioNTech",2492333,1049845,3542178
2021-05-07,"Johnson&Johnson, Moderna, Oxford/AstraZeneca, Pfizer/BioNTech",2568883,1059754,3628637
2021-05-08,"Johnson&Johnson, Moderna, Oxford/AstraZeneca, Pfizer/BioNTech",2598091,1061445,3659536
2021-05-09,"Johnson&Johnson, Moderna, Oxford/AstraZeneca, Pfizer/BioNTech",2622105,1062610,3684715
2021-05-10,"Johnson&Johnson, Moderna, Oxford/AstraZeneca, Pfizer/BioNTech",2694022,1069694,3763716
2021-05-11,"Johnson&Johnson, Moderna, Oxford/AstraZeneca, Pfizer/BioNTech",2769248,1078404,3847652
2021-05-12,"Johnson&Johnson, Moderna, Oxford/AstraZeneca, Pfizer/BioNTech",2848279,1087319,3935598
2021-05-13,"Johnson&Johnson, Moderna, Oxford/AstraZeneca, Pfizer/BioNTech",2931431,1096353,4027784
2021-05-14,"Johnson&Johnson, Moderna, Oxford/AstraZeneca, Pfizer/BioNTech",3009918,1103969,4113887
2021-05-15,"Johnson&Johnson, Moderna, Oxford/AstraZeneca, Pfizer/BioNTech",3041492,1106101,4147593
2021-05-16,"Johnson&Johnson, Moderna, Oxford/AstraZeneca, Pfizer/BioNTech",3067101,1107272,4174373
2021-05-17,"Johnson&Johnson, Moderna, Oxford/AstraZeneca, Pfizer/BioNTech",3138941,1113883,4252824
2021-05-18,"Johnson&Johnson, Moderna, Oxford/AstraZeneca, Pfizer/BioNTech",3210174,1126747,4336921
2021-05-19,"Johnson&Johnson, Moderna, Oxford/AstraZeneca, Pfizer/BioNTech",3286757,1141754,4428511
2021-05-20,"Johnson&Johnson, Moderna, Oxford/AstraZeneca, Pfizer/BioNTech",3360910,1168330,4529240
2021-05-21,"Johnson&Johnson, Moderna, Oxford/AstraZeneca, Pfizer/BioNTech",3428845,1195630,4624475
2021-05-22,"Johnson&Johnson, Moderna, Oxford/AstraZeneca, Pfizer/BioNTech",3460697,1206641,4667338
2021-05-23,"Johnson&Johnson, Moderna, Oxford/AstraZeneca, Pfizer/BioNTech",3482801,1215552,4698353
2021-05-24,"Johnson&Johnson, Moderna, Oxford/AstraZeneca, Pfizer/BioNTech",3529254,1248688,4777942
2021-05-25,"Johnson&Johnson, Moderna, Oxford/AstraZeneca, Pfizer/BioNTech",3580325,1283849,4864174
2021-05-26,"Johnson&Johnson, Moderna, Oxford/AstraZeneca, Pfizer/BioNTech",3646495,1320543,4967038
2021-05-27,"Johnson&Johnson, Moderna, Oxford/AstraZeneca, Pfizer/BioNTech",3703358,1365912,5069270
