date,vaccine,people_vaccinated,people_fully_vaccinated,total_vaccinations
2020-12-27,Pfizer/BioNTech,1286,0,1286
2020-12-28,Pfizer/BioNTech,3589,0,3589
2020-12-29,Pfizer/BioNTech,7059,1,7060
2020-12-30,Pfizer/BioNTech,10576,1,10577
2020-12-31,Pfizer/BioNTech,11887,1,11888
2021-01-01,"Moderna, Pfizer/BioNTech",12156,1,12157
2021-01-02,"Moderna, Pfizer/BioNTech",13439,2,13441
2021-01-03,"Moderna, Pfizer/BioNTech",14366,2,14368
2021-01-04,"Moderna, Pfizer/BioNTech",17974,2,17976
2021-01-05,"Moderna, Pfizer/BioNTech",22499,3,22502
2021-01-06,"Moderna, Pfizer/BioNTech",28345,4,28349
2021-01-07,"Moderna, Pfizer/BioNTech",36343,4,36347
2021-01-08,"Moderna, Pfizer/BioNTech",46394,5,46399
2021-01-09,"Moderna, Pfizer/BioNTech",48420,7,48427
2021-01-10,Pfizer/BioNTech,50192,9,50201
2021-01-11,"Moderna, Pfizer/BioNTech",60049,11,60060
2021-01-12,"Moderna, Pfizer/BioNTech",73504,13,73517
2021-01-13,"Moderna, Pfizer/BioNTech",87050,13,87063
2021-01-14,"Moderna, Pfizer/BioNTech",102303,17,102320
2021-01-15,"Moderna, Pfizer/BioNTech",116323,18,116341
2021-01-16,"Moderna, Pfizer/BioNTech",119727,22,119749
2021-01-17,"Moderna, Pfizer/BioNTech",122348,657,123005
2021-01-18,"Moderna, Pfizer/BioNTech",134842,2484,137326
2021-01-19,"Moderna, Pfizer/BioNTech",147453,5213,152666
2021-01-20,"Moderna, Pfizer/BioNTech",161151,7878,169029
2021-01-21,"Moderna, Pfizer/BioNTech",176804,9620,186424
2021-01-22,"Moderna, Pfizer/BioNTech",191696,10664,202360
2021-01-23,"Moderna, Pfizer/BioNTech",195014,11541,206555
2021-01-24,"Moderna, Pfizer/BioNTech",197270,12412,209682
2021-01-25,"Moderna, Pfizer/BioNTech",206925,15382,222307
2021-01-26,"Moderna, Pfizer/BioNTech",217472,19373,236845
2021-01-27,"Moderna, Pfizer/BioNTech",226504,23908,250412
2021-01-28,"Moderna, Pfizer/BioNTech",233610,30040,263650
2021-01-29,"Moderna, Pfizer/BioNTech",239826,37947,277773
2021-01-30,"Moderna, Pfizer/BioNTech",240567,39035,279602
2021-01-31,"Moderna, Pfizer/BioNTech",241286,40217,281503
2021-02-01,"Moderna, Pfizer/BioNTech",245269,48187,293456
2021-02-02,"Moderna, Pfizer/BioNTech",249423,58427,307850
2021-02-03,"Moderna, Pfizer/BioNTech",253850,69447,323297
2021-02-04,"Moderna, Pfizer/BioNTech",258757,82440,341197
2021-02-05,"Moderna, Pfizer/BioNTech",264233,93114,357347
2021-02-06,"Moderna, Oxford/AstraZeneca, Pfizer/BioNTech",265090,95480,360570
2021-02-07,"Moderna, Oxford/AstraZeneca, Pfizer/BioNTech",265941,97980,363921
2021-02-08,"Moderna, Oxford/AstraZeneca, Pfizer/BioNTech",270034,109411,379445
2021-02-09,"Moderna, Oxford/AstraZeneca, Pfizer/BioNTech",275142,121324,396466
2021-02-10,"Moderna, Oxford/AstraZeneca, Pfizer/BioNTech",280661,134585,415246
2021-02-11,"Moderna, Oxford/AstraZeneca, Pfizer/BioNTech",287003,150805,437808
2021-02-12,"Moderna, Oxford/AstraZeneca, Pfizer/BioNTech",293831,165553,459384
2021-02-13,"Moderna, Oxford/AstraZeneca, Pfizer/BioNTech",295449,168540,463989
2021-02-14,"Moderna, Oxford/AstraZeneca, Pfizer/BioNTech",296455,169926,466381
2021-02-15,"Moderna, Oxford/AstraZeneca, Pfizer/BioNTech",302855,179297,482152
2021-02-16,"Moderna, Oxford/AstraZeneca, Pfizer/BioNTech",311576,188378,499954
2021-02-17,"Moderna, Oxford/AstraZeneca, Pfizer/BioNTech",321278,196689,517967
2021-02-18,"Moderna, Oxford/AstraZeneca, Pfizer/BioNTech",333608,204772,538380
2021-02-19,"Moderna, Oxford/AstraZeneca, Pfizer/BioNTech",345474,212149,557623
2021-02-20,"Moderna, Oxford/AstraZeneca, Pfizer/BioNTech",347484,213335,560819
2021-02-21,"Moderna, Oxford/AstraZeneca, Pfizer/BioNTech",348621,214361,562982
2021-02-22,"Moderna, Oxford/AstraZeneca, Pfizer/BioNTech",358747,220398,579145
2021-02-23,"Moderna, Oxford/AstraZeneca, Pfizer/BioNTech",371712,227389,599101
2021-02-24,"Moderna, Oxford/AstraZeneca, Pfizer/BioNTech",385596,233432,619028
2021-02-25,"Moderna, Oxford/AstraZeneca, Pfizer/BioNTech",403580,238983,642563
2021-02-26,"Moderna, Oxford/AstraZeneca, Pfizer/BioNTech",419763,244343,664106
2021-02-27,"Moderna, Oxford/AstraZeneca, Pfizer/BioNTech",422772,244902,667674
2021-02-28,"Moderna, Oxford/AstraZeneca, Pfizer/BioNTech",425130,245453,670583
2021-03-01,"Moderna, Oxford/AstraZeneca, Pfizer/BioNTech",444730,248902,693632
2021-03-02,"Moderna, Oxford/AstraZeneca, Pfizer/BioNTech",471958,252452,724410
2021-03-03,"Moderna, Oxford/AstraZeneca, Pfizer/BioNTech",502916,256964,759880
2021-03-04,"Moderna, Oxford/AstraZeneca, Pfizer/BioNTech",536200,261655,797855
2021-03-05,"Johnson&Johnson, Moderna, Oxford/AstraZeneca, Pfizer/BioNTech",565045,267084,832129
2021-03-06,"Johnson&Johnson, Moderna, Oxford/AstraZeneca, Pfizer/BioNTech",577205,267950,845155
2021-03-07,"Johnson&Johnson, Moderna, Oxford/AstraZeneca, Pfizer/BioNTech",588754,268793,857547
2021-03-08,"Johnson&Johnson, Moderna, Oxford/AstraZeneca, Pfizer/BioNTech",618503,273656,892159
2021-03-09,"Johnson&Johnson, Moderna, Oxford/AstraZeneca, Pfizer/BioNTech",654876,280044,934920
2021-03-10,"Johnson&Johnson, Moderna, Oxford/AstraZeneca, Pfizer/BioNTech",696210,287004,983214
2021-03-11,"Johnson&Johnson, Moderna, Oxford/AstraZeneca, Pfizer/BioNTech",741068,295379,1036447
2021-03-12,"Johnson&Johnson, Moderna, Oxford/AstraZeneca, Pfizer/BioNTech, Čína",779832,303879,1083711
2021-03-13,"Johnson&Johnson, Moderna, Oxford/AstraZeneca, Pfizer/BioNTech",796942,305194,1102136
2021-03-14,"Johnson&Johnson, Moderna, Oxford/AstraZeneca, Pfizer/BioNTech",809060,306351,1115411
2021-03-15,"Johnson&Johnson, Moderna, Oxford/AstraZeneca, Pfizer/BioNTech",837458,315132,1152590
2021-03-16,"Johnson&Johnson, Moderna, Oxford/AstraZeneca, Pfizer/BioNTech",876356,325669,1202025
2021-03-17,"Moderna, Oxford/AstraZeneca, Pfizer/BioNTech",913844,336184,1250028
2021-03-18,"Johnson&Johnson, Moderna, Oxford/AstraZeneca, Pfizer/BioNTech",951851,348610,1300461
2021-03-19,"Johnson&Johnson, Moderna, Oxford/AstraZeneca, Pfizer/BioNTech",986371,362225,1348596
2021-03-20,"Johnson&Johnson, Moderna, Oxford/AstraZeneca, Pfizer/BioNTech",1001555,364255,1365810
2021-03-21,"Johnson&Johnson, Moderna, Oxford/AstraZeneca, Pfizer/BioNTech",1009004,365815,1374819
2021-03-22,"Johnson&Johnson, Moderna, Oxford/AstraZeneca, Pfizer/BioNTech",1033581,378317,1411898
2021-03-23,"Johnson&Johnson, Moderna, Oxford/AstraZeneca, Pfizer/BioNTech",1060258,391684,1451942
2021-03-24,"Johnson&Johnson, Moderna, Oxford/AstraZeneca, Pfizer/BioNTech",1087153,407431,1494584
2021-03-25,"Johnson&Johnson, Moderna, Oxford/AstraZeneca, Pfizer/BioNTech",1113514,425286,1538800
2021-03-26,"Johnson&Johnson, Moderna, Oxford/AstraZeneca, Pfizer/BioNTech",1138357,442800,1581157
2021-03-27,"Johnson&Johnson, Moderna, Oxford/AstraZeneca, Pfizer/BioNTech",1146819,447646,1594465
2021-03-28,"Moderna, Oxford/AstraZeneca, Pfizer/BioNTech",1152367,451794,1604161
2021-03-29,"Johnson&Johnson, Moderna, Oxford/AstraZeneca, Pfizer/BioNTech",1171529,472530,1644059
2021-03-30,"Johnson&Johnson, Moderna, Oxford/AstraZeneca, Pfizer/BioNTech",1196239,494717,1690956
2021-03-31,"Johnson&Johnson, Moderna, Oxford/AstraZeneca, Pfizer/BioNTech",1219398,521786,1741184
2021-04-01,"Johnson&Johnson, Moderna, Oxford/AstraZeneca, Pfizer/BioNTech",1245088,553843,1798931
2021-04-02,"Johnson&Johnson, Moderna, Oxford/AstraZeneca, Pfizer/BioNTech",1252072,566640,1818712
2021-04-03,"Johnson&Johnson, Moderna, Oxford/AstraZeneca, Pfizer/BioNTech",1255727,577572,1833299
2021-04-04,"Johnson&Johnson, Moderna, Oxford/AstraZeneca, Pfizer/BioNTech",1258273,586495,1844768
2021-04-05,"Johnson&Johnson, Moderna, Oxford/AstraZeneca, Pfizer/BioNTech",1260707,593701,1854408
2021-04-06,"Johnson&Johnson, Moderna, Oxford/AstraZeneca, Pfizer/BioNTech, Čína",1276924,622977,1899901
2021-04-07,"Johnson&Johnson, Moderna, Oxford/AstraZeneca, Pfizer/BioNTech",1300429,645218,1945647
2021-04-08,"Johnson&Johnson, Moderna, Oxford/AstraZeneca, Pfizer/BioNTech",1339250,676266,2015516
2021-04-09,"Johnson&Johnson, Moderna, Oxford/AstraZeneca, Pfizer/BioNTech",1378849,706467,2085316
2021-04-10,"Johnson&Johnson, Moderna, Oxford/AstraZeneca, Pfizer/BioNTech",1394417,721780,2116197
2021-04-11,"Johnson&Johnson, Moderna, Oxford/AstraZeneca, Pfizer/BioNTech",1404213,731838,2136051
2021-04-12,"Johnson&Johnson, Moderna, Oxford/AstraZeneca, Pfizer/BioNTech",1442536,756984,2199520
2021-04-13,"Moderna, Oxford/AstraZeneca, Pfizer/BioNTech",1478845,783027,2261872
2021-04-14,"Moderna, Oxford/AstraZeneca, Pfizer/BioNTech",1517734,810405,2328139
2021-04-15,"Moderna, Oxford/AstraZeneca, Pfizer/BioNTech",1565570,836187,2401757
2021-04-16,"Moderna, Oxford/AstraZeneca, Pfizer/BioNTech",1610290,861868,2472158
2021-04-17,"Indie/AstraZeneca, Moderna, Oxford/AstraZeneca, Pfizer/BioNTech",1627017,870895,2497912
2021-04-18,"Moderna, Oxford/AstraZeneca, Pfizer/BioNTech",1640017,875881,2515898
2021-04-19,"Johnson&Johnson, Moderna, Oxford/AstraZeneca, Pfizer/BioNTech",1683994,891325,2575319
2021-04-20,"Johnson&Johnson, Moderna, Oxford/AstraZeneca, Pfizer/BioNTech",1726583,907215,2633798
2021-04-21,"Moderna, Oxford/AstraZeneca, Pfizer/BioNTech",1774348,921586,2695934
2021-04-22,"Johnson&Johnson, Moderna, Oxford/AstraZeneca, Pfizer/BioNTech",1828880,938986,2767866
2021-04-23,"Johnson&Johnson, Moderna, Oxford/AstraZeneca, Pfizer/BioNTech",1878893,951054,2829947
2021-04-24,"Johnson&Johnson, Moderna, Oxford/AstraZeneca, Pfizer/BioNTech",1896771,956322,2853093
2021-04-25,"Johnson&Johnson, Moderna, Oxford/AstraZeneca, Pfizer/BioNTech",1911484,960326,2871810
2021-04-26,"Johnson&Johnson, Moderna, Oxford/AstraZeneca, Pfizer/BioNTech",1961099,967897,2928996
2021-04-27,"Johnson&Johnson, Moderna, Oxford/AstraZeneca, Pfizer/BioNTech",2010092,980153,2990245
2021-04-28,"Johnson&Johnson, Moderna, Oxford/AstraZeneca, Pfizer/BioNTech",2068874,994178,3063052
2021-04-29,"Johnson&Johnson, Moderna, Oxford/AstraZeneca, Pfizer/BioNTech",2134494,1010100,3144594
2021-04-30,"Johnson&Johnson, Moderna, Oxford/AstraZeneca, Pfizer/BioNTech",2196789,1020096,3216885
2021-05-01,"Johnson&Johnson, Moderna, Oxford/AstraZeneca, Pfizer/BioNTech",2216183,1023561,3239744
2021-05-02,"Johnson&Johnson, Moderna, Oxford/AstraZeneca, Pfizer/BioNTech",2235135,1025852,3260987
2021-05-03,"Johnson&Johnson, Moderna, Oxford/AstraZeneca, Pfizer/BioNTech",2302413,1030936,3333349
2021-05-04,"Johnson&Johnson, Moderna, Oxford/AstraZeneca, Pfizer/BioNTech",2368974,1039310,3408284
2021-05-05,"Johnson&Johnson, Moderna, Oxford/AstraZeneca, Pfizer/BioNTech",2442186,1048759,3490945
2021-05-06,"Johnson&Johnson, Moderna, Oxford/AstraZeneca, Pfizer/BioNTech",2522631,1059512,3582143
2021-05-07,"Johnson&Johnson, Moderna, Oxford/AstraZeneca, Pfizer/BioNTech",2599970,1069659,3669629
2021-05-08,"Johnson&Johnson, Moderna, Oxford/AstraZeneca, Pfizer/BioNTech",2629511,1071453,3700964
2021-05-09,"Johnson&Johnson, Moderna, Oxford/AstraZeneca, Pfizer/BioNTech",2653753,1072677,3726430
2021-05-10,"Johnson&Johnson, Moderna, Oxford/AstraZeneca, Pfizer/BioNTech",2726553,1079924,3806477
2021-05-11,"Johnson&Johnson, Moderna, Oxford/AstraZeneca, Pfizer/BioNTech",2802706,1088757,3891463
2021-05-12,"Johnson&Johnson, Moderna, Oxford/AstraZeneca, Pfizer/BioNTech",2882653,1097905,3980558
2021-05-13,"Johnson&Johnson, Moderna, Oxford/AstraZeneca, Pfizer/BioNTech",2966708,1107098,4073806
2021-05-14,"Johnson&Johnson, Moderna, Oxford/AstraZeneca, Pfizer/BioNTech",3046267,1114926,4161193
2021-05-15,"Johnson&Johnson, Moderna, Oxford/AstraZeneca, Pfizer/BioNTech",3078235,1117213,4195448
2021-05-16,"Johnson&Johnson, Moderna, Oxford/AstraZeneca, Pfizer/BioNTech",3104051,1118500,4222551
2021-05-17,"Indie/AstraZeneca, Johnson&Johnson, Moderna, Oxford/AstraZeneca, Pfizer/BioNTech",3176594,1125258,4301852
2021-05-18,"Indie/AstraZeneca, Johnson&Johnson, Moderna, Oxford/AstraZeneca, Pfizer/BioNTech",3248591,1138385,4386976
2021-05-19,"Johnson&Johnson, Moderna, Oxford/AstraZeneca, Pfizer/BioNTech",3326093,1153560,4479653
2021-05-20,"Johnson&Johnson, Moderna, Oxford/AstraZeneca, Pfizer/BioNTech",3401594,1180633,4582227
2021-05-21,"Johnson&Johnson, Moderna, Oxford/AstraZeneca, Pfizer/BioNTech",3470454,1208443,4678897
2021-05-22,"Johnson&Johnson, Moderna, Oxford/AstraZeneca, Pfizer/BioNTech",3502932,1219688,4722620
2021-05-23,"Johnson&Johnson, Moderna, Oxford/AstraZeneca, Pfizer/BioNTech",3525383,1228731,4754114
2021-05-24,"Johnson&Johnson, Moderna, Oxford/AstraZeneca, Pfizer/BioNTech",3572602,1262411,4835013
2021-05-25,"Johnson&Johnson, Moderna, Oxford/AstraZeneca, Pfizer/BioNTech",3624525,1298259,4922784
2021-05-26,"Johnson&Johnson, Moderna, Oxford/AstraZeneca, Pfizer/BioNTech",3692299,1335824,5028123
2021-05-27,"Indie/AstraZeneca, Johnson&Johnson, Moderna, Oxford/AstraZeneca, Pfizer/BioNTech",3753738,1383194,5136932
2021-05-28,"Johnson&Johnson, Moderna, Oxford/AstraZeneca, Pfizer/BioNTech",3815494,1429809,5245303
2021-05-29,"Johnson&Johnson, Moderna, Oxford/AstraZeneca, Pfizer/BioNTech",3844769,1446957,5291726
2021-05-30,"Johnson&Johnson, Moderna, Oxford/AstraZeneca, Pfizer/BioNTech, Čína",3867189,1461430,5328619
2021-05-31,"Indie/AstraZeneca, Johnson&Johnson, Moderna, Oxford/AstraZeneca, Pfizer/BioNTech",3922941,1508966,5431907
2021-06-01,"Johnson&Johnson, Moderna, Oxford/AstraZeneca, Pfizer/BioNTech",3982060,1557861,5539921
2021-06-02,"Johnson&Johnson, Moderna, Oxford/AstraZeneca, Pfizer/BioNTech",4045043,1611900,5656943
2021-06-03,"Johnson&Johnson, Moderna, Oxford/AstraZeneca, Pfizer/BioNTech",4103308,1672150,5775458
2021-06-04,"Johnson&Johnson, Moderna, Oxford/AstraZeneca, Pfizer/BioNTech",4166461,1729591,5896052
2021-06-05,"Johnson&Johnson, Moderna, Oxford/AstraZeneca, Pfizer/BioNTech",4200658,1748526,5949184
2021-06-06,"Johnson&Johnson, Moderna, Oxford/AstraZeneca, Pfizer/BioNTech",4227621,1763706,5991327
2021-06-07,"Johnson&Johnson, Moderna, Oxford/AstraZeneca, Pfizer/BioNTech",4291325,1819362,6110687
2021-06-08,"Johnson&Johnson, Moderna, Oxford/AstraZeneca, Pfizer/BioNTech",4355346,1874393,6229739
2021-06-09,"Johnson&Johnson, Moderna, Oxford/AstraZeneca, Pfizer/BioNTech",4414573,1939096,6353669
2021-06-10,"Johnson&Johnson, Moderna, Oxford/AstraZeneca, Pfizer/BioNTech",4468440,2010424,6478864
2021-06-11,"Johnson&Johnson, Moderna, Oxford/AstraZeneca, Pfizer/BioNTech",4520576,2080286,6600862
2021-06-12,"Johnson&Johnson, Moderna, Oxford/AstraZeneca, Pfizer/BioNTech",4552612,2101150,6653762
2021-06-13,"Johnson&Johnson, Moderna, Oxford/AstraZeneca, Pfizer/BioNTech",4576656,2119595,6696251
2021-06-14,"Johnson&Johnson, Moderna, Oxford/AstraZeneca, Pfizer/BioNTech, Čína",4619759,2194014,6813773
2021-06-15,"Johnson&Johnson, Moderna, Oxford/AstraZeneca, Pfizer/BioNTech",4664445,2266428,6930873
2021-06-16,"Johnson&Johnson, Moderna, Oxford/AstraZeneca, Pfizer/BioNTech",4707273,2344685,7051958
2021-06-17,"Johnson&Johnson, Moderna, Oxford/AstraZeneca, Pfizer/BioNTech",4746716,2427810,7174526
2021-06-18,"Johnson&Johnson, Moderna, Oxford/AstraZeneca, Pfizer/BioNTech",4789167,2508422,7297589
2021-06-19,"Johnson&Johnson, Moderna, Oxford/AstraZeneca, Pfizer/BioNTech",4810969,2537776,7348745
2021-06-20,"Johnson&Johnson, Moderna, Oxford/AstraZeneca, Pfizer/BioNTech",4828384,2561663,7390047
2021-06-21,"Johnson&Johnson, Moderna, Oxford/AstraZeneca, Pfizer/BioNTech, Čína",4860901,2640304,7501205
2021-06-22,"Johnson&Johnson, Moderna, Oxford/AstraZeneca, Pfizer/BioNTech",4893887,2722656,7616543
2021-06-23,"Johnson&Johnson, Moderna, Oxford/AstraZeneca, Pfizer/BioNTech",4925621,2807929,7733550
2021-06-24,"Johnson&Johnson, Moderna, Oxford/AstraZeneca, Pfizer/BioNTech",4955500,2898015,7853515
2021-06-25,"Johnson&Johnson, Moderna, Oxford/AstraZeneca, Pfizer/BioNTech",4986601,2984281,7970882
2021-06-26,"Johnson&Johnson, Moderna, Oxford/AstraZeneca, Pfizer/BioNTech",5002509,3019182,8021691
2021-06-27,"Johnson&Johnson, Moderna, Oxford/AstraZeneca, Pfizer/BioNTech",5016472,3045910,8062382
2021-06-28,"Johnson&Johnson, Moderna, Oxford/AstraZeneca, Pfizer/BioNTech",5044900,3131155,8176055
2021-06-29,"Johnson&Johnson, Moderna, Oxford/AstraZeneca, Pfizer/BioNTech",5074202,3217731,8291933
2021-06-30,"Johnson&Johnson, Moderna, Oxford/AstraZeneca, Pfizer/BioNTech",5101717,3308803,8410520
2021-07-01,"Johnson&Johnson, Moderna, Oxford/AstraZeneca, Pfizer/BioNTech",5125734,3398932,8524666
2021-07-02,"Johnson&Johnson, Moderna, Oxford/AstraZeneca, Pfizer/BioNTech",5152491,3484893,8637384
2021-07-03,"Johnson&Johnson, Moderna, Oxford/AstraZeneca, Pfizer/BioNTech",5159604,3516478,8676082
2021-07-04,"Johnson&Johnson, Moderna, Oxford/AstraZeneca, Pfizer/BioNTech",5167201,3538308,8705509
2021-07-05,"Johnson&Johnson, Moderna, Oxford/AstraZeneca, Pfizer/BioNTech",5174632,3563729,8738361
2021-07-06,"Johnson&Johnson, Moderna, Oxford/AstraZeneca, Pfizer/BioNTech",5180124,3591476,8771600
2021-07-07,"Johnson&Johnson, Moderna, Oxford/AstraZeneca, Pfizer/BioNTech",5205969,3670493,8876462
2021-07-08,"Johnson&Johnson, Moderna, Oxford/AstraZeneca, Pfizer/BioNTech",5232594,3740866,8973460
2021-07-09,"Johnson&Johnson, Moderna, Oxford/AstraZeneca, Pfizer/BioNTech",5260564,3810224,9070788
2021-07-10,"Johnson&Johnson, Moderna, Oxford/AstraZeneca, Pfizer/BioNTech",5269953,3838904,9108857
2021-07-11,"Johnson&Johnson, Moderna, Oxford/AstraZeneca, Pfizer/BioNTech",5278515,3861800,9140315
2021-07-12,"Johnson&Johnson, Moderna, Oxford/AstraZeneca, Pfizer/BioNTech, Čína",5306079,3930901,9236980
2021-07-13,"Johnson&Johnson, Moderna, Oxford/AstraZeneca, Pfizer/BioNTech",5332301,4000811,9333112
2021-07-14,"Johnson&Johnson, Moderna, Oxford/AstraZeneca, Pfizer/BioNTech",5358153,4072836,9430989
2021-07-15,"Indie/AstraZeneca, Johnson&Johnson, Moderna, Oxford/AstraZeneca, Pfizer/BioNTech",5387351,4138878,9526229
2021-07-16,"Johnson&Johnson, Moderna, Oxford/AstraZeneca, Pfizer/BioNTech",5415302,4211645,9626947
2021-07-17,"Johnson&Johnson, Moderna, Oxford/AstraZeneca, Pfizer/BioNTech",5424114,4243133,9667247
2021-07-18,"Johnson&Johnson, Moderna, Oxford/AstraZeneca, Pfizer/BioNTech",5432564,4269156,9701720
2021-07-19,"Johnson&Johnson, Moderna, Oxford/AstraZeneca, Pfizer/BioNTech",5455943,4336203,9792146
2021-07-20,"Johnson&Johnson, Moderna, Oxford/AstraZeneca, Pfizer/BioNTech",5477371,4403294,9880665
2021-07-21,"Johnson&Johnson, Moderna, Oxford/AstraZeneca, Pfizer/BioNTech",5500840,4466785,9967625
2021-07-22,"Johnson&Johnson, Moderna, Oxford/AstraZeneca, Pfizer/BioNTech",5523223,4525451,10048674
2021-07-23,"Johnson&Johnson, Moderna, Oxford/AstraZeneca, Pfizer/BioNTech",5546472,4580239,10126711
2021-07-24,"Johnson&Johnson, Moderna, Oxford/AstraZeneca, Pfizer/BioNTech",5553834,4607931,10161765
2021-07-25,"Johnson&Johnson, Moderna, Oxford/AstraZeneca, Pfizer/BioNTech",5560484,4630075,10190559
2021-07-26,"Johnson&Johnson, Moderna, Oxford/AstraZeneca, Pfizer/BioNTech",5584051,4678790,10262841
2021-07-27,"Johnson&Johnson, Moderna, Oxford/AstraZeneca, Pfizer/BioNTech",5606812,4725471,10332283
2021-07-28,"Johnson&Johnson, Moderna, Oxford/AstraZeneca, Pfizer/BioNTech",5628106,4771519,10399625
2021-07-29,"Johnson&Johnson, Moderna, Oxford/AstraZeneca, Pfizer/BioNTech",5649460,4813528,10462988
2021-07-30,"Johnson&Johnson, Moderna, Oxford/AstraZeneca, Pfizer/BioNTech",5672756,4856135,10528891
2021-07-31,"Johnson&Johnson, Moderna, Oxford/AstraZeneca, Pfizer/BioNTech",5681722,4875694,10557416
2021-08-01,"Johnson&Johnson, Moderna, Oxford/AstraZeneca, Pfizer/BioNTech",5688460,4891878,10580338
2021-08-02,"Johnson&Johnson, Moderna, Oxford/AstraZeneca, Pfizer/BioNTech",5707113,4929469,10636582
2021-08-03,"Johnson&Johnson, Moderna, Oxford/AstraZeneca, Pfizer/BioNTech",5724780,4967616,10692396
2021-08-04,"Johnson&Johnson, Moderna, Oxford/AstraZeneca, Pfizer/BioNTech",5740921,5004419,10745340
2021-08-05,"Johnson&Johnson, Moderna, Oxford/AstraZeneca, Pfizer/BioNTech",5756974,5044940,10801914
2021-08-06,"Johnson&Johnson, Moderna, Oxford/AstraZeneca, Pfizer/BioNTech",5773796,5088289,10862085
2021-08-07,"Johnson&Johnson, Moderna, Oxford/AstraZeneca, Pfizer/BioNTech",5779412,5106485,10885897
2021-08-08,"Johnson&Johnson, Moderna, Oxford/AstraZeneca, Pfizer/BioNTech",5783783,5122262,10906045
2021-08-09,"Indie/AstraZeneca, Johnson&Johnson, Moderna, Oxford/AstraZeneca, Pfizer/BioNTech",5796426,5167356,10963782
2021-08-10,"Johnson&Johnson, Moderna, Oxford/AstraZeneca, Pfizer/BioNTech",5808281,5206962,11015243
2021-08-11,"Indie/AstraZeneca, Johnson&Johnson, Moderna, Oxford/AstraZeneca, Pfizer/BioNTech",5819661,5250122,11069783
2021-08-12,"Johnson&Johnson, Moderna, Oxford/AstraZeneca, Pfizer/BioNTech",5831090,5287290,11118380
2021-08-13,"Johnson&Johnson, Moderna, Oxford/AstraZeneca, Pfizer/BioNTech",5841830,5327663,11169493
2021-08-14,"Johnson&Johnson, Moderna, Oxford/AstraZeneca, Pfizer/BioNTech",5845176,5338390,11183566
2021-08-15,"Johnson&Johnson, Moderna, Oxford/AstraZeneca, Pfizer/BioNTech",5847770,5348785,11196555
2021-08-16,"Johnson&Johnson, Moderna, Oxford/AstraZeneca, Pfizer/BioNTech",5857570,5382891,11240461
2021-08-17,"Johnson&Johnson, Moderna, Oxford/AstraZeneca, Pfizer/BioNTech",5867175,5410020,11277195
2021-08-18,"Johnson&Johnson, Moderna, Oxford/AstraZeneca, Pfizer/BioNTech",5876555,5448951,11325506
2021-08-19,"Johnson&Johnson, Moderna, Oxford/AstraZeneca, Pfizer/BioNTech",5886240,5487327,11373567
2021-08-20,"Johnson&Johnson, Moderna, Oxford/AstraZeneca, Pfizer/BioNTech",5897639,5527546,11425185
2021-08-21,"Johnson&Johnson, Moderna, Oxford/AstraZeneca, Pfizer/BioNTech",5900367,5540333,11440700
2021-08-22,"Johnson&Johnson, Moderna, Oxford/AstraZeneca, Pfizer/BioNTech",5902714,5552317,11455031
2021-08-23,"Johnson&Johnson, Moderna, Oxford/AstraZeneca, Pfizer/BioNTech",5913251,5591619,11504870
2021-08-24,"Johnson&Johnson, Moderna, Oxford/AstraZeneca, Pfizer/BioNTech",5923137,5624889,11548026
2021-08-25,"Indie/AstraZeneca, Johnson&Johnson, Moderna, Oxford/AstraZeneca, Pfizer/BioNTech",5932014,5653285,11585299
2021-08-26,"Johnson&Johnson, Moderna, Oxford/AstraZeneca, Pfizer/BioNTech",5940471,5679432,11619903
2021-08-27,"Johnson&Johnson, Moderna, Oxford/AstraZeneca, Pfizer/BioNTech",5950799,5705433,11656232
2021-08-28,"Johnson&Johnson, Moderna, Oxford/AstraZeneca, Pfizer/BioNTech",5953543,5712519,11666062
2021-08-29,"Johnson&Johnson, Moderna, Oxford/AstraZeneca, Pfizer/BioNTech",5955958,5719147,11675105
2021-08-30,"Johnson&Johnson, Moderna, Oxford/AstraZeneca, Pfizer/BioNTech",5964490,5741040,11705530
2021-08-31,"Johnson&Johnson, Moderna, Oxford/AstraZeneca, Pfizer/BioNTech",5972179,5759169,11731348
2021-09-01,"Johnson&Johnson, Moderna, Oxford/AstraZeneca, Pfizer/BioNTech",5978092,5773197,11751289
2021-09-02,"Johnson&Johnson, Moderna, Oxford/AstraZeneca, Pfizer/BioNTech",5984936,5787598,11772534
2021-09-03,"Johnson&Johnson, Moderna, Oxford/AstraZeneca, Pfizer/BioNTech",5994495,5803338,11797833
2021-09-04,"Johnson&Johnson, Moderna, Oxford/AstraZeneca, Pfizer/BioNTech",5996571,5806905,11803476
2021-09-05,"Johnson&Johnson, Moderna, Oxford/AstraZeneca, Pfizer/BioNTech",5998618,5809757,11808375
2021-09-06,"Johnson&Johnson, Moderna, Oxford/AstraZeneca, Pfizer/BioNTech",6004859,5822312,11827171
2021-09-07,"Johnson&Johnson, Moderna, Oxford/AstraZeneca, Pfizer/BioNTech",6009255,5833412,11842667
2021-09-08,"Johnson&Johnson, Moderna, Oxford/AstraZeneca, Pfizer/BioNTech",6014936,5843285,11858221
2021-09-09,"Johnson&Johnson, Moderna, Oxford/AstraZeneca, Pfizer/BioNTech",6021640,5853363,11875003
2021-09-10,"Johnson&Johnson, Moderna, Oxford/AstraZeneca, Pfizer/BioNTech",6029345,5865554,11894899
2021-09-11,"Johnson&Johnson, Moderna, Oxford/AstraZeneca, Pfizer/BioNTech",6031220,5868050,11899270
2021-09-12,"Johnson&Johnson, Moderna, Oxford/AstraZeneca, Pfizer/BioNTech",6032339,5869688,11902027
2021-09-13,"Johnson&Johnson, Moderna, Oxford/AstraZeneca, Pfizer/BioNTech",6037782,5880005,11917787
2021-09-14,"Johnson&Johnson, Moderna, Oxford/AstraZeneca, Pfizer/BioNTech",6043186,5889028,11932214
2021-09-15,"Johnson&Johnson, Moderna, Oxford/AstraZeneca, Pfizer/BioNTech",6048400,5897563,11945963
2021-09-16,"Johnson&Johnson, Moderna, Oxford/AstraZeneca, Pfizer/BioNTech",6053769,5905844,11959613
2021-09-17,"Johnson&Johnson, Moderna, Oxford/AstraZeneca, Pfizer/BioNTech",6060343,5916086,11976429
2021-09-18,"Johnson&Johnson, Moderna, Oxford/AstraZeneca, Pfizer/BioNTech",6062075,5918452,11980527
2021-09-19,"Johnson&Johnson, Moderna, Oxford/AstraZeneca, Pfizer/BioNTech",6063022,5920024,11983046
2021-09-20,"Johnson&Johnson, Moderna, Oxford/AstraZeneca, Pfizer/BioNTech",6067052,5928230,11995282
2021-09-21,"Johnson&Johnson, Moderna, Oxford/AstraZeneca, Pfizer/BioNTech",6071297,5935768,12007065
2021-09-22,"Johnson&Johnson, Moderna, Oxford/AstraZeneca, Pfizer/BioNTech",6075494,5941298,12016792
2021-09-23,"Johnson&Johnson, Moderna, Oxford/AstraZeneca, Pfizer/BioNTech",6080465,5947715,12028180
2021-09-24,"Johnson&Johnson, Moderna, Oxford/AstraZeneca, Pfizer/BioNTech",6086232,5957338,12043570
2021-09-25,"Johnson&Johnson, Moderna, Oxford/AstraZeneca, Pfizer/BioNTech",6087734,5959339,12047073
2021-09-26,"Johnson&Johnson, Moderna, Oxford/AstraZeneca, Pfizer/BioNTech",6088480,5960984,12049464
2021-09-27,"Johnson&Johnson, Moderna, Oxford/AstraZeneca, Pfizer/BioNTech",6092369,5967504,12059873
2021-09-28,"Johnson&Johnson, Moderna, Oxford/AstraZeneca, Pfizer/BioNTech",6092746,5968142,12060888
2021-09-29,"Johnson&Johnson, Moderna, Oxford/AstraZeneca, Pfizer/BioNTech",6096524,5975607,12072131
2021-09-30,"Johnson&Johnson, Moderna, Oxford/AstraZeneca, Pfizer/BioNTech",6101047,5983318,12084365
2021-10-01,"Johnson&Johnson, Moderna, Oxford/AstraZeneca, Pfizer/BioNTech",6105360,5991308,12096668
2021-10-02,"Johnson&Johnson, Moderna, Oxford/AstraZeneca, Pfizer/BioNTech",6106423,5992854,12099277
2021-10-03,"Johnson&Johnson, Moderna, Oxford/AstraZeneca, Pfizer/BioNTech",6107148,5993729,12100877
2021-10-04,"Johnson&Johnson, Moderna, Oxford/AstraZeneca, Pfizer/BioNTech",6110230,5999312,12109542
2021-10-05,"Johnson&Johnson, Moderna, Oxford/AstraZeneca, Pfizer/BioNTech",6113395,6004401,12117796
2021-10-06,"Johnson&Johnson, Moderna, Oxford/AstraZeneca, Pfizer/BioNTech",6116918,6009578,12126496
2021-10-07,"Johnson&Johnson, Moderna, Oxford/AstraZeneca, Pfizer/BioNTech",6120205,6014842,12135047
2021-10-08,"Johnson&Johnson, Moderna, Oxford/AstraZeneca, Pfizer/BioNTech",6125001,6021492,12146493
2021-10-09,"Johnson&Johnson, Moderna, Oxford/AstraZeneca, Pfizer/BioNTech",6126247,6023159,12149406
2021-10-10,"Johnson&Johnson, Moderna, Oxford/AstraZeneca, Pfizer/BioNTech",6127193,6023995,12151188
2021-10-11,"Johnson&Johnson, Moderna, Oxford/AstraZeneca, Pfizer/BioNTech",6130122,6028416,12158538
2021-10-12,"Johnson&Johnson, Moderna, Oxford/AstraZeneca, Pfizer/BioNTech",6133063,6032419,12165482
2021-10-13,"Johnson&Johnson, Moderna, Oxford/AstraZeneca, Pfizer/BioNTech",6136596,6036611,12173207
2021-10-14,"Johnson&Johnson, Moderna, Oxford/AstraZeneca, Pfizer/BioNTech",6140270,6041565,12181835
2021-10-15,"Johnson&Johnson, Moderna, Oxford/AstraZeneca, Pfizer/BioNTech",6145502,6047716,12193218
2021-10-16,"Johnson&Johnson, Moderna, Oxford/AstraZeneca, Pfizer/BioNTech",6146916,6049246,12196162
2021-10-17,"Johnson&Johnson, Moderna, Pfizer/BioNTech",6148242,6050302,12198544
2021-10-18,"Johnson&Johnson, Moderna, Oxford/AstraZeneca, Pfizer/BioNTech",6152356,6054412,12206768
2021-10-19,"Johnson&Johnson, Moderna, Oxford/AstraZeneca, Pfizer/BioNTech",6155938,6056522,12212460
2021-10-20,"Johnson&Johnson, Moderna, Oxford/AstraZeneca, Pfizer/BioNTech",6160829,6060984,12221813
2021-10-21,"Johnson&Johnson, Moderna, Oxford/AstraZeneca, Pfizer/BioNTech",6168598,6066595,12235193
2021-10-22,"Johnson&Johnson, Moderna, Oxford/AstraZeneca, Pfizer/BioNTech",6179056,6073102,12252158
2021-10-23,"Johnson&Johnson, Moderna, Oxford/AstraZeneca, Pfizer/BioNTech",6182735,6075313,12258048
2021-10-24,"Johnson&Johnson, Moderna, Oxford/AstraZeneca, Pfizer/BioNTech",6185422,6077093,12262515
2021-10-25,"Johnson&Johnson, Moderna, Oxford/AstraZeneca, Pfizer/BioNTech",6195930,6082910,12278840
2021-10-26,"Johnson&Johnson, Moderna, Oxford/AstraZeneca, Pfizer/BioNTech",6207925,6089465,12297390
2021-10-27,"Johnson&Johnson, Moderna, Oxford/AstraZeneca, Pfizer/BioNTech",6222533,6096882,12319415
2021-10-28,"Johnson&Johnson, Moderna, Oxford/AstraZeneca, Pfizer/BioNTech",6225962,6098572,12324534
2021-10-29,"Johnson&Johnson, Moderna, Oxford/AstraZeneca, Pfizer/BioNTech",6240402,6106562,12346964
2021-10-30,"Johnson&Johnson, Moderna, Oxford/AstraZeneca, Pfizer/BioNTech",6244931,6109495,12354426
2021-10-31,"Johnson&Johnson, Moderna, Oxford/AstraZeneca, Pfizer/BioNTech",6248694,6111972,12360666
2021-11-01,"Johnson&Johnson, Moderna, Oxford/AstraZeneca, Pfizer/BioNTech",6263891,6119655,12383546
2021-11-02,"Johnson&Johnson, Moderna, Oxford/AstraZeneca, Pfizer/BioNTech",6279343,6127215,12406558
2021-11-03,"Johnson&Johnson, Moderna, Oxford/AstraZeneca, Pfizer/BioNTech",6296524,6134506,12431030
2021-11-04,"Johnson&Johnson, Moderna, Oxford/AstraZeneca, Pfizer/BioNTech",6314872,6142682,12457554
2021-11-05,"Johnson&Johnson, Moderna, Oxford/AstraZeneca, Pfizer/BioNTech",6337674,6153970,12491644
2021-11-06,"Johnson&Johnson, Moderna, Oxford/AstraZeneca, Pfizer/BioNTech",6344189,6157029,12501218
2021-11-07,"Johnson&Johnson, Moderna, Oxford/AstraZeneca, Pfizer/BioNTech",6348213,6159465,12507678
2021-11-08,"Johnson&Johnson, Moderna, Oxford/AstraZeneca, Pfizer/BioNTech",6364477,6167091,12531568
2021-11-09,"Johnson&Johnson, Moderna, Oxford/AstraZeneca, Pfizer/BioNTech",6379289,6174390,12553679
2021-11-10,"Johnson&Johnson, Moderna, Oxford/AstraZeneca, Pfizer/BioNTech",6395027,6181778,12576805
2021-11-11,"Johnson&Johnson, Moderna, Oxford/AstraZeneca, Pfizer/BioNTech",6410500,6190885,12601385
2021-11-12,"Johnson&Johnson, Moderna, Oxford/AstraZeneca, Pfizer/BioNTech",6430302,6203689,12633991
2021-11-13,"Johnson&Johnson, Moderna, Oxford/AstraZeneca, Pfizer/BioNTech",6435697,6207566,12643263
2021-11-14,"Johnson&Johnson, Moderna, Oxford/AstraZeneca, Pfizer/BioNTech",6439592,6210577,12650169
2021-11-15,"Johnson&Johnson, Moderna, Oxford/AstraZeneca, Pfizer/BioNTech",6454670,6221273,12675943
2021-11-16,"Johnson&Johnson, Moderna, Oxford/AstraZeneca, Pfizer/BioNTech",6472205,6233254,12705459
2021-11-17,"Johnson&Johnson, Moderna, Oxford/AstraZeneca, Pfizer/BioNTech",6476447,6236822,12713269
2021-11-18,"Johnson&Johnson, Moderna, Oxford/AstraZeneca, Pfizer/BioNTech",6495859,6248514,12744373
2021-11-19,"Johnson&Johnson, Moderna, Oxford/AstraZeneca, Pfizer/BioNTech",6520467,6265493,12785960
2021-11-20,"Johnson&Johnson, Moderna, Oxford/AstraZeneca, Pfizer/BioNTech",6529044,6270478,12799522
2021-11-21,"Johnson&Johnson, Moderna, Oxford/AstraZeneca, Pfizer/BioNTech",6535813,6274254,12810067
2021-11-22,"Johnson&Johnson, Moderna, Oxford/AstraZeneca, Pfizer/BioNTech",6554323,6288370,12842693
2021-11-23,"Johnson&Johnson, Moderna, Oxford/AstraZeneca, Pfizer/BioNTech",6573391,6301633,12875024
2021-11-24,"Johnson&Johnson, Moderna, Oxford/AstraZeneca, Pfizer/BioNTech",6592404,6317484,12909888
2021-11-25,"Johnson&Johnson, Moderna, Oxford/AstraZeneca, Pfizer/BioNTech",6611546,6332526,12944072
2021-11-26,"Johnson&Johnson, Moderna, Oxford/AstraZeneca, Pfizer/BioNTech",6633203,6351665,12984868
2021-11-27,"Johnson&Johnson, Moderna, Oxford/AstraZeneca, Pfizer/BioNTech",6640672,6357220,12997892
2021-11-28,"Johnson&Johnson, Moderna, Oxford/AstraZeneca, Pfizer/BioNTech",6644005,6360357,13004362
2021-11-29,"Johnson&Johnson, Moderna, Oxford/AstraZeneca, Pfizer/BioNTech",6659213,6374018,13033231
2021-11-30,"Johnson&Johnson, Moderna, Oxford/AstraZeneca, Pfizer/BioNTech",6672414,6385247,13057661
2021-12-01,"Johnson&Johnson, Moderna, Oxford/AstraZeneca, Pfizer/BioNTech",6686452,6397705,13084157
2021-12-02,"Johnson&Johnson, Moderna, Oxford/AstraZeneca, Pfizer/BioNTech",6697093,6410198,13107291
2021-12-03,"Johnson&Johnson, Moderna, Oxford/AstraZeneca, Pfizer/BioNTech",6706733,6425779,13132512
2021-12-04,"Johnson&Johnson, Moderna, Pfizer/BioNTech",6709290,6429730,13139020
2021-12-05,"Johnson&Johnson, Moderna, Oxford/AstraZeneca, Pfizer/BioNTech",6710651,6432070,13142721
2021-12-06,"Johnson&Johnson, Moderna, Oxford/AstraZeneca, Pfizer/BioNTech",6718799,6443595,13162394
2021-12-07,"Johnson&Johnson, Moderna, Oxford/AstraZeneca, Pfizer/BioNTech",6726690,6455604,13182294
2021-12-08,"Johnson&Johnson, Moderna, Oxford/AstraZeneca, Pfizer/BioNTech",6734936,6461533,13196469
2021-12-09,"Johnson&Johnson, Moderna, Oxford/AstraZeneca, Pfizer/BioNTech",6742057,6474357,13216414
2021-12-10,"Johnson&Johnson, Moderna, Oxford/AstraZeneca, Pfizer/BioNTech",6748986,6492158,13241144
2021-12-11,"Johnson&Johnson, Moderna, Oxford/AstraZeneca, Pfizer/BioNTech",6750641,6497426,13248067
2021-12-12,"Johnson&Johnson, Moderna, Oxford/AstraZeneca, Pfizer/BioNTech",6751952,6501859,13253811
2021-12-13,"Johnson&Johnson, Moderna, Oxford/AstraZeneca, Pfizer/BioNTech",6758308,6515172,13273480
2021-12-14,"Johnson&Johnson, Moderna, Oxford/AstraZeneca, Pfizer/BioNTech",6764517,6528842,13293359
2021-12-15,"Johnson&Johnson, Moderna, Oxford/AstraZeneca, Pfizer/BioNTech",6770723,6542440,13313163
2021-12-16,"Johnson&Johnson, Moderna, Oxford/AstraZeneca, Pfizer/BioNTech",6777664,6557274,13334938
2021-12-17,"Johnson&Johnson, Moderna, Oxford/AstraZeneca, Pfizer/BioNTech",6786028,6574541,13360569
2021-12-18,"Johnson&Johnson, Moderna, Oxford/AstraZeneca, Pfizer/BioNTech",6788639,6579993,13368632
2021-12-19,"Johnson&Johnson, Moderna, Pfizer/BioNTech",6790411,6582496,13372907
2021-12-20,"Johnson&Johnson, Moderna, Oxford/AstraZeneca, Pfizer/BioNTech",6796269,6596559,13392828
2021-12-21,"Johnson&Johnson, Moderna, Oxford/AstraZeneca, Pfizer/BioNTech",6802931,6608555,13411486
2021-12-22,"Johnson&Johnson, Moderna, Oxford/AstraZeneca, Pfizer/BioNTech",6807977,6621612,13429589
2021-12-23,"Johnson&Johnson, Moderna, Oxford/AstraZeneca, Pfizer/BioNTech",6810851,6627214,13438065
2021-12-24,"Johnson&Johnson, Moderna, Oxford/AstraZeneca, Pfizer/BioNTech",6810897,6627317,13438214
2021-12-25,"Moderna, Pfizer/BioNTech",6810898,6627325,13438223
2021-12-26,"Moderna, Pfizer/BioNTech",6811000,6627528,13438528
2021-12-27,"Johnson&Johnson, Moderna, Pfizer/BioNTech",6814867,6637274,13452141
2021-12-28,"Johnson&Johnson, Moderna, Oxford/AstraZeneca, Pfizer/BioNTech",6820106,6645271,13465377
2021-12-29,"Johnson&Johnson, Moderna, Oxford/AstraZeneca, Pfizer/BioNTech",6824388,6652991,13477379
2021-12-30,"Johnson&Johnson, Moderna, Pfizer/BioNTech",6828689,6658424,13487113
2021-12-31,"Johnson&Johnson, Moderna, Pfizer/BioNTech",6829199,6659848,13489047
2022-01-01,"Moderna, Pfizer/BioNTech",6829205,6659866,13489071
2022-01-02,"Johnson&Johnson, Moderna, Pfizer/BioNTech",6830061,6661243,13491304
2022-01-03,"Johnson&Johnson, Moderna, Oxford/AstraZeneca, Pfizer/BioNTech",6834198,6670151,13504349
2022-01-04,"Johnson&Johnson, Moderna, Oxford/AstraZeneca, Pfizer/BioNTech",6839281,6677906,13517187
2022-01-05,"Johnson&Johnson, Moderna, Oxford/AstraZeneca, Pfizer/BioNTech",6845103,6685878,13530981
2022-01-06,"Johnson&Johnson, Moderna, Oxford/AstraZeneca, Pfizer/BioNTech",6851689,6694278,13545967
2022-01-07,"Johnson&Johnson, Moderna, Oxford/AstraZeneca, Pfizer/BioNTech",6859564,6704633,13564197
2022-01-08,"Johnson&Johnson, Moderna, Oxford/AstraZeneca, Pfizer/BioNTech",6862043,6707411,13569454
2022-01-09,"Johnson&Johnson, Moderna, Pfizer/BioNTech",6863126,6709106,13572232
2022-01-10,"Johnson&Johnson, Moderna, Oxford/AstraZeneca, Pfizer/BioNTech",6867634,6715298,13582932
2022-01-11,"Johnson&Johnson, Moderna, Oxford/AstraZeneca, Pfizer/BioNTech",6873080,6722054,13595134
2022-01-12,"Johnson&Johnson, Moderna, Oxford/AstraZeneca, Pfizer/BioNTech",6879037,6727697,13606734
2022-01-13,"Johnson&Johnson, Moderna, Oxford/AstraZeneca, Pfizer/BioNTech",6884925,6732474,13617399
2022-01-14,"Johnson&Johnson, Moderna, Oxford/AstraZeneca, Pfizer/BioNTech",6891227,6736105,13627332
2022-01-15,"Johnson&Johnson, Moderna, Oxford/AstraZeneca, Pfizer/BioNTech",6892503,6736761,13629264
2022-01-16,"Johnson&Johnson, Moderna, Oxford/AstraZeneca, Pfizer/BioNTech",6893193,6737198,13630391
2022-01-17,"Johnson&Johnson, Moderna, Oxford/AstraZeneca, Pfizer/BioNTech",6896749,6741154,13637903
2022-01-18,"Johnson&Johnson, Moderna, Oxford/AstraZeneca, Pfizer/BioNTech",6900597,6746103,13646700
2022-01-19,"Johnson&Johnson, Moderna, Oxford/AstraZeneca, Pfizer/BioNTech",6904666,6750035,13654701
2022-01-20,"Johnson&Johnson, Moderna, Oxford/AstraZeneca, Pfizer/BioNTech",6908258,6754491,13662749
2022-01-21,"Johnson&Johnson, Moderna, Oxford/AstraZeneca, Pfizer/BioNTech",6912249,6757019,13669268
2022-01-22,"Johnson&Johnson, Moderna, Pfizer/BioNTech",6913028,6757458,13670486
2022-01-23,"Johnson&Johnson, Moderna, Pfizer/BioNTech",6913589,6758092,13671681
2022-01-24,"Johnson&Johnson, Moderna, Oxford/AstraZeneca, Pfizer/BioNTech",6915860,6761527,13677387
2022-01-25,"Johnson&Johnson, Moderna, Oxford/AstraZeneca, Pfizer/BioNTech",6918215,6765521,13683736
2022-01-26,"Johnson&Johnson, Moderna, Oxford/AstraZeneca, Pfizer/BioNTech",6920600,6770089,13690689
2022-01-27,"Johnson&Johnson, Moderna, Oxford/AstraZeneca, Pfizer/BioNTech",6922919,6774902,13697821
2022-01-28,"Johnson&Johnson, Moderna, Oxford/AstraZeneca, Pfizer/BioNTech",6925835,6781064,13706899
2022-01-29,"Johnson&Johnson, Moderna, Oxford/AstraZeneca, Pfizer/BioNTech",6926436,6782715,13709151
2022-01-30,"Johnson&Johnson, Moderna, Pfizer/BioNTech",6926663,6783497,13710160
2022-01-31,"Johnson&Johnson, Moderna, Pfizer/BioNTech",6928205,6787422,13715627
2022-02-01,"Johnson&Johnson, Moderna, Pfizer/BioNTech",6929801,6791454,13721255
2022-02-02,"Johnson&Johnson, Moderna, Oxford/AstraZeneca, Pfizer/BioNTech",6931368,6795964,13727332
2022-02-03,"Johnson&Johnson, Moderna, Pfizer/BioNTech",6932748,6800449,13733197
2022-02-04,"Johnson&Johnson, Moderna, Pfizer/BioNTech",6934349,6805564,13739913
2022-02-05,"Johnson&Johnson, Moderna, Pfizer/BioNTech",6934522,6806174,13740696
2022-02-06,"Johnson&Johnson, Moderna, Pfizer/BioNTech",6934618,6806493,13741111
2022-02-07,"Johnson&Johnson, Moderna, Pfizer/BioNTech",6935320,6809703,13745023
2022-02-08,"Johnson&Johnson, Moderna, Pfizer/BioNTech",6936115,6812892,13749007
2022-02-09,"Johnson&Johnson, Moderna, Pfizer/BioNTech",6936938,6816265,13753203
2022-02-10,"Johnson&Johnson, Moderna, Pfizer/BioNTech",6937738,6819390,13757128
2022-02-11,"Johnson&Johnson, Moderna, Pfizer/BioNTech",6938692,6823304,13761996
2022-02-12,"Johnson&Johnson, Moderna, Pfizer/BioNTech",6938802,6823723,13762525
2022-02-13,"Johnson&Johnson, Moderna, Pfizer/BioNTech",6938839,6824160,13762999
2022-02-14,"Johnson&Johnson, Moderna, Pfizer/BioNTech",6939297,6826272,13765569
2022-02-15,"Johnson&Johnson, Moderna, Pfizer/BioNTech",6939850,6828481,13768331
2022-02-16,"Johnson&Johnson, Moderna, Pfizer/BioNTech",6940441,6830580,13771021
2022-02-17,"Johnson&Johnson, Moderna, Pfizer/BioNTech",6941035,6832922,13773957
2022-02-18,"Johnson&Johnson, Moderna, Oxford/AstraZeneca, Pfizer/BioNTech",6941677,6835975,13777652
2022-02-19,"Johnson&Johnson, Moderna, Pfizer/BioNTech",6941756,6836256,13778012
2022-02-20,"Johnson&Johnson, Moderna, Pfizer/BioNTech",6941792,6836405,13778197
2022-02-21,"Johnson&Johnson, Moderna, Pfizer/BioNTech",6942155,6838103,13780258
2022-02-22,"Johnson&Johnson, Moderna, Oxford/AstraZeneca, Pfizer/BioNTech",6942547,6839791,13782338
2022-02-23,"Johnson&Johnson, Moderna, Pfizer/BioNTech",6943003,6841433,13784436
2022-02-24,"Johnson&Johnson, Moderna, Pfizer/BioNTech",6943411,6843064,13786475
2022-02-25,"Johnson&Johnson, Moderna, Pfizer/BioNTech",6943994,6845148,13789142
2022-02-26,"Johnson&Johnson, Moderna, Pfizer/BioNTech",6944055,6845309,13789364
2022-02-27,"Johnson&Johnson, Moderna, Pfizer/BioNTech",6944085,6845385,13789470
2022-02-28,"Johnson&Johnson, Moderna, Pfizer/BioNTech",6944331,6846361,13790692
2022-03-01,"Johnson&Johnson, Moderna, Pfizer/BioNTech",6944636,6847145,13791781
2022-03-02,"Johnson&Johnson, Moderna, Novavax, Pfizer/BioNTech",6945008,6848052,13793060
2022-03-03,"Johnson&Johnson, Moderna, Novavax, Pfizer/BioNTech",6945344,6848995,13794339
2022-03-04,"Johnson&Johnson, Moderna, Novavax, Pfizer/BioNTech",6945971,6850216,13796187
2022-03-05,"Johnson&Johnson, Moderna, Novavax, Pfizer/BioNTech",6946052,6850307,13796359
2022-03-06,"Moderna, Novavax, Pfizer/BioNTech",6946065,6850325,13796390
2022-03-07,"Johnson&Johnson, Moderna, Novavax, Pfizer/BioNTech",6946400,6850883,13797283
2022-03-08,"Johnson&Johnson, Moderna, Novavax, Pfizer/BioNTech",6946735,6851425,13798160
2022-03-09,"Johnson&Johnson, Moderna, Novavax, Pfizer/BioNTech",6947122,6852013,13799135
2022-03-10,"Johnson&Johnson, Moderna, Novavax, Pfizer/BioNTech",6947533,6852684,13800217
2022-03-11,"Johnson&Johnson, Moderna, Novavax, Pfizer/BioNTech",6948283,6853592,13801875
2022-03-12,"Johnson&Johnson, Moderna, Novavax, Pfizer/BioNTech",6948351,6853697,13802048
2022-03-13,"Johnson&Johnson, Moderna, Novavax, Pfizer/BioNTech",6948364,6853715,13802079
2022-03-14,"Johnson&Johnson, Moderna, Novavax, Pfizer/BioNTech",6948630,6854097,13802727
2022-03-15,"Johnson&Johnson, Moderna, Novavax, Pfizer/BioNTech",6948914,6854533,13803447
2022-03-16,"Johnson&Johnson, Moderna, Novavax, Pfizer/BioNTech",6949232,6855075,13804307
2022-03-17,"Johnson&Johnson, Moderna, Novavax, Oxford/AstraZeneca, Pfizer/BioNTech",6949528,6855508,13805036
2022-03-18,"Johnson&Johnson, Moderna, Novavax, Pfizer/BioNTech",6950225,6856302,13806527
2022-03-19,"Moderna, Novavax, Pfizer/BioNTech",6950281,6856347,13806628
2022-03-20,"Moderna, Novavax, Pfizer/BioNTech",6950299,6856359,13806658
2022-03-21,"Johnson&Johnson, Moderna, Novavax, Pfizer/BioNTech",6950487,6856686,13807173
2022-03-22,"Johnson&Johnson, Moderna, Novavax, Pfizer/BioNTech",6950728,6857082,13807810
2022-03-23,"Johnson&Johnson, Moderna, Novavax, Pfizer/BioNTech",6951065,6857520,13808585
2022-03-24,"Johnson&Johnson, Moderna, Novavax, Pfizer/BioNTech",6951376,6857993,13809369
2022-03-25,"Johnson&Johnson, Moderna, Novavax, Pfizer/BioNTech",6951869,6858794,13810663
2022-03-26,"Johnson&Johnson, Moderna, Novavax, Pfizer/BioNTech",6951921,6858872,13810793
2022-03-27,"Moderna, Novavax, Pfizer/BioNTech",6951937,6858889,13810826
2022-03-28,"Johnson&Johnson, Moderna, Novavax, Pfizer/BioNTech",6952091,6859268,13811359
2022-03-29,"Johnson&Johnson, Moderna, Novavax, Pfizer/BioNTech",6952353,6859674,13812027
2022-03-30,"Johnson&Johnson, Moderna, Novavax, Pfizer/BioNTech",6952658,6860167,13812825
2022-03-31,"Johnson&Johnson, Moderna, Novavax, Pfizer/BioNTech",6952956,6860659,13813615
2022-04-01,"Johnson&Johnson, Moderna, Novavax, Pfizer/BioNTech",6953566,6861418,13814984
2022-04-02,"Moderna, Novavax, Pfizer/BioNTech",6953621,6861502,13815123
2022-04-03,"Moderna, Novavax, Pfizer/BioNTech",6953633,6861531,13815164
2022-04-04,"Johnson&Johnson, Moderna, Novavax, Pfizer/BioNTech",6953810,6861811,13815621
2022-04-05,"Johnson&Johnson, Moderna, Novavax, Pfizer/BioNTech",6954002,6862047,13816049
2022-04-06,"Johnson&Johnson, Moderna, Novavax, Pfizer/BioNTech",6954219,6862393,13816612
2022-04-07,"Johnson&Johnson, Moderna, Novavax, Pfizer/BioNTech",6954441,6862811,13817252
2022-04-08,"Johnson&Johnson, Moderna, Novavax, Pfizer/BioNTech",6954895,6863533,13818428
2022-04-09,"Johnson&Johnson, Moderna, Novavax, Pfizer/BioNTech",6954954,6863605,13818559
2022-04-10,"Moderna, Novavax, Pfizer/BioNTech",6954966,6863614,13818580
2022-04-11,"Johnson&Johnson, Moderna, Novavax, Pfizer/BioNTech",6955127,6863845,13818972
2022-04-12,"Johnson&Johnson, Moderna, Novavax, Pfizer/BioNTech",6955372,6864143,13819515
2022-04-13,"Johnson&Johnson, Moderna, Novavax, Pfizer/BioNTech",6955612,6864497,13820109
2022-04-14,"Johnson&Johnson, Moderna, Novavax, Pfizer/BioNTech",6955872,6864882,13820754
2022-04-15,"Moderna, Novavax, Pfizer/BioNTech",6955887,6864908,13820795
2022-04-16,"Johnson&Johnson, Moderna, Novavax, Pfizer/BioNTech",6955907,6864942,13820849
2022-04-17,"Moderna, Novavax, Pfizer/BioNTech",6955908,6864943,13820851
2022-04-18,"Moderna, Novavax, Pfizer/BioNTech",6955921,6864960,13820881
2022-04-19,"Johnson&Johnson, Moderna, Novavax, Pfizer/BioNTech",6956059,6865298,13821357
2022-04-20,"Johnson&Johnson, Moderna, Novavax, Pfizer/BioNTech",6956281,6865687,13821968
2022-04-21,"Johnson&Johnson, Moderna, Novavax, Pfizer/BioNTech",6956496,6866111,13822607
2022-04-22,"Johnson&Johnson, Moderna, Novavax, Pfizer/BioNTech",6956960,6866937,13823897
2022-04-23,"Moderna, Novavax, Pfizer/BioNTech",6956991,6867016,13824007
2022-04-24,"Moderna, Novavax, Pfizer/BioNTech",6956996,6867027,13824023
2022-04-25,"Johnson&Johnson, Moderna, Novavax, Pfizer/BioNTech",6957146,6867235,13824381
2022-04-26,"Johnson&Johnson, Moderna, Novavax, Pfizer/BioNTech",6957284,6867499,13824783
2022-04-27,"Johnson&Johnson, Moderna, Novavax, Pfizer/BioNTech",6957547,6867829,13825376
2022-04-28,"Johnson&Johnson, Moderna, Novavax, Pfizer/BioNTech",6957740,6868117,13825857
2022-04-29,"Johnson&Johnson, Moderna, Novavax, Pfizer/BioNTech",6958168,6868703,13826871
2022-04-30,"Moderna, Novavax, Pfizer/BioNTech",6958208,6868768,13826976
2022-05-01,"Moderna, Novavax, Pfizer/BioNTech",6958213,6868776,13826989
2022-05-02,"Johnson&Johnson, Moderna, Novavax, Pfizer/BioNTech",6958327,6868956,13827283
2022-05-03,"Johnson&Johnson, Moderna, Novavax, Pfizer/BioNTech",6958477,6869212,13827689
2022-05-04,"Johnson&Johnson, Moderna, Novavax, Pfizer/BioNTech",6958674,6869487,13828161
2022-05-05,"Johnson&Johnson, Moderna, Novavax, Pfizer/BioNTech",6958880,6869776,13828656
2022-05-06,"Johnson&Johnson, Moderna, Novavax, Pfizer/BioNTech",6959243,6870113,13829356
2022-05-07,"Moderna, Novavax, Pfizer/BioNTech",6959270,6870139,13829409
2022-05-08,"Moderna, Pfizer/BioNTech",6959271,6870147,13829418
2022-05-09,"Johnson&Johnson, Moderna, Novavax, Pfizer/BioNTech",6959370,6870234,13829604
2022-05-10,"Johnson&Johnson, Moderna, Novavax, Pfizer/BioNTech",6959517,6870470,13829987
2022-05-11,"Johnson&Johnson, Moderna, Novavax, Pfizer/BioNTech",6959737,6870735,13830472
2022-05-12,"Johnson&Johnson, Moderna, Novavax, Pfizer/BioNTech",6959933,6871007,13830940
2022-05-13,"Johnson&Johnson, Moderna, Novavax, Pfizer/BioNTech",6960266,6871504,13831770
2022-05-14,"Johnson&Johnson, Moderna, Novavax, Pfizer/BioNTech",6960307,6871544,13831851
2022-05-15,"Johnson&Johnson, Moderna, Novavax, Pfizer/BioNTech",6960321,6871555,13831876
2022-05-16,"Johnson&Johnson, Moderna, Novavax, Pfizer/BioNTech",6960422,6871673,13832095
2022-05-17,"Johnson&Johnson, Moderna, Novavax, Pfizer/BioNTech",6960565,6871825,13832390
2022-05-18,"Johnson&Johnson, Moderna, Novavax, Pfizer/BioNTech",6960795,6872154,13832949
2022-05-19,"Johnson&Johnson, Moderna, Novavax, Pfizer/BioNTech",6960978,6872404,13833382
2022-05-20,"Johnson&Johnson, Moderna, Novavax, Pfizer/BioNTech",6961272,6872951,13834223
2022-05-21,"Johnson&Johnson, Moderna, Novavax, Pfizer/BioNTech",6961313,6872980,13834293
2022-05-22,"Moderna, Pfizer/BioNTech",6961321,6872985,13834306
2022-05-23,"Johnson&Johnson, Moderna, Novavax, Pfizer/BioNTech",6961431,6873134,13834565
2022-05-24,"Johnson&Johnson, Moderna, Novavax, Pfizer/BioNTech",6961557,6873301,13834858
2022-05-25,"Johnson&Johnson, Moderna, Novavax, Oxford/AstraZeneca, Pfizer/BioNTech",6961712,6873529,13835241
