date,vaccine,people_vaccinated,people_fully_vaccinated,total_vaccinations
2020-12-27,Pfizer/BioNTech,1286,0,1286
2020-12-28,Pfizer/BioNTech,3589,0,3589
2020-12-29,Pfizer/BioNTech,7060,1,7061
2020-12-30,Pfizer/BioNTech,10576,1,10577
2020-12-31,Pfizer/BioNTech,11889,1,11890
2021-01-01,"Moderna, Pfizer/BioNTech",12160,1,12161
2021-01-02,"Moderna, Pfizer/BioNTech",13446,2,13448
2021-01-03,"Moderna, Pfizer/BioNTech",14373,2,14375
2021-01-04,"Moderna, Pfizer/BioNTech",17982,3,17985
2021-01-05,"Moderna, Pfizer/BioNTech",22507,4,22511
2021-01-06,"Moderna, Pfizer/BioNTech",28353,5,28358
2021-01-07,"Moderna, Pfizer/BioNTech",36352,5,36357
2021-01-08,"Moderna, Pfizer/BioNTech",46405,6,46411
2021-01-09,"Moderna, Pfizer/BioNTech",48431,8,48439
2021-01-10,Pfizer/BioNTech,50203,10,50213
2021-01-11,"Moderna, Pfizer/BioNTech",60060,12,60072
2021-01-12,"Moderna, Pfizer/BioNTech",73515,14,73529
2021-01-13,"Moderna, Pfizer/BioNTech",87061,15,87076
2021-01-14,"Moderna, Pfizer/BioNTech",102312,19,102331
2021-01-15,"Moderna, Pfizer/BioNTech",116332,20,116352
2021-01-16,"Moderna, Pfizer/BioNTech",119736,24,119760
2021-01-17,"Moderna, Pfizer/BioNTech",122356,660,123016
2021-01-18,"Moderna, Pfizer/BioNTech",134848,2486,137334
2021-01-19,"Moderna, Pfizer/BioNTech",147457,5215,152672
2021-01-20,"Moderna, Pfizer/BioNTech",161154,7880,169034
2021-01-21,"Moderna, Pfizer/BioNTech",176807,9623,186430
2021-01-22,"Moderna, Pfizer/BioNTech",191699,10668,202367
2021-01-23,"Moderna, Pfizer/BioNTech",195017,11548,206565
2021-01-24,"Moderna, Pfizer/BioNTech",197273,12419,209692
2021-01-25,"Moderna, Pfizer/BioNTech",206928,15388,222316
2021-01-26,"Moderna, Pfizer/BioNTech",217476,19379,236855
2021-01-27,"Moderna, Pfizer/BioNTech",226508,23914,250422
2021-01-28,"Moderna, Pfizer/BioNTech",233614,30048,263662
2021-01-29,"Moderna, Pfizer/BioNTech",239830,37957,277787
2021-01-30,"Moderna, Pfizer/BioNTech",240571,39045,279616
2021-01-31,"Moderna, Pfizer/BioNTech",241290,40227,281517
2021-02-01,"Moderna, Pfizer/BioNTech",245273,48197,293470
2021-02-02,"Moderna, Pfizer/BioNTech",249428,58437,307865
2021-02-03,"Moderna, Pfizer/BioNTech",253855,69457,323312
2021-02-04,"Moderna, Pfizer/BioNTech",258762,82448,341210
2021-02-05,"Moderna, Pfizer/BioNTech",264236,93122,357358
2021-02-06,"Moderna, Oxford/AstraZeneca, Pfizer/BioNTech",265093,95488,360581
2021-02-07,"Moderna, Oxford/AstraZeneca, Pfizer/BioNTech",265944,97988,363932
2021-02-08,"Moderna, Oxford/AstraZeneca, Pfizer/BioNTech",270037,109416,379453
2021-02-09,"Moderna, Oxford/AstraZeneca, Pfizer/BioNTech",275149,121327,396476
2021-02-10,"Moderna, Oxford/AstraZeneca, Pfizer/BioNTech",280668,134587,415255
2021-02-11,"Moderna, Oxford/AstraZeneca, Pfizer/BioNTech",287010,150807,437817
2021-02-12,"Moderna, Oxford/AstraZeneca, Pfizer/BioNTech",293838,165556,459394
2021-02-13,"Moderna, Oxford/AstraZeneca, Pfizer/BioNTech",295456,168543,463999
2021-02-14,"Moderna, Oxford/AstraZeneca, Pfizer/BioNTech",296462,169930,466392
2021-02-15,"Moderna, Oxford/AstraZeneca, Pfizer/BioNTech",302862,179301,482163
2021-02-16,"Moderna, Oxford/AstraZeneca, Pfizer/BioNTech",311583,188382,499965
2021-02-17,"Moderna, Oxford/AstraZeneca, Pfizer/BioNTech",321285,196694,517979
2021-02-18,"Moderna, Oxford/AstraZeneca, Pfizer/BioNTech",333614,204777,538391
2021-02-19,"Moderna, Oxford/AstraZeneca, Pfizer/BioNTech",345481,212154,557635
2021-02-20,"Moderna, Oxford/AstraZeneca, Pfizer/BioNTech",347491,213340,560831
2021-02-21,"Moderna, Oxford/AstraZeneca, Pfizer/BioNTech",348628,214366,562994
2021-02-22,"Moderna, Oxford/AstraZeneca, Pfizer/BioNTech",358752,220403,579155
2021-02-23,"Moderna, Oxford/AstraZeneca, Pfizer/BioNTech",371717,227395,599112
2021-02-24,"Moderna, Oxford/AstraZeneca, Pfizer/BioNTech",385601,233437,619038
2021-02-25,"Moderna, Oxford/AstraZeneca, Pfizer/BioNTech",403585,238988,642573
2021-02-26,"Moderna, Oxford/AstraZeneca, Pfizer/BioNTech",419765,244348,664113
2021-02-27,"Moderna, Oxford/AstraZeneca, Pfizer/BioNTech",422774,244907,667681
2021-02-28,"Moderna, Oxford/AstraZeneca, Pfizer/BioNTech",425132,245458,670590
2021-03-01,"Moderna, Oxford/AstraZeneca, Pfizer/BioNTech",444732,248907,693639
2021-03-02,"Moderna, Oxford/AstraZeneca, Pfizer/BioNTech",471961,252461,724422
2021-03-03,"Moderna, Oxford/AstraZeneca, Pfizer/BioNTech",502917,256973,759890
2021-03-04,"Moderna, Oxford/AstraZeneca, Pfizer/BioNTech",536202,261664,797866
2021-03-05,"Johnson&Johnson, Moderna, Oxford/AstraZeneca, Pfizer/BioNTech",565049,267093,832142
2021-03-06,"Johnson&Johnson, Moderna, Oxford/AstraZeneca, Pfizer/BioNTech",577209,267959,845168
2021-03-07,"Johnson&Johnson, Moderna, Oxford/AstraZeneca, Pfizer/BioNTech",588759,268802,857561
2021-03-08,"Johnson&Johnson, Moderna, Oxford/AstraZeneca, Pfizer/BioNTech",618508,273665,892173
2021-03-09,"Johnson&Johnson, Moderna, Oxford/AstraZeneca, Pfizer/BioNTech",654881,280053,934934
2021-03-10,"Johnson&Johnson, Moderna, Oxford/AstraZeneca, Pfizer/BioNTech",696214,287013,983227
2021-03-11,"Johnson&Johnson, Moderna, Oxford/AstraZeneca, Pfizer/BioNTech",741071,295388,1036459
2021-03-12,"Johnson&Johnson, Moderna, Oxford/AstraZeneca, Pfizer/BioNTech, Čína",779833,303889,1083722
2021-03-13,"Johnson&Johnson, Moderna, Oxford/AstraZeneca, Pfizer/BioNTech",796945,305205,1102150
2021-03-14,"Johnson&Johnson, Moderna, Oxford/AstraZeneca, Pfizer/BioNTech",809063,306362,1115425
2021-03-15,"Johnson&Johnson, Moderna, Oxford/AstraZeneca, Pfizer/BioNTech",837459,315142,1152601
2021-03-16,"Johnson&Johnson, Moderna, Oxford/AstraZeneca, Pfizer/BioNTech",876357,325679,1202036
2021-03-17,"Moderna, Oxford/AstraZeneca, Pfizer/BioNTech",913844,336194,1250038
2021-03-18,"Johnson&Johnson, Moderna, Oxford/AstraZeneca, Pfizer/BioNTech",951851,348620,1300471
2021-03-19,"Johnson&Johnson, Moderna, Oxford/AstraZeneca, Pfizer/BioNTech",986371,362234,1348605
2021-03-20,"Johnson&Johnson, Moderna, Oxford/AstraZeneca, Pfizer/BioNTech",1001555,364264,1365819
2021-03-21,"Johnson&Johnson, Moderna, Oxford/AstraZeneca, Pfizer/BioNTech",1009003,365824,1374827
2021-03-22,"Johnson&Johnson, Moderna, Oxford/AstraZeneca, Pfizer/BioNTech",1033578,378325,1411903
2021-03-23,"Johnson&Johnson, Moderna, Oxford/AstraZeneca, Pfizer/BioNTech",1060255,391692,1451947
2021-03-24,"Johnson&Johnson, Moderna, Oxford/AstraZeneca, Pfizer/BioNTech",1087152,407438,1494590
2021-03-25,"Johnson&Johnson, Moderna, Oxford/AstraZeneca, Pfizer/BioNTech",1113512,425293,1538805
2021-03-26,"Johnson&Johnson, Moderna, Oxford/AstraZeneca, Pfizer/BioNTech",1138354,442806,1581160
2021-03-27,"Johnson&Johnson, Moderna, Oxford/AstraZeneca, Pfizer/BioNTech, Čína",1146817,447652,1594469
2021-03-28,"Moderna, Oxford/AstraZeneca, Pfizer/BioNTech",1152365,451800,1604165
2021-03-29,"Johnson&Johnson, Moderna, Oxford/AstraZeneca, Pfizer/BioNTech",1171526,472535,1644061
2021-03-30,"Johnson&Johnson, Moderna, Oxford/AstraZeneca, Pfizer/BioNTech",1196235,494723,1690958
2021-03-31,"Johnson&Johnson, Moderna, Oxford/AstraZeneca, Pfizer/BioNTech",1219395,521792,1741187
2021-04-01,"Indie/AstraZeneca, Johnson&Johnson, Moderna, Oxford/AstraZeneca, Pfizer/BioNTech",1245086,553850,1798936
2021-04-02,"Indie/AstraZeneca, Johnson&Johnson, Moderna, Oxford/AstraZeneca, Pfizer/BioNTech",1252071,566646,1818717
2021-04-03,"Johnson&Johnson, Moderna, Oxford/AstraZeneca, Pfizer/BioNTech",1255726,577579,1833305
2021-04-04,"Johnson&Johnson, Moderna, Oxford/AstraZeneca, Pfizer/BioNTech",1258272,586504,1844776
2021-04-05,"Johnson&Johnson, Moderna, Oxford/AstraZeneca, Pfizer/BioNTech",1260705,593709,1854414
2021-04-06,"Johnson&Johnson, Moderna, Oxford/AstraZeneca, Pfizer/BioNTech, Čína",1276924,622985,1899909
2021-04-07,"Johnson&Johnson, Moderna, Oxford/AstraZeneca, Pfizer/BioNTech",1300428,645224,1945652
2021-04-08,"Johnson&Johnson, Moderna, Oxford/AstraZeneca, Pfizer/BioNTech",1339248,676272,2015520
2021-04-09,"Johnson&Johnson, Moderna, Oxford/AstraZeneca, Pfizer/BioNTech",1378845,706473,2085318
2021-04-10,"Johnson&Johnson, Moderna, Oxford/AstraZeneca, Pfizer/BioNTech",1394414,721787,2116201
2021-04-11,"Johnson&Johnson, Moderna, Oxford/AstraZeneca, Pfizer/BioNTech",1404209,731844,2136053
2021-04-12,"Johnson&Johnson, Moderna, Oxford/AstraZeneca, Pfizer/BioNTech",1442532,756990,2199522
2021-04-13,"Moderna, Oxford/AstraZeneca, Pfizer/BioNTech",1478840,783033,2261873
2021-04-14,"Moderna, Oxford/AstraZeneca, Pfizer/BioNTech",1517730,810413,2328143
2021-04-15,"Moderna, Oxford/AstraZeneca, Pfizer/BioNTech",1565567,836194,2401761
2021-04-16,"Moderna, Oxford/AstraZeneca, Pfizer/BioNTech",1610289,861875,2472164
2021-04-17,"Indie/AstraZeneca, Moderna, Oxford/AstraZeneca, Pfizer/BioNTech",1627017,870901,2497918
2021-04-18,"Moderna, Oxford/AstraZeneca, Pfizer/BioNTech",1640018,875887,2515905
2021-04-19,"Johnson&Johnson, Moderna, Oxford/AstraZeneca, Pfizer/BioNTech",1683994,891328,2575322
2021-04-20,"Johnson&Johnson, Moderna, Oxford/AstraZeneca, Pfizer/BioNTech",1726585,907218,2633803
2021-04-21,"Moderna, Oxford/AstraZeneca, Pfizer/BioNTech",1774351,921589,2695940
2021-04-22,"Johnson&Johnson, Moderna, Oxford/AstraZeneca, Pfizer/BioNTech",1828883,938988,2767871
2021-04-23,"Johnson&Johnson, Moderna, Oxford/AstraZeneca, Pfizer/BioNTech",1878895,951055,2829950
2021-04-24,"Johnson&Johnson, Moderna, Oxford/AstraZeneca, Pfizer/BioNTech, Čína",1896772,956325,2853097
2021-04-25,"Johnson&Johnson, Moderna, Oxford/AstraZeneca, Pfizer/BioNTech",1911485,960330,2871815
2021-04-26,"Johnson&Johnson, Moderna, Oxford/AstraZeneca, Pfizer/BioNTech",1961100,967900,2929000
2021-04-27,"Johnson&Johnson, Moderna, Oxford/AstraZeneca, Pfizer/BioNTech",2010091,980155,2990246
2021-04-28,"Johnson&Johnson, Moderna, Oxford/AstraZeneca, Pfizer/BioNTech",2068875,994178,3063053
2021-04-29,"Johnson&Johnson, Moderna, Oxford/AstraZeneca, Pfizer/BioNTech",2134496,1010100,3144596
2021-04-30,"Johnson&Johnson, Moderna, Oxford/AstraZeneca, Pfizer/BioNTech",2196789,1020096,3216885
2021-05-01,"Johnson&Johnson, Moderna, Oxford/AstraZeneca, Pfizer/BioNTech",2216183,1023562,3239745
2021-05-02,"Johnson&Johnson, Moderna, Oxford/AstraZeneca, Pfizer/BioNTech",2235135,1025853,3260988
2021-05-03,"Johnson&Johnson, Moderna, Oxford/AstraZeneca, Pfizer/BioNTech",2302412,1030937,3333349
2021-05-04,"Johnson&Johnson, Moderna, Oxford/AstraZeneca, Pfizer/BioNTech",2368973,1039312,3408285
2021-05-05,"Johnson&Johnson, Moderna, Oxford/AstraZeneca, Pfizer/BioNTech",2442186,1048760,3490946
2021-05-06,"Johnson&Johnson, Moderna, Oxford/AstraZeneca, Pfizer/BioNTech",2522626,1059513,3582139
2021-05-07,"Indie/AstraZeneca, Johnson&Johnson, Moderna, Oxford/AstraZeneca, Pfizer/BioNTech",2599966,1069659,3669625
2021-05-08,"Johnson&Johnson, Moderna, Oxford/AstraZeneca, Pfizer/BioNTech",2629511,1071453,3700964
2021-05-09,"Johnson&Johnson, Moderna, Oxford/AstraZeneca, Pfizer/BioNTech",2653755,1072676,3726431
2021-05-10,"Johnson&Johnson, Moderna, Oxford/AstraZeneca, Pfizer/BioNTech",2726556,1079923,3806479
2021-05-11,"Johnson&Johnson, Moderna, Oxford/AstraZeneca, Pfizer/BioNTech",2802709,1088759,3891468
2021-05-12,"Johnson&Johnson, Moderna, Oxford/AstraZeneca, Pfizer/BioNTech",2882654,1097906,3980560
2021-05-13,"Johnson&Johnson, Moderna, Oxford/AstraZeneca, Pfizer/BioNTech",2966710,1107098,4073808
2021-05-14,"Johnson&Johnson, Moderna, Oxford/AstraZeneca, Pfizer/BioNTech",3046268,1114926,4161194
2021-05-15,"Johnson&Johnson, Moderna, Oxford/AstraZeneca, Pfizer/BioNTech",3078234,1117213,4195447
2021-05-16,"Johnson&Johnson, Moderna, Oxford/AstraZeneca, Pfizer/BioNTech",3104050,1118500,4222550
2021-05-17,"Indie/AstraZeneca, Johnson&Johnson, Moderna, Oxford/AstraZeneca, Pfizer/BioNTech",3176593,1125260,4301853
2021-05-18,"Indie/AstraZeneca, Johnson&Johnson, Moderna, Oxford/AstraZeneca, Pfizer/BioNTech",3248588,1138387,4386975
2021-05-19,"Johnson&Johnson, Moderna, Oxford/AstraZeneca, Pfizer/BioNTech",3326091,1153563,4479654
2021-05-20,"Johnson&Johnson, Moderna, Oxford/AstraZeneca, Pfizer/BioNTech",3401592,1180635,4582227
2021-05-21,"Johnson&Johnson, Moderna, Oxford/AstraZeneca, Pfizer/BioNTech",3470453,1208447,4678900
2021-05-22,"Johnson&Johnson, Moderna, Oxford/AstraZeneca, Pfizer/BioNTech",3502928,1219692,4722620
2021-05-23,"Johnson&Johnson, Moderna, Oxford/AstraZeneca, Pfizer/BioNTech",3525379,1228734,4754113
2021-05-24,"Johnson&Johnson, Moderna, Oxford/AstraZeneca, Pfizer/BioNTech",3572600,1262416,4835016
2021-05-25,"Indie/AstraZeneca, Johnson&Johnson, Moderna, Oxford/AstraZeneca, Pfizer/BioNTech",3624526,1298263,4922789
2021-05-26,"Johnson&Johnson, Moderna, Oxford/AstraZeneca, Pfizer/BioNTech",3692298,1335828,5028126
2021-05-27,"Indie/AstraZeneca, Johnson&Johnson, Moderna, Oxford/AstraZeneca, Pfizer/BioNTech",3753739,1383195,5136934
2021-05-28,"Johnson&Johnson, Moderna, Oxford/AstraZeneca, Pfizer/BioNTech",3815491,1429813,5245304
2021-05-29,"Indie/AstraZeneca, Johnson&Johnson, Moderna, Oxford/AstraZeneca, Pfizer/BioNTech",3844768,1446962,5291730
2021-05-30,"Johnson&Johnson, Moderna, Oxford/AstraZeneca, Pfizer/BioNTech, Čína",3867190,1461435,5328625
2021-05-31,"Indie/AstraZeneca, Johnson&Johnson, Moderna, Oxford/AstraZeneca, Pfizer/BioNTech",3922940,1508975,5431915
2021-06-01,"Johnson&Johnson, Moderna, Oxford/AstraZeneca, Pfizer/BioNTech",3982065,1557870,5539935
2021-06-02,"Johnson&Johnson, Moderna, Oxford/AstraZeneca, Pfizer/BioNTech",4045050,1611907,5656957
2021-06-03,"Johnson&Johnson, Moderna, Oxford/AstraZeneca, Pfizer/BioNTech",4103316,1672157,5775473
2021-06-04,"Johnson&Johnson, Moderna, Oxford/AstraZeneca, Pfizer/BioNTech",4166466,1729592,5896058
2021-06-05,"Johnson&Johnson, Moderna, Oxford/AstraZeneca, Pfizer/BioNTech",4200661,1748527,5949188
2021-06-06,"Johnson&Johnson, Moderna, Oxford/AstraZeneca, Pfizer/BioNTech",4227624,1763707,5991331
2021-06-07,"Johnson&Johnson, Moderna, Oxford/AstraZeneca, Pfizer/BioNTech",4291321,1819361,6110682
2021-06-08,"Indie/AstraZeneca, Johnson&Johnson, Moderna, Oxford/AstraZeneca, Pfizer/BioNTech",4355341,1874389,6229730
2021-06-09,"Indie/AstraZeneca, Johnson&Johnson, Moderna, Oxford/AstraZeneca, Pfizer/BioNTech",4414568,1939091,6353659
2021-06-10,"Johnson&Johnson, Moderna, Oxford/AstraZeneca, Pfizer/BioNTech",4468436,2010419,6478855
2021-06-11,"Johnson&Johnson, Moderna, Oxford/AstraZeneca, Pfizer/BioNTech",4520566,2080281,6600847
2021-06-12,"Indie/AstraZeneca, Johnson&Johnson, Moderna, Oxford/AstraZeneca, Pfizer/BioNTech",4552602,2101145,6653747
2021-06-13,"Johnson&Johnson, Moderna, Oxford/AstraZeneca, Pfizer/BioNTech",4576647,2119592,6696239
2021-06-14,"Johnson&Johnson, Moderna, Oxford/AstraZeneca, Pfizer/BioNTech, Čína",4619751,2194010,6813761
2021-06-15,"Johnson&Johnson, Moderna, Oxford/AstraZeneca, Pfizer/BioNTech",4664444,2266428,6930872
2021-06-16,"Johnson&Johnson, Moderna, Oxford/AstraZeneca, Pfizer/BioNTech",4707277,2344686,7051963
2021-06-17,"Johnson&Johnson, Moderna, Oxford/AstraZeneca, Pfizer/BioNTech",4746717,2427813,7174530
2021-06-18,"Johnson&Johnson, Moderna, Oxford/AstraZeneca, Pfizer/BioNTech",4789171,2508424,7297595
2021-06-19,"Johnson&Johnson, Moderna, Oxford/AstraZeneca, Pfizer/BioNTech, Čína",4810975,2537780,7348755
2021-06-20,"Johnson&Johnson, Moderna, Oxford/AstraZeneca, Pfizer/BioNTech, Čína",4828393,2561668,7390061
2021-06-21,"Johnson&Johnson, Moderna, Oxford/AstraZeneca, Pfizer/BioNTech, Čína",4860911,2640308,7501219
2021-06-22,"Johnson&Johnson, Moderna, Oxford/AstraZeneca, Pfizer/BioNTech",4893898,2722659,7616557
2021-06-23,"Johnson&Johnson, Moderna, Oxford/AstraZeneca, Pfizer/BioNTech",4925630,2807932,7733562
2021-06-24,"Johnson&Johnson, Moderna, Oxford/AstraZeneca, Pfizer/BioNTech",4955512,2898022,7853534
2021-06-25,"Johnson&Johnson, Moderna, Oxford/AstraZeneca, Pfizer/BioNTech",4986613,2984288,7970901
2021-06-26,"Johnson&Johnson, Moderna, Oxford/AstraZeneca, Pfizer/BioNTech",5002521,3019186,8021707
2021-06-27,"Johnson&Johnson, Moderna, Oxford/AstraZeneca, Pfizer/BioNTech",5016485,3045915,8062400
2021-06-28,"Johnson&Johnson, Moderna, Oxford/AstraZeneca, Pfizer/BioNTech",5044916,3131159,8176075
2021-06-29,"Johnson&Johnson, Moderna, Oxford/AstraZeneca, Pfizer/BioNTech",5074216,3217736,8291952
2021-06-30,"Johnson&Johnson, Moderna, Oxford/AstraZeneca, Pfizer/BioNTech",5101732,3308810,8410542
2021-07-01,"Johnson&Johnson, Moderna, Oxford/AstraZeneca, Pfizer/BioNTech",5125751,3398938,8524689
2021-07-02,"Johnson&Johnson, Moderna, Oxford/AstraZeneca, Pfizer/BioNTech",5152510,3484899,8637409
2021-07-03,"Indie/AstraZeneca, Johnson&Johnson, Moderna, Oxford/AstraZeneca, Pfizer/BioNTech",5159625,3516480,8676105
2021-07-04,"Johnson&Johnson, Moderna, Oxford/AstraZeneca, Pfizer/BioNTech",5167224,3538312,8705536
2021-07-05,"Johnson&Johnson, Moderna, Oxford/AstraZeneca, Pfizer/BioNTech",5174655,3563734,8738389
2021-07-06,"Johnson&Johnson, Moderna, Oxford/AstraZeneca, Pfizer/BioNTech, Čína",5180151,3591485,8771636
2021-07-07,"Johnson&Johnson, Moderna, Oxford/AstraZeneca, Pfizer/BioNTech",5206002,3670503,8876505
2021-07-08,"Johnson&Johnson, Moderna, Oxford/AstraZeneca, Pfizer/BioNTech",5232629,3740878,8973507
2021-07-09,"Johnson&Johnson, Moderna, Oxford/AstraZeneca, Pfizer/BioNTech",5260598,3810234,9070832
2021-07-10,"Indie/AstraZeneca, Johnson&Johnson, Moderna, Oxford/AstraZeneca, Pfizer/BioNTech",5269989,3838916,9108905
2021-07-11,"Johnson&Johnson, Moderna, Oxford/AstraZeneca, Pfizer/BioNTech",5278552,3861812,9140364
2021-07-12,"Johnson&Johnson, Moderna, Oxford/AstraZeneca, Pfizer/BioNTech, Čína",5306120,3930911,9237031
2021-07-13,"Johnson&Johnson, Moderna, Oxford/AstraZeneca, Pfizer/BioNTech",5332345,4000826,9333171
2021-07-14,"Johnson&Johnson, Moderna, Oxford/AstraZeneca, Pfizer/BioNTech",5358199,4072849,9431048
2021-07-15,"Indie/AstraZeneca, Johnson&Johnson, Moderna, Oxford/AstraZeneca, Pfizer/BioNTech",5387399,4138893,9526292
2021-07-16,"Johnson&Johnson, Moderna, Oxford/AstraZeneca, Pfizer/BioNTech",5415353,4211659,9627012
2021-07-17,"Johnson&Johnson, Moderna, Oxford/AstraZeneca, Pfizer/BioNTech, Čína",5424167,4243149,9667316
2021-07-18,"Johnson&Johnson, Moderna, Oxford/AstraZeneca, Pfizer/BioNTech, Čína",5432618,4269172,9701790
2021-07-19,"Johnson&Johnson, Moderna, Oxford/AstraZeneca, Pfizer/BioNTech",5455993,4336213,9792206
2021-07-20,"Johnson&Johnson, Moderna, Oxford/AstraZeneca, Pfizer/BioNTech",5477426,4403301,9880727
2021-07-21,"Indie/AstraZeneca, Johnson&Johnson, Moderna, Oxford/AstraZeneca, Pfizer/BioNTech",5500897,4466792,9967689
2021-07-22,"Johnson&Johnson, Moderna, Oxford/AstraZeneca, Pfizer/BioNTech",5523285,4525462,10048747
2021-07-23,"Johnson&Johnson, Moderna, Oxford/AstraZeneca, Pfizer/BioNTech",5546540,4580252,10126792
2021-07-24,"Johnson&Johnson, Moderna, Oxford/AstraZeneca, Pfizer/BioNTech",5553908,4607944,10161852
2021-07-25,"Johnson&Johnson, Moderna, Oxford/AstraZeneca, Pfizer/BioNTech",5560563,4630091,10190654
2021-07-26,"Johnson&Johnson, Moderna, Oxford/AstraZeneca, Pfizer/BioNTech",5584132,4678804,10262936
2021-07-27,"Johnson&Johnson, Moderna, Oxford/AstraZeneca, Pfizer/BioNTech, Čína",5606898,4725490,10332388
2021-07-28,"Johnson&Johnson, Moderna, Oxford/AstraZeneca, Pfizer/BioNTech",5628196,4771542,10399738
2021-07-29,"Johnson&Johnson, Moderna, Oxford/AstraZeneca, Pfizer/BioNTech",5649551,4813548,10463099
2021-07-30,"Johnson&Johnson, Moderna, Oxford/AstraZeneca, Pfizer/BioNTech",5672848,4856158,10529006
2021-07-31,"Johnson&Johnson, Moderna, Oxford/AstraZeneca, Pfizer/BioNTech",5681817,4875722,10557539
2021-08-01,"Johnson&Johnson, Moderna, Oxford/AstraZeneca, Pfizer/BioNTech, Čína",5688557,4891909,10580466
2021-08-02,"Johnson&Johnson, Moderna, Oxford/AstraZeneca, Pfizer/BioNTech",5707216,4929503,10636719
2021-08-03,"Johnson&Johnson, Moderna, Oxford/AstraZeneca, Pfizer/BioNTech",5724891,4967658,10692549
2021-08-04,"Johnson&Johnson, Moderna, Oxford/AstraZeneca, Pfizer/BioNTech",5741033,5004465,10745498
2021-08-05,"Johnson&Johnson, Moderna, Oxford/AstraZeneca, Pfizer/BioNTech",5757097,5044994,10802091
2021-08-06,"Johnson&Johnson, Moderna, Oxford/AstraZeneca, Pfizer/BioNTech",5773930,5088343,10862273
2021-08-07,"Johnson&Johnson, Moderna, Oxford/AstraZeneca, Pfizer/BioNTech",5779550,5106541,10886091
2021-08-08,"Johnson&Johnson, Moderna, Oxford/AstraZeneca, Pfizer/BioNTech",5783926,5122318,10906244
2021-08-09,"Indie/AstraZeneca, Johnson&Johnson, Moderna, Oxford/AstraZeneca, Pfizer/BioNTech",5796575,5167414,10963989
2021-08-10,"Johnson&Johnson, Moderna, Oxford/AstraZeneca, Pfizer/BioNTech",5808436,5207023,11015459
2021-08-11,"Indie/AstraZeneca, Johnson&Johnson, Moderna, Oxford/AstraZeneca, Pfizer/BioNTech",5819820,5250192,11070012
2021-08-12,"Johnson&Johnson, Moderna, Oxford/AstraZeneca, Pfizer/BioNTech",5831253,5287362,11118615
2021-08-13,"Johnson&Johnson, Moderna, Oxford/AstraZeneca, Pfizer/BioNTech",5842001,5327740,11169741
2021-08-14,"Johnson&Johnson, Moderna, Oxford/AstraZeneca, Pfizer/BioNTech",5845353,5338471,11183824
2021-08-15,"Johnson&Johnson, Moderna, Oxford/AstraZeneca, Pfizer/BioNTech",5847949,5348869,11196818
2021-08-16,"Johnson&Johnson, Moderna, Oxford/AstraZeneca, Pfizer/BioNTech",5857752,5382976,11240728
2021-08-17,"Johnson&Johnson, Moderna, Oxford/AstraZeneca, Pfizer/BioNTech",5867356,5410110,11277466
2021-08-18,"Johnson&Johnson, Moderna, Oxford/AstraZeneca, Pfizer/BioNTech",5876736,5449048,11325784
2021-08-19,"Johnson&Johnson, Moderna, Oxford/AstraZeneca, Pfizer/BioNTech",5886423,5487425,11373848
2021-08-20,"Johnson&Johnson, Moderna, Oxford/AstraZeneca, Pfizer/BioNTech",5897827,5527644,11425471
2021-08-21,"Indie/AstraZeneca, Johnson&Johnson, Moderna, Oxford/AstraZeneca, Pfizer/BioNTech",5900561,5540435,11440996
2021-08-22,"Johnson&Johnson, Moderna, Oxford/AstraZeneca, Pfizer/BioNTech",5902907,5552418,11455325
2021-08-23,"Indie/AstraZeneca, Johnson&Johnson, Moderna, Oxford/AstraZeneca, Pfizer/BioNTech",5913448,5591722,11505170
2021-08-24,"Johnson&Johnson, Moderna, Oxford/AstraZeneca, Pfizer/BioNTech",5923333,5624989,11548322
2021-08-25,"Indie/AstraZeneca, Johnson&Johnson, Moderna, Oxford/AstraZeneca, Pfizer/BioNTech",5932214,5653391,11585605
2021-08-26,"Johnson&Johnson, Moderna, Oxford/AstraZeneca, Pfizer/BioNTech",5940675,5679547,11620222
2021-08-27,"Johnson&Johnson, Moderna, Oxford/AstraZeneca, Pfizer/BioNTech",5951008,5705555,11656563
2021-08-28,"Johnson&Johnson, Moderna, Oxford/AstraZeneca, Pfizer/BioNTech",5953754,5712641,11666395
2021-08-29,"Johnson&Johnson, Moderna, Oxford/AstraZeneca, Pfizer/BioNTech",5956173,5719275,11675448
2021-08-30,"Johnson&Johnson, Moderna, Oxford/AstraZeneca, Pfizer/BioNTech",5964703,5741175,11705878
2021-08-31,"Indie/AstraZeneca, Johnson&Johnson, Moderna, Oxford/AstraZeneca, Pfizer/BioNTech",5972397,5759310,11731707
2021-09-01,"Johnson&Johnson, Moderna, Oxford/AstraZeneca, Pfizer/BioNTech",5978317,5773341,11751658
2021-09-02,"Johnson&Johnson, Moderna, Oxford/AstraZeneca, Pfizer/BioNTech",5985165,5787751,11772916
2021-09-03,"Johnson&Johnson, Moderna, Oxford/AstraZeneca, Pfizer/BioNTech",5994730,5803505,11798235
2021-09-04,"Johnson&Johnson, Moderna, Oxford/AstraZeneca, Pfizer/BioNTech",5996810,5807079,11803889
2021-09-05,"Johnson&Johnson, Moderna, Oxford/AstraZeneca, Pfizer/BioNTech",5998859,5809932,11808791
2021-09-06,"Indie/AstraZeneca, Johnson&Johnson, Moderna, Oxford/AstraZeneca, Pfizer/BioNTech",6005102,5822489,11827591
2021-09-07,"Johnson&Johnson, Moderna, Oxford/AstraZeneca, Pfizer/BioNTech",6009498,5833593,11843091
2021-09-08,"Johnson&Johnson, Moderna, Oxford/AstraZeneca, Pfizer/BioNTech, Čína",6015181,5843470,11858651
2021-09-09,"Johnson&Johnson, Moderna, Oxford/AstraZeneca, Pfizer/BioNTech",6021885,5853552,11875437
2021-09-10,"Johnson&Johnson, Moderna, Oxford/AstraZeneca, Pfizer/BioNTech",6029593,5865751,11895344
2021-09-11,"Johnson&Johnson, Moderna, Oxford/AstraZeneca, Pfizer/BioNTech",6031471,5868254,11899725
2021-09-12,"Johnson&Johnson, Moderna, Oxford/AstraZeneca, Pfizer/BioNTech",6032591,5869893,11902484
2021-09-13,"Johnson&Johnson, Moderna, Oxford/AstraZeneca, Pfizer/BioNTech",6038037,5880214,11918251
2021-09-14,"Johnson&Johnson, Moderna, Oxford/AstraZeneca, Pfizer/BioNTech",6043443,5889238,11932681
2021-09-15,"Johnson&Johnson, Moderna, Oxford/AstraZeneca, Pfizer/BioNTech",6048660,5897776,11946436
2021-09-16,"Johnson&Johnson, Moderna, Oxford/AstraZeneca, Pfizer/BioNTech",6054033,5906059,11960092
2021-09-17,"Johnson&Johnson, Moderna, Oxford/AstraZeneca, Pfizer/BioNTech",6060610,5916306,11976916
2021-09-18,"Johnson&Johnson, Moderna, Oxford/AstraZeneca, Pfizer/BioNTech",6062343,5918675,11981018
2021-09-19,"Johnson&Johnson, Moderna, Oxford/AstraZeneca, Pfizer/BioNTech",6063291,5920249,11983540
2021-09-20,"Johnson&Johnson, Moderna, Oxford/AstraZeneca, Pfizer/BioNTech",6067324,5928455,11995779
2021-09-21,"Johnson&Johnson, Moderna, Oxford/AstraZeneca, Pfizer/BioNTech",6071571,5935997,12007568
2021-09-22,"Johnson&Johnson, Moderna, Oxford/AstraZeneca, Pfizer/BioNTech, Čína",6075770,5941532,12017302
2021-09-23,"Johnson&Johnson, Moderna, Oxford/AstraZeneca, Pfizer/BioNTech",6080732,5947955,12028687
2021-09-24,"Johnson&Johnson, Moderna, Oxford/AstraZeneca, Pfizer/BioNTech",6086497,5957579,12044076
2021-09-25,"Johnson&Johnson, Moderna, Oxford/AstraZeneca, Pfizer/BioNTech",6088000,5959581,12047581
2021-09-26,"Johnson&Johnson, Moderna, Oxford/AstraZeneca, Pfizer/BioNTech",6088748,5961226,12049974
2021-09-27,"Indie/AstraZeneca, Johnson&Johnson, Moderna, Oxford/AstraZeneca, Pfizer/BioNTech, Čína",6092638,5967750,12060388
2021-09-28,"Johnson&Johnson, Moderna, Oxford/AstraZeneca, Pfizer/BioNTech",6093017,5968391,12061408
2021-09-29,"Johnson&Johnson, Moderna, Oxford/AstraZeneca, Pfizer/BioNTech",6096796,5975856,12072652
2021-09-30,"Johnson&Johnson, Moderna, Oxford/AstraZeneca, Pfizer/BioNTech",6101320,5983574,12084894
2021-10-01,"Johnson&Johnson, Moderna, Oxford/AstraZeneca, Pfizer/BioNTech, Čína",6105638,5991567,12097205
2021-10-02,"Johnson&Johnson, Moderna, Oxford/AstraZeneca, Pfizer/BioNTech, Čína",6106705,5993117,12099822
2021-10-03,"Johnson&Johnson, Moderna, Oxford/AstraZeneca, Pfizer/BioNTech",6107430,5993992,12101422
2021-10-04,"Johnson&Johnson, Moderna, Oxford/AstraZeneca, Pfizer/BioNTech",6110512,5999574,12110086
2021-10-05,"Johnson&Johnson, Moderna, Oxford/AstraZeneca, Pfizer/BioNTech",6113676,6004664,12118340
2021-10-06,"Johnson&Johnson, Moderna, Oxford/AstraZeneca, Pfizer/BioNTech",6117199,6009844,12127043
2021-10-07,"Johnson&Johnson, Moderna, Oxford/AstraZeneca, Pfizer/BioNTech",6120485,6015107,12135592
2021-10-08,"Johnson&Johnson, Moderna, Oxford/AstraZeneca, Pfizer/BioNTech",6125284,6021758,12147042
2021-10-09,"Indie/AstraZeneca, Johnson&Johnson, Moderna, Oxford/AstraZeneca, Pfizer/BioNTech",6126530,6023429,12149959
2021-10-10,"Johnson&Johnson, Moderna, Oxford/AstraZeneca, Pfizer/BioNTech",6127478,6024267,12151745
2021-10-11,"Johnson&Johnson, Moderna, Oxford/AstraZeneca, Pfizer/BioNTech",6130408,6028694,12159102
2021-10-12,"Johnson&Johnson, Moderna, Oxford/AstraZeneca, Pfizer/BioNTech",6133351,6032699,12166050
2021-10-13,"Johnson&Johnson, Moderna, Oxford/AstraZeneca, Pfizer/BioNTech",6136887,6036897,12173784
2021-10-14,"Johnson&Johnson, Moderna, Oxford/AstraZeneca, Pfizer/BioNTech",6140562,6041850,12182412
2021-10-15,"Johnson&Johnson, Moderna, Oxford/AstraZeneca, Pfizer/BioNTech",6145797,6048003,12193800
2021-10-16,"Johnson&Johnson, Moderna, Oxford/AstraZeneca, Pfizer/BioNTech",6147214,6049536,12196750
2021-10-17,"Johnson&Johnson, Moderna, Pfizer/BioNTech, Čína",6148540,6050595,12199135
2021-10-18,"Johnson&Johnson, Moderna, Oxford/AstraZeneca, Pfizer/BioNTech",6152654,6054705,12207359
2021-10-19,"Johnson&Johnson, Moderna, Oxford/AstraZeneca, Pfizer/BioNTech",6156237,6056812,12213049
2021-10-20,"Johnson&Johnson, Moderna, Oxford/AstraZeneca, Pfizer/BioNTech",6161129,6061277,12222406
2021-10-21,"Johnson&Johnson, Moderna, Oxford/AstraZeneca, Pfizer/BioNTech",6168901,6066890,12235791
2021-10-22,"Johnson&Johnson, Moderna, Oxford/AstraZeneca, Pfizer/BioNTech",6179365,6073395,12252760
2021-10-23,"Johnson&Johnson, Moderna, Oxford/AstraZeneca, Pfizer/BioNTech",6183048,6075608,12258656
2021-10-24,"Johnson&Johnson, Moderna, Oxford/AstraZeneca, Pfizer/BioNTech",6185735,6077387,12263122
2021-10-25,"Johnson&Johnson, Moderna, Oxford/AstraZeneca, Pfizer/BioNTech",6196248,6083209,12279457
2021-10-26,"Johnson&Johnson, Moderna, Oxford/AstraZeneca, Pfizer/BioNTech",6208244,6089762,12298006
2021-10-27,"Johnson&Johnson, Moderna, Oxford/AstraZeneca, Pfizer/BioNTech, Čína",6222857,6097181,12320038
2021-10-28,"Johnson&Johnson, Moderna, Oxford/AstraZeneca, Pfizer/BioNTech",6226290,6098871,12325161
2021-10-29,"Johnson&Johnson, Moderna, Oxford/AstraZeneca, Pfizer/BioNTech",6240735,6106862,12347597
2021-10-30,"Johnson&Johnson, Moderna, Oxford/AstraZeneca, Pfizer/BioNTech",6245266,6109794,12355060
2021-10-31,"Johnson&Johnson, Moderna, Oxford/AstraZeneca, Pfizer/BioNTech",6249028,6112270,12361298
2021-11-01,"Johnson&Johnson, Moderna, Oxford/AstraZeneca, Pfizer/BioNTech",6264226,6119952,12384178
2021-11-02,"Johnson&Johnson, Moderna, Oxford/AstraZeneca, Pfizer/BioNTech",6279679,6127514,12407193
2021-11-03,"Johnson&Johnson, Moderna, Oxford/AstraZeneca, Pfizer/BioNTech, Čína",6296864,6134808,12431672
2021-11-04,"Johnson&Johnson, Moderna, Oxford/AstraZeneca, Pfizer/BioNTech",6315211,6142988,12458199
2021-11-05,"Johnson&Johnson, Moderna, Oxford/AstraZeneca, Pfizer/BioNTech",6338015,6154280,12492295
2021-11-06,"Johnson&Johnson, Moderna, Oxford/AstraZeneca, Pfizer/BioNTech",6344533,6157340,12501873
2021-11-07,"Johnson&Johnson, Moderna, Oxford/AstraZeneca, Pfizer/BioNTech",6348561,6159778,12508339
2021-11-08,"Johnson&Johnson, Moderna, Oxford/AstraZeneca, Pfizer/BioNTech",6364827,6167408,12532235
2021-11-09,"Johnson&Johnson, Moderna, Oxford/AstraZeneca, Pfizer/BioNTech",6379641,6174710,12554351
2021-11-10,"Johnson&Johnson, Moderna, Oxford/AstraZeneca, Pfizer/BioNTech",6395379,6182097,12577476
2021-11-11,"Johnson&Johnson, Moderna, Oxford/AstraZeneca, Pfizer/BioNTech, Čína",6410856,6191208,12602064
2021-11-12,"Johnson&Johnson, Moderna, Oxford/AstraZeneca, Pfizer/BioNTech",6430659,6204008,12634667
2021-11-13,"Johnson&Johnson, Moderna, Oxford/AstraZeneca, Pfizer/BioNTech",6436056,6207888,12643944
2021-11-14,"Johnson&Johnson, Moderna, Oxford/AstraZeneca, Pfizer/BioNTech",6439955,6210898,12650853
2021-11-15,"Johnson&Johnson, Moderna, Oxford/AstraZeneca, Pfizer/BioNTech",6455043,6221606,12676649
2021-11-16,"Johnson&Johnson, Moderna, Oxford/AstraZeneca, Pfizer/BioNTech",6472574,6233586,12706160
2021-11-17,"Johnson&Johnson, Moderna, Oxford/AstraZeneca, Pfizer/BioNTech",6476818,6237156,12713974
2021-11-18,"Johnson&Johnson, Moderna, Oxford/AstraZeneca, Pfizer/BioNTech",6496233,6248849,12745082
2021-11-19,"Johnson&Johnson, Moderna, Oxford/AstraZeneca, Pfizer/BioNTech",6520844,6265828,12786672
2021-11-20,"Johnson&Johnson, Moderna, Oxford/AstraZeneca, Pfizer/BioNTech",6529421,6270815,12800236
2021-11-21,"Johnson&Johnson, Moderna, Oxford/AstraZeneca, Pfizer/BioNTech",6536189,6274592,12810781
2021-11-22,"Johnson&Johnson, Moderna, Oxford/AstraZeneca, Pfizer/BioNTech",6554698,6288707,12843405
2021-11-23,"Johnson&Johnson, Moderna, Oxford/AstraZeneca, Pfizer/BioNTech",6573764,6301973,12875737
2021-11-24,"Johnson&Johnson, Moderna, Oxford/AstraZeneca, Pfizer/BioNTech",6592778,6317826,12910604
2021-11-25,"Johnson&Johnson, Moderna, Oxford/AstraZeneca, Pfizer/BioNTech",6611922,6332873,12944795
2021-11-26,"Johnson&Johnson, Moderna, Oxford/AstraZeneca, Pfizer/BioNTech",6633580,6352015,12985595
2021-11-27,"Johnson&Johnson, Moderna, Oxford/AstraZeneca, Pfizer/BioNTech",6641052,6357572,12998624
2021-11-28,"Johnson&Johnson, Moderna, Oxford/AstraZeneca, Pfizer/BioNTech",6644385,6360712,13005097
2021-11-29,"Johnson&Johnson, Moderna, Oxford/AstraZeneca, Pfizer/BioNTech",6659592,6374376,13033968
2021-11-30,"Johnson&Johnson, Moderna, Oxford/AstraZeneca, Pfizer/BioNTech",6672795,6385609,13058404
2021-12-01,"Johnson&Johnson, Moderna, Oxford/AstraZeneca, Pfizer/BioNTech",6686835,6398070,13084905
2021-12-02,"Johnson&Johnson, Moderna, Oxford/AstraZeneca, Pfizer/BioNTech",6697478,6410566,13108044
2021-12-03,"Johnson&Johnson, Moderna, Oxford/AstraZeneca, Pfizer/BioNTech",6707117,6426146,13133263
2021-12-04,"Johnson&Johnson, Moderna, Pfizer/BioNTech",6709674,6430104,13139778
2021-12-05,"Johnson&Johnson, Moderna, Oxford/AstraZeneca, Pfizer/BioNTech",6711035,6432449,13143484
2021-12-06,"Johnson&Johnson, Moderna, Oxford/AstraZeneca, Pfizer/BioNTech",6719184,6443978,13163162
2021-12-07,"Johnson&Johnson, Moderna, Oxford/AstraZeneca, Pfizer/BioNTech",6727074,6455991,13183065
2021-12-08,"Johnson&Johnson, Moderna, Oxford/AstraZeneca, Pfizer/BioNTech",6735320,6461920,13197240
2021-12-09,"Johnson&Johnson, Moderna, Oxford/AstraZeneca, Pfizer/BioNTech",6742440,6474743,13217183
2021-12-10,"Johnson&Johnson, Moderna, Oxford/AstraZeneca, Pfizer/BioNTech",6749370,6492551,13241921
2021-12-11,"Johnson&Johnson, Moderna, Oxford/AstraZeneca, Pfizer/BioNTech",6751025,6497818,13248843
2021-12-12,"Johnson&Johnson, Moderna, Oxford/AstraZeneca, Pfizer/BioNTech",6752336,6502255,13254591
2021-12-13,"Johnson&Johnson, Moderna, Oxford/AstraZeneca, Pfizer/BioNTech",6758692,6515567,13274259
2021-12-14,"Johnson&Johnson, Moderna, Oxford/AstraZeneca, Pfizer/BioNTech",6764903,6529239,13294142
2021-12-15,"Johnson&Johnson, Moderna, Oxford/AstraZeneca, Pfizer/BioNTech",6771110,6542838,13313948
2021-12-16,"Johnson&Johnson, Moderna, Oxford/AstraZeneca, Pfizer/BioNTech",6778053,6557673,13335726
2021-12-17,"Johnson&Johnson, Moderna, Oxford/AstraZeneca, Pfizer/BioNTech",6786419,6574943,13361362
2021-12-18,"Johnson&Johnson, Moderna, Oxford/AstraZeneca, Pfizer/BioNTech",6789030,6580400,13369430
2021-12-19,"Johnson&Johnson, Moderna, Pfizer/BioNTech",6790802,6582904,13373706
2021-12-20,"Johnson&Johnson, Moderna, Oxford/AstraZeneca, Pfizer/BioNTech",6796653,6596967,13393620
2021-12-21,"Johnson&Johnson, Moderna, Oxford/AstraZeneca, Pfizer/BioNTech",6803316,6608972,13412288
2021-12-22,"Johnson&Johnson, Moderna, Oxford/AstraZeneca, Pfizer/BioNTech",6808363,6622032,13430395
2021-12-23,"Johnson&Johnson, Moderna, Oxford/AstraZeneca, Pfizer/BioNTech",6811237,6627636,13438873
2021-12-24,"Johnson&Johnson, Moderna, Oxford/AstraZeneca, Pfizer/BioNTech",6811283,6627740,13439023
2021-12-25,"Moderna, Pfizer/BioNTech",6811285,6627748,13439033
2021-12-26,"Moderna, Pfizer/BioNTech",6811387,6627951,13439338
2021-12-27,"Johnson&Johnson, Moderna, Pfizer/BioNTech",6815254,6637697,13452951
2021-12-28,"Johnson&Johnson, Moderna, Oxford/AstraZeneca, Pfizer/BioNTech",6820494,6645695,13466189
2021-12-29,"Johnson&Johnson, Moderna, Oxford/AstraZeneca, Pfizer/BioNTech",6824776,6653416,13478192
2021-12-30,"Johnson&Johnson, Moderna, Pfizer/BioNTech",6829077,6658850,13487927
2021-12-31,"Johnson&Johnson, Moderna, Pfizer/BioNTech",6829588,6660275,13489863
2022-01-01,"Moderna, Pfizer/BioNTech",6829594,6660293,13489887
2022-01-02,"Johnson&Johnson, Moderna, Pfizer/BioNTech",6830450,6661670,13492120
2022-01-03,"Johnson&Johnson, Moderna, Oxford/AstraZeneca, Pfizer/BioNTech",6834586,6670579,13505165
2022-01-04,"Johnson&Johnson, Moderna, Oxford/AstraZeneca, Pfizer/BioNTech",6839669,6678335,13518004
2022-01-05,"Johnson&Johnson, Moderna, Oxford/AstraZeneca, Pfizer/BioNTech",6845491,6686309,13531800
2022-01-06,"Johnson&Johnson, Moderna, Oxford/AstraZeneca, Pfizer/BioNTech",6852077,6694710,13546787
2022-01-07,"Johnson&Johnson, Moderna, Oxford/AstraZeneca, Pfizer/BioNTech",6859953,6705066,13565019
2022-01-08,"Johnson&Johnson, Moderna, Oxford/AstraZeneca, Pfizer/BioNTech",6862432,6707844,13570276
2022-01-09,"Johnson&Johnson, Moderna, Pfizer/BioNTech",6863515,6709539,13573054
2022-01-10,"Johnson&Johnson, Moderna, Oxford/AstraZeneca, Pfizer/BioNTech",6868022,6715732,13583754
2022-01-11,"Johnson&Johnson, Moderna, Oxford/AstraZeneca, Pfizer/BioNTech",6873471,6722489,13595960
2022-01-12,"Johnson&Johnson, Moderna, Oxford/AstraZeneca, Pfizer/BioNTech",6879428,6728131,13607559
2022-01-13,"Johnson&Johnson, Moderna, Oxford/AstraZeneca, Pfizer/BioNTech",6885317,6732907,13618224
2022-01-14,"Johnson&Johnson, Moderna, Oxford/AstraZeneca, Pfizer/BioNTech",6891619,6736538,13628157
2022-01-15,"Johnson&Johnson, Moderna, Oxford/AstraZeneca, Pfizer/BioNTech",6892895,6737194,13630089
2022-01-16,"Johnson&Johnson, Moderna, Oxford/AstraZeneca, Pfizer/BioNTech",6893585,6737631,13631216
2022-01-17,"Johnson&Johnson, Moderna, Oxford/AstraZeneca, Pfizer/BioNTech",6897140,6741587,13638727
2022-01-18,"Johnson&Johnson, Moderna, Oxford/AstraZeneca, Pfizer/BioNTech",6900989,6746538,13647527
2022-01-19,"Johnson&Johnson, Moderna, Oxford/AstraZeneca, Pfizer/BioNTech",6905058,6750470,13655528
2022-01-20,"Johnson&Johnson, Moderna, Oxford/AstraZeneca, Pfizer/BioNTech",6908656,6754925,13663581
2022-01-21,"Johnson&Johnson, Moderna, Oxford/AstraZeneca, Pfizer/BioNTech",6912654,6757453,13670107
2022-01-22,"Johnson&Johnson, Moderna, Pfizer/BioNTech",6913433,6757894,13671327
2022-01-23,"Johnson&Johnson, Moderna, Pfizer/BioNTech",6913994,6758528,13672522
2022-01-24,"Johnson&Johnson, Moderna, Oxford/AstraZeneca, Pfizer/BioNTech",6916266,6761964,13678230
2022-01-25,"Johnson&Johnson, Moderna, Oxford/AstraZeneca, Pfizer/BioNTech",6918624,6765958,13684582
2022-01-26,"Johnson&Johnson, Moderna, Oxford/AstraZeneca, Pfizer/BioNTech",6921009,6770527,13691536
2022-01-27,"Johnson&Johnson, Moderna, Oxford/AstraZeneca, Pfizer/BioNTech",6923331,6775339,13698670
2022-01-28,"Johnson&Johnson, Moderna, Oxford/AstraZeneca, Pfizer/BioNTech",6926248,6781502,13707750
2022-01-29,"Johnson&Johnson, Moderna, Oxford/AstraZeneca, Pfizer/BioNTech",6926850,6783153,13710003
2022-01-30,"Johnson&Johnson, Moderna, Pfizer/BioNTech",6927077,6783935,13711012
2022-01-31,"Johnson&Johnson, Moderna, Pfizer/BioNTech",6928618,6787862,13716480
2022-02-01,"Johnson&Johnson, Moderna, Pfizer/BioNTech",6930213,6791894,13722107
2022-02-02,"Johnson&Johnson, Moderna, Oxford/AstraZeneca, Pfizer/BioNTech",6931778,6796406,13728184
2022-02-03,"Johnson&Johnson, Moderna, Pfizer/BioNTech",6933158,6800891,13734049
2022-02-04,"Johnson&Johnson, Moderna, Pfizer/BioNTech",6934759,6806006,13740765
2022-02-05,"Johnson&Johnson, Moderna, Pfizer/BioNTech",6934932,6806616,13741548
2022-02-06,"Johnson&Johnson, Moderna, Pfizer/BioNTech",6935028,6806935,13741963
2022-02-07,"Johnson&Johnson, Moderna, Pfizer/BioNTech",6935731,6810144,13745875
2022-02-08,"Johnson&Johnson, Moderna, Pfizer/BioNTech",6936526,6813333,13749859
2022-02-09,"Johnson&Johnson, Moderna, Pfizer/BioNTech",6937348,6816707,13754055
2022-02-10,"Johnson&Johnson, Moderna, Pfizer/BioNTech",6938150,6819838,13757988
2022-02-11,"Johnson&Johnson, Moderna, Pfizer/BioNTech",6939104,6823753,13762857
2022-02-12,"Johnson&Johnson, Moderna, Pfizer/BioNTech",6939214,6824172,13763386
2022-02-13,"Johnson&Johnson, Moderna, Pfizer/BioNTech",6939251,6824610,13763861
2022-02-14,"Johnson&Johnson, Moderna, Pfizer/BioNTech",6939709,6826722,13766431
2022-02-15,"Johnson&Johnson, Moderna, Pfizer/BioNTech",6940262,6828932,13769194
2022-02-16,"Johnson&Johnson, Moderna, Pfizer/BioNTech",6940853,6831031,13771884
2022-02-17,"Johnson&Johnson, Moderna, Pfizer/BioNTech",6941448,6833373,13774821
2022-02-18,"Johnson&Johnson, Moderna, Oxford/AstraZeneca, Pfizer/BioNTech",6942090,6836426,13778516
2022-02-19,"Johnson&Johnson, Moderna, Pfizer/BioNTech",6942170,6836707,13778877
2022-02-20,"Johnson&Johnson, Moderna, Oxford/AstraZeneca, Pfizer/BioNTech",6942208,6836856,13779064
2022-02-21,"Johnson&Johnson, Moderna, Pfizer/BioNTech",6942572,6838555,13781127
2022-02-22,"Johnson&Johnson, Moderna, Oxford/AstraZeneca, Pfizer/BioNTech",6942965,6840253,13783218
2022-02-23,"Johnson&Johnson, Moderna, Pfizer/BioNTech",6943421,6841896,13785317
2022-02-24,"Johnson&Johnson, Moderna, Pfizer/BioNTech",6943829,6843527,13787356
2022-02-25,"Johnson&Johnson, Moderna, Pfizer/BioNTech",6944412,6845612,13790024
2022-02-26,"Johnson&Johnson, Moderna, Pfizer/BioNTech",6944473,6845773,13790246
2022-02-27,"Johnson&Johnson, Moderna, Pfizer/BioNTech",6944503,6845849,13790352
2022-02-28,"Johnson&Johnson, Moderna, Pfizer/BioNTech",6944749,6846825,13791574
2022-03-01,"Johnson&Johnson, Moderna, Pfizer/BioNTech",6945056,6847609,13792665
2022-03-02,"Johnson&Johnson, Moderna, Novavax, Pfizer/BioNTech",6945429,6848517,13793946
2022-03-03,"Johnson&Johnson, Moderna, Novavax, Pfizer/BioNTech",6945766,6849460,13795226
2022-03-04,"Johnson&Johnson, Moderna, Novavax, Pfizer/BioNTech",6946396,6850681,13797077
2022-03-05,"Johnson&Johnson, Moderna, Novavax, Pfizer/BioNTech",6946477,6850774,13797251
2022-03-06,"Moderna, Novavax, Pfizer/BioNTech",6946490,6850792,13797282
2022-03-07,"Johnson&Johnson, Moderna, Novavax, Pfizer/BioNTech",6946825,6851350,13798175
2022-03-08,"Johnson&Johnson, Moderna, Novavax, Pfizer/BioNTech",6947160,6851892,13799052
2022-03-09,"Johnson&Johnson, Moderna, Novavax, Pfizer/BioNTech",6947549,6852481,13800030
2022-03-10,"Johnson&Johnson, Moderna, Novavax, Pfizer/BioNTech",6947961,6853152,13801113
2022-03-11,"Johnson&Johnson, Moderna, Novavax, Pfizer/BioNTech",6948710,6854062,13802772
2022-03-12,"Johnson&Johnson, Moderna, Novavax, Pfizer/BioNTech",6948781,6854167,13802948
2022-03-13,"Johnson&Johnson, Moderna, Novavax, Pfizer/BioNTech",6948794,6854186,13802980
2022-03-14,"Johnson&Johnson, Moderna, Novavax, Pfizer/BioNTech",6949061,6854568,13803629
2022-03-15,"Johnson&Johnson, Moderna, Novavax, Pfizer/BioNTech",6949345,6855004,13804349
2022-03-16,"Johnson&Johnson, Moderna, Novavax, Pfizer/BioNTech",6949664,6855547,13805211
2022-03-17,"Johnson&Johnson, Moderna, Novavax, Oxford/AstraZeneca, Pfizer/BioNTech",6949960,6855979,13805939
2022-03-18,"Johnson&Johnson, Moderna, Novavax, Pfizer/BioNTech",6950658,6856774,13807432
2022-03-19,"Moderna, Novavax, Pfizer/BioNTech",6950714,6856819,13807533
2022-03-20,"Moderna, Novavax, Pfizer/BioNTech",6950732,6856831,13807563
2022-03-21,"Johnson&Johnson, Moderna, Novavax, Pfizer/BioNTech",6950920,6857158,13808078
2022-03-22,"Johnson&Johnson, Moderna, Novavax, Pfizer/BioNTech",6951161,6857556,13808717
2022-03-23,"Johnson&Johnson, Moderna, Novavax, Pfizer/BioNTech",6951498,6857995,13809493
2022-03-24,"Johnson&Johnson, Moderna, Novavax, Pfizer/BioNTech",6951809,6858468,13810277
2022-03-25,"Johnson&Johnson, Moderna, Novavax, Pfizer/BioNTech",6952303,6859273,13811576
2022-03-26,"Johnson&Johnson, Moderna, Novavax, Pfizer/BioNTech",6952355,6859351,13811706
2022-03-27,"Moderna, Novavax, Pfizer/BioNTech",6952371,6859368,13811739
2022-03-28,"Johnson&Johnson, Moderna, Novavax, Pfizer/BioNTech",6952526,6859746,13812272
2022-03-29,"Johnson&Johnson, Moderna, Novavax, Pfizer/BioNTech",6952788,6860152,13812940
2022-03-30,"Johnson&Johnson, Moderna, Novavax, Pfizer/BioNTech",6953093,6860645,13813738
2022-03-31,"Johnson&Johnson, Moderna, Novavax, Pfizer/BioNTech",6953391,6861137,13814528
2022-04-01,"Johnson&Johnson, Moderna, Novavax, Pfizer/BioNTech",6954002,6861898,13815900
2022-04-02,"Moderna, Novavax, Pfizer/BioNTech",6954059,6861983,13816042
2022-04-03,"Moderna, Novavax, Pfizer/BioNTech",6954072,6862012,13816084
2022-04-04,"Johnson&Johnson, Moderna, Novavax, Pfizer/BioNTech",6954249,6862294,13816543
2022-04-05,"Johnson&Johnson, Moderna, Novavax, Pfizer/BioNTech",6954440,6862530,13816970
2022-04-06,"Johnson&Johnson, Moderna, Novavax, Pfizer/BioNTech",6954657,6862876,13817533
2022-04-07,"Johnson&Johnson, Moderna, Novavax, Pfizer/BioNTech",6954880,6863294,13818174
2022-04-08,"Johnson&Johnson, Moderna, Novavax, Pfizer/BioNTech",6955334,6864017,13819351
2022-04-09,"Johnson&Johnson, Moderna, Novavax, Pfizer/BioNTech",6955394,6864089,13819483
2022-04-10,"Moderna, Novavax, Pfizer/BioNTech",6955407,6864098,13819505
2022-04-11,"Johnson&Johnson, Moderna, Novavax, Pfizer/BioNTech",6955569,6864329,13819898
2022-04-12,"Johnson&Johnson, Moderna, Novavax, Pfizer/BioNTech",6955816,6864627,13820443
2022-04-13,"Johnson&Johnson, Moderna, Novavax, Pfizer/BioNTech",6956057,6864981,13821038
2022-04-14,"Johnson&Johnson, Moderna, Novavax, Pfizer/BioNTech",6956319,6865366,13821685
2022-04-15,"Moderna, Novavax, Pfizer/BioNTech",6956335,6865397,13821732
2022-04-16,"Johnson&Johnson, Moderna, Novavax, Pfizer/BioNTech",6956355,6865431,13821786
2022-04-17,"Moderna, Novavax, Pfizer/BioNTech",6956356,6865432,13821788
2022-04-18,"Moderna, Novavax, Pfizer/BioNTech",6956370,6865449,13821819
2022-04-19,"Johnson&Johnson, Moderna, Novavax, Pfizer/BioNTech",6956509,6865787,13822296
2022-04-20,"Johnson&Johnson, Moderna, Novavax, Pfizer/BioNTech",6956732,6866177,13822909
2022-04-21,"Johnson&Johnson, Moderna, Novavax, Pfizer/BioNTech",6956949,6866601,13823550
2022-04-22,"Johnson&Johnson, Moderna, Novavax, Pfizer/BioNTech",6957414,6867428,13824842
2022-04-23,"Moderna, Novavax, Pfizer/BioNTech",6957445,6867507,13824952
2022-04-24,"Moderna, Novavax, Pfizer/BioNTech",6957450,6867518,13824968
2022-04-25,"Johnson&Johnson, Moderna, Novavax, Pfizer/BioNTech",6957606,6867726,13825332
2022-04-26,"Johnson&Johnson, Moderna, Novavax, Pfizer/BioNTech",6957746,6867990,13825736
2022-04-27,"Johnson&Johnson, Moderna, Novavax, Pfizer/BioNTech",6958013,6868320,13826333
2022-04-28,"Johnson&Johnson, Moderna, Novavax, Pfizer/BioNTech",6958208,6868609,13826817
2022-04-29,"Johnson&Johnson, Moderna, Novavax, Pfizer/BioNTech",6958643,6869198,13827841
2022-04-30,"Moderna, Novavax, Pfizer/BioNTech",6958683,6869265,13827948
2022-05-01,"Moderna, Novavax, Oxford/AstraZeneca, Pfizer/BioNTech",6958688,6869275,13827963
2022-05-02,"Johnson&Johnson, Moderna, Novavax, Pfizer/BioNTech",6958818,6869457,13828275
2022-05-03,"Johnson&Johnson, Moderna, Novavax, Pfizer/BioNTech",6958975,6869713,13828688
2022-05-04,"Johnson&Johnson, Moderna, Novavax, Pfizer/BioNTech",6959181,6869988,13829169
2022-05-05,"Johnson&Johnson, Moderna, Novavax, Pfizer/BioNTech",6959388,6870278,13829666
2022-05-06,"Johnson&Johnson, Moderna, Novavax, Pfizer/BioNTech",6959764,6870620,13830384
2022-05-07,"Moderna, Novavax, Pfizer/BioNTech",6959791,6870646,13830437
2022-05-08,"Moderna, Pfizer/BioNTech",6959792,6870654,13830446
2022-05-09,"Johnson&Johnson, Moderna, Novavax, Pfizer/BioNTech",6959900,6870744,13830644
2022-05-10,"Johnson&Johnson, Moderna, Novavax, Pfizer/BioNTech",6960055,6870981,13831036
2022-05-11,"Johnson&Johnson, Moderna, Novavax, Oxford/AstraZeneca, Pfizer/BioNTech",6960275,6871248,13831523
2022-05-12,"Johnson&Johnson, Moderna, Novavax, Pfizer/BioNTech",6960474,6871525,13831999
2022-05-13,"Johnson&Johnson, Moderna, Novavax, Pfizer/BioNTech",6960820,6872023,13832843
2022-05-14,"Johnson&Johnson, Moderna, Novavax, Pfizer/BioNTech",6960861,6872063,13832924
2022-05-15,"Johnson&Johnson, Moderna, Novavax, Pfizer/BioNTech",6960874,6872074,13832948
2022-05-16,"Johnson&Johnson, Moderna, Novavax, Pfizer/BioNTech",6960984,6872194,13833178
2022-05-17,"Johnson&Johnson, Moderna, Novavax, Pfizer/BioNTech",6961125,6872349,13833474
2022-05-18,"Johnson&Johnson, Moderna, Novavax, Pfizer/BioNTech",6961360,6872680,13834040
2022-05-19,"Johnson&Johnson, Moderna, Novavax, Pfizer/BioNTech",6961552,6872931,13834483
2022-05-20,"Johnson&Johnson, Moderna, Novavax, Pfizer/BioNTech",6961852,6873483,13835335
2022-05-21,"Johnson&Johnson, Moderna, Novavax, Pfizer/BioNTech",6961891,6873512,13835403
2022-05-22,"Moderna, Pfizer/BioNTech",6961899,6873518,13835417
2022-05-23,"Johnson&Johnson, Moderna, Novavax, Pfizer/BioNTech",6962021,6873673,13835694
2022-05-24,"Johnson&Johnson, Moderna, Novavax, Pfizer/BioNTech",6962153,6873846,13835999
2022-05-25,"Johnson&Johnson, Moderna, Novavax, Oxford/AstraZeneca, Pfizer/BioNTech",6962328,6874095,13836423
2022-05-26,"Johnson&Johnson, Moderna, Novavax, Pfizer/BioNTech",6962480,6874320,13836800
2022-05-27,"Johnson&Johnson, Moderna, Novavax, Pfizer/BioNTech",6962746,6874786,13837532
2022-05-28,"Moderna, Novavax, Pfizer/BioNTech",6962783,6874835,13837618
2022-05-29,"Moderna, Novavax, Pfizer/BioNTech",6962792,6874839,13837631
2022-05-30,"Johnson&Johnson, Moderna, Novavax, Pfizer/BioNTech",6962874,6874996,13837870
2022-05-31,"Johnson&Johnson, Moderna, Novavax, Pfizer/BioNTech",6963023,6875192,13838215
2022-06-01,"Johnson&Johnson, Moderna, Novavax, Pfizer/BioNTech",6963146,6875422,13838568
2022-06-02,"Moderna, Novavax, Pfizer/BioNTech",6963273,6875653,13838926
2022-06-03,"Johnson&Johnson, Moderna, Novavax, Pfizer/BioNTech",6963527,6876112,13839639
2022-06-04,"Johnson&Johnson, Moderna, Novavax, Pfizer/BioNTech",6963560,6876152,13839712
2022-06-05,"Moderna, Novavax, Pfizer/BioNTech",6963567,6876158,13839725
2022-06-06,"Johnson&Johnson, Moderna, Novavax, Pfizer/BioNTech",6963650,6876300,13839950
2022-06-07,"Johnson&Johnson, Moderna, Novavax, Pfizer/BioNTech",6963735,6876455,13840190
2022-06-08,"Johnson&Johnson, Moderna, Novavax, Pfizer/BioNTech",6963869,6876703,13840572
2022-06-09,"Johnson&Johnson, Moderna, Novavax, Pfizer/BioNTech",6963963,6876903,13840866
2022-06-10,"Johnson&Johnson, Moderna, Novavax, Pfizer/BioNTech",6964141,6877235,13841376
2022-06-11,"Moderna, Novavax, Pfizer/BioNTech",6964155,6877274,13841429
2022-06-12,"Moderna, Novavax, Pfizer/BioNTech",6964161,6877297,13841458
2022-06-13,"Johnson&Johnson, Moderna, Novavax, Oxford/AstraZeneca, Pfizer/BioNTech",6964211,6877420,13841631
2022-06-14,"Johnson&Johnson, Moderna, Novavax, Pfizer/BioNTech",6964290,6877566,13841856
2022-06-15,"Johnson&Johnson, Moderna, Novavax, Pfizer/BioNTech",6964369,6877755,13842124
2022-06-16,"Johnson&Johnson, Moderna, Novavax, Pfizer/BioNTech",6964439,6877931,13842370
2022-06-17,"Johnson&Johnson, Moderna, Novavax, Pfizer/BioNTech",6964591,6878212,13842803
2022-06-18,"Moderna, Novavax, Pfizer/BioNTech",6964604,6878251,13842855
2022-06-19,"Moderna, Pfizer/BioNTech",6964607,6878259,13842866
2022-06-20,"Johnson&Johnson, Moderna, Novavax, Pfizer/BioNTech",6964667,6878374,13843041
2022-06-21,"Johnson&Johnson, Moderna, Novavax, Pfizer/BioNTech",6964729,6878500,13843229
2022-06-22,"Johnson&Johnson, Moderna, Novavax, Pfizer/BioNTech",6964821,6878665,13843486
