date,vaccine,people_vaccinated,people_fully_vaccinated,total_vaccinations
2020-12-27,Pfizer/BioNTech,1274,0,1274
2020-12-28,Pfizer/BioNTech,3575,0,3575
2020-12-29,Pfizer/BioNTech,7032,0,7032
2020-12-30,Pfizer/BioNTech,10536,0,10536
2020-12-31,Pfizer/BioNTech,11842,0,11842
2021-01-01,"Moderna, Pfizer/BioNTech",12108,0,12108
2021-01-02,Pfizer/BioNTech,13383,0,13383
2021-01-03,Pfizer/BioNTech,14302,0,14302
2021-01-04,"Moderna, Pfizer/BioNTech",17900,0,17900
2021-01-05,"Moderna, Pfizer/BioNTech",22412,0,22412
2021-01-06,Pfizer/BioNTech,28252,0,28252
2021-01-07,"Moderna, Pfizer/BioNTech",36228,0,36228
2021-01-08,Pfizer/BioNTech,46235,0,46235
2021-01-09,"Moderna, Pfizer/BioNTech",48256,1,48257
2021-01-10,Pfizer/BioNTech,50015,3,50018
2021-01-11,Pfizer/BioNTech,59852,5,59857
2021-01-12,Pfizer/BioNTech,73262,7,73269
2021-01-13,Pfizer/BioNTech,86775,7,86782
2021-01-14,"Moderna, Pfizer/BioNTech",101974,9,101983
2021-01-15,"Moderna, Pfizer/BioNTech",115960,9,115969
2021-01-16,"Moderna, Pfizer/BioNTech",119341,12,119353
2021-01-17,"Moderna, Pfizer/BioNTech",121946,650,122596
2021-01-18,"Moderna, Pfizer/BioNTech",134424,2472,136896
2021-01-19,"Moderna, Pfizer/BioNTech",146990,5190,152180
2021-01-20,"Moderna, Pfizer/BioNTech",160632,7838,168470
2021-01-21,"Moderna, Pfizer/BioNTech",176250,9572,185822
2021-01-22,"Moderna, Pfizer/BioNTech",191093,10615,201708
2021-01-23,"Moderna, Pfizer/BioNTech",194391,11489,205880
2021-01-24,"Moderna, Pfizer/BioNTech",196640,12357,208997
2021-01-25,"Moderna, Pfizer/BioNTech",206269,15325,221594
2021-01-26,"Moderna, Pfizer/BioNTech",216800,19300,236100
2021-01-27,"Moderna, Pfizer/BioNTech",225820,23824,249644
2021-01-28,"Moderna, Pfizer/BioNTech",232895,29942,262837
2021-01-29,"Moderna, Pfizer/BioNTech",239090,37835,276925
2021-01-30,"Moderna, Pfizer/BioNTech",239821,38923,278744
2021-01-31,"Moderna, Pfizer/BioNTech",240530,40103,280633
2021-02-01,"Moderna, Pfizer/BioNTech",244494,48036,292530
2021-02-02,"Moderna, Pfizer/BioNTech",248621,58260,306881
2021-02-03,"Moderna, Pfizer/BioNTech",253032,69249,322281
2021-02-04,"Moderna, Pfizer/BioNTech",257922,82204,340126
2021-02-05,"Moderna, Pfizer/BioNTech",263371,92853,356224
2021-02-06,"Moderna, Pfizer/BioNTech",264213,95202,359415
2021-02-07,"Moderna, Pfizer/BioNTech",265060,97690,362750
2021-02-08,"Moderna, Oxford/AstraZeneca, Pfizer/BioNTech",269125,109078,378203
2021-02-09,"Moderna, Oxford/AstraZeneca, Pfizer/BioNTech",274209,120999,395208
2021-02-10,"Moderna, Pfizer/BioNTech",279700,134207,413907
2021-02-11,"Moderna, Oxford/AstraZeneca, Pfizer/BioNTech",286004,150389,436393
2021-02-12,"Moderna, Oxford/AstraZeneca, Pfizer/BioNTech",292749,165079,457828
2021-02-13,"Moderna, Oxford/AstraZeneca, Pfizer/BioNTech",294340,168058,462398
2021-02-14,"Moderna, Oxford/AstraZeneca, Pfizer/BioNTech",295331,169436,464767
2021-02-15,"Moderna, Oxford/AstraZeneca, Pfizer/BioNTech",301722,178770,480492
2021-02-16,"Moderna, Oxford/AstraZeneca, Pfizer/BioNTech",310429,187822,498251
2021-02-17,"Moderna, Oxford/AstraZeneca, Pfizer/BioNTech",320111,196111,516222
2021-02-18,"Moderna, Oxford/AstraZeneca, Pfizer/BioNTech",332413,204152,536565
2021-02-19,"Moderna, Oxford/AstraZeneca, Pfizer/BioNTech",344257,211473,555730
2021-02-20,"Moderna, Oxford/AstraZeneca, Pfizer/BioNTech",346239,212649,558888
2021-02-21,"Moderna, Oxford/AstraZeneca, Pfizer/BioNTech",347351,213664,561015
2021-02-22,"Moderna, Oxford/AstraZeneca, Pfizer/BioNTech",357468,219670,577138
2021-02-23,"Moderna, Oxford/AstraZeneca, Pfizer/BioNTech",370398,226630,597028
2021-02-24,"Moderna, Oxford/AstraZeneca, Pfizer/BioNTech",384259,232650,616909
2021-02-25,"Moderna, Oxford/AstraZeneca, Pfizer/BioNTech",402212,238182,640394
2021-02-26,"Moderna, Oxford/AstraZeneca, Pfizer/BioNTech",418368,243509,661877
2021-02-27,"Moderna, Oxford/AstraZeneca, Pfizer/BioNTech",421369,244059,665428
2021-02-28,"Moderna, Oxford/AstraZeneca, Pfizer/BioNTech",423708,244603,668311
2021-03-01,"Moderna, Oxford/AstraZeneca, Pfizer/BioNTech",443246,248030,691276
2021-03-02,"Moderna, Oxford/AstraZeneca, Pfizer/BioNTech",470449,251566,722015
2021-03-03,"Moderna, Oxford/AstraZeneca, Pfizer/BioNTech",501279,256055,757334
2021-03-04,"Moderna, Oxford/AstraZeneca, Pfizer/BioNTech",534491,260719,795210
2021-03-05,"Johnson&Johnson, Moderna, Oxford/AstraZeneca, Pfizer/BioNTech",563282,266117,829399
2021-03-06,"Johnson&Johnson, Moderna, Oxford/AstraZeneca, Pfizer/BioNTech",575408,266965,842373
2021-03-07,"Johnson&Johnson, Moderna, Oxford/AstraZeneca, Pfizer/BioNTech",586925,267798,854723
2021-03-08,"Johnson&Johnson, Moderna, Oxford/AstraZeneca, Pfizer/BioNTech",616608,272628,889236
2021-03-09,"Johnson&Johnson, Moderna, Oxford/AstraZeneca, Pfizer/BioNTech",652867,278987,931854
2021-03-10,"Moderna, Oxford/AstraZeneca, Pfizer/BioNTech",694127,285922,980049
2021-03-11,"Johnson&Johnson, Moderna, Oxford/AstraZeneca, Pfizer/BioNTech",738913,294271,1033184
2021-03-12,"Johnson&Johnson, Moderna, Oxford/AstraZeneca, Pfizer/BioNTech",777680,302716,1080396
2021-03-13,"Moderna, Oxford/AstraZeneca, Pfizer/BioNTech",794729,304005,1098734
2021-03-14,"Moderna, Oxford/AstraZeneca, Pfizer/BioNTech",806823,305140,1111963
2021-03-15,"Moderna, Oxford/AstraZeneca, Pfizer/BioNTech",835176,313908,1149084
2021-03-16,"Johnson&Johnson, Moderna, Oxford/AstraZeneca, Pfizer/BioNTech",874015,324426,1198441
2021-03-17,"Moderna, Oxford/AstraZeneca, Pfizer/BioNTech",911455,334911,1246366
2021-03-18,"Johnson&Johnson, Moderna, Oxford/AstraZeneca, Pfizer/BioNTech",949389,347305,1296694
2021-03-19,"Moderna, Oxford/AstraZeneca, Pfizer/BioNTech",983828,360893,1344721
2021-03-20,"Johnson&Johnson, Moderna, Oxford/AstraZeneca, Pfizer/BioNTech",998944,362903,1361847
2021-03-21,"Johnson&Johnson, Moderna, Oxford/AstraZeneca, Pfizer/BioNTech",1006335,364444,1370779
2021-03-22,"Johnson&Johnson, Moderna, Oxford/AstraZeneca, Pfizer/BioNTech",1030846,376931,1407777
2021-03-23,"Johnson&Johnson, Moderna, Oxford/AstraZeneca, Pfizer/BioNTech",1057444,390260,1447704
2021-03-24,"Johnson&Johnson, Moderna, Oxford/AstraZeneca, Pfizer/BioNTech",1084267,405964,1490231
2021-03-25,"Moderna, Oxford/AstraZeneca, Pfizer/BioNTech",1110558,423791,1534349
2021-03-26,"Moderna, Oxford/AstraZeneca, Pfizer/BioNTech",1135329,441271,1576600
2021-03-27,"Johnson&Johnson, Moderna, Oxford/AstraZeneca, Pfizer/BioNTech",1143744,446102,1589846
2021-03-28,"Moderna, Oxford/AstraZeneca, Pfizer/BioNTech",1149270,450234,1599504
2021-03-29,"Johnson&Johnson, Moderna, Oxford/AstraZeneca, Pfizer/BioNTech",1168363,470925,1639288
2021-03-30,"Johnson&Johnson, Moderna, Oxford/AstraZeneca, Pfizer/BioNTech",1193039,493082,1686121
2021-03-31,"Johnson&Johnson, Moderna, Oxford/AstraZeneca, Pfizer/BioNTech",1216105,520116,1736221
2021-04-01,"Johnson&Johnson, Moderna, Oxford/AstraZeneca, Pfizer/BioNTech",1241675,552138,1793813
2021-04-02,"Johnson&Johnson, Moderna, Oxford/AstraZeneca, Pfizer/BioNTech",1248564,564916,1813480
2021-04-03,"Johnson&Johnson, Moderna, Oxford/AstraZeneca, Pfizer/BioNTech",1252160,575819,1827979
2021-04-04,"Johnson&Johnson, Moderna, Oxford/AstraZeneca, Pfizer/BioNTech",1254649,584714,1839363
2021-04-05,"Johnson&Johnson, Moderna, Oxford/AstraZeneca, Pfizer/BioNTech",1257018,591884,1848902
2021-04-06,"Johnson&Johnson, Moderna, Oxford/AstraZeneca, Pfizer/BioNTech",1273106,621098,1894204
2021-04-07,"Johnson&Johnson, Moderna, Oxford/AstraZeneca, Pfizer/BioNTech",1296470,643288,1939758
2021-04-08,"Johnson&Johnson, Moderna, Oxford/AstraZeneca, Pfizer/BioNTech",1335103,674277,2009380
2021-04-09,"Johnson&Johnson, Moderna, Oxford/AstraZeneca, Pfizer/BioNTech",1374575,704438,2079013
2021-04-10,"Johnson&Johnson, Moderna, Oxford/AstraZeneca, Pfizer/BioNTech",1390017,719711,2109728
2021-04-11,"Johnson&Johnson, Moderna, Oxford/AstraZeneca, Pfizer/BioNTech",1399764,729726,2129490
2021-04-12,"Johnson&Johnson, Moderna, Oxford/AstraZeneca, Pfizer/BioNTech",1437977,754812,2192789
2021-04-13,"Moderna, Oxford/AstraZeneca, Pfizer/BioNTech",1474176,780806,2254982
2021-04-14,"Moderna, Oxford/AstraZeneca, Pfizer/BioNTech",1512939,808138,2321077
2021-04-15,"Moderna, Oxford/AstraZeneca, Pfizer/BioNTech",1560684,833826,2394510
2021-04-16,"Moderna, Oxford/AstraZeneca, Pfizer/BioNTech",1605287,859426,2464713
2021-04-17,"Moderna, Oxford/AstraZeneca, Pfizer/BioNTech",1621944,868439,2490383
2021-04-18,"Moderna, Oxford/AstraZeneca, Pfizer/BioNTech",1634906,873414,2508320
2021-04-19,"Moderna, Oxford/AstraZeneca, Pfizer/BioNTech",1678877,888847,2567724
2021-04-20,"Johnson&Johnson, Moderna, Oxford/AstraZeneca, Pfizer/BioNTech",1721391,904692,2626083
2021-04-21,"Moderna, Oxford/AstraZeneca, Pfizer/BioNTech",1769084,919011,2688095
2021-04-22,"Johnson&Johnson, Moderna, Oxford/AstraZeneca, Pfizer/BioNTech",1823541,936367,2759908
2021-04-23,"Johnson&Johnson, Moderna, Oxford/AstraZeneca, Pfizer/BioNTech",1873456,948396,2821852
2021-04-24,"Johnson&Johnson, Moderna, Oxford/AstraZeneca, Pfizer/BioNTech",1891264,953625,2844889
2021-04-25,"Johnson&Johnson, Moderna, Oxford/AstraZeneca, Pfizer/BioNTech",1905932,957607,2863539
2021-04-26,"Johnson&Johnson, Moderna, Oxford/AstraZeneca, Pfizer/BioNTech",1955495,965146,2920641
2021-04-27,"Johnson&Johnson, Moderna, Oxford/AstraZeneca, Pfizer/BioNTech",2004447,977339,2981786
2021-04-28,"Johnson&Johnson, Moderna, Oxford/AstraZeneca, Pfizer/BioNTech",2063165,991301,3054466
2021-04-29,"Johnson&Johnson, Moderna, Oxford/AstraZeneca, Pfizer/BioNTech",2128701,1007143,3135844
2021-04-30,"Johnson&Johnson, Moderna, Oxford/AstraZeneca, Pfizer/BioNTech",2190886,1017066,3207952
2021-05-01,"Johnson&Johnson, Moderna, Oxford/AstraZeneca, Pfizer/BioNTech",2210176,1020480,3230656
2021-05-02,"Johnson&Johnson, Moderna, Oxford/AstraZeneca, Pfizer/BioNTech",2229069,1022729,3251798
2021-05-03,"Johnson&Johnson, Moderna, Oxford/AstraZeneca, Pfizer/BioNTech",2296289,1027774,3324063
2021-05-04,"Johnson&Johnson, Moderna, Oxford/AstraZeneca, Pfizer/BioNTech",2362757,1036072,3398829
2021-05-05,"Johnson&Johnson, Moderna, Oxford/AstraZeneca, Pfizer/BioNTech",2435877,1045432,3481309
2021-05-06,"Johnson&Johnson, Moderna, Oxford/AstraZeneca, Pfizer/BioNTech",2516240,1056101,3572341
2021-05-07,"Johnson&Johnson, Moderna, Oxford/AstraZeneca, Pfizer/BioNTech",2593503,1066154,3659657
2021-05-08,"Johnson&Johnson, Moderna, Oxford/AstraZeneca, Pfizer/BioNTech",2622901,1067889,3690790
2021-05-09,"Johnson&Johnson, Moderna, Oxford/AstraZeneca, Pfizer/BioNTech",2647069,1069076,3716145
2021-05-10,"Johnson&Johnson, Moderna, Oxford/AstraZeneca, Pfizer/BioNTech",2719800,1076253,3796053
2021-05-11,"Johnson&Johnson, Moderna, Oxford/AstraZeneca, Pfizer/BioNTech",2795866,1085018,3880884
2021-05-12,"Johnson&Johnson, Moderna, Oxford/AstraZeneca, Pfizer/BioNTech",2875680,1094057,3969737
2021-05-13,"Johnson&Johnson, Moderna, Oxford/AstraZeneca, Pfizer/BioNTech",2959668,1103184,4062852
2021-05-14,"Johnson&Johnson, Moderna, Oxford/AstraZeneca, Pfizer/BioNTech",3039064,1110908,4149972
2021-05-15,"Johnson&Johnson, Moderna, Oxford/AstraZeneca, Pfizer/BioNTech",3070901,1113095,4183996
2021-05-16,"Johnson&Johnson, Moderna, Oxford/AstraZeneca, Pfizer/BioNTech",3096644,1114334,4210978
2021-05-17,"Johnson&Johnson, Moderna, Oxford/AstraZeneca, Pfizer/BioNTech",3169122,1121013,4290135
2021-05-18,"Johnson&Johnson, Moderna, Oxford/AstraZeneca, Pfizer/BioNTech",3241024,1133998,4375022
2021-05-19,"Johnson&Johnson, Moderna, Oxford/AstraZeneca, Pfizer/BioNTech",3318462,1149087,4467549
2021-05-20,"Johnson&Johnson, Moderna, Oxford/AstraZeneca, Pfizer/BioNTech",3393867,1176049,4569916
2021-05-21,"Johnson&Johnson, Moderna, Oxford/AstraZeneca, Pfizer/BioNTech",3462612,1203728,4666340
2021-05-22,"Johnson&Johnson, Moderna, Oxford/AstraZeneca, Pfizer/BioNTech",3494942,1214860,4709802
2021-05-23,"Johnson&Johnson, Moderna, Oxford/AstraZeneca, Pfizer/BioNTech",3517249,1223863,4741112
2021-05-24,"Johnson&Johnson, Moderna, Oxford/AstraZeneca, Pfizer/BioNTech",3564325,1257459,4821784
2021-05-25,"Johnson&Johnson, Moderna, Oxford/AstraZeneca, Pfizer/BioNTech",3616158,1293197,4909355
2021-05-26,"Johnson&Johnson, Moderna, Oxford/AstraZeneca, Pfizer/BioNTech",3683883,1330668,5014551
2021-05-27,"Johnson&Johnson, Moderna, Oxford/AstraZeneca, Pfizer/BioNTech",3745237,1377928,5123165
2021-05-28,"Johnson&Johnson, Moderna, Oxford/AstraZeneca, Pfizer/BioNTech",3806899,1424413,5231312
2021-05-29,"Johnson&Johnson, Moderna, Oxford/AstraZeneca, Pfizer/BioNTech",3836044,1441479,5277523
2021-05-30,"Johnson&Johnson, Moderna, Oxford/AstraZeneca, Pfizer/BioNTech",3858381,1455884,5314265
2021-05-31,"Johnson&Johnson, Moderna, Oxford/AstraZeneca, Pfizer/BioNTech",3914093,1503383,5417476
2021-06-01,"Johnson&Johnson, Moderna, Oxford/AstraZeneca, Pfizer/BioNTech",3973103,1552145,5525248
2021-06-02,"Johnson&Johnson, Moderna, Oxford/AstraZeneca, Pfizer/BioNTech",4035968,1606036,5642004
2021-06-03,"Johnson&Johnson, Moderna, Oxford/AstraZeneca, Pfizer/BioNTech",4094184,1666177,5760361
2021-06-04,"Johnson&Johnson, Moderna, Oxford/AstraZeneca, Pfizer/BioNTech",4157255,1723480,5880735
2021-06-05,"Johnson&Johnson, Moderna, Oxford/AstraZeneca, Pfizer/BioNTech",4191381,1742248,5933629
2021-06-06,"Johnson&Johnson, Moderna, Oxford/AstraZeneca, Pfizer/BioNTech",4218281,1757337,5975618
2021-06-07,"Johnson&Johnson, Moderna, Oxford/AstraZeneca, Pfizer/BioNTech",4281950,1812897,6094847
2021-06-08,"Johnson&Johnson, Moderna, Oxford/AstraZeneca, Pfizer/BioNTech",4345912,1867792,6213704
2021-06-09,"Johnson&Johnson, Moderna, Oxford/AstraZeneca, Pfizer/BioNTech",4405086,1932123,6337209
2021-06-10,"Johnson&Johnson, Moderna, Oxford/AstraZeneca, Pfizer/BioNTech",4458963,2003119,6462082
2021-06-11,"Johnson&Johnson, Moderna, Oxford/AstraZeneca, Pfizer/BioNTech",4511049,2072732,6583781
2021-06-12,"Johnson&Johnson, Moderna, Oxford/AstraZeneca, Pfizer/BioNTech",4543028,2093457,6636485
2021-06-13,"Johnson&Johnson, Moderna, Oxford/AstraZeneca, Pfizer/BioNTech",4567034,2111808,6678842
2021-06-14,"Johnson&Johnson, Moderna, Oxford/AstraZeneca, Pfizer/BioNTech",4610083,2186096,6796179
2021-06-15,"Johnson&Johnson, Moderna, Oxford/AstraZeneca, Pfizer/BioNTech",4654714,2258333,6913047
2021-06-16,"Johnson&Johnson, Moderna, Oxford/AstraZeneca, Pfizer/BioNTech",4697440,2336445,7033885
2021-06-17,"Johnson&Johnson, Moderna, Oxford/AstraZeneca, Pfizer/BioNTech",4736808,2419394,7156202
2021-06-18,"Johnson&Johnson, Moderna, Oxford/AstraZeneca, Pfizer/BioNTech",4779184,2499771,7278955
2021-06-19,"Johnson&Johnson, Moderna, Oxford/AstraZeneca, Pfizer/BioNTech",4800919,2528982,7329901
2021-06-20,"Johnson&Johnson, Moderna, Oxford/AstraZeneca, Pfizer/BioNTech",4818276,2552738,7371014
2021-06-21,"Johnson&Johnson, Moderna, Oxford/AstraZeneca, Pfizer/BioNTech",4850782,2631206,7481988
2021-06-22,"Johnson&Johnson, Moderna, Oxford/AstraZeneca, Pfizer/BioNTech",4883736,2713354,7597090
2021-06-23,"Johnson&Johnson, Moderna, Oxford/AstraZeneca, Pfizer/BioNTech",4915381,2798470,7713851
2021-06-24,"Johnson&Johnson, Moderna, Oxford/AstraZeneca, Pfizer/BioNTech",4945214,2888398,7833612
2021-06-25,"Johnson&Johnson, Moderna, Oxford/AstraZeneca, Pfizer/BioNTech",4976250,2974407,7950657
2021-06-26,"Johnson&Johnson, Moderna, Oxford/AstraZeneca, Pfizer/BioNTech",4992100,3009136,8001236
2021-06-27,"Johnson&Johnson, Moderna, Oxford/AstraZeneca, Pfizer/BioNTech",5006039,3035720,8041759
2021-06-28,"Johnson&Johnson, Moderna, Oxford/AstraZeneca, Pfizer/BioNTech",5034457,3120803,8155260
2021-06-29,"Johnson&Johnson, Moderna, Oxford/AstraZeneca, Pfizer/BioNTech",5063706,3207179,8270885
2021-06-30,"Johnson&Johnson, Moderna, Oxford/AstraZeneca, Pfizer/BioNTech",5091205,3298020,8389225
2021-07-01,"Johnson&Johnson, Moderna, Oxford/AstraZeneca, Pfizer/BioNTech",5115149,3387932,8503081
2021-07-02,"Johnson&Johnson, Moderna, Oxford/AstraZeneca, Pfizer/BioNTech",5141869,3473632,8615501
2021-07-03,"Johnson&Johnson, Moderna, Oxford/AstraZeneca, Pfizer/BioNTech",5148938,3505076,8654014
2021-07-04,"Johnson&Johnson, Moderna, Oxford/AstraZeneca, Pfizer/BioNTech",5156480,3526832,8683312
2021-07-05,"Johnson&Johnson, Moderna, Oxford/AstraZeneca, Pfizer/BioNTech",5163824,3552141,8715965
2021-07-06,"Johnson&Johnson, Moderna, Oxford/AstraZeneca, Pfizer/BioNTech",5169215,3579707,8748922
2021-07-07,"Johnson&Johnson, Moderna, Oxford/AstraZeneca, Pfizer/BioNTech",5194997,3658566,8853563
2021-07-08,"Johnson&Johnson, Moderna, Oxford/AstraZeneca, Pfizer/BioNTech",5221577,3728779,8950356
2021-07-09,"Johnson&Johnson, Moderna, Oxford/AstraZeneca, Pfizer/BioNTech",5249478,3797929,9047407
2021-07-10,"Johnson&Johnson, Moderna, Oxford/AstraZeneca, Pfizer/BioNTech",5258812,3826488,9085300
2021-07-11,"Johnson&Johnson, Moderna, Oxford/AstraZeneca, Pfizer/BioNTech",5267328,3849330,9116658
2021-07-12,"Johnson&Johnson, Moderna, Oxford/AstraZeneca, Pfizer/BioNTech",5294856,3918336,9213192
2021-07-13,"Johnson&Johnson, Moderna, Oxford/AstraZeneca, Pfizer/BioNTech",5321048,3988111,9309159
2021-07-14,"Johnson&Johnson, Moderna, Oxford/AstraZeneca, Pfizer/BioNTech",5346884,4059997,9406881
2021-07-15,"Johnson&Johnson, Moderna, Oxford/AstraZeneca, Pfizer/BioNTech",5376082,4125906,9501988
2021-07-16,"Johnson&Johnson, Moderna, Oxford/AstraZeneca, Pfizer/BioNTech",5404010,4198505,9602515
2021-07-17,"Johnson&Johnson, Moderna, Oxford/AstraZeneca, Pfizer/BioNTech",5412760,4229882,9642642
2021-07-18,"Johnson&Johnson, Moderna, Oxford/AstraZeneca, Pfizer/BioNTech",5421194,4255842,9677036
2021-07-19,"Johnson&Johnson, Moderna, Oxford/AstraZeneca, Pfizer/BioNTech",5444531,4322775,9767306
2021-07-20,"Johnson&Johnson, Moderna, Oxford/AstraZeneca, Pfizer/BioNTech",5465910,4389722,9855632
2021-07-21,"Johnson&Johnson, Moderna, Oxford/AstraZeneca, Pfizer/BioNTech",5489347,4453071,9942418
2021-07-22,"Johnson&Johnson, Moderna, Oxford/AstraZeneca, Pfizer/BioNTech",5511682,4511591,10023273
2021-07-23,"Johnson&Johnson, Moderna, Oxford/AstraZeneca, Pfizer/BioNTech",5534849,4566220,10101069
2021-07-24,"Johnson&Johnson, Moderna, Oxford/AstraZeneca, Pfizer/BioNTech",5542145,4593818,10135963
2021-07-25,"Johnson&Johnson, Moderna, Oxford/AstraZeneca, Pfizer/BioNTech",5548743,4615851,10164594
2021-07-26,"Johnson&Johnson, Moderna, Oxford/AstraZeneca, Pfizer/BioNTech",5572242,4664407,10236649
2021-07-27,"Johnson&Johnson, Moderna, Oxford/AstraZeneca, Pfizer/BioNTech",5594941,4710934,10305875
2021-07-28,"Johnson&Johnson, Moderna, Oxford/AstraZeneca, Pfizer/BioNTech",5616160,4756804,10372964
2021-07-29,"Johnson&Johnson, Moderna, Oxford/AstraZeneca, Pfizer/BioNTech",5637439,4798643,10436082
2021-07-30,"Johnson&Johnson, Moderna, Oxford/AstraZeneca, Pfizer/BioNTech",5660697,4841092,10501789
2021-07-31,"Johnson&Johnson, Moderna, Oxford/AstraZeneca, Pfizer/BioNTech",5669613,4860580,10530193
2021-08-01,"Johnson&Johnson, Moderna, Oxford/AstraZeneca, Pfizer/BioNTech",5676321,4876704,10553025
2021-08-02,"Johnson&Johnson, Moderna, Oxford/AstraZeneca, Pfizer/BioNTech",5694915,4914169,10609084
2021-08-03,"Johnson&Johnson, Moderna, Oxford/AstraZeneca, Pfizer/BioNTech",5712521,4952186,10664707
2021-08-04,"Johnson&Johnson, Moderna, Oxford/AstraZeneca, Pfizer/BioNTech",5728582,4988829,10717411
2021-08-05,"Johnson&Johnson, Moderna, Oxford/AstraZeneca, Pfizer/BioNTech",5744573,5029202,10773775
2021-08-06,"Johnson&Johnson, Moderna, Oxford/AstraZeneca, Pfizer/BioNTech",5761323,5072372,10833695
2021-08-07,"Johnson&Johnson, Moderna, Oxford/AstraZeneca, Pfizer/BioNTech",5766895,5090488,10857383
2021-08-08,"Johnson&Johnson, Moderna, Oxford/AstraZeneca, Pfizer/BioNTech",5771240,5106204,10877444
2021-08-09,"Johnson&Johnson, Moderna, Oxford/AstraZeneca, Pfizer/BioNTech",5783859,5151187,10935046
2021-08-10,"Johnson&Johnson, Moderna, Oxford/AstraZeneca, Pfizer/BioNTech",5795661,5190675,10986336
2021-08-11,"Johnson&Johnson, Moderna, Oxford/AstraZeneca, Pfizer/BioNTech",5806997,5233737,11040734
2021-08-12,"Johnson&Johnson, Moderna, Oxford/AstraZeneca, Pfizer/BioNTech",5818387,5270732,11089119
2021-08-13,"Johnson&Johnson, Moderna, Oxford/AstraZeneca, Pfizer/BioNTech",5829057,5310968,11140025
2021-08-14,"Johnson&Johnson, Moderna, Oxford/AstraZeneca, Pfizer/BioNTech",5832393,5321631,11154024
2021-08-15,"Johnson&Johnson, Moderna, Oxford/AstraZeneca, Pfizer/BioNTech",5834968,5331981,11166949
2021-08-16,"Johnson&Johnson, Moderna, Oxford/AstraZeneca, Pfizer/BioNTech",5844734,5365970,11210704
2021-08-17,"Johnson&Johnson, Moderna, Oxford/AstraZeneca, Pfizer/BioNTech",5854293,5392999,11247292
2021-08-18,"Johnson&Johnson, Moderna, Oxford/AstraZeneca, Pfizer/BioNTech",5863644,5431795,11295439
2021-08-19,"Johnson&Johnson, Moderna, Oxford/AstraZeneca, Pfizer/BioNTech",5873266,5470075,11343341
2021-08-20,"Johnson&Johnson, Moderna, Oxford/AstraZeneca, Pfizer/BioNTech",5884589,5510194,11394783
2021-08-21,"Johnson&Johnson, Moderna, Oxford/AstraZeneca, Pfizer/BioNTech",5887291,5522922,11410213
2021-08-22,"Johnson&Johnson, Moderna, Oxford/AstraZeneca, Pfizer/BioNTech",5889629,5534864,11424493
2021-08-23,"Johnson&Johnson, Moderna, Oxford/AstraZeneca, Pfizer/BioNTech",5900124,5574037,11474161
2021-08-24,"Johnson&Johnson, Moderna, Oxford/AstraZeneca, Pfizer/BioNTech",5909966,5607219,11517185
2021-08-25,"Johnson&Johnson, Moderna, Oxford/AstraZeneca, Pfizer/BioNTech",5918793,5635514,11554307
2021-08-26,"Johnson&Johnson, Moderna, Oxford/AstraZeneca, Pfizer/BioNTech",5927204,5661566,11588770
2021-08-27,"Johnson&Johnson, Moderna, Oxford/AstraZeneca, Pfizer/BioNTech",5937503,5687449,11624952
2021-08-28,"Johnson&Johnson, Moderna, Oxford/AstraZeneca, Pfizer/BioNTech",5940214,5694462,11634676
2021-08-29,"Johnson&Johnson, Moderna, Oxford/AstraZeneca, Pfizer/BioNTech",5942616,5701073,11643689
2021-08-30,"Johnson&Johnson, Moderna, Oxford/AstraZeneca, Pfizer/BioNTech",5951107,5722879,11673986
2021-08-31,"Johnson&Johnson, Moderna, Oxford/AstraZeneca, Pfizer/BioNTech",5958736,5740905,11699641
2021-09-01,"Johnson&Johnson, Moderna, Oxford/AstraZeneca, Pfizer/BioNTech",5964585,5754837,11719422
2021-09-02,"Johnson&Johnson, Moderna, Oxford/AstraZeneca, Pfizer/BioNTech",5971343,5769164,11740507
2021-09-03,"Johnson&Johnson, Moderna, Oxford/AstraZeneca, Pfizer/BioNTech",5980773,5784793,11765566
2021-09-04,"Johnson&Johnson, Moderna, Oxford/AstraZeneca, Pfizer/BioNTech",5982822,5788321,11771143
2021-09-05,"Johnson&Johnson, Moderna, Oxford/AstraZeneca, Pfizer/BioNTech",5984848,5791146,11775994
2021-09-06,"Johnson&Johnson, Moderna, Oxford/AstraZeneca, Pfizer/BioNTech",5990977,5803617,11794594
2021-09-07,"Johnson&Johnson, Moderna, Oxford/AstraZeneca, Pfizer/BioNTech",5995313,5814664,11809977
2021-09-08,"Johnson&Johnson, Moderna, Oxford/AstraZeneca, Pfizer/BioNTech",6000899,5824466,11825365
2021-09-09,"Johnson&Johnson, Moderna, Oxford/AstraZeneca, Pfizer/BioNTech",6007513,5834497,11842010
2021-09-10,"Johnson&Johnson, Moderna, Oxford/AstraZeneca, Pfizer/BioNTech",6015108,5846635,11861743
2021-09-11,"Johnson&Johnson, Moderna, Pfizer/BioNTech",6016964,5849098,11866062
2021-09-12,"Johnson&Johnson, Moderna, Oxford/AstraZeneca, Pfizer/BioNTech",6018068,5850713,11868781
2021-09-13,"Johnson&Johnson, Moderna, Oxford/AstraZeneca, Pfizer/BioNTech",6023436,5860953,11884389
2021-09-14,"Johnson&Johnson, Moderna, Oxford/AstraZeneca, Pfizer/BioNTech",6028711,5869892,11898603
2021-09-15,"Johnson&Johnson, Moderna, Oxford/AstraZeneca, Pfizer/BioNTech",6033811,5878342,11912153
2021-09-16,"Johnson&Johnson, Moderna, Oxford/AstraZeneca, Pfizer/BioNTech",6038991,5886560,11925551
2021-09-17,"Johnson&Johnson, Moderna, Oxford/AstraZeneca, Pfizer/BioNTech",6045388,5896643,11942031
2021-09-18,"Johnson&Johnson, Moderna, Pfizer/BioNTech",6047101,5898973,11946074
2021-09-19,"Johnson&Johnson, Moderna, Oxford/AstraZeneca, Pfizer/BioNTech",6048037,5900531,11948568
2021-09-20,"Johnson&Johnson, Moderna, Oxford/AstraZeneca, Pfizer/BioNTech",6051891,5908619,11960510
2021-09-21,"Johnson&Johnson, Moderna, Oxford/AstraZeneca, Pfizer/BioNTech",6055909,5916095,11972004
2021-09-22,"Johnson&Johnson, Moderna, Oxford/AstraZeneca, Pfizer/BioNTech",6059940,5921537,11981477
2021-09-23,"Johnson&Johnson, Moderna, Oxford/AstraZeneca, Pfizer/BioNTech",6064836,5927902,11992738
2021-09-24,"Johnson&Johnson, Moderna, Oxford/AstraZeneca, Pfizer/BioNTech",6070399,5937367,12007766
2021-09-25,"Johnson&Johnson, Moderna, Oxford/AstraZeneca, Pfizer/BioNTech",6071849,5939318,12011167
2021-09-26,"Johnson&Johnson, Moderna, Pfizer/BioNTech",6072583,5940932,12013515
2021-09-27,"Johnson&Johnson, Moderna, Oxford/AstraZeneca, Pfizer/BioNTech",6076348,5947358,12023706
2021-09-28,"Johnson&Johnson, Moderna, Pfizer/BioNTech",6076665,5947942,12024607
2021-09-29,"Johnson&Johnson, Moderna, Oxford/AstraZeneca, Pfizer/BioNTech",6080320,5955268,12035588
2021-09-30,"Johnson&Johnson, Moderna, Oxford/AstraZeneca, Pfizer/BioNTech",6084615,5962842,12047457
2021-10-01,"Johnson&Johnson, Moderna, Oxford/AstraZeneca, Pfizer/BioNTech",6088609,5970628,12059237
2021-10-02,"Johnson&Johnson, Moderna, Pfizer/BioNTech",6089648,5972153,12061801
2021-10-03,"Johnson&Johnson, Moderna, Pfizer/BioNTech",6090345,5973010,12063355
2021-10-04,"Johnson&Johnson, Moderna, Oxford/AstraZeneca, Pfizer/BioNTech",6093263,5978460,12071723
2021-10-05,"Johnson&Johnson, Moderna, Oxford/AstraZeneca, Pfizer/BioNTech",6096122,5983317,12079439
2021-10-06,"Johnson&Johnson, Moderna, Oxford/AstraZeneca, Pfizer/BioNTech",6099447,5988301,12087748
2021-10-07,"Johnson&Johnson, Moderna, Oxford/AstraZeneca, Pfizer/BioNTech",6102521,5993381,12095902
2021-10-08,"Johnson&Johnson, Moderna, Oxford/AstraZeneca, Pfizer/BioNTech",6107133,5999855,12106988
2021-10-09,"Johnson&Johnson, Moderna, Pfizer/BioNTech",6108346,6001474,12109820
2021-10-10,"Johnson&Johnson, Moderna, Pfizer/BioNTech",6109255,6002295,12111550
2021-10-11,"Johnson&Johnson, Moderna, Oxford/AstraZeneca, Pfizer/BioNTech",6112007,6006506,12118513
2021-10-12,"Johnson&Johnson, Moderna, Oxford/AstraZeneca, Pfizer/BioNTech",6114333,6009909,12124242
