date,vaccine,people_vaccinated,people_fully_vaccinated,total_vaccinations
2020-12-27,Pfizer/BioNTech,1285,0,1285
2020-12-28,Pfizer/BioNTech,3592,0,3592
2020-12-29,Pfizer/BioNTech,7062,1,7063
2020-12-30,Pfizer/BioNTech,10582,1,10583
2020-12-31,Pfizer/BioNTech,11894,1,11895
2021-01-01,"Moderna, Pfizer/BioNTech",12164,1,12165
2021-01-02,Pfizer/BioNTech,13445,1,13446
2021-01-03,"Moderna, Pfizer/BioNTech",14369,1,14370
2021-01-04,"Moderna, Pfizer/BioNTech",17983,1,17984
2021-01-05,"Moderna, Pfizer/BioNTech",22509,3,22512
2021-01-06,"Moderna, Pfizer/BioNTech",28360,4,28364
2021-01-07,"Moderna, Pfizer/BioNTech",36360,4,36364
2021-01-08,"Moderna, Pfizer/BioNTech",46412,5,46417
2021-01-09,"Moderna, Pfizer/BioNTech",48441,6,48447
2021-01-10,Pfizer/BioNTech,50211,7,50218
2021-01-11,"Moderna, Pfizer/BioNTech",60069,9,60078
2021-01-12,"Moderna, Pfizer/BioNTech",73529,11,73540
2021-01-13,"Moderna, Pfizer/BioNTech",87076,11,87087
2021-01-14,"Moderna, Pfizer/BioNTech",102327,15,102342
2021-01-15,"Moderna, Pfizer/BioNTech",116350,16,116366
2021-01-16,"Moderna, Pfizer/BioNTech",119753,20,119773
2021-01-17,"Moderna, Pfizer/BioNTech",122375,656,123031
2021-01-18,"Moderna, Pfizer/BioNTech",134867,2483,137350
2021-01-19,"Moderna, Pfizer/BioNTech",147477,5210,152687
2021-01-20,"Moderna, Pfizer/BioNTech",161167,7873,169040
2021-01-21,"Moderna, Pfizer/BioNTech",176821,9619,186440
2021-01-22,"Moderna, Pfizer/BioNTech",191714,10665,202379
2021-01-23,"Moderna, Pfizer/BioNTech",195035,11546,206581
2021-01-24,"Moderna, Pfizer/BioNTech",197290,12415,209705
2021-01-25,"Moderna, Pfizer/BioNTech",206942,15389,222331
2021-01-26,"Moderna, Pfizer/BioNTech",217490,19384,236874
2021-01-27,"Moderna, Pfizer/BioNTech",226521,23921,250442
2021-01-28,"Moderna, Pfizer/BioNTech",233624,30057,263681
2021-01-29,"Moderna, Pfizer/BioNTech",239841,37969,277810
2021-01-30,"Moderna, Pfizer/BioNTech",240582,39057,279639
2021-01-31,"Moderna, Pfizer/BioNTech",241297,40239,281536
2021-02-01,"Moderna, Pfizer/BioNTech",245278,48206,293484
2021-02-02,"Moderna, Pfizer/BioNTech",249429,58447,307876
2021-02-03,"Moderna, Pfizer/BioNTech",253854,69467,323321
2021-02-04,"Moderna, Pfizer/BioNTech",258759,82460,341219
2021-02-05,"Moderna, Pfizer/BioNTech",264228,93134,357362
2021-02-06,"Moderna, Oxford/AstraZeneca, Pfizer/BioNTech",265080,95502,360582
2021-02-07,"Moderna, Oxford/AstraZeneca, Pfizer/BioNTech",265932,98002,363934
2021-02-08,"Moderna, Oxford/AstraZeneca, Pfizer/BioNTech",270020,109436,379456
2021-02-09,"Moderna, Oxford/AstraZeneca, Pfizer/BioNTech",275123,121351,396474
2021-02-10,"Moderna, Oxford/AstraZeneca, Pfizer/BioNTech",280636,134612,415248
2021-02-11,"Moderna, Oxford/AstraZeneca, Pfizer/BioNTech",286975,150834,437809
2021-02-12,"Moderna, Oxford/AstraZeneca, Pfizer/BioNTech",293802,165579,459381
2021-02-13,"Moderna, Oxford/AstraZeneca, Pfizer/BioNTech",295415,168568,463983
2021-02-14,"Moderna, Oxford/AstraZeneca, Pfizer/BioNTech",296419,169954,466373
2021-02-15,"Moderna, Oxford/AstraZeneca, Pfizer/BioNTech",302818,179325,482143
2021-02-16,"Moderna, Oxford/AstraZeneca, Pfizer/BioNTech",311540,188410,499950
2021-02-17,"Moderna, Oxford/AstraZeneca, Pfizer/BioNTech",321241,196717,517958
2021-02-18,"Moderna, Oxford/AstraZeneca, Pfizer/BioNTech",333571,204801,538372
2021-02-19,"Moderna, Oxford/AstraZeneca, Pfizer/BioNTech",345434,212179,557613
2021-02-20,"Moderna, Oxford/AstraZeneca, Pfizer/BioNTech",347437,213365,560802
2021-02-21,"Moderna, Oxford/AstraZeneca, Pfizer/BioNTech",348572,214389,562961
2021-02-22,"Moderna, Oxford/AstraZeneca, Pfizer/BioNTech",358699,220424,579123
2021-02-23,"Moderna, Oxford/AstraZeneca, Pfizer/BioNTech",371661,227416,599077
2021-02-24,"Moderna, Oxford/AstraZeneca, Pfizer/BioNTech",385537,233456,618993
2021-02-25,"Moderna, Oxford/AstraZeneca, Pfizer/BioNTech",403514,239008,642522
2021-02-26,"Moderna, Oxford/AstraZeneca, Pfizer/BioNTech",419690,244364,664054
2021-02-27,"Moderna, Oxford/AstraZeneca, Pfizer/BioNTech",422699,244923,667622
2021-02-28,"Moderna, Oxford/AstraZeneca, Pfizer/BioNTech",425054,245475,670529
2021-03-01,"Moderna, Oxford/AstraZeneca, Pfizer/BioNTech",444650,248927,693577
2021-03-02,"Moderna, Oxford/AstraZeneca, Pfizer/BioNTech",471880,252475,724355
2021-03-03,"Moderna, Oxford/AstraZeneca, Pfizer/BioNTech",502833,256980,759813
2021-03-04,"Moderna, Oxford/AstraZeneca, Pfizer/BioNTech",536121,261669,797790
2021-03-05,"Johnson&Johnson, Moderna, Oxford/AstraZeneca, Pfizer/BioNTech",564966,267094,832060
2021-03-06,"Johnson&Johnson, Moderna, Oxford/AstraZeneca, Pfizer/BioNTech",577119,267956,845075
2021-03-07,"Johnson&Johnson, Moderna, Oxford/AstraZeneca, Pfizer/BioNTech",588664,268798,857462
2021-03-08,"Johnson&Johnson, Moderna, Oxford/AstraZeneca, Pfizer/BioNTech",618417,273655,892072
2021-03-09,"Johnson&Johnson, Moderna, Oxford/AstraZeneca, Pfizer/BioNTech",654781,280041,934822
2021-03-10,"Johnson&Johnson, Moderna, Oxford/AstraZeneca, Pfizer/BioNTech",696105,287000,983105
2021-03-11,"Johnson&Johnson, Moderna, Oxford/AstraZeneca, Pfizer/BioNTech",740950,295373,1036323
2021-03-12,"Johnson&Johnson, Moderna, Oxford/AstraZeneca, Pfizer/BioNTech",779721,303869,1083590
2021-03-13,"Johnson&Johnson, Moderna, Oxford/AstraZeneca, Pfizer/BioNTech",796819,305181,1102000
2021-03-14,"Johnson&Johnson, Moderna, Oxford/AstraZeneca, Pfizer/BioNTech",808938,306336,1115274
2021-03-15,"Johnson&Johnson, Moderna, Oxford/AstraZeneca, Pfizer/BioNTech",837329,315117,1152446
2021-03-16,"Johnson&Johnson, Moderna, Oxford/AstraZeneca, Pfizer/BioNTech",876222,325656,1201878
2021-03-17,"Moderna, Oxford/AstraZeneca, Pfizer/BioNTech",913712,336166,1249878
2021-03-18,"Johnson&Johnson, Moderna, Oxford/AstraZeneca, Pfizer/BioNTech",951719,348587,1300306
2021-03-19,"Moderna, Oxford/AstraZeneca, Pfizer/BioNTech",986226,362199,1348425
2021-03-20,"Johnson&Johnson, Moderna, Oxford/AstraZeneca, Pfizer/BioNTech",1001396,364230,1365626
2021-03-21,"Johnson&Johnson, Moderna, Oxford/AstraZeneca, Pfizer/BioNTech",1008830,365790,1374620
2021-03-22,"Johnson&Johnson, Moderna, Oxford/AstraZeneca, Pfizer/BioNTech",1033414,378294,1411708
2021-03-23,"Johnson&Johnson, Moderna, Oxford/AstraZeneca, Pfizer/BioNTech",1060083,391655,1451738
2021-03-24,"Johnson&Johnson, Moderna, Oxford/AstraZeneca, Pfizer/BioNTech",1086964,407400,1494364
2021-03-25,"Moderna, Oxford/AstraZeneca, Pfizer/BioNTech",1113318,425253,1538571
2021-03-26,"Johnson&Johnson, Moderna, Oxford/AstraZeneca, Pfizer/BioNTech",1138154,442760,1580914
2021-03-27,"Johnson&Johnson, Moderna, Oxford/AstraZeneca, Pfizer/BioNTech",1146605,447607,1594212
2021-03-28,"Moderna, Oxford/AstraZeneca, Pfizer/BioNTech",1152152,451754,1603906
2021-03-29,"Johnson&Johnson, Moderna, Oxford/AstraZeneca, Pfizer/BioNTech",1171298,472492,1643790
2021-03-30,"Johnson&Johnson, Moderna, Oxford/AstraZeneca, Pfizer/BioNTech",1195997,494677,1690674
2021-03-31,"Johnson&Johnson, Moderna, Oxford/AstraZeneca, Pfizer/BioNTech",1219142,521746,1740888
2021-04-01,"Johnson&Johnson, Moderna, Oxford/AstraZeneca, Pfizer/BioNTech",1244810,553807,1798617
2021-04-02,"Johnson&Johnson, Moderna, Oxford/AstraZeneca, Pfizer/BioNTech",1251764,566601,1818365
2021-04-03,"Johnson&Johnson, Moderna, Oxford/AstraZeneca, Pfizer/BioNTech",1255405,577530,1832935
2021-04-04,"Johnson&Johnson, Moderna, Oxford/AstraZeneca, Pfizer/BioNTech",1257936,586454,1844390
2021-04-05,"Johnson&Johnson, Moderna, Oxford/AstraZeneca, Pfizer/BioNTech",1260355,593652,1854007
2021-04-06,"Johnson&Johnson, Moderna, Oxford/AstraZeneca, Pfizer/BioNTech",1276547,622921,1899468
2021-04-07,"Johnson&Johnson, Moderna, Oxford/AstraZeneca, Pfizer/BioNTech",1300017,645158,1945175
2021-04-08,"Johnson&Johnson, Moderna, Oxford/AstraZeneca, Pfizer/BioNTech",1338800,676195,2014995
2021-04-09,"Johnson&Johnson, Moderna, Oxford/AstraZeneca, Pfizer/BioNTech",1378387,706386,2084773
2021-04-10,"Johnson&Johnson, Moderna, Oxford/AstraZeneca, Pfizer/BioNTech",1393930,721689,2115619
2021-04-11,"Johnson&Johnson, Moderna, Oxford/AstraZeneca, Pfizer/BioNTech",1403729,731743,2135472
2021-04-12,"Johnson&Johnson, Moderna, Oxford/AstraZeneca, Pfizer/BioNTech",1442044,756888,2198932
2021-04-13,"Moderna, Oxford/AstraZeneca, Pfizer/BioNTech",1478337,782931,2261268
2021-04-14,"Moderna, Oxford/AstraZeneca, Pfizer/BioNTech",1517206,810301,2327507
2021-04-15,"Moderna, Oxford/AstraZeneca, Pfizer/BioNTech",1565028,836074,2401102
2021-04-16,"Moderna, Oxford/AstraZeneca, Pfizer/BioNTech",1609724,861747,2471471
2021-04-17,"Moderna, Oxford/AstraZeneca, Pfizer/BioNTech",1626431,870775,2497206
2021-04-18,"Moderna, Oxford/AstraZeneca, Pfizer/BioNTech",1639426,875761,2515187
2021-04-19,"Moderna, Oxford/AstraZeneca, Pfizer/BioNTech",1683394,891204,2574598
2021-04-20,"Johnson&Johnson, Moderna, Oxford/AstraZeneca, Pfizer/BioNTech",1725984,907078,2633062
2021-04-21,"Moderna, Oxford/AstraZeneca, Pfizer/BioNTech",1773753,921437,2695190
2021-04-22,"Johnson&Johnson, Moderna, Oxford/AstraZeneca, Pfizer/BioNTech",1828271,938833,2767104
2021-04-23,"Johnson&Johnson, Moderna, Oxford/AstraZeneca, Pfizer/BioNTech",1878271,950894,2829165
2021-04-24,"Johnson&Johnson, Moderna, Oxford/AstraZeneca, Pfizer/BioNTech",1896135,956153,2852288
2021-04-25,"Johnson&Johnson, Moderna, Oxford/AstraZeneca, Pfizer/BioNTech",1910840,960152,2870992
2021-04-26,"Johnson&Johnson, Moderna, Oxford/AstraZeneca, Pfizer/BioNTech",1960451,967710,2928161
2021-04-27,"Johnson&Johnson, Moderna, Oxford/AstraZeneca, Pfizer/BioNTech",2009445,979953,2989398
2021-04-28,"Johnson&Johnson, Moderna, Oxford/AstraZeneca, Pfizer/BioNTech",2068231,993969,3062200
2021-04-29,"Johnson&Johnson, Moderna, Oxford/AstraZeneca, Pfizer/BioNTech",2133836,1009881,3143717
2021-04-30,"Johnson&Johnson, Moderna, Oxford/AstraZeneca, Pfizer/BioNTech",2196119,1019868,3215987
2021-05-01,"Johnson&Johnson, Moderna, Oxford/AstraZeneca, Pfizer/BioNTech",2215487,1023324,3238811
2021-05-02,"Johnson&Johnson, Moderna, Oxford/AstraZeneca, Pfizer/BioNTech",2234431,1025607,3260038
2021-05-03,"Johnson&Johnson, Moderna, Oxford/AstraZeneca, Pfizer/BioNTech",2301711,1030681,3332392
2021-05-04,"Johnson&Johnson, Moderna, Oxford/AstraZeneca, Pfizer/BioNTech",2368258,1039041,3407299
2021-05-05,"Johnson&Johnson, Moderna, Oxford/AstraZeneca, Pfizer/BioNTech",2441467,1048468,3489935
2021-05-06,"Johnson&Johnson, Moderna, Oxford/AstraZeneca, Pfizer/BioNTech",2521906,1059209,3581115
2021-05-07,"Johnson&Johnson, Moderna, Oxford/AstraZeneca, Pfizer/BioNTech",2599237,1069338,3668575
2021-05-08,"Johnson&Johnson, Moderna, Oxford/AstraZeneca, Pfizer/BioNTech",2628736,1071119,3699855
2021-05-09,"Johnson&Johnson, Moderna, Oxford/AstraZeneca, Pfizer/BioNTech",2652976,1072336,3725312
2021-05-10,"Johnson&Johnson, Moderna, Oxford/AstraZeneca, Pfizer/BioNTech",2725785,1079572,3805357
2021-05-11,"Johnson&Johnson, Moderna, Oxford/AstraZeneca, Pfizer/BioNTech",2801927,1088398,3890325
2021-05-12,"Johnson&Johnson, Moderna, Oxford/AstraZeneca, Pfizer/BioNTech",2881857,1097528,3979385
2021-05-13,"Johnson&Johnson, Moderna, Oxford/AstraZeneca, Pfizer/BioNTech",2965906,1106702,4072608
2021-05-14,"Johnson&Johnson, Moderna, Oxford/AstraZeneca, Pfizer/BioNTech",3045425,1114512,4159937
2021-05-15,"Johnson&Johnson, Moderna, Oxford/AstraZeneca, Pfizer/BioNTech",3077373,1116780,4194153
2021-05-16,"Johnson&Johnson, Moderna, Oxford/AstraZeneca, Pfizer/BioNTech",3103187,1118057,4221244
2021-05-17,"Johnson&Johnson, Moderna, Oxford/AstraZeneca, Pfizer/BioNTech",3175740,1124800,4300540
2021-05-18,"Johnson&Johnson, Moderna, Oxford/AstraZeneca, Pfizer/BioNTech",3247715,1137904,4385619
2021-05-19,"Johnson&Johnson, Moderna, Oxford/AstraZeneca, Pfizer/BioNTech",3325204,1153068,4478272
2021-05-20,"Johnson&Johnson, Moderna, Oxford/AstraZeneca, Pfizer/BioNTech",3400706,1180127,4580833
2021-05-21,"Johnson&Johnson, Moderna, Oxford/AstraZeneca, Pfizer/BioNTech",3469539,1207917,4677456
2021-05-22,"Johnson&Johnson, Moderna, Oxford/AstraZeneca, Pfizer/BioNTech",3501981,1219141,4721122
2021-05-23,"Johnson&Johnson, Moderna, Oxford/AstraZeneca, Pfizer/BioNTech",3524404,1228185,4752589
2021-05-24,"Johnson&Johnson, Moderna, Oxford/AstraZeneca, Pfizer/BioNTech",3571579,1261860,4833439
2021-05-25,"Johnson&Johnson, Moderna, Oxford/AstraZeneca, Pfizer/BioNTech",3623476,1297695,4921171
2021-05-26,"Johnson&Johnson, Moderna, Oxford/AstraZeneca, Pfizer/BioNTech",3691265,1335246,5026511
2021-05-27,"Johnson&Johnson, Moderna, Oxford/AstraZeneca, Pfizer/BioNTech",3752700,1382605,5135305
2021-05-28,"Johnson&Johnson, Moderna, Oxford/AstraZeneca, Pfizer/BioNTech",3814445,1429200,5243645
2021-05-29,"Johnson&Johnson, Moderna, Oxford/AstraZeneca, Pfizer/BioNTech",3843687,1446320,5290007
2021-05-30,"Johnson&Johnson, Moderna, Oxford/AstraZeneca, Pfizer/BioNTech",3866095,1460778,5326873
2021-05-31,"Johnson&Johnson, Moderna, Oxford/AstraZeneca, Pfizer/BioNTech",3921856,1508309,5430165
2021-06-01,"Johnson&Johnson, Moderna, Oxford/AstraZeneca, Pfizer/BioNTech",3980936,1557186,5538122
2021-06-02,"Johnson&Johnson, Moderna, Oxford/AstraZeneca, Pfizer/BioNTech",4043896,1611201,5655097
2021-06-03,"Johnson&Johnson, Moderna, Oxford/AstraZeneca, Pfizer/BioNTech",4102170,1671434,5773604
2021-06-04,"Johnson&Johnson, Moderna, Oxford/AstraZeneca, Pfizer/BioNTech",4165299,1728867,5894166
2021-06-05,"Johnson&Johnson, Moderna, Oxford/AstraZeneca, Pfizer/BioNTech",4199474,1747764,5947238
2021-06-06,"Johnson&Johnson, Moderna, Oxford/AstraZeneca, Pfizer/BioNTech",4226417,1762926,5989343
2021-06-07,"Johnson&Johnson, Moderna, Oxford/AstraZeneca, Pfizer/BioNTech",4290111,1818582,6108693
2021-06-08,"Johnson&Johnson, Moderna, Oxford/AstraZeneca, Pfizer/BioNTech",4354102,1873594,6227696
2021-06-09,"Johnson&Johnson, Moderna, Oxford/AstraZeneca, Pfizer/BioNTech",4413309,1938276,6351585
2021-06-10,"Johnson&Johnson, Moderna, Oxford/AstraZeneca, Pfizer/BioNTech",4467171,2009575,6476746
2021-06-11,"Johnson&Johnson, Moderna, Oxford/AstraZeneca, Pfizer/BioNTech",4519290,2079403,6598693
2021-06-12,"Johnson&Johnson, Moderna, Oxford/AstraZeneca, Pfizer/BioNTech",4551316,2100225,6651541
2021-06-13,"Johnson&Johnson, Moderna, Oxford/AstraZeneca, Pfizer/BioNTech",4575353,2118651,6694004
2021-06-14,"Johnson&Johnson, Moderna, Oxford/AstraZeneca, Pfizer/BioNTech",4618441,2193065,6811506
2021-06-15,"Johnson&Johnson, Moderna, Oxford/AstraZeneca, Pfizer/BioNTech",4663112,2265462,6928574
2021-06-16,"Johnson&Johnson, Moderna, Oxford/AstraZeneca, Pfizer/BioNTech",4705901,2343721,7049622
2021-06-17,"Johnson&Johnson, Moderna, Oxford/AstraZeneca, Pfizer/BioNTech",4745312,2426837,7172149
2021-06-18,"Johnson&Johnson, Moderna, Oxford/AstraZeneca, Pfizer/BioNTech",4787747,2507412,7295159
2021-06-19,"Johnson&Johnson, Moderna, Oxford/AstraZeneca, Pfizer/BioNTech",4809526,2536736,7346262
2021-06-20,"Johnson&Johnson, Moderna, Oxford/AstraZeneca, Pfizer/BioNTech",4826920,2560599,7387519
2021-06-21,"Johnson&Johnson, Moderna, Oxford/AstraZeneca, Pfizer/BioNTech",4859426,2639225,7498651
2021-06-22,"Johnson&Johnson, Moderna, Oxford/AstraZeneca, Pfizer/BioNTech",4892378,2721549,7613927
2021-06-23,"Johnson&Johnson, Moderna, Oxford/AstraZeneca, Pfizer/BioNTech",4924052,2806798,7730850
2021-06-24,"Johnson&Johnson, Moderna, Oxford/AstraZeneca, Pfizer/BioNTech",4953901,2896851,7850752
2021-06-25,"Johnson&Johnson, Moderna, Oxford/AstraZeneca, Pfizer/BioNTech",4984972,2983076,7968048
2021-06-26,"Johnson&Johnson, Moderna, Oxford/AstraZeneca, Pfizer/BioNTech",5000865,3017938,8018803
2021-06-27,"Johnson&Johnson, Moderna, Oxford/AstraZeneca, Pfizer/BioNTech",5014819,3044630,8059449
2021-06-28,"Johnson&Johnson, Moderna, Oxford/AstraZeneca, Pfizer/BioNTech",5043233,3129860,8173093
2021-06-29,"Johnson&Johnson, Moderna, Oxford/AstraZeneca, Pfizer/BioNTech",5072513,3216383,8288896
2021-06-30,"Johnson&Johnson, Moderna, Oxford/AstraZeneca, Pfizer/BioNTech",5100014,3307417,8407431
2021-07-01,"Johnson&Johnson, Moderna, Oxford/AstraZeneca, Pfizer/BioNTech",5123993,3397519,8521512
2021-07-02,"Johnson&Johnson, Moderna, Oxford/AstraZeneca, Pfizer/BioNTech",5150709,3483423,8634132
2021-07-03,"Johnson&Johnson, Moderna, Oxford/AstraZeneca, Pfizer/BioNTech",5157798,3514956,8672754
2021-07-04,"Johnson&Johnson, Moderna, Oxford/AstraZeneca, Pfizer/BioNTech",5165367,3536766,8702133
2021-07-05,"Johnson&Johnson, Moderna, Oxford/AstraZeneca, Pfizer/BioNTech",5172759,3562155,8734914
2021-07-06,"Johnson&Johnson, Moderna, Oxford/AstraZeneca, Pfizer/BioNTech",5178202,3589849,8768051
2021-07-07,"Johnson&Johnson, Moderna, Oxford/AstraZeneca, Pfizer/BioNTech",5204017,3668862,8872879
2021-07-08,"Johnson&Johnson, Moderna, Oxford/AstraZeneca, Pfizer/BioNTech",5230624,3739203,8969827
2021-07-09,"Johnson&Johnson, Moderna, Oxford/AstraZeneca, Pfizer/BioNTech",5258553,3808528,9067081
2021-07-10,"Johnson&Johnson, Moderna, Oxford/AstraZeneca, Pfizer/BioNTech",5267916,3837192,9105108
2021-07-11,"Johnson&Johnson, Moderna, Oxford/AstraZeneca, Pfizer/BioNTech",5276454,3860084,9136538
2021-07-12,"Johnson&Johnson, Moderna, Oxford/AstraZeneca, Pfizer/BioNTech",5303969,3929187,9233156
2021-07-13,"Johnson&Johnson, Moderna, Oxford/AstraZeneca, Pfizer/BioNTech",5330161,3999067,9329228
2021-07-14,"Johnson&Johnson, Moderna, Oxford/AstraZeneca, Pfizer/BioNTech",5355978,4071069,9427047
2021-07-15,"Johnson&Johnson, Moderna, Oxford/AstraZeneca, Pfizer/BioNTech",5385140,4137099,9522239
2021-07-16,"Johnson&Johnson, Moderna, Oxford/AstraZeneca, Pfizer/BioNTech",5413064,4209835,9622899
2021-07-17,"Johnson&Johnson, Moderna, Oxford/AstraZeneca, Pfizer/BioNTech",5421847,4241298,9663145
2021-07-18,"Johnson&Johnson, Moderna, Oxford/AstraZeneca, Pfizer/BioNTech",5430286,4267304,9697590
2021-07-19,"Johnson&Johnson, Moderna, Oxford/AstraZeneca, Pfizer/BioNTech",5453636,4334341,9787977
2021-07-20,"Johnson&Johnson, Moderna, Oxford/AstraZeneca, Pfizer/BioNTech",5475024,4401405,9876429
2021-07-21,"Johnson&Johnson, Moderna, Oxford/AstraZeneca, Pfizer/BioNTech",5498476,4464873,9963349
2021-07-22,"Johnson&Johnson, Moderna, Oxford/AstraZeneca, Pfizer/BioNTech",5520837,4523507,10044344
2021-07-23,"Johnson&Johnson, Moderna, Oxford/AstraZeneca, Pfizer/BioNTech",5544046,4578247,10122293
2021-07-24,"Johnson&Johnson, Moderna, Oxford/AstraZeneca, Pfizer/BioNTech",5551372,4605922,10157294
2021-07-25,"Johnson&Johnson, Moderna, Oxford/AstraZeneca, Pfizer/BioNTech",5557995,4628053,10186048
2021-07-26,"Johnson&Johnson, Moderna, Oxford/AstraZeneca, Pfizer/BioNTech",5581542,4676737,10258279
2021-07-27,"Johnson&Johnson, Moderna, Oxford/AstraZeneca, Pfizer/BioNTech",5604271,4723370,10327641
2021-07-28,"Johnson&Johnson, Moderna, Oxford/AstraZeneca, Pfizer/BioNTech",5625521,4769360,10394881
2021-07-29,"Johnson&Johnson, Moderna, Oxford/AstraZeneca, Pfizer/BioNTech",5646840,4811313,10458153
2021-07-30,"Johnson&Johnson, Moderna, Oxford/AstraZeneca, Pfizer/BioNTech",5670112,4853872,10523984
2021-07-31,"Johnson&Johnson, Moderna, Oxford/AstraZeneca, Pfizer/BioNTech",5679033,4873402,10552435
2021-08-01,"Johnson&Johnson, Moderna, Oxford/AstraZeneca, Pfizer/BioNTech",5685758,4889574,10575332
2021-08-02,"Johnson&Johnson, Moderna, Oxford/AstraZeneca, Pfizer/BioNTech",5704389,4927117,10631506
2021-08-03,"Johnson&Johnson, Moderna, Oxford/AstraZeneca, Pfizer/BioNTech",5722020,4965206,10687226
2021-08-04,"Johnson&Johnson, Moderna, Oxford/AstraZeneca, Pfizer/BioNTech",5738118,5001932,10740050
2021-08-05,"Johnson&Johnson, Moderna, Oxford/AstraZeneca, Pfizer/BioNTech",5754156,5042400,10796556
2021-08-06,"Johnson&Johnson, Moderna, Oxford/AstraZeneca, Pfizer/BioNTech",5770938,5085676,10856614
2021-08-07,"Johnson&Johnson, Moderna, Oxford/AstraZeneca, Pfizer/BioNTech",5776535,5103841,10880376
2021-08-08,"Johnson&Johnson, Moderna, Oxford/AstraZeneca, Pfizer/BioNTech",5780891,5119589,10900480
2021-08-09,"Johnson&Johnson, Moderna, Oxford/AstraZeneca, Pfizer/BioNTech",5793529,5164634,10958163
2021-08-10,"Johnson&Johnson, Moderna, Oxford/AstraZeneca, Pfizer/BioNTech",5805367,5204188,11009555
2021-08-11,"Johnson&Johnson, Moderna, Oxford/AstraZeneca, Pfizer/BioNTech",5816726,5247315,11064041
2021-08-12,"Johnson&Johnson, Moderna, Oxford/AstraZeneca, Pfizer/BioNTech",5828144,5284420,11112564
2021-08-13,"Johnson&Johnson, Moderna, Oxford/AstraZeneca, Pfizer/BioNTech",5838861,5324747,11163608
2021-08-14,"Johnson&Johnson, Moderna, Oxford/AstraZeneca, Pfizer/BioNTech",5842193,5335441,11177634
2021-08-15,"Johnson&Johnson, Moderna, Oxford/AstraZeneca, Pfizer/BioNTech",5844776,5345811,11190587
2021-08-16,"Johnson&Johnson, Moderna, Oxford/AstraZeneca, Pfizer/BioNTech",5854565,5379872,11234437
2021-08-17,"Johnson&Johnson, Moderna, Oxford/AstraZeneca, Pfizer/BioNTech",5864161,5406958,11271119
2021-08-18,"Johnson&Johnson, Moderna, Oxford/AstraZeneca, Pfizer/BioNTech",5873532,5445820,11319352
2021-08-19,"Johnson&Johnson, Moderna, Oxford/AstraZeneca, Pfizer/BioNTech",5883200,5484158,11367358
2021-08-20,"Johnson&Johnson, Moderna, Oxford/AstraZeneca, Pfizer/BioNTech",5894586,5524337,11418923
2021-08-21,"Johnson&Johnson, Moderna, Oxford/AstraZeneca, Pfizer/BioNTech",5897306,5537092,11434398
2021-08-22,"Johnson&Johnson, Moderna, Oxford/AstraZeneca, Pfizer/BioNTech",5899645,5549049,11448694
2021-08-23,"Johnson&Johnson, Moderna, Oxford/AstraZeneca, Pfizer/BioNTech",5910174,5588301,11498475
2021-08-24,"Johnson&Johnson, Moderna, Oxford/AstraZeneca, Pfizer/BioNTech",5920044,5621535,11541579
2021-08-25,"Johnson&Johnson, Moderna, Oxford/AstraZeneca, Pfizer/BioNTech",5928912,5649896,11578808
2021-08-26,"Johnson&Johnson, Moderna, Oxford/AstraZeneca, Pfizer/BioNTech",5937360,5676008,11613368
2021-08-27,"Johnson&Johnson, Moderna, Oxford/AstraZeneca, Pfizer/BioNTech",5947681,5701958,11649639
2021-08-28,"Johnson&Johnson, Moderna, Oxford/AstraZeneca, Pfizer/BioNTech",5950408,5708997,11659405
2021-08-29,"Johnson&Johnson, Moderna, Oxford/AstraZeneca, Pfizer/BioNTech",5952815,5715618,11668433
2021-08-30,"Johnson&Johnson, Moderna, Oxford/AstraZeneca, Pfizer/BioNTech",5961343,5737486,11698829
2021-08-31,"Johnson&Johnson, Moderna, Oxford/AstraZeneca, Pfizer/BioNTech",5969018,5755565,11724583
2021-09-01,"Johnson&Johnson, Moderna, Oxford/AstraZeneca, Pfizer/BioNTech",5974909,5769552,11744461
2021-09-02,"Johnson&Johnson, Moderna, Oxford/AstraZeneca, Pfizer/BioNTech",5981744,5783933,11765677
2021-09-03,"Johnson&Johnson, Moderna, Oxford/AstraZeneca, Pfizer/BioNTech",5991299,5799633,11790932
2021-09-04,"Johnson&Johnson, Moderna, Oxford/AstraZeneca, Pfizer/BioNTech",5993365,5803181,11796546
2021-09-05,"Johnson&Johnson, Moderna, Oxford/AstraZeneca, Pfizer/BioNTech",5995403,5806022,11801425
2021-09-06,"Johnson&Johnson, Moderna, Oxford/AstraZeneca, Pfizer/BioNTech",6001640,5818544,11820184
2021-09-07,"Johnson&Johnson, Moderna, Oxford/AstraZeneca, Pfizer/BioNTech",6006030,5829631,11835661
2021-09-08,"Johnson&Johnson, Moderna, Oxford/AstraZeneca, Pfizer/BioNTech",6011700,5839470,11851170
2021-09-09,"Johnson&Johnson, Moderna, Oxford/AstraZeneca, Pfizer/BioNTech",6018386,5849524,11867910
2021-09-10,"Johnson&Johnson, Moderna, Oxford/AstraZeneca, Pfizer/BioNTech",6026072,5861694,11887766
2021-09-11,"Johnson&Johnson, Moderna, Oxford/AstraZeneca, Pfizer/BioNTech",6027935,5864174,11892109
2021-09-12,"Johnson&Johnson, Moderna, Oxford/AstraZeneca, Pfizer/BioNTech",6029049,5865802,11894851
2021-09-13,"Johnson&Johnson, Moderna, Oxford/AstraZeneca, Pfizer/BioNTech",6034481,5876094,11910575
2021-09-14,"Johnson&Johnson, Moderna, Oxford/AstraZeneca, Pfizer/BioNTech",6039870,5885103,11924973
2021-09-15,"Johnson&Johnson, Moderna, Oxford/AstraZeneca, Pfizer/BioNTech",6045067,5893619,11938686
2021-09-16,"Johnson&Johnson, Moderna, Oxford/AstraZeneca, Pfizer/BioNTech",6050409,5901887,11952296
2021-09-17,"Johnson&Johnson, Moderna, Oxford/AstraZeneca, Pfizer/BioNTech",6056979,5912114,11969093
2021-09-18,"Johnson&Johnson, Moderna, Oxford/AstraZeneca, Pfizer/BioNTech",6058703,5914471,11973174
2021-09-19,"Johnson&Johnson, Moderna, Oxford/AstraZeneca, Pfizer/BioNTech",6059644,5916036,11975680
2021-09-20,"Johnson&Johnson, Moderna, Oxford/AstraZeneca, Pfizer/BioNTech",6063658,5924231,11987889
2021-09-21,"Johnson&Johnson, Moderna, Oxford/AstraZeneca, Pfizer/BioNTech",6067886,5931756,11999642
2021-09-22,"Johnson&Johnson, Moderna, Oxford/AstraZeneca, Pfizer/BioNTech",6072067,5937267,12009334
2021-09-23,"Johnson&Johnson, Moderna, Oxford/AstraZeneca, Pfizer/BioNTech",6077039,5943665,12020704
2021-09-24,"Johnson&Johnson, Moderna, Oxford/AstraZeneca, Pfizer/BioNTech",6082799,5953284,12036083
2021-09-25,"Johnson&Johnson, Moderna, Oxford/AstraZeneca, Pfizer/BioNTech",6084294,5955280,12039574
2021-09-26,"Johnson&Johnson, Moderna, Pfizer/BioNTech",6085035,5956917,12041952
2021-09-27,"Johnson&Johnson, Moderna, Oxford/AstraZeneca, Pfizer/BioNTech",6088915,5963422,12052337
2021-09-28,"Johnson&Johnson, Moderna, Pfizer/BioNTech",6089277,5964043,12053320
2021-09-29,"Johnson&Johnson, Moderna, Oxford/AstraZeneca, Pfizer/BioNTech",6093052,5971502,12064554
2021-09-30,"Johnson&Johnson, Moderna, Oxford/AstraZeneca, Pfizer/BioNTech",6097553,5979195,12076748
2021-10-01,"Johnson&Johnson, Moderna, Oxford/AstraZeneca, Pfizer/BioNTech",6101848,5987163,12089011
2021-10-02,"Johnson&Johnson, Moderna, Oxford/AstraZeneca, Pfizer/BioNTech",6102909,5988699,12091608
2021-10-03,"Johnson&Johnson, Moderna, Pfizer/BioNTech",6103631,5989565,12093196
2021-10-04,"Johnson&Johnson, Moderna, Oxford/AstraZeneca, Pfizer/BioNTech",6106705,5995131,12101836
2021-10-05,"Johnson&Johnson, Moderna, Oxford/AstraZeneca, Pfizer/BioNTech",6109869,6000207,12110076
2021-10-06,"Johnson&Johnson, Moderna, Oxford/AstraZeneca, Pfizer/BioNTech",6113381,6005373,12118754
2021-10-07,"Johnson&Johnson, Moderna, Oxford/AstraZeneca, Pfizer/BioNTech",6116652,6010624,12127276
2021-10-08,"Johnson&Johnson, Moderna, Oxford/AstraZeneca, Pfizer/BioNTech",6121444,6017259,12138703
2021-10-09,"Johnson&Johnson, Moderna, Oxford/AstraZeneca, Pfizer/BioNTech",6122687,6018911,12141598
2021-10-10,"Johnson&Johnson, Moderna, Oxford/AstraZeneca, Pfizer/BioNTech",6123627,6019740,12143367
2021-10-11,"Johnson&Johnson, Moderna, Oxford/AstraZeneca, Pfizer/BioNTech",6126557,6024150,12150707
2021-10-12,"Johnson&Johnson, Moderna, Oxford/AstraZeneca, Pfizer/BioNTech",6129483,6028150,12157633
2021-10-13,"Johnson&Johnson, Moderna, Oxford/AstraZeneca, Pfizer/BioNTech",6133015,6032330,12165345
2021-10-14,"Johnson&Johnson, Moderna, Oxford/AstraZeneca, Pfizer/BioNTech",6136690,6037276,12173966
2021-10-15,"Johnson&Johnson, Moderna, Oxford/AstraZeneca, Pfizer/BioNTech",6141916,6043416,12185332
2021-10-16,"Johnson&Johnson, Moderna, Oxford/AstraZeneca, Pfizer/BioNTech",6143329,6044937,12188266
2021-10-17,"Johnson&Johnson, Moderna, Pfizer/BioNTech",6144653,6045990,12190643
2021-10-18,"Johnson&Johnson, Moderna, Oxford/AstraZeneca, Pfizer/BioNTech",6148764,6050081,12198845
2021-10-19,"Johnson&Johnson, Moderna, Oxford/AstraZeneca, Pfizer/BioNTech",6152341,6052176,12204517
2021-10-20,"Johnson&Johnson, Moderna, Oxford/AstraZeneca, Pfizer/BioNTech",6157218,6056620,12213838
2021-10-21,"Johnson&Johnson, Moderna, Oxford/AstraZeneca, Pfizer/BioNTech",6164984,6062218,12227202
2021-10-22,"Johnson&Johnson, Moderna, Oxford/AstraZeneca, Pfizer/BioNTech",6175431,6068718,12244149
2021-10-23,"Johnson&Johnson, Moderna, Oxford/AstraZeneca, Pfizer/BioNTech",6179107,6070925,12250032
2021-10-24,"Johnson&Johnson, Moderna, Pfizer/BioNTech",6181790,6072703,12254493
2021-10-25,"Johnson&Johnson, Moderna, Oxford/AstraZeneca, Pfizer/BioNTech",6192281,6078505,12270786
2021-10-26,"Johnson&Johnson, Moderna, Oxford/AstraZeneca, Pfizer/BioNTech",6204267,6085050,12289317
2021-10-27,"Johnson&Johnson, Moderna, Oxford/AstraZeneca, Pfizer/BioNTech",6218869,6092447,12311316
2021-10-28,"Johnson&Johnson, Moderna, Oxford/AstraZeneca, Pfizer/BioNTech",6222285,6094121,12316406
2021-10-29,"Johnson&Johnson, Moderna, Oxford/AstraZeneca, Pfizer/BioNTech",6236706,6102091,12338797
2021-10-30,"Johnson&Johnson, Moderna, Pfizer/BioNTech",6241236,6105011,12346247
2021-10-31,"Johnson&Johnson, Moderna, Oxford/AstraZeneca, Pfizer/BioNTech",6244996,6107480,12352476
2021-11-01,"Johnson&Johnson, Moderna, Oxford/AstraZeneca, Pfizer/BioNTech",6260194,6115162,12375356
2021-11-02,"Johnson&Johnson, Moderna, Oxford/AstraZeneca, Pfizer/BioNTech",6275643,6122711,12398354
2021-11-03,"Johnson&Johnson, Moderna, Oxford/AstraZeneca, Pfizer/BioNTech",6292820,6130000,12422820
2021-11-04,"Johnson&Johnson, Moderna, Oxford/AstraZeneca, Pfizer/BioNTech",6311171,6138170,12449341
2021-11-05,"Johnson&Johnson, Moderna, Oxford/AstraZeneca, Pfizer/BioNTech",6333970,6149437,12483407
2021-11-06,"Johnson&Johnson, Moderna, Pfizer/BioNTech",6340482,6152487,12492969
2021-11-07,"Johnson&Johnson, Moderna, Pfizer/BioNTech",6344503,6154922,12499425
2021-11-08,"Johnson&Johnson, Moderna, Oxford/AstraZeneca, Pfizer/BioNTech",6360774,6162550,12523324
2021-11-09,"Johnson&Johnson, Moderna, Oxford/AstraZeneca, Pfizer/BioNTech",6375584,6169843,12545427
2021-11-10,"Johnson&Johnson, Moderna, Oxford/AstraZeneca, Pfizer/BioNTech",6391324,6177213,12568537
2021-11-11,"Johnson&Johnson, Moderna, Oxford/AstraZeneca, Pfizer/BioNTech",6406787,6186316,12593103
2021-11-12,"Johnson&Johnson, Moderna, Oxford/AstraZeneca, Pfizer/BioNTech",6426589,6199102,12625691
2021-11-13,"Johnson&Johnson, Moderna, Oxford/AstraZeneca, Pfizer/BioNTech",6431977,6202966,12634943
2021-11-14,"Johnson&Johnson, Moderna, Oxford/AstraZeneca, Pfizer/BioNTech",6435869,6205969,12641838
2021-11-15,"Johnson&Johnson, Moderna, Oxford/AstraZeneca, Pfizer/BioNTech",6450946,6216654,12667600
2021-11-16,"Johnson&Johnson, Moderna, Oxford/AstraZeneca, Pfizer/BioNTech",6468491,6228634,12697125
2021-11-17,"Johnson&Johnson, Moderna, Oxford/AstraZeneca, Pfizer/BioNTech",6472732,6232196,12704928
2021-11-18,"Johnson&Johnson, Moderna, Oxford/AstraZeneca, Pfizer/BioNTech",6492140,6243876,12736016
2021-11-19,"Johnson&Johnson, Moderna, Oxford/AstraZeneca, Pfizer/BioNTech",6516748,6260844,12777592
2021-11-20,"Johnson&Johnson, Moderna, Pfizer/BioNTech",6525319,6265820,12791139
2021-11-21,"Johnson&Johnson, Moderna, Pfizer/BioNTech",6532092,6269591,12801683
2021-11-22,"Johnson&Johnson, Moderna, Oxford/AstraZeneca, Pfizer/BioNTech",6550600,6283698,12834298
2021-11-23,"Johnson&Johnson, Moderna, Oxford/AstraZeneca, Pfizer/BioNTech",6569659,6296954,12866613
2021-11-24,"Johnson&Johnson, Moderna, Oxford/AstraZeneca, Pfizer/BioNTech",6588666,6312790,12901456
2021-11-25,"Johnson&Johnson, Moderna, Oxford/AstraZeneca, Pfizer/BioNTech",6607816,6327813,12935629
2021-11-26,"Johnson&Johnson, Moderna, Oxford/AstraZeneca, Pfizer/BioNTech",6629470,6346945,12976415
2021-11-27,"Johnson&Johnson, Moderna, Pfizer/BioNTech",6636939,6352499,12989438
2021-11-28,"Johnson&Johnson, Moderna, Oxford/AstraZeneca, Pfizer/BioNTech",6640275,6355632,12995907
2021-11-29,"Johnson&Johnson, Moderna, Oxford/AstraZeneca, Pfizer/BioNTech",6655480,6369283,13024763
2021-11-30,"Johnson&Johnson, Moderna, Oxford/AstraZeneca, Pfizer/BioNTech",6668676,6380517,13049193
2021-12-01,"Johnson&Johnson, Moderna, Oxford/AstraZeneca, Pfizer/BioNTech",6682703,6392965,13075668
2021-12-02,"Johnson&Johnson, Moderna, Oxford/AstraZeneca, Pfizer/BioNTech",6693330,6405451,13098781
2021-12-03,"Johnson&Johnson, Moderna, Oxford/AstraZeneca, Pfizer/BioNTech",6702964,6421018,13123982
2021-12-04,"Johnson&Johnson, Moderna, Pfizer/BioNTech",6705523,6424964,13130487
2021-12-05,"Johnson&Johnson, Moderna, Pfizer/BioNTech",6706879,6427303,13134182
2021-12-06,"Johnson&Johnson, Moderna, Oxford/AstraZeneca, Pfizer/BioNTech",6715040,6438822,13153862
2021-12-07,"Johnson&Johnson, Moderna, Oxford/AstraZeneca, Pfizer/BioNTech",6722922,6450817,13173739
2021-12-08,"Johnson&Johnson, Moderna, Oxford/AstraZeneca, Pfizer/BioNTech",6731170,6456735,13187905
2021-12-09,"Johnson&Johnson, Moderna, Oxford/AstraZeneca, Pfizer/BioNTech",6738286,6469544,13207830
2021-12-10,"Johnson&Johnson, Moderna, Oxford/AstraZeneca, Pfizer/BioNTech",6745180,6487341,13232521
2021-12-11,"Johnson&Johnson, Moderna, Pfizer/BioNTech",6746841,6492610,13239451
2021-12-12,"Johnson&Johnson, Moderna, Pfizer/BioNTech",6748148,6497039,13245187
2021-12-13,"Johnson&Johnson, Moderna, Oxford/AstraZeneca, Pfizer/BioNTech",6754492,6510344,13264836
2021-12-14,"Johnson&Johnson, Moderna, Oxford/AstraZeneca, Pfizer/BioNTech",6760703,6524006,13284709
2021-12-15,"Johnson&Johnson, Moderna, Oxford/AstraZeneca, Pfizer/BioNTech",6766891,6537606,13304497
2021-12-16,"Johnson&Johnson, Moderna, Oxford/AstraZeneca, Pfizer/BioNTech",6773812,6552437,13326249
2021-12-17,"Johnson&Johnson, Moderna, Oxford/AstraZeneca, Pfizer/BioNTech",6782164,6569687,13351851
2021-12-18,"Johnson&Johnson, Moderna, Oxford/AstraZeneca, Pfizer/BioNTech",6784763,6575133,13359896
2021-12-19,"Johnson&Johnson, Moderna, Pfizer/BioNTech",6786533,6577635,13364168
2021-12-20,"Johnson&Johnson, Moderna, Oxford/AstraZeneca, Pfizer/BioNTech",6792320,6591681,13384001
2021-12-21,"Johnson&Johnson, Moderna, Oxford/AstraZeneca, Pfizer/BioNTech",6798960,6603663,13402623
2021-12-22,"Johnson&Johnson, Moderna, Oxford/AstraZeneca, Pfizer/BioNTech",6804001,6616698,13420699
2021-12-23,"Johnson&Johnson, Moderna, Oxford/AstraZeneca, Pfizer/BioNTech",6806861,6622295,13429156
2021-12-24,"Johnson&Johnson, Moderna, Oxford/AstraZeneca, Pfizer/BioNTech",6806904,6622395,13429299
2021-12-25,"Moderna, Pfizer/BioNTech",6806904,6622402,13429306
2021-12-26,"Moderna, Pfizer/BioNTech",6807002,6622600,13429602
2021-12-27,"Johnson&Johnson, Moderna, Pfizer/BioNTech",6810831,6632326,13443157
2021-12-28,"Johnson&Johnson, Moderna, Pfizer/BioNTech",6816055,6640277,13456332
2021-12-29,"Johnson&Johnson, Moderna, Oxford/AstraZeneca, Pfizer/BioNTech",6820319,6647979,13468298
2021-12-30,"Johnson&Johnson, Moderna, Pfizer/BioNTech",6824605,6653401,13478006
2021-12-31,"Johnson&Johnson, Moderna, Pfizer/BioNTech",6825110,6654814,13479924
2022-01-01,"Johnson&Johnson, Moderna, Pfizer/BioNTech",6825112,6654832,13479944
2022-01-02,"Johnson&Johnson, Moderna, Pfizer/BioNTech",6825961,6656212,13482173
2022-01-03,"Johnson&Johnson, Moderna, Oxford/AstraZeneca, Pfizer/BioNTech",6829937,6665093,13495030
2022-01-04,"Johnson&Johnson, Moderna, Oxford/AstraZeneca, Pfizer/BioNTech",6835020,6672852,13507872
2022-01-05,"Johnson&Johnson, Moderna, Oxford/AstraZeneca, Pfizer/BioNTech",6840801,6680785,13521586
2022-01-06,"Johnson&Johnson, Moderna, Oxford/AstraZeneca, Pfizer/BioNTech",6847384,6689188,13536572
2022-01-07,"Johnson&Johnson, Moderna, Oxford/AstraZeneca, Pfizer/BioNTech",6855228,6699496,13554724
2022-01-08,"Johnson&Johnson, Moderna, Oxford/AstraZeneca, Pfizer/BioNTech",6857703,6702271,13559974
2022-01-09,"Johnson&Johnson, Moderna, Pfizer/BioNTech",6858787,6703972,13562759
2022-01-10,"Johnson&Johnson, Moderna, Oxford/AstraZeneca, Pfizer/BioNTech",6863214,6710075,13573289
2022-01-11,"Johnson&Johnson, Moderna, Oxford/AstraZeneca, Pfizer/BioNTech",6868565,6716794,13585359
2022-01-12,"Johnson&Johnson, Moderna, Oxford/AstraZeneca, Pfizer/BioNTech",6874473,6722379,13596852
2022-01-13,"Johnson&Johnson, Moderna, Oxford/AstraZeneca, Pfizer/BioNTech",6880311,6727111,13607422
2022-01-14,"Johnson&Johnson, Moderna, Oxford/AstraZeneca, Pfizer/BioNTech",6886529,6730707,13617236
2022-01-15,"Johnson&Johnson, Moderna, Oxford/AstraZeneca, Pfizer/BioNTech",6887804,6731354,13619158
2022-01-16,"Johnson&Johnson, Moderna, Oxford/AstraZeneca, Pfizer/BioNTech",6888492,6731784,13620276
2022-01-17,"Johnson&Johnson, Moderna, Oxford/AstraZeneca, Pfizer/BioNTech",6891948,6735698,13627646
2022-01-18,"Johnson&Johnson, Moderna, Oxford/AstraZeneca, Pfizer/BioNTech",6895762,6740574,13636336
2022-01-19,"Johnson&Johnson, Moderna, Oxford/AstraZeneca, Pfizer/BioNTech",6899441,6744187,13643628
