date,vaccine,people_vaccinated,people_fully_vaccinated,total_vaccinations
2020-12-27,Pfizer/BioNTech,1280,0,1280
2020-12-28,Pfizer/BioNTech,3586,0,3586
2020-12-29,Pfizer/BioNTech,7054,0,7054
2020-12-30,Pfizer/BioNTech,10571,0,10571
2020-12-31,Pfizer/BioNTech,11880,0,11880
2021-01-01,"Moderna, Pfizer/BioNTech",12149,0,12149
2021-01-02,Pfizer/BioNTech,13427,0,13427
2021-01-03,Pfizer/BioNTech,14349,0,14349
2021-01-04,"Moderna, Pfizer/BioNTech",17961,0,17961
2021-01-05,"Moderna, Pfizer/BioNTech",22482,0,22482
2021-01-06,"Moderna, Pfizer/BioNTech",28325,1,28326
2021-01-07,"Moderna, Pfizer/BioNTech",36320,1,36321
2021-01-08,"Moderna, Pfizer/BioNTech",46370,2,46372
2021-01-09,"Moderna, Pfizer/BioNTech",48396,3,48399
2021-01-10,Pfizer/BioNTech,50163,4,50167
2021-01-11,Pfizer/BioNTech,60020,6,60026
2021-01-12,"Moderna, Pfizer/BioNTech",73466,8,73474
2021-01-13,Pfizer/BioNTech,87004,8,87012
2021-01-14,"Moderna, Pfizer/BioNTech",102246,12,102258
2021-01-15,"Moderna, Pfizer/BioNTech",116257,13,116270
2021-01-16,"Moderna, Pfizer/BioNTech",119655,16,119671
2021-01-17,"Moderna, Pfizer/BioNTech",122273,652,122925
2021-01-18,"Moderna, Pfizer/BioNTech",134758,2478,137236
2021-01-19,"Moderna, Pfizer/BioNTech",147362,5203,152565
2021-01-20,"Moderna, Pfizer/BioNTech",161044,7864,168908
2021-01-21,"Moderna, Pfizer/BioNTech",176695,9607,186302
2021-01-22,"Moderna, Pfizer/BioNTech",191574,10652,202226
2021-01-23,"Moderna, Pfizer/BioNTech",194895,11531,206426
2021-01-24,"Moderna, Pfizer/BioNTech",197150,12400,209550
2021-01-25,"Moderna, Pfizer/BioNTech",206789,15372,222161
2021-01-26,"Moderna, Pfizer/BioNTech",217328,19364,236692
2021-01-27,"Moderna, Pfizer/BioNTech",226358,23901,250259
2021-01-28,"Moderna, Pfizer/BioNTech",233458,30031,263489
2021-01-29,"Moderna, Pfizer/BioNTech",239671,37942,277613
2021-01-30,"Moderna, Pfizer/BioNTech",240409,39030,279439
2021-01-31,"Moderna, Pfizer/BioNTech",241122,40211,281333
2021-02-01,"Moderna, Pfizer/BioNTech",245102,48174,293276
2021-02-02,"Moderna, Pfizer/BioNTech",249247,58406,307653
2021-02-03,"Moderna, Pfizer/BioNTech",253668,69418,323086
2021-02-04,"Moderna, Pfizer/BioNTech",258567,82405,340972
2021-02-05,"Moderna, Pfizer/BioNTech",264033,93078,357111
2021-02-06,"Moderna, Oxford/AstraZeneca, Pfizer/BioNTech",264881,95444,360325
2021-02-07,"Moderna, Pfizer/BioNTech",265731,97945,363676
2021-02-08,"Moderna, Oxford/AstraZeneca, Pfizer/BioNTech",269813,109376,379189
2021-02-09,"Moderna, Oxford/AstraZeneca, Pfizer/BioNTech",274908,121287,396195
2021-02-10,"Moderna, Oxford/AstraZeneca, Pfizer/BioNTech",280416,134542,414958
2021-02-11,"Moderna, Oxford/AstraZeneca, Pfizer/BioNTech",286750,150756,437506
2021-02-12,"Moderna, Oxford/AstraZeneca, Pfizer/BioNTech",293568,165486,459054
2021-02-13,"Moderna, Oxford/AstraZeneca, Pfizer/BioNTech",295178,168475,463653
2021-02-14,"Moderna, Oxford/AstraZeneca, Pfizer/BioNTech",296180,169859,466039
2021-02-15,"Moderna, Oxford/AstraZeneca, Pfizer/BioNTech",302578,179216,481794
2021-02-16,"Moderna, Oxford/AstraZeneca, Pfizer/BioNTech",311295,188296,499591
2021-02-17,"Moderna, Oxford/AstraZeneca, Pfizer/BioNTech",320993,196601,517594
2021-02-18,"Moderna, Oxford/AstraZeneca, Pfizer/BioNTech",333310,204681,537991
2021-02-19,"Moderna, Oxford/AstraZeneca, Pfizer/BioNTech",345165,212042,557207
2021-02-20,"Moderna, Oxford/AstraZeneca, Pfizer/BioNTech",347165,213225,560390
2021-02-21,"Moderna, Oxford/AstraZeneca, Pfizer/BioNTech",348296,214248,562544
2021-02-22,"Moderna, Oxford/AstraZeneca, Pfizer/BioNTech",358414,220277,578691
2021-02-23,"Moderna, Oxford/AstraZeneca, Pfizer/BioNTech",371360,227257,598617
2021-02-24,"Moderna, Oxford/AstraZeneca, Pfizer/BioNTech",385230,233291,618521
2021-02-25,"Moderna, Oxford/AstraZeneca, Pfizer/BioNTech",403196,238840,642036
2021-02-26,"Moderna, Oxford/AstraZeneca, Pfizer/BioNTech",419362,244191,663553
2021-02-27,"Moderna, Oxford/AstraZeneca, Pfizer/BioNTech",422370,244747,667117
2021-02-28,"Moderna, Oxford/AstraZeneca, Pfizer/BioNTech",424716,245297,670013
2021-03-01,"Moderna, Oxford/AstraZeneca, Pfizer/BioNTech",444304,248744,693048
2021-03-02,"Moderna, Oxford/AstraZeneca, Pfizer/BioNTech",471522,252287,723809
2021-03-03,"Moderna, Oxford/AstraZeneca, Pfizer/BioNTech",502409,256792,759201
2021-03-04,"Moderna, Oxford/AstraZeneca, Pfizer/BioNTech",535682,261477,797159
2021-03-05,"Johnson&Johnson, Moderna, Oxford/AstraZeneca, Pfizer/BioNTech",564500,266896,831396
2021-03-06,"Johnson&Johnson, Moderna, Oxford/AstraZeneca, Pfizer/BioNTech",576646,267757,844403
2021-03-07,"Johnson&Johnson, Moderna, Oxford/AstraZeneca, Pfizer/BioNTech",588182,268597,856779
2021-03-08,"Johnson&Johnson, Moderna, Oxford/AstraZeneca, Pfizer/BioNTech",617920,273451,891371
2021-03-09,"Johnson&Johnson, Moderna, Oxford/AstraZeneca, Pfizer/BioNTech",654276,279830,934106
2021-03-10,"Moderna, Oxford/AstraZeneca, Pfizer/BioNTech",695588,286783,982371
2021-03-11,"Johnson&Johnson, Moderna, Oxford/AstraZeneca, Pfizer/BioNTech",740410,295151,1035561
2021-03-12,"Johnson&Johnson, Moderna, Oxford/AstraZeneca, Pfizer/BioNTech",779178,303644,1082822
2021-03-13,"Johnson&Johnson, Moderna, Oxford/AstraZeneca, Pfizer/BioNTech",796258,304951,1101209
2021-03-14,"Johnson&Johnson, Moderna, Oxford/AstraZeneca, Pfizer/BioNTech",808370,306103,1114473
2021-03-15,"Moderna, Oxford/AstraZeneca, Pfizer/BioNTech",836750,314876,1151626
2021-03-16,"Johnson&Johnson, Moderna, Oxford/AstraZeneca, Pfizer/BioNTech",875637,325410,1201047
2021-03-17,"Moderna, Oxford/AstraZeneca, Pfizer/BioNTech",913099,335914,1249013
2021-03-18,"Johnson&Johnson, Moderna, Oxford/AstraZeneca, Pfizer/BioNTech",951080,348325,1299405
2021-03-19,"Moderna, Oxford/AstraZeneca, Pfizer/BioNTech",985566,361931,1347497
2021-03-20,"Johnson&Johnson, Moderna, Oxford/AstraZeneca, Pfizer/BioNTech",1000704,363960,1364664
2021-03-21,"Johnson&Johnson, Moderna, Oxford/AstraZeneca, Pfizer/BioNTech",1008124,365517,1373641
2021-03-22,"Johnson&Johnson, Moderna, Oxford/AstraZeneca, Pfizer/BioNTech",1032685,378015,1410700
2021-03-23,"Johnson&Johnson, Moderna, Oxford/AstraZeneca, Pfizer/BioNTech",1059330,391363,1450693
2021-03-24,"Johnson&Johnson, Moderna, Oxford/AstraZeneca, Pfizer/BioNTech",1086184,407097,1493281
2021-03-25,"Moderna, Oxford/AstraZeneca, Pfizer/BioNTech",1112516,424946,1537462
2021-03-26,"Johnson&Johnson, Moderna, Oxford/AstraZeneca, Pfizer/BioNTech",1137323,442445,1579768
2021-03-27,"Johnson&Johnson, Moderna, Oxford/AstraZeneca, Pfizer/BioNTech",1145754,447293,1593047
2021-03-28,"Moderna, Oxford/AstraZeneca, Pfizer/BioNTech",1151292,451433,1602725
2021-03-29,"Johnson&Johnson, Moderna, Oxford/AstraZeneca, Pfizer/BioNTech",1170413,472168,1642581
2021-03-30,"Johnson&Johnson, Moderna, Oxford/AstraZeneca, Pfizer/BioNTech",1195105,494342,1689447
2021-03-31,"Johnson&Johnson, Moderna, Oxford/AstraZeneca, Pfizer/BioNTech",1218217,521397,1739614
2021-04-01,"Johnson&Johnson, Moderna, Oxford/AstraZeneca, Pfizer/BioNTech",1243852,553439,1797291
2021-04-02,"Johnson&Johnson, Moderna, Oxford/AstraZeneca, Pfizer/BioNTech",1250775,566225,1817000
2021-04-03,"Johnson&Johnson, Moderna, Oxford/AstraZeneca, Pfizer/BioNTech",1254396,577146,1831542
2021-04-04,"Johnson&Johnson, Moderna, Oxford/AstraZeneca, Pfizer/BioNTech",1256906,586064,1842970
2021-04-05,"Johnson&Johnson, Moderna, Oxford/AstraZeneca, Pfizer/BioNTech",1259310,593246,1852556
2021-04-06,"Johnson&Johnson, Moderna, Oxford/AstraZeneca, Pfizer/BioNTech",1275450,622500,1897950
2021-04-07,"Johnson&Johnson, Moderna, Oxford/AstraZeneca, Pfizer/BioNTech",1298872,644727,1943599
2021-04-08,"Johnson&Johnson, Moderna, Oxford/AstraZeneca, Pfizer/BioNTech",1337597,675745,2013342
2021-04-09,"Johnson&Johnson, Moderna, Oxford/AstraZeneca, Pfizer/BioNTech",1377136,705922,2083058
2021-04-10,"Johnson&Johnson, Moderna, Oxford/AstraZeneca, Pfizer/BioNTech",1392635,721212,2113847
2021-04-11,"Johnson&Johnson, Moderna, Oxford/AstraZeneca, Pfizer/BioNTech",1402414,731255,2133669
2021-04-12,"Johnson&Johnson, Moderna, Oxford/AstraZeneca, Pfizer/BioNTech",1440682,756390,2197072
2021-04-13,"Moderna, Oxford/AstraZeneca, Pfizer/BioNTech",1476934,782421,2259355
2021-04-14,"Moderna, Oxford/AstraZeneca, Pfizer/BioNTech",1515758,809777,2325535
2021-04-15,"Moderna, Oxford/AstraZeneca, Pfizer/BioNTech",1563548,835525,2399073
2021-04-16,"Moderna, Oxford/AstraZeneca, Pfizer/BioNTech",1608207,861166,2469373
2021-04-17,"Moderna, Oxford/AstraZeneca, Pfizer/BioNTech",1624897,870190,2495087
2021-04-18,"Moderna, Oxford/AstraZeneca, Pfizer/BioNTech",1637889,875171,2513060
2021-04-19,"Moderna, Oxford/AstraZeneca, Pfizer/BioNTech",1681866,890593,2572459
2021-04-20,"Johnson&Johnson, Moderna, Oxford/AstraZeneca, Pfizer/BioNTech",1724421,906448,2630869
2021-04-21,"Moderna, Oxford/AstraZeneca, Pfizer/BioNTech",1772149,920795,2692944
2021-04-22,"Johnson&Johnson, Moderna, Oxford/AstraZeneca, Pfizer/BioNTech",1826641,938169,2764810
2021-04-23,"Johnson&Johnson, Moderna, Oxford/AstraZeneca, Pfizer/BioNTech",1876606,950217,2826823
2021-04-24,"Johnson&Johnson, Moderna, Oxford/AstraZeneca, Pfizer/BioNTech",1894439,955460,2849899
2021-04-25,"Johnson&Johnson, Moderna, Oxford/AstraZeneca, Pfizer/BioNTech",1909131,959457,2868588
2021-04-26,"Johnson&Johnson, Moderna, Oxford/AstraZeneca, Pfizer/BioNTech",1958708,967007,2925715
2021-04-27,"Johnson&Johnson, Moderna, Oxford/AstraZeneca, Pfizer/BioNTech",2007669,979229,2986898
2021-04-28,"Johnson&Johnson, Moderna, Oxford/AstraZeneca, Pfizer/BioNTech",2066419,993223,3059642
2021-04-29,"Johnson&Johnson, Moderna, Oxford/AstraZeneca, Pfizer/BioNTech",2131966,1009113,3141079
2021-04-30,"Johnson&Johnson, Moderna, Oxford/AstraZeneca, Pfizer/BioNTech",2194206,1019080,3213286
2021-05-01,"Johnson&Johnson, Moderna, Oxford/AstraZeneca, Pfizer/BioNTech",2213538,1022527,3236065
2021-05-02,"Johnson&Johnson, Moderna, Oxford/AstraZeneca, Pfizer/BioNTech",2232453,1024793,3257246
2021-05-03,"Johnson&Johnson, Moderna, Oxford/AstraZeneca, Pfizer/BioNTech",2299695,1029847,3329542
2021-05-04,"Johnson&Johnson, Moderna, Oxford/AstraZeneca, Pfizer/BioNTech",2366197,1038180,3404377
2021-05-05,"Johnson&Johnson, Moderna, Oxford/AstraZeneca, Pfizer/BioNTech",2439357,1047579,3486936
2021-05-06,"Johnson&Johnson, Moderna, Oxford/AstraZeneca, Pfizer/BioNTech",2519737,1058296,3578033
2021-05-07,"Johnson&Johnson, Moderna, Oxford/AstraZeneca, Pfizer/BioNTech",2596976,1068356,3665332
2021-05-08,"Johnson&Johnson, Moderna, Oxford/AstraZeneca, Pfizer/BioNTech",2626413,1070120,3696533
2021-05-09,"Johnson&Johnson, Moderna, Oxford/AstraZeneca, Pfizer/BioNTech",2650606,1071326,3721932
2021-05-10,"Johnson&Johnson, Moderna, Oxford/AstraZeneca, Pfizer/BioNTech",2723366,1078538,3801904
2021-05-11,"Johnson&Johnson, Moderna, Oxford/AstraZeneca, Pfizer/BioNTech",2799459,1087330,3886789
2021-05-12,"Johnson&Johnson, Moderna, Oxford/AstraZeneca, Pfizer/BioNTech",2879310,1096427,3975737
2021-05-13,"Johnson&Johnson, Moderna, Oxford/AstraZeneca, Pfizer/BioNTech",2963318,1105584,4068902
2021-05-14,"Johnson&Johnson, Moderna, Oxford/AstraZeneca, Pfizer/BioNTech",3042749,1113366,4156115
2021-05-15,"Johnson&Johnson, Moderna, Oxford/AstraZeneca, Pfizer/BioNTech",3074630,1115613,4190243
2021-05-16,"Johnson&Johnson, Moderna, Oxford/AstraZeneca, Pfizer/BioNTech",3100387,1116874,4217261
2021-05-17,"Johnson&Johnson, Moderna, Oxford/AstraZeneca, Pfizer/BioNTech",3172883,1123595,4296478
2021-05-18,"Johnson&Johnson, Moderna, Oxford/AstraZeneca, Pfizer/BioNTech",3244802,1136657,4381459
2021-05-19,"Johnson&Johnson, Moderna, Oxford/AstraZeneca, Pfizer/BioNTech",3322246,1151784,4474030
2021-05-20,"Johnson&Johnson, Moderna, Oxford/AstraZeneca, Pfizer/BioNTech",3397661,1178802,4576463
2021-05-21,"Johnson&Johnson, Moderna, Oxford/AstraZeneca, Pfizer/BioNTech",3466405,1206555,4672960
2021-05-22,"Johnson&Johnson, Moderna, Oxford/AstraZeneca, Pfizer/BioNTech",3498770,1217728,4716498
2021-05-23,"Johnson&Johnson, Moderna, Oxford/AstraZeneca, Pfizer/BioNTech",3521118,1226759,4747877
2021-05-24,"Johnson&Johnson, Moderna, Oxford/AstraZeneca, Pfizer/BioNTech",3568236,1260407,4828643
2021-05-25,"Johnson&Johnson, Moderna, Oxford/AstraZeneca, Pfizer/BioNTech",3620067,1296196,4916263
2021-05-26,"Johnson&Johnson, Moderna, Oxford/AstraZeneca, Pfizer/BioNTech",3687809,1333704,5021513
2021-05-27,"Johnson&Johnson, Moderna, Oxford/AstraZeneca, Pfizer/BioNTech",3749180,1381011,5130191
2021-05-28,"Johnson&Johnson, Moderna, Oxford/AstraZeneca, Pfizer/BioNTech",3810860,1427563,5238423
2021-05-29,"Johnson&Johnson, Moderna, Oxford/AstraZeneca, Pfizer/BioNTech",3840027,1444659,5284686
2021-05-30,"Johnson&Johnson, Moderna, Oxford/AstraZeneca, Pfizer/BioNTech",3862380,1459088,5321468
2021-05-31,"Johnson&Johnson, Moderna, Oxford/AstraZeneca, Pfizer/BioNTech",3918102,1506619,5424721
2021-06-01,"Johnson&Johnson, Moderna, Oxford/AstraZeneca, Pfizer/BioNTech",3977105,1555443,5532548
2021-06-02,"Johnson&Johnson, Moderna, Oxford/AstraZeneca, Pfizer/BioNTech",4039972,1609395,5649367
2021-06-03,"Johnson&Johnson, Moderna, Oxford/AstraZeneca, Pfizer/BioNTech",4098176,1669576,5767752
2021-06-04,"Johnson&Johnson, Moderna, Oxford/AstraZeneca, Pfizer/BioNTech",4161243,1726965,5888208
2021-06-05,"Johnson&Johnson, Moderna, Oxford/AstraZeneca, Pfizer/BioNTech",4195371,1745789,5941160
2021-06-06,"Johnson&Johnson, Moderna, Oxford/AstraZeneca, Pfizer/BioNTech",4222276,1760914,5983190
2021-06-07,"Johnson&Johnson, Moderna, Oxford/AstraZeneca, Pfizer/BioNTech",4285948,1816517,6102465
2021-06-08,"Johnson&Johnson, Moderna, Oxford/AstraZeneca, Pfizer/BioNTech",4349909,1871478,6221387
2021-06-09,"Johnson&Johnson, Moderna, Oxford/AstraZeneca, Pfizer/BioNTech",4409059,1935999,6345058
2021-06-10,"Johnson&Johnson, Moderna, Oxford/AstraZeneca, Pfizer/BioNTech",4462915,2007162,6470077
2021-06-11,"Johnson&Johnson, Moderna, Oxford/AstraZeneca, Pfizer/BioNTech",4515001,2076892,6591893
2021-06-12,"Johnson&Johnson, Moderna, Oxford/AstraZeneca, Pfizer/BioNTech",4546997,2097664,6644661
2021-06-13,"Johnson&Johnson, Moderna, Oxford/AstraZeneca, Pfizer/BioNTech",4571004,2116044,6687048
2021-06-14,"Johnson&Johnson, Moderna, Oxford/AstraZeneca, Pfizer/BioNTech",4614066,2190386,6804452
2021-06-15,"Johnson&Johnson, Moderna, Oxford/AstraZeneca, Pfizer/BioNTech",4658698,2262692,6921390
2021-06-16,"Johnson&Johnson, Moderna, Oxford/AstraZeneca, Pfizer/BioNTech",4701422,2340876,7042298
2021-06-17,"Johnson&Johnson, Moderna, Oxford/AstraZeneca, Pfizer/BioNTech",4740788,2423896,7164684
2021-06-18,"Johnson&Johnson, Moderna, Oxford/AstraZeneca, Pfizer/BioNTech",4783171,2504352,7287523
2021-06-19,"Johnson&Johnson, Moderna, Oxford/AstraZeneca, Pfizer/BioNTech",4804921,2533596,7338517
2021-06-20,"Johnson&Johnson, Moderna, Oxford/AstraZeneca, Pfizer/BioNTech",4822283,2557392,7379675
2021-06-21,"Johnson&Johnson, Moderna, Oxford/AstraZeneca, Pfizer/BioNTech",4854779,2635911,7490690
2021-06-22,"Johnson&Johnson, Moderna, Oxford/AstraZeneca, Pfizer/BioNTech",4887727,2718117,7605844
2021-06-23,"Johnson&Johnson, Moderna, Oxford/AstraZeneca, Pfizer/BioNTech",4919365,2803276,7722641
2021-06-24,"Johnson&Johnson, Moderna, Oxford/AstraZeneca, Pfizer/BioNTech",4949193,2893230,7842423
2021-06-25,"Johnson&Johnson, Moderna, Oxford/AstraZeneca, Pfizer/BioNTech",4980241,2979299,7959540
2021-06-26,"Johnson&Johnson, Moderna, Oxford/AstraZeneca, Pfizer/BioNTech",4996099,3014070,8010169
2021-06-27,"Johnson&Johnson, Moderna, Oxford/AstraZeneca, Pfizer/BioNTech",5010037,3040684,8050721
2021-06-28,"Johnson&Johnson, Moderna, Oxford/AstraZeneca, Pfizer/BioNTech",5038435,3125808,8164243
2021-06-29,"Johnson&Johnson, Moderna, Oxford/AstraZeneca, Pfizer/BioNTech",5067696,3212212,8279908
2021-06-30,"Johnson&Johnson, Moderna, Oxford/AstraZeneca, Pfizer/BioNTech",5095173,3303131,8398304
2021-07-01,"Johnson&Johnson, Moderna, Oxford/AstraZeneca, Pfizer/BioNTech",5119141,3393128,8512269
2021-07-02,"Johnson&Johnson, Moderna, Oxford/AstraZeneca, Pfizer/BioNTech",5145845,3478919,8624764
2021-07-03,"Johnson&Johnson, Moderna, Oxford/AstraZeneca, Pfizer/BioNTech",5152917,3510400,8663317
2021-07-04,"Johnson&Johnson, Moderna, Oxford/AstraZeneca, Pfizer/BioNTech",5160466,3532173,8692639
2021-07-05,"Johnson&Johnson, Moderna, Oxford/AstraZeneca, Pfizer/BioNTech",5167827,3557518,8725345
2021-07-06,"Johnson&Johnson, Moderna, Oxford/AstraZeneca, Pfizer/BioNTech",5173231,3585131,8758362
2021-07-07,"Johnson&Johnson, Moderna, Oxford/AstraZeneca, Pfizer/BioNTech",5199009,3664050,8863059
2021-07-08,"Johnson&Johnson, Moderna, Oxford/AstraZeneca, Pfizer/BioNTech",5225593,3734313,8959906
2021-07-09,"Johnson&Johnson, Moderna, Oxford/AstraZeneca, Pfizer/BioNTech",5253503,3803521,9057024
2021-07-10,"Johnson&Johnson, Moderna, Oxford/AstraZeneca, Pfizer/BioNTech",5262844,3832110,9094954
2021-07-11,"Johnson&Johnson, Moderna, Oxford/AstraZeneca, Pfizer/BioNTech",5271364,3854966,9126330
2021-07-12,"Johnson&Johnson, Moderna, Oxford/AstraZeneca, Pfizer/BioNTech",5298880,3924001,9222881
2021-07-13,"Johnson&Johnson, Moderna, Oxford/AstraZeneca, Pfizer/BioNTech",5325049,3993808,9318857
2021-07-14,"Johnson&Johnson, Moderna, Oxford/AstraZeneca, Pfizer/BioNTech",5350848,4065720,9416568
2021-07-15,"Johnson&Johnson, Moderna, Oxford/AstraZeneca, Pfizer/BioNTech",5380012,4131659,9511671
2021-07-16,"Johnson&Johnson, Moderna, Oxford/AstraZeneca, Pfizer/BioNTech",5407918,4204305,9612223
2021-07-17,"Johnson&Johnson, Moderna, Oxford/AstraZeneca, Pfizer/BioNTech",5416681,4235700,9652381
2021-07-18,"Johnson&Johnson, Moderna, Oxford/AstraZeneca, Pfizer/BioNTech",5425118,4261667,9686785
2021-07-19,"Johnson&Johnson, Moderna, Oxford/AstraZeneca, Pfizer/BioNTech",5448457,4328634,9777091
2021-07-20,"Johnson&Johnson, Moderna, Oxford/AstraZeneca, Pfizer/BioNTech",5469828,4395611,9865439
2021-07-21,"Johnson&Johnson, Moderna, Oxford/AstraZeneca, Pfizer/BioNTech",5493270,4459011,9952281
2021-07-22,"Johnson&Johnson, Moderna, Oxford/AstraZeneca, Pfizer/BioNTech",5515621,4517566,10033187
2021-07-23,"Johnson&Johnson, Moderna, Oxford/AstraZeneca, Pfizer/BioNTech",5538806,4572242,10111048
2021-07-24,"Johnson&Johnson, Moderna, Oxford/AstraZeneca, Pfizer/BioNTech",5546113,4599864,10145977
2021-07-25,"Johnson&Johnson, Moderna, Oxford/AstraZeneca, Pfizer/BioNTech",5552723,4621959,10174682
2021-07-26,"Johnson&Johnson, Moderna, Oxford/AstraZeneca, Pfizer/BioNTech",5576251,4670572,10246823
2021-07-27,"Johnson&Johnson, Moderna, Oxford/AstraZeneca, Pfizer/BioNTech",5598970,4717133,10316103
2021-07-28,"Johnson&Johnson, Moderna, Oxford/AstraZeneca, Pfizer/BioNTech",5620211,4763046,10383257
2021-07-29,"Johnson&Johnson, Moderna, Oxford/AstraZeneca, Pfizer/BioNTech",5641520,4804925,10446445
2021-07-30,"Johnson&Johnson, Moderna, Oxford/AstraZeneca, Pfizer/BioNTech",5664784,4847409,10512193
2021-07-31,"Johnson&Johnson, Moderna, Oxford/AstraZeneca, Pfizer/BioNTech",5673701,4866909,10540610
2021-08-01,"Johnson&Johnson, Moderna, Oxford/AstraZeneca, Pfizer/BioNTech",5680414,4883055,10563469
2021-08-02,"Johnson&Johnson, Moderna, Oxford/AstraZeneca, Pfizer/BioNTech",5699031,4920551,10619582
2021-08-03,"Johnson&Johnson, Moderna, Oxford/AstraZeneca, Pfizer/BioNTech",5716653,4958593,10675246
2021-08-04,"Johnson&Johnson, Moderna, Oxford/AstraZeneca, Pfizer/BioNTech",5732737,4995274,10728011
2021-08-05,"Johnson&Johnson, Moderna, Oxford/AstraZeneca, Pfizer/BioNTech",5748757,5035690,10784447
2021-08-06,"Johnson&Johnson, Moderna, Oxford/AstraZeneca, Pfizer/BioNTech",5765532,5078913,10844445
2021-08-07,"Johnson&Johnson, Moderna, Oxford/AstraZeneca, Pfizer/BioNTech",5771120,5097052,10868172
2021-08-08,"Johnson&Johnson, Moderna, Oxford/AstraZeneca, Pfizer/BioNTech",5775471,5112782,10888253
2021-08-09,"Johnson&Johnson, Moderna, Oxford/AstraZeneca, Pfizer/BioNTech",5788105,5157785,10945890
2021-08-10,"Johnson&Johnson, Moderna, Oxford/AstraZeneca, Pfizer/BioNTech",5799930,5197304,10997234
2021-08-11,"Johnson&Johnson, Moderna, Oxford/AstraZeneca, Pfizer/BioNTech",5811283,5240387,11051670
2021-08-12,"Johnson&Johnson, Moderna, Oxford/AstraZeneca, Pfizer/BioNTech",5822697,5277462,11100159
2021-08-13,"Johnson&Johnson, Moderna, Oxford/AstraZeneca, Pfizer/BioNTech",5833413,5317751,11151164
2021-08-14,"Johnson&Johnson, Moderna, Oxford/AstraZeneca, Pfizer/BioNTech",5836748,5328428,11165176
2021-08-15,"Johnson&Johnson, Moderna, Oxford/AstraZeneca, Pfizer/BioNTech",5839331,5338783,11178114
2021-08-16,"Johnson&Johnson, Moderna, Oxford/AstraZeneca, Pfizer/BioNTech",5849112,5372815,11221927
2021-08-17,"Johnson&Johnson, Moderna, Oxford/AstraZeneca, Pfizer/BioNTech",5858700,5399875,11258575
2021-08-18,"Johnson&Johnson, Moderna, Oxford/AstraZeneca, Pfizer/BioNTech",5868064,5438712,11306776
2021-08-19,"Johnson&Johnson, Moderna, Oxford/AstraZeneca, Pfizer/BioNTech",5877724,5477029,11354753
2021-08-20,"Johnson&Johnson, Moderna, Oxford/AstraZeneca, Pfizer/BioNTech",5889100,5517188,11406288
2021-08-21,"Johnson&Johnson, Moderna, Oxford/AstraZeneca, Pfizer/BioNTech",5891814,5529923,11421737
2021-08-22,"Johnson&Johnson, Moderna, Oxford/AstraZeneca, Pfizer/BioNTech",5894153,5541876,11436029
2021-08-23,"Johnson&Johnson, Moderna, Oxford/AstraZeneca, Pfizer/BioNTech",5904680,5581112,11485792
2021-08-24,"Johnson&Johnson, Moderna, Oxford/AstraZeneca, Pfizer/BioNTech",5914544,5614333,11528877
2021-08-25,"Johnson&Johnson, Moderna, Oxford/AstraZeneca, Pfizer/BioNTech",5923405,5642674,11566079
2021-08-26,"Johnson&Johnson, Moderna, Oxford/AstraZeneca, Pfizer/BioNTech",5931845,5668778,11600623
2021-08-27,"Johnson&Johnson, Moderna, Oxford/AstraZeneca, Pfizer/BioNTech",5942156,5694696,11636852
2021-08-28,"Johnson&Johnson, Moderna, Oxford/AstraZeneca, Pfizer/BioNTech",5944877,5701724,11646601
2021-08-29,"Johnson&Johnson, Moderna, Oxford/AstraZeneca, Pfizer/BioNTech",5947279,5708336,11655615
2021-08-30,"Johnson&Johnson, Moderna, Oxford/AstraZeneca, Pfizer/BioNTech",5955796,5730182,11685978
2021-08-31,"Johnson&Johnson, Moderna, Oxford/AstraZeneca, Pfizer/BioNTech",5963460,5748239,11711699
2021-09-01,"Johnson&Johnson, Moderna, Oxford/AstraZeneca, Pfizer/BioNTech",5969340,5762211,11731551
2021-09-02,"Johnson&Johnson, Moderna, Oxford/AstraZeneca, Pfizer/BioNTech",5976165,5776575,11752740
2021-09-03,"Johnson&Johnson, Moderna, Oxford/AstraZeneca, Pfizer/BioNTech",5985716,5792258,11777974
2021-09-04,"Johnson&Johnson, Moderna, Oxford/AstraZeneca, Pfizer/BioNTech",5987779,5795805,11783584
2021-09-05,"Johnson&Johnson, Moderna, Oxford/AstraZeneca, Pfizer/BioNTech",5989812,5798645,11788457
2021-09-06,"Johnson&Johnson, Moderna, Oxford/AstraZeneca, Pfizer/BioNTech",5996041,5811157,11807198
2021-09-07,"Johnson&Johnson, Moderna, Oxford/AstraZeneca, Pfizer/BioNTech",6000417,5822244,11822661
2021-09-08,"Johnson&Johnson, Moderna, Oxford/AstraZeneca, Pfizer/BioNTech",6006074,5832072,11838146
2021-09-09,"Johnson&Johnson, Moderna, Oxford/AstraZeneca, Pfizer/BioNTech",6012749,5842121,11854870
2021-09-10,"Johnson&Johnson, Moderna, Oxford/AstraZeneca, Pfizer/BioNTech",6020428,5854283,11874711
2021-09-11,"Johnson&Johnson, Moderna, Oxford/AstraZeneca, Pfizer/BioNTech",6022289,5856755,11879044
2021-09-12,"Johnson&Johnson, Moderna, Oxford/AstraZeneca, Pfizer/BioNTech",6023403,5858378,11881781
2021-09-13,"Johnson&Johnson, Moderna, Oxford/AstraZeneca, Pfizer/BioNTech",6028825,5868661,11897486
2021-09-14,"Johnson&Johnson, Moderna, Oxford/AstraZeneca, Pfizer/BioNTech",6034207,5877659,11911866
2021-09-15,"Johnson&Johnson, Moderna, Oxford/AstraZeneca, Pfizer/BioNTech",6039393,5886168,11925561
2021-09-16,"Johnson&Johnson, Moderna, Oxford/AstraZeneca, Pfizer/BioNTech",6044735,5894426,11939161
2021-09-17,"Johnson&Johnson, Moderna, Oxford/AstraZeneca, Pfizer/BioNTech",6051300,5904636,11955936
2021-09-18,"Johnson&Johnson, Moderna, Oxford/AstraZeneca, Pfizer/BioNTech",6053024,5906985,11960009
2021-09-19,"Johnson&Johnson, Moderna, Oxford/AstraZeneca, Pfizer/BioNTech",6053965,5908548,11962513
2021-09-20,"Johnson&Johnson, Moderna, Oxford/AstraZeneca, Pfizer/BioNTech",6057971,5916732,11974703
2021-09-21,"Johnson&Johnson, Moderna, Oxford/AstraZeneca, Pfizer/BioNTech",6062198,5924256,11986454
2021-09-22,"Johnson&Johnson, Moderna, Oxford/AstraZeneca, Pfizer/BioNTech",6066371,5929762,11996133
2021-09-23,"Johnson&Johnson, Moderna, Oxford/AstraZeneca, Pfizer/BioNTech",6071346,5936160,12007506
2021-09-24,"Johnson&Johnson, Moderna, Oxford/AstraZeneca, Pfizer/BioNTech",6077098,5945766,12022864
2021-09-25,"Johnson&Johnson, Moderna, Oxford/AstraZeneca, Pfizer/BioNTech",6078588,5947752,12026340
2021-09-26,"Johnson&Johnson, Moderna, Pfizer/BioNTech",6079328,5949381,12028709
2021-09-27,"Johnson&Johnson, Moderna, Oxford/AstraZeneca, Pfizer/BioNTech",6083203,5955868,12039071
2021-09-28,"Johnson&Johnson, Moderna, Pfizer/BioNTech",6083560,5956470,12040030
2021-09-29,"Johnson&Johnson, Moderna, Oxford/AstraZeneca, Pfizer/BioNTech",6087330,5963912,12051242
2021-09-30,"Johnson&Johnson, Moderna, Oxford/AstraZeneca, Pfizer/BioNTech",6091825,5971595,12063420
2021-10-01,"Johnson&Johnson, Moderna, Oxford/AstraZeneca, Pfizer/BioNTech",6096110,5979548,12075658
2021-10-02,"Johnson&Johnson, Moderna, Oxford/AstraZeneca, Pfizer/BioNTech",6097169,5981083,12078252
2021-10-03,"Johnson&Johnson, Moderna, Pfizer/BioNTech",6097884,5981944,12079828
2021-10-04,"Johnson&Johnson, Moderna, Oxford/AstraZeneca, Pfizer/BioNTech",6100951,5987507,12088458
2021-10-05,"Johnson&Johnson, Moderna, Oxford/AstraZeneca, Pfizer/BioNTech",6104104,5992567,12096671
2021-10-06,"Johnson&Johnson, Moderna, Oxford/AstraZeneca, Pfizer/BioNTech",6107614,5997722,12105336
2021-10-07,"Johnson&Johnson, Moderna, Oxford/AstraZeneca, Pfizer/BioNTech",6110884,6002967,12113851
2021-10-08,"Johnson&Johnson, Moderna, Oxford/AstraZeneca, Pfizer/BioNTech",6115665,6009580,12125245
2021-10-09,"Johnson&Johnson, Moderna, Oxford/AstraZeneca, Pfizer/BioNTech",6116904,6011231,12128135
2021-10-10,"Johnson&Johnson, Moderna, Oxford/AstraZeneca, Pfizer/BioNTech",6117844,6012060,12129904
2021-10-11,"Johnson&Johnson, Moderna, Oxford/AstraZeneca, Pfizer/BioNTech",6120770,6016463,12137233
2021-10-12,"Johnson&Johnson, Moderna, Oxford/AstraZeneca, Pfizer/BioNTech",6123688,6020456,12144144
2021-10-13,"Johnson&Johnson, Moderna, Oxford/AstraZeneca, Pfizer/BioNTech",6127221,6024633,12151854
2021-10-14,"Johnson&Johnson, Moderna, Oxford/AstraZeneca, Pfizer/BioNTech",6130896,6029576,12160472
2021-10-15,"Johnson&Johnson, Moderna, Oxford/AstraZeneca, Pfizer/BioNTech",6136121,6035705,12171826
2021-10-16,"Johnson&Johnson, Moderna, Oxford/AstraZeneca, Pfizer/BioNTech",6137517,6037220,12174737
2021-10-17,"Johnson&Johnson, Moderna, Pfizer/BioNTech",6138836,6038272,12177108
2021-10-18,"Johnson&Johnson, Moderna, Oxford/AstraZeneca, Pfizer/BioNTech",6142945,6042363,12185308
2021-10-19,"Johnson&Johnson, Moderna, Oxford/AstraZeneca, Pfizer/BioNTech",6146514,6044447,12190961
2021-10-20,"Johnson&Johnson, Moderna, Oxford/AstraZeneca, Pfizer/BioNTech",6151376,6048889,12200265
2021-10-21,"Johnson&Johnson, Moderna, Oxford/AstraZeneca, Pfizer/BioNTech",6159126,6054475,12213601
2021-10-22,"Johnson&Johnson, Moderna, Oxford/AstraZeneca, Pfizer/BioNTech",6169565,6060973,12230538
2021-10-23,"Johnson&Johnson, Moderna, Pfizer/BioNTech",6173235,6063172,12236407
2021-10-24,"Johnson&Johnson, Moderna, Pfizer/BioNTech",6175918,6064944,12240862
2021-10-25,"Johnson&Johnson, Moderna, Oxford/AstraZeneca, Pfizer/BioNTech",6186393,6070737,12257130
2021-10-26,"Johnson&Johnson, Moderna, Oxford/AstraZeneca, Pfizer/BioNTech",6198312,6077269,12275581
2021-10-27,"Johnson&Johnson, Moderna, Oxford/AstraZeneca, Pfizer/BioNTech",6212906,6084664,12297570
2021-10-28,"Johnson&Johnson, Moderna, Oxford/AstraZeneca, Pfizer/BioNTech",6216310,6086333,12302643
2021-10-29,"Johnson&Johnson, Moderna, Oxford/AstraZeneca, Pfizer/BioNTech",6230727,6094294,12325021
2021-10-30,"Johnson&Johnson, Moderna, Pfizer/BioNTech",6235255,6097207,12332462
2021-10-31,"Johnson&Johnson, Moderna, Oxford/AstraZeneca, Pfizer/BioNTech",6239015,6099677,12338692
2021-11-01,"Johnson&Johnson, Moderna, Oxford/AstraZeneca, Pfizer/BioNTech",6254200,6107358,12361558
2021-11-02,"Johnson&Johnson, Moderna, Oxford/AstraZeneca, Pfizer/BioNTech",6269632,6114903,12384535
2021-11-03,"Johnson&Johnson, Moderna, Oxford/AstraZeneca, Pfizer/BioNTech",6286783,6122190,12408973
2021-11-04,"Johnson&Johnson, Moderna, Oxford/AstraZeneca, Pfizer/BioNTech",6305092,6130353,12435445
2021-11-05,"Johnson&Johnson, Moderna, Oxford/AstraZeneca, Pfizer/BioNTech",6327861,6141615,12469476
2021-11-06,"Johnson&Johnson, Moderna, Oxford/AstraZeneca, Pfizer/BioNTech",6334361,6144663,12479024
2021-11-07,"Johnson&Johnson, Moderna, Oxford/AstraZeneca, Pfizer/BioNTech",6338377,6147094,12485471
2021-11-08,"Johnson&Johnson, Moderna, Oxford/AstraZeneca, Pfizer/BioNTech",6354621,6154717,12509338
2021-11-09,"Johnson&Johnson, Moderna, Oxford/AstraZeneca, Pfizer/BioNTech",6369372,6161999,12531371
2021-11-10,"Johnson&Johnson, Moderna, Oxford/AstraZeneca, Pfizer/BioNTech",6385065,6169366,12554431
2021-11-11,"Johnson&Johnson, Moderna, Oxford/AstraZeneca, Pfizer/BioNTech",6400448,6178459,12578907
2021-11-12,"Johnson&Johnson, Moderna, Oxford/AstraZeneca, Pfizer/BioNTech",6420186,6191218,12611404
2021-11-13,"Johnson&Johnson, Moderna, Oxford/AstraZeneca, Pfizer/BioNTech",6425565,6195076,12620641
2021-11-14,"Johnson&Johnson, Moderna, Oxford/AstraZeneca, Pfizer/BioNTech",6429444,6198075,12627519
2021-11-15,"Johnson&Johnson, Moderna, Oxford/AstraZeneca, Pfizer/BioNTech",6444431,6208754,12653185
2021-11-16,"Johnson&Johnson, Moderna, Oxford/AstraZeneca, Pfizer/BioNTech",6461844,6220661,12682505
2021-11-17,"Johnson&Johnson, Moderna, Oxford/AstraZeneca, Pfizer/BioNTech",6466050,6224217,12690267
2021-11-18,"Johnson&Johnson, Moderna, Oxford/AstraZeneca, Pfizer/BioNTech",6485362,6235870,12721232
2021-11-19,"Johnson&Johnson, Moderna, Oxford/AstraZeneca, Pfizer/BioNTech",6509814,6252826,12762640
2021-11-20,"Johnson&Johnson, Moderna, Oxford/AstraZeneca, Pfizer/BioNTech",6518345,6257792,12776137
2021-11-21,"Johnson&Johnson, Moderna, Oxford/AstraZeneca, Pfizer/BioNTech",6525087,6261556,12786643
2021-11-22,"Johnson&Johnson, Moderna, Oxford/AstraZeneca, Pfizer/BioNTech",6543401,6275633,12819034
2021-11-23,"Johnson&Johnson, Moderna, Oxford/AstraZeneca, Pfizer/BioNTech",6562335,6288864,12851199
2021-11-24,"Johnson&Johnson, Moderna, Oxford/AstraZeneca, Pfizer/BioNTech",6581209,6304672,12885881
2021-11-25,"Johnson&Johnson, Moderna, Oxford/AstraZeneca, Pfizer/BioNTech",6600238,6319654,12919892
2021-11-26,"Johnson&Johnson, Moderna, Oxford/AstraZeneca, Pfizer/BioNTech",6621734,6338703,12960437
2021-11-27,"Johnson&Johnson, Moderna, Oxford/AstraZeneca, Pfizer/BioNTech",6629135,6344218,12973353
2021-11-28,"Johnson&Johnson, Moderna, Pfizer/BioNTech",6632445,6347344,12979789
2021-11-29,"Johnson&Johnson, Moderna, Oxford/AstraZeneca, Pfizer/BioNTech",6647574,6360942,13008516
2021-11-30,"Johnson&Johnson, Moderna, Oxford/AstraZeneca, Pfizer/BioNTech",6660687,6372100,13032787
2021-12-01,"Johnson&Johnson, Moderna, Oxford/AstraZeneca, Pfizer/BioNTech",6674578,6384450,13059028
2021-12-02,"Johnson&Johnson, Moderna, Oxford/AstraZeneca, Pfizer/BioNTech",6685125,6396848,13081973
2021-12-03,"Johnson&Johnson, Moderna, Oxford/AstraZeneca, Pfizer/BioNTech",6694548,6412265,13106813
2021-12-04,"Johnson&Johnson, Moderna, Oxford/AstraZeneca, Pfizer/BioNTech",6697066,6416184,13113250
2021-12-05,"Johnson&Johnson, Moderna, Oxford/AstraZeneca, Pfizer/BioNTech",6698403,6418497,13116900
2021-12-06,"Johnson&Johnson, Moderna, Oxford/AstraZeneca, Pfizer/BioNTech",6706454,6429922,13136376
2021-12-07,"Johnson&Johnson, Moderna, Oxford/AstraZeneca, Pfizer/BioNTech",6714184,6441788,13155972
2021-12-08,"Johnson&Johnson, Moderna, Oxford/AstraZeneca, Pfizer/BioNTech",6722340,6447605,13169945
2021-12-09,"Johnson&Johnson, Moderna, Oxford/AstraZeneca, Pfizer/BioNTech",6729298,6460230,13189528
2021-12-10,"Johnson&Johnson, Moderna, Oxford/AstraZeneca, Pfizer/BioNTech",6735916,6477642,13213558
2021-12-11,"Johnson&Johnson, Moderna, Oxford/AstraZeneca, Pfizer/BioNTech",6737529,6482845,13220374
2021-12-12,"Johnson&Johnson, Moderna, Oxford/AstraZeneca, Pfizer/BioNTech",6738696,6487192,13225888
