date,vaccine,people_vaccinated,people_fully_vaccinated,total_vaccinations
2020-12-27,Pfizer/BioNTech,1279,0,1279
2020-12-28,Pfizer/BioNTech,3586,0,3586
2020-12-29,Pfizer/BioNTech,7052,0,7052
2020-12-30,Pfizer/BioNTech,10565,0,10565
2020-12-31,Pfizer/BioNTech,11870,0,11870
2021-01-01,"Moderna, Pfizer/BioNTech",12139,0,12139
2021-01-02,Pfizer/BioNTech,13415,0,13415
2021-01-03,Pfizer/BioNTech,14337,0,14337
2021-01-04,"Moderna, Pfizer/BioNTech",17944,0,17944
2021-01-05,"Moderna, Pfizer/BioNTech",22454,0,22454
2021-01-06,"Moderna, Pfizer/BioNTech",28293,1,28294
2021-01-07,"Moderna, Pfizer/BioNTech",36284,1,36285
2021-01-08,"Moderna, Pfizer/BioNTech",46332,1,46333
2021-01-09,"Moderna, Pfizer/BioNTech",48356,2,48358
2021-01-10,Pfizer/BioNTech,50121,4,50125
2021-01-11,Pfizer/BioNTech,59972,6,59978
2021-01-12,"Moderna, Pfizer/BioNTech",73414,8,73422
2021-01-13,Pfizer/BioNTech,86948,8,86956
2021-01-14,"Moderna, Pfizer/BioNTech",102169,12,102181
2021-01-15,"Moderna, Pfizer/BioNTech",116170,13,116183
2021-01-16,"Moderna, Pfizer/BioNTech",119562,16,119578
2021-01-17,"Moderna, Pfizer/BioNTech",122176,652,122828
2021-01-18,"Moderna, Pfizer/BioNTech",134652,2479,137131
2021-01-19,"Moderna, Pfizer/BioNTech",147251,5201,152452
2021-01-20,"Moderna, Pfizer/BioNTech",160924,7856,168780
2021-01-21,"Moderna, Pfizer/BioNTech",176571,9596,186167
2021-01-22,"Moderna, Pfizer/BioNTech",191438,10640,202078
2021-01-23,"Moderna, Pfizer/BioNTech",194754,11518,206272
2021-01-24,"Moderna, Pfizer/BioNTech",197007,12386,209393
2021-01-25,"Moderna, Pfizer/BioNTech",206646,15360,222006
2021-01-26,"Moderna, Pfizer/BioNTech",217183,19345,236528
2021-01-27,"Moderna, Pfizer/BioNTech",226209,23882,250091
2021-01-28,"Moderna, Pfizer/BioNTech",233303,30008,263311
2021-01-29,"Moderna, Pfizer/BioNTech",239511,37914,277425
2021-01-30,"Moderna, Pfizer/BioNTech",240246,39002,279248
2021-01-31,"Moderna, Pfizer/BioNTech",240959,40183,281142
2021-02-01,"Moderna, Pfizer/BioNTech",244937,48137,293074
2021-02-02,"Moderna, Pfizer/BioNTech",249073,58365,307438
2021-02-03,"Moderna, Pfizer/BioNTech",253487,69367,322854
2021-02-04,"Moderna, Pfizer/BioNTech",258382,82347,340729
2021-02-05,"Moderna, Pfizer/BioNTech",263842,93011,356853
2021-02-06,"Moderna, Oxford/AstraZeneca, Pfizer/BioNTech",264688,95372,360060
2021-02-07,"Moderna, Pfizer/BioNTech",265535,97870,363405
2021-02-08,"Moderna, Oxford/AstraZeneca, Pfizer/BioNTech",269608,109300,378908
2021-02-09,"Moderna, Oxford/AstraZeneca, Pfizer/BioNTech",274698,121205,395903
2021-02-10,"Moderna, Oxford/AstraZeneca, Pfizer/BioNTech",280201,134445,414646
2021-02-11,"Moderna, Oxford/AstraZeneca, Pfizer/BioNTech",286522,150650,437172
2021-02-12,"Moderna, Oxford/AstraZeneca, Pfizer/BioNTech",293287,165373,458660
2021-02-13,"Moderna, Oxford/AstraZeneca, Pfizer/BioNTech",294894,168359,463253
2021-02-14,"Moderna, Oxford/AstraZeneca, Pfizer/BioNTech",295895,169744,465639
2021-02-15,"Moderna, Oxford/AstraZeneca, Pfizer/BioNTech",302294,179095,481389
2021-02-16,"Moderna, Oxford/AstraZeneca, Pfizer/BioNTech",311010,188168,499178
2021-02-17,"Moderna, Oxford/AstraZeneca, Pfizer/BioNTech",320703,196472,517175
2021-02-18,"Moderna, Oxford/AstraZeneca, Pfizer/BioNTech",333017,204541,537558
2021-02-19,"Moderna, Oxford/AstraZeneca, Pfizer/BioNTech",344867,211892,556759
2021-02-20,"Moderna, Oxford/AstraZeneca, Pfizer/BioNTech",346858,213072,559930
2021-02-21,"Moderna, Oxford/AstraZeneca, Pfizer/BioNTech",347985,214094,562079
2021-02-22,"Moderna, Oxford/AstraZeneca, Pfizer/BioNTech",358100,220119,578219
2021-02-23,"Moderna, Oxford/AstraZeneca, Pfizer/BioNTech",371040,227089,598129
2021-02-24,"Moderna, Oxford/AstraZeneca, Pfizer/BioNTech",384908,233122,618030
2021-02-25,"Moderna, Oxford/AstraZeneca, Pfizer/BioNTech",402870,238669,641539
2021-02-26,"Moderna, Oxford/AstraZeneca, Pfizer/BioNTech",419030,244009,663039
2021-02-27,"Moderna, Oxford/AstraZeneca, Pfizer/BioNTech",422037,244564,666601
2021-02-28,"Moderna, Oxford/AstraZeneca, Pfizer/BioNTech",424381,245111,669492
2021-03-01,"Moderna, Oxford/AstraZeneca, Pfizer/BioNTech",443953,248553,692506
2021-03-02,"Moderna, Oxford/AstraZeneca, Pfizer/BioNTech",471168,252091,723259
2021-03-03,"Moderna, Oxford/AstraZeneca, Pfizer/BioNTech",502023,256591,758614
2021-03-04,"Moderna, Oxford/AstraZeneca, Pfizer/BioNTech",535288,261270,796558
2021-03-05,"Johnson&Johnson, Moderna, Oxford/AstraZeneca, Pfizer/BioNTech",564089,266680,830769
2021-03-06,"Johnson&Johnson, Moderna, Oxford/AstraZeneca, Pfizer/BioNTech",576226,267534,843760
2021-03-07,"Johnson&Johnson, Moderna, Oxford/AstraZeneca, Pfizer/BioNTech",587757,268373,856130
2021-03-08,"Johnson&Johnson, Moderna, Oxford/AstraZeneca, Pfizer/BioNTech",617465,273217,890682
2021-03-09,"Johnson&Johnson, Moderna, Oxford/AstraZeneca, Pfizer/BioNTech",653800,279595,933395
2021-03-10,"Moderna, Oxford/AstraZeneca, Pfizer/BioNTech",695086,286538,981624
2021-03-11,"Johnson&Johnson, Moderna, Oxford/AstraZeneca, Pfizer/BioNTech",739882,294907,1034789
2021-03-12,"Johnson&Johnson, Moderna, Oxford/AstraZeneca, Pfizer/BioNTech",778656,303369,1082025
2021-03-13,"Johnson&Johnson, Moderna, Oxford/AstraZeneca, Pfizer/BioNTech",795723,304672,1100395
2021-03-14,"Moderna, Oxford/AstraZeneca, Pfizer/BioNTech",807826,305820,1113646
2021-03-15,"Moderna, Oxford/AstraZeneca, Pfizer/BioNTech",836196,314592,1150788
2021-03-16,"Johnson&Johnson, Moderna, Oxford/AstraZeneca, Pfizer/BioNTech",875069,325119,1200188
2021-03-17,"Moderna, Oxford/AstraZeneca, Pfizer/BioNTech",912516,335620,1248136
2021-03-18,"Johnson&Johnson, Moderna, Oxford/AstraZeneca, Pfizer/BioNTech",950466,348023,1298489
2021-03-19,"Moderna, Oxford/AstraZeneca, Pfizer/BioNTech",984921,361622,1346543
2021-03-20,"Johnson&Johnson, Moderna, Oxford/AstraZeneca, Pfizer/BioNTech",1000048,363642,1363690
2021-03-21,"Johnson&Johnson, Moderna, Oxford/AstraZeneca, Pfizer/BioNTech",1007454,365193,1372647
2021-03-22,"Johnson&Johnson, Moderna, Oxford/AstraZeneca, Pfizer/BioNTech",1031974,377690,1409664
2021-03-23,"Johnson&Johnson, Moderna, Oxford/AstraZeneca, Pfizer/BioNTech",1058597,391039,1449636
2021-03-24,"Johnson&Johnson, Moderna, Oxford/AstraZeneca, Pfizer/BioNTech",1085433,406765,1492198
2021-03-25,"Moderna, Oxford/AstraZeneca, Pfizer/BioNTech",1111741,424602,1536343
2021-03-26,"Johnson&Johnson, Moderna, Oxford/AstraZeneca, Pfizer/BioNTech",1136533,442091,1578624
2021-03-27,"Johnson&Johnson, Moderna, Oxford/AstraZeneca, Pfizer/BioNTech",1144959,446935,1591894
2021-03-28,"Moderna, Oxford/AstraZeneca, Pfizer/BioNTech",1150494,451073,1601567
2021-03-29,"Johnson&Johnson, Moderna, Oxford/AstraZeneca, Pfizer/BioNTech",1169606,471788,1641394
2021-03-30,"Johnson&Johnson, Moderna, Oxford/AstraZeneca, Pfizer/BioNTech",1194287,493956,1688243
2021-03-31,"Johnson&Johnson, Moderna, Oxford/AstraZeneca, Pfizer/BioNTech",1217368,521006,1738374
2021-04-01,"Johnson&Johnson, Moderna, Oxford/AstraZeneca, Pfizer/BioNTech",1242962,553043,1796005
2021-04-02,"Johnson&Johnson, Moderna, Oxford/AstraZeneca, Pfizer/BioNTech",1249873,565827,1815700
2021-04-03,"Johnson&Johnson, Moderna, Oxford/AstraZeneca, Pfizer/BioNTech",1253479,576742,1830221
2021-04-04,"Johnson&Johnson, Moderna, Oxford/AstraZeneca, Pfizer/BioNTech",1255982,585657,1841639
2021-04-05,"Johnson&Johnson, Moderna, Oxford/AstraZeneca, Pfizer/BioNTech",1258371,592835,1851206
2021-04-06,"Johnson&Johnson, Moderna, Oxford/AstraZeneca, Pfizer/BioNTech",1274484,622072,1896556
2021-04-07,"Johnson&Johnson, Moderna, Oxford/AstraZeneca, Pfizer/BioNTech",1297878,644290,1942168
2021-04-08,"Johnson&Johnson, Moderna, Oxford/AstraZeneca, Pfizer/BioNTech",1336553,675296,2011849
2021-04-09,"Johnson&Johnson, Moderna, Oxford/AstraZeneca, Pfizer/BioNTech",1376069,705466,2081535
2021-04-10,"Johnson&Johnson, Moderna, Oxford/AstraZeneca, Pfizer/BioNTech",1391543,720755,2112298
2021-04-11,"Johnson&Johnson, Moderna, Oxford/AstraZeneca, Pfizer/BioNTech",1401309,730786,2132095
2021-04-12,"Johnson&Johnson, Moderna, Oxford/AstraZeneca, Pfizer/BioNTech",1439538,755908,2195446
2021-04-13,"Moderna, Oxford/AstraZeneca, Pfizer/BioNTech",1475764,781941,2257705
2021-04-14,"Moderna, Oxford/AstraZeneca, Pfizer/BioNTech",1514549,809286,2323835
2021-04-15,"Moderna, Oxford/AstraZeneca, Pfizer/BioNTech",1562311,834994,2397305
2021-04-16,"Moderna, Oxford/AstraZeneca, Pfizer/BioNTech",1606935,860618,2467553
2021-04-17,"Moderna, Oxford/AstraZeneca, Pfizer/BioNTech",1623611,869641,2493252
2021-04-18,"Moderna, Oxford/AstraZeneca, Pfizer/BioNTech",1636587,874622,2511209
2021-04-19,"Moderna, Oxford/AstraZeneca, Pfizer/BioNTech",1680565,890077,2570642
2021-04-20,"Johnson&Johnson, Moderna, Oxford/AstraZeneca, Pfizer/BioNTech",1723088,905933,2629021
2021-04-21,"Moderna, Oxford/AstraZeneca, Pfizer/BioNTech",1770798,920273,2691071
2021-04-22,"Johnson&Johnson, Moderna, Oxford/AstraZeneca, Pfizer/BioNTech",1825266,937644,2762910
2021-04-23,"Johnson&Johnson, Moderna, Oxford/AstraZeneca, Pfizer/BioNTech",1875205,949686,2824891
2021-04-24,"Johnson&Johnson, Moderna, Oxford/AstraZeneca, Pfizer/BioNTech",1893024,954925,2847949
2021-04-25,"Johnson&Johnson, Moderna, Oxford/AstraZeneca, Pfizer/BioNTech",1907702,958914,2866616
2021-04-26,"Johnson&Johnson, Moderna, Oxford/AstraZeneca, Pfizer/BioNTech",1957267,966453,2923720
2021-04-27,"Johnson&Johnson, Moderna, Oxford/AstraZeneca, Pfizer/BioNTech",2006219,978668,2984887
2021-04-28,"Johnson&Johnson, Moderna, Oxford/AstraZeneca, Pfizer/BioNTech",2064951,992645,3057596
2021-04-29,"Johnson&Johnson, Moderna, Oxford/AstraZeneca, Pfizer/BioNTech",2130483,1008509,3138992
2021-04-30,"Johnson&Johnson, Moderna, Oxford/AstraZeneca, Pfizer/BioNTech",2192683,1018457,3211140
2021-05-01,"Johnson&Johnson, Moderna, Oxford/AstraZeneca, Pfizer/BioNTech",2211987,1021890,3233877
2021-05-02,"Johnson&Johnson, Moderna, Oxford/AstraZeneca, Pfizer/BioNTech",2230889,1024153,3255042
2021-05-03,"Johnson&Johnson, Moderna, Oxford/AstraZeneca, Pfizer/BioNTech",2298110,1029198,3327308
2021-05-04,"Johnson&Johnson, Moderna, Oxford/AstraZeneca, Pfizer/BioNTech",2364578,1037509,3402087
2021-05-05,"Johnson&Johnson, Moderna, Oxford/AstraZeneca, Pfizer/BioNTech",2437709,1046890,3484599
2021-05-06,"Johnson&Johnson, Moderna, Oxford/AstraZeneca, Pfizer/BioNTech",2518075,1057582,3575657
2021-05-07,"Johnson&Johnson, Moderna, Oxford/AstraZeneca, Pfizer/BioNTech",2595287,1067616,3662903
2021-05-08,"Johnson&Johnson, Moderna, Oxford/AstraZeneca, Pfizer/BioNTech",2624697,1069364,3694061
2021-05-09,"Johnson&Johnson, Moderna, Oxford/AstraZeneca, Pfizer/BioNTech",2648872,1070559,3719431
2021-05-10,"Johnson&Johnson, Moderna, Oxford/AstraZeneca, Pfizer/BioNTech",2721601,1077760,3799361
2021-05-11,"Johnson&Johnson, Moderna, Oxford/AstraZeneca, Pfizer/BioNTech",2797682,1086545,3884227
2021-05-12,"Johnson&Johnson, Moderna, Oxford/AstraZeneca, Pfizer/BioNTech",2877511,1095622,3973133
2021-05-13,"Johnson&Johnson, Moderna, Oxford/AstraZeneca, Pfizer/BioNTech",2961503,1104761,4066264
2021-05-14,"Johnson&Johnson, Moderna, Oxford/AstraZeneca, Pfizer/BioNTech",3040909,1112519,4153428
2021-05-15,"Johnson&Johnson, Moderna, Oxford/AstraZeneca, Pfizer/BioNTech",3072757,1114731,4187488
2021-05-16,"Johnson&Johnson, Moderna, Oxford/AstraZeneca, Pfizer/BioNTech",3098501,1115981,4214482
2021-05-17,"Johnson&Johnson, Moderna, Oxford/AstraZeneca, Pfizer/BioNTech",3170983,1122676,4293659
2021-05-18,"Johnson&Johnson, Moderna, Oxford/AstraZeneca, Pfizer/BioNTech",3242889,1135691,4378580
2021-05-19,"Johnson&Johnson, Moderna, Oxford/AstraZeneca, Pfizer/BioNTech",3320319,1150789,4471108
2021-05-20,"Johnson&Johnson, Moderna, Oxford/AstraZeneca, Pfizer/BioNTech",3395723,1177777,4573500
2021-05-21,"Johnson&Johnson, Moderna, Oxford/AstraZeneca, Pfizer/BioNTech",3464451,1205484,4669935
2021-05-22,"Johnson&Johnson, Moderna, Oxford/AstraZeneca, Pfizer/BioNTech",3496797,1216635,4713432
2021-05-23,"Johnson&Johnson, Moderna, Oxford/AstraZeneca, Pfizer/BioNTech",3519119,1225647,4744766
2021-05-24,"Johnson&Johnson, Moderna, Oxford/AstraZeneca, Pfizer/BioNTech",3566237,1259260,4825497
2021-05-25,"Johnson&Johnson, Moderna, Oxford/AstraZeneca, Pfizer/BioNTech",3618074,1295016,4913090
2021-05-26,"Johnson&Johnson, Moderna, Oxford/AstraZeneca, Pfizer/BioNTech",3685807,1332499,5018306
2021-05-27,"Johnson&Johnson, Moderna, Oxford/AstraZeneca, Pfizer/BioNTech",3747177,1379770,5126947
2021-05-28,"Johnson&Johnson, Moderna, Oxford/AstraZeneca, Pfizer/BioNTech",3808847,1426266,5235113
2021-05-29,"Johnson&Johnson, Moderna, Oxford/AstraZeneca, Pfizer/BioNTech",3838003,1443344,5281347
2021-05-30,"Johnson&Johnson, Moderna, Oxford/AstraZeneca, Pfizer/BioNTech",3860344,1457753,5318097
2021-05-31,"Johnson&Johnson, Moderna, Oxford/AstraZeneca, Pfizer/BioNTech",3916059,1505270,5421329
2021-06-01,"Johnson&Johnson, Moderna, Oxford/AstraZeneca, Pfizer/BioNTech",3975065,1554061,5529126
2021-06-02,"Johnson&Johnson, Moderna, Oxford/AstraZeneca, Pfizer/BioNTech",4037933,1607983,5645916
2021-06-03,"Johnson&Johnson, Moderna, Oxford/AstraZeneca, Pfizer/BioNTech",4096145,1668140,5764285
2021-06-04,"Johnson&Johnson, Moderna, Oxford/AstraZeneca, Pfizer/BioNTech",4159215,1725467,5884682
2021-06-05,"Johnson&Johnson, Moderna, Oxford/AstraZeneca, Pfizer/BioNTech",4193340,1744253,5937593
2021-06-06,"Johnson&Johnson, Moderna, Oxford/AstraZeneca, Pfizer/BioNTech",4220242,1759352,5979594
2021-06-07,"Johnson&Johnson, Moderna, Oxford/AstraZeneca, Pfizer/BioNTech",4283912,1814936,6098848
2021-06-08,"Johnson&Johnson, Moderna, Oxford/AstraZeneca, Pfizer/BioNTech",4347879,1869862,6217741
2021-06-09,"Johnson&Johnson, Moderna, Oxford/AstraZeneca, Pfizer/BioNTech",4407059,1934286,6341345
2021-06-10,"Johnson&Johnson, Moderna, Oxford/AstraZeneca, Pfizer/BioNTech",4460941,2005351,6466292
2021-06-11,"Johnson&Johnson, Moderna, Oxford/AstraZeneca, Pfizer/BioNTech",4513031,2075026,6588057
2021-06-12,"Johnson&Johnson, Moderna, Oxford/AstraZeneca, Pfizer/BioNTech",4545020,2095764,6640784
2021-06-13,"Johnson&Johnson, Moderna, Oxford/AstraZeneca, Pfizer/BioNTech",4569025,2114127,6683152
2021-06-14,"Johnson&Johnson, Moderna, Oxford/AstraZeneca, Pfizer/BioNTech",4612088,2188441,6800529
2021-06-15,"Johnson&Johnson, Moderna, Oxford/AstraZeneca, Pfizer/BioNTech",4656726,2260713,6917439
2021-06-16,"Johnson&Johnson, Moderna, Oxford/AstraZeneca, Pfizer/BioNTech",4699453,2338859,7038312
2021-06-17,"Johnson&Johnson, Moderna, Oxford/AstraZeneca, Pfizer/BioNTech",4738823,2421847,7160670
2021-06-18,"Johnson&Johnson, Moderna, Oxford/AstraZeneca, Pfizer/BioNTech",4781202,2502269,7283471
2021-06-19,"Johnson&Johnson, Moderna, Oxford/AstraZeneca, Pfizer/BioNTech",4802944,2531492,7334436
2021-06-20,"Johnson&Johnson, Moderna, Oxford/AstraZeneca, Pfizer/BioNTech",4820301,2555267,7375568
2021-06-21,"Johnson&Johnson, Moderna, Oxford/AstraZeneca, Pfizer/BioNTech",4852800,2633759,7486559
2021-06-22,"Johnson&Johnson, Moderna, Oxford/AstraZeneca, Pfizer/BioNTech",4885756,2715934,7601690
2021-06-23,"Johnson&Johnson, Moderna, Oxford/AstraZeneca, Pfizer/BioNTech",4917408,2801070,7718478
2021-06-24,"Johnson&Johnson, Moderna, Oxford/AstraZeneca, Pfizer/BioNTech",4947242,2891018,7838260
2021-06-25,"Johnson&Johnson, Moderna, Oxford/AstraZeneca, Pfizer/BioNTech",4978288,2977070,7955358
2021-06-26,"Johnson&Johnson, Moderna, Oxford/AstraZeneca, Pfizer/BioNTech",4994142,3011819,8005961
2021-06-27,"Johnson&Johnson, Moderna, Oxford/AstraZeneca, Pfizer/BioNTech",5008077,3038416,8046493
2021-06-28,"Johnson&Johnson, Moderna, Oxford/AstraZeneca, Pfizer/BioNTech",5036484,3123512,8159996
2021-06-29,"Johnson&Johnson, Moderna, Oxford/AstraZeneca, Pfizer/BioNTech",5065747,3209896,8275643
2021-06-30,"Johnson&Johnson, Moderna, Oxford/AstraZeneca, Pfizer/BioNTech",5093233,3300763,8393996
2021-07-01,"Johnson&Johnson, Moderna, Oxford/AstraZeneca, Pfizer/BioNTech",5117200,3390717,8507917
2021-07-02,"Johnson&Johnson, Moderna, Oxford/AstraZeneca, Pfizer/BioNTech",5143911,3476457,8620368
2021-07-03,"Johnson&Johnson, Moderna, Oxford/AstraZeneca, Pfizer/BioNTech",5150983,3507919,8658902
2021-07-04,"Johnson&Johnson, Moderna, Oxford/AstraZeneca, Pfizer/BioNTech",5158530,3529684,8688214
2021-07-05,"Johnson&Johnson, Moderna, Oxford/AstraZeneca, Pfizer/BioNTech",5165881,3555007,8720888
2021-07-06,"Johnson&Johnson, Moderna, Oxford/AstraZeneca, Pfizer/BioNTech",5171282,3582590,8753872
2021-07-07,"Johnson&Johnson, Moderna, Oxford/AstraZeneca, Pfizer/BioNTech",5197058,3661480,8858538
2021-07-08,"Johnson&Johnson, Moderna, Oxford/AstraZeneca, Pfizer/BioNTech",5223645,3731714,8955359
2021-07-09,"Johnson&Johnson, Moderna, Oxford/AstraZeneca, Pfizer/BioNTech",5251546,3800900,9052446
2021-07-10,"Johnson&Johnson, Moderna, Oxford/AstraZeneca, Pfizer/BioNTech",5260886,3829475,9090361
2021-07-11,"Johnson&Johnson, Moderna, Oxford/AstraZeneca, Pfizer/BioNTech",5269402,3852327,9121729
2021-07-12,"Johnson&Johnson, Moderna, Oxford/AstraZeneca, Pfizer/BioNTech",5296921,3921353,9218274
2021-07-13,"Johnson&Johnson, Moderna, Oxford/AstraZeneca, Pfizer/BioNTech",5323092,3991150,9314242
2021-07-14,"Johnson&Johnson, Moderna, Oxford/AstraZeneca, Pfizer/BioNTech",5348891,4063058,9411949
2021-07-15,"Johnson&Johnson, Moderna, Oxford/AstraZeneca, Pfizer/BioNTech",5378061,4128989,9507050
2021-07-16,"Johnson&Johnson, Moderna, Oxford/AstraZeneca, Pfizer/BioNTech",5405957,4201613,9607570
2021-07-17,"Johnson&Johnson, Moderna, Oxford/AstraZeneca, Pfizer/BioNTech",5414717,4233002,9647719
2021-07-18,"Johnson&Johnson, Moderna, Oxford/AstraZeneca, Pfizer/BioNTech",5423151,4258964,9682115
2021-07-19,"Johnson&Johnson, Moderna, Oxford/AstraZeneca, Pfizer/BioNTech",5446486,4325919,9772405
2021-07-20,"Johnson&Johnson, Moderna, Oxford/AstraZeneca, Pfizer/BioNTech",5467861,4392888,9860749
2021-07-21,"Johnson&Johnson, Moderna, Oxford/AstraZeneca, Pfizer/BioNTech",5491304,4456267,9947571
2021-07-22,"Johnson&Johnson, Moderna, Oxford/AstraZeneca, Pfizer/BioNTech",5513651,4514814,10028465
2021-07-23,"Johnson&Johnson, Moderna, Oxford/AstraZeneca, Pfizer/BioNTech",5536831,4569475,10106306
2021-07-24,"Johnson&Johnson, Moderna, Oxford/AstraZeneca, Pfizer/BioNTech",5544135,4597087,10141222
2021-07-25,"Johnson&Johnson, Moderna, Oxford/AstraZeneca, Pfizer/BioNTech",5550737,4619178,10169915
2021-07-26,"Johnson&Johnson, Moderna, Oxford/AstraZeneca, Pfizer/BioNTech",5574251,4667767,10242018
2021-07-27,"Johnson&Johnson, Moderna, Oxford/AstraZeneca, Pfizer/BioNTech",5596972,4714322,10311294
2021-07-28,"Johnson&Johnson, Moderna, Oxford/AstraZeneca, Pfizer/BioNTech",5618201,4760214,10378415
2021-07-29,"Johnson&Johnson, Moderna, Oxford/AstraZeneca, Pfizer/BioNTech",5639503,4802079,10441582
2021-07-30,"Johnson&Johnson, Moderna, Oxford/AstraZeneca, Pfizer/BioNTech",5662767,4844549,10507316
2021-07-31,"Johnson&Johnson, Moderna, Oxford/AstraZeneca, Pfizer/BioNTech",5671681,4864043,10535724
2021-08-01,"Johnson&Johnson, Moderna, Oxford/AstraZeneca, Pfizer/BioNTech",5678394,4880180,10558574
2021-08-02,"Johnson&Johnson, Moderna, Oxford/AstraZeneca, Pfizer/BioNTech",5697006,4917667,10614673
2021-08-03,"Johnson&Johnson, Moderna, Oxford/AstraZeneca, Pfizer/BioNTech",5714625,4955704,10670329
2021-08-04,"Johnson&Johnson, Moderna, Oxford/AstraZeneca, Pfizer/BioNTech",5730700,4992365,10723065
2021-08-05,"Johnson&Johnson, Moderna, Oxford/AstraZeneca, Pfizer/BioNTech",5746707,5032764,10779471
2021-08-06,"Johnson&Johnson, Moderna, Oxford/AstraZeneca, Pfizer/BioNTech",5763478,5075977,10839455
2021-08-07,"Johnson&Johnson, Moderna, Oxford/AstraZeneca, Pfizer/BioNTech",5769060,5094108,10863168
2021-08-08,"Johnson&Johnson, Moderna, Oxford/AstraZeneca, Pfizer/BioNTech",5773407,5109832,10883239
2021-08-09,"Johnson&Johnson, Moderna, Oxford/AstraZeneca, Pfizer/BioNTech",5786038,5154826,10940864
2021-08-10,"Johnson&Johnson, Moderna, Oxford/AstraZeneca, Pfizer/BioNTech",5797862,5194341,10992203
2021-08-11,"Johnson&Johnson, Moderna, Oxford/AstraZeneca, Pfizer/BioNTech",5809209,5237417,11046626
2021-08-12,"Johnson&Johnson, Moderna, Oxford/AstraZeneca, Pfizer/BioNTech",5820614,5274488,11095102
2021-08-13,"Johnson&Johnson, Moderna, Oxford/AstraZeneca, Pfizer/BioNTech",5831319,5314760,11146079
2021-08-14,"Johnson&Johnson, Moderna, Oxford/AstraZeneca, Pfizer/BioNTech",5834653,5325437,11160090
2021-08-15,"Johnson&Johnson, Moderna, Oxford/AstraZeneca, Pfizer/BioNTech",5837227,5335790,11173017
2021-08-16,"Johnson&Johnson, Moderna, Oxford/AstraZeneca, Pfizer/BioNTech",5846997,5369813,11216810
2021-08-17,"Johnson&Johnson, Moderna, Oxford/AstraZeneca, Pfizer/BioNTech",5856582,5396868,11253450
2021-08-18,"Johnson&Johnson, Moderna, Oxford/AstraZeneca, Pfizer/BioNTech",5865946,5435696,11301642
2021-08-19,"Johnson&Johnson, Moderna, Oxford/AstraZeneca, Pfizer/BioNTech",5875605,5474006,11349611
2021-08-20,"Johnson&Johnson, Moderna, Oxford/AstraZeneca, Pfizer/BioNTech",5886975,5514152,11401127
2021-08-21,"Johnson&Johnson, Moderna, Oxford/AstraZeneca, Pfizer/BioNTech",5889687,5526885,11416572
2021-08-22,"Johnson&Johnson, Moderna, Oxford/AstraZeneca, Pfizer/BioNTech",5892024,5538834,11430858
2021-08-23,"Johnson&Johnson, Moderna, Oxford/AstraZeneca, Pfizer/BioNTech",5902552,5578053,11480605
2021-08-24,"Johnson&Johnson, Moderna, Oxford/AstraZeneca, Pfizer/BioNTech",5912410,5611265,11523675
2021-08-25,"Johnson&Johnson, Moderna, Oxford/AstraZeneca, Pfizer/BioNTech",5921265,5639592,11560857
2021-08-26,"Johnson&Johnson, Moderna, Oxford/AstraZeneca, Pfizer/BioNTech",5929704,5665683,11595387
2021-08-27,"Johnson&Johnson, Moderna, Oxford/AstraZeneca, Pfizer/BioNTech",5940011,5691592,11631603
2021-08-28,"Johnson&Johnson, Moderna, Oxford/AstraZeneca, Pfizer/BioNTech",5942730,5698615,11641345
2021-08-29,"Johnson&Johnson, Moderna, Oxford/AstraZeneca, Pfizer/BioNTech",5945131,5705222,11650353
2021-08-30,"Johnson&Johnson, Moderna, Oxford/AstraZeneca, Pfizer/BioNTech",5953647,5727060,11680707
2021-08-31,"Johnson&Johnson, Moderna, Oxford/AstraZeneca, Pfizer/BioNTech",5961301,5745110,11706411
2021-09-01,"Johnson&Johnson, Moderna, Oxford/AstraZeneca, Pfizer/BioNTech",5967182,5759079,11726261
2021-09-02,"Johnson&Johnson, Moderna, Oxford/AstraZeneca, Pfizer/BioNTech",5973998,5773438,11747436
2021-09-03,"Johnson&Johnson, Moderna, Oxford/AstraZeneca, Pfizer/BioNTech",5983539,5789116,11772655
2021-09-04,"Johnson&Johnson, Moderna, Oxford/AstraZeneca, Pfizer/BioNTech",5985599,5792660,11778259
2021-09-05,"Johnson&Johnson, Moderna, Oxford/AstraZeneca, Pfizer/BioNTech",5987631,5795493,11783124
2021-09-06,"Johnson&Johnson, Moderna, Oxford/AstraZeneca, Pfizer/BioNTech",5993841,5807992,11801833
2021-09-07,"Johnson&Johnson, Moderna, Oxford/AstraZeneca, Pfizer/BioNTech",5998198,5819069,11817267
2021-09-08,"Johnson&Johnson, Moderna, Oxford/AstraZeneca, Pfizer/BioNTech",6003849,5828894,11832743
2021-09-09,"Johnson&Johnson, Moderna, Oxford/AstraZeneca, Pfizer/BioNTech",6010503,5838938,11849441
2021-09-10,"Johnson&Johnson, Moderna, Oxford/AstraZeneca, Pfizer/BioNTech",6018167,5851093,11869260
2021-09-11,"Johnson&Johnson, Moderna, Oxford/AstraZeneca, Pfizer/BioNTech",6020026,5853563,11873589
2021-09-12,"Johnson&Johnson, Moderna, Oxford/AstraZeneca, Pfizer/BioNTech",6021139,5855183,11876322
2021-09-13,"Johnson&Johnson, Moderna, Oxford/AstraZeneca, Pfizer/BioNTech",6026552,5865464,11892016
2021-09-14,"Johnson&Johnson, Moderna, Oxford/AstraZeneca, Pfizer/BioNTech",6031920,5874457,11906377
2021-09-15,"Johnson&Johnson, Moderna, Oxford/AstraZeneca, Pfizer/BioNTech",6037096,5882964,11920060
2021-09-16,"Johnson&Johnson, Moderna, Oxford/AstraZeneca, Pfizer/BioNTech",6042423,5891215,11933638
2021-09-17,"Johnson&Johnson, Moderna, Oxford/AstraZeneca, Pfizer/BioNTech",6048966,5901410,11950376
2021-09-18,"Johnson&Johnson, Moderna, Oxford/AstraZeneca, Pfizer/BioNTech",6050688,5903757,11954445
2021-09-19,"Johnson&Johnson, Moderna, Oxford/AstraZeneca, Pfizer/BioNTech",6051627,5905320,11956947
2021-09-20,"Johnson&Johnson, Moderna, Oxford/AstraZeneca, Pfizer/BioNTech",6055620,5913505,11969125
2021-09-21,"Johnson&Johnson, Moderna, Oxford/AstraZeneca, Pfizer/BioNTech",6059826,5921027,11980853
2021-09-22,"Johnson&Johnson, Moderna, Oxford/AstraZeneca, Pfizer/BioNTech",6063988,5926530,11990518
2021-09-23,"Johnson&Johnson, Moderna, Oxford/AstraZeneca, Pfizer/BioNTech",6068951,5932927,12001878
2021-09-24,"Johnson&Johnson, Moderna, Oxford/AstraZeneca, Pfizer/BioNTech",6074694,5942532,12017226
2021-09-25,"Johnson&Johnson, Moderna, Oxford/AstraZeneca, Pfizer/BioNTech",6076184,5944517,12020701
2021-09-26,"Johnson&Johnson, Moderna, Pfizer/BioNTech",6076922,5946142,12023064
2021-09-27,"Johnson&Johnson, Moderna, Oxford/AstraZeneca, Pfizer/BioNTech",6080783,5952625,12033408
2021-09-28,"Johnson&Johnson, Moderna, Pfizer/BioNTech",6081139,5953226,12034365
2021-09-29,"Johnson&Johnson, Moderna, Oxford/AstraZeneca, Pfizer/BioNTech",6084909,5960668,12045577
2021-09-30,"Johnson&Johnson, Moderna, Oxford/AstraZeneca, Pfizer/BioNTech",6089398,5968335,12057733
2021-10-01,"Johnson&Johnson, Moderna, Oxford/AstraZeneca, Pfizer/BioNTech",6093657,5976277,12069934
2021-10-02,"Johnson&Johnson, Moderna, Pfizer/BioNTech",6094701,5977806,12072507
2021-10-03,"Johnson&Johnson, Moderna, Pfizer/BioNTech",6095405,5978667,12074072
2021-10-04,"Johnson&Johnson, Moderna, Oxford/AstraZeneca, Pfizer/BioNTech",6098457,5984227,12082684
2021-10-05,"Johnson&Johnson, Moderna, Oxford/AstraZeneca, Pfizer/BioNTech",6101579,5989284,12090863
2021-10-06,"Johnson&Johnson, Moderna, Oxford/AstraZeneca, Pfizer/BioNTech",6105069,5994436,12099505
2021-10-07,"Johnson&Johnson, Moderna, Oxford/AstraZeneca, Pfizer/BioNTech",6108319,5999677,12107996
2021-10-08,"Johnson&Johnson, Moderna, Oxford/AstraZeneca, Pfizer/BioNTech",6113090,6006289,12119379
2021-10-09,"Johnson&Johnson, Moderna, Pfizer/BioNTech",6114327,6007935,12122262
2021-10-10,"Johnson&Johnson, Moderna, Oxford/AstraZeneca, Pfizer/BioNTech",6115267,6008763,12124030
2021-10-11,"Johnson&Johnson, Moderna, Oxford/AstraZeneca, Pfizer/BioNTech",6118178,6013159,12131337
2021-10-12,"Johnson&Johnson, Moderna, Oxford/AstraZeneca, Pfizer/BioNTech",6121025,6017140,12138165
2021-10-13,"Johnson&Johnson, Moderna, Oxford/AstraZeneca, Pfizer/BioNTech",6124511,6021313,12145824
2021-10-14,"Johnson&Johnson, Moderna, Oxford/AstraZeneca, Pfizer/BioNTech",6128166,6026249,12154415
2021-10-15,"Johnson&Johnson, Moderna, Oxford/AstraZeneca, Pfizer/BioNTech",6133308,6032376,12165684
2021-10-16,"Johnson&Johnson, Moderna, Oxford/AstraZeneca, Pfizer/BioNTech",6134678,6033889,12168567
2021-10-17,"Johnson&Johnson, Moderna, Pfizer/BioNTech",6135997,6034940,12170937
2021-10-18,"Johnson&Johnson, Moderna, Oxford/AstraZeneca, Pfizer/BioNTech",6140052,6039026,12179078
2021-10-19,"Johnson&Johnson, Moderna, Oxford/AstraZeneca, Pfizer/BioNTech",6143589,6041104,12184693
2021-10-20,"Johnson&Johnson, Moderna, Oxford/AstraZeneca, Pfizer/BioNTech",6148380,6045540,12193920
2021-10-21,"Johnson&Johnson, Moderna, Oxford/AstraZeneca, Pfizer/BioNTech",6155994,6051126,12207120
2021-10-22,"Johnson&Johnson, Moderna, Oxford/AstraZeneca, Pfizer/BioNTech",6166357,6057619,12223976
2021-10-23,"Johnson&Johnson, Moderna, Pfizer/BioNTech",6170011,6059819,12229830
2021-10-24,"Johnson&Johnson, Moderna, Pfizer/BioNTech",6172691,6061588,12234279
2021-10-25,"Johnson&Johnson, Moderna, Oxford/AstraZeneca, Pfizer/BioNTech",6183085,6067377,12250462
2021-10-26,"Johnson&Johnson, Moderna, Oxford/AstraZeneca, Pfizer/BioNTech",6194842,6073898,12268740
2021-10-27,"Johnson&Johnson, Moderna, Oxford/AstraZeneca, Pfizer/BioNTech",6209302,6081281,12290583
2021-10-28,"Johnson&Johnson, Moderna, Pfizer/BioNTech",6212645,6082944,12295589
2021-10-29,"Johnson&Johnson, Moderna, Oxford/AstraZeneca, Pfizer/BioNTech",6226965,6090893,12317858
2021-10-30,"Johnson&Johnson, Moderna, Pfizer/BioNTech",6231484,6093799,12325283
2021-10-31,"Johnson&Johnson, Moderna, Oxford/AstraZeneca, Pfizer/BioNTech",6235231,6096259,12331490
2021-11-01,"Johnson&Johnson, Moderna, Oxford/AstraZeneca, Pfizer/BioNTech",6250231,6103928,12354159
2021-11-02,"Johnson&Johnson, Moderna, Oxford/AstraZeneca, Pfizer/BioNTech",6265468,6111396,12376864
2021-11-03,"Johnson&Johnson, Moderna, Oxford/AstraZeneca, Pfizer/BioNTech",6282509,6118660,12401169
2021-11-04,"Johnson&Johnson, Moderna, Oxford/AstraZeneca, Pfizer/BioNTech",6300634,6126797,12427431
2021-11-05,"Johnson&Johnson, Moderna, Oxford/AstraZeneca, Pfizer/BioNTech",6323265,6138038,12461303
2021-11-06,"Johnson&Johnson, Moderna, Oxford/AstraZeneca, Pfizer/BioNTech",6329691,6141063,12470754
2021-11-07,"Johnson&Johnson, Moderna, Oxford/AstraZeneca, Pfizer/BioNTech",6333678,6143493,12477171
2021-11-08,"Johnson&Johnson, Moderna, Oxford/AstraZeneca, Pfizer/BioNTech",6349798,6151102,12500900
2021-11-09,"Johnson&Johnson, Moderna, Oxford/AstraZeneca, Pfizer/BioNTech",6364434,6158356,12522790
2021-11-10,"Johnson&Johnson, Moderna, Oxford/AstraZeneca, Pfizer/BioNTech",6379981,6165652,12545633
2021-11-11,"Johnson&Johnson, Moderna, Oxford/AstraZeneca, Pfizer/BioNTech",6395218,6174622,12569840
2021-11-12,"Johnson&Johnson, Moderna, Oxford/AstraZeneca, Pfizer/BioNTech",6414736,6187293,12602029
2021-11-13,"Johnson&Johnson, Moderna, Oxford/AstraZeneca, Pfizer/BioNTech",6420073,6191135,12611208
2021-11-14,"Johnson&Johnson, Moderna, Oxford/AstraZeneca, Pfizer/BioNTech",6423929,6194123,12618052
2021-11-15,"Johnson&Johnson, Moderna, Oxford/AstraZeneca, Pfizer/BioNTech",6438823,6204537,12643360
2021-11-16,"Johnson&Johnson, Moderna, Oxford/AstraZeneca, Pfizer/BioNTech",6456111,6216168,12672279
2021-11-17,"Johnson&Johnson, Moderna, Oxford/AstraZeneca, Pfizer/BioNTech",6460147,6219563,12679710
2021-11-18,"Johnson&Johnson, Moderna, Oxford/AstraZeneca, Pfizer/BioNTech",6479277,6230986,12710263
2021-11-19,"Johnson&Johnson, Moderna, Oxford/AstraZeneca, Pfizer/BioNTech",6503493,6247622,12751115
2021-11-20,"Johnson&Johnson, Moderna, Oxford/AstraZeneca, Pfizer/BioNTech",6511910,6252467,12764377
2021-11-21,"Johnson&Johnson, Moderna, Oxford/AstraZeneca, Pfizer/BioNTech",6518571,6256132,12774703
2021-11-22,"Johnson&Johnson, Moderna, Oxford/AstraZeneca, Pfizer/BioNTech",6536548,6269837,12806385
2021-11-23,"Johnson&Johnson, Moderna, Oxford/AstraZeneca, Pfizer/BioNTech",6555121,6282595,12837716
2021-11-24,"Johnson&Johnson, Moderna, Oxford/AstraZeneca, Pfizer/BioNTech",6572523,6297171,12869694
