date,vaccine,people_vaccinated,people_fully_vaccinated,total_vaccinations
2020-12-27,Pfizer/BioNTech,1252,0,1252
2020-12-28,Pfizer/BioNTech,3550,0,3550
2020-12-29,Pfizer/BioNTech,6995,0,6995
2020-12-30,Pfizer/BioNTech,10470,0,10470
2020-12-31,Pfizer/BioNTech,11776,0,11776
2021-01-01,Pfizer/BioNTech,12037,0,12037
2021-01-02,Pfizer/BioNTech,13304,0,13304
2021-01-03,Pfizer/BioNTech,14218,0,14218
2021-01-04,Pfizer/BioNTech,17784,0,17784
2021-01-05,Pfizer/BioNTech,22278,0,22278
2021-01-06,Pfizer/BioNTech,28093,0,28093
2021-01-07,Pfizer/BioNTech,36030,0,36030
2021-01-08,Pfizer/BioNTech,45957,0,45957
2021-01-09,Pfizer/BioNTech,47970,0,47970
2021-01-10,Pfizer/BioNTech,49720,0,49720
2021-01-11,Pfizer/BioNTech,59509,0,59509
2021-01-12,Pfizer/BioNTech,72858,0,72858
2021-01-13,Pfizer/BioNTech,86331,0,86331
2021-01-14,"Moderna, Pfizer/BioNTech",101489,0,101489
2021-01-15,"Moderna, Pfizer/BioNTech",115414,0,115414
2021-01-16,"Moderna, Pfizer/BioNTech",118787,2,118789
2021-01-17,"Moderna, Pfizer/BioNTech",121380,635,122015
2021-01-18,"Moderna, Pfizer/BioNTech",133828,2366,136194
2021-01-19,"Moderna, Pfizer/BioNTech",146330,5063,151393
2021-01-20,"Moderna, Pfizer/BioNTech",159875,7682,167557
2021-01-21,"Moderna, Pfizer/BioNTech",175416,9401,184817
2021-01-22,"Moderna, Pfizer/BioNTech",190154,10435,200589
2021-01-23,"Moderna, Pfizer/BioNTech",193428,11300,204728
2021-01-24,"Moderna, Pfizer/BioNTech",195672,12163,207835
2021-01-25,"Moderna, Pfizer/BioNTech",205268,15105,220373
2021-01-26,"Moderna, Pfizer/BioNTech",215762,19060,234822
2021-01-27,"Moderna, Pfizer/BioNTech",224745,23548,248293
2021-01-28,"Moderna, Pfizer/BioNTech",231774,29625,261399
2021-01-29,"Moderna, Pfizer/BioNTech",237948,37423,275371
2021-01-30,"Moderna, Pfizer/BioNTech",238666,38505,277171
2021-01-31,Pfizer/BioNTech,239367,39675,279042
2021-02-01,"Moderna, Pfizer/BioNTech",243304,47548,290852
2021-02-02,"Moderna, Pfizer/BioNTech",247419,57706,305125
2021-02-03,"Moderna, Pfizer/BioNTech",251800,68649,320449
2021-02-04,"Moderna, Pfizer/BioNTech",256670,81546,338216
2021-02-05,"Moderna, Pfizer/BioNTech",262101,92153,354254
2021-02-06,"Moderna, Pfizer/BioNTech",262937,94487,357424
2021-02-07,"Moderna, Pfizer/BioNTech",263782,96956,360738
2021-02-08,"Moderna, Pfizer/BioNTech",267791,108277,376068
2021-02-09,"Moderna, Pfizer/BioNTech",272829,120114,392943
2021-02-10,"Moderna, Pfizer/BioNTech",278348,133201,411549
2021-02-11,"Moderna, Oxford/AstraZeneca, Pfizer/BioNTech",284627,149263,433890
2021-02-12,"Moderna, Oxford/AstraZeneca, Pfizer/BioNTech",291336,163868,455204
2021-02-13,"Moderna, Oxford/AstraZeneca, Pfizer/BioNTech",292904,166825,459729
2021-02-14,"Moderna, Oxford/AstraZeneca, Pfizer/BioNTech",293892,168190,462082
2021-02-15,"Moderna, Oxford/AstraZeneca, Pfizer/BioNTech",300231,177488,477719
2021-02-16,"Moderna, Oxford/AstraZeneca, Pfizer/BioNTech",308838,186470,495308
2021-02-17,"Moderna, Oxford/AstraZeneca, Pfizer/BioNTech",318487,194645,513132
2021-02-18,"Moderna, Oxford/AstraZeneca, Pfizer/BioNTech",330726,202618,533344
2021-02-19,"Moderna, Oxford/AstraZeneca, Pfizer/BioNTech",342466,209843,552309
2021-02-20,"Moderna, Oxford/AstraZeneca, Pfizer/BioNTech",344387,211005,555392
2021-02-21,"Moderna, Oxford/AstraZeneca, Pfizer/BioNTech",345410,212011,557421
2021-02-22,"Moderna, Oxford/AstraZeneca, Pfizer/BioNTech",355472,217988,573460
2021-02-23,"Moderna, Oxford/AstraZeneca, Pfizer/BioNTech",368273,224909,593182
2021-02-24,"Moderna, Oxford/AstraZeneca, Pfizer/BioNTech",382037,230896,612933
2021-02-25,"Moderna, Oxford/AstraZeneca, Pfizer/BioNTech",399892,236401,636293
2021-02-26,"Moderna, Oxford/AstraZeneca, Pfizer/BioNTech",415913,241708,657621
2021-02-27,"Moderna, Oxford/AstraZeneca, Pfizer/BioNTech",418841,242256,661097
2021-02-28,"Moderna, Oxford/AstraZeneca, Pfizer/BioNTech",421168,242795,663963
2021-03-01,"Moderna, Oxford/AstraZeneca, Pfizer/BioNTech",440445,246173,686618
2021-03-02,"Moderna, Oxford/AstraZeneca, Pfizer/BioNTech",467245,249687,716932
2021-03-03,"Moderna, Oxford/AstraZeneca, Pfizer/BioNTech",497586,254154,751740
2021-03-04,"Moderna, Oxford/AstraZeneca, Pfizer/BioNTech",530402,258770,789172
2021-03-05,"Moderna, Oxford/AstraZeneca, Pfizer/BioNTech",558879,264104,822983
2021-03-06,"Moderna, Oxford/AstraZeneca, Pfizer/BioNTech",570837,264926,835763
2021-03-07,"Moderna, Oxford/AstraZeneca, Pfizer/BioNTech",582187,265752,847939
2021-03-08,"Moderna, Oxford/AstraZeneca, Pfizer/BioNTech",611650,270545,882195
2021-03-09,"Moderna, Oxford/AstraZeneca, Pfizer/BioNTech",647589,276859,924448
2021-03-10,"Moderna, Oxford/AstraZeneca, Pfizer/BioNTech",688448,283754,972202
2021-03-11,"Moderna, Oxford/AstraZeneca, Pfizer/BioNTech",732811,292047,1024858
2021-03-12,"Moderna, Oxford/AstraZeneca, Pfizer/BioNTech",771141,300390,1071531
2021-03-13,"Moderna, Oxford/AstraZeneca, Pfizer/BioNTech",788100,301662,1089762
2021-03-14,"Moderna, Oxford/AstraZeneca, Pfizer/BioNTech",800127,302787,1102914
2021-03-15,"Moderna, Oxford/AstraZeneca, Pfizer/BioNTech",828167,311490,1139657
2021-03-16,"Moderna, Oxford/AstraZeneca, Pfizer/BioNTech",866704,321910,1188614
2021-03-17,"Moderna, Oxford/AstraZeneca, Pfizer/BioNTech",903847,332338,1236185
2021-03-18,"Moderna, Oxford/AstraZeneca, Pfizer/BioNTech",941354,344668,1286022
2021-03-19,"Moderna, Oxford/AstraZeneca, Pfizer/BioNTech",975322,358169,1333491
2021-03-20,"Moderna, Oxford/AstraZeneca, Pfizer/BioNTech",990284,360168,1350452
2021-03-21,"Moderna, Oxford/AstraZeneca, Pfizer/BioNTech",997617,361694,1359311
2021-03-22,"Moderna, Oxford/AstraZeneca, Pfizer/BioNTech",1021686,374040,1395726
2021-03-23,"Moderna, Oxford/AstraZeneca, Pfizer/BioNTech",1047923,387258,1435181
2021-03-24,"Moderna, Oxford/AstraZeneca, Pfizer/BioNTech",1074424,402822,1477246
2021-03-25,"Moderna, Oxford/AstraZeneca, Pfizer/BioNTech",1100457,420590,1521047
2021-03-26,"Moderna, Oxford/AstraZeneca, Pfizer/BioNTech",1124927,437972,1562899
2021-03-27,"Moderna, Oxford/AstraZeneca, Pfizer/BioNTech",1133261,442727,1575988
2021-03-28,"Moderna, Oxford/AstraZeneca, Pfizer/BioNTech",1138735,446819,1585554
2021-03-29,"Moderna, Oxford/AstraZeneca, Pfizer/BioNTech",1157528,467315,1624843
2021-03-30,"Moderna, Oxford/AstraZeneca, Pfizer/BioNTech",1181922,489321,1671243
2021-03-31,"Moderna, Oxford/AstraZeneca, Pfizer/BioNTech",1204706,516116,1720822
2021-04-01,"Moderna, Oxford/AstraZeneca, Pfizer/BioNTech",1229939,547859,1777798
2021-04-02,"Moderna, Oxford/AstraZeneca, Pfizer/BioNTech",1236647,560541,1797188
2021-04-03,"Moderna, Oxford/AstraZeneca, Pfizer/BioNTech",1240109,571407,1811516
2021-04-04,"Moderna, Oxford/AstraZeneca, Pfizer/BioNTech",1242561,580131,1822692
2021-04-05,"Moderna, Oxford/AstraZeneca, Pfizer/BioNTech",1244847,587252,1832099
2021-04-06,"Moderna, Oxford/AstraZeneca, Pfizer/BioNTech",1260738,616274,1877012
2021-04-07,"Moderna, Oxford/AstraZeneca, Pfizer/BioNTech",1283788,638228,1922016
2021-04-08,"Moderna, Oxford/AstraZeneca, Pfizer/BioNTech",1321591,668952,1990543
2021-04-09,"Moderna, Oxford/AstraZeneca, Pfizer/BioNTech",1359954,698753,2058707
2021-04-10,"Moderna, Oxford/AstraZeneca, Pfizer/BioNTech",1375199,713900,2089099
2021-04-11,"Moderna, Oxford/AstraZeneca, Pfizer/BioNTech",1384848,723874,2108722
2021-04-12,"Moderna, Oxford/AstraZeneca, Pfizer/BioNTech",1422243,748492,2170735
2021-04-13,"Moderna, Oxford/AstraZeneca, Pfizer/BioNTech",1457657,774227,2231884
2021-04-14,"Moderna, Oxford/AstraZeneca, Pfizer/BioNTech",1495824,801383,2297207
2021-04-15,"Moderna, Oxford/AstraZeneca, Pfizer/BioNTech",1542933,826845,2369778
2021-04-16,"Moderna, Oxford/AstraZeneca, Pfizer/BioNTech",1586933,852311,2439244
2021-04-17,"Moderna, Oxford/AstraZeneca, Pfizer/BioNTech",1603364,861265,2464629
2021-04-18,"Moderna, Oxford/AstraZeneca, Pfizer/BioNTech",1616238,866199,2482437
2021-04-19,"Moderna, Oxford/AstraZeneca, Pfizer/BioNTech",1659661,881464,2541125
2021-04-20,"Moderna, Oxford/AstraZeneca, Pfizer/BioNTech",1701388,897147,2598535
2021-04-21,"Moderna, Oxford/AstraZeneca, Pfizer/BioNTech",1748456,911188,2659644
2021-04-22,"Johnson&Johnson, Moderna, Oxford/AstraZeneca, Pfizer/BioNTech",1802253,928399,2730652
2021-04-23,"Johnson&Johnson, Moderna, Oxford/AstraZeneca, Pfizer/BioNTech",1851594,940292,2791886
2021-04-24,"Johnson&Johnson, Moderna, Oxford/AstraZeneca, Pfizer/BioNTech",1869134,945463,2814597
2021-04-25,"Johnson&Johnson, Moderna, Oxford/AstraZeneca, Pfizer/BioNTech",1883599,949423,2833022
2021-04-26,"Johnson&Johnson, Moderna, Oxford/AstraZeneca, Pfizer/BioNTech",1932513,956859,2889372
2021-04-27,"Johnson&Johnson, Moderna, Oxford/AstraZeneca, Pfizer/BioNTech",1980796,968896,2949692
2021-04-28,"Johnson&Johnson, Moderna, Oxford/AstraZeneca, Pfizer/BioNTech",2038943,982699,3021642
2021-04-29,"Johnson&Johnson, Moderna, Oxford/AstraZeneca, Pfizer/BioNTech",2103593,998265,3101858
2021-04-30,"Johnson&Johnson, Moderna, Oxford/AstraZeneca, Pfizer/BioNTech",2165000,1007986,3172986
2021-05-01,"Johnson&Johnson, Moderna, Oxford/AstraZeneca, Pfizer/BioNTech",2184092,1011302,3195394
2021-05-02,"Johnson&Johnson, Moderna, Oxford/AstraZeneca, Pfizer/BioNTech",2202750,1013513,3216263
2021-05-03,"Johnson&Johnson, Moderna, Oxford/AstraZeneca, Pfizer/BioNTech",2269145,1018417,3287562
2021-05-04,"Johnson&Johnson, Moderna, Oxford/AstraZeneca, Pfizer/BioNTech",2334554,1026560,3361114
2021-05-05,"Johnson&Johnson, Moderna, Oxford/AstraZeneca, Pfizer/BioNTech",2406503,1035740,3442243
2021-05-06,"Johnson&Johnson, Moderna, Oxford/AstraZeneca, Pfizer/BioNTech",2484873,1046081,3530954
2021-05-07,"Johnson&Johnson, Moderna, Oxford/AstraZeneca, Pfizer/BioNTech",2560614,1055759,3616373
2021-05-08,"Johnson&Johnson, Moderna, Oxford/AstraZeneca, Pfizer/BioNTech",2589528,1057434,3646962
2021-05-09,"Johnson&Johnson, Moderna, Oxford/AstraZeneca, Pfizer/BioNTech",2613520,1058583,3672103
2021-05-10,"Johnson&Johnson, Moderna, Oxford/AstraZeneca, Pfizer/BioNTech",2682293,1065440,3747733
