date,vaccine,people_vaccinated,people_fully_vaccinated,total_vaccinations
2020-12-27,Pfizer/BioNTech,1287,0,1287
2020-12-28,Pfizer/BioNTech,3591,0,3591
2020-12-29,Pfizer/BioNTech,7062,1,7063
2020-12-30,Pfizer/BioNTech,10582,1,10583
2020-12-31,Pfizer/BioNTech,11893,1,11894
2021-01-01,"Moderna, Pfizer/BioNTech",12163,1,12164
2021-01-02,"Moderna, Pfizer/BioNTech",13445,1,13446
2021-01-03,"Moderna, Pfizer/BioNTech",14371,1,14372
2021-01-04,"Moderna, Pfizer/BioNTech",17985,1,17986
2021-01-05,"Moderna, Pfizer/BioNTech",22512,2,22514
2021-01-06,"Moderna, Pfizer/BioNTech",28360,3,28363
2021-01-07,"Moderna, Pfizer/BioNTech",36361,3,36364
2021-01-08,"Moderna, Pfizer/BioNTech",46416,4,46420
2021-01-09,"Moderna, Pfizer/BioNTech",48444,6,48450
2021-01-10,Pfizer/BioNTech,50215,8,50223
2021-01-11,"Moderna, Pfizer/BioNTech",60075,10,60085
2021-01-12,"Moderna, Pfizer/BioNTech",73532,12,73544
2021-01-13,"Moderna, Pfizer/BioNTech",87082,12,87094
2021-01-14,"Moderna, Pfizer/BioNTech",102340,16,102356
2021-01-15,"Moderna, Pfizer/BioNTech",116363,17,116380
2021-01-16,"Moderna, Pfizer/BioNTech",119767,21,119788
2021-01-17,"Moderna, Pfizer/BioNTech",122388,657,123045
2021-01-18,"Moderna, Pfizer/BioNTech",134883,2484,137367
2021-01-19,"Moderna, Pfizer/BioNTech",147497,5213,152710
2021-01-20,"Moderna, Pfizer/BioNTech",161194,7877,169071
2021-01-21,"Moderna, Pfizer/BioNTech",176851,9619,186470
2021-01-22,"Moderna, Pfizer/BioNTech",191746,10665,202411
2021-01-23,"Moderna, Pfizer/BioNTech",195066,11544,206610
2021-01-24,"Moderna, Pfizer/BioNTech",197322,12414,209736
2021-01-25,"Moderna, Pfizer/BioNTech",206977,15388,222365
2021-01-26,"Moderna, Pfizer/BioNTech",217527,19380,236907
2021-01-27,"Moderna, Pfizer/BioNTech",226560,23916,250476
2021-01-28,"Moderna, Pfizer/BioNTech",233663,30051,263714
2021-01-29,"Moderna, Pfizer/BioNTech",239882,37961,277843
2021-01-30,"Moderna, Pfizer/BioNTech",240623,39049,279672
2021-01-31,"Moderna, Pfizer/BioNTech",241341,40231,281572
2021-02-01,"Moderna, Pfizer/BioNTech",245323,48201,293524
2021-02-02,"Moderna, Pfizer/BioNTech",249477,58441,307918
2021-02-03,"Moderna, Pfizer/BioNTech",253904,69465,323369
2021-02-04,"Moderna, Pfizer/BioNTech",258812,82461,341273
2021-02-05,"Moderna, Pfizer/BioNTech",264286,93138,357424
2021-02-06,"Moderna, Oxford/AstraZeneca, Pfizer/BioNTech",265143,95505,360648
2021-02-07,"Moderna, Oxford/AstraZeneca, Pfizer/BioNTech",265995,98005,364000
2021-02-08,"Moderna, Oxford/AstraZeneca, Pfizer/BioNTech",270090,109439,379529
2021-02-09,"Moderna, Oxford/AstraZeneca, Pfizer/BioNTech",275198,121356,396554
2021-02-10,"Moderna, Oxford/AstraZeneca, Pfizer/BioNTech",280715,134619,415334
2021-02-11,"Moderna, Oxford/AstraZeneca, Pfizer/BioNTech",287056,150842,437898
2021-02-12,"Moderna, Oxford/AstraZeneca, Pfizer/BioNTech",293886,165590,459476
2021-02-13,"Moderna, Oxford/AstraZeneca, Pfizer/BioNTech",295501,168579,464080
2021-02-14,"Moderna, Oxford/AstraZeneca, Pfizer/BioNTech",296507,169965,466472
2021-02-15,"Moderna, Oxford/AstraZeneca, Pfizer/BioNTech",302906,179336,482242
2021-02-16,"Moderna, Oxford/AstraZeneca, Pfizer/BioNTech",311628,188420,500048
2021-02-17,"Moderna, Oxford/AstraZeneca, Pfizer/BioNTech",321331,196730,518061
2021-02-18,"Moderna, Oxford/AstraZeneca, Pfizer/BioNTech",333661,204814,538475
2021-02-19,"Moderna, Oxford/AstraZeneca, Pfizer/BioNTech",345527,212194,557721
2021-02-20,"Moderna, Oxford/AstraZeneca, Pfizer/BioNTech",347537,213380,560917
2021-02-21,"Moderna, Oxford/AstraZeneca, Pfizer/BioNTech",348674,214406,563080
2021-02-22,"Moderna, Oxford/AstraZeneca, Pfizer/BioNTech",358801,220444,579245
2021-02-23,"Moderna, Oxford/AstraZeneca, Pfizer/BioNTech",371766,227436,599202
2021-02-24,"Moderna, Oxford/AstraZeneca, Pfizer/BioNTech",385650,233479,619129
2021-02-25,"Moderna, Oxford/AstraZeneca, Pfizer/BioNTech",403634,239031,642665
2021-02-26,"Moderna, Oxford/AstraZeneca, Pfizer/BioNTech",419814,244393,664207
2021-02-27,"Moderna, Oxford/AstraZeneca, Pfizer/BioNTech",422825,244953,667778
2021-02-28,"Moderna, Oxford/AstraZeneca, Pfizer/BioNTech",425183,245505,670688
2021-03-01,"Moderna, Oxford/AstraZeneca, Pfizer/BioNTech",444785,248956,693741
2021-03-02,"Moderna, Oxford/AstraZeneca, Pfizer/BioNTech",472015,252506,724521
2021-03-03,"Moderna, Oxford/AstraZeneca, Pfizer/BioNTech",502976,257017,759993
2021-03-04,"Moderna, Oxford/AstraZeneca, Pfizer/BioNTech",536269,261707,797976
2021-03-05,"Johnson&Johnson, Moderna, Oxford/AstraZeneca, Pfizer/BioNTech",565117,267135,832252
2021-03-06,"Johnson&Johnson, Moderna, Oxford/AstraZeneca, Pfizer/BioNTech",577275,268000,845275
2021-03-07,"Johnson&Johnson, Moderna, Oxford/AstraZeneca, Pfizer/BioNTech",588824,268843,857667
2021-03-08,"Johnson&Johnson, Moderna, Oxford/AstraZeneca, Pfizer/BioNTech",618574,273706,892280
2021-03-09,"Johnson&Johnson, Moderna, Oxford/AstraZeneca, Pfizer/BioNTech",654945,280092,935037
2021-03-10,"Johnson&Johnson, Moderna, Oxford/AstraZeneca, Pfizer/BioNTech",696282,287053,983335
2021-03-11,"Johnson&Johnson, Moderna, Oxford/AstraZeneca, Pfizer/BioNTech",741138,295428,1036566
2021-03-12,"Johnson&Johnson, Moderna, Oxford/AstraZeneca, Pfizer/BioNTech",779906,303925,1083831
2021-03-13,"Johnson&Johnson, Moderna, Oxford/AstraZeneca, Pfizer/BioNTech",797015,305240,1102255
2021-03-14,"Johnson&Johnson, Moderna, Oxford/AstraZeneca, Pfizer/BioNTech",809134,306396,1115530
2021-03-15,"Johnson&Johnson, Moderna, Oxford/AstraZeneca, Pfizer/BioNTech",837532,315179,1152711
2021-03-16,"Johnson&Johnson, Moderna, Oxford/AstraZeneca, Pfizer/BioNTech",876428,325717,1202145
2021-03-17,"Moderna, Oxford/AstraZeneca, Pfizer/BioNTech",913918,336230,1250148
2021-03-18,"Johnson&Johnson, Moderna, Oxford/AstraZeneca, Pfizer/BioNTech",951922,348655,1300577
2021-03-19,"Moderna, Oxford/AstraZeneca, Pfizer/BioNTech",986439,362269,1348708
2021-03-20,"Johnson&Johnson, Moderna, Oxford/AstraZeneca, Pfizer/BioNTech",1001620,364301,1365921
2021-03-21,"Johnson&Johnson, Moderna, Oxford/AstraZeneca, Pfizer/BioNTech",1009063,365861,1374924
2021-03-22,"Johnson&Johnson, Moderna, Oxford/AstraZeneca, Pfizer/BioNTech",1033641,378365,1412006
2021-03-23,"Johnson&Johnson, Moderna, Oxford/AstraZeneca, Pfizer/BioNTech",1060319,391731,1452050
2021-03-24,"Johnson&Johnson, Moderna, Oxford/AstraZeneca, Pfizer/BioNTech",1087206,407480,1494686
2021-03-25,"Johnson&Johnson, Moderna, Oxford/AstraZeneca, Pfizer/BioNTech",1113561,425336,1538897
2021-03-26,"Johnson&Johnson, Moderna, Oxford/AstraZeneca, Pfizer/BioNTech",1138403,442848,1581251
2021-03-27,"Johnson&Johnson, Moderna, Oxford/AstraZeneca, Pfizer/BioNTech",1146862,447694,1594556
2021-03-28,"Moderna, Oxford/AstraZeneca, Pfizer/BioNTech",1152410,451842,1604252
2021-03-29,"Johnson&Johnson, Moderna, Oxford/AstraZeneca, Pfizer/BioNTech",1171568,472580,1644148
2021-03-30,"Johnson&Johnson, Moderna, Oxford/AstraZeneca, Pfizer/BioNTech",1196279,494767,1691046
2021-03-31,"Johnson&Johnson, Moderna, Oxford/AstraZeneca, Pfizer/BioNTech",1219436,521837,1741273
2021-04-01,"Johnson&Johnson, Moderna, Oxford/AstraZeneca, Pfizer/BioNTech",1245122,553899,1799021
2021-04-02,"Johnson&Johnson, Moderna, Oxford/AstraZeneca, Pfizer/BioNTech",1252099,566701,1818800
2021-04-03,"Johnson&Johnson, Moderna, Oxford/AstraZeneca, Pfizer/BioNTech",1255749,577632,1833381
2021-04-04,"Johnson&Johnson, Moderna, Oxford/AstraZeneca, Pfizer/BioNTech",1258290,586557,1844847
2021-04-05,"Johnson&Johnson, Moderna, Oxford/AstraZeneca, Pfizer/BioNTech",1260719,593761,1854480
2021-04-06,"Johnson&Johnson, Moderna, Oxford/AstraZeneca, Pfizer/BioNTech",1276935,623038,1899973
2021-04-07,"Johnson&Johnson, Moderna, Oxford/AstraZeneca, Pfizer/BioNTech",1300439,645282,1945721
2021-04-08,"Johnson&Johnson, Moderna, Oxford/AstraZeneca, Pfizer/BioNTech",1339248,676328,2015576
2021-04-09,"Johnson&Johnson, Moderna, Oxford/AstraZeneca, Pfizer/BioNTech",1378844,706525,2085369
2021-04-10,"Johnson&Johnson, Moderna, Oxford/AstraZeneca, Pfizer/BioNTech",1394410,721838,2116248
2021-04-11,"Johnson&Johnson, Moderna, Oxford/AstraZeneca, Pfizer/BioNTech",1404205,731894,2136099
2021-04-12,"Johnson&Johnson, Moderna, Oxford/AstraZeneca, Pfizer/BioNTech",1442528,757041,2199569
2021-04-13,"Moderna, Oxford/AstraZeneca, Pfizer/BioNTech",1478833,783083,2261916
2021-04-14,"Moderna, Oxford/AstraZeneca, Pfizer/BioNTech",1517716,810458,2328174
2021-04-15,"Moderna, Oxford/AstraZeneca, Pfizer/BioNTech",1565550,836238,2401788
2021-04-16,"Moderna, Oxford/AstraZeneca, Pfizer/BioNTech",1610262,861924,2472186
2021-04-17,"Moderna, Oxford/AstraZeneca, Pfizer/BioNTech",1626987,870951,2497938
2021-04-18,"Moderna, Oxford/AstraZeneca, Pfizer/BioNTech",1639986,875937,2515923
2021-04-19,"Johnson&Johnson, Moderna, Oxford/AstraZeneca, Pfizer/BioNTech",1683960,891380,2575340
2021-04-20,"Johnson&Johnson, Moderna, Oxford/AstraZeneca, Pfizer/BioNTech",1726549,907271,2633820
2021-04-21,"Moderna, Oxford/AstraZeneca, Pfizer/BioNTech",1774323,921640,2695963
2021-04-22,"Johnson&Johnson, Moderna, Oxford/AstraZeneca, Pfizer/BioNTech",1828851,939039,2767890
2021-04-23,"Johnson&Johnson, Moderna, Oxford/AstraZeneca, Pfizer/BioNTech",1878871,951105,2829976
2021-04-24,"Johnson&Johnson, Moderna, Oxford/AstraZeneca, Pfizer/BioNTech",1896748,956371,2853119
2021-04-25,"Johnson&Johnson, Moderna, Oxford/AstraZeneca, Pfizer/BioNTech",1911460,960374,2871834
2021-04-26,"Johnson&Johnson, Moderna, Oxford/AstraZeneca, Pfizer/BioNTech",1961070,967943,2929013
2021-04-27,"Johnson&Johnson, Moderna, Oxford/AstraZeneca, Pfizer/BioNTech",2010064,980194,2990258
2021-04-28,"Johnson&Johnson, Moderna, Oxford/AstraZeneca, Pfizer/BioNTech",2068847,994223,3063070
2021-04-29,"Johnson&Johnson, Moderna, Oxford/AstraZeneca, Pfizer/BioNTech",2134467,1010141,3144608
2021-04-30,"Johnson&Johnson, Moderna, Oxford/AstraZeneca, Pfizer/BioNTech",2196765,1020137,3216902
2021-05-01,"Johnson&Johnson, Moderna, Oxford/AstraZeneca, Pfizer/BioNTech",2216151,1023600,3239751
2021-05-02,"Johnson&Johnson, Moderna, Oxford/AstraZeneca, Pfizer/BioNTech",2235103,1025889,3260992
2021-05-03,"Johnson&Johnson, Moderna, Oxford/AstraZeneca, Pfizer/BioNTech",2302383,1030971,3333354
2021-05-04,"Johnson&Johnson, Moderna, Oxford/AstraZeneca, Pfizer/BioNTech",2368940,1039347,3408287
2021-05-05,"Johnson&Johnson, Moderna, Oxford/AstraZeneca, Pfizer/BioNTech",2442150,1048794,3490944
2021-05-06,"Johnson&Johnson, Moderna, Oxford/AstraZeneca, Pfizer/BioNTech",2522599,1059550,3582149
2021-05-07,"Johnson&Johnson, Moderna, Oxford/AstraZeneca, Pfizer/BioNTech",2599933,1069692,3669625
2021-05-08,"Johnson&Johnson, Moderna, Oxford/AstraZeneca, Pfizer/BioNTech",2629465,1071482,3700947
2021-05-09,"Johnson&Johnson, Moderna, Oxford/AstraZeneca, Pfizer/BioNTech",2653700,1072702,3726402
2021-05-10,"Johnson&Johnson, Moderna, Oxford/AstraZeneca, Pfizer/BioNTech",2726507,1079952,3806459
2021-05-11,"Johnson&Johnson, Moderna, Oxford/AstraZeneca, Pfizer/BioNTech",2802662,1088787,3891449
2021-05-12,"Johnson&Johnson, Moderna, Oxford/AstraZeneca, Pfizer/BioNTech",2882613,1097933,3980546
2021-05-13,"Johnson&Johnson, Moderna, Oxford/AstraZeneca, Pfizer/BioNTech",2966669,1107124,4073793
2021-05-14,"Johnson&Johnson, Moderna, Oxford/AstraZeneca, Pfizer/BioNTech",3046218,1114955,4161173
2021-05-15,"Johnson&Johnson, Moderna, Oxford/AstraZeneca, Pfizer/BioNTech",3078183,1117240,4195423
2021-05-16,"Johnson&Johnson, Moderna, Oxford/AstraZeneca, Pfizer/BioNTech",3103994,1118525,4222519
2021-05-17,"Johnson&Johnson, Moderna, Oxford/AstraZeneca, Pfizer/BioNTech",3176539,1125283,4301822
2021-05-18,"Johnson&Johnson, Moderna, Oxford/AstraZeneca, Pfizer/BioNTech",3248526,1138405,4386931
2021-05-19,"Johnson&Johnson, Moderna, Oxford/AstraZeneca, Pfizer/BioNTech",3326027,1153580,4479607
2021-05-20,"Johnson&Johnson, Moderna, Oxford/AstraZeneca, Pfizer/BioNTech",3401520,1180650,4582170
2021-05-21,"Johnson&Johnson, Moderna, Oxford/AstraZeneca, Pfizer/BioNTech",3470374,1208463,4678837
2021-05-22,"Johnson&Johnson, Moderna, Oxford/AstraZeneca, Pfizer/BioNTech",3502831,1219704,4722535
2021-05-23,"Johnson&Johnson, Moderna, Oxford/AstraZeneca, Pfizer/BioNTech",3525280,1228747,4754027
2021-05-24,"Johnson&Johnson, Moderna, Oxford/AstraZeneca, Pfizer/BioNTech",3572493,1262426,4834919
2021-05-25,"Johnson&Johnson, Moderna, Oxford/AstraZeneca, Pfizer/BioNTech",3624410,1298274,4922684
2021-05-26,"Johnson&Johnson, Moderna, Oxford/AstraZeneca, Pfizer/BioNTech",3692176,1335836,5028012
2021-05-27,"Johnson&Johnson, Moderna, Oxford/AstraZeneca, Pfizer/BioNTech",3753613,1383205,5136818
2021-05-28,"Johnson&Johnson, Moderna, Oxford/AstraZeneca, Pfizer/BioNTech",3815367,1429819,5245186
2021-05-29,"Johnson&Johnson, Moderna, Oxford/AstraZeneca, Pfizer/BioNTech",3844629,1446964,5291593
2021-05-30,"Johnson&Johnson, Moderna, Oxford/AstraZeneca, Pfizer/BioNTech",3867039,1461433,5328472
2021-05-31,"Johnson&Johnson, Moderna, Oxford/AstraZeneca, Pfizer/BioNTech",3922792,1508970,5431762
2021-06-01,"Johnson&Johnson, Moderna, Oxford/AstraZeneca, Pfizer/BioNTech",3981898,1557860,5539758
2021-06-02,"Johnson&Johnson, Moderna, Oxford/AstraZeneca, Pfizer/BioNTech",4044870,1611899,5656769
2021-06-03,"Johnson&Johnson, Moderna, Oxford/AstraZeneca, Pfizer/BioNTech",4103122,1672147,5775269
2021-06-04,"Johnson&Johnson, Moderna, Oxford/AstraZeneca, Pfizer/BioNTech",4166255,1729590,5895845
2021-06-05,"Johnson&Johnson, Moderna, Oxford/AstraZeneca, Pfizer/BioNTech",4200443,1748515,5948958
2021-06-06,"Johnson&Johnson, Moderna, Oxford/AstraZeneca, Pfizer/BioNTech",4227403,1763692,5991095
2021-06-07,"Johnson&Johnson, Moderna, Oxford/AstraZeneca, Pfizer/BioNTech",4291104,1819347,6110451
2021-06-08,"Johnson&Johnson, Moderna, Oxford/AstraZeneca, Pfizer/BioNTech",4355122,1874384,6229506
2021-06-09,"Johnson&Johnson, Moderna, Oxford/AstraZeneca, Pfizer/BioNTech",4414343,1939088,6353431
2021-06-10,"Johnson&Johnson, Moderna, Oxford/AstraZeneca, Pfizer/BioNTech",4468208,2010417,6478625
2021-06-11,"Johnson&Johnson, Moderna, Oxford/AstraZeneca, Pfizer/BioNTech",4520340,2080277,6600617
2021-06-12,"Johnson&Johnson, Moderna, Oxford/AstraZeneca, Pfizer/BioNTech",4552359,2101132,6653491
2021-06-13,"Johnson&Johnson, Moderna, Oxford/AstraZeneca, Pfizer/BioNTech",4576405,2119577,6695982
2021-06-14,"Johnson&Johnson, Moderna, Oxford/AstraZeneca, Pfizer/BioNTech",4619494,2193994,6813488
2021-06-15,"Johnson&Johnson, Moderna, Oxford/AstraZeneca, Pfizer/BioNTech",4664174,2266408,6930582
2021-06-16,"Johnson&Johnson, Moderna, Oxford/AstraZeneca, Pfizer/BioNTech",4706995,2344671,7051666
2021-06-17,"Johnson&Johnson, Moderna, Oxford/AstraZeneca, Pfizer/BioNTech",4746433,2427795,7174228
2021-06-18,"Johnson&Johnson, Moderna, Oxford/AstraZeneca, Pfizer/BioNTech",4788882,2508405,7297287
2021-06-19,"Johnson&Johnson, Moderna, Oxford/AstraZeneca, Pfizer/BioNTech",4810671,2537750,7348421
2021-06-20,"Johnson&Johnson, Moderna, Oxford/AstraZeneca, Pfizer/BioNTech",4828081,2561625,7389706
2021-06-21,"Johnson&Johnson, Moderna, Oxford/AstraZeneca, Pfizer/BioNTech",4860597,2640266,7500863
2021-06-22,"Johnson&Johnson, Moderna, Oxford/AstraZeneca, Pfizer/BioNTech",4893574,2722615,7616189
2021-06-23,"Johnson&Johnson, Moderna, Oxford/AstraZeneca, Pfizer/BioNTech",4925288,2807883,7733171
2021-06-24,"Johnson&Johnson, Moderna, Oxford/AstraZeneca, Pfizer/BioNTech",4955157,2897959,7853116
2021-06-25,"Johnson&Johnson, Moderna, Oxford/AstraZeneca, Pfizer/BioNTech",4986249,2984208,7970457
2021-06-26,"Johnson&Johnson, Moderna, Oxford/AstraZeneca, Pfizer/BioNTech",5002154,3019095,8021249
2021-06-27,"Johnson&Johnson, Moderna, Oxford/AstraZeneca, Pfizer/BioNTech",5016116,3045815,8061931
2021-06-28,"Johnson&Johnson, Moderna, Oxford/AstraZeneca, Pfizer/BioNTech",5044538,3131051,8175589
2021-06-29,"Johnson&Johnson, Moderna, Oxford/AstraZeneca, Pfizer/BioNTech",5073827,3217613,8291440
2021-06-30,"Johnson&Johnson, Moderna, Oxford/AstraZeneca, Pfizer/BioNTech",5101333,3308668,8410001
2021-07-01,"Johnson&Johnson, Moderna, Oxford/AstraZeneca, Pfizer/BioNTech",5125324,3398777,8524101
2021-07-02,"Johnson&Johnson, Moderna, Oxford/AstraZeneca, Pfizer/BioNTech",5152072,3484713,8636785
2021-07-03,"Johnson&Johnson, Moderna, Oxford/AstraZeneca, Pfizer/BioNTech",5159174,3516288,8675462
2021-07-04,"Johnson&Johnson, Moderna, Oxford/AstraZeneca, Pfizer/BioNTech",5166760,3538115,8704875
2021-07-05,"Johnson&Johnson, Moderna, Oxford/AstraZeneca, Pfizer/BioNTech",5174174,3563531,8737705
2021-07-06,"Johnson&Johnson, Moderna, Oxford/AstraZeneca, Pfizer/BioNTech",5179641,3591263,8770904
2021-07-07,"Johnson&Johnson, Moderna, Oxford/AstraZeneca, Pfizer/BioNTech",5205475,3670263,8875738
2021-07-08,"Johnson&Johnson, Moderna, Oxford/AstraZeneca, Pfizer/BioNTech",5232090,3740612,8972702
2021-07-09,"Johnson&Johnson, Moderna, Oxford/AstraZeneca, Pfizer/BioNTech",5260039,3809953,9069992
2021-07-10,"Johnson&Johnson, Moderna, Oxford/AstraZeneca, Pfizer/BioNTech",5269421,3838630,9108051
2021-07-11,"Johnson&Johnson, Moderna, Oxford/AstraZeneca, Pfizer/BioNTech",5277973,3861523,9139496
2021-07-12,"Johnson&Johnson, Moderna, Oxford/AstraZeneca, Pfizer/BioNTech",5305510,3930621,9236131
2021-07-13,"Johnson&Johnson, Moderna, Oxford/AstraZeneca, Pfizer/BioNTech",5331714,4000521,9332235
2021-07-14,"Johnson&Johnson, Moderna, Oxford/AstraZeneca, Pfizer/BioNTech",5357551,4072539,9430090
2021-07-15,"Johnson&Johnson, Moderna, Oxford/AstraZeneca, Pfizer/BioNTech",5386742,4138580,9525322
2021-07-16,"Johnson&Johnson, Moderna, Oxford/AstraZeneca, Pfizer/BioNTech",5414675,4211338,9626013
2021-07-17,"Johnson&Johnson, Moderna, Oxford/AstraZeneca, Pfizer/BioNTech",5423478,4242821,9666299
2021-07-18,"Johnson&Johnson, Moderna, Oxford/AstraZeneca, Pfizer/BioNTech",5431923,4268834,9700757
2021-07-19,"Johnson&Johnson, Moderna, Oxford/AstraZeneca, Pfizer/BioNTech",5455297,4335882,9791179
2021-07-20,"Johnson&Johnson, Moderna, Oxford/AstraZeneca, Pfizer/BioNTech",5476708,4402964,9879672
2021-07-21,"Johnson&Johnson, Moderna, Oxford/AstraZeneca, Pfizer/BioNTech",5500169,4466441,9966610
2021-07-22,"Johnson&Johnson, Moderna, Oxford/AstraZeneca, Pfizer/BioNTech",5522540,4525088,10047628
2021-07-23,"Johnson&Johnson, Moderna, Oxford/AstraZeneca, Pfizer/BioNTech",5545772,4579861,10125633
2021-07-24,"Johnson&Johnson, Moderna, Oxford/AstraZeneca, Pfizer/BioNTech",5553119,4607542,10160661
2021-07-25,"Johnson&Johnson, Moderna, Oxford/AstraZeneca, Pfizer/BioNTech",5559755,4629683,10189438
2021-07-26,"Johnson&Johnson, Moderna, Oxford/AstraZeneca, Pfizer/BioNTech",5583312,4678382,10261694
2021-07-27,"Johnson&Johnson, Moderna, Oxford/AstraZeneca, Pfizer/BioNTech",5606061,4725050,10331111
2021-07-28,"Johnson&Johnson, Moderna, Oxford/AstraZeneca, Pfizer/BioNTech",5627341,4771082,10398423
2021-07-29,"Johnson&Johnson, Moderna, Oxford/AstraZeneca, Pfizer/BioNTech",5648678,4813075,10461753
2021-07-30,"Johnson&Johnson, Moderna, Oxford/AstraZeneca, Pfizer/BioNTech",5671962,4855666,10527628
2021-07-31,"Johnson&Johnson, Moderna, Oxford/AstraZeneca, Pfizer/BioNTech",5680909,4875207,10556116
2021-08-01,"Johnson&Johnson, Moderna, Oxford/AstraZeneca, Pfizer/BioNTech",5687640,4891391,10579031
2021-08-02,"Johnson&Johnson, Moderna, Oxford/AstraZeneca, Pfizer/BioNTech",5706286,4928965,10635251
2021-08-03,"Johnson&Johnson, Moderna, Oxford/AstraZeneca, Pfizer/BioNTech",5723939,4967086,10691025
2021-08-04,"Johnson&Johnson, Moderna, Oxford/AstraZeneca, Pfizer/BioNTech",5740063,5003865,10743928
2021-08-05,"Johnson&Johnson, Moderna, Oxford/AstraZeneca, Pfizer/BioNTech",5756105,5044371,10800476
2021-08-06,"Johnson&Johnson, Moderna, Oxford/AstraZeneca, Pfizer/BioNTech",5772905,5087685,10860590
2021-08-07,"Johnson&Johnson, Moderna, Oxford/AstraZeneca, Pfizer/BioNTech",5778511,5105868,10884379
2021-08-08,"Johnson&Johnson, Moderna, Oxford/AstraZeneca, Pfizer/BioNTech",5782879,5121633,10904512
2021-08-09,"Johnson&Johnson, Moderna, Oxford/AstraZeneca, Pfizer/BioNTech",5795522,5166708,10962230
2021-08-10,"Johnson&Johnson, Moderna, Oxford/AstraZeneca, Pfizer/BioNTech",5807369,5206297,11013666
2021-08-11,"Johnson&Johnson, Moderna, Oxford/AstraZeneca, Pfizer/BioNTech",5818730,5249444,11068174
2021-08-12,"Johnson&Johnson, Moderna, Oxford/AstraZeneca, Pfizer/BioNTech",5830156,5286597,11116753
2021-08-13,"Johnson&Johnson, Moderna, Oxford/AstraZeneca, Pfizer/BioNTech",5840884,5326955,11167839
2021-08-14,"Johnson&Johnson, Moderna, Oxford/AstraZeneca, Pfizer/BioNTech",5844224,5337671,11181895
2021-08-15,"Johnson&Johnson, Moderna, Oxford/AstraZeneca, Pfizer/BioNTech",5846810,5348060,11194870
2021-08-16,"Johnson&Johnson, Moderna, Oxford/AstraZeneca, Pfizer/BioNTech",5856602,5382149,11238751
2021-08-17,"Johnson&Johnson, Moderna, Oxford/AstraZeneca, Pfizer/BioNTech",5866199,5409254,11275453
2021-08-18,"Johnson&Johnson, Moderna, Oxford/AstraZeneca, Pfizer/BioNTech",5875576,5448156,11323732
2021-08-19,"Johnson&Johnson, Moderna, Oxford/AstraZeneca, Pfizer/BioNTech",5885257,5486518,11371775
2021-08-20,"Johnson&Johnson, Moderna, Oxford/AstraZeneca, Pfizer/BioNTech",5896651,5526713,11423364
2021-08-21,"Johnson&Johnson, Moderna, Oxford/AstraZeneca, Pfizer/BioNTech",5899373,5539484,11438857
2021-08-22,"Johnson&Johnson, Moderna, Oxford/AstraZeneca, Pfizer/BioNTech",5901718,5551454,11453172
2021-08-23,"Johnson&Johnson, Moderna, Oxford/AstraZeneca, Pfizer/BioNTech",5912249,5590735,11502984
2021-08-24,"Johnson&Johnson, Moderna, Oxford/AstraZeneca, Pfizer/BioNTech",5922129,5623999,11546128
2021-08-25,"Johnson&Johnson, Moderna, Oxford/AstraZeneca, Pfizer/BioNTech",5930994,5652377,11583371
2021-08-26,"Johnson&Johnson, Moderna, Oxford/AstraZeneca, Pfizer/BioNTech",5939446,5678506,11617952
2021-08-27,"Johnson&Johnson, Moderna, Oxford/AstraZeneca, Pfizer/BioNTech",5949774,5704486,11654260
2021-08-28,"Johnson&Johnson, Moderna, Oxford/AstraZeneca, Pfizer/BioNTech",5952508,5711545,11664053
2021-08-29,"Johnson&Johnson, Moderna, Oxford/AstraZeneca, Pfizer/BioNTech",5954920,5718166,11673086
2021-08-30,"Johnson&Johnson, Moderna, Oxford/AstraZeneca, Pfizer/BioNTech",5963451,5740046,11703497
2021-08-31,"Johnson&Johnson, Moderna, Oxford/AstraZeneca, Pfizer/BioNTech",5971131,5758152,11729283
2021-09-01,"Johnson&Johnson, Moderna, Oxford/AstraZeneca, Pfizer/BioNTech",5977042,5772170,11749212
2021-09-02,"Johnson&Johnson, Moderna, Oxford/AstraZeneca, Pfizer/BioNTech",5983887,5786562,11770449
2021-09-03,"Johnson&Johnson, Moderna, Oxford/AstraZeneca, Pfizer/BioNTech",5993449,5802293,11795742
2021-09-04,"Johnson&Johnson, Moderna, Oxford/AstraZeneca, Pfizer/BioNTech",5995518,5805851,11801369
2021-09-05,"Johnson&Johnson, Moderna, Oxford/AstraZeneca, Pfizer/BioNTech",5997558,5808698,11806256
2021-09-06,"Johnson&Johnson, Moderna, Oxford/AstraZeneca, Pfizer/BioNTech",6003797,5821240,11825037
2021-09-07,"Johnson&Johnson, Moderna, Oxford/AstraZeneca, Pfizer/BioNTech",6008192,5832327,11840519
2021-09-08,"Johnson&Johnson, Moderna, Oxford/AstraZeneca, Pfizer/BioNTech",6013868,5842188,11856056
2021-09-09,"Johnson&Johnson, Moderna, Oxford/AstraZeneca, Pfizer/BioNTech",6020570,5852256,11872826
2021-09-10,"Johnson&Johnson, Moderna, Oxford/AstraZeneca, Pfizer/BioNTech",6028264,5864436,11892700
2021-09-11,"Johnson&Johnson, Moderna, Oxford/AstraZeneca, Pfizer/BioNTech",6030132,5866919,11897051
2021-09-12,"Johnson&Johnson, Moderna, Oxford/AstraZeneca, Pfizer/BioNTech",6031250,5868551,11899801
2021-09-13,"Johnson&Johnson, Moderna, Oxford/AstraZeneca, Pfizer/BioNTech",6036688,5878855,11915543
2021-09-14,"Johnson&Johnson, Moderna, Oxford/AstraZeneca, Pfizer/BioNTech",6042084,5887873,11929957
2021-09-15,"Johnson&Johnson, Moderna, Oxford/AstraZeneca, Pfizer/BioNTech",6047285,5896401,11943686
2021-09-16,"Johnson&Johnson, Moderna, Oxford/AstraZeneca, Pfizer/BioNTech",6052634,5904680,11957314
2021-09-17,"Johnson&Johnson, Moderna, Oxford/AstraZeneca, Pfizer/BioNTech",6059205,5914916,11974121
2021-09-18,"Johnson&Johnson, Moderna, Oxford/AstraZeneca, Pfizer/BioNTech",6060931,5917277,11978208
2021-09-19,"Johnson&Johnson, Moderna, Oxford/AstraZeneca, Pfizer/BioNTech",6061877,5918846,11980723
2021-09-20,"Johnson&Johnson, Moderna, Oxford/AstraZeneca, Pfizer/BioNTech",6065894,5927047,11992941
2021-09-21,"Johnson&Johnson, Moderna, Oxford/AstraZeneca, Pfizer/BioNTech",6070130,5934580,12004710
2021-09-22,"Johnson&Johnson, Moderna, Oxford/AstraZeneca, Pfizer/BioNTech",6074323,5940106,12014429
2021-09-23,"Johnson&Johnson, Moderna, Oxford/AstraZeneca, Pfizer/BioNTech",6079300,5946516,12025816
2021-09-24,"Johnson&Johnson, Moderna, Oxford/AstraZeneca, Pfizer/BioNTech",6085062,5956137,12041199
2021-09-25,"Johnson&Johnson, Moderna, Oxford/AstraZeneca, Pfizer/BioNTech",6086557,5958136,12044693
2021-09-26,"Johnson&Johnson, Moderna, Oxford/AstraZeneca, Pfizer/BioNTech",6087302,5959775,12047077
2021-09-27,"Johnson&Johnson, Moderna, Oxford/AstraZeneca, Pfizer/BioNTech",6091185,5966289,12057474
2021-09-28,"Johnson&Johnson, Moderna, Oxford/AstraZeneca, Pfizer/BioNTech",6091553,5966913,12058466
2021-09-29,"Johnson&Johnson, Moderna, Oxford/AstraZeneca, Pfizer/BioNTech",6095329,5974373,12069702
2021-09-30,"Johnson&Johnson, Moderna, Oxford/AstraZeneca, Pfizer/BioNTech",6099835,5982074,12081909
2021-10-01,"Johnson&Johnson, Moderna, Oxford/AstraZeneca, Pfizer/BioNTech",6104139,5990054,12094193
2021-10-02,"Johnson&Johnson, Moderna, Oxford/AstraZeneca, Pfizer/BioNTech",6105202,5991597,12096799
2021-10-03,"Johnson&Johnson, Moderna, Oxford/AstraZeneca, Pfizer/BioNTech",6105927,5992467,12098394
2021-10-04,"Johnson&Johnson, Moderna, Oxford/AstraZeneca, Pfizer/BioNTech",6109002,5998040,12107042
2021-10-05,"Johnson&Johnson, Moderna, Oxford/AstraZeneca, Pfizer/BioNTech",6112166,6003127,12115293
2021-10-06,"Johnson&Johnson, Moderna, Oxford/AstraZeneca, Pfizer/BioNTech",6115685,6008298,12123983
2021-10-07,"Johnson&Johnson, Moderna, Oxford/AstraZeneca, Pfizer/BioNTech",6118966,6013557,12132523
2021-10-08,"Johnson&Johnson, Moderna, Oxford/AstraZeneca, Pfizer/BioNTech",6123760,6020199,12143959
2021-10-09,"Johnson&Johnson, Moderna, Oxford/AstraZeneca, Pfizer/BioNTech",6125005,6021859,12146864
2021-10-10,"Johnson&Johnson, Moderna, Oxford/AstraZeneca, Pfizer/BioNTech",6125948,6022690,12148638
2021-10-11,"Johnson&Johnson, Moderna, Oxford/AstraZeneca, Pfizer/BioNTech",6128878,6027104,12155982
2021-10-12,"Johnson&Johnson, Moderna, Oxford/AstraZeneca, Pfizer/BioNTech",6131810,6031108,12162918
2021-10-13,"Johnson&Johnson, Moderna, Oxford/AstraZeneca, Pfizer/BioNTech",6135340,6035291,12170631
2021-10-14,"Johnson&Johnson, Moderna, Oxford/AstraZeneca, Pfizer/BioNTech",6139013,6040240,12179253
2021-10-15,"Johnson&Johnson, Moderna, Oxford/AstraZeneca, Pfizer/BioNTech",6144242,6046386,12190628
2021-10-16,"Johnson&Johnson, Moderna, Oxford/AstraZeneca, Pfizer/BioNTech",6145657,6047913,12193570
2021-10-17,"Johnson&Johnson, Moderna, Pfizer/BioNTech",6146984,6048968,12195952
2021-10-18,"Johnson&Johnson, Moderna, Oxford/AstraZeneca, Pfizer/BioNTech",6151099,6053066,12204165
2021-10-19,"Johnson&Johnson, Moderna, Oxford/AstraZeneca, Pfizer/BioNTech",6154679,6055164,12209843
2021-10-20,"Johnson&Johnson, Moderna, Oxford/AstraZeneca, Pfizer/BioNTech",6159559,6059613,12219172
2021-10-21,"Johnson&Johnson, Moderna, Oxford/AstraZeneca, Pfizer/BioNTech",6167324,6065216,12232540
2021-10-22,"Johnson&Johnson, Moderna, Oxford/AstraZeneca, Pfizer/BioNTech",6177779,6071720,12249499
2021-10-23,"Johnson&Johnson, Moderna, Oxford/AstraZeneca, Pfizer/BioNTech",6181454,6073926,12255380
2021-10-24,"Johnson&Johnson, Moderna, Oxford/AstraZeneca, Pfizer/BioNTech",6184139,6075707,12259846
2021-10-25,"Johnson&Johnson, Moderna, Oxford/AstraZeneca, Pfizer/BioNTech",6194637,6081514,12276151
2021-10-26,"Johnson&Johnson, Moderna, Oxford/AstraZeneca, Pfizer/BioNTech",6206628,6088064,12294692
2021-10-27,"Johnson&Johnson, Moderna, Oxford/AstraZeneca, Pfizer/BioNTech",6221237,6095469,12316706
2021-10-28,"Johnson&Johnson, Moderna, Oxford/AstraZeneca, Pfizer/BioNTech",6224660,6097153,12321813
2021-10-29,"Johnson&Johnson, Moderna, Oxford/AstraZeneca, Pfizer/BioNTech",6239097,6105138,12344235
2021-10-30,"Johnson&Johnson, Moderna, Oxford/AstraZeneca, Pfizer/BioNTech",6243626,6108062,12351688
2021-10-31,"Johnson&Johnson, Moderna, Oxford/AstraZeneca, Pfizer/BioNTech",6247389,6110534,12357923
2021-11-01,"Johnson&Johnson, Moderna, Oxford/AstraZeneca, Pfizer/BioNTech",6262586,6118219,12380805
2021-11-02,"Johnson&Johnson, Moderna, Oxford/AstraZeneca, Pfizer/BioNTech",6278037,6125775,12403812
2021-11-03,"Johnson&Johnson, Moderna, Oxford/AstraZeneca, Pfizer/BioNTech",6295220,6133071,12428291
2021-11-04,"Johnson&Johnson, Moderna, Oxford/AstraZeneca, Pfizer/BioNTech",6313571,6141241,12454812
2021-11-05,"Johnson&Johnson, Moderna, Oxford/AstraZeneca, Pfizer/BioNTech",6336372,6152525,12488897
2021-11-06,"Johnson&Johnson, Moderna, Oxford/AstraZeneca, Pfizer/BioNTech",6342887,6155580,12498467
2021-11-07,"Johnson&Johnson, Moderna, Oxford/AstraZeneca, Pfizer/BioNTech",6346908,6158016,12504924
2021-11-08,"Johnson&Johnson, Moderna, Oxford/AstraZeneca, Pfizer/BioNTech",6363180,6165649,12528829
2021-11-09,"Johnson&Johnson, Moderna, Oxford/AstraZeneca, Pfizer/BioNTech",6377987,6172945,12550932
2021-11-10,"Johnson&Johnson, Moderna, Oxford/AstraZeneca, Pfizer/BioNTech",6393729,6180327,12574056
2021-11-11,"Johnson&Johnson, Moderna, Oxford/AstraZeneca, Pfizer/BioNTech",6409199,6189431,12598630
2021-11-12,"Johnson&Johnson, Moderna, Oxford/AstraZeneca, Pfizer/BioNTech",6429006,6202233,12631239
2021-11-13,"Johnson&Johnson, Moderna, Oxford/AstraZeneca, Pfizer/BioNTech",6434398,6206105,12640503
2021-11-14,"Johnson&Johnson, Moderna, Oxford/AstraZeneca, Pfizer/BioNTech",6438291,6209108,12647399
2021-11-15,"Johnson&Johnson, Moderna, Oxford/AstraZeneca, Pfizer/BioNTech",6453367,6219799,12673166
2021-11-16,"Johnson&Johnson, Moderna, Oxford/AstraZeneca, Pfizer/BioNTech",6470909,6231777,12702686
2021-11-17,"Johnson&Johnson, Moderna, Oxford/AstraZeneca, Pfizer/BioNTech",6475151,6235340,12710491
2021-11-18,"Johnson&Johnson, Moderna, Oxford/AstraZeneca, Pfizer/BioNTech",6494573,6247032,12741605
2021-11-19,"Johnson&Johnson, Moderna, Oxford/AstraZeneca, Pfizer/BioNTech",6519180,6264002,12783182
2021-11-20,"Johnson&Johnson, Moderna, Oxford/AstraZeneca, Pfizer/BioNTech",6527757,6268983,12796740
2021-11-21,"Johnson&Johnson, Moderna, Pfizer/BioNTech",6534529,6272756,12807285
2021-11-22,"Johnson&Johnson, Moderna, Oxford/AstraZeneca, Pfizer/BioNTech",6553043,6286870,12839913
2021-11-23,"Johnson&Johnson, Moderna, Oxford/AstraZeneca, Pfizer/BioNTech",6572105,6300132,12872237
2021-11-24,"Johnson&Johnson, Moderna, Oxford/AstraZeneca, Pfizer/BioNTech",6591119,6315979,12907098
2021-11-25,"Johnson&Johnson, Moderna, Oxford/AstraZeneca, Pfizer/BioNTech",6610267,6331009,12941276
2021-11-26,"Johnson&Johnson, Moderna, Oxford/AstraZeneca, Pfizer/BioNTech",6631920,6350147,12982067
2021-11-27,"Johnson&Johnson, Moderna, Oxford/AstraZeneca, Pfizer/BioNTech",6639392,6355702,12995094
2021-11-28,"Johnson&Johnson, Moderna, Oxford/AstraZeneca, Pfizer/BioNTech",6642726,6358837,13001563
2021-11-29,"Johnson&Johnson, Moderna, Oxford/AstraZeneca, Pfizer/BioNTech",6657934,6372493,13030427
2021-11-30,"Johnson&Johnson, Moderna, Oxford/AstraZeneca, Pfizer/BioNTech",6671135,6383724,13054859
2021-12-01,"Johnson&Johnson, Moderna, Oxford/AstraZeneca, Pfizer/BioNTech",6685170,6396179,13081349
2021-12-02,"Johnson&Johnson, Moderna, Oxford/AstraZeneca, Pfizer/BioNTech",6695809,6408670,13104479
2021-12-03,"Johnson&Johnson, Moderna, Oxford/AstraZeneca, Pfizer/BioNTech",6705447,6424245,13129692
2021-12-04,"Johnson&Johnson, Moderna, Pfizer/BioNTech",6708006,6428195,13136201
2021-12-05,"Johnson&Johnson, Moderna, Oxford/AstraZeneca, Pfizer/BioNTech",6709366,6430535,13139901
2021-12-06,"Johnson&Johnson, Moderna, Oxford/AstraZeneca, Pfizer/BioNTech",6717512,6442060,13159572
2021-12-07,"Johnson&Johnson, Moderna, Oxford/AstraZeneca, Pfizer/BioNTech",6725399,6454068,13179467
2021-12-08,"Johnson&Johnson, Moderna, Oxford/AstraZeneca, Pfizer/BioNTech",6733642,6459995,13193637
2021-12-09,"Johnson&Johnson, Moderna, Oxford/AstraZeneca, Pfizer/BioNTech",6740763,6472813,13213576
2021-12-10,"Johnson&Johnson, Moderna, Oxford/AstraZeneca, Pfizer/BioNTech",6747696,6490618,13238314
2021-12-11,"Johnson&Johnson, Moderna, Pfizer/BioNTech",6749354,6495889,13245243
2021-12-12,"Johnson&Johnson, Moderna, Oxford/AstraZeneca, Pfizer/BioNTech",6750664,6500322,13250986
2021-12-13,"Johnson&Johnson, Moderna, Oxford/AstraZeneca, Pfizer/BioNTech",6757011,6513633,13270644
2021-12-14,"Johnson&Johnson, Moderna, Oxford/AstraZeneca, Pfizer/BioNTech",6763222,6527301,13290523
2021-12-15,"Johnson&Johnson, Moderna, Oxford/AstraZeneca, Pfizer/BioNTech",6769427,6540900,13310327
2021-12-16,"Johnson&Johnson, Moderna, Oxford/AstraZeneca, Pfizer/BioNTech",6776365,6555734,13332099
2021-12-17,"Johnson&Johnson, Moderna, Oxford/AstraZeneca, Pfizer/BioNTech",6784730,6572996,13357726
2021-12-18,"Johnson&Johnson, Moderna, Oxford/AstraZeneca, Pfizer/BioNTech",6787340,6578446,13365786
2021-12-19,"Johnson&Johnson, Moderna, Pfizer/BioNTech",6789112,6580949,13370061
2021-12-20,"Johnson&Johnson, Moderna, Oxford/AstraZeneca, Pfizer/BioNTech",6794954,6595013,13389967
2021-12-21,"Johnson&Johnson, Moderna, Oxford/AstraZeneca, Pfizer/BioNTech",6801616,6607004,13408620
2021-12-22,"Johnson&Johnson, Moderna, Oxford/AstraZeneca, Pfizer/BioNTech",6806662,6620057,13426719
2021-12-23,"Johnson&Johnson, Moderna, Oxford/AstraZeneca, Pfizer/BioNTech",6809529,6625659,13435188
2021-12-24,"Johnson&Johnson, Moderna, Oxford/AstraZeneca, Pfizer/BioNTech",6809575,6625759,13435334
2021-12-25,"Moderna, Pfizer/BioNTech",6809576,6625767,13435343
2021-12-26,"Moderna, Pfizer/BioNTech",6809677,6625968,13435645
2021-12-27,"Johnson&Johnson, Moderna, Pfizer/BioNTech",6813542,6635702,13449244
2021-12-28,"Johnson&Johnson, Moderna, Oxford/AstraZeneca, Pfizer/BioNTech",6818782,6643693,13462475
2021-12-29,"Johnson&Johnson, Moderna, Oxford/AstraZeneca, Pfizer/BioNTech",6823060,6651411,13474471
2021-12-30,"Johnson&Johnson, Moderna, Pfizer/BioNTech",6827358,6656843,13484201
2021-12-31,"Johnson&Johnson, Moderna, Pfizer/BioNTech",6827868,6658266,13486134
2022-01-01,"Johnson&Johnson, Moderna, Pfizer/BioNTech",6827873,6658284,13486157
2022-01-02,"Johnson&Johnson, Moderna, Pfizer/BioNTech",6828729,6659661,13488390
2022-01-03,"Johnson&Johnson, Moderna, Oxford/AstraZeneca, Pfizer/BioNTech",6832864,6668558,13501422
2022-01-04,"Johnson&Johnson, Moderna, Oxford/AstraZeneca, Pfizer/BioNTech",6837950,6676307,13514257
2022-01-05,"Johnson&Johnson, Moderna, Oxford/AstraZeneca, Pfizer/BioNTech",6843761,6684271,13528032
2022-01-06,"Johnson&Johnson, Moderna, Oxford/AstraZeneca, Pfizer/BioNTech",6850346,6692674,13543020
2022-01-07,"Johnson&Johnson, Moderna, Oxford/AstraZeneca, Pfizer/BioNTech",6858215,6703018,13561233
2022-01-08,"Johnson&Johnson, Moderna, Oxford/AstraZeneca, Pfizer/BioNTech",6860696,6705800,13566496
2022-01-09,"Johnson&Johnson, Moderna, Pfizer/BioNTech",6861778,6707493,13569271
2022-01-10,"Johnson&Johnson, Moderna, Oxford/AstraZeneca, Pfizer/BioNTech",6866273,6713677,13579950
2022-01-11,"Johnson&Johnson, Moderna, Oxford/AstraZeneca, Pfizer/BioNTech",6871711,6720431,13592142
2022-01-12,"Johnson&Johnson, Moderna, Oxford/AstraZeneca, Pfizer/BioNTech",6877662,6726073,13603735
2022-01-13,"Johnson&Johnson, Moderna, Oxford/AstraZeneca, Pfizer/BioNTech",6883543,6730844,13614387
2022-01-14,"Johnson&Johnson, Moderna, Oxford/AstraZeneca, Pfizer/BioNTech",6889839,6734473,13624312
2022-01-15,"Johnson&Johnson, Moderna, Oxford/AstraZeneca, Pfizer/BioNTech",6891117,6735127,13626244
2022-01-16,"Johnson&Johnson, Moderna, Oxford/AstraZeneca, Pfizer/BioNTech",6891804,6735564,13627368
2022-01-17,"Johnson&Johnson, Moderna, Oxford/AstraZeneca, Pfizer/BioNTech",6895347,6739515,13634862
2022-01-18,"Johnson&Johnson, Moderna, Oxford/AstraZeneca, Pfizer/BioNTech",6899197,6744463,13643660
2022-01-19,"Johnson&Johnson, Moderna, Oxford/AstraZeneca, Pfizer/BioNTech",6903260,6748395,13651655
2022-01-20,"Johnson&Johnson, Moderna, Oxford/AstraZeneca, Pfizer/BioNTech",6906853,6752832,13659685
2022-01-21,"Johnson&Johnson, Moderna, Oxford/AstraZeneca, Pfizer/BioNTech",6910846,6755358,13666204
2022-01-22,"Johnson&Johnson, Moderna, Pfizer/BioNTech",6911626,6755795,13667421
2022-01-23,"Johnson&Johnson, Moderna, Pfizer/BioNTech",6912188,6756429,13668617
2022-01-24,"Johnson&Johnson, Moderna, Oxford/AstraZeneca, Pfizer/BioNTech",6914454,6759863,13674317
2022-01-25,"Johnson&Johnson, Moderna, Oxford/AstraZeneca, Pfizer/BioNTech",6916805,6763856,13680661
2022-01-26,"Johnson&Johnson, Moderna, Oxford/AstraZeneca, Pfizer/BioNTech",6919186,6768419,13687605
2022-01-27,"Johnson&Johnson, Moderna, Oxford/AstraZeneca, Pfizer/BioNTech",6921512,6773229,13694741
2022-01-28,"Johnson&Johnson, Moderna, Oxford/AstraZeneca, Pfizer/BioNTech",6924418,6779378,13703796
2022-01-29,"Johnson&Johnson, Moderna, Pfizer/BioNTech",6925018,6781025,13706043
2022-01-30,"Johnson&Johnson, Moderna, Pfizer/BioNTech",6925247,6781802,13707049
2022-01-31,"Johnson&Johnson, Moderna, Pfizer/BioNTech",6926784,6785716,13712500
2022-02-01,"Johnson&Johnson, Moderna, Pfizer/BioNTech",6928372,6789746,13718118
2022-02-02,"Johnson&Johnson, Moderna, Pfizer/BioNTech",6929931,6794243,13724174
2022-02-03,"Johnson&Johnson, Moderna, Pfizer/BioNTech",6931293,6798714,13730007
2022-02-04,"Johnson&Johnson, Moderna, Pfizer/BioNTech",6932888,6803823,13736711
2022-02-05,"Johnson&Johnson, Moderna, Pfizer/BioNTech",6933062,6804432,13737494
2022-02-06,"Johnson&Johnson, Moderna, Pfizer/BioNTech",6933156,6804751,13737907
2022-02-07,"Johnson&Johnson, Moderna, Pfizer/BioNTech",6933849,6807955,13741804
2022-02-08,"Johnson&Johnson, Moderna, Pfizer/BioNTech",6934624,6811133,13745757
2022-02-09,"Johnson&Johnson, Moderna, Pfizer/BioNTech",6935438,6814498,13749936
2022-02-10,"Johnson&Johnson, Moderna, Pfizer/BioNTech",6936217,6817617,13753834
2022-02-11,"Johnson&Johnson, Moderna, Pfizer/BioNTech",6937143,6821523,13758666
2022-02-12,"Johnson&Johnson, Moderna, Pfizer/BioNTech",6937252,6821942,13759194
2022-02-13,"Johnson&Johnson, Moderna, Pfizer/BioNTech",6937285,6822378,13759663
2022-02-14,"Johnson&Johnson, Moderna, Pfizer/BioNTech",6937725,6824484,13762209
2022-02-15,"Johnson&Johnson, Moderna, Pfizer/BioNTech",6938269,6826681,13764950
2022-02-16,"Johnson&Johnson, Moderna, Pfizer/BioNTech",6938856,6828769,13767625
2022-02-17,"Johnson&Johnson, Moderna, Pfizer/BioNTech",6939449,6831099,13770548
2022-02-18,"Johnson&Johnson, Moderna, Pfizer/BioNTech",6940085,6834146,13774231
2022-02-19,"Johnson&Johnson, Moderna, Pfizer/BioNTech",6940162,6834428,13774590
2022-02-20,"Johnson&Johnson, Moderna, Pfizer/BioNTech",6940195,6834577,13774772
2022-02-21,"Johnson&Johnson, Moderna, Pfizer/BioNTech",6940543,6836259,13776802
2022-02-22,"Johnson&Johnson, Moderna, Pfizer/BioNTech",6940907,6837927,13778834
2022-02-23,"Johnson&Johnson, Moderna, Pfizer/BioNTech",6941356,6839535,13780891
2022-02-24,"Johnson&Johnson, Moderna, Pfizer/BioNTech",6941765,6841151,13782916
2022-02-25,"Johnson&Johnson, Moderna, Pfizer/BioNTech",6942342,6843161,13785503
2022-02-26,"Johnson&Johnson, Moderna, Pfizer/BioNTech",6942406,6843315,13785721
2022-02-27,"Johnson&Johnson, Moderna, Pfizer/BioNTech",6942441,6843390,13785831
2022-02-28,"Johnson&Johnson, Moderna, Pfizer/BioNTech",6942670,6844314,13786984
