date,vaccine,people_vaccinated,people_fully_vaccinated,total_vaccinations
2020-12-27,Pfizer/BioNTech,1249,0,1249
2020-12-28,Pfizer/BioNTech,3541,0,3541
2020-12-29,Pfizer/BioNTech,6982,0,6982
2020-12-30,Pfizer/BioNTech,10441,0,10441
2020-12-31,Pfizer/BioNTech,11747,0,11747
2021-01-01,Pfizer/BioNTech,12007,0,12007
2021-01-02,Pfizer/BioNTech,13257,0,13257
2021-01-03,Pfizer/BioNTech,14170,0,14170
2021-01-04,Pfizer/BioNTech,17731,0,17731
2021-01-05,Pfizer/BioNTech,22225,0,22225
2021-01-06,Pfizer/BioNTech,28033,0,28033
2021-01-07,Pfizer/BioNTech,35983,0,35983
2021-01-08,Pfizer/BioNTech,45906,0,45906
2021-01-09,Pfizer/BioNTech,47913,0,47913
2021-01-10,Pfizer/BioNTech,49633,0,49633
2021-01-11,Pfizer/BioNTech,59408,0,59408
2021-01-12,Pfizer/BioNTech,72752,0,72752
2021-01-13,Pfizer/BioNTech,86218,0,86218
2021-01-14,"Moderna, Pfizer/BioNTech",101377,0,101377
2021-01-15,"Moderna, Pfizer/BioNTech",115286,0,115286
2021-01-16,"Moderna, Pfizer/BioNTech",118657,0,118657
2021-01-17,"Moderna, Pfizer/BioNTech",121250,632,121882
2021-01-18,"Moderna, Pfizer/BioNTech",133702,2433,136135
2021-01-19,"Moderna, Pfizer/BioNTech",146127,5131,151258
2021-01-20,"Moderna, Pfizer/BioNTech",159659,7747,167406
2021-01-21,"Moderna, Pfizer/BioNTech",175132,9467,184599
2021-01-22,"Moderna, Pfizer/BioNTech",189851,10503,200354
2021-01-23,"Moderna, Pfizer/BioNTech",193115,11368,204483
2021-01-24,"Moderna, Pfizer/BioNTech",195352,12229,207581
2021-01-25,"Moderna, Pfizer/BioNTech",204949,15168,220117
2021-01-26,"Moderna, Pfizer/BioNTech",215433,19120,234553
2021-01-27,"Moderna, Pfizer/BioNTech",224389,23598,247987
2021-01-28,"Moderna, Pfizer/BioNTech",231416,29674,261090
2021-01-29,"Moderna, Pfizer/BioNTech",237589,37454,275043
2021-01-30,"Moderna, Pfizer/BioNTech",238304,38533,276837
2021-01-31,Pfizer/BioNTech,239004,39670,278674
2021-02-01,"Moderna, Pfizer/BioNTech",242829,47525,290354
2021-02-02,"Moderna, Pfizer/BioNTech",246941,57670,304611
2021-02-03,"Moderna, Pfizer/BioNTech",251320,68602,319922
2021-02-04,"Moderna, Pfizer/BioNTech",256180,81486,337666
2021-02-05,"Moderna, Pfizer/BioNTech",261589,92067,353656
2021-02-06,"Moderna, Pfizer/BioNTech",262423,94393,356816
2021-02-07,"Moderna, Pfizer/BioNTech",263266,96858,360124
2021-02-08,"Moderna, Pfizer/BioNTech",267268,108172,375440
2021-02-09,"Moderna, Pfizer/BioNTech",272295,120006,392301
2021-02-10,"Moderna, Pfizer/BioNTech",277796,133076,410872
2021-02-11,"Moderna, Oxford/AstraZeneca, Pfizer/BioNTech",284023,149023,433046
2021-02-12,"Moderna, Oxford/AstraZeneca, Pfizer/BioNTech",290707,163615,454322
2021-02-13,"Moderna, Oxford/AstraZeneca, Pfizer/BioNTech",292276,166566,458842
2021-02-14,"Moderna, Oxford/AstraZeneca, Pfizer/BioNTech",293255,167932,461187
2021-02-15,"Moderna, Oxford/AstraZeneca, Pfizer/BioNTech",299566,177218,476784
2021-02-16,"Moderna, Oxford/AstraZeneca, Pfizer/BioNTech",308145,186123,494268
2021-02-17,"Moderna, Oxford/AstraZeneca, Pfizer/BioNTech",317753,194330,512083
2021-02-18,"Moderna, Oxford/AstraZeneca, Pfizer/BioNTech",329958,202274,532232
2021-02-19,"Moderna, Oxford/AstraZeneca, Pfizer/BioNTech",341654,209478,551132
2021-02-20,"Moderna, Oxford/AstraZeneca, Pfizer/BioNTech",343555,210640,554195
2021-02-21,"Moderna, Oxford/AstraZeneca, Pfizer/BioNTech",344573,211640,556213
2021-02-22,"Moderna, Oxford/AstraZeneca, Pfizer/BioNTech",354597,217609,572206
2021-02-23,"Moderna, Oxford/AstraZeneca, Pfizer/BioNTech",367331,224493,591824
2021-02-24,"Moderna, Oxford/AstraZeneca, Pfizer/BioNTech",381058,230461,611519
2021-02-25,"Moderna, Oxford/AstraZeneca, Pfizer/BioNTech",398876,235953,634829
2021-02-26,"Moderna, Oxford/AstraZeneca, Pfizer/BioNTech",414842,241202,656044
2021-02-27,"Moderna, Oxford/AstraZeneca, Pfizer/BioNTech",417764,241748,659512
2021-02-28,"Moderna, Oxford/AstraZeneca, Pfizer/BioNTech",420086,242287,662373
2021-03-01,"Moderna, Oxford/AstraZeneca, Pfizer/BioNTech",439161,245703,684864
2021-03-02,"Moderna, Oxford/AstraZeneca, Pfizer/BioNTech",465792,249210,715002
2021-03-03,"Moderna, Oxford/AstraZeneca, Pfizer/BioNTech",495833,253663,749496
2021-03-04,"Moderna, Oxford/AstraZeneca, Pfizer/BioNTech",528123,258230,786353
2021-03-05,"Moderna, Oxford/AstraZeneca, Pfizer/BioNTech",556151,263549,819700
2021-03-06,"Moderna, Oxford/AstraZeneca, Pfizer/BioNTech",567961,264381,832342
2021-03-07,"Moderna, Oxford/AstraZeneca, Pfizer/BioNTech",579249,265202,844451
2021-03-08,"Moderna, Oxford/AstraZeneca, Pfizer/BioNTech",608275,269905,878180
2021-03-09,"Moderna, Oxford/AstraZeneca, Pfizer/BioNTech",643676,276204,919880
2021-03-10,"Moderna, Oxford/AstraZeneca, Pfizer/BioNTech",684221,283071,967292
2021-03-11,"Moderna, Oxford/AstraZeneca, Pfizer/BioNTech",728127,291303,1019430
2021-03-12,"Moderna, Oxford/AstraZeneca, Pfizer/BioNTech",766181,299623,1065804
2021-03-13,"Moderna, Oxford/AstraZeneca, Pfizer/BioNTech",782897,300887,1083784
2021-03-14,"Moderna, Oxford/AstraZeneca, Pfizer/BioNTech",794811,301998,1096809
2021-03-15,"Moderna, Oxford/AstraZeneca, Pfizer/BioNTech",822411,310682,1133093
2021-03-16,"Moderna, Oxford/AstraZeneca, Pfizer/BioNTech",860412,321057,1181469
2021-03-17,"Moderna, Oxford/AstraZeneca, Pfizer/BioNTech",897141,331463,1228604
2021-03-18,"Moderna, Oxford/AstraZeneca, Pfizer/BioNTech",933987,343761,1277748
2021-03-19,"Moderna, Oxford/AstraZeneca, Pfizer/BioNTech",967548,357142,1324690
2021-03-20,"Moderna, Oxford/AstraZeneca, Pfizer/BioNTech",982157,359134,1341291
2021-03-21,"Moderna, Oxford/AstraZeneca, Pfizer/BioNTech",989396,360652,1350048
2021-03-22,"Moderna, Oxford/AstraZeneca, Pfizer/BioNTech",1013233,372947,1386180
2021-03-23,"Moderna, Oxford/AstraZeneca, Pfizer/BioNTech",1039093,386130,1425223
2021-03-24,"Moderna, Oxford/AstraZeneca, Pfizer/BioNTech",1065259,401615,1466874
2021-03-25,"Moderna, Oxford/AstraZeneca, Pfizer/BioNTech",1090615,419167,1509782
2021-03-26,"Moderna, Oxford/AstraZeneca, Pfizer/BioNTech",1114206,436177,1550383
2021-03-27,"Moderna, Oxford/AstraZeneca, Pfizer/BioNTech",1122353,440906,1563259
2021-03-28,"Moderna, Oxford/AstraZeneca, Pfizer/BioNTech",1127236,444945,1572181
