date,vaccine,people_vaccinated,people_fully_vaccinated,total_vaccinations
2020-12-27,Pfizer/BioNTech,1284,0,1284
2020-12-28,Pfizer/BioNTech,3590,0,3590
2020-12-29,Pfizer/BioNTech,7060,1,7061
2020-12-30,Pfizer/BioNTech,10581,1,10582
2020-12-31,Pfizer/BioNTech,11893,1,11894
2021-01-01,"Moderna, Pfizer/BioNTech",12163,1,12164
2021-01-02,"Moderna, Pfizer/BioNTech",13445,1,13446
2021-01-03,"Moderna, Pfizer/BioNTech",14370,1,14371
2021-01-04,"Moderna, Pfizer/BioNTech",17986,1,17987
2021-01-05,"Moderna, Pfizer/BioNTech",22513,3,22516
2021-01-06,"Moderna, Pfizer/BioNTech",28361,4,28365
2021-01-07,"Moderna, Pfizer/BioNTech",36361,4,36365
2021-01-08,"Moderna, Pfizer/BioNTech",46414,5,46419
2021-01-09,"Moderna, Pfizer/BioNTech",48441,6,48447
2021-01-10,Pfizer/BioNTech,50213,7,50220
2021-01-11,"Moderna, Pfizer/BioNTech",60074,9,60083
2021-01-12,"Moderna, Pfizer/BioNTech",73533,11,73544
2021-01-13,"Moderna, Pfizer/BioNTech",87083,11,87094
2021-01-14,"Moderna, Pfizer/BioNTech",102339,15,102354
2021-01-15,"Moderna, Pfizer/BioNTech",116361,16,116377
2021-01-16,"Moderna, Pfizer/BioNTech",119764,20,119784
2021-01-17,"Moderna, Pfizer/BioNTech",122385,655,123040
2021-01-18,"Moderna, Pfizer/BioNTech",134880,2482,137362
2021-01-19,"Moderna, Pfizer/BioNTech",147492,5210,152702
2021-01-20,"Moderna, Pfizer/BioNTech",161186,7874,169060
2021-01-21,"Moderna, Pfizer/BioNTech",176843,9620,186463
2021-01-22,"Moderna, Pfizer/BioNTech",191737,10666,202403
2021-01-23,"Moderna, Pfizer/BioNTech",195058,11546,206604
2021-01-24,"Moderna, Pfizer/BioNTech",197314,12415,209729
2021-01-25,"Moderna, Pfizer/BioNTech",206967,15391,222358
2021-01-26,"Moderna, Pfizer/BioNTech",217517,19384,236901
2021-01-27,"Moderna, Pfizer/BioNTech",226549,23919,250468
2021-01-28,"Moderna, Pfizer/BioNTech",233653,30054,263707
2021-01-29,"Moderna, Pfizer/BioNTech",239871,37963,277834
2021-01-30,"Moderna, Pfizer/BioNTech",240612,39051,279663
2021-01-31,"Moderna, Pfizer/BioNTech",241328,40233,281561
2021-02-01,"Moderna, Pfizer/BioNTech",245310,48203,293513
2021-02-02,"Moderna, Pfizer/BioNTech",249462,58444,307906
2021-02-03,"Moderna, Pfizer/BioNTech",253887,69466,323353
2021-02-04,"Moderna, Pfizer/BioNTech",258793,82462,341255
2021-02-05,"Moderna, Pfizer/BioNTech",264264,93138,357402
2021-02-06,"Moderna, Oxford/AstraZeneca, Pfizer/BioNTech",265119,95505,360624
2021-02-07,"Moderna, Oxford/AstraZeneca, Pfizer/BioNTech",265970,98005,363975
2021-02-08,"Moderna, Oxford/AstraZeneca, Pfizer/BioNTech",270062,109442,379504
2021-02-09,"Moderna, Oxford/AstraZeneca, Pfizer/BioNTech",275170,121358,396528
2021-02-10,"Moderna, Oxford/AstraZeneca, Pfizer/BioNTech",280685,134619,415304
2021-02-11,"Moderna, Oxford/AstraZeneca, Pfizer/BioNTech",287026,150844,437870
2021-02-12,"Moderna, Oxford/AstraZeneca, Pfizer/BioNTech",293856,165589,459445
2021-02-13,"Moderna, Oxford/AstraZeneca, Pfizer/BioNTech",295470,168578,464048
2021-02-14,"Moderna, Oxford/AstraZeneca, Pfizer/BioNTech",296474,169964,466438
2021-02-15,"Moderna, Oxford/AstraZeneca, Pfizer/BioNTech",302873,179336,482209
2021-02-16,"Moderna, Oxford/AstraZeneca, Pfizer/BioNTech",311595,188423,500018
2021-02-17,"Moderna, Oxford/AstraZeneca, Pfizer/BioNTech",321296,196731,518027
2021-02-18,"Moderna, Oxford/AstraZeneca, Pfizer/BioNTech",333625,204816,538441
2021-02-19,"Moderna, Oxford/AstraZeneca, Pfizer/BioNTech",345491,212196,557687
2021-02-20,"Moderna, Oxford/AstraZeneca, Pfizer/BioNTech",347497,213382,560879
2021-02-21,"Moderna, Oxford/AstraZeneca, Pfizer/BioNTech",348633,214407,563040
2021-02-22,"Moderna, Oxford/AstraZeneca, Pfizer/BioNTech",358761,220444,579205
2021-02-23,"Moderna, Oxford/AstraZeneca, Pfizer/BioNTech",371728,227436,599164
2021-02-24,"Moderna, Oxford/AstraZeneca, Pfizer/BioNTech",385610,233477,619087
2021-02-25,"Moderna, Oxford/AstraZeneca, Pfizer/BioNTech",403592,239028,642620
2021-02-26,"Moderna, Oxford/AstraZeneca, Pfizer/BioNTech",419773,244388,664161
2021-02-27,"Moderna, Oxford/AstraZeneca, Pfizer/BioNTech",422783,244947,667730
2021-02-28,"Moderna, Oxford/AstraZeneca, Pfizer/BioNTech",425139,245499,670638
2021-03-01,"Moderna, Oxford/AstraZeneca, Pfizer/BioNTech",444736,248951,693687
2021-03-02,"Moderna, Oxford/AstraZeneca, Pfizer/BioNTech",471967,252501,724468
2021-03-03,"Moderna, Oxford/AstraZeneca, Pfizer/BioNTech",502923,257010,759933
2021-03-04,"Moderna, Oxford/AstraZeneca, Pfizer/BioNTech",536218,261700,797918
2021-03-05,"Johnson&Johnson, Moderna, Oxford/AstraZeneca, Pfizer/BioNTech",565066,267126,832192
2021-03-06,"Johnson&Johnson, Moderna, Oxford/AstraZeneca, Pfizer/BioNTech",577221,267991,845212
2021-03-07,"Johnson&Johnson, Moderna, Oxford/AstraZeneca, Pfizer/BioNTech",588769,268833,857602
2021-03-08,"Johnson&Johnson, Moderna, Oxford/AstraZeneca, Pfizer/BioNTech",618523,273695,892218
2021-03-09,"Johnson&Johnson, Moderna, Oxford/AstraZeneca, Pfizer/BioNTech",654893,280081,934974
2021-03-10,"Johnson&Johnson, Moderna, Oxford/AstraZeneca, Pfizer/BioNTech",696227,287042,983269
2021-03-11,"Johnson&Johnson, Moderna, Oxford/AstraZeneca, Pfizer/BioNTech",741077,295417,1036494
2021-03-12,"Johnson&Johnson, Moderna, Oxford/AstraZeneca, Pfizer/BioNTech",779851,303913,1083764
2021-03-13,"Johnson&Johnson, Moderna, Oxford/AstraZeneca, Pfizer/BioNTech",796960,305227,1102187
2021-03-14,"Johnson&Johnson, Moderna, Oxford/AstraZeneca, Pfizer/BioNTech",809080,306383,1115463
2021-03-15,"Johnson&Johnson, Moderna, Oxford/AstraZeneca, Pfizer/BioNTech",837477,315165,1152642
2021-03-16,"Johnson&Johnson, Moderna, Oxford/AstraZeneca, Pfizer/BioNTech",876372,325704,1202076
2021-03-17,"Moderna, Oxford/AstraZeneca, Pfizer/BioNTech",913865,336218,1250083
2021-03-18,"Johnson&Johnson, Moderna, Oxford/AstraZeneca, Pfizer/BioNTech",951877,348641,1300518
2021-03-19,"Moderna, Oxford/AstraZeneca, Pfizer/BioNTech",986393,362256,1348649
2021-03-20,"Johnson&Johnson, Moderna, Oxford/AstraZeneca, Pfizer/BioNTech",1001575,364288,1365863
2021-03-21,"Johnson&Johnson, Moderna, Oxford/AstraZeneca, Pfizer/BioNTech",1009015,365848,1374863
2021-03-22,"Johnson&Johnson, Moderna, Oxford/AstraZeneca, Pfizer/BioNTech",1033602,378352,1411954
2021-03-23,"Johnson&Johnson, Moderna, Oxford/AstraZeneca, Pfizer/BioNTech",1060273,391718,1451991
2021-03-24,"Johnson&Johnson, Moderna, Oxford/AstraZeneca, Pfizer/BioNTech",1087158,407464,1494622
2021-03-25,"Johnson&Johnson, Moderna, Oxford/AstraZeneca, Pfizer/BioNTech",1113517,425320,1538837
2021-03-26,"Johnson&Johnson, Moderna, Oxford/AstraZeneca, Pfizer/BioNTech",1138356,442831,1581187
2021-03-27,"Johnson&Johnson, Moderna, Oxford/AstraZeneca, Pfizer/BioNTech",1146810,447677,1594487
2021-03-28,"Moderna, Oxford/AstraZeneca, Pfizer/BioNTech",1152358,451825,1604183
2021-03-29,"Johnson&Johnson, Moderna, Oxford/AstraZeneca, Pfizer/BioNTech",1171511,472563,1644074
2021-03-30,"Johnson&Johnson, Moderna, Oxford/AstraZeneca, Pfizer/BioNTech",1196217,494750,1690967
2021-03-31,"Johnson&Johnson, Moderna, Oxford/AstraZeneca, Pfizer/BioNTech",1219372,521820,1741192
2021-04-01,"Johnson&Johnson, Moderna, Oxford/AstraZeneca, Pfizer/BioNTech",1245052,553885,1798937
2021-04-02,"Johnson&Johnson, Moderna, Oxford/AstraZeneca, Pfizer/BioNTech",1252019,566684,1818703
2021-04-03,"Johnson&Johnson, Moderna, Oxford/AstraZeneca, Pfizer/BioNTech",1255665,577617,1833282
2021-04-04,"Johnson&Johnson, Moderna, Oxford/AstraZeneca, Pfizer/BioNTech",1258200,586541,1844741
2021-04-05,"Johnson&Johnson, Moderna, Oxford/AstraZeneca, Pfizer/BioNTech",1260624,593744,1854368
2021-04-06,"Johnson&Johnson, Moderna, Oxford/AstraZeneca, Pfizer/BioNTech",1276831,623019,1899850
2021-04-07,"Johnson&Johnson, Moderna, Oxford/AstraZeneca, Pfizer/BioNTech",1300323,645263,1945586
2021-04-08,"Johnson&Johnson, Moderna, Oxford/AstraZeneca, Pfizer/BioNTech",1339125,676308,2015433
2021-04-09,"Johnson&Johnson, Moderna, Oxford/AstraZeneca, Pfizer/BioNTech",1378720,706505,2085225
2021-04-10,"Johnson&Johnson, Moderna, Oxford/AstraZeneca, Pfizer/BioNTech",1394277,721814,2116091
2021-04-11,"Johnson&Johnson, Moderna, Oxford/AstraZeneca, Pfizer/BioNTech",1404079,731870,2135949
2021-04-12,"Johnson&Johnson, Moderna, Oxford/AstraZeneca, Pfizer/BioNTech",1442408,757019,2199427
2021-04-13,"Moderna, Oxford/AstraZeneca, Pfizer/BioNTech",1478711,783065,2261776
2021-04-14,"Moderna, Oxford/AstraZeneca, Pfizer/BioNTech",1517592,810441,2328033
2021-04-15,"Moderna, Oxford/AstraZeneca, Pfizer/BioNTech",1565424,836221,2401645
2021-04-16,"Moderna, Oxford/AstraZeneca, Pfizer/BioNTech",1610130,861905,2472035
2021-04-17,"Moderna, Oxford/AstraZeneca, Pfizer/BioNTech",1626851,870934,2497785
2021-04-18,"Moderna, Oxford/AstraZeneca, Pfizer/BioNTech",1639852,875921,2515773
2021-04-19,"Moderna, Oxford/AstraZeneca, Pfizer/BioNTech",1683823,891368,2575191
2021-04-20,"Johnson&Johnson, Moderna, Oxford/AstraZeneca, Pfizer/BioNTech",1726416,907249,2633665
2021-04-21,"Moderna, Oxford/AstraZeneca, Pfizer/BioNTech",1774193,921616,2695809
2021-04-22,"Johnson&Johnson, Moderna, Oxford/AstraZeneca, Pfizer/BioNTech",1828725,939016,2767741
2021-04-23,"Johnson&Johnson, Moderna, Oxford/AstraZeneca, Pfizer/BioNTech",1878743,951082,2829825
2021-04-24,"Johnson&Johnson, Moderna, Oxford/AstraZeneca, Pfizer/BioNTech",1896614,956344,2852958
2021-04-25,"Johnson&Johnson, Moderna, Oxford/AstraZeneca, Pfizer/BioNTech",1911327,960344,2871671
2021-04-26,"Johnson&Johnson, Moderna, Oxford/AstraZeneca, Pfizer/BioNTech",1960945,967908,2928853
2021-04-27,"Johnson&Johnson, Moderna, Oxford/AstraZeneca, Pfizer/BioNTech",2009948,980158,2990106
2021-04-28,"Johnson&Johnson, Moderna, Oxford/AstraZeneca, Pfizer/BioNTech",2068739,994186,3062925
2021-04-29,"Johnson&Johnson, Moderna, Oxford/AstraZeneca, Pfizer/BioNTech",2134359,1010105,3144464
2021-04-30,"Johnson&Johnson, Moderna, Oxford/AstraZeneca, Pfizer/BioNTech",2196659,1020099,3216758
2021-05-01,"Johnson&Johnson, Moderna, Oxford/AstraZeneca, Pfizer/BioNTech",2216042,1023561,3239603
2021-05-02,"Johnson&Johnson, Moderna, Oxford/AstraZeneca, Pfizer/BioNTech",2234994,1025849,3260843
2021-05-03,"Johnson&Johnson, Moderna, Oxford/AstraZeneca, Pfizer/BioNTech",2302283,1030928,3333211
2021-05-04,"Johnson&Johnson, Moderna, Oxford/AstraZeneca, Pfizer/BioNTech",2368838,1039300,3408138
2021-05-05,"Johnson&Johnson, Moderna, Oxford/AstraZeneca, Pfizer/BioNTech",2442068,1048740,3490808
2021-05-06,"Johnson&Johnson, Moderna, Oxford/AstraZeneca, Pfizer/BioNTech",2522530,1059492,3582022
2021-05-07,"Johnson&Johnson, Moderna, Oxford/AstraZeneca, Pfizer/BioNTech",2599883,1069630,3669513
2021-05-08,"Johnson&Johnson, Moderna, Oxford/AstraZeneca, Pfizer/BioNTech",2629400,1071416,3700816
2021-05-09,"Johnson&Johnson, Moderna, Oxford/AstraZeneca, Pfizer/BioNTech",2653648,1072636,3726284
2021-05-10,"Johnson&Johnson, Moderna, Oxford/AstraZeneca, Pfizer/BioNTech",2726478,1079879,3806357
2021-05-11,"Johnson&Johnson, Moderna, Oxford/AstraZeneca, Pfizer/BioNTech",2802643,1088711,3891354
2021-05-12,"Johnson&Johnson, Moderna, Oxford/AstraZeneca, Pfizer/BioNTech",2882602,1097849,3980451
2021-05-13,"Johnson&Johnson, Moderna, Oxford/AstraZeneca, Pfizer/BioNTech",2966673,1107034,4073707
2021-05-14,"Johnson&Johnson, Moderna, Oxford/AstraZeneca, Pfizer/BioNTech",3046214,1114857,4161071
2021-05-15,"Johnson&Johnson, Moderna, Oxford/AstraZeneca, Pfizer/BioNTech",3078182,1117131,4195313
2021-05-16,"Johnson&Johnson, Moderna, Oxford/AstraZeneca, Pfizer/BioNTech",3104002,1118412,4222414
2021-05-17,"Johnson&Johnson, Moderna, Oxford/AstraZeneca, Pfizer/BioNTech",3176568,1125166,4301734
2021-05-18,"Johnson&Johnson, Moderna, Oxford/AstraZeneca, Pfizer/BioNTech",3248565,1138284,4386849
2021-05-19,"Johnson&Johnson, Moderna, Oxford/AstraZeneca, Pfizer/BioNTech",3326072,1153457,4479529
2021-05-20,"Johnson&Johnson, Moderna, Oxford/AstraZeneca, Pfizer/BioNTech",3401599,1180524,4582123
2021-05-21,"Johnson&Johnson, Moderna, Oxford/AstraZeneca, Pfizer/BioNTech",3470466,1208325,4678791
2021-05-22,"Johnson&Johnson, Moderna, Oxford/AstraZeneca, Pfizer/BioNTech",3502926,1219556,4722482
2021-05-23,"Johnson&Johnson, Moderna, Oxford/AstraZeneca, Pfizer/BioNTech",3525365,1228603,4753968
2021-05-24,"Johnson&Johnson, Moderna, Oxford/AstraZeneca, Pfizer/BioNTech",3572567,1262286,4834853
2021-05-25,"Johnson&Johnson, Moderna, Oxford/AstraZeneca, Pfizer/BioNTech",3624497,1298132,4922629
2021-05-26,"Johnson&Johnson, Moderna, Oxford/AstraZeneca, Pfizer/BioNTech",3692304,1335690,5027994
2021-05-27,"Johnson&Johnson, Moderna, Oxford/AstraZeneca, Pfizer/BioNTech",3753761,1383066,5136827
2021-05-28,"Johnson&Johnson, Moderna, Oxford/AstraZeneca, Pfizer/BioNTech",3815542,1429674,5245216
2021-05-29,"Johnson&Johnson, Moderna, Oxford/AstraZeneca, Pfizer/BioNTech",3844802,1446806,5291608
2021-05-30,"Johnson&Johnson, Moderna, Oxford/AstraZeneca, Pfizer/BioNTech",3867225,1461272,5328497
2021-05-31,"Johnson&Johnson, Moderna, Oxford/AstraZeneca, Pfizer/BioNTech",3923005,1508811,5431816
2021-06-01,"Johnson&Johnson, Moderna, Oxford/AstraZeneca, Pfizer/BioNTech",3982111,1557699,5539810
2021-06-02,"Johnson&Johnson, Moderna, Oxford/AstraZeneca, Pfizer/BioNTech",4045094,1611727,5656821
2021-06-03,"Johnson&Johnson, Moderna, Oxford/AstraZeneca, Pfizer/BioNTech",4103377,1671976,5775353
2021-06-04,"Johnson&Johnson, Moderna, Oxford/AstraZeneca, Pfizer/BioNTech",4166523,1729424,5895947
2021-06-05,"Johnson&Johnson, Moderna, Oxford/AstraZeneca, Pfizer/BioNTech",4200722,1748343,5949065
2021-06-06,"Johnson&Johnson, Moderna, Oxford/AstraZeneca, Pfizer/BioNTech",4227684,1763512,5991196
2021-06-07,"Johnson&Johnson, Moderna, Oxford/AstraZeneca, Pfizer/BioNTech",4291390,1819180,6110570
2021-06-08,"Johnson&Johnson, Moderna, Oxford/AstraZeneca, Pfizer/BioNTech",4355417,1874213,6229630
2021-06-09,"Johnson&Johnson, Moderna, Oxford/AstraZeneca, Pfizer/BioNTech",4414652,1938922,6353574
2021-06-10,"Johnson&Johnson, Moderna, Oxford/AstraZeneca, Pfizer/BioNTech",4468535,2010254,6478789
2021-06-11,"Johnson&Johnson, Moderna, Oxford/AstraZeneca, Pfizer/BioNTech",4520673,2080109,6600782
2021-06-12,"Johnson&Johnson, Moderna, Oxford/AstraZeneca, Pfizer/BioNTech",4552719,2100949,6653668
2021-06-13,"Johnson&Johnson, Moderna, Oxford/AstraZeneca, Pfizer/BioNTech",4576761,2119389,6696150
2021-06-14,"Johnson&Johnson, Moderna, Oxford/AstraZeneca, Pfizer/BioNTech",4619865,2193818,6813683
2021-06-15,"Johnson&Johnson, Moderna, Oxford/AstraZeneca, Pfizer/BioNTech",4664556,2266226,6930782
2021-06-16,"Johnson&Johnson, Moderna, Oxford/AstraZeneca, Pfizer/BioNTech",4707377,2344510,7051887
2021-06-17,"Johnson&Johnson, Moderna, Oxford/AstraZeneca, Pfizer/BioNTech",4746807,2427642,7174449
2021-06-18,"Johnson&Johnson, Moderna, Oxford/AstraZeneca, Pfizer/BioNTech",4789264,2508248,7297512
2021-06-19,"Johnson&Johnson, Moderna, Oxford/AstraZeneca, Pfizer/BioNTech",4811057,2537581,7348638
2021-06-20,"Johnson&Johnson, Moderna, Oxford/AstraZeneca, Pfizer/BioNTech",4828460,2561467,7389927
2021-06-21,"Johnson&Johnson, Moderna, Oxford/AstraZeneca, Pfizer/BioNTech",4860977,2640120,7501097
2021-06-22,"Johnson&Johnson, Moderna, Oxford/AstraZeneca, Pfizer/BioNTech",4893945,2722477,7616422
2021-06-23,"Johnson&Johnson, Moderna, Oxford/AstraZeneca, Pfizer/BioNTech",4925651,2807750,7733401
2021-06-24,"Johnson&Johnson, Moderna, Oxford/AstraZeneca, Pfizer/BioNTech",4955521,2897817,7853338
2021-06-25,"Johnson&Johnson, Moderna, Oxford/AstraZeneca, Pfizer/BioNTech",4986622,2984069,7970691
2021-06-26,"Johnson&Johnson, Moderna, Oxford/AstraZeneca, Pfizer/BioNTech",5002527,3018963,8021490
2021-06-27,"Johnson&Johnson, Moderna, Oxford/AstraZeneca, Pfizer/BioNTech",5016492,3045677,8062169
2021-06-28,"Johnson&Johnson, Moderna, Oxford/AstraZeneca, Pfizer/BioNTech",5044907,3130932,8175839
2021-06-29,"Johnson&Johnson, Moderna, Oxford/AstraZeneca, Pfizer/BioNTech",5074200,3217492,8291692
2021-06-30,"Johnson&Johnson, Moderna, Oxford/AstraZeneca, Pfizer/BioNTech",5101717,3308562,8410279
2021-07-01,"Johnson&Johnson, Moderna, Oxford/AstraZeneca, Pfizer/BioNTech",5125708,3398695,8524403
2021-07-02,"Johnson&Johnson, Moderna, Oxford/AstraZeneca, Pfizer/BioNTech",5152453,3484652,8637105
2021-07-03,"Johnson&Johnson, Moderna, Oxford/AstraZeneca, Pfizer/BioNTech",5159562,3516218,8675780
2021-07-04,"Johnson&Johnson, Moderna, Oxford/AstraZeneca, Pfizer/BioNTech",5167142,3538039,8705181
2021-07-05,"Johnson&Johnson, Moderna, Oxford/AstraZeneca, Pfizer/BioNTech",5174549,3563450,8737999
2021-07-06,"Johnson&Johnson, Moderna, Oxford/AstraZeneca, Pfizer/BioNTech",5180011,3591178,8771189
2021-07-07,"Johnson&Johnson, Moderna, Oxford/AstraZeneca, Pfizer/BioNTech",5205839,3670226,8876065
2021-07-08,"Johnson&Johnson, Moderna, Oxford/AstraZeneca, Pfizer/BioNTech",5232461,3740599,8973060
2021-07-09,"Johnson&Johnson, Moderna, Oxford/AstraZeneca, Pfizer/BioNTech",5260402,3809966,9070368
2021-07-10,"Johnson&Johnson, Moderna, Oxford/AstraZeneca, Pfizer/BioNTech",5269770,3838649,9108419
2021-07-11,"Johnson&Johnson, Moderna, Oxford/AstraZeneca, Pfizer/BioNTech",5278318,3861553,9139871
2021-07-12,"Johnson&Johnson, Moderna, Oxford/AstraZeneca, Pfizer/BioNTech",5305844,3930679,9236523
2021-07-13,"Johnson&Johnson, Moderna, Oxford/AstraZeneca, Pfizer/BioNTech",5332047,4000591,9332638
2021-07-14,"Johnson&Johnson, Moderna, Oxford/AstraZeneca, Pfizer/BioNTech",5357882,4072631,9430513
2021-07-15,"Johnson&Johnson, Moderna, Oxford/AstraZeneca, Pfizer/BioNTech",5387059,4138695,9525754
2021-07-16,"Johnson&Johnson, Moderna, Oxford/AstraZeneca, Pfizer/BioNTech",5414985,4211479,9626464
2021-07-17,"Johnson&Johnson, Moderna, Oxford/AstraZeneca, Pfizer/BioNTech",5423791,4242962,9666753
2021-07-18,"Johnson&Johnson, Moderna, Oxford/AstraZeneca, Pfizer/BioNTech",5432238,4268985,9701223
2021-07-19,"Johnson&Johnson, Moderna, Oxford/AstraZeneca, Pfizer/BioNTech",5455603,4336045,9791648
2021-07-20,"Johnson&Johnson, Moderna, Oxford/AstraZeneca, Pfizer/BioNTech",5477007,4403145,9880152
2021-07-21,"Johnson&Johnson, Moderna, Oxford/AstraZeneca, Pfizer/BioNTech",5500467,4466637,9967104
2021-07-22,"Johnson&Johnson, Moderna, Oxford/AstraZeneca, Pfizer/BioNTech",5522841,4525293,10048134
2021-07-23,"Johnson&Johnson, Moderna, Oxford/AstraZeneca, Pfizer/BioNTech",5546069,4580075,10126144
2021-07-24,"Johnson&Johnson, Moderna, Oxford/AstraZeneca, Pfizer/BioNTech",5553404,4607773,10161177
2021-07-25,"Johnson&Johnson, Moderna, Oxford/AstraZeneca, Pfizer/BioNTech",5560036,4629920,10189956
2021-07-26,"Johnson&Johnson, Moderna, Oxford/AstraZeneca, Pfizer/BioNTech",5583597,4678628,10262225
2021-07-27,"Johnson&Johnson, Moderna, Oxford/AstraZeneca, Pfizer/BioNTech",5606335,4725288,10331623
2021-07-28,"Johnson&Johnson, Moderna, Oxford/AstraZeneca, Pfizer/BioNTech",5627599,4771310,10398909
2021-07-29,"Johnson&Johnson, Moderna, Oxford/AstraZeneca, Pfizer/BioNTech",5648929,4813294,10462223
2021-07-30,"Johnson&Johnson, Moderna, Oxford/AstraZeneca, Pfizer/BioNTech",5672206,4855888,10528094
2021-07-31,"Johnson&Johnson, Moderna, Oxford/AstraZeneca, Pfizer/BioNTech",5681146,4875432,10556578
2021-08-01,"Johnson&Johnson, Moderna, Oxford/AstraZeneca, Pfizer/BioNTech",5687872,4891617,10579489
2021-08-02,"Johnson&Johnson, Moderna, Oxford/AstraZeneca, Pfizer/BioNTech",5706512,4929182,10635694
2021-08-03,"Johnson&Johnson, Moderna, Oxford/AstraZeneca, Pfizer/BioNTech",5724159,4967303,10691462
2021-08-04,"Johnson&Johnson, Moderna, Oxford/AstraZeneca, Pfizer/BioNTech",5740266,5004064,10744330
2021-08-05,"Johnson&Johnson, Moderna, Oxford/AstraZeneca, Pfizer/BioNTech",5756311,5044566,10800877
2021-08-06,"Johnson&Johnson, Moderna, Oxford/AstraZeneca, Pfizer/BioNTech",5773098,5087867,10860965
2021-08-07,"Johnson&Johnson, Moderna, Oxford/AstraZeneca, Pfizer/BioNTech",5778698,5106055,10884753
2021-08-08,"Johnson&Johnson, Moderna, Oxford/AstraZeneca, Pfizer/BioNTech",5783059,5121813,10904872
2021-08-09,"Johnson&Johnson, Moderna, Oxford/AstraZeneca, Pfizer/BioNTech",5795703,5166878,10962581
2021-08-10,"Johnson&Johnson, Moderna, Oxford/AstraZeneca, Pfizer/BioNTech",5807545,5206456,11014001
2021-08-11,"Johnson&Johnson, Moderna, Oxford/AstraZeneca, Pfizer/BioNTech",5818900,5249598,11068498
2021-08-12,"Johnson&Johnson, Moderna, Oxford/AstraZeneca, Pfizer/BioNTech",5830327,5286736,11117063
2021-08-13,"Johnson&Johnson, Moderna, Oxford/AstraZeneca, Pfizer/BioNTech",5841048,5327090,11168138
2021-08-14,"Johnson&Johnson, Moderna, Oxford/AstraZeneca, Pfizer/BioNTech",5844381,5337799,11182180
2021-08-15,"Johnson&Johnson, Moderna, Oxford/AstraZeneca, Pfizer/BioNTech",5846963,5348176,11195139
2021-08-16,"Johnson&Johnson, Moderna, Oxford/AstraZeneca, Pfizer/BioNTech",5856754,5382258,11239012
2021-08-17,"Johnson&Johnson, Moderna, Oxford/AstraZeneca, Pfizer/BioNTech",5866349,5409356,11275705
2021-08-18,"Johnson&Johnson, Moderna, Oxford/AstraZeneca, Pfizer/BioNTech",5875726,5448239,11323965
2021-08-19,"Johnson&Johnson, Moderna, Oxford/AstraZeneca, Pfizer/BioNTech",5885394,5486589,11371983
2021-08-20,"Johnson&Johnson, Moderna, Oxford/AstraZeneca, Pfizer/BioNTech",5896781,5526781,11423562
2021-08-21,"Johnson&Johnson, Moderna, Oxford/AstraZeneca, Pfizer/BioNTech",5899501,5539547,11439048
2021-08-22,"Johnson&Johnson, Moderna, Oxford/AstraZeneca, Pfizer/BioNTech",5901844,5551511,11453355
2021-08-23,"Johnson&Johnson, Moderna, Oxford/AstraZeneca, Pfizer/BioNTech",5912375,5590784,11503159
2021-08-24,"Johnson&Johnson, Moderna, Oxford/AstraZeneca, Pfizer/BioNTech",5922251,5624031,11546282
2021-08-25,"Johnson&Johnson, Moderna, Oxford/AstraZeneca, Pfizer/BioNTech",5931119,5652409,11583528
2021-08-26,"Johnson&Johnson, Moderna, Oxford/AstraZeneca, Pfizer/BioNTech",5939570,5678534,11618104
2021-08-27,"Johnson&Johnson, Moderna, Oxford/AstraZeneca, Pfizer/BioNTech",5949895,5704505,11654400
2021-08-28,"Johnson&Johnson, Moderna, Oxford/AstraZeneca, Pfizer/BioNTech",5952626,5711555,11664181
2021-08-29,"Johnson&Johnson, Moderna, Oxford/AstraZeneca, Pfizer/BioNTech",5955038,5718178,11673216
2021-08-30,"Johnson&Johnson, Moderna, Oxford/AstraZeneca, Pfizer/BioNTech",5963567,5740049,11703616
2021-08-31,"Johnson&Johnson, Moderna, Oxford/AstraZeneca, Pfizer/BioNTech",5971243,5758142,11729385
2021-09-01,"Johnson&Johnson, Moderna, Oxford/AstraZeneca, Pfizer/BioNTech",5977137,5772142,11749279
2021-09-02,"Johnson&Johnson, Moderna, Oxford/AstraZeneca, Pfizer/BioNTech",5983980,5786535,11770515
2021-09-03,"Johnson&Johnson, Moderna, Oxford/AstraZeneca, Pfizer/BioNTech",5993542,5802248,11795790
2021-09-04,"Johnson&Johnson, Moderna, Oxford/AstraZeneca, Pfizer/BioNTech",5995609,5805800,11801409
2021-09-05,"Johnson&Johnson, Moderna, Oxford/AstraZeneca, Pfizer/BioNTech",5997648,5808643,11806291
2021-09-06,"Johnson&Johnson, Moderna, Oxford/AstraZeneca, Pfizer/BioNTech",6003886,5821176,11825062
2021-09-07,"Johnson&Johnson, Moderna, Oxford/AstraZeneca, Pfizer/BioNTech",6008280,5832271,11840551
2021-09-08,"Johnson&Johnson, Moderna, Oxford/AstraZeneca, Pfizer/BioNTech",6013954,5842117,11856071
2021-09-09,"Johnson&Johnson, Moderna, Oxford/AstraZeneca, Pfizer/BioNTech",6020647,5852183,11872830
2021-09-10,"Johnson&Johnson, Moderna, Oxford/AstraZeneca, Pfizer/BioNTech",6028337,5864357,11892694
2021-09-11,"Johnson&Johnson, Moderna, Oxford/AstraZeneca, Pfizer/BioNTech",6030202,5866839,11897041
2021-09-12,"Johnson&Johnson, Moderna, Oxford/AstraZeneca, Pfizer/BioNTech",6031318,5868469,11899787
2021-09-13,"Johnson&Johnson, Moderna, Oxford/AstraZeneca, Pfizer/BioNTech",6036751,5878769,11915520
2021-09-14,"Johnson&Johnson, Moderna, Oxford/AstraZeneca, Pfizer/BioNTech",6042144,5887785,11929929
2021-09-15,"Johnson&Johnson, Moderna, Oxford/AstraZeneca, Pfizer/BioNTech",6047345,5896308,11943653
2021-09-16,"Johnson&Johnson, Moderna, Oxford/AstraZeneca, Pfizer/BioNTech",6052690,5904580,11957270
2021-09-17,"Johnson&Johnson, Moderna, Oxford/AstraZeneca, Pfizer/BioNTech",6059258,5914811,11974069
2021-09-18,"Johnson&Johnson, Moderna, Oxford/AstraZeneca, Pfizer/BioNTech",6060985,5917169,11978154
2021-09-19,"Johnson&Johnson, Moderna, Oxford/AstraZeneca, Pfizer/BioNTech",6061930,5918735,11980665
2021-09-20,"Johnson&Johnson, Moderna, Oxford/AstraZeneca, Pfizer/BioNTech",6065945,5926933,11992878
2021-09-21,"Johnson&Johnson, Moderna, Oxford/AstraZeneca, Pfizer/BioNTech",6070176,5934463,12004639
2021-09-22,"Johnson&Johnson, Moderna, Oxford/AstraZeneca, Pfizer/BioNTech",6074362,5939975,12014337
2021-09-23,"Johnson&Johnson, Moderna, Oxford/AstraZeneca, Pfizer/BioNTech",6079336,5946379,12025715
2021-09-24,"Johnson&Johnson, Moderna, Oxford/AstraZeneca, Pfizer/BioNTech",6085097,5956002,12041099
2021-09-25,"Johnson&Johnson, Moderna, Oxford/AstraZeneca, Pfizer/BioNTech",6086594,5958000,12044594
2021-09-26,"Johnson&Johnson, Moderna, Oxford/AstraZeneca, Pfizer/BioNTech",6087338,5959637,12046975
2021-09-27,"Johnson&Johnson, Moderna, Oxford/AstraZeneca, Pfizer/BioNTech",6091217,5966147,12057364
2021-09-28,"Johnson&Johnson, Moderna, Pfizer/BioNTech",6091582,5966770,12058352
2021-09-29,"Johnson&Johnson, Moderna, Oxford/AstraZeneca, Pfizer/BioNTech",6095358,5974230,12069588
2021-09-30,"Johnson&Johnson, Moderna, Oxford/AstraZeneca, Pfizer/BioNTech",6099862,5981925,12081787
2021-10-01,"Johnson&Johnson, Moderna, Oxford/AstraZeneca, Pfizer/BioNTech",6104162,5989897,12094059
2021-10-02,"Johnson&Johnson, Moderna, Oxford/AstraZeneca, Pfizer/BioNTech",6105225,5991438,12096663
2021-10-03,"Johnson&Johnson, Moderna, Pfizer/BioNTech",6105948,5992305,12098253
2021-10-04,"Johnson&Johnson, Moderna, Oxford/AstraZeneca, Pfizer/BioNTech",6109023,5997875,12106898
2021-10-05,"Johnson&Johnson, Moderna, Oxford/AstraZeneca, Pfizer/BioNTech",6112187,6002956,12115143
2021-10-06,"Johnson&Johnson, Moderna, Oxford/AstraZeneca, Pfizer/BioNTech",6115705,6008126,12123831
2021-10-07,"Johnson&Johnson, Moderna, Oxford/AstraZeneca, Pfizer/BioNTech",6118985,6013381,12132366
2021-10-08,"Johnson&Johnson, Moderna, Oxford/AstraZeneca, Pfizer/BioNTech",6123778,6020017,12143795
2021-10-09,"Johnson&Johnson, Moderna, Oxford/AstraZeneca, Pfizer/BioNTech",6125021,6021673,12146694
2021-10-10,"Johnson&Johnson, Moderna, Oxford/AstraZeneca, Pfizer/BioNTech",6125963,6022503,12148466
2021-10-11,"Johnson&Johnson, Moderna, Oxford/AstraZeneca, Pfizer/BioNTech",6128893,6026915,12155808
2021-10-12,"Johnson&Johnson, Moderna, Oxford/AstraZeneca, Pfizer/BioNTech",6131823,6030917,12162740
2021-10-13,"Johnson&Johnson, Moderna, Oxford/AstraZeneca, Pfizer/BioNTech",6135354,6035097,12170451
2021-10-14,"Johnson&Johnson, Moderna, Oxford/AstraZeneca, Pfizer/BioNTech",6139027,6040044,12179071
2021-10-15,"Johnson&Johnson, Moderna, Oxford/AstraZeneca, Pfizer/BioNTech",6144256,6046189,12190445
2021-10-16,"Johnson&Johnson, Moderna, Oxford/AstraZeneca, Pfizer/BioNTech",6145670,6047712,12193382
2021-10-17,"Johnson&Johnson, Moderna, Pfizer/BioNTech",6146995,6048765,12195760
2021-10-18,"Johnson&Johnson, Moderna, Oxford/AstraZeneca, Pfizer/BioNTech",6151110,6052856,12203966
2021-10-19,"Johnson&Johnson, Moderna, Oxford/AstraZeneca, Pfizer/BioNTech",6154687,6054951,12209638
2021-10-20,"Johnson&Johnson, Moderna, Oxford/AstraZeneca, Pfizer/BioNTech",6159567,6059398,12218965
2021-10-21,"Johnson&Johnson, Moderna, Oxford/AstraZeneca, Pfizer/BioNTech",6167335,6064999,12232334
2021-10-22,"Johnson&Johnson, Moderna, Oxford/AstraZeneca, Pfizer/BioNTech",6177786,6071503,12249289
2021-10-23,"Johnson&Johnson, Moderna, Oxford/AstraZeneca, Pfizer/BioNTech",6181461,6073709,12255170
2021-10-24,"Johnson&Johnson, Moderna, Pfizer/BioNTech",6184143,6075485,12259628
2021-10-25,"Johnson&Johnson, Moderna, Oxford/AstraZeneca, Pfizer/BioNTech",6194640,6081289,12275929
2021-10-26,"Johnson&Johnson, Moderna, Oxford/AstraZeneca, Pfizer/BioNTech",6206632,6087837,12294469
2021-10-27,"Johnson&Johnson, Moderna, Oxford/AstraZeneca, Pfizer/BioNTech",6221240,6095239,12316479
2021-10-28,"Johnson&Johnson, Moderna, Oxford/AstraZeneca, Pfizer/BioNTech",6224658,6096918,12321576
2021-10-29,"Johnson&Johnson, Moderna, Oxford/AstraZeneca, Pfizer/BioNTech",6239090,6104898,12343988
2021-10-30,"Johnson&Johnson, Moderna, Oxford/AstraZeneca, Pfizer/BioNTech",6243620,6107822,12351442
2021-10-31,"Johnson&Johnson, Moderna, Oxford/AstraZeneca, Pfizer/BioNTech",6247382,6110293,12357675
2021-11-01,"Johnson&Johnson, Moderna, Oxford/AstraZeneca, Pfizer/BioNTech",6262583,6117976,12380559
2021-11-02,"Johnson&Johnson, Moderna, Oxford/AstraZeneca, Pfizer/BioNTech",6278035,6125530,12403565
2021-11-03,"Johnson&Johnson, Moderna, Oxford/AstraZeneca, Pfizer/BioNTech",6295213,6132823,12428036
2021-11-04,"Johnson&Johnson, Moderna, Oxford/AstraZeneca, Pfizer/BioNTech",6313566,6140991,12454557
2021-11-05,"Johnson&Johnson, Moderna, Oxford/AstraZeneca, Pfizer/BioNTech",6336362,6152269,12488631
2021-11-06,"Johnson&Johnson, Moderna, Pfizer/BioNTech",6342875,6155321,12498196
2021-11-07,"Johnson&Johnson, Moderna, Oxford/AstraZeneca, Pfizer/BioNTech",6346897,6157758,12504655
2021-11-08,"Johnson&Johnson, Moderna, Oxford/AstraZeneca, Pfizer/BioNTech",6363168,6165390,12528558
2021-11-09,"Johnson&Johnson, Moderna, Oxford/AstraZeneca, Pfizer/BioNTech",6377977,6172683,12550660
2021-11-10,"Johnson&Johnson, Moderna, Oxford/AstraZeneca, Pfizer/BioNTech",6393718,6180058,12573776
2021-11-11,"Johnson&Johnson, Moderna, Oxford/AstraZeneca, Pfizer/BioNTech",6409189,6189163,12598352
2021-11-12,"Johnson&Johnson, Moderna, Oxford/AstraZeneca, Pfizer/BioNTech",6428995,6201959,12630954
2021-11-13,"Johnson&Johnson, Moderna, Oxford/AstraZeneca, Pfizer/BioNTech",6434387,6205828,12640215
2021-11-14,"Johnson&Johnson, Moderna, Oxford/AstraZeneca, Pfizer/BioNTech",6438279,6208831,12647110
2021-11-15,"Johnson&Johnson, Moderna, Oxford/AstraZeneca, Pfizer/BioNTech",6453357,6219519,12672876
2021-11-16,"Johnson&Johnson, Moderna, Oxford/AstraZeneca, Pfizer/BioNTech",6470900,6231500,12702400
2021-11-17,"Johnson&Johnson, Moderna, Oxford/AstraZeneca, Pfizer/BioNTech",6475142,6235063,12710205
2021-11-18,"Johnson&Johnson, Moderna, Oxford/AstraZeneca, Pfizer/BioNTech",6494558,6246747,12741305
2021-11-19,"Johnson&Johnson, Moderna, Oxford/AstraZeneca, Pfizer/BioNTech",6519166,6263715,12782881
2021-11-20,"Johnson&Johnson, Moderna, Pfizer/BioNTech",6527738,6268694,12796432
2021-11-21,"Johnson&Johnson, Moderna, Pfizer/BioNTech",6534509,6272465,12806974
2021-11-22,"Johnson&Johnson, Moderna, Oxford/AstraZeneca, Pfizer/BioNTech",6553025,6286577,12839602
2021-11-23,"Johnson&Johnson, Moderna, Oxford/AstraZeneca, Pfizer/BioNTech",6572086,6299832,12871918
2021-11-24,"Johnson&Johnson, Moderna, Oxford/AstraZeneca, Pfizer/BioNTech",6591098,6315672,12906770
2021-11-25,"Johnson&Johnson, Moderna, Oxford/AstraZeneca, Pfizer/BioNTech",6610249,6330698,12940947
2021-11-26,"Johnson&Johnson, Moderna, Oxford/AstraZeneca, Pfizer/BioNTech",6631902,6349833,12981735
2021-11-27,"Johnson&Johnson, Moderna, Oxford/AstraZeneca, Pfizer/BioNTech",6639374,6355388,12994762
2021-11-28,"Johnson&Johnson, Moderna, Oxford/AstraZeneca, Pfizer/BioNTech",6642711,6358522,13001233
2021-11-29,"Johnson&Johnson, Moderna, Oxford/AstraZeneca, Pfizer/BioNTech",6657921,6372179,13030100
2021-11-30,"Johnson&Johnson, Moderna, Oxford/AstraZeneca, Pfizer/BioNTech",6671125,6383413,13054538
2021-12-01,"Johnson&Johnson, Moderna, Oxford/AstraZeneca, Pfizer/BioNTech",6685155,6395865,13081020
2021-12-02,"Johnson&Johnson, Moderna, Oxford/AstraZeneca, Pfizer/BioNTech",6695791,6408357,13104148
2021-12-03,"Johnson&Johnson, Moderna, Oxford/AstraZeneca, Pfizer/BioNTech",6705437,6423927,13129364
2021-12-04,"Johnson&Johnson, Moderna, Pfizer/BioNTech",6707998,6427875,13135873
2021-12-05,"Johnson&Johnson, Moderna, Oxford/AstraZeneca, Pfizer/BioNTech",6709361,6430215,13139576
2021-12-06,"Johnson&Johnson, Moderna, Oxford/AstraZeneca, Pfizer/BioNTech",6717523,6441737,13159260
2021-12-07,"Johnson&Johnson, Moderna, Oxford/AstraZeneca, Pfizer/BioNTech",6725409,6453738,13179147
2021-12-08,"Johnson&Johnson, Moderna, Oxford/AstraZeneca, Pfizer/BioNTech",6733659,6459660,13193319
2021-12-09,"Johnson&Johnson, Moderna, Oxford/AstraZeneca, Pfizer/BioNTech",6740782,6472479,13213261
2021-12-10,"Johnson&Johnson, Moderna, Oxford/AstraZeneca, Pfizer/BioNTech",6747712,6490282,13237994
2021-12-11,"Johnson&Johnson, Moderna, Pfizer/BioNTech",6749372,6495553,13244925
2021-12-12,"Johnson&Johnson, Moderna, Oxford/AstraZeneca, Pfizer/BioNTech",6750681,6499985,13250666
2021-12-13,"Johnson&Johnson, Moderna, Oxford/AstraZeneca, Pfizer/BioNTech",6757035,6513294,13270329
2021-12-14,"Johnson&Johnson, Moderna, Oxford/AstraZeneca, Pfizer/BioNTech",6763261,6526962,13290223
2021-12-15,"Johnson&Johnson, Moderna, Oxford/AstraZeneca, Pfizer/BioNTech",6769463,6540562,13310025
2021-12-16,"Johnson&Johnson, Moderna, Oxford/AstraZeneca, Pfizer/BioNTech",6776402,6555397,13331799
2021-12-17,"Johnson&Johnson, Moderna, Oxford/AstraZeneca, Pfizer/BioNTech",6784771,6572655,13357426
2021-12-18,"Johnson&Johnson, Moderna, Oxford/AstraZeneca, Pfizer/BioNTech",6787381,6578103,13365484
2021-12-19,"Johnson&Johnson, Moderna, Pfizer/BioNTech",6789153,6580605,13369758
2021-12-20,"Johnson&Johnson, Moderna, Oxford/AstraZeneca, Pfizer/BioNTech",6794966,6594660,13389626
2021-12-21,"Johnson&Johnson, Moderna, Oxford/AstraZeneca, Pfizer/BioNTech",6801635,6606646,13408281
2021-12-22,"Johnson&Johnson, Moderna, Oxford/AstraZeneca, Pfizer/BioNTech",6806693,6619692,13426385
2021-12-23,"Johnson&Johnson, Moderna, Oxford/AstraZeneca, Pfizer/BioNTech",6809558,6625291,13434849
2021-12-24,"Johnson&Johnson, Moderna, Oxford/AstraZeneca, Pfizer/BioNTech",6809604,6625391,13434995
2021-12-25,"Moderna, Pfizer/BioNTech",6809605,6625398,13435003
2021-12-26,"Moderna, Pfizer/BioNTech",6809704,6625600,13435304
2021-12-27,"Johnson&Johnson, Moderna, Pfizer/BioNTech",6813569,6635335,13448904
2021-12-28,"Johnson&Johnson, Moderna, Oxford/AstraZeneca, Pfizer/BioNTech",6818804,6643315,13462119
2021-12-29,"Johnson&Johnson, Moderna, Oxford/AstraZeneca, Pfizer/BioNTech",6823084,6651025,13474109
2021-12-30,"Johnson&Johnson, Moderna, Pfizer/BioNTech",6827381,6656451,13483832
2021-12-31,"Johnson&Johnson, Moderna, Pfizer/BioNTech",6827888,6657867,13485755
2022-01-01,"Johnson&Johnson, Moderna, Pfizer/BioNTech",6827893,6657885,13485778
2022-01-02,"Johnson&Johnson, Moderna, Pfizer/BioNTech",6828744,6659266,13488010
2022-01-03,"Johnson&Johnson, Moderna, Oxford/AstraZeneca, Pfizer/BioNTech",6832859,6668158,13501017
2022-01-04,"Johnson&Johnson, Moderna, Oxford/AstraZeneca, Pfizer/BioNTech",6837941,6675931,13513872
2022-01-05,"Johnson&Johnson, Moderna, Oxford/AstraZeneca, Pfizer/BioNTech",6843739,6683892,13527631
2022-01-06,"Johnson&Johnson, Moderna, Oxford/AstraZeneca, Pfizer/BioNTech",6850317,6692313,13542630
2022-01-07,"Johnson&Johnson, Moderna, Oxford/AstraZeneca, Pfizer/BioNTech",6858173,6702654,13560827
2022-01-08,"Johnson&Johnson, Moderna, Oxford/AstraZeneca, Pfizer/BioNTech",6860655,6705436,13566091
2022-01-09,"Johnson&Johnson, Moderna, Pfizer/BioNTech",6861737,6707138,13568875
2022-01-10,"Johnson&Johnson, Moderna, Oxford/AstraZeneca, Pfizer/BioNTech",6866208,6713304,13579512
2022-01-11,"Johnson&Johnson, Moderna, Oxford/AstraZeneca, Pfizer/BioNTech",6871615,6720063,13591678
2022-01-12,"Johnson&Johnson, Moderna, Oxford/AstraZeneca, Pfizer/BioNTech",6877558,6725703,13603261
2022-01-13,"Johnson&Johnson, Moderna, Oxford/AstraZeneca, Pfizer/BioNTech",6883425,6730467,13613892
2022-01-14,"Johnson&Johnson, Moderna, Oxford/AstraZeneca, Pfizer/BioNTech",6889680,6734112,13623792
2022-01-15,"Johnson&Johnson, Moderna, Oxford/AstraZeneca, Pfizer/BioNTech",6890956,6734766,13625722
2022-01-16,"Johnson&Johnson, Moderna, Oxford/AstraZeneca, Pfizer/BioNTech",6891641,6735198,13626839
2022-01-17,"Johnson&Johnson, Moderna, Oxford/AstraZeneca, Pfizer/BioNTech",6895126,6739142,13634268
2022-01-18,"Johnson&Johnson, Moderna, Oxford/AstraZeneca, Pfizer/BioNTech",6899000,6744087,13643087
2022-01-19,"Johnson&Johnson, Moderna, Oxford/AstraZeneca, Pfizer/BioNTech",6903044,6748016,13651060
2022-01-20,"Johnson&Johnson, Moderna, Oxford/AstraZeneca, Pfizer/BioNTech",6906629,6752428,13659057
2022-01-21,"Johnson&Johnson, Moderna, Oxford/AstraZeneca, Pfizer/BioNTech",6910627,6754947,13665574
2022-01-22,"Johnson&Johnson, Moderna, Oxford/AstraZeneca, Pfizer/BioNTech",6911408,6755386,13666794
2022-01-23,"Johnson&Johnson, Moderna, Pfizer/BioNTech",6911977,6756020,13667997
2022-01-24,"Johnson&Johnson, Moderna, Oxford/AstraZeneca, Pfizer/BioNTech",6914240,6759442,13673682
2022-01-25,"Johnson&Johnson, Moderna, Oxford/AstraZeneca, Pfizer/BioNTech",6916588,6763419,13680007
2022-01-26,"Johnson&Johnson, Moderna, Oxford/AstraZeneca, Pfizer/BioNTech",6918983,6767973,13686956
2022-01-27,"Johnson&Johnson, Moderna, Oxford/AstraZeneca, Pfizer/BioNTech",6921333,6772779,13694112
2022-01-28,"Johnson&Johnson, Moderna, Oxford/AstraZeneca, Pfizer/BioNTech",6924252,6778899,13703151
2022-01-29,"Johnson&Johnson, Moderna, Pfizer/BioNTech",6924854,6780543,13705397
2022-01-30,"Johnson&Johnson, Moderna, Pfizer/BioNTech",6925081,6781317,13706398
2022-01-31,"Johnson&Johnson, Moderna, Pfizer/BioNTech",6926585,6785198,13711783
2022-02-01,"Johnson&Johnson, Moderna, Pfizer/BioNTech",6928137,6789149,13717286
2022-02-02,"Johnson&Johnson, Moderna, Pfizer/BioNTech",6929662,6793574,13723236
2022-02-03,"Johnson&Johnson, Moderna, Pfizer/BioNTech",6930958,6797857,13728815
