date,vaccine,people_vaccinated,people_fully_vaccinated,total_vaccinations
2020-12-27,Pfizer/BioNTech,1288,0,1288
2020-12-28,Pfizer/BioNTech,3591,0,3591
2020-12-29,Pfizer/BioNTech,7063,1,7064
2020-12-30,Pfizer/BioNTech,10580,1,10581
2020-12-31,Pfizer/BioNTech,11891,1,11892
2021-01-01,"Moderna, Pfizer/BioNTech",12160,1,12161
2021-01-02,"Moderna, Pfizer/BioNTech",13443,2,13445
2021-01-03,"Moderna, Pfizer/BioNTech",14370,2,14372
2021-01-04,"Moderna, Pfizer/BioNTech",17981,2,17983
2021-01-05,"Moderna, Pfizer/BioNTech",22507,3,22510
2021-01-06,"Moderna, Pfizer/BioNTech",28354,4,28358
2021-01-07,"Moderna, Pfizer/BioNTech",36352,4,36356
2021-01-08,"Moderna, Pfizer/BioNTech",46404,5,46409
2021-01-09,"Moderna, Pfizer/BioNTech",48432,7,48439
2021-01-10,Pfizer/BioNTech,50203,9,50212
2021-01-11,"Moderna, Pfizer/BioNTech",60059,11,60070
2021-01-12,"Moderna, Pfizer/BioNTech",73515,13,73528
2021-01-13,"Moderna, Pfizer/BioNTech",87061,13,87074
2021-01-14,"Moderna, Pfizer/BioNTech",102314,17,102331
2021-01-15,"Moderna, Pfizer/BioNTech",116336,18,116354
2021-01-16,"Moderna, Pfizer/BioNTech",119740,22,119762
2021-01-17,"Moderna, Pfizer/BioNTech",122361,658,123019
2021-01-18,"Moderna, Pfizer/BioNTech",134855,2485,137340
2021-01-19,"Moderna, Pfizer/BioNTech",147468,5214,152682
2021-01-20,"Moderna, Pfizer/BioNTech",161166,7878,169044
2021-01-21,"Moderna, Pfizer/BioNTech",176821,9620,186441
2021-01-22,"Moderna, Pfizer/BioNTech",191715,10664,202379
2021-01-23,"Moderna, Pfizer/BioNTech",195034,11542,206576
2021-01-24,"Moderna, Pfizer/BioNTech",197290,12413,209703
2021-01-25,"Moderna, Pfizer/BioNTech",206945,15385,222330
2021-01-26,"Moderna, Pfizer/BioNTech",217492,19377,236869
2021-01-27,"Moderna, Pfizer/BioNTech",226524,23912,250436
2021-01-28,"Moderna, Pfizer/BioNTech",233630,30044,263674
2021-01-29,"Moderna, Pfizer/BioNTech",239845,37953,277798
2021-01-30,"Moderna, Pfizer/BioNTech",240586,39041,279627
2021-01-31,"Moderna, Pfizer/BioNTech",241304,40223,281527
2021-02-01,"Moderna, Pfizer/BioNTech",245287,48192,293479
2021-02-02,"Moderna, Pfizer/BioNTech",249440,58432,307872
2021-02-03,"Moderna, Pfizer/BioNTech",253867,69453,323320
2021-02-04,"Moderna, Pfizer/BioNTech",258775,82446,341221
2021-02-05,"Moderna, Pfizer/BioNTech",264251,93121,357372
2021-02-06,"Moderna, Oxford/AstraZeneca, Pfizer/BioNTech",265110,95487,360597
2021-02-07,"Moderna, Oxford/AstraZeneca, Pfizer/BioNTech",265962,97987,363949
2021-02-08,"Moderna, Oxford/AstraZeneca, Pfizer/BioNTech",270057,109417,379474
2021-02-09,"Moderna, Oxford/AstraZeneca, Pfizer/BioNTech",275165,121333,396498
2021-02-10,"Moderna, Oxford/AstraZeneca, Pfizer/BioNTech",280684,134594,415278
2021-02-11,"Moderna, Oxford/AstraZeneca, Pfizer/BioNTech",287027,150814,437841
2021-02-12,"Moderna, Oxford/AstraZeneca, Pfizer/BioNTech",293857,165563,459420
2021-02-13,"Moderna, Oxford/AstraZeneca, Pfizer/BioNTech",295475,168551,464026
2021-02-14,"Moderna, Oxford/AstraZeneca, Pfizer/BioNTech",296481,169937,466418
2021-02-15,"Moderna, Oxford/AstraZeneca, Pfizer/BioNTech",302881,179308,482189
2021-02-16,"Moderna, Oxford/AstraZeneca, Pfizer/BioNTech",311603,188389,499992
2021-02-17,"Moderna, Oxford/AstraZeneca, Pfizer/BioNTech",321306,196700,518006
2021-02-18,"Moderna, Oxford/AstraZeneca, Pfizer/BioNTech",333637,204785,538422
2021-02-19,"Moderna, Oxford/AstraZeneca, Pfizer/BioNTech",345503,212161,557664
2021-02-20,"Moderna, Oxford/AstraZeneca, Pfizer/BioNTech",347513,213347,560860
2021-02-21,"Moderna, Oxford/AstraZeneca, Pfizer/BioNTech",348650,214373,563023
2021-02-22,"Moderna, Oxford/AstraZeneca, Pfizer/BioNTech",358778,220411,579189
2021-02-23,"Moderna, Oxford/AstraZeneca, Pfizer/BioNTech",371743,227402,599145
2021-02-24,"Moderna, Oxford/AstraZeneca, Pfizer/BioNTech",385628,233444,619072
2021-02-25,"Moderna, Oxford/AstraZeneca, Pfizer/BioNTech",403612,238996,642608
2021-02-26,"Moderna, Oxford/AstraZeneca, Pfizer/BioNTech",419794,244356,664150
2021-02-27,"Moderna, Oxford/AstraZeneca, Pfizer/BioNTech",422803,244916,667719
2021-02-28,"Moderna, Oxford/AstraZeneca, Pfizer/BioNTech",425161,245468,670629
2021-03-01,"Moderna, Oxford/AstraZeneca, Pfizer/BioNTech",444762,248918,693680
2021-03-02,"Moderna, Oxford/AstraZeneca, Pfizer/BioNTech",471990,252468,724458
2021-03-03,"Moderna, Oxford/AstraZeneca, Pfizer/BioNTech",502948,256979,759927
2021-03-04,"Moderna, Oxford/AstraZeneca, Pfizer/BioNTech",536238,261670,797908
2021-03-05,"Johnson&Johnson, Moderna, Oxford/AstraZeneca, Pfizer/BioNTech",565084,267099,832183
2021-03-06,"Johnson&Johnson, Moderna, Oxford/AstraZeneca, Pfizer/BioNTech",577244,267965,845209
2021-03-07,"Johnson&Johnson, Moderna, Oxford/AstraZeneca, Pfizer/BioNTech",588793,268808,857601
2021-03-08,"Johnson&Johnson, Moderna, Oxford/AstraZeneca, Pfizer/BioNTech",618544,273671,892215
2021-03-09,"Johnson&Johnson, Moderna, Oxford/AstraZeneca, Pfizer/BioNTech",654916,280059,934975
2021-03-10,"Johnson&Johnson, Moderna, Oxford/AstraZeneca, Pfizer/BioNTech",696251,287020,983271
2021-03-11,"Johnson&Johnson, Moderna, Oxford/AstraZeneca, Pfizer/BioNTech",741109,295396,1036505
2021-03-12,"Johnson&Johnson, Moderna, Oxford/AstraZeneca, Pfizer/BioNTech",779874,303896,1083770
2021-03-13,"Johnson&Johnson, Moderna, Oxford/AstraZeneca, Pfizer/BioNTech",796984,305211,1102195
2021-03-14,"Johnson&Johnson, Moderna, Oxford/AstraZeneca, Pfizer/BioNTech",809103,306367,1115470
2021-03-15,"Johnson&Johnson, Moderna, Oxford/AstraZeneca, Pfizer/BioNTech",837501,315150,1152651
2021-03-16,"Johnson&Johnson, Moderna, Oxford/AstraZeneca, Pfizer/BioNTech",876399,325688,1202087
2021-03-17,"Moderna, Oxford/AstraZeneca, Pfizer/BioNTech",913888,336203,1250091
2021-03-18,"Johnson&Johnson, Moderna, Oxford/AstraZeneca, Pfizer/BioNTech",951896,348629,1300525
2021-03-19,"Johnson&Johnson, Moderna, Oxford/AstraZeneca, Pfizer/BioNTech",986417,362244,1348661
2021-03-20,"Johnson&Johnson, Moderna, Oxford/AstraZeneca, Pfizer/BioNTech",1001601,364274,1365875
2021-03-21,"Johnson&Johnson, Moderna, Oxford/AstraZeneca, Pfizer/BioNTech",1009046,365834,1374880
2021-03-22,"Johnson&Johnson, Moderna, Oxford/AstraZeneca, Pfizer/BioNTech",1033625,378338,1411963
2021-03-23,"Johnson&Johnson, Moderna, Oxford/AstraZeneca, Pfizer/BioNTech",1060301,391704,1452005
2021-03-24,"Johnson&Johnson, Moderna, Oxford/AstraZeneca, Pfizer/BioNTech",1087194,407450,1494644
2021-03-25,"Johnson&Johnson, Moderna, Oxford/AstraZeneca, Pfizer/BioNTech",1113553,425306,1538859
2021-03-26,"Johnson&Johnson, Moderna, Oxford/AstraZeneca, Pfizer/BioNTech",1138396,442820,1581216
2021-03-27,"Johnson&Johnson, Moderna, Oxford/AstraZeneca, Pfizer/BioNTech",1146858,447666,1594524
2021-03-28,"Moderna, Oxford/AstraZeneca, Pfizer/BioNTech",1152406,451814,1604220
2021-03-29,"Johnson&Johnson, Moderna, Oxford/AstraZeneca, Pfizer/BioNTech",1171566,472552,1644118
2021-03-30,"Johnson&Johnson, Moderna, Oxford/AstraZeneca, Pfizer/BioNTech",1196277,494740,1691017
2021-03-31,"Johnson&Johnson, Moderna, Oxford/AstraZeneca, Pfizer/BioNTech",1219433,521809,1741242
2021-04-01,"Johnson&Johnson, Moderna, Oxford/AstraZeneca, Pfizer/BioNTech",1245120,553868,1798988
2021-04-02,"Johnson&Johnson, Moderna, Oxford/AstraZeneca, Pfizer/BioNTech",1252104,566667,1818771
2021-04-03,"Johnson&Johnson, Moderna, Oxford/AstraZeneca, Pfizer/BioNTech",1255756,577599,1833355
2021-04-04,"Johnson&Johnson, Moderna, Oxford/AstraZeneca, Pfizer/BioNTech",1258300,586523,1844823
2021-04-05,"Johnson&Johnson, Moderna, Oxford/AstraZeneca, Pfizer/BioNTech",1260732,593728,1854460
2021-04-06,"Johnson&Johnson, Moderna, Oxford/AstraZeneca, Pfizer/BioNTech",1276949,623003,1899952
2021-04-07,"Johnson&Johnson, Moderna, Oxford/AstraZeneca, Pfizer/BioNTech",1300455,645248,1945703
2021-04-08,"Johnson&Johnson, Moderna, Oxford/AstraZeneca, Pfizer/BioNTech",1339271,676295,2015566
2021-04-09,"Johnson&Johnson, Moderna, Oxford/AstraZeneca, Pfizer/BioNTech",1378871,706495,2085366
2021-04-10,"Johnson&Johnson, Moderna, Oxford/AstraZeneca, Pfizer/BioNTech",1394439,721808,2116247
2021-04-11,"Johnson&Johnson, Moderna, Oxford/AstraZeneca, Pfizer/BioNTech",1404234,731864,2136098
2021-04-12,"Johnson&Johnson, Moderna, Oxford/AstraZeneca, Pfizer/BioNTech",1442557,757010,2199567
2021-04-13,"Moderna, Oxford/AstraZeneca, Pfizer/BioNTech",1478863,783053,2261916
2021-04-14,"Moderna, Oxford/AstraZeneca, Pfizer/BioNTech",1517752,810430,2328182
2021-04-15,"Moderna, Oxford/AstraZeneca, Pfizer/BioNTech",1565588,836211,2401799
2021-04-16,"Moderna, Oxford/AstraZeneca, Pfizer/BioNTech",1610303,861894,2472197
2021-04-17,"Moderna, Oxford/AstraZeneca, Pfizer/BioNTech",1627030,870921,2497951
2021-04-18,"Moderna, Oxford/AstraZeneca, Pfizer/BioNTech",1640030,875907,2515937
2021-04-19,"Johnson&Johnson, Moderna, Oxford/AstraZeneca, Pfizer/BioNTech",1684003,891351,2575354
2021-04-20,"Johnson&Johnson, Moderna, Oxford/AstraZeneca, Pfizer/BioNTech",1726591,907241,2633832
2021-04-21,"Moderna, Oxford/AstraZeneca, Pfizer/BioNTech",1774362,921610,2695972
2021-04-22,"Johnson&Johnson, Moderna, Oxford/AstraZeneca, Pfizer/BioNTech",1828892,939010,2767902
2021-04-23,"Johnson&Johnson, Moderna, Oxford/AstraZeneca, Pfizer/BioNTech",1878907,951077,2829984
2021-04-24,"Johnson&Johnson, Moderna, Oxford/AstraZeneca, Pfizer/BioNTech",1896785,956344,2853129
2021-04-25,"Johnson&Johnson, Moderna, Oxford/AstraZeneca, Pfizer/BioNTech",1911499,960348,2871847
2021-04-26,"Johnson&Johnson, Moderna, Oxford/AstraZeneca, Pfizer/BioNTech",1961112,967919,2929031
2021-04-27,"Johnson&Johnson, Moderna, Oxford/AstraZeneca, Pfizer/BioNTech",2010101,980171,2990272
2021-04-28,"Johnson&Johnson, Moderna, Oxford/AstraZeneca, Pfizer/BioNTech",2068885,994198,3063083
2021-04-29,"Johnson&Johnson, Moderna, Oxford/AstraZeneca, Pfizer/BioNTech",2134508,1010120,3144628
2021-04-30,"Johnson&Johnson, Moderna, Oxford/AstraZeneca, Pfizer/BioNTech",2196803,1020118,3216921
2021-05-01,"Johnson&Johnson, Moderna, Oxford/AstraZeneca, Pfizer/BioNTech",2216194,1023584,3239778
2021-05-02,"Johnson&Johnson, Moderna, Oxford/AstraZeneca, Pfizer/BioNTech",2235148,1025875,3261023
2021-05-03,"Johnson&Johnson, Moderna, Oxford/AstraZeneca, Pfizer/BioNTech",2302430,1030960,3333390
2021-05-04,"Johnson&Johnson, Moderna, Oxford/AstraZeneca, Pfizer/BioNTech",2368995,1039334,3408329
2021-05-05,"Johnson&Johnson, Moderna, Oxford/AstraZeneca, Pfizer/BioNTech",2442210,1048786,3490996
2021-05-06,"Johnson&Johnson, Moderna, Oxford/AstraZeneca, Pfizer/BioNTech",2522660,1059542,3582202
2021-05-07,"Johnson&Johnson, Moderna, Oxford/AstraZeneca, Pfizer/BioNTech",2599995,1069691,3669686
2021-05-08,"Johnson&Johnson, Moderna, Oxford/AstraZeneca, Pfizer/BioNTech",2629538,1071485,3701023
2021-05-09,"Johnson&Johnson, Moderna, Oxford/AstraZeneca, Pfizer/BioNTech",2653779,1072709,3726488
2021-05-10,"Johnson&Johnson, Moderna, Oxford/AstraZeneca, Pfizer/BioNTech",2726584,1079957,3806541
2021-05-11,"Johnson&Johnson, Moderna, Oxford/AstraZeneca, Pfizer/BioNTech",2802743,1088793,3891536
2021-05-12,"Johnson&Johnson, Moderna, Oxford/AstraZeneca, Pfizer/BioNTech",2882695,1097941,3980636
2021-05-13,"Johnson&Johnson, Moderna, Oxford/AstraZeneca, Pfizer/BioNTech",2966752,1107136,4073888
2021-05-14,"Johnson&Johnson, Moderna, Oxford/AstraZeneca, Pfizer/BioNTech",3046308,1114967,4161275
2021-05-15,"Johnson&Johnson, Moderna, Oxford/AstraZeneca, Pfizer/BioNTech",3078280,1117254,4195534
2021-05-16,"Johnson&Johnson, Moderna, Oxford/AstraZeneca, Pfizer/BioNTech",3104095,1118541,4222636
2021-05-17,"Johnson&Johnson, Moderna, Oxford/AstraZeneca, Pfizer/BioNTech",3176640,1125299,4301939
2021-05-18,"Johnson&Johnson, Moderna, Oxford/AstraZeneca, Pfizer/BioNTech",3248638,1138422,4387060
2021-05-19,"Johnson&Johnson, Moderna, Oxford/AstraZeneca, Pfizer/BioNTech",3326138,1153597,4479735
2021-05-20,"Johnson&Johnson, Moderna, Oxford/AstraZeneca, Pfizer/BioNTech",3401633,1180672,4582305
2021-05-21,"Johnson&Johnson, Moderna, Oxford/AstraZeneca, Pfizer/BioNTech",3470493,1208482,4678975
2021-05-22,"Johnson&Johnson, Moderna, Oxford/AstraZeneca, Pfizer/BioNTech",3502964,1219725,4722689
2021-05-23,"Johnson&Johnson, Moderna, Oxford/AstraZeneca, Pfizer/BioNTech",3525415,1228768,4754183
2021-05-24,"Johnson&Johnson, Moderna, Oxford/AstraZeneca, Pfizer/BioNTech",3572636,1262451,4835087
2021-05-25,"Johnson&Johnson, Moderna, Oxford/AstraZeneca, Pfizer/BioNTech",3624557,1298301,4922858
2021-05-26,"Johnson&Johnson, Moderna, Oxford/AstraZeneca, Pfizer/BioNTech",3692325,1335865,5028190
2021-05-27,"Johnson&Johnson, Moderna, Oxford/AstraZeneca, Pfizer/BioNTech",3753758,1383234,5136992
2021-05-28,"Johnson&Johnson, Moderna, Oxford/AstraZeneca, Pfizer/BioNTech",3815516,1429851,5245367
2021-05-29,"Johnson&Johnson, Moderna, Oxford/AstraZeneca, Pfizer/BioNTech",3844789,1446999,5291788
2021-05-30,"Johnson&Johnson, Moderna, Oxford/AstraZeneca, Pfizer/BioNTech",3867204,1461472,5328676
2021-05-31,"Johnson&Johnson, Moderna, Oxford/AstraZeneca, Pfizer/BioNTech",3922951,1509008,5431959
2021-06-01,"Johnson&Johnson, Moderna, Oxford/AstraZeneca, Pfizer/BioNTech",3982068,1557902,5539970
2021-06-02,"Johnson&Johnson, Moderna, Oxford/AstraZeneca, Pfizer/BioNTech",4045051,1611947,5656998
2021-06-03,"Johnson&Johnson, Moderna, Oxford/AstraZeneca, Pfizer/BioNTech",4103317,1672201,5775518
2021-06-04,"Johnson&Johnson, Moderna, Oxford/AstraZeneca, Pfizer/BioNTech",4166465,1729639,5896104
2021-06-05,"Johnson&Johnson, Moderna, Oxford/AstraZeneca, Pfizer/BioNTech",4200655,1748573,5949228
2021-06-06,"Johnson&Johnson, Moderna, Oxford/AstraZeneca, Pfizer/BioNTech",4227616,1763753,5991369
2021-06-07,"Johnson&Johnson, Moderna, Oxford/AstraZeneca, Pfizer/BioNTech",4291317,1819410,6110727
2021-06-08,"Johnson&Johnson, Moderna, Oxford/AstraZeneca, Pfizer/BioNTech",4355338,1874447,6229785
2021-06-09,"Johnson&Johnson, Moderna, Oxford/AstraZeneca, Pfizer/BioNTech",4414565,1939154,6353719
2021-06-10,"Johnson&Johnson, Moderna, Oxford/AstraZeneca, Pfizer/BioNTech",4468436,2010497,6478933
2021-06-11,"Johnson&Johnson, Moderna, Oxford/AstraZeneca, Pfizer/BioNTech",4520570,2080356,6600926
2021-06-12,"Johnson&Johnson, Moderna, Oxford/AstraZeneca, Pfizer/BioNTech",4552595,2101221,6653816
2021-06-13,"Johnson&Johnson, Moderna, Oxford/AstraZeneca, Pfizer/BioNTech",4576641,2119665,6696306
2021-06-14,"Johnson&Johnson, Moderna, Oxford/AstraZeneca, Pfizer/BioNTech",4619739,2194087,6813826
2021-06-15,"Johnson&Johnson, Moderna, Oxford/AstraZeneca, Pfizer/BioNTech",4664422,2266507,6930929
2021-06-16,"Johnson&Johnson, Moderna, Oxford/AstraZeneca, Pfizer/BioNTech",4707253,2344773,7052026
2021-06-17,"Johnson&Johnson, Moderna, Oxford/AstraZeneca, Pfizer/BioNTech",4746697,2427897,7174594
2021-06-18,"Johnson&Johnson, Moderna, Oxford/AstraZeneca, Pfizer/BioNTech",4789147,2508509,7297656
2021-06-19,"Johnson&Johnson, Moderna, Oxford/AstraZeneca, Pfizer/BioNTech",4810947,2537863,7348810
2021-06-20,"Johnson&Johnson, Moderna, Oxford/AstraZeneca, Pfizer/BioNTech",4828361,2561746,7390107
2021-06-21,"Johnson&Johnson, Moderna, Oxford/AstraZeneca, Pfizer/BioNTech",4860876,2640387,7501263
2021-06-22,"Johnson&Johnson, Moderna, Oxford/AstraZeneca, Pfizer/BioNTech",4893857,2722738,7616595
2021-06-23,"Johnson&Johnson, Moderna, Oxford/AstraZeneca, Pfizer/BioNTech",4925585,2808011,7733596
2021-06-24,"Johnson&Johnson, Moderna, Oxford/AstraZeneca, Pfizer/BioNTech",4955462,2898096,7853558
2021-06-25,"Johnson&Johnson, Moderna, Oxford/AstraZeneca, Pfizer/BioNTech",4986560,2984358,7970918
2021-06-26,"Johnson&Johnson, Moderna, Oxford/AstraZeneca, Pfizer/BioNTech",5002466,3019254,8021720
2021-06-27,"Johnson&Johnson, Moderna, Oxford/AstraZeneca, Pfizer/BioNTech",5016427,3045978,8062405
2021-06-28,"Johnson&Johnson, Moderna, Oxford/AstraZeneca, Pfizer/BioNTech",5044853,3131219,8176072
2021-06-29,"Johnson&Johnson, Moderna, Oxford/AstraZeneca, Pfizer/BioNTech",5074152,3217789,8291941
2021-06-30,"Johnson&Johnson, Moderna, Oxford/AstraZeneca, Pfizer/BioNTech",5101666,3308850,8410516
2021-07-01,"Johnson&Johnson, Moderna, Oxford/AstraZeneca, Pfizer/BioNTech",5125676,3398970,8524646
2021-07-02,"Johnson&Johnson, Moderna, Oxford/AstraZeneca, Pfizer/BioNTech",5152432,3484930,8637362
2021-07-03,"Johnson&Johnson, Moderna, Oxford/AstraZeneca, Pfizer/BioNTech",5159539,3516512,8676051
2021-07-04,"Johnson&Johnson, Moderna, Oxford/AstraZeneca, Pfizer/BioNTech",5167133,3538342,8705475
2021-07-05,"Johnson&Johnson, Moderna, Oxford/AstraZeneca, Pfizer/BioNTech",5174558,3563760,8738318
2021-07-06,"Johnson&Johnson, Moderna, Oxford/AstraZeneca, Pfizer/BioNTech",5180041,3591499,8771540
2021-07-07,"Johnson&Johnson, Moderna, Oxford/AstraZeneca, Pfizer/BioNTech",5205876,3670510,8876386
2021-07-08,"Johnson&Johnson, Moderna, Oxford/AstraZeneca, Pfizer/BioNTech",5232501,3740872,8973373
2021-07-09,"Johnson&Johnson, Moderna, Oxford/AstraZeneca, Pfizer/BioNTech",5260461,3810221,9070682
2021-07-10,"Johnson&Johnson, Moderna, Oxford/AstraZeneca, Pfizer/BioNTech",5269850,3838901,9108751
2021-07-11,"Johnson&Johnson, Moderna, Oxford/AstraZeneca, Pfizer/BioNTech",5278409,3861795,9140204
2021-07-12,"Johnson&Johnson, Moderna, Oxford/AstraZeneca, Pfizer/BioNTech",5305956,3930890,9236846
2021-07-13,"Johnson&Johnson, Moderna, Oxford/AstraZeneca, Pfizer/BioNTech",5332172,4000796,9332968
2021-07-14,"Johnson&Johnson, Moderna, Oxford/AstraZeneca, Pfizer/BioNTech",5358018,4072814,9430832
2021-07-15,"Johnson&Johnson, Moderna, Oxford/AstraZeneca, Pfizer/BioNTech",5387214,4138866,9526080
2021-07-16,"Johnson&Johnson, Moderna, Oxford/AstraZeneca, Pfizer/BioNTech",5415154,4211630,9626784
2021-07-17,"Johnson&Johnson, Moderna, Oxford/AstraZeneca, Pfizer/BioNTech",5423960,4243112,9667072
2021-07-18,"Johnson&Johnson, Moderna, Oxford/AstraZeneca, Pfizer/BioNTech",5432407,4269130,9701537
2021-07-19,"Johnson&Johnson, Moderna, Oxford/AstraZeneca, Pfizer/BioNTech",5455782,4336178,9791960
2021-07-20,"Johnson&Johnson, Moderna, Oxford/AstraZeneca, Pfizer/BioNTech",5477195,4403267,9880462
2021-07-21,"Johnson&Johnson, Moderna, Oxford/AstraZeneca, Pfizer/BioNTech",5500660,4466750,9967410
2021-07-22,"Johnson&Johnson, Moderna, Oxford/AstraZeneca, Pfizer/BioNTech",5523032,4525409,10048441
2021-07-23,"Johnson&Johnson, Moderna, Oxford/AstraZeneca, Pfizer/BioNTech",5546274,4580191,10126465
2021-07-24,"Johnson&Johnson, Moderna, Oxford/AstraZeneca, Pfizer/BioNTech",5553626,4607875,10161501
2021-07-25,"Johnson&Johnson, Moderna, Oxford/AstraZeneca, Pfizer/BioNTech",5560267,4630020,10190287
2021-07-26,"Johnson&Johnson, Moderna, Oxford/AstraZeneca, Pfizer/BioNTech",5583830,4678732,10262562
2021-07-27,"Johnson&Johnson, Moderna, Oxford/AstraZeneca, Pfizer/BioNTech",5606589,4725411,10332000
2021-07-28,"Johnson&Johnson, Moderna, Oxford/AstraZeneca, Pfizer/BioNTech",5627877,4771456,10399333
2021-07-29,"Johnson&Johnson, Moderna, Oxford/AstraZeneca, Pfizer/BioNTech",5649223,4813463,10462686
2021-07-30,"Johnson&Johnson, Moderna, Oxford/AstraZeneca, Pfizer/BioNTech",5672511,4856059,10528570
2021-07-31,"Johnson&Johnson, Moderna, Oxford/AstraZeneca, Pfizer/BioNTech",5681469,4875615,10557084
2021-08-01,"Johnson&Johnson, Moderna, Oxford/AstraZeneca, Pfizer/BioNTech",5688204,4891800,10580004
2021-08-02,"Johnson&Johnson, Moderna, Oxford/AstraZeneca, Pfizer/BioNTech",5706853,4929390,10636243
2021-08-03,"Johnson&Johnson, Moderna, Oxford/AstraZeneca, Pfizer/BioNTech",5724509,4967532,10692041
2021-08-04,"Johnson&Johnson, Moderna, Oxford/AstraZeneca, Pfizer/BioNTech",5740641,5004327,10744968
2021-08-05,"Johnson&Johnson, Moderna, Oxford/AstraZeneca, Pfizer/BioNTech",5756689,5044840,10801529
2021-08-06,"Johnson&Johnson, Moderna, Oxford/AstraZeneca, Pfizer/BioNTech",5773502,5088171,10861673
2021-08-07,"Johnson&Johnson, Moderna, Oxford/AstraZeneca, Pfizer/BioNTech",5779112,5106361,10885473
2021-08-08,"Johnson&Johnson, Moderna, Oxford/AstraZeneca, Pfizer/BioNTech",5783485,5122134,10905619
2021-08-09,"Johnson&Johnson, Moderna, Oxford/AstraZeneca, Pfizer/BioNTech",5796126,5167216,10963342
2021-08-10,"Johnson&Johnson, Moderna, Oxford/AstraZeneca, Pfizer/BioNTech",5807976,5206812,11014788
2021-08-11,"Johnson&Johnson, Moderna, Oxford/AstraZeneca, Pfizer/BioNTech",5819350,5249967,11069317
2021-08-12,"Johnson&Johnson, Moderna, Oxford/AstraZeneca, Pfizer/BioNTech",5830775,5287129,11117904
2021-08-13,"Johnson&Johnson, Moderna, Oxford/AstraZeneca, Pfizer/BioNTech",5841507,5327500,11169007
2021-08-14,"Johnson&Johnson, Moderna, Oxford/AstraZeneca, Pfizer/BioNTech",5844848,5338218,11183066
2021-08-15,"Johnson&Johnson, Moderna, Oxford/AstraZeneca, Pfizer/BioNTech",5847440,5348610,11196050
2021-08-16,"Johnson&Johnson, Moderna, Oxford/AstraZeneca, Pfizer/BioNTech",5857237,5382708,11239945
2021-08-17,"Johnson&Johnson, Moderna, Oxford/AstraZeneca, Pfizer/BioNTech",5866840,5409827,11276667
2021-08-18,"Johnson&Johnson, Moderna, Oxford/AstraZeneca, Pfizer/BioNTech",5876217,5448742,11324959
2021-08-19,"Johnson&Johnson, Moderna, Oxford/AstraZeneca, Pfizer/BioNTech",5885901,5487112,11373013
2021-08-20,"Johnson&Johnson, Moderna, Oxford/AstraZeneca, Pfizer/BioNTech",5897297,5527315,11424612
2021-08-21,"Johnson&Johnson, Moderna, Oxford/AstraZeneca, Pfizer/BioNTech",5900023,5540092,11440115
2021-08-22,"Johnson&Johnson, Moderna, Oxford/AstraZeneca, Pfizer/BioNTech",5902370,5552070,11454440
2021-08-23,"Johnson&Johnson, Moderna, Oxford/AstraZeneca, Pfizer/BioNTech",5912905,5591358,11504263
2021-08-24,"Johnson&Johnson, Moderna, Oxford/AstraZeneca, Pfizer/BioNTech",5922788,5624626,11547414
2021-08-25,"Johnson&Johnson, Moderna, Oxford/AstraZeneca, Pfizer/BioNTech",5931661,5653007,11584668
2021-08-26,"Johnson&Johnson, Moderna, Oxford/AstraZeneca, Pfizer/BioNTech",5940118,5679138,11619256
2021-08-27,"Johnson&Johnson, Moderna, Oxford/AstraZeneca, Pfizer/BioNTech",5950446,5705134,11655580
2021-08-28,"Johnson&Johnson, Moderna, Oxford/AstraZeneca, Pfizer/BioNTech",5953188,5712205,11665393
2021-08-29,"Johnson&Johnson, Moderna, Oxford/AstraZeneca, Pfizer/BioNTech",5955602,5718832,11674434
2021-08-30,"Johnson&Johnson, Moderna, Oxford/AstraZeneca, Pfizer/BioNTech",5964134,5740716,11704850
2021-08-31,"Johnson&Johnson, Moderna, Oxford/AstraZeneca, Pfizer/BioNTech",5971824,5758833,11730657
2021-09-01,"Johnson&Johnson, Moderna, Oxford/AstraZeneca, Pfizer/BioNTech",5977737,5772857,11750594
2021-09-02,"Johnson&Johnson, Moderna, Oxford/AstraZeneca, Pfizer/BioNTech",5984581,5787255,11771836
2021-09-03,"Johnson&Johnson, Moderna, Oxford/AstraZeneca, Pfizer/BioNTech",5994145,5802995,11797140
2021-09-04,"Johnson&Johnson, Moderna, Oxford/AstraZeneca, Pfizer/BioNTech",5996217,5806557,11802774
2021-09-05,"Johnson&Johnson, Moderna, Oxford/AstraZeneca, Pfizer/BioNTech",5998259,5809407,11807666
2021-09-06,"Johnson&Johnson, Moderna, Oxford/AstraZeneca, Pfizer/BioNTech",6004499,5821956,11826455
2021-09-07,"Johnson&Johnson, Moderna, Oxford/AstraZeneca, Pfizer/BioNTech",6008896,5833049,11841945
2021-09-08,"Johnson&Johnson, Moderna, Oxford/AstraZeneca, Pfizer/BioNTech",6014573,5842916,11857489
2021-09-09,"Johnson&Johnson, Moderna, Oxford/AstraZeneca, Pfizer/BioNTech",6021277,5852992,11874269
2021-09-10,"Johnson&Johnson, Moderna, Oxford/AstraZeneca, Pfizer/BioNTech",6028978,5865178,11894156
2021-09-11,"Johnson&Johnson, Moderna, Oxford/AstraZeneca, Pfizer/BioNTech",6030847,5867666,11898513
2021-09-12,"Johnson&Johnson, Moderna, Oxford/AstraZeneca, Pfizer/BioNTech",6031968,5869301,11901269
2021-09-13,"Johnson&Johnson, Moderna, Oxford/AstraZeneca, Pfizer/BioNTech",6037412,5879614,11917026
2021-09-14,"Johnson&Johnson, Moderna, Oxford/AstraZeneca, Pfizer/BioNTech",6042812,5888634,11931446
2021-09-15,"Johnson&Johnson, Moderna, Oxford/AstraZeneca, Pfizer/BioNTech",6048023,5897165,11945188
2021-09-16,"Johnson&Johnson, Moderna, Oxford/AstraZeneca, Pfizer/BioNTech",6053384,5905450,11958834
2021-09-17,"Johnson&Johnson, Moderna, Oxford/AstraZeneca, Pfizer/BioNTech",6059957,5915692,11975649
2021-09-18,"Johnson&Johnson, Moderna, Oxford/AstraZeneca, Pfizer/BioNTech",6061687,5918056,11979743
2021-09-19,"Johnson&Johnson, Moderna, Oxford/AstraZeneca, Pfizer/BioNTech",6062633,5919627,11982260
2021-09-20,"Johnson&Johnson, Moderna, Oxford/AstraZeneca, Pfizer/BioNTech",6066657,5927831,11994488
2021-09-21,"Johnson&Johnson, Moderna, Oxford/AstraZeneca, Pfizer/BioNTech",6070898,5935374,12006272
2021-09-22,"Johnson&Johnson, Moderna, Oxford/AstraZeneca, Pfizer/BioNTech",6075093,5940903,12015996
2021-09-23,"Johnson&Johnson, Moderna, Oxford/AstraZeneca, Pfizer/BioNTech",6080067,5947321,12027388
2021-09-24,"Johnson&Johnson, Moderna, Oxford/AstraZeneca, Pfizer/BioNTech",6085828,5956940,12042768
2021-09-25,"Johnson&Johnson, Moderna, Oxford/AstraZeneca, Pfizer/BioNTech",6087328,5958943,12046271
2021-09-26,"Johnson&Johnson, Moderna, Oxford/AstraZeneca, Pfizer/BioNTech",6088073,5960585,12048658
2021-09-27,"Johnson&Johnson, Moderna, Oxford/AstraZeneca, Pfizer/BioNTech",6091959,5967102,12059061
2021-09-28,"Johnson&Johnson, Moderna, Oxford/AstraZeneca, Pfizer/BioNTech",6092330,5967739,12060069
2021-09-29,"Johnson&Johnson, Moderna, Oxford/AstraZeneca, Pfizer/BioNTech",6096108,5975204,12071312
2021-09-30,"Johnson&Johnson, Moderna, Oxford/AstraZeneca, Pfizer/BioNTech",6100623,5982910,12083533
2021-10-01,"Johnson&Johnson, Moderna, Oxford/AstraZeneca, Pfizer/BioNTech",6104933,5990896,12095829
2021-10-02,"Johnson&Johnson, Moderna, Oxford/AstraZeneca, Pfizer/BioNTech",6105996,5992442,12098438
2021-10-03,"Johnson&Johnson, Moderna, Oxford/AstraZeneca, Pfizer/BioNTech",6106721,5993314,12100035
2021-10-04,"Johnson&Johnson, Moderna, Oxford/AstraZeneca, Pfizer/BioNTech",6109799,5998892,12108691
2021-10-05,"Johnson&Johnson, Moderna, Oxford/AstraZeneca, Pfizer/BioNTech",6112961,6003977,12116938
2021-10-06,"Johnson&Johnson, Moderna, Oxford/AstraZeneca, Pfizer/BioNTech",6116482,6009154,12125636
2021-10-07,"Johnson&Johnson, Moderna, Oxford/AstraZeneca, Pfizer/BioNTech",6119766,6014417,12134183
2021-10-08,"Johnson&Johnson, Moderna, Oxford/AstraZeneca, Pfizer/BioNTech",6124561,6021062,12145623
2021-10-09,"Johnson&Johnson, Moderna, Oxford/AstraZeneca, Pfizer/BioNTech",6125805,6022728,12148533
2021-10-10,"Johnson&Johnson, Moderna, Oxford/AstraZeneca, Pfizer/BioNTech",6126749,6023560,12150309
2021-10-11,"Johnson&Johnson, Moderna, Oxford/AstraZeneca, Pfizer/BioNTech",6129680,6027977,12157657
2021-10-12,"Johnson&Johnson, Moderna, Oxford/AstraZeneca, Pfizer/BioNTech",6132617,6031981,12164598
2021-10-13,"Johnson&Johnson, Moderna, Oxford/AstraZeneca, Pfizer/BioNTech",6136149,6036168,12172317
2021-10-14,"Johnson&Johnson, Moderna, Oxford/AstraZeneca, Pfizer/BioNTech",6139823,6041120,12180943
2021-10-15,"Johnson&Johnson, Moderna, Oxford/AstraZeneca, Pfizer/BioNTech",6145051,6047268,12192319
2021-10-16,"Johnson&Johnson, Moderna, Oxford/AstraZeneca, Pfizer/BioNTech",6146466,6048796,12195262
2021-10-17,"Johnson&Johnson, Moderna, Pfizer/BioNTech",6147793,6049851,12197644
2021-10-18,"Johnson&Johnson, Moderna, Oxford/AstraZeneca, Pfizer/BioNTech",6151906,6053955,12205861
2021-10-19,"Johnson&Johnson, Moderna, Oxford/AstraZeneca, Pfizer/BioNTech",6155486,6056056,12211542
2021-10-20,"Johnson&Johnson, Moderna, Oxford/AstraZeneca, Pfizer/BioNTech",6160371,6060516,12220887
2021-10-21,"Johnson&Johnson, Moderna, Oxford/AstraZeneca, Pfizer/BioNTech",6168140,6066122,12234262
2021-10-22,"Johnson&Johnson, Moderna, Oxford/AstraZeneca, Pfizer/BioNTech",6178596,6072626,12251222
2021-10-23,"Johnson&Johnson, Moderna, Oxford/AstraZeneca, Pfizer/BioNTech",6182272,6074835,12257107
2021-10-24,"Johnson&Johnson, Moderna, Oxford/AstraZeneca, Pfizer/BioNTech",6184957,6076616,12261573
2021-10-25,"Johnson&Johnson, Moderna, Oxford/AstraZeneca, Pfizer/BioNTech",6195457,6082425,12277882
2021-10-26,"Johnson&Johnson, Moderna, Oxford/AstraZeneca, Pfizer/BioNTech",6207448,6088976,12296424
2021-10-27,"Johnson&Johnson, Moderna, Oxford/AstraZeneca, Pfizer/BioNTech",6222057,6096390,12318447
2021-10-28,"Johnson&Johnson, Moderna, Oxford/AstraZeneca, Pfizer/BioNTech",6225482,6098075,12323557
2021-10-29,"Johnson&Johnson, Moderna, Oxford/AstraZeneca, Pfizer/BioNTech",6239920,6106064,12345984
2021-10-30,"Johnson&Johnson, Moderna, Oxford/AstraZeneca, Pfizer/BioNTech",6244449,6108990,12353439
2021-10-31,"Johnson&Johnson, Moderna, Oxford/AstraZeneca, Pfizer/BioNTech",6248212,6111465,12359677
2021-11-01,"Johnson&Johnson, Moderna, Oxford/AstraZeneca, Pfizer/BioNTech",6263410,6119151,12382561
2021-11-02,"Johnson&Johnson, Moderna, Oxford/AstraZeneca, Pfizer/BioNTech",6278862,6126707,12405569
2021-11-03,"Johnson&Johnson, Moderna, Oxford/AstraZeneca, Pfizer/BioNTech",6296042,6134000,12430042
2021-11-04,"Johnson&Johnson, Moderna, Oxford/AstraZeneca, Pfizer/BioNTech",6314392,6142174,12456566
2021-11-05,"Johnson&Johnson, Moderna, Oxford/AstraZeneca, Pfizer/BioNTech",6337191,6153456,12490647
2021-11-06,"Johnson&Johnson, Moderna, Oxford/AstraZeneca, Pfizer/BioNTech",6343707,6156512,12500219
2021-11-07,"Johnson&Johnson, Moderna, Oxford/AstraZeneca, Pfizer/BioNTech",6347730,6158948,12506678
2021-11-08,"Johnson&Johnson, Moderna, Oxford/AstraZeneca, Pfizer/BioNTech",6363996,6166575,12530571
2021-11-09,"Johnson&Johnson, Moderna, Oxford/AstraZeneca, Pfizer/BioNTech",6378805,6173874,12552679
2021-11-10,"Johnson&Johnson, Moderna, Oxford/AstraZeneca, Pfizer/BioNTech",6394545,6181261,12575806
2021-11-11,"Johnson&Johnson, Moderna, Oxford/AstraZeneca, Pfizer/BioNTech",6410015,6190368,12600383
2021-11-12,"Johnson&Johnson, Moderna, Oxford/AstraZeneca, Pfizer/BioNTech",6429818,6203172,12632990
2021-11-13,"Johnson&Johnson, Moderna, Oxford/AstraZeneca, Pfizer/BioNTech",6435212,6207047,12642259
2021-11-14,"Johnson&Johnson, Moderna, Oxford/AstraZeneca, Pfizer/BioNTech",6439107,6210054,12649161
2021-11-15,"Johnson&Johnson, Moderna, Oxford/AstraZeneca, Pfizer/BioNTech",6454187,6220748,12674935
2021-11-16,"Johnson&Johnson, Moderna, Oxford/AstraZeneca, Pfizer/BioNTech",6471728,6232728,12704456
2021-11-17,"Johnson&Johnson, Moderna, Oxford/AstraZeneca, Pfizer/BioNTech",6475969,6236294,12712263
2021-11-18,"Johnson&Johnson, Moderna, Oxford/AstraZeneca, Pfizer/BioNTech",6495388,6247988,12743376
2021-11-19,"Johnson&Johnson, Moderna, Oxford/AstraZeneca, Pfizer/BioNTech",6519998,6264961,12784959
2021-11-20,"Johnson&Johnson, Moderna, Oxford/AstraZeneca, Pfizer/BioNTech",6528576,6269943,12798519
2021-11-21,"Johnson&Johnson, Moderna, Pfizer/BioNTech",6535345,6273716,12809061
2021-11-22,"Johnson&Johnson, Moderna, Oxford/AstraZeneca, Pfizer/BioNTech",6553856,6287833,12841689
2021-11-23,"Johnson&Johnson, Moderna, Oxford/AstraZeneca, Pfizer/BioNTech",6572921,6301094,12874015
2021-11-24,"Johnson&Johnson, Moderna, Oxford/AstraZeneca, Pfizer/BioNTech",6591936,6316941,12908877
2021-11-25,"Johnson&Johnson, Moderna, Oxford/AstraZeneca, Pfizer/BioNTech",6611080,6331977,12943057
2021-11-26,"Johnson&Johnson, Moderna, Oxford/AstraZeneca, Pfizer/BioNTech",6632736,6351115,12983851
2021-11-27,"Johnson&Johnson, Moderna, Oxford/AstraZeneca, Pfizer/BioNTech",6640206,6356670,12996876
2021-11-28,"Johnson&Johnson, Moderna, Oxford/AstraZeneca, Pfizer/BioNTech",6643539,6359805,13003344
2021-11-29,"Johnson&Johnson, Moderna, Oxford/AstraZeneca, Pfizer/BioNTech",6658748,6373463,13032211
2021-11-30,"Johnson&Johnson, Moderna, Oxford/AstraZeneca, Pfizer/BioNTech",6671951,6384694,13056645
2021-12-01,"Johnson&Johnson, Moderna, Oxford/AstraZeneca, Pfizer/BioNTech",6685985,6397149,13083134
2021-12-02,"Johnson&Johnson, Moderna, Oxford/AstraZeneca, Pfizer/BioNTech",6696626,6409640,13106266
2021-12-03,"Johnson&Johnson, Moderna, Oxford/AstraZeneca, Pfizer/BioNTech",6706267,6425218,13131485
2021-12-04,"Johnson&Johnson, Moderna, Pfizer/BioNTech",6708824,6429168,13137992
2021-12-05,"Johnson&Johnson, Moderna, Oxford/AstraZeneca, Pfizer/BioNTech",6710185,6431508,13141693
2021-12-06,"Johnson&Johnson, Moderna, Oxford/AstraZeneca, Pfizer/BioNTech",6718332,6443038,13161370
2021-12-07,"Johnson&Johnson, Moderna, Oxford/AstraZeneca, Pfizer/BioNTech",6726223,6455049,13181272
2021-12-08,"Johnson&Johnson, Moderna, Oxford/AstraZeneca, Pfizer/BioNTech",6734467,6460977,13195444
2021-12-09,"Johnson&Johnson, Moderna, Oxford/AstraZeneca, Pfizer/BioNTech",6741588,6473796,13215384
2021-12-10,"Johnson&Johnson, Moderna, Oxford/AstraZeneca, Pfizer/BioNTech",6748521,6491600,13240121
2021-12-11,"Johnson&Johnson, Moderna, Oxford/AstraZeneca, Pfizer/BioNTech",6750180,6496872,13247052
2021-12-12,"Johnson&Johnson, Moderna, Oxford/AstraZeneca, Pfizer/BioNTech",6751491,6501305,13252796
2021-12-13,"Johnson&Johnson, Moderna, Oxford/AstraZeneca, Pfizer/BioNTech",6757842,6514618,13272460
2021-12-14,"Johnson&Johnson, Moderna, Oxford/AstraZeneca, Pfizer/BioNTech",6764052,6528287,13292339
2021-12-15,"Johnson&Johnson, Moderna, Oxford/AstraZeneca, Pfizer/BioNTech",6770259,6541888,13312147
2021-12-16,"Johnson&Johnson, Moderna, Oxford/AstraZeneca, Pfizer/BioNTech",6777200,6556722,13333922
2021-12-17,"Johnson&Johnson, Moderna, Oxford/AstraZeneca, Pfizer/BioNTech",6785565,6573987,13359552
2021-12-18,"Johnson&Johnson, Moderna, Oxford/AstraZeneca, Pfizer/BioNTech",6788176,6579439,13367615
2021-12-19,"Johnson&Johnson, Moderna, Pfizer/BioNTech",6789947,6581943,13371890
2021-12-20,"Johnson&Johnson, Moderna, Oxford/AstraZeneca, Pfizer/BioNTech",6795803,6596006,13391809
2021-12-21,"Johnson&Johnson, Moderna, Oxford/AstraZeneca, Pfizer/BioNTech",6802464,6608001,13410465
2021-12-22,"Johnson&Johnson, Moderna, Oxford/AstraZeneca, Pfizer/BioNTech",6807512,6621058,13428570
2021-12-23,"Johnson&Johnson, Moderna, Oxford/AstraZeneca, Pfizer/BioNTech",6810386,6626659,13437045
2021-12-24,"Johnson&Johnson, Moderna, Oxford/AstraZeneca, Pfizer/BioNTech",6810432,6626761,13437193
2021-12-25,"Moderna, Pfizer/BioNTech",6810433,6626769,13437202
2021-12-26,"Moderna, Pfizer/BioNTech",6810535,6626972,13437507
2021-12-27,"Johnson&Johnson, Moderna, Pfizer/BioNTech",6814402,6636715,13451117
2021-12-28,"Johnson&Johnson, Moderna, Oxford/AstraZeneca, Pfizer/BioNTech",6819643,6644710,13464353
2021-12-29,"Johnson&Johnson, Moderna, Oxford/AstraZeneca, Pfizer/BioNTech",6823923,6652429,13476352
2021-12-30,"Johnson&Johnson, Moderna, Pfizer/BioNTech",6828223,6657861,13486084
2021-12-31,"Johnson&Johnson, Moderna, Pfizer/BioNTech",6828733,6659284,13488017
2022-01-01,"Johnson&Johnson, Moderna, Pfizer/BioNTech",6828739,6659302,13488041
2022-01-02,"Johnson&Johnson, Moderna, Pfizer/BioNTech",6829596,6660679,13490275
2022-01-03,"Johnson&Johnson, Moderna, Oxford/AstraZeneca, Pfizer/BioNTech",6833733,6669581,13503314
2022-01-04,"Johnson&Johnson, Moderna, Oxford/AstraZeneca, Pfizer/BioNTech",6838817,6677336,13516153
2022-01-05,"Johnson&Johnson, Moderna, Oxford/AstraZeneca, Pfizer/BioNTech",6844637,6685307,13529944
2022-01-06,"Johnson&Johnson, Moderna, Oxford/AstraZeneca, Pfizer/BioNTech",6851223,6693709,13544932
2022-01-07,"Johnson&Johnson, Moderna, Oxford/AstraZeneca, Pfizer/BioNTech",6859099,6704064,13563163
2022-01-08,"Johnson&Johnson, Moderna, Oxford/AstraZeneca, Pfizer/BioNTech",6861579,6706847,13568426
2022-01-09,"Johnson&Johnson, Moderna, Pfizer/BioNTech",6862661,6708541,13571202
2022-01-10,"Johnson&Johnson, Moderna, Oxford/AstraZeneca, Pfizer/BioNTech",6867159,6714729,13581888
2022-01-11,"Johnson&Johnson, Moderna, Oxford/AstraZeneca, Pfizer/BioNTech",6872597,6721483,13594080
2022-01-12,"Johnson&Johnson, Moderna, Oxford/AstraZeneca, Pfizer/BioNTech",6878547,6727125,13605672
2022-01-13,"Johnson&Johnson, Moderna, Oxford/AstraZeneca, Pfizer/BioNTech",6884431,6731902,13616333
2022-01-14,"Johnson&Johnson, Moderna, Oxford/AstraZeneca, Pfizer/BioNTech",6890732,6735534,13626266
2022-01-15,"Johnson&Johnson, Moderna, Oxford/AstraZeneca, Pfizer/BioNTech",6892009,6736188,13628197
2022-01-16,"Johnson&Johnson, Moderna, Oxford/AstraZeneca, Pfizer/BioNTech",6892697,6736625,13629322
2022-01-17,"Johnson&Johnson, Moderna, Oxford/AstraZeneca, Pfizer/BioNTech",6896251,6740581,13636832
2022-01-18,"Johnson&Johnson, Moderna, Oxford/AstraZeneca, Pfizer/BioNTech",6900101,6745530,13645631
2022-01-19,"Johnson&Johnson, Moderna, Oxford/AstraZeneca, Pfizer/BioNTech",6904171,6749461,13653632
2022-01-20,"Johnson&Johnson, Moderna, Oxford/AstraZeneca, Pfizer/BioNTech",6907763,6753916,13661679
2022-01-21,"Johnson&Johnson, Moderna, Oxford/AstraZeneca, Pfizer/BioNTech",6911758,6756444,13668202
2022-01-22,"Johnson&Johnson, Moderna, Pfizer/BioNTech",6912537,6756883,13669420
2022-01-23,"Johnson&Johnson, Moderna, Pfizer/BioNTech",6913098,6757517,13670615
2022-01-24,"Johnson&Johnson, Moderna, Oxford/AstraZeneca, Pfizer/BioNTech",6915367,6760952,13676319
2022-01-25,"Johnson&Johnson, Moderna, Oxford/AstraZeneca, Pfizer/BioNTech",6917721,6764947,13682668
2022-01-26,"Johnson&Johnson, Moderna, Oxford/AstraZeneca, Pfizer/BioNTech",6920105,6769512,13689617
2022-01-27,"Johnson&Johnson, Moderna, Oxford/AstraZeneca, Pfizer/BioNTech",6922428,6774324,13696752
2022-01-28,"Johnson&Johnson, Moderna, Oxford/AstraZeneca, Pfizer/BioNTech",6925339,6780486,13705825
2022-01-29,"Johnson&Johnson, Moderna, Oxford/AstraZeneca, Pfizer/BioNTech",6925939,6782137,13708076
2022-01-30,"Johnson&Johnson, Moderna, Pfizer/BioNTech",6926166,6782915,13709081
2022-01-31,"Johnson&Johnson, Moderna, Pfizer/BioNTech",6927708,6786833,13714541
2022-02-01,"Johnson&Johnson, Moderna, Pfizer/BioNTech",6929304,6790864,13720168
2022-02-02,"Johnson&Johnson, Moderna, Oxford/AstraZeneca, Pfizer/BioNTech",6930870,6795368,13726238
2022-02-03,"Johnson&Johnson, Moderna, Pfizer/BioNTech",6932242,6799845,13732087
2022-02-04,"Johnson&Johnson, Moderna, Pfizer/BioNTech",6933843,6804961,13738804
2022-02-05,"Johnson&Johnson, Moderna, Pfizer/BioNTech",6934016,6805570,13739586
2022-02-06,"Johnson&Johnson, Moderna, Pfizer/BioNTech",6934112,6805889,13740001
2022-02-07,"Johnson&Johnson, Moderna, Pfizer/BioNTech",6934812,6809098,13743910
2022-02-08,"Johnson&Johnson, Moderna, Pfizer/BioNTech",6935606,6812283,13747889
2022-02-09,"Johnson&Johnson, Moderna, Pfizer/BioNTech",6936432,6815654,13752086
2022-02-10,"Johnson&Johnson, Moderna, Pfizer/BioNTech",6937228,6818778,13756006
2022-02-11,"Johnson&Johnson, Moderna, Pfizer/BioNTech",6938181,6822692,13760873
2022-02-12,"Johnson&Johnson, Moderna, Pfizer/BioNTech",6938291,6823110,13761401
2022-02-13,"Johnson&Johnson, Moderna, Pfizer/BioNTech",6938326,6823547,13761873
2022-02-14,"Johnson&Johnson, Moderna, Pfizer/BioNTech",6938783,6825659,13764442
2022-02-15,"Johnson&Johnson, Moderna, Pfizer/BioNTech",6939335,6827862,13767197
2022-02-16,"Johnson&Johnson, Moderna, Pfizer/BioNTech",6939925,6829960,13769885
2022-02-17,"Johnson&Johnson, Moderna, Pfizer/BioNTech",6940519,6832299,13772818
2022-02-18,"Johnson&Johnson, Moderna, Oxford/AstraZeneca, Pfizer/BioNTech",6941160,6835351,13776511
2022-02-19,"Johnson&Johnson, Moderna, Pfizer/BioNTech",6941239,6835632,13776871
2022-02-20,"Johnson&Johnson, Moderna, Pfizer/BioNTech",6941273,6835781,13777054
2022-02-21,"Johnson&Johnson, Moderna, Pfizer/BioNTech",6941635,6837478,13779113
2022-02-22,"Johnson&Johnson, Moderna, Oxford/AstraZeneca, Pfizer/BioNTech",6942029,6839157,13781186
2022-02-23,"Johnson&Johnson, Moderna, Pfizer/BioNTech",6942480,6840799,13783279
2022-02-24,"Johnson&Johnson, Moderna, Pfizer/BioNTech",6942887,6842429,13785316
2022-02-25,"Johnson&Johnson, Moderna, Pfizer/BioNTech",6943470,6844512,13787982
2022-02-26,"Johnson&Johnson, Moderna, Pfizer/BioNTech",6943531,6844672,13788203
2022-02-27,"Johnson&Johnson, Moderna, Pfizer/BioNTech",6943561,6844748,13788309
2022-02-28,"Johnson&Johnson, Moderna, Pfizer/BioNTech",6943807,6845717,13789524
2022-03-01,"Johnson&Johnson, Moderna, Pfizer/BioNTech",6944064,6846495,13790559
2022-03-02,"Johnson&Johnson, Moderna, Novavax, Pfizer/BioNTech",6944405,6847402,13791807
2022-03-03,"Johnson&Johnson, Moderna, Novavax, Pfizer/BioNTech",6944736,6848344,13793080
2022-03-04,"Johnson&Johnson, Moderna, Novavax, Pfizer/BioNTech",6945363,6849562,13794925
2022-03-05,"Johnson&Johnson, Moderna, Novavax, Pfizer/BioNTech",6945443,6849653,13795096
2022-03-06,"Moderna, Novavax, Pfizer/BioNTech",6945454,6849671,13795125
2022-03-07,"Johnson&Johnson, Moderna, Novavax, Pfizer/BioNTech",6945788,6850228,13796016
2022-03-08,"Johnson&Johnson, Moderna, Novavax, Pfizer/BioNTech",6946122,6850770,13796892
2022-03-09,"Johnson&Johnson, Moderna, Novavax, Pfizer/BioNTech",6946506,6851355,13797861
2022-03-10,"Johnson&Johnson, Moderna, Novavax, Pfizer/BioNTech",6946914,6852024,13798938
2022-03-11,"Johnson&Johnson, Moderna, Novavax, Pfizer/BioNTech",6947646,6852932,13800578
2022-03-12,"Johnson&Johnson, Moderna, Novavax, Pfizer/BioNTech",6947714,6853037,13800751
2022-03-13,"Johnson&Johnson, Moderna, Novavax, Pfizer/BioNTech",6947727,6853055,13800782
2022-03-14,"Johnson&Johnson, Moderna, Novavax, Pfizer/BioNTech",6947987,6853434,13801421
2022-03-15,"Johnson&Johnson, Moderna, Novavax, Pfizer/BioNTech",6948264,6853870,13802134
2022-03-16,"Johnson&Johnson, Moderna, Novavax, Pfizer/BioNTech",6948577,6854411,13802988
2022-03-17,"Johnson&Johnson, Moderna, Novavax, Oxford/AstraZeneca, Pfizer/BioNTech",6948868,6854842,13803710
2022-03-18,"Johnson&Johnson, Moderna, Novavax, Pfizer/BioNTech",6949554,6855633,13805187
2022-03-19,"Moderna, Novavax, Pfizer/BioNTech",6949610,6855678,13805288
2022-03-20,"Moderna, Novavax, Pfizer/BioNTech",6949627,6855690,13805317
2022-03-21,"Johnson&Johnson, Moderna, Novavax, Pfizer/BioNTech",6949809,6856017,13805826
2022-03-22,"Johnson&Johnson, Moderna, Novavax, Pfizer/BioNTech",6950042,6856411,13806453
2022-03-23,"Johnson&Johnson, Moderna, Novavax, Pfizer/BioNTech",6950380,6856846,13807226
2022-03-24,"Johnson&Johnson, Moderna, Novavax, Pfizer/BioNTech",6950683,6857315,13807998
2022-03-25,"Johnson&Johnson, Moderna, Novavax, Pfizer/BioNTech",6951158,6858115,13809273
2022-03-26,"Johnson&Johnson, Moderna, Novavax, Pfizer/BioNTech",6951210,6858192,13809402
2022-03-27,"Moderna, Novavax, Pfizer/BioNTech",6951226,6858208,13809434
2022-03-28,"Johnson&Johnson, Moderna, Novavax, Pfizer/BioNTech",6951380,6858585,13809965
2022-03-29,"Johnson&Johnson, Moderna, Novavax, Pfizer/BioNTech",6951641,6858989,13810630
2022-03-30,"Johnson&Johnson, Moderna, Novavax, Pfizer/BioNTech",6951948,6859454,13811402
2022-03-31,"Johnson&Johnson, Moderna, Novavax, Pfizer/BioNTech",6952241,6859945,13812186
2022-04-01,"Johnson&Johnson, Moderna, Novavax, Pfizer/BioNTech",6952795,6860692,13813487
2022-04-02,"Moderna, Novavax, Pfizer/BioNTech",6952840,6860764,13813604
2022-04-03,"Moderna, Novavax, Pfizer/BioNTech",6952852,6860793,13813645
2022-04-04,"Johnson&Johnson, Moderna, Novavax, Pfizer/BioNTech",6953016,6861066,13814082
2022-04-05,"Johnson&Johnson, Moderna, Novavax, Pfizer/BioNTech",6953205,6861299,13814504
2022-04-06,"Johnson&Johnson, Moderna, Novavax, Pfizer/BioNTech",6953425,6861645,13815070
2022-04-07,"Johnson&Johnson, Moderna, Novavax, Pfizer/BioNTech",6953641,6862015,13815656
2022-04-08,"Johnson&Johnson, Moderna, Novavax, Pfizer/BioNTech",6954073,6862716,13816789
2022-04-09,"Johnson&Johnson, Moderna, Novavax, Pfizer/BioNTech",6954121,6862787,13816908
