date,vaccine,people_vaccinated,people_fully_vaccinated,total_vaccinations
2020-12-27,Pfizer/BioNTech,1287,0,1287
2020-12-28,Pfizer/BioNTech,3591,0,3591
2020-12-29,Pfizer/BioNTech,7062,1,7063
2020-12-30,Pfizer/BioNTech,10582,1,10583
2020-12-31,Pfizer/BioNTech,11893,1,11894
2021-01-01,"Moderna, Pfizer/BioNTech",12163,1,12164
2021-01-02,"Moderna, Pfizer/BioNTech",13447,1,13448
2021-01-03,"Moderna, Pfizer/BioNTech",14373,1,14374
2021-01-04,"Moderna, Pfizer/BioNTech",17987,1,17988
2021-01-05,"Moderna, Pfizer/BioNTech",22514,2,22516
2021-01-06,"Moderna, Pfizer/BioNTech",28362,3,28365
2021-01-07,"Moderna, Pfizer/BioNTech",36363,3,36366
2021-01-08,"Moderna, Pfizer/BioNTech",46418,4,46422
2021-01-09,"Moderna, Pfizer/BioNTech",48446,6,48452
2021-01-10,Pfizer/BioNTech,50217,8,50225
2021-01-11,"Moderna, Pfizer/BioNTech",60077,10,60087
2021-01-12,"Moderna, Pfizer/BioNTech",73535,12,73547
2021-01-13,"Moderna, Pfizer/BioNTech",87085,12,87097
2021-01-14,"Moderna, Pfizer/BioNTech",102343,16,102359
2021-01-15,"Moderna, Pfizer/BioNTech",116367,17,116384
2021-01-16,"Moderna, Pfizer/BioNTech",119771,21,119792
2021-01-17,"Moderna, Pfizer/BioNTech",122392,657,123049
2021-01-18,"Moderna, Pfizer/BioNTech",134887,2484,137371
2021-01-19,"Moderna, Pfizer/BioNTech",147501,5213,152714
2021-01-20,"Moderna, Pfizer/BioNTech",161198,7877,169075
2021-01-21,"Moderna, Pfizer/BioNTech",176855,9619,186474
2021-01-22,"Moderna, Pfizer/BioNTech",191749,10665,202414
2021-01-23,"Moderna, Pfizer/BioNTech",195069,11544,206613
2021-01-24,"Moderna, Pfizer/BioNTech",197325,12414,209739
2021-01-25,"Moderna, Pfizer/BioNTech",206980,15388,222368
2021-01-26,"Moderna, Pfizer/BioNTech",217529,19380,236909
2021-01-27,"Moderna, Pfizer/BioNTech",226562,23916,250478
2021-01-28,"Moderna, Pfizer/BioNTech",233666,30051,263717
2021-01-29,"Moderna, Pfizer/BioNTech",239885,37961,277846
2021-01-30,"Moderna, Pfizer/BioNTech",240626,39049,279675
2021-01-31,"Moderna, Pfizer/BioNTech",241344,40231,281575
2021-02-01,"Moderna, Pfizer/BioNTech",245326,48201,293527
2021-02-02,"Moderna, Pfizer/BioNTech",249480,58441,307921
2021-02-03,"Moderna, Pfizer/BioNTech",253907,69465,323372
2021-02-04,"Moderna, Pfizer/BioNTech",258815,82461,341276
2021-02-05,"Moderna, Pfizer/BioNTech",264289,93138,357427
2021-02-06,"Moderna, Oxford/AstraZeneca, Pfizer/BioNTech",265146,95505,360651
2021-02-07,"Moderna, Oxford/AstraZeneca, Pfizer/BioNTech",265998,98005,364003
2021-02-08,"Moderna, Oxford/AstraZeneca, Pfizer/BioNTech",270093,109439,379532
2021-02-09,"Moderna, Oxford/AstraZeneca, Pfizer/BioNTech",275201,121356,396557
2021-02-10,"Moderna, Oxford/AstraZeneca, Pfizer/BioNTech",280718,134619,415337
2021-02-11,"Moderna, Oxford/AstraZeneca, Pfizer/BioNTech",287059,150842,437901
2021-02-12,"Moderna, Oxford/AstraZeneca, Pfizer/BioNTech",293889,165591,459480
2021-02-13,"Moderna, Oxford/AstraZeneca, Pfizer/BioNTech",295504,168580,464084
2021-02-14,"Moderna, Oxford/AstraZeneca, Pfizer/BioNTech",296510,169966,466476
2021-02-15,"Moderna, Oxford/AstraZeneca, Pfizer/BioNTech",302909,179337,482246
2021-02-16,"Moderna, Oxford/AstraZeneca, Pfizer/BioNTech",311632,188421,500053
2021-02-17,"Moderna, Oxford/AstraZeneca, Pfizer/BioNTech",321335,196731,518066
2021-02-18,"Moderna, Oxford/AstraZeneca, Pfizer/BioNTech",333665,204815,538480
2021-02-19,"Moderna, Oxford/AstraZeneca, Pfizer/BioNTech",345531,212193,557724
2021-02-20,"Moderna, Oxford/AstraZeneca, Pfizer/BioNTech",347541,213379,560920
2021-02-21,"Moderna, Oxford/AstraZeneca, Pfizer/BioNTech",348678,214405,563083
2021-02-22,"Moderna, Oxford/AstraZeneca, Pfizer/BioNTech",358805,220443,579248
2021-02-23,"Moderna, Oxford/AstraZeneca, Pfizer/BioNTech",371770,227435,599205
2021-02-24,"Moderna, Oxford/AstraZeneca, Pfizer/BioNTech",385655,233478,619133
2021-02-25,"Moderna, Oxford/AstraZeneca, Pfizer/BioNTech",403639,239030,642669
2021-02-26,"Moderna, Oxford/AstraZeneca, Pfizer/BioNTech",419819,244392,664211
2021-02-27,"Moderna, Oxford/AstraZeneca, Pfizer/BioNTech",422830,244952,667782
2021-02-28,"Moderna, Oxford/AstraZeneca, Pfizer/BioNTech",425188,245504,670692
2021-03-01,"Moderna, Oxford/AstraZeneca, Pfizer/BioNTech",444790,248955,693745
2021-03-02,"Moderna, Oxford/AstraZeneca, Pfizer/BioNTech",472019,252505,724524
2021-03-03,"Moderna, Oxford/AstraZeneca, Pfizer/BioNTech",502979,257016,759995
2021-03-04,"Moderna, Oxford/AstraZeneca, Pfizer/BioNTech",536271,261706,797977
2021-03-05,"Johnson&Johnson, Moderna, Oxford/AstraZeneca, Pfizer/BioNTech",565120,267134,832254
2021-03-06,"Johnson&Johnson, Moderna, Oxford/AstraZeneca, Pfizer/BioNTech",577278,267999,845277
2021-03-07,"Johnson&Johnson, Moderna, Oxford/AstraZeneca, Pfizer/BioNTech",588827,268842,857669
2021-03-08,"Johnson&Johnson, Moderna, Oxford/AstraZeneca, Pfizer/BioNTech",618577,273705,892282
2021-03-09,"Johnson&Johnson, Moderna, Oxford/AstraZeneca, Pfizer/BioNTech",654948,280092,935040
2021-03-10,"Johnson&Johnson, Moderna, Oxford/AstraZeneca, Pfizer/BioNTech",696286,287053,983339
2021-03-11,"Johnson&Johnson, Moderna, Oxford/AstraZeneca, Pfizer/BioNTech",741142,295428,1036570
2021-03-12,"Johnson&Johnson, Moderna, Oxford/AstraZeneca, Pfizer/BioNTech",779909,303925,1083834
2021-03-13,"Johnson&Johnson, Moderna, Oxford/AstraZeneca, Pfizer/BioNTech",797019,305240,1102259
2021-03-14,"Johnson&Johnson, Moderna, Oxford/AstraZeneca, Pfizer/BioNTech",809138,306396,1115534
2021-03-15,"Johnson&Johnson, Moderna, Oxford/AstraZeneca, Pfizer/BioNTech",837536,315179,1152715
2021-03-16,"Johnson&Johnson, Moderna, Oxford/AstraZeneca, Pfizer/BioNTech",876432,325717,1202149
2021-03-17,"Moderna, Oxford/AstraZeneca, Pfizer/BioNTech",913923,336232,1250155
2021-03-18,"Johnson&Johnson, Moderna, Oxford/AstraZeneca, Pfizer/BioNTech",951926,348657,1300583
2021-03-19,"Moderna, Oxford/AstraZeneca, Pfizer/BioNTech",986444,362271,1348715
2021-03-20,"Johnson&Johnson, Moderna, Oxford/AstraZeneca, Pfizer/BioNTech",1001627,364303,1365930
2021-03-21,"Johnson&Johnson, Moderna, Oxford/AstraZeneca, Pfizer/BioNTech",1009070,365863,1374933
2021-03-22,"Johnson&Johnson, Moderna, Oxford/AstraZeneca, Pfizer/BioNTech",1033648,378367,1412015
2021-03-23,"Johnson&Johnson, Moderna, Oxford/AstraZeneca, Pfizer/BioNTech",1060324,391733,1452057
2021-03-24,"Johnson&Johnson, Moderna, Oxford/AstraZeneca, Pfizer/BioNTech",1087213,407482,1494695
2021-03-25,"Johnson&Johnson, Moderna, Oxford/AstraZeneca, Pfizer/BioNTech",1113570,425338,1538908
2021-03-26,"Johnson&Johnson, Moderna, Oxford/AstraZeneca, Pfizer/BioNTech",1138412,442850,1581262
2021-03-27,"Johnson&Johnson, Moderna, Oxford/AstraZeneca, Pfizer/BioNTech",1146871,447696,1594567
2021-03-28,"Moderna, Oxford/AstraZeneca, Pfizer/BioNTech",1152419,451844,1604263
2021-03-29,"Johnson&Johnson, Moderna, Oxford/AstraZeneca, Pfizer/BioNTech",1171577,472582,1644159
2021-03-30,"Johnson&Johnson, Moderna, Oxford/AstraZeneca, Pfizer/BioNTech",1196287,494769,1691056
2021-03-31,"Johnson&Johnson, Moderna, Oxford/AstraZeneca, Pfizer/BioNTech",1219444,521839,1741283
2021-04-01,"Johnson&Johnson, Moderna, Oxford/AstraZeneca, Pfizer/BioNTech",1245130,553900,1799030
2021-04-02,"Johnson&Johnson, Moderna, Oxford/AstraZeneca, Pfizer/BioNTech",1252108,566701,1818809
2021-04-03,"Johnson&Johnson, Moderna, Oxford/AstraZeneca, Pfizer/BioNTech",1255758,577632,1833390
2021-04-04,"Johnson&Johnson, Moderna, Oxford/AstraZeneca, Pfizer/BioNTech",1258299,586557,1844856
2021-04-05,"Johnson&Johnson, Moderna, Oxford/AstraZeneca, Pfizer/BioNTech",1260728,593761,1854489
2021-04-06,"Johnson&Johnson, Moderna, Oxford/AstraZeneca, Pfizer/BioNTech",1276944,623038,1899982
2021-04-07,"Johnson&Johnson, Moderna, Oxford/AstraZeneca, Pfizer/BioNTech",1300449,645283,1945732
2021-04-08,"Johnson&Johnson, Moderna, Oxford/AstraZeneca, Pfizer/BioNTech",1339258,676329,2015587
2021-04-09,"Johnson&Johnson, Moderna, Oxford/AstraZeneca, Pfizer/BioNTech",1378855,706527,2085382
2021-04-10,"Johnson&Johnson, Moderna, Oxford/AstraZeneca, Pfizer/BioNTech",1394421,721840,2116261
2021-04-11,"Johnson&Johnson, Moderna, Oxford/AstraZeneca, Pfizer/BioNTech",1404216,731896,2136112
2021-04-12,"Johnson&Johnson, Moderna, Oxford/AstraZeneca, Pfizer/BioNTech",1442539,757043,2199582
2021-04-13,"Moderna, Oxford/AstraZeneca, Pfizer/BioNTech",1478844,783085,2261929
2021-04-14,"Moderna, Oxford/AstraZeneca, Pfizer/BioNTech",1517729,810460,2328189
2021-04-15,"Moderna, Oxford/AstraZeneca, Pfizer/BioNTech",1565562,836240,2401802
2021-04-16,"Moderna, Oxford/AstraZeneca, Pfizer/BioNTech",1610274,861927,2472201
2021-04-17,"Moderna, Oxford/AstraZeneca, Pfizer/BioNTech",1626999,870954,2497953
2021-04-18,"Moderna, Oxford/AstraZeneca, Pfizer/BioNTech",1639998,875940,2515938
2021-04-19,"Johnson&Johnson, Moderna, Oxford/AstraZeneca, Pfizer/BioNTech",1683972,891383,2575355
2021-04-20,"Johnson&Johnson, Moderna, Oxford/AstraZeneca, Pfizer/BioNTech",1726561,907273,2633834
2021-04-21,"Moderna, Oxford/AstraZeneca, Pfizer/BioNTech",1774334,921641,2695975
2021-04-22,"Johnson&Johnson, Moderna, Oxford/AstraZeneca, Pfizer/BioNTech",1828862,939040,2767902
2021-04-23,"Johnson&Johnson, Moderna, Oxford/AstraZeneca, Pfizer/BioNTech",1878880,951106,2829986
2021-04-24,"Johnson&Johnson, Moderna, Oxford/AstraZeneca, Pfizer/BioNTech",1896756,956372,2853128
2021-04-25,"Johnson&Johnson, Moderna, Oxford/AstraZeneca, Pfizer/BioNTech",1911467,960375,2871842
2021-04-26,"Johnson&Johnson, Moderna, Oxford/AstraZeneca, Pfizer/BioNTech",1961078,967944,2929022
2021-04-27,"Johnson&Johnson, Moderna, Oxford/AstraZeneca, Pfizer/BioNTech",2010071,980195,2990266
2021-04-28,"Johnson&Johnson, Moderna, Oxford/AstraZeneca, Pfizer/BioNTech",2068852,994224,3063076
2021-04-29,"Johnson&Johnson, Moderna, Oxford/AstraZeneca, Pfizer/BioNTech",2134472,1010143,3144615
2021-04-30,"Johnson&Johnson, Moderna, Oxford/AstraZeneca, Pfizer/BioNTech",2196769,1020139,3216908
2021-05-01,"Johnson&Johnson, Moderna, Oxford/AstraZeneca, Pfizer/BioNTech",2216155,1023602,3239757
2021-05-02,"Johnson&Johnson, Moderna, Oxford/AstraZeneca, Pfizer/BioNTech",2235108,1025891,3260999
2021-05-03,"Johnson&Johnson, Moderna, Oxford/AstraZeneca, Pfizer/BioNTech",2302389,1030973,3333362
2021-05-04,"Johnson&Johnson, Moderna, Oxford/AstraZeneca, Pfizer/BioNTech",2368946,1039349,3408295
2021-05-05,"Johnson&Johnson, Moderna, Oxford/AstraZeneca, Pfizer/BioNTech",2442157,1048797,3490954
2021-05-06,"Johnson&Johnson, Moderna, Oxford/AstraZeneca, Pfizer/BioNTech",2522606,1059553,3582159
2021-05-07,"Johnson&Johnson, Moderna, Oxford/AstraZeneca, Pfizer/BioNTech",2599940,1069697,3669637
2021-05-08,"Johnson&Johnson, Moderna, Oxford/AstraZeneca, Pfizer/BioNTech",2629473,1071487,3700960
2021-05-09,"Johnson&Johnson, Moderna, Oxford/AstraZeneca, Pfizer/BioNTech",2653708,1072707,3726415
2021-05-10,"Johnson&Johnson, Moderna, Oxford/AstraZeneca, Pfizer/BioNTech",2726515,1079957,3806472
2021-05-11,"Johnson&Johnson, Moderna, Oxford/AstraZeneca, Pfizer/BioNTech",2802670,1088792,3891462
2021-05-12,"Johnson&Johnson, Moderna, Oxford/AstraZeneca, Pfizer/BioNTech",2882621,1097938,3980559
2021-05-13,"Johnson&Johnson, Moderna, Oxford/AstraZeneca, Pfizer/BioNTech",2966676,1107130,4073806
2021-05-14,"Johnson&Johnson, Moderna, Oxford/AstraZeneca, Pfizer/BioNTech",3046226,1114962,4161188
2021-05-15,"Johnson&Johnson, Moderna, Oxford/AstraZeneca, Pfizer/BioNTech",3078194,1117247,4195441
2021-05-16,"Johnson&Johnson, Moderna, Oxford/AstraZeneca, Pfizer/BioNTech",3104005,1118532,4222537
2021-05-17,"Johnson&Johnson, Moderna, Oxford/AstraZeneca, Pfizer/BioNTech",3176550,1125290,4301840
2021-05-18,"Johnson&Johnson, Moderna, Oxford/AstraZeneca, Pfizer/BioNTech",3248538,1138412,4386950
2021-05-19,"Johnson&Johnson, Moderna, Oxford/AstraZeneca, Pfizer/BioNTech",3326038,1153587,4479625
2021-05-20,"Johnson&Johnson, Moderna, Oxford/AstraZeneca, Pfizer/BioNTech",3401530,1180657,4582187
2021-05-21,"Johnson&Johnson, Moderna, Oxford/AstraZeneca, Pfizer/BioNTech",3470384,1208470,4678854
2021-05-22,"Johnson&Johnson, Moderna, Oxford/AstraZeneca, Pfizer/BioNTech",3502840,1219712,4722552
2021-05-23,"Johnson&Johnson, Moderna, Oxford/AstraZeneca, Pfizer/BioNTech",3525290,1228755,4754045
2021-05-24,"Johnson&Johnson, Moderna, Oxford/AstraZeneca, Pfizer/BioNTech",3572504,1262435,4834939
2021-05-25,"Johnson&Johnson, Moderna, Oxford/AstraZeneca, Pfizer/BioNTech",3624419,1298282,4922701
2021-05-26,"Johnson&Johnson, Moderna, Oxford/AstraZeneca, Pfizer/BioNTech",3692184,1335844,5028028
2021-05-27,"Johnson&Johnson, Moderna, Oxford/AstraZeneca, Pfizer/BioNTech",3753620,1383213,5136833
2021-05-28,"Johnson&Johnson, Moderna, Oxford/AstraZeneca, Pfizer/BioNTech",3815374,1429829,5245203
2021-05-29,"Johnson&Johnson, Moderna, Oxford/AstraZeneca, Pfizer/BioNTech",3844640,1446974,5291614
2021-05-30,"Johnson&Johnson, Moderna, Oxford/AstraZeneca, Pfizer/BioNTech",3867047,1461443,5328490
2021-05-31,"Johnson&Johnson, Moderna, Oxford/AstraZeneca, Pfizer/BioNTech",3922799,1508980,5431779
2021-06-01,"Johnson&Johnson, Moderna, Oxford/AstraZeneca, Pfizer/BioNTech",3981904,1557869,5539773
2021-06-02,"Johnson&Johnson, Moderna, Oxford/AstraZeneca, Pfizer/BioNTech",4044877,1611907,5656784
2021-06-03,"Johnson&Johnson, Moderna, Oxford/AstraZeneca, Pfizer/BioNTech",4103130,1672155,5775285
2021-06-04,"Johnson&Johnson, Moderna, Oxford/AstraZeneca, Pfizer/BioNTech",4166262,1729596,5895858
2021-06-05,"Johnson&Johnson, Moderna, Oxford/AstraZeneca, Pfizer/BioNTech",4200448,1748523,5948971
2021-06-06,"Johnson&Johnson, Moderna, Oxford/AstraZeneca, Pfizer/BioNTech",4227408,1763699,5991107
2021-06-07,"Johnson&Johnson, Moderna, Oxford/AstraZeneca, Pfizer/BioNTech",4291109,1819354,6110463
2021-06-08,"Johnson&Johnson, Moderna, Oxford/AstraZeneca, Pfizer/BioNTech",4355129,1874392,6229521
2021-06-09,"Johnson&Johnson, Moderna, Oxford/AstraZeneca, Pfizer/BioNTech",4414350,1939094,6353444
2021-06-10,"Johnson&Johnson, Moderna, Oxford/AstraZeneca, Pfizer/BioNTech",4468215,2010424,6478639
2021-06-11,"Johnson&Johnson, Moderna, Oxford/AstraZeneca, Pfizer/BioNTech",4520347,2080284,6600631
2021-06-12,"Johnson&Johnson, Moderna, Oxford/AstraZeneca, Pfizer/BioNTech",4552367,2101142,6653509
2021-06-13,"Johnson&Johnson, Moderna, Oxford/AstraZeneca, Pfizer/BioNTech",4576413,2119587,6696000
2021-06-14,"Johnson&Johnson, Moderna, Oxford/AstraZeneca, Pfizer/BioNTech",4619502,2194005,6813507
2021-06-15,"Johnson&Johnson, Moderna, Oxford/AstraZeneca, Pfizer/BioNTech",4664180,2266418,6930598
2021-06-16,"Johnson&Johnson, Moderna, Oxford/AstraZeneca, Pfizer/BioNTech",4707001,2344680,7051681
2021-06-17,"Johnson&Johnson, Moderna, Oxford/AstraZeneca, Pfizer/BioNTech",4746440,2427804,7174244
2021-06-18,"Johnson&Johnson, Moderna, Oxford/AstraZeneca, Pfizer/BioNTech",4788890,2508413,7297303
2021-06-19,"Johnson&Johnson, Moderna, Oxford/AstraZeneca, Pfizer/BioNTech",4810679,2537759,7348438
2021-06-20,"Johnson&Johnson, Moderna, Oxford/AstraZeneca, Pfizer/BioNTech",4828090,2561634,7389724
2021-06-21,"Johnson&Johnson, Moderna, Oxford/AstraZeneca, Pfizer/BioNTech",4860605,2640275,7500880
2021-06-22,"Johnson&Johnson, Moderna, Oxford/AstraZeneca, Pfizer/BioNTech",4893583,2722625,7616208
2021-06-23,"Johnson&Johnson, Moderna, Oxford/AstraZeneca, Pfizer/BioNTech",4925301,2807892,7733193
2021-06-24,"Johnson&Johnson, Moderna, Oxford/AstraZeneca, Pfizer/BioNTech",4955170,2897968,7853138
2021-06-25,"Johnson&Johnson, Moderna, Oxford/AstraZeneca, Pfizer/BioNTech",4986261,2984218,7970479
2021-06-26,"Johnson&Johnson, Moderna, Oxford/AstraZeneca, Pfizer/BioNTech",5002164,3019106,8021270
2021-06-27,"Johnson&Johnson, Moderna, Oxford/AstraZeneca, Pfizer/BioNTech",5016125,3045826,8061951
2021-06-28,"Johnson&Johnson, Moderna, Oxford/AstraZeneca, Pfizer/BioNTech",5044546,3131062,8175608
2021-06-29,"Johnson&Johnson, Moderna, Oxford/AstraZeneca, Pfizer/BioNTech",5073834,3217626,8291460
2021-06-30,"Johnson&Johnson, Moderna, Oxford/AstraZeneca, Pfizer/BioNTech",5101343,3308679,8410022
2021-07-01,"Johnson&Johnson, Moderna, Oxford/AstraZeneca, Pfizer/BioNTech",5125336,3398788,8524124
2021-07-02,"Johnson&Johnson, Moderna, Oxford/AstraZeneca, Pfizer/BioNTech",5152087,3484724,8636811
2021-07-03,"Johnson&Johnson, Moderna, Oxford/AstraZeneca, Pfizer/BioNTech",5159190,3516301,8675491
2021-07-04,"Johnson&Johnson, Moderna, Oxford/AstraZeneca, Pfizer/BioNTech",5166776,3538128,8704904
2021-07-05,"Johnson&Johnson, Moderna, Oxford/AstraZeneca, Pfizer/BioNTech",5174195,3563543,8737738
2021-07-06,"Johnson&Johnson, Moderna, Oxford/AstraZeneca, Pfizer/BioNTech",5179665,3591276,8770941
2021-07-07,"Johnson&Johnson, Moderna, Oxford/AstraZeneca, Pfizer/BioNTech",5205500,3670276,8875776
2021-07-08,"Johnson&Johnson, Moderna, Oxford/AstraZeneca, Pfizer/BioNTech",5232116,3740626,8972742
2021-07-09,"Johnson&Johnson, Moderna, Oxford/AstraZeneca, Pfizer/BioNTech",5260066,3809967,9070033
2021-07-10,"Johnson&Johnson, Moderna, Oxford/AstraZeneca, Pfizer/BioNTech",5269449,3838645,9108094
2021-07-11,"Johnson&Johnson, Moderna, Oxford/AstraZeneca, Pfizer/BioNTech",5278002,3861537,9139539
2021-07-12,"Johnson&Johnson, Moderna, Oxford/AstraZeneca, Pfizer/BioNTech",5305541,3930635,9236176
2021-07-13,"Johnson&Johnson, Moderna, Oxford/AstraZeneca, Pfizer/BioNTech",5331746,4000537,9332283
2021-07-14,"Johnson&Johnson, Moderna, Oxford/AstraZeneca, Pfizer/BioNTech",5357585,4072556,9430141
2021-07-15,"Johnson&Johnson, Moderna, Oxford/AstraZeneca, Pfizer/BioNTech",5386777,4138599,9525376
2021-07-16,"Johnson&Johnson, Moderna, Oxford/AstraZeneca, Pfizer/BioNTech",5414710,4211358,9626068
2021-07-17,"Johnson&Johnson, Moderna, Oxford/AstraZeneca, Pfizer/BioNTech",5423512,4242839,9666351
2021-07-18,"Johnson&Johnson, Moderna, Oxford/AstraZeneca, Pfizer/BioNTech",5431958,4268853,9700811
2021-07-19,"Johnson&Johnson, Moderna, Oxford/AstraZeneca, Pfizer/BioNTech",5455331,4335899,9791230
2021-07-20,"Johnson&Johnson, Moderna, Oxford/AstraZeneca, Pfizer/BioNTech",5476741,4402981,9879722
2021-07-21,"Johnson&Johnson, Moderna, Oxford/AstraZeneca, Pfizer/BioNTech",5500201,4466459,9966660
2021-07-22,"Johnson&Johnson, Moderna, Oxford/AstraZeneca, Pfizer/BioNTech",5522571,4525108,10047679
2021-07-23,"Johnson&Johnson, Moderna, Oxford/AstraZeneca, Pfizer/BioNTech",5545803,4579881,10125684
2021-07-24,"Johnson&Johnson, Moderna, Oxford/AstraZeneca, Pfizer/BioNTech",5553150,4607562,10160712
2021-07-25,"Johnson&Johnson, Moderna, Oxford/AstraZeneca, Pfizer/BioNTech",5559786,4629703,10189489
2021-07-26,"Johnson&Johnson, Moderna, Oxford/AstraZeneca, Pfizer/BioNTech",5583341,4678406,10261747
2021-07-27,"Johnson&Johnson, Moderna, Oxford/AstraZeneca, Pfizer/BioNTech",5606091,4725073,10331164
2021-07-28,"Johnson&Johnson, Moderna, Oxford/AstraZeneca, Pfizer/BioNTech",5627371,4771107,10398478
2021-07-29,"Johnson&Johnson, Moderna, Oxford/AstraZeneca, Pfizer/BioNTech",5648709,4813102,10461811
2021-07-30,"Johnson&Johnson, Moderna, Oxford/AstraZeneca, Pfizer/BioNTech",5671995,4855693,10527688
2021-07-31,"Johnson&Johnson, Moderna, Oxford/AstraZeneca, Pfizer/BioNTech",5680944,4875238,10556182
2021-08-01,"Johnson&Johnson, Moderna, Oxford/AstraZeneca, Pfizer/BioNTech",5687676,4891422,10579098
2021-08-02,"Johnson&Johnson, Moderna, Oxford/AstraZeneca, Pfizer/BioNTech",5706324,4928997,10635321
2021-08-03,"Johnson&Johnson, Moderna, Oxford/AstraZeneca, Pfizer/BioNTech",5723976,4967119,10691095
2021-08-04,"Johnson&Johnson, Moderna, Oxford/AstraZeneca, Pfizer/BioNTech",5740100,5003901,10744001
2021-08-05,"Johnson&Johnson, Moderna, Oxford/AstraZeneca, Pfizer/BioNTech",5756144,5044409,10800553
2021-08-06,"Johnson&Johnson, Moderna, Oxford/AstraZeneca, Pfizer/BioNTech",5772943,5087722,10860665
2021-08-07,"Johnson&Johnson, Moderna, Oxford/AstraZeneca, Pfizer/BioNTech",5778549,5105905,10884454
2021-08-08,"Johnson&Johnson, Moderna, Oxford/AstraZeneca, Pfizer/BioNTech",5782917,5121670,10904587
2021-08-09,"Johnson&Johnson, Moderna, Oxford/AstraZeneca, Pfizer/BioNTech",5795560,5166748,10962308
2021-08-10,"Johnson&Johnson, Moderna, Oxford/AstraZeneca, Pfizer/BioNTech",5807408,5206338,11013746
2021-08-11,"Johnson&Johnson, Moderna, Oxford/AstraZeneca, Pfizer/BioNTech",5818771,5249485,11068256
2021-08-12,"Johnson&Johnson, Moderna, Oxford/AstraZeneca, Pfizer/BioNTech",5830198,5286638,11116836
2021-08-13,"Johnson&Johnson, Moderna, Oxford/AstraZeneca, Pfizer/BioNTech",5840927,5326998,11167925
2021-08-14,"Johnson&Johnson, Moderna, Oxford/AstraZeneca, Pfizer/BioNTech",5844265,5337714,11181979
2021-08-15,"Johnson&Johnson, Moderna, Oxford/AstraZeneca, Pfizer/BioNTech",5846851,5348103,11194954
2021-08-16,"Johnson&Johnson, Moderna, Oxford/AstraZeneca, Pfizer/BioNTech",5856643,5382192,11238835
2021-08-17,"Johnson&Johnson, Moderna, Oxford/AstraZeneca, Pfizer/BioNTech",5866242,5409295,11275537
2021-08-18,"Johnson&Johnson, Moderna, Oxford/AstraZeneca, Pfizer/BioNTech",5875619,5448200,11323819
2021-08-19,"Johnson&Johnson, Moderna, Oxford/AstraZeneca, Pfizer/BioNTech",5885300,5486564,11371864
2021-08-20,"Johnson&Johnson, Moderna, Oxford/AstraZeneca, Pfizer/BioNTech",5896695,5526759,11423454
2021-08-21,"Johnson&Johnson, Moderna, Oxford/AstraZeneca, Pfizer/BioNTech",5899417,5539531,11438948
2021-08-22,"Johnson&Johnson, Moderna, Oxford/AstraZeneca, Pfizer/BioNTech",5901762,5551502,11453264
2021-08-23,"Johnson&Johnson, Moderna, Oxford/AstraZeneca, Pfizer/BioNTech",5912293,5590786,11503079
2021-08-24,"Johnson&Johnson, Moderna, Oxford/AstraZeneca, Pfizer/BioNTech",5922172,5624049,11546221
2021-08-25,"Johnson&Johnson, Moderna, Oxford/AstraZeneca, Pfizer/BioNTech",5931037,5652427,11583464
2021-08-26,"Johnson&Johnson, Moderna, Oxford/AstraZeneca, Pfizer/BioNTech",5939489,5678556,11618045
2021-08-27,"Johnson&Johnson, Moderna, Oxford/AstraZeneca, Pfizer/BioNTech",5949818,5704538,11654356
2021-08-28,"Johnson&Johnson, Moderna, Oxford/AstraZeneca, Pfizer/BioNTech",5952552,5711597,11664149
2021-08-29,"Johnson&Johnson, Moderna, Oxford/AstraZeneca, Pfizer/BioNTech",5954964,5718218,11673182
2021-08-30,"Johnson&Johnson, Moderna, Oxford/AstraZeneca, Pfizer/BioNTech",5963494,5740098,11703592
2021-08-31,"Johnson&Johnson, Moderna, Oxford/AstraZeneca, Pfizer/BioNTech",5971174,5758206,11729380
2021-09-01,"Johnson&Johnson, Moderna, Oxford/AstraZeneca, Pfizer/BioNTech",5977085,5772225,11749310
2021-09-02,"Johnson&Johnson, Moderna, Oxford/AstraZeneca, Pfizer/BioNTech",5983930,5786618,11770548
2021-09-03,"Johnson&Johnson, Moderna, Oxford/AstraZeneca, Pfizer/BioNTech",5993492,5802350,11795842
2021-09-04,"Johnson&Johnson, Moderna, Oxford/AstraZeneca, Pfizer/BioNTech",5995561,5805907,11801468
2021-09-05,"Johnson&Johnson, Moderna, Oxford/AstraZeneca, Pfizer/BioNTech",5997601,5808754,11806355
2021-09-06,"Johnson&Johnson, Moderna, Oxford/AstraZeneca, Pfizer/BioNTech",6003840,5821296,11825136
2021-09-07,"Johnson&Johnson, Moderna, Oxford/AstraZeneca, Pfizer/BioNTech",6008235,5832383,11840618
2021-09-08,"Johnson&Johnson, Moderna, Oxford/AstraZeneca, Pfizer/BioNTech",6013911,5842245,11856156
2021-09-09,"Johnson&Johnson, Moderna, Oxford/AstraZeneca, Pfizer/BioNTech",6020611,5852313,11872924
2021-09-10,"Johnson&Johnson, Moderna, Oxford/AstraZeneca, Pfizer/BioNTech",6028305,5864495,11892800
2021-09-11,"Johnson&Johnson, Moderna, Oxford/AstraZeneca, Pfizer/BioNTech",6030174,5866978,11897152
2021-09-12,"Johnson&Johnson, Moderna, Oxford/AstraZeneca, Pfizer/BioNTech",6031292,5868610,11899902
2021-09-13,"Johnson&Johnson, Moderna, Oxford/AstraZeneca, Pfizer/BioNTech",6036732,5878914,11915646
2021-09-14,"Johnson&Johnson, Moderna, Oxford/AstraZeneca, Pfizer/BioNTech",6042128,5887930,11930058
2021-09-15,"Johnson&Johnson, Moderna, Oxford/AstraZeneca, Pfizer/BioNTech",6047329,5896457,11943786
2021-09-16,"Johnson&Johnson, Moderna, Oxford/AstraZeneca, Pfizer/BioNTech",6052681,5904737,11957418
2021-09-17,"Johnson&Johnson, Moderna, Oxford/AstraZeneca, Pfizer/BioNTech",6059252,5914974,11974226
2021-09-18,"Johnson&Johnson, Moderna, Oxford/AstraZeneca, Pfizer/BioNTech",6060978,5917336,11978314
2021-09-19,"Johnson&Johnson, Moderna, Oxford/AstraZeneca, Pfizer/BioNTech",6061924,5918905,11980829
2021-09-20,"Johnson&Johnson, Moderna, Oxford/AstraZeneca, Pfizer/BioNTech",6065940,5927105,11993045
2021-09-21,"Johnson&Johnson, Moderna, Oxford/AstraZeneca, Pfizer/BioNTech",6070177,5934639,12004816
2021-09-22,"Johnson&Johnson, Moderna, Oxford/AstraZeneca, Pfizer/BioNTech",6074370,5940165,12014535
2021-09-23,"Johnson&Johnson, Moderna, Oxford/AstraZeneca, Pfizer/BioNTech",6079347,5946574,12025921
2021-09-24,"Johnson&Johnson, Moderna, Oxford/AstraZeneca, Pfizer/BioNTech",6085109,5956195,12041304
2021-09-25,"Johnson&Johnson, Moderna, Oxford/AstraZeneca, Pfizer/BioNTech",6086604,5958194,12044798
2021-09-26,"Johnson&Johnson, Moderna, Oxford/AstraZeneca, Pfizer/BioNTech",6087349,5959833,12047182
2021-09-27,"Johnson&Johnson, Moderna, Oxford/AstraZeneca, Pfizer/BioNTech",6091232,5966348,12057580
2021-09-28,"Johnson&Johnson, Moderna, Oxford/AstraZeneca, Pfizer/BioNTech",6091600,5966973,12058573
2021-09-29,"Johnson&Johnson, Moderna, Oxford/AstraZeneca, Pfizer/BioNTech",6095376,5974434,12069810
2021-09-30,"Johnson&Johnson, Moderna, Oxford/AstraZeneca, Pfizer/BioNTech",6099884,5982135,12082019
2021-10-01,"Johnson&Johnson, Moderna, Oxford/AstraZeneca, Pfizer/BioNTech",6104188,5990116,12094304
2021-10-02,"Johnson&Johnson, Moderna, Oxford/AstraZeneca, Pfizer/BioNTech",6105251,5991659,12096910
2021-10-03,"Johnson&Johnson, Moderna, Oxford/AstraZeneca, Pfizer/BioNTech",6105976,5992530,12098506
2021-10-04,"Johnson&Johnson, Moderna, Oxford/AstraZeneca, Pfizer/BioNTech",6109051,5998103,12107154
2021-10-05,"Johnson&Johnson, Moderna, Oxford/AstraZeneca, Pfizer/BioNTech",6112215,6003190,12115405
2021-10-06,"Johnson&Johnson, Moderna, Oxford/AstraZeneca, Pfizer/BioNTech",6115734,6008361,12124095
2021-10-07,"Johnson&Johnson, Moderna, Oxford/AstraZeneca, Pfizer/BioNTech",6119015,6013620,12132635
2021-10-08,"Johnson&Johnson, Moderna, Oxford/AstraZeneca, Pfizer/BioNTech",6123809,6020262,12144071
2021-10-09,"Johnson&Johnson, Moderna, Oxford/AstraZeneca, Pfizer/BioNTech",6125054,6021922,12146976
2021-10-10,"Johnson&Johnson, Moderna, Oxford/AstraZeneca, Pfizer/BioNTech",6125997,6022754,12148751
2021-10-11,"Johnson&Johnson, Moderna, Oxford/AstraZeneca, Pfizer/BioNTech",6128927,6027169,12156096
2021-10-12,"Johnson&Johnson, Moderna, Oxford/AstraZeneca, Pfizer/BioNTech",6131860,6031173,12163033
2021-10-13,"Johnson&Johnson, Moderna, Oxford/AstraZeneca, Pfizer/BioNTech",6135390,6035357,12170747
2021-10-14,"Johnson&Johnson, Moderna, Oxford/AstraZeneca, Pfizer/BioNTech",6139063,6040306,12179369
2021-10-15,"Johnson&Johnson, Moderna, Oxford/AstraZeneca, Pfizer/BioNTech",6144292,6046452,12190744
2021-10-16,"Johnson&Johnson, Moderna, Oxford/AstraZeneca, Pfizer/BioNTech",6145707,6047979,12193686
2021-10-17,"Johnson&Johnson, Moderna, Pfizer/BioNTech",6147034,6049034,12196068
2021-10-18,"Johnson&Johnson, Moderna, Oxford/AstraZeneca, Pfizer/BioNTech",6151148,6053132,12204280
2021-10-19,"Johnson&Johnson, Moderna, Oxford/AstraZeneca, Pfizer/BioNTech",6154728,6055231,12209959
2021-10-20,"Johnson&Johnson, Moderna, Oxford/AstraZeneca, Pfizer/BioNTech",6159610,6059680,12219290
2021-10-21,"Johnson&Johnson, Moderna, Oxford/AstraZeneca, Pfizer/BioNTech",6167375,6065283,12232658
2021-10-22,"Johnson&Johnson, Moderna, Oxford/AstraZeneca, Pfizer/BioNTech",6177830,6071787,12249617
2021-10-23,"Johnson&Johnson, Moderna, Oxford/AstraZeneca, Pfizer/BioNTech",6181505,6073993,12255498
2021-10-24,"Johnson&Johnson, Moderna, Oxford/AstraZeneca, Pfizer/BioNTech",6184190,6075774,12259964
2021-10-25,"Johnson&Johnson, Moderna, Oxford/AstraZeneca, Pfizer/BioNTech",6194688,6081581,12276269
2021-10-26,"Johnson&Johnson, Moderna, Oxford/AstraZeneca, Pfizer/BioNTech",6206678,6088130,12294808
2021-10-27,"Johnson&Johnson, Moderna, Oxford/AstraZeneca, Pfizer/BioNTech",6221288,6095535,12316823
2021-10-28,"Johnson&Johnson, Moderna, Oxford/AstraZeneca, Pfizer/BioNTech",6224712,6097219,12321931
2021-10-29,"Johnson&Johnson, Moderna, Oxford/AstraZeneca, Pfizer/BioNTech",6239150,6105204,12344354
2021-10-30,"Johnson&Johnson, Moderna, Oxford/AstraZeneca, Pfizer/BioNTech",6243679,6108128,12351807
2021-10-31,"Johnson&Johnson, Moderna, Oxford/AstraZeneca, Pfizer/BioNTech",6247442,6110601,12358043
2021-11-01,"Johnson&Johnson, Moderna, Oxford/AstraZeneca, Pfizer/BioNTech",6262639,6118286,12380925
2021-11-02,"Johnson&Johnson, Moderna, Oxford/AstraZeneca, Pfizer/BioNTech",6278090,6125842,12403932
2021-11-03,"Johnson&Johnson, Moderna, Oxford/AstraZeneca, Pfizer/BioNTech",6295273,6133139,12428412
2021-11-04,"Johnson&Johnson, Moderna, Oxford/AstraZeneca, Pfizer/BioNTech",6313624,6141310,12454934
2021-11-05,"Johnson&Johnson, Moderna, Oxford/AstraZeneca, Pfizer/BioNTech",6336423,6152591,12489014
2021-11-06,"Johnson&Johnson, Moderna, Oxford/AstraZeneca, Pfizer/BioNTech",6342937,6155646,12498583
2021-11-07,"Johnson&Johnson, Moderna, Oxford/AstraZeneca, Pfizer/BioNTech",6346958,6158082,12505040
2021-11-08,"Johnson&Johnson, Moderna, Oxford/AstraZeneca, Pfizer/BioNTech",6363229,6165715,12528944
2021-11-09,"Johnson&Johnson, Moderna, Oxford/AstraZeneca, Pfizer/BioNTech",6378037,6173013,12551050
2021-11-10,"Johnson&Johnson, Moderna, Oxford/AstraZeneca, Pfizer/BioNTech",6393777,6180396,12574173
2021-11-11,"Johnson&Johnson, Moderna, Oxford/AstraZeneca, Pfizer/BioNTech",6409246,6189500,12598746
2021-11-12,"Johnson&Johnson, Moderna, Oxford/AstraZeneca, Pfizer/BioNTech",6429053,6202302,12631355
2021-11-13,"Johnson&Johnson, Moderna, Oxford/AstraZeneca, Pfizer/BioNTech",6434446,6206175,12640621
2021-11-14,"Johnson&Johnson, Moderna, Oxford/AstraZeneca, Pfizer/BioNTech",6438339,6209178,12647517
2021-11-15,"Johnson&Johnson, Moderna, Oxford/AstraZeneca, Pfizer/BioNTech",6453415,6219868,12673283
2021-11-16,"Johnson&Johnson, Moderna, Oxford/AstraZeneca, Pfizer/BioNTech",6470957,6231848,12702805
2021-11-17,"Johnson&Johnson, Moderna, Oxford/AstraZeneca, Pfizer/BioNTech",6475199,6235411,12710610
2021-11-18,"Johnson&Johnson, Moderna, Oxford/AstraZeneca, Pfizer/BioNTech",6494620,6247102,12741722
2021-11-19,"Johnson&Johnson, Moderna, Oxford/AstraZeneca, Pfizer/BioNTech",6519228,6264072,12783300
2021-11-20,"Johnson&Johnson, Moderna, Oxford/AstraZeneca, Pfizer/BioNTech",6527805,6269053,12796858
2021-11-21,"Johnson&Johnson, Moderna, Pfizer/BioNTech",6534577,6272826,12807403
2021-11-22,"Johnson&Johnson, Moderna, Oxford/AstraZeneca, Pfizer/BioNTech",6553091,6286940,12840031
2021-11-23,"Johnson&Johnson, Moderna, Oxford/AstraZeneca, Pfizer/BioNTech",6572151,6300200,12872351
2021-11-24,"Johnson&Johnson, Moderna, Oxford/AstraZeneca, Pfizer/BioNTech",6591165,6316048,12907213
2021-11-25,"Johnson&Johnson, Moderna, Oxford/AstraZeneca, Pfizer/BioNTech",6610313,6331078,12941391
2021-11-26,"Johnson&Johnson, Moderna, Oxford/AstraZeneca, Pfizer/BioNTech",6631965,6350216,12982181
2021-11-27,"Johnson&Johnson, Moderna, Oxford/AstraZeneca, Pfizer/BioNTech",6639436,6355770,12995206
2021-11-28,"Johnson&Johnson, Moderna, Oxford/AstraZeneca, Pfizer/BioNTech",6642769,6358905,13001674
2021-11-29,"Johnson&Johnson, Moderna, Oxford/AstraZeneca, Pfizer/BioNTech",6657977,6372561,13030538
2021-11-30,"Johnson&Johnson, Moderna, Oxford/AstraZeneca, Pfizer/BioNTech",6671178,6383792,13054970
2021-12-01,"Johnson&Johnson, Moderna, Oxford/AstraZeneca, Pfizer/BioNTech",6685214,6396245,13081459
2021-12-02,"Johnson&Johnson, Moderna, Oxford/AstraZeneca, Pfizer/BioNTech",6695852,6408735,13104587
2021-12-03,"Johnson&Johnson, Moderna, Oxford/AstraZeneca, Pfizer/BioNTech",6705490,6424310,13129800
2021-12-04,"Johnson&Johnson, Moderna, Pfizer/BioNTech",6708049,6428260,13136309
2021-12-05,"Johnson&Johnson, Moderna, Oxford/AstraZeneca, Pfizer/BioNTech",6709409,6430600,13140009
2021-12-06,"Johnson&Johnson, Moderna, Oxford/AstraZeneca, Pfizer/BioNTech",6717555,6442125,13159680
2021-12-07,"Johnson&Johnson, Moderna, Oxford/AstraZeneca, Pfizer/BioNTech",6725442,6454133,13179575
2021-12-08,"Johnson&Johnson, Moderna, Oxford/AstraZeneca, Pfizer/BioNTech",6733684,6460061,13193745
2021-12-09,"Johnson&Johnson, Moderna, Oxford/AstraZeneca, Pfizer/BioNTech",6740805,6472879,13213684
2021-12-10,"Johnson&Johnson, Moderna, Oxford/AstraZeneca, Pfizer/BioNTech",6747738,6490685,13238423
2021-12-11,"Johnson&Johnson, Moderna, Pfizer/BioNTech",6749396,6495956,13245352
2021-12-12,"Johnson&Johnson, Moderna, Oxford/AstraZeneca, Pfizer/BioNTech",6750706,6500389,13251095
2021-12-13,"Johnson&Johnson, Moderna, Oxford/AstraZeneca, Pfizer/BioNTech",6757053,6513700,13270753
2021-12-14,"Johnson&Johnson, Moderna, Oxford/AstraZeneca, Pfizer/BioNTech",6763264,6527368,13290632
2021-12-15,"Johnson&Johnson, Moderna, Oxford/AstraZeneca, Pfizer/BioNTech",6769470,6540967,13310437
2021-12-16,"Johnson&Johnson, Moderna, Oxford/AstraZeneca, Pfizer/BioNTech",6776410,6555800,13332210
2021-12-17,"Johnson&Johnson, Moderna, Oxford/AstraZeneca, Pfizer/BioNTech",6784775,6573061,13357836
2021-12-18,"Johnson&Johnson, Moderna, Oxford/AstraZeneca, Pfizer/BioNTech",6787387,6578511,13365898
2021-12-19,"Johnson&Johnson, Moderna, Pfizer/BioNTech",6789158,6581015,13370173
2021-12-20,"Johnson&Johnson, Moderna, Oxford/AstraZeneca, Pfizer/BioNTech",6795000,6595079,13390079
2021-12-21,"Johnson&Johnson, Moderna, Oxford/AstraZeneca, Pfizer/BioNTech",6801662,6607070,13408732
2021-12-22,"Johnson&Johnson, Moderna, Oxford/AstraZeneca, Pfizer/BioNTech",6806708,6620124,13426832
2021-12-23,"Johnson&Johnson, Moderna, Oxford/AstraZeneca, Pfizer/BioNTech",6809579,6625726,13435305
2021-12-24,"Johnson&Johnson, Moderna, Oxford/AstraZeneca, Pfizer/BioNTech",6809625,6625826,13435451
2021-12-25,"Moderna, Pfizer/BioNTech",6809626,6625834,13435460
2021-12-26,"Moderna, Pfizer/BioNTech",6809727,6626035,13435762
2021-12-27,"Johnson&Johnson, Moderna, Pfizer/BioNTech",6813595,6635769,13449364
2021-12-28,"Johnson&Johnson, Moderna, Oxford/AstraZeneca, Pfizer/BioNTech",6818837,6643761,13462598
2021-12-29,"Johnson&Johnson, Moderna, Oxford/AstraZeneca, Pfizer/BioNTech",6823116,6651480,13474596
2021-12-30,"Johnson&Johnson, Moderna, Pfizer/BioNTech",6827414,6656912,13484326
2021-12-31,"Johnson&Johnson, Moderna, Pfizer/BioNTech",6827924,6658335,13486259
2022-01-01,"Johnson&Johnson, Moderna, Pfizer/BioNTech",6827929,6658353,13486282
2022-01-02,"Johnson&Johnson, Moderna, Pfizer/BioNTech",6828785,6659730,13488515
2022-01-03,"Johnson&Johnson, Moderna, Oxford/AstraZeneca, Pfizer/BioNTech",6832922,6668627,13501549
2022-01-04,"Johnson&Johnson, Moderna, Oxford/AstraZeneca, Pfizer/BioNTech",6838008,6676377,13514385
2022-01-05,"Johnson&Johnson, Moderna, Oxford/AstraZeneca, Pfizer/BioNTech",6843820,6684341,13528161
2022-01-06,"Johnson&Johnson, Moderna, Oxford/AstraZeneca, Pfizer/BioNTech",6850405,6692744,13543149
2022-01-07,"Johnson&Johnson, Moderna, Oxford/AstraZeneca, Pfizer/BioNTech",6858276,6703086,13561362
2022-01-08,"Johnson&Johnson, Moderna, Oxford/AstraZeneca, Pfizer/BioNTech",6860756,6705869,13566625
2022-01-09,"Johnson&Johnson, Moderna, Pfizer/BioNTech",6861838,6707562,13569400
2022-01-10,"Johnson&Johnson, Moderna, Oxford/AstraZeneca, Pfizer/BioNTech",6866333,6713746,13580079
2022-01-11,"Johnson&Johnson, Moderna, Oxford/AstraZeneca, Pfizer/BioNTech",6871772,6720500,13592272
2022-01-12,"Johnson&Johnson, Moderna, Oxford/AstraZeneca, Pfizer/BioNTech",6877723,6726143,13603866
2022-01-13,"Johnson&Johnson, Moderna, Oxford/AstraZeneca, Pfizer/BioNTech",6883604,6730915,13614519
2022-01-14,"Johnson&Johnson, Moderna, Oxford/AstraZeneca, Pfizer/BioNTech",6889902,6734548,13624450
2022-01-15,"Johnson&Johnson, Moderna, Oxford/AstraZeneca, Pfizer/BioNTech",6891180,6735202,13626382
2022-01-16,"Johnson&Johnson, Moderna, Oxford/AstraZeneca, Pfizer/BioNTech",6891867,6735639,13627506
2022-01-17,"Johnson&Johnson, Moderna, Oxford/AstraZeneca, Pfizer/BioNTech",6895414,6739595,13635009
2022-01-18,"Johnson&Johnson, Moderna, Oxford/AstraZeneca, Pfizer/BioNTech",6899264,6744543,13643807
2022-01-19,"Johnson&Johnson, Moderna, Oxford/AstraZeneca, Pfizer/BioNTech",6903329,6748475,13651804
2022-01-20,"Johnson&Johnson, Moderna, Oxford/AstraZeneca, Pfizer/BioNTech",6906925,6752913,13659838
2022-01-21,"Johnson&Johnson, Moderna, Oxford/AstraZeneca, Pfizer/BioNTech",6910918,6755440,13666358
2022-01-22,"Johnson&Johnson, Moderna, Pfizer/BioNTech",6911698,6755877,13667575
2022-01-23,"Johnson&Johnson, Moderna, Pfizer/BioNTech",6912260,6756511,13668771
2022-01-24,"Johnson&Johnson, Moderna, Oxford/AstraZeneca, Pfizer/BioNTech",6914527,6759945,13674472
2022-01-25,"Johnson&Johnson, Moderna, Oxford/AstraZeneca, Pfizer/BioNTech",6916876,6763938,13680814
2022-01-26,"Johnson&Johnson, Moderna, Oxford/AstraZeneca, Pfizer/BioNTech",6919261,6768502,13687763
2022-01-27,"Johnson&Johnson, Moderna, Oxford/AstraZeneca, Pfizer/BioNTech",6921587,6773313,13694900
2022-01-28,"Johnson&Johnson, Moderna, Oxford/AstraZeneca, Pfizer/BioNTech",6924497,6779465,13703962
2022-01-29,"Johnson&Johnson, Moderna, Pfizer/BioNTech",6925096,6781112,13706208
2022-01-30,"Johnson&Johnson, Moderna, Pfizer/BioNTech",6925325,6781889,13707214
2022-01-31,"Johnson&Johnson, Moderna, Pfizer/BioNTech",6926862,6785803,13712665
2022-02-01,"Johnson&Johnson, Moderna, Pfizer/BioNTech",6928454,6789833,13718287
2022-02-02,"Johnson&Johnson, Moderna, Pfizer/BioNTech",6930015,6794334,13724349
2022-02-03,"Johnson&Johnson, Moderna, Pfizer/BioNTech",6931383,6798806,13730189
2022-02-04,"Johnson&Johnson, Moderna, Pfizer/BioNTech",6932980,6803919,13736899
2022-02-05,"Johnson&Johnson, Moderna, Pfizer/BioNTech",6933154,6804528,13737682
2022-02-06,"Johnson&Johnson, Moderna, Pfizer/BioNTech",6933248,6804847,13738095
2022-02-07,"Johnson&Johnson, Moderna, Pfizer/BioNTech",6933940,6808055,13741995
2022-02-08,"Johnson&Johnson, Moderna, Pfizer/BioNTech",6934717,6811239,13745956
2022-02-09,"Johnson&Johnson, Moderna, Pfizer/BioNTech",6935538,6814606,13750144
2022-02-10,"Johnson&Johnson, Moderna, Pfizer/BioNTech",6936317,6817727,13754044
2022-02-11,"Johnson&Johnson, Moderna, Pfizer/BioNTech",6937241,6821633,13758874
2022-02-12,"Johnson&Johnson, Moderna, Pfizer/BioNTech",6937349,6822052,13759401
2022-02-13,"Johnson&Johnson, Moderna, Pfizer/BioNTech",6937382,6822488,13759870
2022-02-14,"Johnson&Johnson, Moderna, Pfizer/BioNTech",6937819,6824595,13762414
2022-02-15,"Johnson&Johnson, Moderna, Pfizer/BioNTech",6938367,6826793,13765160
2022-02-16,"Johnson&Johnson, Moderna, Pfizer/BioNTech",6938951,6828883,13767834
2022-02-17,"Johnson&Johnson, Moderna, Pfizer/BioNTech",6939538,6831213,13770751
2022-02-18,"Johnson&Johnson, Moderna, Pfizer/BioNTech",6940174,6834261,13774435
2022-02-19,"Johnson&Johnson, Moderna, Pfizer/BioNTech",6940251,6834542,13774793
2022-02-20,"Johnson&Johnson, Moderna, Pfizer/BioNTech",6940284,6834691,13774975
2022-02-21,"Johnson&Johnson, Moderna, Pfizer/BioNTech",6940635,6836386,13777021
2022-02-22,"Johnson&Johnson, Moderna, Oxford/AstraZeneca, Pfizer/BioNTech",6941000,6838058,13779058
2022-02-23,"Johnson&Johnson, Moderna, Pfizer/BioNTech",6941450,6839677,13781127
2022-02-24,"Johnson&Johnson, Moderna, Pfizer/BioNTech",6941863,6841299,13783162
2022-02-25,"Johnson&Johnson, Moderna, Pfizer/BioNTech",6942448,6843345,13785793
2022-02-26,"Johnson&Johnson, Moderna, Pfizer/BioNTech",6942510,6843501,13786011
2022-02-27,"Johnson&Johnson, Moderna, Pfizer/BioNTech",6942544,6843576,13786120
2022-02-28,"Johnson&Johnson, Moderna, Pfizer/BioNTech",6942784,6844524,13787308
2022-03-01,"Johnson&Johnson, Moderna, Pfizer/BioNTech",6943022,6845274,13788296
2022-03-02,"Johnson&Johnson, Moderna, Novavax, Pfizer/BioNTech",6943356,6846167,13789523
2022-03-03,"Johnson&Johnson, Moderna, Novavax, Pfizer/BioNTech",6943645,6847028,13790673
