date,vaccine,people_vaccinated,people_fully_vaccinated,total_vaccinations
2020-12-27,Pfizer/BioNTech,1281,0,1281
2020-12-28,Pfizer/BioNTech,3586,0,3586
2020-12-29,Pfizer/BioNTech,7051,0,7051
2020-12-30,Pfizer/BioNTech,10562,0,10562
2020-12-31,Pfizer/BioNTech,11864,0,11864
2021-01-01,"Moderna, Pfizer/BioNTech",12133,0,12133
2021-01-02,Pfizer/BioNTech,13409,0,13409
2021-01-03,Pfizer/BioNTech,14332,0,14332
2021-01-04,"Moderna, Pfizer/BioNTech",17937,0,17937
2021-01-05,"Moderna, Pfizer/BioNTech",22445,0,22445
2021-01-06,"Moderna, Pfizer/BioNTech",28283,1,28284
2021-01-07,"Moderna, Pfizer/BioNTech",36265,1,36266
2021-01-08,Pfizer/BioNTech,46302,1,46303
2021-01-09,"Moderna, Pfizer/BioNTech",48325,2,48327
2021-01-10,Pfizer/BioNTech,50091,4,50095
2021-01-11,Pfizer/BioNTech,59936,6,59942
2021-01-12,"Moderna, Pfizer/BioNTech",73334,8,73342
2021-01-13,Pfizer/BioNTech,86863,8,86871
2021-01-14,"Moderna, Pfizer/BioNTech",102083,11,102094
2021-01-15,"Moderna, Pfizer/BioNTech",116078,11,116089
2021-01-16,"Moderna, Pfizer/BioNTech",119467,14,119481
2021-01-17,"Moderna, Pfizer/BioNTech",122077,653,122730
2021-01-18,"Moderna, Pfizer/BioNTech",134550,2478,137028
2021-01-19,"Moderna, Pfizer/BioNTech",147135,5200,152335
2021-01-20,"Moderna, Pfizer/BioNTech",160801,7853,168654
2021-01-21,"Moderna, Pfizer/BioNTech",176435,9591,186026
2021-01-22,"Moderna, Pfizer/BioNTech",191287,10635,201922
2021-01-23,"Moderna, Pfizer/BioNTech",194600,11512,206112
2021-01-24,"Moderna, Pfizer/BioNTech",196853,12382,209235
2021-01-25,"Moderna, Pfizer/BioNTech",206488,15353,221841
2021-01-26,"Moderna, Pfizer/BioNTech",217022,19334,236356
2021-01-27,"Moderna, Pfizer/BioNTech",226044,23863,249907
2021-01-28,"Moderna, Pfizer/BioNTech",233132,29984,263116
2021-01-29,"Moderna, Pfizer/BioNTech",239328,37882,277210
2021-01-30,"Moderna, Pfizer/BioNTech",240059,38970,279029
2021-01-31,"Moderna, Pfizer/BioNTech",240770,40151,280921
2021-02-01,"Moderna, Pfizer/BioNTech",244743,48099,292842
2021-02-02,"Moderna, Pfizer/BioNTech",248873,58326,307199
2021-02-03,"Moderna, Pfizer/BioNTech",253285,69324,322609
2021-02-04,"Moderna, Pfizer/BioNTech",258177,82293,340470
2021-02-05,"Moderna, Pfizer/BioNTech",263632,92957,356589
2021-02-06,"Moderna, Oxford/AstraZeneca, Pfizer/BioNTech",264477,95312,359789
2021-02-07,"Moderna, Pfizer/BioNTech",265323,97806,363129
2021-02-08,"Moderna, Oxford/AstraZeneca, Pfizer/BioNTech",269390,109197,378587
2021-02-09,"Moderna, Oxford/AstraZeneca, Pfizer/BioNTech",274479,121126,395605
2021-02-10,"Moderna, Oxford/AstraZeneca, Pfizer/BioNTech",279976,134358,414334
2021-02-11,"Moderna, Oxford/AstraZeneca, Pfizer/BioNTech",286291,150558,436849
2021-02-12,"Moderna, Oxford/AstraZeneca, Pfizer/BioNTech",293042,165262,458304
2021-02-13,"Moderna, Oxford/AstraZeneca, Pfizer/BioNTech",294644,168246,462890
2021-02-14,"Moderna, Oxford/AstraZeneca, Pfizer/BioNTech",295642,169626,465268
2021-02-15,"Moderna, Oxford/AstraZeneca, Pfizer/BioNTech",302038,178970,481008
2021-02-16,"Moderna, Oxford/AstraZeneca, Pfizer/BioNTech",310750,188035,498785
2021-02-17,"Moderna, Oxford/AstraZeneca, Pfizer/BioNTech",320442,196329,516771
2021-02-18,"Moderna, Oxford/AstraZeneca, Pfizer/BioNTech",332751,204389,537140
2021-02-19,"Moderna, Oxford/AstraZeneca, Pfizer/BioNTech",344596,211721,556317
2021-02-20,"Moderna, Oxford/AstraZeneca, Pfizer/BioNTech",346585,212899,559484
2021-02-21,"Moderna, Oxford/AstraZeneca, Pfizer/BioNTech",347706,213918,561624
2021-02-22,"Moderna, Oxford/AstraZeneca, Pfizer/BioNTech",357819,219936,577755
2021-02-23,"Moderna, Oxford/AstraZeneca, Pfizer/BioNTech",370753,226899,597652
2021-02-24,"Moderna, Oxford/AstraZeneca, Pfizer/BioNTech",384619,232925,617544
2021-02-25,"Moderna, Oxford/AstraZeneca, Pfizer/BioNTech",402579,238462,641041
2021-02-26,"Moderna, Oxford/AstraZeneca, Pfizer/BioNTech",418731,243794,662525
2021-02-27,"Moderna, Oxford/AstraZeneca, Pfizer/BioNTech",421733,244347,666080
2021-02-28,"Moderna, Oxford/AstraZeneca, Pfizer/BioNTech",424072,244893,668965
2021-03-01,"Moderna, Oxford/AstraZeneca, Pfizer/BioNTech",443633,248329,691962
2021-03-02,"Moderna, Oxford/AstraZeneca, Pfizer/BioNTech",470840,251867,722707
2021-03-03,"Moderna, Oxford/AstraZeneca, Pfizer/BioNTech",501682,256360,758042
2021-03-04,"Moderna, Oxford/AstraZeneca, Pfizer/BioNTech",534916,261032,795948
2021-03-05,"Johnson&Johnson, Moderna, Oxford/AstraZeneca, Pfizer/BioNTech",563714,266436,830150
2021-03-06,"Johnson&Johnson, Moderna, Oxford/AstraZeneca, Pfizer/BioNTech",575846,267288,843134
2021-03-07,"Johnson&Johnson, Moderna, Oxford/AstraZeneca, Pfizer/BioNTech",587370,268124,855494
2021-03-08,"Johnson&Johnson, Moderna, Oxford/AstraZeneca, Pfizer/BioNTech",617070,272963,890033
2021-03-09,"Johnson&Johnson, Moderna, Oxford/AstraZeneca, Pfizer/BioNTech",653398,279335,932733
2021-03-10,"Moderna, Oxford/AstraZeneca, Pfizer/BioNTech",694671,286278,980949
2021-03-11,"Johnson&Johnson, Moderna, Oxford/AstraZeneca, Pfizer/BioNTech",739463,294641,1034104
2021-03-12,"Johnson&Johnson, Moderna, Oxford/AstraZeneca, Pfizer/BioNTech",778236,303090,1081326
2021-03-13,"Moderna, Oxford/AstraZeneca, Pfizer/BioNTech",795295,304388,1099683
2021-03-14,"Moderna, Oxford/AstraZeneca, Pfizer/BioNTech",807394,305531,1112925
2021-03-15,"Moderna, Oxford/AstraZeneca, Pfizer/BioNTech",835753,314298,1150051
2021-03-16,"Johnson&Johnson, Moderna, Oxford/AstraZeneca, Pfizer/BioNTech",874622,324821,1199443
2021-03-17,"Moderna, Oxford/AstraZeneca, Pfizer/BioNTech",912071,335313,1247384
2021-03-18,"Johnson&Johnson, Moderna, Oxford/AstraZeneca, Pfizer/BioNTech",950010,347714,1297724
2021-03-19,"Moderna, Oxford/AstraZeneca, Pfizer/BioNTech",984458,361308,1345766
2021-03-20,"Johnson&Johnson, Moderna, Oxford/AstraZeneca, Pfizer/BioNTech",999577,363319,1362896
2021-03-21,"Johnson&Johnson, Moderna, Oxford/AstraZeneca, Pfizer/BioNTech",1006977,364865,1371842
2021-03-22,"Johnson&Johnson, Moderna, Oxford/AstraZeneca, Pfizer/BioNTech",1031492,377355,1408847
2021-03-23,"Johnson&Johnson, Moderna, Oxford/AstraZeneca, Pfizer/BioNTech",1058095,390694,1448789
2021-03-24,"Johnson&Johnson, Moderna, Oxford/AstraZeneca, Pfizer/BioNTech",1084922,406411,1491333
2021-03-25,"Moderna, Oxford/AstraZeneca, Pfizer/BioNTech",1111224,424243,1535467
2021-03-26,"Moderna, Oxford/AstraZeneca, Pfizer/BioNTech",1136005,441726,1577731
2021-03-27,"Johnson&Johnson, Moderna, Oxford/AstraZeneca, Pfizer/BioNTech",1144422,446566,1590988
2021-03-28,"Moderna, Oxford/AstraZeneca, Pfizer/BioNTech",1149950,450701,1600651
2021-03-29,"Johnson&Johnson, Moderna, Oxford/AstraZeneca, Pfizer/BioNTech",1169051,471407,1640458
2021-03-30,"Johnson&Johnson, Moderna, Oxford/AstraZeneca, Pfizer/BioNTech",1193727,493572,1687299
2021-03-31,"Johnson&Johnson, Moderna, Oxford/AstraZeneca, Pfizer/BioNTech",1216798,520608,1737406
2021-04-01,"Johnson&Johnson, Moderna, Oxford/AstraZeneca, Pfizer/BioNTech",1242384,552641,1795025
2021-04-02,"Johnson&Johnson, Moderna, Oxford/AstraZeneca, Pfizer/BioNTech",1249280,565425,1814705
2021-04-03,"Johnson&Johnson, Moderna, Oxford/AstraZeneca, Pfizer/BioNTech",1252881,576334,1829215
2021-04-04,"Johnson&Johnson, Moderna, Oxford/AstraZeneca, Pfizer/BioNTech",1255371,585238,1840609
2021-04-05,"Johnson&Johnson, Moderna, Oxford/AstraZeneca, Pfizer/BioNTech",1257746,592412,1850158
2021-04-06,"Johnson&Johnson, Moderna, Oxford/AstraZeneca, Pfizer/BioNTech",1273850,621634,1895484
2021-04-07,"Johnson&Johnson, Moderna, Oxford/AstraZeneca, Pfizer/BioNTech",1297231,643847,1941078
2021-04-08,"Johnson&Johnson, Moderna, Oxford/AstraZeneca, Pfizer/BioNTech",1335875,674845,2010720
2021-04-09,"Johnson&Johnson, Moderna, Oxford/AstraZeneca, Pfizer/BioNTech",1375367,705007,2080374
2021-04-10,"Johnson&Johnson, Moderna, Oxford/AstraZeneca, Pfizer/BioNTech",1390822,720285,2111107
2021-04-11,"Johnson&Johnson, Moderna, Oxford/AstraZeneca, Pfizer/BioNTech",1400574,730309,2130883
2021-04-12,"Johnson&Johnson, Moderna, Oxford/AstraZeneca, Pfizer/BioNTech",1438797,755413,2194210
2021-04-13,"Moderna, Oxford/AstraZeneca, Pfizer/BioNTech",1475016,781433,2256449
2021-04-14,"Moderna, Oxford/AstraZeneca, Pfizer/BioNTech",1513786,808768,2322554
2021-04-15,"Moderna, Oxford/AstraZeneca, Pfizer/BioNTech",1561538,834467,2396005
2021-04-16,"Moderna, Oxford/AstraZeneca, Pfizer/BioNTech",1606159,860081,2466240
2021-04-17,"Moderna, Oxford/AstraZeneca, Pfizer/BioNTech",1622822,869101,2491923
2021-04-18,"Moderna, Oxford/AstraZeneca, Pfizer/BioNTech",1635787,874081,2509868
2021-04-19,"Moderna, Oxford/AstraZeneca, Pfizer/BioNTech",1679762,889525,2569287
2021-04-20,"Johnson&Johnson, Moderna, Oxford/AstraZeneca, Pfizer/BioNTech",1722282,905372,2627654
2021-04-21,"Moderna, Oxford/AstraZeneca, Pfizer/BioNTech",1769978,919701,2689679
2021-04-22,"Johnson&Johnson, Moderna, Oxford/AstraZeneca, Pfizer/BioNTech",1824441,937066,2761507
2021-04-23,"Johnson&Johnson, Moderna, Oxford/AstraZeneca, Pfizer/BioNTech",1874361,949096,2823457
2021-04-24,"Johnson&Johnson, Moderna, Oxford/AstraZeneca, Pfizer/BioNTech",1892174,954328,2846502
2021-04-25,"Johnson&Johnson, Moderna, Oxford/AstraZeneca, Pfizer/BioNTech",1906844,958311,2865155
2021-04-26,"Johnson&Johnson, Moderna, Oxford/AstraZeneca, Pfizer/BioNTech",1956402,965848,2922250
2021-04-27,"Johnson&Johnson, Moderna, Oxford/AstraZeneca, Pfizer/BioNTech",2005364,978057,2983421
2021-04-28,"Johnson&Johnson, Moderna, Oxford/AstraZeneca, Pfizer/BioNTech",2064090,992028,3056118
2021-04-29,"Johnson&Johnson, Moderna, Oxford/AstraZeneca, Pfizer/BioNTech",2129625,1007878,3137503
2021-04-30,"Johnson&Johnson, Moderna, Oxford/AstraZeneca, Pfizer/BioNTech",2191819,1017810,3209629
2021-05-01,"Johnson&Johnson, Moderna, Oxford/AstraZeneca, Pfizer/BioNTech",2211112,1021233,3232345
2021-05-02,"Johnson&Johnson, Moderna, Oxford/AstraZeneca, Pfizer/BioNTech",2230009,1023484,3253493
2021-05-03,"Johnson&Johnson, Moderna, Oxford/AstraZeneca, Pfizer/BioNTech",2297228,1028529,3325757
2021-05-04,"Johnson&Johnson, Moderna, Oxford/AstraZeneca, Pfizer/BioNTech",2363700,1036835,3400535
2021-05-05,"Johnson&Johnson, Moderna, Oxford/AstraZeneca, Pfizer/BioNTech",2436826,1046204,3483030
2021-05-06,"Johnson&Johnson, Moderna, Oxford/AstraZeneca, Pfizer/BioNTech",2517189,1056878,3574067
2021-05-07,"Johnson&Johnson, Moderna, Oxford/AstraZeneca, Pfizer/BioNTech",2594444,1066929,3661373
2021-05-08,"Johnson&Johnson, Moderna, Oxford/AstraZeneca, Pfizer/BioNTech",2623846,1068669,3692515
2021-05-09,"Johnson&Johnson, Moderna, Oxford/AstraZeneca, Pfizer/BioNTech",2648017,1069857,3717874
2021-05-10,"Johnson&Johnson, Moderna, Oxford/AstraZeneca, Pfizer/BioNTech",2720749,1077051,3797800
2021-05-11,"Johnson&Johnson, Moderna, Oxford/AstraZeneca, Pfizer/BioNTech",2796821,1085825,3882646
2021-05-12,"Johnson&Johnson, Moderna, Oxford/AstraZeneca, Pfizer/BioNTech",2876647,1094872,3971519
2021-05-13,"Johnson&Johnson, Moderna, Oxford/AstraZeneca, Pfizer/BioNTech",2960636,1104002,4064638
2021-05-14,"Johnson&Johnson, Moderna, Oxford/AstraZeneca, Pfizer/BioNTech",3040034,1111730,4151764
2021-05-15,"Johnson&Johnson, Moderna, Oxford/AstraZeneca, Pfizer/BioNTech",3071877,1113928,4185805
2021-05-16,"Johnson&Johnson, Moderna, Oxford/AstraZeneca, Pfizer/BioNTech",3097622,1115170,4212792
2021-05-17,"Johnson&Johnson, Moderna, Oxford/AstraZeneca, Pfizer/BioNTech",3170099,1121852,4291951
2021-05-18,"Johnson&Johnson, Moderna, Oxford/AstraZeneca, Pfizer/BioNTech",3242004,1134848,4376852
2021-05-19,"Johnson&Johnson, Moderna, Oxford/AstraZeneca, Pfizer/BioNTech",3319433,1149944,4469377
2021-05-20,"Johnson&Johnson, Moderna, Oxford/AstraZeneca, Pfizer/BioNTech",3394833,1176910,4571743
2021-05-21,"Johnson&Johnson, Moderna, Oxford/AstraZeneca, Pfizer/BioNTech",3463567,1204592,4668159
2021-05-22,"Johnson&Johnson, Moderna, Oxford/AstraZeneca, Pfizer/BioNTech",3495904,1215729,4711633
2021-05-23,"Johnson&Johnson, Moderna, Oxford/AstraZeneca, Pfizer/BioNTech",3518217,1224737,4742954
2021-05-24,"Johnson&Johnson, Moderna, Oxford/AstraZeneca, Pfizer/BioNTech",3565331,1258341,4823672
2021-05-25,"Johnson&Johnson, Moderna, Oxford/AstraZeneca, Pfizer/BioNTech",3617162,1294094,4911256
2021-05-26,"Johnson&Johnson, Moderna, Oxford/AstraZeneca, Pfizer/BioNTech",3684885,1331571,5016456
2021-05-27,"Johnson&Johnson, Moderna, Oxford/AstraZeneca, Pfizer/BioNTech",3746252,1378837,5125089
2021-05-28,"Johnson&Johnson, Moderna, Oxford/AstraZeneca, Pfizer/BioNTech",3807918,1425335,5233253
2021-05-29,"Johnson&Johnson, Moderna, Oxford/AstraZeneca, Pfizer/BioNTech",3837069,1442405,5279474
2021-05-30,"Johnson&Johnson, Moderna, Oxford/AstraZeneca, Pfizer/BioNTech",3859409,1456812,5316221
2021-05-31,"Johnson&Johnson, Moderna, Oxford/AstraZeneca, Pfizer/BioNTech",3915127,1504323,5419450
2021-06-01,"Johnson&Johnson, Moderna, Oxford/AstraZeneca, Pfizer/BioNTech",3974137,1553102,5527239
2021-06-02,"Johnson&Johnson, Moderna, Oxford/AstraZeneca, Pfizer/BioNTech",4037004,1607007,5644011
2021-06-03,"Johnson&Johnson, Moderna, Oxford/AstraZeneca, Pfizer/BioNTech",4095215,1667160,5762375
2021-06-04,"Johnson&Johnson, Moderna, Oxford/AstraZeneca, Pfizer/BioNTech",4158285,1724476,5882761
2021-06-05,"Johnson&Johnson, Moderna, Oxford/AstraZeneca, Pfizer/BioNTech",4192410,1743252,5935662
2021-06-06,"Johnson&Johnson, Moderna, Oxford/AstraZeneca, Pfizer/BioNTech",4219310,1758345,5977655
2021-06-07,"Johnson&Johnson, Moderna, Oxford/AstraZeneca, Pfizer/BioNTech",4282975,1813916,6096891
2021-06-08,"Johnson&Johnson, Moderna, Oxford/AstraZeneca, Pfizer/BioNTech",4346941,1868826,6215767
2021-06-09,"Johnson&Johnson, Moderna, Oxford/AstraZeneca, Pfizer/BioNTech",4406122,1933193,6339315
2021-06-10,"Johnson&Johnson, Moderna, Oxford/AstraZeneca, Pfizer/BioNTech",4459997,2004222,6464219
2021-06-11,"Johnson&Johnson, Moderna, Oxford/AstraZeneca, Pfizer/BioNTech",4512086,2073870,6585956
2021-06-12,"Johnson&Johnson, Moderna, Oxford/AstraZeneca, Pfizer/BioNTech",4544065,2094598,6638663
2021-06-13,"Johnson&Johnson, Moderna, Oxford/AstraZeneca, Pfizer/BioNTech",4568066,2112956,6681022
2021-06-14,"Johnson&Johnson, Moderna, Oxford/AstraZeneca, Pfizer/BioNTech",4611128,2187251,6798379
2021-06-15,"Johnson&Johnson, Moderna, Oxford/AstraZeneca, Pfizer/BioNTech",4655765,2259504,6915269
2021-06-16,"Johnson&Johnson, Moderna, Oxford/AstraZeneca, Pfizer/BioNTech",4698484,2337633,7036117
2021-06-17,"Johnson&Johnson, Moderna, Oxford/AstraZeneca, Pfizer/BioNTech",4737849,2420602,7158451
2021-06-18,"Johnson&Johnson, Moderna, Oxford/AstraZeneca, Pfizer/BioNTech",4780227,2501012,7281239
2021-06-19,"Johnson&Johnson, Moderna, Oxford/AstraZeneca, Pfizer/BioNTech",4801965,2530227,7332192
2021-06-20,"Johnson&Johnson, Moderna, Oxford/AstraZeneca, Pfizer/BioNTech",4819318,2553991,7373309
2021-06-21,"Johnson&Johnson, Moderna, Oxford/AstraZeneca, Pfizer/BioNTech",4851815,2632468,7484283
2021-06-22,"Johnson&Johnson, Moderna, Oxford/AstraZeneca, Pfizer/BioNTech",4884770,2714627,7599397
2021-06-23,"Johnson&Johnson, Moderna, Oxford/AstraZeneca, Pfizer/BioNTech",4916408,2799751,7716159
2021-06-24,"Johnson&Johnson, Moderna, Oxford/AstraZeneca, Pfizer/BioNTech",4946239,2889684,7835923
2021-06-25,"Johnson&Johnson, Moderna, Oxford/AstraZeneca, Pfizer/BioNTech",4977277,2975716,7952993
2021-06-26,"Johnson&Johnson, Moderna, Oxford/AstraZeneca, Pfizer/BioNTech",4993130,3010456,8003586
2021-06-27,"Johnson&Johnson, Moderna, Oxford/AstraZeneca, Pfizer/BioNTech",5007063,3037047,8044110
2021-06-28,"Johnson&Johnson, Moderna, Oxford/AstraZeneca, Pfizer/BioNTech",5035473,3122133,8157606
2021-06-29,"Johnson&Johnson, Moderna, Oxford/AstraZeneca, Pfizer/BioNTech",5064729,3208505,8273234
2021-06-30,"Johnson&Johnson, Moderna, Oxford/AstraZeneca, Pfizer/BioNTech",5092212,3299353,8391565
2021-07-01,"Johnson&Johnson, Moderna, Oxford/AstraZeneca, Pfizer/BioNTech",5116180,3389290,8505470
2021-07-02,"Johnson&Johnson, Moderna, Oxford/AstraZeneca, Pfizer/BioNTech",5142884,3475009,8617893
2021-07-03,"Johnson&Johnson, Moderna, Oxford/AstraZeneca, Pfizer/BioNTech",5149952,3506464,8656416
2021-07-04,"Johnson&Johnson, Moderna, Oxford/AstraZeneca, Pfizer/BioNTech",5157496,3528224,8685720
2021-07-05,"Johnson&Johnson, Moderna, Oxford/AstraZeneca, Pfizer/BioNTech",5164843,3553541,8718384
2021-07-06,"Johnson&Johnson, Moderna, Oxford/AstraZeneca, Pfizer/BioNTech",5170237,3581112,8751349
2021-07-07,"Johnson&Johnson, Moderna, Oxford/AstraZeneca, Pfizer/BioNTech",5196013,3659985,8855998
2021-07-08,"Johnson&Johnson, Moderna, Oxford/AstraZeneca, Pfizer/BioNTech",5222598,3730210,8952808
2021-07-09,"Johnson&Johnson, Moderna, Oxford/AstraZeneca, Pfizer/BioNTech",5250494,3799384,9049878
2021-07-10,"Johnson&Johnson, Moderna, Oxford/AstraZeneca, Pfizer/BioNTech",5259830,3827947,9087777
2021-07-11,"Johnson&Johnson, Moderna, Oxford/AstraZeneca, Pfizer/BioNTech",5268346,3850797,9119143
2021-07-12,"Johnson&Johnson, Moderna, Oxford/AstraZeneca, Pfizer/BioNTech",5295863,3919818,9215681
2021-07-13,"Johnson&Johnson, Moderna, Oxford/AstraZeneca, Pfizer/BioNTech",5322026,3989601,9311627
2021-07-14,"Johnson&Johnson, Moderna, Oxford/AstraZeneca, Pfizer/BioNTech",5347825,4061500,9409325
2021-07-15,"Johnson&Johnson, Moderna, Oxford/AstraZeneca, Pfizer/BioNTech",5376983,4127413,9504396
2021-07-16,"Johnson&Johnson, Moderna, Oxford/AstraZeneca, Pfizer/BioNTech",5404881,4200024,9604905
2021-07-17,"Johnson&Johnson, Moderna, Oxford/AstraZeneca, Pfizer/BioNTech",5413634,4231405,9645039
2021-07-18,"Johnson&Johnson, Moderna, Oxford/AstraZeneca, Pfizer/BioNTech",5422065,4257364,9679429
2021-07-19,"Johnson&Johnson, Moderna, Oxford/AstraZeneca, Pfizer/BioNTech",5445397,4324309,9769706
2021-07-20,"Johnson&Johnson, Moderna, Oxford/AstraZeneca, Pfizer/BioNTech",5466774,4391264,9858038
2021-07-21,"Johnson&Johnson, Moderna, Oxford/AstraZeneca, Pfizer/BioNTech",5490213,4454627,9944840
2021-07-22,"Johnson&Johnson, Moderna, Oxford/AstraZeneca, Pfizer/BioNTech",5512554,4513160,10025714
2021-07-23,"Johnson&Johnson, Moderna, Oxford/AstraZeneca, Pfizer/BioNTech",5535726,4567802,10103528
2021-07-24,"Johnson&Johnson, Moderna, Oxford/AstraZeneca, Pfizer/BioNTech",5543027,4595405,10138432
2021-07-25,"Johnson&Johnson, Moderna, Oxford/AstraZeneca, Pfizer/BioNTech",5549626,4617487,10167113
2021-07-26,"Johnson&Johnson, Moderna, Oxford/AstraZeneca, Pfizer/BioNTech",5573133,4666052,10239185
2021-07-27,"Johnson&Johnson, Moderna, Oxford/AstraZeneca, Pfizer/BioNTech",5595848,4712592,10308440
2021-07-28,"Johnson&Johnson, Moderna, Oxford/AstraZeneca, Pfizer/BioNTech",5617071,4758473,10375544
2021-07-29,"Johnson&Johnson, Moderna, Oxford/AstraZeneca, Pfizer/BioNTech",5638368,4800325,10438693
2021-07-30,"Johnson&Johnson, Moderna, Oxford/AstraZeneca, Pfizer/BioNTech",5661627,4842785,10504412
2021-07-31,"Johnson&Johnson, Moderna, Oxford/AstraZeneca, Pfizer/BioNTech",5670541,4862275,10532816
2021-08-01,"Johnson&Johnson, Moderna, Oxford/AstraZeneca, Pfizer/BioNTech",5677249,4878403,10555652
2021-08-02,"Johnson&Johnson, Moderna, Oxford/AstraZeneca, Pfizer/BioNTech",5695855,4915878,10611733
2021-08-03,"Johnson&Johnson, Moderna, Oxford/AstraZeneca, Pfizer/BioNTech",5713467,4953899,10667366
2021-08-04,"Johnson&Johnson, Moderna, Oxford/AstraZeneca, Pfizer/BioNTech",5729535,4990540,10720075
2021-08-05,"Johnson&Johnson, Moderna, Oxford/AstraZeneca, Pfizer/BioNTech",5745538,5030921,10776459
2021-08-06,"Johnson&Johnson, Moderna, Oxford/AstraZeneca, Pfizer/BioNTech",5762304,5074113,10836417
2021-08-07,"Johnson&Johnson, Moderna, Oxford/AstraZeneca, Pfizer/BioNTech",5767882,5092233,10860115
2021-08-08,"Johnson&Johnson, Moderna, Oxford/AstraZeneca, Pfizer/BioNTech",5772227,5107952,10880179
2021-08-09,"Johnson&Johnson, Moderna, Oxford/AstraZeneca, Pfizer/BioNTech",5784855,5152940,10937795
2021-08-10,"Johnson&Johnson, Moderna, Oxford/AstraZeneca, Pfizer/BioNTech",5796669,5192440,10989109
2021-08-11,"Johnson&Johnson, Moderna, Oxford/AstraZeneca, Pfizer/BioNTech",5808014,5235510,11043524
2021-08-12,"Johnson&Johnson, Moderna, Oxford/AstraZeneca, Pfizer/BioNTech",5819409,5272572,11091981
2021-08-13,"Johnson&Johnson, Moderna, Oxford/AstraZeneca, Pfizer/BioNTech",5830093,5312825,11142918
2021-08-14,"Johnson&Johnson, Moderna, Oxford/AstraZeneca, Pfizer/BioNTech",5833425,5323496,11156921
2021-08-15,"Johnson&Johnson, Moderna, Oxford/AstraZeneca, Pfizer/BioNTech",5835998,5333846,11169844
2021-08-16,"Johnson&Johnson, Moderna, Oxford/AstraZeneca, Pfizer/BioNTech",5845764,5367853,11213617
2021-08-17,"Johnson&Johnson, Moderna, Oxford/AstraZeneca, Pfizer/BioNTech",5855342,5394897,11250239
2021-08-18,"Johnson&Johnson, Moderna, Oxford/AstraZeneca, Pfizer/BioNTech",5864703,5433711,11298414
2021-08-19,"Johnson&Johnson, Moderna, Oxford/AstraZeneca, Pfizer/BioNTech",5874357,5472010,11346367
2021-08-20,"Johnson&Johnson, Moderna, Oxford/AstraZeneca, Pfizer/BioNTech",5885691,5512142,11397833
2021-08-21,"Johnson&Johnson, Moderna, Oxford/AstraZeneca, Pfizer/BioNTech",5888398,5524871,11413269
2021-08-22,"Johnson&Johnson, Moderna, Oxford/AstraZeneca, Pfizer/BioNTech",5890731,5536819,11427550
2021-08-23,"Johnson&Johnson, Moderna, Oxford/AstraZeneca, Pfizer/BioNTech",5901249,5576013,11477262
2021-08-24,"Johnson&Johnson, Moderna, Oxford/AstraZeneca, Pfizer/BioNTech",5911105,5609209,11520314
2021-08-25,"Johnson&Johnson, Moderna, Oxford/AstraZeneca, Pfizer/BioNTech",5919949,5637518,11557467
2021-08-26,"Johnson&Johnson, Moderna, Oxford/AstraZeneca, Pfizer/BioNTech",5928372,5663596,11591968
2021-08-27,"Johnson&Johnson, Moderna, Oxford/AstraZeneca, Pfizer/BioNTech",5938674,5689498,11628172
2021-08-28,"Johnson&Johnson, Moderna, Oxford/AstraZeneca, Pfizer/BioNTech",5941386,5696515,11637901
2021-08-29,"Johnson&Johnson, Moderna, Oxford/AstraZeneca, Pfizer/BioNTech",5943785,5703119,11646904
2021-08-30,"Johnson&Johnson, Moderna, Oxford/AstraZeneca, Pfizer/BioNTech",5952288,5724938,11677226
2021-08-31,"Johnson&Johnson, Moderna, Oxford/AstraZeneca, Pfizer/BioNTech",5959935,5742978,11702913
2021-09-01,"Johnson&Johnson, Moderna, Oxford/AstraZeneca, Pfizer/BioNTech",5965804,5756935,11722739
2021-09-02,"Johnson&Johnson, Moderna, Oxford/AstraZeneca, Pfizer/BioNTech",5972597,5771273,11743870
2021-09-03,"Johnson&Johnson, Moderna, Oxford/AstraZeneca, Pfizer/BioNTech",5982099,5786916,11769015
2021-09-04,"Johnson&Johnson, Moderna, Oxford/AstraZeneca, Pfizer/BioNTech",5984152,5790455,11774607
2021-09-05,"Johnson&Johnson, Moderna, Oxford/AstraZeneca, Pfizer/BioNTech",5986180,5793282,11779462
2021-09-06,"Johnson&Johnson, Moderna, Oxford/AstraZeneca, Pfizer/BioNTech",5992349,5805765,11798114
2021-09-07,"Johnson&Johnson, Moderna, Oxford/AstraZeneca, Pfizer/BioNTech",5996700,5816833,11813533
2021-09-08,"Johnson&Johnson, Moderna, Oxford/AstraZeneca, Pfizer/BioNTech",6002341,5826648,11828989
2021-09-09,"Johnson&Johnson, Moderna, Oxford/AstraZeneca, Pfizer/BioNTech",6008985,5836691,11845676
2021-09-10,"Johnson&Johnson, Moderna, Oxford/AstraZeneca, Pfizer/BioNTech",6016629,5848837,11865466
2021-09-11,"Johnson&Johnson, Moderna, Pfizer/BioNTech",6018483,5851301,11869784
2021-09-12,"Johnson&Johnson, Moderna, Oxford/AstraZeneca, Pfizer/BioNTech",6019595,5852920,11872515
2021-09-13,"Johnson&Johnson, Moderna, Oxford/AstraZeneca, Pfizer/BioNTech",6025006,5863166,11888172
2021-09-14,"Johnson&Johnson, Moderna, Oxford/AstraZeneca, Pfizer/BioNTech",6030367,5872155,11902522
2021-09-15,"Johnson&Johnson, Moderna, Oxford/AstraZeneca, Pfizer/BioNTech",6035545,5880660,11916205
2021-09-16,"Johnson&Johnson, Moderna, Oxford/AstraZeneca, Pfizer/BioNTech",6040818,5888904,11929722
2021-09-17,"Johnson&Johnson, Moderna, Oxford/AstraZeneca, Pfizer/BioNTech",6047356,5899092,11946448
2021-09-18,"Johnson&Johnson, Moderna, Pfizer/BioNTech",6049076,5901431,11950507
2021-09-19,"Johnson&Johnson, Moderna, Oxford/AstraZeneca, Pfizer/BioNTech",6050014,5902991,11953005
2021-09-20,"Johnson&Johnson, Moderna, Oxford/AstraZeneca, Pfizer/BioNTech",6053992,5911160,11965152
2021-09-21,"Johnson&Johnson, Moderna, Oxford/AstraZeneca, Pfizer/BioNTech",6058115,5918670,11976785
2021-09-22,"Johnson&Johnson, Moderna, Oxford/AstraZeneca, Pfizer/BioNTech",6062261,5924170,11986431
2021-09-23,"Johnson&Johnson, Moderna, Oxford/AstraZeneca, Pfizer/BioNTech",6067215,5930562,11997777
2021-09-24,"Johnson&Johnson, Moderna, Oxford/AstraZeneca, Pfizer/BioNTech",6072947,5940159,12013106
2021-09-25,"Johnson&Johnson, Moderna, Pfizer/BioNTech",6074433,5942134,12016567
2021-09-26,"Johnson&Johnson, Moderna, Pfizer/BioNTech",6075168,5943753,12018921
2021-09-27,"Johnson&Johnson, Moderna, Oxford/AstraZeneca, Pfizer/BioNTech",6078972,5950220,12029192
2021-09-28,"Johnson&Johnson, Moderna, Pfizer/BioNTech",6079301,5950815,12030116
2021-09-29,"Johnson&Johnson, Moderna, Oxford/AstraZeneca, Pfizer/BioNTech",6083034,5958234,12041268
2021-09-30,"Johnson&Johnson, Moderna, Oxford/AstraZeneca, Pfizer/BioNTech",6087404,5965887,12053291
2021-10-01,"Johnson&Johnson, Moderna, Oxford/AstraZeneca, Pfizer/BioNTech",6091620,5973823,12065443
2021-10-02,"Johnson&Johnson, Moderna, Pfizer/BioNTech",6092659,5975350,12068009
2021-10-03,"Johnson&Johnson, Moderna, Pfizer/BioNTech",6093362,5976211,12069573
2021-10-04,"Johnson&Johnson, Moderna, Oxford/AstraZeneca, Pfizer/BioNTech",6096357,5981756,12078113
2021-10-05,"Johnson&Johnson, Moderna, Oxford/AstraZeneca, Pfizer/BioNTech",6099402,5986801,12086203
2021-10-06,"Johnson&Johnson, Moderna, Oxford/AstraZeneca, Pfizer/BioNTech",6102845,5991940,12094785
2021-10-07,"Johnson&Johnson, Moderna, Oxford/AstraZeneca, Pfizer/BioNTech",6106018,5997128,12103146
2021-10-08,"Johnson&Johnson, Moderna, Oxford/AstraZeneca, Pfizer/BioNTech",6110731,6003704,12114435
2021-10-09,"Johnson&Johnson, Moderna, Pfizer/BioNTech",6111961,6005346,12117307
2021-10-10,"Johnson&Johnson, Moderna, Pfizer/BioNTech",6112890,6006173,12119063
2021-10-11,"Johnson&Johnson, Moderna, Oxford/AstraZeneca, Pfizer/BioNTech",6115730,6010528,12126258
2021-10-12,"Johnson&Johnson, Moderna, Oxford/AstraZeneca, Pfizer/BioNTech",6118439,6014442,12132881
2021-10-13,"Johnson&Johnson, Moderna, Oxford/AstraZeneca, Pfizer/BioNTech",6121849,6018567,12140416
2021-10-14,"Johnson&Johnson, Moderna, Oxford/AstraZeneca, Pfizer/BioNTech",6125399,6023498,12148897
2021-10-15,"Johnson&Johnson, Moderna, Oxford/AstraZeneca, Pfizer/BioNTech",6130491,6029617,12160108
2021-10-16,"Johnson&Johnson, Moderna, Pfizer/BioNTech",6131860,6031127,12162987
2021-10-17,"Johnson&Johnson, Moderna, Pfizer/BioNTech",6133174,6032176,12165350
2021-10-18,"Johnson&Johnson, Moderna, Oxford/AstraZeneca, Pfizer/BioNTech",6137135,6036213,12173348
2021-10-19,"Johnson&Johnson, Moderna, Oxford/AstraZeneca, Pfizer/BioNTech",6140597,6038282,12178879
2021-10-20,"Johnson&Johnson, Moderna, Oxford/AstraZeneca, Pfizer/BioNTech",6145371,6042692,12188063
2021-10-21,"Johnson&Johnson, Moderna, Oxford/AstraZeneca, Pfizer/BioNTech",6152925,6048167,12201092
2021-10-22,"Johnson&Johnson, Moderna, Oxford/AstraZeneca, Pfizer/BioNTech",6163244,6054634,12217878
2021-10-23,"Johnson&Johnson, Moderna, Pfizer/BioNTech",6166871,6056827,12223698
2021-10-24,"Johnson&Johnson, Moderna, Pfizer/BioNTech",6169545,6058597,12228142
2021-10-25,"Johnson&Johnson, Moderna, Oxford/AstraZeneca, Pfizer/BioNTech",6179804,6064311,12244115
2021-10-26,"Johnson&Johnson, Moderna, Oxford/AstraZeneca, Pfizer/BioNTech",6191398,6070738,12262136
2021-10-27,"Johnson&Johnson, Moderna, Oxford/AstraZeneca, Pfizer/BioNTech",6205730,6078054,12283784
2021-10-28,"Johnson&Johnson, Moderna, Pfizer/BioNTech",6209059,6079684,12288743
2021-10-29,"Johnson&Johnson, Moderna, Oxford/AstraZeneca, Pfizer/BioNTech",6223187,6087500,12310687
2021-10-30,"Johnson&Johnson, Moderna, Pfizer/BioNTech",6227438,6090175,12317613
2021-10-31,"Johnson&Johnson, Moderna, Oxford/AstraZeneca, Pfizer/BioNTech",6230963,6092435,12323398
2021-11-01,"Johnson&Johnson, Moderna, Oxford/AstraZeneca, Pfizer/BioNTech",6245692,6099883,12345575
2021-11-02,"Johnson&Johnson, Moderna, Oxford/AstraZeneca, Pfizer/BioNTech",6260608,6107053,12367661
2021-11-03,"Johnson&Johnson, Moderna, Oxford/AstraZeneca, Pfizer/BioNTech",6277035,6113773,12390808
2021-11-04,"Johnson&Johnson, Moderna, Oxford/AstraZeneca, Pfizer/BioNTech",6294763,6121623,12416386
2021-11-05,"Johnson&Johnson, Moderna, Oxford/AstraZeneca, Pfizer/BioNTech",6316118,6131893,12448011
2021-11-06,"Johnson&Johnson, Moderna, Oxford/AstraZeneca, Pfizer/BioNTech",6321864,6134276,12456140
2021-11-07,"Johnson&Johnson, Moderna, Oxford/AstraZeneca, Pfizer/BioNTech",6325185,6136089,12461274
