date,vaccine,people_vaccinated,people_fully_vaccinated,total_vaccinations
2020-12-27,Pfizer/BioNTech,1286,0,1286
2020-12-28,Pfizer/BioNTech,3589,0,3589
2020-12-29,Pfizer/BioNTech,7059,1,7060
2020-12-30,Pfizer/BioNTech,10576,1,10577
2020-12-31,Pfizer/BioNTech,11887,1,11888
2021-01-01,"Moderna, Pfizer/BioNTech",12156,1,12157
2021-01-02,"Moderna, Pfizer/BioNTech",13439,2,13441
2021-01-03,"Moderna, Pfizer/BioNTech",14366,2,14368
2021-01-04,"Moderna, Pfizer/BioNTech",17974,2,17976
2021-01-05,"Moderna, Pfizer/BioNTech",22498,3,22501
2021-01-06,"Moderna, Pfizer/BioNTech",28344,4,28348
2021-01-07,"Moderna, Pfizer/BioNTech",36342,4,36346
2021-01-08,"Moderna, Pfizer/BioNTech",46393,5,46398
2021-01-09,"Moderna, Pfizer/BioNTech",48419,7,48426
2021-01-10,Pfizer/BioNTech,50191,9,50200
2021-01-11,"Moderna, Pfizer/BioNTech",60048,11,60059
2021-01-12,"Moderna, Pfizer/BioNTech",73504,13,73517
2021-01-13,"Moderna, Pfizer/BioNTech",87050,13,87063
2021-01-14,"Moderna, Pfizer/BioNTech",102303,17,102320
2021-01-15,"Moderna, Pfizer/BioNTech",116323,18,116341
2021-01-16,"Moderna, Pfizer/BioNTech",119727,22,119749
2021-01-17,"Moderna, Pfizer/BioNTech",122348,657,123005
2021-01-18,"Moderna, Pfizer/BioNTech",134842,2484,137326
2021-01-19,"Moderna, Pfizer/BioNTech",147453,5213,152666
2021-01-20,"Moderna, Pfizer/BioNTech",161151,7878,169029
2021-01-21,"Moderna, Pfizer/BioNTech",176804,9620,186424
2021-01-22,"Moderna, Pfizer/BioNTech",191696,10664,202360
2021-01-23,"Moderna, Pfizer/BioNTech",195014,11541,206555
2021-01-24,"Moderna, Pfizer/BioNTech",197270,12412,209682
2021-01-25,"Moderna, Pfizer/BioNTech",206925,15382,222307
2021-01-26,"Moderna, Pfizer/BioNTech",217472,19373,236845
2021-01-27,"Moderna, Pfizer/BioNTech",226504,23908,250412
2021-01-28,"Moderna, Pfizer/BioNTech",233610,30040,263650
2021-01-29,"Moderna, Pfizer/BioNTech",239825,37947,277772
2021-01-30,"Moderna, Pfizer/BioNTech",240566,39035,279601
2021-01-31,"Moderna, Pfizer/BioNTech",241285,40217,281502
2021-02-01,"Moderna, Pfizer/BioNTech",245269,48187,293456
2021-02-02,"Moderna, Pfizer/BioNTech",249422,58427,307849
2021-02-03,"Moderna, Pfizer/BioNTech",253849,69447,323296
2021-02-04,"Moderna, Pfizer/BioNTech",258756,82440,341196
2021-02-05,"Moderna, Pfizer/BioNTech",264232,93114,357346
2021-02-06,"Moderna, Oxford/AstraZeneca, Pfizer/BioNTech",265089,95479,360568
2021-02-07,"Moderna, Oxford/AstraZeneca, Pfizer/BioNTech",265940,97979,363919
2021-02-08,"Moderna, Oxford/AstraZeneca, Pfizer/BioNTech",270033,109410,379443
2021-02-09,"Moderna, Oxford/AstraZeneca, Pfizer/BioNTech",275141,121323,396464
2021-02-10,"Moderna, Oxford/AstraZeneca, Pfizer/BioNTech",280660,134584,415244
2021-02-11,"Moderna, Oxford/AstraZeneca, Pfizer/BioNTech",287002,150804,437806
2021-02-12,"Moderna, Oxford/AstraZeneca, Pfizer/BioNTech",293830,165552,459382
2021-02-13,"Moderna, Oxford/AstraZeneca, Pfizer/BioNTech",295448,168539,463987
2021-02-14,"Moderna, Oxford/AstraZeneca, Pfizer/BioNTech",296454,169925,466379
2021-02-15,"Moderna, Oxford/AstraZeneca, Pfizer/BioNTech",302854,179296,482150
2021-02-16,"Moderna, Oxford/AstraZeneca, Pfizer/BioNTech",311575,188377,499952
2021-02-17,"Moderna, Oxford/AstraZeneca, Pfizer/BioNTech",321278,196688,517966
2021-02-18,"Moderna, Oxford/AstraZeneca, Pfizer/BioNTech",333607,204771,538378
2021-02-19,"Moderna, Oxford/AstraZeneca, Pfizer/BioNTech",345473,212147,557620
2021-02-20,"Moderna, Oxford/AstraZeneca, Pfizer/BioNTech",347483,213333,560816
2021-02-21,"Moderna, Oxford/AstraZeneca, Pfizer/BioNTech",348620,214359,562979
2021-02-22,"Moderna, Oxford/AstraZeneca, Pfizer/BioNTech",358747,220397,579144
2021-02-23,"Moderna, Oxford/AstraZeneca, Pfizer/BioNTech",371712,227388,599100
2021-02-24,"Moderna, Oxford/AstraZeneca, Pfizer/BioNTech",385596,233431,619027
2021-02-25,"Moderna, Oxford/AstraZeneca, Pfizer/BioNTech",403580,238982,642562
2021-02-26,"Moderna, Oxford/AstraZeneca, Pfizer/BioNTech",419763,244342,664105
2021-02-27,"Moderna, Oxford/AstraZeneca, Pfizer/BioNTech",422772,244901,667673
2021-02-28,"Moderna, Oxford/AstraZeneca, Pfizer/BioNTech",425130,245452,670582
2021-03-01,"Moderna, Oxford/AstraZeneca, Pfizer/BioNTech",444730,248901,693631
2021-03-02,"Moderna, Oxford/AstraZeneca, Pfizer/BioNTech",471957,252451,724408
2021-03-03,"Moderna, Oxford/AstraZeneca, Pfizer/BioNTech",502915,256962,759877
2021-03-04,"Moderna, Oxford/AstraZeneca, Pfizer/BioNTech",536199,261653,797852
2021-03-05,"Johnson&Johnson, Moderna, Oxford/AstraZeneca, Pfizer/BioNTech",565043,267082,832125
2021-03-06,"Johnson&Johnson, Moderna, Oxford/AstraZeneca, Pfizer/BioNTech",577203,267948,845151
2021-03-07,"Johnson&Johnson, Moderna, Oxford/AstraZeneca, Pfizer/BioNTech",588752,268791,857543
2021-03-08,"Johnson&Johnson, Moderna, Oxford/AstraZeneca, Pfizer/BioNTech",618502,273654,892156
2021-03-09,"Johnson&Johnson, Moderna, Oxford/AstraZeneca, Pfizer/BioNTech",654875,280042,934917
2021-03-10,"Johnson&Johnson, Moderna, Oxford/AstraZeneca, Pfizer/BioNTech",696210,287003,983213
2021-03-11,"Johnson&Johnson, Moderna, Oxford/AstraZeneca, Pfizer/BioNTech",741067,295378,1036445
2021-03-12,"Johnson&Johnson, Moderna, Oxford/AstraZeneca, Pfizer/BioNTech, Čína",779831,303878,1083709
2021-03-13,"Johnson&Johnson, Moderna, Oxford/AstraZeneca, Pfizer/BioNTech",796942,305193,1102135
2021-03-14,"Johnson&Johnson, Moderna, Oxford/AstraZeneca, Pfizer/BioNTech",809059,306349,1115408
2021-03-15,"Johnson&Johnson, Moderna, Oxford/AstraZeneca, Pfizer/BioNTech",837457,315131,1152588
2021-03-16,"Johnson&Johnson, Moderna, Oxford/AstraZeneca, Pfizer/BioNTech",876354,325668,1202022
2021-03-17,"Moderna, Oxford/AstraZeneca, Pfizer/BioNTech",913841,336183,1250024
2021-03-18,"Johnson&Johnson, Moderna, Oxford/AstraZeneca, Pfizer/BioNTech",951849,348609,1300458
2021-03-19,"Johnson&Johnson, Moderna, Oxford/AstraZeneca, Pfizer/BioNTech",986370,362224,1348594
2021-03-20,"Johnson&Johnson, Moderna, Oxford/AstraZeneca, Pfizer/BioNTech",1001555,364254,1365809
2021-03-21,"Johnson&Johnson, Moderna, Oxford/AstraZeneca, Pfizer/BioNTech",1009004,365814,1374818
2021-03-22,"Johnson&Johnson, Moderna, Oxford/AstraZeneca, Pfizer/BioNTech",1033581,378316,1411897
2021-03-23,"Johnson&Johnson, Moderna, Oxford/AstraZeneca, Pfizer/BioNTech",1060257,391683,1451940
2021-03-24,"Johnson&Johnson, Moderna, Oxford/AstraZeneca, Pfizer/BioNTech",1087152,407429,1494581
2021-03-25,"Johnson&Johnson, Moderna, Oxford/AstraZeneca, Pfizer/BioNTech",1113512,425284,1538796
2021-03-26,"Johnson&Johnson, Moderna, Oxford/AstraZeneca, Pfizer/BioNTech",1138354,442798,1581152
2021-03-27,"Johnson&Johnson, Moderna, Oxford/AstraZeneca, Pfizer/BioNTech",1146816,447644,1594460
2021-03-28,"Moderna, Oxford/AstraZeneca, Pfizer/BioNTech",1152364,451792,1604156
2021-03-29,"Johnson&Johnson, Moderna, Oxford/AstraZeneca, Pfizer/BioNTech",1171526,472529,1644055
2021-03-30,"Johnson&Johnson, Moderna, Oxford/AstraZeneca, Pfizer/BioNTech",1196236,494716,1690952
2021-03-31,"Johnson&Johnson, Moderna, Oxford/AstraZeneca, Pfizer/BioNTech",1219393,521785,1741178
2021-04-01,"Johnson&Johnson, Moderna, Oxford/AstraZeneca, Pfizer/BioNTech",1245082,553842,1798924
2021-04-02,"Johnson&Johnson, Moderna, Oxford/AstraZeneca, Pfizer/BioNTech",1252066,566640,1818706
2021-04-03,"Johnson&Johnson, Moderna, Oxford/AstraZeneca, Pfizer/BioNTech",1255720,577572,1833292
2021-04-04,"Johnson&Johnson, Moderna, Oxford/AstraZeneca, Pfizer/BioNTech",1258264,586495,1844759
2021-04-05,"Johnson&Johnson, Moderna, Oxford/AstraZeneca, Pfizer/BioNTech",1260697,593701,1854398
2021-04-06,"Johnson&Johnson, Moderna, Oxford/AstraZeneca, Pfizer/BioNTech, Čína",1276914,622977,1899891
2021-04-07,"Johnson&Johnson, Moderna, Oxford/AstraZeneca, Pfizer/BioNTech",1300418,645218,1945636
2021-04-08,"Johnson&Johnson, Moderna, Oxford/AstraZeneca, Pfizer/BioNTech",1339239,676266,2015505
2021-04-09,"Johnson&Johnson, Moderna, Oxford/AstraZeneca, Pfizer/BioNTech",1378838,706466,2085304
2021-04-10,"Johnson&Johnson, Moderna, Oxford/AstraZeneca, Pfizer/BioNTech",1394406,721779,2116185
2021-04-11,"Johnson&Johnson, Moderna, Oxford/AstraZeneca, Pfizer/BioNTech",1404202,731837,2136039
2021-04-12,"Johnson&Johnson, Moderna, Oxford/AstraZeneca, Pfizer/BioNTech",1442525,756983,2199508
2021-04-13,"Moderna, Oxford/AstraZeneca, Pfizer/BioNTech",1478834,783025,2261859
2021-04-14,"Moderna, Oxford/AstraZeneca, Pfizer/BioNTech",1517723,810402,2328125
2021-04-15,"Moderna, Oxford/AstraZeneca, Pfizer/BioNTech",1565561,836184,2401745
2021-04-16,"Moderna, Oxford/AstraZeneca, Pfizer/BioNTech",1610279,861866,2472145
2021-04-17,"Indie/AstraZeneca, Moderna, Oxford/AstraZeneca, Pfizer/BioNTech",1627006,870893,2497899
2021-04-18,"Moderna, Oxford/AstraZeneca, Pfizer/BioNTech",1640006,875879,2515885
2021-04-19,"Johnson&Johnson, Moderna, Oxford/AstraZeneca, Pfizer/BioNTech",1683982,891323,2575305
2021-04-20,"Johnson&Johnson, Moderna, Oxford/AstraZeneca, Pfizer/BioNTech",1726571,907213,2633784
2021-04-21,"Moderna, Oxford/AstraZeneca, Pfizer/BioNTech",1774336,921583,2695919
2021-04-22,"Johnson&Johnson, Moderna, Oxford/AstraZeneca, Pfizer/BioNTech",1828867,938983,2767850
2021-04-23,"Johnson&Johnson, Moderna, Oxford/AstraZeneca, Pfizer/BioNTech",1878880,951050,2829930
2021-04-24,"Johnson&Johnson, Moderna, Oxford/AstraZeneca, Pfizer/BioNTech",1896758,956317,2853075
2021-04-25,"Johnson&Johnson, Moderna, Oxford/AstraZeneca, Pfizer/BioNTech",1911472,960321,2871793
2021-04-26,"Johnson&Johnson, Moderna, Oxford/AstraZeneca, Pfizer/BioNTech",1961087,967891,2928978
2021-04-27,"Johnson&Johnson, Moderna, Oxford/AstraZeneca, Pfizer/BioNTech",2010079,980147,2990226
2021-04-28,"Johnson&Johnson, Moderna, Oxford/AstraZeneca, Pfizer/BioNTech",2068860,994171,3063031
2021-04-29,"Johnson&Johnson, Moderna, Oxford/AstraZeneca, Pfizer/BioNTech",2134481,1010093,3144574
2021-04-30,"Johnson&Johnson, Moderna, Oxford/AstraZeneca, Pfizer/BioNTech",2196777,1020090,3216867
2021-05-01,"Johnson&Johnson, Moderna, Oxford/AstraZeneca, Pfizer/BioNTech",2216170,1023555,3239725
2021-05-02,"Johnson&Johnson, Moderna, Oxford/AstraZeneca, Pfizer/BioNTech",2235122,1025846,3260968
2021-05-03,"Johnson&Johnson, Moderna, Oxford/AstraZeneca, Pfizer/BioNTech",2302400,1030930,3333330
2021-05-04,"Johnson&Johnson, Moderna, Oxford/AstraZeneca, Pfizer/BioNTech",2368961,1039301,3408262
2021-05-05,"Johnson&Johnson, Moderna, Oxford/AstraZeneca, Pfizer/BioNTech",2442172,1048749,3490921
2021-05-06,"Johnson&Johnson, Moderna, Oxford/AstraZeneca, Pfizer/BioNTech",2522618,1059501,3582119
2021-05-07,"Johnson&Johnson, Moderna, Oxford/AstraZeneca, Pfizer/BioNTech",2599957,1069647,3669604
2021-05-08,"Johnson&Johnson, Moderna, Oxford/AstraZeneca, Pfizer/BioNTech",2629498,1071440,3700938
2021-05-09,"Johnson&Johnson, Moderna, Oxford/AstraZeneca, Pfizer/BioNTech",2653740,1072664,3726404
2021-05-10,"Johnson&Johnson, Moderna, Oxford/AstraZeneca, Pfizer/BioNTech",2726540,1079911,3806451
2021-05-11,"Johnson&Johnson, Moderna, Oxford/AstraZeneca, Pfizer/BioNTech",2802693,1088743,3891436
2021-05-12,"Johnson&Johnson, Moderna, Oxford/AstraZeneca, Pfizer/BioNTech",2882641,1097891,3980532
2021-05-13,"Johnson&Johnson, Moderna, Oxford/AstraZeneca, Pfizer/BioNTech",2966696,1107084,4073780
2021-05-14,"Johnson&Johnson, Moderna, Oxford/AstraZeneca, Pfizer/BioNTech",3046254,1114912,4161166
2021-05-15,"Johnson&Johnson, Moderna, Oxford/AstraZeneca, Pfizer/BioNTech",3078222,1117199,4195421
2021-05-16,"Johnson&Johnson, Moderna, Oxford/AstraZeneca, Pfizer/BioNTech",3104039,1118486,4222525
2021-05-17,"Indie/AstraZeneca, Johnson&Johnson, Moderna, Oxford/AstraZeneca, Pfizer/BioNTech",3176582,1125244,4301826
2021-05-18,"Indie/AstraZeneca, Johnson&Johnson, Moderna, Oxford/AstraZeneca, Pfizer/BioNTech",3248578,1138369,4386947
2021-05-19,"Johnson&Johnson, Moderna, Oxford/AstraZeneca, Pfizer/BioNTech",3326080,1153544,4479624
2021-05-20,"Johnson&Johnson, Moderna, Oxford/AstraZeneca, Pfizer/BioNTech",3401579,1180617,4582196
2021-05-21,"Johnson&Johnson, Moderna, Oxford/AstraZeneca, Pfizer/BioNTech",3470438,1208427,4678865
2021-05-22,"Johnson&Johnson, Moderna, Oxford/AstraZeneca, Pfizer/BioNTech",3502916,1219672,4722588
2021-05-23,"Johnson&Johnson, Moderna, Oxford/AstraZeneca, Pfizer/BioNTech",3525367,1228715,4754082
2021-05-24,"Johnson&Johnson, Moderna, Oxford/AstraZeneca, Pfizer/BioNTech",3572585,1262395,4834980
2021-05-25,"Johnson&Johnson, Moderna, Oxford/AstraZeneca, Pfizer/BioNTech",3624508,1298244,4922752
2021-05-26,"Johnson&Johnson, Moderna, Oxford/AstraZeneca, Pfizer/BioNTech",3692281,1335809,5028090
2021-05-27,"Indie/AstraZeneca, Johnson&Johnson, Moderna, Oxford/AstraZeneca, Pfizer/BioNTech",3753719,1383179,5136898
2021-05-28,"Johnson&Johnson, Moderna, Oxford/AstraZeneca, Pfizer/BioNTech",3815475,1429794,5245269
2021-05-29,"Johnson&Johnson, Moderna, Oxford/AstraZeneca, Pfizer/BioNTech",3844750,1446941,5291691
2021-05-30,"Johnson&Johnson, Moderna, Oxford/AstraZeneca, Pfizer/BioNTech, Čína",3867170,1461414,5328584
2021-05-31,"Indie/AstraZeneca, Johnson&Johnson, Moderna, Oxford/AstraZeneca, Pfizer/BioNTech",3922922,1508950,5431872
2021-06-01,"Johnson&Johnson, Moderna, Oxford/AstraZeneca, Pfizer/BioNTech",3982041,1557844,5539885
2021-06-02,"Johnson&Johnson, Moderna, Oxford/AstraZeneca, Pfizer/BioNTech",4045024,1611883,5656907
2021-06-03,"Johnson&Johnson, Moderna, Oxford/AstraZeneca, Pfizer/BioNTech",4103290,1672134,5775424
2021-06-04,"Johnson&Johnson, Moderna, Oxford/AstraZeneca, Pfizer/BioNTech",4166441,1729575,5896016
2021-06-05,"Johnson&Johnson, Moderna, Oxford/AstraZeneca, Pfizer/BioNTech",4200635,1748509,5949144
2021-06-06,"Johnson&Johnson, Moderna, Oxford/AstraZeneca, Pfizer/BioNTech",4227598,1763690,5991288
2021-06-07,"Johnson&Johnson, Moderna, Oxford/AstraZeneca, Pfizer/BioNTech",4291304,1819348,6110652
2021-06-08,"Johnson&Johnson, Moderna, Oxford/AstraZeneca, Pfizer/BioNTech",4355322,1874379,6229701
2021-06-09,"Johnson&Johnson, Moderna, Oxford/AstraZeneca, Pfizer/BioNTech",4414547,1939081,6353628
2021-06-10,"Johnson&Johnson, Moderna, Oxford/AstraZeneca, Pfizer/BioNTech",4468415,2010411,6478826
2021-06-11,"Johnson&Johnson, Moderna, Oxford/AstraZeneca, Pfizer/BioNTech",4520551,2080270,6600821
2021-06-12,"Johnson&Johnson, Moderna, Oxford/AstraZeneca, Pfizer/BioNTech",4552585,2101134,6653719
2021-06-13,"Johnson&Johnson, Moderna, Oxford/AstraZeneca, Pfizer/BioNTech",4576629,2119579,6696208
2021-06-14,"Johnson&Johnson, Moderna, Oxford/AstraZeneca, Pfizer/BioNTech",4619731,2194000,6813731
2021-06-15,"Johnson&Johnson, Moderna, Oxford/AstraZeneca, Pfizer/BioNTech",4664417,2266414,6930831
2021-06-16,"Johnson&Johnson, Moderna, Oxford/AstraZeneca, Pfizer/BioNTech",4707245,2344670,7051915
2021-06-17,"Johnson&Johnson, Moderna, Oxford/AstraZeneca, Pfizer/BioNTech",4746689,2427795,7174484
2021-06-18,"Johnson&Johnson, Moderna, Oxford/AstraZeneca, Pfizer/BioNTech",4789139,2508407,7297546
2021-06-19,"Johnson&Johnson, Moderna, Oxford/AstraZeneca, Pfizer/BioNTech",4810940,2537761,7348701
2021-06-20,"Johnson&Johnson, Moderna, Oxford/AstraZeneca, Pfizer/BioNTech",4828354,2561648,7390002
2021-06-21,"Johnson&Johnson, Moderna, Oxford/AstraZeneca, Pfizer/BioNTech, Čína",4860874,2640291,7501165
2021-06-22,"Johnson&Johnson, Moderna, Oxford/AstraZeneca, Pfizer/BioNTech",4893862,2722643,7616505
2021-06-23,"Johnson&Johnson, Moderna, Oxford/AstraZeneca, Pfizer/BioNTech",4925595,2807916,7733511
2021-06-24,"Johnson&Johnson, Moderna, Oxford/AstraZeneca, Pfizer/BioNTech",4955474,2898001,7853475
2021-06-25,"Johnson&Johnson, Moderna, Oxford/AstraZeneca, Pfizer/BioNTech",4986576,2984266,7970842
2021-06-26,"Johnson&Johnson, Moderna, Oxford/AstraZeneca, Pfizer/BioNTech",5002481,3019167,8021648
2021-06-27,"Johnson&Johnson, Moderna, Oxford/AstraZeneca, Pfizer/BioNTech",5016443,3045896,8062339
2021-06-28,"Johnson&Johnson, Moderna, Oxford/AstraZeneca, Pfizer/BioNTech",5044872,3131141,8176013
2021-06-29,"Johnson&Johnson, Moderna, Oxford/AstraZeneca, Pfizer/BioNTech",5074176,3217720,8291896
2021-06-30,"Johnson&Johnson, Moderna, Oxford/AstraZeneca, Pfizer/BioNTech",5101690,3308791,8410481
2021-07-01,"Johnson&Johnson, Moderna, Oxford/AstraZeneca, Pfizer/BioNTech",5125707,3398920,8524627
2021-07-02,"Johnson&Johnson, Moderna, Oxford/AstraZeneca, Pfizer/BioNTech",5152465,3484880,8637345
2021-07-03,"Johnson&Johnson, Moderna, Oxford/AstraZeneca, Pfizer/BioNTech",5159578,3516463,8676041
2021-07-04,"Johnson&Johnson, Moderna, Oxford/AstraZeneca, Pfizer/BioNTech",5167175,3538292,8705467
2021-07-05,"Johnson&Johnson, Moderna, Oxford/AstraZeneca, Pfizer/BioNTech",5174606,3563711,8738317
2021-07-06,"Johnson&Johnson, Moderna, Oxford/AstraZeneca, Pfizer/BioNTech",5180097,3591455,8771552
2021-07-07,"Johnson&Johnson, Moderna, Oxford/AstraZeneca, Pfizer/BioNTech",5205940,3670472,8876412
2021-07-08,"Johnson&Johnson, Moderna, Oxford/AstraZeneca, Pfizer/BioNTech",5232565,3740845,8973410
2021-07-09,"Johnson&Johnson, Moderna, Oxford/AstraZeneca, Pfizer/BioNTech",5260535,3810202,9070737
2021-07-10,"Johnson&Johnson, Moderna, Oxford/AstraZeneca, Pfizer/BioNTech",5269924,3838882,9108806
2021-07-11,"Johnson&Johnson, Moderna, Oxford/AstraZeneca, Pfizer/BioNTech",5278485,3861776,9140261
2021-07-12,"Johnson&Johnson, Moderna, Oxford/AstraZeneca, Pfizer/BioNTech",5306045,3930874,9236919
2021-07-13,"Johnson&Johnson, Moderna, Oxford/AstraZeneca, Pfizer/BioNTech",5332264,4000783,9333047
2021-07-14,"Johnson&Johnson, Moderna, Oxford/AstraZeneca, Pfizer/BioNTech",5358115,4072806,9430921
2021-07-15,"Indie/AstraZeneca, Johnson&Johnson, Moderna, Oxford/AstraZeneca, Pfizer/BioNTech",5387310,4138850,9526160
2021-07-16,"Johnson&Johnson, Moderna, Oxford/AstraZeneca, Pfizer/BioNTech",5415259,4211617,9626876
2021-07-17,"Johnson&Johnson, Moderna, Oxford/AstraZeneca, Pfizer/BioNTech",5424071,4243104,9667175
2021-07-18,"Johnson&Johnson, Moderna, Oxford/AstraZeneca, Pfizer/BioNTech",5432519,4269127,9701646
2021-07-19,"Johnson&Johnson, Moderna, Oxford/AstraZeneca, Pfizer/BioNTech",5455897,4336175,9792072
2021-07-20,"Johnson&Johnson, Moderna, Oxford/AstraZeneca, Pfizer/BioNTech",5477325,4403267,9880592
2021-07-21,"Johnson&Johnson, Moderna, Oxford/AstraZeneca, Pfizer/BioNTech",5500791,4466759,9967550
2021-07-22,"Johnson&Johnson, Moderna, Oxford/AstraZeneca, Pfizer/BioNTech",5523169,4525424,10048593
2021-07-23,"Johnson&Johnson, Moderna, Oxford/AstraZeneca, Pfizer/BioNTech",5546421,4580216,10126637
2021-07-24,"Johnson&Johnson, Moderna, Oxford/AstraZeneca, Pfizer/BioNTech",5553782,4607908,10161690
2021-07-25,"Johnson&Johnson, Moderna, Oxford/AstraZeneca, Pfizer/BioNTech",5560429,4630052,10190481
2021-07-26,"Johnson&Johnson, Moderna, Oxford/AstraZeneca, Pfizer/BioNTech",5583994,4678767,10262761
2021-07-27,"Johnson&Johnson, Moderna, Oxford/AstraZeneca, Pfizer/BioNTech",5606756,4725450,10332206
2021-07-28,"Johnson&Johnson, Moderna, Oxford/AstraZeneca, Pfizer/BioNTech",5628051,4771496,10399547
2021-07-29,"Johnson&Johnson, Moderna, Oxford/AstraZeneca, Pfizer/BioNTech",5649405,4813503,10462908
2021-07-30,"Johnson&Johnson, Moderna, Oxford/AstraZeneca, Pfizer/BioNTech",5672702,4856111,10528813
2021-07-31,"Johnson&Johnson, Moderna, Oxford/AstraZeneca, Pfizer/BioNTech",5681670,4875670,10557340
2021-08-01,"Johnson&Johnson, Moderna, Oxford/AstraZeneca, Pfizer/BioNTech",5688408,4891854,10580262
2021-08-02,"Johnson&Johnson, Moderna, Oxford/AstraZeneca, Pfizer/BioNTech",5707064,4929447,10636511
2021-08-03,"Johnson&Johnson, Moderna, Oxford/AstraZeneca, Pfizer/BioNTech",5724730,4967594,10692324
2021-08-04,"Johnson&Johnson, Moderna, Oxford/AstraZeneca, Pfizer/BioNTech",5740871,5004397,10745268
2021-08-05,"Johnson&Johnson, Moderna, Oxford/AstraZeneca, Pfizer/BioNTech",5756922,5044918,10801840
2021-08-06,"Johnson&Johnson, Moderna, Oxford/AstraZeneca, Pfizer/BioNTech",5773742,5088264,10862006
2021-08-07,"Johnson&Johnson, Moderna, Oxford/AstraZeneca, Pfizer/BioNTech",5779357,5106460,10885817
2021-08-08,"Johnson&Johnson, Moderna, Oxford/AstraZeneca, Pfizer/BioNTech",5783729,5122237,10905966
2021-08-09,"Indie/AstraZeneca, Johnson&Johnson, Moderna, Oxford/AstraZeneca, Pfizer/BioNTech",5796372,5167328,10963700
2021-08-10,"Johnson&Johnson, Moderna, Oxford/AstraZeneca, Pfizer/BioNTech",5808225,5206933,11015158
2021-08-11,"Indie/AstraZeneca, Johnson&Johnson, Moderna, Oxford/AstraZeneca, Pfizer/BioNTech",5819605,5250092,11069697
2021-08-12,"Johnson&Johnson, Moderna, Oxford/AstraZeneca, Pfizer/BioNTech",5831033,5287257,11118290
2021-08-13,"Johnson&Johnson, Moderna, Oxford/AstraZeneca, Pfizer/BioNTech",5841771,5327629,11169400
2021-08-14,"Johnson&Johnson, Moderna, Oxford/AstraZeneca, Pfizer/BioNTech",5845116,5338356,11183472
2021-08-15,"Johnson&Johnson, Moderna, Oxford/AstraZeneca, Pfizer/BioNTech",5847710,5348751,11196461
2021-08-16,"Johnson&Johnson, Moderna, Oxford/AstraZeneca, Pfizer/BioNTech",5857510,5382857,11240367
2021-08-17,"Johnson&Johnson, Moderna, Oxford/AstraZeneca, Pfizer/BioNTech",5867113,5409986,11277099
2021-08-18,"Johnson&Johnson, Moderna, Oxford/AstraZeneca, Pfizer/BioNTech",5876493,5448914,11325407
2021-08-19,"Johnson&Johnson, Moderna, Oxford/AstraZeneca, Pfizer/BioNTech",5886182,5487288,11373470
2021-08-20,"Johnson&Johnson, Moderna, Oxford/AstraZeneca, Pfizer/BioNTech",5897581,5527506,11425087
2021-08-21,"Johnson&Johnson, Moderna, Oxford/AstraZeneca, Pfizer/BioNTech",5900309,5540293,11440602
2021-08-22,"Johnson&Johnson, Moderna, Oxford/AstraZeneca, Pfizer/BioNTech",5902655,5552276,11454931
2021-08-23,"Johnson&Johnson, Moderna, Oxford/AstraZeneca, Pfizer/BioNTech",5913192,5591575,11504767
2021-08-24,"Johnson&Johnson, Moderna, Oxford/AstraZeneca, Pfizer/BioNTech",5923078,5624843,11547921
2021-08-25,"Indie/AstraZeneca, Johnson&Johnson, Moderna, Oxford/AstraZeneca, Pfizer/BioNTech",5931954,5653235,11585189
2021-08-26,"Johnson&Johnson, Moderna, Oxford/AstraZeneca, Pfizer/BioNTech",5940412,5679381,11619793
2021-08-27,"Johnson&Johnson, Moderna, Oxford/AstraZeneca, Pfizer/BioNTech",5950739,5705381,11656120
2021-08-28,"Johnson&Johnson, Moderna, Oxford/AstraZeneca, Pfizer/BioNTech",5953483,5712463,11665946
2021-08-29,"Johnson&Johnson, Moderna, Oxford/AstraZeneca, Pfizer/BioNTech",5955898,5719090,11674988
2021-08-30,"Johnson&Johnson, Moderna, Oxford/AstraZeneca, Pfizer/BioNTech",5964430,5740983,11705413
2021-08-31,"Johnson&Johnson, Moderna, Oxford/AstraZeneca, Pfizer/BioNTech",5972120,5759112,11731232
2021-09-01,"Johnson&Johnson, Moderna, Oxford/AstraZeneca, Pfizer/BioNTech",5978035,5773141,11751176
2021-09-02,"Johnson&Johnson, Moderna, Oxford/AstraZeneca, Pfizer/BioNTech",5984879,5787542,11772421
2021-09-03,"Johnson&Johnson, Moderna, Oxford/AstraZeneca, Pfizer/BioNTech",5994436,5803282,11797718
2021-09-04,"Johnson&Johnson, Moderna, Oxford/AstraZeneca, Pfizer/BioNTech",5996511,5806848,11803359
2021-09-05,"Johnson&Johnson, Moderna, Oxford/AstraZeneca, Pfizer/BioNTech",5998558,5809700,11808258
2021-09-06,"Johnson&Johnson, Moderna, Oxford/AstraZeneca, Pfizer/BioNTech",6004799,5822255,11827054
2021-09-07,"Johnson&Johnson, Moderna, Oxford/AstraZeneca, Pfizer/BioNTech",6009195,5833351,11842546
2021-09-08,"Johnson&Johnson, Moderna, Oxford/AstraZeneca, Pfizer/BioNTech",6014874,5843223,11858097
2021-09-09,"Johnson&Johnson, Moderna, Oxford/AstraZeneca, Pfizer/BioNTech",6021577,5853299,11874876
2021-09-10,"Johnson&Johnson, Moderna, Oxford/AstraZeneca, Pfizer/BioNTech",6029281,5865490,11894771
2021-09-11,"Johnson&Johnson, Moderna, Oxford/AstraZeneca, Pfizer/BioNTech",6031157,5867987,11899144
2021-09-12,"Johnson&Johnson, Moderna, Oxford/AstraZeneca, Pfizer/BioNTech",6032275,5869624,11901899
2021-09-13,"Johnson&Johnson, Moderna, Oxford/AstraZeneca, Pfizer/BioNTech",6037719,5879943,11917662
2021-09-14,"Johnson&Johnson, Moderna, Oxford/AstraZeneca, Pfizer/BioNTech",6043123,5888966,11932089
2021-09-15,"Johnson&Johnson, Moderna, Oxford/AstraZeneca, Pfizer/BioNTech",6048336,5897501,11945837
2021-09-16,"Johnson&Johnson, Moderna, Oxford/AstraZeneca, Pfizer/BioNTech",6053704,5905785,11959489
2021-09-17,"Johnson&Johnson, Moderna, Oxford/AstraZeneca, Pfizer/BioNTech",6060276,5916027,11976303
2021-09-18,"Johnson&Johnson, Moderna, Oxford/AstraZeneca, Pfizer/BioNTech",6062008,5918393,11980401
2021-09-19,"Johnson&Johnson, Moderna, Oxford/AstraZeneca, Pfizer/BioNTech",6062955,5919965,11982920
2021-09-20,"Johnson&Johnson, Moderna, Oxford/AstraZeneca, Pfizer/BioNTech",6066984,5928171,11995155
2021-09-21,"Johnson&Johnson, Moderna, Oxford/AstraZeneca, Pfizer/BioNTech",6071228,5935710,12006938
2021-09-22,"Johnson&Johnson, Moderna, Oxford/AstraZeneca, Pfizer/BioNTech",6075424,5941240,12016664
2021-09-23,"Johnson&Johnson, Moderna, Oxford/AstraZeneca, Pfizer/BioNTech",6080395,5947657,12028052
2021-09-24,"Johnson&Johnson, Moderna, Oxford/AstraZeneca, Pfizer/BioNTech",6086161,5957280,12043441
2021-09-25,"Johnson&Johnson, Moderna, Oxford/AstraZeneca, Pfizer/BioNTech",6087663,5959280,12046943
2021-09-26,"Johnson&Johnson, Moderna, Oxford/AstraZeneca, Pfizer/BioNTech",6088408,5960924,12049332
2021-09-27,"Johnson&Johnson, Moderna, Oxford/AstraZeneca, Pfizer/BioNTech",6092296,5967443,12059739
2021-09-28,"Johnson&Johnson, Moderna, Oxford/AstraZeneca, Pfizer/BioNTech",6092673,5968081,12060754
2021-09-29,"Johnson&Johnson, Moderna, Oxford/AstraZeneca, Pfizer/BioNTech",6096451,5975546,12071997
2021-09-30,"Johnson&Johnson, Moderna, Oxford/AstraZeneca, Pfizer/BioNTech",6100973,5983255,12084228
2021-10-01,"Johnson&Johnson, Moderna, Oxford/AstraZeneca, Pfizer/BioNTech",6105287,5991244,12096531
2021-10-02,"Johnson&Johnson, Moderna, Oxford/AstraZeneca, Pfizer/BioNTech",6106350,5992790,12099140
2021-10-03,"Johnson&Johnson, Moderna, Oxford/AstraZeneca, Pfizer/BioNTech",6107074,5993664,12100738
2021-10-04,"Johnson&Johnson, Moderna, Oxford/AstraZeneca, Pfizer/BioNTech",6110155,5999246,12109401
2021-10-05,"Johnson&Johnson, Moderna, Oxford/AstraZeneca, Pfizer/BioNTech",6113320,6004334,12117654
2021-10-06,"Johnson&Johnson, Moderna, Oxford/AstraZeneca, Pfizer/BioNTech",6116843,6009511,12126354
2021-10-07,"Johnson&Johnson, Moderna, Oxford/AstraZeneca, Pfizer/BioNTech",6120129,6014775,12134904
2021-10-08,"Johnson&Johnson, Moderna, Oxford/AstraZeneca, Pfizer/BioNTech",6124924,6021423,12146347
2021-10-09,"Johnson&Johnson, Moderna, Oxford/AstraZeneca, Pfizer/BioNTech",6126168,6023090,12149258
2021-10-10,"Johnson&Johnson, Moderna, Oxford/AstraZeneca, Pfizer/BioNTech",6127113,6023924,12151037
2021-10-11,"Johnson&Johnson, Moderna, Oxford/AstraZeneca, Pfizer/BioNTech",6130042,6028345,12158387
2021-10-12,"Johnson&Johnson, Moderna, Oxford/AstraZeneca, Pfizer/BioNTech",6132981,6032348,12165329
2021-10-13,"Johnson&Johnson, Moderna, Oxford/AstraZeneca, Pfizer/BioNTech",6136513,6036538,12173051
2021-10-14,"Johnson&Johnson, Moderna, Oxford/AstraZeneca, Pfizer/BioNTech",6140185,6041488,12181673
2021-10-15,"Johnson&Johnson, Moderna, Oxford/AstraZeneca, Pfizer/BioNTech",6145416,6047639,12193055
2021-10-16,"Johnson&Johnson, Moderna, Oxford/AstraZeneca, Pfizer/BioNTech",6146830,6049169,12195999
2021-10-17,"Johnson&Johnson, Moderna, Pfizer/BioNTech",6148156,6050225,12198381
2021-10-18,"Johnson&Johnson, Moderna, Oxford/AstraZeneca, Pfizer/BioNTech",6152270,6054334,12206604
2021-10-19,"Johnson&Johnson, Moderna, Oxford/AstraZeneca, Pfizer/BioNTech",6155851,6056443,12212294
2021-10-20,"Johnson&Johnson, Moderna, Oxford/AstraZeneca, Pfizer/BioNTech",6160742,6060904,12221646
2021-10-21,"Johnson&Johnson, Moderna, Oxford/AstraZeneca, Pfizer/BioNTech",6168510,6066514,12235024
2021-10-22,"Johnson&Johnson, Moderna, Oxford/AstraZeneca, Pfizer/BioNTech",6178967,6073021,12251988
2021-10-23,"Johnson&Johnson, Moderna, Oxford/AstraZeneca, Pfizer/BioNTech",6182646,6075232,12257878
2021-10-24,"Johnson&Johnson, Moderna, Oxford/AstraZeneca, Pfizer/BioNTech",6185333,6077012,12262345
2021-10-25,"Johnson&Johnson, Moderna, Oxford/AstraZeneca, Pfizer/BioNTech",6195840,6082829,12278669
2021-10-26,"Johnson&Johnson, Moderna, Oxford/AstraZeneca, Pfizer/BioNTech",6207833,6089383,12297216
2021-10-27,"Johnson&Johnson, Moderna, Oxford/AstraZeneca, Pfizer/BioNTech",6222441,6096801,12319242
2021-10-28,"Johnson&Johnson, Moderna, Oxford/AstraZeneca, Pfizer/BioNTech",6225870,6098487,12324357
2021-10-29,"Johnson&Johnson, Moderna, Oxford/AstraZeneca, Pfizer/BioNTech",6240310,6106475,12346785
2021-10-30,"Johnson&Johnson, Moderna, Oxford/AstraZeneca, Pfizer/BioNTech",6244839,6109407,12354246
2021-10-31,"Johnson&Johnson, Moderna, Oxford/AstraZeneca, Pfizer/BioNTech",6248602,6111884,12360486
2021-11-01,"Johnson&Johnson, Moderna, Oxford/AstraZeneca, Pfizer/BioNTech",6263800,6119569,12383369
2021-11-02,"Johnson&Johnson, Moderna, Oxford/AstraZeneca, Pfizer/BioNTech",6279251,6127128,12406379
2021-11-03,"Johnson&Johnson, Moderna, Oxford/AstraZeneca, Pfizer/BioNTech",6296431,6134419,12430850
2021-11-04,"Johnson&Johnson, Moderna, Oxford/AstraZeneca, Pfizer/BioNTech",6314778,6142593,12457371
2021-11-05,"Johnson&Johnson, Moderna, Oxford/AstraZeneca, Pfizer/BioNTech",6337581,6153882,12491463
2021-11-06,"Johnson&Johnson, Moderna, Oxford/AstraZeneca, Pfizer/BioNTech",6344096,6156941,12501037
2021-11-07,"Johnson&Johnson, Moderna, Oxford/AstraZeneca, Pfizer/BioNTech",6348120,6159377,12507497
2021-11-08,"Johnson&Johnson, Moderna, Oxford/AstraZeneca, Pfizer/BioNTech",6364386,6167004,12531390
2021-11-09,"Johnson&Johnson, Moderna, Oxford/AstraZeneca, Pfizer/BioNTech",6379198,6174303,12553501
2021-11-10,"Johnson&Johnson, Moderna, Oxford/AstraZeneca, Pfizer/BioNTech",6394938,6181691,12576629
2021-11-11,"Johnson&Johnson, Moderna, Oxford/AstraZeneca, Pfizer/BioNTech",6410410,6190798,12601208
2021-11-12,"Johnson&Johnson, Moderna, Oxford/AstraZeneca, Pfizer/BioNTech",6430211,6203599,12633810
2021-11-13,"Johnson&Johnson, Moderna, Oxford/AstraZeneca, Pfizer/BioNTech",6435606,6207476,12643082
2021-11-14,"Johnson&Johnson, Moderna, Oxford/AstraZeneca, Pfizer/BioNTech",6439501,6210486,12649987
2021-11-15,"Johnson&Johnson, Moderna, Oxford/AstraZeneca, Pfizer/BioNTech",6454580,6221183,12675763
2021-11-16,"Johnson&Johnson, Moderna, Oxford/AstraZeneca, Pfizer/BioNTech",6472114,6233163,12705277
2021-11-17,"Johnson&Johnson, Moderna, Oxford/AstraZeneca, Pfizer/BioNTech",6476356,6236731,12713087
2021-11-18,"Johnson&Johnson, Moderna, Oxford/AstraZeneca, Pfizer/BioNTech",6495770,6248423,12744193
2021-11-19,"Johnson&Johnson, Moderna, Oxford/AstraZeneca, Pfizer/BioNTech",6520379,6265402,12785781
2021-11-20,"Johnson&Johnson, Moderna, Oxford/AstraZeneca, Pfizer/BioNTech",6528956,6270386,12799342
2021-11-21,"Johnson&Johnson, Moderna, Oxford/AstraZeneca, Pfizer/BioNTech",6535725,6274161,12809886
2021-11-22,"Johnson&Johnson, Moderna, Oxford/AstraZeneca, Pfizer/BioNTech",6554233,6288276,12842509
2021-11-23,"Johnson&Johnson, Moderna, Oxford/AstraZeneca, Pfizer/BioNTech",6573302,6301538,12874840
2021-11-24,"Johnson&Johnson, Moderna, Oxford/AstraZeneca, Pfizer/BioNTech",6592314,6317388,12909702
2021-11-25,"Johnson&Johnson, Moderna, Oxford/AstraZeneca, Pfizer/BioNTech",6611456,6332428,12943884
2021-11-26,"Johnson&Johnson, Moderna, Oxford/AstraZeneca, Pfizer/BioNTech",6633112,6351566,12984678
2021-11-27,"Johnson&Johnson, Moderna, Oxford/AstraZeneca, Pfizer/BioNTech",6640581,6357121,12997702
2021-11-28,"Johnson&Johnson, Moderna, Oxford/AstraZeneca, Pfizer/BioNTech",6643914,6360258,13004172
2021-11-29,"Johnson&Johnson, Moderna, Oxford/AstraZeneca, Pfizer/BioNTech",6659122,6373919,13033041
2021-11-30,"Johnson&Johnson, Moderna, Oxford/AstraZeneca, Pfizer/BioNTech",6672323,6385147,13057470
2021-12-01,"Johnson&Johnson, Moderna, Oxford/AstraZeneca, Pfizer/BioNTech",6686361,6397605,13083966
2021-12-02,"Johnson&Johnson, Moderna, Oxford/AstraZeneca, Pfizer/BioNTech",6697002,6410097,13107099
2021-12-03,"Johnson&Johnson, Moderna, Oxford/AstraZeneca, Pfizer/BioNTech",6706641,6425678,13132319
2021-12-04,"Johnson&Johnson, Moderna, Pfizer/BioNTech",6709198,6429629,13138827
2021-12-05,"Johnson&Johnson, Moderna, Oxford/AstraZeneca, Pfizer/BioNTech",6710559,6431969,13142528
2021-12-06,"Johnson&Johnson, Moderna, Oxford/AstraZeneca, Pfizer/BioNTech",6718707,6443494,13162201
2021-12-07,"Johnson&Johnson, Moderna, Oxford/AstraZeneca, Pfizer/BioNTech",6726598,6455502,13182100
2021-12-08,"Johnson&Johnson, Moderna, Oxford/AstraZeneca, Pfizer/BioNTech",6734843,6461431,13196274
2021-12-09,"Johnson&Johnson, Moderna, Oxford/AstraZeneca, Pfizer/BioNTech",6741964,6474255,13216219
2021-12-10,"Johnson&Johnson, Moderna, Oxford/AstraZeneca, Pfizer/BioNTech",6748893,6492058,13240951
2021-12-11,"Johnson&Johnson, Moderna, Oxford/AstraZeneca, Pfizer/BioNTech",6750548,6497326,13247874
2021-12-12,"Johnson&Johnson, Moderna, Oxford/AstraZeneca, Pfizer/BioNTech",6751859,6501759,13253618
2021-12-13,"Johnson&Johnson, Moderna, Oxford/AstraZeneca, Pfizer/BioNTech",6758215,6515072,13273287
2021-12-14,"Johnson&Johnson, Moderna, Oxford/AstraZeneca, Pfizer/BioNTech",6764424,6528742,13293166
2021-12-15,"Johnson&Johnson, Moderna, Oxford/AstraZeneca, Pfizer/BioNTech",6770630,6542340,13312970
2021-12-16,"Johnson&Johnson, Moderna, Oxford/AstraZeneca, Pfizer/BioNTech",6777571,6557174,13334745
2021-12-17,"Johnson&Johnson, Moderna, Oxford/AstraZeneca, Pfizer/BioNTech",6785935,6574441,13360376
2021-12-18,"Johnson&Johnson, Moderna, Oxford/AstraZeneca, Pfizer/BioNTech",6788546,6579893,13368439
2021-12-19,"Johnson&Johnson, Moderna, Pfizer/BioNTech",6790318,6582396,13372714
2021-12-20,"Johnson&Johnson, Moderna, Oxford/AstraZeneca, Pfizer/BioNTech",6796176,6596458,13392634
2021-12-21,"Johnson&Johnson, Moderna, Oxford/AstraZeneca, Pfizer/BioNTech",6802838,6608453,13411291
2021-12-22,"Johnson&Johnson, Moderna, Oxford/AstraZeneca, Pfizer/BioNTech",6807884,6621510,13429394
2021-12-23,"Johnson&Johnson, Moderna, Oxford/AstraZeneca, Pfizer/BioNTech",6810758,6627112,13437870
2021-12-24,"Johnson&Johnson, Moderna, Oxford/AstraZeneca, Pfizer/BioNTech",6810804,6627214,13438018
2021-12-25,"Moderna, Pfizer/BioNTech",6810805,6627222,13438027
2021-12-26,"Moderna, Pfizer/BioNTech",6810907,6627425,13438332
2021-12-27,"Johnson&Johnson, Moderna, Pfizer/BioNTech",6814774,6637171,13451945
2021-12-28,"Johnson&Johnson, Moderna, Oxford/AstraZeneca, Pfizer/BioNTech",6820013,6645168,13465181
2021-12-29,"Johnson&Johnson, Moderna, Oxford/AstraZeneca, Pfizer/BioNTech",6824294,6652887,13477181
2021-12-30,"Johnson&Johnson, Moderna, Pfizer/BioNTech",6828595,6658320,13486915
2021-12-31,"Johnson&Johnson, Moderna, Pfizer/BioNTech",6829105,6659744,13488849
2022-01-01,"Johnson&Johnson, Moderna, Pfizer/BioNTech",6829111,6659762,13488873
2022-01-02,"Johnson&Johnson, Moderna, Pfizer/BioNTech",6829967,6661139,13491106
2022-01-03,"Johnson&Johnson, Moderna, Oxford/AstraZeneca, Pfizer/BioNTech",6834104,6670047,13504151
2022-01-04,"Johnson&Johnson, Moderna, Oxford/AstraZeneca, Pfizer/BioNTech",6839187,6677802,13516989
2022-01-05,"Johnson&Johnson, Moderna, Oxford/AstraZeneca, Pfizer/BioNTech",6845009,6685774,13530783
2022-01-06,"Johnson&Johnson, Moderna, Oxford/AstraZeneca, Pfizer/BioNTech",6851594,6694174,13545768
2022-01-07,"Johnson&Johnson, Moderna, Oxford/AstraZeneca, Pfizer/BioNTech",6859469,6704529,13563998
2022-01-08,"Johnson&Johnson, Moderna, Oxford/AstraZeneca, Pfizer/BioNTech",6861948,6707307,13569255
2022-01-09,"Johnson&Johnson, Moderna, Pfizer/BioNTech",6863031,6709002,13572033
2022-01-10,"Johnson&Johnson, Moderna, Oxford/AstraZeneca, Pfizer/BioNTech",6867533,6715194,13582727
2022-01-11,"Johnson&Johnson, Moderna, Oxford/AstraZeneca, Pfizer/BioNTech",6872979,6721949,13594928
2022-01-12,"Johnson&Johnson, Moderna, Oxford/AstraZeneca, Pfizer/BioNTech",6878936,6727592,13606528
2022-01-13,"Johnson&Johnson, Moderna, Oxford/AstraZeneca, Pfizer/BioNTech",6884824,6732369,13617193
2022-01-14,"Johnson&Johnson, Moderna, Oxford/AstraZeneca, Pfizer/BioNTech",6891126,6736000,13627126
2022-01-15,"Johnson&Johnson, Moderna, Oxford/AstraZeneca, Pfizer/BioNTech",6892402,6736656,13629058
2022-01-16,"Johnson&Johnson, Moderna, Oxford/AstraZeneca, Pfizer/BioNTech",6893092,6737093,13630185
2022-01-17,"Johnson&Johnson, Moderna, Oxford/AstraZeneca, Pfizer/BioNTech",6896648,6741049,13637697
2022-01-18,"Johnson&Johnson, Moderna, Oxford/AstraZeneca, Pfizer/BioNTech",6900497,6745998,13646495
2022-01-19,"Johnson&Johnson, Moderna, Oxford/AstraZeneca, Pfizer/BioNTech",6904566,6749930,13654496
2022-01-20,"Johnson&Johnson, Moderna, Oxford/AstraZeneca, Pfizer/BioNTech",6908158,6754386,13662544
2022-01-21,"Johnson&Johnson, Moderna, Oxford/AstraZeneca, Pfizer/BioNTech",6912149,6756914,13669063
2022-01-22,"Johnson&Johnson, Moderna, Pfizer/BioNTech",6912928,6757353,13670281
2022-01-23,"Johnson&Johnson, Moderna, Pfizer/BioNTech",6913489,6757987,13671476
2022-01-24,"Johnson&Johnson, Moderna, Oxford/AstraZeneca, Pfizer/BioNTech",6915760,6761422,13677182
2022-01-25,"Johnson&Johnson, Moderna, Oxford/AstraZeneca, Pfizer/BioNTech",6918114,6765416,13683530
2022-01-26,"Johnson&Johnson, Moderna, Oxford/AstraZeneca, Pfizer/BioNTech",6920499,6769984,13690483
2022-01-27,"Johnson&Johnson, Moderna, Oxford/AstraZeneca, Pfizer/BioNTech",6922818,6774796,13697614
2022-01-28,"Johnson&Johnson, Moderna, Oxford/AstraZeneca, Pfizer/BioNTech",6925734,6780958,13706692
2022-01-29,"Johnson&Johnson, Moderna, Oxford/AstraZeneca, Pfizer/BioNTech",6926335,6782609,13708944
2022-01-30,"Johnson&Johnson, Moderna, Pfizer/BioNTech",6926562,6783387,13709949
2022-01-31,"Johnson&Johnson, Moderna, Pfizer/BioNTech",6928104,6787310,13715414
2022-02-01,"Johnson&Johnson, Moderna, Pfizer/BioNTech",6929700,6791342,13721042
2022-02-02,"Johnson&Johnson, Moderna, Oxford/AstraZeneca, Pfizer/BioNTech",6931267,6795852,13727119
2022-02-03,"Johnson&Johnson, Moderna, Pfizer/BioNTech",6932647,6800337,13732984
2022-02-04,"Johnson&Johnson, Moderna, Pfizer/BioNTech",6934247,6805452,13739699
2022-02-05,"Johnson&Johnson, Moderna, Pfizer/BioNTech",6934420,6806062,13740482
2022-02-06,"Johnson&Johnson, Moderna, Pfizer/BioNTech",6934516,6806381,13740897
2022-02-07,"Johnson&Johnson, Moderna, Pfizer/BioNTech",6935218,6809591,13744809
2022-02-08,"Johnson&Johnson, Moderna, Pfizer/BioNTech",6936013,6812780,13748793
2022-02-09,"Johnson&Johnson, Moderna, Pfizer/BioNTech",6936837,6816152,13752989
2022-02-10,"Johnson&Johnson, Moderna, Pfizer/BioNTech",6937637,6819277,13756914
2022-02-11,"Johnson&Johnson, Moderna, Pfizer/BioNTech",6938591,6823191,13761782
2022-02-12,"Johnson&Johnson, Moderna, Pfizer/BioNTech",6938701,6823610,13762311
2022-02-13,"Johnson&Johnson, Moderna, Pfizer/BioNTech",6938736,6824047,13762783
2022-02-14,"Johnson&Johnson, Moderna, Pfizer/BioNTech",6939194,6826159,13765353
2022-02-15,"Johnson&Johnson, Moderna, Pfizer/BioNTech",6939747,6828368,13768115
2022-02-16,"Johnson&Johnson, Moderna, Pfizer/BioNTech",6940338,6830467,13770805
2022-02-17,"Johnson&Johnson, Moderna, Pfizer/BioNTech",6940932,6832808,13773740
2022-02-18,"Johnson&Johnson, Moderna, Oxford/AstraZeneca, Pfizer/BioNTech",6941573,6835861,13777434
2022-02-19,"Johnson&Johnson, Moderna, Pfizer/BioNTech",6941652,6836142,13777794
2022-02-20,"Johnson&Johnson, Moderna, Pfizer/BioNTech",6941688,6836291,13777979
2022-02-21,"Johnson&Johnson, Moderna, Pfizer/BioNTech",6942051,6837989,13780040
2022-02-22,"Johnson&Johnson, Moderna, Oxford/AstraZeneca, Pfizer/BioNTech",6942443,6839677,13782120
2022-02-23,"Johnson&Johnson, Moderna, Pfizer/BioNTech",6942899,6841319,13784218
2022-02-24,"Johnson&Johnson, Moderna, Pfizer/BioNTech",6943308,6842949,13786257
2022-02-25,"Johnson&Johnson, Moderna, Pfizer/BioNTech",6943891,6845033,13788924
2022-02-26,"Johnson&Johnson, Moderna, Pfizer/BioNTech",6943952,6845194,13789146
2022-02-27,"Johnson&Johnson, Moderna, Pfizer/BioNTech",6943982,6845270,13789252
2022-02-28,"Johnson&Johnson, Moderna, Pfizer/BioNTech",6944229,6846246,13790475
2022-03-01,"Johnson&Johnson, Moderna, Pfizer/BioNTech",6944534,6847030,13791564
2022-03-02,"Johnson&Johnson, Moderna, Novavax, Pfizer/BioNTech",6944906,6847937,13792843
2022-03-03,"Johnson&Johnson, Moderna, Novavax, Pfizer/BioNTech",6945241,6848880,13794121
2022-03-04,"Johnson&Johnson, Moderna, Novavax, Pfizer/BioNTech",6945868,6850101,13795969
2022-03-05,"Johnson&Johnson, Moderna, Novavax, Pfizer/BioNTech",6945949,6850192,13796141
2022-03-06,"Moderna, Novavax, Pfizer/BioNTech",6945961,6850210,13796171
2022-03-07,"Johnson&Johnson, Moderna, Novavax, Pfizer/BioNTech",6946296,6850768,13797064
2022-03-08,"Johnson&Johnson, Moderna, Novavax, Pfizer/BioNTech",6946631,6851310,13797941
2022-03-09,"Johnson&Johnson, Moderna, Novavax, Pfizer/BioNTech",6947018,6851898,13798916
2022-03-10,"Johnson&Johnson, Moderna, Novavax, Pfizer/BioNTech",6947429,6852569,13799998
2022-03-11,"Johnson&Johnson, Moderna, Novavax, Pfizer/BioNTech",6948179,6853477,13801656
2022-03-12,"Johnson&Johnson, Moderna, Novavax, Pfizer/BioNTech",6948247,6853582,13801829
2022-03-13,"Johnson&Johnson, Moderna, Novavax, Pfizer/BioNTech",6948260,6853600,13801860
2022-03-14,"Johnson&Johnson, Moderna, Novavax, Pfizer/BioNTech",6948526,6853982,13802508
2022-03-15,"Johnson&Johnson, Moderna, Novavax, Pfizer/BioNTech",6948810,6854418,13803228
2022-03-16,"Johnson&Johnson, Moderna, Novavax, Pfizer/BioNTech",6949128,6854960,13804088
2022-03-17,"Johnson&Johnson, Moderna, Novavax, Oxford/AstraZeneca, Pfizer/BioNTech",6949423,6855393,13804816
2022-03-18,"Johnson&Johnson, Moderna, Novavax, Pfizer/BioNTech",6950119,6856186,13806305
2022-03-19,"Moderna, Novavax, Pfizer/BioNTech",6950175,6856231,13806406
2022-03-20,"Moderna, Novavax, Pfizer/BioNTech",6950193,6856243,13806436
2022-03-21,"Johnson&Johnson, Moderna, Novavax, Pfizer/BioNTech",6950380,6856570,13806950
2022-03-22,"Johnson&Johnson, Moderna, Novavax, Pfizer/BioNTech",6950620,6856966,13807586
2022-03-23,"Johnson&Johnson, Moderna, Novavax, Pfizer/BioNTech",6950957,6857403,13808360
2022-03-24,"Johnson&Johnson, Moderna, Novavax, Pfizer/BioNTech",6951268,6857876,13809144
2022-03-25,"Johnson&Johnson, Moderna, Novavax, Pfizer/BioNTech",6951760,6858676,13810436
2022-03-26,"Johnson&Johnson, Moderna, Novavax, Pfizer/BioNTech",6951812,6858754,13810566
2022-03-27,"Moderna, Novavax, Pfizer/BioNTech",6951828,6858771,13810599
2022-03-28,"Johnson&Johnson, Moderna, Novavax, Pfizer/BioNTech",6951982,6859150,13811132
2022-03-29,"Johnson&Johnson, Moderna, Novavax, Pfizer/BioNTech",6952244,6859556,13811800
2022-03-30,"Johnson&Johnson, Moderna, Novavax, Pfizer/BioNTech",6952549,6860049,13812598
2022-03-31,"Johnson&Johnson, Moderna, Novavax, Pfizer/BioNTech",6952847,6860541,13813388
2022-04-01,"Johnson&Johnson, Moderna, Novavax, Pfizer/BioNTech",6953439,6861300,13814739
2022-04-02,"Moderna, Novavax, Pfizer/BioNTech",6953494,6861384,13814878
2022-04-03,"Moderna, Novavax, Pfizer/BioNTech",6953506,6861413,13814919
2022-04-04,"Johnson&Johnson, Moderna, Novavax, Pfizer/BioNTech",6953677,6861693,13815370
2022-04-05,"Johnson&Johnson, Moderna, Novavax, Pfizer/BioNTech",6953869,6861928,13815797
2022-04-06,"Johnson&Johnson, Moderna, Novavax, Pfizer/BioNTech",6954087,6862274,13816361
2022-04-07,"Johnson&Johnson, Moderna, Novavax, Pfizer/BioNTech",6954307,6862690,13816997
2022-04-08,"Johnson&Johnson, Moderna, Novavax, Pfizer/BioNTech",6954760,6863412,13818172
2022-04-09,"Johnson&Johnson, Moderna, Novavax, Pfizer/BioNTech",6954819,6863484,13818303
2022-04-10,"Moderna, Novavax, Pfizer/BioNTech",6954831,6863493,13818324
2022-04-11,"Johnson&Johnson, Moderna, Novavax, Pfizer/BioNTech",6954991,6863724,13818715
2022-04-12,"Johnson&Johnson, Moderna, Novavax, Pfizer/BioNTech",6955235,6864022,13819257
2022-04-13,"Johnson&Johnson, Moderna, Novavax, Pfizer/BioNTech",6955475,6864376,13819851
2022-04-14,"Johnson&Johnson, Moderna, Novavax, Pfizer/BioNTech",6955734,6864762,13820496
2022-04-15,"Moderna, Novavax, Pfizer/BioNTech",6955749,6864788,13820537
2022-04-16,"Johnson&Johnson, Moderna, Novavax, Pfizer/BioNTech",6955769,6864822,13820591
2022-04-17,"Moderna, Novavax, Pfizer/BioNTech",6955770,6864823,13820593
2022-04-18,"Moderna, Novavax, Pfizer/BioNTech",6955782,6864840,13820622
2022-04-19,"Johnson&Johnson, Moderna, Novavax, Pfizer/BioNTech",6955920,6865178,13821098
2022-04-20,"Johnson&Johnson, Moderna, Novavax, Pfizer/BioNTech",6956139,6865566,13821705
2022-04-21,"Johnson&Johnson, Moderna, Novavax, Pfizer/BioNTech",6956354,6865990,13822344
2022-04-22,"Johnson&Johnson, Moderna, Novavax, Pfizer/BioNTech",6956816,6866816,13823632
2022-04-23,"Moderna, Novavax, Pfizer/BioNTech",6956847,6866895,13823742
2022-04-24,"Moderna, Novavax, Pfizer/BioNTech",6956852,6866906,13823758
2022-04-25,"Johnson&Johnson, Moderna, Novavax, Pfizer/BioNTech",6956998,6867114,13824112
2022-04-26,"Johnson&Johnson, Moderna, Novavax, Pfizer/BioNTech",6957134,6867378,13824512
2022-04-27,"Johnson&Johnson, Moderna, Novavax, Pfizer/BioNTech",6957397,6867708,13825105
2022-04-28,"Johnson&Johnson, Moderna, Novavax, Pfizer/BioNTech",6957588,6867996,13825584
2022-04-29,"Johnson&Johnson, Moderna, Novavax, Pfizer/BioNTech",6958014,6868581,13826595
2022-04-30,"Moderna, Novavax, Pfizer/BioNTech",6958053,6868646,13826699
2022-05-01,"Moderna, Novavax, Pfizer/BioNTech",6958056,6868654,13826710
2022-05-02,"Johnson&Johnson, Moderna, Novavax, Pfizer/BioNTech",6958168,6868834,13827002
2022-05-03,"Johnson&Johnson, Moderna, Novavax, Pfizer/BioNTech",6958318,6869089,13827407
2022-05-04,"Johnson&Johnson, Moderna, Novavax, Pfizer/BioNTech",6958515,6869364,13827879
2022-05-05,"Johnson&Johnson, Moderna, Novavax, Pfizer/BioNTech",6958720,6869653,13828373
2022-05-06,"Johnson&Johnson, Moderna, Novavax, Pfizer/BioNTech",6959083,6869980,13829063
2022-05-07,"Moderna, Novavax, Pfizer/BioNTech",6959110,6870006,13829116
2022-05-08,"Moderna, Pfizer/BioNTech",6959111,6870014,13829125
2022-05-09,"Johnson&Johnson, Moderna, Novavax, Pfizer/BioNTech",6959206,6870098,13829304
2022-05-10,"Johnson&Johnson, Moderna, Novavax, Pfizer/BioNTech",6959356,6870333,13829689
2022-05-11,"Johnson&Johnson, Moderna, Novavax, Pfizer/BioNTech",6959577,6870597,13830174
2022-05-12,"Johnson&Johnson, Moderna, Novavax, Pfizer/BioNTech",6959774,6870869,13830643
2022-05-13,"Johnson&Johnson, Moderna, Novavax, Pfizer/BioNTech",6960101,6871360,13831461
2022-05-14,"Johnson&Johnson, Moderna, Novavax, Pfizer/BioNTech",6960142,6871400,13831542
2022-05-15,"Johnson&Johnson, Moderna, Novavax, Pfizer/BioNTech",6960156,6871411,13831567
2022-05-16,"Johnson&Johnson, Moderna, Novavax, Pfizer/BioNTech",6960257,6871527,13831784
2022-05-17,"Johnson&Johnson, Moderna, Novavax, Pfizer/BioNTech",6960399,6871673,13832072
2022-05-18,"Johnson&Johnson, Moderna, Novavax, Pfizer/BioNTech",6960628,6871999,13832627
2022-05-19,"Johnson&Johnson, Moderna, Novavax, Pfizer/BioNTech",6960800,6872227,13833027
