date,vaccine,people_vaccinated,people_fully_vaccinated,total_vaccinations
2020-12-27,Pfizer/BioNTech,1261,0,1261
2020-12-28,Pfizer/BioNTech,3560,0,3560
2020-12-29,Pfizer/BioNTech,7017,0,7017
2020-12-30,Pfizer/BioNTech,10496,0,10496
2020-12-31,Pfizer/BioNTech,11813,0,11813
2021-01-01,Pfizer/BioNTech,12077,0,12077
2021-01-02,Pfizer/BioNTech,13335,0,13335
2021-01-03,Pfizer/BioNTech,14254,0,14254
2021-01-04,Pfizer/BioNTech,17834,0,17834
2021-01-05,Pfizer/BioNTech,22356,0,22356
2021-01-06,Pfizer/BioNTech,28187,0,28187
2021-01-07,Pfizer/BioNTech,36160,0,36160
2021-01-08,Pfizer/BioNTech,46130,0,46130
2021-01-09,Pfizer/BioNTech,48142,0,48142
2021-01-10,Pfizer/BioNTech,49868,0,49868
2021-01-11,Pfizer/BioNTech,59671,0,59671
2021-01-12,Pfizer/BioNTech,73078,0,73078
2021-01-13,Pfizer/BioNTech,86580,0,86580
2021-01-14,"Moderna, Pfizer/BioNTech",101779,0,101779
2021-01-15,"Moderna, Pfizer/BioNTech",115716,0,115716
2021-01-16,"Moderna, Pfizer/BioNTech",119093,0,119093
2021-01-17,"Moderna, Pfizer/BioNTech",121688,634,122322
2021-01-18,"Moderna, Pfizer/BioNTech",134145,2433,136578
2021-01-19,"Moderna, Pfizer/BioNTech",146546,5131,151677
2021-01-20,"Moderna, Pfizer/BioNTech",160069,7753,167822
2021-01-21,"Moderna, Pfizer/BioNTech",175545,9476,185021
2021-01-22,"Moderna, Pfizer/BioNTech",190252,10511,200763
2021-01-23,"Moderna, Pfizer/BioNTech",193514,11375,204889
2021-01-24,"Moderna, Pfizer/BioNTech",195754,12236,207990
2021-01-25,"Moderna, Pfizer/BioNTech",205356,15173,220529
2021-01-26,"Moderna, Pfizer/BioNTech",215834,19129,234963
2021-01-27,"Moderna, Pfizer/BioNTech",224781,23614,248395
2021-01-28,"Moderna, Pfizer/BioNTech",231810,29693,261503
2021-01-29,"Moderna, Pfizer/BioNTech",237986,37466,275452
2021-01-30,"Moderna, Pfizer/BioNTech",238702,38547,277249
2021-01-31,Pfizer/BioNTech,239401,39685,279086
2021-02-01,"Moderna, Pfizer/BioNTech",243221,47524,290745
2021-02-02,"Moderna, Pfizer/BioNTech",247326,57665,304991
2021-02-03,"Moderna, Pfizer/BioNTech",251708,68602,320310
2021-02-04,"Moderna, Pfizer/BioNTech",256577,81489,338066
2021-02-05,"Moderna, Pfizer/BioNTech",261972,92062,354034
2021-02-06,"Moderna, Pfizer/BioNTech",262804,94380,357184
2021-02-07,"Moderna, Pfizer/BioNTech",263647,96841,360488
2021-02-08,"Moderna, Pfizer/BioNTech",267645,108146,375791
2021-02-09,"Moderna, Pfizer/BioNTech",272666,119969,392635
2021-02-10,"Moderna, Pfizer/BioNTech",278161,133032,411193
2021-02-11,"Moderna, Oxford/AstraZeneca, Pfizer/BioNTech",284349,148968,433317
2021-02-12,"Moderna, Oxford/AstraZeneca, Pfizer/BioNTech",290985,163528,454513
2021-02-13,"Moderna, Oxford/AstraZeneca, Pfizer/BioNTech",292555,166476,459031
2021-02-14,"Moderna, Oxford/AstraZeneca, Pfizer/BioNTech",293533,167841,461374
2021-02-15,"Moderna, Oxford/AstraZeneca, Pfizer/BioNTech",299807,177118,476925
2021-02-16,"Moderna, Oxford/AstraZeneca, Pfizer/BioNTech",308272,185978,494250
2021-02-17,"Moderna, Oxford/AstraZeneca, Pfizer/BioNTech",317775,194151,511926
2021-02-18,"Moderna, Oxford/AstraZeneca, Pfizer/BioNTech",329883,202032,531915
2021-02-19,"Moderna, Oxford/AstraZeneca, Pfizer/BioNTech",341420,209223,550643
2021-02-20,"Moderna, Oxford/AstraZeneca, Pfizer/BioNTech",343286,210386,553672
2021-02-21,"Moderna, Oxford/AstraZeneca, Pfizer/BioNTech",344293,211389,555682
2021-02-22,"Moderna, Oxford/AstraZeneca, Pfizer/BioNTech",354191,217350,571541
2021-02-23,"Moderna, Oxford/AstraZeneca, Pfizer/BioNTech",366773,224225,590998
2021-02-24,"Moderna, Oxford/AstraZeneca, Pfizer/BioNTech",380415,230165,610580
2021-02-25,"Moderna, Oxford/AstraZeneca, Pfizer/BioNTech",397914,235653,633567
2021-02-26,"Moderna, Oxford/AstraZeneca, Pfizer/BioNTech",413574,240881,654455
2021-02-27,"Moderna, Oxford/AstraZeneca, Pfizer/BioNTech",416451,241425,657876
2021-02-28,"Moderna, Oxford/AstraZeneca, Pfizer/BioNTech",418767,241963,660730
2021-03-01,"Moderna, Oxford/AstraZeneca, Pfizer/BioNTech",437743,245267,683010
2021-03-02,"Moderna, Oxford/AstraZeneca, Pfizer/BioNTech",464263,248749,713012
2021-03-03,"Moderna, Oxford/AstraZeneca, Pfizer/BioNTech",493945,253131,747076
2021-03-04,"Moderna, Oxford/AstraZeneca, Pfizer/BioNTech",525914,257662,783576
2021-03-05,"Moderna, Oxford/AstraZeneca, Pfizer/BioNTech",553460,262921,816381
2021-03-06,"Moderna, Oxford/AstraZeneca, Pfizer/BioNTech",564641,263746,828387
2021-03-07,"Moderna, Oxford/AstraZeneca, Pfizer/BioNTech",575384,264565,839949
2021-03-08,"Moderna, Oxford/AstraZeneca, Pfizer/BioNTech",603949,269228,873177
2021-03-09,"Moderna, Oxford/AstraZeneca, Pfizer/BioNTech",638901,275378,914279
2021-03-10,"Moderna, Oxford/AstraZeneca, Pfizer/BioNTech",678553,282122,960675
2021-03-11,"Moderna, Oxford/AstraZeneca, Pfizer/BioNTech",720841,289870,1010711
2021-03-12,"Moderna, Oxford/AstraZeneca, Pfizer/BioNTech",756668,297155,1053823
2021-03-13,"Moderna, Oxford/AstraZeneca, Pfizer/BioNTech",772303,298405,1070708
2021-03-14,"Moderna, Oxford/AstraZeneca, Pfizer/BioNTech",782830,299077,1081907
