date,vaccine,people_vaccinated,people_fully_vaccinated,total_vaccinations
2020-12-27,Pfizer/BioNTech,1286,0,1286
2020-12-28,Pfizer/BioNTech,3589,0,3589
2020-12-29,Pfizer/BioNTech,7060,1,7061
2020-12-30,Pfizer/BioNTech,10576,1,10577
2020-12-31,Pfizer/BioNTech,11889,1,11890
2021-01-01,"Moderna, Pfizer/BioNTech",12160,1,12161
2021-01-02,"Moderna, Pfizer/BioNTech",13446,2,13448
2021-01-03,"Moderna, Pfizer/BioNTech",14373,2,14375
2021-01-04,"Moderna, Pfizer/BioNTech",17982,3,17985
2021-01-05,"Moderna, Pfizer/BioNTech",22507,4,22511
2021-01-06,"Moderna, Pfizer/BioNTech",28353,5,28358
2021-01-07,"Moderna, Pfizer/BioNTech",36352,5,36357
2021-01-08,"Moderna, Pfizer/BioNTech",46405,6,46411
2021-01-09,"Moderna, Pfizer/BioNTech",48431,8,48439
2021-01-10,Pfizer/BioNTech,50203,10,50213
2021-01-11,"Moderna, Pfizer/BioNTech",60060,12,60072
2021-01-12,"Moderna, Pfizer/BioNTech",73515,14,73529
2021-01-13,"Moderna, Pfizer/BioNTech",87061,15,87076
2021-01-14,"Moderna, Pfizer/BioNTech",102312,19,102331
2021-01-15,"Moderna, Pfizer/BioNTech",116332,20,116352
2021-01-16,"Moderna, Pfizer/BioNTech",119736,24,119760
2021-01-17,"Moderna, Pfizer/BioNTech",122357,660,123017
2021-01-18,"Moderna, Pfizer/BioNTech",134849,2486,137335
2021-01-19,"Moderna, Pfizer/BioNTech",147458,5215,152673
2021-01-20,"Moderna, Pfizer/BioNTech",161155,7880,169035
2021-01-21,"Moderna, Pfizer/BioNTech",176808,9623,186431
2021-01-22,"Moderna, Pfizer/BioNTech",191700,10668,202368
2021-01-23,"Moderna, Pfizer/BioNTech",195018,11548,206566
2021-01-24,"Moderna, Pfizer/BioNTech",197274,12419,209693
2021-01-25,"Moderna, Pfizer/BioNTech",206929,15388,222317
2021-01-26,"Moderna, Pfizer/BioNTech",217477,19379,236856
2021-01-27,"Moderna, Pfizer/BioNTech",226509,23914,250423
2021-01-28,"Moderna, Pfizer/BioNTech",233615,30048,263663
2021-01-29,"Moderna, Pfizer/BioNTech",239831,37957,277788
2021-01-30,"Moderna, Pfizer/BioNTech",240572,39045,279617
2021-01-31,"Moderna, Pfizer/BioNTech",241291,40227,281518
2021-02-01,"Moderna, Pfizer/BioNTech",245274,48197,293471
2021-02-02,"Moderna, Pfizer/BioNTech",249429,58437,307866
2021-02-03,"Moderna, Pfizer/BioNTech",253856,69457,323313
2021-02-04,"Moderna, Pfizer/BioNTech",258763,82448,341211
2021-02-05,"Moderna, Pfizer/BioNTech",264237,93122,357359
2021-02-06,"Moderna, Oxford/AstraZeneca, Pfizer/BioNTech",265094,95488,360582
2021-02-07,"Moderna, Oxford/AstraZeneca, Pfizer/BioNTech",265945,97988,363933
2021-02-08,"Moderna, Oxford/AstraZeneca, Pfizer/BioNTech",270038,109416,379454
2021-02-09,"Moderna, Oxford/AstraZeneca, Pfizer/BioNTech",275150,121327,396477
2021-02-10,"Moderna, Oxford/AstraZeneca, Pfizer/BioNTech",280669,134587,415256
2021-02-11,"Moderna, Oxford/AstraZeneca, Pfizer/BioNTech",287011,150807,437818
2021-02-12,"Moderna, Oxford/AstraZeneca, Pfizer/BioNTech",293839,165557,459396
2021-02-13,"Moderna, Oxford/AstraZeneca, Pfizer/BioNTech",295457,168544,464001
2021-02-14,"Moderna, Oxford/AstraZeneca, Pfizer/BioNTech",296463,169931,466394
2021-02-15,"Moderna, Oxford/AstraZeneca, Pfizer/BioNTech",302863,179302,482165
2021-02-16,"Moderna, Oxford/AstraZeneca, Pfizer/BioNTech",311584,188383,499967
2021-02-17,"Moderna, Oxford/AstraZeneca, Pfizer/BioNTech",321286,196695,517981
2021-02-18,"Moderna, Oxford/AstraZeneca, Pfizer/BioNTech",333615,204778,538393
2021-02-19,"Moderna, Oxford/AstraZeneca, Pfizer/BioNTech",345482,212155,557637
2021-02-20,"Moderna, Oxford/AstraZeneca, Pfizer/BioNTech",347492,213341,560833
2021-02-21,"Moderna, Oxford/AstraZeneca, Pfizer/BioNTech",348629,214367,562996
2021-02-22,"Moderna, Oxford/AstraZeneca, Pfizer/BioNTech",358753,220404,579157
2021-02-23,"Moderna, Oxford/AstraZeneca, Pfizer/BioNTech",371718,227396,599114
2021-02-24,"Moderna, Oxford/AstraZeneca, Pfizer/BioNTech",385602,233438,619040
2021-02-25,"Moderna, Oxford/AstraZeneca, Pfizer/BioNTech",403586,238989,642575
2021-02-26,"Moderna, Oxford/AstraZeneca, Pfizer/BioNTech",419766,244349,664115
2021-02-27,"Moderna, Oxford/AstraZeneca, Pfizer/BioNTech",422775,244908,667683
2021-02-28,"Moderna, Oxford/AstraZeneca, Pfizer/BioNTech",425133,245459,670592
2021-03-01,"Moderna, Oxford/AstraZeneca, Pfizer/BioNTech",444733,248908,693641
2021-03-02,"Moderna, Oxford/AstraZeneca, Pfizer/BioNTech",471962,252462,724424
2021-03-03,"Moderna, Oxford/AstraZeneca, Pfizer/BioNTech",502918,256974,759892
2021-03-04,"Moderna, Oxford/AstraZeneca, Pfizer/BioNTech",536203,261665,797868
2021-03-05,"Johnson&Johnson, Moderna, Oxford/AstraZeneca, Pfizer/BioNTech",565050,267094,832144
2021-03-06,"Johnson&Johnson, Moderna, Oxford/AstraZeneca, Pfizer/BioNTech",577210,267960,845170
2021-03-07,"Johnson&Johnson, Moderna, Oxford/AstraZeneca, Pfizer/BioNTech",588760,268803,857563
2021-03-08,"Johnson&Johnson, Moderna, Oxford/AstraZeneca, Pfizer/BioNTech",618509,273666,892175
2021-03-09,"Johnson&Johnson, Moderna, Oxford/AstraZeneca, Pfizer/BioNTech",654882,280054,934936
2021-03-10,"Johnson&Johnson, Moderna, Oxford/AstraZeneca, Pfizer/BioNTech",696215,287014,983229
2021-03-11,"Johnson&Johnson, Moderna, Oxford/AstraZeneca, Pfizer/BioNTech",741072,295389,1036461
2021-03-12,"Johnson&Johnson, Moderna, Oxford/AstraZeneca, Pfizer/BioNTech, Čína",779834,303890,1083724
2021-03-13,"Johnson&Johnson, Moderna, Oxford/AstraZeneca, Pfizer/BioNTech",796946,305206,1102152
2021-03-14,"Johnson&Johnson, Moderna, Oxford/AstraZeneca, Pfizer/BioNTech",809064,306363,1115427
2021-03-15,"Johnson&Johnson, Moderna, Oxford/AstraZeneca, Pfizer/BioNTech",837460,315143,1152603
2021-03-16,"Johnson&Johnson, Moderna, Oxford/AstraZeneca, Pfizer/BioNTech",876358,325680,1202038
2021-03-17,"Moderna, Oxford/AstraZeneca, Pfizer/BioNTech",913845,336195,1250040
2021-03-18,"Johnson&Johnson, Moderna, Oxford/AstraZeneca, Pfizer/BioNTech",951852,348621,1300473
2021-03-19,"Johnson&Johnson, Moderna, Oxford/AstraZeneca, Pfizer/BioNTech",986372,362235,1348607
2021-03-20,"Johnson&Johnson, Moderna, Oxford/AstraZeneca, Pfizer/BioNTech",1001556,364265,1365821
2021-03-21,"Johnson&Johnson, Moderna, Oxford/AstraZeneca, Pfizer/BioNTech",1009004,365825,1374829
2021-03-22,"Johnson&Johnson, Moderna, Oxford/AstraZeneca, Pfizer/BioNTech",1033579,378326,1411905
2021-03-23,"Johnson&Johnson, Moderna, Oxford/AstraZeneca, Pfizer/BioNTech",1060256,391693,1451949
2021-03-24,"Johnson&Johnson, Moderna, Oxford/AstraZeneca, Pfizer/BioNTech",1087153,407439,1494592
2021-03-25,"Johnson&Johnson, Moderna, Oxford/AstraZeneca, Pfizer/BioNTech",1113513,425294,1538807
2021-03-26,"Johnson&Johnson, Moderna, Oxford/AstraZeneca, Pfizer/BioNTech",1138355,442807,1581162
2021-03-27,"Johnson&Johnson, Moderna, Oxford/AstraZeneca, Pfizer/BioNTech, Čína",1146818,447653,1594471
2021-03-28,"Moderna, Oxford/AstraZeneca, Pfizer/BioNTech",1152366,451801,1604167
2021-03-29,"Johnson&Johnson, Moderna, Oxford/AstraZeneca, Pfizer/BioNTech",1171527,472536,1644063
2021-03-30,"Johnson&Johnson, Moderna, Oxford/AstraZeneca, Pfizer/BioNTech",1196236,494724,1690960
2021-03-31,"Johnson&Johnson, Moderna, Oxford/AstraZeneca, Pfizer/BioNTech",1219396,521793,1741189
2021-04-01,"Indie/AstraZeneca, Johnson&Johnson, Moderna, Oxford/AstraZeneca, Pfizer/BioNTech",1245087,553851,1798938
2021-04-02,"Indie/AstraZeneca, Johnson&Johnson, Moderna, Oxford/AstraZeneca, Pfizer/BioNTech",1252072,566647,1818719
2021-04-03,"Johnson&Johnson, Moderna, Oxford/AstraZeneca, Pfizer/BioNTech",1255727,577580,1833307
2021-04-04,"Johnson&Johnson, Moderna, Oxford/AstraZeneca, Pfizer/BioNTech",1258273,586505,1844778
2021-04-05,"Johnson&Johnson, Moderna, Oxford/AstraZeneca, Pfizer/BioNTech",1260706,593710,1854416
2021-04-06,"Johnson&Johnson, Moderna, Oxford/AstraZeneca, Pfizer/BioNTech, Čína",1276925,622986,1899911
2021-04-07,"Johnson&Johnson, Moderna, Oxford/AstraZeneca, Pfizer/BioNTech",1300429,645225,1945654
2021-04-08,"Johnson&Johnson, Moderna, Oxford/AstraZeneca, Pfizer/BioNTech",1339249,676273,2015522
2021-04-09,"Johnson&Johnson, Moderna, Oxford/AstraZeneca, Pfizer/BioNTech",1378846,706474,2085320
2021-04-10,"Johnson&Johnson, Moderna, Oxford/AstraZeneca, Pfizer/BioNTech",1394415,721788,2116203
2021-04-11,"Johnson&Johnson, Moderna, Oxford/AstraZeneca, Pfizer/BioNTech",1404210,731845,2136055
2021-04-12,"Johnson&Johnson, Moderna, Oxford/AstraZeneca, Pfizer/BioNTech",1442533,756991,2199524
2021-04-13,"Moderna, Oxford/AstraZeneca, Pfizer/BioNTech",1478841,783034,2261875
2021-04-14,"Moderna, Oxford/AstraZeneca, Pfizer/BioNTech",1517731,810414,2328145
2021-04-15,"Moderna, Oxford/AstraZeneca, Pfizer/BioNTech",1565568,836195,2401763
2021-04-16,"Moderna, Oxford/AstraZeneca, Pfizer/BioNTech",1610290,861877,2472167
2021-04-17,"Indie/AstraZeneca, Moderna, Oxford/AstraZeneca, Pfizer/BioNTech",1627018,870903,2497921
2021-04-18,"Moderna, Oxford/AstraZeneca, Pfizer/BioNTech",1640019,875889,2515908
2021-04-19,"Johnson&Johnson, Moderna, Oxford/AstraZeneca, Pfizer/BioNTech",1683995,891330,2575325
2021-04-20,"Johnson&Johnson, Moderna, Oxford/AstraZeneca, Pfizer/BioNTech",1726586,907220,2633806
2021-04-21,"Moderna, Oxford/AstraZeneca, Pfizer/BioNTech",1774352,921591,2695943
2021-04-22,"Johnson&Johnson, Moderna, Oxford/AstraZeneca, Pfizer/BioNTech",1828884,938990,2767874
2021-04-23,"Johnson&Johnson, Moderna, Oxford/AstraZeneca, Pfizer/BioNTech",1878898,951057,2829955
2021-04-24,"Johnson&Johnson, Moderna, Oxford/AstraZeneca, Pfizer/BioNTech, Čína",1896775,956327,2853102
2021-04-25,"Johnson&Johnson, Moderna, Oxford/AstraZeneca, Pfizer/BioNTech",1911488,960332,2871820
2021-04-26,"Johnson&Johnson, Moderna, Oxford/AstraZeneca, Pfizer/BioNTech",1961103,967902,2929005
2021-04-27,"Johnson&Johnson, Moderna, Oxford/AstraZeneca, Pfizer/BioNTech",2010094,980157,2990251
2021-04-28,"Johnson&Johnson, Moderna, Oxford/AstraZeneca, Pfizer/BioNTech",2068876,994180,3063056
2021-04-29,"Johnson&Johnson, Moderna, Oxford/AstraZeneca, Pfizer/BioNTech",2134497,1010102,3144599
2021-04-30,"Johnson&Johnson, Moderna, Oxford/AstraZeneca, Pfizer/BioNTech",2196790,1020098,3216888
2021-05-01,"Johnson&Johnson, Moderna, Oxford/AstraZeneca, Pfizer/BioNTech",2216184,1023564,3239748
2021-05-02,"Johnson&Johnson, Moderna, Oxford/AstraZeneca, Pfizer/BioNTech",2235136,1025855,3260991
2021-05-03,"Johnson&Johnson, Moderna, Oxford/AstraZeneca, Pfizer/BioNTech",2302413,1030939,3333352
2021-05-04,"Johnson&Johnson, Moderna, Oxford/AstraZeneca, Pfizer/BioNTech",2368974,1039314,3408288
2021-05-05,"Johnson&Johnson, Moderna, Oxford/AstraZeneca, Pfizer/BioNTech",2442187,1048762,3490949
2021-05-06,"Johnson&Johnson, Moderna, Oxford/AstraZeneca, Pfizer/BioNTech",2522627,1059515,3582142
2021-05-07,"Johnson&Johnson, Moderna, Oxford/AstraZeneca, Pfizer/BioNTech",2599966,1069661,3669627
2021-05-08,"Johnson&Johnson, Moderna, Oxford/AstraZeneca, Pfizer/BioNTech",2629511,1071455,3700966
2021-05-09,"Johnson&Johnson, Moderna, Oxford/AstraZeneca, Pfizer/BioNTech",2653755,1072678,3726433
2021-05-10,"Johnson&Johnson, Moderna, Oxford/AstraZeneca, Pfizer/BioNTech",2726556,1079925,3806481
2021-05-11,"Johnson&Johnson, Moderna, Oxford/AstraZeneca, Pfizer/BioNTech",2802709,1088761,3891470
2021-05-12,"Johnson&Johnson, Moderna, Oxford/AstraZeneca, Pfizer/BioNTech",2882654,1097908,3980562
2021-05-13,"Johnson&Johnson, Moderna, Oxford/AstraZeneca, Pfizer/BioNTech",2966710,1107100,4073810
2021-05-14,"Johnson&Johnson, Moderna, Oxford/AstraZeneca, Pfizer/BioNTech",3046268,1114928,4161196
2021-05-15,"Johnson&Johnson, Moderna, Oxford/AstraZeneca, Pfizer/BioNTech",3078235,1117215,4195450
2021-05-16,"Johnson&Johnson, Moderna, Oxford/AstraZeneca, Pfizer/BioNTech",3104051,1118502,4222553
2021-05-17,"Indie/AstraZeneca, Johnson&Johnson, Moderna, Oxford/AstraZeneca, Pfizer/BioNTech",3176594,1125262,4301856
2021-05-18,"Indie/AstraZeneca, Johnson&Johnson, Moderna, Oxford/AstraZeneca, Pfizer/BioNTech",3248589,1138389,4386978
2021-05-19,"Johnson&Johnson, Moderna, Oxford/AstraZeneca, Pfizer/BioNTech",3326092,1153565,4479657
2021-05-20,"Johnson&Johnson, Moderna, Oxford/AstraZeneca, Pfizer/BioNTech",3401593,1180637,4582230
2021-05-21,"Johnson&Johnson, Moderna, Oxford/AstraZeneca, Pfizer/BioNTech",3470454,1208449,4678903
2021-05-22,"Johnson&Johnson, Moderna, Oxford/AstraZeneca, Pfizer/BioNTech",3502929,1219694,4722623
2021-05-23,"Johnson&Johnson, Moderna, Oxford/AstraZeneca, Pfizer/BioNTech",3525380,1228736,4754116
2021-05-24,"Johnson&Johnson, Moderna, Oxford/AstraZeneca, Pfizer/BioNTech",3572601,1262418,4835019
2021-05-25,"Indie/AstraZeneca, Johnson&Johnson, Moderna, Oxford/AstraZeneca, Pfizer/BioNTech",3624527,1298265,4922792
2021-05-26,"Johnson&Johnson, Moderna, Oxford/AstraZeneca, Pfizer/BioNTech",3692299,1335830,5028129
2021-05-27,"Indie/AstraZeneca, Johnson&Johnson, Moderna, Oxford/AstraZeneca, Pfizer/BioNTech",3753740,1383197,5136937
2021-05-28,"Johnson&Johnson, Moderna, Oxford/AstraZeneca, Pfizer/BioNTech",3815492,1429815,5245307
2021-05-29,"Indie/AstraZeneca, Johnson&Johnson, Moderna, Oxford/AstraZeneca, Pfizer/BioNTech",3844769,1446964,5291733
2021-05-30,"Johnson&Johnson, Moderna, Oxford/AstraZeneca, Pfizer/BioNTech, Čína",3867191,1461437,5328628
2021-05-31,"Indie/AstraZeneca, Johnson&Johnson, Moderna, Oxford/AstraZeneca, Pfizer/BioNTech",3922941,1508977,5431918
2021-06-01,"Johnson&Johnson, Moderna, Oxford/AstraZeneca, Pfizer/BioNTech",3982067,1557872,5539939
2021-06-02,"Johnson&Johnson, Moderna, Oxford/AstraZeneca, Pfizer/BioNTech",4045053,1611909,5656962
2021-06-03,"Johnson&Johnson, Moderna, Oxford/AstraZeneca, Pfizer/BioNTech",4103319,1672159,5775478
2021-06-04,"Johnson&Johnson, Moderna, Oxford/AstraZeneca, Pfizer/BioNTech",4166469,1729595,5896064
2021-06-05,"Johnson&Johnson, Moderna, Oxford/AstraZeneca, Pfizer/BioNTech",4200664,1748530,5949194
2021-06-06,"Johnson&Johnson, Moderna, Oxford/AstraZeneca, Pfizer/BioNTech",4227627,1763710,5991337
2021-06-07,"Johnson&Johnson, Moderna, Oxford/AstraZeneca, Pfizer/BioNTech",4291326,1819364,6110690
2021-06-08,"Indie/AstraZeneca, Johnson&Johnson, Moderna, Oxford/AstraZeneca, Pfizer/BioNTech",4355346,1874392,6229738
2021-06-09,"Indie/AstraZeneca, Johnson&Johnson, Moderna, Oxford/AstraZeneca, Pfizer/BioNTech",4414573,1939094,6353667
2021-06-10,"Johnson&Johnson, Moderna, Oxford/AstraZeneca, Pfizer/BioNTech",4468441,2010422,6478863
2021-06-11,"Johnson&Johnson, Moderna, Oxford/AstraZeneca, Pfizer/BioNTech",4520571,2080284,6600855
2021-06-12,"Indie/AstraZeneca, Johnson&Johnson, Moderna, Oxford/AstraZeneca, Pfizer/BioNTech",4552607,2101148,6653755
2021-06-13,"Johnson&Johnson, Moderna, Oxford/AstraZeneca, Pfizer/BioNTech",4576652,2119595,6696247
2021-06-14,"Johnson&Johnson, Moderna, Oxford/AstraZeneca, Pfizer/BioNTech, Čína",4619756,2194013,6813769
2021-06-15,"Johnson&Johnson, Moderna, Oxford/AstraZeneca, Pfizer/BioNTech",4664449,2266431,6930880
2021-06-16,"Johnson&Johnson, Moderna, Oxford/AstraZeneca, Pfizer/BioNTech",4707282,2344689,7051971
2021-06-17,"Johnson&Johnson, Moderna, Oxford/AstraZeneca, Pfizer/BioNTech",4746722,2427816,7174538
2021-06-18,"Johnson&Johnson, Moderna, Oxford/AstraZeneca, Pfizer/BioNTech",4789176,2508427,7297603
2021-06-19,"Johnson&Johnson, Moderna, Oxford/AstraZeneca, Pfizer/BioNTech, Čína",4810980,2537782,7348762
2021-06-20,"Johnson&Johnson, Moderna, Oxford/AstraZeneca, Pfizer/BioNTech, Čína",4828399,2561670,7390069
2021-06-21,"Johnson&Johnson, Moderna, Oxford/AstraZeneca, Pfizer/BioNTech, Čína",4860917,2640310,7501227
2021-06-22,"Johnson&Johnson, Moderna, Oxford/AstraZeneca, Pfizer/BioNTech",4893904,2722661,7616565
2021-06-23,"Johnson&Johnson, Moderna, Oxford/AstraZeneca, Pfizer/BioNTech",4925636,2807934,7733570
2021-06-24,"Johnson&Johnson, Moderna, Oxford/AstraZeneca, Pfizer/BioNTech",4955517,2898023,7853540
2021-06-25,"Johnson&Johnson, Moderna, Oxford/AstraZeneca, Pfizer/BioNTech",4986618,2984289,7970907
2021-06-26,"Johnson&Johnson, Moderna, Oxford/AstraZeneca, Pfizer/BioNTech",5002526,3019188,8021714
2021-06-27,"Johnson&Johnson, Moderna, Oxford/AstraZeneca, Pfizer/BioNTech",5016490,3045917,8062407
2021-06-28,"Johnson&Johnson, Moderna, Oxford/AstraZeneca, Pfizer/BioNTech",5044921,3131161,8176082
2021-06-29,"Johnson&Johnson, Moderna, Oxford/AstraZeneca, Pfizer/BioNTech",5074220,3217738,8291958
2021-06-30,"Johnson&Johnson, Moderna, Oxford/AstraZeneca, Pfizer/BioNTech",5101736,3308813,8410549
2021-07-01,"Johnson&Johnson, Moderna, Oxford/AstraZeneca, Pfizer/BioNTech",5125755,3398941,8524696
2021-07-02,"Johnson&Johnson, Moderna, Oxford/AstraZeneca, Pfizer/BioNTech",5152514,3484902,8637416
2021-07-03,"Indie/AstraZeneca, Johnson&Johnson, Moderna, Oxford/AstraZeneca, Pfizer/BioNTech",5159629,3516483,8676112
2021-07-04,"Johnson&Johnson, Moderna, Oxford/AstraZeneca, Pfizer/BioNTech",5167228,3538315,8705543
2021-07-05,"Johnson&Johnson, Moderna, Oxford/AstraZeneca, Pfizer/BioNTech",5174659,3563737,8738396
2021-07-06,"Johnson&Johnson, Moderna, Oxford/AstraZeneca, Pfizer/BioNTech, Čína",5180155,3591487,8771642
2021-07-07,"Johnson&Johnson, Moderna, Oxford/AstraZeneca, Pfizer/BioNTech",5206006,3670506,8876512
2021-07-08,"Johnson&Johnson, Moderna, Oxford/AstraZeneca, Pfizer/BioNTech",5232633,3740881,8973514
2021-07-09,"Johnson&Johnson, Moderna, Oxford/AstraZeneca, Pfizer/BioNTech",5260602,3810237,9070839
2021-07-10,"Indie/AstraZeneca, Johnson&Johnson, Moderna, Oxford/AstraZeneca, Pfizer/BioNTech",5269993,3838919,9108912
2021-07-11,"Johnson&Johnson, Moderna, Oxford/AstraZeneca, Pfizer/BioNTech",5278556,3861815,9140371
2021-07-12,"Johnson&Johnson, Moderna, Oxford/AstraZeneca, Pfizer/BioNTech, Čína",5306124,3930914,9237038
2021-07-13,"Johnson&Johnson, Moderna, Oxford/AstraZeneca, Pfizer/BioNTech",5332349,4000829,9333178
2021-07-14,"Johnson&Johnson, Moderna, Oxford/AstraZeneca, Pfizer/BioNTech",5358206,4072855,9431061
2021-07-15,"Indie/AstraZeneca, Johnson&Johnson, Moderna, Oxford/AstraZeneca, Pfizer/BioNTech",5387406,4138899,9526305
2021-07-16,"Johnson&Johnson, Moderna, Oxford/AstraZeneca, Pfizer/BioNTech",5415358,4211665,9627023
2021-07-17,"Johnson&Johnson, Moderna, Oxford/AstraZeneca, Pfizer/BioNTech, Čína",5424172,4243155,9667327
2021-07-18,"Johnson&Johnson, Moderna, Oxford/AstraZeneca, Pfizer/BioNTech, Čína",5432623,4269178,9701801
2021-07-19,"Johnson&Johnson, Moderna, Oxford/AstraZeneca, Pfizer/BioNTech",5455998,4336219,9792217
2021-07-20,"Johnson&Johnson, Moderna, Oxford/AstraZeneca, Pfizer/BioNTech",5477432,4403307,9880739
2021-07-21,"Indie/AstraZeneca, Johnson&Johnson, Moderna, Oxford/AstraZeneca, Pfizer/BioNTech",5500903,4466796,9967699
2021-07-22,"Johnson&Johnson, Moderna, Oxford/AstraZeneca, Pfizer/BioNTech",5523291,4525466,10048757
2021-07-23,"Johnson&Johnson, Moderna, Oxford/AstraZeneca, Pfizer/BioNTech",5546546,4580256,10126802
2021-07-24,"Johnson&Johnson, Moderna, Oxford/AstraZeneca, Pfizer/BioNTech",5553914,4607948,10161862
2021-07-25,"Johnson&Johnson, Moderna, Oxford/AstraZeneca, Pfizer/BioNTech",5560569,4630095,10190664
2021-07-26,"Johnson&Johnson, Moderna, Oxford/AstraZeneca, Pfizer/BioNTech",5584138,4678808,10262946
2021-07-27,"Johnson&Johnson, Moderna, Oxford/AstraZeneca, Pfizer/BioNTech, Čína",5606904,4725494,10332398
2021-07-28,"Johnson&Johnson, Moderna, Oxford/AstraZeneca, Pfizer/BioNTech",5628202,4771546,10399748
2021-07-29,"Johnson&Johnson, Moderna, Oxford/AstraZeneca, Pfizer/BioNTech",5649557,4813552,10463109
2021-07-30,"Johnson&Johnson, Moderna, Oxford/AstraZeneca, Pfizer/BioNTech",5672854,4856162,10529016
2021-07-31,"Johnson&Johnson, Moderna, Oxford/AstraZeneca, Pfizer/BioNTech",5681823,4875726,10557549
2021-08-01,"Johnson&Johnson, Moderna, Oxford/AstraZeneca, Pfizer/BioNTech",5688563,4891914,10580477
2021-08-02,"Johnson&Johnson, Moderna, Oxford/AstraZeneca, Pfizer/BioNTech",5707222,4929508,10636730
2021-08-03,"Johnson&Johnson, Moderna, Oxford/AstraZeneca, Pfizer/BioNTech",5724897,4967663,10692560
2021-08-04,"Johnson&Johnson, Moderna, Oxford/AstraZeneca, Pfizer/BioNTech",5741039,5004470,10745509
2021-08-05,"Johnson&Johnson, Moderna, Oxford/AstraZeneca, Pfizer/BioNTech",5757103,5044999,10802102
2021-08-06,"Johnson&Johnson, Moderna, Oxford/AstraZeneca, Pfizer/BioNTech",5773936,5088348,10862284
2021-08-07,"Johnson&Johnson, Moderna, Oxford/AstraZeneca, Pfizer/BioNTech",5779556,5106546,10886102
2021-08-08,"Johnson&Johnson, Moderna, Oxford/AstraZeneca, Pfizer/BioNTech",5783932,5122323,10906255
2021-08-09,"Indie/AstraZeneca, Johnson&Johnson, Moderna, Oxford/AstraZeneca, Pfizer/BioNTech",5796581,5167418,10963999
2021-08-10,"Johnson&Johnson, Moderna, Oxford/AstraZeneca, Pfizer/BioNTech",5808442,5207028,11015470
2021-08-11,"Indie/AstraZeneca, Johnson&Johnson, Moderna, Oxford/AstraZeneca, Pfizer/BioNTech",5819826,5250197,11070023
2021-08-12,"Johnson&Johnson, Moderna, Oxford/AstraZeneca, Pfizer/BioNTech",5831258,5287367,11118625
2021-08-13,"Johnson&Johnson, Moderna, Oxford/AstraZeneca, Pfizer/BioNTech",5842006,5327744,11169750
2021-08-14,"Johnson&Johnson, Moderna, Oxford/AstraZeneca, Pfizer/BioNTech",5845358,5338475,11183833
2021-08-15,"Johnson&Johnson, Moderna, Oxford/AstraZeneca, Pfizer/BioNTech",5847954,5348873,11196827
2021-08-16,"Johnson&Johnson, Moderna, Oxford/AstraZeneca, Pfizer/BioNTech",5857757,5382980,11240737
2021-08-17,"Johnson&Johnson, Moderna, Oxford/AstraZeneca, Pfizer/BioNTech",5867361,5410114,11277475
2021-08-18,"Johnson&Johnson, Moderna, Oxford/AstraZeneca, Pfizer/BioNTech",5876741,5449052,11325793
2021-08-19,"Johnson&Johnson, Moderna, Oxford/AstraZeneca, Pfizer/BioNTech",5886428,5487429,11373857
2021-08-20,"Johnson&Johnson, Moderna, Oxford/AstraZeneca, Pfizer/BioNTech",5897832,5527647,11425479
2021-08-21,"Indie/AstraZeneca, Johnson&Johnson, Moderna, Oxford/AstraZeneca, Pfizer/BioNTech",5900566,5540438,11441004
2021-08-22,"Johnson&Johnson, Moderna, Oxford/AstraZeneca, Pfizer/BioNTech",5902912,5552422,11455334
2021-08-23,"Indie/AstraZeneca, Johnson&Johnson, Moderna, Oxford/AstraZeneca, Pfizer/BioNTech",5913453,5591726,11505179
2021-08-24,"Johnson&Johnson, Moderna, Oxford/AstraZeneca, Pfizer/BioNTech",5923338,5624993,11548331
2021-08-25,"Indie/AstraZeneca, Johnson&Johnson, Moderna, Oxford/AstraZeneca, Pfizer/BioNTech",5932218,5653394,11585612
2021-08-26,"Johnson&Johnson, Moderna, Oxford/AstraZeneca, Pfizer/BioNTech",5940679,5679550,11620229
2021-08-27,"Johnson&Johnson, Moderna, Oxford/AstraZeneca, Pfizer/BioNTech",5951012,5705558,11656570
2021-08-28,"Johnson&Johnson, Moderna, Oxford/AstraZeneca, Pfizer/BioNTech",5953758,5712644,11666402
2021-08-29,"Johnson&Johnson, Moderna, Oxford/AstraZeneca, Pfizer/BioNTech",5956177,5719278,11675455
2021-08-30,"Johnson&Johnson, Moderna, Oxford/AstraZeneca, Pfizer/BioNTech",5964707,5741178,11705885
2021-08-31,"Indie/AstraZeneca, Johnson&Johnson, Moderna, Oxford/AstraZeneca, Pfizer/BioNTech",5972400,5759312,11731712
2021-09-01,"Johnson&Johnson, Moderna, Oxford/AstraZeneca, Pfizer/BioNTech",5978320,5773343,11751663
2021-09-02,"Johnson&Johnson, Moderna, Oxford/AstraZeneca, Pfizer/BioNTech",5985168,5787753,11772921
2021-09-03,"Johnson&Johnson, Moderna, Oxford/AstraZeneca, Pfizer/BioNTech",5994733,5803506,11798239
2021-09-04,"Johnson&Johnson, Moderna, Oxford/AstraZeneca, Pfizer/BioNTech",5996813,5807080,11803893
2021-09-05,"Johnson&Johnson, Moderna, Oxford/AstraZeneca, Pfizer/BioNTech",5998862,5809933,11808795
2021-09-06,"Indie/AstraZeneca, Johnson&Johnson, Moderna, Oxford/AstraZeneca, Pfizer/BioNTech",6005105,5822490,11827595
2021-09-07,"Johnson&Johnson, Moderna, Oxford/AstraZeneca, Pfizer/BioNTech",6009501,5833594,11843095
2021-09-08,"Johnson&Johnson, Moderna, Oxford/AstraZeneca, Pfizer/BioNTech",6015183,5843471,11858654
2021-09-09,"Johnson&Johnson, Moderna, Oxford/AstraZeneca, Pfizer/BioNTech",6021889,5853555,11875444
2021-09-10,"Johnson&Johnson, Moderna, Oxford/AstraZeneca, Pfizer/BioNTech",6029597,5865754,11895351
2021-09-11,"Johnson&Johnson, Moderna, Oxford/AstraZeneca, Pfizer/BioNTech",6031475,5868257,11899732
2021-09-12,"Johnson&Johnson, Moderna, Oxford/AstraZeneca, Pfizer/BioNTech",6032595,5869896,11902491
2021-09-13,"Johnson&Johnson, Moderna, Oxford/AstraZeneca, Pfizer/BioNTech",6038041,5880217,11918258
2021-09-14,"Johnson&Johnson, Moderna, Oxford/AstraZeneca, Pfizer/BioNTech",6043447,5889241,11932688
2021-09-15,"Johnson&Johnson, Moderna, Oxford/AstraZeneca, Pfizer/BioNTech",6048664,5897779,11946443
2021-09-16,"Johnson&Johnson, Moderna, Oxford/AstraZeneca, Pfizer/BioNTech",6054037,5906062,11960099
2021-09-17,"Johnson&Johnson, Moderna, Oxford/AstraZeneca, Pfizer/BioNTech",6060614,5916309,11976923
2021-09-18,"Johnson&Johnson, Moderna, Oxford/AstraZeneca, Pfizer/BioNTech",6062347,5918678,11981025
2021-09-19,"Johnson&Johnson, Moderna, Oxford/AstraZeneca, Pfizer/BioNTech",6063295,5920252,11983547
2021-09-20,"Johnson&Johnson, Moderna, Oxford/AstraZeneca, Pfizer/BioNTech",6067328,5928458,11995786
2021-09-21,"Johnson&Johnson, Moderna, Oxford/AstraZeneca, Pfizer/BioNTech",6071575,5936000,12007575
2021-09-22,"Johnson&Johnson, Moderna, Oxford/AstraZeneca, Pfizer/BioNTech",6075774,5941534,12017308
2021-09-23,"Johnson&Johnson, Moderna, Oxford/AstraZeneca, Pfizer/BioNTech",6080737,5947958,12028695
2021-09-24,"Johnson&Johnson, Moderna, Oxford/AstraZeneca, Pfizer/BioNTech",6086502,5957582,12044084
2021-09-25,"Johnson&Johnson, Moderna, Oxford/AstraZeneca, Pfizer/BioNTech",6088005,5959584,12047589
2021-09-26,"Johnson&Johnson, Moderna, Oxford/AstraZeneca, Pfizer/BioNTech",6088753,5961229,12049982
2021-09-27,"Indie/AstraZeneca, Johnson&Johnson, Moderna, Oxford/AstraZeneca, Pfizer/BioNTech",6092643,5967752,12060395
2021-09-28,"Johnson&Johnson, Moderna, Oxford/AstraZeneca, Pfizer/BioNTech",6093022,5968393,12061415
2021-09-29,"Johnson&Johnson, Moderna, Oxford/AstraZeneca, Pfizer/BioNTech",6096801,5975858,12072659
2021-09-30,"Johnson&Johnson, Moderna, Oxford/AstraZeneca, Pfizer/BioNTech",6101325,5983576,12084901
2021-10-01,"Johnson&Johnson, Moderna, Oxford/AstraZeneca, Pfizer/BioNTech, Čína",6105643,5991569,12097212
2021-10-02,"Johnson&Johnson, Moderna, Oxford/AstraZeneca, Pfizer/BioNTech, Čína",6106710,5993119,12099829
2021-10-03,"Johnson&Johnson, Moderna, Oxford/AstraZeneca, Pfizer/BioNTech",6107435,5993994,12101429
2021-10-04,"Johnson&Johnson, Moderna, Oxford/AstraZeneca, Pfizer/BioNTech",6110517,5999576,12110093
2021-10-05,"Johnson&Johnson, Moderna, Oxford/AstraZeneca, Pfizer/BioNTech",6113681,6004666,12118347
2021-10-06,"Johnson&Johnson, Moderna, Oxford/AstraZeneca, Pfizer/BioNTech",6117206,6009848,12127054
2021-10-07,"Johnson&Johnson, Moderna, Oxford/AstraZeneca, Pfizer/BioNTech",6120491,6015111,12135602
2021-10-08,"Johnson&Johnson, Moderna, Oxford/AstraZeneca, Pfizer/BioNTech",6125290,6021762,12147052
2021-10-09,"Indie/AstraZeneca, Johnson&Johnson, Moderna, Oxford/AstraZeneca, Pfizer/BioNTech",6126535,6023433,12149968
2021-10-10,"Johnson&Johnson, Moderna, Oxford/AstraZeneca, Pfizer/BioNTech",6127483,6024271,12151754
2021-10-11,"Johnson&Johnson, Moderna, Oxford/AstraZeneca, Pfizer/BioNTech",6130413,6028698,12159111
2021-10-12,"Johnson&Johnson, Moderna, Oxford/AstraZeneca, Pfizer/BioNTech",6133356,6032703,12166059
2021-10-13,"Johnson&Johnson, Moderna, Oxford/AstraZeneca, Pfizer/BioNTech",6136892,6036901,12173793
2021-10-14,"Johnson&Johnson, Moderna, Oxford/AstraZeneca, Pfizer/BioNTech",6140567,6041854,12182421
2021-10-15,"Johnson&Johnson, Moderna, Oxford/AstraZeneca, Pfizer/BioNTech",6145802,6048007,12193809
2021-10-16,"Johnson&Johnson, Moderna, Oxford/AstraZeneca, Pfizer/BioNTech",6147219,6049540,12196759
2021-10-17,"Johnson&Johnson, Moderna, Pfizer/BioNTech, Čína",6148545,6050599,12199144
2021-10-18,"Johnson&Johnson, Moderna, Oxford/AstraZeneca, Pfizer/BioNTech",6152659,6054709,12207368
2021-10-19,"Johnson&Johnson, Moderna, Oxford/AstraZeneca, Pfizer/BioNTech",6156242,6056816,12213058
2021-10-20,"Johnson&Johnson, Moderna, Oxford/AstraZeneca, Pfizer/BioNTech",6161134,6061281,12222415
2021-10-21,"Johnson&Johnson, Moderna, Oxford/AstraZeneca, Pfizer/BioNTech",6168906,6066894,12235800
2021-10-22,"Johnson&Johnson, Moderna, Oxford/AstraZeneca, Pfizer/BioNTech",6179370,6073399,12252769
2021-10-23,"Johnson&Johnson, Moderna, Oxford/AstraZeneca, Pfizer/BioNTech",6183053,6075612,12258665
2021-10-24,"Johnson&Johnson, Moderna, Oxford/AstraZeneca, Pfizer/BioNTech",6185740,6077391,12263131
2021-10-25,"Johnson&Johnson, Moderna, Oxford/AstraZeneca, Pfizer/BioNTech",6196253,6083213,12279466
2021-10-26,"Johnson&Johnson, Moderna, Oxford/AstraZeneca, Pfizer/BioNTech",6208249,6089766,12298015
2021-10-27,"Johnson&Johnson, Moderna, Oxford/AstraZeneca, Pfizer/BioNTech, Čína",6222861,6097185,12320046
2021-10-28,"Johnson&Johnson, Moderna, Oxford/AstraZeneca, Pfizer/BioNTech",6226294,6098875,12325169
2021-10-29,"Johnson&Johnson, Moderna, Oxford/AstraZeneca, Pfizer/BioNTech",6240738,6106865,12347603
2021-10-30,"Johnson&Johnson, Moderna, Oxford/AstraZeneca, Pfizer/BioNTech",6245269,6109797,12355066
2021-10-31,"Johnson&Johnson, Moderna, Oxford/AstraZeneca, Pfizer/BioNTech",6249031,6112273,12361304
2021-11-01,"Johnson&Johnson, Moderna, Oxford/AstraZeneca, Pfizer/BioNTech",6264229,6119955,12384184
2021-11-02,"Johnson&Johnson, Moderna, Oxford/AstraZeneca, Pfizer/BioNTech",6279682,6127517,12407199
2021-11-03,"Johnson&Johnson, Moderna, Oxford/AstraZeneca, Pfizer/BioNTech, Čína",6296867,6134811,12431678
2021-11-04,"Johnson&Johnson, Moderna, Oxford/AstraZeneca, Pfizer/BioNTech",6315214,6142991,12458205
2021-11-05,"Johnson&Johnson, Moderna, Oxford/AstraZeneca, Pfizer/BioNTech",6338018,6154283,12492301
2021-11-06,"Johnson&Johnson, Moderna, Oxford/AstraZeneca, Pfizer/BioNTech",6344536,6157343,12501879
2021-11-07,"Johnson&Johnson, Moderna, Oxford/AstraZeneca, Pfizer/BioNTech",6348563,6159780,12508343
2021-11-08,"Johnson&Johnson, Moderna, Oxford/AstraZeneca, Pfizer/BioNTech",6364829,6167410,12532239
2021-11-09,"Johnson&Johnson, Moderna, Oxford/AstraZeneca, Pfizer/BioNTech",6379642,6174712,12554354
2021-11-10,"Johnson&Johnson, Moderna, Oxford/AstraZeneca, Pfizer/BioNTech",6395380,6182099,12577479
2021-11-11,"Johnson&Johnson, Moderna, Oxford/AstraZeneca, Pfizer/BioNTech, Čína",6410857,6191210,12602067
2021-11-12,"Johnson&Johnson, Moderna, Oxford/AstraZeneca, Pfizer/BioNTech",6430660,6204010,12634670
2021-11-13,"Johnson&Johnson, Moderna, Oxford/AstraZeneca, Pfizer/BioNTech",6436057,6207890,12643947
2021-11-14,"Johnson&Johnson, Moderna, Oxford/AstraZeneca, Pfizer/BioNTech",6439956,6210900,12650856
2021-11-15,"Johnson&Johnson, Moderna, Oxford/AstraZeneca, Pfizer/BioNTech",6455044,6221608,12676652
2021-11-16,"Johnson&Johnson, Moderna, Oxford/AstraZeneca, Pfizer/BioNTech",6472575,6233588,12706163
2021-11-17,"Johnson&Johnson, Moderna, Oxford/AstraZeneca, Pfizer/BioNTech",6476819,6237158,12713977
2021-11-18,"Johnson&Johnson, Moderna, Oxford/AstraZeneca, Pfizer/BioNTech",6496234,6248851,12745085
2021-11-19,"Johnson&Johnson, Moderna, Oxford/AstraZeneca, Pfizer/BioNTech",6520844,6265830,12786674
2021-11-20,"Johnson&Johnson, Moderna, Oxford/AstraZeneca, Pfizer/BioNTech",6529421,6270817,12800238
2021-11-21,"Johnson&Johnson, Moderna, Oxford/AstraZeneca, Pfizer/BioNTech",6536189,6274594,12810783
2021-11-22,"Johnson&Johnson, Moderna, Oxford/AstraZeneca, Pfizer/BioNTech",6554698,6288709,12843407
2021-11-23,"Johnson&Johnson, Moderna, Oxford/AstraZeneca, Pfizer/BioNTech",6573764,6301975,12875739
2021-11-24,"Johnson&Johnson, Moderna, Oxford/AstraZeneca, Pfizer/BioNTech",6592778,6317828,12910606
2021-11-25,"Johnson&Johnson, Moderna, Oxford/AstraZeneca, Pfizer/BioNTech",6611922,6332875,12944797
2021-11-26,"Johnson&Johnson, Moderna, Oxford/AstraZeneca, Pfizer/BioNTech",6633581,6352018,12985599
2021-11-27,"Johnson&Johnson, Moderna, Oxford/AstraZeneca, Pfizer/BioNTech",6641053,6357575,12998628
2021-11-28,"Johnson&Johnson, Moderna, Oxford/AstraZeneca, Pfizer/BioNTech",6644386,6360715,13005101
2021-11-29,"Johnson&Johnson, Moderna, Oxford/AstraZeneca, Pfizer/BioNTech",6659595,6374379,13033974
2021-11-30,"Johnson&Johnson, Moderna, Oxford/AstraZeneca, Pfizer/BioNTech",6672798,6385611,13058409
2021-12-01,"Johnson&Johnson, Moderna, Oxford/AstraZeneca, Pfizer/BioNTech",6686838,6398072,13084910
2021-12-02,"Johnson&Johnson, Moderna, Oxford/AstraZeneca, Pfizer/BioNTech",6697481,6410568,13108049
2021-12-03,"Johnson&Johnson, Moderna, Oxford/AstraZeneca, Pfizer/BioNTech",6707121,6426148,13133269
2021-12-04,"Johnson&Johnson, Moderna, Pfizer/BioNTech",6709679,6430106,13139785
2021-12-05,"Johnson&Johnson, Moderna, Oxford/AstraZeneca, Pfizer/BioNTech",6711040,6432451,13143491
2021-12-06,"Johnson&Johnson, Moderna, Oxford/AstraZeneca, Pfizer/BioNTech",6719189,6443980,13163169
2021-12-07,"Johnson&Johnson, Moderna, Oxford/AstraZeneca, Pfizer/BioNTech",6727079,6455993,13183072
2021-12-08,"Johnson&Johnson, Moderna, Oxford/AstraZeneca, Pfizer/BioNTech",6735325,6461922,13197247
2021-12-09,"Johnson&Johnson, Moderna, Oxford/AstraZeneca, Pfizer/BioNTech",6742445,6474745,13217190
2021-12-10,"Johnson&Johnson, Moderna, Oxford/AstraZeneca, Pfizer/BioNTech",6749375,6492552,13241927
2021-12-11,"Johnson&Johnson, Moderna, Oxford/AstraZeneca, Pfizer/BioNTech",6751030,6497819,13248849
2021-12-12,"Johnson&Johnson, Moderna, Oxford/AstraZeneca, Pfizer/BioNTech",6752341,6502256,13254597
2021-12-13,"Johnson&Johnson, Moderna, Oxford/AstraZeneca, Pfizer/BioNTech",6758697,6515568,13274265
2021-12-14,"Johnson&Johnson, Moderna, Oxford/AstraZeneca, Pfizer/BioNTech",6764908,6529240,13294148
2021-12-15,"Johnson&Johnson, Moderna, Oxford/AstraZeneca, Pfizer/BioNTech",6771115,6542839,13313954
2021-12-16,"Johnson&Johnson, Moderna, Oxford/AstraZeneca, Pfizer/BioNTech",6778058,6557674,13335732
2021-12-17,"Johnson&Johnson, Moderna, Oxford/AstraZeneca, Pfizer/BioNTech",6786424,6574944,13361368
2021-12-18,"Johnson&Johnson, Moderna, Oxford/AstraZeneca, Pfizer/BioNTech",6789035,6580401,13369436
2021-12-19,"Johnson&Johnson, Moderna, Pfizer/BioNTech",6790807,6582905,13373712
2021-12-20,"Johnson&Johnson, Moderna, Oxford/AstraZeneca, Pfizer/BioNTech",6796658,6596968,13393626
2021-12-21,"Johnson&Johnson, Moderna, Oxford/AstraZeneca, Pfizer/BioNTech",6803321,6608973,13412294
2021-12-22,"Johnson&Johnson, Moderna, Oxford/AstraZeneca, Pfizer/BioNTech",6808368,6622033,13430401
2021-12-23,"Johnson&Johnson, Moderna, Oxford/AstraZeneca, Pfizer/BioNTech",6811242,6627637,13438879
2021-12-24,"Johnson&Johnson, Moderna, Oxford/AstraZeneca, Pfizer/BioNTech",6811288,6627741,13439029
2021-12-25,"Moderna, Pfizer/BioNTech",6811290,6627749,13439039
2021-12-26,"Moderna, Pfizer/BioNTech",6811392,6627952,13439344
2021-12-27,"Johnson&Johnson, Moderna, Pfizer/BioNTech",6815259,6637698,13452957
2021-12-28,"Johnson&Johnson, Moderna, Oxford/AstraZeneca, Pfizer/BioNTech",6820499,6645696,13466195
2021-12-29,"Johnson&Johnson, Moderna, Oxford/AstraZeneca, Pfizer/BioNTech",6824781,6653417,13478198
2021-12-30,"Johnson&Johnson, Moderna, Pfizer/BioNTech",6829082,6658851,13487933
2021-12-31,"Johnson&Johnson, Moderna, Pfizer/BioNTech",6829593,6660276,13489869
2022-01-01,"Moderna, Pfizer/BioNTech",6829599,6660294,13489893
2022-01-02,"Johnson&Johnson, Moderna, Pfizer/BioNTech",6830455,6661671,13492126
2022-01-03,"Johnson&Johnson, Moderna, Oxford/AstraZeneca, Pfizer/BioNTech",6834591,6670580,13505171
2022-01-04,"Johnson&Johnson, Moderna, Oxford/AstraZeneca, Pfizer/BioNTech",6839675,6678337,13518012
2022-01-05,"Johnson&Johnson, Moderna, Oxford/AstraZeneca, Pfizer/BioNTech",6845497,6686311,13531808
2022-01-06,"Johnson&Johnson, Moderna, Oxford/AstraZeneca, Pfizer/BioNTech",6852083,6694712,13546795
2022-01-07,"Johnson&Johnson, Moderna, Oxford/AstraZeneca, Pfizer/BioNTech",6859959,6705068,13565027
2022-01-08,"Johnson&Johnson, Moderna, Oxford/AstraZeneca, Pfizer/BioNTech",6862438,6707846,13570284
2022-01-09,"Johnson&Johnson, Moderna, Pfizer/BioNTech",6863521,6709541,13573062
2022-01-10,"Johnson&Johnson, Moderna, Oxford/AstraZeneca, Pfizer/BioNTech",6868028,6715734,13583762
2022-01-11,"Johnson&Johnson, Moderna, Oxford/AstraZeneca, Pfizer/BioNTech",6873477,6722491,13595968
2022-01-12,"Johnson&Johnson, Moderna, Oxford/AstraZeneca, Pfizer/BioNTech",6879434,6728133,13607567
2022-01-13,"Johnson&Johnson, Moderna, Oxford/AstraZeneca, Pfizer/BioNTech",6885323,6732909,13618232
2022-01-14,"Johnson&Johnson, Moderna, Oxford/AstraZeneca, Pfizer/BioNTech",6891625,6736540,13628165
2022-01-15,"Johnson&Johnson, Moderna, Oxford/AstraZeneca, Pfizer/BioNTech",6892901,6737196,13630097
2022-01-16,"Johnson&Johnson, Moderna, Oxford/AstraZeneca, Pfizer/BioNTech",6893591,6737633,13631224
2022-01-17,"Johnson&Johnson, Moderna, Oxford/AstraZeneca, Pfizer/BioNTech",6897146,6741589,13638735
2022-01-18,"Johnson&Johnson, Moderna, Oxford/AstraZeneca, Pfizer/BioNTech",6900995,6746540,13647535
2022-01-19,"Johnson&Johnson, Moderna, Oxford/AstraZeneca, Pfizer/BioNTech",6905063,6750472,13655535
2022-01-20,"Johnson&Johnson, Moderna, Oxford/AstraZeneca, Pfizer/BioNTech",6908658,6754927,13663585
2022-01-21,"Johnson&Johnson, Moderna, Oxford/AstraZeneca, Pfizer/BioNTech",6912656,6757455,13670111
2022-01-22,"Johnson&Johnson, Moderna, Pfizer/BioNTech",6913435,6757896,13671331
2022-01-23,"Johnson&Johnson, Moderna, Pfizer/BioNTech",6913996,6758530,13672526
2022-01-24,"Johnson&Johnson, Moderna, Oxford/AstraZeneca, Pfizer/BioNTech",6916268,6761965,13678233
2022-01-25,"Johnson&Johnson, Moderna, Oxford/AstraZeneca, Pfizer/BioNTech",6918626,6765959,13684585
2022-01-26,"Johnson&Johnson, Moderna, Oxford/AstraZeneca, Pfizer/BioNTech",6921011,6770527,13691538
2022-01-27,"Johnson&Johnson, Moderna, Oxford/AstraZeneca, Pfizer/BioNTech",6923333,6775339,13698672
2022-01-28,"Johnson&Johnson, Moderna, Oxford/AstraZeneca, Pfizer/BioNTech",6926250,6781502,13707752
2022-01-29,"Johnson&Johnson, Moderna, Oxford/AstraZeneca, Pfizer/BioNTech",6926852,6783153,13710005
2022-01-30,"Johnson&Johnson, Moderna, Pfizer/BioNTech",6927079,6783935,13711014
2022-01-31,"Johnson&Johnson, Moderna, Pfizer/BioNTech",6928620,6787862,13716482
2022-02-01,"Johnson&Johnson, Moderna, Pfizer/BioNTech",6930215,6791894,13722109
2022-02-02,"Johnson&Johnson, Moderna, Oxford/AstraZeneca, Pfizer/BioNTech",6931781,6796406,13728187
2022-02-03,"Johnson&Johnson, Moderna, Pfizer/BioNTech",6933161,6800891,13734052
2022-02-04,"Johnson&Johnson, Moderna, Pfizer/BioNTech",6934762,6806006,13740768
2022-02-05,"Johnson&Johnson, Moderna, Pfizer/BioNTech",6934935,6806616,13741551
2022-02-06,"Johnson&Johnson, Moderna, Pfizer/BioNTech",6935031,6806935,13741966
2022-02-07,"Johnson&Johnson, Moderna, Pfizer/BioNTech",6935734,6810144,13745878
2022-02-08,"Johnson&Johnson, Moderna, Pfizer/BioNTech",6936529,6813333,13749862
2022-02-09,"Johnson&Johnson, Moderna, Pfizer/BioNTech",6937351,6816707,13754058
2022-02-10,"Johnson&Johnson, Moderna, Pfizer/BioNTech",6938153,6819834,13757987
2022-02-11,"Johnson&Johnson, Moderna, Pfizer/BioNTech",6939107,6823749,13762856
2022-02-12,"Johnson&Johnson, Moderna, Pfizer/BioNTech",6939217,6824168,13763385
2022-02-13,"Johnson&Johnson, Moderna, Pfizer/BioNTech",6939254,6824606,13763860
2022-02-14,"Johnson&Johnson, Moderna, Pfizer/BioNTech",6939712,6826718,13766430
2022-02-15,"Johnson&Johnson, Moderna, Pfizer/BioNTech",6940265,6828928,13769193
2022-02-16,"Johnson&Johnson, Moderna, Pfizer/BioNTech",6940856,6831027,13771883
2022-02-17,"Johnson&Johnson, Moderna, Pfizer/BioNTech",6941451,6833369,13774820
2022-02-18,"Johnson&Johnson, Moderna, Oxford/AstraZeneca, Pfizer/BioNTech",6942093,6836422,13778515
2022-02-19,"Johnson&Johnson, Moderna, Pfizer/BioNTech",6942172,6836703,13778875
2022-02-20,"Johnson&Johnson, Moderna, Oxford/AstraZeneca, Pfizer/BioNTech",6942210,6836852,13779062
2022-02-21,"Johnson&Johnson, Moderna, Pfizer/BioNTech",6942574,6838551,13781125
2022-02-22,"Johnson&Johnson, Moderna, Oxford/AstraZeneca, Pfizer/BioNTech",6942967,6840249,13783216
2022-02-23,"Johnson&Johnson, Moderna, Pfizer/BioNTech",6943423,6841892,13785315
2022-02-24,"Johnson&Johnson, Moderna, Pfizer/BioNTech",6943831,6843523,13787354
2022-02-25,"Johnson&Johnson, Moderna, Pfizer/BioNTech",6944414,6845608,13790022
2022-02-26,"Johnson&Johnson, Moderna, Pfizer/BioNTech",6944475,6845769,13790244
2022-02-27,"Johnson&Johnson, Moderna, Pfizer/BioNTech",6944505,6845845,13790350
2022-02-28,"Johnson&Johnson, Moderna, Pfizer/BioNTech",6944751,6846821,13791572
2022-03-01,"Johnson&Johnson, Moderna, Pfizer/BioNTech",6945058,6847605,13792663
2022-03-02,"Johnson&Johnson, Moderna, Novavax, Pfizer/BioNTech",6945431,6848513,13793944
2022-03-03,"Johnson&Johnson, Moderna, Novavax, Pfizer/BioNTech",6945768,6849456,13795224
2022-03-04,"Johnson&Johnson, Moderna, Novavax, Pfizer/BioNTech",6946398,6850677,13797075
2022-03-05,"Johnson&Johnson, Moderna, Novavax, Pfizer/BioNTech",6946479,6850770,13797249
2022-03-06,"Moderna, Novavax, Pfizer/BioNTech",6946492,6850788,13797280
2022-03-07,"Johnson&Johnson, Moderna, Novavax, Pfizer/BioNTech",6946827,6851346,13798173
2022-03-08,"Johnson&Johnson, Moderna, Novavax, Pfizer/BioNTech",6947162,6851888,13799050
2022-03-09,"Johnson&Johnson, Moderna, Novavax, Pfizer/BioNTech",6947551,6852477,13800028
2022-03-10,"Johnson&Johnson, Moderna, Novavax, Pfizer/BioNTech",6947963,6853148,13801111
2022-03-11,"Johnson&Johnson, Moderna, Novavax, Pfizer/BioNTech",6948712,6854058,13802770
2022-03-12,"Johnson&Johnson, Moderna, Novavax, Pfizer/BioNTech",6948783,6854163,13802946
2022-03-13,"Johnson&Johnson, Moderna, Novavax, Pfizer/BioNTech",6948796,6854182,13802978
2022-03-14,"Johnson&Johnson, Moderna, Novavax, Pfizer/BioNTech",6949063,6854564,13803627
2022-03-15,"Johnson&Johnson, Moderna, Novavax, Pfizer/BioNTech",6949347,6855000,13804347
2022-03-16,"Johnson&Johnson, Moderna, Novavax, Pfizer/BioNTech",6949666,6855543,13805209
2022-03-17,"Johnson&Johnson, Moderna, Novavax, Oxford/AstraZeneca, Pfizer/BioNTech",6949962,6855976,13805938
2022-03-18,"Johnson&Johnson, Moderna, Novavax, Pfizer/BioNTech",6950660,6856771,13807431
2022-03-19,"Moderna, Novavax, Pfizer/BioNTech",6950716,6856816,13807532
2022-03-20,"Moderna, Novavax, Pfizer/BioNTech",6950734,6856828,13807562
2022-03-21,"Johnson&Johnson, Moderna, Novavax, Pfizer/BioNTech",6950922,6857155,13808077
2022-03-22,"Johnson&Johnson, Moderna, Novavax, Pfizer/BioNTech",6951163,6857553,13808716
2022-03-23,"Johnson&Johnson, Moderna, Novavax, Pfizer/BioNTech",6951500,6857992,13809492
2022-03-24,"Johnson&Johnson, Moderna, Novavax, Pfizer/BioNTech",6951811,6858465,13810276
2022-03-25,"Johnson&Johnson, Moderna, Novavax, Pfizer/BioNTech",6952305,6859270,13811575
2022-03-26,"Johnson&Johnson, Moderna, Novavax, Pfizer/BioNTech",6952357,6859348,13811705
2022-03-27,"Moderna, Novavax, Pfizer/BioNTech",6952373,6859365,13811738
2022-03-28,"Johnson&Johnson, Moderna, Novavax, Pfizer/BioNTech",6952528,6859743,13812271
2022-03-29,"Johnson&Johnson, Moderna, Novavax, Pfizer/BioNTech",6952790,6860149,13812939
2022-03-30,"Johnson&Johnson, Moderna, Novavax, Pfizer/BioNTech",6953095,6860642,13813737
2022-03-31,"Johnson&Johnson, Moderna, Novavax, Pfizer/BioNTech",6953393,6861134,13814527
2022-04-01,"Johnson&Johnson, Moderna, Novavax, Pfizer/BioNTech",6954004,6861895,13815899
2022-04-02,"Moderna, Novavax, Pfizer/BioNTech",6954061,6861980,13816041
2022-04-03,"Moderna, Novavax, Pfizer/BioNTech",6954074,6862009,13816083
2022-04-04,"Johnson&Johnson, Moderna, Novavax, Pfizer/BioNTech",6954251,6862291,13816542
2022-04-05,"Johnson&Johnson, Moderna, Novavax, Pfizer/BioNTech",6954442,6862527,13816969
2022-04-06,"Johnson&Johnson, Moderna, Novavax, Pfizer/BioNTech",6954659,6862873,13817532
2022-04-07,"Johnson&Johnson, Moderna, Novavax, Pfizer/BioNTech",6954882,6863291,13818173
2022-04-08,"Johnson&Johnson, Moderna, Novavax, Pfizer/BioNTech",6955336,6864014,13819350
2022-04-09,"Johnson&Johnson, Moderna, Novavax, Pfizer/BioNTech",6955395,6864086,13819481
2022-04-10,"Moderna, Novavax, Pfizer/BioNTech",6955408,6864095,13819503
2022-04-11,"Johnson&Johnson, Moderna, Novavax, Pfizer/BioNTech",6955570,6864326,13819896
2022-04-12,"Johnson&Johnson, Moderna, Novavax, Pfizer/BioNTech",6955817,6864624,13820441
2022-04-13,"Johnson&Johnson, Moderna, Novavax, Pfizer/BioNTech",6956058,6864978,13821036
2022-04-14,"Johnson&Johnson, Moderna, Novavax, Pfizer/BioNTech",6956320,6865363,13821683
2022-04-15,"Moderna, Novavax, Pfizer/BioNTech",6956336,6865394,13821730
2022-04-16,"Johnson&Johnson, Moderna, Novavax, Pfizer/BioNTech",6956356,6865428,13821784
2022-04-17,"Moderna, Novavax, Pfizer/BioNTech",6956357,6865429,13821786
2022-04-18,"Moderna, Novavax, Pfizer/BioNTech",6956371,6865446,13821817
2022-04-19,"Johnson&Johnson, Moderna, Novavax, Pfizer/BioNTech",6956510,6865784,13822294
2022-04-20,"Johnson&Johnson, Moderna, Novavax, Pfizer/BioNTech",6956733,6866174,13822907
2022-04-21,"Johnson&Johnson, Moderna, Novavax, Pfizer/BioNTech",6956950,6866598,13823548
2022-04-22,"Johnson&Johnson, Moderna, Novavax, Pfizer/BioNTech",6957415,6867425,13824840
2022-04-23,"Moderna, Novavax, Pfizer/BioNTech",6957446,6867504,13824950
2022-04-24,"Moderna, Novavax, Pfizer/BioNTech",6957451,6867515,13824966
2022-04-25,"Johnson&Johnson, Moderna, Novavax, Pfizer/BioNTech",6957607,6867723,13825330
2022-04-26,"Johnson&Johnson, Moderna, Novavax, Pfizer/BioNTech",6957747,6867987,13825734
2022-04-27,"Johnson&Johnson, Moderna, Novavax, Pfizer/BioNTech",6958014,6868317,13826331
2022-04-28,"Johnson&Johnson, Moderna, Novavax, Pfizer/BioNTech",6958209,6868606,13826815
2022-04-29,"Johnson&Johnson, Moderna, Novavax, Pfizer/BioNTech",6958644,6869195,13827839
2022-04-30,"Moderna, Novavax, Pfizer/BioNTech",6958684,6869262,13827946
2022-05-01,"Moderna, Novavax, Oxford/AstraZeneca, Pfizer/BioNTech",6958689,6869272,13827961
2022-05-02,"Johnson&Johnson, Moderna, Novavax, Pfizer/BioNTech",6958819,6869454,13828273
2022-05-03,"Johnson&Johnson, Moderna, Novavax, Pfizer/BioNTech",6958976,6869710,13828686
2022-05-04,"Johnson&Johnson, Moderna, Novavax, Pfizer/BioNTech",6959182,6869985,13829167
2022-05-05,"Johnson&Johnson, Moderna, Novavax, Pfizer/BioNTech",6959389,6870275,13829664
2022-05-06,"Johnson&Johnson, Moderna, Novavax, Pfizer/BioNTech",6959764,6870617,13830381
2022-05-07,"Moderna, Novavax, Pfizer/BioNTech",6959791,6870643,13830434
2022-05-08,"Moderna, Pfizer/BioNTech",6959792,6870651,13830443
2022-05-09,"Johnson&Johnson, Moderna, Novavax, Pfizer/BioNTech",6959900,6870741,13830641
2022-05-10,"Johnson&Johnson, Moderna, Novavax, Pfizer/BioNTech",6960055,6870978,13831033
2022-05-11,"Johnson&Johnson, Moderna, Novavax, Oxford/AstraZeneca, Pfizer/BioNTech",6960275,6871245,13831520
2022-05-12,"Johnson&Johnson, Moderna, Novavax, Pfizer/BioNTech",6960474,6871522,13831996
2022-05-13,"Johnson&Johnson, Moderna, Novavax, Pfizer/BioNTech",6960820,6872020,13832840
2022-05-14,"Johnson&Johnson, Moderna, Novavax, Pfizer/BioNTech",6960861,6872060,13832921
2022-05-15,"Johnson&Johnson, Moderna, Novavax, Pfizer/BioNTech",6960874,6872071,13832945
2022-05-16,"Johnson&Johnson, Moderna, Novavax, Pfizer/BioNTech",6960984,6872191,13833175
2022-05-17,"Johnson&Johnson, Moderna, Novavax, Pfizer/BioNTech",6961125,6872346,13833471
2022-05-18,"Johnson&Johnson, Moderna, Novavax, Pfizer/BioNTech",6961357,6872677,13834034
2022-05-19,"Johnson&Johnson, Moderna, Novavax, Pfizer/BioNTech",6961549,6872928,13834477
2022-05-20,"Johnson&Johnson, Moderna, Novavax, Pfizer/BioNTech",6961849,6873479,13835328
2022-05-21,"Johnson&Johnson, Moderna, Novavax, Pfizer/BioNTech",6961888,6873508,13835396
2022-05-22,"Moderna, Pfizer/BioNTech",6961896,6873514,13835410
2022-05-23,"Johnson&Johnson, Moderna, Novavax, Pfizer/BioNTech",6962017,6873669,13835686
2022-05-24,"Johnson&Johnson, Moderna, Novavax, Pfizer/BioNTech",6962149,6873842,13835991
2022-05-25,"Johnson&Johnson, Moderna, Novavax, Oxford/AstraZeneca, Pfizer/BioNTech",6962324,6874091,13836415
2022-05-26,"Johnson&Johnson, Moderna, Novavax, Pfizer/BioNTech",6962477,6874316,13836793
2022-05-27,"Johnson&Johnson, Moderna, Novavax, Pfizer/BioNTech",6962743,6874783,13837526
2022-05-28,"Moderna, Novavax, Pfizer/BioNTech",6962780,6874832,13837612
2022-05-29,"Moderna, Novavax, Pfizer/BioNTech",6962789,6874836,13837625
2022-05-30,"Johnson&Johnson, Moderna, Novavax, Pfizer/BioNTech",6962870,6874992,13837862
2022-05-31,"Johnson&Johnson, Moderna, Novavax, Pfizer/BioNTech",6963019,6875188,13838207
2022-06-01,"Johnson&Johnson, Moderna, Novavax, Pfizer/BioNTech",6963144,6875418,13838562
2022-06-02,"Moderna, Novavax, Pfizer/BioNTech",6963271,6875649,13838920
2022-06-03,"Johnson&Johnson, Moderna, Novavax, Pfizer/BioNTech",6963525,6876108,13839633
2022-06-04,"Johnson&Johnson, Moderna, Novavax, Pfizer/BioNTech",6963558,6876148,13839706
2022-06-05,"Moderna, Novavax, Pfizer/BioNTech",6963565,6876154,13839719
2022-06-06,"Johnson&Johnson, Moderna, Novavax, Pfizer/BioNTech",6963648,6876295,13839943
2022-06-07,"Johnson&Johnson, Moderna, Novavax, Pfizer/BioNTech",6963733,6876447,13840180
2022-06-08,"Johnson&Johnson, Moderna, Novavax, Pfizer/BioNTech",6963867,6876695,13840562
2022-06-09,"Johnson&Johnson, Moderna, Novavax, Pfizer/BioNTech",6963961,6876895,13840856
2022-06-10,"Johnson&Johnson, Moderna, Novavax, Pfizer/BioNTech",6964138,6877227,13841365
2022-06-11,"Moderna, Novavax, Pfizer/BioNTech",6964152,6877266,13841418
2022-06-12,"Moderna, Novavax, Pfizer/BioNTech",6964158,6877289,13841447
2022-06-13,"Johnson&Johnson, Moderna, Novavax, Oxford/AstraZeneca, Pfizer/BioNTech",6964208,6877412,13841620
2022-06-14,"Johnson&Johnson, Moderna, Novavax, Pfizer/BioNTech",6964287,6877557,13841844
2022-06-15,"Johnson&Johnson, Moderna, Novavax, Pfizer/BioNTech",6964366,6877746,13842112
2022-06-16,"Johnson&Johnson, Moderna, Novavax, Pfizer/BioNTech",6964436,6877923,13842359
2022-06-17,"Johnson&Johnson, Moderna, Novavax, Pfizer/BioNTech",6964588,6878202,13842790
2022-06-18,"Moderna, Novavax, Pfizer/BioNTech",6964601,6878241,13842842
2022-06-19,"Moderna, Pfizer/BioNTech",6964604,6878249,13842853
2022-06-20,"Johnson&Johnson, Moderna, Novavax, Pfizer/BioNTech",6964662,6878360,13843022
2022-06-21,"Johnson&Johnson, Moderna, Novavax, Pfizer/BioNTech",6964716,6878478,13843194
