date,vaccine,people_vaccinated,people_fully_vaccinated,total_vaccinations
2020-12-27,Pfizer/BioNTech,1272,0,1272
2020-12-28,Pfizer/BioNTech,3574,0,3574
2020-12-29,Pfizer/BioNTech,7029,0,7029
2020-12-30,Pfizer/BioNTech,10517,0,10517
2020-12-31,Pfizer/BioNTech,11821,0,11821
2021-01-01,"Moderna, Pfizer/BioNTech",12088,0,12088
2021-01-02,Pfizer/BioNTech,13362,0,13362
2021-01-03,Pfizer/BioNTech,14282,0,14282
2021-01-04,"Moderna, Pfizer/BioNTech",17878,0,17878
2021-01-05,"Moderna, Pfizer/BioNTech",22381,0,22381
2021-01-06,Pfizer/BioNTech,28227,0,28227
2021-01-07,"Moderna, Pfizer/BioNTech",36202,0,36202
2021-01-08,Pfizer/BioNTech,46193,0,46193
2021-01-09,"Moderna, Pfizer/BioNTech",48213,0,48213
2021-01-10,Pfizer/BioNTech,49970,2,49972
2021-01-11,Pfizer/BioNTech,59794,4,59798
2021-01-12,Pfizer/BioNTech,73202,6,73208
2021-01-13,Pfizer/BioNTech,86712,6,86718
2021-01-14,"Moderna, Pfizer/BioNTech",101909,8,101917
2021-01-15,"Moderna, Pfizer/BioNTech",115886,8,115894
2021-01-16,"Moderna, Pfizer/BioNTech",119263,10,119273
2021-01-17,"Moderna, Pfizer/BioNTech",121866,651,122517
2021-01-18,"Moderna, Pfizer/BioNTech",134341,2472,136813
2021-01-19,"Moderna, Pfizer/BioNTech",146901,5181,152082
2021-01-20,"Moderna, Pfizer/BioNTech",160544,7823,168367
2021-01-21,"Moderna, Pfizer/BioNTech",176159,9553,185712
2021-01-22,"Moderna, Pfizer/BioNTech",190999,10597,201596
2021-01-23,"Moderna, Pfizer/BioNTech",194298,11468,205766
2021-01-24,"Moderna, Pfizer/BioNTech",196543,12337,208880
2021-01-25,"Moderna, Pfizer/BioNTech",206166,15308,221474
2021-01-26,"Moderna, Pfizer/BioNTech",216697,19277,235974
2021-01-27,"Moderna, Pfizer/BioNTech",225716,23795,249511
2021-01-28,"Moderna, Pfizer/BioNTech",232790,29910,262700
2021-01-29,"Moderna, Pfizer/BioNTech",238987,37788,276775
2021-01-30,"Moderna, Pfizer/BioNTech",239718,38875,278593
2021-01-31,"Moderna, Pfizer/BioNTech",240425,40055,280480
2021-02-01,"Moderna, Pfizer/BioNTech",244389,47978,292367
2021-02-02,"Moderna, Pfizer/BioNTech",248516,58192,306708
2021-02-03,"Moderna, Pfizer/BioNTech",252923,69173,322096
2021-02-04,"Moderna, Pfizer/BioNTech",257812,82122,339934
2021-02-05,"Moderna, Pfizer/BioNTech",263261,92766,356027
2021-02-06,"Moderna, Pfizer/BioNTech",264102,95113,359215
2021-02-07,"Moderna, Pfizer/BioNTech",264950,97599,362549
2021-02-08,"Moderna, Oxford/AstraZeneca, Pfizer/BioNTech",269011,108979,377990
2021-02-09,"Moderna, Oxford/AstraZeneca, Pfizer/BioNTech",274092,120896,394988
2021-02-10,"Moderna, Pfizer/BioNTech",279582,134105,413687
2021-02-11,"Moderna, Oxford/AstraZeneca, Pfizer/BioNTech",285883,150278,436161
2021-02-12,"Moderna, Oxford/AstraZeneca, Pfizer/BioNTech",292628,164964,457592
2021-02-13,"Moderna, Oxford/AstraZeneca, Pfizer/BioNTech",294217,167943,462160
2021-02-14,"Moderna, Oxford/AstraZeneca, Pfizer/BioNTech",295208,169318,464526
2021-02-15,"Moderna, Oxford/AstraZeneca, Pfizer/BioNTech",301599,178649,480248
2021-02-16,"Moderna, Oxford/AstraZeneca, Pfizer/BioNTech",310303,187701,498004
2021-02-17,"Moderna, Oxford/AstraZeneca, Pfizer/BioNTech",319984,195988,515972
2021-02-18,"Moderna, Oxford/AstraZeneca, Pfizer/BioNTech",332281,204026,536307
2021-02-19,"Moderna, Oxford/AstraZeneca, Pfizer/BioNTech",344123,211346,555469
2021-02-20,"Moderna, Oxford/AstraZeneca, Pfizer/BioNTech",346104,212521,558625
2021-02-21,"Moderna, Oxford/AstraZeneca, Pfizer/BioNTech",347193,213535,560728
2021-02-22,"Moderna, Oxford/AstraZeneca, Pfizer/BioNTech",357298,219540,576838
2021-02-23,"Moderna, Oxford/AstraZeneca, Pfizer/BioNTech",370214,226500,596714
2021-02-24,"Moderna, Oxford/AstraZeneca, Pfizer/BioNTech",384068,232517,616585
2021-02-25,"Moderna, Oxford/AstraZeneca, Pfizer/BioNTech",402018,238048,640066
2021-02-26,"Moderna, Oxford/AstraZeneca, Pfizer/BioNTech",418168,243374,661542
2021-02-27,"Moderna, Oxford/AstraZeneca, Pfizer/BioNTech",421174,243924,665098
2021-02-28,"Moderna, Oxford/AstraZeneca, Pfizer/BioNTech",423516,244469,667985
2021-03-01,"Moderna, Oxford/AstraZeneca, Pfizer/BioNTech",443036,247891,690927
2021-03-02,"Moderna, Oxford/AstraZeneca, Pfizer/BioNTech",470223,251425,721648
2021-03-03,"Moderna, Oxford/AstraZeneca, Pfizer/BioNTech",501050,255912,756962
2021-03-04,"Moderna, Oxford/AstraZeneca, Pfizer/BioNTech",534230,260574,794804
2021-03-05,"Johnson&Johnson, Moderna, Oxford/AstraZeneca, Pfizer/BioNTech",563008,265971,828979
2021-03-06,"Johnson&Johnson, Moderna, Oxford/AstraZeneca, Pfizer/BioNTech",575134,266817,841951
2021-03-07,"Johnson&Johnson, Moderna, Oxford/AstraZeneca, Pfizer/BioNTech",586569,267650,854219
2021-03-08,"Johnson&Johnson, Moderna, Oxford/AstraZeneca, Pfizer/BioNTech",616231,272477,888708
2021-03-09,"Johnson&Johnson, Moderna, Oxford/AstraZeneca, Pfizer/BioNTech",652481,278836,931317
2021-03-10,"Moderna, Oxford/AstraZeneca, Pfizer/BioNTech",693700,285766,979466
2021-03-11,"Johnson&Johnson, Moderna, Oxford/AstraZeneca, Pfizer/BioNTech",738480,294115,1032595
2021-03-12,"Johnson&Johnson, Moderna, Oxford/AstraZeneca, Pfizer/BioNTech",777239,302560,1079799
2021-03-13,"Moderna, Oxford/AstraZeneca, Pfizer/BioNTech",794285,303848,1098133
2021-03-14,"Moderna, Oxford/AstraZeneca, Pfizer/BioNTech",806371,304983,1111354
2021-03-15,"Moderna, Oxford/AstraZeneca, Pfizer/BioNTech",834724,313747,1148471
2021-03-16,"Johnson&Johnson, Moderna, Oxford/AstraZeneca, Pfizer/BioNTech",873555,324253,1197808
2021-03-17,"Moderna, Oxford/AstraZeneca, Pfizer/BioNTech",910988,334731,1245719
2021-03-18,"Johnson&Johnson, Moderna, Oxford/AstraZeneca, Pfizer/BioNTech",948921,347121,1296042
2021-03-19,"Moderna, Oxford/AstraZeneca, Pfizer/BioNTech",983355,360706,1344061
2021-03-20,"Johnson&Johnson, Moderna, Oxford/AstraZeneca, Pfizer/BioNTech",998462,362721,1361183
2021-03-21,"Johnson&Johnson, Moderna, Oxford/AstraZeneca, Pfizer/BioNTech",1005851,364264,1370115
2021-03-22,"Johnson&Johnson, Moderna, Oxford/AstraZeneca, Pfizer/BioNTech",1030353,376737,1407090
2021-03-23,"Johnson&Johnson, Moderna, Oxford/AstraZeneca, Pfizer/BioNTech",1056924,390061,1446985
2021-03-24,"Johnson&Johnson, Moderna, Oxford/AstraZeneca, Pfizer/BioNTech",1083742,405766,1489508
2021-03-25,"Moderna, Oxford/AstraZeneca, Pfizer/BioNTech",1110030,423590,1533620
2021-03-26,"Moderna, Oxford/AstraZeneca, Pfizer/BioNTech",1134794,441062,1575856
2021-03-27,"Johnson&Johnson, Moderna, Oxford/AstraZeneca, Pfizer/BioNTech",1143209,445892,1589101
2021-03-28,"Moderna, Oxford/AstraZeneca, Pfizer/BioNTech",1148733,450022,1598755
2021-03-29,"Johnson&Johnson, Moderna, Oxford/AstraZeneca, Pfizer/BioNTech",1167778,470683,1638461
2021-03-30,"Johnson&Johnson, Moderna, Oxford/AstraZeneca, Pfizer/BioNTech",1192428,492826,1685254
2021-03-31,"Johnson&Johnson, Moderna, Oxford/AstraZeneca, Pfizer/BioNTech",1215471,519855,1735326
2021-04-01,"Johnson&Johnson, Moderna, Oxford/AstraZeneca, Pfizer/BioNTech",1241028,551852,1792880
2021-04-02,"Johnson&Johnson, Moderna, Oxford/AstraZeneca, Pfizer/BioNTech",1247900,564628,1812528
2021-04-03,"Johnson&Johnson, Moderna, Oxford/AstraZeneca, Pfizer/BioNTech",1251491,575532,1827023
2021-04-04,"Johnson&Johnson, Moderna, Oxford/AstraZeneca, Pfizer/BioNTech",1253967,584328,1838295
2021-04-05,"Johnson&Johnson, Moderna, Oxford/AstraZeneca, Pfizer/BioNTech",1256332,591493,1847825
2021-04-06,"Johnson&Johnson, Moderna, Oxford/AstraZeneca, Pfizer/BioNTech",1272416,620703,1893119
2021-04-07,"Johnson&Johnson, Moderna, Oxford/AstraZeneca, Pfizer/BioNTech",1295775,642855,1938630
2021-04-08,"Johnson&Johnson, Moderna, Oxford/AstraZeneca, Pfizer/BioNTech",1334388,673838,2008226
2021-04-09,"Johnson&Johnson, Moderna, Oxford/AstraZeneca, Pfizer/BioNTech",1373844,703993,2077837
2021-04-10,"Johnson&Johnson, Moderna, Oxford/AstraZeneca, Pfizer/BioNTech",1389279,719265,2108544
2021-04-11,"Johnson&Johnson, Moderna, Oxford/AstraZeneca, Pfizer/BioNTech",1399020,729276,2128296
2021-04-12,"Johnson&Johnson, Moderna, Oxford/AstraZeneca, Pfizer/BioNTech",1437227,754359,2191586
2021-04-13,"Moderna, Oxford/AstraZeneca, Pfizer/BioNTech",1473421,780326,2253747
2021-04-14,"Moderna, Oxford/AstraZeneca, Pfizer/BioNTech",1512171,807653,2319824
2021-04-15,"Moderna, Oxford/AstraZeneca, Pfizer/BioNTech",1559877,833338,2393215
2021-04-16,"Moderna, Oxford/AstraZeneca, Pfizer/BioNTech",1604442,858933,2463375
2021-04-17,"Moderna, Oxford/AstraZeneca, Pfizer/BioNTech",1621082,867941,2489023
2021-04-18,"Moderna, Oxford/AstraZeneca, Pfizer/BioNTech",1634035,872914,2506949
2021-04-19,"Moderna, Oxford/AstraZeneca, Pfizer/BioNTech",1677982,888323,2566305
2021-04-20,"Johnson&Johnson, Moderna, Oxford/AstraZeneca, Pfizer/BioNTech",1720489,904161,2624650
2021-04-21,"Moderna, Oxford/AstraZeneca, Pfizer/BioNTech",1768176,918426,2686602
2021-04-22,"Johnson&Johnson, Moderna, Oxford/AstraZeneca, Pfizer/BioNTech",1822622,935782,2758404
2021-04-23,"Johnson&Johnson, Moderna, Oxford/AstraZeneca, Pfizer/BioNTech",1872535,947799,2820334
2021-04-24,"Johnson&Johnson, Moderna, Oxford/AstraZeneca, Pfizer/BioNTech",1890340,953026,2843366
2021-04-25,"Johnson&Johnson, Moderna, Oxford/AstraZeneca, Pfizer/BioNTech",1905008,957004,2862012
2021-04-26,"Johnson&Johnson, Moderna, Oxford/AstraZeneca, Pfizer/BioNTech",1954566,964538,2919104
2021-04-27,"Johnson&Johnson, Moderna, Oxford/AstraZeneca, Pfizer/BioNTech",2003514,976727,2980241
2021-04-28,"Johnson&Johnson, Moderna, Oxford/AstraZeneca, Pfizer/BioNTech",2062227,990686,3052913
2021-04-29,"Johnson&Johnson, Moderna, Oxford/AstraZeneca, Pfizer/BioNTech",2127755,1006510,3134265
2021-04-30,"Johnson&Johnson, Moderna, Oxford/AstraZeneca, Pfizer/BioNTech",2189927,1016420,3206347
2021-05-01,"Johnson&Johnson, Moderna, Oxford/AstraZeneca, Pfizer/BioNTech",2209217,1019834,3229051
2021-05-02,"Johnson&Johnson, Moderna, Oxford/AstraZeneca, Pfizer/BioNTech",2228106,1022082,3250188
2021-05-03,"Johnson&Johnson, Moderna, Oxford/AstraZeneca, Pfizer/BioNTech",2295319,1027121,3322440
2021-05-04,"Johnson&Johnson, Moderna, Oxford/AstraZeneca, Pfizer/BioNTech",2361770,1035411,3397181
2021-05-05,"Johnson&Johnson, Moderna, Oxford/AstraZeneca, Pfizer/BioNTech",2434884,1044758,3479642
2021-05-06,"Johnson&Johnson, Moderna, Oxford/AstraZeneca, Pfizer/BioNTech",2515231,1055385,3570616
2021-05-07,"Johnson&Johnson, Moderna, Oxford/AstraZeneca, Pfizer/BioNTech",2592481,1065411,3657892
2021-05-08,"Johnson&Johnson, Moderna, Oxford/AstraZeneca, Pfizer/BioNTech",2621877,1067133,3689010
2021-05-09,"Johnson&Johnson, Moderna, Oxford/AstraZeneca, Pfizer/BioNTech",2646043,1068319,3714362
2021-05-10,"Johnson&Johnson, Moderna, Oxford/AstraZeneca, Pfizer/BioNTech",2718765,1075480,3794245
2021-05-11,"Johnson&Johnson, Moderna, Oxford/AstraZeneca, Pfizer/BioNTech",2794828,1084243,3879071
2021-05-12,"Johnson&Johnson, Moderna, Oxford/AstraZeneca, Pfizer/BioNTech",2874640,1093273,3967913
2021-05-13,"Johnson&Johnson, Moderna, Oxford/AstraZeneca, Pfizer/BioNTech",2958626,1102395,4061021
2021-05-14,"Johnson&Johnson, Moderna, Oxford/AstraZeneca, Pfizer/BioNTech",3038015,1110115,4148130
2021-05-15,"Johnson&Johnson, Moderna, Oxford/AstraZeneca, Pfizer/BioNTech",3069847,1112299,4182146
2021-05-16,"Johnson&Johnson, Moderna, Oxford/AstraZeneca, Pfizer/BioNTech",3095589,1113491,4209080
2021-05-17,"Johnson&Johnson, Moderna, Oxford/AstraZeneca, Pfizer/BioNTech",3168066,1120163,4288229
2021-05-18,"Johnson&Johnson, Moderna, Oxford/AstraZeneca, Pfizer/BioNTech",3239964,1133143,4373107
2021-05-19,"Johnson&Johnson, Moderna, Oxford/AstraZeneca, Pfizer/BioNTech",3317394,1148223,4465617
2021-05-20,"Johnson&Johnson, Moderna, Oxford/AstraZeneca, Pfizer/BioNTech",3392794,1175178,4567972
2021-05-21,"Johnson&Johnson, Moderna, Oxford/AstraZeneca, Pfizer/BioNTech",3461538,1202844,4664382
2021-05-22,"Johnson&Johnson, Moderna, Oxford/AstraZeneca, Pfizer/BioNTech",3493864,1213972,4707836
2021-05-23,"Johnson&Johnson, Moderna, Oxford/AstraZeneca, Pfizer/BioNTech",3516166,1222970,4739136
2021-05-24,"Johnson&Johnson, Moderna, Oxford/AstraZeneca, Pfizer/BioNTech",3563234,1256557,4819791
2021-05-25,"Johnson&Johnson, Moderna, Oxford/AstraZeneca, Pfizer/BioNTech",3615060,1292289,4907349
2021-05-26,"Johnson&Johnson, Moderna, Oxford/AstraZeneca, Pfizer/BioNTech",3682776,1329758,5012534
2021-05-27,"Johnson&Johnson, Moderna, Oxford/AstraZeneca, Pfizer/BioNTech",3744116,1377012,5121128
2021-05-28,"Johnson&Johnson, Moderna, Oxford/AstraZeneca, Pfizer/BioNTech",3805770,1423486,5229256
2021-05-29,"Johnson&Johnson, Moderna, Oxford/AstraZeneca, Pfizer/BioNTech",3834910,1440546,5275456
2021-05-30,"Johnson&Johnson, Moderna, Oxford/AstraZeneca, Pfizer/BioNTech",3857248,1454944,5312192
2021-05-31,"Johnson&Johnson, Moderna, Oxford/AstraZeneca, Pfizer/BioNTech",3912955,1502427,5415382
2021-06-01,"Johnson&Johnson, Moderna, Oxford/AstraZeneca, Pfizer/BioNTech",3971959,1551176,5523135
2021-06-02,"Johnson&Johnson, Moderna, Oxford/AstraZeneca, Pfizer/BioNTech",4034813,1605058,5639871
2021-06-03,"Johnson&Johnson, Moderna, Oxford/AstraZeneca, Pfizer/BioNTech",4093029,1665191,5758220
2021-06-04,"Johnson&Johnson, Moderna, Oxford/AstraZeneca, Pfizer/BioNTech",4156093,1722491,5878584
2021-06-05,"Johnson&Johnson, Moderna, Oxford/AstraZeneca, Pfizer/BioNTech",4190221,1741253,5931474
2021-06-06,"Johnson&Johnson, Moderna, Oxford/AstraZeneca, Pfizer/BioNTech",4217117,1756340,5973457
2021-06-07,"Johnson&Johnson, Moderna, Oxford/AstraZeneca, Pfizer/BioNTech",4280779,1811893,6092672
2021-06-08,"Johnson&Johnson, Moderna, Oxford/AstraZeneca, Pfizer/BioNTech",4344731,1866782,6211513
2021-06-09,"Johnson&Johnson, Moderna, Oxford/AstraZeneca, Pfizer/BioNTech",4403897,1931099,6334996
2021-06-10,"Johnson&Johnson, Moderna, Oxford/AstraZeneca, Pfizer/BioNTech",4457769,2002080,6459849
2021-06-11,"Johnson&Johnson, Moderna, Oxford/AstraZeneca, Pfizer/BioNTech",4509848,2071674,6581522
2021-06-12,"Johnson&Johnson, Moderna, Oxford/AstraZeneca, Pfizer/BioNTech",4541821,2092394,6634215
2021-06-13,"Johnson&Johnson, Moderna, Oxford/AstraZeneca, Pfizer/BioNTech",4565825,2110740,6676565
2021-06-14,"Johnson&Johnson, Moderna, Oxford/AstraZeneca, Pfizer/BioNTech",4608809,2185012,6793821
2021-06-15,"Johnson&Johnson, Moderna, Oxford/AstraZeneca, Pfizer/BioNTech",4653432,2257238,6910670
2021-06-16,"Johnson&Johnson, Moderna, Oxford/AstraZeneca, Pfizer/BioNTech",4696158,2335326,7031484
2021-06-17,"Johnson&Johnson, Moderna, Oxford/AstraZeneca, Pfizer/BioNTech",4735526,2418260,7153786
2021-06-18,"Johnson&Johnson, Moderna, Oxford/AstraZeneca, Pfizer/BioNTech",4777896,2498620,7276516
2021-06-19,"Johnson&Johnson, Moderna, Oxford/AstraZeneca, Pfizer/BioNTech",4799624,2527826,7327450
2021-06-20,"Johnson&Johnson, Moderna, Oxford/AstraZeneca, Pfizer/BioNTech",4816982,2551580,7368562
2021-06-21,"Johnson&Johnson, Moderna, Oxford/AstraZeneca, Pfizer/BioNTech",4849485,2630031,7479516
2021-06-22,"Johnson&Johnson, Moderna, Oxford/AstraZeneca, Pfizer/BioNTech",4882431,2712169,7594600
2021-06-23,"Johnson&Johnson, Moderna, Oxford/AstraZeneca, Pfizer/BioNTech",4914077,2797275,7711352
2021-06-24,"Johnson&Johnson, Moderna, Oxford/AstraZeneca, Pfizer/BioNTech",4943906,2887194,7831100
2021-06-25,"Johnson&Johnson, Moderna, Oxford/AstraZeneca, Pfizer/BioNTech",4974934,2973198,7948132
2021-06-26,"Johnson&Johnson, Moderna, Oxford/AstraZeneca, Pfizer/BioNTech",4990783,3007924,7998707
2021-06-27,"Johnson&Johnson, Moderna, Oxford/AstraZeneca, Pfizer/BioNTech",5004720,3034502,8039222
2021-06-28,"Johnson&Johnson, Moderna, Oxford/AstraZeneca, Pfizer/BioNTech",5033135,3119573,8152708
2021-06-29,"Johnson&Johnson, Moderna, Oxford/AstraZeneca, Pfizer/BioNTech",5062380,3205942,8268322
2021-06-30,"Johnson&Johnson, Moderna, Oxford/AstraZeneca, Pfizer/BioNTech",5089876,3296781,8386657
2021-07-01,"Johnson&Johnson, Moderna, Oxford/AstraZeneca, Pfizer/BioNTech",5113816,3386686,8500502
2021-07-02,"Johnson&Johnson, Moderna, Oxford/AstraZeneca, Pfizer/BioNTech",5140528,3472371,8612899
2021-07-03,"Johnson&Johnson, Moderna, Oxford/AstraZeneca, Pfizer/BioNTech",5147600,3503812,8651412
2021-07-04,"Johnson&Johnson, Moderna, Oxford/AstraZeneca, Pfizer/BioNTech",5155141,3525563,8680704
2021-07-05,"Johnson&Johnson, Moderna, Oxford/AstraZeneca, Pfizer/BioNTech",5162483,3550866,8713349
2021-07-06,"Johnson&Johnson, Moderna, Oxford/AstraZeneca, Pfizer/BioNTech",5167871,3578418,8746289
2021-07-07,"Johnson&Johnson, Moderna, Oxford/AstraZeneca, Pfizer/BioNTech",5193653,3657268,8850921
2021-07-08,"Johnson&Johnson, Moderna, Oxford/AstraZeneca, Pfizer/BioNTech",5220227,3727471,8947698
2021-07-09,"Johnson&Johnson, Moderna, Oxford/AstraZeneca, Pfizer/BioNTech",5248117,3796612,9044729
2021-07-10,"Johnson&Johnson, Moderna, Oxford/AstraZeneca, Pfizer/BioNTech",5257446,3825164,9082610
2021-07-11,"Johnson&Johnson, Moderna, Oxford/AstraZeneca, Pfizer/BioNTech",5265958,3848001,9113959
2021-07-12,"Johnson&Johnson, Moderna, Oxford/AstraZeneca, Pfizer/BioNTech",5293481,3916994,9210475
2021-07-13,"Johnson&Johnson, Moderna, Oxford/AstraZeneca, Pfizer/BioNTech",5319672,3986761,9306433
2021-07-14,"Johnson&Johnson, Moderna, Oxford/AstraZeneca, Pfizer/BioNTech",5345498,4058640,9404138
2021-07-15,"Johnson&Johnson, Moderna, Oxford/AstraZeneca, Pfizer/BioNTech",5374696,4124531,9499227
2021-07-16,"Johnson&Johnson, Moderna, Oxford/AstraZeneca, Pfizer/BioNTech",5402608,4197122,9599730
2021-07-17,"Johnson&Johnson, Moderna, Oxford/AstraZeneca, Pfizer/BioNTech",5411351,4228494,9639845
2021-07-18,"Johnson&Johnson, Moderna, Oxford/AstraZeneca, Pfizer/BioNTech",5419782,4254449,9674231
2021-07-19,"Johnson&Johnson, Moderna, Oxford/AstraZeneca, Pfizer/BioNTech",5443108,4321373,9764481
2021-07-20,"Johnson&Johnson, Moderna, Oxford/AstraZeneca, Pfizer/BioNTech",5464474,4388311,9852785
2021-07-21,"Johnson&Johnson, Moderna, Oxford/AstraZeneca, Pfizer/BioNTech",5487895,4451646,9939541
2021-07-22,"Johnson&Johnson, Moderna, Oxford/AstraZeneca, Pfizer/BioNTech",5510224,4510152,10020376
2021-07-23,"Johnson&Johnson, Moderna, Oxford/AstraZeneca, Pfizer/BioNTech",5533384,4564768,10098152
2021-07-24,"Johnson&Johnson, Moderna, Oxford/AstraZeneca, Pfizer/BioNTech",5540674,4592352,10133026
2021-07-25,"Johnson&Johnson, Moderna, Oxford/AstraZeneca, Pfizer/BioNTech",5547267,4614337,10161604
2021-07-26,"Johnson&Johnson, Moderna, Oxford/AstraZeneca, Pfizer/BioNTech",5570768,4662789,10233557
2021-07-27,"Johnson&Johnson, Moderna, Oxford/AstraZeneca, Pfizer/BioNTech",5593439,4709302,10302741
2021-07-28,"Johnson&Johnson, Moderna, Oxford/AstraZeneca, Pfizer/BioNTech",5614641,4755162,10369803
2021-07-29,"Johnson&Johnson, Moderna, Oxford/AstraZeneca, Pfizer/BioNTech",5635875,4796985,10432860
2021-07-30,"Johnson&Johnson, Moderna, Oxford/AstraZeneca, Pfizer/BioNTech",5659123,4839426,10498549
2021-07-31,"Johnson&Johnson, Moderna, Oxford/AstraZeneca, Pfizer/BioNTech",5668038,4858906,10526944
2021-08-01,"Johnson&Johnson, Moderna, Oxford/AstraZeneca, Pfizer/BioNTech",5674743,4875030,10549773
2021-08-02,"Johnson&Johnson, Moderna, Oxford/AstraZeneca, Pfizer/BioNTech",5693323,4912486,10605809
2021-08-03,"Johnson&Johnson, Moderna, Oxford/AstraZeneca, Pfizer/BioNTech",5710905,4950495,10661400
2021-08-04,"Johnson&Johnson, Moderna, Oxford/AstraZeneca, Pfizer/BioNTech",5726939,4987126,10714065
2021-08-05,"Johnson&Johnson, Moderna, Oxford/AstraZeneca, Pfizer/BioNTech",5742913,5027489,10770402
2021-08-06,"Johnson&Johnson, Moderna, Oxford/AstraZeneca, Pfizer/BioNTech",5759661,5070635,10830296
2021-08-07,"Johnson&Johnson, Moderna, Oxford/AstraZeneca, Pfizer/BioNTech",5765227,5088740,10853967
2021-08-08,"Johnson&Johnson, Moderna, Oxford/AstraZeneca, Pfizer/BioNTech",5769572,5104447,10874019
2021-08-09,"Johnson&Johnson, Moderna, Oxford/AstraZeneca, Pfizer/BioNTech",5782180,5149416,10931596
2021-08-10,"Johnson&Johnson, Moderna, Oxford/AstraZeneca, Pfizer/BioNTech",5793974,5188889,10982863
2021-08-11,"Johnson&Johnson, Moderna, Oxford/AstraZeneca, Pfizer/BioNTech",5805299,5231938,11037237
2021-08-12,"Johnson&Johnson, Moderna, Oxford/AstraZeneca, Pfizer/BioNTech",5816656,5268926,11085582
2021-08-13,"Johnson&Johnson, Moderna, Oxford/AstraZeneca, Pfizer/BioNTech",5827298,5309144,11136442
2021-08-14,"Johnson&Johnson, Moderna, Oxford/AstraZeneca, Pfizer/BioNTech",5830626,5319801,11150427
2021-08-15,"Johnson&Johnson, Moderna, Oxford/AstraZeneca, Pfizer/BioNTech",5833193,5330145,11163338
2021-08-16,"Johnson&Johnson, Moderna, Oxford/AstraZeneca, Pfizer/BioNTech",5842947,5364129,11207076
2021-08-17,"Johnson&Johnson, Moderna, Oxford/AstraZeneca, Pfizer/BioNTech",5852487,5391143,11243630
2021-08-18,"Johnson&Johnson, Moderna, Oxford/AstraZeneca, Pfizer/BioNTech",5861820,5429912,11291732
2021-08-19,"Johnson&Johnson, Moderna, Oxford/AstraZeneca, Pfizer/BioNTech",5871403,5468174,11339577
2021-08-20,"Johnson&Johnson, Moderna, Oxford/AstraZeneca, Pfizer/BioNTech",5882704,5508271,11390975
2021-08-21,"Johnson&Johnson, Moderna, Oxford/AstraZeneca, Pfizer/BioNTech",5885400,5520995,11406395
2021-08-22,"Johnson&Johnson, Moderna, Oxford/AstraZeneca, Pfizer/BioNTech",5887734,5532931,11420665
2021-08-23,"Johnson&Johnson, Moderna, Oxford/AstraZeneca, Pfizer/BioNTech",5898216,5572091,11470307
2021-08-24,"Johnson&Johnson, Moderna, Oxford/AstraZeneca, Pfizer/BioNTech",5908039,5605266,11513305
2021-08-25,"Johnson&Johnson, Moderna, Oxford/AstraZeneca, Pfizer/BioNTech",5916853,5633545,11550398
2021-08-26,"Johnson&Johnson, Moderna, Oxford/AstraZeneca, Pfizer/BioNTech",5925230,5659580,11584810
2021-08-27,"Johnson&Johnson, Moderna, Oxford/AstraZeneca, Pfizer/BioNTech",5935484,5685447,11620931
2021-08-28,"Johnson&Johnson, Moderna, Oxford/AstraZeneca, Pfizer/BioNTech",5938187,5692457,11630644
2021-08-29,"Johnson&Johnson, Moderna, Oxford/AstraZeneca, Pfizer/BioNTech",5940578,5699063,11639641
2021-08-30,"Johnson&Johnson, Moderna, Oxford/AstraZeneca, Pfizer/BioNTech",5949017,5720836,11669853
2021-08-31,"Johnson&Johnson, Moderna, Oxford/AstraZeneca, Pfizer/BioNTech",5956616,5738840,11695456
2021-09-01,"Johnson&Johnson, Moderna, Oxford/AstraZeneca, Pfizer/BioNTech",5962401,5752743,11715144
2021-09-02,"Johnson&Johnson, Moderna, Oxford/AstraZeneca, Pfizer/BioNTech",5969068,5766876,11735944
2021-09-03,"Johnson&Johnson, Moderna, Oxford/AstraZeneca, Pfizer/BioNTech",5978409,5782445,11760854
2021-09-04,"Johnson&Johnson, Moderna, Oxford/AstraZeneca, Pfizer/BioNTech",5980429,5785963,11766392
2021-09-05,"Johnson&Johnson, Moderna, Pfizer/BioNTech",5982443,5788783,11771226
2021-09-06,"Johnson&Johnson, Moderna, Oxford/AstraZeneca, Pfizer/BioNTech",5988458,5801172,11789630
2021-09-07,"Johnson&Johnson, Moderna, Oxford/AstraZeneca, Pfizer/BioNTech",5992726,5812138,11804864
2021-09-08,"Johnson&Johnson, Moderna, Oxford/AstraZeneca, Pfizer/BioNTech",5998260,5821921,11820181
2021-09-09,"Johnson&Johnson, Moderna, Oxford/AstraZeneca, Pfizer/BioNTech",6004796,5831896,11836692
2021-09-10,"Johnson&Johnson, Moderna, Oxford/AstraZeneca, Pfizer/BioNTech",6012281,5843921,11856202
2021-09-11,"Johnson&Johnson, Moderna, Pfizer/BioNTech",6014114,5846380,11860494
2021-09-12,"Johnson&Johnson, Moderna, Oxford/AstraZeneca, Pfizer/BioNTech",6015215,5847991,11863206
2021-09-13,"Johnson&Johnson, Moderna, Oxford/AstraZeneca, Pfizer/BioNTech",6020508,5858175,11878683
2021-09-14,"Johnson&Johnson, Moderna, Oxford/AstraZeneca, Pfizer/BioNTech",6025771,5867079,11892850
2021-09-15,"Johnson&Johnson, Moderna, Oxford/AstraZeneca, Pfizer/BioNTech",6030840,5875499,11906339
2021-09-16,"Johnson&Johnson, Moderna, Oxford/AstraZeneca, Pfizer/BioNTech",6035955,5883638,11919593
2021-09-17,"Johnson&Johnson, Moderna, Oxford/AstraZeneca, Pfizer/BioNTech",6042280,5893645,11935925
2021-09-18,"Johnson&Johnson, Moderna, Pfizer/BioNTech",6043972,5895964,11939936
2021-09-19,"Johnson&Johnson, Moderna, Pfizer/BioNTech",6044902,5897515,11942417
2021-09-20,"Johnson&Johnson, Moderna, Oxford/AstraZeneca, Pfizer/BioNTech",6048701,5905527,11954228
2021-09-21,"Johnson&Johnson, Moderna, Oxford/AstraZeneca, Pfizer/BioNTech",6052643,5912893,11965536
2021-09-22,"Johnson&Johnson, Moderna, Oxford/AstraZeneca, Pfizer/BioNTech",6056268,5917968,11974236
