date,vaccine,people_vaccinated,people_fully_vaccinated,total_vaccinations
2020-12-27,Pfizer/BioNTech,1249,0,1249
2020-12-28,Pfizer/BioNTech,3541,0,3541
2020-12-29,Pfizer/BioNTech,6989,0,6989
2020-12-30,Pfizer/BioNTech,10464,0,10464
2020-12-31,Pfizer/BioNTech,11769,0,11769
2021-01-01,Pfizer/BioNTech,12030,0,12030
2021-01-02,Pfizer/BioNTech,13294,0,13294
2021-01-03,Pfizer/BioNTech,14208,0,14208
2021-01-04,Pfizer/BioNTech,17781,0,17781
2021-01-05,Pfizer/BioNTech,22271,0,22271
2021-01-06,Pfizer/BioNTech,28090,0,28090
2021-01-07,Pfizer/BioNTech,36031,0,36031
2021-01-08,Pfizer/BioNTech,45965,0,45965
2021-01-09,Pfizer/BioNTech,47978,0,47978
2021-01-10,Pfizer/BioNTech,49728,0,49728
2021-01-11,Pfizer/BioNTech,59518,0,59518
2021-01-12,Pfizer/BioNTech,72879,0,72879
2021-01-13,Pfizer/BioNTech,86353,0,86353
2021-01-14,"Moderna, Pfizer/BioNTech",101510,0,101510
2021-01-15,"Moderna, Pfizer/BioNTech",115447,0,115447
2021-01-16,"Moderna, Pfizer/BioNTech",118819,2,118821
2021-01-17,"Moderna, Pfizer/BioNTech",121415,635,122050
2021-01-18,"Moderna, Pfizer/BioNTech",133863,2445,136308
2021-01-19,"Moderna, Pfizer/BioNTech",146368,5145,151513
2021-01-20,"Moderna, Pfizer/BioNTech",159976,7774,167750
2021-01-21,"Moderna, Pfizer/BioNTech",175535,9494,185029
2021-01-22,"Moderna, Pfizer/BioNTech",190331,10528,200859
2021-01-23,"Moderna, Pfizer/BioNTech",193610,11394,205004
2021-01-24,"Moderna, Pfizer/BioNTech",195855,12257,208112
2021-01-25,"Moderna, Pfizer/BioNTech",205451,15211,220662
2021-01-26,"Moderna, Pfizer/BioNTech",215945,19166,235111
2021-01-27,"Moderna, Pfizer/BioNTech",224935,23661,248596
2021-01-28,"Moderna, Pfizer/BioNTech",231964,29748,261712
2021-01-29,"Moderna, Pfizer/BioNTech",238142,37564,275706
2021-01-30,"Moderna, Pfizer/BioNTech",238860,38646,277506
2021-01-31,"Moderna, Pfizer/BioNTech",239563,39818,279381
2021-02-01,"Moderna, Pfizer/BioNTech",243510,47695,291205
2021-02-02,"Moderna, Pfizer/BioNTech",247627,57864,305491
2021-02-03,"Moderna, Pfizer/BioNTech",252015,68815,320830
2021-02-04,"Moderna, Pfizer/BioNTech",256892,81724,338616
2021-02-05,"Moderna, Pfizer/BioNTech",262328,92345,354673
2021-02-06,"Moderna, Pfizer/BioNTech",263164,94682,357846
2021-02-07,"Moderna, Pfizer/BioNTech",264010,97158,361168
2021-02-08,"Moderna, Pfizer/BioNTech",268026,108506,376532
2021-02-09,"Moderna, Oxford/AstraZeneca, Pfizer/BioNTech",273091,120401,393492
2021-02-10,"Moderna, Pfizer/BioNTech",278555,133574,412129
2021-02-11,"Moderna, Oxford/AstraZeneca, Pfizer/BioNTech",284832,149686,434518
2021-02-12,"Moderna, Oxford/AstraZeneca, Pfizer/BioNTech",291536,164325,455861
2021-02-13,"Moderna, Oxford/AstraZeneca, Pfizer/BioNTech",293112,167296,460408
2021-02-14,"Moderna, Oxford/AstraZeneca, Pfizer/BioNTech",294100,168664,462764
2021-02-15,"Moderna, Oxford/AstraZeneca, Pfizer/BioNTech",300443,177970,478413
2021-02-16,"Moderna, Oxford/AstraZeneca, Pfizer/BioNTech",309107,186987,496094
2021-02-17,"Moderna, Oxford/AstraZeneca, Pfizer/BioNTech",318768,195233,514001
2021-02-18,"Moderna, Oxford/AstraZeneca, Pfizer/BioNTech",331030,203217,534247
2021-02-19,"Moderna, Oxford/AstraZeneca, Pfizer/BioNTech",342836,210506,553342
2021-02-20,"Moderna, Oxford/AstraZeneca, Pfizer/BioNTech",344770,211669,556439
2021-02-21,"Moderna, Oxford/AstraZeneca, Pfizer/BioNTech",345793,212675,558468
2021-02-22,"Moderna, Oxford/AstraZeneca, Pfizer/BioNTech",355869,218664,574533
2021-02-23,"Moderna, Oxford/AstraZeneca, Pfizer/BioNTech",368733,225598,594331
2021-02-24,"Moderna, Oxford/AstraZeneca, Pfizer/BioNTech",382539,231592,614131
2021-02-25,"Moderna, Oxford/AstraZeneca, Pfizer/BioNTech",400460,237106,637566
2021-02-26,"Moderna, Oxford/AstraZeneca, Pfizer/BioNTech",416553,242419,658972
2021-02-27,"Moderna, Oxford/AstraZeneca, Pfizer/BioNTech",419487,242967,662454
2021-02-28,"Moderna, Oxford/AstraZeneca, Pfizer/BioNTech",421824,243514,665338
2021-03-01,"Moderna, Oxford/AstraZeneca, Pfizer/BioNTech",441185,246900,688085
2021-03-02,"Moderna, Oxford/AstraZeneca, Pfizer/BioNTech",468267,250423,718690
2021-03-03,"Moderna, Oxford/AstraZeneca, Pfizer/BioNTech",498856,254896,753752
2021-03-04,"Moderna, Oxford/AstraZeneca, Pfizer/BioNTech",531920,259544,791464
2021-03-05,"Moderna, Oxford/AstraZeneca, Pfizer/BioNTech",560555,264905,825460
2021-03-06,"Moderna, Oxford/AstraZeneca, Pfizer/BioNTech",572625,265741,838366
2021-03-07,"Moderna, Oxford/AstraZeneca, Pfizer/BioNTech",583963,266569,850532
2021-03-08,"Moderna, Oxford/AstraZeneca, Pfizer/BioNTech",613501,271379,884880
2021-03-09,"Moderna, Oxford/AstraZeneca, Pfizer/BioNTech",649581,277709,927290
2021-03-10,"Moderna, Oxford/AstraZeneca, Pfizer/BioNTech",690580,284619,975199
2021-03-11,"Moderna, Oxford/AstraZeneca, Pfizer/BioNTech",735079,292932,1028011
2021-03-12,"Moderna, Oxford/AstraZeneca, Pfizer/BioNTech",773591,301349,1074940
2021-03-13,"Moderna, Oxford/AstraZeneca, Pfizer/BioNTech",790564,302632,1093196
2021-03-14,"Moderna, Oxford/AstraZeneca, Pfizer/BioNTech",802588,303758,1106346
2021-03-15,"Moderna, Oxford/AstraZeneca, Pfizer/BioNTech",830724,312501,1143225
2021-03-16,"Moderna, Oxford/AstraZeneca, Pfizer/BioNTech",869359,322968,1192327
2021-03-17,"Moderna, Oxford/AstraZeneca, Pfizer/BioNTech",906576,333420,1239996
2021-03-18,"Moderna, Oxford/AstraZeneca, Pfizer/BioNTech",944240,345776,1290016
2021-03-19,"Moderna, Oxford/AstraZeneca, Pfizer/BioNTech",978353,359312,1337665
2021-03-20,"Moderna, Oxford/AstraZeneca, Pfizer/BioNTech",993328,361318,1354646
2021-03-21,"Moderna, Oxford/AstraZeneca, Pfizer/BioNTech",1000670,362848,1363518
2021-03-22,"Moderna, Oxford/AstraZeneca, Pfizer/BioNTech",1024788,375235,1400023
2021-03-23,"Moderna, Oxford/AstraZeneca, Pfizer/BioNTech",1051083,388480,1439563
2021-03-24,"Moderna, Oxford/AstraZeneca, Pfizer/BioNTech",1077624,404115,1481739
2021-03-25,"Moderna, Oxford/AstraZeneca, Pfizer/BioNTech",1103719,421906,1525625
2021-03-26,"Moderna, Oxford/AstraZeneca, Pfizer/BioNTech",1128301,439322,1567623
2021-03-27,"Moderna, Oxford/AstraZeneca, Pfizer/BioNTech",1136653,444131,1580784
2021-03-28,"Moderna, Oxford/AstraZeneca, Pfizer/BioNTech",1142128,448241,1590369
2021-03-29,"Moderna, Oxford/AstraZeneca, Pfizer/BioNTech",1160860,468826,1629686
2021-03-30,"Moderna, Oxford/AstraZeneca, Pfizer/BioNTech",1185299,490892,1676191
2021-03-31,"Moderna, Oxford/AstraZeneca, Pfizer/BioNTech",1208157,517837,1725994
2021-04-01,"Moderna, Oxford/AstraZeneca, Pfizer/BioNTech",1233496,549693,1783189
2021-04-02,"Moderna, Oxford/AstraZeneca, Pfizer/BioNTech",1240289,562400,1802689
2021-04-03,"Moderna, Oxford/AstraZeneca, Pfizer/BioNTech",1243840,573278,1817118
2021-04-04,"Moderna, Oxford/AstraZeneca, Pfizer/BioNTech",1246302,582010,1828312
2021-04-05,"Moderna, Oxford/AstraZeneca, Pfizer/BioNTech",1248606,589151,1837757
2021-04-06,"Moderna, Oxford/AstraZeneca, Pfizer/BioNTech",1264577,618288,1882865
2021-04-07,"Moderna, Oxford/AstraZeneca, Pfizer/BioNTech",1287739,640331,1928070
2021-04-08,"Moderna, Oxford/AstraZeneca, Pfizer/BioNTech",1325856,671123,1996979
2021-04-09,"Moderna, Oxford/AstraZeneca, Pfizer/BioNTech",1364626,701017,2065643
2021-04-10,"Moderna, Oxford/AstraZeneca, Pfizer/BioNTech",1379895,716205,2096100
2021-04-11,"Moderna, Oxford/AstraZeneca, Pfizer/BioNTech",1389586,726186,2115772
2021-04-12,"Moderna, Oxford/AstraZeneca, Pfizer/BioNTech",1427252,750973,2178225
2021-04-13,"Moderna, Oxford/AstraZeneca, Pfizer/BioNTech",1463006,776778,2239784
2021-04-14,"Moderna, Oxford/AstraZeneca, Pfizer/BioNTech",1501422,804027,2305449
2021-04-15,"Moderna, Oxford/AstraZeneca, Pfizer/BioNTech",1548850,829594,2378444
2021-04-16,"Moderna, Oxford/AstraZeneca, Pfizer/BioNTech",1593105,855127,2448232
2021-04-17,"Moderna, Oxford/AstraZeneca, Pfizer/BioNTech",1609639,864109,2473748
2021-04-18,"Moderna, Oxford/AstraZeneca, Pfizer/BioNTech",1622530,869052,2491582
2021-04-19,"Moderna, Oxford/AstraZeneca, Pfizer/BioNTech",1666089,884371,2550460
2021-04-20,"Moderna, Oxford/AstraZeneca, Pfizer/BioNTech",1707894,900107,2608001
2021-04-21,"Moderna, Oxford/AstraZeneca, Pfizer/BioNTech",1755367,914208,2669575
2021-04-22,"Johnson&Johnson, Moderna, Oxford/AstraZeneca, Pfizer/BioNTech",1809484,931483,2740967
2021-04-23,"Johnson&Johnson, Moderna, Oxford/AstraZeneca, Pfizer/BioNTech",1859102,943428,2802530
2021-04-24,"Johnson&Johnson, Moderna, Oxford/AstraZeneca, Pfizer/BioNTech",1876689,948617,2825306
2021-04-25,"Johnson&Johnson, Moderna, Oxford/AstraZeneca, Pfizer/BioNTech",1891178,952592,2843770
2021-04-26,"Johnson&Johnson, Moderna, Oxford/AstraZeneca, Pfizer/BioNTech",1940218,959939,2900157
2021-04-27,"Johnson&Johnson, Moderna, Oxford/AstraZeneca, Pfizer/BioNTech",1988642,972055,2960697
2021-04-28,"Johnson&Johnson, Moderna, Oxford/AstraZeneca, Pfizer/BioNTech",2046938,985944,3032882
2021-04-29,"Johnson&Johnson, Moderna, Oxford/AstraZeneca, Pfizer/BioNTech",2111774,1001636,3113410
2021-04-30,"Johnson&Johnson, Moderna, Oxford/AstraZeneca, Pfizer/BioNTech",2173352,1011479,3184831
2021-05-01,"Johnson&Johnson, Moderna, Oxford/AstraZeneca, Pfizer/BioNTech",2192488,1014811,3207299
2021-05-02,"Johnson&Johnson, Moderna, Oxford/AstraZeneca, Pfizer/BioNTech",2211255,1017034,3228289
2021-05-03,"Johnson&Johnson, Moderna, Oxford/AstraZeneca, Pfizer/BioNTech",2277895,1022016,3299911
2021-05-04,"Johnson&Johnson, Moderna, Oxford/AstraZeneca, Pfizer/BioNTech",2343608,1030248,3373856
2021-05-05,"Johnson&Johnson, Moderna, Oxford/AstraZeneca, Pfizer/BioNTech",2416103,1039532,3455635
2021-05-06,"Johnson&Johnson, Moderna, Oxford/AstraZeneca, Pfizer/BioNTech",2495639,1050081,3545720
2021-05-07,"Johnson&Johnson, Moderna, Oxford/AstraZeneca, Pfizer/BioNTech",2572274,1059997,3632271
2021-05-08,"Johnson&Johnson, Moderna, Oxford/AstraZeneca, Pfizer/BioNTech",2601483,1061689,3663172
2021-05-09,"Johnson&Johnson, Moderna, Oxford/AstraZeneca, Pfizer/BioNTech",2625490,1062854,3688344
2021-05-10,"Johnson&Johnson, Moderna, Oxford/AstraZeneca, Pfizer/BioNTech",2697481,1069947,3767428
2021-05-11,"Johnson&Johnson, Moderna, Oxford/AstraZeneca, Pfizer/BioNTech",2772833,1078659,3851492
2021-05-12,"Johnson&Johnson, Moderna, Oxford/AstraZeneca, Pfizer/BioNTech",2851954,1087590,3939544
2021-05-13,"Johnson&Johnson, Moderna, Oxford/AstraZeneca, Pfizer/BioNTech",2935168,1096632,4031800
2021-05-14,"Johnson&Johnson, Moderna, Oxford/AstraZeneca, Pfizer/BioNTech",3013708,1104274,4117982
2021-05-15,"Johnson&Johnson, Moderna, Oxford/AstraZeneca, Pfizer/BioNTech",3045292,1106409,4151701
2021-05-16,"Johnson&Johnson, Moderna, Oxford/AstraZeneca, Pfizer/BioNTech",3070914,1107583,4178497
2021-05-17,"Johnson&Johnson, Moderna, Oxford/AstraZeneca, Pfizer/BioNTech",3142827,1114203,4257030
2021-05-18,"Johnson&Johnson, Moderna, Oxford/AstraZeneca, Pfizer/BioNTech",3214166,1127077,4341243
2021-05-19,"Johnson&Johnson, Moderna, Oxford/AstraZeneca, Pfizer/BioNTech",3290905,1142094,4432999
2021-05-20,"Johnson&Johnson, Moderna, Oxford/AstraZeneca, Pfizer/BioNTech",3365590,1168862,4534452
2021-05-21,"Johnson&Johnson, Moderna, Oxford/AstraZeneca, Pfizer/BioNTech",3433643,1196396,4630039
2021-05-22,"Johnson&Johnson, Moderna, Oxford/AstraZeneca, Pfizer/BioNTech",3465582,1207420,4673002
2021-05-23,"Johnson&Johnson, Moderna, Oxford/AstraZeneca, Pfizer/BioNTech",3487707,1216349,4704056
2021-05-24,"Johnson&Johnson, Moderna, Oxford/AstraZeneca, Pfizer/BioNTech",3534297,1249718,4784015
2021-05-25,"Johnson&Johnson, Moderna, Oxford/AstraZeneca, Pfizer/BioNTech",3585564,1285150,4870714
2021-05-26,"Johnson&Johnson, Moderna, Oxford/AstraZeneca, Pfizer/BioNTech",3652604,1322424,4975028
2021-05-27,"Johnson&Johnson, Moderna, Oxford/AstraZeneca, Pfizer/BioNTech",3713308,1369385,5082693
2021-05-28,"Johnson&Johnson, Moderna, Oxford/AstraZeneca, Pfizer/BioNTech",3774290,1415506,5189796
2021-05-29,"Johnson&Johnson, Moderna, Oxford/AstraZeneca, Pfizer/BioNTech",3803153,1432437,5235590
2021-05-30,"Johnson&Johnson, Moderna, Oxford/AstraZeneca, Pfizer/BioNTech",3825268,1446771,5272039
2021-05-31,"Johnson&Johnson, Moderna, Oxford/AstraZeneca, Pfizer/BioNTech",3879691,1493588,5373279
2021-06-01,"Johnson&Johnson, Moderna, Oxford/AstraZeneca, Pfizer/BioNTech",3937393,1541329,5478722
2021-06-02,"Johnson&Johnson, Moderna, Oxford/AstraZeneca, Pfizer/BioNTech",3999312,1594820,5594132
2021-06-03,"Johnson&Johnson, Moderna, Oxford/AstraZeneca, Pfizer/BioNTech",4056406,1653828,5710234
2021-06-04,"Johnson&Johnson, Moderna, Oxford/AstraZeneca, Pfizer/BioNTech",4114464,1709003,5823467
