date,vaccine,people_vaccinated,people_fully_vaccinated,total_vaccinations
2020-12-27,Pfizer/BioNTech,1272,0,1272
2020-12-28,Pfizer/BioNTech,3571,0,3571
2020-12-29,Pfizer/BioNTech,7025,0,7025
2020-12-30,Pfizer/BioNTech,10516,0,10516
2020-12-31,Pfizer/BioNTech,11822,0,11822
2021-01-01,"Moderna, Pfizer/BioNTech",12087,0,12087
2021-01-02,Pfizer/BioNTech,13359,0,13359
2021-01-03,Pfizer/BioNTech,14279,0,14279
2021-01-04,"Moderna, Pfizer/BioNTech",17872,0,17872
2021-01-05,"Moderna, Pfizer/BioNTech",22373,0,22373
2021-01-06,Pfizer/BioNTech,28217,0,28217
2021-01-07,"Moderna, Pfizer/BioNTech",36189,0,36189
2021-01-08,Pfizer/BioNTech,46169,0,46169
2021-01-09,"Moderna, Pfizer/BioNTech",48189,0,48189
2021-01-10,Pfizer/BioNTech,49947,2,49949
2021-01-11,Pfizer/BioNTech,59765,4,59769
2021-01-12,Pfizer/BioNTech,73171,6,73177
2021-01-13,Pfizer/BioNTech,86672,6,86678
2021-01-14,"Moderna, Pfizer/BioNTech",101869,8,101877
2021-01-15,"Moderna, Pfizer/BioNTech",115845,8,115853
2021-01-16,"Moderna, Pfizer/BioNTech",119222,10,119232
2021-01-17,"Moderna, Pfizer/BioNTech",121825,651,122476
2021-01-18,"Moderna, Pfizer/BioNTech",134300,2471,136771
2021-01-19,"Moderna, Pfizer/BioNTech",146859,5181,152040
2021-01-20,"Moderna, Pfizer/BioNTech",160499,7824,168323
2021-01-21,"Moderna, Pfizer/BioNTech",176109,9555,185664
2021-01-22,"Moderna, Pfizer/BioNTech",190944,10599,201543
2021-01-23,"Moderna, Pfizer/BioNTech",194243,11469,205712
2021-01-24,"Moderna, Pfizer/BioNTech",196488,12338,208826
2021-01-25,"Moderna, Pfizer/BioNTech",206110,15309,221419
2021-01-26,"Moderna, Pfizer/BioNTech",216638,19277,235915
2021-01-27,"Moderna, Pfizer/BioNTech",225656,23795,249451
2021-01-28,"Moderna, Pfizer/BioNTech",232726,29909,262635
2021-01-29,"Moderna, Pfizer/BioNTech",238923,37785,276708
2021-01-30,"Moderna, Pfizer/BioNTech",239654,38872,278526
2021-01-31,"Moderna, Pfizer/BioNTech",240361,40052,280413
2021-02-01,"Moderna, Pfizer/BioNTech",244324,47975,292299
2021-02-02,"Moderna, Pfizer/BioNTech",248451,58189,306640
2021-02-03,"Moderna, Pfizer/BioNTech",252857,69167,322024
2021-02-04,"Moderna, Pfizer/BioNTech",257746,82118,339864
2021-02-05,"Moderna, Pfizer/BioNTech",263195,92763,355958
2021-02-06,"Moderna, Pfizer/BioNTech",264036,95110,359146
2021-02-07,"Moderna, Pfizer/BioNTech",264884,97597,362481
2021-02-08,"Moderna, Oxford/AstraZeneca, Pfizer/BioNTech",268944,108978,377922
2021-02-09,"Moderna, Oxford/AstraZeneca, Pfizer/BioNTech",274023,120896,394919
2021-02-10,"Moderna, Pfizer/BioNTech",279513,134106,413619
2021-02-11,"Moderna, Oxford/AstraZeneca, Pfizer/BioNTech",285814,150279,436093
2021-02-12,"Moderna, Oxford/AstraZeneca, Pfizer/BioNTech",292554,164964,457518
2021-02-13,"Moderna, Oxford/AstraZeneca, Pfizer/BioNTech",294142,167943,462085
2021-02-14,"Moderna, Oxford/AstraZeneca, Pfizer/BioNTech",295133,169318,464451
2021-02-15,"Moderna, Oxford/AstraZeneca, Pfizer/BioNTech",301524,178650,480174
2021-02-16,"Moderna, Oxford/AstraZeneca, Pfizer/BioNTech",310228,187701,497929
2021-02-17,"Moderna, Oxford/AstraZeneca, Pfizer/BioNTech",319908,195987,515895
2021-02-18,"Moderna, Oxford/AstraZeneca, Pfizer/BioNTech",332204,204025,536229
2021-02-19,"Moderna, Oxford/AstraZeneca, Pfizer/BioNTech",344047,211345,555392
2021-02-20,"Moderna, Oxford/AstraZeneca, Pfizer/BioNTech",346027,212520,558547
2021-02-21,"Moderna, Oxford/AstraZeneca, Pfizer/BioNTech",347116,213534,560650
2021-02-22,"Moderna, Oxford/AstraZeneca, Pfizer/BioNTech",357222,219539,576761
2021-02-23,"Moderna, Oxford/AstraZeneca, Pfizer/BioNTech",370137,226499,596636
2021-02-24,"Moderna, Oxford/AstraZeneca, Pfizer/BioNTech",383990,232514,616504
2021-02-25,"Moderna, Oxford/AstraZeneca, Pfizer/BioNTech",401940,238045,639985
2021-02-26,"Moderna, Oxford/AstraZeneca, Pfizer/BioNTech",418088,243371,661459
2021-02-27,"Moderna, Oxford/AstraZeneca, Pfizer/BioNTech",421093,243921,665014
2021-02-28,"Moderna, Oxford/AstraZeneca, Pfizer/BioNTech",423435,244466,667901
2021-03-01,"Moderna, Oxford/AstraZeneca, Pfizer/BioNTech",442954,247888,690842
2021-03-02,"Moderna, Oxford/AstraZeneca, Pfizer/BioNTech",470139,251421,721560
2021-03-03,"Moderna, Oxford/AstraZeneca, Pfizer/BioNTech",500968,255908,756876
2021-03-04,"Moderna, Oxford/AstraZeneca, Pfizer/BioNTech",534149,260570,794719
2021-03-05,"Johnson&Johnson, Moderna, Oxford/AstraZeneca, Pfizer/BioNTech",562924,265966,828890
2021-03-06,"Johnson&Johnson, Moderna, Oxford/AstraZeneca, Pfizer/BioNTech",575050,266811,841861
2021-03-07,"Johnson&Johnson, Moderna, Oxford/AstraZeneca, Pfizer/BioNTech",586484,267644,854128
2021-03-08,"Johnson&Johnson, Moderna, Oxford/AstraZeneca, Pfizer/BioNTech",616147,272470,888617
2021-03-09,"Johnson&Johnson, Moderna, Oxford/AstraZeneca, Pfizer/BioNTech",652398,278829,931227
2021-03-10,"Moderna, Oxford/AstraZeneca, Pfizer/BioNTech",693612,285759,979371
2021-03-11,"Johnson&Johnson, Moderna, Oxford/AstraZeneca, Pfizer/BioNTech",738392,294107,1032499
2021-03-12,"Johnson&Johnson, Moderna, Oxford/AstraZeneca, Pfizer/BioNTech",777148,302550,1079698
2021-03-13,"Moderna, Oxford/AstraZeneca, Pfizer/BioNTech",794192,303837,1098029
2021-03-14,"Moderna, Oxford/AstraZeneca, Pfizer/BioNTech",806277,304972,1111249
2021-03-15,"Moderna, Oxford/AstraZeneca, Pfizer/BioNTech",834629,313736,1148365
2021-03-16,"Johnson&Johnson, Moderna, Oxford/AstraZeneca, Pfizer/BioNTech",873459,324241,1197700
2021-03-17,"Moderna, Oxford/AstraZeneca, Pfizer/BioNTech",910890,334719,1245609
2021-03-18,"Johnson&Johnson, Moderna, Oxford/AstraZeneca, Pfizer/BioNTech",948818,347109,1295927
2021-03-19,"Moderna, Oxford/AstraZeneca, Pfizer/BioNTech",983251,360694,1343945
2021-03-20,"Johnson&Johnson, Moderna, Oxford/AstraZeneca, Pfizer/BioNTech",998359,362709,1361068
2021-03-21,"Johnson&Johnson, Moderna, Oxford/AstraZeneca, Pfizer/BioNTech",1005748,364252,1370000
2021-03-22,"Johnson&Johnson, Moderna, Oxford/AstraZeneca, Pfizer/BioNTech",1030242,376723,1406965
2021-03-23,"Johnson&Johnson, Moderna, Oxford/AstraZeneca, Pfizer/BioNTech",1056810,390046,1446856
2021-03-24,"Johnson&Johnson, Moderna, Oxford/AstraZeneca, Pfizer/BioNTech",1083627,405751,1489378
2021-03-25,"Moderna, Oxford/AstraZeneca, Pfizer/BioNTech",1109911,423574,1533485
2021-03-26,"Moderna, Oxford/AstraZeneca, Pfizer/BioNTech",1134667,441046,1575713
2021-03-27,"Johnson&Johnson, Moderna, Oxford/AstraZeneca, Pfizer/BioNTech",1143082,445875,1588957
2021-03-28,"Moderna, Oxford/AstraZeneca, Pfizer/BioNTech",1148606,450005,1598611
2021-03-29,"Johnson&Johnson, Moderna, Oxford/AstraZeneca, Pfizer/BioNTech",1167647,470665,1638312
2021-03-30,"Johnson&Johnson, Moderna, Oxford/AstraZeneca, Pfizer/BioNTech",1192291,492806,1685097
2021-03-31,"Johnson&Johnson, Moderna, Oxford/AstraZeneca, Pfizer/BioNTech",1215327,519833,1735160
2021-04-01,"Johnson&Johnson, Moderna, Oxford/AstraZeneca, Pfizer/BioNTech",1240881,551829,1792710
2021-04-02,"Johnson&Johnson, Moderna, Oxford/AstraZeneca, Pfizer/BioNTech",1247753,564603,1812356
2021-04-03,"Johnson&Johnson, Moderna, Oxford/AstraZeneca, Pfizer/BioNTech",1251344,575506,1826850
2021-04-04,"Johnson&Johnson, Moderna, Oxford/AstraZeneca, Pfizer/BioNTech",1253820,584302,1838122
2021-04-05,"Johnson&Johnson, Moderna, Oxford/AstraZeneca, Pfizer/BioNTech",1256185,591468,1847653
2021-04-06,"Johnson&Johnson, Moderna, Oxford/AstraZeneca, Pfizer/BioNTech",1272266,620677,1892943
2021-04-07,"Johnson&Johnson, Moderna, Oxford/AstraZeneca, Pfizer/BioNTech",1295622,642827,1938449
2021-04-08,"Johnson&Johnson, Moderna, Oxford/AstraZeneca, Pfizer/BioNTech",1334228,673806,2008034
2021-04-09,"Johnson&Johnson, Moderna, Oxford/AstraZeneca, Pfizer/BioNTech",1373676,703954,2077630
2021-04-10,"Johnson&Johnson, Moderna, Oxford/AstraZeneca, Pfizer/BioNTech",1389110,719225,2108335
2021-04-11,"Johnson&Johnson, Moderna, Oxford/AstraZeneca, Pfizer/BioNTech",1398851,729236,2128087
2021-04-12,"Johnson&Johnson, Moderna, Oxford/AstraZeneca, Pfizer/BioNTech",1437054,754318,2191372
2021-04-13,"Moderna, Oxford/AstraZeneca, Pfizer/BioNTech",1473245,780286,2253531
2021-04-14,"Moderna, Oxford/AstraZeneca, Pfizer/BioNTech",1511993,807613,2319606
2021-04-15,"Moderna, Oxford/AstraZeneca, Pfizer/BioNTech",1559699,833292,2392991
2021-04-16,"Moderna, Oxford/AstraZeneca, Pfizer/BioNTech",1604262,858886,2463148
2021-04-17,"Moderna, Oxford/AstraZeneca, Pfizer/BioNTech",1620901,867894,2488795
2021-04-18,"Moderna, Oxford/AstraZeneca, Pfizer/BioNTech",1633851,872867,2506718
2021-04-19,"Moderna, Oxford/AstraZeneca, Pfizer/BioNTech",1677794,888273,2566067
2021-04-20,"Johnson&Johnson, Moderna, Oxford/AstraZeneca, Pfizer/BioNTech",1720301,904105,2624406
2021-04-21,"Moderna, Oxford/AstraZeneca, Pfizer/BioNTech",1767987,918368,2686355
2021-04-22,"Johnson&Johnson, Moderna, Oxford/AstraZeneca, Pfizer/BioNTech",1822432,935723,2758155
2021-04-23,"Johnson&Johnson, Moderna, Oxford/AstraZeneca, Pfizer/BioNTech",1872342,947740,2820082
2021-04-24,"Johnson&Johnson, Moderna, Oxford/AstraZeneca, Pfizer/BioNTech",1890143,952967,2843110
2021-04-25,"Johnson&Johnson, Moderna, Oxford/AstraZeneca, Pfizer/BioNTech",1904810,956945,2861755
2021-04-26,"Johnson&Johnson, Moderna, Oxford/AstraZeneca, Pfizer/BioNTech",1954367,964478,2918845
2021-04-27,"Johnson&Johnson, Moderna, Oxford/AstraZeneca, Pfizer/BioNTech",2003314,976663,2979977
2021-04-28,"Johnson&Johnson, Moderna, Oxford/AstraZeneca, Pfizer/BioNTech",2062029,990619,3052648
2021-04-29,"Johnson&Johnson, Moderna, Oxford/AstraZeneca, Pfizer/BioNTech",2127559,1006440,3133999
2021-04-30,"Johnson&Johnson, Moderna, Oxford/AstraZeneca, Pfizer/BioNTech",2189727,1016352,3206079
2021-05-01,"Johnson&Johnson, Moderna, Oxford/AstraZeneca, Pfizer/BioNTech",2209016,1019766,3228782
2021-05-02,"Johnson&Johnson, Moderna, Oxford/AstraZeneca, Pfizer/BioNTech",2227904,1022014,3249918
2021-05-03,"Johnson&Johnson, Moderna, Oxford/AstraZeneca, Pfizer/BioNTech",2295114,1027051,3322165
2021-05-04,"Johnson&Johnson, Moderna, Oxford/AstraZeneca, Pfizer/BioNTech",2361562,1035340,3396902
2021-05-05,"Johnson&Johnson, Moderna, Oxford/AstraZeneca, Pfizer/BioNTech",2434675,1044686,3479361
2021-05-06,"Johnson&Johnson, Moderna, Oxford/AstraZeneca, Pfizer/BioNTech",2515020,1055311,3570331
2021-05-07,"Johnson&Johnson, Moderna, Oxford/AstraZeneca, Pfizer/BioNTech",2592272,1065336,3657608
2021-05-08,"Johnson&Johnson, Moderna, Oxford/AstraZeneca, Pfizer/BioNTech",2621668,1067058,3688726
2021-05-09,"Johnson&Johnson, Moderna, Oxford/AstraZeneca, Pfizer/BioNTech",2645834,1068243,3714077
2021-05-10,"Johnson&Johnson, Moderna, Oxford/AstraZeneca, Pfizer/BioNTech",2718554,1075403,3793957
2021-05-11,"Johnson&Johnson, Moderna, Oxford/AstraZeneca, Pfizer/BioNTech",2794615,1084167,3878782
2021-05-12,"Johnson&Johnson, Moderna, Oxford/AstraZeneca, Pfizer/BioNTech",2874425,1093197,3967622
2021-05-13,"Johnson&Johnson, Moderna, Oxford/AstraZeneca, Pfizer/BioNTech",2958409,1102319,4060728
2021-05-14,"Johnson&Johnson, Moderna, Oxford/AstraZeneca, Pfizer/BioNTech",3037795,1110038,4147833
2021-05-15,"Johnson&Johnson, Moderna, Oxford/AstraZeneca, Pfizer/BioNTech",3069626,1112219,4181845
2021-05-16,"Johnson&Johnson, Moderna, Oxford/AstraZeneca, Pfizer/BioNTech",3095368,1113411,4208779
2021-05-17,"Johnson&Johnson, Moderna, Oxford/AstraZeneca, Pfizer/BioNTech",3167844,1120083,4287927
2021-05-18,"Johnson&Johnson, Moderna, Oxford/AstraZeneca, Pfizer/BioNTech",3239742,1133059,4372801
2021-05-19,"Johnson&Johnson, Moderna, Oxford/AstraZeneca, Pfizer/BioNTech",3317166,1148134,4465300
2021-05-20,"Johnson&Johnson, Moderna, Oxford/AstraZeneca, Pfizer/BioNTech",3392564,1175087,4567651
2021-05-21,"Johnson&Johnson, Moderna, Oxford/AstraZeneca, Pfizer/BioNTech",3461306,1202753,4664059
2021-05-22,"Johnson&Johnson, Moderna, Oxford/AstraZeneca, Pfizer/BioNTech",3493630,1213880,4707510
2021-05-23,"Johnson&Johnson, Moderna, Oxford/AstraZeneca, Pfizer/BioNTech",3515931,1222878,4738809
2021-05-24,"Johnson&Johnson, Moderna, Oxford/AstraZeneca, Pfizer/BioNTech",3562995,1256466,4819461
2021-05-25,"Johnson&Johnson, Moderna, Oxford/AstraZeneca, Pfizer/BioNTech",3614819,1292199,4907018
2021-05-26,"Johnson&Johnson, Moderna, Oxford/AstraZeneca, Pfizer/BioNTech",3682535,1329669,5012204
2021-05-27,"Johnson&Johnson, Moderna, Oxford/AstraZeneca, Pfizer/BioNTech",3743880,1376929,5120809
2021-05-28,"Johnson&Johnson, Moderna, Oxford/AstraZeneca, Pfizer/BioNTech",3805532,1423401,5228933
2021-05-29,"Johnson&Johnson, Moderna, Oxford/AstraZeneca, Pfizer/BioNTech",3834670,1440461,5275131
2021-05-30,"Johnson&Johnson, Moderna, Oxford/AstraZeneca, Pfizer/BioNTech",3857007,1454859,5311866
2021-05-31,"Johnson&Johnson, Moderna, Oxford/AstraZeneca, Pfizer/BioNTech",3912708,1502341,5415049
2021-06-01,"Johnson&Johnson, Moderna, Oxford/AstraZeneca, Pfizer/BioNTech",3971709,1551088,5522797
2021-06-02,"Johnson&Johnson, Moderna, Oxford/AstraZeneca, Pfizer/BioNTech",4034559,1604971,5639530
2021-06-03,"Johnson&Johnson, Moderna, Oxford/AstraZeneca, Pfizer/BioNTech",4092774,1665098,5757872
2021-06-04,"Johnson&Johnson, Moderna, Oxford/AstraZeneca, Pfizer/BioNTech",4155835,1722394,5878229
2021-06-05,"Johnson&Johnson, Moderna, Oxford/AstraZeneca, Pfizer/BioNTech",4189963,1741156,5931119
2021-06-06,"Johnson&Johnson, Moderna, Oxford/AstraZeneca, Pfizer/BioNTech",4216858,1756242,5973100
2021-06-07,"Johnson&Johnson, Moderna, Oxford/AstraZeneca, Pfizer/BioNTech",4280520,1811792,6092312
2021-06-08,"Johnson&Johnson, Moderna, Oxford/AstraZeneca, Pfizer/BioNTech",4344471,1866682,6211153
2021-06-09,"Johnson&Johnson, Moderna, Oxford/AstraZeneca, Pfizer/BioNTech",4403639,1930992,6334631
2021-06-10,"Johnson&Johnson, Moderna, Oxford/AstraZeneca, Pfizer/BioNTech",4457508,2001971,6459479
2021-06-11,"Johnson&Johnson, Moderna, Oxford/AstraZeneca, Pfizer/BioNTech",4509582,2071562,6581144
2021-06-12,"Johnson&Johnson, Moderna, Oxford/AstraZeneca, Pfizer/BioNTech",4541551,2092281,6633832
2021-06-13,"Johnson&Johnson, Moderna, Oxford/AstraZeneca, Pfizer/BioNTech",4565550,2110627,6676177
2021-06-14,"Johnson&Johnson, Moderna, Oxford/AstraZeneca, Pfizer/BioNTech",4608529,2184893,6793422
2021-06-15,"Johnson&Johnson, Moderna, Oxford/AstraZeneca, Pfizer/BioNTech",4653146,2257116,6910262
2021-06-16,"Johnson&Johnson, Moderna, Oxford/AstraZeneca, Pfizer/BioNTech",4695869,2335199,7031068
2021-06-17,"Johnson&Johnson, Moderna, Oxford/AstraZeneca, Pfizer/BioNTech",4735230,2418134,7153364
2021-06-18,"Johnson&Johnson, Moderna, Oxford/AstraZeneca, Pfizer/BioNTech",4777585,2498494,7276079
2021-06-19,"Johnson&Johnson, Moderna, Oxford/AstraZeneca, Pfizer/BioNTech",4799306,2527700,7327006
2021-06-20,"Johnson&Johnson, Moderna, Oxford/AstraZeneca, Pfizer/BioNTech",4816662,2551452,7368114
2021-06-21,"Johnson&Johnson, Moderna, Oxford/AstraZeneca, Pfizer/BioNTech",4849160,2629900,7479060
2021-06-22,"Johnson&Johnson, Moderna, Oxford/AstraZeneca, Pfizer/BioNTech",4882099,2712032,7594131
2021-06-23,"Johnson&Johnson, Moderna, Oxford/AstraZeneca, Pfizer/BioNTech",4913741,2797136,7710877
2021-06-24,"Johnson&Johnson, Moderna, Oxford/AstraZeneca, Pfizer/BioNTech",4943564,2887053,7830617
2021-06-25,"Johnson&Johnson, Moderna, Oxford/AstraZeneca, Pfizer/BioNTech",4974582,2973052,7947634
2021-06-26,"Johnson&Johnson, Moderna, Oxford/AstraZeneca, Pfizer/BioNTech",4990430,3007778,7998208
2021-06-27,"Johnson&Johnson, Moderna, Oxford/AstraZeneca, Pfizer/BioNTech",5004369,3034352,8038721
2021-06-28,"Johnson&Johnson, Moderna, Oxford/AstraZeneca, Pfizer/BioNTech",5032783,3119419,8152202
2021-06-29,"Johnson&Johnson, Moderna, Oxford/AstraZeneca, Pfizer/BioNTech",5062024,3205786,8267810
2021-06-30,"Johnson&Johnson, Moderna, Oxford/AstraZeneca, Pfizer/BioNTech",5089519,3296619,8386138
2021-07-01,"Johnson&Johnson, Moderna, Oxford/AstraZeneca, Pfizer/BioNTech",5113453,3386517,8499970
2021-07-02,"Johnson&Johnson, Moderna, Oxford/AstraZeneca, Pfizer/BioNTech",5140162,3472202,8612364
2021-07-03,"Johnson&Johnson, Moderna, Oxford/AstraZeneca, Pfizer/BioNTech",5147232,3503640,8650872
2021-07-04,"Johnson&Johnson, Moderna, Oxford/AstraZeneca, Pfizer/BioNTech",5154765,3525391,8680156
2021-07-05,"Johnson&Johnson, Moderna, Oxford/AstraZeneca, Pfizer/BioNTech",5162105,3550691,8712796
2021-07-06,"Johnson&Johnson, Moderna, Oxford/AstraZeneca, Pfizer/BioNTech",5167491,3578242,8745733
2021-07-07,"Johnson&Johnson, Moderna, Oxford/AstraZeneca, Pfizer/BioNTech",5193260,3657090,8850350
2021-07-08,"Johnson&Johnson, Moderna, Oxford/AstraZeneca, Pfizer/BioNTech",5219822,3727289,8947111
2021-07-09,"Johnson&Johnson, Moderna, Oxford/AstraZeneca, Pfizer/BioNTech",5247692,3796429,9044121
2021-07-10,"Johnson&Johnson, Moderna, Oxford/AstraZeneca, Pfizer/BioNTech",5257016,3824978,9081994
2021-07-11,"Johnson&Johnson, Moderna, Oxford/AstraZeneca, Pfizer/BioNTech",5265527,3847814,9113341
2021-07-12,"Johnson&Johnson, Moderna, Oxford/AstraZeneca, Pfizer/BioNTech",5293045,3916802,9209847
2021-07-13,"Johnson&Johnson, Moderna, Oxford/AstraZeneca, Pfizer/BioNTech",5319223,3986567,9305790
2021-07-14,"Johnson&Johnson, Moderna, Oxford/AstraZeneca, Pfizer/BioNTech",5345038,4058442,9403480
2021-07-15,"Johnson&Johnson, Moderna, Oxford/AstraZeneca, Pfizer/BioNTech",5374228,4124329,9498557
2021-07-16,"Johnson&Johnson, Moderna, Oxford/AstraZeneca, Pfizer/BioNTech",5402120,4196916,9599036
2021-07-17,"Johnson&Johnson, Moderna, Oxford/AstraZeneca, Pfizer/BioNTech",5410861,4228287,9639148
2021-07-18,"Johnson&Johnson, Moderna, Oxford/AstraZeneca, Pfizer/BioNTech",5419287,4254242,9673529
2021-07-19,"Johnson&Johnson, Moderna, Oxford/AstraZeneca, Pfizer/BioNTech",5442605,4321164,9763769
2021-07-20,"Johnson&Johnson, Moderna, Oxford/AstraZeneca, Pfizer/BioNTech",5463963,4388095,9852058
2021-07-21,"Johnson&Johnson, Moderna, Oxford/AstraZeneca, Pfizer/BioNTech",5487366,4451427,9938793
2021-07-22,"Johnson&Johnson, Moderna, Oxford/AstraZeneca, Pfizer/BioNTech",5509675,4509930,10019605
2021-07-23,"Johnson&Johnson, Moderna, Oxford/AstraZeneca, Pfizer/BioNTech",5532817,4564540,10097357
2021-07-24,"Johnson&Johnson, Moderna, Oxford/AstraZeneca, Pfizer/BioNTech",5540103,4592121,10132224
2021-07-25,"Johnson&Johnson, Moderna, Oxford/AstraZeneca, Pfizer/BioNTech",5546696,4614103,10160799
2021-07-26,"Johnson&Johnson, Moderna, Oxford/AstraZeneca, Pfizer/BioNTech",5570189,4662552,10232741
2021-07-27,"Johnson&Johnson, Moderna, Oxford/AstraZeneca, Pfizer/BioNTech",5592844,4709062,10301906
2021-07-28,"Johnson&Johnson, Moderna, Oxford/AstraZeneca, Pfizer/BioNTech",5614036,4754919,10368955
2021-07-29,"Johnson&Johnson, Moderna, Oxford/AstraZeneca, Pfizer/BioNTech",5635260,4796741,10432001
2021-07-30,"Johnson&Johnson, Moderna, Oxford/AstraZeneca, Pfizer/BioNTech",5658498,4839178,10497676
2021-07-31,"Johnson&Johnson, Moderna, Oxford/AstraZeneca, Pfizer/BioNTech",5667405,4858655,10526060
2021-08-01,"Johnson&Johnson, Moderna, Oxford/AstraZeneca, Pfizer/BioNTech",5674103,4874779,10548882
2021-08-02,"Johnson&Johnson, Moderna, Oxford/AstraZeneca, Pfizer/BioNTech",5692675,4912228,10604903
2021-08-03,"Johnson&Johnson, Moderna, Oxford/AstraZeneca, Pfizer/BioNTech",5710255,4950237,10660492
2021-08-04,"Johnson&Johnson, Moderna, Oxford/AstraZeneca, Pfizer/BioNTech",5726279,4986860,10713139
2021-08-05,"Johnson&Johnson, Moderna, Oxford/AstraZeneca, Pfizer/BioNTech",5742235,5027219,10769454
2021-08-06,"Johnson&Johnson, Moderna, Oxford/AstraZeneca, Pfizer/BioNTech",5758970,5070360,10829330
2021-08-07,"Johnson&Johnson, Moderna, Oxford/AstraZeneca, Pfizer/BioNTech",5764533,5088467,10853000
2021-08-08,"Johnson&Johnson, Moderna, Oxford/AstraZeneca, Pfizer/BioNTech",5768876,5104174,10873050
2021-08-09,"Johnson&Johnson, Moderna, Oxford/AstraZeneca, Pfizer/BioNTech",5781476,5149140,10930616
2021-08-10,"Johnson&Johnson, Moderna, Oxford/AstraZeneca, Pfizer/BioNTech",5793256,5188609,10981865
2021-08-11,"Johnson&Johnson, Moderna, Oxford/AstraZeneca, Pfizer/BioNTech",5804571,5231652,11036223
2021-08-12,"Johnson&Johnson, Moderna, Oxford/AstraZeneca, Pfizer/BioNTech",5815920,5268641,11084561
2021-08-13,"Johnson&Johnson, Moderna, Oxford/AstraZeneca, Pfizer/BioNTech",5826549,5308854,11135403
2021-08-14,"Johnson&Johnson, Moderna, Oxford/AstraZeneca, Pfizer/BioNTech",5829875,5319511,11149386
2021-08-15,"Johnson&Johnson, Moderna, Oxford/AstraZeneca, Pfizer/BioNTech",5832442,5329854,11162296
2021-08-16,"Johnson&Johnson, Moderna, Oxford/AstraZeneca, Pfizer/BioNTech",5842187,5363836,11206023
2021-08-17,"Johnson&Johnson, Moderna, Oxford/AstraZeneca, Pfizer/BioNTech",5851709,5390845,11242554
2021-08-18,"Johnson&Johnson, Moderna, Oxford/AstraZeneca, Pfizer/BioNTech",5861029,5429607,11290636
2021-08-19,"Johnson&Johnson, Moderna, Oxford/AstraZeneca, Pfizer/BioNTech",5870612,5467870,11338482
2021-08-20,"Johnson&Johnson, Moderna, Oxford/AstraZeneca, Pfizer/BioNTech",5881894,5507959,11389853
2021-08-21,"Johnson&Johnson, Moderna, Oxford/AstraZeneca, Pfizer/BioNTech",5884584,5520682,11405266
2021-08-22,"Johnson&Johnson, Moderna, Oxford/AstraZeneca, Pfizer/BioNTech",5886914,5532618,11419532
2021-08-23,"Johnson&Johnson, Moderna, Oxford/AstraZeneca, Pfizer/BioNTech",5897369,5571763,11469132
2021-08-24,"Johnson&Johnson, Moderna, Oxford/AstraZeneca, Pfizer/BioNTech",5907177,5604936,11512113
2021-08-25,"Johnson&Johnson, Moderna, Oxford/AstraZeneca, Pfizer/BioNTech",5915977,5633213,11549190
2021-08-26,"Johnson&Johnson, Moderna, Oxford/AstraZeneca, Pfizer/BioNTech",5924326,5659230,11583556
2021-08-27,"Johnson&Johnson, Moderna, Oxford/AstraZeneca, Pfizer/BioNTech",5934508,5685095,11619603
2021-08-28,"Johnson&Johnson, Moderna, Oxford/AstraZeneca, Pfizer/BioNTech",5937196,5692109,11629305
2021-08-29,"Johnson&Johnson, Moderna, Oxford/AstraZeneca, Pfizer/BioNTech",5939579,5698717,11638296
2021-08-30,"Johnson&Johnson, Moderna, Oxford/AstraZeneca, Pfizer/BioNTech",5947974,5720477,11668451
2021-08-31,"Johnson&Johnson, Moderna, Oxford/AstraZeneca, Pfizer/BioNTech",5955531,5738458,11693989
2021-09-01,"Johnson&Johnson, Moderna, Oxford/AstraZeneca, Pfizer/BioNTech",5961314,5752357,11713671
2021-09-02,"Johnson&Johnson, Moderna, Oxford/AstraZeneca, Pfizer/BioNTech",5967967,5766472,11734439
2021-09-03,"Johnson&Johnson, Moderna, Oxford/AstraZeneca, Pfizer/BioNTech",5977299,5782022,11759321
2021-09-04,"Johnson&Johnson, Moderna, Oxford/AstraZeneca, Pfizer/BioNTech",5979317,5785538,11764855
2021-09-05,"Johnson&Johnson, Moderna, Pfizer/BioNTech",5981329,5788357,11769686
2021-09-06,"Johnson&Johnson, Moderna, Oxford/AstraZeneca, Pfizer/BioNTech",5987334,5800736,11788070
2021-09-07,"Johnson&Johnson, Moderna, Oxford/AstraZeneca, Pfizer/BioNTech",5991629,5811717,11803346
2021-09-08,"Johnson&Johnson, Moderna, Oxford/AstraZeneca, Pfizer/BioNTech",5997162,5821496,11818658
2021-09-09,"Johnson&Johnson, Moderna, Oxford/AstraZeneca, Pfizer/BioNTech",6003693,5831461,11835154
2021-09-10,"Johnson&Johnson, Moderna, Oxford/AstraZeneca, Pfizer/BioNTech",6011181,5843489,11854670
2021-09-11,"Johnson&Johnson, Moderna, Pfizer/BioNTech",6013013,5845946,11858959
2021-09-12,"Johnson&Johnson, Moderna, Oxford/AstraZeneca, Pfizer/BioNTech",6014111,5847557,11861668
2021-09-13,"Johnson&Johnson, Moderna, Oxford/AstraZeneca, Pfizer/BioNTech",6019379,5857712,11877091
2021-09-14,"Johnson&Johnson, Moderna, Oxford/AstraZeneca, Pfizer/BioNTech",6024611,5866598,11891209
2021-09-15,"Johnson&Johnson, Moderna, Oxford/AstraZeneca, Pfizer/BioNTech",6029622,5874939,11904561
2021-09-16,"Johnson&Johnson, Moderna, Oxford/AstraZeneca, Pfizer/BioNTech",6034603,5882934,11917537
2021-09-17,"Johnson&Johnson, Moderna, Oxford/AstraZeneca, Pfizer/BioNTech",6040590,5892494,11933084
2021-09-18,"Johnson&Johnson, Moderna, Pfizer/BioNTech",6042041,5894526,11936567
