date,vaccine,people_vaccinated,people_fully_vaccinated,total_vaccinations
2020-12-27,Pfizer/BioNTech,1249,0,1249
2020-12-28,Pfizer/BioNTech,3541,0,3541
2020-12-29,Pfizer/BioNTech,6982,0,6982
2020-12-30,Pfizer/BioNTech,10447,0,10447
2020-12-31,Pfizer/BioNTech,11753,0,11753
2021-01-01,Pfizer/BioNTech,12013,0,12013
2021-01-02,Pfizer/BioNTech,13263,0,13263
2021-01-03,Pfizer/BioNTech,14176,0,14176
2021-01-04,Pfizer/BioNTech,17737,0,17737
2021-01-05,Pfizer/BioNTech,22231,0,22231
2021-01-06,Pfizer/BioNTech,28039,0,28039
2021-01-07,Pfizer/BioNTech,35990,0,35990
2021-01-08,Pfizer/BioNTech,45915,0,45915
2021-01-09,Pfizer/BioNTech,47922,0,47922
2021-01-10,Pfizer/BioNTech,49642,0,49642
2021-01-11,Pfizer/BioNTech,59419,0,59419
2021-01-12,Pfizer/BioNTech,72763,0,72763
2021-01-13,Pfizer/BioNTech,86230,0,86230
2021-01-14,"Moderna, Pfizer/BioNTech",101389,0,101389
2021-01-15,"Moderna, Pfizer/BioNTech",115297,0,115297
2021-01-16,"Moderna, Pfizer/BioNTech",118669,0,118669
2021-01-17,"Moderna, Pfizer/BioNTech",121262,632,121894
2021-01-18,"Moderna, Pfizer/BioNTech",133714,2434,136148
2021-01-19,"Moderna, Pfizer/BioNTech",146139,5132,151271
2021-01-20,"Moderna, Pfizer/BioNTech",159673,7753,167426
2021-01-21,"Moderna, Pfizer/BioNTech",175151,9473,184624
2021-01-22,"Moderna, Pfizer/BioNTech",189869,10509,200378
2021-01-23,"Moderna, Pfizer/BioNTech",193133,11374,204507
2021-01-24,"Moderna, Pfizer/BioNTech",195370,12235,207605
2021-01-25,"Moderna, Pfizer/BioNTech",204968,15173,220141
2021-01-26,"Moderna, Pfizer/BioNTech",215452,19126,234578
2021-01-27,"Moderna, Pfizer/BioNTech",224408,23605,248013
2021-01-28,"Moderna, Pfizer/BioNTech",231435,29681,261116
2021-01-29,"Moderna, Pfizer/BioNTech",237608,37463,275071
2021-01-30,"Moderna, Pfizer/BioNTech",238323,38542,276865
2021-01-31,Pfizer/BioNTech,239023,39679,278702
2021-02-01,"Moderna, Pfizer/BioNTech",242848,47536,290384
2021-02-02,"Moderna, Pfizer/BioNTech",246960,57683,304643
2021-02-03,"Moderna, Pfizer/BioNTech",251340,68616,319956
2021-02-04,"Moderna, Pfizer/BioNTech",256200,81502,337702
2021-02-05,"Moderna, Pfizer/BioNTech",261609,92084,353693
2021-02-06,"Moderna, Pfizer/BioNTech",262443,94411,356854
2021-02-07,"Moderna, Pfizer/BioNTech",263286,96876,360162
2021-02-08,"Moderna, Pfizer/BioNTech",267288,108191,375479
2021-02-09,"Moderna, Pfizer/BioNTech",272315,120026,392341
2021-02-10,"Moderna, Pfizer/BioNTech",277816,133098,410914
2021-02-11,"Moderna, Oxford/AstraZeneca, Pfizer/BioNTech",284044,149046,433090
2021-02-12,"Moderna, Oxford/AstraZeneca, Pfizer/BioNTech",290727,163641,454368
2021-02-13,"Moderna, Oxford/AstraZeneca, Pfizer/BioNTech",292296,166593,458889
2021-02-14,"Moderna, Oxford/AstraZeneca, Pfizer/BioNTech",293275,167959,461234
2021-02-15,"Moderna, Oxford/AstraZeneca, Pfizer/BioNTech",299587,177246,476833
2021-02-16,"Moderna, Oxford/AstraZeneca, Pfizer/BioNTech",308166,186153,494319
2021-02-17,"Moderna, Oxford/AstraZeneca, Pfizer/BioNTech",317774,194362,512136
2021-02-18,"Moderna, Oxford/AstraZeneca, Pfizer/BioNTech",329980,202311,532291
2021-02-19,"Moderna, Oxford/AstraZeneca, Pfizer/BioNTech",341678,209515,551193
2021-02-20,"Moderna, Oxford/AstraZeneca, Pfizer/BioNTech",343580,210677,554257
2021-02-21,"Moderna, Oxford/AstraZeneca, Pfizer/BioNTech",344598,211677,556275
2021-02-22,"Moderna, Oxford/AstraZeneca, Pfizer/BioNTech",354622,217647,572269
2021-02-23,"Moderna, Oxford/AstraZeneca, Pfizer/BioNTech",367360,224531,591891
2021-02-24,"Moderna, Oxford/AstraZeneca, Pfizer/BioNTech",381089,230500,611589
2021-02-25,"Moderna, Oxford/AstraZeneca, Pfizer/BioNTech",398910,235992,634902
2021-02-26,"Moderna, Oxford/AstraZeneca, Pfizer/BioNTech",414889,241241,656130
2021-02-27,"Moderna, Oxford/AstraZeneca, Pfizer/BioNTech",417810,241787,659597
2021-02-28,"Moderna, Oxford/AstraZeneca, Pfizer/BioNTech",420133,242326,662459
2021-03-01,"Moderna, Oxford/AstraZeneca, Pfizer/BioNTech",439347,245742,685089
2021-03-02,"Moderna, Oxford/AstraZeneca, Pfizer/BioNTech",465982,249249,715231
2021-03-03,"Moderna, Oxford/AstraZeneca, Pfizer/BioNTech",496035,253702,749737
2021-03-04,"Moderna, Oxford/AstraZeneca, Pfizer/BioNTech",528350,258269,786619
2021-03-05,"Moderna, Oxford/AstraZeneca, Pfizer/BioNTech",556391,263588,819979
2021-03-06,"Moderna, Oxford/AstraZeneca, Pfizer/BioNTech",568276,264420,832696
2021-03-07,"Moderna, Oxford/AstraZeneca, Pfizer/BioNTech",579572,265241,844813
2021-03-08,"Moderna, Oxford/AstraZeneca, Pfizer/BioNTech",608712,269945,878657
2021-03-09,"Moderna, Oxford/AstraZeneca, Pfizer/BioNTech",644117,276244,920361
2021-03-10,"Moderna, Oxford/AstraZeneca, Pfizer/BioNTech",684665,283115,967780
2021-03-11,"Moderna, Oxford/AstraZeneca, Pfizer/BioNTech",728574,291347,1019921
2021-03-12,"Moderna, Oxford/AstraZeneca, Pfizer/BioNTech",766636,299668,1066304
2021-03-13,"Moderna, Oxford/AstraZeneca, Pfizer/BioNTech",783352,300932,1084284
2021-03-14,"Moderna, Oxford/AstraZeneca, Pfizer/BioNTech",795266,302043,1097309
2021-03-15,"Moderna, Oxford/AstraZeneca, Pfizer/BioNTech",822884,310728,1133612
2021-03-16,"Moderna, Oxford/AstraZeneca, Pfizer/BioNTech",860896,321104,1182000
2021-03-17,"Moderna, Oxford/AstraZeneca, Pfizer/BioNTech",897628,331513,1229141
2021-03-18,"Moderna, Oxford/AstraZeneca, Pfizer/BioNTech",934479,343813,1278292
2021-03-19,"Moderna, Oxford/AstraZeneca, Pfizer/BioNTech",968054,357194,1325248
2021-03-20,"Moderna, Oxford/AstraZeneca, Pfizer/BioNTech",982701,359186,1341887
2021-03-21,"Moderna, Oxford/AstraZeneca, Pfizer/BioNTech",989940,360704,1350644
2021-03-22,"Moderna, Oxford/AstraZeneca, Pfizer/BioNTech",1013807,373005,1386812
2021-03-23,"Moderna, Oxford/AstraZeneca, Pfizer/BioNTech",1039696,386196,1425892
2021-03-24,"Moderna, Oxford/AstraZeneca, Pfizer/BioNTech",1065924,401736,1467660
2021-03-25,"Moderna, Oxford/AstraZeneca, Pfizer/BioNTech",1091675,419337,1511012
2021-03-26,"Moderna, Oxford/AstraZeneca, Pfizer/BioNTech",1115609,436601,1552210
2021-03-27,"Moderna, Oxford/AstraZeneca, Pfizer/BioNTech",1123757,441333,1565090
2021-03-28,"Moderna, Oxford/AstraZeneca, Pfizer/BioNTech",1129181,445387,1574568
2021-03-29,"Moderna, Oxford/AstraZeneca, Pfizer/BioNTech",1146336,464836,1611172
