date,vaccine,people_vaccinated,people_fully_vaccinated,total_vaccinations
2020-12-27,Pfizer/BioNTech,1271,0,1271
2020-12-28,Pfizer/BioNTech,3571,0,3571
2020-12-29,Pfizer/BioNTech,7026,0,7026
2020-12-30,Pfizer/BioNTech,10520,0,10520
2020-12-31,Pfizer/BioNTech,11822,0,11822
2021-01-01,"Moderna, Pfizer/BioNTech",12088,0,12088
2021-01-02,Pfizer/BioNTech,13361,0,13361
2021-01-03,Pfizer/BioNTech,14282,0,14282
2021-01-04,"Moderna, Pfizer/BioNTech",17877,0,17877
2021-01-05,"Moderna, Pfizer/BioNTech",22384,0,22384
2021-01-06,Pfizer/BioNTech,28232,0,28232
2021-01-07,"Moderna, Pfizer/BioNTech",36208,0,36208
2021-01-08,Pfizer/BioNTech,46205,0,46205
2021-01-09,"Moderna, Pfizer/BioNTech",48225,0,48225
2021-01-10,Pfizer/BioNTech,49982,2,49984
2021-01-11,Pfizer/BioNTech,59805,4,59809
2021-01-12,Pfizer/BioNTech,73212,6,73218
2021-01-13,Pfizer/BioNTech,86723,6,86729
2021-01-14,"Moderna, Pfizer/BioNTech",101917,8,101925
2021-01-15,"Moderna, Pfizer/BioNTech",115895,8,115903
2021-01-16,"Moderna, Pfizer/BioNTech",119274,10,119284
2021-01-17,"Moderna, Pfizer/BioNTech",121878,650,122528
2021-01-18,"Moderna, Pfizer/BioNTech",134353,2471,136824
2021-01-19,"Moderna, Pfizer/BioNTech",146913,5185,152098
2021-01-20,"Moderna, Pfizer/BioNTech",160555,7832,168387
2021-01-21,"Moderna, Pfizer/BioNTech",176172,9568,185740
2021-01-22,"Moderna, Pfizer/BioNTech",191015,10612,201627
2021-01-23,"Moderna, Pfizer/BioNTech",194314,11483,205797
2021-01-24,"Moderna, Pfizer/BioNTech",196562,12352,208914
2021-01-25,"Moderna, Pfizer/BioNTech",206187,15322,221509
2021-01-26,"Moderna, Pfizer/BioNTech",216718,19292,236010
2021-01-27,"Moderna, Pfizer/BioNTech",225735,23812,249547
2021-01-28,"Moderna, Pfizer/BioNTech",232810,29930,262740
2021-01-29,"Moderna, Pfizer/BioNTech",239005,37811,276816
2021-01-30,"Moderna, Pfizer/BioNTech",239737,38898,278635
2021-01-31,"Moderna, Pfizer/BioNTech",240446,40078,280524
2021-02-01,"Moderna, Pfizer/BioNTech",244410,48002,292412
2021-02-02,"Moderna, Pfizer/BioNTech",248537,58217,306754
2021-02-03,"Moderna, Pfizer/BioNTech",252946,69200,322146
2021-02-04,"Moderna, Pfizer/BioNTech",257836,82149,339985
2021-02-05,"Moderna, Pfizer/BioNTech",263285,92796,356081
2021-02-06,"Moderna, Pfizer/BioNTech",264126,95145,359271
2021-02-07,"Moderna, Pfizer/BioNTech",264974,97632,362606
2021-02-08,"Moderna, Oxford/AstraZeneca, Pfizer/BioNTech",269037,109015,378052
2021-02-09,"Moderna, Oxford/AstraZeneca, Pfizer/BioNTech",274120,120931,395051
2021-02-10,"Moderna, Pfizer/BioNTech",279611,134140,413751
2021-02-11,"Moderna, Oxford/AstraZeneca, Pfizer/BioNTech",285913,150315,436228
2021-02-12,"Moderna, Oxford/AstraZeneca, Pfizer/BioNTech",292657,165003,457660
2021-02-13,"Moderna, Oxford/AstraZeneca, Pfizer/BioNTech",294247,167983,462230
2021-02-14,"Moderna, Oxford/AstraZeneca, Pfizer/BioNTech",295238,169361,464599
2021-02-15,"Moderna, Oxford/AstraZeneca, Pfizer/BioNTech",301632,178693,480325
2021-02-16,"Moderna, Oxford/AstraZeneca, Pfizer/BioNTech",310338,187745,498083
2021-02-17,"Moderna, Oxford/AstraZeneca, Pfizer/BioNTech",320021,196033,516054
2021-02-18,"Moderna, Oxford/AstraZeneca, Pfizer/BioNTech",332323,204074,536397
2021-02-19,"Moderna, Oxford/AstraZeneca, Pfizer/BioNTech",344166,211392,555558
2021-02-20,"Moderna, Oxford/AstraZeneca, Pfizer/BioNTech",346147,212568,558715
2021-02-21,"Moderna, Oxford/AstraZeneca, Pfizer/BioNTech",347259,213585,560844
2021-02-22,"Moderna, Oxford/AstraZeneca, Pfizer/BioNTech",357375,219590,576965
2021-02-23,"Moderna, Oxford/AstraZeneca, Pfizer/BioNTech",370304,226550,596854
2021-02-24,"Moderna, Oxford/AstraZeneca, Pfizer/BioNTech",384163,232568,616731
2021-02-25,"Moderna, Oxford/AstraZeneca, Pfizer/BioNTech",402114,238100,640214
2021-02-26,"Moderna, Oxford/AstraZeneca, Pfizer/BioNTech",418266,243426,661692
2021-02-27,"Moderna, Oxford/AstraZeneca, Pfizer/BioNTech",421272,243976,665248
2021-02-28,"Moderna, Oxford/AstraZeneca, Pfizer/BioNTech",423615,244521,668136
2021-03-01,"Moderna, Oxford/AstraZeneca, Pfizer/BioNTech",443149,247945,691094
2021-03-02,"Moderna, Oxford/AstraZeneca, Pfizer/BioNTech",470348,251480,721828
2021-03-03,"Moderna, Oxford/AstraZeneca, Pfizer/BioNTech",501175,255967,757142
2021-03-04,"Moderna, Oxford/AstraZeneca, Pfizer/BioNTech",534377,260630,795007
2021-03-05,"Johnson&Johnson, Moderna, Oxford/AstraZeneca, Pfizer/BioNTech",563162,266028,829190
2021-03-06,"Johnson&Johnson, Moderna, Oxford/AstraZeneca, Pfizer/BioNTech",575288,266874,842162
2021-03-07,"Johnson&Johnson, Moderna, Oxford/AstraZeneca, Pfizer/BioNTech",586806,267707,854513
2021-03-08,"Johnson&Johnson, Moderna, Oxford/AstraZeneca, Pfizer/BioNTech",616485,272536,889021
2021-03-09,"Johnson&Johnson, Moderna, Oxford/AstraZeneca, Pfizer/BioNTech",652740,278895,931635
2021-03-10,"Moderna, Oxford/AstraZeneca, Pfizer/BioNTech",693991,285826,979817
2021-03-11,"Johnson&Johnson, Moderna, Oxford/AstraZeneca, Pfizer/BioNTech",738774,294176,1032950
2021-03-12,"Johnson&Johnson, Moderna, Oxford/AstraZeneca, Pfizer/BioNTech",777539,302621,1080160
2021-03-13,"Moderna, Oxford/AstraZeneca, Pfizer/BioNTech",794587,303910,1098497
2021-03-14,"Moderna, Oxford/AstraZeneca, Pfizer/BioNTech",806679,305045,1111724
2021-03-15,"Moderna, Oxford/AstraZeneca, Pfizer/BioNTech",835032,313813,1148845
2021-03-16,"Johnson&Johnson, Moderna, Oxford/AstraZeneca, Pfizer/BioNTech",873868,324330,1198198
2021-03-17,"Moderna, Oxford/AstraZeneca, Pfizer/BioNTech",911306,334814,1246120
2021-03-18,"Johnson&Johnson, Moderna, Oxford/AstraZeneca, Pfizer/BioNTech",949242,347206,1296448
2021-03-19,"Moderna, Oxford/AstraZeneca, Pfizer/BioNTech",983680,360792,1344472
2021-03-20,"Johnson&Johnson, Moderna, Oxford/AstraZeneca, Pfizer/BioNTech",998792,362807,1361599
2021-03-21,"Johnson&Johnson, Moderna, Oxford/AstraZeneca, Pfizer/BioNTech",1006182,364351,1370533
2021-03-22,"Johnson&Johnson, Moderna, Oxford/AstraZeneca, Pfizer/BioNTech",1030692,376837,1407529
2021-03-23,"Johnson&Johnson, Moderna, Oxford/AstraZeneca, Pfizer/BioNTech",1057287,390167,1447454
2021-03-24,"Johnson&Johnson, Moderna, Oxford/AstraZeneca, Pfizer/BioNTech",1084106,405872,1489978
2021-03-25,"Moderna, Oxford/AstraZeneca, Pfizer/BioNTech",1110395,423697,1534092
2021-03-26,"Moderna, Oxford/AstraZeneca, Pfizer/BioNTech",1135163,441173,1576336
2021-03-27,"Johnson&Johnson, Moderna, Oxford/AstraZeneca, Pfizer/BioNTech",1143578,446004,1589582
2021-03-28,"Moderna, Oxford/AstraZeneca, Pfizer/BioNTech",1149105,450135,1599240
2021-03-29,"Johnson&Johnson, Moderna, Oxford/AstraZeneca, Pfizer/BioNTech",1168175,470824,1638999
2021-03-30,"Johnson&Johnson, Moderna, Oxford/AstraZeneca, Pfizer/BioNTech",1192830,492981,1685811
2021-03-31,"Johnson&Johnson, Moderna, Oxford/AstraZeneca, Pfizer/BioNTech",1215879,520015,1735894
2021-04-01,"Johnson&Johnson, Moderna, Oxford/AstraZeneca, Pfizer/BioNTech",1241443,552033,1793476
2021-04-02,"Johnson&Johnson, Moderna, Oxford/AstraZeneca, Pfizer/BioNTech",1248322,564811,1813133
2021-04-03,"Johnson&Johnson, Moderna, Oxford/AstraZeneca, Pfizer/BioNTech",1251916,575715,1827631
2021-04-04,"Johnson&Johnson, Moderna, Oxford/AstraZeneca, Pfizer/BioNTech",1254404,584609,1839013
2021-04-05,"Johnson&Johnson, Moderna, Oxford/AstraZeneca, Pfizer/BioNTech",1256773,591778,1848551
2021-04-06,"Johnson&Johnson, Moderna, Oxford/AstraZeneca, Pfizer/BioNTech",1272858,620992,1893850
2021-04-07,"Johnson&Johnson, Moderna, Oxford/AstraZeneca, Pfizer/BioNTech",1296219,643180,1939399
2021-04-08,"Johnson&Johnson, Moderna, Oxford/AstraZeneca, Pfizer/BioNTech",1334845,674167,2009012
2021-04-09,"Johnson&Johnson, Moderna, Oxford/AstraZeneca, Pfizer/BioNTech",1374313,704325,2078638
2021-04-10,"Johnson&Johnson, Moderna, Oxford/AstraZeneca, Pfizer/BioNTech",1389755,719598,2109353
2021-04-11,"Johnson&Johnson, Moderna, Oxford/AstraZeneca, Pfizer/BioNTech",1399498,729612,2129110
2021-04-12,"Johnson&Johnson, Moderna, Oxford/AstraZeneca, Pfizer/BioNTech",1437708,754699,2192407
2021-04-13,"Moderna, Oxford/AstraZeneca, Pfizer/BioNTech",1473906,780691,2254597
2021-04-14,"Moderna, Oxford/AstraZeneca, Pfizer/BioNTech",1512668,808019,2320687
2021-04-15,"Moderna, Oxford/AstraZeneca, Pfizer/BioNTech",1560383,833705,2394088
2021-04-16,"Moderna, Oxford/AstraZeneca, Pfizer/BioNTech",1604957,859303,2464260
2021-04-17,"Moderna, Oxford/AstraZeneca, Pfizer/BioNTech",1621603,868313,2489916
2021-04-18,"Moderna, Oxford/AstraZeneca, Pfizer/BioNTech",1634560,873287,2507847
2021-04-19,"Moderna, Oxford/AstraZeneca, Pfizer/BioNTech",1678520,888718,2567238
2021-04-20,"Johnson&Johnson, Moderna, Oxford/AstraZeneca, Pfizer/BioNTech",1721029,904560,2625589
2021-04-21,"Moderna, Oxford/AstraZeneca, Pfizer/BioNTech",1768721,918829,2687550
2021-04-22,"Johnson&Johnson, Moderna, Oxford/AstraZeneca, Pfizer/BioNTech",1823170,936186,2759356
2021-04-23,"Johnson&Johnson, Moderna, Oxford/AstraZeneca, Pfizer/BioNTech",1873085,948206,2821291
2021-04-24,"Johnson&Johnson, Moderna, Oxford/AstraZeneca, Pfizer/BioNTech",1890891,953435,2844326
2021-04-25,"Johnson&Johnson, Moderna, Oxford/AstraZeneca, Pfizer/BioNTech",1905559,957416,2862975
2021-04-26,"Johnson&Johnson, Moderna, Oxford/AstraZeneca, Pfizer/BioNTech",1955119,964954,2920073
2021-04-27,"Johnson&Johnson, Moderna, Oxford/AstraZeneca, Pfizer/BioNTech",2004068,977145,2981213
2021-04-28,"Johnson&Johnson, Moderna, Oxford/AstraZeneca, Pfizer/BioNTech",2062785,991105,3053890
2021-04-29,"Johnson&Johnson, Moderna, Oxford/AstraZeneca, Pfizer/BioNTech",2128317,1006945,3135262
2021-04-30,"Johnson&Johnson, Moderna, Oxford/AstraZeneca, Pfizer/BioNTech",2190497,1016860,3207357
2021-05-01,"Johnson&Johnson, Moderna, Oxford/AstraZeneca, Pfizer/BioNTech",2209787,1020275,3230062
2021-05-02,"Johnson&Johnson, Moderna, Oxford/AstraZeneca, Pfizer/BioNTech",2228677,1022523,3251200
2021-05-03,"Johnson&Johnson, Moderna, Oxford/AstraZeneca, Pfizer/BioNTech",2295894,1027567,3323461
2021-05-04,"Johnson&Johnson, Moderna, Oxford/AstraZeneca, Pfizer/BioNTech",2362353,1035858,3398211
2021-05-05,"Johnson&Johnson, Moderna, Oxford/AstraZeneca, Pfizer/BioNTech",2435468,1045218,3480686
2021-05-06,"Johnson&Johnson, Moderna, Oxford/AstraZeneca, Pfizer/BioNTech",2515826,1055849,3571675
2021-05-07,"Johnson&Johnson, Moderna, Oxford/AstraZeneca, Pfizer/BioNTech",2593084,1065879,3658963
2021-05-08,"Johnson&Johnson, Moderna, Oxford/AstraZeneca, Pfizer/BioNTech",2622482,1067603,3690085
2021-05-09,"Johnson&Johnson, Moderna, Oxford/AstraZeneca, Pfizer/BioNTech",2646649,1068789,3715438
2021-05-10,"Johnson&Johnson, Moderna, Oxford/AstraZeneca, Pfizer/BioNTech",2719373,1075964,3795337
2021-05-11,"Johnson&Johnson, Moderna, Oxford/AstraZeneca, Pfizer/BioNTech",2795437,1084728,3880165
2021-05-12,"Johnson&Johnson, Moderna, Oxford/AstraZeneca, Pfizer/BioNTech",2875252,1093762,3969014
2021-05-13,"Johnson&Johnson, Moderna, Oxford/AstraZeneca, Pfizer/BioNTech",2959241,1102887,4062128
2021-05-14,"Johnson&Johnson, Moderna, Oxford/AstraZeneca, Pfizer/BioNTech",3038633,1110609,4149242
2021-05-15,"Johnson&Johnson, Moderna, Oxford/AstraZeneca, Pfizer/BioNTech",3070467,1112796,4183263
2021-05-16,"Johnson&Johnson, Moderna, Oxford/AstraZeneca, Pfizer/BioNTech",3096210,1114034,4210244
2021-05-17,"Johnson&Johnson, Moderna, Oxford/AstraZeneca, Pfizer/BioNTech",3168688,1120711,4289399
2021-05-18,"Johnson&Johnson, Moderna, Oxford/AstraZeneca, Pfizer/BioNTech",3240588,1133693,4374281
2021-05-19,"Johnson&Johnson, Moderna, Oxford/AstraZeneca, Pfizer/BioNTech",3318021,1148777,4466798
2021-05-20,"Johnson&Johnson, Moderna, Oxford/AstraZeneca, Pfizer/BioNTech",3393425,1175735,4569160
2021-05-21,"Johnson&Johnson, Moderna, Oxford/AstraZeneca, Pfizer/BioNTech",3462170,1203407,4665577
2021-05-22,"Johnson&Johnson, Moderna, Oxford/AstraZeneca, Pfizer/BioNTech",3494497,1214538,4709035
2021-05-23,"Johnson&Johnson, Moderna, Oxford/AstraZeneca, Pfizer/BioNTech",3516799,1223537,4740336
2021-05-24,"Johnson&Johnson, Moderna, Oxford/AstraZeneca, Pfizer/BioNTech",3563870,1257127,4820997
2021-05-25,"Johnson&Johnson, Moderna, Oxford/AstraZeneca, Pfizer/BioNTech",3615699,1292861,4908560
2021-05-26,"Johnson&Johnson, Moderna, Oxford/AstraZeneca, Pfizer/BioNTech",3683417,1330331,5013748
2021-05-27,"Johnson&Johnson, Moderna, Oxford/AstraZeneca, Pfizer/BioNTech",3744759,1377590,5122349
2021-05-28,"Johnson&Johnson, Moderna, Oxford/AstraZeneca, Pfizer/BioNTech",3806417,1424068,5230485
2021-05-29,"Johnson&Johnson, Moderna, Oxford/AstraZeneca, Pfizer/BioNTech",3835557,1441134,5276691
2021-05-30,"Johnson&Johnson, Moderna, Oxford/AstraZeneca, Pfizer/BioNTech",3857896,1455536,5313432
2021-05-31,"Johnson&Johnson, Moderna, Oxford/AstraZeneca, Pfizer/BioNTech",3913605,1503024,5416629
2021-06-01,"Johnson&Johnson, Moderna, Oxford/AstraZeneca, Pfizer/BioNTech",3972611,1551775,5524386
2021-06-02,"Johnson&Johnson, Moderna, Oxford/AstraZeneca, Pfizer/BioNTech",4035473,1605660,5641133
2021-06-03,"Johnson&Johnson, Moderna, Oxford/AstraZeneca, Pfizer/BioNTech",4093689,1665795,5759484
2021-06-04,"Johnson&Johnson, Moderna, Oxford/AstraZeneca, Pfizer/BioNTech",4156756,1723097,5879853
2021-06-05,"Johnson&Johnson, Moderna, Oxford/AstraZeneca, Pfizer/BioNTech",4190883,1741861,5932744
2021-06-06,"Johnson&Johnson, Moderna, Oxford/AstraZeneca, Pfizer/BioNTech",4217781,1756948,5974729
2021-06-07,"Johnson&Johnson, Moderna, Oxford/AstraZeneca, Pfizer/BioNTech",4281445,1812501,6093946
2021-06-08,"Johnson&Johnson, Moderna, Oxford/AstraZeneca, Pfizer/BioNTech",4345402,1867392,6212794
2021-06-09,"Johnson&Johnson, Moderna, Oxford/AstraZeneca, Pfizer/BioNTech",4404571,1931715,6336286
2021-06-10,"Johnson&Johnson, Moderna, Oxford/AstraZeneca, Pfizer/BioNTech",4458444,2002702,6461146
2021-06-11,"Johnson&Johnson, Moderna, Oxford/AstraZeneca, Pfizer/BioNTech",4510525,2072304,6582829
2021-06-12,"Johnson&Johnson, Moderna, Oxford/AstraZeneca, Pfizer/BioNTech",4542500,2093027,6635527
2021-06-13,"Johnson&Johnson, Moderna, Oxford/AstraZeneca, Pfizer/BioNTech",4566504,2111376,6677880
2021-06-14,"Johnson&Johnson, Moderna, Oxford/AstraZeneca, Pfizer/BioNTech",4609521,2185658,6795179
2021-06-15,"Johnson&Johnson, Moderna, Oxford/AstraZeneca, Pfizer/BioNTech",4654147,2257893,6912040
2021-06-16,"Johnson&Johnson, Moderna, Oxford/AstraZeneca, Pfizer/BioNTech",4696872,2335982,7032854
2021-06-17,"Johnson&Johnson, Moderna, Oxford/AstraZeneca, Pfizer/BioNTech",4736238,2418921,7155159
2021-06-18,"Johnson&Johnson, Moderna, Oxford/AstraZeneca, Pfizer/BioNTech",4778611,2499290,7277901
2021-06-19,"Johnson&Johnson, Moderna, Oxford/AstraZeneca, Pfizer/BioNTech",4800342,2528497,7328839
2021-06-20,"Johnson&Johnson, Moderna, Oxford/AstraZeneca, Pfizer/BioNTech",4817700,2552253,7369953
2021-06-21,"Johnson&Johnson, Moderna, Oxford/AstraZeneca, Pfizer/BioNTech",4850204,2630714,7480918
2021-06-22,"Johnson&Johnson, Moderna, Oxford/AstraZeneca, Pfizer/BioNTech",4883152,2712855,7596007
2021-06-23,"Johnson&Johnson, Moderna, Oxford/AstraZeneca, Pfizer/BioNTech",4914795,2797967,7712762
2021-06-24,"Johnson&Johnson, Moderna, Oxford/AstraZeneca, Pfizer/BioNTech",4944623,2887888,7832511
2021-06-25,"Johnson&Johnson, Moderna, Oxford/AstraZeneca, Pfizer/BioNTech",4975655,2973896,7949551
2021-06-26,"Johnson&Johnson, Moderna, Oxford/AstraZeneca, Pfizer/BioNTech",4991503,3008627,8000130
2021-06-27,"Johnson&Johnson, Moderna, Oxford/AstraZeneca, Pfizer/BioNTech",5005442,3035207,8040649
2021-06-28,"Johnson&Johnson, Moderna, Oxford/AstraZeneca, Pfizer/BioNTech",5033858,3120281,8154139
2021-06-29,"Johnson&Johnson, Moderna, Oxford/AstraZeneca, Pfizer/BioNTech",5063102,3206649,8269751
2021-06-30,"Johnson&Johnson, Moderna, Oxford/AstraZeneca, Pfizer/BioNTech",5090595,3297492,8388087
2021-07-01,"Johnson&Johnson, Moderna, Oxford/AstraZeneca, Pfizer/BioNTech",5114536,3387403,8501939
2021-07-02,"Johnson&Johnson, Moderna, Oxford/AstraZeneca, Pfizer/BioNTech",5141248,3473093,8614341
2021-07-03,"Johnson&Johnson, Moderna, Oxford/AstraZeneca, Pfizer/BioNTech",5148316,3504535,8652851
2021-07-04,"Johnson&Johnson, Moderna, Oxford/AstraZeneca, Pfizer/BioNTech",5155857,3526288,8682145
2021-07-05,"Johnson&Johnson, Moderna, Oxford/AstraZeneca, Pfizer/BioNTech",5163200,3551596,8714796
2021-07-06,"Johnson&Johnson, Moderna, Oxford/AstraZeneca, Pfizer/BioNTech",5168587,3579153,8747740
2021-07-07,"Johnson&Johnson, Moderna, Oxford/AstraZeneca, Pfizer/BioNTech",5194371,3658008,8852379
2021-07-08,"Johnson&Johnson, Moderna, Oxford/AstraZeneca, Pfizer/BioNTech",5220948,3728214,8949162
2021-07-09,"Johnson&Johnson, Moderna, Oxford/AstraZeneca, Pfizer/BioNTech",5248844,3797358,9046202
2021-07-10,"Johnson&Johnson, Moderna, Oxford/AstraZeneca, Pfizer/BioNTech",5258175,3825912,9084087
2021-07-11,"Johnson&Johnson, Moderna, Oxford/AstraZeneca, Pfizer/BioNTech",5266687,3848750,9115437
2021-07-12,"Johnson&Johnson, Moderna, Oxford/AstraZeneca, Pfizer/BioNTech",5294208,3917746,9211954
2021-07-13,"Johnson&Johnson, Moderna, Oxford/AstraZeneca, Pfizer/BioNTech",5320402,3987515,9307917
2021-07-14,"Johnson&Johnson, Moderna, Oxford/AstraZeneca, Pfizer/BioNTech",5346232,4059397,9405629
2021-07-15,"Johnson&Johnson, Moderna, Oxford/AstraZeneca, Pfizer/BioNTech",5375430,4125296,9500726
2021-07-16,"Johnson&Johnson, Moderna, Oxford/AstraZeneca, Pfizer/BioNTech",5403350,4197890,9601240
2021-07-17,"Johnson&Johnson, Moderna, Oxford/AstraZeneca, Pfizer/BioNTech",5412098,4229263,9641361
2021-07-18,"Johnson&Johnson, Moderna, Oxford/AstraZeneca, Pfizer/BioNTech",5420531,4255220,9675751
2021-07-19,"Johnson&Johnson, Moderna, Oxford/AstraZeneca, Pfizer/BioNTech",5443864,4322149,9766013
2021-07-20,"Johnson&Johnson, Moderna, Oxford/AstraZeneca, Pfizer/BioNTech",5465235,4389093,9854328
2021-07-21,"Johnson&Johnson, Moderna, Oxford/AstraZeneca, Pfizer/BioNTech",5488662,4452435,9941097
2021-07-22,"Johnson&Johnson, Moderna, Oxford/AstraZeneca, Pfizer/BioNTech",5510996,4510947,10021943
2021-07-23,"Johnson&Johnson, Moderna, Oxford/AstraZeneca, Pfizer/BioNTech",5534162,4565566,10099728
2021-07-24,"Johnson&Johnson, Moderna, Oxford/AstraZeneca, Pfizer/BioNTech",5541456,4593154,10134610
2021-07-25,"Johnson&Johnson, Moderna, Oxford/AstraZeneca, Pfizer/BioNTech",5548051,4615145,10163196
2021-07-26,"Johnson&Johnson, Moderna, Oxford/AstraZeneca, Pfizer/BioNTech",5571547,4663689,10235236
2021-07-27,"Johnson&Johnson, Moderna, Oxford/AstraZeneca, Pfizer/BioNTech",5594232,4710202,10304434
2021-07-28,"Johnson&Johnson, Moderna, Oxford/AstraZeneca, Pfizer/BioNTech",5615447,4756063,10371510
2021-07-29,"Johnson&Johnson, Moderna, Oxford/AstraZeneca, Pfizer/BioNTech",5636722,4797888,10434610
2021-07-30,"Johnson&Johnson, Moderna, Oxford/AstraZeneca, Pfizer/BioNTech",5659977,4840332,10500309
2021-07-31,"Johnson&Johnson, Moderna, Oxford/AstraZeneca, Pfizer/BioNTech",5668893,4859816,10528709
2021-08-01,"Johnson&Johnson, Moderna, Oxford/AstraZeneca, Pfizer/BioNTech",5675600,4875940,10551540
2021-08-02,"Johnson&Johnson, Moderna, Oxford/AstraZeneca, Pfizer/BioNTech",5694189,4913397,10607586
2021-08-03,"Johnson&Johnson, Moderna, Oxford/AstraZeneca, Pfizer/BioNTech",5711785,4951409,10663194
2021-08-04,"Johnson&Johnson, Moderna, Oxford/AstraZeneca, Pfizer/BioNTech",5727837,4988046,10715883
2021-08-05,"Johnson&Johnson, Moderna, Oxford/AstraZeneca, Pfizer/BioNTech",5743822,5028414,10772236
2021-08-06,"Johnson&Johnson, Moderna, Oxford/AstraZeneca, Pfizer/BioNTech",5760574,5071574,10832148
2021-08-07,"Johnson&Johnson, Moderna, Oxford/AstraZeneca, Pfizer/BioNTech",5766143,5089687,10855830
2021-08-08,"Johnson&Johnson, Moderna, Oxford/AstraZeneca, Pfizer/BioNTech",5770489,5105400,10875889
2021-08-09,"Johnson&Johnson, Moderna, Oxford/AstraZeneca, Pfizer/BioNTech",5783100,5150374,10933474
2021-08-10,"Johnson&Johnson, Moderna, Oxford/AstraZeneca, Pfizer/BioNTech",5794900,5189848,10984748
2021-08-11,"Johnson&Johnson, Moderna, Oxford/AstraZeneca, Pfizer/BioNTech",5806231,5232901,11039132
2021-08-12,"Johnson&Johnson, Moderna, Oxford/AstraZeneca, Pfizer/BioNTech",5817613,5269892,11087505
2021-08-13,"Johnson&Johnson, Moderna, Oxford/AstraZeneca, Pfizer/BioNTech",5828270,5310115,11138385
2021-08-14,"Johnson&Johnson, Moderna, Oxford/AstraZeneca, Pfizer/BioNTech",5831603,5320774,11152377
2021-08-15,"Johnson&Johnson, Moderna, Oxford/AstraZeneca, Pfizer/BioNTech",5834173,5331121,11165294
2021-08-16,"Johnson&Johnson, Moderna, Oxford/AstraZeneca, Pfizer/BioNTech",5843933,5365106,11209039
2021-08-17,"Johnson&Johnson, Moderna, Oxford/AstraZeneca, Pfizer/BioNTech",5853491,5392134,11245625
2021-08-18,"Johnson&Johnson, Moderna, Oxford/AstraZeneca, Pfizer/BioNTech",5862835,5430923,11293758
2021-08-19,"Johnson&Johnson, Moderna, Oxford/AstraZeneca, Pfizer/BioNTech",5872429,5469190,11341619
2021-08-20,"Johnson&Johnson, Moderna, Oxford/AstraZeneca, Pfizer/BioNTech",5883742,5509296,11393038
2021-08-21,"Johnson&Johnson, Moderna, Oxford/AstraZeneca, Pfizer/BioNTech",5886440,5522022,11408462
2021-08-22,"Johnson&Johnson, Moderna, Oxford/AstraZeneca, Pfizer/BioNTech",5888777,5533962,11422739
2021-08-23,"Johnson&Johnson, Moderna, Oxford/AstraZeneca, Pfizer/BioNTech",5899270,5573124,11472394
2021-08-24,"Johnson&Johnson, Moderna, Oxford/AstraZeneca, Pfizer/BioNTech",5909102,5606299,11515401
2021-08-25,"Johnson&Johnson, Moderna, Oxford/AstraZeneca, Pfizer/BioNTech",5917923,5634588,11552511
2021-08-26,"Johnson&Johnson, Moderna, Oxford/AstraZeneca, Pfizer/BioNTech",5926315,5660633,11586948
2021-08-27,"Johnson&Johnson, Moderna, Oxford/AstraZeneca, Pfizer/BioNTech",5936590,5686508,11623098
2021-08-28,"Johnson&Johnson, Moderna, Oxford/AstraZeneca, Pfizer/BioNTech",5939301,5693517,11632818
2021-08-29,"Johnson&Johnson, Moderna, Oxford/AstraZeneca, Pfizer/BioNTech",5941698,5700125,11641823
2021-08-30,"Johnson&Johnson, Moderna, Oxford/AstraZeneca, Pfizer/BioNTech",5950174,5721921,11672095
2021-08-31,"Johnson&Johnson, Moderna, Oxford/AstraZeneca, Pfizer/BioNTech",5957782,5739934,11697716
2021-09-01,"Johnson&Johnson, Moderna, Oxford/AstraZeneca, Pfizer/BioNTech",5963594,5753860,11717454
2021-09-02,"Johnson&Johnson, Moderna, Oxford/AstraZeneca, Pfizer/BioNTech",5970300,5768184,11738484
2021-09-03,"Johnson&Johnson, Moderna, Oxford/AstraZeneca, Pfizer/BioNTech",5979696,5783800,11763496
2021-09-04,"Johnson&Johnson, Moderna, Oxford/AstraZeneca, Pfizer/BioNTech",5981734,5787324,11769058
2021-09-05,"Johnson&Johnson, Moderna, Pfizer/BioNTech",5983761,5790145,11773906
2021-09-06,"Johnson&Johnson, Moderna, Oxford/AstraZeneca, Pfizer/BioNTech",5989818,5802583,11792401
2021-09-07,"Johnson&Johnson, Moderna, Oxford/AstraZeneca, Pfizer/BioNTech",5994084,5813571,11807655
2021-09-08,"Johnson&Johnson, Moderna, Oxford/AstraZeneca, Pfizer/BioNTech",5999618,5823354,11822972
2021-09-09,"Johnson&Johnson, Moderna, Oxford/AstraZeneca, Pfizer/BioNTech",6006156,5833344,11839500
2021-09-10,"Johnson&Johnson, Moderna, Oxford/AstraZeneca, Pfizer/BioNTech",6013645,5845385,11859030
2021-09-11,"Johnson&Johnson, Moderna, Pfizer/BioNTech",6015490,5847845,11863335
2021-09-12,"Johnson&Johnson, Moderna, Oxford/AstraZeneca, Pfizer/BioNTech",6016591,5849456,11866047
2021-09-13,"Johnson&Johnson, Moderna, Oxford/AstraZeneca, Pfizer/BioNTech",6021900,5859650,11881550
2021-09-14,"Johnson&Johnson, Moderna, Oxford/AstraZeneca, Pfizer/BioNTech",6027165,5868569,11895734
2021-09-15,"Johnson&Johnson, Moderna, Oxford/AstraZeneca, Pfizer/BioNTech",6032251,5876997,11909248
2021-09-16,"Johnson&Johnson, Moderna, Oxford/AstraZeneca, Pfizer/BioNTech",6037394,5885188,11922582
2021-09-17,"Johnson&Johnson, Moderna, Oxford/AstraZeneca, Pfizer/BioNTech",6043737,5895241,11938978
2021-09-18,"Johnson&Johnson, Moderna, Pfizer/BioNTech",6045433,5897566,11942999
2021-09-19,"Johnson&Johnson, Moderna, Pfizer/BioNTech",6046363,5899119,11945482
2021-09-20,"Johnson&Johnson, Moderna, Oxford/AstraZeneca, Pfizer/BioNTech",6050188,5907178,11957366
2021-09-21,"Johnson&Johnson, Moderna, Oxford/AstraZeneca, Pfizer/BioNTech",6054181,5914629,11968810
2021-09-22,"Johnson&Johnson, Moderna, Oxford/AstraZeneca, Pfizer/BioNTech",6058192,5920023,11978215
2021-09-23,"Johnson&Johnson, Moderna, Oxford/AstraZeneca, Pfizer/BioNTech",6063046,5926309,11989355
2021-09-24,"Johnson&Johnson, Moderna, Oxford/AstraZeneca, Pfizer/BioNTech",6068588,5935716,12004304
2021-09-25,"Johnson&Johnson, Moderna, Oxford/AstraZeneca, Pfizer/BioNTech",6070035,5937660,12007695
2021-09-26,"Johnson&Johnson, Moderna, Pfizer/BioNTech",6070771,5939274,12010045
2021-09-27,"Johnson&Johnson, Moderna, Oxford/AstraZeneca, Pfizer/BioNTech",6074423,5945552,12019975
2021-09-28,"Johnson&Johnson, Moderna, Pfizer/BioNTech",6074608,5945982,12020590
2021-09-29,"Johnson&Johnson, Moderna, Oxford/AstraZeneca, Pfizer/BioNTech",6077785,5952551,12030336
