date,vaccine,people_vaccinated,people_fully_vaccinated,total_vaccinations
2020-12-27,Pfizer/BioNTech,1287,0,1287
2020-12-28,Pfizer/BioNTech,3591,0,3591
2020-12-29,Pfizer/BioNTech,7062,1,7063
2020-12-30,Pfizer/BioNTech,10581,1,10582
2020-12-31,Pfizer/BioNTech,11892,1,11893
2021-01-01,"Moderna, Pfizer/BioNTech",12162,1,12163
2021-01-02,"Moderna, Pfizer/BioNTech",13446,1,13447
2021-01-03,"Moderna, Pfizer/BioNTech",14372,1,14373
2021-01-04,"Moderna, Pfizer/BioNTech",17986,1,17987
2021-01-05,"Moderna, Pfizer/BioNTech",22512,2,22514
2021-01-06,"Moderna, Pfizer/BioNTech",28359,3,28362
2021-01-07,"Moderna, Pfizer/BioNTech",36359,3,36362
2021-01-08,"Moderna, Pfizer/BioNTech",46413,4,46417
2021-01-09,"Moderna, Pfizer/BioNTech",48441,6,48447
2021-01-10,Pfizer/BioNTech,50212,8,50220
2021-01-11,"Moderna, Pfizer/BioNTech",60071,10,60081
2021-01-12,"Moderna, Pfizer/BioNTech",73529,12,73541
2021-01-13,"Moderna, Pfizer/BioNTech",87079,12,87091
2021-01-14,"Moderna, Pfizer/BioNTech",102336,16,102352
2021-01-15,"Moderna, Pfizer/BioNTech",116359,17,116376
2021-01-16,"Moderna, Pfizer/BioNTech",119763,21,119784
2021-01-17,"Moderna, Pfizer/BioNTech",122384,657,123041
2021-01-18,"Moderna, Pfizer/BioNTech",134878,2484,137362
2021-01-19,"Moderna, Pfizer/BioNTech",147492,5213,152705
2021-01-20,"Moderna, Pfizer/BioNTech",161191,7877,169068
2021-01-21,"Moderna, Pfizer/BioNTech",176848,9619,186467
2021-01-22,"Moderna, Pfizer/BioNTech",191742,10665,202407
2021-01-23,"Moderna, Pfizer/BioNTech",195061,11544,206605
2021-01-24,"Moderna, Pfizer/BioNTech",197317,12414,209731
2021-01-25,"Moderna, Pfizer/BioNTech",206972,15389,222361
2021-01-26,"Moderna, Pfizer/BioNTech",217521,19381,236902
2021-01-27,"Moderna, Pfizer/BioNTech",226554,23916,250470
2021-01-28,"Moderna, Pfizer/BioNTech",233659,30050,263709
2021-01-29,"Moderna, Pfizer/BioNTech",239877,37960,277837
2021-01-30,"Moderna, Pfizer/BioNTech",240618,39048,279666
2021-01-31,"Moderna, Pfizer/BioNTech",241336,40230,281566
2021-02-01,"Moderna, Pfizer/BioNTech",245318,48200,293518
2021-02-02,"Moderna, Pfizer/BioNTech",249472,58440,307912
2021-02-03,"Moderna, Pfizer/BioNTech",253898,69464,323362
2021-02-04,"Moderna, Pfizer/BioNTech",258806,82460,341266
2021-02-05,"Moderna, Pfizer/BioNTech",264281,93137,357418
2021-02-06,"Moderna, Oxford/AstraZeneca, Pfizer/BioNTech",265138,95503,360641
2021-02-07,"Moderna, Oxford/AstraZeneca, Pfizer/BioNTech",265990,98003,363993
2021-02-08,"Moderna, Oxford/AstraZeneca, Pfizer/BioNTech",270085,109435,379520
2021-02-09,"Moderna, Oxford/AstraZeneca, Pfizer/BioNTech",275193,121352,396545
2021-02-10,"Moderna, Oxford/AstraZeneca, Pfizer/BioNTech",280711,134615,415326
2021-02-11,"Moderna, Oxford/AstraZeneca, Pfizer/BioNTech",287054,150838,437892
2021-02-12,"Moderna, Oxford/AstraZeneca, Pfizer/BioNTech",293884,165587,459471
2021-02-13,"Moderna, Oxford/AstraZeneca, Pfizer/BioNTech",295501,168575,464076
2021-02-14,"Moderna, Oxford/AstraZeneca, Pfizer/BioNTech",296507,169961,466468
2021-02-15,"Moderna, Oxford/AstraZeneca, Pfizer/BioNTech",302906,179332,482238
2021-02-16,"Moderna, Oxford/AstraZeneca, Pfizer/BioNTech",311629,188416,500045
2021-02-17,"Moderna, Oxford/AstraZeneca, Pfizer/BioNTech",321332,196727,518059
2021-02-18,"Moderna, Oxford/AstraZeneca, Pfizer/BioNTech",333662,204811,538473
2021-02-19,"Moderna, Oxford/AstraZeneca, Pfizer/BioNTech",345528,212188,557716
2021-02-20,"Moderna, Oxford/AstraZeneca, Pfizer/BioNTech",347538,213374,560912
2021-02-21,"Moderna, Oxford/AstraZeneca, Pfizer/BioNTech",348675,214400,563075
2021-02-22,"Moderna, Oxford/AstraZeneca, Pfizer/BioNTech",358803,220438,579241
2021-02-23,"Moderna, Oxford/AstraZeneca, Pfizer/BioNTech",371767,227430,599197
2021-02-24,"Moderna, Oxford/AstraZeneca, Pfizer/BioNTech",385652,233473,619125
2021-02-25,"Moderna, Oxford/AstraZeneca, Pfizer/BioNTech",403636,239025,642661
2021-02-26,"Moderna, Oxford/AstraZeneca, Pfizer/BioNTech",419817,244387,664204
2021-02-27,"Moderna, Oxford/AstraZeneca, Pfizer/BioNTech",422827,244947,667774
2021-02-28,"Moderna, Oxford/AstraZeneca, Pfizer/BioNTech",425185,245499,670684
2021-03-01,"Moderna, Oxford/AstraZeneca, Pfizer/BioNTech",444787,248950,693737
2021-03-02,"Moderna, Oxford/AstraZeneca, Pfizer/BioNTech",472016,252500,724516
2021-03-03,"Moderna, Oxford/AstraZeneca, Pfizer/BioNTech",502977,257011,759988
2021-03-04,"Moderna, Oxford/AstraZeneca, Pfizer/BioNTech",536269,261702,797971
2021-03-05,"Johnson&Johnson, Moderna, Oxford/AstraZeneca, Pfizer/BioNTech",565116,267130,832246
2021-03-06,"Johnson&Johnson, Moderna, Oxford/AstraZeneca, Pfizer/BioNTech",577275,267996,845271
2021-03-07,"Johnson&Johnson, Moderna, Oxford/AstraZeneca, Pfizer/BioNTech",588824,268839,857663
2021-03-08,"Johnson&Johnson, Moderna, Oxford/AstraZeneca, Pfizer/BioNTech",618573,273702,892275
2021-03-09,"Johnson&Johnson, Moderna, Oxford/AstraZeneca, Pfizer/BioNTech",654943,280089,935032
2021-03-10,"Johnson&Johnson, Moderna, Oxford/AstraZeneca, Pfizer/BioNTech",696282,287050,983332
2021-03-11,"Johnson&Johnson, Moderna, Oxford/AstraZeneca, Pfizer/BioNTech",741139,295427,1036566
2021-03-12,"Johnson&Johnson, Moderna, Oxford/AstraZeneca, Pfizer/BioNTech",779906,303925,1083831
2021-03-13,"Johnson&Johnson, Moderna, Oxford/AstraZeneca, Pfizer/BioNTech",797016,305240,1102256
2021-03-14,"Johnson&Johnson, Moderna, Oxford/AstraZeneca, Pfizer/BioNTech",809135,306396,1115531
2021-03-15,"Johnson&Johnson, Moderna, Oxford/AstraZeneca, Pfizer/BioNTech",837533,315179,1152712
2021-03-16,"Johnson&Johnson, Moderna, Oxford/AstraZeneca, Pfizer/BioNTech",876430,325717,1202147
2021-03-17,"Moderna, Oxford/AstraZeneca, Pfizer/BioNTech",913921,336232,1250153
2021-03-18,"Johnson&Johnson, Moderna, Oxford/AstraZeneca, Pfizer/BioNTech",951925,348657,1300582
2021-03-19,"Johnson&Johnson, Moderna, Oxford/AstraZeneca, Pfizer/BioNTech",986442,362272,1348714
2021-03-20,"Johnson&Johnson, Moderna, Oxford/AstraZeneca, Pfizer/BioNTech",1001626,364303,1365929
2021-03-21,"Johnson&Johnson, Moderna, Oxford/AstraZeneca, Pfizer/BioNTech",1009070,365863,1374933
2021-03-22,"Johnson&Johnson, Moderna, Oxford/AstraZeneca, Pfizer/BioNTech",1033649,378368,1412017
2021-03-23,"Johnson&Johnson, Moderna, Oxford/AstraZeneca, Pfizer/BioNTech",1060324,391734,1452058
2021-03-24,"Johnson&Johnson, Moderna, Oxford/AstraZeneca, Pfizer/BioNTech",1087214,407483,1494697
2021-03-25,"Johnson&Johnson, Moderna, Oxford/AstraZeneca, Pfizer/BioNTech",1113571,425339,1538910
2021-03-26,"Johnson&Johnson, Moderna, Oxford/AstraZeneca, Pfizer/BioNTech",1138413,442853,1581266
2021-03-27,"Johnson&Johnson, Moderna, Oxford/AstraZeneca, Pfizer/BioNTech",1146873,447699,1594572
2021-03-28,"Moderna, Oxford/AstraZeneca, Pfizer/BioNTech",1152421,451847,1604268
2021-03-29,"Johnson&Johnson, Moderna, Oxford/AstraZeneca, Pfizer/BioNTech",1171580,472584,1644164
2021-03-30,"Johnson&Johnson, Moderna, Oxford/AstraZeneca, Pfizer/BioNTech",1196290,494772,1691062
2021-03-31,"Johnson&Johnson, Moderna, Oxford/AstraZeneca, Pfizer/BioNTech",1219448,521842,1741290
2021-04-01,"Johnson&Johnson, Moderna, Oxford/AstraZeneca, Pfizer/BioNTech",1245134,553903,1799037
2021-04-02,"Johnson&Johnson, Moderna, Oxford/AstraZeneca, Pfizer/BioNTech",1252114,566702,1818816
2021-04-03,"Johnson&Johnson, Moderna, Oxford/AstraZeneca, Pfizer/BioNTech",1255765,577634,1833399
2021-04-04,"Johnson&Johnson, Moderna, Oxford/AstraZeneca, Pfizer/BioNTech",1258307,586559,1844866
2021-04-05,"Johnson&Johnson, Moderna, Oxford/AstraZeneca, Pfizer/BioNTech",1260738,593763,1854501
2021-04-06,"Johnson&Johnson, Moderna, Oxford/AstraZeneca, Pfizer/BioNTech",1276954,623039,1899993
2021-04-07,"Johnson&Johnson, Moderna, Oxford/AstraZeneca, Pfizer/BioNTech",1300457,645285,1945742
2021-04-08,"Johnson&Johnson, Moderna, Oxford/AstraZeneca, Pfizer/BioNTech",1339270,676332,2015602
2021-04-09,"Johnson&Johnson, Moderna, Oxford/AstraZeneca, Pfizer/BioNTech",1378868,706531,2085399
2021-04-10,"Johnson&Johnson, Moderna, Oxford/AstraZeneca, Pfizer/BioNTech",1394437,721844,2116281
2021-04-11,"Johnson&Johnson, Moderna, Oxford/AstraZeneca, Pfizer/BioNTech",1404232,731900,2136132
2021-04-12,"Johnson&Johnson, Moderna, Oxford/AstraZeneca, Pfizer/BioNTech",1442554,757047,2199601
2021-04-13,"Moderna, Oxford/AstraZeneca, Pfizer/BioNTech",1478861,783088,2261949
2021-04-14,"Moderna, Oxford/AstraZeneca, Pfizer/BioNTech",1517746,810464,2328210
2021-04-15,"Moderna, Oxford/AstraZeneca, Pfizer/BioNTech",1565578,836244,2401822
2021-04-16,"Moderna, Oxford/AstraZeneca, Pfizer/BioNTech",1610292,861929,2472221
2021-04-17,"Moderna, Oxford/AstraZeneca, Pfizer/BioNTech",1627018,870956,2497974
2021-04-18,"Moderna, Oxford/AstraZeneca, Pfizer/BioNTech",1640017,875942,2515959
2021-04-19,"Johnson&Johnson, Moderna, Oxford/AstraZeneca, Pfizer/BioNTech",1683991,891386,2575377
2021-04-20,"Johnson&Johnson, Moderna, Oxford/AstraZeneca, Pfizer/BioNTech",1726579,907275,2633854
2021-04-21,"Moderna, Oxford/AstraZeneca, Pfizer/BioNTech",1774351,921643,2695994
2021-04-22,"Johnson&Johnson, Moderna, Oxford/AstraZeneca, Pfizer/BioNTech",1828879,939042,2767921
2021-04-23,"Johnson&Johnson, Moderna, Oxford/AstraZeneca, Pfizer/BioNTech",1878897,951109,2830006
2021-04-24,"Johnson&Johnson, Moderna, Oxford/AstraZeneca, Pfizer/BioNTech",1896774,956376,2853150
2021-04-25,"Johnson&Johnson, Moderna, Oxford/AstraZeneca, Pfizer/BioNTech",1911487,960379,2871866
2021-04-26,"Johnson&Johnson, Moderna, Oxford/AstraZeneca, Pfizer/BioNTech",1961099,967948,2929047
2021-04-27,"Johnson&Johnson, Moderna, Oxford/AstraZeneca, Pfizer/BioNTech",2010091,980199,2990290
2021-04-28,"Johnson&Johnson, Moderna, Oxford/AstraZeneca, Pfizer/BioNTech",2068872,994229,3063101
2021-04-29,"Johnson&Johnson, Moderna, Oxford/AstraZeneca, Pfizer/BioNTech",2134492,1010148,3144640
2021-04-30,"Johnson&Johnson, Moderna, Oxford/AstraZeneca, Pfizer/BioNTech",2196788,1020144,3216932
2021-05-01,"Johnson&Johnson, Moderna, Oxford/AstraZeneca, Pfizer/BioNTech",2216176,1023609,3239785
2021-05-02,"Johnson&Johnson, Moderna, Oxford/AstraZeneca, Pfizer/BioNTech",2235130,1025900,3261030
2021-05-03,"Johnson&Johnson, Moderna, Oxford/AstraZeneca, Pfizer/BioNTech",2302411,1030982,3333393
2021-05-04,"Johnson&Johnson, Moderna, Oxford/AstraZeneca, Pfizer/BioNTech",2368969,1039358,3408327
2021-05-05,"Johnson&Johnson, Moderna, Oxford/AstraZeneca, Pfizer/BioNTech",2442181,1048806,3490987
2021-05-06,"Johnson&Johnson, Moderna, Oxford/AstraZeneca, Pfizer/BioNTech",2522630,1059562,3582192
2021-05-07,"Johnson&Johnson, Moderna, Oxford/AstraZeneca, Pfizer/BioNTech",2599961,1069706,3669667
2021-05-08,"Johnson&Johnson, Moderna, Oxford/AstraZeneca, Pfizer/BioNTech",2629499,1071499,3700998
2021-05-09,"Johnson&Johnson, Moderna, Oxford/AstraZeneca, Pfizer/BioNTech",2653735,1072719,3726454
2021-05-10,"Johnson&Johnson, Moderna, Oxford/AstraZeneca, Pfizer/BioNTech",2726543,1079969,3806512
2021-05-11,"Johnson&Johnson, Moderna, Oxford/AstraZeneca, Pfizer/BioNTech",2802701,1088804,3891505
2021-05-12,"Johnson&Johnson, Moderna, Oxford/AstraZeneca, Pfizer/BioNTech",2882655,1097952,3980607
2021-05-13,"Johnson&Johnson, Moderna, Oxford/AstraZeneca, Pfizer/BioNTech",2966710,1107146,4073856
2021-05-14,"Johnson&Johnson, Moderna, Oxford/AstraZeneca, Pfizer/BioNTech",3046261,1114978,4161239
2021-05-15,"Johnson&Johnson, Moderna, Oxford/AstraZeneca, Pfizer/BioNTech",3078231,1117263,4195494
2021-05-16,"Johnson&Johnson, Moderna, Oxford/AstraZeneca, Pfizer/BioNTech",3104044,1118549,4222593
2021-05-17,"Johnson&Johnson, Moderna, Oxford/AstraZeneca, Pfizer/BioNTech",3176588,1125306,4301894
2021-05-18,"Johnson&Johnson, Moderna, Oxford/AstraZeneca, Pfizer/BioNTech",3248578,1138428,4387006
2021-05-19,"Johnson&Johnson, Moderna, Oxford/AstraZeneca, Pfizer/BioNTech",3326077,1153601,4479678
2021-05-20,"Johnson&Johnson, Moderna, Oxford/AstraZeneca, Pfizer/BioNTech",3401570,1180671,4582241
2021-05-21,"Johnson&Johnson, Moderna, Oxford/AstraZeneca, Pfizer/BioNTech",3470425,1208484,4678909
2021-05-22,"Johnson&Johnson, Moderna, Oxford/AstraZeneca, Pfizer/BioNTech",3502886,1219727,4722613
2021-05-23,"Johnson&Johnson, Moderna, Oxford/AstraZeneca, Pfizer/BioNTech",3525336,1228770,4754106
2021-05-24,"Johnson&Johnson, Moderna, Oxford/AstraZeneca, Pfizer/BioNTech",3572554,1262452,4835006
2021-05-25,"Johnson&Johnson, Moderna, Oxford/AstraZeneca, Pfizer/BioNTech",3624472,1298300,4922772
2021-05-26,"Johnson&Johnson, Moderna, Oxford/AstraZeneca, Pfizer/BioNTech",3692239,1335865,5028104
2021-05-27,"Johnson&Johnson, Moderna, Oxford/AstraZeneca, Pfizer/BioNTech",3753673,1383232,5136905
2021-05-28,"Johnson&Johnson, Moderna, Oxford/AstraZeneca, Pfizer/BioNTech",3815425,1429849,5245274
2021-05-29,"Johnson&Johnson, Moderna, Oxford/AstraZeneca, Pfizer/BioNTech",3844692,1446995,5291687
2021-05-30,"Johnson&Johnson, Moderna, Oxford/AstraZeneca, Pfizer/BioNTech",3867103,1461467,5328570
2021-05-31,"Johnson&Johnson, Moderna, Oxford/AstraZeneca, Pfizer/BioNTech",3922851,1509004,5431855
2021-06-01,"Johnson&Johnson, Moderna, Oxford/AstraZeneca, Pfizer/BioNTech",3981956,1557896,5539852
2021-06-02,"Johnson&Johnson, Moderna, Oxford/AstraZeneca, Pfizer/BioNTech",4044934,1611938,5656872
2021-06-03,"Johnson&Johnson, Moderna, Oxford/AstraZeneca, Pfizer/BioNTech",4103190,1672187,5775377
2021-06-04,"Johnson&Johnson, Moderna, Oxford/AstraZeneca, Pfizer/BioNTech",4166326,1729628,5895954
2021-06-05,"Johnson&Johnson, Moderna, Oxford/AstraZeneca, Pfizer/BioNTech",4200513,1748558,5949071
2021-06-06,"Johnson&Johnson, Moderna, Oxford/AstraZeneca, Pfizer/BioNTech",4227473,1763736,5991209
2021-06-07,"Johnson&Johnson, Moderna, Oxford/AstraZeneca, Pfizer/BioNTech",4291175,1819393,6110568
2021-06-08,"Johnson&Johnson, Moderna, Oxford/AstraZeneca, Pfizer/BioNTech",4355196,1874432,6229628
2021-06-09,"Johnson&Johnson, Moderna, Oxford/AstraZeneca, Pfizer/BioNTech",4414417,1939134,6353551
2021-06-10,"Johnson&Johnson, Moderna, Oxford/AstraZeneca, Pfizer/BioNTech",4468282,2010469,6478751
2021-06-11,"Johnson&Johnson, Moderna, Oxford/AstraZeneca, Pfizer/BioNTech",4520417,2080328,6600745
2021-06-12,"Johnson&Johnson, Moderna, Oxford/AstraZeneca, Pfizer/BioNTech",4552439,2101190,6653629
2021-06-13,"Johnson&Johnson, Moderna, Oxford/AstraZeneca, Pfizer/BioNTech",4576484,2119637,6696121
2021-06-14,"Johnson&Johnson, Moderna, Oxford/AstraZeneca, Pfizer/BioNTech",4619574,2194057,6813631
2021-06-15,"Johnson&Johnson, Moderna, Oxford/AstraZeneca, Pfizer/BioNTech",4664253,2266472,6930725
2021-06-16,"Johnson&Johnson, Moderna, Oxford/AstraZeneca, Pfizer/BioNTech",4707079,2344738,7051817
2021-06-17,"Johnson&Johnson, Moderna, Oxford/AstraZeneca, Pfizer/BioNTech",4746518,2427862,7174380
2021-06-18,"Johnson&Johnson, Moderna, Oxford/AstraZeneca, Pfizer/BioNTech",4788965,2508468,7297433
2021-06-19,"Johnson&Johnson, Moderna, Oxford/AstraZeneca, Pfizer/BioNTech",4810757,2537816,7348573
2021-06-20,"Johnson&Johnson, Moderna, Oxford/AstraZeneca, Pfizer/BioNTech",4828170,2561692,7389862
2021-06-21,"Johnson&Johnson, Moderna, Oxford/AstraZeneca, Pfizer/BioNTech",4860685,2640332,7501017
2021-06-22,"Johnson&Johnson, Moderna, Oxford/AstraZeneca, Pfizer/BioNTech",4893663,2722686,7616349
2021-06-23,"Johnson&Johnson, Moderna, Oxford/AstraZeneca, Pfizer/BioNTech",4925382,2807956,7733338
2021-06-24,"Johnson&Johnson, Moderna, Oxford/AstraZeneca, Pfizer/BioNTech",4955251,2898034,7853285
2021-06-25,"Johnson&Johnson, Moderna, Oxford/AstraZeneca, Pfizer/BioNTech",4986346,2984285,7970631
2021-06-26,"Johnson&Johnson, Moderna, Oxford/AstraZeneca, Pfizer/BioNTech",5002252,3019178,8021430
2021-06-27,"Johnson&Johnson, Moderna, Oxford/AstraZeneca, Pfizer/BioNTech",5016211,3045899,8062110
2021-06-28,"Johnson&Johnson, Moderna, Oxford/AstraZeneca, Pfizer/BioNTech",5044634,3131136,8175770
2021-06-29,"Johnson&Johnson, Moderna, Oxford/AstraZeneca, Pfizer/BioNTech",5073923,3217701,8291624
2021-06-30,"Johnson&Johnson, Moderna, Oxford/AstraZeneca, Pfizer/BioNTech",5101433,3308753,8410186
2021-07-01,"Johnson&Johnson, Moderna, Oxford/AstraZeneca, Pfizer/BioNTech",5125427,3398863,8524290
2021-07-02,"Johnson&Johnson, Moderna, Oxford/AstraZeneca, Pfizer/BioNTech",5152182,3484803,8636985
2021-07-03,"Johnson&Johnson, Moderna, Oxford/AstraZeneca, Pfizer/BioNTech",5159287,3516381,8675668
2021-07-04,"Johnson&Johnson, Moderna, Oxford/AstraZeneca, Pfizer/BioNTech",5166875,3538209,8705084
2021-07-05,"Johnson&Johnson, Moderna, Oxford/AstraZeneca, Pfizer/BioNTech",5174294,3563625,8737919
2021-07-06,"Johnson&Johnson, Moderna, Oxford/AstraZeneca, Pfizer/BioNTech",5179765,3591359,8771124
2021-07-07,"Johnson&Johnson, Moderna, Oxford/AstraZeneca, Pfizer/BioNTech",5205600,3670362,8875962
2021-07-08,"Johnson&Johnson, Moderna, Oxford/AstraZeneca, Pfizer/BioNTech",5232221,3740711,8972932
2021-07-09,"Johnson&Johnson, Moderna, Oxford/AstraZeneca, Pfizer/BioNTech",5260172,3810053,9070225
2021-07-10,"Johnson&Johnson, Moderna, Oxford/AstraZeneca, Pfizer/BioNTech",5269556,3838729,9108285
2021-07-11,"Johnson&Johnson, Moderna, Oxford/AstraZeneca, Pfizer/BioNTech",5278113,3861622,9139735
2021-07-12,"Johnson&Johnson, Moderna, Oxford/AstraZeneca, Pfizer/BioNTech",5305654,3930721,9236375
2021-07-13,"Johnson&Johnson, Moderna, Oxford/AstraZeneca, Pfizer/BioNTech",5331859,4000624,9332483
2021-07-14,"Johnson&Johnson, Moderna, Oxford/AstraZeneca, Pfizer/BioNTech",5357700,4072643,9430343
2021-07-15,"Johnson&Johnson, Moderna, Oxford/AstraZeneca, Pfizer/BioNTech",5386895,4138690,9525585
2021-07-16,"Johnson&Johnson, Moderna, Oxford/AstraZeneca, Pfizer/BioNTech",5414832,4211454,9626286
2021-07-17,"Johnson&Johnson, Moderna, Oxford/AstraZeneca, Pfizer/BioNTech",5423637,4242933,9666570
2021-07-18,"Johnson&Johnson, Moderna, Oxford/AstraZeneca, Pfizer/BioNTech",5432083,4268950,9701033
2021-07-19,"Johnson&Johnson, Moderna, Oxford/AstraZeneca, Pfizer/BioNTech",5455456,4335997,9791453
2021-07-20,"Johnson&Johnson, Moderna, Oxford/AstraZeneca, Pfizer/BioNTech",5476868,4403079,9879947
2021-07-21,"Johnson&Johnson, Moderna, Oxford/AstraZeneca, Pfizer/BioNTech",5500328,4466557,9966885
2021-07-22,"Johnson&Johnson, Moderna, Oxford/AstraZeneca, Pfizer/BioNTech",5522698,4525210,10047908
2021-07-23,"Johnson&Johnson, Moderna, Oxford/AstraZeneca, Pfizer/BioNTech",5545928,4579981,10125909
2021-07-24,"Johnson&Johnson, Moderna, Oxford/AstraZeneca, Pfizer/BioNTech",5553277,4607664,10160941
2021-07-25,"Johnson&Johnson, Moderna, Oxford/AstraZeneca, Pfizer/BioNTech",5559913,4629807,10189720
2021-07-26,"Johnson&Johnson, Moderna, Oxford/AstraZeneca, Pfizer/BioNTech",5583471,4678509,10261980
2021-07-27,"Johnson&Johnson, Moderna, Oxford/AstraZeneca, Pfizer/BioNTech",5606223,4725178,10331401
2021-07-28,"Johnson&Johnson, Moderna, Oxford/AstraZeneca, Pfizer/BioNTech",5627505,4771213,10398718
2021-07-29,"Johnson&Johnson, Moderna, Oxford/AstraZeneca, Pfizer/BioNTech",5648842,4813210,10462052
2021-07-30,"Johnson&Johnson, Moderna, Oxford/AstraZeneca, Pfizer/BioNTech",5672124,4855801,10527925
2021-07-31,"Johnson&Johnson, Moderna, Oxford/AstraZeneca, Pfizer/BioNTech",5681074,4875347,10556421
2021-08-01,"Johnson&Johnson, Moderna, Oxford/AstraZeneca, Pfizer/BioNTech",5687807,4891532,10579339
2021-08-02,"Johnson&Johnson, Moderna, Oxford/AstraZeneca, Pfizer/BioNTech",5706456,4929106,10635562
2021-08-03,"Johnson&Johnson, Moderna, Oxford/AstraZeneca, Pfizer/BioNTech",5724109,4967234,10691343
2021-08-04,"Johnson&Johnson, Moderna, Oxford/AstraZeneca, Pfizer/BioNTech",5740236,5004017,10744253
2021-08-05,"Johnson&Johnson, Moderna, Oxford/AstraZeneca, Pfizer/BioNTech",5756281,5044526,10800807
2021-08-06,"Johnson&Johnson, Moderna, Oxford/AstraZeneca, Pfizer/BioNTech",5773083,5087846,10860929
2021-08-07,"Johnson&Johnson, Moderna, Oxford/AstraZeneca, Pfizer/BioNTech",5778692,5106033,10884725
2021-08-08,"Johnson&Johnson, Moderna, Oxford/AstraZeneca, Pfizer/BioNTech",5783059,5121803,10904862
2021-08-09,"Johnson&Johnson, Moderna, Oxford/AstraZeneca, Pfizer/BioNTech",5795703,5166881,10962584
2021-08-10,"Johnson&Johnson, Moderna, Oxford/AstraZeneca, Pfizer/BioNTech",5807550,5206472,11014022
2021-08-11,"Johnson&Johnson, Moderna, Oxford/AstraZeneca, Pfizer/BioNTech",5818922,5249620,11068542
2021-08-12,"Johnson&Johnson, Moderna, Oxford/AstraZeneca, Pfizer/BioNTech",5830348,5286774,11117122
2021-08-13,"Johnson&Johnson, Moderna, Oxford/AstraZeneca, Pfizer/BioNTech",5841078,5327138,11168216
2021-08-14,"Johnson&Johnson, Moderna, Oxford/AstraZeneca, Pfizer/BioNTech",5844418,5337854,11182272
2021-08-15,"Johnson&Johnson, Moderna, Oxford/AstraZeneca, Pfizer/BioNTech",5847004,5348243,11195247
2021-08-16,"Johnson&Johnson, Moderna, Oxford/AstraZeneca, Pfizer/BioNTech",5856797,5382334,11239131
2021-08-17,"Johnson&Johnson, Moderna, Oxford/AstraZeneca, Pfizer/BioNTech",5866397,5409439,11275836
2021-08-18,"Johnson&Johnson, Moderna, Oxford/AstraZeneca, Pfizer/BioNTech",5875775,5448349,11324124
2021-08-19,"Johnson&Johnson, Moderna, Oxford/AstraZeneca, Pfizer/BioNTech",5885455,5486713,11372168
2021-08-20,"Johnson&Johnson, Moderna, Oxford/AstraZeneca, Pfizer/BioNTech",5896853,5526908,11423761
2021-08-21,"Johnson&Johnson, Moderna, Oxford/AstraZeneca, Pfizer/BioNTech",5899577,5539681,11439258
2021-08-22,"Johnson&Johnson, Moderna, Oxford/AstraZeneca, Pfizer/BioNTech",5901923,5551654,11453577
2021-08-23,"Johnson&Johnson, Moderna, Oxford/AstraZeneca, Pfizer/BioNTech",5912455,5590940,11503395
2021-08-24,"Johnson&Johnson, Moderna, Oxford/AstraZeneca, Pfizer/BioNTech",5922336,5624204,11546540
2021-08-25,"Johnson&Johnson, Moderna, Oxford/AstraZeneca, Pfizer/BioNTech",5931201,5652580,11583781
2021-08-26,"Johnson&Johnson, Moderna, Oxford/AstraZeneca, Pfizer/BioNTech",5939655,5678707,11618362
2021-08-27,"Johnson&Johnson, Moderna, Oxford/AstraZeneca, Pfizer/BioNTech",5949985,5704693,11654678
2021-08-28,"Johnson&Johnson, Moderna, Oxford/AstraZeneca, Pfizer/BioNTech",5952721,5711757,11664478
2021-08-29,"Johnson&Johnson, Moderna, Oxford/AstraZeneca, Pfizer/BioNTech",5955133,5718381,11673514
2021-08-30,"Johnson&Johnson, Moderna, Oxford/AstraZeneca, Pfizer/BioNTech",5963661,5740263,11703924
2021-08-31,"Johnson&Johnson, Moderna, Oxford/AstraZeneca, Pfizer/BioNTech",5971344,5758371,11729715
2021-09-01,"Johnson&Johnson, Moderna, Oxford/AstraZeneca, Pfizer/BioNTech",5977255,5772394,11749649
2021-09-02,"Johnson&Johnson, Moderna, Oxford/AstraZeneca, Pfizer/BioNTech",5984105,5786789,11770894
2021-09-03,"Johnson&Johnson, Moderna, Oxford/AstraZeneca, Pfizer/BioNTech",5993666,5802524,11796190
2021-09-04,"Johnson&Johnson, Moderna, Oxford/AstraZeneca, Pfizer/BioNTech",5995736,5806083,11801819
2021-09-05,"Johnson&Johnson, Moderna, Oxford/AstraZeneca, Pfizer/BioNTech",5997776,5808932,11806708
2021-09-06,"Johnson&Johnson, Moderna, Oxford/AstraZeneca, Pfizer/BioNTech",6004015,5821478,11825493
2021-09-07,"Johnson&Johnson, Moderna, Oxford/AstraZeneca, Pfizer/BioNTech",6008410,5832565,11840975
2021-09-08,"Johnson&Johnson, Moderna, Oxford/AstraZeneca, Pfizer/BioNTech",6014087,5842428,11856515
2021-09-09,"Johnson&Johnson, Moderna, Oxford/AstraZeneca, Pfizer/BioNTech",6020788,5852499,11873287
2021-09-10,"Johnson&Johnson, Moderna, Oxford/AstraZeneca, Pfizer/BioNTech",6028485,5864681,11893166
2021-09-11,"Johnson&Johnson, Moderna, Oxford/AstraZeneca, Pfizer/BioNTech",6030355,5867166,11897521
2021-09-12,"Johnson&Johnson, Moderna, Oxford/AstraZeneca, Pfizer/BioNTech",6031473,5868799,11900272
2021-09-13,"Johnson&Johnson, Moderna, Oxford/AstraZeneca, Pfizer/BioNTech",6036913,5879104,11916017
2021-09-14,"Johnson&Johnson, Moderna, Oxford/AstraZeneca, Pfizer/BioNTech",6042312,5888122,11930434
2021-09-15,"Johnson&Johnson, Moderna, Oxford/AstraZeneca, Pfizer/BioNTech",6047515,5896650,11944165
2021-09-16,"Johnson&Johnson, Moderna, Oxford/AstraZeneca, Pfizer/BioNTech",6052870,5904931,11957801
2021-09-17,"Johnson&Johnson, Moderna, Oxford/AstraZeneca, Pfizer/BioNTech",6059441,5915169,11974610
2021-09-18,"Johnson&Johnson, Moderna, Oxford/AstraZeneca, Pfizer/BioNTech",6061170,5917531,11978701
2021-09-19,"Johnson&Johnson, Moderna, Oxford/AstraZeneca, Pfizer/BioNTech",6062116,5919100,11981216
2021-09-20,"Johnson&Johnson, Moderna, Oxford/AstraZeneca, Pfizer/BioNTech",6066131,5927301,11993432
2021-09-21,"Johnson&Johnson, Moderna, Oxford/AstraZeneca, Pfizer/BioNTech",6070369,5934838,12005207
2021-09-22,"Johnson&Johnson, Moderna, Oxford/AstraZeneca, Pfizer/BioNTech",6074562,5940365,12014927
2021-09-23,"Johnson&Johnson, Moderna, Oxford/AstraZeneca, Pfizer/BioNTech",6079539,5946778,12026317
2021-09-24,"Johnson&Johnson, Moderna, Oxford/AstraZeneca, Pfizer/BioNTech",6085300,5956398,12041698
2021-09-25,"Johnson&Johnson, Moderna, Oxford/AstraZeneca, Pfizer/BioNTech",6086797,5958398,12045195
2021-09-26,"Johnson&Johnson, Moderna, Oxford/AstraZeneca, Pfizer/BioNTech",6087542,5960038,12047580
2021-09-27,"Johnson&Johnson, Moderna, Oxford/AstraZeneca, Pfizer/BioNTech",6091426,5966553,12057979
2021-09-28,"Johnson&Johnson, Moderna, Oxford/AstraZeneca, Pfizer/BioNTech",6091795,5967181,12058976
2021-09-29,"Johnson&Johnson, Moderna, Oxford/AstraZeneca, Pfizer/BioNTech",6095572,5974645,12070217
2021-09-30,"Johnson&Johnson, Moderna, Oxford/AstraZeneca, Pfizer/BioNTech",6100082,5982346,12082428
2021-10-01,"Johnson&Johnson, Moderna, Oxford/AstraZeneca, Pfizer/BioNTech",6104387,5990329,12094716
2021-10-02,"Johnson&Johnson, Moderna, Oxford/AstraZeneca, Pfizer/BioNTech",6105450,5991876,12097326
2021-10-03,"Johnson&Johnson, Moderna, Oxford/AstraZeneca, Pfizer/BioNTech",6106175,5992747,12098922
2021-10-04,"Johnson&Johnson, Moderna, Oxford/AstraZeneca, Pfizer/BioNTech",6109250,5998320,12107570
2021-10-05,"Johnson&Johnson, Moderna, Oxford/AstraZeneca, Pfizer/BioNTech",6112414,6003407,12115821
2021-10-06,"Johnson&Johnson, Moderna, Oxford/AstraZeneca, Pfizer/BioNTech",6115933,6008580,12124513
2021-10-07,"Johnson&Johnson, Moderna, Oxford/AstraZeneca, Pfizer/BioNTech",6119217,6013841,12133058
2021-10-08,"Johnson&Johnson, Moderna, Oxford/AstraZeneca, Pfizer/BioNTech",6124011,6020483,12144494
2021-10-09,"Johnson&Johnson, Moderna, Oxford/AstraZeneca, Pfizer/BioNTech",6125256,6022146,12147402
2021-10-10,"Johnson&Johnson, Moderna, Oxford/AstraZeneca, Pfizer/BioNTech",6126200,6022978,12149178
2021-10-11,"Johnson&Johnson, Moderna, Oxford/AstraZeneca, Pfizer/BioNTech",6129130,6027393,12156523
2021-10-12,"Johnson&Johnson, Moderna, Oxford/AstraZeneca, Pfizer/BioNTech",6132062,6031397,12163459
2021-10-13,"Johnson&Johnson, Moderna, Oxford/AstraZeneca, Pfizer/BioNTech",6135593,6035581,12171174
2021-10-14,"Johnson&Johnson, Moderna, Oxford/AstraZeneca, Pfizer/BioNTech",6139266,6040530,12179796
2021-10-15,"Johnson&Johnson, Moderna, Oxford/AstraZeneca, Pfizer/BioNTech",6144495,6046676,12191171
2021-10-16,"Johnson&Johnson, Moderna, Oxford/AstraZeneca, Pfizer/BioNTech",6145910,6048204,12194114
2021-10-17,"Johnson&Johnson, Moderna, Pfizer/BioNTech",6147237,6049259,12196496
2021-10-18,"Johnson&Johnson, Moderna, Oxford/AstraZeneca, Pfizer/BioNTech",6151351,6053359,12204710
2021-10-19,"Johnson&Johnson, Moderna, Oxford/AstraZeneca, Pfizer/BioNTech",6154931,6055458,12210389
2021-10-20,"Johnson&Johnson, Moderna, Oxford/AstraZeneca, Pfizer/BioNTech",6159813,6059907,12219720
2021-10-21,"Johnson&Johnson, Moderna, Oxford/AstraZeneca, Pfizer/BioNTech",6167578,6065510,12233088
2021-10-22,"Johnson&Johnson, Moderna, Oxford/AstraZeneca, Pfizer/BioNTech",6178032,6072014,12250046
2021-10-23,"Johnson&Johnson, Moderna, Oxford/AstraZeneca, Pfizer/BioNTech",6181706,6074220,12255926
2021-10-24,"Johnson&Johnson, Moderna, Oxford/AstraZeneca, Pfizer/BioNTech",6184391,6076001,12260392
2021-10-25,"Johnson&Johnson, Moderna, Oxford/AstraZeneca, Pfizer/BioNTech",6194890,6081809,12276699
2021-10-26,"Johnson&Johnson, Moderna, Oxford/AstraZeneca, Pfizer/BioNTech",6206880,6088359,12295239
2021-10-27,"Johnson&Johnson, Moderna, Oxford/AstraZeneca, Pfizer/BioNTech",6221488,6095765,12317253
2021-10-28,"Johnson&Johnson, Moderna, Oxford/AstraZeneca, Pfizer/BioNTech",6224912,6097449,12322361
2021-10-29,"Johnson&Johnson, Moderna, Oxford/AstraZeneca, Pfizer/BioNTech",6239349,6105437,12344786
2021-10-30,"Johnson&Johnson, Moderna, Oxford/AstraZeneca, Pfizer/BioNTech",6243878,6108361,12352239
2021-10-31,"Johnson&Johnson, Moderna, Oxford/AstraZeneca, Pfizer/BioNTech",6247641,6110835,12358476
2021-11-01,"Johnson&Johnson, Moderna, Oxford/AstraZeneca, Pfizer/BioNTech",6262835,6118520,12381355
2021-11-02,"Johnson&Johnson, Moderna, Oxford/AstraZeneca, Pfizer/BioNTech",6278288,6126077,12404365
2021-11-03,"Johnson&Johnson, Moderna, Oxford/AstraZeneca, Pfizer/BioNTech",6295468,6133372,12428840
2021-11-04,"Johnson&Johnson, Moderna, Oxford/AstraZeneca, Pfizer/BioNTech",6313818,6141541,12455359
2021-11-05,"Johnson&Johnson, Moderna, Oxford/AstraZeneca, Pfizer/BioNTech",6336616,6152822,12489438
2021-11-06,"Johnson&Johnson, Moderna, Oxford/AstraZeneca, Pfizer/BioNTech",6343133,6155878,12499011
2021-11-07,"Johnson&Johnson, Moderna, Oxford/AstraZeneca, Pfizer/BioNTech",6347154,6158314,12505468
2021-11-08,"Johnson&Johnson, Moderna, Oxford/AstraZeneca, Pfizer/BioNTech",6363423,6165944,12529367
2021-11-09,"Johnson&Johnson, Moderna, Oxford/AstraZeneca, Pfizer/BioNTech",6378231,6173242,12551473
2021-11-10,"Johnson&Johnson, Moderna, Oxford/AstraZeneca, Pfizer/BioNTech",6393968,6180625,12574593
2021-11-11,"Johnson&Johnson, Moderna, Oxford/AstraZeneca, Pfizer/BioNTech",6409437,6189729,12599166
2021-11-12,"Johnson&Johnson, Moderna, Oxford/AstraZeneca, Pfizer/BioNTech",6429240,6202530,12631770
2021-11-13,"Johnson&Johnson, Moderna, Oxford/AstraZeneca, Pfizer/BioNTech",6434633,6206402,12641035
2021-11-14,"Johnson&Johnson, Moderna, Oxford/AstraZeneca, Pfizer/BioNTech",6438526,6209405,12647931
2021-11-15,"Johnson&Johnson, Moderna, Oxford/AstraZeneca, Pfizer/BioNTech",6453607,6220096,12673703
2021-11-16,"Johnson&Johnson, Moderna, Oxford/AstraZeneca, Pfizer/BioNTech",6471149,6232077,12703226
2021-11-17,"Johnson&Johnson, Moderna, Oxford/AstraZeneca, Pfizer/BioNTech",6475390,6235641,12711031
2021-11-18,"Johnson&Johnson, Moderna, Oxford/AstraZeneca, Pfizer/BioNTech",6494811,6247333,12742144
2021-11-19,"Johnson&Johnson, Moderna, Oxford/AstraZeneca, Pfizer/BioNTech",6519419,6264303,12783722
2021-11-20,"Johnson&Johnson, Moderna, Oxford/AstraZeneca, Pfizer/BioNTech",6527998,6269285,12797283
2021-11-21,"Johnson&Johnson, Moderna, Pfizer/BioNTech",6534769,6273058,12807827
2021-11-22,"Johnson&Johnson, Moderna, Oxford/AstraZeneca, Pfizer/BioNTech",6553280,6287170,12840450
2021-11-23,"Johnson&Johnson, Moderna, Oxford/AstraZeneca, Pfizer/BioNTech",6572346,6300429,12872775
2021-11-24,"Johnson&Johnson, Moderna, Oxford/AstraZeneca, Pfizer/BioNTech",6591362,6316276,12907638
2021-11-25,"Johnson&Johnson, Moderna, Oxford/AstraZeneca, Pfizer/BioNTech",6610508,6331310,12941818
2021-11-26,"Johnson&Johnson, Moderna, Oxford/AstraZeneca, Pfizer/BioNTech",6632159,6350445,12982604
2021-11-27,"Johnson&Johnson, Moderna, Oxford/AstraZeneca, Pfizer/BioNTech",6639628,6355999,12995627
2021-11-28,"Johnson&Johnson, Moderna, Oxford/AstraZeneca, Pfizer/BioNTech",6642961,6359134,13002095
2021-11-29,"Johnson&Johnson, Moderna, Oxford/AstraZeneca, Pfizer/BioNTech",6658169,6372790,13030959
2021-11-30,"Johnson&Johnson, Moderna, Oxford/AstraZeneca, Pfizer/BioNTech",6671370,6384021,13055391
2021-12-01,"Johnson&Johnson, Moderna, Oxford/AstraZeneca, Pfizer/BioNTech",6685407,6396475,13081882
2021-12-02,"Johnson&Johnson, Moderna, Oxford/AstraZeneca, Pfizer/BioNTech",6696043,6408965,13105008
2021-12-03,"Johnson&Johnson, Moderna, Oxford/AstraZeneca, Pfizer/BioNTech",6705682,6424537,13130219
2021-12-04,"Johnson&Johnson, Moderna, Pfizer/BioNTech",6708239,6428487,13136726
2021-12-05,"Johnson&Johnson, Moderna, Oxford/AstraZeneca, Pfizer/BioNTech",6709598,6430825,13140423
2021-12-06,"Johnson&Johnson, Moderna, Oxford/AstraZeneca, Pfizer/BioNTech",6717745,6442354,13160099
2021-12-07,"Johnson&Johnson, Moderna, Oxford/AstraZeneca, Pfizer/BioNTech",6725633,6454363,13179996
2021-12-08,"Johnson&Johnson, Moderna, Oxford/AstraZeneca, Pfizer/BioNTech",6733875,6460291,13194166
2021-12-09,"Johnson&Johnson, Moderna, Oxford/AstraZeneca, Pfizer/BioNTech",6740996,6473109,13214105
2021-12-10,"Johnson&Johnson, Moderna, Oxford/AstraZeneca, Pfizer/BioNTech",6747928,6490915,13238843
2021-12-11,"Johnson&Johnson, Moderna, Pfizer/BioNTech",6749586,6496187,13245773
2021-12-12,"Johnson&Johnson, Moderna, Oxford/AstraZeneca, Pfizer/BioNTech",6750897,6500621,13251518
2021-12-13,"Johnson&Johnson, Moderna, Oxford/AstraZeneca, Pfizer/BioNTech",6757245,6513932,13271177
2021-12-14,"Johnson&Johnson, Moderna, Oxford/AstraZeneca, Pfizer/BioNTech",6763455,6527599,13291054
2021-12-15,"Johnson&Johnson, Moderna, Oxford/AstraZeneca, Pfizer/BioNTech",6769661,6541198,13310859
2021-12-16,"Johnson&Johnson, Moderna, Oxford/AstraZeneca, Pfizer/BioNTech",6776601,6556032,13332633
2021-12-17,"Johnson&Johnson, Moderna, Oxford/AstraZeneca, Pfizer/BioNTech",6784967,6573295,13358262
2021-12-18,"Johnson&Johnson, Moderna, Oxford/AstraZeneca, Pfizer/BioNTech",6787578,6578746,13366324
2021-12-19,"Johnson&Johnson, Moderna, Pfizer/BioNTech",6789349,6581250,13370599
2021-12-20,"Johnson&Johnson, Moderna, Oxford/AstraZeneca, Pfizer/BioNTech",6795195,6595314,13390509
2021-12-21,"Johnson&Johnson, Moderna, Oxford/AstraZeneca, Pfizer/BioNTech",6801856,6607304,13409160
2021-12-22,"Johnson&Johnson, Moderna, Oxford/AstraZeneca, Pfizer/BioNTech",6806903,6620359,13427262
2021-12-23,"Johnson&Johnson, Moderna, Oxford/AstraZeneca, Pfizer/BioNTech",6809776,6625960,13435736
2021-12-24,"Johnson&Johnson, Moderna, Oxford/AstraZeneca, Pfizer/BioNTech",6809822,6626060,13435882
2021-12-25,"Moderna, Pfizer/BioNTech",6809823,6626068,13435891
2021-12-26,"Moderna, Pfizer/BioNTech",6809925,6626270,13436195
2021-12-27,"Johnson&Johnson, Moderna, Pfizer/BioNTech",6813792,6636007,13449799
2021-12-28,"Johnson&Johnson, Moderna, Oxford/AstraZeneca, Pfizer/BioNTech",6819032,6643999,13463031
2021-12-29,"Johnson&Johnson, Moderna, Oxford/AstraZeneca, Pfizer/BioNTech",6823312,6651718,13475030
2021-12-30,"Johnson&Johnson, Moderna, Pfizer/BioNTech",6827610,6657151,13484761
2021-12-31,"Johnson&Johnson, Moderna, Pfizer/BioNTech",6828120,6658574,13486694
2022-01-01,"Johnson&Johnson, Moderna, Pfizer/BioNTech",6828125,6658592,13486717
2022-01-02,"Johnson&Johnson, Moderna, Pfizer/BioNTech",6828981,6659969,13488950
2022-01-03,"Johnson&Johnson, Moderna, Oxford/AstraZeneca, Pfizer/BioNTech",6833117,6668868,13501985
2022-01-04,"Johnson&Johnson, Moderna, Oxford/AstraZeneca, Pfizer/BioNTech",6838203,6676619,13514822
2022-01-05,"Johnson&Johnson, Moderna, Oxford/AstraZeneca, Pfizer/BioNTech",6844021,6684588,13528609
2022-01-06,"Johnson&Johnson, Moderna, Oxford/AstraZeneca, Pfizer/BioNTech",6850607,6692989,13543596
2022-01-07,"Johnson&Johnson, Moderna, Oxford/AstraZeneca, Pfizer/BioNTech",6858481,6703342,13561823
2022-01-08,"Johnson&Johnson, Moderna, Oxford/AstraZeneca, Pfizer/BioNTech",6860961,6706125,13567086
2022-01-09,"Johnson&Johnson, Moderna, Pfizer/BioNTech",6862043,6707819,13569862
2022-01-10,"Johnson&Johnson, Moderna, Oxford/AstraZeneca, Pfizer/BioNTech",6866539,6714005,13580544
2022-01-11,"Johnson&Johnson, Moderna, Oxford/AstraZeneca, Pfizer/BioNTech",6871979,6720759,13592738
2022-01-12,"Johnson&Johnson, Moderna, Oxford/AstraZeneca, Pfizer/BioNTech",6877929,6726402,13604331
2022-01-13,"Johnson&Johnson, Moderna, Oxford/AstraZeneca, Pfizer/BioNTech",6883811,6731177,13614988
2022-01-14,"Johnson&Johnson, Moderna, Oxford/AstraZeneca, Pfizer/BioNTech",6890110,6734810,13624920
2022-01-15,"Johnson&Johnson, Moderna, Oxford/AstraZeneca, Pfizer/BioNTech",6891387,6735464,13626851
2022-01-16,"Johnson&Johnson, Moderna, Oxford/AstraZeneca, Pfizer/BioNTech",6892074,6735901,13627975
2022-01-17,"Johnson&Johnson, Moderna, Oxford/AstraZeneca, Pfizer/BioNTech",6895624,6739857,13635481
2022-01-18,"Johnson&Johnson, Moderna, Oxford/AstraZeneca, Pfizer/BioNTech",6899475,6744806,13644281
2022-01-19,"Johnson&Johnson, Moderna, Oxford/AstraZeneca, Pfizer/BioNTech",6903543,6748738,13652281
2022-01-20,"Johnson&Johnson, Moderna, Oxford/AstraZeneca, Pfizer/BioNTech",6907139,6753180,13660319
2022-01-21,"Johnson&Johnson, Moderna, Oxford/AstraZeneca, Pfizer/BioNTech",6911133,6755707,13666840
2022-01-22,"Johnson&Johnson, Moderna, Pfizer/BioNTech",6911913,6756145,13668058
2022-01-23,"Johnson&Johnson, Moderna, Pfizer/BioNTech",6912474,6756779,13669253
2022-01-24,"Johnson&Johnson, Moderna, Oxford/AstraZeneca, Pfizer/BioNTech",6914740,6760213,13674953
2022-01-25,"Johnson&Johnson, Moderna, Oxford/AstraZeneca, Pfizer/BioNTech",6917092,6764207,13681299
2022-01-26,"Johnson&Johnson, Moderna, Oxford/AstraZeneca, Pfizer/BioNTech",6919477,6768771,13688248
2022-01-27,"Johnson&Johnson, Moderna, Oxford/AstraZeneca, Pfizer/BioNTech",6921801,6773581,13695382
2022-01-28,"Johnson&Johnson, Moderna, Oxford/AstraZeneca, Pfizer/BioNTech",6924713,6779739,13704452
2022-01-29,"Johnson&Johnson, Moderna, Pfizer/BioNTech",6925313,6781388,13706701
2022-01-30,"Johnson&Johnson, Moderna, Pfizer/BioNTech",6925540,6782165,13707705
2022-01-31,"Johnson&Johnson, Moderna, Pfizer/BioNTech",6927077,6786081,13713158
2022-02-01,"Johnson&Johnson, Moderna, Pfizer/BioNTech",6928671,6790113,13718784
2022-02-02,"Johnson&Johnson, Moderna, Pfizer/BioNTech",6930236,6794615,13724851
2022-02-03,"Johnson&Johnson, Moderna, Pfizer/BioNTech",6931607,6799089,13730696
2022-02-04,"Johnson&Johnson, Moderna, Pfizer/BioNTech",6933206,6804203,13737409
2022-02-05,"Johnson&Johnson, Moderna, Pfizer/BioNTech",6933379,6804812,13738191
2022-02-06,"Johnson&Johnson, Moderna, Pfizer/BioNTech",6933473,6805131,13738604
2022-02-07,"Johnson&Johnson, Moderna, Pfizer/BioNTech",6934169,6808339,13742508
2022-02-08,"Johnson&Johnson, Moderna, Pfizer/BioNTech",6934959,6811523,13746482
2022-02-09,"Johnson&Johnson, Moderna, Pfizer/BioNTech",6935782,6814892,13750674
2022-02-10,"Johnson&Johnson, Moderna, Pfizer/BioNTech",6936563,6818016,13754579
2022-02-11,"Johnson&Johnson, Moderna, Pfizer/BioNTech",6937508,6821925,13759433
2022-02-12,"Johnson&Johnson, Moderna, Pfizer/BioNTech",6937617,6822344,13759961
2022-02-13,"Johnson&Johnson, Moderna, Pfizer/BioNTech",6937650,6822781,13760431
2022-02-14,"Johnson&Johnson, Moderna, Pfizer/BioNTech",6938100,6824890,13762990
2022-02-15,"Johnson&Johnson, Moderna, Pfizer/BioNTech",6938647,6827092,13765739
2022-02-16,"Johnson&Johnson, Moderna, Pfizer/BioNTech",6939226,6829187,13768413
2022-02-17,"Johnson&Johnson, Moderna, Pfizer/BioNTech",6939814,6831521,13771335
2022-02-18,"Johnson&Johnson, Moderna, Pfizer/BioNTech",6940446,6834570,13775016
2022-02-19,"Johnson&Johnson, Moderna, Pfizer/BioNTech",6940523,6834850,13775373
2022-02-20,"Johnson&Johnson, Moderna, Pfizer/BioNTech",6940556,6834999,13775555
2022-02-21,"Johnson&Johnson, Moderna, Pfizer/BioNTech",6940908,6836695,13777603
2022-02-22,"Johnson&Johnson, Moderna, Oxford/AstraZeneca, Pfizer/BioNTech",6941275,6838369,13779644
2022-02-23,"Johnson&Johnson, Moderna, Pfizer/BioNTech",6941719,6840009,13781728
2022-02-24,"Johnson&Johnson, Moderna, Pfizer/BioNTech",6942135,6841637,13783772
2022-02-25,"Johnson&Johnson, Moderna, Pfizer/BioNTech",6942718,6843712,13786430
2022-02-26,"Johnson&Johnson, Moderna, Pfizer/BioNTech",6942779,6843870,13786649
2022-02-27,"Johnson&Johnson, Moderna, Pfizer/BioNTech",6942813,6843945,13786758
2022-02-28,"Johnson&Johnson, Moderna, Pfizer/BioNTech",6943053,6844910,13787963
2022-03-01,"Johnson&Johnson, Moderna, Pfizer/BioNTech",6943292,6845673,13788965
2022-03-02,"Johnson&Johnson, Moderna, Novavax, Pfizer/BioNTech",6943630,6846578,13790208
2022-03-03,"Johnson&Johnson, Moderna, Novavax, Pfizer/BioNTech",6943947,6847492,13791439
2022-03-04,"Johnson&Johnson, Moderna, Novavax, Pfizer/BioNTech",6944564,6848699,13793263
2022-03-05,"Johnson&Johnson, Moderna, Novavax, Pfizer/BioNTech",6944641,6848790,13793431
2022-03-06,"Moderna, Novavax, Pfizer/BioNTech",6944652,6848807,13793459
2022-03-07,"Johnson&Johnson, Moderna, Novavax, Pfizer/BioNTech",6944989,6849357,13794346
2022-03-08,"Johnson&Johnson, Moderna, Novavax, Pfizer/BioNTech",6945317,6849889,13795206
2022-03-09,"Johnson&Johnson, Moderna, Novavax, Pfizer/BioNTech",6945692,6850465,13796157
2022-03-10,"Johnson&Johnson, Moderna, Novavax, Pfizer/BioNTech",6946091,6851128,13797219
2022-03-11,"Johnson&Johnson, Moderna, Novavax, Pfizer/BioNTech",6946778,6851963,13798741
