date,vaccine,people_vaccinated,people_fully_vaccinated,total_vaccinations
2020-12-27,Pfizer/BioNTech,1283,0,1283
2020-12-28,Pfizer/BioNTech,3589,0,3589
2020-12-29,Pfizer/BioNTech,7057,0,7057
2020-12-30,Pfizer/BioNTech,10575,0,10575
2020-12-31,Pfizer/BioNTech,11887,0,11887
2021-01-01,"Moderna, Pfizer/BioNTech",12156,0,12156
2021-01-02,Pfizer/BioNTech,13435,0,13435
2021-01-03,"Moderna, Pfizer/BioNTech",14359,0,14359
2021-01-04,"Moderna, Pfizer/BioNTech",17971,0,17971
2021-01-05,"Moderna, Pfizer/BioNTech",22495,1,22496
2021-01-06,"Moderna, Pfizer/BioNTech",28341,2,28343
2021-01-07,"Moderna, Pfizer/BioNTech",36339,2,36341
2021-01-08,"Moderna, Pfizer/BioNTech",46390,3,46393
2021-01-09,"Moderna, Pfizer/BioNTech",48417,4,48421
2021-01-10,Pfizer/BioNTech,50184,5,50189
2021-01-11,Pfizer/BioNTech,60038,7,60045
2021-01-12,"Moderna, Pfizer/BioNTech",73491,9,73500
2021-01-13,Pfizer/BioNTech,87030,9,87039
2021-01-14,"Moderna, Pfizer/BioNTech",102278,13,102291
2021-01-15,"Moderna, Pfizer/BioNTech",116293,14,116307
2021-01-16,"Moderna, Pfizer/BioNTech",119696,18,119714
2021-01-17,"Moderna, Pfizer/BioNTech",122313,654,122967
2021-01-18,"Moderna, Pfizer/BioNTech",134801,2480,137281
2021-01-19,"Moderna, Pfizer/BioNTech",147405,5205,152610
2021-01-20,"Moderna, Pfizer/BioNTech",161093,7866,168959
2021-01-21,"Moderna, Pfizer/BioNTech",176739,9611,186350
2021-01-22,"Moderna, Pfizer/BioNTech",191623,10657,202280
2021-01-23,"Moderna, Pfizer/BioNTech",194944,11537,206481
2021-01-24,"Moderna, Pfizer/BioNTech",197199,12406,209605
2021-01-25,"Moderna, Pfizer/BioNTech",206843,15380,222223
2021-01-26,"Moderna, Pfizer/BioNTech",217385,19375,236760
2021-01-27,"Moderna, Pfizer/BioNTech",226415,23912,250327
2021-01-28,"Moderna, Pfizer/BioNTech",233516,30044,263560
2021-01-29,"Moderna, Pfizer/BioNTech",239731,37955,277686
2021-01-30,"Moderna, Pfizer/BioNTech",240470,39043,279513
2021-01-31,"Moderna, Pfizer/BioNTech",241185,40225,281410
2021-02-01,"Moderna, Pfizer/BioNTech",245165,48187,293352
2021-02-02,"Moderna, Pfizer/BioNTech",249312,58423,307735
2021-02-03,"Moderna, Pfizer/BioNTech",253734,69438,323172
2021-02-04,"Moderna, Pfizer/BioNTech",258633,82427,341060
2021-02-05,"Moderna, Pfizer/BioNTech",264101,93101,357202
2021-02-06,"Moderna, Oxford/AstraZeneca, Pfizer/BioNTech",264951,95469,360420
2021-02-07,"Moderna, Pfizer/BioNTech",265801,97970,363771
2021-02-08,"Moderna, Oxford/AstraZeneca, Pfizer/BioNTech",269883,109399,379282
2021-02-09,"Moderna, Oxford/AstraZeneca, Pfizer/BioNTech",274982,121310,396292
2021-02-10,"Moderna, Oxford/AstraZeneca, Pfizer/BioNTech",280491,134569,415060
2021-02-11,"Moderna, Oxford/AstraZeneca, Pfizer/BioNTech",286826,150782,437608
2021-02-12,"Moderna, Oxford/AstraZeneca, Pfizer/BioNTech",293648,165518,459166
2021-02-13,"Moderna, Oxford/AstraZeneca, Pfizer/BioNTech",295259,168507,463766
2021-02-14,"Moderna, Oxford/AstraZeneca, Pfizer/BioNTech",296261,169891,466152
2021-02-15,"Moderna, Oxford/AstraZeneca, Pfizer/BioNTech",302659,179256,481915
2021-02-16,"Moderna, Oxford/AstraZeneca, Pfizer/BioNTech",311377,188339,499716
2021-02-17,"Moderna, Oxford/AstraZeneca, Pfizer/BioNTech",321075,196646,517721
2021-02-18,"Moderna, Oxford/AstraZeneca, Pfizer/BioNTech",333391,204729,538120
2021-02-19,"Moderna, Oxford/AstraZeneca, Pfizer/BioNTech",345250,212099,557349
2021-02-20,"Moderna, Oxford/AstraZeneca, Pfizer/BioNTech",347251,213284,560535
2021-02-21,"Moderna, Oxford/AstraZeneca, Pfizer/BioNTech",348384,214308,562692
2021-02-22,"Moderna, Oxford/AstraZeneca, Pfizer/BioNTech",358507,220339,578846
2021-02-23,"Moderna, Oxford/AstraZeneca, Pfizer/BioNTech",371461,227322,598783
2021-02-24,"Moderna, Oxford/AstraZeneca, Pfizer/BioNTech",385335,233358,618693
2021-02-25,"Moderna, Oxford/AstraZeneca, Pfizer/BioNTech",403305,238909,642214
2021-02-26,"Moderna, Oxford/AstraZeneca, Pfizer/BioNTech",419475,244261,663736
2021-02-27,"Moderna, Oxford/AstraZeneca, Pfizer/BioNTech",422484,244818,667302
2021-02-28,"Moderna, Oxford/AstraZeneca, Pfizer/BioNTech",424834,245369,670203
2021-03-01,"Moderna, Oxford/AstraZeneca, Pfizer/BioNTech",444425,248817,693242
2021-03-02,"Moderna, Oxford/AstraZeneca, Pfizer/BioNTech",471652,252366,724018
2021-03-03,"Moderna, Oxford/AstraZeneca, Pfizer/BioNTech",502596,256870,759466
2021-03-04,"Moderna, Oxford/AstraZeneca, Pfizer/BioNTech",535882,261554,797436
2021-03-05,"Johnson&Johnson, Moderna, Oxford/AstraZeneca, Pfizer/BioNTech",564718,266974,831692
2021-03-06,"Johnson&Johnson, Moderna, Oxford/AstraZeneca, Pfizer/BioNTech",576866,267835,844701
2021-03-07,"Johnson&Johnson, Moderna, Oxford/AstraZeneca, Pfizer/BioNTech",588407,268676,857083
2021-03-08,"Johnson&Johnson, Moderna, Oxford/AstraZeneca, Pfizer/BioNTech",618150,273529,891679
2021-03-09,"Johnson&Johnson, Moderna, Oxford/AstraZeneca, Pfizer/BioNTech",654504,279911,934415
2021-03-10,"Johnson&Johnson, Moderna, Oxford/AstraZeneca, Pfizer/BioNTech",695817,286867,982684
2021-03-11,"Johnson&Johnson, Moderna, Oxford/AstraZeneca, Pfizer/BioNTech",740648,295238,1035886
2021-03-12,"Johnson&Johnson, Moderna, Oxford/AstraZeneca, Pfizer/BioNTech",779415,303732,1083147
2021-03-13,"Johnson&Johnson, Moderna, Oxford/AstraZeneca, Pfizer/BioNTech",796501,305040,1101541
2021-03-14,"Johnson&Johnson, Moderna, Oxford/AstraZeneca, Pfizer/BioNTech",808618,306193,1114811
2021-03-15,"Johnson&Johnson, Moderna, Oxford/AstraZeneca, Pfizer/BioNTech",837001,314969,1151970
2021-03-16,"Johnson&Johnson, Moderna, Oxford/AstraZeneca, Pfizer/BioNTech",875890,325505,1201395
2021-03-17,"Moderna, Oxford/AstraZeneca, Pfizer/BioNTech",913359,336012,1249371
2021-03-18,"Johnson&Johnson, Moderna, Oxford/AstraZeneca, Pfizer/BioNTech",951346,348425,1299771
2021-03-19,"Moderna, Oxford/AstraZeneca, Pfizer/BioNTech",985831,362036,1347867
2021-03-20,"Johnson&Johnson, Moderna, Oxford/AstraZeneca, Pfizer/BioNTech",1000981,364066,1365047
2021-03-21,"Johnson&Johnson, Moderna, Oxford/AstraZeneca, Pfizer/BioNTech",1008405,365624,1374029
2021-03-22,"Johnson&Johnson, Moderna, Oxford/AstraZeneca, Pfizer/BioNTech",1032975,378126,1411101
2021-03-23,"Johnson&Johnson, Moderna, Oxford/AstraZeneca, Pfizer/BioNTech",1059626,391481,1451107
2021-03-24,"Johnson&Johnson, Moderna, Oxford/AstraZeneca, Pfizer/BioNTech",1086494,407220,1493714
2021-03-25,"Moderna, Oxford/AstraZeneca, Pfizer/BioNTech",1112834,425072,1537906
2021-03-26,"Johnson&Johnson, Moderna, Oxford/AstraZeneca, Pfizer/BioNTech",1137641,442574,1580215
2021-03-27,"Johnson&Johnson, Moderna, Oxford/AstraZeneca, Pfizer/BioNTech",1146081,447419,1593500
2021-03-28,"Moderna, Oxford/AstraZeneca, Pfizer/BioNTech",1151622,451563,1603185
2021-03-29,"Johnson&Johnson, Moderna, Oxford/AstraZeneca, Pfizer/BioNTech",1170754,472298,1643052
2021-03-30,"Johnson&Johnson, Moderna, Oxford/AstraZeneca, Pfizer/BioNTech",1195443,494476,1689919
2021-03-31,"Johnson&Johnson, Moderna, Oxford/AstraZeneca, Pfizer/BioNTech",1218564,521538,1740102
2021-04-01,"Johnson&Johnson, Moderna, Oxford/AstraZeneca, Pfizer/BioNTech",1244212,553590,1797802
2021-04-02,"Johnson&Johnson, Moderna, Oxford/AstraZeneca, Pfizer/BioNTech",1251137,566379,1817516
2021-04-03,"Johnson&Johnson, Moderna, Oxford/AstraZeneca, Pfizer/BioNTech",1254762,577306,1832068
2021-04-04,"Johnson&Johnson, Moderna, Oxford/AstraZeneca, Pfizer/BioNTech",1257277,586226,1843503
2021-04-05,"Johnson&Johnson, Moderna, Oxford/AstraZeneca, Pfizer/BioNTech",1259685,593416,1853101
2021-04-06,"Johnson&Johnson, Moderna, Oxford/AstraZeneca, Pfizer/BioNTech",1275844,622675,1898519
2021-04-07,"Johnson&Johnson, Moderna, Oxford/AstraZeneca, Pfizer/BioNTech",1299280,644904,1944184
2021-04-08,"Johnson&Johnson, Moderna, Oxford/AstraZeneca, Pfizer/BioNTech",1338027,675926,2013953
2021-04-09,"Johnson&Johnson, Moderna, Oxford/AstraZeneca, Pfizer/BioNTech",1377587,706107,2083694
2021-04-10,"Johnson&Johnson, Moderna, Oxford/AstraZeneca, Pfizer/BioNTech",1393102,721397,2114499
2021-04-11,"Johnson&Johnson, Moderna, Oxford/AstraZeneca, Pfizer/BioNTech",1402889,731442,2134331
2021-04-12,"Johnson&Johnson, Moderna, Oxford/AstraZeneca, Pfizer/BioNTech",1441180,756582,2197762
2021-04-13,"Moderna, Oxford/AstraZeneca, Pfizer/BioNTech",1477447,782616,2260063
2021-04-14,"Moderna, Oxford/AstraZeneca, Pfizer/BioNTech",1516280,809978,2326258
2021-04-15,"Moderna, Oxford/AstraZeneca, Pfizer/BioNTech",1564086,835733,2399819
2021-04-16,"Moderna, Oxford/AstraZeneca, Pfizer/BioNTech",1608760,861389,2470149
2021-04-17,"Moderna, Oxford/AstraZeneca, Pfizer/BioNTech",1625453,870415,2495868
2021-04-18,"Moderna, Oxford/AstraZeneca, Pfizer/BioNTech",1638443,875395,2513838
2021-04-19,"Moderna, Oxford/AstraZeneca, Pfizer/BioNTech",1682402,890828,2573230
2021-04-20,"Johnson&Johnson, Moderna, Oxford/AstraZeneca, Pfizer/BioNTech",1724974,906691,2631665
2021-04-21,"Moderna, Oxford/AstraZeneca, Pfizer/BioNTech",1772714,921042,2693756
2021-04-22,"Johnson&Johnson, Moderna, Oxford/AstraZeneca, Pfizer/BioNTech",1827213,938428,2765641
2021-04-23,"Johnson&Johnson, Moderna, Oxford/AstraZeneca, Pfizer/BioNTech",1877198,950479,2827677
2021-04-24,"Johnson&Johnson, Moderna, Oxford/AstraZeneca, Pfizer/BioNTech",1895044,955730,2850774
2021-04-25,"Johnson&Johnson, Moderna, Oxford/AstraZeneca, Pfizer/BioNTech",1909742,959727,2869469
2021-04-26,"Johnson&Johnson, Moderna, Oxford/AstraZeneca, Pfizer/BioNTech",1959331,967279,2926610
2021-04-27,"Johnson&Johnson, Moderna, Oxford/AstraZeneca, Pfizer/BioNTech",2008306,979505,2987811
2021-04-28,"Johnson&Johnson, Moderna, Oxford/AstraZeneca, Pfizer/BioNTech",2067072,993508,3060580
2021-04-29,"Johnson&Johnson, Moderna, Oxford/AstraZeneca, Pfizer/BioNTech",2132634,1009405,3142039
2021-04-30,"Johnson&Johnson, Moderna, Oxford/AstraZeneca, Pfizer/BioNTech",2194879,1019380,3214259
2021-05-01,"Johnson&Johnson, Moderna, Oxford/AstraZeneca, Pfizer/BioNTech",2214223,1022834,3237057
2021-05-02,"Johnson&Johnson, Moderna, Oxford/AstraZeneca, Pfizer/BioNTech",2233149,1025105,3258254
2021-05-03,"Johnson&Johnson, Moderna, Oxford/AstraZeneca, Pfizer/BioNTech",2300396,1030165,3330561
2021-05-04,"Johnson&Johnson, Moderna, Oxford/AstraZeneca, Pfizer/BioNTech",2366905,1038504,3405409
2021-05-05,"Johnson&Johnson, Moderna, Oxford/AstraZeneca, Pfizer/BioNTech",2440072,1047912,3487984
2021-05-06,"Johnson&Johnson, Moderna, Oxford/AstraZeneca, Pfizer/BioNTech",2520473,1058638,3579111
2021-05-07,"Johnson&Johnson, Moderna, Oxford/AstraZeneca, Pfizer/BioNTech",2597744,1068717,3666461
2021-05-08,"Johnson&Johnson, Moderna, Oxford/AstraZeneca, Pfizer/BioNTech",2627207,1070488,3697695
2021-05-09,"Johnson&Johnson, Moderna, Oxford/AstraZeneca, Pfizer/BioNTech",2651420,1071700,3723120
2021-05-10,"Johnson&Johnson, Moderna, Oxford/AstraZeneca, Pfizer/BioNTech",2724195,1078925,3803120
2021-05-11,"Johnson&Johnson, Moderna, Oxford/AstraZeneca, Pfizer/BioNTech",2800291,1087736,3888027
2021-05-12,"Johnson&Johnson, Moderna, Oxford/AstraZeneca, Pfizer/BioNTech",2880167,1096845,3977012
2021-05-13,"Johnson&Johnson, Moderna, Oxford/AstraZeneca, Pfizer/BioNTech",2964180,1106004,4070184
2021-05-14,"Johnson&Johnson, Moderna, Oxford/AstraZeneca, Pfizer/BioNTech",3043642,1113798,4157440
2021-05-15,"Johnson&Johnson, Moderna, Oxford/AstraZeneca, Pfizer/BioNTech",3075548,1116051,4191599
2021-05-16,"Johnson&Johnson, Moderna, Oxford/AstraZeneca, Pfizer/BioNTech",3101321,1117321,4218642
2021-05-17,"Johnson&Johnson, Moderna, Oxford/AstraZeneca, Pfizer/BioNTech",3173836,1124052,4297888
2021-05-18,"Johnson&Johnson, Moderna, Oxford/AstraZeneca, Pfizer/BioNTech",3245774,1137125,4382899
2021-05-19,"Johnson&Johnson, Moderna, Oxford/AstraZeneca, Pfizer/BioNTech",3323233,1152261,4475494
2021-05-20,"Johnson&Johnson, Moderna, Oxford/AstraZeneca, Pfizer/BioNTech",3398681,1179293,4577974
2021-05-21,"Johnson&Johnson, Moderna, Oxford/AstraZeneca, Pfizer/BioNTech",3467453,1207053,4674506
2021-05-22,"Johnson&Johnson, Moderna, Oxford/AstraZeneca, Pfizer/BioNTech",3499840,1218240,4718080
2021-05-23,"Johnson&Johnson, Moderna, Oxford/AstraZeneca, Pfizer/BioNTech",3522208,1227275,4749483
2021-05-24,"Johnson&Johnson, Moderna, Oxford/AstraZeneca, Pfizer/BioNTech",3569341,1260933,4830274
2021-05-25,"Johnson&Johnson, Moderna, Oxford/AstraZeneca, Pfizer/BioNTech",3621185,1296738,4917923
2021-05-26,"Johnson&Johnson, Moderna, Oxford/AstraZeneca, Pfizer/BioNTech",3688938,1334263,5023201
2021-05-27,"Johnson&Johnson, Moderna, Oxford/AstraZeneca, Pfizer/BioNTech",3750316,1381591,5131907
2021-05-28,"Johnson&Johnson, Moderna, Oxford/AstraZeneca, Pfizer/BioNTech",3812009,1428165,5240174
2021-05-29,"Johnson&Johnson, Moderna, Oxford/AstraZeneca, Pfizer/BioNTech",3841188,1445266,5286454
2021-05-30,"Johnson&Johnson, Moderna, Oxford/AstraZeneca, Pfizer/BioNTech",3863554,1459705,5323259
2021-05-31,"Johnson&Johnson, Moderna, Oxford/AstraZeneca, Pfizer/BioNTech",3919287,1507220,5426507
2021-06-01,"Johnson&Johnson, Moderna, Oxford/AstraZeneca, Pfizer/BioNTech",3978304,1556056,5534360
2021-06-02,"Johnson&Johnson, Moderna, Oxford/AstraZeneca, Pfizer/BioNTech",4041197,1610039,5651236
2021-06-03,"Johnson&Johnson, Moderna, Oxford/AstraZeneca, Pfizer/BioNTech",4099406,1670240,5769646
2021-06-04,"Johnson&Johnson, Moderna, Oxford/AstraZeneca, Pfizer/BioNTech",4162492,1727649,5890141
2021-06-05,"Johnson&Johnson, Moderna, Oxford/AstraZeneca, Pfizer/BioNTech",4196627,1746494,5943121
2021-06-06,"Johnson&Johnson, Moderna, Oxford/AstraZeneca, Pfizer/BioNTech",4223537,1761637,5985174
2021-06-07,"Johnson&Johnson, Moderna, Oxford/AstraZeneca, Pfizer/BioNTech",4287211,1817257,6104468
2021-06-08,"Johnson&Johnson, Moderna, Oxford/AstraZeneca, Pfizer/BioNTech",4351177,1872231,6223408
2021-06-09,"Johnson&Johnson, Moderna, Oxford/AstraZeneca, Pfizer/BioNTech",4410344,1936830,6347174
2021-06-10,"Johnson&Johnson, Moderna, Oxford/AstraZeneca, Pfizer/BioNTech",4464183,2008046,6472229
2021-06-11,"Johnson&Johnson, Moderna, Oxford/AstraZeneca, Pfizer/BioNTech",4516272,2077797,6594069
2021-06-12,"Johnson&Johnson, Moderna, Oxford/AstraZeneca, Pfizer/BioNTech",4548277,2098589,6646866
2021-06-13,"Johnson&Johnson, Moderna, Oxford/AstraZeneca, Pfizer/BioNTech",4572289,2116984,6689273
2021-06-14,"Johnson&Johnson, Moderna, Oxford/AstraZeneca, Pfizer/BioNTech",4615352,2191347,6806699
2021-06-15,"Johnson&Johnson, Moderna, Oxford/AstraZeneca, Pfizer/BioNTech",4659988,2263683,6923671
2021-06-16,"Johnson&Johnson, Moderna, Oxford/AstraZeneca, Pfizer/BioNTech",4702724,2341888,7044612
2021-06-17,"Johnson&Johnson, Moderna, Oxford/AstraZeneca, Pfizer/BioNTech",4742093,2424949,7167042
2021-06-18,"Johnson&Johnson, Moderna, Oxford/AstraZeneca, Pfizer/BioNTech",4784482,2505457,7289939
2021-06-19,"Johnson&Johnson, Moderna, Oxford/AstraZeneca, Pfizer/BioNTech",4806236,2534729,7340965
2021-06-20,"Johnson&Johnson, Moderna, Oxford/AstraZeneca, Pfizer/BioNTech",4823596,2558549,7382145
2021-06-21,"Johnson&Johnson, Moderna, Oxford/AstraZeneca, Pfizer/BioNTech",4856088,2637111,7493199
2021-06-22,"Johnson&Johnson, Moderna, Oxford/AstraZeneca, Pfizer/BioNTech",4889038,2719338,7608376
2021-06-23,"Johnson&Johnson, Moderna, Oxford/AstraZeneca, Pfizer/BioNTech",4920678,2804522,7725200
2021-06-24,"Johnson&Johnson, Moderna, Oxford/AstraZeneca, Pfizer/BioNTech",4950504,2894504,7845008
2021-06-25,"Johnson&Johnson, Moderna, Oxford/AstraZeneca, Pfizer/BioNTech",4981558,2980610,7962168
2021-06-26,"Johnson&Johnson, Moderna, Oxford/AstraZeneca, Pfizer/BioNTech",4997417,3015413,8012830
2021-06-27,"Johnson&Johnson, Moderna, Oxford/AstraZeneca, Pfizer/BioNTech",5011356,3042054,8053410
2021-06-28,"Johnson&Johnson, Moderna, Oxford/AstraZeneca, Pfizer/BioNTech",5039754,3127201,8166955
2021-06-29,"Johnson&Johnson, Moderna, Oxford/AstraZeneca, Pfizer/BioNTech",5069015,3213642,8282657
2021-06-30,"Johnson&Johnson, Moderna, Oxford/AstraZeneca, Pfizer/BioNTech",5096493,3304597,8401090
2021-07-01,"Johnson&Johnson, Moderna, Oxford/AstraZeneca, Pfizer/BioNTech",5120455,3394615,8515070
2021-07-02,"Johnson&Johnson, Moderna, Oxford/AstraZeneca, Pfizer/BioNTech",5147150,3480434,8627584
2021-07-03,"Johnson&Johnson, Moderna, Oxford/AstraZeneca, Pfizer/BioNTech",5154224,3511926,8666150
2021-07-04,"Johnson&Johnson, Moderna, Oxford/AstraZeneca, Pfizer/BioNTech",5161777,3533709,8695486
2021-07-05,"Johnson&Johnson, Moderna, Oxford/AstraZeneca, Pfizer/BioNTech",5169145,3559066,8728211
2021-07-06,"Johnson&Johnson, Moderna, Oxford/AstraZeneca, Pfizer/BioNTech",5174554,3586693,8761247
2021-07-07,"Johnson&Johnson, Moderna, Oxford/AstraZeneca, Pfizer/BioNTech",5200335,3665635,8865970
2021-07-08,"Johnson&Johnson, Moderna, Oxford/AstraZeneca, Pfizer/BioNTech",5226926,3735919,8962845
2021-07-09,"Johnson&Johnson, Moderna, Oxford/AstraZeneca, Pfizer/BioNTech",5254836,3805158,9059994
2021-07-10,"Johnson&Johnson, Moderna, Oxford/AstraZeneca, Pfizer/BioNTech",5264183,3833770,9097953
2021-07-11,"Johnson&Johnson, Moderna, Oxford/AstraZeneca, Pfizer/BioNTech",5272706,3856626,9129332
2021-07-12,"Johnson&Johnson, Moderna, Oxford/AstraZeneca, Pfizer/BioNTech",5300218,3925678,9225896
2021-07-13,"Johnson&Johnson, Moderna, Oxford/AstraZeneca, Pfizer/BioNTech",5326392,3995501,9321893
2021-07-14,"Johnson&Johnson, Moderna, Oxford/AstraZeneca, Pfizer/BioNTech",5352188,4067432,9419620
2021-07-15,"Johnson&Johnson, Moderna, Oxford/AstraZeneca, Pfizer/BioNTech",5381348,4133383,9514731
2021-07-16,"Johnson&Johnson, Moderna, Oxford/AstraZeneca, Pfizer/BioNTech",5409260,4206051,9615311
2021-07-17,"Johnson&Johnson, Moderna, Oxford/AstraZeneca, Pfizer/BioNTech",5418024,4237458,9655482
2021-07-18,"Johnson&Johnson, Moderna, Oxford/AstraZeneca, Pfizer/BioNTech",5426463,4263429,9689892
2021-07-19,"Johnson&Johnson, Moderna, Oxford/AstraZeneca, Pfizer/BioNTech",5449802,4330417,9780219
2021-07-20,"Johnson&Johnson, Moderna, Oxford/AstraZeneca, Pfizer/BioNTech",5471176,4397410,9868586
2021-07-21,"Johnson&Johnson, Moderna, Oxford/AstraZeneca, Pfizer/BioNTech",5494619,4460825,9955444
2021-07-22,"Johnson&Johnson, Moderna, Oxford/AstraZeneca, Pfizer/BioNTech",5516972,4519394,10036366
2021-07-23,"Johnson&Johnson, Moderna, Oxford/AstraZeneca, Pfizer/BioNTech",5540161,4574087,10114248
2021-07-24,"Johnson&Johnson, Moderna, Oxford/AstraZeneca, Pfizer/BioNTech",5547471,4601722,10149193
2021-07-25,"Johnson&Johnson, Moderna, Oxford/AstraZeneca, Pfizer/BioNTech",5554081,4623820,10177901
2021-07-26,"Johnson&Johnson, Moderna, Oxford/AstraZeneca, Pfizer/BioNTech",5577613,4672446,10250059
2021-07-27,"Johnson&Johnson, Moderna, Oxford/AstraZeneca, Pfizer/BioNTech",5600333,4719022,10319355
2021-07-28,"Johnson&Johnson, Moderna, Oxford/AstraZeneca, Pfizer/BioNTech",5621576,4764946,10386522
2021-07-29,"Johnson&Johnson, Moderna, Oxford/AstraZeneca, Pfizer/BioNTech",5642887,4806838,10449725
2021-07-30,"Johnson&Johnson, Moderna, Oxford/AstraZeneca, Pfizer/BioNTech",5666153,4849330,10515483
2021-07-31,"Johnson&Johnson, Moderna, Oxford/AstraZeneca, Pfizer/BioNTech",5675071,4868832,10543903
2021-08-01,"Johnson&Johnson, Moderna, Oxford/AstraZeneca, Pfizer/BioNTech",5681785,4884982,10566767
2021-08-02,"Johnson&Johnson, Moderna, Oxford/AstraZeneca, Pfizer/BioNTech",5700401,4922478,10622879
2021-08-03,"Johnson&Johnson, Moderna, Oxford/AstraZeneca, Pfizer/BioNTech",5718024,4960528,10678552
2021-08-04,"Johnson&Johnson, Moderna, Oxford/AstraZeneca, Pfizer/BioNTech",5734109,4997213,10731322
2021-08-05,"Johnson&Johnson, Moderna, Oxford/AstraZeneca, Pfizer/BioNTech",5750135,5037636,10787771
2021-08-06,"Johnson&Johnson, Moderna, Oxford/AstraZeneca, Pfizer/BioNTech",5766911,5080867,10847778
2021-08-07,"Johnson&Johnson, Moderna, Oxford/AstraZeneca, Pfizer/BioNTech",5772501,5099005,10871506
2021-08-08,"Johnson&Johnson, Moderna, Oxford/AstraZeneca, Pfizer/BioNTech",5776854,5114738,10891592
2021-08-09,"Johnson&Johnson, Moderna, Oxford/AstraZeneca, Pfizer/BioNTech",5789487,5159746,10949233
2021-08-10,"Johnson&Johnson, Moderna, Oxford/AstraZeneca, Pfizer/BioNTech",5801318,5199269,11000587
2021-08-11,"Johnson&Johnson, Moderna, Oxford/AstraZeneca, Pfizer/BioNTech",5812673,5242355,11055028
2021-08-12,"Johnson&Johnson, Moderna, Oxford/AstraZeneca, Pfizer/BioNTech",5824087,5279433,11103520
2021-08-13,"Johnson&Johnson, Moderna, Oxford/AstraZeneca, Pfizer/BioNTech",5834807,5319729,11154536
2021-08-14,"Johnson&Johnson, Moderna, Oxford/AstraZeneca, Pfizer/BioNTech",5838140,5330406,11168546
2021-08-15,"Johnson&Johnson, Moderna, Oxford/AstraZeneca, Pfizer/BioNTech",5840721,5340762,11181483
2021-08-16,"Johnson&Johnson, Moderna, Oxford/AstraZeneca, Pfizer/BioNTech",5850508,5374803,11225311
2021-08-17,"Johnson&Johnson, Moderna, Oxford/AstraZeneca, Pfizer/BioNTech",5860095,5401868,11261963
2021-08-18,"Johnson&Johnson, Moderna, Oxford/AstraZeneca, Pfizer/BioNTech",5869463,5440709,11310172
2021-08-19,"Johnson&Johnson, Moderna, Oxford/AstraZeneca, Pfizer/BioNTech",5879123,5479027,11358150
2021-08-20,"Johnson&Johnson, Moderna, Oxford/AstraZeneca, Pfizer/BioNTech",5890504,5519189,11409693
2021-08-21,"Johnson&Johnson, Moderna, Oxford/AstraZeneca, Pfizer/BioNTech",5893219,5531928,11425147
2021-08-22,"Johnson&Johnson, Moderna, Oxford/AstraZeneca, Pfizer/BioNTech",5895558,5543882,11439440
2021-08-23,"Johnson&Johnson, Moderna, Oxford/AstraZeneca, Pfizer/BioNTech",5906085,5583118,11489203
2021-08-24,"Johnson&Johnson, Moderna, Oxford/AstraZeneca, Pfizer/BioNTech",5915949,5616339,11532288
2021-08-25,"Johnson&Johnson, Moderna, Oxford/AstraZeneca, Pfizer/BioNTech",5924810,5644683,11569493
2021-08-26,"Johnson&Johnson, Moderna, Oxford/AstraZeneca, Pfizer/BioNTech",5933253,5670793,11604046
2021-08-27,"Johnson&Johnson, Moderna, Oxford/AstraZeneca, Pfizer/BioNTech",5943569,5696720,11640289
2021-08-28,"Johnson&Johnson, Moderna, Oxford/AstraZeneca, Pfizer/BioNTech",5946291,5703751,11650042
2021-08-29,"Johnson&Johnson, Moderna, Oxford/AstraZeneca, Pfizer/BioNTech",5948697,5710367,11659064
2021-08-30,"Johnson&Johnson, Moderna, Oxford/AstraZeneca, Pfizer/BioNTech",5957218,5732217,11689435
2021-08-31,"Johnson&Johnson, Moderna, Oxford/AstraZeneca, Pfizer/BioNTech",5964885,5750277,11715162
2021-09-01,"Johnson&Johnson, Moderna, Oxford/AstraZeneca, Pfizer/BioNTech",5970765,5764254,11735019
2021-09-02,"Johnson&Johnson, Moderna, Oxford/AstraZeneca, Pfizer/BioNTech",5977595,5778627,11756222
2021-09-03,"Johnson&Johnson, Moderna, Oxford/AstraZeneca, Pfizer/BioNTech",5987148,5794317,11781465
2021-09-04,"Johnson&Johnson, Moderna, Oxford/AstraZeneca, Pfizer/BioNTech",5989217,5797866,11787083
2021-09-05,"Johnson&Johnson, Moderna, Oxford/AstraZeneca, Pfizer/BioNTech",5991256,5800707,11791963
2021-09-06,"Johnson&Johnson, Moderna, Oxford/AstraZeneca, Pfizer/BioNTech",5997489,5813220,11810709
2021-09-07,"Johnson&Johnson, Moderna, Oxford/AstraZeneca, Pfizer/BioNTech",6001879,5824307,11826186
2021-09-08,"Johnson&Johnson, Moderna, Oxford/AstraZeneca, Pfizer/BioNTech",6007544,5834142,11841686
2021-09-09,"Johnson&Johnson, Moderna, Oxford/AstraZeneca, Pfizer/BioNTech",6014221,5844191,11858412
2021-09-10,"Johnson&Johnson, Moderna, Oxford/AstraZeneca, Pfizer/BioNTech",6021904,5856358,11878262
2021-09-11,"Johnson&Johnson, Moderna, Oxford/AstraZeneca, Pfizer/BioNTech",6023765,5858832,11882597
2021-09-12,"Johnson&Johnson, Moderna, Oxford/AstraZeneca, Pfizer/BioNTech",6024879,5860456,11885335
2021-09-13,"Johnson&Johnson, Moderna, Oxford/AstraZeneca, Pfizer/BioNTech",6030303,5870739,11901042
2021-09-14,"Johnson&Johnson, Moderna, Oxford/AstraZeneca, Pfizer/BioNTech",6035684,5879742,11915426
2021-09-15,"Johnson&Johnson, Moderna, Oxford/AstraZeneca, Pfizer/BioNTech",6040876,5888257,11929133
2021-09-16,"Johnson&Johnson, Moderna, Oxford/AstraZeneca, Pfizer/BioNTech",6046216,5896519,11942735
2021-09-17,"Johnson&Johnson, Moderna, Oxford/AstraZeneca, Pfizer/BioNTech",6052783,5906740,11959523
2021-09-18,"Johnson&Johnson, Moderna, Oxford/AstraZeneca, Pfizer/BioNTech",6054505,5909091,11963596
2021-09-19,"Johnson&Johnson, Moderna, Oxford/AstraZeneca, Pfizer/BioNTech",6055445,5910655,11966100
2021-09-20,"Johnson&Johnson, Moderna, Oxford/AstraZeneca, Pfizer/BioNTech",6059455,5918843,11978298
2021-09-21,"Johnson&Johnson, Moderna, Oxford/AstraZeneca, Pfizer/BioNTech",6063678,5926368,11990046
2021-09-22,"Johnson&Johnson, Moderna, Oxford/AstraZeneca, Pfizer/BioNTech",6067854,5931876,11999730
2021-09-23,"Johnson&Johnson, Moderna, Oxford/AstraZeneca, Pfizer/BioNTech",6072828,5938275,12011103
2021-09-24,"Johnson&Johnson, Moderna, Oxford/AstraZeneca, Pfizer/BioNTech",6078583,5947883,12026466
2021-09-25,"Johnson&Johnson, Moderna, Oxford/AstraZeneca, Pfizer/BioNTech",6080076,5949877,12029953
2021-09-26,"Johnson&Johnson, Moderna, Pfizer/BioNTech",6080816,5951514,12032330
2021-09-27,"Johnson&Johnson, Moderna, Oxford/AstraZeneca, Pfizer/BioNTech",6084692,5958013,12042705
2021-09-28,"Johnson&Johnson, Moderna, Pfizer/BioNTech",6085050,5958627,12043677
2021-09-29,"Johnson&Johnson, Moderna, Oxford/AstraZeneca, Pfizer/BioNTech",6088821,5966076,12054897
2021-09-30,"Johnson&Johnson, Moderna, Oxford/AstraZeneca, Pfizer/BioNTech",6093319,5973764,12067083
2021-10-01,"Johnson&Johnson, Moderna, Oxford/AstraZeneca, Pfizer/BioNTech",6097608,5981721,12079329
2021-10-02,"Johnson&Johnson, Moderna, Oxford/AstraZeneca, Pfizer/BioNTech",6098668,5983257,12081925
2021-10-03,"Johnson&Johnson, Moderna, Pfizer/BioNTech",6099386,5984120,12083506
2021-10-04,"Johnson&Johnson, Moderna, Oxford/AstraZeneca, Pfizer/BioNTech",6102456,5989683,12092139
2021-10-05,"Johnson&Johnson, Moderna, Oxford/AstraZeneca, Pfizer/BioNTech",6105613,5994746,12100359
2021-10-06,"Johnson&Johnson, Moderna, Oxford/AstraZeneca, Pfizer/BioNTech",6109121,5999903,12109024
2021-10-07,"Johnson&Johnson, Moderna, Oxford/AstraZeneca, Pfizer/BioNTech",6112391,6005147,12117538
2021-10-08,"Johnson&Johnson, Moderna, Oxford/AstraZeneca, Pfizer/BioNTech",6117174,6011769,12128943
2021-10-09,"Johnson&Johnson, Moderna, Oxford/AstraZeneca, Pfizer/BioNTech",6118415,6013420,12131835
2021-10-10,"Johnson&Johnson, Moderna, Oxford/AstraZeneca, Pfizer/BioNTech",6119355,6014249,12133604
2021-10-11,"Johnson&Johnson, Moderna, Oxford/AstraZeneca, Pfizer/BioNTech",6122284,6018657,12140941
2021-10-12,"Johnson&Johnson, Moderna, Oxford/AstraZeneca, Pfizer/BioNTech",6125206,6022651,12147857
2021-10-13,"Johnson&Johnson, Moderna, Oxford/AstraZeneca, Pfizer/BioNTech",6128739,6026830,12155569
2021-10-14,"Johnson&Johnson, Moderna, Oxford/AstraZeneca, Pfizer/BioNTech",6132414,6031768,12164182
2021-10-15,"Johnson&Johnson, Moderna, Oxford/AstraZeneca, Pfizer/BioNTech",6137641,6037899,12175540
2021-10-16,"Johnson&Johnson, Moderna, Oxford/AstraZeneca, Pfizer/BioNTech",6139050,6039416,12178466
2021-10-17,"Johnson&Johnson, Moderna, Pfizer/BioNTech",6140370,6040469,12180839
2021-10-18,"Johnson&Johnson, Moderna, Oxford/AstraZeneca, Pfizer/BioNTech",6144482,6044562,12189044
2021-10-19,"Johnson&Johnson, Moderna, Oxford/AstraZeneca, Pfizer/BioNTech",6148058,6046649,12194707
2021-10-20,"Johnson&Johnson, Moderna, Oxford/AstraZeneca, Pfizer/BioNTech",6152926,6051096,12204022
2021-10-21,"Johnson&Johnson, Moderna, Oxford/AstraZeneca, Pfizer/BioNTech",6160683,6056689,12217372
2021-10-22,"Johnson&Johnson, Moderna, Oxford/AstraZeneca, Pfizer/BioNTech",6171125,6063186,12234311
2021-10-23,"Johnson&Johnson, Moderna, Pfizer/BioNTech",6174798,6065390,12240188
2021-10-24,"Johnson&Johnson, Moderna, Pfizer/BioNTech",6177481,6067164,12244645
2021-10-25,"Johnson&Johnson, Moderna, Oxford/AstraZeneca, Pfizer/BioNTech",6187961,6072956,12260917
2021-10-26,"Johnson&Johnson, Moderna, Oxford/AstraZeneca, Pfizer/BioNTech",6199942,6079494,12279436
2021-10-27,"Johnson&Johnson, Moderna, Oxford/AstraZeneca, Pfizer/BioNTech",6214541,6086889,12301430
2021-10-28,"Johnson&Johnson, Moderna, Oxford/AstraZeneca, Pfizer/BioNTech",6217954,6088559,12306513
2021-10-29,"Johnson&Johnson, Moderna, Oxford/AstraZeneca, Pfizer/BioNTech",6232371,6096521,12328892
2021-10-30,"Johnson&Johnson, Moderna, Pfizer/BioNTech",6236902,6099436,12336338
2021-10-31,"Johnson&Johnson, Moderna, Oxford/AstraZeneca, Pfizer/BioNTech",6240664,6101906,12342570
2021-11-01,"Johnson&Johnson, Moderna, Oxford/AstraZeneca, Pfizer/BioNTech",6255856,6109585,12365441
2021-11-02,"Johnson&Johnson, Moderna, Oxford/AstraZeneca, Pfizer/BioNTech",6271303,6117134,12388437
2021-11-03,"Johnson&Johnson, Moderna, Oxford/AstraZeneca, Pfizer/BioNTech",6288478,6124422,12412900
2021-11-04,"Johnson&Johnson, Moderna, Oxford/AstraZeneca, Pfizer/BioNTech",6306825,6132588,12439413
2021-11-05,"Johnson&Johnson, Moderna, Oxford/AstraZeneca, Pfizer/BioNTech",6329631,6143850,12473481
2021-11-06,"Johnson&Johnson, Moderna, Oxford/AstraZeneca, Pfizer/BioNTech",6336137,6146899,12483036
2021-11-07,"Johnson&Johnson, Moderna, Oxford/AstraZeneca, Pfizer/BioNTech",6340152,6149329,12489481
2021-11-08,"Johnson&Johnson, Moderna, Oxford/AstraZeneca, Pfizer/BioNTech",6356459,6156956,12513415
2021-11-09,"Johnson&Johnson, Moderna, Oxford/AstraZeneca, Pfizer/BioNTech",6371265,6164245,12535510
2021-11-10,"Johnson&Johnson, Moderna, Oxford/AstraZeneca, Pfizer/BioNTech",6386990,6171611,12558601
2021-11-11,"Johnson&Johnson, Moderna, Oxford/AstraZeneca, Pfizer/BioNTech",6402447,6180707,12583154
2021-11-12,"Johnson&Johnson, Moderna, Oxford/AstraZeneca, Pfizer/BioNTech",6422238,6193476,12615714
2021-11-13,"Johnson&Johnson, Moderna, Oxford/AstraZeneca, Pfizer/BioNTech",6427618,6197337,12624955
2021-11-14,"Johnson&Johnson, Moderna, Oxford/AstraZeneca, Pfizer/BioNTech",6431500,6200339,12631839
2021-11-15,"Johnson&Johnson, Moderna, Oxford/AstraZeneca, Pfizer/BioNTech",6446567,6211020,12657587
2021-11-16,"Johnson&Johnson, Moderna, Oxford/AstraZeneca, Pfizer/BioNTech",6464088,6222991,12687079
2021-11-17,"Johnson&Johnson, Moderna, Oxford/AstraZeneca, Pfizer/BioNTech",6468314,6226548,12694862
2021-11-18,"Johnson&Johnson, Moderna, Oxford/AstraZeneca, Pfizer/BioNTech",6487708,6238219,12725927
2021-11-19,"Johnson&Johnson, Moderna, Oxford/AstraZeneca, Pfizer/BioNTech",6512306,6255187,12767493
2021-11-20,"Johnson&Johnson, Moderna, Oxford/AstraZeneca, Pfizer/BioNTech",6520872,6260158,12781030
2021-11-21,"Johnson&Johnson, Moderna, Oxford/AstraZeneca, Pfizer/BioNTech",6527638,6263928,12791566
2021-11-22,"Johnson&Johnson, Moderna, Oxford/AstraZeneca, Pfizer/BioNTech",6546130,6278025,12824155
2021-11-23,"Johnson&Johnson, Moderna, Oxford/AstraZeneca, Pfizer/BioNTech",6565163,6291273,12856436
2021-11-24,"Johnson&Johnson, Moderna, Oxford/AstraZeneca, Pfizer/BioNTech",6584117,6307101,12891218
2021-11-25,"Johnson&Johnson, Moderna, Oxford/AstraZeneca, Pfizer/BioNTech",6603234,6322117,12925351
2021-11-26,"Johnson&Johnson, Moderna, Oxford/AstraZeneca, Pfizer/BioNTech",6624787,6341236,12966023
2021-11-27,"Johnson&Johnson, Moderna, Oxford/AstraZeneca, Pfizer/BioNTech",6632234,6346780,12979014
2021-11-28,"Johnson&Johnson, Moderna, Oxford/AstraZeneca, Pfizer/BioNTech",6635561,6349911,12985472
2021-11-29,"Johnson&Johnson, Moderna, Oxford/AstraZeneca, Pfizer/BioNTech",6650671,6363555,13014226
2021-11-30,"Johnson&Johnson, Moderna, Oxford/AstraZeneca, Pfizer/BioNTech",6663762,6374761,13038523
2021-12-01,"Johnson&Johnson, Moderna, Oxford/AstraZeneca, Pfizer/BioNTech",6677681,6387190,13064871
2021-12-02,"Johnson&Johnson, Moderna, Oxford/AstraZeneca, Pfizer/BioNTech",6688185,6399665,13087850
2021-12-03,"Johnson&Johnson, Moderna, Oxford/AstraZeneca, Pfizer/BioNTech",6697713,6415209,13112922
2021-12-04,"Johnson&Johnson, Moderna, Oxford/AstraZeneca, Pfizer/BioNTech",6700245,6419147,13119392
2021-12-05,"Johnson&Johnson, Moderna, Oxford/AstraZeneca, Pfizer/BioNTech",6701588,6421472,13123060
2021-12-06,"Johnson&Johnson, Moderna, Oxford/AstraZeneca, Pfizer/BioNTech",6709696,6432971,13142667
2021-12-07,"Johnson&Johnson, Moderna, Oxford/AstraZeneca, Pfizer/BioNTech",6717502,6444948,13162450
2021-12-08,"Johnson&Johnson, Moderna, Oxford/AstraZeneca, Pfizer/BioNTech",6725692,6450844,13176536
2021-12-09,"Johnson&Johnson, Moderna, Oxford/AstraZeneca, Pfizer/BioNTech",6732757,6463637,13196394
2021-12-10,"Johnson&Johnson, Moderna, Oxford/AstraZeneca, Pfizer/BioNTech",6739629,6481387,13221016
2021-12-11,"Johnson&Johnson, Moderna, Oxford/AstraZeneca, Pfizer/BioNTech",6741281,6486647,13227928
2021-12-12,"Johnson&Johnson, Moderna, Oxford/AstraZeneca, Pfizer/BioNTech",6742584,6491074,13233658
2021-12-13,"Johnson&Johnson, Moderna, Oxford/AstraZeneca, Pfizer/BioNTech",6748937,6504327,13253264
2021-12-14,"Johnson&Johnson, Moderna, Oxford/AstraZeneca, Pfizer/BioNTech",6755123,6517957,13273080
2021-12-15,"Johnson&Johnson, Moderna, Oxford/AstraZeneca, Pfizer/BioNTech",6761286,6531527,13292813
2021-12-16,"Johnson&Johnson, Moderna, Oxford/AstraZeneca, Pfizer/BioNTech",6768128,6546277,13314405
2021-12-17,"Johnson&Johnson, Moderna, Oxford/AstraZeneca, Pfizer/BioNTech",6776355,6563462,13339817
2021-12-18,"Johnson&Johnson, Moderna, Oxford/AstraZeneca, Pfizer/BioNTech",6778938,6568887,13347825
2021-12-19,"Johnson&Johnson, Moderna, Pfizer/BioNTech",6780702,6571375,13352077
2021-12-20,"Johnson&Johnson, Moderna, Oxford/AstraZeneca, Pfizer/BioNTech",6786431,6585295,13371726
2021-12-21,"Johnson&Johnson, Moderna, Oxford/AstraZeneca, Pfizer/BioNTech",6792984,6597152,13390136
2021-12-22,"Johnson&Johnson, Moderna, Oxford/AstraZeneca, Pfizer/BioNTech",6797947,6610035,13407982
2021-12-23,"Johnson&Johnson, Moderna, Oxford/AstraZeneca, Pfizer/BioNTech",6800420,6615503,13415923
2021-12-24,"Johnson&Johnson, Moderna, Oxford/AstraZeneca, Pfizer/BioNTech",6800463,6615593,13416056
2021-12-25,"Moderna, Oxford/AstraZeneca, Pfizer/BioNTech",6800463,6615598,13416061
