date,vaccine,people_vaccinated,people_fully_vaccinated,total_vaccinations
2020-12-27,Pfizer/BioNTech,1287,0,1287
2020-12-28,Pfizer/BioNTech,3590,0,3590
2020-12-29,Pfizer/BioNTech,7061,1,7062
2020-12-30,Pfizer/BioNTech,10578,1,10579
2020-12-31,Pfizer/BioNTech,11890,1,11891
2021-01-01,"Moderna, Pfizer/BioNTech",12161,1,12162
2021-01-02,"Moderna, Pfizer/BioNTech",13447,2,13449
2021-01-03,"Moderna, Pfizer/BioNTech",14374,2,14376
2021-01-04,"Moderna, Pfizer/BioNTech",17984,2,17986
2021-01-05,"Moderna, Pfizer/BioNTech",22509,3,22512
2021-01-06,"Moderna, Pfizer/BioNTech",28355,4,28359
2021-01-07,"Moderna, Pfizer/BioNTech",36354,4,36358
2021-01-08,"Moderna, Pfizer/BioNTech",46407,5,46412
2021-01-09,"Moderna, Pfizer/BioNTech",48433,7,48440
2021-01-10,Pfizer/BioNTech,50205,9,50214
2021-01-11,"Moderna, Pfizer/BioNTech",60062,11,60073
2021-01-12,"Moderna, Pfizer/BioNTech",73517,13,73530
2021-01-13,"Moderna, Pfizer/BioNTech",87063,14,87077
2021-01-14,"Moderna, Pfizer/BioNTech",102316,18,102334
2021-01-15,"Moderna, Pfizer/BioNTech",116336,19,116355
2021-01-16,"Moderna, Pfizer/BioNTech",119740,23,119763
2021-01-17,"Moderna, Pfizer/BioNTech",122361,659,123020
2021-01-18,"Moderna, Pfizer/BioNTech",134854,2486,137340
2021-01-19,"Moderna, Pfizer/BioNTech",147465,5215,152680
2021-01-20,"Moderna, Pfizer/BioNTech",161163,7880,169043
2021-01-21,"Moderna, Pfizer/BioNTech",176816,9623,186439
2021-01-22,"Moderna, Pfizer/BioNTech",191708,10668,202376
2021-01-23,"Moderna, Pfizer/BioNTech",195026,11548,206574
2021-01-24,"Moderna, Pfizer/BioNTech",197282,12419,209701
2021-01-25,"Moderna, Pfizer/BioNTech",206937,15389,222326
2021-01-26,"Moderna, Pfizer/BioNTech",217485,19380,236865
2021-01-27,"Moderna, Pfizer/BioNTech",226517,23915,250432
2021-01-28,"Moderna, Pfizer/BioNTech",233623,30049,263672
2021-01-29,"Moderna, Pfizer/BioNTech",239839,37958,277797
2021-01-30,"Moderna, Pfizer/BioNTech",240580,39046,279626
2021-01-31,"Moderna, Pfizer/BioNTech",241299,40228,281527
2021-02-01,"Moderna, Pfizer/BioNTech",245282,48198,293480
2021-02-02,"Moderna, Pfizer/BioNTech",249437,58438,307875
2021-02-03,"Moderna, Pfizer/BioNTech",253864,69458,323322
2021-02-04,"Moderna, Pfizer/BioNTech",258771,82451,341222
2021-02-05,"Moderna, Pfizer/BioNTech",264245,93125,357370
2021-02-06,"Moderna, Oxford/AstraZeneca, Pfizer/BioNTech",265102,95491,360593
2021-02-07,"Moderna, Oxford/AstraZeneca, Pfizer/BioNTech",265953,97991,363944
2021-02-08,"Moderna, Oxford/AstraZeneca, Pfizer/BioNTech",270046,109420,379466
2021-02-09,"Moderna, Oxford/AstraZeneca, Pfizer/BioNTech",275158,121333,396491
2021-02-10,"Moderna, Oxford/AstraZeneca, Pfizer/BioNTech",280677,134594,415271
2021-02-11,"Moderna, Oxford/AstraZeneca, Pfizer/BioNTech",287019,150814,437833
2021-02-12,"Moderna, Oxford/AstraZeneca, Pfizer/BioNTech",293847,165564,459411
2021-02-13,"Moderna, Oxford/AstraZeneca, Pfizer/BioNTech",295465,168551,464016
2021-02-14,"Moderna, Oxford/AstraZeneca, Pfizer/BioNTech",296471,169938,466409
2021-02-15,"Moderna, Oxford/AstraZeneca, Pfizer/BioNTech",302871,179309,482180
2021-02-16,"Moderna, Oxford/AstraZeneca, Pfizer/BioNTech",311592,188390,499982
2021-02-17,"Moderna, Oxford/AstraZeneca, Pfizer/BioNTech",321294,196702,517996
2021-02-18,"Moderna, Oxford/AstraZeneca, Pfizer/BioNTech",333624,204785,538409
2021-02-19,"Moderna, Oxford/AstraZeneca, Pfizer/BioNTech",345491,212162,557653
2021-02-20,"Moderna, Oxford/AstraZeneca, Pfizer/BioNTech",347501,213348,560849
2021-02-21,"Moderna, Oxford/AstraZeneca, Pfizer/BioNTech",348638,214374,563012
2021-02-22,"Moderna, Oxford/AstraZeneca, Pfizer/BioNTech",358762,220411,579173
2021-02-23,"Moderna, Oxford/AstraZeneca, Pfizer/BioNTech",371727,227403,599130
2021-02-24,"Moderna, Oxford/AstraZeneca, Pfizer/BioNTech",385611,233445,619056
2021-02-25,"Moderna, Oxford/AstraZeneca, Pfizer/BioNTech",403595,238996,642591
2021-02-26,"Moderna, Oxford/AstraZeneca, Pfizer/BioNTech",419776,244356,664132
2021-02-27,"Moderna, Oxford/AstraZeneca, Pfizer/BioNTech",422785,244915,667700
2021-02-28,"Moderna, Oxford/AstraZeneca, Pfizer/BioNTech",425143,245466,670609
2021-03-01,"Moderna, Oxford/AstraZeneca, Pfizer/BioNTech",444743,248915,693658
2021-03-02,"Moderna, Oxford/AstraZeneca, Pfizer/BioNTech",471971,252469,724440
2021-03-03,"Moderna, Oxford/AstraZeneca, Pfizer/BioNTech",502927,256981,759908
2021-03-04,"Moderna, Oxford/AstraZeneca, Pfizer/BioNTech",536212,261672,797884
2021-03-05,"Johnson&Johnson, Moderna, Oxford/AstraZeneca, Pfizer/BioNTech",565059,267101,832160
2021-03-06,"Johnson&Johnson, Moderna, Oxford/AstraZeneca, Pfizer/BioNTech",577219,267967,845186
2021-03-07,"Johnson&Johnson, Moderna, Oxford/AstraZeneca, Pfizer/BioNTech",588769,268810,857579
2021-03-08,"Johnson&Johnson, Moderna, Oxford/AstraZeneca, Pfizer/BioNTech",618520,273673,892193
2021-03-09,"Johnson&Johnson, Moderna, Oxford/AstraZeneca, Pfizer/BioNTech",654893,280061,934954
2021-03-10,"Johnson&Johnson, Moderna, Oxford/AstraZeneca, Pfizer/BioNTech",696226,287021,983247
2021-03-11,"Johnson&Johnson, Moderna, Oxford/AstraZeneca, Pfizer/BioNTech",741084,295396,1036480
2021-03-12,"Johnson&Johnson, Moderna, Oxford/AstraZeneca, Pfizer/BioNTech, Čína",779845,303897,1083742
2021-03-13,"Johnson&Johnson, Moderna, Oxford/AstraZeneca, Pfizer/BioNTech",796956,305212,1102168
2021-03-14,"Johnson&Johnson, Moderna, Oxford/AstraZeneca, Pfizer/BioNTech",809075,306369,1115444
2021-03-15,"Johnson&Johnson, Moderna, Oxford/AstraZeneca, Pfizer/BioNTech",837471,315149,1152620
2021-03-16,"Johnson&Johnson, Moderna, Oxford/AstraZeneca, Pfizer/BioNTech",876369,325686,1202055
2021-03-17,"Moderna, Oxford/AstraZeneca, Pfizer/BioNTech",913857,336201,1250058
2021-03-18,"Johnson&Johnson, Moderna, Oxford/AstraZeneca, Pfizer/BioNTech",951865,348627,1300492
2021-03-19,"Johnson&Johnson, Moderna, Oxford/AstraZeneca, Pfizer/BioNTech",986385,362242,1348627
2021-03-20,"Johnson&Johnson, Moderna, Oxford/AstraZeneca, Pfizer/BioNTech",1001569,364272,1365841
2021-03-21,"Johnson&Johnson, Moderna, Oxford/AstraZeneca, Pfizer/BioNTech",1009018,365832,1374850
2021-03-22,"Johnson&Johnson, Moderna, Oxford/AstraZeneca, Pfizer/BioNTech",1033595,378333,1411928
2021-03-23,"Johnson&Johnson, Moderna, Oxford/AstraZeneca, Pfizer/BioNTech",1060272,391700,1451972
2021-03-24,"Johnson&Johnson, Moderna, Oxford/AstraZeneca, Pfizer/BioNTech",1087169,407446,1494615
2021-03-25,"Johnson&Johnson, Moderna, Oxford/AstraZeneca, Pfizer/BioNTech",1113530,425301,1538831
2021-03-26,"Johnson&Johnson, Moderna, Oxford/AstraZeneca, Pfizer/BioNTech",1138373,442814,1581187
2021-03-27,"Johnson&Johnson, Moderna, Oxford/AstraZeneca, Pfizer/BioNTech, Čína",1146836,447660,1594496
2021-03-28,"Moderna, Oxford/AstraZeneca, Pfizer/BioNTech",1152385,451808,1604193
2021-03-29,"Johnson&Johnson, Moderna, Oxford/AstraZeneca, Pfizer/BioNTech",1171547,472544,1644091
2021-03-30,"Johnson&Johnson, Moderna, Oxford/AstraZeneca, Pfizer/BioNTech",1196257,494731,1690988
2021-03-31,"Johnson&Johnson, Moderna, Oxford/AstraZeneca, Pfizer/BioNTech",1219416,521800,1741216
2021-04-01,"Johnson&Johnson, Moderna, Oxford/AstraZeneca, Pfizer/BioNTech",1245107,553858,1798965
2021-04-02,"Johnson&Johnson, Moderna, Oxford/AstraZeneca, Pfizer/BioNTech",1252091,566654,1818745
2021-04-03,"Johnson&Johnson, Moderna, Oxford/AstraZeneca, Pfizer/BioNTech",1255746,577587,1833333
2021-04-04,"Johnson&Johnson, Moderna, Oxford/AstraZeneca, Pfizer/BioNTech",1258292,586513,1844805
2021-04-05,"Johnson&Johnson, Moderna, Oxford/AstraZeneca, Pfizer/BioNTech",1260726,593719,1854445
2021-04-06,"Johnson&Johnson, Moderna, Oxford/AstraZeneca, Pfizer/BioNTech, Čína",1276945,622995,1899940
2021-04-07,"Johnson&Johnson, Moderna, Oxford/AstraZeneca, Pfizer/BioNTech",1300449,645234,1945683
2021-04-08,"Johnson&Johnson, Moderna, Oxford/AstraZeneca, Pfizer/BioNTech",1339271,676283,2015554
2021-04-09,"Johnson&Johnson, Moderna, Oxford/AstraZeneca, Pfizer/BioNTech",1378868,706484,2085352
2021-04-10,"Johnson&Johnson, Moderna, Oxford/AstraZeneca, Pfizer/BioNTech",1394437,721798,2116235
2021-04-11,"Johnson&Johnson, Moderna, Oxford/AstraZeneca, Pfizer/BioNTech",1404232,731856,2136088
2021-04-12,"Johnson&Johnson, Moderna, Oxford/AstraZeneca, Pfizer/BioNTech",1442555,757003,2199558
2021-04-13,"Moderna, Oxford/AstraZeneca, Pfizer/BioNTech",1478864,783046,2261910
2021-04-14,"Moderna, Oxford/AstraZeneca, Pfizer/BioNTech",1517754,810426,2328180
2021-04-15,"Moderna, Oxford/AstraZeneca, Pfizer/BioNTech",1565590,836208,2401798
2021-04-16,"Moderna, Oxford/AstraZeneca, Pfizer/BioNTech",1610311,861891,2472202
2021-04-17,"Indie/AstraZeneca, Moderna, Oxford/AstraZeneca, Pfizer/BioNTech",1627040,870918,2497958
2021-04-18,"Moderna, Oxford/AstraZeneca, Pfizer/BioNTech",1640040,875904,2515944
2021-04-19,"Johnson&Johnson, Moderna, Oxford/AstraZeneca, Pfizer/BioNTech",1684016,891347,2575363
2021-04-20,"Johnson&Johnson, Moderna, Oxford/AstraZeneca, Pfizer/BioNTech",1726606,907237,2633843
2021-04-21,"Moderna, Oxford/AstraZeneca, Pfizer/BioNTech",1774372,921608,2695980
2021-04-22,"Johnson&Johnson, Moderna, Oxford/AstraZeneca, Pfizer/BioNTech",1828904,939008,2767912
2021-04-23,"Johnson&Johnson, Moderna, Oxford/AstraZeneca, Pfizer/BioNTech",1878918,951075,2829993
2021-04-24,"Johnson&Johnson, Moderna, Oxford/AstraZeneca, Pfizer/BioNTech, Čína",1896796,956345,2853141
2021-04-25,"Johnson&Johnson, Moderna, Oxford/AstraZeneca, Pfizer/BioNTech",1911509,960350,2871859
2021-04-26,"Johnson&Johnson, Moderna, Oxford/AstraZeneca, Pfizer/BioNTech",1961124,967920,2929044
2021-04-27,"Johnson&Johnson, Moderna, Oxford/AstraZeneca, Pfizer/BioNTech",2010116,980176,2990292
2021-04-28,"Johnson&Johnson, Moderna, Oxford/AstraZeneca, Pfizer/BioNTech",2068898,994199,3063097
2021-04-29,"Johnson&Johnson, Moderna, Oxford/AstraZeneca, Pfizer/BioNTech",2134519,1010121,3144640
2021-04-30,"Johnson&Johnson, Moderna, Oxford/AstraZeneca, Pfizer/BioNTech",2196813,1020117,3216930
2021-05-01,"Johnson&Johnson, Moderna, Oxford/AstraZeneca, Pfizer/BioNTech",2216208,1023583,3239791
2021-05-02,"Johnson&Johnson, Moderna, Oxford/AstraZeneca, Pfizer/BioNTech",2235160,1025874,3261034
2021-05-03,"Johnson&Johnson, Moderna, Oxford/AstraZeneca, Pfizer/BioNTech",2302439,1030958,3333397
2021-05-04,"Johnson&Johnson, Moderna, Oxford/AstraZeneca, Pfizer/BioNTech",2368999,1039333,3408332
2021-05-05,"Johnson&Johnson, Moderna, Oxford/AstraZeneca, Pfizer/BioNTech",2442212,1048781,3490993
2021-05-06,"Johnson&Johnson, Moderna, Oxford/AstraZeneca, Pfizer/BioNTech",2522652,1059534,3582186
2021-05-07,"Johnson&Johnson, Moderna, Oxford/AstraZeneca, Pfizer/BioNTech",2599992,1069680,3669672
2021-05-08,"Johnson&Johnson, Moderna, Oxford/AstraZeneca, Pfizer/BioNTech",2629536,1071474,3701010
2021-05-09,"Johnson&Johnson, Moderna, Oxford/AstraZeneca, Pfizer/BioNTech",2653779,1072698,3726477
2021-05-10,"Johnson&Johnson, Moderna, Oxford/AstraZeneca, Pfizer/BioNTech",2726580,1079945,3806525
2021-05-11,"Johnson&Johnson, Moderna, Oxford/AstraZeneca, Pfizer/BioNTech",2802734,1088780,3891514
2021-05-12,"Johnson&Johnson, Moderna, Oxford/AstraZeneca, Pfizer/BioNTech",2882681,1097928,3980609
2021-05-13,"Johnson&Johnson, Moderna, Oxford/AstraZeneca, Pfizer/BioNTech",2966735,1107120,4073855
2021-05-14,"Johnson&Johnson, Moderna, Oxford/AstraZeneca, Pfizer/BioNTech",3046293,1114948,4161241
2021-05-15,"Johnson&Johnson, Moderna, Oxford/AstraZeneca, Pfizer/BioNTech",3078261,1117235,4195496
2021-05-16,"Johnson&Johnson, Moderna, Oxford/AstraZeneca, Pfizer/BioNTech",3104077,1118522,4222599
2021-05-17,"Indie/AstraZeneca, Johnson&Johnson, Moderna, Oxford/AstraZeneca, Pfizer/BioNTech",3176621,1125282,4301903
2021-05-18,"Indie/AstraZeneca, Johnson&Johnson, Moderna, Oxford/AstraZeneca, Pfizer/BioNTech",3248616,1138409,4387025
2021-05-19,"Johnson&Johnson, Moderna, Oxford/AstraZeneca, Pfizer/BioNTech",3326116,1153585,4479701
2021-05-20,"Johnson&Johnson, Moderna, Oxford/AstraZeneca, Pfizer/BioNTech",3401617,1180657,4582274
2021-05-21,"Johnson&Johnson, Moderna, Oxford/AstraZeneca, Pfizer/BioNTech",3470478,1208469,4678947
2021-05-22,"Johnson&Johnson, Moderna, Oxford/AstraZeneca, Pfizer/BioNTech",3502953,1219714,4722667
2021-05-23,"Johnson&Johnson, Moderna, Oxford/AstraZeneca, Pfizer/BioNTech",3525404,1228756,4754160
2021-05-24,"Johnson&Johnson, Moderna, Oxford/AstraZeneca, Pfizer/BioNTech",3572625,1262438,4835063
2021-05-25,"Indie/AstraZeneca, Johnson&Johnson, Moderna, Oxford/AstraZeneca, Pfizer/BioNTech",3624552,1298286,4922838
2021-05-26,"Johnson&Johnson, Moderna, Oxford/AstraZeneca, Pfizer/BioNTech",3692323,1335850,5028173
2021-05-27,"Indie/AstraZeneca, Johnson&Johnson, Moderna, Oxford/AstraZeneca, Pfizer/BioNTech",3753764,1383218,5136982
2021-05-28,"Johnson&Johnson, Moderna, Oxford/AstraZeneca, Pfizer/BioNTech",3815516,1429836,5245352
2021-05-29,"Johnson&Johnson, Moderna, Oxford/AstraZeneca, Pfizer/BioNTech",3844792,1446985,5291777
2021-05-30,"Johnson&Johnson, Moderna, Oxford/AstraZeneca, Pfizer/BioNTech, Čína",3867214,1461458,5328672
2021-05-31,"Indie/AstraZeneca, Johnson&Johnson, Moderna, Oxford/AstraZeneca, Pfizer/BioNTech",3922966,1508999,5431965
2021-06-01,"Johnson&Johnson, Moderna, Oxford/AstraZeneca, Pfizer/BioNTech",3982093,1557894,5539987
2021-06-02,"Johnson&Johnson, Moderna, Oxford/AstraZeneca, Pfizer/BioNTech",4045079,1611931,5657010
2021-06-03,"Johnson&Johnson, Moderna, Oxford/AstraZeneca, Pfizer/BioNTech",4103344,1672180,5775524
2021-06-04,"Johnson&Johnson, Moderna, Oxford/AstraZeneca, Pfizer/BioNTech",4166494,1729616,5896110
2021-06-05,"Johnson&Johnson, Moderna, Oxford/AstraZeneca, Pfizer/BioNTech",4200690,1748551,5949241
2021-06-06,"Johnson&Johnson, Moderna, Oxford/AstraZeneca, Pfizer/BioNTech",4227654,1763731,5991385
2021-06-07,"Johnson&Johnson, Moderna, Oxford/AstraZeneca, Pfizer/BioNTech",4291358,1819387,6110745
2021-06-08,"Indie/AstraZeneca, Johnson&Johnson, Moderna, Oxford/AstraZeneca, Pfizer/BioNTech",4355376,1874418,6229794
2021-06-09,"Indie/AstraZeneca, Johnson&Johnson, Moderna, Oxford/AstraZeneca, Pfizer/BioNTech",4414604,1939120,6353724
2021-06-10,"Johnson&Johnson, Moderna, Oxford/AstraZeneca, Pfizer/BioNTech",4468473,2010450,6478923
2021-06-11,"Johnson&Johnson, Moderna, Oxford/AstraZeneca, Pfizer/BioNTech",4520606,2080312,6600918
2021-06-12,"Johnson&Johnson, Moderna, Oxford/AstraZeneca, Pfizer/BioNTech",4552641,2101177,6653818
2021-06-13,"Johnson&Johnson, Moderna, Oxford/AstraZeneca, Pfizer/BioNTech",4576685,2119624,6696309
2021-06-14,"Johnson&Johnson, Moderna, Oxford/AstraZeneca, Pfizer/BioNTech, Čína",4619788,2194043,6813831
2021-06-15,"Johnson&Johnson, Moderna, Oxford/AstraZeneca, Pfizer/BioNTech",4664481,2266460,6930941
2021-06-16,"Johnson&Johnson, Moderna, Oxford/AstraZeneca, Pfizer/BioNTech",4707315,2344718,7052033
2021-06-17,"Johnson&Johnson, Moderna, Oxford/AstraZeneca, Pfizer/BioNTech",4746757,2427845,7174602
2021-06-18,"Johnson&Johnson, Moderna, Oxford/AstraZeneca, Pfizer/BioNTech",4789211,2508458,7297669
2021-06-19,"Johnson&Johnson, Moderna, Oxford/AstraZeneca, Pfizer/BioNTech, Čína",4811015,2537812,7348827
2021-06-20,"Johnson&Johnson, Moderna, Oxford/AstraZeneca, Pfizer/BioNTech",4828431,2561700,7390131
2021-06-21,"Johnson&Johnson, Moderna, Oxford/AstraZeneca, Pfizer/BioNTech, Čína",4860949,2640340,7501289
2021-06-22,"Johnson&Johnson, Moderna, Oxford/AstraZeneca, Pfizer/BioNTech",4893937,2722693,7616630
2021-06-23,"Johnson&Johnson, Moderna, Oxford/AstraZeneca, Pfizer/BioNTech",4925669,2807966,7733635
2021-06-24,"Johnson&Johnson, Moderna, Oxford/AstraZeneca, Pfizer/BioNTech",4955550,2898054,7853604
2021-06-25,"Johnson&Johnson, Moderna, Oxford/AstraZeneca, Pfizer/BioNTech",4986650,2984320,7970970
2021-06-26,"Johnson&Johnson, Moderna, Oxford/AstraZeneca, Pfizer/BioNTech",5002557,3019220,8021777
2021-06-27,"Johnson&Johnson, Moderna, Oxford/AstraZeneca, Pfizer/BioNTech",5016521,3045949,8062470
2021-06-28,"Johnson&Johnson, Moderna, Oxford/AstraZeneca, Pfizer/BioNTech",5044951,3131193,8176144
2021-06-29,"Johnson&Johnson, Moderna, Oxford/AstraZeneca, Pfizer/BioNTech",5074253,3217769,8292022
2021-06-30,"Johnson&Johnson, Moderna, Oxford/AstraZeneca, Pfizer/BioNTech",5101767,3308841,8410608
2021-07-01,"Johnson&Johnson, Moderna, Oxford/AstraZeneca, Pfizer/BioNTech",5125786,3398971,8524757
2021-07-02,"Johnson&Johnson, Moderna, Oxford/AstraZeneca, Pfizer/BioNTech",5152544,3484934,8637478
2021-07-03,"Johnson&Johnson, Moderna, Oxford/AstraZeneca, Pfizer/BioNTech",5159659,3516513,8676172
2021-07-04,"Johnson&Johnson, Moderna, Oxford/AstraZeneca, Pfizer/BioNTech",5167258,3538344,8705602
2021-07-05,"Johnson&Johnson, Moderna, Oxford/AstraZeneca, Pfizer/BioNTech",5174691,3563766,8738457
2021-07-06,"Johnson&Johnson, Moderna, Oxford/AstraZeneca, Pfizer/BioNTech, Čína",5180186,3591515,8771701
2021-07-07,"Johnson&Johnson, Moderna, Oxford/AstraZeneca, Pfizer/BioNTech",5206036,3670533,8876569
2021-07-08,"Johnson&Johnson, Moderna, Oxford/AstraZeneca, Pfizer/BioNTech",5232661,3740906,8973567
2021-07-09,"Johnson&Johnson, Moderna, Oxford/AstraZeneca, Pfizer/BioNTech",5260631,3810262,9070893
2021-07-10,"Johnson&Johnson, Moderna, Oxford/AstraZeneca, Pfizer/BioNTech",5270020,3838944,9108964
2021-07-11,"Johnson&Johnson, Moderna, Oxford/AstraZeneca, Pfizer/BioNTech",5278583,3861840,9140423
2021-07-12,"Johnson&Johnson, Moderna, Oxford/AstraZeneca, Pfizer/BioNTech, Čína",5306151,3930939,9237090
2021-07-13,"Johnson&Johnson, Moderna, Oxford/AstraZeneca, Pfizer/BioNTech",5332374,4000854,9333228
2021-07-14,"Johnson&Johnson, Moderna, Oxford/AstraZeneca, Pfizer/BioNTech",5358227,4072881,9431108
2021-07-15,"Indie/AstraZeneca, Johnson&Johnson, Moderna, Oxford/AstraZeneca, Pfizer/BioNTech",5387425,4138924,9526349
2021-07-16,"Johnson&Johnson, Moderna, Oxford/AstraZeneca, Pfizer/BioNTech",5415378,4211690,9627068
2021-07-17,"Johnson&Johnson, Moderna, Oxford/AstraZeneca, Pfizer/BioNTech, Čína",5424191,4243180,9667371
2021-07-18,"Johnson&Johnson, Moderna, Oxford/AstraZeneca, Pfizer/BioNTech",5432642,4269201,9701843
2021-07-19,"Johnson&Johnson, Moderna, Oxford/AstraZeneca, Pfizer/BioNTech",5456020,4336247,9792267
2021-07-20,"Johnson&Johnson, Moderna, Oxford/AstraZeneca, Pfizer/BioNTech",5477452,4403335,9880787
2021-07-21,"Indie/AstraZeneca, Johnson&Johnson, Moderna, Oxford/AstraZeneca, Pfizer/BioNTech",5500922,4466826,9967748
2021-07-22,"Johnson&Johnson, Moderna, Oxford/AstraZeneca, Pfizer/BioNTech",5523308,4525494,10048802
2021-07-23,"Johnson&Johnson, Moderna, Oxford/AstraZeneca, Pfizer/BioNTech",5546563,4580285,10126848
2021-07-24,"Johnson&Johnson, Moderna, Oxford/AstraZeneca, Pfizer/BioNTech",5553930,4607977,10161907
2021-07-25,"Johnson&Johnson, Moderna, Oxford/AstraZeneca, Pfizer/BioNTech",5560582,4630123,10190705
2021-07-26,"Johnson&Johnson, Moderna, Oxford/AstraZeneca, Pfizer/BioNTech",5584151,4678836,10262987
2021-07-27,"Johnson&Johnson, Moderna, Oxford/AstraZeneca, Pfizer/BioNTech, Čína",5606916,4725520,10332436
2021-07-28,"Johnson&Johnson, Moderna, Oxford/AstraZeneca, Pfizer/BioNTech",5628214,4771574,10399788
2021-07-29,"Johnson&Johnson, Moderna, Oxford/AstraZeneca, Pfizer/BioNTech",5649567,4813580,10463147
2021-07-30,"Johnson&Johnson, Moderna, Oxford/AstraZeneca, Pfizer/BioNTech",5672863,4856188,10529051
2021-07-31,"Johnson&Johnson, Moderna, Oxford/AstraZeneca, Pfizer/BioNTech",5681829,4875750,10557579
2021-08-01,"Johnson&Johnson, Moderna, Oxford/AstraZeneca, Pfizer/BioNTech",5688569,4891937,10580506
2021-08-02,"Johnson&Johnson, Moderna, Oxford/AstraZeneca, Pfizer/BioNTech",5707228,4929532,10636760
2021-08-03,"Johnson&Johnson, Moderna, Oxford/AstraZeneca, Pfizer/BioNTech",5724901,4967685,10692586
2021-08-04,"Johnson&Johnson, Moderna, Oxford/AstraZeneca, Pfizer/BioNTech",5741043,5004488,10745531
2021-08-05,"Johnson&Johnson, Moderna, Oxford/AstraZeneca, Pfizer/BioNTech",5757105,5045011,10802116
2021-08-06,"Johnson&Johnson, Moderna, Oxford/AstraZeneca, Pfizer/BioNTech",5773938,5088360,10862298
2021-08-07,"Johnson&Johnson, Moderna, Oxford/AstraZeneca, Pfizer/BioNTech",5779557,5106557,10886114
2021-08-08,"Johnson&Johnson, Moderna, Oxford/AstraZeneca, Pfizer/BioNTech",5783931,5122335,10906266
2021-08-09,"Indie/AstraZeneca, Johnson&Johnson, Moderna, Oxford/AstraZeneca, Pfizer/BioNTech",5796581,5167431,10964012
2021-08-10,"Johnson&Johnson, Moderna, Oxford/AstraZeneca, Pfizer/BioNTech",5808441,5207040,11015481
2021-08-11,"Indie/AstraZeneca, Johnson&Johnson, Moderna, Oxford/AstraZeneca, Pfizer/BioNTech",5819825,5250207,11070032
2021-08-12,"Johnson&Johnson, Moderna, Oxford/AstraZeneca, Pfizer/BioNTech",5831258,5287376,11118634
2021-08-13,"Johnson&Johnson, Moderna, Oxford/AstraZeneca, Pfizer/BioNTech",5842002,5327750,11169752
2021-08-14,"Johnson&Johnson, Moderna, Oxford/AstraZeneca, Pfizer/BioNTech",5845352,5338481,11183833
2021-08-15,"Johnson&Johnson, Moderna, Oxford/AstraZeneca, Pfizer/BioNTech",5847948,5348879,11196827
2021-08-16,"Johnson&Johnson, Moderna, Oxford/AstraZeneca, Pfizer/BioNTech",5857749,5382986,11240735
2021-08-17,"Johnson&Johnson, Moderna, Oxford/AstraZeneca, Pfizer/BioNTech",5867355,5410118,11277473
2021-08-18,"Johnson&Johnson, Moderna, Oxford/AstraZeneca, Pfizer/BioNTech",5876735,5449053,11325788
2021-08-19,"Johnson&Johnson, Moderna, Oxford/AstraZeneca, Pfizer/BioNTech",5886421,5487431,11373852
2021-08-20,"Johnson&Johnson, Moderna, Oxford/AstraZeneca, Pfizer/BioNTech",5897823,5527650,11425473
2021-08-21,"Johnson&Johnson, Moderna, Oxford/AstraZeneca, Pfizer/BioNTech",5900555,5540442,11440997
2021-08-22,"Johnson&Johnson, Moderna, Oxford/AstraZeneca, Pfizer/BioNTech",5902901,5552425,11455326
2021-08-23,"Indie/AstraZeneca, Johnson&Johnson, Moderna, Oxford/AstraZeneca, Pfizer/BioNTech",5913442,5591727,11505169
2021-08-24,"Johnson&Johnson, Moderna, Oxford/AstraZeneca, Pfizer/BioNTech",5923327,5624994,11548321
2021-08-25,"Indie/AstraZeneca, Johnson&Johnson, Moderna, Oxford/AstraZeneca, Pfizer/BioNTech",5932207,5653393,11585600
2021-08-26,"Johnson&Johnson, Moderna, Oxford/AstraZeneca, Pfizer/BioNTech",5940665,5679546,11620211
2021-08-27,"Johnson&Johnson, Moderna, Oxford/AstraZeneca, Pfizer/BioNTech",5950997,5705555,11656552
2021-08-28,"Johnson&Johnson, Moderna, Oxford/AstraZeneca, Pfizer/BioNTech",5953743,5712641,11666384
2021-08-29,"Johnson&Johnson, Moderna, Oxford/AstraZeneca, Pfizer/BioNTech",5956162,5719274,11675436
2021-08-30,"Johnson&Johnson, Moderna, Oxford/AstraZeneca, Pfizer/BioNTech",5964694,5741174,11705868
2021-08-31,"Indie/AstraZeneca, Johnson&Johnson, Moderna, Oxford/AstraZeneca, Pfizer/BioNTech",5972387,5759309,11731696
2021-09-01,"Johnson&Johnson, Moderna, Oxford/AstraZeneca, Pfizer/BioNTech",5978305,5773339,11751644
2021-09-02,"Johnson&Johnson, Moderna, Oxford/AstraZeneca, Pfizer/BioNTech",5985150,5787749,11772899
2021-09-03,"Johnson&Johnson, Moderna, Oxford/AstraZeneca, Pfizer/BioNTech",5994714,5803500,11798214
2021-09-04,"Johnson&Johnson, Moderna, Oxford/AstraZeneca, Pfizer/BioNTech",5996794,5807073,11803867
2021-09-05,"Johnson&Johnson, Moderna, Oxford/AstraZeneca, Pfizer/BioNTech",5998843,5809926,11808769
2021-09-06,"Indie/AstraZeneca, Johnson&Johnson, Moderna, Oxford/AstraZeneca, Pfizer/BioNTech",6005085,5822483,11827568
2021-09-07,"Johnson&Johnson, Moderna, Oxford/AstraZeneca, Pfizer/BioNTech",6009481,5833588,11843069
2021-09-08,"Johnson&Johnson, Moderna, Oxford/AstraZeneca, Pfizer/BioNTech",6015164,5843464,11858628
2021-09-09,"Johnson&Johnson, Moderna, Oxford/AstraZeneca, Pfizer/BioNTech",6021870,5853546,11875416
2021-09-10,"Johnson&Johnson, Moderna, Oxford/AstraZeneca, Pfizer/BioNTech",6029577,5865742,11895319
2021-09-11,"Johnson&Johnson, Moderna, Oxford/AstraZeneca, Pfizer/BioNTech",6031455,5868242,11899697
2021-09-12,"Johnson&Johnson, Moderna, Oxford/AstraZeneca, Pfizer/BioNTech",6032575,5869880,11902455
2021-09-13,"Johnson&Johnson, Moderna, Oxford/AstraZeneca, Pfizer/BioNTech",6038021,5880199,11918220
2021-09-14,"Johnson&Johnson, Moderna, Oxford/AstraZeneca, Pfizer/BioNTech",6043427,5889226,11932653
2021-09-15,"Johnson&Johnson, Moderna, Oxford/AstraZeneca, Pfizer/BioNTech",6048643,5897763,11946406
2021-09-16,"Johnson&Johnson, Moderna, Oxford/AstraZeneca, Pfizer/BioNTech",6054015,5906044,11960059
2021-09-17,"Johnson&Johnson, Moderna, Oxford/AstraZeneca, Pfizer/BioNTech",6060591,5916289,11976880
2021-09-18,"Johnson&Johnson, Moderna, Oxford/AstraZeneca, Pfizer/BioNTech",6062324,5918658,11980982
2021-09-19,"Johnson&Johnson, Moderna, Oxford/AstraZeneca, Pfizer/BioNTech",6063271,5920232,11983503
2021-09-20,"Johnson&Johnson, Moderna, Oxford/AstraZeneca, Pfizer/BioNTech",6067303,5928439,11995742
2021-09-21,"Johnson&Johnson, Moderna, Oxford/AstraZeneca, Pfizer/BioNTech",6071549,5935980,12007529
2021-09-22,"Johnson&Johnson, Moderna, Oxford/AstraZeneca, Pfizer/BioNTech",6075748,5941514,12017262
2021-09-23,"Johnson&Johnson, Moderna, Oxford/AstraZeneca, Pfizer/BioNTech",6080711,5947935,12028646
2021-09-24,"Johnson&Johnson, Moderna, Oxford/AstraZeneca, Pfizer/BioNTech",6086479,5957561,12044040
2021-09-25,"Johnson&Johnson, Moderna, Oxford/AstraZeneca, Pfizer/BioNTech",6087982,5959564,12047546
2021-09-26,"Johnson&Johnson, Moderna, Oxford/AstraZeneca, Pfizer/BioNTech",6088729,5961209,12049938
2021-09-27,"Johnson&Johnson, Moderna, Oxford/AstraZeneca, Pfizer/BioNTech",6092618,5967729,12060347
2021-09-28,"Johnson&Johnson, Moderna, Oxford/AstraZeneca, Pfizer/BioNTech",6092997,5968369,12061366
2021-09-29,"Johnson&Johnson, Moderna, Oxford/AstraZeneca, Pfizer/BioNTech",6096776,5975834,12072610
2021-09-30,"Johnson&Johnson, Moderna, Oxford/AstraZeneca, Pfizer/BioNTech",6101300,5983549,12084849
2021-10-01,"Johnson&Johnson, Moderna, Oxford/AstraZeneca, Pfizer/BioNTech",6105614,5991542,12097156
2021-10-02,"Johnson&Johnson, Moderna, Oxford/AstraZeneca, Pfizer/BioNTech",6106680,5993091,12099771
2021-10-03,"Johnson&Johnson, Moderna, Oxford/AstraZeneca, Pfizer/BioNTech",6107405,5993966,12101371
2021-10-04,"Johnson&Johnson, Moderna, Oxford/AstraZeneca, Pfizer/BioNTech",6110487,5999548,12110035
2021-10-05,"Johnson&Johnson, Moderna, Oxford/AstraZeneca, Pfizer/BioNTech",6113651,6004638,12118289
2021-10-06,"Johnson&Johnson, Moderna, Oxford/AstraZeneca, Pfizer/BioNTech",6117176,6009820,12126996
2021-10-07,"Johnson&Johnson, Moderna, Oxford/AstraZeneca, Pfizer/BioNTech",6120462,6015083,12135545
2021-10-08,"Johnson&Johnson, Moderna, Oxford/AstraZeneca, Pfizer/BioNTech",6125261,6021733,12146994
2021-10-09,"Johnson&Johnson, Moderna, Oxford/AstraZeneca, Pfizer/BioNTech",6126505,6023402,12149907
2021-10-10,"Johnson&Johnson, Moderna, Oxford/AstraZeneca, Pfizer/BioNTech",6127453,6024240,12151693
2021-10-11,"Johnson&Johnson, Moderna, Oxford/AstraZeneca, Pfizer/BioNTech",6130383,6028665,12159048
2021-10-12,"Johnson&Johnson, Moderna, Oxford/AstraZeneca, Pfizer/BioNTech",6133325,6032670,12165995
2021-10-13,"Johnson&Johnson, Moderna, Oxford/AstraZeneca, Pfizer/BioNTech",6136859,6036867,12173726
2021-10-14,"Johnson&Johnson, Moderna, Oxford/AstraZeneca, Pfizer/BioNTech",6140534,6041819,12182353
2021-10-15,"Johnson&Johnson, Moderna, Oxford/AstraZeneca, Pfizer/BioNTech",6145769,6047972,12193741
2021-10-16,"Johnson&Johnson, Moderna, Oxford/AstraZeneca, Pfizer/BioNTech",6147185,6049505,12196690
2021-10-17,"Johnson&Johnson, Moderna, Pfizer/BioNTech",6148511,6050562,12199073
2021-10-18,"Johnson&Johnson, Moderna, Oxford/AstraZeneca, Pfizer/BioNTech",6152625,6054671,12207296
2021-10-19,"Johnson&Johnson, Moderna, Oxford/AstraZeneca, Pfizer/BioNTech",6156207,6056777,12212984
2021-10-20,"Johnson&Johnson, Moderna, Oxford/AstraZeneca, Pfizer/BioNTech",6161099,6061242,12222341
2021-10-21,"Johnson&Johnson, Moderna, Oxford/AstraZeneca, Pfizer/BioNTech",6168871,6066855,12235726
2021-10-22,"Johnson&Johnson, Moderna, Oxford/AstraZeneca, Pfizer/BioNTech",6179331,6073360,12252691
2021-10-23,"Johnson&Johnson, Moderna, Oxford/AstraZeneca, Pfizer/BioNTech",6183013,6075573,12258586
2021-10-24,"Johnson&Johnson, Moderna, Oxford/AstraZeneca, Pfizer/BioNTech",6185701,6077353,12263054
2021-10-25,"Johnson&Johnson, Moderna, Oxford/AstraZeneca, Pfizer/BioNTech",6196214,6083174,12279388
2021-10-26,"Johnson&Johnson, Moderna, Oxford/AstraZeneca, Pfizer/BioNTech",6208211,6089728,12297939
2021-10-27,"Johnson&Johnson, Moderna, Oxford/AstraZeneca, Pfizer/BioNTech, Čína",6222824,6097146,12319970
2021-10-28,"Johnson&Johnson, Moderna, Oxford/AstraZeneca, Pfizer/BioNTech",6226255,6098835,12325090
2021-10-29,"Johnson&Johnson, Moderna, Oxford/AstraZeneca, Pfizer/BioNTech",6240698,6106826,12347524
2021-10-30,"Johnson&Johnson, Moderna, Oxford/AstraZeneca, Pfizer/BioNTech",6245229,6109758,12354987
2021-10-31,"Johnson&Johnson, Moderna, Oxford/AstraZeneca, Pfizer/BioNTech",6248991,6112233,12361224
2021-11-01,"Johnson&Johnson, Moderna, Oxford/AstraZeneca, Pfizer/BioNTech",6264188,6119914,12384102
2021-11-02,"Johnson&Johnson, Moderna, Oxford/AstraZeneca, Pfizer/BioNTech",6279640,6127476,12407116
2021-11-03,"Johnson&Johnson, Moderna, Oxford/AstraZeneca, Pfizer/BioNTech",6296823,6134769,12431592
2021-11-04,"Johnson&Johnson, Moderna, Oxford/AstraZeneca, Pfizer/BioNTech",6315171,6142947,12458118
2021-11-05,"Johnson&Johnson, Moderna, Oxford/AstraZeneca, Pfizer/BioNTech",6337975,6154238,12492213
2021-11-06,"Johnson&Johnson, Moderna, Oxford/AstraZeneca, Pfizer/BioNTech",6344495,6157298,12501793
2021-11-07,"Johnson&Johnson, Moderna, Oxford/AstraZeneca, Pfizer/BioNTech",6348521,6159734,12508255
2021-11-08,"Johnson&Johnson, Moderna, Oxford/AstraZeneca, Pfizer/BioNTech",6364787,6167364,12532151
2021-11-09,"Johnson&Johnson, Moderna, Oxford/AstraZeneca, Pfizer/BioNTech",6379599,6174665,12554264
2021-11-10,"Johnson&Johnson, Moderna, Oxford/AstraZeneca, Pfizer/BioNTech",6395337,6182053,12577390
2021-11-11,"Johnson&Johnson, Moderna, Oxford/AstraZeneca, Pfizer/BioNTech, Čína",6410814,6191164,12601978
2021-11-12,"Johnson&Johnson, Moderna, Oxford/AstraZeneca, Pfizer/BioNTech",6430620,6203967,12634587
2021-11-13,"Johnson&Johnson, Moderna, Oxford/AstraZeneca, Pfizer/BioNTech",6436015,6207846,12643861
2021-11-14,"Johnson&Johnson, Moderna, Oxford/AstraZeneca, Pfizer/BioNTech",6439914,6210856,12650770
2021-11-15,"Johnson&Johnson, Moderna, Oxford/AstraZeneca, Pfizer/BioNTech",6455003,6221565,12676568
2021-11-16,"Johnson&Johnson, Moderna, Oxford/AstraZeneca, Pfizer/BioNTech",6472534,6233543,12706077
2021-11-17,"Johnson&Johnson, Moderna, Oxford/AstraZeneca, Pfizer/BioNTech",6476777,6237113,12713890
2021-11-18,"Johnson&Johnson, Moderna, Oxford/AstraZeneca, Pfizer/BioNTech",6496192,6248807,12744999
2021-11-19,"Johnson&Johnson, Moderna, Oxford/AstraZeneca, Pfizer/BioNTech",6520802,6265785,12786587
2021-11-20,"Johnson&Johnson, Moderna, Oxford/AstraZeneca, Pfizer/BioNTech",6529378,6270772,12800150
2021-11-21,"Johnson&Johnson, Moderna, Oxford/AstraZeneca, Pfizer/BioNTech",6536146,6274548,12810694
2021-11-22,"Johnson&Johnson, Moderna, Oxford/AstraZeneca, Pfizer/BioNTech",6554655,6288663,12843318
2021-11-23,"Johnson&Johnson, Moderna, Oxford/AstraZeneca, Pfizer/BioNTech",6573724,6301930,12875654
2021-11-24,"Johnson&Johnson, Moderna, Oxford/AstraZeneca, Pfizer/BioNTech",6592738,6317782,12910520
2021-11-25,"Johnson&Johnson, Moderna, Oxford/AstraZeneca, Pfizer/BioNTech",6611881,6332828,12944709
2021-11-26,"Johnson&Johnson, Moderna, Oxford/AstraZeneca, Pfizer/BioNTech",6633539,6351969,12985508
2021-11-27,"Johnson&Johnson, Moderna, Oxford/AstraZeneca, Pfizer/BioNTech",6641010,6357525,12998535
2021-11-28,"Johnson&Johnson, Moderna, Oxford/AstraZeneca, Pfizer/BioNTech",6644343,6360665,13005008
2021-11-29,"Johnson&Johnson, Moderna, Oxford/AstraZeneca, Pfizer/BioNTech",6659552,6374329,13033881
2021-11-30,"Johnson&Johnson, Moderna, Oxford/AstraZeneca, Pfizer/BioNTech",6672753,6385560,13058313
2021-12-01,"Johnson&Johnson, Moderna, Oxford/AstraZeneca, Pfizer/BioNTech",6686792,6398020,13084812
2021-12-02,"Johnson&Johnson, Moderna, Oxford/AstraZeneca, Pfizer/BioNTech",6697435,6410516,13107951
2021-12-03,"Johnson&Johnson, Moderna, Oxford/AstraZeneca, Pfizer/BioNTech",6707074,6426098,13133172
2021-12-04,"Johnson&Johnson, Moderna, Pfizer/BioNTech",6709631,6430056,13139687
2021-12-05,"Johnson&Johnson, Moderna, Oxford/AstraZeneca, Pfizer/BioNTech",6710992,6432401,13143393
2021-12-06,"Johnson&Johnson, Moderna, Oxford/AstraZeneca, Pfizer/BioNTech",6719141,6443928,13163069
2021-12-07,"Johnson&Johnson, Moderna, Oxford/AstraZeneca, Pfizer/BioNTech",6727031,6455940,13182971
2021-12-08,"Johnson&Johnson, Moderna, Oxford/AstraZeneca, Pfizer/BioNTech",6735277,6461869,13197146
2021-12-09,"Johnson&Johnson, Moderna, Oxford/AstraZeneca, Pfizer/BioNTech",6742399,6474693,13217092
2021-12-10,"Johnson&Johnson, Moderna, Oxford/AstraZeneca, Pfizer/BioNTech",6749329,6492500,13241829
2021-12-11,"Johnson&Johnson, Moderna, Oxford/AstraZeneca, Pfizer/BioNTech",6750984,6497767,13248751
2021-12-12,"Johnson&Johnson, Moderna, Oxford/AstraZeneca, Pfizer/BioNTech",6752295,6502204,13254499
2021-12-13,"Johnson&Johnson, Moderna, Oxford/AstraZeneca, Pfizer/BioNTech",6758650,6515516,13274166
2021-12-14,"Johnson&Johnson, Moderna, Oxford/AstraZeneca, Pfizer/BioNTech",6764861,6529188,13294049
2021-12-15,"Johnson&Johnson, Moderna, Oxford/AstraZeneca, Pfizer/BioNTech",6771068,6542787,13313855
2021-12-16,"Johnson&Johnson, Moderna, Oxford/AstraZeneca, Pfizer/BioNTech",6778011,6557622,13335633
2021-12-17,"Johnson&Johnson, Moderna, Oxford/AstraZeneca, Pfizer/BioNTech",6786375,6574891,13361266
2021-12-18,"Johnson&Johnson, Moderna, Oxford/AstraZeneca, Pfizer/BioNTech",6788986,6580346,13369332
2021-12-19,"Johnson&Johnson, Moderna, Pfizer/BioNTech",6790758,6582850,13373608
2021-12-20,"Johnson&Johnson, Moderna, Oxford/AstraZeneca, Pfizer/BioNTech",6796609,6596913,13393522
2021-12-21,"Johnson&Johnson, Moderna, Oxford/AstraZeneca, Pfizer/BioNTech",6803272,6608915,13412187
2021-12-22,"Johnson&Johnson, Moderna, Oxford/AstraZeneca, Pfizer/BioNTech",6808318,6621973,13430291
2021-12-23,"Johnson&Johnson, Moderna, Oxford/AstraZeneca, Pfizer/BioNTech",6811192,6627577,13438769
2021-12-24,"Johnson&Johnson, Moderna, Oxford/AstraZeneca, Pfizer/BioNTech",6811238,6627681,13438919
2021-12-25,"Moderna, Pfizer/BioNTech",6811239,6627689,13438928
2021-12-26,"Moderna, Pfizer/BioNTech",6811341,6627892,13439233
2021-12-27,"Johnson&Johnson, Moderna, Pfizer/BioNTech",6815209,6637639,13452848
2021-12-28,"Johnson&Johnson, Moderna, Oxford/AstraZeneca, Pfizer/BioNTech",6820449,6645635,13466084
2021-12-29,"Johnson&Johnson, Moderna, Oxford/AstraZeneca, Pfizer/BioNTech",6824731,6653356,13478087
2021-12-30,"Johnson&Johnson, Moderna, Pfizer/BioNTech",6829032,6658789,13487821
2021-12-31,"Johnson&Johnson, Moderna, Pfizer/BioNTech",6829543,6660214,13489757
2022-01-01,"Moderna, Pfizer/BioNTech",6829549,6660232,13489781
2022-01-02,"Johnson&Johnson, Moderna, Pfizer/BioNTech",6830405,6661609,13492014
2022-01-03,"Johnson&Johnson, Moderna, Oxford/AstraZeneca, Pfizer/BioNTech",6834541,6670518,13505059
2022-01-04,"Johnson&Johnson, Moderna, Oxford/AstraZeneca, Pfizer/BioNTech",6839624,6678275,13517899
2022-01-05,"Johnson&Johnson, Moderna, Oxford/AstraZeneca, Pfizer/BioNTech",6845446,6686248,13531694
2022-01-06,"Johnson&Johnson, Moderna, Oxford/AstraZeneca, Pfizer/BioNTech",6852032,6694649,13546681
2022-01-07,"Johnson&Johnson, Moderna, Oxford/AstraZeneca, Pfizer/BioNTech",6859907,6705006,13564913
2022-01-08,"Johnson&Johnson, Moderna, Oxford/AstraZeneca, Pfizer/BioNTech",6862386,6707784,13570170
2022-01-09,"Johnson&Johnson, Moderna, Pfizer/BioNTech",6863469,6709479,13572948
2022-01-10,"Johnson&Johnson, Moderna, Oxford/AstraZeneca, Pfizer/BioNTech",6867976,6715670,13583646
2022-01-11,"Johnson&Johnson, Moderna, Oxford/AstraZeneca, Pfizer/BioNTech",6873423,6722426,13595849
2022-01-12,"Johnson&Johnson, Moderna, Oxford/AstraZeneca, Pfizer/BioNTech",6879380,6728069,13607449
2022-01-13,"Johnson&Johnson, Moderna, Oxford/AstraZeneca, Pfizer/BioNTech",6885269,6732844,13618113
2022-01-14,"Johnson&Johnson, Moderna, Oxford/AstraZeneca, Pfizer/BioNTech",6891572,6736475,13628047
2022-01-15,"Johnson&Johnson, Moderna, Oxford/AstraZeneca, Pfizer/BioNTech",6892848,6737131,13629979
2022-01-16,"Johnson&Johnson, Moderna, Oxford/AstraZeneca, Pfizer/BioNTech",6893538,6737568,13631106
2022-01-17,"Johnson&Johnson, Moderna, Oxford/AstraZeneca, Pfizer/BioNTech",6897093,6741524,13638617
2022-01-18,"Johnson&Johnson, Moderna, Oxford/AstraZeneca, Pfizer/BioNTech",6900942,6746475,13647417
2022-01-19,"Johnson&Johnson, Moderna, Oxford/AstraZeneca, Pfizer/BioNTech",6905011,6750407,13655418
2022-01-20,"Johnson&Johnson, Moderna, Oxford/AstraZeneca, Pfizer/BioNTech",6908603,6754863,13663466
2022-01-21,"Johnson&Johnson, Moderna, Oxford/AstraZeneca, Pfizer/BioNTech",6912601,6757391,13669992
2022-01-22,"Johnson&Johnson, Moderna, Pfizer/BioNTech",6913380,6757832,13671212
2022-01-23,"Johnson&Johnson, Moderna, Pfizer/BioNTech",6913941,6758466,13672407
2022-01-24,"Johnson&Johnson, Moderna, Oxford/AstraZeneca, Pfizer/BioNTech",6916213,6761901,13678114
2022-01-25,"Johnson&Johnson, Moderna, Oxford/AstraZeneca, Pfizer/BioNTech",6918569,6765895,13684464
2022-01-26,"Johnson&Johnson, Moderna, Oxford/AstraZeneca, Pfizer/BioNTech",6920954,6770463,13691417
2022-01-27,"Johnson&Johnson, Moderna, Oxford/AstraZeneca, Pfizer/BioNTech",6923275,6775275,13698550
2022-01-28,"Johnson&Johnson, Moderna, Oxford/AstraZeneca, Pfizer/BioNTech",6926192,6781437,13707629
2022-01-29,"Johnson&Johnson, Moderna, Oxford/AstraZeneca, Pfizer/BioNTech",6926794,6783088,13709882
2022-01-30,"Johnson&Johnson, Moderna, Pfizer/BioNTech",6927021,6783870,13710891
2022-01-31,"Johnson&Johnson, Moderna, Pfizer/BioNTech",6928562,6787795,13716357
2022-02-01,"Johnson&Johnson, Moderna, Pfizer/BioNTech",6930157,6791827,13721984
2022-02-02,"Johnson&Johnson, Moderna, Oxford/AstraZeneca, Pfizer/BioNTech",6931723,6796336,13728059
2022-02-03,"Johnson&Johnson, Moderna, Pfizer/BioNTech",6933103,6800821,13733924
2022-02-04,"Johnson&Johnson, Moderna, Pfizer/BioNTech",6934704,6805936,13740640
2022-02-05,"Johnson&Johnson, Moderna, Pfizer/BioNTech",6934877,6806546,13741423
2022-02-06,"Johnson&Johnson, Moderna, Pfizer/BioNTech",6934973,6806865,13741838
2022-02-07,"Johnson&Johnson, Moderna, Pfizer/BioNTech",6935676,6810074,13745750
2022-02-08,"Johnson&Johnson, Moderna, Pfizer/BioNTech",6936471,6813263,13749734
2022-02-09,"Johnson&Johnson, Moderna, Pfizer/BioNTech",6937294,6816637,13753931
2022-02-10,"Johnson&Johnson, Moderna, Pfizer/BioNTech",6938096,6819763,13757859
2022-02-11,"Johnson&Johnson, Moderna, Pfizer/BioNTech",6939050,6823678,13762728
2022-02-12,"Johnson&Johnson, Moderna, Pfizer/BioNTech",6939160,6824097,13763257
2022-02-13,"Johnson&Johnson, Moderna, Pfizer/BioNTech",6939197,6824535,13763732
2022-02-14,"Johnson&Johnson, Moderna, Pfizer/BioNTech",6939655,6826646,13766301
2022-02-15,"Johnson&Johnson, Moderna, Pfizer/BioNTech",6940208,6828856,13769064
2022-02-16,"Johnson&Johnson, Moderna, Pfizer/BioNTech",6940799,6830955,13771754
2022-02-17,"Johnson&Johnson, Moderna, Pfizer/BioNTech",6941393,6833297,13774690
2022-02-18,"Johnson&Johnson, Moderna, Oxford/AstraZeneca, Pfizer/BioNTech",6942035,6836350,13778385
2022-02-19,"Johnson&Johnson, Moderna, Pfizer/BioNTech",6942114,6836631,13778745
2022-02-20,"Johnson&Johnson, Moderna, Oxford/AstraZeneca, Pfizer/BioNTech",6942151,6836780,13778931
2022-02-21,"Johnson&Johnson, Moderna, Pfizer/BioNTech",6942515,6838479,13780994
2022-02-22,"Johnson&Johnson, Moderna, Oxford/AstraZeneca, Pfizer/BioNTech",6942907,6840176,13783083
2022-02-23,"Johnson&Johnson, Moderna, Pfizer/BioNTech",6943363,6841819,13785182
2022-02-24,"Johnson&Johnson, Moderna, Pfizer/BioNTech",6943771,6843450,13787221
2022-02-25,"Johnson&Johnson, Moderna, Pfizer/BioNTech",6944354,6845534,13789888
2022-02-26,"Johnson&Johnson, Moderna, Pfizer/BioNTech",6944415,6845695,13790110
2022-02-27,"Johnson&Johnson, Moderna, Pfizer/BioNTech",6944445,6845771,13790216
2022-02-28,"Johnson&Johnson, Moderna, Pfizer/BioNTech",6944691,6846747,13791438
2022-03-01,"Johnson&Johnson, Moderna, Pfizer/BioNTech",6944996,6847531,13792527
2022-03-02,"Johnson&Johnson, Moderna, Novavax, Pfizer/BioNTech",6945369,6848438,13793807
2022-03-03,"Johnson&Johnson, Moderna, Novavax, Pfizer/BioNTech",6945706,6849381,13795087
2022-03-04,"Johnson&Johnson, Moderna, Novavax, Pfizer/BioNTech",6946336,6850602,13796938
2022-03-05,"Johnson&Johnson, Moderna, Novavax, Pfizer/BioNTech",6946417,6850695,13797112
2022-03-06,"Moderna, Novavax, Pfizer/BioNTech",6946430,6850713,13797143
2022-03-07,"Johnson&Johnson, Moderna, Novavax, Pfizer/BioNTech",6946766,6851271,13798037
2022-03-08,"Johnson&Johnson, Moderna, Novavax, Pfizer/BioNTech",6947101,6851813,13798914
2022-03-09,"Johnson&Johnson, Moderna, Novavax, Pfizer/BioNTech",6947490,6852402,13799892
2022-03-10,"Johnson&Johnson, Moderna, Novavax, Pfizer/BioNTech",6947902,6853073,13800975
2022-03-11,"Johnson&Johnson, Moderna, Novavax, Pfizer/BioNTech",6948651,6853983,13802634
2022-03-12,"Johnson&Johnson, Moderna, Novavax, Pfizer/BioNTech",6948719,6854088,13802807
2022-03-13,"Johnson&Johnson, Moderna, Novavax, Pfizer/BioNTech",6948732,6854106,13802838
2022-03-14,"Johnson&Johnson, Moderna, Novavax, Pfizer/BioNTech",6948999,6854488,13803487
2022-03-15,"Johnson&Johnson, Moderna, Novavax, Pfizer/BioNTech",6949283,6854924,13804207
2022-03-16,"Johnson&Johnson, Moderna, Novavax, Pfizer/BioNTech",6949601,6855467,13805068
2022-03-17,"Johnson&Johnson, Moderna, Novavax, Oxford/AstraZeneca, Pfizer/BioNTech",6949897,6855900,13805797
2022-03-18,"Johnson&Johnson, Moderna, Novavax, Pfizer/BioNTech",6950595,6856695,13807290
2022-03-19,"Moderna, Novavax, Pfizer/BioNTech",6950651,6856740,13807391
2022-03-20,"Moderna, Novavax, Pfizer/BioNTech",6950669,6856752,13807421
2022-03-21,"Johnson&Johnson, Moderna, Novavax, Pfizer/BioNTech",6950857,6857079,13807936
2022-03-22,"Johnson&Johnson, Moderna, Novavax, Pfizer/BioNTech",6951098,6857475,13808573
2022-03-23,"Johnson&Johnson, Moderna, Novavax, Pfizer/BioNTech",6951435,6857913,13809348
2022-03-24,"Johnson&Johnson, Moderna, Novavax, Pfizer/BioNTech",6951746,6858386,13810132
2022-03-25,"Johnson&Johnson, Moderna, Novavax, Pfizer/BioNTech",6952241,6859191,13811432
2022-03-26,"Johnson&Johnson, Moderna, Novavax, Pfizer/BioNTech",6952293,6859269,13811562
2022-03-27,"Moderna, Novavax, Pfizer/BioNTech",6952309,6859286,13811595
2022-03-28,"Johnson&Johnson, Moderna, Novavax, Pfizer/BioNTech",6952464,6859665,13812129
2022-03-29,"Johnson&Johnson, Moderna, Novavax, Pfizer/BioNTech",6952726,6860071,13812797
2022-03-30,"Johnson&Johnson, Moderna, Novavax, Pfizer/BioNTech",6953031,6860564,13813595
2022-03-31,"Johnson&Johnson, Moderna, Novavax, Pfizer/BioNTech",6953329,6861056,13814385
2022-04-01,"Johnson&Johnson, Moderna, Novavax, Pfizer/BioNTech",6953940,6861816,13815756
2022-04-02,"Moderna, Novavax, Pfizer/BioNTech",6953995,6861900,13815895
2022-04-03,"Moderna, Novavax, Pfizer/BioNTech",6954008,6861929,13815937
2022-04-04,"Johnson&Johnson, Moderna, Novavax, Pfizer/BioNTech",6954185,6862210,13816395
2022-04-05,"Johnson&Johnson, Moderna, Novavax, Pfizer/BioNTech",6954376,6862446,13816822
2022-04-06,"Johnson&Johnson, Moderna, Novavax, Pfizer/BioNTech",6954593,6862792,13817385
2022-04-07,"Johnson&Johnson, Moderna, Novavax, Pfizer/BioNTech",6954816,6863210,13818026
2022-04-08,"Johnson&Johnson, Moderna, Novavax, Pfizer/BioNTech",6955270,6863933,13819203
2022-04-09,"Johnson&Johnson, Moderna, Novavax, Pfizer/BioNTech",6955329,6864005,13819334
2022-04-10,"Moderna, Novavax, Pfizer/BioNTech",6955341,6864014,13819355
2022-04-11,"Johnson&Johnson, Moderna, Novavax, Pfizer/BioNTech",6955503,6864245,13819748
2022-04-12,"Johnson&Johnson, Moderna, Novavax, Pfizer/BioNTech",6955750,6864543,13820293
2022-04-13,"Johnson&Johnson, Moderna, Novavax, Pfizer/BioNTech",6955991,6864897,13820888
2022-04-14,"Johnson&Johnson, Moderna, Novavax, Pfizer/BioNTech",6956253,6865282,13821535
2022-04-15,"Moderna, Novavax, Pfizer/BioNTech",6956269,6865310,13821579
2022-04-16,"Johnson&Johnson, Moderna, Novavax, Pfizer/BioNTech",6956289,6865344,13821633
2022-04-17,"Moderna, Novavax, Pfizer/BioNTech",6956290,6865345,13821635
2022-04-18,"Moderna, Novavax, Pfizer/BioNTech",6956304,6865362,13821666
2022-04-19,"Johnson&Johnson, Moderna, Novavax, Pfizer/BioNTech",6956443,6865700,13822143
2022-04-20,"Johnson&Johnson, Moderna, Novavax, Pfizer/BioNTech",6956666,6866090,13822756
2022-04-21,"Johnson&Johnson, Moderna, Novavax, Pfizer/BioNTech",6956883,6866514,13823397
2022-04-22,"Johnson&Johnson, Moderna, Novavax, Pfizer/BioNTech",6957348,6867341,13824689
2022-04-23,"Moderna, Novavax, Pfizer/BioNTech",6957379,6867420,13824799
2022-04-24,"Moderna, Novavax, Pfizer/BioNTech",6957384,6867431,13824815
2022-04-25,"Johnson&Johnson, Moderna, Novavax, Pfizer/BioNTech",6957537,6867639,13825176
2022-04-26,"Johnson&Johnson, Moderna, Novavax, Pfizer/BioNTech",6957677,6867903,13825580
2022-04-27,"Johnson&Johnson, Moderna, Novavax, Pfizer/BioNTech",6957945,6868233,13826178
2022-04-28,"Johnson&Johnson, Moderna, Novavax, Pfizer/BioNTech",6958140,6868521,13826661
2022-04-29,"Johnson&Johnson, Moderna, Novavax, Pfizer/BioNTech",6958575,6869110,13827685
2022-04-30,"Moderna, Novavax, Pfizer/BioNTech",6958615,6869176,13827791
2022-05-01,"Moderna, Novavax, Oxford/AstraZeneca, Pfizer/BioNTech",6958620,6869185,13827805
2022-05-02,"Johnson&Johnson, Moderna, Novavax, Pfizer/BioNTech",6958744,6869366,13828110
2022-05-03,"Johnson&Johnson, Moderna, Novavax, Pfizer/BioNTech",6958899,6869622,13828521
2022-05-04,"Johnson&Johnson, Moderna, Novavax, Pfizer/BioNTech",6959104,6869897,13829001
2022-05-05,"Johnson&Johnson, Moderna, Novavax, Pfizer/BioNTech",6959311,6870187,13829498
2022-05-06,"Johnson&Johnson, Moderna, Novavax, Pfizer/BioNTech",6959683,6870529,13830212
2022-05-07,"Moderna, Novavax, Pfizer/BioNTech",6959710,6870555,13830265
2022-05-08,"Moderna, Pfizer/BioNTech",6959711,6870563,13830274
2022-05-09,"Johnson&Johnson, Moderna, Novavax, Pfizer/BioNTech",6959813,6870653,13830466
2022-05-10,"Johnson&Johnson, Moderna, Novavax, Pfizer/BioNTech",6959966,6870890,13830856
2022-05-11,"Johnson&Johnson, Moderna, Novavax, Oxford/AstraZeneca, Pfizer/BioNTech",6960187,6871156,13831343
2022-05-12,"Johnson&Johnson, Moderna, Novavax, Pfizer/BioNTech",6960386,6871432,13831818
2022-05-13,"Johnson&Johnson, Moderna, Novavax, Pfizer/BioNTech",6960728,6871929,13832657
2022-05-14,"Johnson&Johnson, Moderna, Novavax, Pfizer/BioNTech",6960769,6871969,13832738
2022-05-15,"Johnson&Johnson, Moderna, Novavax, Pfizer/BioNTech",6960782,6871980,13832762
2022-05-16,"Johnson&Johnson, Moderna, Novavax, Pfizer/BioNTech",6960884,6872100,13832984
2022-05-17,"Johnson&Johnson, Moderna, Novavax, Pfizer/BioNTech",6961025,6872255,13833280
2022-05-18,"Johnson&Johnson, Moderna, Novavax, Pfizer/BioNTech",6961252,6872586,13833838
2022-05-19,"Johnson&Johnson, Moderna, Novavax, Pfizer/BioNTech",6961440,6872837,13834277
2022-05-20,"Johnson&Johnson, Moderna, Novavax, Pfizer/BioNTech",6961735,6873386,13835121
2022-05-21,"Johnson&Johnson, Moderna, Novavax, Pfizer/BioNTech",6961774,6873415,13835189
2022-05-22,"Moderna, Pfizer/BioNTech",6961782,6873421,13835203
2022-05-23,"Johnson&Johnson, Moderna, Novavax, Pfizer/BioNTech",6961903,6873576,13835479
2022-05-24,"Johnson&Johnson, Moderna, Novavax, Pfizer/BioNTech",6962032,6873747,13835779
2022-05-25,"Johnson&Johnson, Moderna, Novavax, Oxford/AstraZeneca, Pfizer/BioNTech",6962200,6873996,13836196
2022-05-26,"Johnson&Johnson, Moderna, Novavax, Pfizer/BioNTech",6962354,6874221,13836575
2022-05-27,"Johnson&Johnson, Moderna, Novavax, Pfizer/BioNTech",6962620,6874688,13837308
2022-05-28,"Moderna, Novavax, Pfizer/BioNTech",6962657,6874737,13837394
2022-05-29,"Moderna, Novavax, Pfizer/BioNTech",6962666,6874741,13837407
2022-05-30,"Johnson&Johnson, Moderna, Novavax, Pfizer/BioNTech",6962745,6874895,13837640
2022-05-31,"Johnson&Johnson, Moderna, Novavax, Pfizer/BioNTech",6962890,6875091,13837981
2022-06-01,"Johnson&Johnson, Moderna, Novavax, Pfizer/BioNTech",6963007,6875320,13838327
2022-06-02,"Moderna, Novavax, Pfizer/BioNTech",6963141,6875551,13838692
2022-06-03,"Johnson&Johnson, Moderna, Novavax, Pfizer/BioNTech",6963395,6876007,13839402
2022-06-04,"Johnson&Johnson, Moderna, Novavax, Pfizer/BioNTech",6963428,6876047,13839475
2022-06-05,"Moderna, Novavax, Pfizer/BioNTech",6963435,6876053,13839488
2022-06-06,"Johnson&Johnson, Moderna, Novavax, Pfizer/BioNTech",6963517,6876189,13839706
2022-06-07,"Johnson&Johnson, Moderna, Novavax, Pfizer/BioNTech",6963604,6876340,13839944
2022-06-08,"Johnson&Johnson, Moderna, Novavax, Pfizer/BioNTech",6963735,6876586,13840321
2022-06-09,"Johnson&Johnson, Moderna, Novavax, Pfizer/BioNTech",6963822,6876767,13840589
