date,vaccine,people_vaccinated,people_fully_vaccinated,total_vaccinations
2020-12-27,Pfizer/BioNTech,1288,0,1288
2020-12-28,Pfizer/BioNTech,3591,0,3591
2020-12-29,Pfizer/BioNTech,7063,1,7064
2020-12-30,Pfizer/BioNTech,10580,1,10581
2020-12-31,Pfizer/BioNTech,11891,1,11892
2021-01-01,"Moderna, Pfizer/BioNTech",12160,1,12161
2021-01-02,"Moderna, Pfizer/BioNTech",13443,2,13445
2021-01-03,"Moderna, Pfizer/BioNTech",14370,2,14372
2021-01-04,"Moderna, Pfizer/BioNTech",17981,2,17983
2021-01-05,"Moderna, Pfizer/BioNTech",22507,3,22510
2021-01-06,"Moderna, Pfizer/BioNTech",28353,4,28357
2021-01-07,"Moderna, Pfizer/BioNTech",36351,4,36355
2021-01-08,"Moderna, Pfizer/BioNTech",46403,5,46408
2021-01-09,"Moderna, Pfizer/BioNTech",48430,7,48437
2021-01-10,Pfizer/BioNTech,50201,9,50210
2021-01-11,"Moderna, Pfizer/BioNTech",60058,11,60069
2021-01-12,"Moderna, Pfizer/BioNTech",73514,13,73527
2021-01-13,"Moderna, Pfizer/BioNTech",87060,13,87073
2021-01-14,"Moderna, Pfizer/BioNTech",102313,17,102330
2021-01-15,"Moderna, Pfizer/BioNTech",116335,18,116353
2021-01-16,"Moderna, Pfizer/BioNTech",119739,22,119761
2021-01-17,"Moderna, Pfizer/BioNTech",122360,658,123018
2021-01-18,"Moderna, Pfizer/BioNTech",134854,2485,137339
2021-01-19,"Moderna, Pfizer/BioNTech",147467,5214,152681
2021-01-20,"Moderna, Pfizer/BioNTech",161165,7878,169043
2021-01-21,"Moderna, Pfizer/BioNTech",176820,9620,186440
2021-01-22,"Moderna, Pfizer/BioNTech",191714,10664,202378
2021-01-23,"Moderna, Pfizer/BioNTech",195033,11542,206575
2021-01-24,"Moderna, Pfizer/BioNTech",197289,12413,209702
2021-01-25,"Moderna, Pfizer/BioNTech",206944,15385,222329
2021-01-26,"Moderna, Pfizer/BioNTech",217491,19377,236868
2021-01-27,"Moderna, Pfizer/BioNTech",226523,23912,250435
2021-01-28,"Moderna, Pfizer/BioNTech",233629,30044,263673
2021-01-29,"Moderna, Pfizer/BioNTech",239844,37952,277796
2021-01-30,"Moderna, Pfizer/BioNTech",240585,39040,279625
2021-01-31,"Moderna, Pfizer/BioNTech",241303,40222,281525
2021-02-01,"Moderna, Pfizer/BioNTech",245286,48192,293478
2021-02-02,"Moderna, Pfizer/BioNTech",249439,58432,307871
2021-02-03,"Moderna, Pfizer/BioNTech",253866,69453,323319
2021-02-04,"Moderna, Pfizer/BioNTech",258774,82447,341221
2021-02-05,"Moderna, Pfizer/BioNTech",264250,93123,357373
2021-02-06,"Moderna, Oxford/AstraZeneca, Pfizer/BioNTech",265109,95488,360597
2021-02-07,"Moderna, Oxford/AstraZeneca, Pfizer/BioNTech",265960,97988,363948
2021-02-08,"Moderna, Oxford/AstraZeneca, Pfizer/BioNTech",270055,109418,379473
2021-02-09,"Moderna, Oxford/AstraZeneca, Pfizer/BioNTech",275163,121334,396497
2021-02-10,"Moderna, Oxford/AstraZeneca, Pfizer/BioNTech",280682,134595,415277
2021-02-11,"Moderna, Oxford/AstraZeneca, Pfizer/BioNTech",287025,150815,437840
2021-02-12,"Moderna, Oxford/AstraZeneca, Pfizer/BioNTech",293855,165564,459419
2021-02-13,"Moderna, Oxford/AstraZeneca, Pfizer/BioNTech",295473,168552,464025
2021-02-14,"Moderna, Oxford/AstraZeneca, Pfizer/BioNTech",296479,169938,466417
2021-02-15,"Moderna, Oxford/AstraZeneca, Pfizer/BioNTech",302878,179309,482187
2021-02-16,"Moderna, Oxford/AstraZeneca, Pfizer/BioNTech",311599,188390,499989
2021-02-17,"Moderna, Oxford/AstraZeneca, Pfizer/BioNTech",321302,196701,518003
2021-02-18,"Moderna, Oxford/AstraZeneca, Pfizer/BioNTech",333632,204786,538418
2021-02-19,"Moderna, Oxford/AstraZeneca, Pfizer/BioNTech",345498,212162,557660
2021-02-20,"Moderna, Oxford/AstraZeneca, Pfizer/BioNTech",347508,213348,560856
2021-02-21,"Moderna, Oxford/AstraZeneca, Pfizer/BioNTech",348645,214374,563019
2021-02-22,"Moderna, Oxford/AstraZeneca, Pfizer/BioNTech",358772,220412,579184
2021-02-23,"Moderna, Oxford/AstraZeneca, Pfizer/BioNTech",371737,227403,599140
2021-02-24,"Moderna, Oxford/AstraZeneca, Pfizer/BioNTech",385622,233445,619067
2021-02-25,"Moderna, Oxford/AstraZeneca, Pfizer/BioNTech",403606,238997,642603
2021-02-26,"Moderna, Oxford/AstraZeneca, Pfizer/BioNTech",419789,244357,664146
2021-02-27,"Moderna, Oxford/AstraZeneca, Pfizer/BioNTech",422798,244917,667715
2021-02-28,"Moderna, Oxford/AstraZeneca, Pfizer/BioNTech",425156,245468,670624
2021-03-01,"Moderna, Oxford/AstraZeneca, Pfizer/BioNTech",444756,248918,693674
2021-03-02,"Moderna, Oxford/AstraZeneca, Pfizer/BioNTech",471984,252468,724452
2021-03-03,"Moderna, Oxford/AstraZeneca, Pfizer/BioNTech",502941,256979,759920
2021-03-04,"Moderna, Oxford/AstraZeneca, Pfizer/BioNTech",536227,261670,797897
2021-03-05,"Johnson&Johnson, Moderna, Oxford/AstraZeneca, Pfizer/BioNTech",565071,267099,832170
2021-03-06,"Johnson&Johnson, Moderna, Oxford/AstraZeneca, Pfizer/BioNTech",577231,267965,845196
2021-03-07,"Johnson&Johnson, Moderna, Oxford/AstraZeneca, Pfizer/BioNTech",588780,268808,857588
2021-03-08,"Johnson&Johnson, Moderna, Oxford/AstraZeneca, Pfizer/BioNTech",618531,273671,892202
2021-03-09,"Johnson&Johnson, Moderna, Oxford/AstraZeneca, Pfizer/BioNTech",654904,280059,934963
2021-03-10,"Johnson&Johnson, Moderna, Oxford/AstraZeneca, Pfizer/BioNTech",696239,287020,983259
2021-03-11,"Johnson&Johnson, Moderna, Oxford/AstraZeneca, Pfizer/BioNTech",741100,295396,1036496
2021-03-12,"Johnson&Johnson, Moderna, Oxford/AstraZeneca, Pfizer/BioNTech",779865,303896,1083761
2021-03-13,"Johnson&Johnson, Moderna, Oxford/AstraZeneca, Pfizer/BioNTech",796976,305211,1102187
2021-03-14,"Johnson&Johnson, Moderna, Oxford/AstraZeneca, Pfizer/BioNTech",809095,306367,1115462
2021-03-15,"Johnson&Johnson, Moderna, Oxford/AstraZeneca, Pfizer/BioNTech",837493,315149,1152642
2021-03-16,"Johnson&Johnson, Moderna, Oxford/AstraZeneca, Pfizer/BioNTech",876391,325686,1202077
2021-03-17,"Moderna, Oxford/AstraZeneca, Pfizer/BioNTech",913880,336201,1250081
2021-03-18,"Johnson&Johnson, Moderna, Oxford/AstraZeneca, Pfizer/BioNTech",951888,348627,1300515
2021-03-19,"Johnson&Johnson, Moderna, Oxford/AstraZeneca, Pfizer/BioNTech",986409,362242,1348651
2021-03-20,"Johnson&Johnson, Moderna, Oxford/AstraZeneca, Pfizer/BioNTech",1001593,364272,1365865
2021-03-21,"Johnson&Johnson, Moderna, Oxford/AstraZeneca, Pfizer/BioNTech",1009040,365832,1374872
2021-03-22,"Johnson&Johnson, Moderna, Oxford/AstraZeneca, Pfizer/BioNTech",1033619,378335,1411954
2021-03-23,"Johnson&Johnson, Moderna, Oxford/AstraZeneca, Pfizer/BioNTech",1060295,391701,1451996
2021-03-24,"Johnson&Johnson, Moderna, Oxford/AstraZeneca, Pfizer/BioNTech",1087190,407446,1494636
2021-03-25,"Johnson&Johnson, Moderna, Oxford/AstraZeneca, Pfizer/BioNTech",1113550,425302,1538852
2021-03-26,"Johnson&Johnson, Moderna, Oxford/AstraZeneca, Pfizer/BioNTech",1138393,442816,1581209
2021-03-27,"Johnson&Johnson, Moderna, Oxford/AstraZeneca, Pfizer/BioNTech",1146855,447662,1594517
2021-03-28,"Moderna, Oxford/AstraZeneca, Pfizer/BioNTech",1152403,451810,1604213
2021-03-29,"Johnson&Johnson, Moderna, Oxford/AstraZeneca, Pfizer/BioNTech",1171563,472548,1644111
2021-03-30,"Johnson&Johnson, Moderna, Oxford/AstraZeneca, Pfizer/BioNTech",1196274,494736,1691010
2021-03-31,"Johnson&Johnson, Moderna, Oxford/AstraZeneca, Pfizer/BioNTech",1219430,521805,1741235
2021-04-01,"Johnson&Johnson, Moderna, Oxford/AstraZeneca, Pfizer/BioNTech",1245117,553864,1798981
2021-04-02,"Johnson&Johnson, Moderna, Oxford/AstraZeneca, Pfizer/BioNTech",1252101,566662,1818763
2021-04-03,"Johnson&Johnson, Moderna, Oxford/AstraZeneca, Pfizer/BioNTech",1255753,577594,1833347
2021-04-04,"Johnson&Johnson, Moderna, Oxford/AstraZeneca, Pfizer/BioNTech",1258297,586518,1844815
2021-04-05,"Johnson&Johnson, Moderna, Oxford/AstraZeneca, Pfizer/BioNTech",1260730,593724,1854454
2021-04-06,"Johnson&Johnson, Moderna, Oxford/AstraZeneca, Pfizer/BioNTech",1276947,622999,1899946
2021-04-07,"Johnson&Johnson, Moderna, Oxford/AstraZeneca, Pfizer/BioNTech",1300452,645243,1945695
2021-04-08,"Johnson&Johnson, Moderna, Oxford/AstraZeneca, Pfizer/BioNTech",1339269,676292,2015561
2021-04-09,"Johnson&Johnson, Moderna, Oxford/AstraZeneca, Pfizer/BioNTech",1378868,706494,2085362
2021-04-10,"Johnson&Johnson, Moderna, Oxford/AstraZeneca, Pfizer/BioNTech",1394436,721807,2116243
2021-04-11,"Johnson&Johnson, Moderna, Oxford/AstraZeneca, Pfizer/BioNTech",1404231,731863,2136094
2021-04-12,"Johnson&Johnson, Moderna, Oxford/AstraZeneca, Pfizer/BioNTech",1442554,757009,2199563
2021-04-13,"Moderna, Oxford/AstraZeneca, Pfizer/BioNTech",1478861,783052,2261913
2021-04-14,"Moderna, Oxford/AstraZeneca, Pfizer/BioNTech",1517749,810429,2328178
2021-04-15,"Moderna, Oxford/AstraZeneca, Pfizer/BioNTech",1565585,836210,2401795
2021-04-16,"Moderna, Oxford/AstraZeneca, Pfizer/BioNTech",1610301,861893,2472194
2021-04-17,"Moderna, Oxford/AstraZeneca, Pfizer/BioNTech",1627027,870920,2497947
2021-04-18,"Moderna, Oxford/AstraZeneca, Pfizer/BioNTech",1640027,875906,2515933
2021-04-19,"Johnson&Johnson, Moderna, Oxford/AstraZeneca, Pfizer/BioNTech",1684001,891350,2575351
2021-04-20,"Johnson&Johnson, Moderna, Oxford/AstraZeneca, Pfizer/BioNTech",1726589,907239,2633828
2021-04-21,"Moderna, Oxford/AstraZeneca, Pfizer/BioNTech",1774357,921609,2695966
2021-04-22,"Johnson&Johnson, Moderna, Oxford/AstraZeneca, Pfizer/BioNTech",1828888,939009,2767897
2021-04-23,"Johnson&Johnson, Moderna, Oxford/AstraZeneca, Pfizer/BioNTech",1878903,951076,2829979
2021-04-24,"Johnson&Johnson, Moderna, Oxford/AstraZeneca, Pfizer/BioNTech",1896781,956343,2853124
2021-04-25,"Johnson&Johnson, Moderna, Oxford/AstraZeneca, Pfizer/BioNTech",1911495,960347,2871842
2021-04-26,"Johnson&Johnson, Moderna, Oxford/AstraZeneca, Pfizer/BioNTech",1961109,967918,2929027
2021-04-27,"Johnson&Johnson, Moderna, Oxford/AstraZeneca, Pfizer/BioNTech",2010098,980173,2990271
2021-04-28,"Johnson&Johnson, Moderna, Oxford/AstraZeneca, Pfizer/BioNTech",2068882,994199,3063081
2021-04-29,"Johnson&Johnson, Moderna, Oxford/AstraZeneca, Pfizer/BioNTech",2134502,1010120,3144622
2021-04-30,"Johnson&Johnson, Moderna, Oxford/AstraZeneca, Pfizer/BioNTech",2196798,1020117,3216915
2021-05-01,"Johnson&Johnson, Moderna, Oxford/AstraZeneca, Pfizer/BioNTech",2216189,1023583,3239772
2021-05-02,"Johnson&Johnson, Moderna, Oxford/AstraZeneca, Pfizer/BioNTech",2235143,1025874,3261017
2021-05-03,"Johnson&Johnson, Moderna, Oxford/AstraZeneca, Pfizer/BioNTech",2302424,1030959,3333383
2021-05-04,"Johnson&Johnson, Moderna, Oxford/AstraZeneca, Pfizer/BioNTech",2368988,1039331,3408319
2021-05-05,"Johnson&Johnson, Moderna, Oxford/AstraZeneca, Pfizer/BioNTech",2442202,1048780,3490982
2021-05-06,"Johnson&Johnson, Moderna, Oxford/AstraZeneca, Pfizer/BioNTech",2522651,1059532,3582183
2021-05-07,"Johnson&Johnson, Moderna, Oxford/AstraZeneca, Pfizer/BioNTech",2599984,1069679,3669663
2021-05-08,"Johnson&Johnson, Moderna, Oxford/AstraZeneca, Pfizer/BioNTech",2629526,1071473,3700999
2021-05-09,"Johnson&Johnson, Moderna, Oxford/AstraZeneca, Pfizer/BioNTech",2653767,1072698,3726465
2021-05-10,"Johnson&Johnson, Moderna, Oxford/AstraZeneca, Pfizer/BioNTech",2726571,1079946,3806517
2021-05-11,"Johnson&Johnson, Moderna, Oxford/AstraZeneca, Pfizer/BioNTech",2802727,1088779,3891506
2021-05-12,"Johnson&Johnson, Moderna, Oxford/AstraZeneca, Pfizer/BioNTech",2882679,1097927,3980606
2021-05-13,"Johnson&Johnson, Moderna, Oxford/AstraZeneca, Pfizer/BioNTech",2966738,1107123,4073861
2021-05-14,"Johnson&Johnson, Moderna, Oxford/AstraZeneca, Pfizer/BioNTech",3046293,1114954,4161247
2021-05-15,"Johnson&Johnson, Moderna, Oxford/AstraZeneca, Pfizer/BioNTech",3078261,1117241,4195502
2021-05-16,"Johnson&Johnson, Moderna, Oxford/AstraZeneca, Pfizer/BioNTech",3104076,1118528,4222604
2021-05-17,"Johnson&Johnson, Moderna, Oxford/AstraZeneca, Pfizer/BioNTech",3176618,1125287,4301905
2021-05-18,"Johnson&Johnson, Moderna, Oxford/AstraZeneca, Pfizer/BioNTech",3248615,1138411,4387026
2021-05-19,"Johnson&Johnson, Moderna, Oxford/AstraZeneca, Pfizer/BioNTech",3326115,1153586,4479701
2021-05-20,"Johnson&Johnson, Moderna, Oxford/AstraZeneca, Pfizer/BioNTech",3401615,1180657,4582272
2021-05-21,"Johnson&Johnson, Moderna, Oxford/AstraZeneca, Pfizer/BioNTech",3470473,1208466,4678939
2021-05-22,"Johnson&Johnson, Moderna, Oxford/AstraZeneca, Pfizer/BioNTech",3502945,1219709,4722654
2021-05-23,"Johnson&Johnson, Moderna, Oxford/AstraZeneca, Pfizer/BioNTech",3525396,1228752,4754148
2021-05-24,"Johnson&Johnson, Moderna, Oxford/AstraZeneca, Pfizer/BioNTech",3572615,1262434,4835049
2021-05-25,"Johnson&Johnson, Moderna, Oxford/AstraZeneca, Pfizer/BioNTech",3624537,1298285,4922822
2021-05-26,"Johnson&Johnson, Moderna, Oxford/AstraZeneca, Pfizer/BioNTech",3692306,1335850,5028156
2021-05-27,"Johnson&Johnson, Moderna, Oxford/AstraZeneca, Pfizer/BioNTech",3753741,1383218,5136959
2021-05-28,"Johnson&Johnson, Moderna, Oxford/AstraZeneca, Pfizer/BioNTech",3815498,1429836,5245334
2021-05-29,"Johnson&Johnson, Moderna, Oxford/AstraZeneca, Pfizer/BioNTech",3844771,1446983,5291754
2021-05-30,"Johnson&Johnson, Moderna, Oxford/AstraZeneca, Pfizer/BioNTech",3867186,1461456,5328642
2021-05-31,"Johnson&Johnson, Moderna, Oxford/AstraZeneca, Pfizer/BioNTech",3922933,1508991,5431924
2021-06-01,"Johnson&Johnson, Moderna, Oxford/AstraZeneca, Pfizer/BioNTech",3982053,1557885,5539938
2021-06-02,"Johnson&Johnson, Moderna, Oxford/AstraZeneca, Pfizer/BioNTech",4045036,1611927,5656963
2021-06-03,"Johnson&Johnson, Moderna, Oxford/AstraZeneca, Pfizer/BioNTech",4103301,1672180,5775481
2021-06-04,"Johnson&Johnson, Moderna, Oxford/AstraZeneca, Pfizer/BioNTech",4166448,1729617,5896065
2021-06-05,"Johnson&Johnson, Moderna, Oxford/AstraZeneca, Pfizer/BioNTech",4200639,1748551,5949190
2021-06-06,"Johnson&Johnson, Moderna, Oxford/AstraZeneca, Pfizer/BioNTech",4227602,1763732,5991334
2021-06-07,"Johnson&Johnson, Moderna, Oxford/AstraZeneca, Pfizer/BioNTech",4291302,1819388,6110690
2021-06-08,"Johnson&Johnson, Moderna, Oxford/AstraZeneca, Pfizer/BioNTech",4355318,1874421,6229739
2021-06-09,"Johnson&Johnson, Moderna, Oxford/AstraZeneca, Pfizer/BioNTech",4414545,1939127,6353672
2021-06-10,"Johnson&Johnson, Moderna, Oxford/AstraZeneca, Pfizer/BioNTech",4468416,2010465,6478881
2021-06-11,"Johnson&Johnson, Moderna, Oxford/AstraZeneca, Pfizer/BioNTech",4520555,2080326,6600881
2021-06-12,"Johnson&Johnson, Moderna, Oxford/AstraZeneca, Pfizer/BioNTech",4552583,2101190,6653773
2021-06-13,"Johnson&Johnson, Moderna, Oxford/AstraZeneca, Pfizer/BioNTech",4576629,2119634,6696263
2021-06-14,"Johnson&Johnson, Moderna, Oxford/AstraZeneca, Pfizer/BioNTech",4619731,2194056,6813787
2021-06-15,"Johnson&Johnson, Moderna, Oxford/AstraZeneca, Pfizer/BioNTech",4664415,2266475,6930890
2021-06-16,"Johnson&Johnson, Moderna, Oxford/AstraZeneca, Pfizer/BioNTech",4707240,2344733,7051973
2021-06-17,"Johnson&Johnson, Moderna, Oxford/AstraZeneca, Pfizer/BioNTech",4746685,2427857,7174542
2021-06-18,"Johnson&Johnson, Moderna, Oxford/AstraZeneca, Pfizer/BioNTech",4789136,2508470,7297606
2021-06-19,"Johnson&Johnson, Moderna, Oxford/AstraZeneca, Pfizer/BioNTech",4810936,2537823,7348759
2021-06-20,"Johnson&Johnson, Moderna, Oxford/AstraZeneca, Pfizer/BioNTech",4828350,2561707,7390057
2021-06-21,"Johnson&Johnson, Moderna, Oxford/AstraZeneca, Pfizer/BioNTech",4860867,2640349,7501216
2021-06-22,"Johnson&Johnson, Moderna, Oxford/AstraZeneca, Pfizer/BioNTech",4893850,2722701,7616551
2021-06-23,"Johnson&Johnson, Moderna, Oxford/AstraZeneca, Pfizer/BioNTech",4925578,2807973,7733551
2021-06-24,"Johnson&Johnson, Moderna, Oxford/AstraZeneca, Pfizer/BioNTech",4955456,2898058,7853514
2021-06-25,"Johnson&Johnson, Moderna, Oxford/AstraZeneca, Pfizer/BioNTech",4986557,2984319,7970876
2021-06-26,"Johnson&Johnson, Moderna, Oxford/AstraZeneca, Pfizer/BioNTech",5002461,3019215,8021676
2021-06-27,"Johnson&Johnson, Moderna, Oxford/AstraZeneca, Pfizer/BioNTech",5016422,3045940,8062362
2021-06-28,"Johnson&Johnson, Moderna, Oxford/AstraZeneca, Pfizer/BioNTech",5044850,3131181,8176031
2021-06-29,"Johnson&Johnson, Moderna, Oxford/AstraZeneca, Pfizer/BioNTech",5074150,3217753,8291903
2021-06-30,"Johnson&Johnson, Moderna, Oxford/AstraZeneca, Pfizer/BioNTech",5101663,3308818,8410481
2021-07-01,"Johnson&Johnson, Moderna, Oxford/AstraZeneca, Pfizer/BioNTech",5125675,3398939,8524614
2021-07-02,"Johnson&Johnson, Moderna, Oxford/AstraZeneca, Pfizer/BioNTech",5152433,3484896,8637329
2021-07-03,"Johnson&Johnson, Moderna, Oxford/AstraZeneca, Pfizer/BioNTech",5159541,3516478,8676019
2021-07-04,"Johnson&Johnson, Moderna, Oxford/AstraZeneca, Pfizer/BioNTech",5167137,3538308,8705445
2021-07-05,"Johnson&Johnson, Moderna, Oxford/AstraZeneca, Pfizer/BioNTech",5174564,3563724,8738288
2021-07-06,"Johnson&Johnson, Moderna, Oxford/AstraZeneca, Pfizer/BioNTech",5180049,3591467,8771516
2021-07-07,"Johnson&Johnson, Moderna, Oxford/AstraZeneca, Pfizer/BioNTech",5205887,3670480,8876367
2021-07-08,"Johnson&Johnson, Moderna, Oxford/AstraZeneca, Pfizer/BioNTech",5232512,3740847,8973359
2021-07-09,"Johnson&Johnson, Moderna, Oxford/AstraZeneca, Pfizer/BioNTech",5260473,3810199,9070672
2021-07-10,"Johnson&Johnson, Moderna, Oxford/AstraZeneca, Pfizer/BioNTech",5269862,3838878,9108740
2021-07-11,"Johnson&Johnson, Moderna, Oxford/AstraZeneca, Pfizer/BioNTech",5278422,3861772,9140194
2021-07-12,"Johnson&Johnson, Moderna, Oxford/AstraZeneca, Pfizer/BioNTech",5305972,3930869,9236841
2021-07-13,"Johnson&Johnson, Moderna, Oxford/AstraZeneca, Pfizer/BioNTech",5332185,4000772,9332957
2021-07-14,"Johnson&Johnson, Moderna, Oxford/AstraZeneca, Pfizer/BioNTech",5358031,4072791,9430822
2021-07-15,"Johnson&Johnson, Moderna, Oxford/AstraZeneca, Pfizer/BioNTech",5387225,4138839,9526064
2021-07-16,"Johnson&Johnson, Moderna, Oxford/AstraZeneca, Pfizer/BioNTech",5415168,4211604,9626772
2021-07-17,"Johnson&Johnson, Moderna, Oxford/AstraZeneca, Pfizer/BioNTech",5423973,4243087,9667060
2021-07-18,"Johnson&Johnson, Moderna, Oxford/AstraZeneca, Pfizer/BioNTech",5432419,4269107,9701526
2021-07-19,"Johnson&Johnson, Moderna, Oxford/AstraZeneca, Pfizer/BioNTech",5455794,4336155,9791949
2021-07-20,"Johnson&Johnson, Moderna, Oxford/AstraZeneca, Pfizer/BioNTech",5477209,4403244,9880453
2021-07-21,"Johnson&Johnson, Moderna, Oxford/AstraZeneca, Pfizer/BioNTech",5500671,4466730,9967401
2021-07-22,"Johnson&Johnson, Moderna, Oxford/AstraZeneca, Pfizer/BioNTech",5523046,4525392,10048438
2021-07-23,"Johnson&Johnson, Moderna, Oxford/AstraZeneca, Pfizer/BioNTech",5546291,4580179,10126470
2021-07-24,"Johnson&Johnson, Moderna, Oxford/AstraZeneca, Pfizer/BioNTech",5553645,4607868,10161513
2021-07-25,"Johnson&Johnson, Moderna, Oxford/AstraZeneca, Pfizer/BioNTech",5560287,4630013,10190300
2021-07-26,"Johnson&Johnson, Moderna, Oxford/AstraZeneca, Pfizer/BioNTech",5583847,4678725,10262572
2021-07-27,"Johnson&Johnson, Moderna, Oxford/AstraZeneca, Pfizer/BioNTech",5606610,4725405,10332015
2021-07-28,"Johnson&Johnson, Moderna, Oxford/AstraZeneca, Pfizer/BioNTech",5627896,4771449,10399345
2021-07-29,"Johnson&Johnson, Moderna, Oxford/AstraZeneca, Pfizer/BioNTech",5649243,4813457,10462700
2021-07-30,"Johnson&Johnson, Moderna, Oxford/AstraZeneca, Pfizer/BioNTech",5672533,4856057,10528590
2021-07-31,"Johnson&Johnson, Moderna, Oxford/AstraZeneca, Pfizer/BioNTech",5681495,4875615,10557110
2021-08-01,"Johnson&Johnson, Moderna, Oxford/AstraZeneca, Pfizer/BioNTech",5688229,4891800,10580029
2021-08-02,"Johnson&Johnson, Moderna, Oxford/AstraZeneca, Pfizer/BioNTech",5706878,4929388,10636266
2021-08-03,"Johnson&Johnson, Moderna, Oxford/AstraZeneca, Pfizer/BioNTech",5724535,4967531,10692066
2021-08-04,"Johnson&Johnson, Moderna, Oxford/AstraZeneca, Pfizer/BioNTech",5740672,5004330,10745002
2021-08-05,"Johnson&Johnson, Moderna, Oxford/AstraZeneca, Pfizer/BioNTech",5756720,5044843,10801563
2021-08-06,"Johnson&Johnson, Moderna, Oxford/AstraZeneca, Pfizer/BioNTech",5773534,5088179,10861713
2021-08-07,"Johnson&Johnson, Moderna, Oxford/AstraZeneca, Pfizer/BioNTech",5779147,5106368,10885515
2021-08-08,"Johnson&Johnson, Moderna, Oxford/AstraZeneca, Pfizer/BioNTech",5783521,5122141,10905662
2021-08-09,"Johnson&Johnson, Moderna, Oxford/AstraZeneca, Pfizer/BioNTech",5796164,5167228,10963392
2021-08-10,"Johnson&Johnson, Moderna, Oxford/AstraZeneca, Pfizer/BioNTech",5808013,5206827,11014840
2021-08-11,"Johnson&Johnson, Moderna, Oxford/AstraZeneca, Pfizer/BioNTech",5819386,5249982,11069368
2021-08-12,"Johnson&Johnson, Moderna, Oxford/AstraZeneca, Pfizer/BioNTech",5830814,5287145,11117959
2021-08-13,"Johnson&Johnson, Moderna, Oxford/AstraZeneca, Pfizer/BioNTech",5841546,5327515,11169061
2021-08-14,"Johnson&Johnson, Moderna, Oxford/AstraZeneca, Pfizer/BioNTech",5844888,5338233,11183121
2021-08-15,"Johnson&Johnson, Moderna, Oxford/AstraZeneca, Pfizer/BioNTech",5847480,5348626,11196106
2021-08-16,"Johnson&Johnson, Moderna, Oxford/AstraZeneca, Pfizer/BioNTech",5857278,5382723,11240001
2021-08-17,"Johnson&Johnson, Moderna, Oxford/AstraZeneca, Pfizer/BioNTech",5866881,5409846,11276727
2021-08-18,"Johnson&Johnson, Moderna, Oxford/AstraZeneca, Pfizer/BioNTech",5876258,5448761,11325019
2021-08-19,"Johnson&Johnson, Moderna, Oxford/AstraZeneca, Pfizer/BioNTech",5885944,5487133,11373077
2021-08-20,"Johnson&Johnson, Moderna, Oxford/AstraZeneca, Pfizer/BioNTech",5897342,5527337,11424679
2021-08-21,"Johnson&Johnson, Moderna, Oxford/AstraZeneca, Pfizer/BioNTech",5900068,5540116,11440184
2021-08-22,"Johnson&Johnson, Moderna, Oxford/AstraZeneca, Pfizer/BioNTech",5902415,5552095,11454510
2021-08-23,"Johnson&Johnson, Moderna, Oxford/AstraZeneca, Pfizer/BioNTech",5912950,5591382,11504332
2021-08-24,"Johnson&Johnson, Moderna, Oxford/AstraZeneca, Pfizer/BioNTech",5922832,5624651,11547483
2021-08-25,"Johnson&Johnson, Moderna, Oxford/AstraZeneca, Pfizer/BioNTech",5931705,5653034,11584739
2021-08-26,"Johnson&Johnson, Moderna, Oxford/AstraZeneca, Pfizer/BioNTech",5940164,5679168,11619332
2021-08-27,"Johnson&Johnson, Moderna, Oxford/AstraZeneca, Pfizer/BioNTech",5950492,5705165,11655657
2021-08-28,"Johnson&Johnson, Moderna, Oxford/AstraZeneca, Pfizer/BioNTech",5953234,5712240,11665474
2021-08-29,"Johnson&Johnson, Moderna, Oxford/AstraZeneca, Pfizer/BioNTech",5955649,5718868,11674517
2021-08-30,"Johnson&Johnson, Moderna, Oxford/AstraZeneca, Pfizer/BioNTech",5964181,5740756,11704937
2021-08-31,"Johnson&Johnson, Moderna, Oxford/AstraZeneca, Pfizer/BioNTech",5971870,5758874,11730744
2021-09-01,"Johnson&Johnson, Moderna, Oxford/AstraZeneca, Pfizer/BioNTech",5977785,5772898,11750683
2021-09-02,"Johnson&Johnson, Moderna, Oxford/AstraZeneca, Pfizer/BioNTech",5984627,5787295,11771922
2021-09-03,"Johnson&Johnson, Moderna, Oxford/AstraZeneca, Pfizer/BioNTech",5994191,5803035,11797226
2021-09-04,"Johnson&Johnson, Moderna, Oxford/AstraZeneca, Pfizer/BioNTech",5996265,5806599,11802864
2021-09-05,"Johnson&Johnson, Moderna, Oxford/AstraZeneca, Pfizer/BioNTech",5998308,5809449,11807757
2021-09-06,"Johnson&Johnson, Moderna, Oxford/AstraZeneca, Pfizer/BioNTech",6004548,5822001,11826549
2021-09-07,"Johnson&Johnson, Moderna, Oxford/AstraZeneca, Pfizer/BioNTech",6008945,5833097,11842042
2021-09-08,"Johnson&Johnson, Moderna, Oxford/AstraZeneca, Pfizer/BioNTech",6014623,5842963,11857586
2021-09-09,"Johnson&Johnson, Moderna, Oxford/AstraZeneca, Pfizer/BioNTech",6021323,5853035,11874358
2021-09-10,"Johnson&Johnson, Moderna, Oxford/AstraZeneca, Pfizer/BioNTech",6029026,5865223,11894249
2021-09-11,"Johnson&Johnson, Moderna, Oxford/AstraZeneca, Pfizer/BioNTech",6030897,5867714,11898611
2021-09-12,"Johnson&Johnson, Moderna, Oxford/AstraZeneca, Pfizer/BioNTech",6032018,5869350,11901368
2021-09-13,"Johnson&Johnson, Moderna, Oxford/AstraZeneca, Pfizer/BioNTech",6037462,5879662,11917124
2021-09-14,"Johnson&Johnson, Moderna, Oxford/AstraZeneca, Pfizer/BioNTech",6042862,5888682,11931544
2021-09-15,"Johnson&Johnson, Moderna, Oxford/AstraZeneca, Pfizer/BioNTech",6048074,5897215,11945289
2021-09-16,"Johnson&Johnson, Moderna, Oxford/AstraZeneca, Pfizer/BioNTech",6053436,5905500,11958936
2021-09-17,"Johnson&Johnson, Moderna, Oxford/AstraZeneca, Pfizer/BioNTech",6060008,5915740,11975748
2021-09-18,"Johnson&Johnson, Moderna, Oxford/AstraZeneca, Pfizer/BioNTech",6061740,5918105,11979845
2021-09-19,"Johnson&Johnson, Moderna, Oxford/AstraZeneca, Pfizer/BioNTech",6062686,5919677,11982363
2021-09-20,"Johnson&Johnson, Moderna, Oxford/AstraZeneca, Pfizer/BioNTech",6066711,5927883,11994594
2021-09-21,"Johnson&Johnson, Moderna, Oxford/AstraZeneca, Pfizer/BioNTech",6070951,5935424,12006375
2021-09-22,"Johnson&Johnson, Moderna, Oxford/AstraZeneca, Pfizer/BioNTech",6075146,5940953,12016099
2021-09-23,"Johnson&Johnson, Moderna, Oxford/AstraZeneca, Pfizer/BioNTech",6080117,5947368,12027485
2021-09-24,"Johnson&Johnson, Moderna, Oxford/AstraZeneca, Pfizer/BioNTech",6085879,5956987,12042866
2021-09-25,"Johnson&Johnson, Moderna, Oxford/AstraZeneca, Pfizer/BioNTech",6087379,5958990,12046369
2021-09-26,"Johnson&Johnson, Moderna, Oxford/AstraZeneca, Pfizer/BioNTech",6088124,5960632,12048756
2021-09-27,"Johnson&Johnson, Moderna, Oxford/AstraZeneca, Pfizer/BioNTech",6092010,5967150,12059160
2021-09-28,"Johnson&Johnson, Moderna, Oxford/AstraZeneca, Pfizer/BioNTech",6092384,5967786,12060170
2021-09-29,"Johnson&Johnson, Moderna, Oxford/AstraZeneca, Pfizer/BioNTech",6096162,5975253,12071415
2021-09-30,"Johnson&Johnson, Moderna, Oxford/AstraZeneca, Pfizer/BioNTech",6100681,5982958,12083639
2021-10-01,"Johnson&Johnson, Moderna, Oxford/AstraZeneca, Pfizer/BioNTech",6104993,5990946,12095939
2021-10-02,"Johnson&Johnson, Moderna, Oxford/AstraZeneca, Pfizer/BioNTech",6106056,5992492,12098548
2021-10-03,"Johnson&Johnson, Moderna, Oxford/AstraZeneca, Pfizer/BioNTech",6106781,5993364,12100145
2021-10-04,"Johnson&Johnson, Moderna, Oxford/AstraZeneca, Pfizer/BioNTech",6109862,5998944,12108806
2021-10-05,"Johnson&Johnson, Moderna, Oxford/AstraZeneca, Pfizer/BioNTech",6113025,6004031,12117056
2021-10-06,"Johnson&Johnson, Moderna, Oxford/AstraZeneca, Pfizer/BioNTech",6116546,6009208,12125754
2021-10-07,"Johnson&Johnson, Moderna, Oxford/AstraZeneca, Pfizer/BioNTech",6119830,6014471,12134301
2021-10-08,"Johnson&Johnson, Moderna, Oxford/AstraZeneca, Pfizer/BioNTech",6124624,6021116,12145740
2021-10-09,"Johnson&Johnson, Moderna, Oxford/AstraZeneca, Pfizer/BioNTech",6125868,6022783,12148651
2021-10-10,"Johnson&Johnson, Moderna, Oxford/AstraZeneca, Pfizer/BioNTech",6126812,6023616,12150428
2021-10-11,"Johnson&Johnson, Moderna, Oxford/AstraZeneca, Pfizer/BioNTech",6129743,6028035,12157778
2021-10-12,"Johnson&Johnson, Moderna, Oxford/AstraZeneca, Pfizer/BioNTech",6132677,6032038,12164715
2021-10-13,"Johnson&Johnson, Moderna, Oxford/AstraZeneca, Pfizer/BioNTech",6136209,6036226,12172435
2021-10-14,"Johnson&Johnson, Moderna, Oxford/AstraZeneca, Pfizer/BioNTech",6139880,6041176,12181056
2021-10-15,"Johnson&Johnson, Moderna, Oxford/AstraZeneca, Pfizer/BioNTech",6145109,6047326,12192435
2021-10-16,"Johnson&Johnson, Moderna, Oxford/AstraZeneca, Pfizer/BioNTech",6146522,6048852,12195374
2021-10-17,"Johnson&Johnson, Moderna, Pfizer/BioNTech",6147849,6049907,12197756
2021-10-18,"Johnson&Johnson, Moderna, Oxford/AstraZeneca, Pfizer/BioNTech",6151962,6054013,12205975
2021-10-19,"Johnson&Johnson, Moderna, Oxford/AstraZeneca, Pfizer/BioNTech",6155543,6056119,12211662
2021-10-20,"Johnson&Johnson, Moderna, Oxford/AstraZeneca, Pfizer/BioNTech",6160428,6060579,12221007
2021-10-21,"Johnson&Johnson, Moderna, Oxford/AstraZeneca, Pfizer/BioNTech",6168197,6066187,12234384
2021-10-22,"Johnson&Johnson, Moderna, Oxford/AstraZeneca, Pfizer/BioNTech",6178654,6072692,12251346
2021-10-23,"Johnson&Johnson, Moderna, Oxford/AstraZeneca, Pfizer/BioNTech",6182331,6074903,12257234
2021-10-24,"Johnson&Johnson, Moderna, Oxford/AstraZeneca, Pfizer/BioNTech",6185016,6076684,12261700
2021-10-25,"Johnson&Johnson, Moderna, Oxford/AstraZeneca, Pfizer/BioNTech",6195516,6082495,12278011
2021-10-26,"Johnson&Johnson, Moderna, Oxford/AstraZeneca, Pfizer/BioNTech",6207506,6089046,12296552
2021-10-27,"Johnson&Johnson, Moderna, Oxford/AstraZeneca, Pfizer/BioNTech",6222114,6096462,12318576
2021-10-28,"Johnson&Johnson, Moderna, Oxford/AstraZeneca, Pfizer/BioNTech",6225539,6098147,12323686
2021-10-29,"Johnson&Johnson, Moderna, Oxford/AstraZeneca, Pfizer/BioNTech",6239978,6106135,12346113
2021-10-30,"Johnson&Johnson, Moderna, Oxford/AstraZeneca, Pfizer/BioNTech",6244508,6109063,12353571
2021-10-31,"Johnson&Johnson, Moderna, Oxford/AstraZeneca, Pfizer/BioNTech",6248271,6111538,12359809
2021-11-01,"Johnson&Johnson, Moderna, Oxford/AstraZeneca, Pfizer/BioNTech",6263470,6119224,12382694
2021-11-02,"Johnson&Johnson, Moderna, Oxford/AstraZeneca, Pfizer/BioNTech",6278923,6126781,12405704
2021-11-03,"Johnson&Johnson, Moderna, Oxford/AstraZeneca, Pfizer/BioNTech",6296102,6134073,12430175
2021-11-04,"Johnson&Johnson, Moderna, Oxford/AstraZeneca, Pfizer/BioNTech",6314450,6142246,12456696
2021-11-05,"Johnson&Johnson, Moderna, Oxford/AstraZeneca, Pfizer/BioNTech",6337253,6153533,12490786
2021-11-06,"Johnson&Johnson, Moderna, Oxford/AstraZeneca, Pfizer/BioNTech",6343769,6156590,12500359
2021-11-07,"Johnson&Johnson, Moderna, Oxford/AstraZeneca, Pfizer/BioNTech",6347793,6159026,12506819
2021-11-08,"Johnson&Johnson, Moderna, Oxford/AstraZeneca, Pfizer/BioNTech",6364059,6166653,12530712
2021-11-09,"Johnson&Johnson, Moderna, Oxford/AstraZeneca, Pfizer/BioNTech",6378871,6173950,12552821
2021-11-10,"Johnson&Johnson, Moderna, Oxford/AstraZeneca, Pfizer/BioNTech",6394609,6181335,12575944
2021-11-11,"Johnson&Johnson, Moderna, Oxford/AstraZeneca, Pfizer/BioNTech",6410079,6190443,12600522
2021-11-12,"Johnson&Johnson, Moderna, Oxford/AstraZeneca, Pfizer/BioNTech",6429882,6203247,12633129
2021-11-13,"Johnson&Johnson, Moderna, Oxford/AstraZeneca, Pfizer/BioNTech",6435276,6207123,12642399
2021-11-14,"Johnson&Johnson, Moderna, Oxford/AstraZeneca, Pfizer/BioNTech",6439171,6210130,12649301
2021-11-15,"Johnson&Johnson, Moderna, Oxford/AstraZeneca, Pfizer/BioNTech",6454249,6220824,12675073
2021-11-16,"Johnson&Johnson, Moderna, Oxford/AstraZeneca, Pfizer/BioNTech",6471785,6232800,12704585
2021-11-17,"Johnson&Johnson, Moderna, Oxford/AstraZeneca, Pfizer/BioNTech",6476026,6236366,12712392
2021-11-18,"Johnson&Johnson, Moderna, Oxford/AstraZeneca, Pfizer/BioNTech",6495444,6248062,12743506
2021-11-19,"Johnson&Johnson, Moderna, Oxford/AstraZeneca, Pfizer/BioNTech",6520054,6265037,12785091
2021-11-20,"Johnson&Johnson, Moderna, Oxford/AstraZeneca, Pfizer/BioNTech",6528632,6270020,12798652
2021-11-21,"Johnson&Johnson, Moderna, Pfizer/BioNTech",6535401,6273793,12809194
2021-11-22,"Johnson&Johnson, Moderna, Oxford/AstraZeneca, Pfizer/BioNTech",6553910,6287908,12841818
2021-11-23,"Johnson&Johnson, Moderna, Oxford/AstraZeneca, Pfizer/BioNTech",6572975,6301169,12874144
2021-11-24,"Johnson&Johnson, Moderna, Oxford/AstraZeneca, Pfizer/BioNTech",6591990,6317018,12909008
2021-11-25,"Johnson&Johnson, Moderna, Oxford/AstraZeneca, Pfizer/BioNTech",6611134,6332054,12943188
2021-11-26,"Johnson&Johnson, Moderna, Oxford/AstraZeneca, Pfizer/BioNTech",6632790,6351192,12983982
2021-11-27,"Johnson&Johnson, Moderna, Oxford/AstraZeneca, Pfizer/BioNTech",6640260,6356747,12997007
2021-11-28,"Johnson&Johnson, Moderna, Oxford/AstraZeneca, Pfizer/BioNTech",6643593,6359882,13003475
2021-11-29,"Johnson&Johnson, Moderna, Oxford/AstraZeneca, Pfizer/BioNTech",6658802,6373543,13032345
2021-11-30,"Johnson&Johnson, Moderna, Oxford/AstraZeneca, Pfizer/BioNTech",6672004,6384772,13056776
2021-12-01,"Johnson&Johnson, Moderna, Oxford/AstraZeneca, Pfizer/BioNTech",6686036,6397227,13083263
2021-12-02,"Johnson&Johnson, Moderna, Oxford/AstraZeneca, Pfizer/BioNTech",6696677,6409718,13106395
2021-12-03,"Johnson&Johnson, Moderna, Oxford/AstraZeneca, Pfizer/BioNTech",6706317,6425297,13131614
2021-12-04,"Johnson&Johnson, Moderna, Pfizer/BioNTech",6708874,6429247,13138121
2021-12-05,"Johnson&Johnson, Moderna, Oxford/AstraZeneca, Pfizer/BioNTech",6710235,6431587,13141822
2021-12-06,"Johnson&Johnson, Moderna, Oxford/AstraZeneca, Pfizer/BioNTech",6718383,6443116,13161499
2021-12-07,"Johnson&Johnson, Moderna, Oxford/AstraZeneca, Pfizer/BioNTech",6726275,6455127,13181402
2021-12-08,"Johnson&Johnson, Moderna, Oxford/AstraZeneca, Pfizer/BioNTech",6734519,6461055,13195574
2021-12-09,"Johnson&Johnson, Moderna, Oxford/AstraZeneca, Pfizer/BioNTech",6741640,6473874,13215514
2021-12-10,"Johnson&Johnson, Moderna, Oxford/AstraZeneca, Pfizer/BioNTech",6748573,6491678,13240251
2021-12-11,"Johnson&Johnson, Moderna, Oxford/AstraZeneca, Pfizer/BioNTech",6750232,6496950,13247182
2021-12-12,"Johnson&Johnson, Moderna, Oxford/AstraZeneca, Pfizer/BioNTech",6751543,6501383,13252926
2021-12-13,"Johnson&Johnson, Moderna, Oxford/AstraZeneca, Pfizer/BioNTech",6757898,6514696,13272594
2021-12-14,"Johnson&Johnson, Moderna, Oxford/AstraZeneca, Pfizer/BioNTech",6764108,6528365,13292473
2021-12-15,"Johnson&Johnson, Moderna, Oxford/AstraZeneca, Pfizer/BioNTech",6770314,6541964,13312278
2021-12-16,"Johnson&Johnson, Moderna, Oxford/AstraZeneca, Pfizer/BioNTech",6777255,6556798,13334053
2021-12-17,"Johnson&Johnson, Moderna, Oxford/AstraZeneca, Pfizer/BioNTech",6785621,6574063,13359684
2021-12-18,"Johnson&Johnson, Moderna, Oxford/AstraZeneca, Pfizer/BioNTech",6788232,6579515,13367747
2021-12-19,"Johnson&Johnson, Moderna, Pfizer/BioNTech",6790003,6582019,13372022
2021-12-20,"Johnson&Johnson, Moderna, Oxford/AstraZeneca, Pfizer/BioNTech",6795859,6596081,13391940
2021-12-21,"Johnson&Johnson, Moderna, Oxford/AstraZeneca, Pfizer/BioNTech",6802521,6608076,13410597
2021-12-22,"Johnson&Johnson, Moderna, Oxford/AstraZeneca, Pfizer/BioNTech",6807569,6621133,13428702
2021-12-23,"Johnson&Johnson, Moderna, Oxford/AstraZeneca, Pfizer/BioNTech",6810443,6626734,13437177
2021-12-24,"Johnson&Johnson, Moderna, Oxford/AstraZeneca, Pfizer/BioNTech",6810489,6626836,13437325
2021-12-25,"Moderna, Pfizer/BioNTech",6810490,6626844,13437334
2021-12-26,"Moderna, Pfizer/BioNTech",6810592,6627047,13437639
2021-12-27,"Johnson&Johnson, Moderna, Pfizer/BioNTech",6814459,6636790,13451249
2021-12-28,"Johnson&Johnson, Moderna, Oxford/AstraZeneca, Pfizer/BioNTech",6819699,6644787,13464486
2021-12-29,"Johnson&Johnson, Moderna, Oxford/AstraZeneca, Pfizer/BioNTech",6823979,6652506,13476485
2021-12-30,"Johnson&Johnson, Moderna, Pfizer/BioNTech",6828280,6657939,13486219
2021-12-31,"Johnson&Johnson, Moderna, Pfizer/BioNTech",6828790,6659363,13488153
2022-01-01,"Johnson&Johnson, Moderna, Pfizer/BioNTech",6828796,6659381,13488177
2022-01-02,"Johnson&Johnson, Moderna, Pfizer/BioNTech",6829653,6660758,13490411
2022-01-03,"Johnson&Johnson, Moderna, Oxford/AstraZeneca, Pfizer/BioNTech",6833790,6669666,13503456
2022-01-04,"Johnson&Johnson, Moderna, Oxford/AstraZeneca, Pfizer/BioNTech",6838874,6677421,13516295
2022-01-05,"Johnson&Johnson, Moderna, Oxford/AstraZeneca, Pfizer/BioNTech",6844694,6685392,13530086
2022-01-06,"Johnson&Johnson, Moderna, Oxford/AstraZeneca, Pfizer/BioNTech",6851278,6693792,13545070
2022-01-07,"Johnson&Johnson, Moderna, Oxford/AstraZeneca, Pfizer/BioNTech",6859154,6704147,13563301
2022-01-08,"Johnson&Johnson, Moderna, Oxford/AstraZeneca, Pfizer/BioNTech",6861634,6706930,13568564
2022-01-09,"Johnson&Johnson, Moderna, Pfizer/BioNTech",6862716,6708624,13571340
2022-01-10,"Johnson&Johnson, Moderna, Oxford/AstraZeneca, Pfizer/BioNTech",6867214,6714813,13582027
2022-01-11,"Johnson&Johnson, Moderna, Oxford/AstraZeneca, Pfizer/BioNTech",6872652,6721566,13594218
2022-01-12,"Johnson&Johnson, Moderna, Oxford/AstraZeneca, Pfizer/BioNTech",6878608,6727209,13605817
2022-01-13,"Johnson&Johnson, Moderna, Oxford/AstraZeneca, Pfizer/BioNTech",6884491,6731986,13616477
2022-01-14,"Johnson&Johnson, Moderna, Oxford/AstraZeneca, Pfizer/BioNTech",6890792,6735618,13626410
2022-01-15,"Johnson&Johnson, Moderna, Oxford/AstraZeneca, Pfizer/BioNTech",6892068,6736273,13628341
2022-01-16,"Johnson&Johnson, Moderna, Oxford/AstraZeneca, Pfizer/BioNTech",6892756,6736710,13629466
2022-01-17,"Johnson&Johnson, Moderna, Oxford/AstraZeneca, Pfizer/BioNTech",6896310,6740666,13636976
2022-01-18,"Johnson&Johnson, Moderna, Oxford/AstraZeneca, Pfizer/BioNTech",6900160,6745615,13645775
2022-01-19,"Johnson&Johnson, Moderna, Oxford/AstraZeneca, Pfizer/BioNTech",6904230,6749546,13653776
2022-01-20,"Johnson&Johnson, Moderna, Oxford/AstraZeneca, Pfizer/BioNTech",6907822,6754002,13661824
2022-01-21,"Johnson&Johnson, Moderna, Oxford/AstraZeneca, Pfizer/BioNTech",6911817,6756530,13668347
2022-01-22,"Johnson&Johnson, Moderna, Pfizer/BioNTech",6912596,6756969,13669565
2022-01-23,"Johnson&Johnson, Moderna, Pfizer/BioNTech",6913157,6757603,13670760
2022-01-24,"Johnson&Johnson, Moderna, Oxford/AstraZeneca, Pfizer/BioNTech",6915427,6761038,13676465
2022-01-25,"Johnson&Johnson, Moderna, Oxford/AstraZeneca, Pfizer/BioNTech",6917782,6765033,13682815
2022-01-26,"Johnson&Johnson, Moderna, Oxford/AstraZeneca, Pfizer/BioNTech",6920167,6769599,13689766
2022-01-27,"Johnson&Johnson, Moderna, Oxford/AstraZeneca, Pfizer/BioNTech",6922486,6774411,13696897
2022-01-28,"Johnson&Johnson, Moderna, Oxford/AstraZeneca, Pfizer/BioNTech",6925397,6780573,13705970
2022-01-29,"Johnson&Johnson, Moderna, Oxford/AstraZeneca, Pfizer/BioNTech",6925997,6782224,13708221
2022-01-30,"Johnson&Johnson, Moderna, Pfizer/BioNTech",6926224,6783002,13709226
2022-01-31,"Johnson&Johnson, Moderna, Pfizer/BioNTech",6927766,6786920,13714686
2022-02-01,"Johnson&Johnson, Moderna, Pfizer/BioNTech",6929362,6790951,13720313
2022-02-02,"Johnson&Johnson, Moderna, Oxford/AstraZeneca, Pfizer/BioNTech",6930929,6795458,13726387
2022-02-03,"Johnson&Johnson, Moderna, Pfizer/BioNTech",6932301,6799936,13732237
2022-02-04,"Johnson&Johnson, Moderna, Pfizer/BioNTech",6933902,6805051,13738953
2022-02-05,"Johnson&Johnson, Moderna, Pfizer/BioNTech",6934075,6805660,13739735
2022-02-06,"Johnson&Johnson, Moderna, Pfizer/BioNTech",6934171,6805979,13740150
2022-02-07,"Johnson&Johnson, Moderna, Pfizer/BioNTech",6934872,6809188,13744060
2022-02-08,"Johnson&Johnson, Moderna, Pfizer/BioNTech",6935667,6812376,13748043
2022-02-09,"Johnson&Johnson, Moderna, Pfizer/BioNTech",6936493,6815747,13752240
2022-02-10,"Johnson&Johnson, Moderna, Pfizer/BioNTech",6937290,6818871,13756161
2022-02-11,"Johnson&Johnson, Moderna, Pfizer/BioNTech",6938244,6822785,13761029
2022-02-12,"Johnson&Johnson, Moderna, Pfizer/BioNTech",6938354,6823204,13761558
2022-02-13,"Johnson&Johnson, Moderna, Pfizer/BioNTech",6938389,6823641,13762030
2022-02-14,"Johnson&Johnson, Moderna, Pfizer/BioNTech",6938846,6825753,13764599
2022-02-15,"Johnson&Johnson, Moderna, Pfizer/BioNTech",6939398,6827959,13767357
2022-02-16,"Johnson&Johnson, Moderna, Pfizer/BioNTech",6939989,6830058,13770047
2022-02-17,"Johnson&Johnson, Moderna, Pfizer/BioNTech",6940584,6832397,13772981
2022-02-18,"Johnson&Johnson, Moderna, Oxford/AstraZeneca, Pfizer/BioNTech",6941225,6835449,13776674
2022-02-19,"Johnson&Johnson, Moderna, Pfizer/BioNTech",6941304,6835730,13777034
2022-02-20,"Johnson&Johnson, Moderna, Pfizer/BioNTech",6941339,6835879,13777218
2022-02-21,"Johnson&Johnson, Moderna, Pfizer/BioNTech",6941701,6837576,13779277
2022-02-22,"Johnson&Johnson, Moderna, Oxford/AstraZeneca, Pfizer/BioNTech",6942093,6839255,13781348
2022-02-23,"Johnson&Johnson, Moderna, Pfizer/BioNTech",6942547,6840897,13783444
2022-02-24,"Johnson&Johnson, Moderna, Pfizer/BioNTech",6942955,6842527,13785482
2022-02-25,"Johnson&Johnson, Moderna, Pfizer/BioNTech",6943538,6844609,13788147
2022-02-26,"Johnson&Johnson, Moderna, Pfizer/BioNTech",6943599,6844770,13788369
2022-02-27,"Johnson&Johnson, Moderna, Pfizer/BioNTech",6943629,6844846,13788475
2022-02-28,"Johnson&Johnson, Moderna, Pfizer/BioNTech",6943876,6845816,13789692
2022-03-01,"Johnson&Johnson, Moderna, Pfizer/BioNTech",6944178,6846600,13790778
2022-03-02,"Johnson&Johnson, Moderna, Novavax, Pfizer/BioNTech",6944547,6847507,13792054
2022-03-03,"Johnson&Johnson, Moderna, Novavax, Pfizer/BioNTech",6944881,6848450,13793331
2022-03-04,"Johnson&Johnson, Moderna, Novavax, Pfizer/BioNTech",6945505,6849670,13795175
2022-03-05,"Johnson&Johnson, Moderna, Novavax, Pfizer/BioNTech",6945585,6849761,13795346
2022-03-06,"Moderna, Novavax, Pfizer/BioNTech",6945596,6849779,13795375
2022-03-07,"Johnson&Johnson, Moderna, Novavax, Pfizer/BioNTech",6945931,6850336,13796267
2022-03-08,"Johnson&Johnson, Moderna, Novavax, Pfizer/BioNTech",6946266,6850878,13797144
2022-03-09,"Johnson&Johnson, Moderna, Novavax, Pfizer/BioNTech",6946653,6851465,13798118
2022-03-10,"Johnson&Johnson, Moderna, Novavax, Pfizer/BioNTech",6947064,6852136,13799200
2022-03-11,"Johnson&Johnson, Moderna, Novavax, Pfizer/BioNTech",6947803,6853044,13800847
2022-03-12,"Johnson&Johnson, Moderna, Novavax, Pfizer/BioNTech",6947871,6853149,13801020
2022-03-13,"Johnson&Johnson, Moderna, Novavax, Pfizer/BioNTech",6947884,6853167,13801051
2022-03-14,"Johnson&Johnson, Moderna, Novavax, Pfizer/BioNTech",6948150,6853546,13801696
2022-03-15,"Johnson&Johnson, Moderna, Novavax, Pfizer/BioNTech",6948430,6853982,13802412
2022-03-16,"Johnson&Johnson, Moderna, Novavax, Pfizer/BioNTech",6948745,6854524,13803269
2022-03-17,"Johnson&Johnson, Moderna, Novavax, Oxford/AstraZeneca, Pfizer/BioNTech",6949037,6854955,13803992
2022-03-18,"Johnson&Johnson, Moderna, Novavax, Pfizer/BioNTech",6949725,6855747,13805472
2022-03-19,"Moderna, Novavax, Pfizer/BioNTech",6949780,6855792,13805572
2022-03-20,"Moderna, Novavax, Pfizer/BioNTech",6949797,6855804,13805601
2022-03-21,"Johnson&Johnson, Moderna, Novavax, Pfizer/BioNTech",6949982,6856131,13806113
2022-03-22,"Johnson&Johnson, Moderna, Novavax, Pfizer/BioNTech",6950220,6856527,13806747
2022-03-23,"Johnson&Johnson, Moderna, Novavax, Pfizer/BioNTech",6950553,6856962,13807515
2022-03-24,"Johnson&Johnson, Moderna, Novavax, Pfizer/BioNTech",6950861,6857434,13808295
2022-03-25,"Johnson&Johnson, Moderna, Novavax, Pfizer/BioNTech",6951337,6858234,13809571
2022-03-26,"Johnson&Johnson, Moderna, Novavax, Pfizer/BioNTech",6951389,6858311,13809700
2022-03-27,"Moderna, Novavax, Pfizer/BioNTech",6951405,6858327,13809732
2022-03-28,"Johnson&Johnson, Moderna, Novavax, Pfizer/BioNTech",6951558,6858705,13810263
2022-03-29,"Johnson&Johnson, Moderna, Novavax, Pfizer/BioNTech",6951818,6859108,13810926
2022-03-30,"Johnson&Johnson, Moderna, Novavax, Pfizer/BioNTech",6952121,6859599,13811720
2022-03-31,"Johnson&Johnson, Moderna, Novavax, Pfizer/BioNTech",6952416,6860090,13812506
2022-04-01,"Johnson&Johnson, Moderna, Novavax, Pfizer/BioNTech",6952980,6860844,13813824
2022-04-02,"Moderna, Novavax, Pfizer/BioNTech",6953033,6860928,13813961
2022-04-03,"Moderna, Novavax, Pfizer/BioNTech",6953045,6860957,13814002
2022-04-04,"Johnson&Johnson, Moderna, Novavax, Pfizer/BioNTech",6953212,6861235,13814447
2022-04-05,"Johnson&Johnson, Moderna, Novavax, Pfizer/BioNTech",6953402,6861470,13814872
2022-04-06,"Johnson&Johnson, Moderna, Novavax, Pfizer/BioNTech",6953624,6861815,13815439
2022-04-07,"Johnson&Johnson, Moderna, Novavax, Pfizer/BioNTech",6953846,6862228,13816074
2022-04-08,"Johnson&Johnson, Moderna, Novavax, Pfizer/BioNTech",6954293,6862946,13817239
2022-04-09,"Johnson&Johnson, Moderna, Novavax, Pfizer/BioNTech",6954351,6863018,13817369
2022-04-10,"Moderna, Novavax, Pfizer/BioNTech",6954363,6863027,13817390
2022-04-11,"Johnson&Johnson, Moderna, Novavax, Pfizer/BioNTech",6954520,6863257,13817777
2022-04-12,"Johnson&Johnson, Moderna, Novavax, Pfizer/BioNTech",6954757,6863548,13818305
2022-04-13,"Johnson&Johnson, Moderna, Novavax, Pfizer/BioNTech",6954992,6863891,13818883
2022-04-14,"Johnson&Johnson, Moderna, Novavax, Pfizer/BioNTech",6955259,6864271,13819530
2022-04-15,"Moderna, Novavax, Pfizer/BioNTech",6955277,6864287,13819564
2022-04-16,"Moderna, Novavax, Pfizer/BioNTech",6955295,6864319,13819614
2022-04-17,"Moderna, Novavax, Pfizer/BioNTech",6955296,6864320,13819616
2022-04-18,"Moderna, Novavax, Pfizer/BioNTech",6955298,6864336,13819634
2022-04-19,"Johnson&Johnson, Moderna, Novavax, Pfizer/BioNTech",6955426,6864670,13820096
2022-04-20,"Johnson&Johnson, Moderna, Novavax, Pfizer/BioNTech",6955644,6865050,13820694
2022-04-21,"Johnson&Johnson, Moderna, Novavax, Pfizer/BioNTech",6955849,6865449,13821298
