date,vaccine,people_vaccinated,people_fully_vaccinated,total_vaccinations
2020-12-27,Pfizer/BioNTech,1252,0,1252
2020-12-28,Pfizer/BioNTech,3549,0,3549
2020-12-29,Pfizer/BioNTech,6994,0,6994
2020-12-30,Pfizer/BioNTech,10469,0,10469
2020-12-31,Pfizer/BioNTech,11775,0,11775
2021-01-01,Pfizer/BioNTech,12036,0,12036
2021-01-02,Pfizer/BioNTech,13303,0,13303
2021-01-03,Pfizer/BioNTech,14217,0,14217
2021-01-04,Pfizer/BioNTech,17784,0,17784
2021-01-05,Pfizer/BioNTech,22279,0,22279
2021-01-06,Pfizer/BioNTech,28094,0,28094
2021-01-07,Pfizer/BioNTech,36030,0,36030
2021-01-08,Pfizer/BioNTech,45958,0,45958
2021-01-09,Pfizer/BioNTech,47971,0,47971
2021-01-10,Pfizer/BioNTech,49721,0,49721
2021-01-11,Pfizer/BioNTech,59510,0,59510
2021-01-12,Pfizer/BioNTech,72858,0,72858
2021-01-13,Pfizer/BioNTech,86331,0,86331
2021-01-14,"Moderna, Pfizer/BioNTech",101488,0,101488
2021-01-15,"Moderna, Pfizer/BioNTech",115415,0,115415
2021-01-16,"Moderna, Pfizer/BioNTech",118788,2,118790
2021-01-17,"Moderna, Pfizer/BioNTech",121381,635,122016
2021-01-18,"Moderna, Pfizer/BioNTech",133828,2445,136273
2021-01-19,"Moderna, Pfizer/BioNTech",146330,5143,151473
2021-01-20,"Moderna, Pfizer/BioNTech",159875,7769,167644
2021-01-21,"Moderna, Pfizer/BioNTech",175417,9488,184905
2021-01-22,"Moderna, Pfizer/BioNTech",190153,10524,200677
2021-01-23,"Moderna, Pfizer/BioNTech",193428,11389,204817
2021-01-24,"Moderna, Pfizer/BioNTech",195672,12252,207924
2021-01-25,"Moderna, Pfizer/BioNTech",205267,15198,220465
2021-01-26,"Moderna, Pfizer/BioNTech",215760,19153,234913
2021-01-27,"Moderna, Pfizer/BioNTech",224744,23641,248385
2021-01-28,"Moderna, Pfizer/BioNTech",231773,29721,261494
2021-01-29,"Moderna, Pfizer/BioNTech",237947,37526,275473
2021-01-30,"Moderna, Pfizer/BioNTech",238665,38608,277273
2021-01-31,Pfizer/BioNTech,239366,39778,279144
2021-02-01,"Moderna, Pfizer/BioNTech",243304,47655,290959
2021-02-02,"Moderna, Pfizer/BioNTech",247419,57824,305243
2021-02-03,"Moderna, Pfizer/BioNTech",251800,68768,320568
2021-02-04,"Moderna, Pfizer/BioNTech",256670,81672,338342
2021-02-05,"Moderna, Pfizer/BioNTech",262101,92288,354389
2021-02-06,"Moderna, Pfizer/BioNTech",262937,94622,357559
2021-02-07,"Moderna, Pfizer/BioNTech",263782,97093,360875
2021-02-08,"Moderna, Pfizer/BioNTech",267791,108433,376224
2021-02-09,"Moderna, Pfizer/BioNTech",272829,120325,393154
2021-02-10,"Moderna, Pfizer/BioNTech",278348,133434,411782
2021-02-11,"Moderna, Oxford/AstraZeneca, Pfizer/BioNTech",284628,149529,434157
2021-02-12,"Moderna, Oxford/AstraZeneca, Pfizer/BioNTech",291319,164159,455478
2021-02-13,"Moderna, Oxford/AstraZeneca, Pfizer/BioNTech",292887,167128,460015
2021-02-14,"Moderna, Oxford/AstraZeneca, Pfizer/BioNTech",293875,168494,462369
2021-02-15,"Moderna, Oxford/AstraZeneca, Pfizer/BioNTech",300215,177796,478011
2021-02-16,"Moderna, Oxford/AstraZeneca, Pfizer/BioNTech",308823,186808,495631
2021-02-17,"Moderna, Oxford/AstraZeneca, Pfizer/BioNTech",318472,195049,513521
2021-02-18,"Moderna, Oxford/AstraZeneca, Pfizer/BioNTech",330711,203025,533736
2021-02-19,"Moderna, Oxford/AstraZeneca, Pfizer/BioNTech",342453,210256,552709
2021-02-20,"Moderna, Oxford/AstraZeneca, Pfizer/BioNTech",344374,211418,555792
2021-02-21,"Moderna, Oxford/AstraZeneca, Pfizer/BioNTech",345397,212424,557821
2021-02-22,"Moderna, Oxford/AstraZeneca, Pfizer/BioNTech",355461,218409,573870
2021-02-23,"Moderna, Oxford/AstraZeneca, Pfizer/BioNTech",368263,225339,593602
2021-02-24,"Moderna, Oxford/AstraZeneca, Pfizer/BioNTech",382027,231329,613356
2021-02-25,"Moderna, Oxford/AstraZeneca, Pfizer/BioNTech",399881,236838,636719
2021-02-26,"Moderna, Oxford/AstraZeneca, Pfizer/BioNTech",415903,242145,658048
2021-02-27,"Moderna, Oxford/AstraZeneca, Pfizer/BioNTech",418831,242693,661524
2021-02-28,"Moderna, Oxford/AstraZeneca, Pfizer/BioNTech",421158,243232,664390
2021-03-01,"Moderna, Oxford/AstraZeneca, Pfizer/BioNTech",440436,246611,687047
2021-03-02,"Moderna, Oxford/AstraZeneca, Pfizer/BioNTech",467241,250125,717366
2021-03-03,"Moderna, Oxford/AstraZeneca, Pfizer/BioNTech",497584,254592,752176
2021-03-04,"Moderna, Oxford/AstraZeneca, Pfizer/BioNTech",530402,259210,789612
2021-03-05,"Moderna, Oxford/AstraZeneca, Pfizer/BioNTech",558891,264552,823443
2021-03-06,"Moderna, Oxford/AstraZeneca, Pfizer/BioNTech",570849,265388,836237
2021-03-07,"Moderna, Oxford/AstraZeneca, Pfizer/BioNTech",582200,266217,848417
2021-03-08,"Moderna, Oxford/AstraZeneca, Pfizer/BioNTech",611665,271019,882684
2021-03-09,"Moderna, Oxford/AstraZeneca, Pfizer/BioNTech",647624,277344,924968
2021-03-10,"Moderna, Oxford/AstraZeneca, Pfizer/BioNTech",688500,284247,972747
2021-03-11,"Moderna, Oxford/AstraZeneca, Pfizer/BioNTech",732872,292554,1025426
2021-03-12,"Moderna, Oxford/AstraZeneca, Pfizer/BioNTech",771216,300941,1072157
2021-03-13,"Moderna, Oxford/AstraZeneca, Pfizer/BioNTech",788177,302222,1090399
2021-03-14,"Moderna, Oxford/AstraZeneca, Pfizer/BioNTech",800207,303347,1103554
2021-03-15,"Moderna, Oxford/AstraZeneca, Pfizer/BioNTech",828266,312086,1140352
2021-03-16,"Moderna, Oxford/AstraZeneca, Pfizer/BioNTech",866813,322540,1189353
2021-03-17,"Moderna, Oxford/AstraZeneca, Pfizer/BioNTech",903959,332981,1236940
2021-03-18,"Moderna, Oxford/AstraZeneca, Pfizer/BioNTech",941472,345329,1286801
2021-03-19,"Moderna, Oxford/AstraZeneca, Pfizer/BioNTech",975444,358853,1334297
2021-03-20,"Moderna, Oxford/AstraZeneca, Pfizer/BioNTech",990406,360857,1351263
2021-03-21,"Moderna, Oxford/AstraZeneca, Pfizer/BioNTech",997739,362387,1360126
2021-03-22,"Moderna, Oxford/AstraZeneca, Pfizer/BioNTech",1021810,374746,1396556
2021-03-23,"Moderna, Oxford/AstraZeneca, Pfizer/BioNTech",1048049,387975,1436024
2021-03-24,"Moderna, Oxford/AstraZeneca, Pfizer/BioNTech",1074553,403589,1478142
2021-03-25,"Moderna, Oxford/AstraZeneca, Pfizer/BioNTech",1100585,421366,1521951
2021-03-26,"Moderna, Oxford/AstraZeneca, Pfizer/BioNTech",1125058,438767,1563825
2021-03-27,"Moderna, Oxford/AstraZeneca, Pfizer/BioNTech",1133392,443575,1576967
2021-03-28,"Moderna, Oxford/AstraZeneca, Pfizer/BioNTech",1138866,447683,1586549
2021-03-29,"Moderna, Oxford/AstraZeneca, Pfizer/BioNTech",1157678,468256,1625934
2021-03-30,"Moderna, Oxford/AstraZeneca, Pfizer/BioNTech",1182080,490296,1672376
2021-03-31,"Moderna, Oxford/AstraZeneca, Pfizer/BioNTech",1204877,517220,1722097
2021-04-01,"Moderna, Oxford/AstraZeneca, Pfizer/BioNTech",1230120,549050,1779170
2021-04-02,"Moderna, Oxford/AstraZeneca, Pfizer/BioNTech",1236829,561748,1798577
2021-04-03,"Moderna, Oxford/AstraZeneca, Pfizer/BioNTech",1240291,572621,1812912
2021-04-04,"Moderna, Oxford/AstraZeneca, Pfizer/BioNTech",1242744,581356,1824100
2021-04-05,"Moderna, Oxford/AstraZeneca, Pfizer/BioNTech",1245031,588495,1833526
2021-04-06,"Moderna, Oxford/AstraZeneca, Pfizer/BioNTech",1260925,617622,1878547
2021-04-07,"Moderna, Oxford/AstraZeneca, Pfizer/BioNTech",1283976,639644,1923620
2021-04-08,"Moderna, Oxford/AstraZeneca, Pfizer/BioNTech",1321784,670408,1992192
2021-04-09,"Moderna, Oxford/AstraZeneca, Pfizer/BioNTech",1360149,700245,2060394
2021-04-10,"Moderna, Oxford/AstraZeneca, Pfizer/BioNTech",1375394,715430,2090824
2021-04-11,"Moderna, Oxford/AstraZeneca, Pfizer/BioNTech",1385044,725413,2110457
2021-04-12,"Moderna, Oxford/AstraZeneca, Pfizer/BioNTech",1422442,750138,2172580
2021-04-13,"Moderna, Oxford/AstraZeneca, Pfizer/BioNTech",1457871,775921,2233792
2021-04-14,"Moderna, Oxford/AstraZeneca, Pfizer/BioNTech",1496051,803131,2299182
2021-04-15,"Moderna, Oxford/AstraZeneca, Pfizer/BioNTech",1543166,828639,2371805
2021-04-16,"Moderna, Oxford/AstraZeneca, Pfizer/BioNTech",1587176,854148,2441324
2021-04-17,"Moderna, Oxford/AstraZeneca, Pfizer/BioNTech",1603613,863125,2466738
2021-04-18,"Moderna, Oxford/AstraZeneca, Pfizer/BioNTech",1616489,868062,2484551
2021-04-19,"Moderna, Oxford/AstraZeneca, Pfizer/BioNTech",1659914,883360,2543274
2021-04-20,"Moderna, Oxford/AstraZeneca, Pfizer/BioNTech",1701651,899078,2600729
2021-04-21,"Moderna, Oxford/AstraZeneca, Pfizer/BioNTech",1748721,913152,2661873
2021-04-22,"Johnson&Johnson, Moderna, Oxford/AstraZeneca, Pfizer/BioNTech",1802539,930410,2732949
2021-04-23,"Johnson&Johnson, Moderna, Oxford/AstraZeneca, Pfizer/BioNTech",1851887,942343,2794230
2021-04-24,"Johnson&Johnson, Moderna, Oxford/AstraZeneca, Pfizer/BioNTech",1869429,947523,2816952
2021-04-25,"Johnson&Johnson, Moderna, Oxford/AstraZeneca, Pfizer/BioNTech",1883897,951490,2835387
2021-04-26,"Johnson&Johnson, Moderna, Oxford/AstraZeneca, Pfizer/BioNTech",1932829,958937,2891766
2021-04-27,"Johnson&Johnson, Moderna, Oxford/AstraZeneca, Pfizer/BioNTech",1981130,971028,2952158
2021-04-28,"Johnson&Johnson, Moderna, Oxford/AstraZeneca, Pfizer/BioNTech",2039282,984889,3024171
2021-04-29,"Johnson&Johnson, Moderna, Oxford/AstraZeneca, Pfizer/BioNTech",2103952,1000504,3104456
2021-04-30,"Johnson&Johnson, Moderna, Oxford/AstraZeneca, Pfizer/BioNTech",2165376,1010270,3175646
2021-05-01,"Johnson&Johnson, Moderna, Oxford/AstraZeneca, Pfizer/BioNTech",2184469,1013595,3198064
2021-05-02,"Johnson&Johnson, Moderna, Oxford/AstraZeneca, Pfizer/BioNTech",2203127,1015812,3218939
2021-05-03,"Johnson&Johnson, Moderna, Oxford/AstraZeneca, Pfizer/BioNTech",2269558,1020767,3290325
2021-05-04,"Johnson&Johnson, Moderna, Oxford/AstraZeneca, Pfizer/BioNTech",2335045,1028960,3364005
2021-05-05,"Johnson&Johnson, Moderna, Oxford/AstraZeneca, Pfizer/BioNTech",2407034,1038196,3445230
2021-05-06,"Johnson&Johnson, Moderna, Oxford/AstraZeneca, Pfizer/BioNTech",2486179,1048670,3534849
2021-05-07,"Johnson&Johnson, Moderna, Oxford/AstraZeneca, Pfizer/BioNTech",2562052,1058476,3620528
2021-05-08,"Johnson&Johnson, Moderna, Oxford/AstraZeneca, Pfizer/BioNTech",2591220,1060161,3651381
2021-05-09,"Johnson&Johnson, Moderna, Oxford/AstraZeneca, Pfizer/BioNTech",2615215,1061317,3676532
2021-05-10,"Johnson&Johnson, Moderna, Oxford/AstraZeneca, Pfizer/BioNTech",2685741,1068297,3754038
2021-05-11,"Johnson&Johnson, Moderna, Oxford/AstraZeneca, Pfizer/BioNTech",2756768,1076659,3833427
