date,vaccine,people_vaccinated,people_fully_vaccinated,total_vaccinations
2020-12-23,Pfizer/BioNTech,1,0,1
2020-12-27,Pfizer/BioNTech,1259,0,1259
2020-12-28,Pfizer/BioNTech,3559,0,3559
2020-12-29,Pfizer/BioNTech,7014,0,7014
2020-12-30,Pfizer/BioNTech,10504,0,10504
2020-12-31,Pfizer/BioNTech,11810,0,11810
2021-01-01,Pfizer/BioNTech,12072,0,12072
2021-01-02,Pfizer/BioNTech,13342,0,13342
2021-01-03,Pfizer/BioNTech,14259,0,14259
2021-01-04,"Moderna, Pfizer/BioNTech",17846,0,17846
2021-01-05,Pfizer/BioNTech,22345,0,22345
2021-01-06,Pfizer/BioNTech,28176,0,28176
2021-01-07,Pfizer/BioNTech,36133,0,36133
2021-01-08,Pfizer/BioNTech,46096,0,46096
2021-01-09,Pfizer/BioNTech,48111,0,48111
2021-01-10,Pfizer/BioNTech,49869,0,49869
2021-01-11,Pfizer/BioNTech,59683,0,59683
2021-01-12,Pfizer/BioNTech,73077,0,73077
2021-01-13,Pfizer/BioNTech,86570,0,86570
2021-01-14,"Moderna, Pfizer/BioNTech",101753,0,101753
2021-01-15,"Moderna, Pfizer/BioNTech",115708,0,115708
2021-01-16,"Moderna, Pfizer/BioNTech",119083,2,119085
2021-01-17,"Moderna, Pfizer/BioNTech",121683,639,122322
2021-01-18,"Moderna, Pfizer/BioNTech",134149,2458,136607
2021-01-19,"Moderna, Pfizer/BioNTech",146668,5167,151835
2021-01-20,"Moderna, Pfizer/BioNTech",160294,7806,168100
2021-01-21,"Moderna, Pfizer/BioNTech",175887,9535,185422
2021-01-22,"Moderna, Pfizer/BioNTech",190697,10577,201274
2021-01-23,"Moderna, Pfizer/BioNTech",193990,11447,205437
2021-01-24,"Moderna, Pfizer/BioNTech",196234,12313,208547
2021-01-25,"Moderna, Pfizer/BioNTech",205841,15276,221117
2021-01-26,"Moderna, Pfizer/BioNTech",216347,19245,235592
2021-01-27,"Moderna, Pfizer/BioNTech",225346,23752,249098
2021-01-28,"Moderna, Pfizer/BioNTech",232402,29852,262254
2021-01-29,"Moderna, Pfizer/BioNTech",238590,37704,276294
2021-01-30,"Moderna, Pfizer/BioNTech",239316,38790,278106
2021-01-31,"Moderna, Pfizer/BioNTech",240019,39966,279985
2021-02-01,"Moderna, Pfizer/BioNTech",243976,47868,291844
2021-02-02,"Moderna, Pfizer/BioNTech",248096,58068,306164
2021-02-03,"Moderna, Pfizer/BioNTech",252491,69036,321527
2021-02-04,"Moderna, Pfizer/BioNTech",257374,81979,339353
2021-02-05,"Moderna, Pfizer/BioNTech",262815,92617,355432
2021-02-06,"Moderna, Pfizer/BioNTech",263652,94959,358611
2021-02-07,"Moderna, Pfizer/BioNTech",264500,97436,361936
2021-02-08,"Moderna, Pfizer/BioNTech",268534,108806,377340
2021-02-09,"Moderna, Oxford/AstraZeneca, Pfizer/BioNTech",273606,120710,394316
2021-02-10,"Moderna, Pfizer/BioNTech",279081,133899,412980
2021-02-11,"Moderna, Oxford/AstraZeneca, Pfizer/BioNTech",285371,150048,435419
2021-02-12,"Moderna, Oxford/AstraZeneca, Pfizer/BioNTech",292091,164712,456803
2021-02-13,"Moderna, Oxford/AstraZeneca, Pfizer/BioNTech",293676,167688,461364
2021-02-14,"Moderna, Oxford/AstraZeneca, Pfizer/BioNTech",294667,169061,463728
2021-02-15,"Moderna, Oxford/AstraZeneca, Pfizer/BioNTech",301047,178378,479425
2021-02-16,"Moderna, Oxford/AstraZeneca, Pfizer/BioNTech",309740,187408,497148
2021-02-17,"Moderna, Oxford/AstraZeneca, Pfizer/BioNTech",319409,195670,515079
2021-02-18,"Moderna, Oxford/AstraZeneca, Pfizer/BioNTech",331692,203681,535373
2021-02-19,"Moderna, Oxford/AstraZeneca, Pfizer/BioNTech",343518,210979,554497
2021-02-20,"Moderna, Oxford/AstraZeneca, Pfizer/BioNTech",345487,212145,557632
2021-02-21,"Moderna, Oxford/AstraZeneca, Pfizer/BioNTech",346591,213154,559745
2021-02-22,"Moderna, Oxford/AstraZeneca, Pfizer/BioNTech",356685,219149,575834
2021-02-23,"Moderna, Oxford/AstraZeneca, Pfizer/BioNTech",369576,226088,595664
2021-02-24,"Moderna, Oxford/AstraZeneca, Pfizer/BioNTech",383405,232090,615495
2021-02-25,"Moderna, Oxford/AstraZeneca, Pfizer/BioNTech",401341,237614,638955
2021-02-26,"Moderna, Oxford/AstraZeneca, Pfizer/BioNTech",417467,242929,660396
2021-02-27,"Moderna, Oxford/AstraZeneca, Pfizer/BioNTech",420462,243477,663939
2021-02-28,"Moderna, Oxford/AstraZeneca, Pfizer/BioNTech",422803,244022,666825
2021-03-01,"Moderna, Oxford/AstraZeneca, Pfizer/BioNTech",442294,247427,689721
2021-03-02,"Moderna, Oxford/AstraZeneca, Pfizer/BioNTech",469455,250953,720408
2021-03-03,"Moderna, Oxford/AstraZeneca, Pfizer/BioNTech",500217,255430,755647
2021-03-04,"Moderna, Oxford/AstraZeneca, Pfizer/BioNTech",533353,260086,793439
2021-03-05,"Johnson&Johnson, Moderna, Oxford/AstraZeneca, Pfizer/BioNTech",562059,265462,827521
2021-03-06,"Moderna, Oxford/AstraZeneca, Pfizer/BioNTech",574151,266301,840452
2021-03-07,"Moderna, Oxford/AstraZeneca, Pfizer/BioNTech",585540,267131,852671
2021-03-08,"Johnson&Johnson, Moderna, Oxford/AstraZeneca, Pfizer/BioNTech",615140,271946,887086
2021-03-09,"Moderna, Oxford/AstraZeneca, Pfizer/BioNTech",651302,278296,929598
2021-03-10,"Moderna, Oxford/AstraZeneca, Pfizer/BioNTech",692430,285220,977650
2021-03-11,"Moderna, Oxford/AstraZeneca, Pfizer/BioNTech",737084,293557,1030641
2021-03-12,"Moderna, Oxford/AstraZeneca, Pfizer/BioNTech",775706,301989,1077695
2021-03-13,"Moderna, Oxford/AstraZeneca, Pfizer/BioNTech",792732,303274,1096006
2021-03-14,"Moderna, Oxford/AstraZeneca, Pfizer/BioNTech",804799,304405,1109204
2021-03-15,"Moderna, Oxford/AstraZeneca, Pfizer/BioNTech",833069,313160,1146229
2021-03-16,"Moderna, Oxford/AstraZeneca, Pfizer/BioNTech",871854,323653,1195507
2021-03-17,"Moderna, Oxford/AstraZeneca, Pfizer/BioNTech",909241,334118,1243359
2021-03-18,"Johnson&Johnson, Moderna, Oxford/AstraZeneca, Pfizer/BioNTech",947069,346491,1293560
2021-03-19,"Moderna, Oxford/AstraZeneca, Pfizer/BioNTech",981375,360063,1341438
2021-03-20,"Moderna, Oxford/AstraZeneca, Pfizer/BioNTech",996452,362072,1358524
2021-03-21,"Moderna, Oxford/AstraZeneca, Pfizer/BioNTech",1003826,363610,1367436
2021-03-22,"Johnson&Johnson, Moderna, Oxford/AstraZeneca, Pfizer/BioNTech",1028180,376049,1404229
2021-03-23,"Johnson&Johnson, Moderna, Oxford/AstraZeneca, Pfizer/BioNTech",1054672,389352,1444024
2021-03-24,"Moderna, Oxford/AstraZeneca, Pfizer/BioNTech",1081449,405015,1486464
2021-03-25,"Moderna, Oxford/AstraZeneca, Pfizer/BioNTech",1107681,422821,1530502
2021-03-26,"Moderna, Oxford/AstraZeneca, Pfizer/BioNTech",1132398,440266,1572664
2021-03-27,"Johnson&Johnson, Moderna, Oxford/AstraZeneca, Pfizer/BioNTech",1140795,445092,1585887
2021-03-28,"Moderna, Oxford/AstraZeneca, Pfizer/BioNTech",1146321,449215,1595536
2021-03-29,"Johnson&Johnson, Moderna, Oxford/AstraZeneca, Pfizer/BioNTech",1165321,469844,1635165
2021-03-30,"Moderna, Oxford/AstraZeneca, Pfizer/BioNTech",1189913,491948,1681861
2021-03-31,"Johnson&Johnson, Moderna, Oxford/AstraZeneca, Pfizer/BioNTech",1212901,518944,1731845
2021-04-01,"Johnson&Johnson, Moderna, Oxford/AstraZeneca, Pfizer/BioNTech",1238406,550854,1789260
2021-04-02,"Johnson&Johnson, Moderna, Oxford/AstraZeneca, Pfizer/BioNTech",1245247,563603,1808850
2021-04-03,"Moderna, Oxford/AstraZeneca, Pfizer/BioNTech",1248809,574494,1823303
2021-04-04,"Moderna, Oxford/AstraZeneca, Pfizer/BioNTech",1251275,583278,1834553
2021-04-05,"Johnson&Johnson, Moderna, Oxford/AstraZeneca, Pfizer/BioNTech",1253605,590430,1844035
2021-04-06,"Johnson&Johnson, Moderna, Oxford/AstraZeneca, Pfizer/BioNTech",1269637,619596,1889233
2021-04-07,"Johnson&Johnson, Moderna, Oxford/AstraZeneca, Pfizer/BioNTech",1292941,641690,1934631
2021-04-08,"Johnson&Johnson, Moderna, Oxford/AstraZeneca, Pfizer/BioNTech",1331381,672525,2003906
2021-04-09,"Johnson&Johnson, Moderna, Oxford/AstraZeneca, Pfizer/BioNTech",1370587,702503,2073090
2021-04-10,"Johnson&Johnson, Moderna, Oxford/AstraZeneca, Pfizer/BioNTech",1385926,717757,2103683
2021-04-11,"Johnson&Johnson, Moderna, Oxford/AstraZeneca, Pfizer/BioNTech",1395636,727759,2123395
2021-04-12,"Johnson&Johnson, Moderna, Oxford/AstraZeneca, Pfizer/BioNTech",1433654,752674,2186328
2021-04-13,"Moderna, Oxford/AstraZeneca, Pfizer/BioNTech",1469703,778563,2248266
2021-04-14,"Moderna, Oxford/AstraZeneca, Pfizer/BioNTech",1508367,805851,2314218
2021-04-15,"Moderna, Oxford/AstraZeneca, Pfizer/BioNTech",1556009,831501,2387510
2021-04-16,"Moderna, Oxford/AstraZeneca, Pfizer/BioNTech",1600483,857065,2457548
2021-04-17,"Moderna, Oxford/AstraZeneca, Pfizer/BioNTech",1617061,866058,2483119
2021-04-18,"Moderna, Oxford/AstraZeneca, Pfizer/BioNTech",1629980,871009,2500989
2021-04-19,"Moderna, Oxford/AstraZeneca, Pfizer/BioNTech",1673826,886371,2560197
2021-04-20,"Moderna, Oxford/AstraZeneca, Pfizer/BioNTech",1715894,902161,2618055
2021-04-21,"Moderna, Oxford/AstraZeneca, Pfizer/BioNTech",1763540,916394,2679934
2021-04-22,"Johnson&Johnson, Moderna, Oxford/AstraZeneca, Pfizer/BioNTech",1817943,933696,2751639
2021-04-23,"Johnson&Johnson, Moderna, Oxford/AstraZeneca, Pfizer/BioNTech",1867822,945662,2813484
2021-04-24,"Johnson&Johnson, Moderna, Oxford/AstraZeneca, Pfizer/BioNTech",1885597,950864,2836461
2021-04-25,"Johnson&Johnson, Moderna, Oxford/AstraZeneca, Pfizer/BioNTech",1900242,954845,2855087
2021-04-26,"Johnson&Johnson, Moderna, Oxford/AstraZeneca, Pfizer/BioNTech",1949759,962354,2912113
2021-04-27,"Johnson&Johnson, Moderna, Oxford/AstraZeneca, Pfizer/BioNTech",1998663,974491,2973154
2021-04-28,"Johnson&Johnson, Moderna, Oxford/AstraZeneca, Pfizer/BioNTech",2057353,988418,3045771
2021-04-29,"Johnson&Johnson, Moderna, Oxford/AstraZeneca, Pfizer/BioNTech",2122819,1004186,3127005
2021-04-30,"Johnson&Johnson, Moderna, Oxford/AstraZeneca, Pfizer/BioNTech",2184947,1014068,3199015
2021-05-01,"Johnson&Johnson, Moderna, Oxford/AstraZeneca, Pfizer/BioNTech",2204213,1017453,3221666
2021-05-02,"Johnson&Johnson, Moderna, Oxford/AstraZeneca, Pfizer/BioNTech",2223084,1019689,3242773
2021-05-03,"Johnson&Johnson, Moderna, Oxford/AstraZeneca, Pfizer/BioNTech",2290226,1024707,3314933
2021-05-04,"Johnson&Johnson, Moderna, Oxford/AstraZeneca, Pfizer/BioNTech",2356605,1032955,3389560
2021-05-05,"Johnson&Johnson, Moderna, Oxford/AstraZeneca, Pfizer/BioNTech",2429675,1042268,3471943
2021-05-06,"Johnson&Johnson, Moderna, Oxford/AstraZeneca, Pfizer/BioNTech",2509916,1052858,3562774
2021-05-07,"Johnson&Johnson, Moderna, Oxford/AstraZeneca, Pfizer/BioNTech",2587098,1062817,3649915
2021-05-08,"Johnson&Johnson, Moderna, Oxford/AstraZeneca, Pfizer/BioNTech",2616470,1064520,3680990
2021-05-09,"Johnson&Johnson, Moderna, Oxford/AstraZeneca, Pfizer/BioNTech",2640619,1065692,3706311
2021-05-10,"Johnson&Johnson, Moderna, Oxford/AstraZeneca, Pfizer/BioNTech",2713253,1072800,3786053
2021-05-11,"Johnson&Johnson, Moderna, Oxford/AstraZeneca, Pfizer/BioNTech",2789257,1081540,3870797
2021-05-12,"Johnson&Johnson, Moderna, Oxford/AstraZeneca, Pfizer/BioNTech",2868993,1090527,3959520
2021-05-13,"Johnson&Johnson, Moderna, Oxford/AstraZeneca, Pfizer/BioNTech",2952891,1099601,4052492
2021-05-14,"Johnson&Johnson, Moderna, Oxford/AstraZeneca, Pfizer/BioNTech",3032184,1107291,4139475
2021-05-15,"Johnson&Johnson, Moderna, Oxford/AstraZeneca, Pfizer/BioNTech",3063996,1109450,4173446
2021-05-16,"Johnson&Johnson, Moderna, Oxford/AstraZeneca, Pfizer/BioNTech",3089721,1110628,4200349
2021-05-17,"Johnson&Johnson, Moderna, Oxford/AstraZeneca, Pfizer/BioNTech",3162143,1117272,4279415
2021-05-18,"Johnson&Johnson, Moderna, Oxford/AstraZeneca, Pfizer/BioNTech",3233985,1130206,4364191
2021-05-19,"Johnson&Johnson, Moderna, Oxford/AstraZeneca, Pfizer/BioNTech",3311323,1145229,4456552
2021-05-20,"Johnson&Johnson, Moderna, Oxford/AstraZeneca, Pfizer/BioNTech",3386615,1172100,4558715
2021-05-21,"Johnson&Johnson, Moderna, Oxford/AstraZeneca, Pfizer/BioNTech",3455305,1199703,4655008
2021-05-22,"Johnson&Johnson, Moderna, Oxford/AstraZeneca, Pfizer/BioNTech",3487580,1210753,4698333
2021-05-23,"Johnson&Johnson, Moderna, Oxford/AstraZeneca, Pfizer/BioNTech",3509851,1219710,4729561
2021-05-24,"Johnson&Johnson, Moderna, Oxford/AstraZeneca, Pfizer/BioNTech",3556857,1253171,4810028
2021-05-25,"Johnson&Johnson, Moderna, Oxford/AstraZeneca, Pfizer/BioNTech",3608605,1288786,4897391
2021-05-26,"Johnson&Johnson, Moderna, Oxford/AstraZeneca, Pfizer/BioNTech",3676245,1326165,5002410
2021-05-27,"Johnson&Johnson, Moderna, Oxford/AstraZeneca, Pfizer/BioNTech",3737509,1373360,5110869
2021-05-28,"Johnson&Johnson, Moderna, Oxford/AstraZeneca, Pfizer/BioNTech",3799111,1419728,5218839
2021-05-29,"Johnson&Johnson, Moderna, Oxford/AstraZeneca, Pfizer/BioNTech",3828217,1436756,5264973
2021-05-30,"Johnson&Johnson, Moderna, Oxford/AstraZeneca, Pfizer/BioNTech",3850524,1451122,5301646
2021-05-31,"Johnson&Johnson, Moderna, Oxford/AstraZeneca, Pfizer/BioNTech",3906158,1498461,5404619
2021-06-01,"Johnson&Johnson, Moderna, Oxford/AstraZeneca, Pfizer/BioNTech",3965055,1546735,5511790
2021-06-02,"Johnson&Johnson, Moderna, Oxford/AstraZeneca, Pfizer/BioNTech",4027842,1600588,5628430
2021-06-03,"Johnson&Johnson, Moderna, Oxford/AstraZeneca, Pfizer/BioNTech",4085946,1660623,5746569
2021-06-04,"Johnson&Johnson, Moderna, Oxford/AstraZeneca, Pfizer/BioNTech",4148915,1717871,5866786
2021-06-05,"Johnson&Johnson, Moderna, Oxford/AstraZeneca, Pfizer/BioNTech",4182983,1736599,5919582
2021-06-06,"Johnson&Johnson, Moderna, Oxford/AstraZeneca, Pfizer/BioNTech",4209847,1751650,5961497
2021-06-07,"Johnson&Johnson, Moderna, Oxford/AstraZeneca, Pfizer/BioNTech",4273370,1807140,6080510
2021-06-08,"Johnson&Johnson, Moderna, Oxford/AstraZeneca, Pfizer/BioNTech",4337189,1861978,6199167
2021-06-09,"Johnson&Johnson, Moderna, Oxford/AstraZeneca, Pfizer/BioNTech",4396167,1926181,6322348
2021-06-10,"Johnson&Johnson, Moderna, Oxford/AstraZeneca, Pfizer/BioNTech",4449726,1997056,6446782
2021-06-11,"Johnson&Johnson, Moderna, Oxford/AstraZeneca, Pfizer/BioNTech",4501643,2066570,6568213
2021-06-12,"Johnson&Johnson, Moderna, Oxford/AstraZeneca, Pfizer/BioNTech",4533540,2087263,6620803
2021-06-13,"Johnson&Johnson, Moderna, Oxford/AstraZeneca, Pfizer/BioNTech",4557510,2105587,6663097
2021-06-14,"Johnson&Johnson, Moderna, Oxford/AstraZeneca, Pfizer/BioNTech",4599812,2179768,6779580
2021-06-15,"Johnson&Johnson, Moderna, Oxford/AstraZeneca, Pfizer/BioNTech",4643846,2251918,6895764
2021-06-16,"Johnson&Johnson, Moderna, Oxford/AstraZeneca, Pfizer/BioNTech",4685804,2329933,7015737
2021-06-17,"Johnson&Johnson, Moderna, Oxford/AstraZeneca, Pfizer/BioNTech",4724626,2412787,7137413
2021-06-18,"Johnson&Johnson, Moderna, Oxford/AstraZeneca, Pfizer/BioNTech",4766090,2493053,7259143
2021-06-19,"Johnson&Johnson, Moderna, Oxford/AstraZeneca, Pfizer/BioNTech",4787756,2522229,7309985
2021-06-20,"Johnson&Johnson, Moderna, Oxford/AstraZeneca, Pfizer/BioNTech",4805063,2545951,7351014
2021-06-21,"Johnson&Johnson, Moderna, Oxford/AstraZeneca, Pfizer/BioNTech",4837367,2624317,7461684
2021-06-22,"Johnson&Johnson, Moderna, Oxford/AstraZeneca, Pfizer/BioNTech",4869448,2706375,7575823
2021-06-23,"Johnson&Johnson, Moderna, Oxford/AstraZeneca, Pfizer/BioNTech",4900281,2791397,7691678
2021-06-24,"Johnson&Johnson, Moderna, Oxford/AstraZeneca, Pfizer/BioNTech",4929850,2881268,7811118
2021-06-25,"Johnson&Johnson, Moderna, Oxford/AstraZeneca, Pfizer/BioNTech",4960486,2967164,7927650
2021-06-26,"Johnson&Johnson, Moderna, Oxford/AstraZeneca, Pfizer/BioNTech",4976157,3001835,7977992
2021-06-27,"Johnson&Johnson, Moderna, Oxford/AstraZeneca, Pfizer/BioNTech",4989974,3028380,8018354
2021-06-28,"Johnson&Johnson, Moderna, Oxford/AstraZeneca, Pfizer/BioNTech",5018100,3113341,8131441
2021-06-29,"Johnson&Johnson, Moderna, Oxford/AstraZeneca, Pfizer/BioNTech",5046992,3199622,8246614
2021-06-30,"Johnson&Johnson, Moderna, Oxford/AstraZeneca, Pfizer/BioNTech",5074229,3290308,8364537
2021-07-01,"Johnson&Johnson, Moderna, Oxford/AstraZeneca, Pfizer/BioNTech",5097715,3379997,8477712
2021-07-02,"Johnson&Johnson, Moderna, Oxford/AstraZeneca, Pfizer/BioNTech",5124046,3465447,8589493
2021-07-03,"Johnson&Johnson, Moderna, Oxford/AstraZeneca, Pfizer/BioNTech",5131008,3496827,8627835
2021-07-04,"Johnson&Johnson, Moderna, Oxford/AstraZeneca, Pfizer/BioNTech",5138465,3518546,8657011
2021-07-05,"Johnson&Johnson, Moderna, Oxford/AstraZeneca, Pfizer/BioNTech",5145713,3543794,8689507
2021-07-06,"Johnson&Johnson, Moderna, Oxford/AstraZeneca, Pfizer/BioNTech",5151018,3571300,8722318
2021-07-07,"Johnson&Johnson, Moderna, Oxford/AstraZeneca, Pfizer/BioNTech",5176452,3649948,8826400
2021-07-08,"Johnson&Johnson, Moderna, Oxford/AstraZeneca, Pfizer/BioNTech",5202765,3720018,8922783
2021-07-09,"Johnson&Johnson, Moderna, Oxford/AstraZeneca, Pfizer/BioNTech",5230285,3788995,9019280
2021-07-10,"Johnson&Johnson, Moderna, Oxford/AstraZeneca, Pfizer/BioNTech",5239502,3817478,9056980
2021-07-11,"Johnson&Johnson, Moderna, Oxford/AstraZeneca, Pfizer/BioNTech",5247946,3840270,9088216
2021-07-12,"Johnson&Johnson, Moderna, Oxford/AstraZeneca, Pfizer/BioNTech",5275097,3909084,9184181
2021-07-13,"Johnson&Johnson, Moderna, Oxford/AstraZeneca, Pfizer/BioNTech",5300920,3978676,9279596
2021-07-14,"Johnson&Johnson, Moderna, Oxford/AstraZeneca, Pfizer/BioNTech",5326550,4050377,9376927
2021-07-15,"Johnson&Johnson, Moderna, Oxford/AstraZeneca, Pfizer/BioNTech",5355443,4116032,9471475
2021-07-16,"Johnson&Johnson, Moderna, Oxford/AstraZeneca, Pfizer/BioNTech",5382844,4188342,9571186
2021-07-17,"Johnson&Johnson, Moderna, Oxford/AstraZeneca, Pfizer/BioNTech",5391483,4219637,9611120
2021-07-18,"Johnson&Johnson, Moderna, Oxford/AstraZeneca, Pfizer/BioNTech",5399842,4245517,9645359
2021-07-19,"Johnson&Johnson, Moderna, Oxford/AstraZeneca, Pfizer/BioNTech",5422789,4312013,9734802
2021-07-20,"Johnson&Johnson, Moderna, Oxford/AstraZeneca, Pfizer/BioNTech",5443936,4378669,9822605
2021-07-21,"Johnson&Johnson, Moderna, Oxford/AstraZeneca, Pfizer/BioNTech",5466844,4441560,9908404
2021-07-22,"Johnson&Johnson, Moderna, Oxford/AstraZeneca, Pfizer/BioNTech",5488879,4499573,9988452
2021-07-23,"Johnson&Johnson, Moderna, Oxford/AstraZeneca, Pfizer/BioNTech",5511485,4553488,10064973
2021-07-24,"Johnson&Johnson, Moderna, Oxford/AstraZeneca, Pfizer/BioNTech",5518543,4580766,10099309
2021-07-25,"Johnson&Johnson, Moderna, Oxford/AstraZeneca, Pfizer/BioNTech",5524855,4602446,10127301
2021-07-26,"Johnson&Johnson, Moderna, Oxford/AstraZeneca, Pfizer/BioNTech",5547649,4649527,10197176
2021-07-27,"Johnson&Johnson, Moderna, Oxford/AstraZeneca, Pfizer/BioNTech",5569387,4694595,10263982
2021-07-28,"Johnson&Johnson, Moderna, Oxford/AstraZeneca, Pfizer/BioNTech",5589800,4739019,10328819
2021-07-29,"Johnson&Johnson, Moderna, Oxford/AstraZeneca, Pfizer/BioNTech",5610554,4779913,10390467
2021-07-30,"Johnson&Johnson, Moderna, Oxford/AstraZeneca, Pfizer/BioNTech",5632658,4820638,10453296
2021-07-31,"Johnson&Johnson, Moderna, Oxford/AstraZeneca, Pfizer/BioNTech",5641227,4839746,10480973
2021-08-01,"Johnson&Johnson, Moderna, Oxford/AstraZeneca, Pfizer/BioNTech",5647184,4855230,10502414
