date,vaccine,people_vaccinated,people_fully_vaccinated,total_vaccinations
2020-12-27,Pfizer/BioNTech,1283,0,1283
2020-12-28,Pfizer/BioNTech,3589,0,3589
2020-12-29,Pfizer/BioNTech,7056,0,7056
2020-12-30,Pfizer/BioNTech,10573,0,10573
2020-12-31,Pfizer/BioNTech,11882,0,11882
2021-01-01,"Moderna, Pfizer/BioNTech",12151,0,12151
2021-01-02,Pfizer/BioNTech,13429,0,13429
2021-01-03,Pfizer/BioNTech,14352,0,14352
2021-01-04,"Moderna, Pfizer/BioNTech",17964,0,17964
2021-01-05,"Moderna, Pfizer/BioNTech",22485,1,22486
2021-01-06,"Moderna, Pfizer/BioNTech",28328,2,28330
2021-01-07,"Moderna, Pfizer/BioNTech",36324,2,36326
2021-01-08,"Moderna, Pfizer/BioNTech",46375,3,46378
2021-01-09,"Moderna, Pfizer/BioNTech",48401,4,48405
2021-01-10,Pfizer/BioNTech,50168,5,50173
2021-01-11,Pfizer/BioNTech,60025,7,60032
2021-01-12,"Moderna, Pfizer/BioNTech",73472,9,73481
2021-01-13,Pfizer/BioNTech,87008,9,87017
2021-01-14,"Moderna, Pfizer/BioNTech",102253,13,102266
2021-01-15,"Moderna, Pfizer/BioNTech",116266,14,116280
2021-01-16,"Moderna, Pfizer/BioNTech",119665,17,119682
2021-01-17,"Moderna, Pfizer/BioNTech",122283,653,122936
2021-01-18,"Moderna, Pfizer/BioNTech",134770,2479,137249
2021-01-19,"Moderna, Pfizer/BioNTech",147371,5203,152574
2021-01-20,"Moderna, Pfizer/BioNTech",161054,7864,168918
2021-01-21,"Moderna, Pfizer/BioNTech",176702,9607,186309
2021-01-22,"Moderna, Pfizer/BioNTech",191582,10653,202235
2021-01-23,"Moderna, Pfizer/BioNTech",194903,11533,206436
2021-01-24,"Moderna, Pfizer/BioNTech",197158,12402,209560
2021-01-25,"Moderna, Pfizer/BioNTech",206799,15375,222174
2021-01-26,"Moderna, Pfizer/BioNTech",217338,19367,236705
2021-01-27,"Moderna, Pfizer/BioNTech",226367,23903,250270
2021-01-28,"Moderna, Pfizer/BioNTech",233468,30033,263501
2021-01-29,"Moderna, Pfizer/BioNTech",239681,37945,277626
2021-01-30,"Moderna, Pfizer/BioNTech",240419,39033,279452
2021-01-31,"Moderna, Pfizer/BioNTech",241133,40214,281347
2021-02-01,"Moderna, Pfizer/BioNTech",245112,48177,293289
2021-02-02,"Moderna, Pfizer/BioNTech",249257,58408,307665
2021-02-03,"Moderna, Pfizer/BioNTech",253679,69419,323098
2021-02-04,"Moderna, Pfizer/BioNTech",258576,82406,340982
2021-02-05,"Moderna, Pfizer/BioNTech",264043,93080,357123
2021-02-06,"Moderna, Oxford/AstraZeneca, Pfizer/BioNTech",264892,95446,360338
2021-02-07,"Moderna, Pfizer/BioNTech",265742,97947,363689
2021-02-08,"Moderna, Oxford/AstraZeneca, Pfizer/BioNTech",269824,109375,379199
2021-02-09,"Moderna, Oxford/AstraZeneca, Pfizer/BioNTech",274919,121286,396205
2021-02-10,"Moderna, Oxford/AstraZeneca, Pfizer/BioNTech",280427,134541,414968
2021-02-11,"Moderna, Oxford/AstraZeneca, Pfizer/BioNTech",286761,150756,437517
2021-02-12,"Moderna, Oxford/AstraZeneca, Pfizer/BioNTech",293580,165489,459069
2021-02-13,"Moderna, Oxford/AstraZeneca, Pfizer/BioNTech",295190,168478,463668
2021-02-14,"Moderna, Oxford/AstraZeneca, Pfizer/BioNTech",296191,169862,466053
2021-02-15,"Moderna, Oxford/AstraZeneca, Pfizer/BioNTech",302589,179223,481812
2021-02-16,"Moderna, Oxford/AstraZeneca, Pfizer/BioNTech",311305,188302,499607
2021-02-17,"Moderna, Oxford/AstraZeneca, Pfizer/BioNTech",321003,196605,517608
2021-02-18,"Moderna, Oxford/AstraZeneca, Pfizer/BioNTech",333319,204686,538005
2021-02-19,"Moderna, Oxford/AstraZeneca, Pfizer/BioNTech",345174,212049,557223
2021-02-20,"Moderna, Oxford/AstraZeneca, Pfizer/BioNTech",347174,213232,560406
2021-02-21,"Moderna, Oxford/AstraZeneca, Pfizer/BioNTech",348306,214255,562561
2021-02-22,"Moderna, Oxford/AstraZeneca, Pfizer/BioNTech",358425,220285,578710
2021-02-23,"Moderna, Oxford/AstraZeneca, Pfizer/BioNTech",371371,227265,598636
2021-02-24,"Moderna, Oxford/AstraZeneca, Pfizer/BioNTech",385240,233301,618541
2021-02-25,"Moderna, Oxford/AstraZeneca, Pfizer/BioNTech",403205,238850,642055
2021-02-26,"Moderna, Oxford/AstraZeneca, Pfizer/BioNTech",419369,244200,663569
2021-02-27,"Moderna, Oxford/AstraZeneca, Pfizer/BioNTech",422377,244756,667133
2021-02-28,"Moderna, Oxford/AstraZeneca, Pfizer/BioNTech",424723,245307,670030
2021-03-01,"Moderna, Oxford/AstraZeneca, Pfizer/BioNTech",444311,248754,693065
2021-03-02,"Moderna, Oxford/AstraZeneca, Pfizer/BioNTech",471530,252297,723827
2021-03-03,"Moderna, Oxford/AstraZeneca, Pfizer/BioNTech",502423,256801,759224
2021-03-04,"Moderna, Oxford/AstraZeneca, Pfizer/BioNTech",535697,261485,797182
2021-03-05,"Johnson&Johnson, Moderna, Oxford/AstraZeneca, Pfizer/BioNTech",564519,266905,831424
2021-03-06,"Johnson&Johnson, Moderna, Oxford/AstraZeneca, Pfizer/BioNTech",576664,267767,844431
2021-03-07,"Johnson&Johnson, Moderna, Oxford/AstraZeneca, Pfizer/BioNTech",588200,268608,856808
2021-03-08,"Johnson&Johnson, Moderna, Oxford/AstraZeneca, Pfizer/BioNTech",617937,273462,891399
2021-03-09,"Johnson&Johnson, Moderna, Oxford/AstraZeneca, Pfizer/BioNTech",654294,279840,934134
2021-03-10,"Moderna, Oxford/AstraZeneca, Pfizer/BioNTech",695604,286794,982398
2021-03-11,"Johnson&Johnson, Moderna, Oxford/AstraZeneca, Pfizer/BioNTech",740429,295163,1035592
2021-03-12,"Johnson&Johnson, Moderna, Oxford/AstraZeneca, Pfizer/BioNTech",779195,303656,1082851
2021-03-13,"Johnson&Johnson, Moderna, Oxford/AstraZeneca, Pfizer/BioNTech",796277,304963,1101240
2021-03-14,"Johnson&Johnson, Moderna, Oxford/AstraZeneca, Pfizer/BioNTech",808389,306115,1114504
2021-03-15,"Moderna, Oxford/AstraZeneca, Pfizer/BioNTech",836768,314889,1151657
2021-03-16,"Johnson&Johnson, Moderna, Oxford/AstraZeneca, Pfizer/BioNTech",875650,325425,1201075
2021-03-17,"Moderna, Oxford/AstraZeneca, Pfizer/BioNTech",913111,335929,1249040
2021-03-18,"Johnson&Johnson, Moderna, Oxford/AstraZeneca, Pfizer/BioNTech",951088,348341,1299429
2021-03-19,"Moderna, Oxford/AstraZeneca, Pfizer/BioNTech",985568,361948,1347516
2021-03-20,"Johnson&Johnson, Moderna, Oxford/AstraZeneca, Pfizer/BioNTech",1000710,363977,1364687
2021-03-21,"Johnson&Johnson, Moderna, Oxford/AstraZeneca, Pfizer/BioNTech",1008131,365534,1373665
2021-03-22,"Johnson&Johnson, Moderna, Oxford/AstraZeneca, Pfizer/BioNTech",1032690,378033,1410723
2021-03-23,"Johnson&Johnson, Moderna, Oxford/AstraZeneca, Pfizer/BioNTech",1059333,391382,1450715
2021-03-24,"Johnson&Johnson, Moderna, Oxford/AstraZeneca, Pfizer/BioNTech",1086191,407115,1493306
2021-03-25,"Moderna, Oxford/AstraZeneca, Pfizer/BioNTech",1112526,424964,1537490
2021-03-26,"Johnson&Johnson, Moderna, Oxford/AstraZeneca, Pfizer/BioNTech",1137334,442465,1579799
2021-03-27,"Johnson&Johnson, Moderna, Oxford/AstraZeneca, Pfizer/BioNTech",1145767,447312,1593079
2021-03-28,"Moderna, Oxford/AstraZeneca, Pfizer/BioNTech",1151305,451452,1602757
2021-03-29,"Johnson&Johnson, Moderna, Oxford/AstraZeneca, Pfizer/BioNTech",1170431,472186,1642617
2021-03-30,"Johnson&Johnson, Moderna, Oxford/AstraZeneca, Pfizer/BioNTech",1195120,494360,1689480
2021-03-31,"Johnson&Johnson, Moderna, Oxford/AstraZeneca, Pfizer/BioNTech",1218229,521416,1739645
2021-04-01,"Johnson&Johnson, Moderna, Oxford/AstraZeneca, Pfizer/BioNTech",1243866,553461,1797327
2021-04-02,"Johnson&Johnson, Moderna, Oxford/AstraZeneca, Pfizer/BioNTech",1250791,566247,1817038
2021-04-03,"Johnson&Johnson, Moderna, Oxford/AstraZeneca, Pfizer/BioNTech",1254414,577170,1831584
2021-04-04,"Johnson&Johnson, Moderna, Oxford/AstraZeneca, Pfizer/BioNTech",1256924,586089,1843013
2021-04-05,"Johnson&Johnson, Moderna, Oxford/AstraZeneca, Pfizer/BioNTech",1259331,593271,1852602
2021-04-06,"Johnson&Johnson, Moderna, Oxford/AstraZeneca, Pfizer/BioNTech",1275474,622525,1897999
2021-04-07,"Johnson&Johnson, Moderna, Oxford/AstraZeneca, Pfizer/BioNTech",1298899,644752,1943651
2021-04-08,"Johnson&Johnson, Moderna, Oxford/AstraZeneca, Pfizer/BioNTech",1337624,675767,2013391
2021-04-09,"Johnson&Johnson, Moderna, Oxford/AstraZeneca, Pfizer/BioNTech",1377163,705944,2083107
2021-04-10,"Johnson&Johnson, Moderna, Oxford/AstraZeneca, Pfizer/BioNTech",1392664,721234,2113898
2021-04-11,"Johnson&Johnson, Moderna, Oxford/AstraZeneca, Pfizer/BioNTech",1402444,731279,2133723
2021-04-12,"Johnson&Johnson, Moderna, Oxford/AstraZeneca, Pfizer/BioNTech",1440714,756415,2197129
2021-04-13,"Moderna, Oxford/AstraZeneca, Pfizer/BioNTech",1476970,782447,2259417
2021-04-14,"Moderna, Oxford/AstraZeneca, Pfizer/BioNTech",1515795,809806,2325601
2021-04-15,"Moderna, Oxford/AstraZeneca, Pfizer/BioNTech",1563587,835556,2399143
2021-04-16,"Moderna, Oxford/AstraZeneca, Pfizer/BioNTech",1608248,861201,2469449
2021-04-17,"Moderna, Oxford/AstraZeneca, Pfizer/BioNTech",1624941,870226,2495167
2021-04-18,"Moderna, Oxford/AstraZeneca, Pfizer/BioNTech",1637930,875207,2513137
2021-04-19,"Moderna, Oxford/AstraZeneca, Pfizer/BioNTech",1681910,890634,2572544
2021-04-20,"Johnson&Johnson, Moderna, Oxford/AstraZeneca, Pfizer/BioNTech",1724468,906490,2630958
2021-04-21,"Moderna, Oxford/AstraZeneca, Pfizer/BioNTech",1772199,920837,2693036
2021-04-22,"Johnson&Johnson, Moderna, Oxford/AstraZeneca, Pfizer/BioNTech",1826695,938213,2764908
2021-04-23,"Johnson&Johnson, Moderna, Oxford/AstraZeneca, Pfizer/BioNTech",1876665,950263,2826928
2021-04-24,"Johnson&Johnson, Moderna, Oxford/AstraZeneca, Pfizer/BioNTech",1894499,955510,2850009
2021-04-25,"Johnson&Johnson, Moderna, Oxford/AstraZeneca, Pfizer/BioNTech",1909192,959507,2868699
2021-04-26,"Johnson&Johnson, Moderna, Oxford/AstraZeneca, Pfizer/BioNTech",1958768,967055,2925823
2021-04-27,"Johnson&Johnson, Moderna, Oxford/AstraZeneca, Pfizer/BioNTech",2007727,979278,2987005
2021-04-28,"Johnson&Johnson, Moderna, Oxford/AstraZeneca, Pfizer/BioNTech",2066475,993271,3059746
2021-04-29,"Johnson&Johnson, Moderna, Oxford/AstraZeneca, Pfizer/BioNTech",2132029,1009159,3141188
2021-04-30,"Johnson&Johnson, Moderna, Oxford/AstraZeneca, Pfizer/BioNTech",2194262,1019126,3213388
2021-05-01,"Johnson&Johnson, Moderna, Oxford/AstraZeneca, Pfizer/BioNTech",2213595,1022576,3236171
2021-05-02,"Johnson&Johnson, Moderna, Oxford/AstraZeneca, Pfizer/BioNTech",2232510,1024841,3257351
2021-05-03,"Johnson&Johnson, Moderna, Oxford/AstraZeneca, Pfizer/BioNTech",2299752,1029895,3329647
2021-05-04,"Johnson&Johnson, Moderna, Oxford/AstraZeneca, Pfizer/BioNTech",2366251,1038230,3404481
2021-05-05,"Johnson&Johnson, Moderna, Oxford/AstraZeneca, Pfizer/BioNTech",2439408,1047632,3487040
2021-05-06,"Johnson&Johnson, Moderna, Oxford/AstraZeneca, Pfizer/BioNTech",2519782,1058354,3578136
2021-05-07,"Johnson&Johnson, Moderna, Oxford/AstraZeneca, Pfizer/BioNTech",2597024,1068416,3665440
2021-05-08,"Johnson&Johnson, Moderna, Oxford/AstraZeneca, Pfizer/BioNTech",2626463,1070180,3696643
2021-05-09,"Johnson&Johnson, Moderna, Oxford/AstraZeneca, Pfizer/BioNTech",2650661,1071387,3722048
2021-05-10,"Johnson&Johnson, Moderna, Oxford/AstraZeneca, Pfizer/BioNTech",2723421,1078602,3802023
2021-05-11,"Johnson&Johnson, Moderna, Oxford/AstraZeneca, Pfizer/BioNTech",2799510,1087397,3886907
2021-05-12,"Johnson&Johnson, Moderna, Oxford/AstraZeneca, Pfizer/BioNTech",2879367,1096498,3975865
2021-05-13,"Johnson&Johnson, Moderna, Oxford/AstraZeneca, Pfizer/BioNTech",2963370,1105653,4069023
2021-05-14,"Johnson&Johnson, Moderna, Oxford/AstraZeneca, Pfizer/BioNTech",3042810,1113438,4156248
2021-05-15,"Johnson&Johnson, Moderna, Oxford/AstraZeneca, Pfizer/BioNTech",3074692,1115682,4190374
2021-05-16,"Johnson&Johnson, Moderna, Oxford/AstraZeneca, Pfizer/BioNTech",3100450,1116945,4217395
2021-05-17,"Johnson&Johnson, Moderna, Oxford/AstraZeneca, Pfizer/BioNTech",3172942,1123669,4296611
2021-05-18,"Johnson&Johnson, Moderna, Oxford/AstraZeneca, Pfizer/BioNTech",3244859,1136730,4381589
2021-05-19,"Johnson&Johnson, Moderna, Oxford/AstraZeneca, Pfizer/BioNTech",3322307,1151860,4474167
2021-05-20,"Johnson&Johnson, Moderna, Oxford/AstraZeneca, Pfizer/BioNTech",3397735,1178882,4576617
2021-05-21,"Johnson&Johnson, Moderna, Oxford/AstraZeneca, Pfizer/BioNTech",3466487,1206629,4673116
2021-05-22,"Johnson&Johnson, Moderna, Oxford/AstraZeneca, Pfizer/BioNTech",3498848,1217805,4716653
2021-05-23,"Johnson&Johnson, Moderna, Oxford/AstraZeneca, Pfizer/BioNTech",3521198,1226837,4748035
2021-05-24,"Johnson&Johnson, Moderna, Oxford/AstraZeneca, Pfizer/BioNTech",3568317,1260484,4828801
2021-05-25,"Johnson&Johnson, Moderna, Oxford/AstraZeneca, Pfizer/BioNTech",3620145,1296278,4916423
2021-05-26,"Johnson&Johnson, Moderna, Oxford/AstraZeneca, Pfizer/BioNTech",3687881,1333788,5021669
2021-05-27,"Johnson&Johnson, Moderna, Oxford/AstraZeneca, Pfizer/BioNTech",3749253,1381102,5130355
2021-05-28,"Johnson&Johnson, Moderna, Oxford/AstraZeneca, Pfizer/BioNTech",3810934,1427660,5238594
2021-05-29,"Johnson&Johnson, Moderna, Oxford/AstraZeneca, Pfizer/BioNTech",3840101,1444757,5284858
2021-05-30,"Johnson&Johnson, Moderna, Oxford/AstraZeneca, Pfizer/BioNTech",3862455,1459188,5321643
2021-05-31,"Johnson&Johnson, Moderna, Oxford/AstraZeneca, Pfizer/BioNTech",3918179,1506715,5424894
2021-06-01,"Johnson&Johnson, Moderna, Oxford/AstraZeneca, Pfizer/BioNTech",3977186,1555543,5532729
2021-06-02,"Johnson&Johnson, Moderna, Oxford/AstraZeneca, Pfizer/BioNTech",4040053,1609503,5649556
2021-06-03,"Johnson&Johnson, Moderna, Oxford/AstraZeneca, Pfizer/BioNTech",4098258,1669694,5767952
2021-06-04,"Johnson&Johnson, Moderna, Oxford/AstraZeneca, Pfizer/BioNTech",4161327,1727083,5888410
2021-06-05,"Johnson&Johnson, Moderna, Oxford/AstraZeneca, Pfizer/BioNTech",4195457,1745912,5941369
2021-06-06,"Johnson&Johnson, Moderna, Oxford/AstraZeneca, Pfizer/BioNTech",4222363,1761040,5983403
2021-06-07,"Johnson&Johnson, Moderna, Oxford/AstraZeneca, Pfizer/BioNTech",4286036,1816639,6102675
2021-06-08,"Johnson&Johnson, Moderna, Oxford/AstraZeneca, Pfizer/BioNTech",4350000,1871596,6221596
2021-06-09,"Johnson&Johnson, Moderna, Oxford/AstraZeneca, Pfizer/BioNTech",4409147,1936127,6345274
2021-06-10,"Johnson&Johnson, Moderna, Oxford/AstraZeneca, Pfizer/BioNTech",4462995,2007307,6470302
2021-06-11,"Johnson&Johnson, Moderna, Oxford/AstraZeneca, Pfizer/BioNTech",4515081,2077033,6592114
2021-06-12,"Johnson&Johnson, Moderna, Oxford/AstraZeneca, Pfizer/BioNTech",4547080,2097808,6644888
2021-06-13,"Johnson&Johnson, Moderna, Oxford/AstraZeneca, Pfizer/BioNTech",4571087,2116193,6687280
2021-06-14,"Johnson&Johnson, Moderna, Oxford/AstraZeneca, Pfizer/BioNTech",4614150,2190539,6804689
2021-06-15,"Johnson&Johnson, Moderna, Oxford/AstraZeneca, Pfizer/BioNTech",4658782,2262849,6921631
2021-06-16,"Johnson&Johnson, Moderna, Oxford/AstraZeneca, Pfizer/BioNTech",4701503,2341025,7042528
2021-06-17,"Johnson&Johnson, Moderna, Oxford/AstraZeneca, Pfizer/BioNTech",4740864,2424039,7164903
2021-06-18,"Johnson&Johnson, Moderna, Oxford/AstraZeneca, Pfizer/BioNTech",4783248,2504502,7287750
2021-06-19,"Johnson&Johnson, Moderna, Oxford/AstraZeneca, Pfizer/BioNTech",4804997,2533747,7338744
2021-06-20,"Johnson&Johnson, Moderna, Oxford/AstraZeneca, Pfizer/BioNTech",4822358,2557544,7379902
2021-06-21,"Johnson&Johnson, Moderna, Oxford/AstraZeneca, Pfizer/BioNTech",4854850,2636063,7490913
2021-06-22,"Johnson&Johnson, Moderna, Oxford/AstraZeneca, Pfizer/BioNTech",4887804,2718265,7606069
2021-06-23,"Johnson&Johnson, Moderna, Oxford/AstraZeneca, Pfizer/BioNTech",4919439,2803424,7722863
2021-06-24,"Johnson&Johnson, Moderna, Oxford/AstraZeneca, Pfizer/BioNTech",4949264,2893381,7842645
2021-06-25,"Johnson&Johnson, Moderna, Oxford/AstraZeneca, Pfizer/BioNTech",4980310,2979448,7959758
2021-06-26,"Johnson&Johnson, Moderna, Oxford/AstraZeneca, Pfizer/BioNTech",4996169,3014223,8010392
2021-06-27,"Johnson&Johnson, Moderna, Oxford/AstraZeneca, Pfizer/BioNTech",5010108,3040839,8050947
2021-06-28,"Johnson&Johnson, Moderna, Oxford/AstraZeneca, Pfizer/BioNTech",5038505,3125960,8164465
2021-06-29,"Johnson&Johnson, Moderna, Oxford/AstraZeneca, Pfizer/BioNTech",5067765,3212368,8280133
2021-06-30,"Johnson&Johnson, Moderna, Oxford/AstraZeneca, Pfizer/BioNTech",5095239,3303297,8398536
2021-07-01,"Johnson&Johnson, Moderna, Oxford/AstraZeneca, Pfizer/BioNTech",5119203,3393299,8512502
2021-07-02,"Johnson&Johnson, Moderna, Oxford/AstraZeneca, Pfizer/BioNTech",5145904,3479091,8624995
2021-07-03,"Johnson&Johnson, Moderna, Oxford/AstraZeneca, Pfizer/BioNTech",5152976,3510569,8663545
2021-07-04,"Johnson&Johnson, Moderna, Oxford/AstraZeneca, Pfizer/BioNTech",5160525,3532343,8692868
2021-07-05,"Johnson&Johnson, Moderna, Oxford/AstraZeneca, Pfizer/BioNTech",5167887,3557688,8725575
2021-07-06,"Johnson&Johnson, Moderna, Oxford/AstraZeneca, Pfizer/BioNTech",5173295,3585305,8758600
2021-07-07,"Johnson&Johnson, Moderna, Oxford/AstraZeneca, Pfizer/BioNTech",5199072,3664226,8863298
2021-07-08,"Johnson&Johnson, Moderna, Oxford/AstraZeneca, Pfizer/BioNTech",5225657,3734494,8960151
2021-07-09,"Johnson&Johnson, Moderna, Oxford/AstraZeneca, Pfizer/BioNTech",5253567,3803706,9057273
2021-07-10,"Johnson&Johnson, Moderna, Oxford/AstraZeneca, Pfizer/BioNTech",5262909,3832296,9095205
2021-07-11,"Johnson&Johnson, Moderna, Oxford/AstraZeneca, Pfizer/BioNTech",5271428,3855153,9126581
2021-07-12,"Johnson&Johnson, Moderna, Oxford/AstraZeneca, Pfizer/BioNTech",5298942,3924189,9223131
2021-07-13,"Johnson&Johnson, Moderna, Oxford/AstraZeneca, Pfizer/BioNTech",5325113,3994003,9319116
2021-07-14,"Johnson&Johnson, Moderna, Oxford/AstraZeneca, Pfizer/BioNTech",5350915,4065915,9416830
2021-07-15,"Johnson&Johnson, Moderna, Oxford/AstraZeneca, Pfizer/BioNTech",5380075,4131850,9511925
2021-07-16,"Johnson&Johnson, Moderna, Oxford/AstraZeneca, Pfizer/BioNTech",5407983,4204496,9612479
2021-07-17,"Johnson&Johnson, Moderna, Oxford/AstraZeneca, Pfizer/BioNTech",5416746,4235892,9652638
2021-07-18,"Johnson&Johnson, Moderna, Oxford/AstraZeneca, Pfizer/BioNTech",5425183,4261859,9687042
2021-07-19,"Johnson&Johnson, Moderna, Oxford/AstraZeneca, Pfizer/BioNTech",5448526,4328831,9777357
2021-07-20,"Johnson&Johnson, Moderna, Oxford/AstraZeneca, Pfizer/BioNTech",5469897,4395812,9865709
2021-07-21,"Johnson&Johnson, Moderna, Oxford/AstraZeneca, Pfizer/BioNTech",5493338,4459213,9952551
2021-07-22,"Johnson&Johnson, Moderna, Oxford/AstraZeneca, Pfizer/BioNTech",5515688,4517769,10033457
2021-07-23,"Johnson&Johnson, Moderna, Oxford/AstraZeneca, Pfizer/BioNTech",5538873,4572449,10111322
2021-07-24,"Johnson&Johnson, Moderna, Oxford/AstraZeneca, Pfizer/BioNTech",5546180,4600073,10146253
2021-07-25,"Johnson&Johnson, Moderna, Oxford/AstraZeneca, Pfizer/BioNTech",5552790,4622168,10174958
2021-07-26,"Johnson&Johnson, Moderna, Oxford/AstraZeneca, Pfizer/BioNTech",5576318,4670784,10247102
2021-07-27,"Johnson&Johnson, Moderna, Oxford/AstraZeneca, Pfizer/BioNTech",5599039,4717346,10316385
2021-07-28,"Johnson&Johnson, Moderna, Oxford/AstraZeneca, Pfizer/BioNTech",5620280,4763260,10383540
2021-07-29,"Johnson&Johnson, Moderna, Oxford/AstraZeneca, Pfizer/BioNTech",5641589,4805142,10446731
2021-07-30,"Johnson&Johnson, Moderna, Oxford/AstraZeneca, Pfizer/BioNTech",5664854,4847629,10512483
2021-07-31,"Johnson&Johnson, Moderna, Oxford/AstraZeneca, Pfizer/BioNTech",5673771,4867129,10540900
2021-08-01,"Johnson&Johnson, Moderna, Oxford/AstraZeneca, Pfizer/BioNTech",5680484,4883275,10563759
2021-08-02,"Johnson&Johnson, Moderna, Oxford/AstraZeneca, Pfizer/BioNTech",5699101,4920770,10619871
2021-08-03,"Johnson&Johnson, Moderna, Oxford/AstraZeneca, Pfizer/BioNTech",5716720,4958811,10675531
2021-08-04,"Johnson&Johnson, Moderna, Oxford/AstraZeneca, Pfizer/BioNTech",5732804,4995490,10728294
2021-08-05,"Johnson&Johnson, Moderna, Oxford/AstraZeneca, Pfizer/BioNTech",5748828,5035909,10784737
2021-08-06,"Johnson&Johnson, Moderna, Oxford/AstraZeneca, Pfizer/BioNTech",5765604,5079133,10844737
2021-08-07,"Johnson&Johnson, Moderna, Oxford/AstraZeneca, Pfizer/BioNTech",5771193,5097271,10868464
2021-08-08,"Johnson&Johnson, Moderna, Oxford/AstraZeneca, Pfizer/BioNTech",5775545,5113001,10888546
2021-08-09,"Johnson&Johnson, Moderna, Oxford/AstraZeneca, Pfizer/BioNTech",5788178,5158004,10946182
2021-08-10,"Johnson&Johnson, Moderna, Oxford/AstraZeneca, Pfizer/BioNTech",5800004,5197524,10997528
2021-08-11,"Johnson&Johnson, Moderna, Oxford/AstraZeneca, Pfizer/BioNTech",5811358,5240607,11051965
2021-08-12,"Johnson&Johnson, Moderna, Oxford/AstraZeneca, Pfizer/BioNTech",5822772,5277683,11100455
2021-08-13,"Johnson&Johnson, Moderna, Oxford/AstraZeneca, Pfizer/BioNTech",5833489,5317973,11151462
2021-08-14,"Johnson&Johnson, Moderna, Oxford/AstraZeneca, Pfizer/BioNTech",5836824,5328650,11165474
2021-08-15,"Johnson&Johnson, Moderna, Oxford/AstraZeneca, Pfizer/BioNTech",5839406,5339004,11178410
2021-08-16,"Johnson&Johnson, Moderna, Oxford/AstraZeneca, Pfizer/BioNTech",5849188,5373035,11222223
2021-08-17,"Johnson&Johnson, Moderna, Oxford/AstraZeneca, Pfizer/BioNTech",5858776,5400096,11258872
2021-08-18,"Johnson&Johnson, Moderna, Oxford/AstraZeneca, Pfizer/BioNTech",5868142,5438935,11307077
2021-08-19,"Johnson&Johnson, Moderna, Oxford/AstraZeneca, Pfizer/BioNTech",5877801,5477253,11355054
2021-08-20,"Johnson&Johnson, Moderna, Oxford/AstraZeneca, Pfizer/BioNTech",5889177,5517413,11406590
2021-08-21,"Johnson&Johnson, Moderna, Oxford/AstraZeneca, Pfizer/BioNTech",5891891,5530150,11422041
2021-08-22,"Johnson&Johnson, Moderna, Oxford/AstraZeneca, Pfizer/BioNTech",5894230,5542103,11436333
2021-08-23,"Johnson&Johnson, Moderna, Oxford/AstraZeneca, Pfizer/BioNTech",5904758,5581340,11486098
2021-08-24,"Johnson&Johnson, Moderna, Oxford/AstraZeneca, Pfizer/BioNTech",5914622,5614561,11529183
2021-08-25,"Johnson&Johnson, Moderna, Oxford/AstraZeneca, Pfizer/BioNTech",5923483,5642903,11566386
2021-08-26,"Johnson&Johnson, Moderna, Oxford/AstraZeneca, Pfizer/BioNTech",5931923,5669007,11600930
2021-08-27,"Johnson&Johnson, Moderna, Oxford/AstraZeneca, Pfizer/BioNTech",5942235,5694929,11637164
2021-08-28,"Johnson&Johnson, Moderna, Oxford/AstraZeneca, Pfizer/BioNTech",5944956,5701958,11646914
2021-08-29,"Johnson&Johnson, Moderna, Oxford/AstraZeneca, Pfizer/BioNTech",5947359,5708570,11655929
2021-08-30,"Johnson&Johnson, Moderna, Oxford/AstraZeneca, Pfizer/BioNTech",5955876,5730418,11686294
2021-08-31,"Johnson&Johnson, Moderna, Oxford/AstraZeneca, Pfizer/BioNTech",5963541,5748476,11712017
2021-09-01,"Johnson&Johnson, Moderna, Oxford/AstraZeneca, Pfizer/BioNTech",5969421,5762448,11731869
2021-09-02,"Johnson&Johnson, Moderna, Oxford/AstraZeneca, Pfizer/BioNTech",5976249,5776813,11753062
2021-09-03,"Johnson&Johnson, Moderna, Oxford/AstraZeneca, Pfizer/BioNTech",5985800,5792500,11778300
2021-09-04,"Johnson&Johnson, Moderna, Oxford/AstraZeneca, Pfizer/BioNTech",5987863,5796047,11783910
2021-09-05,"Johnson&Johnson, Moderna, Oxford/AstraZeneca, Pfizer/BioNTech",5989896,5798887,11788783
2021-09-06,"Johnson&Johnson, Moderna, Oxford/AstraZeneca, Pfizer/BioNTech",5996122,5811397,11807519
2021-09-07,"Johnson&Johnson, Moderna, Oxford/AstraZeneca, Pfizer/BioNTech",6000500,5822484,11822984
2021-09-08,"Johnson&Johnson, Moderna, Oxford/AstraZeneca, Pfizer/BioNTech",6006158,5832313,11838471
2021-09-09,"Johnson&Johnson, Moderna, Oxford/AstraZeneca, Pfizer/BioNTech",6012836,5842366,11855202
2021-09-10,"Johnson&Johnson, Moderna, Oxford/AstraZeneca, Pfizer/BioNTech",6020517,5854529,11875046
2021-09-11,"Johnson&Johnson, Moderna, Oxford/AstraZeneca, Pfizer/BioNTech",6022378,5857001,11879379
2021-09-12,"Johnson&Johnson, Moderna, Oxford/AstraZeneca, Pfizer/BioNTech",6023492,5858624,11882116
2021-09-13,"Johnson&Johnson, Moderna, Oxford/AstraZeneca, Pfizer/BioNTech",6028912,5868906,11897818
2021-09-14,"Johnson&Johnson, Moderna, Oxford/AstraZeneca, Pfizer/BioNTech",6034296,5877908,11912204
2021-09-15,"Johnson&Johnson, Moderna, Oxford/AstraZeneca, Pfizer/BioNTech",6039484,5886422,11925906
2021-09-16,"Johnson&Johnson, Moderna, Oxford/AstraZeneca, Pfizer/BioNTech",6044826,5894682,11939508
2021-09-17,"Johnson&Johnson, Moderna, Oxford/AstraZeneca, Pfizer/BioNTech",6051392,5904892,11956284
2021-09-18,"Johnson&Johnson, Moderna, Oxford/AstraZeneca, Pfizer/BioNTech",6053116,5907241,11960357
2021-09-19,"Johnson&Johnson, Moderna, Oxford/AstraZeneca, Pfizer/BioNTech",6054056,5908805,11962861
2021-09-20,"Johnson&Johnson, Moderna, Oxford/AstraZeneca, Pfizer/BioNTech",6058061,5916988,11975049
2021-09-21,"Johnson&Johnson, Moderna, Oxford/AstraZeneca, Pfizer/BioNTech",6062287,5924516,11986803
2021-09-22,"Johnson&Johnson, Moderna, Oxford/AstraZeneca, Pfizer/BioNTech",6066461,5930023,11996484
2021-09-23,"Johnson&Johnson, Moderna, Oxford/AstraZeneca, Pfizer/BioNTech",6071436,5936422,12007858
2021-09-24,"Johnson&Johnson, Moderna, Oxford/AstraZeneca, Pfizer/BioNTech",6077188,5946028,12023216
2021-09-25,"Johnson&Johnson, Moderna, Oxford/AstraZeneca, Pfizer/BioNTech",6078678,5948014,12026692
2021-09-26,"Johnson&Johnson, Moderna, Pfizer/BioNTech",6079418,5949643,12029061
2021-09-27,"Johnson&Johnson, Moderna, Oxford/AstraZeneca, Pfizer/BioNTech",6083291,5956130,12039421
2021-09-28,"Johnson&Johnson, Moderna, Pfizer/BioNTech",6083649,5956735,12040384
2021-09-29,"Johnson&Johnson, Moderna, Oxford/AstraZeneca, Pfizer/BioNTech",6087420,5964178,12051598
2021-09-30,"Johnson&Johnson, Moderna, Oxford/AstraZeneca, Pfizer/BioNTech",6091916,5971864,12063780
2021-10-01,"Johnson&Johnson, Moderna, Oxford/AstraZeneca, Pfizer/BioNTech",6096202,5979818,12076020
2021-10-02,"Johnson&Johnson, Moderna, Oxford/AstraZeneca, Pfizer/BioNTech",6097261,5981353,12078614
2021-10-03,"Johnson&Johnson, Moderna, Pfizer/BioNTech",6097976,5982214,12080190
2021-10-04,"Johnson&Johnson, Moderna, Oxford/AstraZeneca, Pfizer/BioNTech",6101044,5987776,12088820
2021-10-05,"Johnson&Johnson, Moderna, Oxford/AstraZeneca, Pfizer/BioNTech",6104199,5992837,12097036
2021-10-06,"Johnson&Johnson, Moderna, Oxford/AstraZeneca, Pfizer/BioNTech",6107709,5997992,12105701
2021-10-07,"Johnson&Johnson, Moderna, Oxford/AstraZeneca, Pfizer/BioNTech",6110980,6003237,12114217
2021-10-08,"Johnson&Johnson, Moderna, Oxford/AstraZeneca, Pfizer/BioNTech",6115761,6009853,12125614
2021-10-09,"Johnson&Johnson, Moderna, Oxford/AstraZeneca, Pfizer/BioNTech",6117001,6011505,12128506
2021-10-10,"Johnson&Johnson, Moderna, Oxford/AstraZeneca, Pfizer/BioNTech",6117941,6012334,12130275
2021-10-11,"Johnson&Johnson, Moderna, Oxford/AstraZeneca, Pfizer/BioNTech",6120868,6016738,12137606
2021-10-12,"Johnson&Johnson, Moderna, Oxford/AstraZeneca, Pfizer/BioNTech",6123786,6020730,12144516
2021-10-13,"Johnson&Johnson, Moderna, Oxford/AstraZeneca, Pfizer/BioNTech",6127319,6024909,12152228
2021-10-14,"Johnson&Johnson, Moderna, Oxford/AstraZeneca, Pfizer/BioNTech",6130992,6029850,12160842
2021-10-15,"Johnson&Johnson, Moderna, Oxford/AstraZeneca, Pfizer/BioNTech",6136216,6035977,12172193
2021-10-16,"Johnson&Johnson, Moderna, Oxford/AstraZeneca, Pfizer/BioNTech",6137612,6037492,12175104
2021-10-17,"Johnson&Johnson, Moderna, Pfizer/BioNTech",6138931,6038544,12177475
2021-10-18,"Johnson&Johnson, Moderna, Oxford/AstraZeneca, Pfizer/BioNTech",6143040,6042633,12185673
2021-10-19,"Johnson&Johnson, Moderna, Oxford/AstraZeneca, Pfizer/BioNTech",6146611,6044717,12191328
2021-10-20,"Johnson&Johnson, Moderna, Oxford/AstraZeneca, Pfizer/BioNTech",6151474,6049159,12200633
2021-10-21,"Johnson&Johnson, Moderna, Oxford/AstraZeneca, Pfizer/BioNTech",6159227,6054747,12213974
2021-10-22,"Johnson&Johnson, Moderna, Oxford/AstraZeneca, Pfizer/BioNTech",6169669,6061243,12230912
2021-10-23,"Johnson&Johnson, Moderna, Pfizer/BioNTech",6173339,6063442,12236781
2021-10-24,"Johnson&Johnson, Moderna, Pfizer/BioNTech",6176023,6065214,12241237
2021-10-25,"Johnson&Johnson, Moderna, Oxford/AstraZeneca, Pfizer/BioNTech",6186500,6071007,12257507
2021-10-26,"Johnson&Johnson, Moderna, Oxford/AstraZeneca, Pfizer/BioNTech",6198458,6077542,12276000
2021-10-27,"Johnson&Johnson, Moderna, Oxford/AstraZeneca, Pfizer/BioNTech",6213052,6084936,12297988
2021-10-28,"Johnson&Johnson, Moderna, Oxford/AstraZeneca, Pfizer/BioNTech",6216457,6086605,12303062
2021-10-29,"Johnson&Johnson, Moderna, Oxford/AstraZeneca, Pfizer/BioNTech",6230872,6094566,12325438
2021-10-30,"Johnson&Johnson, Moderna, Pfizer/BioNTech",6235400,6097480,12332880
2021-10-31,"Johnson&Johnson, Moderna, Oxford/AstraZeneca, Pfizer/BioNTech",6239162,6099950,12339112
2021-11-01,"Johnson&Johnson, Moderna, Oxford/AstraZeneca, Pfizer/BioNTech",6254349,6107633,12361982
2021-11-02,"Johnson&Johnson, Moderna, Oxford/AstraZeneca, Pfizer/BioNTech",6269787,6115180,12384967
2021-11-03,"Johnson&Johnson, Moderna, Oxford/AstraZeneca, Pfizer/BioNTech",6286951,6122466,12409417
2021-11-04,"Johnson&Johnson, Moderna, Oxford/AstraZeneca, Pfizer/BioNTech",6305267,6130630,12435897
2021-11-05,"Johnson&Johnson, Moderna, Oxford/AstraZeneca, Pfizer/BioNTech",6328043,6141893,12469936
2021-11-06,"Johnson&Johnson, Moderna, Oxford/AstraZeneca, Pfizer/BioNTech",6334545,6144941,12479486
2021-11-07,"Johnson&Johnson, Moderna, Oxford/AstraZeneca, Pfizer/BioNTech",6338561,6147372,12485933
2021-11-08,"Johnson&Johnson, Moderna, Oxford/AstraZeneca, Pfizer/BioNTech",6354814,6154997,12509811
2021-11-09,"Johnson&Johnson, Moderna, Oxford/AstraZeneca, Pfizer/BioNTech",6369573,6162282,12531855
2021-11-10,"Johnson&Johnson, Moderna, Oxford/AstraZeneca, Pfizer/BioNTech",6385269,6169648,12554917
2021-11-11,"Johnson&Johnson, Moderna, Oxford/AstraZeneca, Pfizer/BioNTech",6400657,6178741,12579398
2021-11-12,"Johnson&Johnson, Moderna, Oxford/AstraZeneca, Pfizer/BioNTech",6420420,6191507,12611927
2021-11-13,"Johnson&Johnson, Moderna, Oxford/AstraZeneca, Pfizer/BioNTech",6425799,6195366,12621165
2021-11-14,"Johnson&Johnson, Moderna, Oxford/AstraZeneca, Pfizer/BioNTech",6429679,6198366,12628045
2021-11-15,"Johnson&Johnson, Moderna, Oxford/AstraZeneca, Pfizer/BioNTech",6444720,6209045,12653765
2021-11-16,"Johnson&Johnson, Moderna, Oxford/AstraZeneca, Pfizer/BioNTech",6462174,6220992,12683166
2021-11-17,"Johnson&Johnson, Moderna, Oxford/AstraZeneca, Pfizer/BioNTech",6466387,6224550,12690937
2021-11-18,"Johnson&Johnson, Moderna, Oxford/AstraZeneca, Pfizer/BioNTech",6485719,6236211,12721930
2021-11-19,"Johnson&Johnson, Moderna, Oxford/AstraZeneca, Pfizer/BioNTech",6510202,6253168,12763370
2021-11-20,"Johnson&Johnson, Moderna, Oxford/AstraZeneca, Pfizer/BioNTech",6518753,6258137,12776890
2021-11-21,"Johnson&Johnson, Moderna, Oxford/AstraZeneca, Pfizer/BioNTech",6525505,6261902,12787407
2021-11-22,"Johnson&Johnson, Moderna, Oxford/AstraZeneca, Pfizer/BioNTech",6543848,6275984,12819832
2021-11-23,"Johnson&Johnson, Moderna, Oxford/AstraZeneca, Pfizer/BioNTech",6562737,6289220,12851957
2021-11-24,"Johnson&Johnson, Moderna, Oxford/AstraZeneca, Pfizer/BioNTech",6581578,6305039,12886617
2021-11-25,"Johnson&Johnson, Moderna, Oxford/AstraZeneca, Pfizer/BioNTech",6600599,6320039,12920638
2021-11-26,"Johnson&Johnson, Moderna, Oxford/AstraZeneca, Pfizer/BioNTech",6622099,6339106,12961205
2021-11-27,"Johnson&Johnson, Moderna, Oxford/AstraZeneca, Pfizer/BioNTech",6629504,6344630,12974134
2021-11-28,"Johnson&Johnson, Moderna, Pfizer/BioNTech",6632814,6347758,12980572
2021-11-29,"Johnson&Johnson, Moderna, Oxford/AstraZeneca, Pfizer/BioNTech",6647943,6361365,13009308
2021-11-30,"Johnson&Johnson, Moderna, Oxford/AstraZeneca, Pfizer/BioNTech",6661067,6372541,13033608
2021-12-01,"Johnson&Johnson, Moderna, Oxford/AstraZeneca, Pfizer/BioNTech",6674972,6384919,13059891
2021-12-02,"Johnson&Johnson, Moderna, Oxford/AstraZeneca, Pfizer/BioNTech",6685536,6397335,13082871
2021-12-03,"Johnson&Johnson, Moderna, Oxford/AstraZeneca, Pfizer/BioNTech",6695032,6412799,13107831
2021-12-04,"Johnson&Johnson, Moderna, Oxford/AstraZeneca, Pfizer/BioNTech",6697556,6416725,13114281
2021-12-05,"Johnson&Johnson, Moderna, Oxford/AstraZeneca, Pfizer/BioNTech",6698893,6419039,13117932
2021-12-06,"Johnson&Johnson, Moderna, Oxford/AstraZeneca, Pfizer/BioNTech",6706971,6430487,13137458
2021-12-07,"Johnson&Johnson, Moderna, Oxford/AstraZeneca, Pfizer/BioNTech",6714725,6442391,13157116
2021-12-08,"Johnson&Johnson, Moderna, Oxford/AstraZeneca, Pfizer/BioNTech",6722904,6448227,13171131
2021-12-09,"Johnson&Johnson, Moderna, Oxford/AstraZeneca, Pfizer/BioNTech",6729928,6460920,13190848
2021-12-10,"Johnson&Johnson, Moderna, Oxford/AstraZeneca, Pfizer/BioNTech",6736724,6478545,13215269
2021-12-11,"Johnson&Johnson, Moderna, Oxford/AstraZeneca, Pfizer/BioNTech",6738351,6483774,13222125
2021-12-12,"Johnson&Johnson, Moderna, Oxford/AstraZeneca, Pfizer/BioNTech",6739649,6488196,13227845
2021-12-13,"Johnson&Johnson, Moderna, Oxford/AstraZeneca, Pfizer/BioNTech",6745915,6501362,13247277
2021-12-14,"Johnson&Johnson, Moderna, Oxford/AstraZeneca, Pfizer/BioNTech",6751660,6514243,13265903
