date,vaccine,people_vaccinated,people_fully_vaccinated,total_vaccinations
2020-12-27,Pfizer/BioNTech,1275,0,1275
2020-12-28,Pfizer/BioNTech,3575,0,3575
2020-12-29,Pfizer/BioNTech,7031,0,7031
2020-12-30,Pfizer/BioNTech,10524,0,10524
2020-12-31,Pfizer/BioNTech,11829,0,11829
2021-01-01,"Moderna, Pfizer/BioNTech",12094,0,12094
2021-01-02,Pfizer/BioNTech,13367,0,13367
2021-01-03,Pfizer/BioNTech,14287,0,14287
2021-01-04,"Moderna, Pfizer/BioNTech",17881,0,17881
2021-01-05,"Moderna, Pfizer/BioNTech",22383,0,22383
2021-01-06,Pfizer/BioNTech,28221,0,28221
2021-01-07,Pfizer/BioNTech,36184,0,36184
2021-01-08,Pfizer/BioNTech,46155,0,46155
2021-01-09,Pfizer/BioNTech,48173,0,48173
2021-01-10,Pfizer/BioNTech,49931,2,49933
2021-01-11,Pfizer/BioNTech,59748,4,59752
2021-01-12,Pfizer/BioNTech,73148,6,73154
2021-01-13,Pfizer/BioNTech,86645,6,86651
2021-01-14,"Moderna, Pfizer/BioNTech",101835,8,101843
2021-01-15,"Moderna, Pfizer/BioNTech",115797,8,115805
2021-01-16,"Moderna, Pfizer/BioNTech",119175,10,119185
2021-01-17,"Moderna, Pfizer/BioNTech",121778,651,122429
2021-01-18,"Moderna, Pfizer/BioNTech",134245,2473,136718
2021-01-19,"Moderna, Pfizer/BioNTech",146796,5185,151981
2021-01-20,"Moderna, Pfizer/BioNTech",160423,7829,168252
2021-01-21,"Moderna, Pfizer/BioNTech",176021,9560,185581
2021-01-22,"Moderna, Pfizer/BioNTech",190837,10603,201440
2021-01-23,"Moderna, Pfizer/BioNTech",194130,11474,205604
2021-01-24,"Moderna, Pfizer/BioNTech",196373,12343,208716
2021-01-25,"Moderna, Pfizer/BioNTech",205988,15313,221301
2021-01-26,"Moderna, Pfizer/BioNTech",216499,19282,235781
2021-01-27,"Moderna, Pfizer/BioNTech",225503,23795,249298
2021-01-28,"Moderna, Pfizer/BioNTech",232564,29903,262467
2021-01-29,"Moderna, Pfizer/BioNTech",238758,37772,276530
2021-01-30,"Moderna, Pfizer/BioNTech",239489,38859,278348
2021-01-31,"Moderna, Pfizer/BioNTech",240195,40037,280232
2021-02-01,"Moderna, Pfizer/BioNTech",244153,47957,292110
2021-02-02,"Moderna, Pfizer/BioNTech",248278,58167,306445
2021-02-03,"Moderna, Pfizer/BioNTech",252678,69143,321821
2021-02-04,"Moderna, Pfizer/BioNTech",257567,82093,339660
2021-02-05,"Moderna, Pfizer/BioNTech",263009,92733,355742
2021-02-06,"Moderna, Pfizer/BioNTech",263849,95080,358929
2021-02-07,"Moderna, Pfizer/BioNTech",264697,97566,362263
2021-02-08,"Moderna, Oxford/AstraZeneca, Pfizer/BioNTech",268743,108940,377683
2021-02-09,"Moderna, Oxford/AstraZeneca, Pfizer/BioNTech",273816,120850,394666
2021-02-10,"Moderna, Pfizer/BioNTech",279297,134046,413343
2021-02-11,"Moderna, Oxford/AstraZeneca, Pfizer/BioNTech",285590,150209,435799
2021-02-12,"Moderna, Oxford/AstraZeneca, Pfizer/BioNTech",292318,164881,457199
2021-02-13,"Moderna, Oxford/AstraZeneca, Pfizer/BioNTech",293904,167858,461762
2021-02-14,"Moderna, Oxford/AstraZeneca, Pfizer/BioNTech",294895,169232,464127
2021-02-15,"Moderna, Oxford/AstraZeneca, Pfizer/BioNTech",301280,178559,479839
2021-02-16,"Moderna, Oxford/AstraZeneca, Pfizer/BioNTech",309978,187601,497579
2021-02-17,"Moderna, Oxford/AstraZeneca, Pfizer/BioNTech",319656,195872,515528
2021-02-18,"Moderna, Oxford/AstraZeneca, Pfizer/BioNTech",331942,203904,535846
2021-02-19,"Moderna, Oxford/AstraZeneca, Pfizer/BioNTech",343775,211213,554988
2021-02-20,"Moderna, Oxford/AstraZeneca, Pfizer/BioNTech",345749,212384,558133
2021-02-21,"Moderna, Oxford/AstraZeneca, Pfizer/BioNTech",346855,213397,560252
2021-02-22,"Moderna, Oxford/AstraZeneca, Pfizer/BioNTech",356952,219397,576349
2021-02-23,"Moderna, Oxford/AstraZeneca, Pfizer/BioNTech",369851,226344,596195
2021-02-24,"Moderna, Oxford/AstraZeneca, Pfizer/BioNTech",383693,232349,616042
2021-02-25,"Moderna, Oxford/AstraZeneca, Pfizer/BioNTech",401637,237878,639515
2021-02-26,"Moderna, Oxford/AstraZeneca, Pfizer/BioNTech",417770,243199,660969
2021-02-27,"Moderna, Oxford/AstraZeneca, Pfizer/BioNTech",420770,243749,664519
2021-02-28,"Moderna, Oxford/AstraZeneca, Pfizer/BioNTech",423112,244294,667406
2021-03-01,"Moderna, Oxford/AstraZeneca, Pfizer/BioNTech",442613,247708,690321
2021-03-02,"Moderna, Oxford/AstraZeneca, Pfizer/BioNTech",469785,251239,721024
2021-03-03,"Moderna, Oxford/AstraZeneca, Pfizer/BioNTech",500551,255723,756274
2021-03-04,"Moderna, Oxford/AstraZeneca, Pfizer/BioNTech",533702,260383,794085
2021-03-05,"Johnson&Johnson, Moderna, Oxford/AstraZeneca, Pfizer/BioNTech",562429,265769,828198
2021-03-06,"Johnson&Johnson, Moderna, Oxford/AstraZeneca, Pfizer/BioNTech",574532,266610,841142
2021-03-07,"Johnson&Johnson, Moderna, Oxford/AstraZeneca, Pfizer/BioNTech",585931,267442,853373
2021-03-08,"Johnson&Johnson, Moderna, Oxford/AstraZeneca, Pfizer/BioNTech",615544,272260,887804
2021-03-09,"Johnson&Johnson, Moderna, Oxford/AstraZeneca, Pfizer/BioNTech",651726,278613,930339
2021-03-10,"Moderna, Oxford/AstraZeneca, Pfizer/BioNTech",692871,285548,978419
2021-03-11,"Moderna, Oxford/AstraZeneca, Pfizer/BioNTech",737545,293890,1031435
2021-03-12,"Moderna, Oxford/AstraZeneca, Pfizer/BioNTech",776182,302331,1078513
2021-03-13,"Moderna, Oxford/AstraZeneca, Pfizer/BioNTech",793215,303616,1096831
2021-03-14,"Moderna, Oxford/AstraZeneca, Pfizer/BioNTech",805290,304750,1110040
2021-03-15,"Moderna, Oxford/AstraZeneca, Pfizer/BioNTech",833575,313510,1147085
2021-03-16,"Johnson&Johnson, Moderna, Oxford/AstraZeneca, Pfizer/BioNTech",872380,324011,1196391
2021-03-17,"Moderna, Oxford/AstraZeneca, Pfizer/BioNTech",909782,334481,1244263
2021-03-18,"Johnson&Johnson, Moderna, Oxford/AstraZeneca, Pfizer/BioNTech",947632,346862,1294494
2021-03-19,"Moderna, Oxford/AstraZeneca, Pfizer/BioNTech",981975,360440,1342415
2021-03-20,"Johnson&Johnson, Moderna, Oxford/AstraZeneca, Pfizer/BioNTech",997072,362452,1359524
2021-03-21,"Johnson&Johnson, Moderna, Oxford/AstraZeneca, Pfizer/BioNTech",1004457,363995,1368452
2021-03-22,"Johnson&Johnson, Moderna, Oxford/AstraZeneca, Pfizer/BioNTech",1028864,376453,1405317
2021-03-23,"Johnson&Johnson, Moderna, Oxford/AstraZeneca, Pfizer/BioNTech",1055377,389767,1445144
2021-03-24,"Johnson&Johnson, Moderna, Oxford/AstraZeneca, Pfizer/BioNTech",1082180,405455,1487635
2021-03-25,"Moderna, Oxford/AstraZeneca, Pfizer/BioNTech",1108446,423270,1531716
2021-03-26,"Moderna, Oxford/AstraZeneca, Pfizer/BioNTech",1133184,440726,1573910
2021-03-27,"Johnson&Johnson, Moderna, Oxford/AstraZeneca, Pfizer/BioNTech",1141591,445554,1587145
2021-03-28,"Moderna, Oxford/AstraZeneca, Pfizer/BioNTech",1147123,449683,1596806
2021-03-29,"Johnson&Johnson, Moderna, Oxford/AstraZeneca, Pfizer/BioNTech",1166144,470330,1636474
2021-03-30,"Moderna, Oxford/AstraZeneca, Pfizer/BioNTech",1190755,492443,1683198
2021-03-31,"Johnson&Johnson, Moderna, Oxford/AstraZeneca, Pfizer/BioNTech",1213764,519449,1733213
2021-04-01,"Johnson&Johnson, Moderna, Oxford/AstraZeneca, Pfizer/BioNTech",1239293,551378,1790671
2021-04-02,"Johnson&Johnson, Moderna, Oxford/AstraZeneca, Pfizer/BioNTech",1246150,564148,1810298
2021-04-03,"Johnson&Johnson, Moderna, Oxford/AstraZeneca, Pfizer/BioNTech",1249733,575046,1824779
2021-04-04,"Johnson&Johnson, Moderna, Oxford/AstraZeneca, Pfizer/BioNTech",1252203,583836,1836039
2021-04-05,"Johnson&Johnson, Moderna, Oxford/AstraZeneca, Pfizer/BioNTech",1254552,590998,1845550
2021-04-06,"Johnson&Johnson, Moderna, Oxford/AstraZeneca, Pfizer/BioNTech",1270607,620182,1890789
2021-04-07,"Johnson&Johnson, Moderna, Oxford/AstraZeneca, Pfizer/BioNTech",1293932,642298,1936230
2021-04-08,"Johnson&Johnson, Moderna, Oxford/AstraZeneca, Pfizer/BioNTech",1332411,673156,2005567
2021-04-09,"Johnson&Johnson, Moderna, Oxford/AstraZeneca, Pfizer/BioNTech",1371639,703160,2074799
2021-04-10,"Johnson&Johnson, Moderna, Oxford/AstraZeneca, Pfizer/BioNTech",1387010,718428,2105438
2021-04-11,"Johnson&Johnson, Moderna, Oxford/AstraZeneca, Pfizer/BioNTech",1396728,728437,2125165
2021-04-12,"Johnson&Johnson, Moderna, Oxford/AstraZeneca, Pfizer/BioNTech",1434783,753408,2188191
2021-04-13,"Moderna, Oxford/AstraZeneca, Pfizer/BioNTech",1470859,779315,2250174
2021-04-14,"Moderna, Oxford/AstraZeneca, Pfizer/BioNTech",1509548,806621,2316169
2021-04-15,"Moderna, Oxford/AstraZeneca, Pfizer/BioNTech",1557226,832290,2389516
2021-04-16,"Moderna, Oxford/AstraZeneca, Pfizer/BioNTech",1601753,857873,2459626
2021-04-17,"Moderna, Oxford/AstraZeneca, Pfizer/BioNTech",1618351,866875,2485226
2021-04-18,"Moderna, Oxford/AstraZeneca, Pfizer/BioNTech",1631281,871842,2503123
2021-04-19,"Moderna, Oxford/AstraZeneca, Pfizer/BioNTech",1675159,887224,2562383
2021-04-20,"Johnson&Johnson, Moderna, Oxford/AstraZeneca, Pfizer/BioNTech",1717251,903029,2620280
2021-04-21,"Moderna, Oxford/AstraZeneca, Pfizer/BioNTech",1764921,917279,2682200
2021-04-22,"Johnson&Johnson, Moderna, Oxford/AstraZeneca, Pfizer/BioNTech",1819342,934614,2753956
2021-04-23,"Johnson&Johnson, Moderna, Oxford/AstraZeneca, Pfizer/BioNTech",1869252,946589,2815841
2021-04-24,"Johnson&Johnson, Moderna, Oxford/AstraZeneca, Pfizer/BioNTech",1887045,951807,2838852
2021-04-25,"Johnson&Johnson, Moderna, Oxford/AstraZeneca, Pfizer/BioNTech",1901703,955796,2857499
2021-04-26,"Johnson&Johnson, Moderna, Oxford/AstraZeneca, Pfizer/BioNTech",1951250,963315,2914565
2021-04-27,"Johnson&Johnson, Moderna, Oxford/AstraZeneca, Pfizer/BioNTech",2000170,975469,2975639
2021-04-28,"Johnson&Johnson, Moderna, Oxford/AstraZeneca, Pfizer/BioNTech",2058876,989406,3048282
2021-04-29,"Johnson&Johnson, Moderna, Oxford/AstraZeneca, Pfizer/BioNTech",2124373,1005211,3129584
2021-04-30,"Johnson&Johnson, Moderna, Oxford/AstraZeneca, Pfizer/BioNTech",2186529,1015107,3201636
2021-05-01,"Johnson&Johnson, Moderna, Oxford/AstraZeneca, Pfizer/BioNTech",2205812,1018512,3224324
2021-05-02,"Johnson&Johnson, Moderna, Oxford/AstraZeneca, Pfizer/BioNTech",2224694,1020753,3245447
2021-05-03,"Johnson&Johnson, Moderna, Oxford/AstraZeneca, Pfizer/BioNTech",2291892,1025783,3317675
2021-05-04,"Johnson&Johnson, Moderna, Oxford/AstraZeneca, Pfizer/BioNTech",2358303,1034046,3392349
2021-05-05,"Johnson&Johnson, Moderna, Oxford/AstraZeneca, Pfizer/BioNTech",2431403,1043381,3474784
2021-05-06,"Johnson&Johnson, Moderna, Oxford/AstraZeneca, Pfizer/BioNTech",2511737,1053989,3565726
2021-05-07,"Johnson&Johnson, Moderna, Oxford/AstraZeneca, Pfizer/BioNTech",2588965,1063977,3652942
2021-05-08,"Johnson&Johnson, Moderna, Oxford/AstraZeneca, Pfizer/BioNTech",2618353,1065695,3684048
2021-05-09,"Johnson&Johnson, Moderna, Oxford/AstraZeneca, Pfizer/BioNTech",2642510,1066882,3709392
2021-05-10,"Johnson&Johnson, Moderna, Oxford/AstraZeneca, Pfizer/BioNTech",2715202,1074012,3789214
2021-05-11,"Johnson&Johnson, Moderna, Oxford/AstraZeneca, Pfizer/BioNTech",2791250,1082763,3874013
2021-05-12,"Johnson&Johnson, Moderna, Oxford/AstraZeneca, Pfizer/BioNTech",2871050,1091780,3962830
2021-05-13,"Johnson&Johnson, Moderna, Oxford/AstraZeneca, Pfizer/BioNTech",2955015,1100882,4055897
2021-05-14,"Johnson&Johnson, Moderna, Oxford/AstraZeneca, Pfizer/BioNTech",3034366,1108603,4142969
2021-05-15,"Johnson&Johnson, Moderna, Oxford/AstraZeneca, Pfizer/BioNTech",3066192,1110776,4176968
2021-05-16,"Johnson&Johnson, Moderna, Oxford/AstraZeneca, Pfizer/BioNTech",3091930,1111985,4203915
2021-05-17,"Johnson&Johnson, Moderna, Oxford/AstraZeneca, Pfizer/BioNTech",3164396,1118650,4283046
2021-05-18,"Johnson&Johnson, Moderna, Oxford/AstraZeneca, Pfizer/BioNTech",3236289,1131607,4367896
2021-05-19,"Johnson&Johnson, Moderna, Oxford/AstraZeneca, Pfizer/BioNTech",3313696,1146655,4460351
2021-05-20,"Johnson&Johnson, Moderna, Oxford/AstraZeneca, Pfizer/BioNTech",3389082,1173559,4562641
2021-05-21,"Johnson&Johnson, Moderna, Oxford/AstraZeneca, Pfizer/BioNTech",3457818,1201179,4658997
2021-05-22,"Johnson&Johnson, Moderna, Oxford/AstraZeneca, Pfizer/BioNTech",3490134,1212246,4702380
2021-05-23,"Johnson&Johnson, Moderna, Oxford/AstraZeneca, Pfizer/BioNTech",3512429,1221207,4733636
2021-05-24,"Johnson&Johnson, Moderna, Oxford/AstraZeneca, Pfizer/BioNTech",3559482,1254691,4814173
2021-05-25,"Johnson&Johnson, Moderna, Oxford/AstraZeneca, Pfizer/BioNTech",3611280,1290336,4901616
2021-05-26,"Johnson&Johnson, Moderna, Oxford/AstraZeneca, Pfizer/BioNTech",3678963,1327731,5006694
2021-05-27,"Johnson&Johnson, Moderna, Oxford/AstraZeneca, Pfizer/BioNTech",3740291,1374955,5115246
2021-05-28,"Johnson&Johnson, Moderna, Oxford/AstraZeneca, Pfizer/BioNTech",3801937,1421364,5223301
2021-05-29,"Johnson&Johnson, Moderna, Oxford/AstraZeneca, Pfizer/BioNTech",3831071,1438408,5269479
2021-05-30,"Johnson&Johnson, Moderna, Oxford/AstraZeneca, Pfizer/BioNTech",3853399,1452788,5306187
2021-05-31,"Johnson&Johnson, Moderna, Oxford/AstraZeneca, Pfizer/BioNTech",3909086,1500153,5409239
2021-06-01,"Johnson&Johnson, Moderna, Oxford/AstraZeneca, Pfizer/BioNTech",3968075,1548468,5516543
2021-06-02,"Johnson&Johnson, Moderna, Oxford/AstraZeneca, Pfizer/BioNTech",4030909,1602345,5633254
2021-06-03,"Johnson&Johnson, Moderna, Oxford/AstraZeneca, Pfizer/BioNTech",4089107,1662446,5751553
2021-06-04,"Johnson&Johnson, Moderna, Oxford/AstraZeneca, Pfizer/BioNTech",4152161,1719737,5871898
2021-06-05,"Johnson&Johnson, Moderna, Oxford/AstraZeneca, Pfizer/BioNTech",4186283,1738496,5924779
2021-06-06,"Johnson&Johnson, Moderna, Oxford/AstraZeneca, Pfizer/BioNTech",4213180,1753558,5966738
2021-06-07,"Johnson&Johnson, Moderna, Oxford/AstraZeneca, Pfizer/BioNTech",4276827,1809096,6085923
2021-06-08,"Johnson&Johnson, Moderna, Oxford/AstraZeneca, Pfizer/BioNTech",4340766,1863974,6204740
2021-06-09,"Johnson&Johnson, Moderna, Oxford/AstraZeneca, Pfizer/BioNTech",4399879,1928282,6328161
2021-06-10,"Johnson&Johnson, Moderna, Oxford/AstraZeneca, Pfizer/BioNTech",4453681,1999248,6452929
2021-06-11,"Johnson&Johnson, Moderna, Oxford/AstraZeneca, Pfizer/BioNTech",4505744,2068831,6574575
2021-06-12,"Johnson&Johnson, Moderna, Oxford/AstraZeneca, Pfizer/BioNTech",4537692,2089547,6627239
2021-06-13,"Johnson&Johnson, Moderna, Oxford/AstraZeneca, Pfizer/BioNTech",4561684,2107885,6669569
2021-06-14,"Johnson&Johnson, Moderna, Oxford/AstraZeneca, Pfizer/BioNTech",4604642,2182125,6786767
2021-06-15,"Johnson&Johnson, Moderna, Oxford/AstraZeneca, Pfizer/BioNTech",4649257,2254314,6903571
2021-06-16,"Johnson&Johnson, Moderna, Oxford/AstraZeneca, Pfizer/BioNTech",4691956,2332382,7024338
2021-06-17,"Johnson&Johnson, Moderna, Oxford/AstraZeneca, Pfizer/BioNTech",4731312,2415310,7146622
2021-06-18,"Johnson&Johnson, Moderna, Oxford/AstraZeneca, Pfizer/BioNTech",4773657,2495656,7269313
2021-06-19,"Johnson&Johnson, Moderna, Oxford/AstraZeneca, Pfizer/BioNTech",4795373,2524860,7320233
2021-06-20,"Johnson&Johnson, Moderna, Oxford/AstraZeneca, Pfizer/BioNTech",4812724,2548602,7361326
2021-06-21,"Johnson&Johnson, Moderna, Oxford/AstraZeneca, Pfizer/BioNTech",4845204,2627020,7472224
2021-06-22,"Johnson&Johnson, Moderna, Oxford/AstraZeneca, Pfizer/BioNTech",4878134,2709124,7587258
2021-06-23,"Johnson&Johnson, Moderna, Oxford/AstraZeneca, Pfizer/BioNTech",4909757,2794210,7703967
2021-06-24,"Johnson&Johnson, Moderna, Oxford/AstraZeneca, Pfizer/BioNTech",4939566,2884117,7823683
2021-06-25,"Johnson&Johnson, Moderna, Oxford/AstraZeneca, Pfizer/BioNTech",4970575,2970082,7940657
2021-06-26,"Johnson&Johnson, Moderna, Oxford/AstraZeneca, Pfizer/BioNTech",4986407,3004800,7991207
2021-06-27,"Johnson&Johnson, Moderna, Oxford/AstraZeneca, Pfizer/BioNTech",5000341,3031363,8031704
2021-06-28,"Johnson&Johnson, Moderna, Oxford/AstraZeneca, Pfizer/BioNTech",5028729,3116419,8145148
2021-06-29,"Johnson&Johnson, Moderna, Oxford/AstraZeneca, Pfizer/BioNTech",5057954,3202766,8260720
2021-06-30,"Johnson&Johnson, Moderna, Oxford/AstraZeneca, Pfizer/BioNTech",5085428,3293578,8379006
2021-07-01,"Johnson&Johnson, Moderna, Oxford/AstraZeneca, Pfizer/BioNTech",5109349,3383443,8492792
2021-07-02,"Johnson&Johnson, Moderna, Oxford/AstraZeneca, Pfizer/BioNTech",5136030,3469105,8605135
2021-07-03,"Johnson&Johnson, Moderna, Oxford/AstraZeneca, Pfizer/BioNTech",5143092,3500534,8643626
2021-07-04,"Johnson&Johnson, Moderna, Oxford/AstraZeneca, Pfizer/BioNTech",5150620,3522278,8672898
2021-07-05,"Johnson&Johnson, Moderna, Oxford/AstraZeneca, Pfizer/BioNTech",5157952,3547563,8705515
2021-07-06,"Johnson&Johnson, Moderna, Oxford/AstraZeneca, Pfizer/BioNTech",5163330,3575103,8738433
2021-07-07,"Johnson&Johnson, Moderna, Oxford/AstraZeneca, Pfizer/BioNTech",5189083,3653929,8843012
2021-07-08,"Johnson&Johnson, Moderna, Oxford/AstraZeneca, Pfizer/BioNTech",5215617,3724118,8939735
2021-07-09,"Johnson&Johnson, Moderna, Oxford/AstraZeneca, Pfizer/BioNTech",5243437,3793248,9036685
2021-07-10,"Johnson&Johnson, Moderna, Oxford/AstraZeneca, Pfizer/BioNTech",5252749,3821791,9074540
2021-07-11,"Johnson&Johnson, Moderna, Oxford/AstraZeneca, Pfizer/BioNTech",5261247,3844613,9105860
2021-07-12,"Johnson&Johnson, Moderna, Oxford/AstraZeneca, Pfizer/BioNTech",5288740,3913599,9202339
2021-07-13,"Johnson&Johnson, Moderna, Oxford/AstraZeneca, Pfizer/BioNTech",5314892,3983357,9298249
2021-07-14,"Johnson&Johnson, Moderna, Oxford/AstraZeneca, Pfizer/BioNTech",5340701,4055252,9395953
2021-07-15,"Johnson&Johnson, Moderna, Oxford/AstraZeneca, Pfizer/BioNTech",5369884,4121131,9491015
2021-07-16,"Johnson&Johnson, Moderna, Oxford/AstraZeneca, Pfizer/BioNTech",5397620,4193701,9591321
2021-07-17,"Johnson&Johnson, Moderna, Oxford/AstraZeneca, Pfizer/BioNTech",5406352,4225067,9631419
2021-07-18,"Johnson&Johnson, Moderna, Oxford/AstraZeneca, Pfizer/BioNTech",5414765,4251015,9665780
2021-07-19,"Johnson&Johnson, Moderna, Oxford/AstraZeneca, Pfizer/BioNTech",5438062,4317931,9755993
2021-07-20,"Johnson&Johnson, Moderna, Oxford/AstraZeneca, Pfizer/BioNTech",5459391,4384860,9844251
2021-07-21,"Johnson&Johnson, Moderna, Oxford/AstraZeneca, Pfizer/BioNTech",5482748,4448183,9930931
2021-07-22,"Johnson&Johnson, Moderna, Oxford/AstraZeneca, Pfizer/BioNTech",5505018,4506665,10011683
2021-07-23,"Johnson&Johnson, Moderna, Oxford/AstraZeneca, Pfizer/BioNTech",5528124,4561259,10089383
2021-07-24,"Johnson&Johnson, Moderna, Oxford/AstraZeneca, Pfizer/BioNTech",5535407,4588827,10124234
2021-07-25,"Johnson&Johnson, Moderna, Oxford/AstraZeneca, Pfizer/BioNTech",5541984,4610795,10152779
2021-07-26,"Johnson&Johnson, Moderna, Oxford/AstraZeneca, Pfizer/BioNTech",5565436,4659240,10224676
2021-07-27,"Johnson&Johnson, Moderna, Oxford/AstraZeneca, Pfizer/BioNTech",5588036,4705735,10293771
2021-07-28,"Johnson&Johnson, Moderna, Oxford/AstraZeneca, Pfizer/BioNTech",5609172,4751577,10360749
2021-07-29,"Johnson&Johnson, Moderna, Oxford/AstraZeneca, Pfizer/BioNTech",5630336,4793392,10423728
2021-07-30,"Johnson&Johnson, Moderna, Oxford/AstraZeneca, Pfizer/BioNTech",5653516,4835814,10489330
2021-07-31,"Johnson&Johnson, Moderna, Oxford/AstraZeneca, Pfizer/BioNTech",5662410,4855276,10517686
2021-08-01,"Johnson&Johnson, Moderna, Oxford/AstraZeneca, Pfizer/BioNTech",5669089,4871390,10540479
2021-08-02,"Johnson&Johnson, Moderna, Oxford/AstraZeneca, Pfizer/BioNTech",5687596,4908818,10596414
2021-08-03,"Johnson&Johnson, Moderna, Oxford/AstraZeneca, Pfizer/BioNTech",5705138,4946811,10651949
2021-08-04,"Johnson&Johnson, Moderna, Oxford/AstraZeneca, Pfizer/BioNTech",5721125,4983425,10704550
2021-08-05,"Johnson&Johnson, Moderna, Oxford/AstraZeneca, Pfizer/BioNTech",5736916,5023765,10760681
2021-08-06,"Johnson&Johnson, Moderna, Oxford/AstraZeneca, Pfizer/BioNTech",5753488,5066742,10820230
2021-08-07,"Johnson&Johnson, Moderna, Oxford/AstraZeneca, Pfizer/BioNTech",5758997,5084826,10843823
2021-08-08,"Johnson&Johnson, Moderna, Oxford/AstraZeneca, Pfizer/BioNTech",5763174,5100509,10863683
2021-08-09,"Johnson&Johnson, Moderna, Oxford/AstraZeneca, Pfizer/BioNTech",5775581,5145455,10921036
2021-08-10,"Johnson&Johnson, Moderna, Oxford/AstraZeneca, Pfizer/BioNTech",5787254,5184899,10972153
2021-08-11,"Johnson&Johnson, Moderna, Oxford/AstraZeneca, Pfizer/BioNTech",5798466,5227911,11026377
2021-08-12,"Johnson&Johnson, Moderna, Oxford/AstraZeneca, Pfizer/BioNTech",5809687,5264857,11074544
2021-08-13,"Johnson&Johnson, Moderna, Oxford/AstraZeneca, Pfizer/BioNTech",5820233,5305011,11125244
2021-08-14,"Johnson&Johnson, Moderna, Oxford/AstraZeneca, Pfizer/BioNTech",5823526,5315639,11139165
2021-08-15,"Johnson&Johnson, Moderna, Oxford/AstraZeneca, Pfizer/BioNTech",5826081,5325976,11152057
2021-08-16,"Johnson&Johnson, Moderna, Oxford/AstraZeneca, Pfizer/BioNTech",5835806,5359927,11195733
2021-08-17,"Johnson&Johnson, Moderna, Oxford/AstraZeneca, Pfizer/BioNTech",5845244,5386870,11232114
2021-08-18,"Johnson&Johnson, Moderna, Oxford/AstraZeneca, Pfizer/BioNTech",5854519,5425557,11280076
2021-08-19,"Johnson&Johnson, Moderna, Oxford/AstraZeneca, Pfizer/BioNTech",5864079,5463779,11327858
2021-08-20,"Johnson&Johnson, Moderna, Oxford/AstraZeneca, Pfizer/BioNTech",5875274,5503829,11379103
2021-08-21,"Johnson&Johnson, Moderna, Oxford/AstraZeneca, Pfizer/BioNTech",5877947,5516538,11394485
2021-08-22,"Johnson&Johnson, Moderna, Oxford/AstraZeneca, Pfizer/BioNTech",5880262,5528462,11408724
2021-08-23,"Johnson&Johnson, Moderna, Oxford/AstraZeneca, Pfizer/BioNTech",5890608,5567512,11458120
2021-08-24,"Johnson&Johnson, Moderna, Oxford/AstraZeneca, Pfizer/BioNTech",5900315,5600595,11500910
2021-08-25,"Johnson&Johnson, Moderna, Oxford/AstraZeneca, Pfizer/BioNTech",5908952,5628643,11537595
2021-08-26,"Johnson&Johnson, Moderna, Oxford/AstraZeneca, Pfizer/BioNTech",5917209,5654447,11571656
2021-08-27,"Johnson&Johnson, Moderna, Oxford/AstraZeneca, Pfizer/BioNTech",5927300,5680098,11607398
2021-08-28,"Johnson&Johnson, Moderna, Oxford/AstraZeneca, Pfizer/BioNTech",5929943,5687032,11616975
2021-08-29,"Johnson&Johnson, Moderna, Oxford/AstraZeneca, Pfizer/BioNTech",5932214,5693386,11625600
2021-08-30,"Johnson&Johnson, Moderna, Oxford/AstraZeneca, Pfizer/BioNTech",5940505,5714854,11655359
2021-08-31,"Johnson&Johnson, Moderna, Oxford/AstraZeneca, Pfizer/BioNTech",5947930,5732638,11680568
2021-09-01,"Johnson&Johnson, Moderna, Oxford/AstraZeneca, Pfizer/BioNTech",5953524,5746284,11699808
2021-09-02,"Johnson&Johnson, Moderna, Oxford/AstraZeneca, Pfizer/BioNTech",5959982,5759971,11719953
2021-09-03,"Johnson&Johnson, Moderna, Oxford/AstraZeneca, Pfizer/BioNTech",5968970,5775142,11744112
2021-09-04,"Johnson&Johnson, Moderna, Oxford/AstraZeneca, Pfizer/BioNTech",5970680,5778367,11749047
2021-09-05,"Johnson&Johnson, Moderna, Pfizer/BioNTech",5972290,5780819,11753109
