date,vaccine,people_vaccinated,people_fully_vaccinated,total_vaccinations
2020-12-27,Pfizer/BioNTech,1250,0,1250
2020-12-28,Pfizer/BioNTech,3545,0,3545
2020-12-29,Pfizer/BioNTech,6989,0,6989
2020-12-30,Pfizer/BioNTech,10463,0,10463
2020-12-31,Pfizer/BioNTech,11769,0,11769
2021-01-01,Pfizer/BioNTech,12029,0,12029
2021-01-02,Pfizer/BioNTech,13295,0,13295
2021-01-03,Pfizer/BioNTech,14209,0,14209
2021-01-04,Pfizer/BioNTech,17774,0,17774
2021-01-05,Pfizer/BioNTech,22268,0,22268
2021-01-06,Pfizer/BioNTech,28084,0,28084
2021-01-07,Pfizer/BioNTech,36022,0,36022
2021-01-08,Pfizer/BioNTech,45946,0,45946
2021-01-09,Pfizer/BioNTech,47957,0,47957
2021-01-10,Pfizer/BioNTech,49681,0,49681
2021-01-11,Pfizer/BioNTech,59464,0,59464
2021-01-12,Pfizer/BioNTech,72814,0,72814
2021-01-13,Pfizer/BioNTech,86281,0,86281
2021-01-14,"Moderna, Pfizer/BioNTech",101438,0,101438
2021-01-15,"Moderna, Pfizer/BioNTech",115356,0,115356
2021-01-16,"Moderna, Pfizer/BioNTech",118727,2,118729
2021-01-17,"Moderna, Pfizer/BioNTech",121321,634,121955
2021-01-18,"Moderna, Pfizer/BioNTech",133774,2360,136134
2021-01-19,"Moderna, Pfizer/BioNTech",146275,5057,151332
2021-01-20,"Moderna, Pfizer/BioNTech",159816,7676,167492
2021-01-21,"Moderna, Pfizer/BioNTech",175354,9394,184748
2021-01-22,"Moderna, Pfizer/BioNTech",190084,10426,200510
2021-01-23,"Moderna, Pfizer/BioNTech",193357,11291,204648
2021-01-24,"Moderna, Pfizer/BioNTech",195599,12152,207751
2021-01-25,"Moderna, Pfizer/BioNTech",205198,15092,220290
2021-01-26,"Moderna, Pfizer/BioNTech",215691,19046,234737
2021-01-27,"Moderna, Pfizer/BioNTech",224672,23528,248200
2021-01-28,"Moderna, Pfizer/BioNTech",231701,29606,261307
2021-01-29,"Moderna, Pfizer/BioNTech",237874,37397,275271
2021-01-30,"Moderna, Pfizer/BioNTech",238591,38478,277069
2021-01-31,Pfizer/BioNTech,239292,39620,278912
2021-02-01,"Moderna, Pfizer/BioNTech",243231,47485,290716
2021-02-02,"Moderna, Pfizer/BioNTech",247345,57641,304986
2021-02-03,"Moderna, Pfizer/BioNTech",251726,68579,320305
2021-02-04,"Moderna, Pfizer/BioNTech",256595,81472,338067
2021-02-05,"Moderna, Pfizer/BioNTech",262026,92068,354094
2021-02-06,"Moderna, Pfizer/BioNTech",262862,94398,357260
2021-02-07,"Moderna, Pfizer/BioNTech",263705,96868,360573
2021-02-08,"Moderna, Pfizer/BioNTech",267712,108189,375901
2021-02-09,"Moderna, Pfizer/BioNTech",272744,120024,392768
2021-02-10,"Moderna, Pfizer/BioNTech",278262,133105,411367
2021-02-11,"Moderna, Oxford/AstraZeneca, Pfizer/BioNTech",284535,149159,433694
2021-02-12,"Moderna, Oxford/AstraZeneca, Pfizer/BioNTech",291243,163757,455000
2021-02-13,"Moderna, Oxford/AstraZeneca, Pfizer/BioNTech",292811,166714,459525
2021-02-14,"Moderna, Oxford/AstraZeneca, Pfizer/BioNTech",293799,168079,461878
2021-02-15,"Moderna, Oxford/AstraZeneca, Pfizer/BioNTech",300135,177374,477509
2021-02-16,"Moderna, Oxford/AstraZeneca, Pfizer/BioNTech",308739,186357,495096
2021-02-17,"Moderna, Oxford/AstraZeneca, Pfizer/BioNTech",318384,194531,512915
2021-02-18,"Moderna, Oxford/AstraZeneca, Pfizer/BioNTech",330620,202503,533123
2021-02-19,"Moderna, Oxford/AstraZeneca, Pfizer/BioNTech",342355,209719,552074
2021-02-20,"Moderna, Oxford/AstraZeneca, Pfizer/BioNTech",344269,210881,555150
2021-02-21,"Moderna, Oxford/AstraZeneca, Pfizer/BioNTech",345289,211886,557175
2021-02-22,"Moderna, Oxford/AstraZeneca, Pfizer/BioNTech",355349,217861,573210
2021-02-23,"Moderna, Oxford/AstraZeneca, Pfizer/BioNTech",368147,224758,592905
2021-02-24,"Moderna, Oxford/AstraZeneca, Pfizer/BioNTech",381907,230741,612648
2021-02-25,"Moderna, Oxford/AstraZeneca, Pfizer/BioNTech",399759,236242,636001
2021-02-26,"Moderna, Oxford/AstraZeneca, Pfizer/BioNTech",415773,241547,657320
2021-02-27,"Moderna, Oxford/AstraZeneca, Pfizer/BioNTech",418700,242095,660795
2021-02-28,"Moderna, Oxford/AstraZeneca, Pfizer/BioNTech",421028,242634,663662
2021-03-01,"Moderna, Oxford/AstraZeneca, Pfizer/BioNTech",440295,246011,686306
2021-03-02,"Moderna, Oxford/AstraZeneca, Pfizer/BioNTech",467080,249519,716599
2021-03-03,"Moderna, Oxford/AstraZeneca, Pfizer/BioNTech",497407,253983,751390
2021-03-04,"Moderna, Oxford/AstraZeneca, Pfizer/BioNTech",530205,258594,788799
2021-03-05,"Moderna, Oxford/AstraZeneca, Pfizer/BioNTech",558639,263921,822560
2021-03-06,"Moderna, Oxford/AstraZeneca, Pfizer/BioNTech",570597,264743,835340
2021-03-07,"Moderna, Oxford/AstraZeneca, Pfizer/BioNTech",581948,265566,847514
2021-03-08,"Moderna, Oxford/AstraZeneca, Pfizer/BioNTech",611386,270351,881737
2021-03-09,"Moderna, Oxford/AstraZeneca, Pfizer/BioNTech",647238,276663,923901
2021-03-10,"Moderna, Oxford/AstraZeneca, Pfizer/BioNTech",688076,283553,971629
2021-03-11,"Moderna, Oxford/AstraZeneca, Pfizer/BioNTech",732421,291842,1024263
2021-03-12,"Moderna, Oxford/AstraZeneca, Pfizer/BioNTech",770738,300180,1070918
2021-03-13,"Moderna, Oxford/AstraZeneca, Pfizer/BioNTech",787669,301447,1089116
2021-03-14,"Moderna, Oxford/AstraZeneca, Pfizer/BioNTech",799692,302570,1102262
2021-03-15,"Moderna, Oxford/AstraZeneca, Pfizer/BioNTech",827717,311269,1138986
2021-03-16,"Moderna, Oxford/AstraZeneca, Pfizer/BioNTech",866200,321685,1187885
2021-03-17,"Moderna, Oxford/AstraZeneca, Pfizer/BioNTech",903324,332111,1235435
2021-03-18,"Moderna, Oxford/AstraZeneca, Pfizer/BioNTech",940786,344439,1285225
2021-03-19,"Moderna, Oxford/AstraZeneca, Pfizer/BioNTech",974731,357928,1332659
2021-03-20,"Moderna, Oxford/AstraZeneca, Pfizer/BioNTech",989685,359926,1349611
2021-03-21,"Moderna, Oxford/AstraZeneca, Pfizer/BioNTech",997019,361446,1358465
2021-03-22,"Moderna, Oxford/AstraZeneca, Pfizer/BioNTech",1021070,373786,1394856
2021-03-23,"Moderna, Oxford/AstraZeneca, Pfizer/BioNTech",1047265,387001,1434266
2021-03-24,"Moderna, Oxford/AstraZeneca, Pfizer/BioNTech",1073748,402562,1476310
2021-03-25,"Moderna, Oxford/AstraZeneca, Pfizer/BioNTech",1099747,420323,1520070
2021-03-26,"Moderna, Oxford/AstraZeneca, Pfizer/BioNTech",1124190,437686,1561876
2021-03-27,"Moderna, Oxford/AstraZeneca, Pfizer/BioNTech",1132517,442435,1574952
2021-03-28,"Moderna, Oxford/AstraZeneca, Pfizer/BioNTech",1137992,446523,1584515
2021-03-29,"Moderna, Oxford/AstraZeneca, Pfizer/BioNTech",1156731,467003,1623734
2021-03-30,"Moderna, Oxford/AstraZeneca, Pfizer/BioNTech",1181092,488988,1670080
2021-03-31,"Moderna, Oxford/AstraZeneca, Pfizer/BioNTech",1203830,515752,1719582
2021-04-01,"Moderna, Oxford/AstraZeneca, Pfizer/BioNTech",1228922,547469,1776391
2021-04-02,"Moderna, Oxford/AstraZeneca, Pfizer/BioNTech",1235606,560144,1795750
2021-04-03,"Moderna, Oxford/AstraZeneca, Pfizer/BioNTech",1239058,570997,1810055
2021-04-04,"Moderna, Oxford/AstraZeneca, Pfizer/BioNTech",1241511,579714,1821225
2021-04-05,"Moderna, Oxford/AstraZeneca, Pfizer/BioNTech",1243787,586834,1830621
2021-04-06,"Moderna, Oxford/AstraZeneca, Pfizer/BioNTech",1259628,615818,1875446
2021-04-07,"Moderna, Oxford/AstraZeneca, Pfizer/BioNTech",1282632,637753,1920385
2021-04-08,"Moderna, Oxford/AstraZeneca, Pfizer/BioNTech",1320265,668454,1988719
2021-04-09,"Moderna, Oxford/AstraZeneca, Pfizer/BioNTech",1358416,698224,2056640
2021-04-10,"Moderna, Oxford/AstraZeneca, Pfizer/BioNTech",1373644,713340,2086984
2021-04-11,"Moderna, Oxford/AstraZeneca, Pfizer/BioNTech",1383274,723311,2106585
2021-04-12,"Moderna, Oxford/AstraZeneca, Pfizer/BioNTech",1420609,747893,2168502
2021-04-13,"Moderna, Oxford/AstraZeneca, Pfizer/BioNTech",1455925,773568,2229493
2021-04-14,"Moderna, Oxford/AstraZeneca, Pfizer/BioNTech",1494049,800707,2294756
2021-04-15,"Moderna, Oxford/AstraZeneca, Pfizer/BioNTech",1541093,826128,2367221
2021-04-16,"Moderna, Oxford/AstraZeneca, Pfizer/BioNTech",1585053,851555,2436608
2021-04-17,"Moderna, Oxford/AstraZeneca, Pfizer/BioNTech",1601484,860499,2461983
2021-04-18,"Moderna, Oxford/AstraZeneca, Pfizer/BioNTech",1614354,865432,2479786
2021-04-19,"Moderna, Oxford/AstraZeneca, Pfizer/BioNTech",1657644,880678,2538322
2021-04-20,"Moderna, Oxford/AstraZeneca, Pfizer/BioNTech",1699261,896318,2595579
2021-04-21,"Moderna, Oxford/AstraZeneca, Pfizer/BioNTech",1746239,910331,2656570
2021-04-22,"Johnson&Johnson, Moderna, Oxford/AstraZeneca, Pfizer/BioNTech",1799826,927486,2727312
2021-04-23,"Johnson&Johnson, Moderna, Oxford/AstraZeneca, Pfizer/BioNTech",1848725,939361,2788086
2021-04-24,"Johnson&Johnson, Moderna, Oxford/AstraZeneca, Pfizer/BioNTech",1866256,944524,2810780
2021-04-25,"Johnson&Johnson, Moderna, Oxford/AstraZeneca, Pfizer/BioNTech",1880698,948473,2829171
2021-04-26,"Johnson&Johnson, Moderna, Oxford/AstraZeneca, Pfizer/BioNTech",1929265,955539,2884804
2021-04-27,"Johnson&Johnson, Moderna, Oxford/AstraZeneca, Pfizer/BioNTech",1976667,967362,2944029
2021-04-28,"Johnson&Johnson, Moderna, Oxford/AstraZeneca, Pfizer/BioNTech",2031776,980327,3012103
