date,vaccine,people_vaccinated,people_fully_vaccinated,total_vaccinations
2020-12-27,Pfizer/BioNTech,1287,0,1287
2020-12-28,Pfizer/BioNTech,3591,0,3591
2020-12-29,Pfizer/BioNTech,7062,1,7063
2020-12-30,Pfizer/BioNTech,10582,1,10583
2020-12-31,Pfizer/BioNTech,11893,1,11894
2021-01-01,"Moderna, Pfizer/BioNTech",12163,1,12164
2021-01-02,"Moderna, Pfizer/BioNTech",13445,1,13446
2021-01-03,"Moderna, Pfizer/BioNTech",14371,1,14372
2021-01-04,"Moderna, Pfizer/BioNTech",17985,1,17986
2021-01-05,"Moderna, Pfizer/BioNTech",22512,3,22515
2021-01-06,"Moderna, Pfizer/BioNTech",28360,4,28364
2021-01-07,"Moderna, Pfizer/BioNTech",36361,4,36365
2021-01-08,"Moderna, Pfizer/BioNTech",46416,5,46421
2021-01-09,"Moderna, Pfizer/BioNTech",48444,7,48451
2021-01-10,Pfizer/BioNTech,50215,9,50224
2021-01-11,"Moderna, Pfizer/BioNTech",60076,11,60087
2021-01-12,"Moderna, Pfizer/BioNTech",73534,13,73547
2021-01-13,"Moderna, Pfizer/BioNTech",87084,13,87097
2021-01-14,"Moderna, Pfizer/BioNTech",102341,17,102358
2021-01-15,"Moderna, Pfizer/BioNTech",116364,18,116382
2021-01-16,"Moderna, Pfizer/BioNTech",119768,22,119790
2021-01-17,"Moderna, Pfizer/BioNTech",122389,658,123047
2021-01-18,"Moderna, Pfizer/BioNTech",134884,2485,137369
2021-01-19,"Moderna, Pfizer/BioNTech",147498,5214,152712
2021-01-20,"Moderna, Pfizer/BioNTech",161195,7878,169073
2021-01-21,"Moderna, Pfizer/BioNTech",176852,9620,186472
2021-01-22,"Moderna, Pfizer/BioNTech",191747,10666,202413
2021-01-23,"Moderna, Pfizer/BioNTech",195067,11545,206612
2021-01-24,"Moderna, Pfizer/BioNTech",197323,12415,209738
2021-01-25,"Moderna, Pfizer/BioNTech",206978,15389,222367
2021-01-26,"Moderna, Pfizer/BioNTech",217528,19381,236909
2021-01-27,"Moderna, Pfizer/BioNTech",226561,23917,250478
2021-01-28,"Moderna, Pfizer/BioNTech",233664,30052,263716
2021-01-29,"Moderna, Pfizer/BioNTech",239883,37962,277845
2021-01-30,"Moderna, Pfizer/BioNTech",240624,39050,279674
2021-01-31,"Moderna, Pfizer/BioNTech",241342,40232,281574
2021-02-01,"Moderna, Pfizer/BioNTech",245324,48203,293527
2021-02-02,"Moderna, Pfizer/BioNTech",249478,58443,307921
2021-02-03,"Moderna, Pfizer/BioNTech",253905,69467,323372
2021-02-04,"Moderna, Pfizer/BioNTech",258813,82462,341275
2021-02-05,"Moderna, Pfizer/BioNTech",264287,93139,357426
2021-02-06,"Moderna, Oxford/AstraZeneca, Pfizer/BioNTech",265144,95506,360650
2021-02-07,"Moderna, Oxford/AstraZeneca, Pfizer/BioNTech",265996,98006,364002
2021-02-08,"Moderna, Oxford/AstraZeneca, Pfizer/BioNTech",270091,109440,379531
2021-02-09,"Moderna, Oxford/AstraZeneca, Pfizer/BioNTech",275199,121357,396556
2021-02-10,"Moderna, Oxford/AstraZeneca, Pfizer/BioNTech",280715,134620,415335
2021-02-11,"Moderna, Oxford/AstraZeneca, Pfizer/BioNTech",287056,150843,437899
2021-02-12,"Moderna, Oxford/AstraZeneca, Pfizer/BioNTech",293887,165591,459478
2021-02-13,"Moderna, Oxford/AstraZeneca, Pfizer/BioNTech",295502,168580,464082
2021-02-14,"Moderna, Oxford/AstraZeneca, Pfizer/BioNTech",296507,169966,466473
2021-02-15,"Moderna, Oxford/AstraZeneca, Pfizer/BioNTech",302905,179337,482242
2021-02-16,"Moderna, Oxford/AstraZeneca, Pfizer/BioNTech",311627,188421,500048
2021-02-17,"Moderna, Oxford/AstraZeneca, Pfizer/BioNTech",321330,196731,518061
2021-02-18,"Moderna, Oxford/AstraZeneca, Pfizer/BioNTech",333660,204815,538475
2021-02-19,"Moderna, Oxford/AstraZeneca, Pfizer/BioNTech",345526,212195,557721
2021-02-20,"Moderna, Oxford/AstraZeneca, Pfizer/BioNTech",347536,213381,560917
2021-02-21,"Moderna, Oxford/AstraZeneca, Pfizer/BioNTech",348673,214407,563080
2021-02-22,"Moderna, Oxford/AstraZeneca, Pfizer/BioNTech",358800,220445,579245
2021-02-23,"Moderna, Oxford/AstraZeneca, Pfizer/BioNTech",371765,227437,599202
2021-02-24,"Moderna, Oxford/AstraZeneca, Pfizer/BioNTech",385648,233480,619128
2021-02-25,"Moderna, Oxford/AstraZeneca, Pfizer/BioNTech",403632,239032,642664
2021-02-26,"Moderna, Oxford/AstraZeneca, Pfizer/BioNTech",419812,244394,664206
2021-02-27,"Moderna, Oxford/AstraZeneca, Pfizer/BioNTech",422822,244954,667776
2021-02-28,"Moderna, Oxford/AstraZeneca, Pfizer/BioNTech",425180,245506,670686
2021-03-01,"Moderna, Oxford/AstraZeneca, Pfizer/BioNTech",444782,248957,693739
2021-03-02,"Moderna, Oxford/AstraZeneca, Pfizer/BioNTech",472012,252507,724519
2021-03-03,"Moderna, Oxford/AstraZeneca, Pfizer/BioNTech",502973,257018,759991
2021-03-04,"Moderna, Oxford/AstraZeneca, Pfizer/BioNTech",536266,261708,797974
2021-03-05,"Johnson&Johnson, Moderna, Oxford/AstraZeneca, Pfizer/BioNTech",565114,267135,832249
2021-03-06,"Johnson&Johnson, Moderna, Oxford/AstraZeneca, Pfizer/BioNTech",577271,268000,845271
2021-03-07,"Johnson&Johnson, Moderna, Oxford/AstraZeneca, Pfizer/BioNTech",588820,268843,857663
2021-03-08,"Johnson&Johnson, Moderna, Oxford/AstraZeneca, Pfizer/BioNTech",618570,273706,892276
2021-03-09,"Johnson&Johnson, Moderna, Oxford/AstraZeneca, Pfizer/BioNTech",654942,280092,935034
2021-03-10,"Johnson&Johnson, Moderna, Oxford/AstraZeneca, Pfizer/BioNTech",696279,287053,983332
2021-03-11,"Johnson&Johnson, Moderna, Oxford/AstraZeneca, Pfizer/BioNTech",741135,295427,1036562
2021-03-12,"Johnson&Johnson, Moderna, Oxford/AstraZeneca, Pfizer/BioNTech",779904,303924,1083828
2021-03-13,"Johnson&Johnson, Moderna, Oxford/AstraZeneca, Pfizer/BioNTech",797013,305239,1102252
2021-03-14,"Johnson&Johnson, Moderna, Oxford/AstraZeneca, Pfizer/BioNTech",809132,306395,1115527
2021-03-15,"Johnson&Johnson, Moderna, Oxford/AstraZeneca, Pfizer/BioNTech",837530,315178,1152708
2021-03-16,"Johnson&Johnson, Moderna, Oxford/AstraZeneca, Pfizer/BioNTech",876426,325716,1202142
2021-03-17,"Moderna, Oxford/AstraZeneca, Pfizer/BioNTech",913917,336229,1250146
2021-03-18,"Johnson&Johnson, Moderna, Oxford/AstraZeneca, Pfizer/BioNTech",951923,348654,1300577
2021-03-19,"Moderna, Oxford/AstraZeneca, Pfizer/BioNTech",986440,362268,1348708
2021-03-20,"Johnson&Johnson, Moderna, Oxford/AstraZeneca, Pfizer/BioNTech",1001621,364300,1365921
2021-03-21,"Johnson&Johnson, Moderna, Oxford/AstraZeneca, Pfizer/BioNTech",1009063,365860,1374923
2021-03-22,"Johnson&Johnson, Moderna, Oxford/AstraZeneca, Pfizer/BioNTech",1033641,378364,1412005
2021-03-23,"Johnson&Johnson, Moderna, Oxford/AstraZeneca, Pfizer/BioNTech",1060320,391730,1452050
2021-03-24,"Johnson&Johnson, Moderna, Oxford/AstraZeneca, Pfizer/BioNTech",1087207,407479,1494686
2021-03-25,"Johnson&Johnson, Moderna, Oxford/AstraZeneca, Pfizer/BioNTech",1113561,425335,1538896
2021-03-26,"Johnson&Johnson, Moderna, Oxford/AstraZeneca, Pfizer/BioNTech",1138403,442847,1581250
2021-03-27,"Johnson&Johnson, Moderna, Oxford/AstraZeneca, Pfizer/BioNTech",1146859,447693,1594552
2021-03-28,"Moderna, Oxford/AstraZeneca, Pfizer/BioNTech",1152407,451841,1604248
2021-03-29,"Johnson&Johnson, Moderna, Oxford/AstraZeneca, Pfizer/BioNTech",1171564,472579,1644143
2021-03-30,"Johnson&Johnson, Moderna, Oxford/AstraZeneca, Pfizer/BioNTech",1196275,494767,1691042
2021-03-31,"Johnson&Johnson, Moderna, Oxford/AstraZeneca, Pfizer/BioNTech",1219431,521837,1741268
2021-04-01,"Johnson&Johnson, Moderna, Oxford/AstraZeneca, Pfizer/BioNTech",1245117,553899,1799016
2021-04-02,"Johnson&Johnson, Moderna, Oxford/AstraZeneca, Pfizer/BioNTech",1252093,566701,1818794
2021-04-03,"Johnson&Johnson, Moderna, Oxford/AstraZeneca, Pfizer/BioNTech",1255743,577632,1833375
2021-04-04,"Johnson&Johnson, Moderna, Oxford/AstraZeneca, Pfizer/BioNTech",1258284,586557,1844841
2021-04-05,"Johnson&Johnson, Moderna, Oxford/AstraZeneca, Pfizer/BioNTech",1260713,593761,1854474
2021-04-06,"Johnson&Johnson, Moderna, Oxford/AstraZeneca, Pfizer/BioNTech",1276928,623038,1899966
2021-04-07,"Johnson&Johnson, Moderna, Oxford/AstraZeneca, Pfizer/BioNTech",1300432,645283,1945715
2021-04-08,"Johnson&Johnson, Moderna, Oxford/AstraZeneca, Pfizer/BioNTech",1339239,676330,2015569
2021-04-09,"Johnson&Johnson, Moderna, Oxford/AstraZeneca, Pfizer/BioNTech",1378839,706527,2085366
2021-04-10,"Johnson&Johnson, Moderna, Oxford/AstraZeneca, Pfizer/BioNTech",1394405,721839,2116244
2021-04-11,"Johnson&Johnson, Moderna, Oxford/AstraZeneca, Pfizer/BioNTech",1404200,731895,2136095
2021-04-12,"Johnson&Johnson, Moderna, Oxford/AstraZeneca, Pfizer/BioNTech",1442521,757040,2199561
2021-04-13,"Moderna, Oxford/AstraZeneca, Pfizer/BioNTech",1478826,783083,2261909
2021-04-14,"Moderna, Oxford/AstraZeneca, Pfizer/BioNTech",1517709,810458,2328167
2021-04-15,"Moderna, Oxford/AstraZeneca, Pfizer/BioNTech",1565544,836239,2401783
2021-04-16,"Moderna, Oxford/AstraZeneca, Pfizer/BioNTech",1610255,861925,2472180
2021-04-17,"Moderna, Oxford/AstraZeneca, Pfizer/BioNTech",1626980,870952,2497932
2021-04-18,"Moderna, Oxford/AstraZeneca, Pfizer/BioNTech",1639979,875938,2515917
2021-04-19,"Johnson&Johnson, Moderna, Oxford/AstraZeneca, Pfizer/BioNTech",1683952,891381,2575333
2021-04-20,"Johnson&Johnson, Moderna, Oxford/AstraZeneca, Pfizer/BioNTech",1726540,907272,2633812
2021-04-21,"Moderna, Oxford/AstraZeneca, Pfizer/BioNTech",1774313,921641,2695954
2021-04-22,"Johnson&Johnson, Moderna, Oxford/AstraZeneca, Pfizer/BioNTech",1828841,939039,2767880
2021-04-23,"Johnson&Johnson, Moderna, Oxford/AstraZeneca, Pfizer/BioNTech",1878860,951104,2829964
2021-04-24,"Johnson&Johnson, Moderna, Oxford/AstraZeneca, Pfizer/BioNTech",1896736,956370,2853106
2021-04-25,"Johnson&Johnson, Moderna, Oxford/AstraZeneca, Pfizer/BioNTech",1911448,960372,2871820
2021-04-26,"Johnson&Johnson, Moderna, Oxford/AstraZeneca, Pfizer/BioNTech",1961058,967941,2928999
2021-04-27,"Johnson&Johnson, Moderna, Oxford/AstraZeneca, Pfizer/BioNTech",2010053,980193,2990246
2021-04-28,"Johnson&Johnson, Moderna, Oxford/AstraZeneca, Pfizer/BioNTech",2068835,994221,3063056
2021-04-29,"Johnson&Johnson, Moderna, Oxford/AstraZeneca, Pfizer/BioNTech",2134454,1010139,3144593
2021-04-30,"Johnson&Johnson, Moderna, Oxford/AstraZeneca, Pfizer/BioNTech",2196753,1020135,3216888
2021-05-01,"Johnson&Johnson, Moderna, Oxford/AstraZeneca, Pfizer/BioNTech",2216140,1023598,3239738
2021-05-02,"Johnson&Johnson, Moderna, Oxford/AstraZeneca, Pfizer/BioNTech",2235091,1025887,3260978
2021-05-03,"Johnson&Johnson, Moderna, Oxford/AstraZeneca, Pfizer/BioNTech",2302373,1030969,3333342
2021-05-04,"Johnson&Johnson, Moderna, Oxford/AstraZeneca, Pfizer/BioNTech",2368927,1039345,3408272
2021-05-05,"Johnson&Johnson, Moderna, Oxford/AstraZeneca, Pfizer/BioNTech",2442135,1048792,3490927
2021-05-06,"Johnson&Johnson, Moderna, Oxford/AstraZeneca, Pfizer/BioNTech",2522581,1059547,3582128
2021-05-07,"Johnson&Johnson, Moderna, Oxford/AstraZeneca, Pfizer/BioNTech",2599914,1069690,3669604
2021-05-08,"Johnson&Johnson, Moderna, Oxford/AstraZeneca, Pfizer/BioNTech",2629446,1071479,3700925
2021-05-09,"Johnson&Johnson, Moderna, Oxford/AstraZeneca, Pfizer/BioNTech",2653680,1072699,3726379
2021-05-10,"Johnson&Johnson, Moderna, Oxford/AstraZeneca, Pfizer/BioNTech",2726486,1079947,3806433
2021-05-11,"Johnson&Johnson, Moderna, Oxford/AstraZeneca, Pfizer/BioNTech",2802638,1088781,3891419
2021-05-12,"Johnson&Johnson, Moderna, Oxford/AstraZeneca, Pfizer/BioNTech",2882588,1097927,3980515
2021-05-13,"Johnson&Johnson, Moderna, Oxford/AstraZeneca, Pfizer/BioNTech",2966646,1107117,4073763
2021-05-14,"Johnson&Johnson, Moderna, Oxford/AstraZeneca, Pfizer/BioNTech",3046195,1114948,4161143
2021-05-15,"Johnson&Johnson, Moderna, Oxford/AstraZeneca, Pfizer/BioNTech",3078158,1117232,4195390
2021-05-16,"Johnson&Johnson, Moderna, Oxford/AstraZeneca, Pfizer/BioNTech",3103967,1118517,4222484
2021-05-17,"Johnson&Johnson, Moderna, Oxford/AstraZeneca, Pfizer/BioNTech",3176512,1125274,4301786
2021-05-18,"Johnson&Johnson, Moderna, Oxford/AstraZeneca, Pfizer/BioNTech",3248499,1138396,4386895
2021-05-19,"Johnson&Johnson, Moderna, Oxford/AstraZeneca, Pfizer/BioNTech",3326000,1153571,4479571
2021-05-20,"Johnson&Johnson, Moderna, Oxford/AstraZeneca, Pfizer/BioNTech",3401493,1180642,4582135
2021-05-21,"Johnson&Johnson, Moderna, Oxford/AstraZeneca, Pfizer/BioNTech",3470346,1208457,4678803
2021-05-22,"Johnson&Johnson, Moderna, Oxford/AstraZeneca, Pfizer/BioNTech",3502801,1219696,4722497
2021-05-23,"Johnson&Johnson, Moderna, Oxford/AstraZeneca, Pfizer/BioNTech",3525249,1228738,4753987
2021-05-24,"Johnson&Johnson, Moderna, Oxford/AstraZeneca, Pfizer/BioNTech",3572461,1262417,4834878
2021-05-25,"Johnson&Johnson, Moderna, Oxford/AstraZeneca, Pfizer/BioNTech",3624377,1298265,4922642
2021-05-26,"Johnson&Johnson, Moderna, Oxford/AstraZeneca, Pfizer/BioNTech",3692146,1335829,5027975
2021-05-27,"Johnson&Johnson, Moderna, Oxford/AstraZeneca, Pfizer/BioNTech",3753583,1383200,5136783
2021-05-28,"Johnson&Johnson, Moderna, Oxford/AstraZeneca, Pfizer/BioNTech",3815338,1429815,5245153
2021-05-29,"Johnson&Johnson, Moderna, Oxford/AstraZeneca, Pfizer/BioNTech",3844597,1446960,5291557
2021-05-30,"Johnson&Johnson, Moderna, Oxford/AstraZeneca, Pfizer/BioNTech",3867005,1461426,5328431
2021-05-31,"Johnson&Johnson, Moderna, Oxford/AstraZeneca, Pfizer/BioNTech",3922759,1508964,5431723
2021-06-01,"Johnson&Johnson, Moderna, Oxford/AstraZeneca, Pfizer/BioNTech",3981862,1557852,5539714
2021-06-02,"Johnson&Johnson, Moderna, Oxford/AstraZeneca, Pfizer/BioNTech",4044832,1611890,5656722
2021-06-03,"Johnson&Johnson, Moderna, Oxford/AstraZeneca, Pfizer/BioNTech",4103083,1672140,5775223
2021-06-04,"Johnson&Johnson, Moderna, Oxford/AstraZeneca, Pfizer/BioNTech",4166216,1729583,5895799
2021-06-05,"Johnson&Johnson, Moderna, Oxford/AstraZeneca, Pfizer/BioNTech",4200404,1748508,5948912
2021-06-06,"Johnson&Johnson, Moderna, Oxford/AstraZeneca, Pfizer/BioNTech",4227364,1763683,5991047
2021-06-07,"Johnson&Johnson, Moderna, Oxford/AstraZeneca, Pfizer/BioNTech",4291063,1819338,6110401
2021-06-08,"Johnson&Johnson, Moderna, Oxford/AstraZeneca, Pfizer/BioNTech",4355079,1874374,6229453
2021-06-09,"Johnson&Johnson, Moderna, Oxford/AstraZeneca, Pfizer/BioNTech",4414299,1939077,6353376
2021-06-10,"Johnson&Johnson, Moderna, Oxford/AstraZeneca, Pfizer/BioNTech",4468164,2010403,6478567
2021-06-11,"Johnson&Johnson, Moderna, Oxford/AstraZeneca, Pfizer/BioNTech",4520294,2080264,6600558
2021-06-12,"Johnson&Johnson, Moderna, Oxford/AstraZeneca, Pfizer/BioNTech",4552312,2101119,6653431
2021-06-13,"Johnson&Johnson, Moderna, Oxford/AstraZeneca, Pfizer/BioNTech",4576358,2119564,6695922
2021-06-14,"Johnson&Johnson, Moderna, Oxford/AstraZeneca, Pfizer/BioNTech",4619445,2193983,6813428
2021-06-15,"Johnson&Johnson, Moderna, Oxford/AstraZeneca, Pfizer/BioNTech",4664124,2266396,6930520
2021-06-16,"Johnson&Johnson, Moderna, Oxford/AstraZeneca, Pfizer/BioNTech",4706943,2344658,7051601
2021-06-17,"Johnson&Johnson, Moderna, Oxford/AstraZeneca, Pfizer/BioNTech",4746382,2427778,7174160
2021-06-18,"Johnson&Johnson, Moderna, Oxford/AstraZeneca, Pfizer/BioNTech",4788830,2508388,7297218
2021-06-19,"Johnson&Johnson, Moderna, Oxford/AstraZeneca, Pfizer/BioNTech",4810620,2537732,7348352
2021-06-20,"Johnson&Johnson, Moderna, Oxford/AstraZeneca, Pfizer/BioNTech",4828032,2561604,7389636
2021-06-21,"Johnson&Johnson, Moderna, Oxford/AstraZeneca, Pfizer/BioNTech",4860547,2640243,7500790
2021-06-22,"Johnson&Johnson, Moderna, Oxford/AstraZeneca, Pfizer/BioNTech",4893522,2722586,7616108
2021-06-23,"Johnson&Johnson, Moderna, Oxford/AstraZeneca, Pfizer/BioNTech",4925237,2807855,7733092
2021-06-24,"Johnson&Johnson, Moderna, Oxford/AstraZeneca, Pfizer/BioNTech",4955104,2897931,7853035
2021-06-25,"Johnson&Johnson, Moderna, Oxford/AstraZeneca, Pfizer/BioNTech",4986198,2984183,7970381
2021-06-26,"Johnson&Johnson, Moderna, Oxford/AstraZeneca, Pfizer/BioNTech",5002100,3019071,8021171
2021-06-27,"Johnson&Johnson, Moderna, Oxford/AstraZeneca, Pfizer/BioNTech",5016061,3045790,8061851
2021-06-28,"Johnson&Johnson, Moderna, Oxford/AstraZeneca, Pfizer/BioNTech",5044481,3131024,8175505
2021-06-29,"Johnson&Johnson, Moderna, Oxford/AstraZeneca, Pfizer/BioNTech",5073769,3217586,8291355
2021-06-30,"Johnson&Johnson, Moderna, Oxford/AstraZeneca, Pfizer/BioNTech",5101275,3308638,8409913
2021-07-01,"Johnson&Johnson, Moderna, Oxford/AstraZeneca, Pfizer/BioNTech",5125259,3398745,8524004
2021-07-02,"Johnson&Johnson, Moderna, Oxford/AstraZeneca, Pfizer/BioNTech",5152008,3484681,8636689
2021-07-03,"Johnson&Johnson, Moderna, Oxford/AstraZeneca, Pfizer/BioNTech",5159110,3516254,8675364
2021-07-04,"Johnson&Johnson, Moderna, Oxford/AstraZeneca, Pfizer/BioNTech",5166696,3538079,8704775
2021-07-05,"Johnson&Johnson, Moderna, Oxford/AstraZeneca, Pfizer/BioNTech",5174109,3563493,8737602
2021-07-06,"Johnson&Johnson, Moderna, Oxford/AstraZeneca, Pfizer/BioNTech",5179577,3591221,8770798
2021-07-07,"Johnson&Johnson, Moderna, Oxford/AstraZeneca, Pfizer/BioNTech",5205409,3670221,8875630
2021-07-08,"Johnson&Johnson, Moderna, Oxford/AstraZeneca, Pfizer/BioNTech",5232024,3740571,8972595
2021-07-09,"Johnson&Johnson, Moderna, Oxford/AstraZeneca, Pfizer/BioNTech",5259974,3809912,9069886
2021-07-10,"Johnson&Johnson, Moderna, Oxford/AstraZeneca, Pfizer/BioNTech",5269354,3838587,9107941
2021-07-11,"Johnson&Johnson, Moderna, Oxford/AstraZeneca, Pfizer/BioNTech",5277906,3861479,9139385
2021-07-12,"Johnson&Johnson, Moderna, Oxford/AstraZeneca, Pfizer/BioNTech",5305444,3930573,9236017
2021-07-13,"Johnson&Johnson, Moderna, Oxford/AstraZeneca, Pfizer/BioNTech",5331648,4000472,9332120
2021-07-14,"Johnson&Johnson, Moderna, Oxford/AstraZeneca, Pfizer/BioNTech",5357484,4072489,9429973
2021-07-15,"Johnson&Johnson, Moderna, Oxford/AstraZeneca, Pfizer/BioNTech",5386674,4138528,9525202
2021-07-16,"Johnson&Johnson, Moderna, Oxford/AstraZeneca, Pfizer/BioNTech",5414608,4211287,9625895
2021-07-17,"Johnson&Johnson, Moderna, Oxford/AstraZeneca, Pfizer/BioNTech",5423410,4242769,9666179
2021-07-18,"Johnson&Johnson, Moderna, Oxford/AstraZeneca, Pfizer/BioNTech",5431855,4268782,9700637
2021-07-19,"Johnson&Johnson, Moderna, Oxford/AstraZeneca, Pfizer/BioNTech",5455229,4335830,9791059
2021-07-20,"Johnson&Johnson, Moderna, Oxford/AstraZeneca, Pfizer/BioNTech",5476641,4402910,9879551
2021-07-21,"Johnson&Johnson, Moderna, Oxford/AstraZeneca, Pfizer/BioNTech",5500102,4466384,9966486
2021-07-22,"Johnson&Johnson, Moderna, Oxford/AstraZeneca, Pfizer/BioNTech",5522475,4525030,10047505
2021-07-23,"Johnson&Johnson, Moderna, Oxford/AstraZeneca, Pfizer/BioNTech",5545705,4579802,10125507
2021-07-24,"Johnson&Johnson, Moderna, Oxford/AstraZeneca, Pfizer/BioNTech",5553051,4607481,10160532
2021-07-25,"Johnson&Johnson, Moderna, Oxford/AstraZeneca, Pfizer/BioNTech",5559685,4629622,10189307
2021-07-26,"Johnson&Johnson, Moderna, Oxford/AstraZeneca, Pfizer/BioNTech",5583243,4678323,10261566
2021-07-27,"Johnson&Johnson, Moderna, Oxford/AstraZeneca, Pfizer/BioNTech",5605989,4724991,10330980
2021-07-28,"Johnson&Johnson, Moderna, Oxford/AstraZeneca, Pfizer/BioNTech",5627269,4771022,10398291
2021-07-29,"Johnson&Johnson, Moderna, Oxford/AstraZeneca, Pfizer/BioNTech",5648604,4813014,10461618
2021-07-30,"Johnson&Johnson, Moderna, Oxford/AstraZeneca, Pfizer/BioNTech",5671887,4855607,10527494
2021-07-31,"Johnson&Johnson, Moderna, Oxford/AstraZeneca, Pfizer/BioNTech",5680833,4875149,10555982
2021-08-01,"Johnson&Johnson, Moderna, Oxford/AstraZeneca, Pfizer/BioNTech",5687562,4891334,10578896
2021-08-02,"Johnson&Johnson, Moderna, Oxford/AstraZeneca, Pfizer/BioNTech",5706207,4928905,10635112
2021-08-03,"Johnson&Johnson, Moderna, Oxford/AstraZeneca, Pfizer/BioNTech",5723858,4967025,10690883
2021-08-04,"Johnson&Johnson, Moderna, Oxford/AstraZeneca, Pfizer/BioNTech",5739982,5003806,10743788
2021-08-05,"Johnson&Johnson, Moderna, Oxford/AstraZeneca, Pfizer/BioNTech",5756021,5044310,10800331
2021-08-06,"Johnson&Johnson, Moderna, Oxford/AstraZeneca, Pfizer/BioNTech",5772821,5087625,10860446
2021-08-07,"Johnson&Johnson, Moderna, Oxford/AstraZeneca, Pfizer/BioNTech",5778425,5105807,10884232
2021-08-08,"Johnson&Johnson, Moderna, Oxford/AstraZeneca, Pfizer/BioNTech",5782793,5121571,10904364
2021-08-09,"Johnson&Johnson, Moderna, Oxford/AstraZeneca, Pfizer/BioNTech",5795435,5166648,10962083
2021-08-10,"Johnson&Johnson, Moderna, Oxford/AstraZeneca, Pfizer/BioNTech",5807281,5206236,11013517
2021-08-11,"Johnson&Johnson, Moderna, Oxford/AstraZeneca, Pfizer/BioNTech",5818642,5249382,11068024
2021-08-12,"Johnson&Johnson, Moderna, Oxford/AstraZeneca, Pfizer/BioNTech",5830068,5286533,11116601
2021-08-13,"Johnson&Johnson, Moderna, Oxford/AstraZeneca, Pfizer/BioNTech",5840796,5326892,11167688
2021-08-14,"Johnson&Johnson, Moderna, Oxford/AstraZeneca, Pfizer/BioNTech",5844133,5337608,11181741
2021-08-15,"Johnson&Johnson, Moderna, Oxford/AstraZeneca, Pfizer/BioNTech",5846719,5347995,11194714
2021-08-16,"Johnson&Johnson, Moderna, Oxford/AstraZeneca, Pfizer/BioNTech",5856511,5382082,11238593
2021-08-17,"Johnson&Johnson, Moderna, Oxford/AstraZeneca, Pfizer/BioNTech",5866106,5409188,11275294
2021-08-18,"Johnson&Johnson, Moderna, Oxford/AstraZeneca, Pfizer/BioNTech",5875483,5448088,11323571
2021-08-19,"Johnson&Johnson, Moderna, Oxford/AstraZeneca, Pfizer/BioNTech",5885164,5486447,11371611
2021-08-20,"Johnson&Johnson, Moderna, Oxford/AstraZeneca, Pfizer/BioNTech",5896556,5526640,11423196
2021-08-21,"Johnson&Johnson, Moderna, Oxford/AstraZeneca, Pfizer/BioNTech",5899278,5539408,11438686
2021-08-22,"Johnson&Johnson, Moderna, Oxford/AstraZeneca, Pfizer/BioNTech",5901623,5551377,11453000
2021-08-23,"Johnson&Johnson, Moderna, Oxford/AstraZeneca, Pfizer/BioNTech",5912155,5590657,11502812
2021-08-24,"Johnson&Johnson, Moderna, Oxford/AstraZeneca, Pfizer/BioNTech",5922034,5623917,11545951
2021-08-25,"Johnson&Johnson, Moderna, Oxford/AstraZeneca, Pfizer/BioNTech",5930898,5652295,11583193
2021-08-26,"Johnson&Johnson, Moderna, Oxford/AstraZeneca, Pfizer/BioNTech",5939351,5678424,11617775
2021-08-27,"Johnson&Johnson, Moderna, Oxford/AstraZeneca, Pfizer/BioNTech",5949679,5704403,11654082
2021-08-28,"Johnson&Johnson, Moderna, Oxford/AstraZeneca, Pfizer/BioNTech",5952412,5711460,11663872
2021-08-29,"Johnson&Johnson, Moderna, Oxford/AstraZeneca, Pfizer/BioNTech",5954824,5718081,11672905
2021-08-30,"Johnson&Johnson, Moderna, Oxford/AstraZeneca, Pfizer/BioNTech",5963355,5739960,11703315
2021-08-31,"Johnson&Johnson, Moderna, Oxford/AstraZeneca, Pfizer/BioNTech",5971034,5758063,11729097
2021-09-01,"Johnson&Johnson, Moderna, Oxford/AstraZeneca, Pfizer/BioNTech",5976943,5772081,11749024
2021-09-02,"Johnson&Johnson, Moderna, Oxford/AstraZeneca, Pfizer/BioNTech",5983785,5786471,11770256
2021-09-03,"Johnson&Johnson, Moderna, Oxford/AstraZeneca, Pfizer/BioNTech",5993348,5802199,11795547
2021-09-04,"Johnson&Johnson, Moderna, Oxford/AstraZeneca, Pfizer/BioNTech",5995417,5805755,11801172
2021-09-05,"Johnson&Johnson, Moderna, Oxford/AstraZeneca, Pfizer/BioNTech",5997456,5808602,11806058
2021-09-06,"Johnson&Johnson, Moderna, Oxford/AstraZeneca, Pfizer/BioNTech",6003694,5821144,11824838
2021-09-07,"Johnson&Johnson, Moderna, Oxford/AstraZeneca, Pfizer/BioNTech",6008089,5832227,11840316
2021-09-08,"Johnson&Johnson, Moderna, Oxford/AstraZeneca, Pfizer/BioNTech",6013765,5842088,11855853
2021-09-09,"Johnson&Johnson, Moderna, Oxford/AstraZeneca, Pfizer/BioNTech",6020466,5852156,11872622
2021-09-10,"Johnson&Johnson, Moderna, Oxford/AstraZeneca, Pfizer/BioNTech",6028161,5864335,11892496
2021-09-11,"Johnson&Johnson, Moderna, Oxford/AstraZeneca, Pfizer/BioNTech",6030027,5866818,11896845
2021-09-12,"Johnson&Johnson, Moderna, Oxford/AstraZeneca, Pfizer/BioNTech",6031145,5868450,11899595
2021-09-13,"Johnson&Johnson, Moderna, Oxford/AstraZeneca, Pfizer/BioNTech",6036581,5878753,11915334
2021-09-14,"Johnson&Johnson, Moderna, Oxford/AstraZeneca, Pfizer/BioNTech",6041977,5887772,11929749
2021-09-15,"Johnson&Johnson, Moderna, Oxford/AstraZeneca, Pfizer/BioNTech",6047178,5896301,11943479
2021-09-16,"Johnson&Johnson, Moderna, Oxford/AstraZeneca, Pfizer/BioNTech",6052526,5904579,11957105
2021-09-17,"Johnson&Johnson, Moderna, Oxford/AstraZeneca, Pfizer/BioNTech",6059097,5914815,11973912
2021-09-18,"Johnson&Johnson, Moderna, Oxford/AstraZeneca, Pfizer/BioNTech",6060823,5917175,11977998
2021-09-19,"Johnson&Johnson, Moderna, Oxford/AstraZeneca, Pfizer/BioNTech",6061770,5918745,11980515
2021-09-20,"Johnson&Johnson, Moderna, Oxford/AstraZeneca, Pfizer/BioNTech",6065787,5926944,11992731
2021-09-21,"Johnson&Johnson, Moderna, Oxford/AstraZeneca, Pfizer/BioNTech",6070022,5934475,12004497
2021-09-22,"Johnson&Johnson, Moderna, Oxford/AstraZeneca, Pfizer/BioNTech",6074215,5940001,12014216
2021-09-23,"Johnson&Johnson, Moderna, Oxford/AstraZeneca, Pfizer/BioNTech",6079190,5946411,12025601
2021-09-24,"Johnson&Johnson, Moderna, Oxford/AstraZeneca, Pfizer/BioNTech",6084952,5956033,12040985
2021-09-25,"Johnson&Johnson, Moderna, Oxford/AstraZeneca, Pfizer/BioNTech",6086447,5958032,12044479
2021-09-26,"Johnson&Johnson, Moderna, Oxford/AstraZeneca, Pfizer/BioNTech",6087192,5959670,12046862
2021-09-27,"Johnson&Johnson, Moderna, Oxford/AstraZeneca, Pfizer/BioNTech",6091075,5966183,12057258
2021-09-28,"Johnson&Johnson, Moderna, Oxford/AstraZeneca, Pfizer/BioNTech",6091443,5966807,12058250
2021-09-29,"Johnson&Johnson, Moderna, Oxford/AstraZeneca, Pfizer/BioNTech",6095218,5974266,12069484
2021-09-30,"Johnson&Johnson, Moderna, Oxford/AstraZeneca, Pfizer/BioNTech",6099724,5981964,12081688
2021-10-01,"Johnson&Johnson, Moderna, Oxford/AstraZeneca, Pfizer/BioNTech",6104028,5989944,12093972
2021-10-02,"Johnson&Johnson, Moderna, Oxford/AstraZeneca, Pfizer/BioNTech",6105092,5991485,12096577
2021-10-03,"Johnson&Johnson, Moderna, Oxford/AstraZeneca, Pfizer/BioNTech",6105817,5992355,12098172
2021-10-04,"Johnson&Johnson, Moderna, Oxford/AstraZeneca, Pfizer/BioNTech",6108892,5997927,12106819
2021-10-05,"Johnson&Johnson, Moderna, Oxford/AstraZeneca, Pfizer/BioNTech",6112056,6003013,12115069
2021-10-06,"Johnson&Johnson, Moderna, Oxford/AstraZeneca, Pfizer/BioNTech",6115575,6008184,12123759
2021-10-07,"Johnson&Johnson, Moderna, Oxford/AstraZeneca, Pfizer/BioNTech",6118856,6013443,12132299
2021-10-08,"Johnson&Johnson, Moderna, Oxford/AstraZeneca, Pfizer/BioNTech",6123650,6020082,12143732
2021-10-09,"Johnson&Johnson, Moderna, Oxford/AstraZeneca, Pfizer/BioNTech",6124894,6021740,12146634
2021-10-10,"Johnson&Johnson, Moderna, Oxford/AstraZeneca, Pfizer/BioNTech",6125837,6022571,12148408
2021-10-11,"Johnson&Johnson, Moderna, Oxford/AstraZeneca, Pfizer/BioNTech",6128767,6026985,12155752
2021-10-12,"Johnson&Johnson, Moderna, Oxford/AstraZeneca, Pfizer/BioNTech",6131697,6030988,12162685
2021-10-13,"Johnson&Johnson, Moderna, Oxford/AstraZeneca, Pfizer/BioNTech",6135227,6035171,12170398
2021-10-14,"Johnson&Johnson, Moderna, Oxford/AstraZeneca, Pfizer/BioNTech",6138900,6040120,12179020
2021-10-15,"Johnson&Johnson, Moderna, Oxford/AstraZeneca, Pfizer/BioNTech",6144129,6046265,12190394
2021-10-16,"Johnson&Johnson, Moderna, Oxford/AstraZeneca, Pfizer/BioNTech",6145544,6047792,12193336
2021-10-17,"Johnson&Johnson, Moderna, Pfizer/BioNTech",6146871,6048845,12195716
2021-10-18,"Johnson&Johnson, Moderna, Oxford/AstraZeneca, Pfizer/BioNTech",6150986,6052943,12203929
2021-10-19,"Johnson&Johnson, Moderna, Oxford/AstraZeneca, Pfizer/BioNTech",6154566,6055041,12209607
2021-10-20,"Johnson&Johnson, Moderna, Oxford/AstraZeneca, Pfizer/BioNTech",6159445,6059489,12218934
2021-10-21,"Johnson&Johnson, Moderna, Oxford/AstraZeneca, Pfizer/BioNTech",6167210,6065092,12232302
2021-10-22,"Johnson&Johnson, Moderna, Oxford/AstraZeneca, Pfizer/BioNTech",6177665,6071595,12249260
2021-10-23,"Johnson&Johnson, Moderna, Oxford/AstraZeneca, Pfizer/BioNTech",6181340,6073801,12255141
2021-10-24,"Johnson&Johnson, Moderna, Oxford/AstraZeneca, Pfizer/BioNTech",6184025,6075582,12259607
2021-10-25,"Johnson&Johnson, Moderna, Oxford/AstraZeneca, Pfizer/BioNTech",6194521,6081388,12275909
2021-10-26,"Johnson&Johnson, Moderna, Oxford/AstraZeneca, Pfizer/BioNTech",6206513,6087938,12294451
2021-10-27,"Johnson&Johnson, Moderna, Oxford/AstraZeneca, Pfizer/BioNTech",6221122,6095341,12316463
2021-10-28,"Johnson&Johnson, Moderna, Oxford/AstraZeneca, Pfizer/BioNTech",6224544,6097024,12321568
2021-10-29,"Johnson&Johnson, Moderna, Oxford/AstraZeneca, Pfizer/BioNTech",6238980,6105008,12343988
2021-10-30,"Johnson&Johnson, Moderna, Oxford/AstraZeneca, Pfizer/BioNTech",6243509,6107932,12351441
2021-10-31,"Johnson&Johnson, Moderna, Oxford/AstraZeneca, Pfizer/BioNTech",6247272,6110404,12357676
2021-11-01,"Johnson&Johnson, Moderna, Oxford/AstraZeneca, Pfizer/BioNTech",6262470,6118090,12380560
2021-11-02,"Johnson&Johnson, Moderna, Oxford/AstraZeneca, Pfizer/BioNTech",6277921,6125646,12403567
2021-11-03,"Johnson&Johnson, Moderna, Oxford/AstraZeneca, Pfizer/BioNTech",6295104,6132942,12428046
2021-11-04,"Johnson&Johnson, Moderna, Oxford/AstraZeneca, Pfizer/BioNTech",6313456,6141111,12454567
2021-11-05,"Johnson&Johnson, Moderna, Oxford/AstraZeneca, Pfizer/BioNTech",6336256,6152395,12488651
2021-11-06,"Johnson&Johnson, Moderna, Oxford/AstraZeneca, Pfizer/BioNTech",6342770,6155449,12498219
2021-11-07,"Johnson&Johnson, Moderna, Oxford/AstraZeneca, Pfizer/BioNTech",6346791,6157885,12504676
2021-11-08,"Johnson&Johnson, Moderna, Oxford/AstraZeneca, Pfizer/BioNTech",6363063,6165518,12528581
2021-11-09,"Johnson&Johnson, Moderna, Oxford/AstraZeneca, Pfizer/BioNTech",6377871,6172813,12550684
2021-11-10,"Johnson&Johnson, Moderna, Oxford/AstraZeneca, Pfizer/BioNTech",6393613,6180195,12573808
2021-11-11,"Johnson&Johnson, Moderna, Oxford/AstraZeneca, Pfizer/BioNTech",6409083,6189299,12598382
2021-11-12,"Johnson&Johnson, Moderna, Oxford/AstraZeneca, Pfizer/BioNTech",6428890,6202100,12630990
2021-11-13,"Johnson&Johnson, Moderna, Oxford/AstraZeneca, Pfizer/BioNTech",6434282,6205972,12640254
2021-11-14,"Johnson&Johnson, Moderna, Oxford/AstraZeneca, Pfizer/BioNTech",6438174,6208975,12647149
2021-11-15,"Johnson&Johnson, Moderna, Oxford/AstraZeneca, Pfizer/BioNTech",6453249,6219665,12672914
2021-11-16,"Johnson&Johnson, Moderna, Oxford/AstraZeneca, Pfizer/BioNTech",6470789,6231644,12702433
2021-11-17,"Johnson&Johnson, Moderna, Oxford/AstraZeneca, Pfizer/BioNTech",6475031,6235207,12710238
2021-11-18,"Johnson&Johnson, Moderna, Oxford/AstraZeneca, Pfizer/BioNTech",6494454,6246899,12741353
2021-11-19,"Johnson&Johnson, Moderna, Oxford/AstraZeneca, Pfizer/BioNTech",6519060,6263869,12782929
2021-11-20,"Johnson&Johnson, Moderna, Oxford/AstraZeneca, Pfizer/BioNTech",6527637,6268850,12796487
2021-11-21,"Johnson&Johnson, Moderna, Pfizer/BioNTech",6534409,6272623,12807032
2021-11-22,"Johnson&Johnson, Moderna, Oxford/AstraZeneca, Pfizer/BioNTech",6552923,6286737,12839660
2021-11-23,"Johnson&Johnson, Moderna, Oxford/AstraZeneca, Pfizer/BioNTech",6571985,6299998,12871983
2021-11-24,"Johnson&Johnson, Moderna, Oxford/AstraZeneca, Pfizer/BioNTech",6590999,6315844,12906843
2021-11-25,"Johnson&Johnson, Moderna, Oxford/AstraZeneca, Pfizer/BioNTech",6610147,6330874,12941021
2021-11-26,"Johnson&Johnson, Moderna, Oxford/AstraZeneca, Pfizer/BioNTech",6631800,6350012,12981812
2021-11-27,"Johnson&Johnson, Moderna, Oxford/AstraZeneca, Pfizer/BioNTech",6639272,6355567,12994839
2021-11-28,"Johnson&Johnson, Moderna, Oxford/AstraZeneca, Pfizer/BioNTech",6642606,6358702,13001308
2021-11-29,"Johnson&Johnson, Moderna, Oxford/AstraZeneca, Pfizer/BioNTech",6657815,6372359,13030174
2021-11-30,"Johnson&Johnson, Moderna, Oxford/AstraZeneca, Pfizer/BioNTech",6671016,6383590,13054606
2021-12-01,"Johnson&Johnson, Moderna, Oxford/AstraZeneca, Pfizer/BioNTech",6685051,6396045,13081096
2021-12-02,"Johnson&Johnson, Moderna, Oxford/AstraZeneca, Pfizer/BioNTech",6695690,6408536,13104226
2021-12-03,"Johnson&Johnson, Moderna, Oxford/AstraZeneca, Pfizer/BioNTech",6705329,6424112,13129441
2021-12-04,"Johnson&Johnson, Moderna, Pfizer/BioNTech",6707888,6428061,13135949
2021-12-05,"Johnson&Johnson, Moderna, Oxford/AstraZeneca, Pfizer/BioNTech",6709248,6430401,13139649
2021-12-06,"Johnson&Johnson, Moderna, Oxford/AstraZeneca, Pfizer/BioNTech",6717395,6441927,13159322
2021-12-07,"Johnson&Johnson, Moderna, Oxford/AstraZeneca, Pfizer/BioNTech",6725282,6453935,13179217
2021-12-08,"Johnson&Johnson, Moderna, Oxford/AstraZeneca, Pfizer/BioNTech",6733525,6459862,13193387
2021-12-09,"Johnson&Johnson, Moderna, Oxford/AstraZeneca, Pfizer/BioNTech",6740645,6472680,13213325
2021-12-10,"Johnson&Johnson, Moderna, Oxford/AstraZeneca, Pfizer/BioNTech",6747578,6490484,13238062
2021-12-11,"Johnson&Johnson, Moderna, Pfizer/BioNTech",6749236,6495755,13244991
2021-12-12,"Johnson&Johnson, Moderna, Oxford/AstraZeneca, Pfizer/BioNTech",6750546,6500188,13250734
2021-12-13,"Johnson&Johnson, Moderna, Oxford/AstraZeneca, Pfizer/BioNTech",6756893,6513498,13270391
2021-12-14,"Johnson&Johnson, Moderna, Oxford/AstraZeneca, Pfizer/BioNTech",6763105,6527164,13290269
2021-12-15,"Johnson&Johnson, Moderna, Oxford/AstraZeneca, Pfizer/BioNTech",6769310,6540763,13310073
2021-12-16,"Johnson&Johnson, Moderna, Oxford/AstraZeneca, Pfizer/BioNTech",6776248,6555597,13331845
2021-12-17,"Johnson&Johnson, Moderna, Oxford/AstraZeneca, Pfizer/BioNTech",6784612,6572858,13357470
2021-12-18,"Johnson&Johnson, Moderna, Oxford/AstraZeneca, Pfizer/BioNTech",6787222,6578308,13365530
2021-12-19,"Johnson&Johnson, Moderna, Pfizer/BioNTech",6788994,6580811,13369805
2021-12-20,"Johnson&Johnson, Moderna, Oxford/AstraZeneca, Pfizer/BioNTech",6794836,6594875,13389711
2021-12-21,"Johnson&Johnson, Moderna, Oxford/AstraZeneca, Pfizer/BioNTech",6801497,6606865,13408362
2021-12-22,"Johnson&Johnson, Moderna, Oxford/AstraZeneca, Pfizer/BioNTech",6806540,6619918,13426458
2021-12-23,"Johnson&Johnson, Moderna, Oxford/AstraZeneca, Pfizer/BioNTech",6809407,6625520,13434927
2021-12-24,"Johnson&Johnson, Moderna, Oxford/AstraZeneca, Pfizer/BioNTech",6809453,6625620,13435073
2021-12-25,"Moderna, Pfizer/BioNTech",6809454,6625628,13435082
2021-12-26,"Moderna, Pfizer/BioNTech",6809555,6625829,13435384
2021-12-27,"Johnson&Johnson, Moderna, Pfizer/BioNTech",6813418,6635563,13448981
2021-12-28,"Johnson&Johnson, Moderna, Oxford/AstraZeneca, Pfizer/BioNTech",6818658,6643554,13462212
2021-12-29,"Johnson&Johnson, Moderna, Oxford/AstraZeneca, Pfizer/BioNTech",6822936,6651271,13474207
2021-12-30,"Johnson&Johnson, Moderna, Pfizer/BioNTech",6827234,6656703,13483937
2021-12-31,"Johnson&Johnson, Moderna, Pfizer/BioNTech",6827744,6658126,13485870
2022-01-01,"Johnson&Johnson, Moderna, Pfizer/BioNTech",6827749,6658144,13485893
2022-01-02,"Johnson&Johnson, Moderna, Pfizer/BioNTech",6828605,6659521,13488126
2022-01-03,"Johnson&Johnson, Moderna, Oxford/AstraZeneca, Pfizer/BioNTech",6832740,6668418,13501158
2022-01-04,"Johnson&Johnson, Moderna, Oxford/AstraZeneca, Pfizer/BioNTech",6837826,6676167,13513993
2022-01-05,"Johnson&Johnson, Moderna, Oxford/AstraZeneca, Pfizer/BioNTech",6843637,6684130,13527767
2022-01-06,"Johnson&Johnson, Moderna, Oxford/AstraZeneca, Pfizer/BioNTech",6850220,6692533,13542753
2022-01-07,"Johnson&Johnson, Moderna, Oxford/AstraZeneca, Pfizer/BioNTech",6858086,6702874,13560960
2022-01-08,"Johnson&Johnson, Moderna, Oxford/AstraZeneca, Pfizer/BioNTech",6860567,6705656,13566223
2022-01-09,"Johnson&Johnson, Moderna, Pfizer/BioNTech",6861649,6707349,13568998
2022-01-10,"Johnson&Johnson, Moderna, Oxford/AstraZeneca, Pfizer/BioNTech",6866142,6713533,13579675
2022-01-11,"Johnson&Johnson, Moderna, Oxford/AstraZeneca, Pfizer/BioNTech",6871580,6720287,13591867
2022-01-12,"Johnson&Johnson, Moderna, Oxford/AstraZeneca, Pfizer/BioNTech",6877530,6725929,13603459
2022-01-13,"Johnson&Johnson, Moderna, Oxford/AstraZeneca, Pfizer/BioNTech",6883407,6730697,13614104
2022-01-14,"Johnson&Johnson, Moderna, Oxford/AstraZeneca, Pfizer/BioNTech",6889702,6734326,13624028
2022-01-15,"Johnson&Johnson, Moderna, Oxford/AstraZeneca, Pfizer/BioNTech",6890980,6734980,13625960
2022-01-16,"Johnson&Johnson, Moderna, Oxford/AstraZeneca, Pfizer/BioNTech",6891667,6735417,13627084
2022-01-17,"Johnson&Johnson, Moderna, Oxford/AstraZeneca, Pfizer/BioNTech",6895204,6739367,13634571
2022-01-18,"Johnson&Johnson, Moderna, Oxford/AstraZeneca, Pfizer/BioNTech",6899054,6744315,13643369
2022-01-19,"Johnson&Johnson, Moderna, Oxford/AstraZeneca, Pfizer/BioNTech",6903115,6748247,13651362
2022-01-20,"Johnson&Johnson, Moderna, Oxford/AstraZeneca, Pfizer/BioNTech",6906709,6752684,13659393
2022-01-21,"Johnson&Johnson, Moderna, Oxford/AstraZeneca, Pfizer/BioNTech",6910701,6755210,13665911
2022-01-22,"Johnson&Johnson, Moderna, Pfizer/BioNTech",6911481,6755647,13667128
2022-01-23,"Johnson&Johnson, Moderna, Pfizer/BioNTech",6912043,6756281,13668324
2022-01-24,"Johnson&Johnson, Moderna, Oxford/AstraZeneca, Pfizer/BioNTech",6914295,6759713,13674008
2022-01-25,"Johnson&Johnson, Moderna, Oxford/AstraZeneca, Pfizer/BioNTech",6916647,6763706,13680353
2022-01-26,"Johnson&Johnson, Moderna, Oxford/AstraZeneca, Pfizer/BioNTech",6919029,6768269,13687298
2022-01-27,"Johnson&Johnson, Moderna, Oxford/AstraZeneca, Pfizer/BioNTech",6921356,6773078,13694434
2022-01-28,"Johnson&Johnson, Moderna, Oxford/AstraZeneca, Pfizer/BioNTech",6924262,6779222,13703484
2022-01-29,"Johnson&Johnson, Moderna, Pfizer/BioNTech",6924862,6780869,13705731
2022-01-30,"Johnson&Johnson, Moderna, Pfizer/BioNTech",6925091,6781646,13706737
2022-01-31,"Johnson&Johnson, Moderna, Pfizer/BioNTech",6926625,6785558,13712183
2022-02-01,"Johnson&Johnson, Moderna, Pfizer/BioNTech",6928198,6789583,13717781
2022-02-02,"Johnson&Johnson, Moderna, Pfizer/BioNTech",6929755,6794079,13723834
2022-02-03,"Johnson&Johnson, Moderna, Pfizer/BioNTech",6931117,6798550,13729667
2022-02-04,"Johnson&Johnson, Moderna, Pfizer/BioNTech",6932709,6803656,13736365
2022-02-05,"Johnson&Johnson, Moderna, Pfizer/BioNTech",6932891,6804265,13737156
2022-02-06,"Johnson&Johnson, Moderna, Pfizer/BioNTech",6932985,6804584,13737569
2022-02-07,"Johnson&Johnson, Moderna, Pfizer/BioNTech",6933681,6807788,13741469
2022-02-08,"Johnson&Johnson, Moderna, Pfizer/BioNTech",6934457,6810957,13745414
2022-02-09,"Johnson&Johnson, Moderna, Pfizer/BioNTech",6935271,6814321,13749592
2022-02-10,"Johnson&Johnson, Moderna, Pfizer/BioNTech",6936050,6817432,13753482
2022-02-11,"Johnson&Johnson, Moderna, Pfizer/BioNTech",6936978,6821335,13758313
2022-02-12,"Johnson&Johnson, Moderna, Pfizer/BioNTech",6937088,6821753,13758841
2022-02-13,"Johnson&Johnson, Moderna, Pfizer/BioNTech",6937126,6822190,13759316
2022-02-14,"Johnson&Johnson, Moderna, Pfizer/BioNTech",6937571,6824288,13761859
2022-02-15,"Johnson&Johnson, Moderna, Pfizer/BioNTech",6938115,6826481,13764596
2022-02-16,"Johnson&Johnson, Moderna, Pfizer/BioNTech",6938700,6828567,13767267
2022-02-17,"Johnson&Johnson, Moderna, Pfizer/BioNTech",6939294,6830895,13770189
2022-02-18,"Johnson&Johnson, Moderna, Pfizer/BioNTech",6939930,6833942,13773872
2022-02-19,"Johnson&Johnson, Moderna, Pfizer/BioNTech",6940011,6834224,13774235
2022-02-20,"Johnson&Johnson, Moderna, Pfizer/BioNTech",6940044,6834373,13774417
2022-02-21,"Johnson&Johnson, Moderna, Pfizer/BioNTech",6940392,6836045,13776437
2022-02-22,"Johnson&Johnson, Moderna, Pfizer/BioNTech",6940743,6837693,13778436
2022-02-23,"Johnson&Johnson, Moderna, Pfizer/BioNTech",6941192,6839288,13780480
2022-02-24,"Johnson&Johnson, Moderna, Pfizer/BioNTech",6941589,6840853,13782442
