date,vaccine,people_vaccinated,people_fully_vaccinated,total_vaccinations
2020-12-27,Pfizer/BioNTech,1285,0,1285
2020-12-28,Pfizer/BioNTech,3586,0,3586
2020-12-29,Pfizer/BioNTech,7049,1,7050
2020-12-30,Pfizer/BioNTech,10574,1,10575
2020-12-31,Pfizer/BioNTech,11881,1,11882
2021-01-01,"Moderna, Pfizer/BioNTech",12151,1,12152
2021-01-02,"Moderna, Pfizer/BioNTech",13433,1,13434
2021-01-03,"Moderna, Pfizer/BioNTech",14359,1,14360
2021-01-04,"Moderna, Pfizer/BioNTech",17974,1,17975
2021-01-05,"Moderna, Pfizer/BioNTech",22502,3,22505
2021-01-06,"Moderna, Pfizer/BioNTech",28348,4,28352
2021-01-07,"Moderna, Pfizer/BioNTech",36337,4,36341
2021-01-08,"Moderna, Pfizer/BioNTech",46382,5,46387
2021-01-09,"Moderna, Pfizer/BioNTech",48410,7,48417
2021-01-10,Pfizer/BioNTech,50182,9,50191
2021-01-11,"Moderna, Pfizer/BioNTech",60038,11,60049
2021-01-12,"Moderna, Pfizer/BioNTech",73484,13,73497
2021-01-13,"Moderna, Pfizer/BioNTech",87027,13,87040
2021-01-14,"Moderna, Pfizer/BioNTech",102270,17,102287
2021-01-15,"Moderna, Pfizer/BioNTech",116286,18,116304
2021-01-16,"Moderna, Pfizer/BioNTech",119690,22,119712
2021-01-17,"Moderna, Pfizer/BioNTech",122311,656,122967
2021-01-18,"Moderna, Pfizer/BioNTech",134743,2479,137222
2021-01-19,"Moderna, Pfizer/BioNTech",147281,5202,152483
2021-01-20,"Moderna, Pfizer/BioNTech",160888,7864,168752
2021-01-21,"Moderna, Pfizer/BioNTech",176514,9606,186120
2021-01-22,"Moderna, Pfizer/BioNTech",191404,10649,202053
2021-01-23,"Moderna, Pfizer/BioNTech",194724,11528,206252
2021-01-24,"Moderna, Pfizer/BioNTech",196980,12398,209378
2021-01-25,"Moderna, Pfizer/BioNTech",206633,15373,222006
2021-01-26,"Moderna, Pfizer/BioNTech",217182,19366,236548
2021-01-27,"Moderna, Pfizer/BioNTech",226215,23900,250115
2021-01-28,"Moderna, Pfizer/BioNTech",233317,30024,263341
2021-01-29,"Moderna, Pfizer/BioNTech",239536,37926,277462
2021-01-30,"Moderna, Pfizer/BioNTech",240277,39014,279291
2021-01-31,"Moderna, Pfizer/BioNTech",240995,40196,281191
2021-02-01,"Moderna, Pfizer/BioNTech",244975,48160,293135
2021-02-02,"Moderna, Pfizer/BioNTech",249128,58393,307521
2021-02-03,"Moderna, Pfizer/BioNTech",253554,69415,322969
2021-02-04,"Moderna, Pfizer/BioNTech",258462,82394,340856
2021-02-05,"Moderna, Pfizer/BioNTech",263933,93063,356996
2021-02-06,"Moderna, Oxford/AstraZeneca, Pfizer/BioNTech",264790,95430,360220
2021-02-07,"Moderna, Oxford/AstraZeneca, Pfizer/BioNTech",265641,97930,363571
2021-02-08,"Moderna, Oxford/AstraZeneca, Pfizer/BioNTech",269737,109308,379045
2021-02-09,"Moderna, Oxford/AstraZeneca, Pfizer/BioNTech",274843,121153,395996
2021-02-10,"Moderna, Oxford/AstraZeneca, Pfizer/BioNTech",280359,134337,414696
2021-02-11,"Moderna, Oxford/AstraZeneca, Pfizer/BioNTech",286688,150536,437224
2021-02-12,"Moderna, Oxford/AstraZeneca, Pfizer/BioNTech",293516,165278,458794
2021-02-13,"Moderna, Oxford/AstraZeneca, Pfizer/BioNTech",295130,168267,463397
2021-02-14,"Moderna, Oxford/AstraZeneca, Pfizer/BioNTech",296134,169653,465787
2021-02-15,"Moderna, Oxford/AstraZeneca, Pfizer/BioNTech",302531,179022,481553
2021-02-16,"Moderna, Oxford/AstraZeneca, Pfizer/BioNTech",311252,188104,499356
2021-02-17,"Moderna, Oxford/AstraZeneca, Pfizer/BioNTech",320951,196412,517363
2021-02-18,"Moderna, Oxford/AstraZeneca, Pfizer/BioNTech",333273,204495,537768
2021-02-19,"Moderna, Oxford/AstraZeneca, Pfizer/BioNTech",345127,211874,557001
2021-02-20,"Moderna, Oxford/AstraZeneca, Pfizer/BioNTech",347136,213060,560196
2021-02-21,"Moderna, Oxford/AstraZeneca, Pfizer/BioNTech",348272,214086,562358
2021-02-22,"Moderna, Oxford/AstraZeneca, Pfizer/BioNTech",358390,220121,578511
2021-02-23,"Moderna, Oxford/AstraZeneca, Pfizer/BioNTech",371350,227113,598463
2021-02-24,"Moderna, Oxford/AstraZeneca, Pfizer/BioNTech",385233,233154,618387
2021-02-25,"Moderna, Oxford/AstraZeneca, Pfizer/BioNTech",403214,238704,641918
2021-02-26,"Moderna, Oxford/AstraZeneca, Pfizer/BioNTech",419379,244066,663445
2021-02-27,"Moderna, Oxford/AstraZeneca, Pfizer/BioNTech",422389,244626,667015
2021-02-28,"Moderna, Oxford/AstraZeneca, Pfizer/BioNTech",424747,245178,669925
2021-03-01,"Moderna, Oxford/AstraZeneca, Pfizer/BioNTech",444328,248626,692954
2021-03-02,"Moderna, Oxford/AstraZeneca, Pfizer/BioNTech",471552,252175,723727
2021-03-03,"Moderna, Oxford/AstraZeneca, Pfizer/BioNTech",502507,256685,759192
2021-03-04,"Moderna, Oxford/AstraZeneca, Pfizer/BioNTech",535799,261375,797174
2021-03-05,"Johnson&Johnson, Moderna, Oxford/AstraZeneca, Pfizer/BioNTech",564632,266800,831432
2021-03-06,"Johnson&Johnson, Moderna, Oxford/AstraZeneca, Pfizer/BioNTech",576787,267665,844452
2021-03-07,"Johnson&Johnson, Moderna, Oxford/AstraZeneca, Pfizer/BioNTech",588336,268506,856842
2021-03-08,"Johnson&Johnson, Moderna, Oxford/AstraZeneca, Pfizer/BioNTech",618081,273368,891449
2021-03-09,"Johnson&Johnson, Moderna, Oxford/AstraZeneca, Pfizer/BioNTech",654439,279754,934193
2021-03-10,"Johnson&Johnson, Moderna, Oxford/AstraZeneca, Pfizer/BioNTech",695772,286713,982485
2021-03-11,"Johnson&Johnson, Moderna, Oxford/AstraZeneca, Pfizer/BioNTech",740621,295076,1035697
2021-03-12,"Johnson&Johnson, Moderna, Oxford/AstraZeneca, Pfizer/BioNTech",779385,303570,1082955
2021-03-13,"Johnson&Johnson, Moderna, Oxford/AstraZeneca, Pfizer/BioNTech",796493,304884,1101377
2021-03-14,"Johnson&Johnson, Moderna, Oxford/AstraZeneca, Pfizer/BioNTech",808610,306040,1114650
2021-03-15,"Johnson&Johnson, Moderna, Oxford/AstraZeneca, Pfizer/BioNTech",836995,314818,1151813
2021-03-16,"Johnson&Johnson, Moderna, Oxford/AstraZeneca, Pfizer/BioNTech",875881,325356,1201237
2021-03-17,"Moderna, Oxford/AstraZeneca, Pfizer/BioNTech",913365,335868,1249233
2021-03-18,"Johnson&Johnson, Moderna, Oxford/AstraZeneca, Pfizer/BioNTech",951362,348285,1299647
2021-03-19,"Moderna, Oxford/AstraZeneca, Pfizer/BioNTech",985872,361887,1347759
2021-03-20,"Johnson&Johnson, Moderna, Oxford/AstraZeneca, Pfizer/BioNTech",1001054,363919,1364973
2021-03-21,"Johnson&Johnson, Moderna, Oxford/AstraZeneca, Pfizer/BioNTech",1008495,365479,1373974
2021-03-22,"Johnson&Johnson, Moderna, Oxford/AstraZeneca, Pfizer/BioNTech",1033071,377955,1411026
2021-03-23,"Johnson&Johnson, Moderna, Oxford/AstraZeneca, Pfizer/BioNTech",1059745,391315,1451060
2021-03-24,"Johnson&Johnson, Moderna, Oxford/AstraZeneca, Pfizer/BioNTech",1086630,407060,1493690
2021-03-25,"Johnson&Johnson, Moderna, Oxford/AstraZeneca, Pfizer/BioNTech",1112980,424916,1537896
2021-03-26,"Johnson&Johnson, Moderna, Oxford/AstraZeneca, Pfizer/BioNTech",1137820,442400,1580220
2021-03-27,"Johnson&Johnson, Moderna, Oxford/AstraZeneca, Pfizer/BioNTech",1146274,447245,1593519
2021-03-28,"Moderna, Oxford/AstraZeneca, Pfizer/BioNTech",1151822,451393,1603215
2021-03-29,"Johnson&Johnson, Moderna, Oxford/AstraZeneca, Pfizer/BioNTech",1170970,472126,1643096
2021-03-30,"Johnson&Johnson, Moderna, Oxford/AstraZeneca, Pfizer/BioNTech",1195679,494307,1689986
2021-03-31,"Johnson&Johnson, Moderna, Oxford/AstraZeneca, Pfizer/BioNTech",1218832,521377,1740209
2021-04-01,"Johnson&Johnson, Moderna, Oxford/AstraZeneca, Pfizer/BioNTech",1244511,553434,1797945
2021-04-02,"Johnson&Johnson, Moderna, Oxford/AstraZeneca, Pfizer/BioNTech",1251482,566234,1817716
2021-04-03,"Johnson&Johnson, Moderna, Oxford/AstraZeneca, Pfizer/BioNTech",1255132,577165,1832297
2021-04-04,"Johnson&Johnson, Moderna, Oxford/AstraZeneca, Pfizer/BioNTech",1257671,586089,1843760
2021-04-05,"Johnson&Johnson, Moderna, Oxford/AstraZeneca, Pfizer/BioNTech",1260099,593290,1853389
2021-04-06,"Johnson&Johnson, Moderna, Oxford/AstraZeneca, Pfizer/BioNTech",1276313,622564,1898877
2021-04-07,"Johnson&Johnson, Moderna, Oxford/AstraZeneca, Pfizer/BioNTech",1299804,644802,1944606
2021-04-08,"Johnson&Johnson, Moderna, Oxford/AstraZeneca, Pfizer/BioNTech",1338604,675848,2014452
2021-04-09,"Johnson&Johnson, Moderna, Oxford/AstraZeneca, Pfizer/BioNTech",1378201,706039,2084240
2021-04-10,"Johnson&Johnson, Moderna, Oxford/AstraZeneca, Pfizer/BioNTech",1393764,721350,2115114
2021-04-11,"Johnson&Johnson, Moderna, Oxford/AstraZeneca, Pfizer/BioNTech",1403558,731404,2134962
2021-04-12,"Johnson&Johnson, Moderna, Oxford/AstraZeneca, Pfizer/BioNTech",1441878,756541,2198419
2021-04-13,"Moderna, Oxford/AstraZeneca, Pfizer/BioNTech",1478180,782574,2260754
2021-04-14,"Moderna, Oxford/AstraZeneca, Pfizer/BioNTech",1517063,809943,2327006
2021-04-15,"Moderna, Oxford/AstraZeneca, Pfizer/BioNTech",1564892,835716,2400608
2021-04-16,"Moderna, Oxford/AstraZeneca, Pfizer/BioNTech",1609594,861396,2470990
2021-04-17,"Moderna, Oxford/AstraZeneca, Pfizer/BioNTech",1626316,870422,2496738
2021-04-18,"Moderna, Oxford/AstraZeneca, Pfizer/BioNTech",1639311,875408,2514719
2021-04-19,"Moderna, Oxford/AstraZeneca, Pfizer/BioNTech",1683283,890844,2574127
2021-04-20,"Johnson&Johnson, Moderna, Oxford/AstraZeneca, Pfizer/BioNTech",1725870,906730,2632600
2021-04-21,"Moderna, Oxford/AstraZeneca, Pfizer/BioNTech",1773638,921098,2694736
2021-04-22,"Johnson&Johnson, Moderna, Oxford/AstraZeneca, Pfizer/BioNTech",1828162,938494,2766656
2021-04-23,"Johnson&Johnson, Moderna, Oxford/AstraZeneca, Pfizer/BioNTech",1878176,950559,2828735
2021-04-24,"Johnson&Johnson, Moderna, Oxford/AstraZeneca, Pfizer/BioNTech",1896046,955824,2851870
2021-04-25,"Johnson&Johnson, Moderna, Oxford/AstraZeneca, Pfizer/BioNTech",1910755,959823,2870578
2021-04-26,"Johnson&Johnson, Moderna, Oxford/AstraZeneca, Pfizer/BioNTech",1960359,967390,2927749
2021-04-27,"Johnson&Johnson, Moderna, Oxford/AstraZeneca, Pfizer/BioNTech",2009348,979642,2988990
2021-04-28,"Johnson&Johnson, Moderna, Oxford/AstraZeneca, Pfizer/BioNTech",2068125,993668,3061793
2021-04-29,"Johnson&Johnson, Moderna, Oxford/AstraZeneca, Pfizer/BioNTech",2133740,1009582,3143322
2021-04-30,"Johnson&Johnson, Moderna, Oxford/AstraZeneca, Pfizer/BioNTech",2196032,1019575,3215607
2021-05-01,"Johnson&Johnson, Moderna, Oxford/AstraZeneca, Pfizer/BioNTech",2215417,1023038,3238455
2021-05-02,"Johnson&Johnson, Moderna, Oxford/AstraZeneca, Pfizer/BioNTech",2234363,1025327,3259690
2021-05-03,"Johnson&Johnson, Moderna, Oxford/AstraZeneca, Pfizer/BioNTech",2301641,1030407,3332048
2021-05-04,"Johnson&Johnson, Moderna, Oxford/AstraZeneca, Pfizer/BioNTech",2368182,1038781,3406963
2021-05-05,"Johnson&Johnson, Moderna, Oxford/AstraZeneca, Pfizer/BioNTech",2441385,1048226,3489611
2021-05-06,"Johnson&Johnson, Moderna, Oxford/AstraZeneca, Pfizer/BioNTech",2521825,1058981,3580806
2021-05-07,"Johnson&Johnson, Moderna, Oxford/AstraZeneca, Pfizer/BioNTech",2599148,1069122,3668270
2021-05-08,"Johnson&Johnson, Moderna, Oxford/AstraZeneca, Pfizer/BioNTech",2628671,1070910,3699581
2021-05-09,"Johnson&Johnson, Moderna, Oxford/AstraZeneca, Pfizer/BioNTech",2652904,1072130,3725034
2021-05-10,"Johnson&Johnson, Moderna, Oxford/AstraZeneca, Pfizer/BioNTech",2725706,1079376,3805082
2021-05-11,"Johnson&Johnson, Moderna, Oxford/AstraZeneca, Pfizer/BioNTech",2801838,1088210,3890048
2021-05-12,"Johnson&Johnson, Moderna, Oxford/AstraZeneca, Pfizer/BioNTech",2881776,1097354,3979130
2021-05-13,"Johnson&Johnson, Moderna, Oxford/AstraZeneca, Pfizer/BioNTech",2965819,1106542,4072361
2021-05-14,"Johnson&Johnson, Moderna, Oxford/AstraZeneca, Pfizer/BioNTech",3045321,1114369,4159690
2021-05-15,"Johnson&Johnson, Moderna, Oxford/AstraZeneca, Pfizer/BioNTech",3077272,1116651,4193923
2021-05-16,"Johnson&Johnson, Moderna, Oxford/AstraZeneca, Pfizer/BioNTech",3103075,1117934,4221009
2021-05-17,"Johnson&Johnson, Moderna, Oxford/AstraZeneca, Pfizer/BioNTech",3175612,1124688,4300300
2021-05-18,"Johnson&Johnson, Moderna, Oxford/AstraZeneca, Pfizer/BioNTech",3247585,1137809,4385394
2021-05-19,"Johnson&Johnson, Moderna, Oxford/AstraZeneca, Pfizer/BioNTech",3325072,1152973,4478045
2021-05-20,"Johnson&Johnson, Moderna, Oxford/AstraZeneca, Pfizer/BioNTech",3400546,1180035,4580581
2021-05-21,"Johnson&Johnson, Moderna, Oxford/AstraZeneca, Pfizer/BioNTech",3469360,1207844,4677204
2021-05-22,"Johnson&Johnson, Moderna, Oxford/AstraZeneca, Pfizer/BioNTech",3501807,1219078,4720885
2021-05-23,"Johnson&Johnson, Moderna, Oxford/AstraZeneca, Pfizer/BioNTech",3524252,1228119,4752371
2021-05-24,"Johnson&Johnson, Moderna, Oxford/AstraZeneca, Pfizer/BioNTech",3571441,1261800,4833241
2021-05-25,"Johnson&Johnson, Moderna, Oxford/AstraZeneca, Pfizer/BioNTech",3623315,1297649,4920964
2021-05-26,"Johnson&Johnson, Moderna, Oxford/AstraZeneca, Pfizer/BioNTech",3691070,1335206,5026276
2021-05-27,"Johnson&Johnson, Moderna, Oxford/AstraZeneca, Pfizer/BioNTech",3752476,1382576,5135052
2021-05-28,"Johnson&Johnson, Moderna, Oxford/AstraZeneca, Pfizer/BioNTech",3814219,1429183,5243402
2021-05-29,"Johnson&Johnson, Moderna, Oxford/AstraZeneca, Pfizer/BioNTech",3843471,1446323,5289794
2021-05-30,"Johnson&Johnson, Moderna, Oxford/AstraZeneca, Pfizer/BioNTech",3865873,1460782,5326655
2021-05-31,"Johnson&Johnson, Moderna, Oxford/AstraZeneca, Pfizer/BioNTech",3921610,1508320,5429930
2021-06-01,"Johnson&Johnson, Moderna, Oxford/AstraZeneca, Pfizer/BioNTech",3980688,1557197,5537885
2021-06-02,"Johnson&Johnson, Moderna, Oxford/AstraZeneca, Pfizer/BioNTech",4043634,1611227,5654861
2021-06-03,"Johnson&Johnson, Moderna, Oxford/AstraZeneca, Pfizer/BioNTech",4101868,1671472,5773340
2021-06-04,"Johnson&Johnson, Moderna, Oxford/AstraZeneca, Pfizer/BioNTech",4164971,1728910,5893881
2021-06-05,"Johnson&Johnson, Moderna, Oxford/AstraZeneca, Pfizer/BioNTech",4199155,1747828,5946983
2021-06-06,"Johnson&Johnson, Moderna, Oxford/AstraZeneca, Pfizer/BioNTech",4226109,1763002,5989111
2021-06-07,"Johnson&Johnson, Moderna, Oxford/AstraZeneca, Pfizer/BioNTech",4289795,1818651,6108446
2021-06-08,"Johnson&Johnson, Moderna, Oxford/AstraZeneca, Pfizer/BioNTech",4353800,1873680,6227480
2021-06-09,"Johnson&Johnson, Moderna, Oxford/AstraZeneca, Pfizer/BioNTech",4413006,1938384,6351390
2021-06-10,"Johnson&Johnson, Moderna, Oxford/AstraZeneca, Pfizer/BioNTech",4466859,2009704,6476563
2021-06-11,"Johnson&Johnson, Moderna, Oxford/AstraZeneca, Pfizer/BioNTech",4518972,2079555,6598527
2021-06-12,"Johnson&Johnson, Moderna, Oxford/AstraZeneca, Pfizer/BioNTech",4550981,2100403,6651384
2021-06-13,"Johnson&Johnson, Moderna, Oxford/AstraZeneca, Pfizer/BioNTech",4575020,2118846,6693866
2021-06-14,"Johnson&Johnson, Moderna, Oxford/AstraZeneca, Pfizer/BioNTech",4618098,2193260,6811358
2021-06-15,"Johnson&Johnson, Moderna, Oxford/AstraZeneca, Pfizer/BioNTech",4662766,2265660,6928426
2021-06-16,"Johnson&Johnson, Moderna, Oxford/AstraZeneca, Pfizer/BioNTech",4705569,2343917,7049486
2021-06-17,"Johnson&Johnson, Moderna, Oxford/AstraZeneca, Pfizer/BioNTech",4744992,2427029,7172021
2021-06-18,"Johnson&Johnson, Moderna, Oxford/AstraZeneca, Pfizer/BioNTech",4787425,2507623,7295048
2021-06-19,"Johnson&Johnson, Moderna, Oxford/AstraZeneca, Pfizer/BioNTech",4809211,2536957,7346168
2021-06-20,"Johnson&Johnson, Moderna, Oxford/AstraZeneca, Pfizer/BioNTech",4826613,2560824,7387437
2021-06-21,"Johnson&Johnson, Moderna, Oxford/AstraZeneca, Pfizer/BioNTech",4859109,2639451,7498560
2021-06-22,"Johnson&Johnson, Moderna, Oxford/AstraZeneca, Pfizer/BioNTech",4892074,2721769,7613843
2021-06-23,"Johnson&Johnson, Moderna, Oxford/AstraZeneca, Pfizer/BioNTech",4923787,2807025,7730812
2021-06-24,"Johnson&Johnson, Moderna, Oxford/AstraZeneca, Pfizer/BioNTech",4953645,2897074,7850719
2021-06-25,"Johnson&Johnson, Moderna, Oxford/AstraZeneca, Pfizer/BioNTech",4984726,2983259,7967985
2021-06-26,"Johnson&Johnson, Moderna, Oxford/AstraZeneca, Pfizer/BioNTech",5000623,3018139,8018762
2021-06-27,"Johnson&Johnson, Moderna, Oxford/AstraZeneca, Pfizer/BioNTech",5014583,3044848,8059431
2021-06-28,"Johnson&Johnson, Moderna, Oxford/AstraZeneca, Pfizer/BioNTech",5042994,3130045,8173039
2021-06-29,"Johnson&Johnson, Moderna, Oxford/AstraZeneca, Pfizer/BioNTech",5072271,3216551,8288822
2021-06-30,"Johnson&Johnson, Moderna, Oxford/AstraZeneca, Pfizer/BioNTech",5099770,3307587,8407357
2021-07-01,"Johnson&Johnson, Moderna, Oxford/AstraZeneca, Pfizer/BioNTech",5123746,3397672,8521418
2021-07-02,"Johnson&Johnson, Moderna, Oxford/AstraZeneca, Pfizer/BioNTech",5150484,3483589,8634073
2021-07-03,"Johnson&Johnson, Moderna, Oxford/AstraZeneca, Pfizer/BioNTech",5157587,3515152,8672739
2021-07-04,"Johnson&Johnson, Moderna, Oxford/AstraZeneca, Pfizer/BioNTech",5165172,3536970,8702142
2021-07-05,"Johnson&Johnson, Moderna, Oxford/AstraZeneca, Pfizer/BioNTech",5172583,3562381,8734964
2021-07-06,"Johnson&Johnson, Moderna, Oxford/AstraZeneca, Pfizer/BioNTech",5178046,3590092,8768138
2021-07-07,"Johnson&Johnson, Moderna, Oxford/AstraZeneca, Pfizer/BioNTech",5203867,3669082,8872949
2021-07-08,"Johnson&Johnson, Moderna, Oxford/AstraZeneca, Pfizer/BioNTech",5230471,3739423,8969894
2021-07-09,"Johnson&Johnson, Moderna, Oxford/AstraZeneca, Pfizer/BioNTech",5258409,3808748,9067157
2021-07-10,"Johnson&Johnson, Moderna, Oxford/AstraZeneca, Pfizer/BioNTech",5267782,3837415,9105197
2021-07-11,"Johnson&Johnson, Moderna, Oxford/AstraZeneca, Pfizer/BioNTech",5276329,3860300,9136629
2021-07-12,"Johnson&Johnson, Moderna, Oxford/AstraZeneca, Pfizer/BioNTech",5303857,3929372,9233229
2021-07-13,"Johnson&Johnson, Moderna, Oxford/AstraZeneca, Pfizer/BioNTech",5330052,3999245,9329297
2021-07-14,"Johnson&Johnson, Moderna, Oxford/AstraZeneca, Pfizer/BioNTech",5355874,4071245,9427119
2021-07-15,"Johnson&Johnson, Moderna, Oxford/AstraZeneca, Pfizer/BioNTech",5385057,4137252,9522309
2021-07-16,"Johnson&Johnson, Moderna, Oxford/AstraZeneca, Pfizer/BioNTech",5412978,4209986,9622964
2021-07-17,"Johnson&Johnson, Moderna, Oxford/AstraZeneca, Pfizer/BioNTech",5421775,4241463,9663238
2021-07-18,"Johnson&Johnson, Moderna, Oxford/AstraZeneca, Pfizer/BioNTech",5430218,4267469,9697687
2021-07-19,"Johnson&Johnson, Moderna, Oxford/AstraZeneca, Pfizer/BioNTech",5453584,4334498,9788082
2021-07-20,"Johnson&Johnson, Moderna, Oxford/AstraZeneca, Pfizer/BioNTech",5474985,4401560,9876545
2021-07-21,"Johnson&Johnson, Moderna, Oxford/AstraZeneca, Pfizer/BioNTech",5498432,4465010,9963442
2021-07-22,"Johnson&Johnson, Moderna, Oxford/AstraZeneca, Pfizer/BioNTech",5520800,4523637,10044437
2021-07-23,"Johnson&Johnson, Moderna, Oxford/AstraZeneca, Pfizer/BioNTech",5544013,4578381,10122394
2021-07-24,"Johnson&Johnson, Moderna, Oxford/AstraZeneca, Pfizer/BioNTech",5551357,4606055,10157412
2021-07-25,"Johnson&Johnson, Moderna, Oxford/AstraZeneca, Pfizer/BioNTech",5557989,4628192,10186181
2021-07-26,"Johnson&Johnson, Moderna, Oxford/AstraZeneca, Pfizer/BioNTech",5581532,4676878,10258410
2021-07-27,"Johnson&Johnson, Moderna, Oxford/AstraZeneca, Pfizer/BioNTech",5604272,4723525,10327797
2021-07-28,"Johnson&Johnson, Moderna, Oxford/AstraZeneca, Pfizer/BioNTech",5625540,4769533,10395073
2021-07-29,"Johnson&Johnson, Moderna, Oxford/AstraZeneca, Pfizer/BioNTech",5646865,4811508,10458373
2021-07-30,"Johnson&Johnson, Moderna, Oxford/AstraZeneca, Pfizer/BioNTech",5670140,4854081,10524221
2021-07-31,"Johnson&Johnson, Moderna, Oxford/AstraZeneca, Pfizer/BioNTech",5679081,4873618,10552699
2021-08-01,"Johnson&Johnson, Moderna, Oxford/AstraZeneca, Pfizer/BioNTech",5685809,4889799,10575608
2021-08-02,"Johnson&Johnson, Moderna, Oxford/AstraZeneca, Pfizer/BioNTech",5704447,4927350,10631797
2021-08-03,"Johnson&Johnson, Moderna, Oxford/AstraZeneca, Pfizer/BioNTech",5722092,4965460,10687552
2021-08-04,"Johnson&Johnson, Moderna, Oxford/AstraZeneca, Pfizer/BioNTech",5738208,5002230,10740438
2021-08-05,"Johnson&Johnson, Moderna, Oxford/AstraZeneca, Pfizer/BioNTech",5754243,5042721,10796964
2021-08-06,"Johnson&Johnson, Moderna, Oxford/AstraZeneca, Pfizer/BioNTech",5771032,5086015,10857047
2021-08-07,"Johnson&Johnson, Moderna, Oxford/AstraZeneca, Pfizer/BioNTech",5776633,5104195,10880828
2021-08-08,"Johnson&Johnson, Moderna, Oxford/AstraZeneca, Pfizer/BioNTech",5780997,5119956,10900953
2021-08-09,"Johnson&Johnson, Moderna, Oxford/AstraZeneca, Pfizer/BioNTech",5793636,5165021,10958657
2021-08-10,"Johnson&Johnson, Moderna, Oxford/AstraZeneca, Pfizer/BioNTech",5805481,5204595,11010076
2021-08-11,"Johnson&Johnson, Moderna, Oxford/AstraZeneca, Pfizer/BioNTech",5816836,5247722,11064558
2021-08-12,"Johnson&Johnson, Moderna, Oxford/AstraZeneca, Pfizer/BioNTech",5828263,5284859,11113122
2021-08-13,"Johnson&Johnson, Moderna, Oxford/AstraZeneca, Pfizer/BioNTech",5838984,5325195,11164179
2021-08-14,"Johnson&Johnson, Moderna, Oxford/AstraZeneca, Pfizer/BioNTech",5842320,5335909,11178229
2021-08-15,"Johnson&Johnson, Moderna, Oxford/AstraZeneca, Pfizer/BioNTech",5844904,5346295,11191199
2021-08-16,"Johnson&Johnson, Moderna, Oxford/AstraZeneca, Pfizer/BioNTech",5854691,5380360,11235051
2021-08-17,"Johnson&Johnson, Moderna, Oxford/AstraZeneca, Pfizer/BioNTech",5864287,5407449,11271736
2021-08-18,"Johnson&Johnson, Moderna, Oxford/AstraZeneca, Pfizer/BioNTech",5873663,5446329,11319992
2021-08-19,"Johnson&Johnson, Moderna, Oxford/AstraZeneca, Pfizer/BioNTech",5883337,5484674,11368011
2021-08-20,"Johnson&Johnson, Moderna, Oxford/AstraZeneca, Pfizer/BioNTech",5894721,5524847,11419568
2021-08-21,"Johnson&Johnson, Moderna, Oxford/AstraZeneca, Pfizer/BioNTech",5897444,5537612,11435056
2021-08-22,"Johnson&Johnson, Moderna, Oxford/AstraZeneca, Pfizer/BioNTech",5899790,5549578,11449368
2021-08-23,"Johnson&Johnson, Moderna, Oxford/AstraZeneca, Pfizer/BioNTech",5910317,5588845,11499162
2021-08-24,"Johnson&Johnson, Moderna, Oxford/AstraZeneca, Pfizer/BioNTech",5920190,5622090,11542280
2021-08-25,"Johnson&Johnson, Moderna, Oxford/AstraZeneca, Pfizer/BioNTech",5929056,5650460,11579516
2021-08-26,"Johnson&Johnson, Moderna, Oxford/AstraZeneca, Pfizer/BioNTech",5937504,5676585,11614089
2021-08-27,"Johnson&Johnson, Moderna, Oxford/AstraZeneca, Pfizer/BioNTech",5947833,5702554,11650387
2021-08-28,"Johnson&Johnson, Moderna, Oxford/AstraZeneca, Pfizer/BioNTech",5950565,5709608,11660173
2021-08-29,"Johnson&Johnson, Moderna, Oxford/AstraZeneca, Pfizer/BioNTech",5952978,5716226,11669204
2021-08-30,"Johnson&Johnson, Moderna, Oxford/AstraZeneca, Pfizer/BioNTech",5961505,5738096,11699601
2021-08-31,"Johnson&Johnson, Moderna, Oxford/AstraZeneca, Pfizer/BioNTech",5969184,5756195,11725379
2021-09-01,"Johnson&Johnson, Moderna, Oxford/AstraZeneca, Pfizer/BioNTech",5975078,5770202,11745280
2021-09-02,"Johnson&Johnson, Moderna, Oxford/AstraZeneca, Pfizer/BioNTech",5981917,5784593,11766510
2021-09-03,"Johnson&Johnson, Moderna, Oxford/AstraZeneca, Pfizer/BioNTech",5991478,5800314,11791792
2021-09-04,"Johnson&Johnson, Moderna, Oxford/AstraZeneca, Pfizer/BioNTech",5993546,5803869,11797415
2021-09-05,"Johnson&Johnson, Moderna, Oxford/AstraZeneca, Pfizer/BioNTech",5995585,5806715,11802300
2021-09-06,"Johnson&Johnson, Moderna, Oxford/AstraZeneca, Pfizer/BioNTech",6001823,5819249,11821072
2021-09-07,"Johnson&Johnson, Moderna, Oxford/AstraZeneca, Pfizer/BioNTech",6006217,5830340,11836557
2021-09-08,"Johnson&Johnson, Moderna, Oxford/AstraZeneca, Pfizer/BioNTech",6011893,5840196,11852089
2021-09-09,"Johnson&Johnson, Moderna, Oxford/AstraZeneca, Pfizer/BioNTech",6018590,5850265,11868855
2021-09-10,"Johnson&Johnson, Moderna, Oxford/AstraZeneca, Pfizer/BioNTech",6026282,5862436,11888718
2021-09-11,"Johnson&Johnson, Moderna, Oxford/AstraZeneca, Pfizer/BioNTech",6028146,5864917,11893063
2021-09-12,"Johnson&Johnson, Moderna, Oxford/AstraZeneca, Pfizer/BioNTech",6029264,5866549,11895813
2021-09-13,"Johnson&Johnson, Moderna, Oxford/AstraZeneca, Pfizer/BioNTech",6034692,5876847,11911539
2021-09-14,"Johnson&Johnson, Moderna, Oxford/AstraZeneca, Pfizer/BioNTech",6040087,5885863,11925950
2021-09-15,"Johnson&Johnson, Moderna, Oxford/AstraZeneca, Pfizer/BioNTech",6045287,5894388,11939675
2021-09-16,"Johnson&Johnson, Moderna, Oxford/AstraZeneca, Pfizer/BioNTech",6050635,5902660,11953295
2021-09-17,"Johnson&Johnson, Moderna, Oxford/AstraZeneca, Pfizer/BioNTech",6057203,5912892,11970095
2021-09-18,"Johnson&Johnson, Moderna, Oxford/AstraZeneca, Pfizer/BioNTech",6058930,5915250,11974180
2021-09-19,"Johnson&Johnson, Moderna, Oxford/AstraZeneca, Pfizer/BioNTech",6059877,5916818,11976695
2021-09-20,"Johnson&Johnson, Moderna, Oxford/AstraZeneca, Pfizer/BioNTech",6063892,5925013,11988905
2021-09-21,"Johnson&Johnson, Moderna, Oxford/AstraZeneca, Pfizer/BioNTech",6068126,5932544,12000670
2021-09-22,"Johnson&Johnson, Moderna, Oxford/AstraZeneca, Pfizer/BioNTech",6072313,5938054,12010367
2021-09-23,"Johnson&Johnson, Moderna, Oxford/AstraZeneca, Pfizer/BioNTech",6077285,5944458,12021743
2021-09-24,"Johnson&Johnson, Moderna, Oxford/AstraZeneca, Pfizer/BioNTech",6083044,5954077,12037121
2021-09-25,"Johnson&Johnson, Moderna, Oxford/AstraZeneca, Pfizer/BioNTech",6084539,5956076,12040615
2021-09-26,"Johnson&Johnson, Moderna, Oxford/AstraZeneca, Pfizer/BioNTech",6085283,5957713,12042996
2021-09-27,"Johnson&Johnson, Moderna, Oxford/AstraZeneca, Pfizer/BioNTech",6089163,5964225,12053388
2021-09-28,"Johnson&Johnson, Moderna, Pfizer/BioNTech",6089529,5964849,12054378
2021-09-29,"Johnson&Johnson, Moderna, Oxford/AstraZeneca, Pfizer/BioNTech",6093305,5972308,12065613
2021-09-30,"Johnson&Johnson, Moderna, Oxford/AstraZeneca, Pfizer/BioNTech",6097811,5980003,12077814
2021-10-01,"Johnson&Johnson, Moderna, Oxford/AstraZeneca, Pfizer/BioNTech",6102115,5987980,12090095
2021-10-02,"Johnson&Johnson, Moderna, Oxford/AstraZeneca, Pfizer/BioNTech",6103178,5989520,12092698
2021-10-03,"Johnson&Johnson, Moderna, Oxford/AstraZeneca, Pfizer/BioNTech",6103903,5990389,12094292
2021-10-04,"Johnson&Johnson, Moderna, Oxford/AstraZeneca, Pfizer/BioNTech",6106980,5995955,12102935
2021-10-05,"Johnson&Johnson, Moderna, Oxford/AstraZeneca, Pfizer/BioNTech",6110142,6001039,12111181
2021-10-06,"Johnson&Johnson, Moderna, Oxford/AstraZeneca, Pfizer/BioNTech",6113661,6006209,12119870
2021-10-07,"Johnson&Johnson, Moderna, Oxford/AstraZeneca, Pfizer/BioNTech",6116942,6011467,12128409
2021-10-08,"Johnson&Johnson, Moderna, Oxford/AstraZeneca, Pfizer/BioNTech",6121736,6018104,12139840
2021-10-09,"Johnson&Johnson, Moderna, Oxford/AstraZeneca, Pfizer/BioNTech",6122980,6019762,12142742
2021-10-10,"Johnson&Johnson, Moderna, Oxford/AstraZeneca, Pfizer/BioNTech",6123923,6020593,12144516
2021-10-11,"Johnson&Johnson, Moderna, Oxford/AstraZeneca, Pfizer/BioNTech",6126854,6025006,12151860
2021-10-12,"Johnson&Johnson, Moderna, Oxford/AstraZeneca, Pfizer/BioNTech",6129784,6029009,12158793
2021-10-13,"Johnson&Johnson, Moderna, Oxford/AstraZeneca, Pfizer/BioNTech",6133315,6033193,12166508
2021-10-14,"Johnson&Johnson, Moderna, Oxford/AstraZeneca, Pfizer/BioNTech",6136987,6038141,12175128
2021-10-15,"Johnson&Johnson, Moderna, Oxford/AstraZeneca, Pfizer/BioNTech",6142217,6044286,12186503
2021-10-16,"Johnson&Johnson, Moderna, Oxford/AstraZeneca, Pfizer/BioNTech",6143632,6045812,12189444
2021-10-17,"Johnson&Johnson, Moderna, Pfizer/BioNTech",6144959,6046865,12191824
2021-10-18,"Johnson&Johnson, Moderna, Oxford/AstraZeneca, Pfizer/BioNTech",6149075,6050960,12200035
2021-10-19,"Johnson&Johnson, Moderna, Oxford/AstraZeneca, Pfizer/BioNTech",6152653,6053056,12205709
2021-10-20,"Johnson&Johnson, Moderna, Oxford/AstraZeneca, Pfizer/BioNTech",6157532,6057502,12215034
2021-10-21,"Johnson&Johnson, Moderna, Oxford/AstraZeneca, Pfizer/BioNTech",6165299,6063102,12228401
2021-10-22,"Johnson&Johnson, Moderna, Oxford/AstraZeneca, Pfizer/BioNTech",6175752,6069605,12245357
2021-10-23,"Johnson&Johnson, Moderna, Oxford/AstraZeneca, Pfizer/BioNTech",6179427,6071811,12251238
2021-10-24,"Johnson&Johnson, Moderna, Oxford/AstraZeneca, Pfizer/BioNTech",6182108,6073589,12255697
2021-10-25,"Johnson&Johnson, Moderna, Oxford/AstraZeneca, Pfizer/BioNTech",6192604,6079393,12271997
2021-10-26,"Johnson&Johnson, Moderna, Oxford/AstraZeneca, Pfizer/BioNTech",6204594,6085941,12290535
2021-10-27,"Johnson&Johnson, Moderna, Oxford/AstraZeneca, Pfizer/BioNTech",6219203,6093342,12312545
2021-10-28,"Johnson&Johnson, Moderna, Oxford/AstraZeneca, Pfizer/BioNTech",6222625,6095025,12317650
2021-10-29,"Johnson&Johnson, Moderna, Oxford/AstraZeneca, Pfizer/BioNTech",6237058,6103007,12340065
2021-10-30,"Johnson&Johnson, Moderna, Oxford/AstraZeneca, Pfizer/BioNTech",6241587,6105931,12347518
2021-10-31,"Johnson&Johnson, Moderna, Oxford/AstraZeneca, Pfizer/BioNTech",6245349,6108402,12353751
2021-11-01,"Johnson&Johnson, Moderna, Oxford/AstraZeneca, Pfizer/BioNTech",6260547,6116093,12376640
2021-11-02,"Johnson&Johnson, Moderna, Oxford/AstraZeneca, Pfizer/BioNTech",6275997,6123649,12399646
2021-11-03,"Johnson&Johnson, Moderna, Oxford/AstraZeneca, Pfizer/BioNTech",6293178,6130944,12424122
2021-11-04,"Johnson&Johnson, Moderna, Oxford/AstraZeneca, Pfizer/BioNTech",6311532,6139111,12450643
2021-11-05,"Johnson&Johnson, Moderna, Oxford/AstraZeneca, Pfizer/BioNTech",6334328,6150389,12484717
2021-11-06,"Johnson&Johnson, Moderna, Oxford/AstraZeneca, Pfizer/BioNTech",6340839,6153441,12494280
2021-11-07,"Johnson&Johnson, Moderna, Oxford/AstraZeneca, Pfizer/BioNTech",6344860,6155877,12500737
2021-11-08,"Johnson&Johnson, Moderna, Oxford/AstraZeneca, Pfizer/BioNTech",6361130,6163509,12524639
2021-11-09,"Johnson&Johnson, Moderna, Oxford/AstraZeneca, Pfizer/BioNTech",6375938,6170801,12546739
2021-11-10,"Johnson&Johnson, Moderna, Oxford/AstraZeneca, Pfizer/BioNTech",6391681,6178179,12569860
2021-11-11,"Johnson&Johnson, Moderna, Oxford/AstraZeneca, Pfizer/BioNTech",6407149,6187281,12594430
2021-11-12,"Johnson&Johnson, Moderna, Oxford/AstraZeneca, Pfizer/BioNTech",6426955,6200077,12627032
2021-11-13,"Johnson&Johnson, Moderna, Oxford/AstraZeneca, Pfizer/BioNTech",6432347,6203948,12636295
2021-11-14,"Johnson&Johnson, Moderna, Oxford/AstraZeneca, Pfizer/BioNTech",6436238,6206949,12643187
2021-11-15,"Johnson&Johnson, Moderna, Oxford/AstraZeneca, Pfizer/BioNTech",6451312,6217640,12668952
2021-11-16,"Johnson&Johnson, Moderna, Oxford/AstraZeneca, Pfizer/BioNTech",6468853,6229621,12698474
2021-11-17,"Johnson&Johnson, Moderna, Oxford/AstraZeneca, Pfizer/BioNTech",6473095,6233184,12706279
2021-11-18,"Johnson&Johnson, Moderna, Oxford/AstraZeneca, Pfizer/BioNTech",6492511,6244870,12737381
2021-11-19,"Johnson&Johnson, Moderna, Oxford/AstraZeneca, Pfizer/BioNTech",6517118,6261840,12778958
2021-11-20,"Johnson&Johnson, Moderna, Oxford/AstraZeneca, Pfizer/BioNTech",6525694,6266819,12792513
2021-11-21,"Johnson&Johnson, Moderna, Pfizer/BioNTech",6532465,6270590,12803055
2021-11-22,"Johnson&Johnson, Moderna, Oxford/AstraZeneca, Pfizer/BioNTech",6550980,6284701,12835681
2021-11-23,"Johnson&Johnson, Moderna, Oxford/AstraZeneca, Pfizer/BioNTech",6570043,6297960,12868003
2021-11-24,"Johnson&Johnson, Moderna, Oxford/AstraZeneca, Pfizer/BioNTech",6589057,6313806,12902863
2021-11-25,"Johnson&Johnson, Moderna, Oxford/AstraZeneca, Pfizer/BioNTech",6608206,6328834,12937040
2021-11-26,"Johnson&Johnson, Moderna, Oxford/AstraZeneca, Pfizer/BioNTech",6629859,6347972,12977831
2021-11-27,"Johnson&Johnson, Moderna, Oxford/AstraZeneca, Pfizer/BioNTech",6637330,6353526,12990856
2021-11-28,"Johnson&Johnson, Moderna, Oxford/AstraZeneca, Pfizer/BioNTech",6640666,6356660,12997326
2021-11-29,"Johnson&Johnson, Moderna, Oxford/AstraZeneca, Pfizer/BioNTech",6655871,6370315,13026186
2021-11-30,"Johnson&Johnson, Moderna, Oxford/AstraZeneca, Pfizer/BioNTech",6669069,6381546,13050615
2021-12-01,"Johnson&Johnson, Moderna, Oxford/AstraZeneca, Pfizer/BioNTech",6683094,6394001,13077095
2021-12-02,"Johnson&Johnson, Moderna, Oxford/AstraZeneca, Pfizer/BioNTech",6693730,6406492,13100222
2021-12-03,"Johnson&Johnson, Moderna, Oxford/AstraZeneca, Pfizer/BioNTech",6703369,6422065,13125434
2021-12-04,"Johnson&Johnson, Moderna, Pfizer/BioNTech",6705928,6426014,13131942
2021-12-05,"Johnson&Johnson, Moderna, Oxford/AstraZeneca, Pfizer/BioNTech",6707287,6428354,13135641
2021-12-06,"Johnson&Johnson, Moderna, Oxford/AstraZeneca, Pfizer/BioNTech",6715433,6439878,13155311
2021-12-07,"Johnson&Johnson, Moderna, Oxford/AstraZeneca, Pfizer/BioNTech",6723318,6451886,13175204
2021-12-08,"Johnson&Johnson, Moderna, Oxford/AstraZeneca, Pfizer/BioNTech",6731555,6457812,13189367
2021-12-09,"Johnson&Johnson, Moderna, Oxford/AstraZeneca, Pfizer/BioNTech",6738672,6470632,13209304
2021-12-10,"Johnson&Johnson, Moderna, Oxford/AstraZeneca, Pfizer/BioNTech",6745604,6488434,13234038
2021-12-11,"Johnson&Johnson, Moderna, Pfizer/BioNTech",6747261,6493705,13240966
2021-12-12,"Johnson&Johnson, Moderna, Oxford/AstraZeneca, Pfizer/BioNTech",6748570,6498138,13246708
2021-12-13,"Johnson&Johnson, Moderna, Oxford/AstraZeneca, Pfizer/BioNTech",6754918,6511447,13266365
2021-12-14,"Johnson&Johnson, Moderna, Oxford/AstraZeneca, Pfizer/BioNTech",6761128,6525115,13286243
2021-12-15,"Johnson&Johnson, Moderna, Oxford/AstraZeneca, Pfizer/BioNTech",6767329,6538716,13306045
2021-12-16,"Johnson&Johnson, Moderna, Oxford/AstraZeneca, Pfizer/BioNTech",6774264,6553549,13327813
2021-12-17,"Johnson&Johnson, Moderna, Oxford/AstraZeneca, Pfizer/BioNTech",6782629,6570809,13353438
2021-12-18,"Johnson&Johnson, Moderna, Oxford/AstraZeneca, Pfizer/BioNTech",6785238,6576258,13361496
2021-12-19,"Johnson&Johnson, Moderna, Pfizer/BioNTech",6787009,6578761,13365770
2021-12-20,"Johnson&Johnson, Moderna, Oxford/AstraZeneca, Pfizer/BioNTech",6792850,6592828,13385678
2021-12-21,"Johnson&Johnson, Moderna, Oxford/AstraZeneca, Pfizer/BioNTech",6799508,6604816,13404324
2021-12-22,"Johnson&Johnson, Moderna, Oxford/AstraZeneca, Pfizer/BioNTech",6804549,6617867,13422416
2021-12-23,"Johnson&Johnson, Moderna, Oxford/AstraZeneca, Pfizer/BioNTech",6807417,6623469,13430886
2021-12-24,"Johnson&Johnson, Moderna, Oxford/AstraZeneca, Pfizer/BioNTech",6807463,6623569,13431032
2021-12-25,"Moderna, Pfizer/BioNTech",6807464,6623576,13431040
2021-12-26,"Moderna, Pfizer/BioNTech",6807565,6623777,13431342
2021-12-27,"Johnson&Johnson, Moderna, Pfizer/BioNTech",6811425,6633512,13444937
2021-12-28,"Johnson&Johnson, Moderna, Oxford/AstraZeneca, Pfizer/BioNTech",6816662,6641502,13458164
2021-12-29,"Johnson&Johnson, Moderna, Oxford/AstraZeneca, Pfizer/BioNTech",6820940,6649214,13470154
2021-12-30,"Johnson&Johnson, Moderna, Pfizer/BioNTech",6825240,6654645,13479885
2021-12-31,"Johnson&Johnson, Moderna, Pfizer/BioNTech",6825746,6656068,13481814
2022-01-01,"Johnson&Johnson, Moderna, Pfizer/BioNTech",6825751,6656086,13481837
2022-01-02,"Johnson&Johnson, Moderna, Pfizer/BioNTech",6826605,6657464,13484069
2022-01-03,"Johnson&Johnson, Moderna, Oxford/AstraZeneca, Pfizer/BioNTech",6830738,6666360,13497098
2022-01-04,"Johnson&Johnson, Moderna, Oxford/AstraZeneca, Pfizer/BioNTech",6835828,6674109,13509937
2022-01-05,"Johnson&Johnson, Moderna, Oxford/AstraZeneca, Pfizer/BioNTech",6841635,6682065,13523700
2022-01-06,"Johnson&Johnson, Moderna, Oxford/AstraZeneca, Pfizer/BioNTech",6848217,6690468,13538685
2022-01-07,"Johnson&Johnson, Moderna, Oxford/AstraZeneca, Pfizer/BioNTech",6856086,6700813,13556899
2022-01-08,"Johnson&Johnson, Moderna, Oxford/AstraZeneca, Pfizer/BioNTech",6858568,6703594,13562162
2022-01-09,"Johnson&Johnson, Moderna, Pfizer/BioNTech",6859648,6705285,13564933
2022-01-10,"Johnson&Johnson, Moderna, Oxford/AstraZeneca, Pfizer/BioNTech",6864142,6711470,13575612
2022-01-11,"Johnson&Johnson, Moderna, Oxford/AstraZeneca, Pfizer/BioNTech",6869575,6718219,13587794
2022-01-12,"Johnson&Johnson, Moderna, Oxford/AstraZeneca, Pfizer/BioNTech",6875529,6723858,13599387
2022-01-13,"Johnson&Johnson, Moderna, Oxford/AstraZeneca, Pfizer/BioNTech",6881418,6728626,13610044
2022-01-14,"Johnson&Johnson, Moderna, Oxford/AstraZeneca, Pfizer/BioNTech",6887716,6732256,13619972
2022-01-15,"Johnson&Johnson, Moderna, Oxford/AstraZeneca, Pfizer/BioNTech",6888993,6732910,13621903
2022-01-16,"Johnson&Johnson, Moderna, Oxford/AstraZeneca, Pfizer/BioNTech",6889681,6733348,13623029
2022-01-17,"Johnson&Johnson, Moderna, Oxford/AstraZeneca, Pfizer/BioNTech",6893218,6737298,13630516
2022-01-18,"Johnson&Johnson, Moderna, Oxford/AstraZeneca, Pfizer/BioNTech",6897068,6742247,13639315
2022-01-19,"Johnson&Johnson, Moderna, Oxford/AstraZeneca, Pfizer/BioNTech",6901128,6746178,13647306
2022-01-20,"Johnson&Johnson, Moderna, Oxford/AstraZeneca, Pfizer/BioNTech",6904710,6750616,13655326
2022-01-21,"Johnson&Johnson, Moderna, Oxford/AstraZeneca, Pfizer/BioNTech",6908702,6753142,13661844
2022-01-22,"Johnson&Johnson, Moderna, Pfizer/BioNTech",6909481,6753580,13663061
2022-01-23,"Johnson&Johnson, Moderna, Pfizer/BioNTech",6910042,6754215,13664257
2022-01-24,"Johnson&Johnson, Moderna, Oxford/AstraZeneca, Pfizer/BioNTech",6912295,6757650,13669945
2022-01-25,"Johnson&Johnson, Moderna, Oxford/AstraZeneca, Pfizer/BioNTech",6914649,6761637,13676286
2022-01-26,"Johnson&Johnson, Moderna, Oxford/AstraZeneca, Pfizer/BioNTech",6917032,6766199,13683231
2022-01-27,"Johnson&Johnson, Moderna, Oxford/AstraZeneca, Pfizer/BioNTech",6919365,6771005,13690370
2022-01-28,"Johnson&Johnson, Moderna, Oxford/AstraZeneca, Pfizer/BioNTech",6922282,6777148,13699430
2022-01-29,"Johnson&Johnson, Moderna, Pfizer/BioNTech",6922883,6778794,13701677
2022-01-30,"Johnson&Johnson, Moderna, Pfizer/BioNTech",6923110,6779568,13702678
2022-01-31,"Johnson&Johnson, Moderna, Pfizer/BioNTech",6924635,6783480,13708115
2022-02-01,"Johnson&Johnson, Moderna, Pfizer/BioNTech",6926214,6787499,13713713
2022-02-02,"Johnson&Johnson, Moderna, Pfizer/BioNTech",6927783,6791990,13719773
2022-02-03,"Johnson&Johnson, Moderna, Pfizer/BioNTech",6929155,6796462,13725617
2022-02-04,"Johnson&Johnson, Moderna, Pfizer/BioNTech",6930757,6801566,13732323
2022-02-05,"Johnson&Johnson, Moderna, Pfizer/BioNTech",6930939,6802175,13733114
2022-02-06,"Johnson&Johnson, Moderna, Pfizer/BioNTech",6931034,6802494,13733528
2022-02-07,"Johnson&Johnson, Moderna, Pfizer/BioNTech",6931730,6805687,13737417
2022-02-08,"Johnson&Johnson, Moderna, Pfizer/BioNTech",6932507,6808861,13741368
2022-02-09,"Johnson&Johnson, Moderna, Pfizer/BioNTech",6933319,6812222,13745541
2022-02-10,"Johnson&Johnson, Moderna, Pfizer/BioNTech",6934098,6815316,13749414
2022-02-11,"Johnson&Johnson, Moderna, Pfizer/BioNTech",6935024,6819212,13754236
2022-02-12,"Johnson&Johnson, Moderna, Pfizer/BioNTech",6935134,6819628,13754762
2022-02-13,"Johnson&Johnson, Moderna, Pfizer/BioNTech",6935172,6820065,13755237
2022-02-14,"Johnson&Johnson, Moderna, Pfizer/BioNTech",6935608,6822133,13757741
2022-02-15,"Johnson&Johnson, Moderna, Pfizer/BioNTech",6936147,6824298,13760445
2022-02-16,"Johnson&Johnson, Moderna, Pfizer/BioNTech",6936707,6826291,13762998
