date,vaccine,people_vaccinated,people_fully_vaccinated,total_vaccinations
2020-12-27,Pfizer/BioNTech,1280,0,1280
2020-12-28,Pfizer/BioNTech,3585,0,3585
2020-12-29,Pfizer/BioNTech,7051,0,7051
2020-12-30,Pfizer/BioNTech,10564,0,10564
2020-12-31,Pfizer/BioNTech,11868,0,11868
2021-01-01,"Moderna, Pfizer/BioNTech",12137,0,12137
2021-01-02,Pfizer/BioNTech,13413,0,13413
2021-01-03,Pfizer/BioNTech,14335,0,14335
2021-01-04,"Moderna, Pfizer/BioNTech",17942,0,17942
2021-01-05,"Moderna, Pfizer/BioNTech",22452,0,22452
2021-01-06,"Moderna, Pfizer/BioNTech",28289,1,28290
2021-01-07,"Moderna, Pfizer/BioNTech",36278,1,36279
2021-01-08,"Moderna, Pfizer/BioNTech",46321,1,46322
2021-01-09,"Moderna, Pfizer/BioNTech",48346,2,48348
2021-01-10,Pfizer/BioNTech,50111,4,50115
2021-01-11,Pfizer/BioNTech,59961,6,59967
2021-01-12,"Moderna, Pfizer/BioNTech",73404,8,73412
2021-01-13,Pfizer/BioNTech,86934,8,86942
2021-01-14,"Moderna, Pfizer/BioNTech",102152,12,102164
2021-01-15,"Moderna, Pfizer/BioNTech",116150,12,116162
2021-01-16,"Moderna, Pfizer/BioNTech",119541,15,119556
2021-01-17,"Moderna, Pfizer/BioNTech",122154,652,122806
2021-01-18,"Moderna, Pfizer/BioNTech",134629,2478,137107
2021-01-19,"Moderna, Pfizer/BioNTech",147225,5200,152425
2021-01-20,"Moderna, Pfizer/BioNTech",160894,7855,168749
2021-01-21,"Moderna, Pfizer/BioNTech",176538,9594,186132
2021-01-22,"Moderna, Pfizer/BioNTech",191401,10638,202039
2021-01-23,"Moderna, Pfizer/BioNTech",194717,11516,206233
2021-01-24,"Moderna, Pfizer/BioNTech",196970,12384,209354
2021-01-25,"Moderna, Pfizer/BioNTech",206606,15358,221964
2021-01-26,"Moderna, Pfizer/BioNTech",217141,19342,236483
2021-01-27,"Moderna, Pfizer/BioNTech",226167,23877,250044
2021-01-28,"Moderna, Pfizer/BioNTech",233261,30001,263262
2021-01-29,"Moderna, Pfizer/BioNTech",239468,37903,277371
2021-01-30,"Moderna, Pfizer/BioNTech",240203,38991,279194
2021-01-31,"Moderna, Pfizer/BioNTech",240914,40172,281086
2021-02-01,"Moderna, Pfizer/BioNTech",244891,48126,293017
2021-02-02,"Moderna, Pfizer/BioNTech",249026,58355,307381
2021-02-03,"Moderna, Pfizer/BioNTech",253440,69355,322795
2021-02-04,"Moderna, Pfizer/BioNTech",258332,82333,340665
2021-02-05,"Moderna, Pfizer/BioNTech",263791,92995,356786
2021-02-06,"Moderna, Oxford/AstraZeneca, Pfizer/BioNTech",264638,95355,359993
2021-02-07,"Moderna, Pfizer/BioNTech",265483,97852,363335
2021-02-08,"Moderna, Oxford/AstraZeneca, Pfizer/BioNTech",269555,109277,378832
2021-02-09,"Moderna, Oxford/AstraZeneca, Pfizer/BioNTech",274645,121181,395826
2021-02-10,"Moderna, Oxford/AstraZeneca, Pfizer/BioNTech",280146,134418,414564
2021-02-11,"Moderna, Oxford/AstraZeneca, Pfizer/BioNTech",286464,150620,437084
2021-02-12,"Moderna, Oxford/AstraZeneca, Pfizer/BioNTech",293225,165340,458565
2021-02-13,"Moderna, Oxford/AstraZeneca, Pfizer/BioNTech",294831,168324,463155
2021-02-14,"Moderna, Oxford/AstraZeneca, Pfizer/BioNTech",295832,169709,465541
2021-02-15,"Moderna, Oxford/AstraZeneca, Pfizer/BioNTech",302229,179060,481289
2021-02-16,"Moderna, Oxford/AstraZeneca, Pfizer/BioNTech",310944,188133,499077
2021-02-17,"Moderna, Oxford/AstraZeneca, Pfizer/BioNTech",320638,196433,517071
2021-02-18,"Moderna, Oxford/AstraZeneca, Pfizer/BioNTech",332950,204499,537449
2021-02-19,"Moderna, Oxford/AstraZeneca, Pfizer/BioNTech",344798,211845,556643
2021-02-20,"Moderna, Oxford/AstraZeneca, Pfizer/BioNTech",346791,213025,559816
2021-02-21,"Moderna, Oxford/AstraZeneca, Pfizer/BioNTech",347918,214044,561962
2021-02-22,"Moderna, Oxford/AstraZeneca, Pfizer/BioNTech",358032,220068,578100
2021-02-23,"Moderna, Oxford/AstraZeneca, Pfizer/BioNTech",370971,227036,598007
2021-02-24,"Moderna, Oxford/AstraZeneca, Pfizer/BioNTech",384840,233068,617908
2021-02-25,"Moderna, Oxford/AstraZeneca, Pfizer/BioNTech",402804,238612,641416
2021-02-26,"Moderna, Oxford/AstraZeneca, Pfizer/BioNTech",418963,243950,662913
2021-02-27,"Moderna, Oxford/AstraZeneca, Pfizer/BioNTech",421970,244505,666475
2021-02-28,"Moderna, Oxford/AstraZeneca, Pfizer/BioNTech",424313,245052,669365
2021-03-01,"Moderna, Oxford/AstraZeneca, Pfizer/BioNTech",443884,248493,692377
2021-03-02,"Moderna, Oxford/AstraZeneca, Pfizer/BioNTech",471093,252031,723124
2021-03-03,"Moderna, Oxford/AstraZeneca, Pfizer/BioNTech",501943,256530,758473
2021-03-04,"Moderna, Oxford/AstraZeneca, Pfizer/BioNTech",535181,261206,796387
2021-03-05,"Johnson&Johnson, Moderna, Oxford/AstraZeneca, Pfizer/BioNTech",563977,266614,830591
2021-03-06,"Johnson&Johnson, Moderna, Oxford/AstraZeneca, Pfizer/BioNTech",576113,267467,843580
2021-03-07,"Johnson&Johnson, Moderna, Oxford/AstraZeneca, Pfizer/BioNTech",587643,268305,855948
2021-03-08,"Johnson&Johnson, Moderna, Oxford/AstraZeneca, Pfizer/BioNTech",617349,273149,890498
2021-03-09,"Johnson&Johnson, Moderna, Oxford/AstraZeneca, Pfizer/BioNTech",653682,279525,933207
2021-03-10,"Moderna, Oxford/AstraZeneca, Pfizer/BioNTech",694961,286466,981427
2021-03-11,"Johnson&Johnson, Moderna, Oxford/AstraZeneca, Pfizer/BioNTech",739753,294831,1034584
2021-03-12,"Johnson&Johnson, Moderna, Oxford/AstraZeneca, Pfizer/BioNTech",778525,303289,1081814
2021-03-13,"Johnson&Johnson, Moderna, Oxford/AstraZeneca, Pfizer/BioNTech",795590,304591,1100181
2021-03-14,"Moderna, Oxford/AstraZeneca, Pfizer/BioNTech",807690,305738,1113428
2021-03-15,"Moderna, Oxford/AstraZeneca, Pfizer/BioNTech",836058,314506,1150564
2021-03-16,"Johnson&Johnson, Moderna, Oxford/AstraZeneca, Pfizer/BioNTech",874930,325030,1199960
2021-03-17,"Moderna, Oxford/AstraZeneca, Pfizer/BioNTech",912378,335529,1247907
2021-03-18,"Johnson&Johnson, Moderna, Oxford/AstraZeneca, Pfizer/BioNTech",950324,347932,1298256
2021-03-19,"Moderna, Oxford/AstraZeneca, Pfizer/BioNTech",984779,361531,1346310
2021-03-20,"Johnson&Johnson, Moderna, Oxford/AstraZeneca, Pfizer/BioNTech",999905,363550,1363455
2021-03-21,"Johnson&Johnson, Moderna, Oxford/AstraZeneca, Pfizer/BioNTech",1007310,365100,1372410
2021-03-22,"Johnson&Johnson, Moderna, Oxford/AstraZeneca, Pfizer/BioNTech",1031831,377597,1409428
2021-03-23,"Johnson&Johnson, Moderna, Oxford/AstraZeneca, Pfizer/BioNTech",1058447,390944,1449391
2021-03-24,"Johnson&Johnson, Moderna, Oxford/AstraZeneca, Pfizer/BioNTech",1085278,406668,1491946
2021-03-25,"Moderna, Oxford/AstraZeneca, Pfizer/BioNTech",1111583,424503,1536086
2021-03-26,"Johnson&Johnson, Moderna, Oxford/AstraZeneca, Pfizer/BioNTech",1136372,441989,1578361
2021-03-27,"Johnson&Johnson, Moderna, Oxford/AstraZeneca, Pfizer/BioNTech",1144792,446832,1591624
2021-03-28,"Moderna, Oxford/AstraZeneca, Pfizer/BioNTech",1150326,450970,1601296
2021-03-29,"Johnson&Johnson, Moderna, Oxford/AstraZeneca, Pfizer/BioNTech",1169436,471685,1641121
2021-03-30,"Johnson&Johnson, Moderna, Oxford/AstraZeneca, Pfizer/BioNTech",1194113,493851,1687964
2021-03-31,"Johnson&Johnson, Moderna, Oxford/AstraZeneca, Pfizer/BioNTech",1217193,520895,1738088
2021-04-01,"Johnson&Johnson, Moderna, Oxford/AstraZeneca, Pfizer/BioNTech",1242783,552928,1795711
2021-04-02,"Johnson&Johnson, Moderna, Oxford/AstraZeneca, Pfizer/BioNTech",1249686,565712,1815398
2021-04-03,"Johnson&Johnson, Moderna, Oxford/AstraZeneca, Pfizer/BioNTech",1253289,576626,1829915
2021-04-04,"Johnson&Johnson, Moderna, Oxford/AstraZeneca, Pfizer/BioNTech",1255786,585536,1841322
2021-04-05,"Johnson&Johnson, Moderna, Oxford/AstraZeneca, Pfizer/BioNTech",1258171,592711,1850882
2021-04-06,"Johnson&Johnson, Moderna, Oxford/AstraZeneca, Pfizer/BioNTech",1274278,621944,1896222
2021-04-07,"Johnson&Johnson, Moderna, Oxford/AstraZeneca, Pfizer/BioNTech",1297665,644161,1941826
2021-04-08,"Johnson&Johnson, Moderna, Oxford/AstraZeneca, Pfizer/BioNTech",1336338,675164,2011502
2021-04-09,"Johnson&Johnson, Moderna, Oxford/AstraZeneca, Pfizer/BioNTech",1375850,705334,2081184
2021-04-10,"Johnson&Johnson, Moderna, Oxford/AstraZeneca, Pfizer/BioNTech",1391316,720622,2111938
2021-04-11,"Johnson&Johnson, Moderna, Oxford/AstraZeneca, Pfizer/BioNTech",1401077,730652,2131729
2021-04-12,"Johnson&Johnson, Moderna, Oxford/AstraZeneca, Pfizer/BioNTech",1439300,755772,2195072
2021-04-13,"Moderna, Oxford/AstraZeneca, Pfizer/BioNTech",1475524,781803,2257327
2021-04-14,"Moderna, Oxford/AstraZeneca, Pfizer/BioNTech",1514309,809146,2323455
2021-04-15,"Moderna, Oxford/AstraZeneca, Pfizer/BioNTech",1562068,834849,2396917
2021-04-16,"Moderna, Oxford/AstraZeneca, Pfizer/BioNTech",1606693,860471,2467164
2021-04-17,"Moderna, Oxford/AstraZeneca, Pfizer/BioNTech",1623364,869492,2492856
2021-04-18,"Moderna, Oxford/AstraZeneca, Pfizer/BioNTech",1636337,874473,2510810
2021-04-19,"Moderna, Oxford/AstraZeneca, Pfizer/BioNTech",1680314,889925,2570239
2021-04-20,"Johnson&Johnson, Moderna, Oxford/AstraZeneca, Pfizer/BioNTech",1722839,905776,2628615
2021-04-21,"Moderna, Oxford/AstraZeneca, Pfizer/BioNTech",1770544,920114,2690658
2021-04-22,"Johnson&Johnson, Moderna, Oxford/AstraZeneca, Pfizer/BioNTech",1825011,937483,2762494
2021-04-23,"Johnson&Johnson, Moderna, Oxford/AstraZeneca, Pfizer/BioNTech",1874943,949522,2824465
2021-04-24,"Johnson&Johnson, Moderna, Oxford/AstraZeneca, Pfizer/BioNTech",1892762,954759,2847521
2021-04-25,"Johnson&Johnson, Moderna, Oxford/AstraZeneca, Pfizer/BioNTech",1907438,958746,2866184
2021-04-26,"Johnson&Johnson, Moderna, Oxford/AstraZeneca, Pfizer/BioNTech",1956997,966284,2923281
2021-04-27,"Johnson&Johnson, Moderna, Oxford/AstraZeneca, Pfizer/BioNTech",2005952,978493,2984445
2021-04-28,"Johnson&Johnson, Moderna, Oxford/AstraZeneca, Pfizer/BioNTech",2064679,992467,3057146
2021-04-29,"Johnson&Johnson, Moderna, Oxford/AstraZeneca, Pfizer/BioNTech",2130215,1008330,3138545
2021-04-30,"Johnson&Johnson, Moderna, Oxford/AstraZeneca, Pfizer/BioNTech",2192409,1018274,3210683
2021-05-01,"Johnson&Johnson, Moderna, Oxford/AstraZeneca, Pfizer/BioNTech",2211711,1021706,3233417
2021-05-02,"Johnson&Johnson, Moderna, Oxford/AstraZeneca, Pfizer/BioNTech",2230612,1023966,3254578
2021-05-03,"Johnson&Johnson, Moderna, Oxford/AstraZeneca, Pfizer/BioNTech",2297831,1029013,3326844
2021-05-04,"Johnson&Johnson, Moderna, Oxford/AstraZeneca, Pfizer/BioNTech",2364298,1037320,3401618
2021-05-05,"Johnson&Johnson, Moderna, Oxford/AstraZeneca, Pfizer/BioNTech",2437429,1046700,3484129
2021-05-06,"Johnson&Johnson, Moderna, Oxford/AstraZeneca, Pfizer/BioNTech",2517793,1057387,3575180
2021-05-07,"Johnson&Johnson, Moderna, Oxford/AstraZeneca, Pfizer/BioNTech",2595006,1067417,3662423
2021-05-08,"Johnson&Johnson, Moderna, Oxford/AstraZeneca, Pfizer/BioNTech",2624413,1069161,3693574
2021-05-09,"Johnson&Johnson, Moderna, Oxford/AstraZeneca, Pfizer/BioNTech",2648586,1070352,3718938
2021-05-10,"Johnson&Johnson, Moderna, Oxford/AstraZeneca, Pfizer/BioNTech",2721314,1077552,3798866
2021-05-11,"Johnson&Johnson, Moderna, Oxford/AstraZeneca, Pfizer/BioNTech",2797389,1086330,3883719
2021-05-12,"Johnson&Johnson, Moderna, Oxford/AstraZeneca, Pfizer/BioNTech",2877211,1095400,3972611
2021-05-13,"Johnson&Johnson, Moderna, Oxford/AstraZeneca, Pfizer/BioNTech",2961201,1104534,4065735
2021-05-14,"Johnson&Johnson, Moderna, Oxford/AstraZeneca, Pfizer/BioNTech",3040599,1112280,4152879
2021-05-15,"Johnson&Johnson, Moderna, Oxford/AstraZeneca, Pfizer/BioNTech",3072446,1114490,4186936
2021-05-16,"Johnson&Johnson, Moderna, Oxford/AstraZeneca, Pfizer/BioNTech",3098189,1115739,4213928
2021-05-17,"Johnson&Johnson, Moderna, Oxford/AstraZeneca, Pfizer/BioNTech",3170666,1122428,4293094
2021-05-18,"Johnson&Johnson, Moderna, Oxford/AstraZeneca, Pfizer/BioNTech",3242569,1135438,4378007
2021-05-19,"Johnson&Johnson, Moderna, Oxford/AstraZeneca, Pfizer/BioNTech",3320003,1150537,4470540
2021-05-20,"Johnson&Johnson, Moderna, Oxford/AstraZeneca, Pfizer/BioNTech",3395405,1177521,4572926
2021-05-21,"Johnson&Johnson, Moderna, Oxford/AstraZeneca, Pfizer/BioNTech",3464137,1205215,4669352
2021-05-22,"Johnson&Johnson, Moderna, Oxford/AstraZeneca, Pfizer/BioNTech",3496477,1216358,4712835
2021-05-23,"Johnson&Johnson, Moderna, Oxford/AstraZeneca, Pfizer/BioNTech",3518793,1225369,4744162
2021-05-24,"Johnson&Johnson, Moderna, Oxford/AstraZeneca, Pfizer/BioNTech",3565909,1258976,4824885
2021-05-25,"Johnson&Johnson, Moderna, Oxford/AstraZeneca, Pfizer/BioNTech",3617745,1294730,4912475
2021-05-26,"Johnson&Johnson, Moderna, Oxford/AstraZeneca, Pfizer/BioNTech",3685472,1332210,5017682
2021-05-27,"Johnson&Johnson, Moderna, Oxford/AstraZeneca, Pfizer/BioNTech",3746841,1379484,5126325
2021-05-28,"Johnson&Johnson, Moderna, Oxford/AstraZeneca, Pfizer/BioNTech",3808507,1425979,5234486
2021-05-29,"Johnson&Johnson, Moderna, Oxford/AstraZeneca, Pfizer/BioNTech",3837661,1443055,5280716
2021-05-30,"Johnson&Johnson, Moderna, Oxford/AstraZeneca, Pfizer/BioNTech",3860002,1457463,5317465
2021-05-31,"Johnson&Johnson, Moderna, Oxford/AstraZeneca, Pfizer/BioNTech",3915718,1504976,5420694
2021-06-01,"Johnson&Johnson, Moderna, Oxford/AstraZeneca, Pfizer/BioNTech",3974724,1553766,5528490
2021-06-02,"Johnson&Johnson, Moderna, Oxford/AstraZeneca, Pfizer/BioNTech",4037593,1607684,5645277
2021-06-03,"Johnson&Johnson, Moderna, Oxford/AstraZeneca, Pfizer/BioNTech",4095805,1667841,5763646
2021-06-04,"Johnson&Johnson, Moderna, Oxford/AstraZeneca, Pfizer/BioNTech",4158873,1725163,5884036
2021-06-05,"Johnson&Johnson, Moderna, Oxford/AstraZeneca, Pfizer/BioNTech",4192996,1743945,5936941
2021-06-06,"Johnson&Johnson, Moderna, Oxford/AstraZeneca, Pfizer/BioNTech",4219898,1759042,5978940
2021-06-07,"Johnson&Johnson, Moderna, Oxford/AstraZeneca, Pfizer/BioNTech",4283563,1814623,6098186
2021-06-08,"Johnson&Johnson, Moderna, Oxford/AstraZeneca, Pfizer/BioNTech",4347534,1869541,6217075
2021-06-09,"Johnson&Johnson, Moderna, Oxford/AstraZeneca, Pfizer/BioNTech",4406718,1933949,6340667
2021-06-10,"Johnson&Johnson, Moderna, Oxford/AstraZeneca, Pfizer/BioNTech",4460598,2005005,6465603
2021-06-11,"Johnson&Johnson, Moderna, Oxford/AstraZeneca, Pfizer/BioNTech",4512689,2074670,6587359
2021-06-12,"Johnson&Johnson, Moderna, Oxford/AstraZeneca, Pfizer/BioNTech",4544674,2095400,6640074
2021-06-13,"Johnson&Johnson, Moderna, Oxford/AstraZeneca, Pfizer/BioNTech",4568676,2113762,6682438
2021-06-14,"Johnson&Johnson, Moderna, Oxford/AstraZeneca, Pfizer/BioNTech",4611735,2188067,6799802
2021-06-15,"Johnson&Johnson, Moderna, Oxford/AstraZeneca, Pfizer/BioNTech",4656374,2260335,6916709
2021-06-16,"Johnson&Johnson, Moderna, Oxford/AstraZeneca, Pfizer/BioNTech",4699098,2338473,7037571
2021-06-17,"Johnson&Johnson, Moderna, Oxford/AstraZeneca, Pfizer/BioNTech",4738468,2421455,7159923
2021-06-18,"Johnson&Johnson, Moderna, Oxford/AstraZeneca, Pfizer/BioNTech",4780847,2501871,7282718
2021-06-19,"Johnson&Johnson, Moderna, Oxford/AstraZeneca, Pfizer/BioNTech",4802587,2531092,7333679
2021-06-20,"Johnson&Johnson, Moderna, Oxford/AstraZeneca, Pfizer/BioNTech",4819943,2554863,7374806
2021-06-21,"Johnson&Johnson, Moderna, Oxford/AstraZeneca, Pfizer/BioNTech",4852442,2633346,7485788
2021-06-22,"Johnson&Johnson, Moderna, Oxford/AstraZeneca, Pfizer/BioNTech",4885398,2715514,7600912
2021-06-23,"Johnson&Johnson, Moderna, Oxford/AstraZeneca, Pfizer/BioNTech",4917043,2800647,7717690
2021-06-24,"Johnson&Johnson, Moderna, Oxford/AstraZeneca, Pfizer/BioNTech",4946877,2890590,7837467
2021-06-25,"Johnson&Johnson, Moderna, Oxford/AstraZeneca, Pfizer/BioNTech",4977922,2976636,7954558
2021-06-26,"Johnson&Johnson, Moderna, Oxford/AstraZeneca, Pfizer/BioNTech",4993775,3011383,8005158
2021-06-27,"Johnson&Johnson, Moderna, Oxford/AstraZeneca, Pfizer/BioNTech",5007711,3037976,8045687
2021-06-28,"Johnson&Johnson, Moderna, Oxford/AstraZeneca, Pfizer/BioNTech",5036120,3123069,8159189
2021-06-29,"Johnson&Johnson, Moderna, Oxford/AstraZeneca, Pfizer/BioNTech",5065382,3209447,8274829
2021-06-30,"Johnson&Johnson, Moderna, Oxford/AstraZeneca, Pfizer/BioNTech",5092867,3300313,8393180
2021-07-01,"Johnson&Johnson, Moderna, Oxford/AstraZeneca, Pfizer/BioNTech",5116835,3390259,8507094
2021-07-02,"Johnson&Johnson, Moderna, Oxford/AstraZeneca, Pfizer/BioNTech",5143545,3475995,8619540
2021-07-03,"Johnson&Johnson, Moderna, Oxford/AstraZeneca, Pfizer/BioNTech",5150617,3507454,8658071
2021-07-04,"Johnson&Johnson, Moderna, Oxford/AstraZeneca, Pfizer/BioNTech",5158162,3529218,8687380
2021-07-05,"Johnson&Johnson, Moderna, Oxford/AstraZeneca, Pfizer/BioNTech",5165513,3554536,8720049
2021-07-06,"Johnson&Johnson, Moderna, Oxford/AstraZeneca, Pfizer/BioNTech",5170911,3582117,8753028
2021-07-07,"Johnson&Johnson, Moderna, Oxford/AstraZeneca, Pfizer/BioNTech",5196687,3661000,8857687
2021-07-08,"Johnson&Johnson, Moderna, Oxford/AstraZeneca, Pfizer/BioNTech",5223275,3731229,8954504
2021-07-09,"Johnson&Johnson, Moderna, Oxford/AstraZeneca, Pfizer/BioNTech",5251173,3800408,9051581
2021-07-10,"Johnson&Johnson, Moderna, Oxford/AstraZeneca, Pfizer/BioNTech",5260511,3828977,9089488
2021-07-11,"Johnson&Johnson, Moderna, Oxford/AstraZeneca, Pfizer/BioNTech",5269027,3851828,9120855
2021-07-12,"Johnson&Johnson, Moderna, Oxford/AstraZeneca, Pfizer/BioNTech",5296544,3920852,9217396
2021-07-13,"Johnson&Johnson, Moderna, Oxford/AstraZeneca, Pfizer/BioNTech",5322710,3990642,9313352
2021-07-14,"Johnson&Johnson, Moderna, Oxford/AstraZeneca, Pfizer/BioNTech",5348510,4062550,9411060
2021-07-15,"Johnson&Johnson, Moderna, Oxford/AstraZeneca, Pfizer/BioNTech",5377675,4128472,9506147
2021-07-16,"Johnson&Johnson, Moderna, Oxford/AstraZeneca, Pfizer/BioNTech",5405571,4201089,9606660
2021-07-17,"Johnson&Johnson, Moderna, Oxford/AstraZeneca, Pfizer/BioNTech",5414328,4232473,9646801
2021-07-18,"Johnson&Johnson, Moderna, Oxford/AstraZeneca, Pfizer/BioNTech",5422762,4258435,9681197
2021-07-19,"Johnson&Johnson, Moderna, Oxford/AstraZeneca, Pfizer/BioNTech",5446099,4325384,9771483
2021-07-20,"Johnson&Johnson, Moderna, Oxford/AstraZeneca, Pfizer/BioNTech",5467475,4392352,9859827
2021-07-21,"Johnson&Johnson, Moderna, Oxford/AstraZeneca, Pfizer/BioNTech",5490919,4455727,9946646
2021-07-22,"Johnson&Johnson, Moderna, Oxford/AstraZeneca, Pfizer/BioNTech",5513262,4514271,10027533
2021-07-23,"Johnson&Johnson, Moderna, Oxford/AstraZeneca, Pfizer/BioNTech",5536441,4568929,10105370
2021-07-24,"Johnson&Johnson, Moderna, Oxford/AstraZeneca, Pfizer/BioNTech",5543746,4596538,10140284
2021-07-25,"Johnson&Johnson, Moderna, Oxford/AstraZeneca, Pfizer/BioNTech",5550346,4618626,10168972
2021-07-26,"Johnson&Johnson, Moderna, Oxford/AstraZeneca, Pfizer/BioNTech",5573861,4667206,10241067
2021-07-27,"Johnson&Johnson, Moderna, Oxford/AstraZeneca, Pfizer/BioNTech",5596579,4713758,10310337
2021-07-28,"Johnson&Johnson, Moderna, Oxford/AstraZeneca, Pfizer/BioNTech",5617808,4759647,10377455
2021-07-29,"Johnson&Johnson, Moderna, Oxford/AstraZeneca, Pfizer/BioNTech",5639108,4801509,10440617
2021-07-30,"Johnson&Johnson, Moderna, Oxford/AstraZeneca, Pfizer/BioNTech",5662367,4843976,10506343
2021-07-31,"Johnson&Johnson, Moderna, Oxford/AstraZeneca, Pfizer/BioNTech",5671279,4863470,10534749
2021-08-01,"Johnson&Johnson, Moderna, Oxford/AstraZeneca, Pfizer/BioNTech",5677991,4879601,10557592
2021-08-02,"Johnson&Johnson, Moderna, Oxford/AstraZeneca, Pfizer/BioNTech",5696604,4917083,10613687
2021-08-03,"Johnson&Johnson, Moderna, Oxford/AstraZeneca, Pfizer/BioNTech",5714223,4955112,10669335
2021-08-04,"Johnson&Johnson, Moderna, Oxford/AstraZeneca, Pfizer/BioNTech",5730297,4991769,10722066
2021-08-05,"Johnson&Johnson, Moderna, Oxford/AstraZeneca, Pfizer/BioNTech",5746302,5032162,10778464
2021-08-06,"Johnson&Johnson, Moderna, Oxford/AstraZeneca, Pfizer/BioNTech",5763071,5075368,10838439
2021-08-07,"Johnson&Johnson, Moderna, Oxford/AstraZeneca, Pfizer/BioNTech",5768652,5093498,10862150
2021-08-08,"Johnson&Johnson, Moderna, Oxford/AstraZeneca, Pfizer/BioNTech",5772998,5109221,10882219
2021-08-09,"Johnson&Johnson, Moderna, Oxford/AstraZeneca, Pfizer/BioNTech",5785627,5154215,10939842
2021-08-10,"Johnson&Johnson, Moderna, Oxford/AstraZeneca, Pfizer/BioNTech",5797449,5193726,10991175
2021-08-11,"Johnson&Johnson, Moderna, Oxford/AstraZeneca, Pfizer/BioNTech",5808796,5236801,11045597
2021-08-12,"Johnson&Johnson, Moderna, Oxford/AstraZeneca, Pfizer/BioNTech",5820197,5273868,11094065
2021-08-13,"Johnson&Johnson, Moderna, Oxford/AstraZeneca, Pfizer/BioNTech",5830896,5314134,11145030
2021-08-14,"Johnson&Johnson, Moderna, Oxford/AstraZeneca, Pfizer/BioNTech",5834230,5324810,11159040
2021-08-15,"Johnson&Johnson, Moderna, Oxford/AstraZeneca, Pfizer/BioNTech",5836804,5335162,11171966
2021-08-16,"Johnson&Johnson, Moderna, Oxford/AstraZeneca, Pfizer/BioNTech",5846572,5369178,11215750
2021-08-17,"Johnson&Johnson, Moderna, Oxford/AstraZeneca, Pfizer/BioNTech",5856157,5396226,11252383
2021-08-18,"Johnson&Johnson, Moderna, Oxford/AstraZeneca, Pfizer/BioNTech",5865521,5435050,11300571
2021-08-19,"Johnson&Johnson, Moderna, Oxford/AstraZeneca, Pfizer/BioNTech",5875179,5473357,11348536
2021-08-20,"Johnson&Johnson, Moderna, Oxford/AstraZeneca, Pfizer/BioNTech",5886519,5513502,11400021
2021-08-21,"Johnson&Johnson, Moderna, Oxford/AstraZeneca, Pfizer/BioNTech",5889229,5526233,11415462
2021-08-22,"Johnson&Johnson, Moderna, Oxford/AstraZeneca, Pfizer/BioNTech",5891566,5538182,11429748
2021-08-23,"Johnson&Johnson, Moderna, Oxford/AstraZeneca, Pfizer/BioNTech",5902090,5577393,11479483
2021-08-24,"Johnson&Johnson, Moderna, Oxford/AstraZeneca, Pfizer/BioNTech",5911946,5610597,11522543
2021-08-25,"Johnson&Johnson, Moderna, Oxford/AstraZeneca, Pfizer/BioNTech",5920796,5638921,11559717
2021-08-26,"Johnson&Johnson, Moderna, Oxford/AstraZeneca, Pfizer/BioNTech",5929233,5665009,11594242
2021-08-27,"Johnson&Johnson, Moderna, Oxford/AstraZeneca, Pfizer/BioNTech",5939539,5690916,11630455
2021-08-28,"Johnson&Johnson, Moderna, Oxford/AstraZeneca, Pfizer/BioNTech",5942254,5697938,11640192
2021-08-29,"Johnson&Johnson, Moderna, Oxford/AstraZeneca, Pfizer/BioNTech",5944655,5704545,11649200
2021-08-30,"Johnson&Johnson, Moderna, Oxford/AstraZeneca, Pfizer/BioNTech",5953170,5726378,11679548
2021-08-31,"Johnson&Johnson, Moderna, Oxford/AstraZeneca, Pfizer/BioNTech",5960819,5744427,11705246
2021-09-01,"Johnson&Johnson, Moderna, Oxford/AstraZeneca, Pfizer/BioNTech",5966697,5758396,11725093
2021-09-02,"Johnson&Johnson, Moderna, Oxford/AstraZeneca, Pfizer/BioNTech",5973509,5772751,11746260
2021-09-03,"Johnson&Johnson, Moderna, Oxford/AstraZeneca, Pfizer/BioNTech",5983051,5788426,11771477
2021-09-04,"Johnson&Johnson, Moderna, Oxford/AstraZeneca, Pfizer/BioNTech",5985109,5791969,11777078
2021-09-05,"Johnson&Johnson, Moderna, Oxford/AstraZeneca, Pfizer/BioNTech",5987140,5794801,11781941
2021-09-06,"Johnson&Johnson, Moderna, Oxford/AstraZeneca, Pfizer/BioNTech",5993333,5807293,11800626
2021-09-07,"Johnson&Johnson, Moderna, Oxford/AstraZeneca, Pfizer/BioNTech",5997689,5818368,11816057
2021-09-08,"Johnson&Johnson, Moderna, Oxford/AstraZeneca, Pfizer/BioNTech",6003336,5828190,11831526
2021-09-09,"Johnson&Johnson, Moderna, Oxford/AstraZeneca, Pfizer/BioNTech",6009981,5838234,11848215
2021-09-10,"Johnson&Johnson, Moderna, Oxford/AstraZeneca, Pfizer/BioNTech",6017627,5850387,11868014
2021-09-11,"Johnson&Johnson, Moderna, Oxford/AstraZeneca, Pfizer/BioNTech",6019485,5852856,11872341
2021-09-12,"Johnson&Johnson, Moderna, Oxford/AstraZeneca, Pfizer/BioNTech",6020597,5854476,11875073
2021-09-13,"Johnson&Johnson, Moderna, Oxford/AstraZeneca, Pfizer/BioNTech",6026010,5864728,11890738
2021-09-14,"Johnson&Johnson, Moderna, Oxford/AstraZeneca, Pfizer/BioNTech",6031378,5873721,11905099
2021-09-15,"Johnson&Johnson, Moderna, Oxford/AstraZeneca, Pfizer/BioNTech",6036560,5882228,11918788
2021-09-16,"Johnson&Johnson, Moderna, Oxford/AstraZeneca, Pfizer/BioNTech",6041840,5890476,11932316
2021-09-17,"Johnson&Johnson, Moderna, Oxford/AstraZeneca, Pfizer/BioNTech",6048382,5900672,11949054
2021-09-18,"Johnson&Johnson, Moderna, Oxford/AstraZeneca, Pfizer/BioNTech",6050104,5903017,11953121
2021-09-19,"Johnson&Johnson, Moderna, Oxford/AstraZeneca, Pfizer/BioNTech",6051043,5904580,11955623
2021-09-20,"Johnson&Johnson, Moderna, Oxford/AstraZeneca, Pfizer/BioNTech",6055034,5912761,11967795
2021-09-21,"Johnson&Johnson, Moderna, Oxford/AstraZeneca, Pfizer/BioNTech",6059212,5920282,11979494
2021-09-22,"Johnson&Johnson, Moderna, Oxford/AstraZeneca, Pfizer/BioNTech",6063374,5925786,11989160
2021-09-23,"Johnson&Johnson, Moderna, Oxford/AstraZeneca, Pfizer/BioNTech",6068338,5932185,12000523
2021-09-24,"Johnson&Johnson, Moderna, Oxford/AstraZeneca, Pfizer/BioNTech",6074081,5941787,12015868
2021-09-25,"Johnson&Johnson, Moderna, Pfizer/BioNTech",6075570,5943770,12019340
2021-09-26,"Johnson&Johnson, Moderna, Pfizer/BioNTech",6076308,5945394,12021702
2021-09-27,"Johnson&Johnson, Moderna, Oxford/AstraZeneca, Pfizer/BioNTech",6080166,5951870,12032036
2021-09-28,"Johnson&Johnson, Moderna, Pfizer/BioNTech",6080522,5952469,12032991
2021-09-29,"Johnson&Johnson, Moderna, Oxford/AstraZeneca, Pfizer/BioNTech",6084287,5959900,12044187
2021-09-30,"Johnson&Johnson, Moderna, Oxford/AstraZeneca, Pfizer/BioNTech",6088774,5967563,12056337
2021-10-01,"Johnson&Johnson, Moderna, Oxford/AstraZeneca, Pfizer/BioNTech",6093027,5975504,12068531
2021-10-02,"Johnson&Johnson, Moderna, Pfizer/BioNTech",6094070,5977033,12071103
2021-10-03,"Johnson&Johnson, Moderna, Pfizer/BioNTech",6094774,5977894,12072668
2021-10-04,"Johnson&Johnson, Moderna, Oxford/AstraZeneca, Pfizer/BioNTech",6097826,5983453,12081279
2021-10-05,"Johnson&Johnson, Moderna, Oxford/AstraZeneca, Pfizer/BioNTech",6100911,5988508,12089419
2021-10-06,"Johnson&Johnson, Moderna, Oxford/AstraZeneca, Pfizer/BioNTech",6104397,5993656,12098053
2021-10-07,"Johnson&Johnson, Moderna, Oxford/AstraZeneca, Pfizer/BioNTech",6107646,5998846,12106492
2021-10-08,"Johnson&Johnson, Moderna, Oxford/AstraZeneca, Pfizer/BioNTech",6112409,6005457,12117866
2021-10-09,"Johnson&Johnson, Moderna, Pfizer/BioNTech",6113640,6007102,12120742
2021-10-10,"Johnson&Johnson, Moderna, Oxford/AstraZeneca, Pfizer/BioNTech",6114578,6007929,12122507
2021-10-11,"Johnson&Johnson, Moderna, Oxford/AstraZeneca, Pfizer/BioNTech",6117480,6012313,12129793
2021-10-12,"Johnson&Johnson, Moderna, Oxford/AstraZeneca, Pfizer/BioNTech",6120284,6016254,12136538
2021-10-13,"Johnson&Johnson, Moderna, Oxford/AstraZeneca, Pfizer/BioNTech",6123727,6020415,12144142
2021-10-14,"Johnson&Johnson, Moderna, Oxford/AstraZeneca, Pfizer/BioNTech",6127318,6025349,12152667
2021-10-15,"Johnson&Johnson, Moderna, Oxford/AstraZeneca, Pfizer/BioNTech",6132435,6031477,12163912
2021-10-16,"Johnson&Johnson, Moderna, Oxford/AstraZeneca, Pfizer/BioNTech",6133804,6032990,12166794
2021-10-17,"Johnson&Johnson, Moderna, Pfizer/BioNTech",6135122,6034041,12169163
2021-10-18,"Johnson&Johnson, Moderna, Oxford/AstraZeneca, Pfizer/BioNTech",6139124,6038125,12177249
2021-10-19,"Johnson&Johnson, Moderna, Oxford/AstraZeneca, Pfizer/BioNTech",6142598,6040203,12182801
2021-10-20,"Johnson&Johnson, Moderna, Oxford/AstraZeneca, Pfizer/BioNTech",6147371,6044635,12192006
2021-10-21,"Johnson&Johnson, Moderna, Oxford/AstraZeneca, Pfizer/BioNTech",6154977,6050218,12205195
2021-10-22,"Johnson&Johnson, Moderna, Oxford/AstraZeneca, Pfizer/BioNTech",6165320,6056706,12222026
2021-10-23,"Johnson&Johnson, Moderna, Pfizer/BioNTech",6168969,6058904,12227873
2021-10-24,"Johnson&Johnson, Moderna, Pfizer/BioNTech",6171649,6060675,12232324
2021-10-25,"Johnson&Johnson, Moderna, Oxford/AstraZeneca, Pfizer/BioNTech",6181999,6066463,12248462
2021-10-26,"Johnson&Johnson, Moderna, Oxford/AstraZeneca, Pfizer/BioNTech",6193732,6072960,12266692
2021-10-27,"Johnson&Johnson, Moderna, Oxford/AstraZeneca, Pfizer/BioNTech",6208152,6080342,12288494
2021-10-28,"Johnson&Johnson, Moderna, Pfizer/BioNTech",6211494,6082005,12293499
2021-10-29,"Johnson&Johnson, Moderna, Oxford/AstraZeneca, Pfizer/BioNTech",6225796,6089947,12315743
2021-10-30,"Johnson&Johnson, Moderna, Pfizer/BioNTech",6230287,6092852,12323139
2021-10-31,"Johnson&Johnson, Moderna, Oxford/AstraZeneca, Pfizer/BioNTech",6234011,6095313,12329324
2021-11-01,"Johnson&Johnson, Moderna, Oxford/AstraZeneca, Pfizer/BioNTech",6248973,6102962,12351935
2021-11-02,"Johnson&Johnson, Moderna, Oxford/AstraZeneca, Pfizer/BioNTech",6264183,6110419,12374602
2021-11-03,"Johnson&Johnson, Moderna, Oxford/AstraZeneca, Pfizer/BioNTech",6281179,6117679,12398858
2021-11-04,"Johnson&Johnson, Moderna, Oxford/AstraZeneca, Pfizer/BioNTech",6299302,6125795,12425097
2021-11-05,"Johnson&Johnson, Moderna, Oxford/AstraZeneca, Pfizer/BioNTech",6321918,6137003,12458921
2021-11-06,"Johnson&Johnson, Moderna, Oxford/AstraZeneca, Pfizer/BioNTech",6328335,6140018,12468353
2021-11-07,"Johnson&Johnson, Moderna, Oxford/AstraZeneca, Pfizer/BioNTech",6332322,6142444,12474766
2021-11-08,"Johnson&Johnson, Moderna, Oxford/AstraZeneca, Pfizer/BioNTech",6348407,6150031,12498438
2021-11-09,"Johnson&Johnson, Moderna, Oxford/AstraZeneca, Pfizer/BioNTech",6362738,6156959,12519697
2021-11-10,"Johnson&Johnson, Moderna, Oxford/AstraZeneca, Pfizer/BioNTech",6378155,6164114,12542269
2021-11-11,"Johnson&Johnson, Moderna, Oxford/AstraZeneca, Pfizer/BioNTech",6393212,6172908,12566120
2021-11-12,"Johnson&Johnson, Moderna, Oxford/AstraZeneca, Pfizer/BioNTech",6412490,6185351,12597841
2021-11-13,"Johnson&Johnson, Moderna, Oxford/AstraZeneca, Pfizer/BioNTech",6417763,6189127,12606890
2021-11-14,"Johnson&Johnson, Moderna, Oxford/AstraZeneca, Pfizer/BioNTech",6421454,6191947,12613401
2021-11-15,"Johnson&Johnson, Moderna, Oxford/AstraZeneca, Pfizer/BioNTech",6435839,6201878,12637717
2021-11-16,"Johnson&Johnson, Moderna, Oxford/AstraZeneca, Pfizer/BioNTech",6452959,6213353,12666312
2021-11-17,"Johnson&Johnson, Moderna, Oxford/AstraZeneca, Pfizer/BioNTech",6456606,6216403,12673009
2021-11-18,"Johnson&Johnson, Moderna, Oxford/AstraZeneca, Pfizer/BioNTech",6475383,6227595,12702978
2021-11-19,"Johnson&Johnson, Moderna, Oxford/AstraZeneca, Pfizer/BioNTech",6498082,6242941,12741023
