date,vaccine,people_vaccinated,people_fully_vaccinated,total_vaccinations
2020-12-27,Pfizer/BioNTech,1273,0,1273
2020-12-28,Pfizer/BioNTech,3573,0,3573
2020-12-29,Pfizer/BioNTech,7028,0,7028
2020-12-30,Pfizer/BioNTech,10522,0,10522
2020-12-31,Pfizer/BioNTech,11828,0,11828
2021-01-01,"Moderna, Pfizer/BioNTech",12093,0,12093
2021-01-02,Pfizer/BioNTech,13366,0,13366
2021-01-03,Pfizer/BioNTech,14286,0,14286
2021-01-04,"Moderna, Pfizer/BioNTech",17878,0,17878
2021-01-05,"Moderna, Pfizer/BioNTech",22381,0,22381
2021-01-06,Pfizer/BioNTech,28222,0,28222
2021-01-07,"Moderna, Pfizer/BioNTech",36187,0,36187
2021-01-08,Pfizer/BioNTech,46163,0,46163
2021-01-09,"Moderna, Pfizer/BioNTech",48183,0,48183
2021-01-10,Pfizer/BioNTech,49941,2,49943
2021-01-11,Pfizer/BioNTech,59759,4,59763
2021-01-12,Pfizer/BioNTech,73162,6,73168
2021-01-13,Pfizer/BioNTech,86658,6,86664
2021-01-14,"Moderna, Pfizer/BioNTech",101851,8,101859
2021-01-15,"Moderna, Pfizer/BioNTech",115819,8,115827
2021-01-16,"Moderna, Pfizer/BioNTech",119197,10,119207
2021-01-17,"Moderna, Pfizer/BioNTech",121799,651,122450
2021-01-18,"Moderna, Pfizer/BioNTech",134271,2472,136743
2021-01-19,"Moderna, Pfizer/BioNTech",146828,5182,152010
2021-01-20,"Moderna, Pfizer/BioNTech",160459,7826,168285
2021-01-21,"Moderna, Pfizer/BioNTech",176063,9557,185620
2021-01-22,"Moderna, Pfizer/BioNTech",190888,10601,201489
2021-01-23,"Moderna, Pfizer/BioNTech",194182,11472,205654
2021-01-24,"Moderna, Pfizer/BioNTech",196427,12341,208768
2021-01-25,"Moderna, Pfizer/BioNTech",206047,15311,221358
2021-01-26,"Moderna, Pfizer/BioNTech",216565,19280,235845
2021-01-27,"Moderna, Pfizer/BioNTech",225577,23796,249373
2021-01-28,"Moderna, Pfizer/BioNTech",232644,29905,262549
2021-01-29,"Moderna, Pfizer/BioNTech",238840,37779,276619
2021-01-30,"Moderna, Pfizer/BioNTech",239571,38866,278437
2021-01-31,"Moderna, Pfizer/BioNTech",240278,40045,280323
2021-02-01,"Moderna, Pfizer/BioNTech",244241,47967,292208
2021-02-02,"Moderna, Pfizer/BioNTech",248367,58178,306545
2021-02-03,"Moderna, Pfizer/BioNTech",252770,69154,321924
2021-02-04,"Moderna, Pfizer/BioNTech",257660,82106,339766
2021-02-05,"Moderna, Pfizer/BioNTech",263105,92749,355854
2021-02-06,"Moderna, Pfizer/BioNTech",263946,95096,359042
2021-02-07,"Moderna, Pfizer/BioNTech",264794,97582,362376
2021-02-08,"Moderna, Oxford/AstraZeneca, Pfizer/BioNTech",268847,108963,377810
2021-02-09,"Moderna, Oxford/AstraZeneca, Pfizer/BioNTech",273921,120879,394800
2021-02-10,"Moderna, Pfizer/BioNTech",279411,134078,413489
2021-02-11,"Moderna, Oxford/AstraZeneca, Pfizer/BioNTech",285705,150244,435949
2021-02-12,"Moderna, Oxford/AstraZeneca, Pfizer/BioNTech",292437,164922,457359
2021-02-13,"Moderna, Oxford/AstraZeneca, Pfizer/BioNTech",294024,167900,461924
2021-02-14,"Moderna, Oxford/AstraZeneca, Pfizer/BioNTech",295015,169275,464290
2021-02-15,"Moderna, Oxford/AstraZeneca, Pfizer/BioNTech",301403,178602,480005
2021-02-16,"Moderna, Oxford/AstraZeneca, Pfizer/BioNTech",310104,187651,497755
2021-02-17,"Moderna, Oxford/AstraZeneca, Pfizer/BioNTech",319779,195925,515704
2021-02-18,"Moderna, Oxford/AstraZeneca, Pfizer/BioNTech",332070,203957,536027
2021-02-19,"Moderna, Oxford/AstraZeneca, Pfizer/BioNTech",343905,211273,555178
2021-02-20,"Moderna, Oxford/AstraZeneca, Pfizer/BioNTech",345884,212444,558328
2021-02-21,"Moderna, Oxford/AstraZeneca, Pfizer/BioNTech",346993,213458,560451
2021-02-22,"Moderna, Oxford/AstraZeneca, Pfizer/BioNTech",357090,219462,576552
2021-02-23,"Moderna, Oxford/AstraZeneca, Pfizer/BioNTech",369999,226414,596413
2021-02-24,"Moderna, Oxford/AstraZeneca, Pfizer/BioNTech",383846,232424,616270
2021-02-25,"Moderna, Oxford/AstraZeneca, Pfizer/BioNTech",401798,237955,639753
2021-02-26,"Moderna, Oxford/AstraZeneca, Pfizer/BioNTech",417940,243280,661220
2021-02-27,"Moderna, Oxford/AstraZeneca, Pfizer/BioNTech",420945,243830,664775
2021-02-28,"Moderna, Oxford/AstraZeneca, Pfizer/BioNTech",423287,244375,667662
2021-03-01,"Moderna, Oxford/AstraZeneca, Pfizer/BioNTech",442790,247794,690584
2021-03-02,"Moderna, Oxford/AstraZeneca, Pfizer/BioNTech",469967,251326,721293
2021-03-03,"Moderna, Oxford/AstraZeneca, Pfizer/BioNTech",500762,255811,756573
2021-03-04,"Moderna, Oxford/AstraZeneca, Pfizer/BioNTech",533925,260472,794397
2021-03-05,"Johnson&Johnson, Moderna, Oxford/AstraZeneca, Pfizer/BioNTech",562687,265860,828547
2021-03-06,"Johnson&Johnson, Moderna, Oxford/AstraZeneca, Pfizer/BioNTech",574809,266704,841513
2021-03-07,"Johnson&Johnson, Moderna, Oxford/AstraZeneca, Pfizer/BioNTech",586213,267536,853749
2021-03-08,"Johnson&Johnson, Moderna, Oxford/AstraZeneca, Pfizer/BioNTech",615835,272359,888194
2021-03-09,"Johnson&Johnson, Moderna, Oxford/AstraZeneca, Pfizer/BioNTech",652032,278713,930745
2021-03-10,"Moderna, Oxford/AstraZeneca, Pfizer/BioNTech",693196,285642,978838
2021-03-11,"Johnson&Johnson, Moderna, Oxford/AstraZeneca, Pfizer/BioNTech",737900,293986,1031886
2021-03-12,"Johnson&Johnson, Moderna, Oxford/AstraZeneca, Pfizer/BioNTech",776557,302430,1078987
2021-03-13,"Moderna, Oxford/AstraZeneca, Pfizer/BioNTech",793596,303716,1097312
2021-03-14,"Moderna, Oxford/AstraZeneca, Pfizer/BioNTech",805679,304851,1110530
2021-03-15,"Moderna, Oxford/AstraZeneca, Pfizer/BioNTech",833979,313611,1147590
2021-03-16,"Johnson&Johnson, Moderna, Oxford/AstraZeneca, Pfizer/BioNTech",872797,324112,1196909
2021-03-17,"Moderna, Oxford/AstraZeneca, Pfizer/BioNTech",910224,334586,1244810
2021-03-18,"Johnson&Johnson, Moderna, Oxford/AstraZeneca, Pfizer/BioNTech",948093,346974,1295067
2021-03-19,"Moderna, Oxford/AstraZeneca, Pfizer/BioNTech",982454,360556,1343010
2021-03-20,"Johnson&Johnson, Moderna, Oxford/AstraZeneca, Pfizer/BioNTech",997559,362571,1360130
2021-03-21,"Johnson&Johnson, Moderna, Oxford/AstraZeneca, Pfizer/BioNTech",1004946,364115,1369061
2021-03-22,"Johnson&Johnson, Moderna, Oxford/AstraZeneca, Pfizer/BioNTech",1029380,376575,1405955
2021-03-23,"Johnson&Johnson, Moderna, Oxford/AstraZeneca, Pfizer/BioNTech",1055931,389897,1445828
2021-03-24,"Johnson&Johnson, Moderna, Oxford/AstraZeneca, Pfizer/BioNTech",1082747,405595,1488342
2021-03-25,"Moderna, Oxford/AstraZeneca, Pfizer/BioNTech",1109023,423413,1532436
2021-03-26,"Moderna, Oxford/AstraZeneca, Pfizer/BioNTech",1133776,440875,1574651
2021-03-27,"Johnson&Johnson, Moderna, Oxford/AstraZeneca, Pfizer/BioNTech",1142190,445704,1587894
2021-03-28,"Moderna, Oxford/AstraZeneca, Pfizer/BioNTech",1147716,449834,1597550
2021-03-29,"Johnson&Johnson, Moderna, Oxford/AstraZeneca, Pfizer/BioNTech",1166749,470486,1637235
2021-03-30,"Johnson&Johnson, Moderna, Oxford/AstraZeneca, Pfizer/BioNTech",1191374,492609,1683983
2021-03-31,"Johnson&Johnson, Moderna, Oxford/AstraZeneca, Pfizer/BioNTech",1214392,519634,1734026
2021-04-01,"Johnson&Johnson, Moderna, Oxford/AstraZeneca, Pfizer/BioNTech",1239932,551605,1791537
2021-04-02,"Johnson&Johnson, Moderna, Oxford/AstraZeneca, Pfizer/BioNTech",1246800,564379,1811179
2021-04-03,"Johnson&Johnson, Moderna, Oxford/AstraZeneca, Pfizer/BioNTech",1250387,575282,1825669
2021-04-04,"Johnson&Johnson, Moderna, Oxford/AstraZeneca, Pfizer/BioNTech",1252861,584081,1836942
2021-04-05,"Johnson&Johnson, Moderna, Oxford/AstraZeneca, Pfizer/BioNTech",1255221,591245,1846466
2021-04-06,"Johnson&Johnson, Moderna, Oxford/AstraZeneca, Pfizer/BioNTech",1271290,620442,1891732
2021-04-07,"Johnson&Johnson, Moderna, Oxford/AstraZeneca, Pfizer/BioNTech",1294640,642572,1937212
2021-04-08,"Johnson&Johnson, Moderna, Oxford/AstraZeneca, Pfizer/BioNTech",1333182,673463,2006645
2021-04-09,"Johnson&Johnson, Moderna, Oxford/AstraZeneca, Pfizer/BioNTech",1372527,703499,2076026
2021-04-10,"Johnson&Johnson, Moderna, Oxford/AstraZeneca, Pfizer/BioNTech",1387956,718770,2106726
2021-04-11,"Johnson&Johnson, Moderna, Oxford/AstraZeneca, Pfizer/BioNTech",1397696,728780,2126476
2021-04-12,"Johnson&Johnson, Moderna, Oxford/AstraZeneca, Pfizer/BioNTech",1435805,753790,2189595
2021-04-13,"Moderna, Oxford/AstraZeneca, Pfizer/BioNTech",1471964,779736,2251700
2021-04-14,"Moderna, Oxford/AstraZeneca, Pfizer/BioNTech",1510695,807059,2317754
2021-04-15,"Moderna, Oxford/AstraZeneca, Pfizer/BioNTech",1558391,832731,2391122
2021-04-16,"Moderna, Oxford/AstraZeneca, Pfizer/BioNTech",1602945,858323,2461268
2021-04-17,"Moderna, Oxford/AstraZeneca, Pfizer/BioNTech",1619572,867330,2486902
2021-04-18,"Moderna, Oxford/AstraZeneca, Pfizer/BioNTech",1632517,872301,2504818
2021-04-19,"Moderna, Oxford/AstraZeneca, Pfizer/BioNTech",1676445,887691,2564136
2021-04-20,"Johnson&Johnson, Moderna, Oxford/AstraZeneca, Pfizer/BioNTech",1718561,903509,2622070
2021-04-21,"Moderna, Oxford/AstraZeneca, Pfizer/BioNTech",1766251,917769,2684020
2021-04-22,"Johnson&Johnson, Moderna, Oxford/AstraZeneca, Pfizer/BioNTech",1820682,935114,2755796
2021-04-23,"Johnson&Johnson, Moderna, Oxford/AstraZeneca, Pfizer/BioNTech",1870593,947095,2817688
2021-04-24,"Johnson&Johnson, Moderna, Oxford/AstraZeneca, Pfizer/BioNTech",1888394,952318,2840712
2021-04-25,"Johnson&Johnson, Moderna, Oxford/AstraZeneca, Pfizer/BioNTech",1903054,956299,2859353
2021-04-26,"Johnson&Johnson, Moderna, Oxford/AstraZeneca, Pfizer/BioNTech",1952611,963827,2916438
2021-04-27,"Johnson&Johnson, Moderna, Oxford/AstraZeneca, Pfizer/BioNTech",2001549,975991,2977540
2021-04-28,"Johnson&Johnson, Moderna, Oxford/AstraZeneca, Pfizer/BioNTech",2060266,989938,3050204
2021-04-29,"Johnson&Johnson, Moderna, Oxford/AstraZeneca, Pfizer/BioNTech",2125779,1005750,3131529
2021-04-30,"Johnson&Johnson, Moderna, Oxford/AstraZeneca, Pfizer/BioNTech",2187945,1015659,3203604
2021-05-01,"Johnson&Johnson, Moderna, Oxford/AstraZeneca, Pfizer/BioNTech",2207232,1019073,3226305
2021-05-02,"Johnson&Johnson, Moderna, Oxford/AstraZeneca, Pfizer/BioNTech",2226115,1021321,3247436
2021-05-03,"Johnson&Johnson, Moderna, Oxford/AstraZeneca, Pfizer/BioNTech",2293321,1026363,3319684
2021-05-04,"Johnson&Johnson, Moderna, Oxford/AstraZeneca, Pfizer/BioNTech",2359755,1034642,3394397
2021-05-05,"Johnson&Johnson, Moderna, Oxford/AstraZeneca, Pfizer/BioNTech",2432861,1043985,3476846
2021-05-06,"Johnson&Johnson, Moderna, Oxford/AstraZeneca, Pfizer/BioNTech",2513208,1054601,3567809
2021-05-07,"Johnson&Johnson, Moderna, Oxford/AstraZeneca, Pfizer/BioNTech",2590457,1064606,3655063
2021-05-08,"Johnson&Johnson, Moderna, Oxford/AstraZeneca, Pfizer/BioNTech",2619852,1066326,3686178
2021-05-09,"Johnson&Johnson, Moderna, Oxford/AstraZeneca, Pfizer/BioNTech",2644015,1067511,3711526
2021-05-10,"Johnson&Johnson, Moderna, Oxford/AstraZeneca, Pfizer/BioNTech",2716724,1074652,3791376
2021-05-11,"Johnson&Johnson, Moderna, Oxford/AstraZeneca, Pfizer/BioNTech",2792780,1083410,3876190
2021-05-12,"Johnson&Johnson, Moderna, Oxford/AstraZeneca, Pfizer/BioNTech",2872585,1092438,3965023
2021-05-13,"Johnson&Johnson, Moderna, Oxford/AstraZeneca, Pfizer/BioNTech",2956558,1101549,4058107
2021-05-14,"Johnson&Johnson, Moderna, Oxford/AstraZeneca, Pfizer/BioNTech",3035921,1109276,4145197
2021-05-15,"Johnson&Johnson, Moderna, Oxford/AstraZeneca, Pfizer/BioNTech",3067746,1111457,4179203
2021-05-16,"Johnson&Johnson, Moderna, Oxford/AstraZeneca, Pfizer/BioNTech",3093487,1112668,4206155
2021-05-17,"Johnson&Johnson, Moderna, Oxford/AstraZeneca, Pfizer/BioNTech",3165962,1119338,4285300
2021-05-18,"Johnson&Johnson, Moderna, Oxford/AstraZeneca, Pfizer/BioNTech",3237859,1132312,4370171
2021-05-19,"Johnson&Johnson, Moderna, Oxford/AstraZeneca, Pfizer/BioNTech",3315276,1147378,4462654
2021-05-20,"Johnson&Johnson, Moderna, Oxford/AstraZeneca, Pfizer/BioNTech",3390670,1174303,4564973
2021-05-21,"Johnson&Johnson, Moderna, Oxford/AstraZeneca, Pfizer/BioNTech",3459408,1201952,4661360
2021-05-22,"Johnson&Johnson, Moderna, Oxford/AstraZeneca, Pfizer/BioNTech",3491732,1213072,4704804
2021-05-23,"Johnson&Johnson, Moderna, Oxford/AstraZeneca, Pfizer/BioNTech",3514031,1222042,4736073
2021-05-24,"Johnson&Johnson, Moderna, Oxford/AstraZeneca, Pfizer/BioNTech",3561092,1255557,4816649
2021-05-25,"Johnson&Johnson, Moderna, Oxford/AstraZeneca, Pfizer/BioNTech",3612903,1291221,4904124
2021-05-26,"Johnson&Johnson, Moderna, Oxford/AstraZeneca, Pfizer/BioNTech",3680606,1328642,5009248
2021-05-27,"Johnson&Johnson, Moderna, Oxford/AstraZeneca, Pfizer/BioNTech",3741947,1375887,5117834
2021-05-28,"Johnson&Johnson, Moderna, Oxford/AstraZeneca, Pfizer/BioNTech",3803600,1422325,5225925
2021-05-29,"Johnson&Johnson, Moderna, Oxford/AstraZeneca, Pfizer/BioNTech",3832736,1439378,5272114
2021-05-30,"Johnson&Johnson, Moderna, Oxford/AstraZeneca, Pfizer/BioNTech",3855068,1453773,5308841
2021-05-31,"Johnson&Johnson, Moderna, Oxford/AstraZeneca, Pfizer/BioNTech",3910766,1501189,5411955
2021-06-01,"Johnson&Johnson, Moderna, Oxford/AstraZeneca, Pfizer/BioNTech",3969758,1549530,5519288
2021-06-02,"Johnson&Johnson, Moderna, Oxford/AstraZeneca, Pfizer/BioNTech",4032597,1603418,5636015
2021-06-03,"Johnson&Johnson, Moderna, Oxford/AstraZeneca, Pfizer/BioNTech",4090801,1663530,5754331
2021-06-04,"Johnson&Johnson, Moderna, Oxford/AstraZeneca, Pfizer/BioNTech",4153859,1720829,5874688
2021-06-05,"Johnson&Johnson, Moderna, Oxford/AstraZeneca, Pfizer/BioNTech",4187987,1739592,5927579
2021-06-06,"Johnson&Johnson, Moderna, Oxford/AstraZeneca, Pfizer/BioNTech",4214884,1754672,5969556
2021-06-07,"Johnson&Johnson, Moderna, Oxford/AstraZeneca, Pfizer/BioNTech",4278544,1810221,6088765
2021-06-08,"Johnson&Johnson, Moderna, Oxford/AstraZeneca, Pfizer/BioNTech",4342488,1865108,6207596
2021-06-09,"Johnson&Johnson, Moderna, Oxford/AstraZeneca, Pfizer/BioNTech",4401613,1929440,6331053
2021-06-10,"Johnson&Johnson, Moderna, Oxford/AstraZeneca, Pfizer/BioNTech",4455426,2000432,6455858
2021-06-11,"Johnson&Johnson, Moderna, Oxford/AstraZeneca, Pfizer/BioNTech",4507487,2070028,6577515
2021-06-12,"Johnson&Johnson, Moderna, Oxford/AstraZeneca, Pfizer/BioNTech",4539458,2090745,6630203
2021-06-13,"Johnson&Johnson, Moderna, Oxford/AstraZeneca, Pfizer/BioNTech",4563455,2109088,6672543
2021-06-14,"Johnson&Johnson, Moderna, Oxford/AstraZeneca, Pfizer/BioNTech",4606424,2183347,6789771
2021-06-15,"Johnson&Johnson, Moderna, Oxford/AstraZeneca, Pfizer/BioNTech",4651030,2255559,6906589
2021-06-16,"Johnson&Johnson, Moderna, Oxford/AstraZeneca, Pfizer/BioNTech",4693740,2333644,7027384
2021-06-17,"Johnson&Johnson, Moderna, Oxford/AstraZeneca, Pfizer/BioNTech",4733094,2416582,7149676
2021-06-18,"Johnson&Johnson, Moderna, Oxford/AstraZeneca, Pfizer/BioNTech",4775442,2496945,7272387
2021-06-19,"Johnson&Johnson, Moderna, Oxford/AstraZeneca, Pfizer/BioNTech",4797160,2526152,7323312
2021-06-20,"Johnson&Johnson, Moderna, Oxford/AstraZeneca, Pfizer/BioNTech",4814516,2549900,7364416
2021-06-21,"Johnson&Johnson, Moderna, Oxford/AstraZeneca, Pfizer/BioNTech",4847002,2628336,7475338
2021-06-22,"Johnson&Johnson, Moderna, Oxford/AstraZeneca, Pfizer/BioNTech",4879935,2710452,7590387
2021-06-23,"Johnson&Johnson, Moderna, Oxford/AstraZeneca, Pfizer/BioNTech",4911567,2795555,7707122
2021-06-24,"Johnson&Johnson, Moderna, Oxford/AstraZeneca, Pfizer/BioNTech",4941382,2885472,7826854
2021-06-25,"Johnson&Johnson, Moderna, Oxford/AstraZeneca, Pfizer/BioNTech",4972398,2971459,7943857
2021-06-26,"Johnson&Johnson, Moderna, Oxford/AstraZeneca, Pfizer/BioNTech",4988239,3006182,7994421
2021-06-27,"Johnson&Johnson, Moderna, Oxford/AstraZeneca, Pfizer/BioNTech",5002179,3032752,8034931
2021-06-28,"Johnson&Johnson, Moderna, Oxford/AstraZeneca, Pfizer/BioNTech",5030576,3117825,8148401
2021-06-29,"Johnson&Johnson, Moderna, Oxford/AstraZeneca, Pfizer/BioNTech",5059804,3204195,8263999
2021-06-30,"Johnson&Johnson, Moderna, Oxford/AstraZeneca, Pfizer/BioNTech",5087287,3295025,8382312
2021-07-01,"Johnson&Johnson, Moderna, Oxford/AstraZeneca, Pfizer/BioNTech",5111205,3384916,8496121
2021-07-02,"Johnson&Johnson, Moderna, Oxford/AstraZeneca, Pfizer/BioNTech",5137900,3470606,8608506
2021-07-03,"Johnson&Johnson, Moderna, Oxford/AstraZeneca, Pfizer/BioNTech",5144968,3502041,8647009
2021-07-04,"Johnson&Johnson, Moderna, Oxford/AstraZeneca, Pfizer/BioNTech",5152499,3523791,8676290
2021-07-05,"Johnson&Johnson, Moderna, Oxford/AstraZeneca, Pfizer/BioNTech",5159839,3549089,8708928
2021-07-06,"Johnson&Johnson, Moderna, Oxford/AstraZeneca, Pfizer/BioNTech",5165226,3576639,8741865
2021-07-07,"Johnson&Johnson, Moderna, Oxford/AstraZeneca, Pfizer/BioNTech",5190983,3655479,8846462
2021-07-08,"Johnson&Johnson, Moderna, Oxford/AstraZeneca, Pfizer/BioNTech",5217526,3725678,8943204
2021-07-09,"Johnson&Johnson, Moderna, Oxford/AstraZeneca, Pfizer/BioNTech",5245369,3794824,9040193
2021-07-10,"Johnson&Johnson, Moderna, Oxford/AstraZeneca, Pfizer/BioNTech",5254689,3823372,9078061
2021-07-11,"Johnson&Johnson, Moderna, Oxford/AstraZeneca, Pfizer/BioNTech",5263194,3846207,9109401
2021-07-12,"Johnson&Johnson, Moderna, Oxford/AstraZeneca, Pfizer/BioNTech",5290699,3915209,9205908
2021-07-13,"Johnson&Johnson, Moderna, Oxford/AstraZeneca, Pfizer/BioNTech",5316868,3984978,9301846
2021-07-14,"Johnson&Johnson, Moderna, Oxford/AstraZeneca, Pfizer/BioNTech",5342687,4056882,9399569
2021-07-15,"Johnson&Johnson, Moderna, Oxford/AstraZeneca, Pfizer/BioNTech",5371873,4122769,9494642
2021-07-16,"Johnson&Johnson, Moderna, Oxford/AstraZeneca, Pfizer/BioNTech",5399765,4195355,9595120
2021-07-17,"Johnson&Johnson, Moderna, Oxford/AstraZeneca, Pfizer/BioNTech",5408506,4226728,9635234
2021-07-18,"Johnson&Johnson, Moderna, Oxford/AstraZeneca, Pfizer/BioNTech",5416933,4252685,9669618
2021-07-19,"Johnson&Johnson, Moderna, Oxford/AstraZeneca, Pfizer/BioNTech",5440236,4319613,9759849
2021-07-20,"Johnson&Johnson, Moderna, Oxford/AstraZeneca, Pfizer/BioNTech",5461579,4386555,9848134
2021-07-21,"Johnson&Johnson, Moderna, Oxford/AstraZeneca, Pfizer/BioNTech",5484962,4449895,9934857
2021-07-22,"Johnson&Johnson, Moderna, Oxford/AstraZeneca, Pfizer/BioNTech",5507254,4508397,10015651
2021-07-23,"Johnson&Johnson, Moderna, Oxford/AstraZeneca, Pfizer/BioNTech",5530391,4563007,10093398
2021-07-24,"Johnson&Johnson, Moderna, Oxford/AstraZeneca, Pfizer/BioNTech",5537676,4590587,10128263
2021-07-25,"Johnson&Johnson, Moderna, Oxford/AstraZeneca, Pfizer/BioNTech",5544265,4612568,10156833
2021-07-26,"Johnson&Johnson, Moderna, Oxford/AstraZeneca, Pfizer/BioNTech",5567746,4661019,10228765
2021-07-27,"Johnson&Johnson, Moderna, Oxford/AstraZeneca, Pfizer/BioNTech",5590374,4707531,10297905
2021-07-28,"Johnson&Johnson, Moderna, Oxford/AstraZeneca, Pfizer/BioNTech",5611534,4753387,10364921
2021-07-29,"Johnson&Johnson, Moderna, Oxford/AstraZeneca, Pfizer/BioNTech",5632728,4795208,10427936
2021-07-30,"Johnson&Johnson, Moderna, Oxford/AstraZeneca, Pfizer/BioNTech",5655933,4837649,10493582
2021-07-31,"Johnson&Johnson, Moderna, Oxford/AstraZeneca, Pfizer/BioNTech",5664838,4857126,10521964
2021-08-01,"Johnson&Johnson, Moderna, Oxford/AstraZeneca, Pfizer/BioNTech",5671536,4873251,10544787
2021-08-02,"Johnson&Johnson, Moderna, Oxford/AstraZeneca, Pfizer/BioNTech",5690097,4910703,10600800
2021-08-03,"Johnson&Johnson, Moderna, Oxford/AstraZeneca, Pfizer/BioNTech",5707664,4948714,10656378
2021-08-04,"Johnson&Johnson, Moderna, Oxford/AstraZeneca, Pfizer/BioNTech",5723675,4985336,10709011
2021-08-05,"Johnson&Johnson, Moderna, Oxford/AstraZeneca, Pfizer/BioNTech",5739517,5025698,10765215
2021-08-06,"Johnson&Johnson, Moderna, Oxford/AstraZeneca, Pfizer/BioNTech",5756143,5068851,10824994
2021-08-07,"Johnson&Johnson, Moderna, Oxford/AstraZeneca, Pfizer/BioNTech",5761665,5086957,10848622
2021-08-08,"Johnson&Johnson, Moderna, Oxford/AstraZeneca, Pfizer/BioNTech",5765859,5102657,10868516
2021-08-09,"Johnson&Johnson, Moderna, Oxford/AstraZeneca, Pfizer/BioNTech",5778308,5147628,10925936
2021-08-10,"Johnson&Johnson, Moderna, Oxford/AstraZeneca, Pfizer/BioNTech",5790027,5187097,10977124
2021-08-11,"Johnson&Johnson, Moderna, Oxford/AstraZeneca, Pfizer/BioNTech",5801276,5230140,11031416
2021-08-12,"Johnson&Johnson, Moderna, Oxford/AstraZeneca, Pfizer/BioNTech",5812567,5267129,11079696
2021-08-13,"Johnson&Johnson, Moderna, Oxford/AstraZeneca, Pfizer/BioNTech",5823174,5307346,11130520
2021-08-14,"Johnson&Johnson, Moderna, Oxford/AstraZeneca, Pfizer/BioNTech",5826497,5318004,11144501
2021-08-15,"Johnson&Johnson, Moderna, Oxford/AstraZeneca, Pfizer/BioNTech",5829064,5328348,11157412
2021-08-16,"Johnson&Johnson, Moderna, Oxford/AstraZeneca, Pfizer/BioNTech",5838803,5362326,11201129
2021-08-17,"Johnson&Johnson, Moderna, Oxford/AstraZeneca, Pfizer/BioNTech",5848270,5389337,11237607
2021-08-18,"Johnson&Johnson, Moderna, Oxford/AstraZeneca, Pfizer/BioNTech",5857536,5428094,11285630
2021-08-19,"Johnson&Johnson, Moderna, Oxford/AstraZeneca, Pfizer/BioNTech",5867110,5466358,11333468
2021-08-20,"Johnson&Johnson, Moderna, Oxford/AstraZeneca, Pfizer/BioNTech",5878373,5506452,11384825
2021-08-21,"Johnson&Johnson, Moderna, Oxford/AstraZeneca, Pfizer/BioNTech",5881060,5519175,11400235
2021-08-22,"Johnson&Johnson, Moderna, Oxford/AstraZeneca, Pfizer/BioNTech",5883339,5531108,11414447
2021-08-23,"Johnson&Johnson, Moderna, Oxford/AstraZeneca, Pfizer/BioNTech",5893723,5570250,11463973
2021-08-24,"Johnson&Johnson, Moderna, Oxford/AstraZeneca, Pfizer/BioNTech",5903464,5603421,11506885
2021-08-25,"Johnson&Johnson, Moderna, Oxford/AstraZeneca, Pfizer/BioNTech",5912153,5631501,11543654
2021-08-26,"Johnson&Johnson, Moderna, Oxford/AstraZeneca, Pfizer/BioNTech",5920425,5657347,11577772
2021-08-27,"Johnson&Johnson, Moderna, Oxford/AstraZeneca, Pfizer/BioNTech",5930561,5683042,11613603
2021-08-28,"Johnson&Johnson, Moderna, Oxford/AstraZeneca, Pfizer/BioNTech",5933211,5689988,11623199
2021-08-29,"Johnson&Johnson, Moderna, Oxford/AstraZeneca, Pfizer/BioNTech",5935506,5696375,11631881
2021-08-30,"Johnson&Johnson, Moderna, Oxford/AstraZeneca, Pfizer/BioNTech",5943834,5717936,11661770
2021-08-31,"Johnson&Johnson, Moderna, Oxford/AstraZeneca, Pfizer/BioNTech",5951319,5735797,11687116
2021-09-01,"Johnson&Johnson, Moderna, Oxford/AstraZeneca, Pfizer/BioNTech",5957036,5749582,11706618
2021-09-02,"Johnson&Johnson, Moderna, Oxford/AstraZeneca, Pfizer/BioNTech",5963672,5763623,11727295
2021-09-03,"Johnson&Johnson, Moderna, Oxford/AstraZeneca, Pfizer/BioNTech",5972931,5779114,11752045
2021-09-04,"Johnson&Johnson, Moderna, Oxford/AstraZeneca, Pfizer/BioNTech",5974869,5782569,11757438
2021-09-05,"Johnson&Johnson, Moderna, Pfizer/BioNTech",5976720,5785294,11762014
2021-09-06,"Johnson&Johnson, Moderna, Oxford/AstraZeneca, Pfizer/BioNTech",5982601,5797590,11780191
2021-09-07,"Johnson&Johnson, Moderna, Oxford/AstraZeneca, Pfizer/BioNTech",5986835,5808526,11795361
2021-09-08,"Johnson&Johnson, Moderna, Oxford/AstraZeneca, Pfizer/BioNTech",5992354,5818291,11810645
2021-09-09,"Johnson&Johnson, Moderna, Oxford/AstraZeneca, Pfizer/BioNTech",5998825,5828128,11826953
2021-09-10,"Johnson&Johnson, Moderna, Oxford/AstraZeneca, Pfizer/BioNTech",6006242,5840123,11846365
2021-09-11,"Johnson&Johnson, Moderna, Pfizer/BioNTech",6007920,5842510,11850430
2021-09-12,"Johnson&Johnson, Moderna, Oxford/AstraZeneca, Pfizer/BioNTech",6008953,5844029,11852982
2021-09-13,"Johnson&Johnson, Moderna, Oxford/AstraZeneca, Pfizer/BioNTech",6014133,5854095,11868228
2021-09-14,"Johnson&Johnson, Moderna, Oxford/AstraZeneca, Pfizer/BioNTech",6019296,5862839,11882135
2021-09-15,"Johnson&Johnson, Moderna, Oxford/AstraZeneca, Pfizer/BioNTech",6024123,5871047,11895170
2021-09-16,"Johnson&Johnson, Moderna, Oxford/AstraZeneca, Pfizer/BioNTech",6028517,5878531,11907048
