date,vaccine,people_vaccinated,people_fully_vaccinated,total_vaccinations
2020-12-27,Pfizer/BioNTech,1252,0,1252
2020-12-28,Pfizer/BioNTech,3548,0,3548
2020-12-29,Pfizer/BioNTech,6994,0,6994
2020-12-30,Pfizer/BioNTech,10469,0,10469
2020-12-31,Pfizer/BioNTech,11775,0,11775
2021-01-01,Pfizer/BioNTech,12036,0,12036
2021-01-02,Pfizer/BioNTech,13303,0,13303
2021-01-03,Pfizer/BioNTech,14218,0,14218
2021-01-04,Pfizer/BioNTech,17789,0,17789
2021-01-05,Pfizer/BioNTech,22281,0,22281
2021-01-06,Pfizer/BioNTech,28097,0,28097
2021-01-07,Pfizer/BioNTech,36040,0,36040
2021-01-08,Pfizer/BioNTech,45971,0,45971
2021-01-09,Pfizer/BioNTech,47984,0,47984
2021-01-10,Pfizer/BioNTech,49735,0,49735
2021-01-11,Pfizer/BioNTech,59524,0,59524
2021-01-12,Pfizer/BioNTech,72880,0,72880
2021-01-13,Pfizer/BioNTech,86357,0,86357
2021-01-14,"Moderna, Pfizer/BioNTech",101514,0,101514
2021-01-15,"Moderna, Pfizer/BioNTech",115454,0,115454
2021-01-16,"Moderna, Pfizer/BioNTech",118827,2,118829
2021-01-17,"Moderna, Pfizer/BioNTech",121424,635,122059
2021-01-18,"Moderna, Pfizer/BioNTech",133873,2445,136318
2021-01-19,"Moderna, Pfizer/BioNTech",146379,5144,151523
2021-01-20,"Moderna, Pfizer/BioNTech",159988,7771,167759
2021-01-21,"Moderna, Pfizer/BioNTech",175541,9489,185030
2021-01-22,"Moderna, Pfizer/BioNTech",190337,10524,200861
2021-01-23,"Moderna, Pfizer/BioNTech",193616,11390,205006
2021-01-24,"Moderna, Pfizer/BioNTech",195859,12253,208112
2021-01-25,"Moderna, Pfizer/BioNTech",205453,15203,220656
2021-01-26,"Moderna, Pfizer/BioNTech",215946,19159,235105
2021-01-27,"Moderna, Pfizer/BioNTech",224933,23651,248584
2021-01-28,"Moderna, Pfizer/BioNTech",231961,29735,261696
2021-01-29,"Moderna, Pfizer/BioNTech",238135,37544,275679
2021-01-30,"Moderna, Pfizer/BioNTech",238853,38626,277479
2021-01-31,Pfizer/BioNTech,239555,39796,279351
2021-02-01,"Moderna, Pfizer/BioNTech",243499,47676,291175
2021-02-02,"Moderna, Pfizer/BioNTech",247616,57840,305456
2021-02-03,"Moderna, Pfizer/BioNTech",252000,68789,320789
2021-02-04,"Moderna, Pfizer/BioNTech",256876,81700,338576
2021-02-05,"Moderna, Pfizer/BioNTech",262313,92318,354631
2021-02-06,"Moderna, Pfizer/BioNTech",263149,94652,357801
2021-02-07,"Moderna, Pfizer/BioNTech",263994,97128,361122
2021-02-08,"Moderna, Pfizer/BioNTech",268010,108476,376486
2021-02-09,"Moderna, Oxford/AstraZeneca, Pfizer/BioNTech",273073,120371,393444
2021-02-10,"Moderna, Pfizer/BioNTech",278536,133542,412078
2021-02-11,"Moderna, Oxford/AstraZeneca, Pfizer/BioNTech",284813,149651,434464
2021-02-12,"Moderna, Oxford/AstraZeneca, Pfizer/BioNTech",291513,164288,455801
2021-02-13,"Moderna, Oxford/AstraZeneca, Pfizer/BioNTech",293088,167258,460346
2021-02-14,"Moderna, Oxford/AstraZeneca, Pfizer/BioNTech",294076,168624,462700
2021-02-15,"Moderna, Oxford/AstraZeneca, Pfizer/BioNTech",300418,177927,478345
2021-02-16,"Moderna, Oxford/AstraZeneca, Pfizer/BioNTech",309033,186940,495973
2021-02-17,"Moderna, Oxford/AstraZeneca, Pfizer/BioNTech",318692,195184,513876
2021-02-18,"Moderna, Oxford/AstraZeneca, Pfizer/BioNTech",330954,203166,534120
2021-02-19,"Moderna, Oxford/AstraZeneca, Pfizer/BioNTech",342711,210453,553164
2021-02-20,"Moderna, Oxford/AstraZeneca, Pfizer/BioNTech",344639,211615,556254
2021-02-21,"Moderna, Oxford/AstraZeneca, Pfizer/BioNTech",345661,212621,558282
2021-02-22,"Moderna, Oxford/AstraZeneca, Pfizer/BioNTech",355731,218608,574339
2021-02-23,"Moderna, Oxford/AstraZeneca, Pfizer/BioNTech",368577,225540,594117
2021-02-24,"Moderna, Oxford/AstraZeneca, Pfizer/BioNTech",382346,231533,613879
2021-02-25,"Moderna, Oxford/AstraZeneca, Pfizer/BioNTech",400235,237046,637281
2021-02-26,"Moderna, Oxford/AstraZeneca, Pfizer/BioNTech",416296,242359,658655
2021-02-27,"Moderna, Oxford/AstraZeneca, Pfizer/BioNTech",419227,242907,662134
2021-02-28,"Moderna, Oxford/AstraZeneca, Pfizer/BioNTech",421559,243454,665013
2021-03-01,"Moderna, Oxford/AstraZeneca, Pfizer/BioNTech",440852,246841,687693
2021-03-02,"Moderna, Oxford/AstraZeneca, Pfizer/BioNTech",467903,250364,718267
2021-03-03,"Moderna, Oxford/AstraZeneca, Pfizer/BioNTech",498417,254833,753250
2021-03-04,"Moderna, Oxford/AstraZeneca, Pfizer/BioNTech",531403,259481,790884
2021-03-05,"Moderna, Oxford/AstraZeneca, Pfizer/BioNTech",559938,264840,824778
2021-03-06,"Moderna, Oxford/AstraZeneca, Pfizer/BioNTech",571904,265676,837580
2021-03-07,"Moderna, Oxford/AstraZeneca, Pfizer/BioNTech",583258,266504,849762
2021-03-08,"Moderna, Oxford/AstraZeneca, Pfizer/BioNTech",612757,271312,884069
2021-03-09,"Moderna, Oxford/AstraZeneca, Pfizer/BioNTech",648762,277641,926403
2021-03-10,"Moderna, Oxford/AstraZeneca, Pfizer/BioNTech",689673,284549,974222
2021-03-11,"Moderna, Oxford/AstraZeneca, Pfizer/BioNTech",734066,292860,1026926
2021-03-12,"Moderna, Oxford/AstraZeneca, Pfizer/BioNTech",772439,301255,1073694
2021-03-13,"Moderna, Oxford/AstraZeneca, Pfizer/BioNTech",789402,302538,1091940
2021-03-14,"Moderna, Oxford/AstraZeneca, Pfizer/BioNTech",801430,303663,1105093
2021-03-15,"Moderna, Oxford/AstraZeneca, Pfizer/BioNTech",829497,312407,1141904
2021-03-16,"Moderna, Oxford/AstraZeneca, Pfizer/BioNTech",868065,322866,1190931
2021-03-17,"Moderna, Oxford/AstraZeneca, Pfizer/BioNTech",905223,333308,1238531
2021-03-18,"Moderna, Oxford/AstraZeneca, Pfizer/BioNTech",942774,345661,1288435
2021-03-19,"Moderna, Oxford/AstraZeneca, Pfizer/BioNTech",976804,359188,1335992
2021-03-20,"Moderna, Oxford/AstraZeneca, Pfizer/BioNTech",991769,361194,1352963
2021-03-21,"Moderna, Oxford/AstraZeneca, Pfizer/BioNTech",999105,362724,1361829
2021-03-22,"Moderna, Oxford/AstraZeneca, Pfizer/BioNTech",1023190,375093,1398283
2021-03-23,"Moderna, Oxford/AstraZeneca, Pfizer/BioNTech",1049459,388333,1437792
2021-03-24,"Moderna, Oxford/AstraZeneca, Pfizer/BioNTech",1075972,403957,1479929
2021-03-25,"Moderna, Oxford/AstraZeneca, Pfizer/BioNTech",1102025,421739,1523764
2021-03-26,"Moderna, Oxford/AstraZeneca, Pfizer/BioNTech",1126529,439146,1565675
2021-03-27,"Moderna, Oxford/AstraZeneca, Pfizer/BioNTech",1134876,443955,1578831
2021-03-28,"Moderna, Oxford/AstraZeneca, Pfizer/BioNTech",1140351,448064,1588415
2021-03-29,"Moderna, Oxford/AstraZeneca, Pfizer/BioNTech",1159065,468644,1627709
2021-03-30,"Moderna, Oxford/AstraZeneca, Pfizer/BioNTech",1183480,490698,1674178
2021-03-31,"Moderna, Oxford/AstraZeneca, Pfizer/BioNTech",1206309,517639,1723948
2021-04-01,"Moderna, Oxford/AstraZeneca, Pfizer/BioNTech",1231606,549480,1781086
2021-04-02,"Moderna, Oxford/AstraZeneca, Pfizer/BioNTech",1238343,562183,1800526
2021-04-03,"Moderna, Oxford/AstraZeneca, Pfizer/BioNTech",1241862,573059,1814921
2021-04-04,"Moderna, Oxford/AstraZeneca, Pfizer/BioNTech",1244320,581790,1826110
2021-04-05,"Moderna, Oxford/AstraZeneca, Pfizer/BioNTech",1246622,588930,1835552
2021-04-06,"Moderna, Oxford/AstraZeneca, Pfizer/BioNTech",1262573,618070,1880643
2021-04-07,"Moderna, Oxford/AstraZeneca, Pfizer/BioNTech",1285691,640108,1925799
2021-04-08,"Moderna, Oxford/AstraZeneca, Pfizer/BioNTech",1323661,670889,1994550
2021-04-09,"Moderna, Oxford/AstraZeneca, Pfizer/BioNTech",1362244,700747,2062991
2021-04-10,"Moderna, Oxford/AstraZeneca, Pfizer/BioNTech",1377445,715935,2093380
2021-04-11,"Moderna, Oxford/AstraZeneca, Pfizer/BioNTech",1387097,725918,2113015
2021-04-12,"Moderna, Oxford/AstraZeneca, Pfizer/BioNTech",1424591,750661,2175252
2021-04-13,"Moderna, Oxford/AstraZeneca, Pfizer/BioNTech",1460103,776455,2236558
2021-04-14,"Moderna, Oxford/AstraZeneca, Pfizer/BioNTech",1498319,803680,2301999
2021-04-15,"Moderna, Oxford/AstraZeneca, Pfizer/BioNTech",1545497,829234,2374731
2021-04-16,"Moderna, Oxford/AstraZeneca, Pfizer/BioNTech",1589572,854760,2444332
2021-04-17,"Moderna, Oxford/AstraZeneca, Pfizer/BioNTech",1606025,863742,2469767
2021-04-18,"Moderna, Oxford/AstraZeneca, Pfizer/BioNTech",1618903,868683,2487586
2021-04-19,"Moderna, Oxford/AstraZeneca, Pfizer/BioNTech",1662348,883989,2546337
2021-04-20,"Moderna, Oxford/AstraZeneca, Pfizer/BioNTech",1704130,899722,2603852
2021-04-21,"Moderna, Oxford/AstraZeneca, Pfizer/BioNTech",1751262,913818,2665080
2021-04-22,"Johnson&Johnson, Moderna, Oxford/AstraZeneca, Pfizer/BioNTech",1805119,931087,2736206
2021-04-23,"Johnson&Johnson, Moderna, Oxford/AstraZeneca, Pfizer/BioNTech",1854526,943027,2797553
2021-04-24,"Johnson&Johnson, Moderna, Oxford/AstraZeneca, Pfizer/BioNTech",1872087,948213,2820300
2021-04-25,"Johnson&Johnson, Moderna, Oxford/AstraZeneca, Pfizer/BioNTech",1886555,952187,2838742
2021-04-26,"Johnson&Johnson, Moderna, Oxford/AstraZeneca, Pfizer/BioNTech",1935520,959530,2895050
2021-04-27,"Johnson&Johnson, Moderna, Oxford/AstraZeneca, Pfizer/BioNTech",1983859,971639,2955498
2021-04-28,"Johnson&Johnson, Moderna, Oxford/AstraZeneca, Pfizer/BioNTech",2042038,985514,3027552
2021-04-29,"Johnson&Johnson, Moderna, Oxford/AstraZeneca, Pfizer/BioNTech",2106763,1001181,3107944
2021-04-30,"Johnson&Johnson, Moderna, Oxford/AstraZeneca, Pfizer/BioNTech",2168252,1010995,3179247
2021-05-01,"Johnson&Johnson, Moderna, Oxford/AstraZeneca, Pfizer/BioNTech",2187359,1014324,3201683
2021-05-02,"Johnson&Johnson, Moderna, Oxford/AstraZeneca, Pfizer/BioNTech",2206098,1016540,3222638
2021-05-03,"Johnson&Johnson, Moderna, Oxford/AstraZeneca, Pfizer/BioNTech",2272619,1021517,3294136
2021-05-04,"Johnson&Johnson, Moderna, Oxford/AstraZeneca, Pfizer/BioNTech",2338176,1029741,3367917
2021-05-05,"Johnson&Johnson, Moderna, Oxford/AstraZeneca, Pfizer/BioNTech",2410475,1039011,3449486
2021-05-06,"Johnson&Johnson, Moderna, Oxford/AstraZeneca, Pfizer/BioNTech",2489817,1049537,3539354
2021-05-07,"Johnson&Johnson, Moderna, Oxford/AstraZeneca, Pfizer/BioNTech",2566199,1059428,3625627
2021-05-08,"Johnson&Johnson, Moderna, Oxford/AstraZeneca, Pfizer/BioNTech",2595406,1061119,3656525
2021-05-09,"Johnson&Johnson, Moderna, Oxford/AstraZeneca, Pfizer/BioNTech",2619412,1062284,3681696
2021-05-10,"Johnson&Johnson, Moderna, Oxford/AstraZeneca, Pfizer/BioNTech",2691120,1069357,3760477
2021-05-11,"Johnson&Johnson, Moderna, Oxford/AstraZeneca, Pfizer/BioNTech",2766175,1078047,3844222
2021-05-12,"Johnson&Johnson, Moderna, Oxford/AstraZeneca, Pfizer/BioNTech",2845091,1086926,3932017
2021-05-13,"Johnson&Johnson, Moderna, Oxford/AstraZeneca, Pfizer/BioNTech",2928102,1095905,4024007
2021-05-14,"Johnson&Johnson, Moderna, Oxford/AstraZeneca, Pfizer/BioNTech",3006381,1103485,4109866
2021-05-15,"Johnson&Johnson, Moderna, Oxford/AstraZeneca, Pfizer/BioNTech",3037894,1105563,4143457
2021-05-16,"Johnson&Johnson, Moderna, Oxford/AstraZeneca, Pfizer/BioNTech",3063492,1106732,4170224
2021-05-17,"Johnson&Johnson, Moderna, Oxford/AstraZeneca, Pfizer/BioNTech",3135237,1113326,4248563
2021-05-18,"Johnson&Johnson, Moderna, Oxford/AstraZeneca, Pfizer/BioNTech",3206376,1126157,4332533
2021-05-19,"Johnson&Johnson, Moderna, Oxford/AstraZeneca, Pfizer/BioNTech",3282499,1140975,4423474
2021-05-20,"Johnson&Johnson, Moderna, Oxford/AstraZeneca, Pfizer/BioNTech",3355604,1166710,4522314
2021-05-21,"Johnson&Johnson, Moderna, Oxford/AstraZeneca, Pfizer/BioNTech",3421440,1193348,4614788
2021-05-22,"Johnson&Johnson, Moderna, Oxford/AstraZeneca, Pfizer/BioNTech",3451309,1204035,4655344
