date,vaccine,people_vaccinated,people_fully_vaccinated,total_vaccinations
2020-12-27,Pfizer/BioNTech,1279,0,1279
2020-12-28,Pfizer/BioNTech,3586,0,3586
2020-12-29,Pfizer/BioNTech,7052,0,7052
2020-12-30,Pfizer/BioNTech,10567,0,10567
2020-12-31,Pfizer/BioNTech,11872,0,11872
2021-01-01,"Moderna, Pfizer/BioNTech",12141,0,12141
2021-01-02,Pfizer/BioNTech,13418,0,13418
2021-01-03,Pfizer/BioNTech,14340,0,14340
2021-01-04,"Moderna, Pfizer/BioNTech",17947,0,17947
2021-01-05,"Moderna, Pfizer/BioNTech",22462,0,22462
2021-01-06,"Moderna, Pfizer/BioNTech",28302,1,28303
2021-01-07,"Moderna, Pfizer/BioNTech",36293,1,36294
2021-01-08,"Moderna, Pfizer/BioNTech",46342,1,46343
2021-01-09,"Moderna, Pfizer/BioNTech",48367,2,48369
2021-01-10,Pfizer/BioNTech,50133,4,50137
2021-01-11,Pfizer/BioNTech,59987,6,59993
2021-01-12,"Moderna, Pfizer/BioNTech",73429,8,73437
2021-01-13,Pfizer/BioNTech,86965,8,86973
2021-01-14,"Moderna, Pfizer/BioNTech",102189,12,102201
2021-01-15,"Moderna, Pfizer/BioNTech",116192,13,116205
2021-01-16,"Moderna, Pfizer/BioNTech",119585,16,119601
2021-01-17,"Moderna, Pfizer/BioNTech",122200,652,122852
2021-01-18,"Moderna, Pfizer/BioNTech",134680,2479,137159
2021-01-19,"Moderna, Pfizer/BioNTech",147279,5201,152480
2021-01-20,"Moderna, Pfizer/BioNTech",160954,7857,168811
2021-01-21,"Moderna, Pfizer/BioNTech",176601,9597,186198
2021-01-22,"Moderna, Pfizer/BioNTech",191471,10642,202113
2021-01-23,"Moderna, Pfizer/BioNTech",194789,11521,206310
2021-01-24,"Moderna, Pfizer/BioNTech",197042,12390,209432
2021-01-25,"Moderna, Pfizer/BioNTech",206681,15364,222045
2021-01-26,"Moderna, Pfizer/BioNTech",217217,19351,236568
2021-01-27,"Moderna, Pfizer/BioNTech",226243,23889,250132
2021-01-28,"Moderna, Pfizer/BioNTech",233337,30017,263354
2021-01-29,"Moderna, Pfizer/BioNTech",239546,37925,277471
2021-01-30,"Moderna, Pfizer/BioNTech",240281,39013,279294
2021-01-31,"Moderna, Pfizer/BioNTech",240994,40194,281188
2021-02-01,"Moderna, Pfizer/BioNTech",244972,48150,293122
2021-02-02,"Moderna, Pfizer/BioNTech",249108,58377,307485
2021-02-03,"Moderna, Pfizer/BioNTech",253524,69381,322905
2021-02-04,"Moderna, Pfizer/BioNTech",258420,82362,340782
2021-02-05,"Moderna, Pfizer/BioNTech",263882,93027,356909
2021-02-06,"Moderna, Oxford/AstraZeneca, Pfizer/BioNTech",264730,95389,360119
2021-02-07,"Moderna, Pfizer/BioNTech",265577,97890,363467
2021-02-08,"Moderna, Oxford/AstraZeneca, Pfizer/BioNTech",269650,109322,378972
2021-02-09,"Moderna, Oxford/AstraZeneca, Pfizer/BioNTech",274740,121229,395969
2021-02-10,"Moderna, Oxford/AstraZeneca, Pfizer/BioNTech",280244,134470,414714
2021-02-11,"Moderna, Oxford/AstraZeneca, Pfizer/BioNTech",286569,150675,437244
2021-02-12,"Moderna, Oxford/AstraZeneca, Pfizer/BioNTech",293337,165400,458737
2021-02-13,"Moderna, Oxford/AstraZeneca, Pfizer/BioNTech",294944,168386,463330
2021-02-14,"Moderna, Oxford/AstraZeneca, Pfizer/BioNTech",295945,169770,465715
2021-02-15,"Moderna, Oxford/AstraZeneca, Pfizer/BioNTech",302343,179124,481467
2021-02-16,"Moderna, Oxford/AstraZeneca, Pfizer/BioNTech",311060,188198,499258
2021-02-17,"Moderna, Oxford/AstraZeneca, Pfizer/BioNTech",320754,196502,517256
2021-02-18,"Moderna, Oxford/AstraZeneca, Pfizer/BioNTech",333069,204573,537642
2021-02-19,"Moderna, Oxford/AstraZeneca, Pfizer/BioNTech",344919,211928,556847
2021-02-20,"Moderna, Oxford/AstraZeneca, Pfizer/BioNTech",346911,213108,560019
2021-02-21,"Moderna, Oxford/AstraZeneca, Pfizer/BioNTech",348038,214131,562169
2021-02-22,"Moderna, Oxford/AstraZeneca, Pfizer/BioNTech",358155,220156,578311
2021-02-23,"Moderna, Oxford/AstraZeneca, Pfizer/BioNTech",371097,227126,598223
2021-02-24,"Moderna, Oxford/AstraZeneca, Pfizer/BioNTech",384964,233158,618122
2021-02-25,"Moderna, Oxford/AstraZeneca, Pfizer/BioNTech",402928,238705,641633
2021-02-26,"Moderna, Oxford/AstraZeneca, Pfizer/BioNTech",419090,244048,663138
2021-02-27,"Moderna, Oxford/AstraZeneca, Pfizer/BioNTech",422097,244604,666701
2021-02-28,"Moderna, Oxford/AstraZeneca, Pfizer/BioNTech",424441,245151,669592
2021-03-01,"Moderna, Oxford/AstraZeneca, Pfizer/BioNTech",444016,248593,692609
2021-03-02,"Moderna, Oxford/AstraZeneca, Pfizer/BioNTech",471232,252131,723363
2021-03-03,"Moderna, Oxford/AstraZeneca, Pfizer/BioNTech",502097,256633,758730
2021-03-04,"Moderna, Oxford/AstraZeneca, Pfizer/BioNTech",535365,261314,796679
2021-03-05,"Johnson&Johnson, Moderna, Oxford/AstraZeneca, Pfizer/BioNTech",564169,266727,830896
2021-03-06,"Johnson&Johnson, Moderna, Oxford/AstraZeneca, Pfizer/BioNTech",576308,267582,843890
2021-03-07,"Johnson&Johnson, Moderna, Oxford/AstraZeneca, Pfizer/BioNTech",587839,268421,856260
2021-03-08,"Johnson&Johnson, Moderna, Oxford/AstraZeneca, Pfizer/BioNTech",617553,273265,890818
2021-03-09,"Johnson&Johnson, Moderna, Oxford/AstraZeneca, Pfizer/BioNTech",653894,279643,933537
2021-03-10,"Moderna, Oxford/AstraZeneca, Pfizer/BioNTech",695187,286591,981778
2021-03-11,"Johnson&Johnson, Moderna, Oxford/AstraZeneca, Pfizer/BioNTech",739980,294961,1034941
2021-03-12,"Johnson&Johnson, Moderna, Oxford/AstraZeneca, Pfizer/BioNTech",778748,303425,1082173
2021-03-13,"Johnson&Johnson, Moderna, Oxford/AstraZeneca, Pfizer/BioNTech",795817,304729,1100546
2021-03-14,"Moderna, Oxford/AstraZeneca, Pfizer/BioNTech",807921,305877,1113798
2021-03-15,"Moderna, Oxford/AstraZeneca, Pfizer/BioNTech",836290,314649,1150939
2021-03-16,"Johnson&Johnson, Moderna, Oxford/AstraZeneca, Pfizer/BioNTech",875163,325180,1200343
2021-03-17,"Moderna, Oxford/AstraZeneca, Pfizer/BioNTech",912611,335682,1248293
2021-03-18,"Johnson&Johnson, Moderna, Oxford/AstraZeneca, Pfizer/BioNTech",950571,348086,1298657
2021-03-19,"Moderna, Oxford/AstraZeneca, Pfizer/BioNTech",985033,361687,1346720
2021-03-20,"Johnson&Johnson, Moderna, Oxford/AstraZeneca, Pfizer/BioNTech",1000162,363709,1363871
2021-03-21,"Johnson&Johnson, Moderna, Oxford/AstraZeneca, Pfizer/BioNTech",1007573,365263,1372836
2021-03-22,"Johnson&Johnson, Moderna, Oxford/AstraZeneca, Pfizer/BioNTech",1032096,377760,1409856
2021-03-23,"Johnson&Johnson, Moderna, Oxford/AstraZeneca, Pfizer/BioNTech",1058720,391108,1449828
2021-03-24,"Johnson&Johnson, Moderna, Oxford/AstraZeneca, Pfizer/BioNTech",1085559,406835,1492394
2021-03-25,"Moderna, Oxford/AstraZeneca, Pfizer/BioNTech",1111865,424675,1536540
2021-03-26,"Johnson&Johnson, Moderna, Oxford/AstraZeneca, Pfizer/BioNTech",1136657,442165,1578822
2021-03-27,"Johnson&Johnson, Moderna, Oxford/AstraZeneca, Pfizer/BioNTech",1145083,447009,1592092
2021-03-28,"Moderna, Oxford/AstraZeneca, Pfizer/BioNTech",1150619,451147,1601766
2021-03-29,"Johnson&Johnson, Moderna, Oxford/AstraZeneca, Pfizer/BioNTech",1169733,471866,1641599
2021-03-30,"Johnson&Johnson, Moderna, Oxford/AstraZeneca, Pfizer/BioNTech",1194413,494036,1688449
2021-03-31,"Johnson&Johnson, Moderna, Oxford/AstraZeneca, Pfizer/BioNTech",1217495,521088,1738583
2021-04-01,"Johnson&Johnson, Moderna, Oxford/AstraZeneca, Pfizer/BioNTech",1243089,553125,1796214
2021-04-02,"Johnson&Johnson, Moderna, Oxford/AstraZeneca, Pfizer/BioNTech",1250004,565907,1815911
2021-04-03,"Johnson&Johnson, Moderna, Oxford/AstraZeneca, Pfizer/BioNTech",1253614,576822,1830436
2021-04-04,"Johnson&Johnson, Moderna, Oxford/AstraZeneca, Pfizer/BioNTech",1256117,585739,1841856
2021-04-05,"Johnson&Johnson, Moderna, Oxford/AstraZeneca, Pfizer/BioNTech",1258510,592916,1851426
2021-04-06,"Johnson&Johnson, Moderna, Oxford/AstraZeneca, Pfizer/BioNTech",1274628,622155,1896783
2021-04-07,"Johnson&Johnson, Moderna, Oxford/AstraZeneca, Pfizer/BioNTech",1298027,644377,1942404
2021-04-08,"Johnson&Johnson, Moderna, Oxford/AstraZeneca, Pfizer/BioNTech",1336707,675383,2012090
2021-04-09,"Johnson&Johnson, Moderna, Oxford/AstraZeneca, Pfizer/BioNTech",1376229,705553,2081782
2021-04-10,"Johnson&Johnson, Moderna, Oxford/AstraZeneca, Pfizer/BioNTech",1391708,720840,2112548
2021-04-11,"Johnson&Johnson, Moderna, Oxford/AstraZeneca, Pfizer/BioNTech",1401475,730871,2132346
2021-04-12,"Johnson&Johnson, Moderna, Oxford/AstraZeneca, Pfizer/BioNTech",1439704,755996,2195700
2021-04-13,"Moderna, Oxford/AstraZeneca, Pfizer/BioNTech",1475933,782028,2257961
2021-04-14,"Moderna, Oxford/AstraZeneca, Pfizer/BioNTech",1514725,809374,2324099
2021-04-15,"Moderna, Oxford/AstraZeneca, Pfizer/BioNTech",1562490,835083,2397573
2021-04-16,"Moderna, Oxford/AstraZeneca, Pfizer/BioNTech",1607119,860708,2467827
2021-04-17,"Moderna, Oxford/AstraZeneca, Pfizer/BioNTech",1623801,869732,2493533
2021-04-18,"Moderna, Oxford/AstraZeneca, Pfizer/BioNTech",1636780,874713,2511493
2021-04-19,"Moderna, Oxford/AstraZeneca, Pfizer/BioNTech",1680766,890170,2570936
2021-04-20,"Johnson&Johnson, Moderna, Oxford/AstraZeneca, Pfizer/BioNTech",1723295,906026,2629321
2021-04-21,"Moderna, Oxford/AstraZeneca, Pfizer/BioNTech",1771007,920366,2691373
2021-04-22,"Johnson&Johnson, Moderna, Oxford/AstraZeneca, Pfizer/BioNTech",1825479,937737,2763216
2021-04-23,"Johnson&Johnson, Moderna, Oxford/AstraZeneca, Pfizer/BioNTech",1875420,949783,2825203
2021-04-24,"Johnson&Johnson, Moderna, Oxford/AstraZeneca, Pfizer/BioNTech",1893242,955022,2848264
2021-04-25,"Johnson&Johnson, Moderna, Oxford/AstraZeneca, Pfizer/BioNTech",1907924,959012,2866936
2021-04-26,"Johnson&Johnson, Moderna, Oxford/AstraZeneca, Pfizer/BioNTech",1957490,966553,2924043
2021-04-27,"Johnson&Johnson, Moderna, Oxford/AstraZeneca, Pfizer/BioNTech",2006440,978767,2985207
2021-04-28,"Johnson&Johnson, Moderna, Oxford/AstraZeneca, Pfizer/BioNTech",2065174,992746,3057920
2021-04-29,"Johnson&Johnson, Moderna, Oxford/AstraZeneca, Pfizer/BioNTech",2130703,1008611,3139314
2021-04-30,"Johnson&Johnson, Moderna, Oxford/AstraZeneca, Pfizer/BioNTech",2192909,1018561,3211470
2021-05-01,"Johnson&Johnson, Moderna, Oxford/AstraZeneca, Pfizer/BioNTech",2212215,1021999,3234214
2021-05-02,"Johnson&Johnson, Moderna, Oxford/AstraZeneca, Pfizer/BioNTech",2231121,1024263,3255384
2021-05-03,"Johnson&Johnson, Moderna, Oxford/AstraZeneca, Pfizer/BioNTech",2298343,1029308,3327651
2021-05-04,"Johnson&Johnson, Moderna, Oxford/AstraZeneca, Pfizer/BioNTech",2364808,1037625,3402433
2021-05-05,"Johnson&Johnson, Moderna, Oxford/AstraZeneca, Pfizer/BioNTech",2437940,1047010,3484950
2021-05-06,"Johnson&Johnson, Moderna, Oxford/AstraZeneca, Pfizer/BioNTech",2518305,1057705,3576010
2021-05-07,"Johnson&Johnson, Moderna, Oxford/AstraZeneca, Pfizer/BioNTech",2595522,1067747,3663269
2021-05-08,"Johnson&Johnson, Moderna, Oxford/AstraZeneca, Pfizer/BioNTech",2624937,1069499,3694436
2021-05-09,"Johnson&Johnson, Moderna, Oxford/AstraZeneca, Pfizer/BioNTech",2649112,1070696,3719808
2021-05-10,"Johnson&Johnson, Moderna, Oxford/AstraZeneca, Pfizer/BioNTech",2721841,1077900,3799741
2021-05-11,"Johnson&Johnson, Moderna, Oxford/AstraZeneca, Pfizer/BioNTech",2797925,1086686,3884611
2021-05-12,"Johnson&Johnson, Moderna, Oxford/AstraZeneca, Pfizer/BioNTech",2877755,1095768,3973523
2021-05-13,"Johnson&Johnson, Moderna, Oxford/AstraZeneca, Pfizer/BioNTech",2961749,1104910,4066659
2021-05-14,"Johnson&Johnson, Moderna, Oxford/AstraZeneca, Pfizer/BioNTech",3041159,1112671,4153830
2021-05-15,"Johnson&Johnson, Moderna, Oxford/AstraZeneca, Pfizer/BioNTech",3073013,1114892,4187905
2021-05-16,"Johnson&Johnson, Moderna, Oxford/AstraZeneca, Pfizer/BioNTech",3098757,1116147,4214904
2021-05-17,"Johnson&Johnson, Moderna, Oxford/AstraZeneca, Pfizer/BioNTech",3171244,1122848,4294092
2021-05-18,"Johnson&Johnson, Moderna, Oxford/AstraZeneca, Pfizer/BioNTech",3243147,1135871,4379018
2021-05-19,"Johnson&Johnson, Moderna, Oxford/AstraZeneca, Pfizer/BioNTech",3320582,1150980,4471562
2021-05-20,"Johnson&Johnson, Moderna, Oxford/AstraZeneca, Pfizer/BioNTech",3395987,1177974,4573961
2021-05-21,"Johnson&Johnson, Moderna, Oxford/AstraZeneca, Pfizer/BioNTech",3464717,1205694,4670411
2021-05-22,"Johnson&Johnson, Moderna, Oxford/AstraZeneca, Pfizer/BioNTech",3497066,1216850,4713916
2021-05-23,"Johnson&Johnson, Moderna, Oxford/AstraZeneca, Pfizer/BioNTech",3519392,1225868,4745260
2021-05-24,"Johnson&Johnson, Moderna, Oxford/AstraZeneca, Pfizer/BioNTech",3566508,1259486,4825994
2021-05-25,"Johnson&Johnson, Moderna, Oxford/AstraZeneca, Pfizer/BioNTech",3618340,1295246,4913586
2021-05-26,"Johnson&Johnson, Moderna, Oxford/AstraZeneca, Pfizer/BioNTech",3686076,1332731,5018807
2021-05-27,"Johnson&Johnson, Moderna, Oxford/AstraZeneca, Pfizer/BioNTech",3747444,1380005,5127449
2021-05-28,"Johnson&Johnson, Moderna, Oxford/AstraZeneca, Pfizer/BioNTech",3809115,1426514,5235629
2021-05-29,"Johnson&Johnson, Moderna, Oxford/AstraZeneca, Pfizer/BioNTech",3838273,1443592,5281865
2021-05-30,"Johnson&Johnson, Moderna, Oxford/AstraZeneca, Pfizer/BioNTech",3860615,1458002,5318617
2021-05-31,"Johnson&Johnson, Moderna, Oxford/AstraZeneca, Pfizer/BioNTech",3916331,1505527,5421858
2021-06-01,"Johnson&Johnson, Moderna, Oxford/AstraZeneca, Pfizer/BioNTech",3975337,1554326,5529663
2021-06-02,"Johnson&Johnson, Moderna, Oxford/AstraZeneca, Pfizer/BioNTech",4038208,1608248,5646456
2021-06-03,"Johnson&Johnson, Moderna, Oxford/AstraZeneca, Pfizer/BioNTech",4096421,1668409,5764830
2021-06-04,"Johnson&Johnson, Moderna, Oxford/AstraZeneca, Pfizer/BioNTech",4159490,1725738,5885228
2021-06-05,"Johnson&Johnson, Moderna, Oxford/AstraZeneca, Pfizer/BioNTech",4193614,1744523,5938137
2021-06-06,"Johnson&Johnson, Moderna, Oxford/AstraZeneca, Pfizer/BioNTech",4220517,1759623,5980140
2021-06-07,"Johnson&Johnson, Moderna, Oxford/AstraZeneca, Pfizer/BioNTech",4284190,1815211,6099401
2021-06-08,"Johnson&Johnson, Moderna, Oxford/AstraZeneca, Pfizer/BioNTech",4348157,1870139,6218296
2021-06-09,"Johnson&Johnson, Moderna, Oxford/AstraZeneca, Pfizer/BioNTech",4407340,1934571,6341911
2021-06-10,"Johnson&Johnson, Moderna, Oxford/AstraZeneca, Pfizer/BioNTech",4461220,2005637,6466857
2021-06-11,"Johnson&Johnson, Moderna, Oxford/AstraZeneca, Pfizer/BioNTech",4513310,2075314,6588624
2021-06-12,"Johnson&Johnson, Moderna, Oxford/AstraZeneca, Pfizer/BioNTech",4545303,2096054,6641357
2021-06-13,"Johnson&Johnson, Moderna, Oxford/AstraZeneca, Pfizer/BioNTech",4569308,2114419,6683727
2021-06-14,"Johnson&Johnson, Moderna, Oxford/AstraZeneca, Pfizer/BioNTech",4612374,2188735,6801109
2021-06-15,"Johnson&Johnson, Moderna, Oxford/AstraZeneca, Pfizer/BioNTech",4657011,2261006,6918017
2021-06-16,"Johnson&Johnson, Moderna, Oxford/AstraZeneca, Pfizer/BioNTech",4699739,2339154,7038893
2021-06-17,"Johnson&Johnson, Moderna, Oxford/AstraZeneca, Pfizer/BioNTech",4739110,2422143,7161253
2021-06-18,"Johnson&Johnson, Moderna, Oxford/AstraZeneca, Pfizer/BioNTech",4781487,2502564,7284051
2021-06-19,"Johnson&Johnson, Moderna, Oxford/AstraZeneca, Pfizer/BioNTech",4803229,2531790,7335019
2021-06-20,"Johnson&Johnson, Moderna, Oxford/AstraZeneca, Pfizer/BioNTech",4820586,2555566,7376152
2021-06-21,"Johnson&Johnson, Moderna, Oxford/AstraZeneca, Pfizer/BioNTech",4853085,2634060,7487145
2021-06-22,"Johnson&Johnson, Moderna, Oxford/AstraZeneca, Pfizer/BioNTech",4886041,2716240,7602281
2021-06-23,"Johnson&Johnson, Moderna, Oxford/AstraZeneca, Pfizer/BioNTech",4917694,2801378,7719072
2021-06-24,"Johnson&Johnson, Moderna, Oxford/AstraZeneca, Pfizer/BioNTech",4947529,2891326,7838855
2021-06-25,"Johnson&Johnson, Moderna, Oxford/AstraZeneca, Pfizer/BioNTech",4978577,2977386,7955963
2021-06-26,"Johnson&Johnson, Moderna, Oxford/AstraZeneca, Pfizer/BioNTech",4994431,3012138,8006569
2021-06-27,"Johnson&Johnson, Moderna, Oxford/AstraZeneca, Pfizer/BioNTech",5008367,3038737,8047104
2021-06-28,"Johnson&Johnson, Moderna, Oxford/AstraZeneca, Pfizer/BioNTech",5036772,3123838,8160610
2021-06-29,"Johnson&Johnson, Moderna, Oxford/AstraZeneca, Pfizer/BioNTech",5066034,3210225,8276259
2021-06-30,"Johnson&Johnson, Moderna, Oxford/AstraZeneca, Pfizer/BioNTech",5093520,3301094,8394614
2021-07-01,"Johnson&Johnson, Moderna, Oxford/AstraZeneca, Pfizer/BioNTech",5117484,3391050,8508534
2021-07-02,"Johnson&Johnson, Moderna, Oxford/AstraZeneca, Pfizer/BioNTech",5144195,3476793,8620988
2021-07-03,"Johnson&Johnson, Moderna, Oxford/AstraZeneca, Pfizer/BioNTech",5151267,3508258,8659525
2021-07-04,"Johnson&Johnson, Moderna, Oxford/AstraZeneca, Pfizer/BioNTech",5158816,3530025,8688841
2021-07-05,"Johnson&Johnson, Moderna, Oxford/AstraZeneca, Pfizer/BioNTech",5166169,3555350,8721519
2021-07-06,"Johnson&Johnson, Moderna, Oxford/AstraZeneca, Pfizer/BioNTech",5171571,3582936,8754507
2021-07-07,"Johnson&Johnson, Moderna, Oxford/AstraZeneca, Pfizer/BioNTech",5197347,3661829,8859176
2021-07-08,"Johnson&Johnson, Moderna, Oxford/AstraZeneca, Pfizer/BioNTech",5223938,3732071,8956009
2021-07-09,"Johnson&Johnson, Moderna, Oxford/AstraZeneca, Pfizer/BioNTech",5251839,3801261,9053100
2021-07-10,"Johnson&Johnson, Moderna, Oxford/AstraZeneca, Pfizer/BioNTech",5261179,3829838,9091017
2021-07-11,"Johnson&Johnson, Moderna, Oxford/AstraZeneca, Pfizer/BioNTech",5269696,3852690,9122386
2021-07-12,"Johnson&Johnson, Moderna, Oxford/AstraZeneca, Pfizer/BioNTech",5297216,3921717,9218933
2021-07-13,"Johnson&Johnson, Moderna, Oxford/AstraZeneca, Pfizer/BioNTech",5323386,3991519,9314905
2021-07-14,"Johnson&Johnson, Moderna, Oxford/AstraZeneca, Pfizer/BioNTech",5349188,4063429,9412617
2021-07-15,"Johnson&Johnson, Moderna, Oxford/AstraZeneca, Pfizer/BioNTech",5378358,4129363,9507721
2021-07-16,"Johnson&Johnson, Moderna, Oxford/AstraZeneca, Pfizer/BioNTech",5406258,4201990,9608248
2021-07-17,"Johnson&Johnson, Moderna, Oxford/AstraZeneca, Pfizer/BioNTech",5415019,4233379,9648398
2021-07-18,"Johnson&Johnson, Moderna, Oxford/AstraZeneca, Pfizer/BioNTech",5423454,4259342,9682796
2021-07-19,"Johnson&Johnson, Moderna, Oxford/AstraZeneca, Pfizer/BioNTech",5446792,4326299,9773091
2021-07-20,"Johnson&Johnson, Moderna, Oxford/AstraZeneca, Pfizer/BioNTech",5468166,4393269,9861435
2021-07-21,"Johnson&Johnson, Moderna, Oxford/AstraZeneca, Pfizer/BioNTech",5491610,4456653,9948263
2021-07-22,"Johnson&Johnson, Moderna, Oxford/AstraZeneca, Pfizer/BioNTech",5513959,4515201,10029160
2021-07-23,"Johnson&Johnson, Moderna, Oxford/AstraZeneca, Pfizer/BioNTech",5537140,4569869,10107009
2021-07-24,"Johnson&Johnson, Moderna, Oxford/AstraZeneca, Pfizer/BioNTech",5544444,4597483,10141927
2021-07-25,"Johnson&Johnson, Moderna, Oxford/AstraZeneca, Pfizer/BioNTech",5551046,4619573,10170619
2021-07-26,"Johnson&Johnson, Moderna, Oxford/AstraZeneca, Pfizer/BioNTech",5574565,4668166,10242731
2021-07-27,"Johnson&Johnson, Moderna, Oxford/AstraZeneca, Pfizer/BioNTech",5597286,4714721,10312007
2021-07-28,"Johnson&Johnson, Moderna, Oxford/AstraZeneca, Pfizer/BioNTech",5618517,4760616,10379133
2021-07-29,"Johnson&Johnson, Moderna, Oxford/AstraZeneca, Pfizer/BioNTech",5639821,4802484,10442305
2021-07-30,"Johnson&Johnson, Moderna, Oxford/AstraZeneca, Pfizer/BioNTech",5663085,4844956,10508041
2021-07-31,"Johnson&Johnson, Moderna, Oxford/AstraZeneca, Pfizer/BioNTech",5671998,4864451,10536449
2021-08-01,"Johnson&Johnson, Moderna, Oxford/AstraZeneca, Pfizer/BioNTech",5678711,4880590,10559301
2021-08-02,"Johnson&Johnson, Moderna, Oxford/AstraZeneca, Pfizer/BioNTech",5697323,4918079,10615402
2021-08-03,"Johnson&Johnson, Moderna, Oxford/AstraZeneca, Pfizer/BioNTech",5714942,4956116,10671058
2021-08-04,"Johnson&Johnson, Moderna, Oxford/AstraZeneca, Pfizer/BioNTech",5731019,4992783,10723802
2021-08-05,"Johnson&Johnson, Moderna, Oxford/AstraZeneca, Pfizer/BioNTech",5747026,5033184,10780210
2021-08-06,"Johnson&Johnson, Moderna, Oxford/AstraZeneca, Pfizer/BioNTech",5763795,5076400,10840195
2021-08-07,"Johnson&Johnson, Moderna, Oxford/AstraZeneca, Pfizer/BioNTech",5769379,5094533,10863912
2021-08-08,"Johnson&Johnson, Moderna, Oxford/AstraZeneca, Pfizer/BioNTech",5773726,5110261,10883987
2021-08-09,"Johnson&Johnson, Moderna, Oxford/AstraZeneca, Pfizer/BioNTech",5786357,5155257,10941614
2021-08-10,"Johnson&Johnson, Moderna, Oxford/AstraZeneca, Pfizer/BioNTech",5798184,5194773,10992957
2021-08-11,"Johnson&Johnson, Moderna, Oxford/AstraZeneca, Pfizer/BioNTech",5809532,5237853,11047385
2021-08-12,"Johnson&Johnson, Moderna, Oxford/AstraZeneca, Pfizer/BioNTech",5820939,5274925,11095864
2021-08-13,"Johnson&Johnson, Moderna, Oxford/AstraZeneca, Pfizer/BioNTech",5831648,5315199,11146847
2021-08-14,"Johnson&Johnson, Moderna, Oxford/AstraZeneca, Pfizer/BioNTech",5834983,5325876,11160859
2021-08-15,"Johnson&Johnson, Moderna, Oxford/AstraZeneca, Pfizer/BioNTech",5837557,5336230,11173787
2021-08-16,"Johnson&Johnson, Moderna, Oxford/AstraZeneca, Pfizer/BioNTech",5847326,5370257,11217583
2021-08-17,"Johnson&Johnson, Moderna, Oxford/AstraZeneca, Pfizer/BioNTech",5856912,5397315,11254227
2021-08-18,"Johnson&Johnson, Moderna, Oxford/AstraZeneca, Pfizer/BioNTech",5866274,5436142,11302416
2021-08-19,"Johnson&Johnson, Moderna, Oxford/AstraZeneca, Pfizer/BioNTech",5875932,5474454,11350386
2021-08-20,"Johnson&Johnson, Moderna, Oxford/AstraZeneca, Pfizer/BioNTech",5887303,5514604,11401907
2021-08-21,"Johnson&Johnson, Moderna, Oxford/AstraZeneca, Pfizer/BioNTech",5890016,5527338,11417354
2021-08-22,"Johnson&Johnson, Moderna, Oxford/AstraZeneca, Pfizer/BioNTech",5892353,5539287,11431640
2021-08-23,"Johnson&Johnson, Moderna, Oxford/AstraZeneca, Pfizer/BioNTech",5902881,5578511,11481392
2021-08-24,"Johnson&Johnson, Moderna, Oxford/AstraZeneca, Pfizer/BioNTech",5912739,5611724,11524463
2021-08-25,"Johnson&Johnson, Moderna, Oxford/AstraZeneca, Pfizer/BioNTech",5921597,5640054,11561651
2021-08-26,"Johnson&Johnson, Moderna, Oxford/AstraZeneca, Pfizer/BioNTech",5930037,5666146,11596183
2021-08-27,"Johnson&Johnson, Moderna, Oxford/AstraZeneca, Pfizer/BioNTech",5940344,5692058,11632402
2021-08-28,"Johnson&Johnson, Moderna, Oxford/AstraZeneca, Pfizer/BioNTech",5943065,5699083,11642148
2021-08-29,"Johnson&Johnson, Moderna, Oxford/AstraZeneca, Pfizer/BioNTech",5945467,5705693,11651160
2021-08-30,"Johnson&Johnson, Moderna, Oxford/AstraZeneca, Pfizer/BioNTech",5953984,5727532,11681516
2021-08-31,"Johnson&Johnson, Moderna, Oxford/AstraZeneca, Pfizer/BioNTech",5961640,5745584,11707224
2021-09-01,"Johnson&Johnson, Moderna, Oxford/AstraZeneca, Pfizer/BioNTech",5967521,5759553,11727074
2021-09-02,"Johnson&Johnson, Moderna, Oxford/AstraZeneca, Pfizer/BioNTech",5974336,5773911,11748247
2021-09-03,"Johnson&Johnson, Moderna, Oxford/AstraZeneca, Pfizer/BioNTech",5983878,5789591,11773469
2021-09-04,"Johnson&Johnson, Moderna, Oxford/AstraZeneca, Pfizer/BioNTech",5985938,5793136,11779074
2021-09-05,"Johnson&Johnson, Moderna, Oxford/AstraZeneca, Pfizer/BioNTech",5987970,5795969,11783939
2021-09-06,"Johnson&Johnson, Moderna, Oxford/AstraZeneca, Pfizer/BioNTech",5994180,5808467,11802647
2021-09-07,"Johnson&Johnson, Moderna, Oxford/AstraZeneca, Pfizer/BioNTech",5998547,5819545,11818092
2021-09-08,"Johnson&Johnson, Moderna, Oxford/AstraZeneca, Pfizer/BioNTech",6004197,5829371,11833568
2021-09-09,"Johnson&Johnson, Moderna, Oxford/AstraZeneca, Pfizer/BioNTech",6010852,5839417,11850269
2021-09-10,"Johnson&Johnson, Moderna, Oxford/AstraZeneca, Pfizer/BioNTech",6018514,5851570,11870084
2021-09-11,"Johnson&Johnson, Moderna, Oxford/AstraZeneca, Pfizer/BioNTech",6020374,5854040,11874414
2021-09-12,"Johnson&Johnson, Moderna, Oxford/AstraZeneca, Pfizer/BioNTech",6021487,5855660,11877147
2021-09-13,"Johnson&Johnson, Moderna, Oxford/AstraZeneca, Pfizer/BioNTech",6026902,5865943,11892845
2021-09-14,"Johnson&Johnson, Moderna, Oxford/AstraZeneca, Pfizer/BioNTech",6032270,5874936,11907206
2021-09-15,"Johnson&Johnson, Moderna, Oxford/AstraZeneca, Pfizer/BioNTech",6037447,5883443,11920890
2021-09-16,"Johnson&Johnson, Moderna, Oxford/AstraZeneca, Pfizer/BioNTech",6042774,5891696,11934470
2021-09-17,"Johnson&Johnson, Moderna, Oxford/AstraZeneca, Pfizer/BioNTech",6049320,5901892,11951212
2021-09-18,"Johnson&Johnson, Moderna, Oxford/AstraZeneca, Pfizer/BioNTech",6051042,5904241,11955283
2021-09-19,"Johnson&Johnson, Moderna, Oxford/AstraZeneca, Pfizer/BioNTech",6051981,5905804,11957785
2021-09-20,"Johnson&Johnson, Moderna, Oxford/AstraZeneca, Pfizer/BioNTech",6055974,5913987,11969961
2021-09-21,"Johnson&Johnson, Moderna, Oxford/AstraZeneca, Pfizer/BioNTech",6060182,5921508,11981690
2021-09-22,"Johnson&Johnson, Moderna, Oxford/AstraZeneca, Pfizer/BioNTech",6064344,5927012,11991356
2021-09-23,"Johnson&Johnson, Moderna, Oxford/AstraZeneca, Pfizer/BioNTech",6069307,5933412,12002719
2021-09-24,"Johnson&Johnson, Moderna, Oxford/AstraZeneca, Pfizer/BioNTech",6075050,5943017,12018067
2021-09-25,"Johnson&Johnson, Moderna, Oxford/AstraZeneca, Pfizer/BioNTech",6076540,5945002,12021542
2021-09-26,"Johnson&Johnson, Moderna, Pfizer/BioNTech",6077279,5946630,12023909
2021-09-27,"Johnson&Johnson, Moderna, Oxford/AstraZeneca, Pfizer/BioNTech",6081139,5953115,12034254
2021-09-28,"Johnson&Johnson, Moderna, Pfizer/BioNTech",6081495,5953716,12035211
2021-09-29,"Johnson&Johnson, Moderna, Oxford/AstraZeneca, Pfizer/BioNTech",6085263,5961155,12046418
2021-09-30,"Johnson&Johnson, Moderna, Oxford/AstraZeneca, Pfizer/BioNTech",6089754,5968827,12058581
2021-10-01,"Johnson&Johnson, Moderna, Oxford/AstraZeneca, Pfizer/BioNTech",6094015,5976769,12070784
2021-10-02,"Johnson&Johnson, Moderna, Oxford/AstraZeneca, Pfizer/BioNTech",6095059,5978300,12073359
2021-10-03,"Johnson&Johnson, Moderna, Pfizer/BioNTech",6095763,5979161,12074924
2021-10-04,"Johnson&Johnson, Moderna, Oxford/AstraZeneca, Pfizer/BioNTech",6098817,5984721,12083538
2021-10-05,"Johnson&Johnson, Moderna, Oxford/AstraZeneca, Pfizer/BioNTech",6101952,5989778,12091730
2021-10-06,"Johnson&Johnson, Moderna, Oxford/AstraZeneca, Pfizer/BioNTech",6105443,5994932,12100375
2021-10-07,"Johnson&Johnson, Moderna, Oxford/AstraZeneca, Pfizer/BioNTech",6108696,6000174,12108870
2021-10-08,"Johnson&Johnson, Moderna, Oxford/AstraZeneca, Pfizer/BioNTech",6113468,6006786,12120254
2021-10-09,"Johnson&Johnson, Moderna, Oxford/AstraZeneca, Pfizer/BioNTech",6114707,6008434,12123141
2021-10-10,"Johnson&Johnson, Moderna, Oxford/AstraZeneca, Pfizer/BioNTech",6115647,6009262,12124909
2021-10-11,"Johnson&Johnson, Moderna, Oxford/AstraZeneca, Pfizer/BioNTech",6118558,6013658,12132216
2021-10-12,"Johnson&Johnson, Moderna, Oxford/AstraZeneca, Pfizer/BioNTech",6121462,6017650,12139112
2021-10-13,"Johnson&Johnson, Moderna, Oxford/AstraZeneca, Pfizer/BioNTech",6124978,6021824,12146802
2021-10-14,"Johnson&Johnson, Moderna, Oxford/AstraZeneca, Pfizer/BioNTech",6128637,6026761,12155398
2021-10-15,"Johnson&Johnson, Moderna, Oxford/AstraZeneca, Pfizer/BioNTech",6133849,6032888,12166737
2021-10-16,"Johnson&Johnson, Moderna, Oxford/AstraZeneca, Pfizer/BioNTech",6135220,6034401,12169621
2021-10-17,"Johnson&Johnson, Moderna, Pfizer/BioNTech",6136539,6035452,12171991
2021-10-18,"Johnson&Johnson, Moderna, Oxford/AstraZeneca, Pfizer/BioNTech",6140598,6039538,12180136
2021-10-19,"Johnson&Johnson, Moderna, Oxford/AstraZeneca, Pfizer/BioNTech",6144137,6041619,12185756
2021-10-20,"Johnson&Johnson, Moderna, Oxford/AstraZeneca, Pfizer/BioNTech",6148982,6046057,12195039
2021-10-21,"Johnson&Johnson, Moderna, Oxford/AstraZeneca, Pfizer/BioNTech",6156654,6051643,12208297
2021-10-22,"Johnson&Johnson, Moderna, Oxford/AstraZeneca, Pfizer/BioNTech",6167030,6058137,12225167
2021-10-23,"Johnson&Johnson, Moderna, Pfizer/BioNTech",6170688,6060336,12231024
2021-10-24,"Johnson&Johnson, Moderna, Pfizer/BioNTech",6173368,6062106,12235474
2021-10-25,"Johnson&Johnson, Moderna, Oxford/AstraZeneca, Pfizer/BioNTech",6183768,6067896,12251664
2021-10-26,"Johnson&Johnson, Moderna, Oxford/AstraZeneca, Pfizer/BioNTech",6195550,6074426,12269976
2021-10-27,"Johnson&Johnson, Moderna, Oxford/AstraZeneca, Pfizer/BioNTech",6210028,6081814,12291842
2021-10-28,"Johnson&Johnson, Moderna, Pfizer/BioNTech",6213374,6083479,12296853
2021-10-29,"Johnson&Johnson, Moderna, Oxford/AstraZeneca, Pfizer/BioNTech",6227711,6091434,12319145
2021-10-30,"Johnson&Johnson, Moderna, Pfizer/BioNTech",6232229,6094341,12326570
2021-10-31,"Johnson&Johnson, Moderna, Oxford/AstraZeneca, Pfizer/BioNTech",6235980,6096803,12332783
2021-11-01,"Johnson&Johnson, Moderna, Oxford/AstraZeneca, Pfizer/BioNTech",6251045,6104476,12355521
2021-11-02,"Johnson&Johnson, Moderna, Oxford/AstraZeneca, Pfizer/BioNTech",6266293,6111999,12378292
2021-11-03,"Johnson&Johnson, Moderna, Oxford/AstraZeneca, Pfizer/BioNTech",6283344,6119274,12402618
2021-11-04,"Johnson&Johnson, Moderna, Oxford/AstraZeneca, Pfizer/BioNTech",6301496,6127428,12428924
2021-11-05,"Johnson&Johnson, Moderna, Oxford/AstraZeneca, Pfizer/BioNTech",6324140,6138676,12462816
2021-11-06,"Johnson&Johnson, Moderna, Oxford/AstraZeneca, Pfizer/BioNTech",6330612,6141701,12472313
2021-11-07,"Johnson&Johnson, Moderna, Oxford/AstraZeneca, Pfizer/BioNTech",6334620,6144131,12478751
2021-11-08,"Johnson&Johnson, Moderna, Oxford/AstraZeneca, Pfizer/BioNTech",6350742,6151744,12502486
2021-11-09,"Johnson&Johnson, Moderna, Oxford/AstraZeneca, Pfizer/BioNTech",6365415,6159025,12524440
2021-11-10,"Johnson&Johnson, Moderna, Oxford/AstraZeneca, Pfizer/BioNTech",6381000,6166373,12547373
2021-11-11,"Johnson&Johnson, Moderna, Oxford/AstraZeneca, Pfizer/BioNTech",6396296,6175440,12571736
2021-11-12,"Johnson&Johnson, Moderna, Oxford/AstraZeneca, Pfizer/BioNTech",6415845,6188135,12603980
2021-11-13,"Johnson&Johnson, Moderna, Oxford/AstraZeneca, Pfizer/BioNTech",6421184,6191982,12613166
2021-11-14,"Johnson&Johnson, Moderna, Oxford/AstraZeneca, Pfizer/BioNTech",6425041,6194971,12620012
2021-11-15,"Johnson&Johnson, Moderna, Oxford/AstraZeneca, Pfizer/BioNTech",6440063,6205598,12645661
2021-11-16,"Johnson&Johnson, Moderna, Oxford/AstraZeneca, Pfizer/BioNTech",6457439,6217307,12674746
2021-11-17,"Johnson&Johnson, Moderna, Oxford/AstraZeneca, Pfizer/BioNTech",6461579,6220802,12682381
2021-11-18,"Johnson&Johnson, Moderna, Oxford/AstraZeneca, Pfizer/BioNTech",6480838,6232357,12713195
2021-11-19,"Johnson&Johnson, Moderna, Oxford/AstraZeneca, Pfizer/BioNTech",6505202,6249156,12754358
2021-11-20,"Johnson&Johnson, Moderna, Oxford/AstraZeneca, Pfizer/BioNTech",6513710,6254092,12767802
2021-11-21,"Johnson&Johnson, Moderna, Oxford/AstraZeneca, Pfizer/BioNTech",6520454,6257840,12778294
2021-11-22,"Johnson&Johnson, Moderna, Oxford/AstraZeneca, Pfizer/BioNTech",6538631,6271688,12810319
2021-11-23,"Johnson&Johnson, Moderna, Oxford/AstraZeneca, Pfizer/BioNTech",6557417,6284643,12842060
2021-11-24,"Johnson&Johnson, Moderna, Oxford/AstraZeneca, Pfizer/BioNTech",6576124,6300221,12876345
2021-11-25,"Johnson&Johnson, Moderna, Oxford/AstraZeneca, Pfizer/BioNTech",6594918,6314891,12909809
2021-11-26,"Johnson&Johnson, Moderna, Oxford/AstraZeneca, Pfizer/BioNTech",6615470,6333077,12948547
2021-11-27,"Johnson&Johnson, Moderna, Oxford/AstraZeneca, Pfizer/BioNTech",6622648,6338363,12961011
2021-11-28,"Johnson&Johnson, Moderna, Pfizer/BioNTech",6625425,6341054,12966479
