date,vaccine,people_vaccinated,people_fully_vaccinated,total_vaccinations
2020-12-27,Pfizer/BioNTech,1287,0,1287
2020-12-28,Pfizer/BioNTech,3593,0,3593
2020-12-29,Pfizer/BioNTech,7064,1,7065
2020-12-30,Pfizer/BioNTech,10584,1,10585
2020-12-31,Pfizer/BioNTech,11895,1,11896
2021-01-01,"Moderna, Pfizer/BioNTech",12165,1,12166
2021-01-02,"Moderna, Pfizer/BioNTech",13447,1,13448
2021-01-03,"Moderna, Pfizer/BioNTech",14373,1,14374
2021-01-04,"Moderna, Pfizer/BioNTech",17988,1,17989
2021-01-05,"Moderna, Pfizer/BioNTech",22516,3,22519
2021-01-06,"Moderna, Pfizer/BioNTech",28364,4,28368
2021-01-07,"Moderna, Pfizer/BioNTech",36365,4,36369
2021-01-08,"Moderna, Pfizer/BioNTech",46420,5,46425
2021-01-09,"Moderna, Pfizer/BioNTech",48448,7,48455
2021-01-10,Pfizer/BioNTech,50219,9,50228
2021-01-11,"Moderna, Pfizer/BioNTech",60080,11,60091
2021-01-12,"Moderna, Pfizer/BioNTech",73536,13,73549
2021-01-13,"Moderna, Pfizer/BioNTech",87087,13,87100
2021-01-14,"Moderna, Pfizer/BioNTech",102343,17,102360
2021-01-15,"Moderna, Pfizer/BioNTech",116366,18,116384
2021-01-16,"Moderna, Pfizer/BioNTech",119770,22,119792
2021-01-17,"Moderna, Pfizer/BioNTech",122391,658,123049
2021-01-18,"Moderna, Pfizer/BioNTech",134886,2485,137371
2021-01-19,"Moderna, Pfizer/BioNTech",147498,5214,152712
2021-01-20,"Moderna, Pfizer/BioNTech",161195,7878,169073
2021-01-21,"Moderna, Pfizer/BioNTech",176852,9622,186474
2021-01-22,"Moderna, Pfizer/BioNTech",191747,10668,202415
2021-01-23,"Moderna, Pfizer/BioNTech",195067,11547,206614
2021-01-24,"Moderna, Pfizer/BioNTech",197323,12417,209740
2021-01-25,"Moderna, Pfizer/BioNTech",206978,15392,222370
2021-01-26,"Moderna, Pfizer/BioNTech",217528,19385,236913
2021-01-27,"Moderna, Pfizer/BioNTech",226561,23921,250482
2021-01-28,"Moderna, Pfizer/BioNTech",233664,30056,263720
2021-01-29,"Moderna, Pfizer/BioNTech",239883,37966,277849
2021-01-30,"Moderna, Pfizer/BioNTech",240624,39054,279678
2021-01-31,"Moderna, Pfizer/BioNTech",241342,40236,281578
2021-02-01,"Moderna, Pfizer/BioNTech",245324,48207,293531
2021-02-02,"Moderna, Pfizer/BioNTech",249477,58447,307924
2021-02-03,"Moderna, Pfizer/BioNTech",253903,69471,323374
2021-02-04,"Moderna, Pfizer/BioNTech",258811,82466,341277
2021-02-05,"Moderna, Pfizer/BioNTech",264285,93143,357428
2021-02-06,"Moderna, Oxford/AstraZeneca, Pfizer/BioNTech",265142,95510,360652
2021-02-07,"Moderna, Oxford/AstraZeneca, Pfizer/BioNTech",265993,98010,364003
2021-02-08,"Moderna, Oxford/AstraZeneca, Pfizer/BioNTech",270088,109444,379532
2021-02-09,"Moderna, Oxford/AstraZeneca, Pfizer/BioNTech",275196,121359,396555
2021-02-10,"Moderna, Oxford/AstraZeneca, Pfizer/BioNTech",280712,134622,415334
2021-02-11,"Moderna, Oxford/AstraZeneca, Pfizer/BioNTech",287053,150845,437898
2021-02-12,"Moderna, Oxford/AstraZeneca, Pfizer/BioNTech",293883,165593,459476
2021-02-13,"Moderna, Oxford/AstraZeneca, Pfizer/BioNTech",295498,168582,464080
2021-02-14,"Moderna, Oxford/AstraZeneca, Pfizer/BioNTech",296503,169968,466471
2021-02-15,"Moderna, Oxford/AstraZeneca, Pfizer/BioNTech",302901,179339,482240
2021-02-16,"Moderna, Oxford/AstraZeneca, Pfizer/BioNTech",311623,188423,500046
2021-02-17,"Moderna, Oxford/AstraZeneca, Pfizer/BioNTech",321326,196733,518059
2021-02-18,"Moderna, Oxford/AstraZeneca, Pfizer/BioNTech",333656,204817,538473
2021-02-19,"Moderna, Oxford/AstraZeneca, Pfizer/BioNTech",345522,212197,557719
2021-02-20,"Moderna, Oxford/AstraZeneca, Pfizer/BioNTech",347532,213383,560915
2021-02-21,"Moderna, Oxford/AstraZeneca, Pfizer/BioNTech",348669,214409,563078
2021-02-22,"Moderna, Oxford/AstraZeneca, Pfizer/BioNTech",358797,220447,579244
2021-02-23,"Moderna, Oxford/AstraZeneca, Pfizer/BioNTech",371762,227439,599201
2021-02-24,"Moderna, Oxford/AstraZeneca, Pfizer/BioNTech",385645,233481,619126
2021-02-25,"Moderna, Oxford/AstraZeneca, Pfizer/BioNTech",403629,239032,642661
2021-02-26,"Moderna, Oxford/AstraZeneca, Pfizer/BioNTech",419809,244394,664203
2021-02-27,"Moderna, Oxford/AstraZeneca, Pfizer/BioNTech",422819,244954,667773
2021-02-28,"Moderna, Oxford/AstraZeneca, Pfizer/BioNTech",425177,245506,670683
2021-03-01,"Moderna, Oxford/AstraZeneca, Pfizer/BioNTech",444779,248957,693736
2021-03-02,"Moderna, Oxford/AstraZeneca, Pfizer/BioNTech",472009,252507,724516
2021-03-03,"Moderna, Oxford/AstraZeneca, Pfizer/BioNTech",502968,257018,759986
2021-03-04,"Moderna, Oxford/AstraZeneca, Pfizer/BioNTech",536263,261708,797971
2021-03-05,"Johnson&Johnson, Moderna, Oxford/AstraZeneca, Pfizer/BioNTech",565110,267134,832244
2021-03-06,"Johnson&Johnson, Moderna, Oxford/AstraZeneca, Pfizer/BioNTech",577267,267999,845266
2021-03-07,"Johnson&Johnson, Moderna, Oxford/AstraZeneca, Pfizer/BioNTech",588816,268841,857657
2021-03-08,"Johnson&Johnson, Moderna, Oxford/AstraZeneca, Pfizer/BioNTech",618566,273704,892270
2021-03-09,"Johnson&Johnson, Moderna, Oxford/AstraZeneca, Pfizer/BioNTech",654937,280090,935027
2021-03-10,"Johnson&Johnson, Moderna, Oxford/AstraZeneca, Pfizer/BioNTech",696274,287051,983325
2021-03-11,"Johnson&Johnson, Moderna, Oxford/AstraZeneca, Pfizer/BioNTech",741129,295425,1036554
2021-03-12,"Johnson&Johnson, Moderna, Oxford/AstraZeneca, Pfizer/BioNTech",779898,303922,1083820
2021-03-13,"Johnson&Johnson, Moderna, Oxford/AstraZeneca, Pfizer/BioNTech",797007,305237,1102244
2021-03-14,"Johnson&Johnson, Moderna, Oxford/AstraZeneca, Pfizer/BioNTech",809125,306393,1115518
2021-03-15,"Johnson&Johnson, Moderna, Oxford/AstraZeneca, Pfizer/BioNTech",837523,315176,1152699
2021-03-16,"Johnson&Johnson, Moderna, Oxford/AstraZeneca, Pfizer/BioNTech",876417,325714,1202131
2021-03-17,"Moderna, Oxford/AstraZeneca, Pfizer/BioNTech",913908,336227,1250135
2021-03-18,"Johnson&Johnson, Moderna, Oxford/AstraZeneca, Pfizer/BioNTech",951913,348652,1300565
2021-03-19,"Moderna, Oxford/AstraZeneca, Pfizer/BioNTech",986430,362266,1348696
2021-03-20,"Johnson&Johnson, Moderna, Oxford/AstraZeneca, Pfizer/BioNTech",1001611,364298,1365909
2021-03-21,"Johnson&Johnson, Moderna, Oxford/AstraZeneca, Pfizer/BioNTech",1009053,365858,1374911
2021-03-22,"Johnson&Johnson, Moderna, Oxford/AstraZeneca, Pfizer/BioNTech",1033631,378362,1411993
2021-03-23,"Johnson&Johnson, Moderna, Oxford/AstraZeneca, Pfizer/BioNTech",1060310,391728,1452038
2021-03-24,"Johnson&Johnson, Moderna, Oxford/AstraZeneca, Pfizer/BioNTech",1087198,407476,1494674
2021-03-25,"Johnson&Johnson, Moderna, Oxford/AstraZeneca, Pfizer/BioNTech",1113552,425332,1538884
2021-03-26,"Johnson&Johnson, Moderna, Oxford/AstraZeneca, Pfizer/BioNTech",1138394,442844,1581238
2021-03-27,"Johnson&Johnson, Moderna, Oxford/AstraZeneca, Pfizer/BioNTech",1146850,447690,1594540
2021-03-28,"Moderna, Oxford/AstraZeneca, Pfizer/BioNTech",1152398,451838,1604236
2021-03-29,"Johnson&Johnson, Moderna, Oxford/AstraZeneca, Pfizer/BioNTech",1171555,472576,1644131
2021-03-30,"Johnson&Johnson, Moderna, Oxford/AstraZeneca, Pfizer/BioNTech",1196265,494764,1691029
2021-03-31,"Johnson&Johnson, Moderna, Oxford/AstraZeneca, Pfizer/BioNTech",1219421,521834,1741255
2021-04-01,"Johnson&Johnson, Moderna, Oxford/AstraZeneca, Pfizer/BioNTech",1245105,553895,1799000
2021-04-02,"Johnson&Johnson, Moderna, Oxford/AstraZeneca, Pfizer/BioNTech",1252079,566696,1818775
2021-04-03,"Johnson&Johnson, Moderna, Oxford/AstraZeneca, Pfizer/BioNTech",1255729,577627,1833356
2021-04-04,"Johnson&Johnson, Moderna, Oxford/AstraZeneca, Pfizer/BioNTech",1258270,586551,1844821
2021-04-05,"Johnson&Johnson, Moderna, Oxford/AstraZeneca, Pfizer/BioNTech",1260699,593755,1854454
2021-04-06,"Johnson&Johnson, Moderna, Oxford/AstraZeneca, Pfizer/BioNTech",1276914,623031,1899945
2021-04-07,"Johnson&Johnson, Moderna, Oxford/AstraZeneca, Pfizer/BioNTech",1300416,645275,1945691
2021-04-08,"Johnson&Johnson, Moderna, Oxford/AstraZeneca, Pfizer/BioNTech",1339223,676322,2015545
2021-04-09,"Johnson&Johnson, Moderna, Oxford/AstraZeneca, Pfizer/BioNTech",1378823,706519,2085342
2021-04-10,"Johnson&Johnson, Moderna, Oxford/AstraZeneca, Pfizer/BioNTech",1394389,721831,2116220
2021-04-11,"Johnson&Johnson, Moderna, Oxford/AstraZeneca, Pfizer/BioNTech",1404184,731887,2136071
2021-04-12,"Johnson&Johnson, Moderna, Oxford/AstraZeneca, Pfizer/BioNTech",1442507,757033,2199540
2021-04-13,"Moderna, Oxford/AstraZeneca, Pfizer/BioNTech",1478812,783076,2261888
2021-04-14,"Moderna, Oxford/AstraZeneca, Pfizer/BioNTech",1517696,810452,2328148
2021-04-15,"Moderna, Oxford/AstraZeneca, Pfizer/BioNTech",1565532,836233,2401765
2021-04-16,"Moderna, Oxford/AstraZeneca, Pfizer/BioNTech",1610242,861919,2472161
2021-04-17,"Moderna, Oxford/AstraZeneca, Pfizer/BioNTech",1626965,870945,2497910
2021-04-18,"Moderna, Oxford/AstraZeneca, Pfizer/BioNTech",1639964,875931,2515895
2021-04-19,"Moderna, Oxford/AstraZeneca, Pfizer/BioNTech",1683936,891373,2575309
2021-04-20,"Johnson&Johnson, Moderna, Oxford/AstraZeneca, Pfizer/BioNTech",1726524,907261,2633785
2021-04-21,"Moderna, Oxford/AstraZeneca, Pfizer/BioNTech",1774297,921630,2695927
2021-04-22,"Johnson&Johnson, Moderna, Oxford/AstraZeneca, Pfizer/BioNTech",1828823,939028,2767851
2021-04-23,"Johnson&Johnson, Moderna, Oxford/AstraZeneca, Pfizer/BioNTech",1878840,951093,2829933
2021-04-24,"Johnson&Johnson, Moderna, Oxford/AstraZeneca, Pfizer/BioNTech",1896715,956359,2853074
2021-04-25,"Johnson&Johnson, Moderna, Oxford/AstraZeneca, Pfizer/BioNTech",1911425,960361,2871786
2021-04-26,"Johnson&Johnson, Moderna, Oxford/AstraZeneca, Pfizer/BioNTech",1961034,967930,2928964
2021-04-27,"Johnson&Johnson, Moderna, Oxford/AstraZeneca, Pfizer/BioNTech",2010029,980182,2990211
2021-04-28,"Johnson&Johnson, Moderna, Oxford/AstraZeneca, Pfizer/BioNTech",2068812,994210,3063022
2021-04-29,"Johnson&Johnson, Moderna, Oxford/AstraZeneca, Pfizer/BioNTech",2134430,1010128,3144558
2021-04-30,"Johnson&Johnson, Moderna, Oxford/AstraZeneca, Pfizer/BioNTech",2196727,1020123,3216850
2021-05-01,"Johnson&Johnson, Moderna, Oxford/AstraZeneca, Pfizer/BioNTech",2216113,1023586,3239699
2021-05-02,"Johnson&Johnson, Moderna, Oxford/AstraZeneca, Pfizer/BioNTech",2235063,1025875,3260938
2021-05-03,"Johnson&Johnson, Moderna, Oxford/AstraZeneca, Pfizer/BioNTech",2302344,1030957,3333301
2021-05-04,"Johnson&Johnson, Moderna, Oxford/AstraZeneca, Pfizer/BioNTech",2368896,1039333,3408229
2021-05-05,"Johnson&Johnson, Moderna, Oxford/AstraZeneca, Pfizer/BioNTech",2442105,1048779,3490884
2021-05-06,"Johnson&Johnson, Moderna, Oxford/AstraZeneca, Pfizer/BioNTech",2522551,1059534,3582085
2021-05-07,"Johnson&Johnson, Moderna, Oxford/AstraZeneca, Pfizer/BioNTech",2599886,1069677,3669563
2021-05-08,"Johnson&Johnson, Moderna, Oxford/AstraZeneca, Pfizer/BioNTech",2629416,1071466,3700882
2021-05-09,"Johnson&Johnson, Moderna, Oxford/AstraZeneca, Pfizer/BioNTech",2653651,1072686,3726337
2021-05-10,"Johnson&Johnson, Moderna, Oxford/AstraZeneca, Pfizer/BioNTech",2726457,1079934,3806391
2021-05-11,"Johnson&Johnson, Moderna, Oxford/AstraZeneca, Pfizer/BioNTech",2802607,1088769,3891376
2021-05-12,"Johnson&Johnson, Moderna, Oxford/AstraZeneca, Pfizer/BioNTech",2882555,1097915,3980470
2021-05-13,"Johnson&Johnson, Moderna, Oxford/AstraZeneca, Pfizer/BioNTech",2966612,1107105,4073717
2021-05-14,"Johnson&Johnson, Moderna, Oxford/AstraZeneca, Pfizer/BioNTech",3046158,1114935,4161093
2021-05-15,"Johnson&Johnson, Moderna, Oxford/AstraZeneca, Pfizer/BioNTech",3078120,1117219,4195339
2021-05-16,"Johnson&Johnson, Moderna, Oxford/AstraZeneca, Pfizer/BioNTech",3103929,1118504,4222433
2021-05-17,"Johnson&Johnson, Moderna, Oxford/AstraZeneca, Pfizer/BioNTech",3176475,1125263,4301738
2021-05-18,"Johnson&Johnson, Moderna, Oxford/AstraZeneca, Pfizer/BioNTech",3248460,1138385,4386845
2021-05-19,"Johnson&Johnson, Moderna, Oxford/AstraZeneca, Pfizer/BioNTech",3325957,1153560,4479517
2021-05-20,"Johnson&Johnson, Moderna, Oxford/AstraZeneca, Pfizer/BioNTech",3401450,1180631,4582081
2021-05-21,"Johnson&Johnson, Moderna, Oxford/AstraZeneca, Pfizer/BioNTech",3470299,1208443,4678742
2021-05-22,"Johnson&Johnson, Moderna, Oxford/AstraZeneca, Pfizer/BioNTech",3502754,1219681,4722435
2021-05-23,"Johnson&Johnson, Moderna, Oxford/AstraZeneca, Pfizer/BioNTech",3525202,1228723,4753925
2021-05-24,"Johnson&Johnson, Moderna, Oxford/AstraZeneca, Pfizer/BioNTech",3572412,1262404,4834816
2021-05-25,"Johnson&Johnson, Moderna, Oxford/AstraZeneca, Pfizer/BioNTech",3624327,1298252,4922579
2021-05-26,"Johnson&Johnson, Moderna, Oxford/AstraZeneca, Pfizer/BioNTech",3692094,1335814,5027908
2021-05-27,"Johnson&Johnson, Moderna, Oxford/AstraZeneca, Pfizer/BioNTech",3753530,1383187,5136717
2021-05-28,"Johnson&Johnson, Moderna, Oxford/AstraZeneca, Pfizer/BioNTech",3815285,1429801,5245086
2021-05-29,"Johnson&Johnson, Moderna, Oxford/AstraZeneca, Pfizer/BioNTech",3844543,1446943,5291486
2021-05-30,"Johnson&Johnson, Moderna, Oxford/AstraZeneca, Pfizer/BioNTech",3866949,1461407,5328356
2021-05-31,"Johnson&Johnson, Moderna, Oxford/AstraZeneca, Pfizer/BioNTech",3922702,1508945,5431647
2021-06-01,"Johnson&Johnson, Moderna, Oxford/AstraZeneca, Pfizer/BioNTech",3981805,1557831,5539636
2021-06-02,"Johnson&Johnson, Moderna, Oxford/AstraZeneca, Pfizer/BioNTech",4044769,1611867,5656636
2021-06-03,"Johnson&Johnson, Moderna, Oxford/AstraZeneca, Pfizer/BioNTech",4103023,1672117,5775140
2021-06-04,"Johnson&Johnson, Moderna, Oxford/AstraZeneca, Pfizer/BioNTech",4166154,1729559,5895713
2021-06-05,"Johnson&Johnson, Moderna, Oxford/AstraZeneca, Pfizer/BioNTech",4200342,1748482,5948824
2021-06-06,"Johnson&Johnson, Moderna, Oxford/AstraZeneca, Pfizer/BioNTech",4227303,1763657,5990960
2021-06-07,"Johnson&Johnson, Moderna, Oxford/AstraZeneca, Pfizer/BioNTech",4291003,1819311,6110314
2021-06-08,"Johnson&Johnson, Moderna, Oxford/AstraZeneca, Pfizer/BioNTech",4355021,1874345,6229366
2021-06-09,"Johnson&Johnson, Moderna, Oxford/AstraZeneca, Pfizer/BioNTech",4414241,1939050,6353291
2021-06-10,"Johnson&Johnson, Moderna, Oxford/AstraZeneca, Pfizer/BioNTech",4468104,2010374,6478478
2021-06-11,"Johnson&Johnson, Moderna, Oxford/AstraZeneca, Pfizer/BioNTech",4520232,2080234,6600466
2021-06-12,"Johnson&Johnson, Moderna, Oxford/AstraZeneca, Pfizer/BioNTech",4552248,2101087,6653335
2021-06-13,"Johnson&Johnson, Moderna, Oxford/AstraZeneca, Pfizer/BioNTech",4576295,2119532,6695827
2021-06-14,"Johnson&Johnson, Moderna, Oxford/AstraZeneca, Pfizer/BioNTech",4619382,2193952,6813334
2021-06-15,"Johnson&Johnson, Moderna, Oxford/AstraZeneca, Pfizer/BioNTech",4664061,2266364,6930425
2021-06-16,"Johnson&Johnson, Moderna, Oxford/AstraZeneca, Pfizer/BioNTech",4706880,2344628,7051508
2021-06-17,"Johnson&Johnson, Moderna, Oxford/AstraZeneca, Pfizer/BioNTech",4746318,2427748,7174066
2021-06-18,"Johnson&Johnson, Moderna, Oxford/AstraZeneca, Pfizer/BioNTech",4788766,2508354,7297120
2021-06-19,"Johnson&Johnson, Moderna, Oxford/AstraZeneca, Pfizer/BioNTech",4810555,2537696,7348251
2021-06-20,"Johnson&Johnson, Moderna, Oxford/AstraZeneca, Pfizer/BioNTech",4827963,2561567,7389530
2021-06-21,"Johnson&Johnson, Moderna, Oxford/AstraZeneca, Pfizer/BioNTech",4860477,2640206,7500683
2021-06-22,"Johnson&Johnson, Moderna, Oxford/AstraZeneca, Pfizer/BioNTech",4893450,2722548,7615998
2021-06-23,"Johnson&Johnson, Moderna, Oxford/AstraZeneca, Pfizer/BioNTech",4925163,2807817,7732980
2021-06-24,"Johnson&Johnson, Moderna, Oxford/AstraZeneca, Pfizer/BioNTech",4955026,2897886,7852912
2021-06-25,"Johnson&Johnson, Moderna, Oxford/AstraZeneca, Pfizer/BioNTech",4986120,2984137,7970257
2021-06-26,"Johnson&Johnson, Moderna, Oxford/AstraZeneca, Pfizer/BioNTech",5002021,3019025,8021046
2021-06-27,"Johnson&Johnson, Moderna, Oxford/AstraZeneca, Pfizer/BioNTech",5015982,3045743,8061725
2021-06-28,"Johnson&Johnson, Moderna, Oxford/AstraZeneca, Pfizer/BioNTech",5044401,3130973,8175374
2021-06-29,"Johnson&Johnson, Moderna, Oxford/AstraZeneca, Pfizer/BioNTech",5073686,3217533,8291219
2021-06-30,"Johnson&Johnson, Moderna, Oxford/AstraZeneca, Pfizer/BioNTech",5101191,3308584,8409775
2021-07-01,"Johnson&Johnson, Moderna, Oxford/AstraZeneca, Pfizer/BioNTech",5125174,3398689,8523863
2021-07-02,"Johnson&Johnson, Moderna, Oxford/AstraZeneca, Pfizer/BioNTech",5151922,3484620,8636542
2021-07-03,"Johnson&Johnson, Moderna, Oxford/AstraZeneca, Pfizer/BioNTech",5159024,3516193,8675217
2021-07-04,"Johnson&Johnson, Moderna, Oxford/AstraZeneca, Pfizer/BioNTech",5166610,3538016,8704626
2021-07-05,"Johnson&Johnson, Moderna, Oxford/AstraZeneca, Pfizer/BioNTech",5174023,3563430,8737453
2021-07-06,"Johnson&Johnson, Moderna, Oxford/AstraZeneca, Pfizer/BioNTech",5179489,3591154,8770643
2021-07-07,"Johnson&Johnson, Moderna, Oxford/AstraZeneca, Pfizer/BioNTech",5205321,3670156,8875477
2021-07-08,"Johnson&Johnson, Moderna, Oxford/AstraZeneca, Pfizer/BioNTech",5231934,3740506,8972440
2021-07-09,"Johnson&Johnson, Moderna, Oxford/AstraZeneca, Pfizer/BioNTech",5259882,3809843,9069725
2021-07-10,"Johnson&Johnson, Moderna, Oxford/AstraZeneca, Pfizer/BioNTech",5269262,3838515,9107777
2021-07-11,"Johnson&Johnson, Moderna, Oxford/AstraZeneca, Pfizer/BioNTech",5277815,3861404,9139219
2021-07-12,"Johnson&Johnson, Moderna, Oxford/AstraZeneca, Pfizer/BioNTech",5305350,3930497,9235847
2021-07-13,"Johnson&Johnson, Moderna, Oxford/AstraZeneca, Pfizer/BioNTech",5331553,4000392,9331945
2021-07-14,"Johnson&Johnson, Moderna, Oxford/AstraZeneca, Pfizer/BioNTech",5357385,4072405,9429790
2021-07-15,"Johnson&Johnson, Moderna, Oxford/AstraZeneca, Pfizer/BioNTech",5386575,4138441,9525016
2021-07-16,"Johnson&Johnson, Moderna, Oxford/AstraZeneca, Pfizer/BioNTech",5414502,4211198,9625700
2021-07-17,"Johnson&Johnson, Moderna, Oxford/AstraZeneca, Pfizer/BioNTech",5423304,4242680,9665984
2021-07-18,"Johnson&Johnson, Moderna, Oxford/AstraZeneca, Pfizer/BioNTech",5431748,4268692,9700440
2021-07-19,"Johnson&Johnson, Moderna, Oxford/AstraZeneca, Pfizer/BioNTech",5455121,4335740,9790861
2021-07-20,"Johnson&Johnson, Moderna, Oxford/AstraZeneca, Pfizer/BioNTech",5476529,4402819,9879348
2021-07-21,"Johnson&Johnson, Moderna, Oxford/AstraZeneca, Pfizer/BioNTech",5499986,4466289,9966275
2021-07-22,"Johnson&Johnson, Moderna, Oxford/AstraZeneca, Pfizer/BioNTech",5522360,4524932,10047292
2021-07-23,"Johnson&Johnson, Moderna, Oxford/AstraZeneca, Pfizer/BioNTech",5545586,4579700,10125286
2021-07-24,"Johnson&Johnson, Moderna, Oxford/AstraZeneca, Pfizer/BioNTech",5552930,4607378,10160308
2021-07-25,"Johnson&Johnson, Moderna, Oxford/AstraZeneca, Pfizer/BioNTech",5559564,4629518,10189082
2021-07-26,"Johnson&Johnson, Moderna, Oxford/AstraZeneca, Pfizer/BioNTech",5583120,4678216,10261336
2021-07-27,"Johnson&Johnson, Moderna, Oxford/AstraZeneca, Pfizer/BioNTech",5605866,4724882,10330748
2021-07-28,"Johnson&Johnson, Moderna, Oxford/AstraZeneca, Pfizer/BioNTech",5627146,4770908,10398054
2021-07-29,"Johnson&Johnson, Moderna, Oxford/AstraZeneca, Pfizer/BioNTech",5648480,4812898,10461378
2021-07-30,"Johnson&Johnson, Moderna, Oxford/AstraZeneca, Pfizer/BioNTech",5671760,4855487,10527247
2021-07-31,"Johnson&Johnson, Moderna, Oxford/AstraZeneca, Pfizer/BioNTech",5680705,4875029,10555734
2021-08-01,"Johnson&Johnson, Moderna, Oxford/AstraZeneca, Pfizer/BioNTech",5687433,4891213,10578646
2021-08-02,"Johnson&Johnson, Moderna, Oxford/AstraZeneca, Pfizer/BioNTech",5706075,4928782,10634857
2021-08-03,"Johnson&Johnson, Moderna, Oxford/AstraZeneca, Pfizer/BioNTech",5723727,4966901,10690628
2021-08-04,"Johnson&Johnson, Moderna, Oxford/AstraZeneca, Pfizer/BioNTech",5739848,5003681,10743529
2021-08-05,"Johnson&Johnson, Moderna, Oxford/AstraZeneca, Pfizer/BioNTech",5755887,5044183,10800070
2021-08-06,"Johnson&Johnson, Moderna, Oxford/AstraZeneca, Pfizer/BioNTech",5772686,5087497,10860183
2021-08-07,"Johnson&Johnson, Moderna, Oxford/AstraZeneca, Pfizer/BioNTech",5778289,5105679,10883968
2021-08-08,"Johnson&Johnson, Moderna, Oxford/AstraZeneca, Pfizer/BioNTech",5782657,5121442,10904099
2021-08-09,"Johnson&Johnson, Moderna, Oxford/AstraZeneca, Pfizer/BioNTech",5795299,5166519,10961818
2021-08-10,"Johnson&Johnson, Moderna, Oxford/AstraZeneca, Pfizer/BioNTech",5807144,5206106,11013250
2021-08-11,"Johnson&Johnson, Moderna, Oxford/AstraZeneca, Pfizer/BioNTech",5818503,5249249,11067752
2021-08-12,"Johnson&Johnson, Moderna, Oxford/AstraZeneca, Pfizer/BioNTech",5829928,5286399,11116327
2021-08-13,"Johnson&Johnson, Moderna, Oxford/AstraZeneca, Pfizer/BioNTech",5840654,5326758,11167412
2021-08-14,"Johnson&Johnson, Moderna, Oxford/AstraZeneca, Pfizer/BioNTech",5843990,5337473,11181463
2021-08-15,"Johnson&Johnson, Moderna, Oxford/AstraZeneca, Pfizer/BioNTech",5846576,5347860,11194436
2021-08-16,"Johnson&Johnson, Moderna, Oxford/AstraZeneca, Pfizer/BioNTech",5856367,5381946,11238313
2021-08-17,"Johnson&Johnson, Moderna, Oxford/AstraZeneca, Pfizer/BioNTech",5865961,5409054,11275015
2021-08-18,"Johnson&Johnson, Moderna, Oxford/AstraZeneca, Pfizer/BioNTech",5875339,5447955,11323294
2021-08-19,"Johnson&Johnson, Moderna, Oxford/AstraZeneca, Pfizer/BioNTech",5885014,5486312,11371326
2021-08-20,"Johnson&Johnson, Moderna, Oxford/AstraZeneca, Pfizer/BioNTech",5896404,5526504,11422908
2021-08-21,"Johnson&Johnson, Moderna, Oxford/AstraZeneca, Pfizer/BioNTech",5899125,5539271,11438396
2021-08-22,"Johnson&Johnson, Moderna, Oxford/AstraZeneca, Pfizer/BioNTech",5901470,5551240,11452710
2021-08-23,"Johnson&Johnson, Moderna, Oxford/AstraZeneca, Pfizer/BioNTech",5912004,5590519,11502523
2021-08-24,"Johnson&Johnson, Moderna, Oxford/AstraZeneca, Pfizer/BioNTech",5921882,5623779,11545661
2021-08-25,"Johnson&Johnson, Moderna, Oxford/AstraZeneca, Pfizer/BioNTech",5930747,5652158,11582905
2021-08-26,"Johnson&Johnson, Moderna, Oxford/AstraZeneca, Pfizer/BioNTech",5939199,5678287,11617486
2021-08-27,"Johnson&Johnson, Moderna, Oxford/AstraZeneca, Pfizer/BioNTech",5949528,5704267,11653795
2021-08-28,"Johnson&Johnson, Moderna, Oxford/AstraZeneca, Pfizer/BioNTech",5952261,5711323,11663584
2021-08-29,"Johnson&Johnson, Moderna, Oxford/AstraZeneca, Pfizer/BioNTech",5954673,5717943,11672616
2021-08-30,"Johnson&Johnson, Moderna, Oxford/AstraZeneca, Pfizer/BioNTech",5963203,5739820,11703023
2021-08-31,"Johnson&Johnson, Moderna, Oxford/AstraZeneca, Pfizer/BioNTech",5970882,5757922,11728804
2021-09-01,"Johnson&Johnson, Moderna, Oxford/AstraZeneca, Pfizer/BioNTech",5976778,5771937,11748715
2021-09-02,"Johnson&Johnson, Moderna, Oxford/AstraZeneca, Pfizer/BioNTech",5983621,5786327,11769948
2021-09-03,"Johnson&Johnson, Moderna, Oxford/AstraZeneca, Pfizer/BioNTech",5993185,5802054,11795239
2021-09-04,"Johnson&Johnson, Moderna, Oxford/AstraZeneca, Pfizer/BioNTech",5995254,5805610,11800864
2021-09-05,"Johnson&Johnson, Moderna, Oxford/AstraZeneca, Pfizer/BioNTech",5997293,5808457,11805750
2021-09-06,"Johnson&Johnson, Moderna, Oxford/AstraZeneca, Pfizer/BioNTech",6003531,5820998,11824529
2021-09-07,"Johnson&Johnson, Moderna, Oxford/AstraZeneca, Pfizer/BioNTech",6007925,5832078,11840003
2021-09-08,"Johnson&Johnson, Moderna, Oxford/AstraZeneca, Pfizer/BioNTech",6013600,5841938,11855538
2021-09-09,"Johnson&Johnson, Moderna, Oxford/AstraZeneca, Pfizer/BioNTech",6020300,5852005,11872305
2021-09-10,"Johnson&Johnson, Moderna, Oxford/AstraZeneca, Pfizer/BioNTech",6027993,5864182,11892175
2021-09-11,"Johnson&Johnson, Moderna, Oxford/AstraZeneca, Pfizer/BioNTech",6029858,5866664,11896522
2021-09-12,"Johnson&Johnson, Moderna, Oxford/AstraZeneca, Pfizer/BioNTech",6030976,5868296,11899272
2021-09-13,"Johnson&Johnson, Moderna, Oxford/AstraZeneca, Pfizer/BioNTech",6036412,5878600,11915012
2021-09-14,"Johnson&Johnson, Moderna, Oxford/AstraZeneca, Pfizer/BioNTech",6041808,5887618,11929426
2021-09-15,"Johnson&Johnson, Moderna, Oxford/AstraZeneca, Pfizer/BioNTech",6047008,5896146,11943154
2021-09-16,"Johnson&Johnson, Moderna, Oxford/AstraZeneca, Pfizer/BioNTech",6052356,5904421,11956777
2021-09-17,"Johnson&Johnson, Moderna, Oxford/AstraZeneca, Pfizer/BioNTech",6058926,5914657,11973583
2021-09-18,"Johnson&Johnson, Moderna, Oxford/AstraZeneca, Pfizer/BioNTech",6060653,5917016,11977669
2021-09-19,"Johnson&Johnson, Moderna, Oxford/AstraZeneca, Pfizer/BioNTech",6061600,5918585,11980185
2021-09-20,"Johnson&Johnson, Moderna, Oxford/AstraZeneca, Pfizer/BioNTech",6065616,5926784,11992400
2021-09-21,"Johnson&Johnson, Moderna, Oxford/AstraZeneca, Pfizer/BioNTech",6069851,5934315,12004166
2021-09-22,"Johnson&Johnson, Moderna, Oxford/AstraZeneca, Pfizer/BioNTech",6074044,5939828,12013872
2021-09-23,"Johnson&Johnson, Moderna, Oxford/AstraZeneca, Pfizer/BioNTech",6079017,5946233,12025250
2021-09-24,"Johnson&Johnson, Moderna, Oxford/AstraZeneca, Pfizer/BioNTech",6084779,5955856,12040635
2021-09-25,"Johnson&Johnson, Moderna, Oxford/AstraZeneca, Pfizer/BioNTech",6086274,5957855,12044129
2021-09-26,"Johnson&Johnson, Moderna, Oxford/AstraZeneca, Pfizer/BioNTech",6087018,5959492,12046510
2021-09-27,"Johnson&Johnson, Moderna, Oxford/AstraZeneca, Pfizer/BioNTech",6090898,5966004,12056902
2021-09-28,"Johnson&Johnson, Moderna, Pfizer/BioNTech",6091265,5966628,12057893
2021-09-29,"Johnson&Johnson, Moderna, Oxford/AstraZeneca, Pfizer/BioNTech",6095040,5974087,12069127
2021-09-30,"Johnson&Johnson, Moderna, Oxford/AstraZeneca, Pfizer/BioNTech",6099546,5981784,12081330
2021-10-01,"Johnson&Johnson, Moderna, Oxford/AstraZeneca, Pfizer/BioNTech",6103848,5989762,12093610
2021-10-02,"Johnson&Johnson, Moderna, Oxford/AstraZeneca, Pfizer/BioNTech",6104912,5991303,12096215
2021-10-03,"Johnson&Johnson, Moderna, Oxford/AstraZeneca, Pfizer/BioNTech",6105637,5992172,12097809
2021-10-04,"Johnson&Johnson, Moderna, Oxford/AstraZeneca, Pfizer/BioNTech",6108712,5997744,12106456
2021-10-05,"Johnson&Johnson, Moderna, Oxford/AstraZeneca, Pfizer/BioNTech",6111876,6002829,12114705
2021-10-06,"Johnson&Johnson, Moderna, Oxford/AstraZeneca, Pfizer/BioNTech",6115395,6007999,12123394
2021-10-07,"Johnson&Johnson, Moderna, Oxford/AstraZeneca, Pfizer/BioNTech",6118676,6013257,12131933
2021-10-08,"Johnson&Johnson, Moderna, Oxford/AstraZeneca, Pfizer/BioNTech",6123469,6019895,12143364
2021-10-09,"Johnson&Johnson, Moderna, Oxford/AstraZeneca, Pfizer/BioNTech",6124713,6021553,12146266
2021-10-10,"Johnson&Johnson, Moderna, Oxford/AstraZeneca, Pfizer/BioNTech",6125656,6022384,12148040
2021-10-11,"Johnson&Johnson, Moderna, Oxford/AstraZeneca, Pfizer/BioNTech",6128587,6026798,12155385
2021-10-12,"Johnson&Johnson, Moderna, Oxford/AstraZeneca, Pfizer/BioNTech",6131517,6030801,12162318
2021-10-13,"Johnson&Johnson, Moderna, Oxford/AstraZeneca, Pfizer/BioNTech",6135048,6034985,12170033
2021-10-14,"Johnson&Johnson, Moderna, Oxford/AstraZeneca, Pfizer/BioNTech",6138719,6039934,12178653
2021-10-15,"Johnson&Johnson, Moderna, Oxford/AstraZeneca, Pfizer/BioNTech",6143950,6046080,12190030
2021-10-16,"Johnson&Johnson, Moderna, Oxford/AstraZeneca, Pfizer/BioNTech",6145365,6047607,12192972
2021-10-17,"Johnson&Johnson, Moderna, Pfizer/BioNTech",6146692,6048660,12195352
2021-10-18,"Johnson&Johnson, Moderna, Oxford/AstraZeneca, Pfizer/BioNTech",6150808,6052757,12203565
2021-10-19,"Johnson&Johnson, Moderna, Oxford/AstraZeneca, Pfizer/BioNTech",6154388,6054854,12209242
2021-10-20,"Johnson&Johnson, Moderna, Oxford/AstraZeneca, Pfizer/BioNTech",6159267,6059301,12218568
2021-10-21,"Johnson&Johnson, Moderna, Oxford/AstraZeneca, Pfizer/BioNTech",6167031,6064902,12231933
2021-10-22,"Johnson&Johnson, Moderna, Oxford/AstraZeneca, Pfizer/BioNTech",6177486,6071405,12248891
2021-10-23,"Johnson&Johnson, Moderna, Oxford/AstraZeneca, Pfizer/BioNTech",6181161,6073611,12254772
2021-10-24,"Johnson&Johnson, Moderna, Oxford/AstraZeneca, Pfizer/BioNTech",6183845,6075391,12259236
2021-10-25,"Johnson&Johnson, Moderna, Oxford/AstraZeneca, Pfizer/BioNTech",6194341,6081195,12275536
2021-10-26,"Johnson&Johnson, Moderna, Oxford/AstraZeneca, Pfizer/BioNTech",6206331,6087744,12294075
2021-10-27,"Johnson&Johnson, Moderna, Oxford/AstraZeneca, Pfizer/BioNTech",6220941,6095146,12316087
2021-10-28,"Johnson&Johnson, Moderna, Oxford/AstraZeneca, Pfizer/BioNTech",6224363,6096829,12321192
2021-10-29,"Johnson&Johnson, Moderna, Oxford/AstraZeneca, Pfizer/BioNTech",6238798,6104811,12343609
2021-10-30,"Johnson&Johnson, Moderna, Oxford/AstraZeneca, Pfizer/BioNTech",6243327,6107735,12351062
2021-10-31,"Johnson&Johnson, Moderna, Oxford/AstraZeneca, Pfizer/BioNTech",6247089,6110206,12357295
2021-11-01,"Johnson&Johnson, Moderna, Oxford/AstraZeneca, Pfizer/BioNTech",6262288,6117893,12380181
2021-11-02,"Johnson&Johnson, Moderna, Oxford/AstraZeneca, Pfizer/BioNTech",6277739,6125450,12403189
2021-11-03,"Johnson&Johnson, Moderna, Oxford/AstraZeneca, Pfizer/BioNTech",6294920,6132746,12427666
2021-11-04,"Johnson&Johnson, Moderna, Oxford/AstraZeneca, Pfizer/BioNTech",6313271,6140912,12454183
2021-11-05,"Johnson&Johnson, Moderna, Oxford/AstraZeneca, Pfizer/BioNTech",6336071,6152195,12488266
2021-11-06,"Johnson&Johnson, Moderna, Oxford/AstraZeneca, Pfizer/BioNTech",6342584,6155248,12497832
2021-11-07,"Johnson&Johnson, Moderna, Oxford/AstraZeneca, Pfizer/BioNTech",6346605,6157684,12504289
2021-11-08,"Johnson&Johnson, Moderna, Oxford/AstraZeneca, Pfizer/BioNTech",6362875,6165316,12528191
2021-11-09,"Johnson&Johnson, Moderna, Oxford/AstraZeneca, Pfizer/BioNTech",6377683,6172612,12550295
2021-11-10,"Johnson&Johnson, Moderna, Oxford/AstraZeneca, Pfizer/BioNTech",6393427,6179991,12573418
2021-11-11,"Johnson&Johnson, Moderna, Oxford/AstraZeneca, Pfizer/BioNTech",6408897,6189095,12597992
2021-11-12,"Johnson&Johnson, Moderna, Oxford/AstraZeneca, Pfizer/BioNTech",6428704,6201896,12630600
2021-11-13,"Johnson&Johnson, Moderna, Oxford/AstraZeneca, Pfizer/BioNTech",6434096,6205767,12639863
2021-11-14,"Johnson&Johnson, Moderna, Oxford/AstraZeneca, Pfizer/BioNTech",6437988,6208770,12646758
2021-11-15,"Johnson&Johnson, Moderna, Oxford/AstraZeneca, Pfizer/BioNTech",6453062,6219461,12672523
2021-11-16,"Johnson&Johnson, Moderna, Oxford/AstraZeneca, Pfizer/BioNTech",6470602,6231440,12702042
2021-11-17,"Johnson&Johnson, Moderna, Oxford/AstraZeneca, Pfizer/BioNTech",6474844,6235003,12709847
2021-11-18,"Johnson&Johnson, Moderna, Oxford/AstraZeneca, Pfizer/BioNTech",6494264,6246694,12740958
2021-11-19,"Johnson&Johnson, Moderna, Oxford/AstraZeneca, Pfizer/BioNTech",6518870,6263664,12782534
2021-11-20,"Johnson&Johnson, Moderna, Oxford/AstraZeneca, Pfizer/BioNTech",6527446,6268644,12796090
2021-11-21,"Johnson&Johnson, Moderna, Pfizer/BioNTech",6534217,6272415,12806632
2021-11-22,"Johnson&Johnson, Moderna, Oxford/AstraZeneca, Pfizer/BioNTech",6552732,6286529,12839261
2021-11-23,"Johnson&Johnson, Moderna, Oxford/AstraZeneca, Pfizer/BioNTech",6571794,6299789,12871583
2021-11-24,"Johnson&Johnson, Moderna, Oxford/AstraZeneca, Pfizer/BioNTech",6590807,6315633,12906440
2021-11-25,"Johnson&Johnson, Moderna, Oxford/AstraZeneca, Pfizer/BioNTech",6609957,6330664,12940621
2021-11-26,"Johnson&Johnson, Moderna, Oxford/AstraZeneca, Pfizer/BioNTech",6631610,6349802,12981412
2021-11-27,"Johnson&Johnson, Moderna, Oxford/AstraZeneca, Pfizer/BioNTech",6639082,6355357,12994439
2021-11-28,"Johnson&Johnson, Moderna, Oxford/AstraZeneca, Pfizer/BioNTech",6642416,6358492,13000908
2021-11-29,"Johnson&Johnson, Moderna, Oxford/AstraZeneca, Pfizer/BioNTech",6657625,6372149,13029774
2021-11-30,"Johnson&Johnson, Moderna, Oxford/AstraZeneca, Pfizer/BioNTech",6670827,6383380,13054207
2021-12-01,"Johnson&Johnson, Moderna, Oxford/AstraZeneca, Pfizer/BioNTech",6684860,6395834,13080694
2021-12-02,"Johnson&Johnson, Moderna, Oxford/AstraZeneca, Pfizer/BioNTech",6695500,6408326,13103826
2021-12-03,"Johnson&Johnson, Moderna, Oxford/AstraZeneca, Pfizer/BioNTech",6705138,6423902,13129040
2021-12-04,"Johnson&Johnson, Moderna, Pfizer/BioNTech",6707697,6427851,13135548
2021-12-05,"Johnson&Johnson, Moderna, Oxford/AstraZeneca, Pfizer/BioNTech",6709057,6430191,13139248
2021-12-06,"Johnson&Johnson, Moderna, Oxford/AstraZeneca, Pfizer/BioNTech",6717203,6441715,13158918
2021-12-07,"Johnson&Johnson, Moderna, Oxford/AstraZeneca, Pfizer/BioNTech",6725090,6453723,13178813
2021-12-08,"Johnson&Johnson, Moderna, Oxford/AstraZeneca, Pfizer/BioNTech",6733333,6459650,13192983
2021-12-09,"Johnson&Johnson, Moderna, Oxford/AstraZeneca, Pfizer/BioNTech",6740454,6472469,13212923
2021-12-10,"Johnson&Johnson, Moderna, Oxford/AstraZeneca, Pfizer/BioNTech",6747386,6490272,13237658
2021-12-11,"Johnson&Johnson, Moderna, Pfizer/BioNTech",6749044,6495543,13244587
2021-12-12,"Johnson&Johnson, Moderna, Oxford/AstraZeneca, Pfizer/BioNTech",6750354,6499976,13250330
2021-12-13,"Johnson&Johnson, Moderna, Oxford/AstraZeneca, Pfizer/BioNTech",6756702,6513286,13269988
2021-12-14,"Johnson&Johnson, Moderna, Oxford/AstraZeneca, Pfizer/BioNTech",6762914,6526952,13289866
2021-12-15,"Johnson&Johnson, Moderna, Oxford/AstraZeneca, Pfizer/BioNTech",6769118,6540551,13309669
2021-12-16,"Johnson&Johnson, Moderna, Oxford/AstraZeneca, Pfizer/BioNTech",6776057,6555384,13331441
2021-12-17,"Johnson&Johnson, Moderna, Oxford/AstraZeneca, Pfizer/BioNTech",6784424,6572644,13357068
2021-12-18,"Johnson&Johnson, Moderna, Oxford/AstraZeneca, Pfizer/BioNTech",6787034,6578094,13365128
2021-12-19,"Johnson&Johnson, Moderna, Pfizer/BioNTech",6788806,6580597,13369403
2021-12-20,"Johnson&Johnson, Moderna, Oxford/AstraZeneca, Pfizer/BioNTech",6794647,6594661,13389308
2021-12-21,"Johnson&Johnson, Moderna, Oxford/AstraZeneca, Pfizer/BioNTech",6801307,6606651,13407958
2021-12-22,"Johnson&Johnson, Moderna, Oxford/AstraZeneca, Pfizer/BioNTech",6806350,6619704,13426054
2021-12-23,"Johnson&Johnson, Moderna, Oxford/AstraZeneca, Pfizer/BioNTech",6809216,6625306,13434522
2021-12-24,"Johnson&Johnson, Moderna, Oxford/AstraZeneca, Pfizer/BioNTech",6809262,6625406,13434668
2021-12-25,"Moderna, Pfizer/BioNTech",6809263,6625414,13434677
2021-12-26,"Moderna, Pfizer/BioNTech",6809364,6625615,13434979
2021-12-27,"Johnson&Johnson, Moderna, Pfizer/BioNTech",6813225,6635347,13448572
2021-12-28,"Johnson&Johnson, Moderna, Oxford/AstraZeneca, Pfizer/BioNTech",6818463,6643338,13461801
2021-12-29,"Johnson&Johnson, Moderna, Oxford/AstraZeneca, Pfizer/BioNTech",6822742,6651055,13473797
2021-12-30,"Johnson&Johnson, Moderna, Pfizer/BioNTech",6827040,6656487,13483527
2021-12-31,"Johnson&Johnson, Moderna, Pfizer/BioNTech",6827549,6657910,13485459
2022-01-01,"Johnson&Johnson, Moderna, Pfizer/BioNTech",6827554,6657928,13485482
2022-01-02,"Johnson&Johnson, Moderna, Pfizer/BioNTech",6828411,6659305,13487716
2022-01-03,"Johnson&Johnson, Moderna, Oxford/AstraZeneca, Pfizer/BioNTech",6832544,6668202,13500746
2022-01-04,"Johnson&Johnson, Moderna, Oxford/AstraZeneca, Pfizer/BioNTech",6837632,6675951,13513583
2022-01-05,"Johnson&Johnson, Moderna, Oxford/AstraZeneca, Pfizer/BioNTech",6843441,6683915,13527356
2022-01-06,"Johnson&Johnson, Moderna, Oxford/AstraZeneca, Pfizer/BioNTech",6850025,6692320,13542345
2022-01-07,"Johnson&Johnson, Moderna, Oxford/AstraZeneca, Pfizer/BioNTech",6857895,6702662,13560557
2022-01-08,"Johnson&Johnson, Moderna, Oxford/AstraZeneca, Pfizer/BioNTech",6860378,6705443,13565821
2022-01-09,"Johnson&Johnson, Moderna, Pfizer/BioNTech",6861459,6707136,13568595
2022-01-10,"Johnson&Johnson, Moderna, Oxford/AstraZeneca, Pfizer/BioNTech",6865949,6713320,13579269
2022-01-11,"Johnson&Johnson, Moderna, Oxford/AstraZeneca, Pfizer/BioNTech",6871384,6720073,13591457
2022-01-12,"Johnson&Johnson, Moderna, Oxford/AstraZeneca, Pfizer/BioNTech",6877334,6725715,13603049
2022-01-13,"Johnson&Johnson, Moderna, Oxford/AstraZeneca, Pfizer/BioNTech",6883209,6730483,13613692
2022-01-14,"Johnson&Johnson, Moderna, Oxford/AstraZeneca, Pfizer/BioNTech",6889502,6734112,13623614
2022-01-15,"Johnson&Johnson, Moderna, Oxford/AstraZeneca, Pfizer/BioNTech",6890780,6734766,13625546
2022-01-16,"Johnson&Johnson, Moderna, Oxford/AstraZeneca, Pfizer/BioNTech",6891467,6735203,13626670
2022-01-17,"Johnson&Johnson, Moderna, Oxford/AstraZeneca, Pfizer/BioNTech",6895001,6739153,13634154
2022-01-18,"Johnson&Johnson, Moderna, Oxford/AstraZeneca, Pfizer/BioNTech",6898848,6744101,13642949
2022-01-19,"Johnson&Johnson, Moderna, Oxford/AstraZeneca, Pfizer/BioNTech",6902906,6748034,13650940
2022-01-20,"Johnson&Johnson, Moderna, Oxford/AstraZeneca, Pfizer/BioNTech",6906498,6752471,13658969
2022-01-21,"Johnson&Johnson, Moderna, Oxford/AstraZeneca, Pfizer/BioNTech",6910489,6754997,13665486
2022-01-22,"Johnson&Johnson, Moderna, Pfizer/BioNTech",6911270,6755434,13666704
2022-01-23,"Johnson&Johnson, Moderna, Pfizer/BioNTech",6911831,6756068,13667899
2022-01-24,"Johnson&Johnson, Moderna, Oxford/AstraZeneca, Pfizer/BioNTech",6914082,6759501,13673583
2022-01-25,"Johnson&Johnson, Moderna, Oxford/AstraZeneca, Pfizer/BioNTech",6916435,6763493,13679928
2022-01-26,"Johnson&Johnson, Moderna, Oxford/AstraZeneca, Pfizer/BioNTech",6918815,6768056,13686871
2022-01-27,"Johnson&Johnson, Moderna, Oxford/AstraZeneca, Pfizer/BioNTech",6921141,6772865,13694006
2022-01-28,"Johnson&Johnson, Moderna, Oxford/AstraZeneca, Pfizer/BioNTech",6924046,6779010,13703056
2022-01-29,"Johnson&Johnson, Moderna, Pfizer/BioNTech",6924646,6780657,13705303
2022-01-30,"Johnson&Johnson, Moderna, Pfizer/BioNTech",6924875,6781434,13706309
2022-01-31,"Johnson&Johnson, Moderna, Pfizer/BioNTech",6926406,6785345,13711751
2022-02-01,"Johnson&Johnson, Moderna, Pfizer/BioNTech",6927983,6789367,13717350
2022-02-02,"Johnson&Johnson, Moderna, Pfizer/BioNTech",6929552,6793861,13723413
2022-02-03,"Johnson&Johnson, Moderna, Pfizer/BioNTech",6930922,6798330,13729252
2022-02-04,"Johnson&Johnson, Moderna, Pfizer/BioNTech",6932517,6803436,13735953
2022-02-05,"Johnson&Johnson, Moderna, Pfizer/BioNTech",6932699,6804045,13736744
2022-02-06,"Johnson&Johnson, Moderna, Pfizer/BioNTech",6932793,6804364,13737157
2022-02-07,"Johnson&Johnson, Moderna, Pfizer/BioNTech",6933489,6807566,13741055
2022-02-08,"Johnson&Johnson, Moderna, Pfizer/BioNTech",6934267,6810732,13744999
2022-02-09,"Johnson&Johnson, Moderna, Pfizer/BioNTech",6935079,6814091,13749170
2022-02-10,"Johnson&Johnson, Moderna, Pfizer/BioNTech",6935858,6817197,13753055
2022-02-11,"Johnson&Johnson, Moderna, Pfizer/BioNTech",6936785,6821099,13757884
2022-02-12,"Johnson&Johnson, Moderna, Pfizer/BioNTech",6936896,6821517,13758413
2022-02-13,"Johnson&Johnson, Moderna, Pfizer/BioNTech",6936934,6821954,13758888
2022-02-14,"Johnson&Johnson, Moderna, Pfizer/BioNTech",6937377,6824040,13761417
2022-02-15,"Johnson&Johnson, Moderna, Pfizer/BioNTech",6937921,6826230,13764151
2022-02-16,"Johnson&Johnson, Moderna, Pfizer/BioNTech",6938498,6828314,13766812
2022-02-17,"Johnson&Johnson, Moderna, Pfizer/BioNTech",6939086,6830627,13769713
2022-02-18,"Johnson&Johnson, Moderna, Pfizer/BioNTech",6939714,6833642,13773356
2022-02-19,"Johnson&Johnson, Moderna, Pfizer/BioNTech",6939795,6833923,13773718
2022-02-20,"Johnson&Johnson, Moderna, Pfizer/BioNTech",6939828,6834069,13773897
2022-02-21,"Johnson&Johnson, Moderna, Pfizer/BioNTech",6940161,6835692,13775853
