date,vaccine,people_vaccinated,people_fully_vaccinated,total_vaccinations
2020-12-27,Pfizer/BioNTech,1285,0,1285
2020-12-28,Pfizer/BioNTech,3592,0,3592
2020-12-29,Pfizer/BioNTech,7062,1,7063
2020-12-30,Pfizer/BioNTech,10582,1,10583
2020-12-31,Pfizer/BioNTech,11894,1,11895
2021-01-01,"Moderna, Pfizer/BioNTech",12164,1,12165
2021-01-02,Pfizer/BioNTech,13445,1,13446
2021-01-03,"Moderna, Pfizer/BioNTech",14369,1,14370
2021-01-04,"Moderna, Pfizer/BioNTech",17983,1,17984
2021-01-05,"Moderna, Pfizer/BioNTech",22510,3,22513
2021-01-06,"Moderna, Pfizer/BioNTech",28359,4,28363
2021-01-07,"Moderna, Pfizer/BioNTech",36360,4,36364
2021-01-08,"Moderna, Pfizer/BioNTech",46414,5,46419
2021-01-09,"Moderna, Pfizer/BioNTech",48443,6,48449
2021-01-10,Pfizer/BioNTech,50215,7,50222
2021-01-11,"Moderna, Pfizer/BioNTech",60073,9,60082
2021-01-12,"Moderna, Pfizer/BioNTech",73530,11,73541
2021-01-13,"Moderna, Pfizer/BioNTech",87077,11,87088
2021-01-14,"Moderna, Pfizer/BioNTech",102330,15,102345
2021-01-15,"Moderna, Pfizer/BioNTech",116350,16,116366
2021-01-16,"Moderna, Pfizer/BioNTech",119753,20,119773
2021-01-17,"Moderna, Pfizer/BioNTech",122375,656,123031
2021-01-18,"Moderna, Pfizer/BioNTech",134868,2483,137351
2021-01-19,"Moderna, Pfizer/BioNTech",147478,5210,152688
2021-01-20,"Moderna, Pfizer/BioNTech",161168,7873,169041
2021-01-21,"Moderna, Pfizer/BioNTech",176822,9619,186441
2021-01-22,"Moderna, Pfizer/BioNTech",191716,10665,202381
2021-01-23,"Moderna, Pfizer/BioNTech",195037,11546,206583
2021-01-24,"Moderna, Pfizer/BioNTech",197292,12415,209707
2021-01-25,"Moderna, Pfizer/BioNTech",206945,15389,222334
2021-01-26,"Moderna, Pfizer/BioNTech",217494,19384,236878
2021-01-27,"Moderna, Pfizer/BioNTech",226525,23921,250446
2021-01-28,"Moderna, Pfizer/BioNTech",233628,30057,263685
2021-01-29,"Moderna, Pfizer/BioNTech",239845,37969,277814
2021-01-30,"Moderna, Pfizer/BioNTech",240586,39057,279643
2021-01-31,"Moderna, Pfizer/BioNTech",241302,40239,281541
2021-02-01,"Moderna, Pfizer/BioNTech",245284,48206,293490
2021-02-02,"Moderna, Pfizer/BioNTech",249436,58446,307882
2021-02-03,"Moderna, Pfizer/BioNTech",253861,69466,323327
2021-02-04,"Moderna, Pfizer/BioNTech",258767,82460,341227
2021-02-05,"Moderna, Pfizer/BioNTech",264237,93136,357373
2021-02-06,"Moderna, Oxford/AstraZeneca, Pfizer/BioNTech",265089,95504,360593
2021-02-07,"Moderna, Oxford/AstraZeneca, Pfizer/BioNTech",265941,98004,363945
2021-02-08,"Moderna, Oxford/AstraZeneca, Pfizer/BioNTech",270030,109439,379469
2021-02-09,"Moderna, Oxford/AstraZeneca, Pfizer/BioNTech",275134,121354,396488
2021-02-10,"Moderna, Oxford/AstraZeneca, Pfizer/BioNTech",280647,134614,415261
2021-02-11,"Moderna, Oxford/AstraZeneca, Pfizer/BioNTech",286987,150837,437824
2021-02-12,"Moderna, Oxford/AstraZeneca, Pfizer/BioNTech",293816,165581,459397
2021-02-13,"Moderna, Oxford/AstraZeneca, Pfizer/BioNTech",295429,168570,463999
2021-02-14,"Moderna, Oxford/AstraZeneca, Pfizer/BioNTech",296433,169956,466389
2021-02-15,"Moderna, Oxford/AstraZeneca, Pfizer/BioNTech",302832,179328,482160
2021-02-16,"Moderna, Oxford/AstraZeneca, Pfizer/BioNTech",311554,188413,499967
2021-02-17,"Moderna, Oxford/AstraZeneca, Pfizer/BioNTech",321254,196720,517974
2021-02-18,"Moderna, Oxford/AstraZeneca, Pfizer/BioNTech",333584,204803,538387
2021-02-19,"Moderna, Oxford/AstraZeneca, Pfizer/BioNTech",345447,212182,557629
2021-02-20,"Moderna, Oxford/AstraZeneca, Pfizer/BioNTech",347451,213368,560819
2021-02-21,"Moderna, Oxford/AstraZeneca, Pfizer/BioNTech",348586,214393,562979
2021-02-22,"Moderna, Oxford/AstraZeneca, Pfizer/BioNTech",358713,220429,579142
2021-02-23,"Moderna, Oxford/AstraZeneca, Pfizer/BioNTech",371675,227421,599096
2021-02-24,"Moderna, Oxford/AstraZeneca, Pfizer/BioNTech",385552,233462,619014
2021-02-25,"Moderna, Oxford/AstraZeneca, Pfizer/BioNTech",403531,239014,642545
2021-02-26,"Moderna, Oxford/AstraZeneca, Pfizer/BioNTech",419708,244370,664078
2021-02-27,"Moderna, Oxford/AstraZeneca, Pfizer/BioNTech",422717,244929,667646
2021-02-28,"Moderna, Oxford/AstraZeneca, Pfizer/BioNTech",425072,245481,670553
2021-03-01,"Moderna, Oxford/AstraZeneca, Pfizer/BioNTech",444668,248933,693601
2021-03-02,"Moderna, Oxford/AstraZeneca, Pfizer/BioNTech",471898,252484,724382
2021-03-03,"Moderna, Oxford/AstraZeneca, Pfizer/BioNTech",502853,256991,759844
2021-03-04,"Moderna, Oxford/AstraZeneca, Pfizer/BioNTech",536141,261680,797821
2021-03-05,"Johnson&Johnson, Moderna, Oxford/AstraZeneca, Pfizer/BioNTech",564985,267106,832091
2021-03-06,"Johnson&Johnson, Moderna, Oxford/AstraZeneca, Pfizer/BioNTech",577138,267968,845106
2021-03-07,"Johnson&Johnson, Moderna, Oxford/AstraZeneca, Pfizer/BioNTech",588683,268810,857493
2021-03-08,"Johnson&Johnson, Moderna, Oxford/AstraZeneca, Pfizer/BioNTech",618437,273669,892106
2021-03-09,"Johnson&Johnson, Moderna, Oxford/AstraZeneca, Pfizer/BioNTech",654802,280055,934857
2021-03-10,"Johnson&Johnson, Moderna, Oxford/AstraZeneca, Pfizer/BioNTech",696127,287014,983141
2021-03-11,"Johnson&Johnson, Moderna, Oxford/AstraZeneca, Pfizer/BioNTech",740975,295388,1036363
2021-03-12,"Johnson&Johnson, Moderna, Oxford/AstraZeneca, Pfizer/BioNTech",779747,303883,1083630
2021-03-13,"Johnson&Johnson, Moderna, Oxford/AstraZeneca, Pfizer/BioNTech",796847,305195,1102042
2021-03-14,"Johnson&Johnson, Moderna, Oxford/AstraZeneca, Pfizer/BioNTech",808966,306351,1115317
2021-03-15,"Johnson&Johnson, Moderna, Oxford/AstraZeneca, Pfizer/BioNTech",837360,315132,1152492
2021-03-16,"Johnson&Johnson, Moderna, Oxford/AstraZeneca, Pfizer/BioNTech",876253,325671,1201924
2021-03-17,"Moderna, Oxford/AstraZeneca, Pfizer/BioNTech",913744,336181,1249925
2021-03-18,"Johnson&Johnson, Moderna, Oxford/AstraZeneca, Pfizer/BioNTech",951752,348603,1300355
2021-03-19,"Moderna, Oxford/AstraZeneca, Pfizer/BioNTech",986259,362217,1348476
2021-03-20,"Johnson&Johnson, Moderna, Oxford/AstraZeneca, Pfizer/BioNTech",1001429,364248,1365677
2021-03-21,"Johnson&Johnson, Moderna, Oxford/AstraZeneca, Pfizer/BioNTech",1008864,365808,1374672
2021-03-22,"Johnson&Johnson, Moderna, Oxford/AstraZeneca, Pfizer/BioNTech",1033449,378312,1411761
2021-03-23,"Johnson&Johnson, Moderna, Oxford/AstraZeneca, Pfizer/BioNTech",1060119,391674,1451793
2021-03-24,"Johnson&Johnson, Moderna, Oxford/AstraZeneca, Pfizer/BioNTech",1087002,407420,1494422
2021-03-25,"Moderna, Oxford/AstraZeneca, Pfizer/BioNTech",1113356,425273,1538629
2021-03-26,"Johnson&Johnson, Moderna, Oxford/AstraZeneca, Pfizer/BioNTech",1138191,442782,1580973
2021-03-27,"Johnson&Johnson, Moderna, Oxford/AstraZeneca, Pfizer/BioNTech",1146644,447628,1594272
2021-03-28,"Moderna, Oxford/AstraZeneca, Pfizer/BioNTech",1152191,451775,1603966
2021-03-29,"Johnson&Johnson, Moderna, Oxford/AstraZeneca, Pfizer/BioNTech",1171340,472513,1643853
2021-03-30,"Johnson&Johnson, Moderna, Oxford/AstraZeneca, Pfizer/BioNTech",1196039,494698,1690737
2021-03-31,"Johnson&Johnson, Moderna, Oxford/AstraZeneca, Pfizer/BioNTech",1219186,521766,1740952
2021-04-01,"Johnson&Johnson, Moderna, Oxford/AstraZeneca, Pfizer/BioNTech",1244855,553828,1798683
2021-04-02,"Johnson&Johnson, Moderna, Oxford/AstraZeneca, Pfizer/BioNTech",1251813,566625,1818438
2021-04-03,"Johnson&Johnson, Moderna, Oxford/AstraZeneca, Pfizer/BioNTech",1255455,577555,1833010
2021-04-04,"Johnson&Johnson, Moderna, Oxford/AstraZeneca, Pfizer/BioNTech",1257987,586478,1844465
2021-04-05,"Johnson&Johnson, Moderna, Oxford/AstraZeneca, Pfizer/BioNTech",1260407,593677,1854084
2021-04-06,"Johnson&Johnson, Moderna, Oxford/AstraZeneca, Pfizer/BioNTech",1276604,622947,1899551
2021-04-07,"Johnson&Johnson, Moderna, Oxford/AstraZeneca, Pfizer/BioNTech",1300078,645185,1945263
2021-04-08,"Johnson&Johnson, Moderna, Oxford/AstraZeneca, Pfizer/BioNTech",1338868,676225,2015093
2021-04-09,"Johnson&Johnson, Moderna, Oxford/AstraZeneca, Pfizer/BioNTech",1378457,706418,2084875
2021-04-10,"Johnson&Johnson, Moderna, Oxford/AstraZeneca, Pfizer/BioNTech",1394002,721721,2115723
2021-04-11,"Johnson&Johnson, Moderna, Oxford/AstraZeneca, Pfizer/BioNTech",1403802,731775,2135577
2021-04-12,"Johnson&Johnson, Moderna, Oxford/AstraZeneca, Pfizer/BioNTech",1442124,756921,2199045
2021-04-13,"Moderna, Oxford/AstraZeneca, Pfizer/BioNTech",1478418,782966,2261384
2021-04-14,"Moderna, Oxford/AstraZeneca, Pfizer/BioNTech",1517289,810339,2327628
2021-04-15,"Moderna, Oxford/AstraZeneca, Pfizer/BioNTech",1565114,836113,2401227
2021-04-16,"Moderna, Oxford/AstraZeneca, Pfizer/BioNTech",1609816,861787,2471603
2021-04-17,"Moderna, Oxford/AstraZeneca, Pfizer/BioNTech",1626528,870815,2497343
2021-04-18,"Moderna, Oxford/AstraZeneca, Pfizer/BioNTech",1639524,875802,2515326
2021-04-19,"Moderna, Oxford/AstraZeneca, Pfizer/BioNTech",1683493,891247,2574740
2021-04-20,"Johnson&Johnson, Moderna, Oxford/AstraZeneca, Pfizer/BioNTech",1726083,907122,2633205
2021-04-21,"Moderna, Oxford/AstraZeneca, Pfizer/BioNTech",1773852,921484,2695336
2021-04-22,"Johnson&Johnson, Moderna, Oxford/AstraZeneca, Pfizer/BioNTech",1828375,938883,2767258
2021-04-23,"Johnson&Johnson, Moderna, Oxford/AstraZeneca, Pfizer/BioNTech",1878378,950944,2829322
2021-04-24,"Johnson&Johnson, Moderna, Oxford/AstraZeneca, Pfizer/BioNTech",1896246,956203,2852449
2021-04-25,"Johnson&Johnson, Moderna, Oxford/AstraZeneca, Pfizer/BioNTech",1910953,960202,2871155
2021-04-26,"Johnson&Johnson, Moderna, Oxford/AstraZeneca, Pfizer/BioNTech",1960566,967761,2928327
2021-04-27,"Johnson&Johnson, Moderna, Oxford/AstraZeneca, Pfizer/BioNTech",2009563,980005,2989568
2021-04-28,"Johnson&Johnson, Moderna, Oxford/AstraZeneca, Pfizer/BioNTech",2068348,994025,3062373
2021-04-29,"Johnson&Johnson, Moderna, Oxford/AstraZeneca, Pfizer/BioNTech",2133957,1009939,3143896
2021-04-30,"Johnson&Johnson, Moderna, Oxford/AstraZeneca, Pfizer/BioNTech",2196242,1019926,3216168
2021-05-01,"Johnson&Johnson, Moderna, Oxford/AstraZeneca, Pfizer/BioNTech",2215616,1023383,3238999
2021-05-02,"Johnson&Johnson, Moderna, Oxford/AstraZeneca, Pfizer/BioNTech",2234562,1025666,3260228
2021-05-03,"Johnson&Johnson, Moderna, Oxford/AstraZeneca, Pfizer/BioNTech",2301841,1030742,3332583
2021-05-04,"Johnson&Johnson, Moderna, Oxford/AstraZeneca, Pfizer/BioNTech",2368388,1039106,3407494
2021-05-05,"Johnson&Johnson, Moderna, Oxford/AstraZeneca, Pfizer/BioNTech",2441603,1048534,3490137
2021-05-06,"Johnson&Johnson, Moderna, Oxford/AstraZeneca, Pfizer/BioNTech",2522050,1059279,3581329
2021-05-07,"Johnson&Johnson, Moderna, Oxford/AstraZeneca, Pfizer/BioNTech",2599384,1069409,3668793
2021-05-08,"Johnson&Johnson, Moderna, Oxford/AstraZeneca, Pfizer/BioNTech",2628889,1071191,3700080
2021-05-09,"Johnson&Johnson, Moderna, Oxford/AstraZeneca, Pfizer/BioNTech",2653132,1072409,3725541
2021-05-10,"Johnson&Johnson, Moderna, Oxford/AstraZeneca, Pfizer/BioNTech",2725951,1079647,3805598
2021-05-11,"Johnson&Johnson, Moderna, Oxford/AstraZeneca, Pfizer/BioNTech",2802102,1088473,3890575
2021-05-12,"Johnson&Johnson, Moderna, Oxford/AstraZeneca, Pfizer/BioNTech",2882045,1097605,3979650
2021-05-13,"Johnson&Johnson, Moderna, Oxford/AstraZeneca, Pfizer/BioNTech",2966095,1106781,4072876
2021-05-14,"Johnson&Johnson, Moderna, Oxford/AstraZeneca, Pfizer/BioNTech",3045618,1114593,4160211
2021-05-15,"Johnson&Johnson, Moderna, Oxford/AstraZeneca, Pfizer/BioNTech",3077572,1116862,4194434
2021-05-16,"Johnson&Johnson, Moderna, Oxford/AstraZeneca, Pfizer/BioNTech",3103388,1118138,4221526
2021-05-17,"Johnson&Johnson, Moderna, Oxford/AstraZeneca, Pfizer/BioNTech",3175940,1124887,4300827
2021-05-18,"Johnson&Johnson, Moderna, Oxford/AstraZeneca, Pfizer/BioNTech",3247921,1137995,4385916
2021-05-19,"Johnson&Johnson, Moderna, Oxford/AstraZeneca, Pfizer/BioNTech",3325413,1153160,4478573
2021-05-20,"Johnson&Johnson, Moderna, Oxford/AstraZeneca, Pfizer/BioNTech",3400929,1180222,4581151
2021-05-21,"Johnson&Johnson, Moderna, Oxford/AstraZeneca, Pfizer/BioNTech",3469771,1208014,4677785
2021-05-22,"Johnson&Johnson, Moderna, Oxford/AstraZeneca, Pfizer/BioNTech",3502219,1219238,4721457
2021-05-23,"Johnson&Johnson, Moderna, Oxford/AstraZeneca, Pfizer/BioNTech",3524649,1228283,4752932
2021-05-24,"Johnson&Johnson, Moderna, Oxford/AstraZeneca, Pfizer/BioNTech",3571830,1261958,4833788
2021-05-25,"Johnson&Johnson, Moderna, Oxford/AstraZeneca, Pfizer/BioNTech",3623738,1297796,4921534
2021-05-26,"Johnson&Johnson, Moderna, Oxford/AstraZeneca, Pfizer/BioNTech",3691532,1335348,5026880
2021-05-27,"Johnson&Johnson, Moderna, Oxford/AstraZeneca, Pfizer/BioNTech",3752973,1382707,5135680
2021-05-28,"Johnson&Johnson, Moderna, Oxford/AstraZeneca, Pfizer/BioNTech",3814728,1429304,5244032
2021-05-29,"Johnson&Johnson, Moderna, Oxford/AstraZeneca, Pfizer/BioNTech",3843973,1446428,5290401
2021-05-30,"Johnson&Johnson, Moderna, Oxford/AstraZeneca, Pfizer/BioNTech",3866386,1460891,5327277
2021-05-31,"Johnson&Johnson, Moderna, Oxford/AstraZeneca, Pfizer/BioNTech",3922152,1508425,5430577
2021-06-01,"Johnson&Johnson, Moderna, Oxford/AstraZeneca, Pfizer/BioNTech",3981239,1557305,5538544
2021-06-02,"Johnson&Johnson, Moderna, Oxford/AstraZeneca, Pfizer/BioNTech",4044202,1611321,5655523
2021-06-03,"Johnson&Johnson, Moderna, Oxford/AstraZeneca, Pfizer/BioNTech",4102479,1671558,5774037
2021-06-04,"Johnson&Johnson, Moderna, Oxford/AstraZeneca, Pfizer/BioNTech",4165612,1728995,5894607
2021-06-05,"Johnson&Johnson, Moderna, Oxford/AstraZeneca, Pfizer/BioNTech",4199792,1747897,5947689
2021-06-06,"Johnson&Johnson, Moderna, Oxford/AstraZeneca, Pfizer/BioNTech",4226738,1763061,5989799
2021-06-07,"Johnson&Johnson, Moderna, Oxford/AstraZeneca, Pfizer/BioNTech",4290435,1818719,6109154
2021-06-08,"Johnson&Johnson, Moderna, Oxford/AstraZeneca, Pfizer/BioNTech",4354437,1873739,6228176
2021-06-09,"Johnson&Johnson, Moderna, Oxford/AstraZeneca, Pfizer/BioNTech",4413648,1938423,6352071
2021-06-10,"Johnson&Johnson, Moderna, Oxford/AstraZeneca, Pfizer/BioNTech",4467513,2009736,6477249
2021-06-11,"Johnson&Johnson, Moderna, Oxford/AstraZeneca, Pfizer/BioNTech",4519634,2079571,6599205
2021-06-12,"Johnson&Johnson, Moderna, Oxford/AstraZeneca, Pfizer/BioNTech",4551665,2100396,6652061
2021-06-13,"Johnson&Johnson, Moderna, Oxford/AstraZeneca, Pfizer/BioNTech",4575704,2118824,6694528
2021-06-14,"Johnson&Johnson, Moderna, Oxford/AstraZeneca, Pfizer/BioNTech",4618797,2193242,6812039
2021-06-15,"Johnson&Johnson, Moderna, Oxford/AstraZeneca, Pfizer/BioNTech",4663472,2265641,6929113
2021-06-16,"Johnson&Johnson, Moderna, Oxford/AstraZeneca, Pfizer/BioNTech",4706274,2343908,7050182
2021-06-17,"Johnson&Johnson, Moderna, Oxford/AstraZeneca, Pfizer/BioNTech",4745691,2427030,7172721
2021-06-18,"Johnson&Johnson, Moderna, Oxford/AstraZeneca, Pfizer/BioNTech",4788130,2507614,7295744
2021-06-19,"Johnson&Johnson, Moderna, Oxford/AstraZeneca, Pfizer/BioNTech",4809911,2536940,7346851
2021-06-20,"Johnson&Johnson, Moderna, Oxford/AstraZeneca, Pfizer/BioNTech",4827308,2560812,7388120
2021-06-21,"Johnson&Johnson, Moderna, Oxford/AstraZeneca, Pfizer/BioNTech",4859811,2639444,7499255
2021-06-22,"Johnson&Johnson, Moderna, Oxford/AstraZeneca, Pfizer/BioNTech",4892766,2721778,7614544
2021-06-23,"Johnson&Johnson, Moderna, Oxford/AstraZeneca, Pfizer/BioNTech",4924452,2807038,7731490
2021-06-24,"Johnson&Johnson, Moderna, Oxford/AstraZeneca, Pfizer/BioNTech",4954305,2897093,7851398
2021-06-25,"Johnson&Johnson, Moderna, Oxford/AstraZeneca, Pfizer/BioNTech",4985380,2983328,7968708
2021-06-26,"Johnson&Johnson, Moderna, Oxford/AstraZeneca, Pfizer/BioNTech",5001278,3018200,8019478
2021-06-27,"Johnson&Johnson, Moderna, Oxford/AstraZeneca, Pfizer/BioNTech",5015231,3044900,8060131
2021-06-28,"Johnson&Johnson, Moderna, Oxford/AstraZeneca, Pfizer/BioNTech",5043644,3130133,8173777
2021-06-29,"Johnson&Johnson, Moderna, Oxford/AstraZeneca, Pfizer/BioNTech",5072925,3216666,8289591
2021-06-30,"Johnson&Johnson, Moderna, Oxford/AstraZeneca, Pfizer/BioNTech",5100429,3307713,8408142
2021-07-01,"Johnson&Johnson, Moderna, Oxford/AstraZeneca, Pfizer/BioNTech",5124411,3397828,8522239
2021-07-02,"Johnson&Johnson, Moderna, Oxford/AstraZeneca, Pfizer/BioNTech",5151137,3483745,8634882
2021-07-03,"Johnson&Johnson, Moderna, Oxford/AstraZeneca, Pfizer/BioNTech",5158232,3515286,8673518
2021-07-04,"Johnson&Johnson, Moderna, Oxford/AstraZeneca, Pfizer/BioNTech",5165803,3537099,8702902
2021-07-05,"Johnson&Johnson, Moderna, Oxford/AstraZeneca, Pfizer/BioNTech",5173193,3562492,8735685
2021-07-06,"Johnson&Johnson, Moderna, Oxford/AstraZeneca, Pfizer/BioNTech",5178644,3590191,8768835
2021-07-07,"Johnson&Johnson, Moderna, Oxford/AstraZeneca, Pfizer/BioNTech",5204458,3669220,8873678
2021-07-08,"Johnson&Johnson, Moderna, Oxford/AstraZeneca, Pfizer/BioNTech",5231070,3739570,8970640
2021-07-09,"Johnson&Johnson, Moderna, Oxford/AstraZeneca, Pfizer/BioNTech",5259000,3808904,9067904
2021-07-10,"Johnson&Johnson, Moderna, Oxford/AstraZeneca, Pfizer/BioNTech",5268363,3837571,9105934
2021-07-11,"Johnson&Johnson, Moderna, Oxford/AstraZeneca, Pfizer/BioNTech",5276903,3860461,9137364
2021-07-12,"Johnson&Johnson, Moderna, Oxford/AstraZeneca, Pfizer/BioNTech",5304413,3929574,9233987
2021-07-13,"Johnson&Johnson, Moderna, Oxford/AstraZeneca, Pfizer/BioNTech",5330608,3999461,9330069
2021-07-14,"Johnson&Johnson, Moderna, Oxford/AstraZeneca, Pfizer/BioNTech",5356430,4071470,9427900
2021-07-15,"Johnson&Johnson, Moderna, Oxford/AstraZeneca, Pfizer/BioNTech",5385599,4137504,9523103
2021-07-16,"Johnson&Johnson, Moderna, Oxford/AstraZeneca, Pfizer/BioNTech",5413526,4210248,9623774
2021-07-17,"Johnson&Johnson, Moderna, Oxford/AstraZeneca, Pfizer/BioNTech",5422317,4241722,9664039
2021-07-18,"Johnson&Johnson, Moderna, Oxford/AstraZeneca, Pfizer/BioNTech",5430758,4267734,9698492
2021-07-19,"Johnson&Johnson, Moderna, Oxford/AstraZeneca, Pfizer/BioNTech",5454112,4334780,9788892
2021-07-20,"Johnson&Johnson, Moderna, Oxford/AstraZeneca, Pfizer/BioNTech",5475508,4401856,9877364
2021-07-21,"Johnson&Johnson, Moderna, Oxford/AstraZeneca, Pfizer/BioNTech",5498964,4465334,9964298
2021-07-22,"Johnson&Johnson, Moderna, Oxford/AstraZeneca, Pfizer/BioNTech",5521332,4523974,10045306
2021-07-23,"Johnson&Johnson, Moderna, Oxford/AstraZeneca, Pfizer/BioNTech",5544544,4578722,10123266
2021-07-24,"Johnson&Johnson, Moderna, Oxford/AstraZeneca, Pfizer/BioNTech",5551871,4606402,10158273
2021-07-25,"Johnson&Johnson, Moderna, Oxford/AstraZeneca, Pfizer/BioNTech",5558496,4628538,10187034
2021-07-26,"Johnson&Johnson, Moderna, Oxford/AstraZeneca, Pfizer/BioNTech",5582046,4677232,10259278
2021-07-27,"Johnson&Johnson, Moderna, Oxford/AstraZeneca, Pfizer/BioNTech",5604778,4723864,10328642
2021-07-28,"Johnson&Johnson, Moderna, Oxford/AstraZeneca, Pfizer/BioNTech",5626030,4769866,10395896
2021-07-29,"Johnson&Johnson, Moderna, Oxford/AstraZeneca, Pfizer/BioNTech",5647353,4811828,10459181
2021-07-30,"Johnson&Johnson, Moderna, Oxford/AstraZeneca, Pfizer/BioNTech",5670629,4854392,10525021
2021-07-31,"Johnson&Johnson, Moderna, Oxford/AstraZeneca, Pfizer/BioNTech",5679559,4873927,10553486
2021-08-01,"Johnson&Johnson, Moderna, Oxford/AstraZeneca, Pfizer/BioNTech",5686285,4890104,10576389
2021-08-02,"Johnson&Johnson, Moderna, Oxford/AstraZeneca, Pfizer/BioNTech",5704918,4927655,10632573
2021-08-03,"Johnson&Johnson, Moderna, Oxford/AstraZeneca, Pfizer/BioNTech",5722550,4965749,10688299
2021-08-04,"Johnson&Johnson, Moderna, Oxford/AstraZeneca, Pfizer/BioNTech",5738650,5002489,10741139
2021-08-05,"Johnson&Johnson, Moderna, Oxford/AstraZeneca, Pfizer/BioNTech",5754693,5042966,10797659
2021-08-06,"Johnson&Johnson, Moderna, Oxford/AstraZeneca, Pfizer/BioNTech",5771477,5086243,10857720
2021-08-07,"Johnson&Johnson, Moderna, Oxford/AstraZeneca, Pfizer/BioNTech",5777075,5104414,10881489
2021-08-08,"Johnson&Johnson, Moderna, Oxford/AstraZeneca, Pfizer/BioNTech",5781433,5120169,10901602
2021-08-09,"Johnson&Johnson, Moderna, Oxford/AstraZeneca, Pfizer/BioNTech",5794069,5165217,10959286
2021-08-10,"Johnson&Johnson, Moderna, Oxford/AstraZeneca, Pfizer/BioNTech",5805908,5204780,11010688
2021-08-11,"Johnson&Johnson, Moderna, Oxford/AstraZeneca, Pfizer/BioNTech",5817266,5247906,11065172
2021-08-12,"Johnson&Johnson, Moderna, Oxford/AstraZeneca, Pfizer/BioNTech",5828684,5285020,11113704
2021-08-13,"Johnson&Johnson, Moderna, Oxford/AstraZeneca, Pfizer/BioNTech",5839404,5325351,11164755
2021-08-14,"Johnson&Johnson, Moderna, Oxford/AstraZeneca, Pfizer/BioNTech",5842735,5336048,11178783
2021-08-15,"Johnson&Johnson, Moderna, Oxford/AstraZeneca, Pfizer/BioNTech",5845320,5346421,11191741
2021-08-16,"Johnson&Johnson, Moderna, Oxford/AstraZeneca, Pfizer/BioNTech",5855110,5380481,11235591
2021-08-17,"Johnson&Johnson, Moderna, Oxford/AstraZeneca, Pfizer/BioNTech",5864706,5407571,11272277
2021-08-18,"Johnson&Johnson, Moderna, Oxford/AstraZeneca, Pfizer/BioNTech",5874077,5446438,11320515
2021-08-19,"Johnson&Johnson, Moderna, Oxford/AstraZeneca, Pfizer/BioNTech",5883745,5484778,11368523
2021-08-20,"Johnson&Johnson, Moderna, Oxford/AstraZeneca, Pfizer/BioNTech",5895130,5524959,11420089
2021-08-21,"Johnson&Johnson, Moderna, Oxford/AstraZeneca, Pfizer/BioNTech",5897850,5537717,11435567
2021-08-22,"Johnson&Johnson, Moderna, Oxford/AstraZeneca, Pfizer/BioNTech",5900189,5549678,11449867
2021-08-23,"Johnson&Johnson, Moderna, Oxford/AstraZeneca, Pfizer/BioNTech",5910718,5588936,11499654
2021-08-24,"Johnson&Johnson, Moderna, Oxford/AstraZeneca, Pfizer/BioNTech",5920590,5622170,11542760
2021-08-25,"Johnson&Johnson, Moderna, Oxford/AstraZeneca, Pfizer/BioNTech",5929458,5650530,11579988
2021-08-26,"Johnson&Johnson, Moderna, Oxford/AstraZeneca, Pfizer/BioNTech",5937908,5676647,11614555
2021-08-27,"Johnson&Johnson, Moderna, Oxford/AstraZeneca, Pfizer/BioNTech",5948229,5702602,11650831
2021-08-28,"Johnson&Johnson, Moderna, Oxford/AstraZeneca, Pfizer/BioNTech",5950956,5709643,11660599
2021-08-29,"Johnson&Johnson, Moderna, Oxford/AstraZeneca, Pfizer/BioNTech",5953363,5716264,11669627
2021-08-30,"Johnson&Johnson, Moderna, Oxford/AstraZeneca, Pfizer/BioNTech",5961891,5738132,11700023
2021-08-31,"Johnson&Johnson, Moderna, Oxford/AstraZeneca, Pfizer/BioNTech",5969565,5756210,11725775
2021-09-01,"Johnson&Johnson, Moderna, Oxford/AstraZeneca, Pfizer/BioNTech",5975456,5770197,11745653
2021-09-02,"Johnson&Johnson, Moderna, Oxford/AstraZeneca, Pfizer/BioNTech",5982292,5784579,11766871
2021-09-03,"Johnson&Johnson, Moderna, Oxford/AstraZeneca, Pfizer/BioNTech",5991850,5800284,11792134
2021-09-04,"Johnson&Johnson, Moderna, Oxford/AstraZeneca, Pfizer/BioNTech",5993916,5803833,11797749
2021-09-05,"Johnson&Johnson, Moderna, Oxford/AstraZeneca, Pfizer/BioNTech",5995954,5806675,11802629
2021-09-06,"Johnson&Johnson, Moderna, Oxford/AstraZeneca, Pfizer/BioNTech",6002190,5819197,11821387
2021-09-07,"Johnson&Johnson, Moderna, Oxford/AstraZeneca, Pfizer/BioNTech",6006581,5830285,11836866
2021-09-08,"Johnson&Johnson, Moderna, Oxford/AstraZeneca, Pfizer/BioNTech",6012252,5840123,11852375
2021-09-09,"Johnson&Johnson, Moderna, Oxford/AstraZeneca, Pfizer/BioNTech",6018941,5850180,11869121
2021-09-10,"Johnson&Johnson, Moderna, Oxford/AstraZeneca, Pfizer/BioNTech",6026627,5862349,11888976
2021-09-11,"Johnson&Johnson, Moderna, Oxford/AstraZeneca, Pfizer/BioNTech",6028490,5864830,11893320
2021-09-12,"Johnson&Johnson, Moderna, Oxford/AstraZeneca, Pfizer/BioNTech",6029604,5866458,11896062
2021-09-13,"Johnson&Johnson, Moderna, Oxford/AstraZeneca, Pfizer/BioNTech",6035037,5876753,11911790
2021-09-14,"Johnson&Johnson, Moderna, Oxford/AstraZeneca, Pfizer/BioNTech",6040428,5885762,11926190
2021-09-15,"Johnson&Johnson, Moderna, Oxford/AstraZeneca, Pfizer/BioNTech",6045627,5894280,11939907
2021-09-16,"Johnson&Johnson, Moderna, Oxford/AstraZeneca, Pfizer/BioNTech",6050970,5902549,11953519
2021-09-17,"Johnson&Johnson, Moderna, Oxford/AstraZeneca, Pfizer/BioNTech",6057539,5912778,11970317
2021-09-18,"Johnson&Johnson, Moderna, Oxford/AstraZeneca, Pfizer/BioNTech",6059263,5915135,11974398
2021-09-19,"Johnson&Johnson, Moderna, Oxford/AstraZeneca, Pfizer/BioNTech",6060204,5916701,11976905
2021-09-20,"Johnson&Johnson, Moderna, Oxford/AstraZeneca, Pfizer/BioNTech",6064218,5924896,11989114
2021-09-21,"Johnson&Johnson, Moderna, Oxford/AstraZeneca, Pfizer/BioNTech",6068447,5932422,12000869
2021-09-22,"Johnson&Johnson, Moderna, Oxford/AstraZeneca, Pfizer/BioNTech",6072629,5937934,12010563
2021-09-23,"Johnson&Johnson, Moderna, Oxford/AstraZeneca, Pfizer/BioNTech",6077602,5944334,12021936
2021-09-24,"Johnson&Johnson, Moderna, Oxford/AstraZeneca, Pfizer/BioNTech",6083362,5953955,12037317
2021-09-25,"Johnson&Johnson, Moderna, Oxford/AstraZeneca, Pfizer/BioNTech",6084857,5955952,12040809
2021-09-26,"Johnson&Johnson, Moderna, Oxford/AstraZeneca, Pfizer/BioNTech",6085599,5957589,12043188
2021-09-27,"Johnson&Johnson, Moderna, Oxford/AstraZeneca, Pfizer/BioNTech",6089477,5964096,12053573
2021-09-28,"Johnson&Johnson, Moderna, Pfizer/BioNTech",6089839,5964717,12054556
2021-09-29,"Johnson&Johnson, Moderna, Oxford/AstraZeneca, Pfizer/BioNTech",6093614,5972176,12065790
2021-09-30,"Johnson&Johnson, Moderna, Oxford/AstraZeneca, Pfizer/BioNTech",6098114,5979868,12077982
2021-10-01,"Johnson&Johnson, Moderna, Oxford/AstraZeneca, Pfizer/BioNTech",6102409,5987837,12090246
2021-10-02,"Johnson&Johnson, Moderna, Oxford/AstraZeneca, Pfizer/BioNTech",6103470,5989373,12092843
2021-10-03,"Johnson&Johnson, Moderna, Pfizer/BioNTech",6104193,5990239,12094432
2021-10-04,"Johnson&Johnson, Moderna, Oxford/AstraZeneca, Pfizer/BioNTech",6107268,5995808,12103076
2021-10-05,"Johnson&Johnson, Moderna, Oxford/AstraZeneca, Pfizer/BioNTech",6110433,6000886,12111319
2021-10-06,"Johnson&Johnson, Moderna, Oxford/AstraZeneca, Pfizer/BioNTech",6113947,6006054,12120001
2021-10-07,"Johnson&Johnson, Moderna, Oxford/AstraZeneca, Pfizer/BioNTech",6117223,6011306,12128529
2021-10-08,"Johnson&Johnson, Moderna, Oxford/AstraZeneca, Pfizer/BioNTech",6122015,6017940,12139955
2021-10-09,"Johnson&Johnson, Moderna, Oxford/AstraZeneca, Pfizer/BioNTech",6123258,6019592,12142850
2021-10-10,"Johnson&Johnson, Moderna, Oxford/AstraZeneca, Pfizer/BioNTech",6124198,6020421,12144619
2021-10-11,"Johnson&Johnson, Moderna, Oxford/AstraZeneca, Pfizer/BioNTech",6127128,6024831,12151959
2021-10-12,"Johnson&Johnson, Moderna, Oxford/AstraZeneca, Pfizer/BioNTech",6130055,6028831,12158886
2021-10-13,"Johnson&Johnson, Moderna, Oxford/AstraZeneca, Pfizer/BioNTech",6133587,6033011,12166598
2021-10-14,"Johnson&Johnson, Moderna, Oxford/AstraZeneca, Pfizer/BioNTech",6137263,6037958,12175221
2021-10-15,"Johnson&Johnson, Moderna, Oxford/AstraZeneca, Pfizer/BioNTech",6142491,6044100,12186591
2021-10-16,"Johnson&Johnson, Moderna, Oxford/AstraZeneca, Pfizer/BioNTech",6143904,6045621,12189525
2021-10-17,"Johnson&Johnson, Moderna, Pfizer/BioNTech",6145229,6046674,12191903
2021-10-18,"Johnson&Johnson, Moderna, Oxford/AstraZeneca, Pfizer/BioNTech",6149340,6050765,12200105
2021-10-19,"Johnson&Johnson, Moderna, Oxford/AstraZeneca, Pfizer/BioNTech",6152917,6052859,12205776
2021-10-20,"Johnson&Johnson, Moderna, Oxford/AstraZeneca, Pfizer/BioNTech",6157795,6057303,12215098
2021-10-21,"Johnson&Johnson, Moderna, Oxford/AstraZeneca, Pfizer/BioNTech",6165561,6062901,12228462
2021-10-22,"Johnson&Johnson, Moderna, Oxford/AstraZeneca, Pfizer/BioNTech",6176010,6069402,12245412
2021-10-23,"Johnson&Johnson, Moderna, Oxford/AstraZeneca, Pfizer/BioNTech",6179686,6071609,12251295
2021-10-24,"Johnson&Johnson, Moderna, Pfizer/BioNTech",6182369,6073386,12255755
2021-10-25,"Johnson&Johnson, Moderna, Oxford/AstraZeneca, Pfizer/BioNTech",6192861,6079188,12272049
2021-10-26,"Johnson&Johnson, Moderna, Oxford/AstraZeneca, Pfizer/BioNTech",6204849,6085735,12290584
2021-10-27,"Johnson&Johnson, Moderna, Oxford/AstraZeneca, Pfizer/BioNTech",6219451,6093134,12312585
2021-10-28,"Johnson&Johnson, Moderna, Oxford/AstraZeneca, Pfizer/BioNTech",6222867,6094809,12317676
2021-10-29,"Johnson&Johnson, Moderna, Oxford/AstraZeneca, Pfizer/BioNTech",6237289,6102782,12340071
2021-10-30,"Johnson&Johnson, Moderna, Pfizer/BioNTech",6241820,6105703,12347523
2021-10-31,"Johnson&Johnson, Moderna, Oxford/AstraZeneca, Pfizer/BioNTech",6245580,6108173,12353753
2021-11-01,"Johnson&Johnson, Moderna, Oxford/AstraZeneca, Pfizer/BioNTech",6260777,6115854,12376631
2021-11-02,"Johnson&Johnson, Moderna, Oxford/AstraZeneca, Pfizer/BioNTech",6276227,6123404,12399631
2021-11-03,"Johnson&Johnson, Moderna, Oxford/AstraZeneca, Pfizer/BioNTech",6293407,6130698,12424105
2021-11-04,"Johnson&Johnson, Moderna, Oxford/AstraZeneca, Pfizer/BioNTech",6311758,6138867,12450625
2021-11-05,"Johnson&Johnson, Moderna, Oxford/AstraZeneca, Pfizer/BioNTech",6334556,6150135,12484691
2021-11-06,"Johnson&Johnson, Moderna, Pfizer/BioNTech",6341069,6153186,12494255
2021-11-07,"Johnson&Johnson, Moderna, Oxford/AstraZeneca, Pfizer/BioNTech",6345090,6155622,12500712
2021-11-08,"Johnson&Johnson, Moderna, Oxford/AstraZeneca, Pfizer/BioNTech",6361360,6163250,12524610
2021-11-09,"Johnson&Johnson, Moderna, Oxford/AstraZeneca, Pfizer/BioNTech",6376169,6170543,12546712
2021-11-10,"Johnson&Johnson, Moderna, Oxford/AstraZeneca, Pfizer/BioNTech",6391910,6177916,12569826
2021-11-11,"Johnson&Johnson, Moderna, Oxford/AstraZeneca, Pfizer/BioNTech",6407376,6187019,12594395
2021-11-12,"Johnson&Johnson, Moderna, Oxford/AstraZeneca, Pfizer/BioNTech",6427177,6199807,12626984
2021-11-13,"Johnson&Johnson, Moderna, Oxford/AstraZeneca, Pfizer/BioNTech",6432566,6203673,12636239
2021-11-14,"Johnson&Johnson, Moderna, Oxford/AstraZeneca, Pfizer/BioNTech",6436458,6206676,12643134
2021-11-15,"Johnson&Johnson, Moderna, Oxford/AstraZeneca, Pfizer/BioNTech",6451537,6217362,12668899
2021-11-16,"Johnson&Johnson, Moderna, Oxford/AstraZeneca, Pfizer/BioNTech",6469083,6229343,12698426
2021-11-17,"Johnson&Johnson, Moderna, Oxford/AstraZeneca, Pfizer/BioNTech",6473324,6232905,12706229
2021-11-18,"Johnson&Johnson, Moderna, Oxford/AstraZeneca, Pfizer/BioNTech",6492737,6244585,12737322
2021-11-19,"Johnson&Johnson, Moderna, Oxford/AstraZeneca, Pfizer/BioNTech",6517344,6261551,12778895
2021-11-20,"Johnson&Johnson, Moderna, Pfizer/BioNTech",6525915,6266527,12792442
2021-11-21,"Johnson&Johnson, Moderna, Pfizer/BioNTech",6532687,6270297,12802984
2021-11-22,"Johnson&Johnson, Moderna, Oxford/AstraZeneca, Pfizer/BioNTech",6551196,6284404,12835600
2021-11-23,"Johnson&Johnson, Moderna, Oxford/AstraZeneca, Pfizer/BioNTech",6570255,6297660,12867915
2021-11-24,"Johnson&Johnson, Moderna, Oxford/AstraZeneca, Pfizer/BioNTech",6589262,6313495,12902757
2021-11-25,"Johnson&Johnson, Moderna, Oxford/AstraZeneca, Pfizer/BioNTech",6608413,6328518,12936931
2021-11-26,"Johnson&Johnson, Moderna, Oxford/AstraZeneca, Pfizer/BioNTech",6630068,6347650,12977718
2021-11-27,"Johnson&Johnson, Moderna, Pfizer/BioNTech",6637537,6353204,12990741
2021-11-28,"Johnson&Johnson, Moderna, Oxford/AstraZeneca, Pfizer/BioNTech",6640873,6356338,12997211
2021-11-29,"Johnson&Johnson, Moderna, Oxford/AstraZeneca, Pfizer/BioNTech",6656081,6369990,13026071
2021-11-30,"Johnson&Johnson, Moderna, Oxford/AstraZeneca, Pfizer/BioNTech",6669288,6381224,13050512
2021-12-01,"Johnson&Johnson, Moderna, Oxford/AstraZeneca, Pfizer/BioNTech",6683321,6393675,13076996
2021-12-02,"Johnson&Johnson, Moderna, Oxford/AstraZeneca, Pfizer/BioNTech",6693954,6406161,13100115
2021-12-03,"Johnson&Johnson, Moderna, Oxford/AstraZeneca, Pfizer/BioNTech",6703593,6421729,13125322
2021-12-04,"Johnson&Johnson, Moderna, Pfizer/BioNTech",6706152,6425675,13131827
2021-12-05,"Johnson&Johnson, Moderna, Oxford/AstraZeneca, Pfizer/BioNTech",6707509,6428015,13135524
2021-12-06,"Johnson&Johnson, Moderna, Oxford/AstraZeneca, Pfizer/BioNTech",6715670,6439536,13155206
2021-12-07,"Johnson&Johnson, Moderna, Oxford/AstraZeneca, Pfizer/BioNTech",6723554,6451533,13175087
2021-12-08,"Johnson&Johnson, Moderna, Oxford/AstraZeneca, Pfizer/BioNTech",6731799,6457451,13189250
2021-12-09,"Johnson&Johnson, Moderna, Oxford/AstraZeneca, Pfizer/BioNTech",6738915,6470262,13209177
2021-12-10,"Johnson&Johnson, Moderna, Oxford/AstraZeneca, Pfizer/BioNTech",6745817,6488063,13233880
2021-12-11,"Johnson&Johnson, Moderna, Pfizer/BioNTech",6747479,6493332,13240811
2021-12-12,"Johnson&Johnson, Moderna, Pfizer/BioNTech",6748788,6497761,13246549
2021-12-13,"Johnson&Johnson, Moderna, Oxford/AstraZeneca, Pfizer/BioNTech",6755141,6511068,13266209
2021-12-14,"Johnson&Johnson, Moderna, Oxford/AstraZeneca, Pfizer/BioNTech",6761360,6524730,13286090
2021-12-15,"Johnson&Johnson, Moderna, Oxford/AstraZeneca, Pfizer/BioNTech",6767551,6538331,13305882
2021-12-16,"Johnson&Johnson, Moderna, Oxford/AstraZeneca, Pfizer/BioNTech",6774476,6553162,13327638
2021-12-17,"Johnson&Johnson, Moderna, Oxford/AstraZeneca, Pfizer/BioNTech",6782833,6570414,13353247
2021-12-18,"Johnson&Johnson, Moderna, Oxford/AstraZeneca, Pfizer/BioNTech",6785437,6575860,13361297
2021-12-19,"Johnson&Johnson, Moderna, Pfizer/BioNTech",6787206,6578363,13365569
2021-12-20,"Johnson&Johnson, Moderna, Oxford/AstraZeneca, Pfizer/BioNTech",6793000,6592415,13385415
2021-12-21,"Johnson&Johnson, Moderna, Oxford/AstraZeneca, Pfizer/BioNTech",6799660,6604397,13404057
2021-12-22,"Johnson&Johnson, Moderna, Oxford/AstraZeneca, Pfizer/BioNTech",6804705,6617436,13422141
2021-12-23,"Johnson&Johnson, Moderna, Oxford/AstraZeneca, Pfizer/BioNTech",6807563,6623034,13430597
2021-12-24,"Johnson&Johnson, Moderna, Oxford/AstraZeneca, Pfizer/BioNTech",6807605,6623135,13430740
2021-12-25,"Moderna, Pfizer/BioNTech",6807605,6623142,13430747
2021-12-26,"Moderna, Pfizer/BioNTech",6807703,6623340,13431043
2021-12-27,"Johnson&Johnson, Moderna, Pfizer/BioNTech",6811529,6633072,13444601
2021-12-28,"Johnson&Johnson, Moderna, Pfizer/BioNTech",6816758,6641029,13457787
2021-12-29,"Johnson&Johnson, Moderna, Oxford/AstraZeneca, Pfizer/BioNTech",6821027,6648734,13469761
2021-12-30,"Johnson&Johnson, Moderna, Pfizer/BioNTech",6825310,6654155,13479465
2021-12-31,"Johnson&Johnson, Moderna, Pfizer/BioNTech",6825815,6655570,13481385
2022-01-01,"Johnson&Johnson, Moderna, Pfizer/BioNTech",6825817,6655588,13481405
2022-01-02,"Johnson&Johnson, Moderna, Pfizer/BioNTech",6826664,6656968,13483632
2022-01-03,"Johnson&Johnson, Moderna, Oxford/AstraZeneca, Pfizer/BioNTech",6830651,6665858,13496509
2022-01-04,"Johnson&Johnson, Moderna, Oxford/AstraZeneca, Pfizer/BioNTech",6835731,6673620,13509351
2022-01-05,"Johnson&Johnson, Moderna, Oxford/AstraZeneca, Pfizer/BioNTech",6841509,6681572,13523081
2022-01-06,"Johnson&Johnson, Moderna, Oxford/AstraZeneca, Pfizer/BioNTech",6848061,6689982,13538043
2022-01-07,"Johnson&Johnson, Moderna, Oxford/AstraZeneca, Pfizer/BioNTech",6855890,6700303,13556193
2022-01-08,"Johnson&Johnson, Moderna, Oxford/AstraZeneca, Pfizer/BioNTech",6858363,6703082,13561445
2022-01-09,"Johnson&Johnson, Moderna, Pfizer/BioNTech",6859448,6704783,13564231
2022-01-10,"Johnson&Johnson, Moderna, Oxford/AstraZeneca, Pfizer/BioNTech",6863879,6710896,13574775
2022-01-11,"Johnson&Johnson, Moderna, Oxford/AstraZeneca, Pfizer/BioNTech",6869231,6717628,13586859
2022-01-12,"Johnson&Johnson, Moderna, Oxford/AstraZeneca, Pfizer/BioNTech",6875155,6723237,13598392
2022-01-13,"Johnson&Johnson, Moderna, Oxford/AstraZeneca, Pfizer/BioNTech",6881016,6727980,13608996
2022-01-14,"Johnson&Johnson, Moderna, Oxford/AstraZeneca, Pfizer/BioNTech",6887242,6731596,13618838
2022-01-15,"Johnson&Johnson, Moderna, Oxford/AstraZeneca, Pfizer/BioNTech",6888517,6732248,13620765
2022-01-16,"Johnson&Johnson, Moderna, Oxford/AstraZeneca, Pfizer/BioNTech",6889201,6732679,13621880
2022-01-17,"Johnson&Johnson, Moderna, Oxford/AstraZeneca, Pfizer/BioNTech",6892676,6736611,13629287
2022-01-18,"Johnson&Johnson, Moderna, Oxford/AstraZeneca, Pfizer/BioNTech",6896529,6741527,13638056
2022-01-19,"Johnson&Johnson, Moderna, Oxford/AstraZeneca, Pfizer/BioNTech",6900529,6745435,13645964
2022-01-20,"Johnson&Johnson, Moderna, Oxford/AstraZeneca, Pfizer/BioNTech",6904066,6749805,13653871
2022-01-21,"Johnson&Johnson, Moderna, Oxford/AstraZeneca, Pfizer/BioNTech",6907951,6752238,13660189
2022-01-22,"Johnson&Johnson, Moderna, Oxford/AstraZeneca, Pfizer/BioNTech",6908729,6752673,13661402
2022-01-23,"Johnson&Johnson, Moderna, Pfizer/BioNTech",6909268,6753272,13662540
